sentence_good,sentence_bad,field,linguistics_term,UID,simple_LM_method,one_prefix_method,two_prefix_method,lexically_identical,pair_id,good_prob,bad_prob,correct
Eric imagines himself taking every rug.,Eric imagines himself took every rug.,syntax/semantics,binding,principle_A_case_2,True,True,False,False,0,-55.88783264160156,-55.8990478515625,1
Stacy imagines herself praising this actress.,Stacy imagines herself praises this actress.,syntax/semantics,binding,principle_A_case_2,True,True,False,False,1,-67.8489761352539,-70.54710388183594,1
All pedestrians think about themselves exploring museums.,All pedestrians think about themselves explored museums.,syntax/semantics,binding,principle_A_case_2,True,True,False,False,2,-59.240997314453125,-59.66333770751953,1
Cheryl is forgetting about herself thinking about Beverly.,Cheryl is forgetting about herself thought about Beverly.,syntax/semantics,binding,principle_A_case_2,True,True,False,False,3,-71.38662719726562,-74.92548370361328,1
Some guests imagine themselves exploring a library.,Some guests imagine themselves explored a library.,syntax/semantics,binding,principle_A_case_2,True,True,False,False,4,-53.238487243652344,-53.8088493347168,1
Tonya is thinking about herself listening to Andrew.,Tonya is thinking about herself listened to Andrew.,syntax/semantics,binding,principle_A_case_2,True,True,False,False,5,-53.091529846191406,-54.83173751831055,1
Christina hasn't thought about herself noticing Sheila.,Christina hasn't thought about herself notices Sheila.,syntax/semantics,binding,principle_A_case_2,True,True,False,False,6,-61.567264556884766,-63.300228118896484,1
Ann wouldn't forget about herself passing banks.,Ann wouldn't forget about herself passed banks.,syntax/semantics,binding,principle_A_case_2,True,True,False,False,7,-49.115840911865234,-48.982444763183594,0
These patients think about themselves concealing that girl.,These patients think about themselves concealed that girl.,syntax/semantics,binding,principle_A_case_2,True,True,False,False,8,-66.24739837646484,-56.551517486572266,0
That association is forgetting about itself impressing Renee.,That association is forgetting about itself impresses Renee.,syntax/semantics,binding,principle_A_case_2,True,True,False,False,9,-79.24630737304688,-81.44355773925781,1
Some teachers imagine themselves bringing many carriages.,Some teachers imagine themselves brought many carriages.,syntax/semantics,binding,principle_A_case_2,True,True,False,False,10,-61.40425109863281,-59.88958740234375,0
Stacy won't imagine herself biking to all malls.,Stacy won't imagine herself biked to all malls.,syntax/semantics,binding,principle_A_case_2,True,True,False,False,11,-76.04257202148438,-79.61468505859375,1
Most men forget about themselves climbing down the ladder.,Most men forget about themselves climb down the ladder.,syntax/semantics,binding,principle_A_case_2,True,True,False,False,12,-53.84607696533203,-53.563201904296875,0
Paula hasn't forgotten about herself complaining about Deborah.,Paula hasn't forgotten about herself complained about Deborah.,syntax/semantics,binding,principle_A_case_2,True,True,False,False,13,-65.29985046386719,-66.03642272949219,1
Steven doesn't think about himself listening to Theresa.,Steven doesn't think about himself listened to Theresa.,syntax/semantics,binding,principle_A_case_2,True,True,False,False,14,-51.193729400634766,-52.62041473388672,1
The schools think about themselves irritating Paula.,The schools think about themselves irritated Paula.,syntax/semantics,binding,principle_A_case_2,True,True,False,False,15,-55.39021682739258,-55.688804626464844,1
Gregory had forgotten about himself talking to Elaine.,Gregory had forgotten about himself talked to Elaine.,syntax/semantics,binding,principle_A_case_2,True,True,False,False,16,-54.284385681152344,-56.10380554199219,1
Kevin wasn't forgetting about himself breaking a lot of unicycles.,Kevin wasn't forgetting about himself breaks a lot of unicycles.,syntax/semantics,binding,principle_A_case_2,True,True,False,False,17,-80.40003967285156,-80.95103454589844,1
Scott would imagine himself dropping by some schools.,Scott would imagine himself dropped by some schools.,syntax/semantics,binding,principle_A_case_2,True,True,False,False,18,-54.950286865234375,-51.93447494506836,0
Guests think about themselves praising Todd.,Guests think about themselves praise Todd.,syntax/semantics,binding,principle_A_case_2,True,True,False,False,19,-56.929786682128906,-57.587310791015625,1
Jane imagines herself exiting a school.,Jane imagines herself exits a school.,syntax/semantics,binding,principle_A_case_2,True,True,False,False,20,-56.83885955810547,-57.569358825683594,1
Brett had imagined himself listening to Jeffrey.,Brett had imagined himself listened to Jeffrey.,syntax/semantics,binding,principle_A_case_2,True,True,False,False,21,-59.89712142944336,-60.65459442138672,1
Organizations think about themselves talking to Nancy.,Organizations think about themselves talked to Nancy.,syntax/semantics,binding,principle_A_case_2,True,True,False,False,22,-54.6690673828125,-56.644920349121094,1
Theodore wasn't imagining himself observing the customers.,Theodore wasn't imagining himself observes the customers.,syntax/semantics,binding,principle_A_case_2,True,True,False,False,23,-66.31852722167969,-68.72787475585938,1
Dawn will think about herself curing George.,Dawn will think about herself cured George.,syntax/semantics,binding,principle_A_case_2,True,True,False,False,24,-61.27964782714844,-59.42595672607422,0
Bethany was forgetting about herself questioning Rachelle.,Bethany was forgetting about herself questioned Rachelle.,syntax/semantics,binding,principle_A_case_2,True,True,False,False,25,-80.40895080566406,-78.77178955078125,0
Dancers hadn't forgotten about themselves appreciating a public park.,Dancers hadn't forgotten about themselves appreciated a public park.,syntax/semantics,binding,principle_A_case_2,True,True,False,False,26,-81.67510223388672,-76.57505798339844,0
The men forget about themselves taking all hats.,The men forget about themselves took all hats.,syntax/semantics,binding,principle_A_case_2,True,True,False,False,27,-55.89418029785156,-54.138946533203125,0
Steven thinks about himself thinking about this college campus.,Steven thinks about himself thought about this college campus.,syntax/semantics,binding,principle_A_case_2,True,True,False,False,28,-56.4685173034668,-59.75239944458008,1
Becca is forgetting about herself biking to that high school.,Becca is forgetting about herself biked to that high school.,syntax/semantics,binding,principle_A_case_2,True,True,False,False,29,-75.30470275878906,-79.32875061035156,1
Omar thought about himself working with Sheila.,Omar thought about himself worked with Sheila.,syntax/semantics,binding,principle_A_case_2,True,True,False,False,30,-57.078468322753906,-57.86299133300781,1
Irene might imagine herself hugging Lissa.,Irene might imagine herself hugs Lissa.,syntax/semantics,binding,principle_A_case_2,True,True,False,False,31,-66.33755493164062,-66.58287048339844,1
Jacqueline forgot about herself fleeing from these waitresses.,Jacqueline forgot about herself flees from these waitresses.,syntax/semantics,binding,principle_A_case_2,True,True,False,False,32,-88.46916198730469,-93.31619262695312,1
Jerry wasn't thinking about himself returning to Leslie.,Jerry wasn't thinking about himself returned to Leslie.,syntax/semantics,binding,principle_A_case_2,True,True,False,False,33,-50.33484649658203,-47.85218811035156,0
Brett forgot about himself working with Jesus.,Brett forgot about himself worked with Jesus.,syntax/semantics,binding,principle_A_case_2,True,True,False,False,34,-57.83577346801758,-58.91142654418945,1
Dennis hasn't forgotten about himself scaring Paula.,Dennis hasn't forgotten about himself scared Paula.,syntax/semantics,binding,principle_A_case_2,True,True,False,False,35,-69.05252838134766,-64.46971130371094,0
Joseph thought about himself researching an essay.,Joseph thought about himself researches an essay.,syntax/semantics,binding,principle_A_case_2,True,True,False,False,36,-50.66185760498047,-57.669654846191406,1
Frank thought about himself talking to Michelle.,Frank thought about himself talked to Michelle.,syntax/semantics,binding,principle_A_case_2,True,True,False,False,37,-43.371192932128906,-44.56376647949219,1
Amanda forgets about herself hurting Ruth.,Amanda forgets about herself hurt Ruth.,syntax/semantics,binding,principle_A_case_2,True,True,False,False,38,-58.61211395263672,-58.2792854309082,0
Robert imagines himself visiting Joel.,Robert imagines himself visited Joel.,syntax/semantics,binding,principle_A_case_2,True,True,False,False,39,-52.96124267578125,-52.37887191772461,0
Todd shouldn't imagine himself helping William.,Todd shouldn't imagine himself helps William.,syntax/semantics,binding,principle_A_case_2,True,True,False,False,40,-47.642398834228516,-48.79169464111328,1
Victoria hadn't imagined herself discussing Lori.,Victoria hadn't imagined herself discussed Lori.,syntax/semantics,binding,principle_A_case_2,True,True,False,False,41,-59.52118682861328,-60.71174240112305,1
Some governments think about themselves admiring some bread.,Some governments think about themselves admired some bread.,syntax/semantics,binding,principle_A_case_2,True,True,False,False,42,-61.25175476074219,-56.09261703491211,0
The Clintons think about themselves disagreeing with Alicia.,The Clintons think about themselves disagree with Alicia.,syntax/semantics,binding,principle_A_case_2,True,True,False,False,43,-70.74113464355469,-66.98474884033203,0
Gerald imagines himself cleaning this painting.,Gerald imagines himself cleaned this painting.,syntax/semantics,binding,principle_A_case_2,True,True,False,False,44,-67.78978729248047,-68.97172546386719,1
Liam forgot about himself thinking about Rose.,Liam forgot about himself thinks about Rose.,syntax/semantics,binding,principle_A_case_2,True,True,False,False,45,-55.774986267089844,-59.92562484741211,1
Raymond did imagine himself distracting Gina.,Raymond did imagine himself distracted Gina.,syntax/semantics,binding,principle_A_case_2,True,True,False,False,46,-58.50802230834961,-56.43437957763672,0
Kendra won't think about herself disturbing Colleen.,Kendra won't think about herself disturbs Colleen.,syntax/semantics,binding,principle_A_case_2,True,True,False,False,47,-71.79414367675781,-79.80064392089844,1
Regina imagined herself breaking a lot of forks.,Regina imagined herself broke a lot of forks.,syntax/semantics,binding,principle_A_case_2,True,True,False,False,48,-61.160560607910156,-59.47919845581055,0
Some children imagine themselves bringing a lot of dogs.,Some children imagine themselves brought a lot of dogs.,syntax/semantics,binding,principle_A_case_2,True,True,False,False,49,-52.193214416503906,-50.456199645996094,0
Janet hasn't thought about herself boycotting Harvard University.,Janet hasn't thought about herself boycotted Harvard University.,syntax/semantics,binding,principle_A_case_2,True,True,False,False,50,-78.89315032958984,-90.19688415527344,1
Maria would forget about herself boycotting that committee.,Maria would forget about herself boycotts that committee.,syntax/semantics,binding,principle_A_case_2,True,True,False,False,51,-63.06186294555664,-64.43486022949219,1
Bethany wasn't forgetting about herself insulting Kevin.,Bethany wasn't forgetting about herself insulted Kevin.,syntax/semantics,binding,principle_A_case_2,True,True,False,False,52,-81.13720703125,-79.71237182617188,0
Most drivers think about themselves scanning the movie.,Most drivers think about themselves scanned the movie.,syntax/semantics,binding,principle_A_case_2,True,True,False,False,53,-53.17656326293945,-53.949005126953125,1
Adults forget about themselves distracting Dawn.,Adults forget about themselves distract Dawn.,syntax/semantics,binding,principle_A_case_2,True,True,False,False,54,-56.88547897338867,-56.003196716308594,0
Florence should think about herself irritating Sharon.,Florence should think about herself irritated Sharon.,syntax/semantics,binding,principle_A_case_2,True,True,False,False,55,-68.28551483154297,-66.19483947753906,0
Karla imagined herself returning to Michael.,Karla imagined herself returns to Michael.,syntax/semantics,binding,principle_A_case_2,True,True,False,False,56,-53.88254928588867,-53.9537239074707,1
Eric thought about himself examining some commentaries.,Eric thought about himself examines some commentaries.,syntax/semantics,binding,principle_A_case_2,True,True,False,False,57,-59.734649658203125,-61.633140563964844,1
Amy wasn't thinking about herself listening to Marcus.,Amy wasn't thinking about herself listened to Marcus.,syntax/semantics,binding,principle_A_case_2,True,True,False,False,58,-51.32342529296875,-52.21411895751953,1
Some people can imagine themselves referencing a lot of teachers.,Some people can imagine themselves referenced a lot of teachers.,syntax/semantics,binding,principle_A_case_2,True,True,False,False,59,-54.74259567260742,-55.47216796875,1
Nina might forget about herself bringing those public parks.,Nina might forget about herself brought those public parks.,syntax/semantics,binding,principle_A_case_2,True,True,False,False,60,-69.19085693359375,-67.90057373046875,0
Sandra couldn't imagine herself researching every commentary.,Sandra couldn't imagine herself researches every commentary.,syntax/semantics,binding,principle_A_case_2,True,True,False,False,61,-69.35955047607422,-75.98844909667969,1
Leslie shouldn't forget about herself exiting many glaciers.,Leslie shouldn't forget about herself exits many glaciers.,syntax/semantics,binding,principle_A_case_2,True,True,False,False,62,-70.47360229492188,-71.68467712402344,1
Todd has thought about himself dropping by that hill.,Todd has thought about himself dropped by that hill.,syntax/semantics,binding,principle_A_case_2,True,True,False,False,63,-57.88159942626953,-55.22511291503906,0
Those pedestrians shouldn't forget about themselves boasting about Melissa.,Those pedestrians shouldn't forget about themselves boast about Melissa.,syntax/semantics,binding,principle_A_case_2,True,True,False,False,64,-69.15528869628906,-67.63958740234375,0
Dawn imagined herself working with all men.,Dawn imagined herself works with all men.,syntax/semantics,binding,principle_A_case_2,True,True,False,False,65,-54.042076110839844,-56.40324020385742,1
The women think about themselves annoying these men.,The women think about themselves annoyed these men.,syntax/semantics,binding,principle_A_case_2,True,True,False,False,66,-52.99378967285156,-51.91954803466797,0
Gary wasn't imagining himself praising Marcus.,Gary wasn't imagining himself praised Marcus.,syntax/semantics,binding,principle_A_case_2,True,True,False,False,67,-53.994964599609375,-53.98003387451172,0
Stephanie imagines herself disturbing some libraries.,Stephanie imagines herself disturbs some libraries.,syntax/semantics,binding,principle_A_case_2,True,True,False,False,68,-76.08087158203125,-86.4649658203125,1
Some company had forgotten about itself impressing Kirsten.,Some company had forgotten about itself impressed Kirsten.,syntax/semantics,binding,principle_A_case_2,True,True,False,False,69,-69.56304168701172,-62.99152755737305,0
Frank thinks about himself researching a lot of plays.,Frank thinks about himself researches a lot of plays.,syntax/semantics,binding,principle_A_case_2,True,True,False,False,70,-55.7061767578125,-63.076332092285156,1
Raymond forgot about himself looking like all pictures.,Raymond forgot about himself looked like all pictures.,syntax/semantics,binding,principle_A_case_2,True,True,False,False,71,-58.96038055419922,-60.08366394042969,1
All children hadn't thought about themselves bringing the peppers.,All children hadn't thought about themselves brought the peppers.,syntax/semantics,binding,principle_A_case_2,True,True,False,False,72,-66.16260528564453,-64.6732177734375,0
Allison thought about herself healing Jacqueline.,Allison thought about herself healed Jacqueline.,syntax/semantics,binding,principle_A_case_2,True,True,False,False,73,-66.61761474609375,-66.40289306640625,0
Amelia thinks about herself breaking that car.,Amelia thinks about herself broke that car.,syntax/semantics,binding,principle_A_case_2,True,True,False,False,74,-55.18843078613281,-53.194297790527344,0
Elizabeth wasn't thinking about herself climbing down these steps.,Elizabeth wasn't thinking about herself climbed down these steps.,syntax/semantics,binding,principle_A_case_2,True,True,False,False,75,-56.48735046386719,-56.719947814941406,1
Some hospitals think about themselves talking about Joseph.,Some hospitals think about themselves talk about Joseph.,syntax/semantics,binding,principle_A_case_2,True,True,False,False,76,-52.1324462890625,-52.48479461669922,1
Cynthia thought about herself boring all men.,Cynthia thought about herself bored all men.,syntax/semantics,binding,principle_A_case_2,True,True,False,False,77,-71.20042419433594,-70.29998016357422,0
This dancer imagines herself attacking Todd.,This dancer imagines herself attacks Todd.,syntax/semantics,binding,principle_A_case_2,True,True,False,False,78,-65.32608032226562,-67.40634155273438,1
Connie isn't thinking about herself examining this story.,Connie isn't thinking about herself examines this story.,syntax/semantics,binding,principle_A_case_2,True,True,False,False,79,-60.328731536865234,-61.5550651550293,1
Veronica forgot about herself insulting a lot of guys.,Veronica forgot about herself insults a lot of guys.,syntax/semantics,binding,principle_A_case_2,True,True,False,False,80,-71.54640197753906,-70.78456115722656,0
Liam won't imagine himself wearing a dress.,Liam won't imagine himself wore a dress.,syntax/semantics,binding,principle_A_case_2,True,True,False,False,81,-54.85186767578125,-57.18324279785156,1
David thinks about himself questioning Amelia.,David thinks about himself questions Amelia.,syntax/semantics,binding,principle_A_case_2,True,True,False,False,82,-48.79911804199219,-47.96405029296875,0
Senators think about themselves shocking every guy.,Senators think about themselves shocked every guy.,syntax/semantics,binding,principle_A_case_2,True,True,False,False,83,-60.09513854980469,-59.133567810058594,0
Those waitresses forget about themselves shocking many universities.,Those waitresses forget about themselves shock many universities.,syntax/semantics,binding,principle_A_case_2,True,True,False,False,84,-75.93963623046875,-77.36943054199219,1
Jennifer thought about herself visiting those people.,Jennifer thought about herself visited those people.,syntax/semantics,binding,principle_A_case_2,True,True,False,False,85,-45.84370803833008,-46.15370559692383,1
Larry hasn't thought about himself healing Melissa.,Larry hasn't thought about himself healed Melissa.,syntax/semantics,binding,principle_A_case_2,True,True,False,False,86,-57.721248626708984,-55.84928512573242,0
Kristin would think about herself climbing down all stairs.,Kristin would think about herself climbed down all stairs.,syntax/semantics,binding,principle_A_case_2,True,True,False,False,87,-58.75410461425781,-59.749473571777344,1
Matt thought about himself boycotting that grocery store.,Matt thought about himself boycotted that grocery store.,syntax/semantics,binding,principle_A_case_2,True,True,False,False,88,-64.44110870361328,-75.6607666015625,1
Roger thinks about himself observing Rodney.,Roger thinks about himself observed Rodney.,syntax/semantics,binding,principle_A_case_2,True,True,False,False,89,-47.47381591796875,-44.57762145996094,0
Lawrence thinks about himself talking about Craig.,Lawrence thinks about himself talked about Craig.,syntax/semantics,binding,principle_A_case_2,True,True,False,False,90,-52.11383056640625,-55.60992431640625,1
Most doctors forget about themselves impressing all children.,Most doctors forget about themselves impressed all children.,syntax/semantics,binding,principle_A_case_2,True,True,False,False,91,-64.33610534667969,-57.10039520263672,0
Benjamin thought about himself hiring Patricia.,Benjamin thought about himself hired Patricia.,syntax/semantics,binding,principle_A_case_2,True,True,False,False,92,-57.62456512451172,-54.11576843261719,0
Theresa imagined herself alarming Gary.,Theresa imagined herself alarmed Gary.,syntax/semantics,binding,principle_A_case_2,True,True,False,False,93,-60.88254928588867,-58.10300827026367,0
Jennifer forgets about herself exploring many museums.,Jennifer forgets about herself explores many museums.,syntax/semantics,binding,principle_A_case_2,True,True,False,False,94,-59.23122024536133,-60.401641845703125,1
Nicole thought about herself hiding Sally.,Nicole thought about herself hides Sally.,syntax/semantics,binding,principle_A_case_2,True,True,False,False,95,-52.737796783447266,-55.324615478515625,1
The actors had thought about themselves ascending this mountain.,The actors had thought about themselves ascend this mountain.,syntax/semantics,binding,principle_A_case_2,True,True,False,False,96,-63.16926956176758,-64.57518768310547,1
Eric was thinking about himself boasting about David.,Eric was thinking about himself boasted about David.,syntax/semantics,binding,principle_A_case_2,True,True,False,False,97,-48.533714294433594,-47.66321563720703,0
The companies forget about themselves hiring Becca.,The companies forget about themselves hired Becca.,syntax/semantics,binding,principle_A_case_2,True,True,False,False,98,-64.26615905761719,-61.750648498535156,0
Bradley has thought about himself hugging Emily.,Bradley has thought about himself hugged Emily.,syntax/semantics,binding,principle_A_case_2,True,True,False,False,99,-55.15571975708008,-55.846885681152344,1
Vincent can think about himself talking about Diana.,Vincent can think about himself talked about Diana.,syntax/semantics,binding,principle_A_case_2,True,True,False,False,100,-55.839820861816406,-58.729713439941406,1
That university isn't thinking about itself astounding some company.,That university isn't thinking about itself astounded some company.,syntax/semantics,binding,principle_A_case_2,True,True,False,False,101,-70.97845458984375,-72.35771179199219,1
Lucille can't forget about herself describing Joseph.,Lucille can't forget about herself described Joseph.,syntax/semantics,binding,principle_A_case_2,True,True,False,False,102,-62.213645935058594,-62.656002044677734,1
A lot of customers think about themselves approaching Timothy.,A lot of customers think about themselves approached Timothy.,syntax/semantics,binding,principle_A_case_2,True,True,False,False,103,-65.57573699951172,-65.60324096679688,1
The doctors thought about themselves upsetting Margaret.,The doctors thought about themselves upset Margaret.,syntax/semantics,binding,principle_A_case_2,True,True,False,False,104,-54.454734802246094,-52.16603469848633,0
Mark hadn't forgotten about himself skated around some high school.,Mark hadn't forgotten about himself skated around some high school.,syntax/semantics,binding,principle_A_case_2,True,True,False,False,105,-74.06708526611328,-74.06708526611328,0
This lady thinks about herself lifting some door.,This lady thinks about herself lifted some door.,syntax/semantics,binding,principle_A_case_2,True,True,False,False,106,-53.94337844848633,-52.446720123291016,0
Rhonda forgets about herself dropping by Harvard University.,Rhonda forgets about herself dropped by Harvard University.,syntax/semantics,binding,principle_A_case_2,True,True,False,False,107,-73.87887573242188,-71.9625015258789,0
All ladies think about themselves working with Sherry.,All ladies think about themselves worked with Sherry.,syntax/semantics,binding,principle_A_case_2,True,True,False,False,108,-60.74011993408203,-61.462860107421875,1
David thought about himself observing many boys.,David thought about himself observes many boys.,syntax/semantics,binding,principle_A_case_2,True,True,False,False,109,-49.04703903198242,-50.89849853515625,1
The Lutherans think about themselves talking to the Clintons.,The Lutherans think about themselves talked to the Clintons.,syntax/semantics,binding,principle_A_case_2,True,True,False,False,110,-70.28450012207031,-72.42269897460938,1
Lissa was thinking about herself boring Bruce.,Lissa was thinking about herself bored Bruce.,syntax/semantics,binding,principle_A_case_2,True,True,False,False,111,-53.31296920776367,-53.81092071533203,1
Erin forgets about herself visiting Vanessa.,Erin forgets about herself visited Vanessa.,syntax/semantics,binding,principle_A_case_2,True,True,False,False,112,-63.7986946105957,-64.181640625,1
David imagined himself insulting Melanie.,David imagined himself insults Melanie.,syntax/semantics,binding,principle_A_case_2,True,True,False,False,113,-46.155433654785156,-47.670249938964844,1
Rachel had forgotten about herself working with Walter.,Rachel had forgotten about herself works with Walter.,syntax/semantics,binding,principle_A_case_2,True,True,False,False,114,-46.680152893066406,-50.31871032714844,1
This boy forgot about himself approaching the actress.,This boy forgot about himself approached the actress.,syntax/semantics,binding,principle_A_case_2,True,True,False,False,115,-50.64200210571289,-51.11986541748047,1
Todd thinks about himself approaching Travis.,Todd thinks about himself approached Travis.,syntax/semantics,binding,principle_A_case_2,True,True,False,False,116,-46.126914978027344,-46.7159423828125,1
Valerie forgets about herself kissing Ronald.,Valerie forgets about herself kisses Ronald.,syntax/semantics,binding,principle_A_case_2,True,True,False,False,117,-65.77902221679688,-66.49267578125,1
Ella wasn't thinking about herself biking to all banks.,Ella wasn't thinking about herself bikes to all banks.,syntax/semantics,binding,principle_A_case_2,True,True,False,False,118,-75.98051452636719,-74.79934692382812,0
Russell can think about himself walking through the art galleries.,Russell can think about himself walked through the art galleries.,syntax/semantics,binding,principle_A_case_2,True,True,False,False,119,-60.702064514160156,-60.83668518066406,1
Janet hasn't forgotten about herself working with a lot of girls.,Janet hasn't forgotten about herself worked with a lot of girls.,syntax/semantics,binding,principle_A_case_2,True,True,False,False,120,-63.74967956542969,-66.14205932617188,1
Russell has thought about himself arriving at the museum.,Russell has thought about himself arrives at the museum.,syntax/semantics,binding,principle_A_case_2,True,True,False,False,121,-48.44348907470703,-50.430633544921875,1
Kenneth thinks about himself scaring the university.,Kenneth thinks about himself scared the university.,syntax/semantics,binding,principle_A_case_2,True,True,False,False,122,-61.598419189453125,-58.10739517211914,0
Natalie forgets about herself scaring Victoria.,Natalie forgets about herself scares Victoria.,syntax/semantics,binding,principle_A_case_2,True,True,False,False,123,-66.35906982421875,-63.128231048583984,0
Some doctors think about themselves bringing some bicycle.,Some doctors think about themselves brought some bicycle.,syntax/semantics,binding,principle_A_case_2,True,True,False,False,124,-54.904136657714844,-52.99769973754883,0
Carmen was imagining herself praising Brian.,Carmen was imagining herself praises Brian.,syntax/semantics,binding,principle_A_case_2,True,True,False,False,125,-63.47959899902344,-68.3824234008789,1
Thomas will imagine himself hurting Kayla.,Thomas will imagine himself hurt Kayla.,syntax/semantics,binding,principle_A_case_2,True,True,False,False,126,-53.130332946777344,-52.06180953979492,0
Travis wouldn't forget about himself distracting Margaret.,Travis wouldn't forget about himself distracted Margaret.,syntax/semantics,binding,principle_A_case_2,True,True,False,False,127,-61.76304244995117,-59.232086181640625,0
Cindy isn't forgetting about herself boasting about Tamara.,Cindy isn't forgetting about herself boasts about Tamara.,syntax/semantics,binding,principle_A_case_2,True,True,False,False,128,-81.48583984375,-83.14266967773438,1
Some guys think about themselves escaping from a waitress.,Some guys think about themselves escape from a waitress.,syntax/semantics,binding,principle_A_case_2,True,True,False,False,129,-54.810401916503906,-53.01706314086914,0
Holly thinks about herself finding that glove.,Holly thinks about herself found that glove.,syntax/semantics,binding,principle_A_case_2,True,True,False,False,130,-57.742671966552734,-57.131195068359375,0
These doctors could think about themselves thinking about Valerie.,These doctors could think about themselves thought about Valerie.,syntax/semantics,binding,principle_A_case_2,True,True,False,False,131,-59.60862350463867,-61.698081970214844,1
Drivers forgot about themselves cleaning that shoe.,Drivers forgot about themselves clean that shoe.,syntax/semantics,binding,principle_A_case_2,True,True,False,False,132,-60.84916687011719,-59.91170120239258,0
Most guys think about themselves referencing these students.,Most guys think about themselves referenced these students.,syntax/semantics,binding,principle_A_case_2,True,True,False,False,133,-53.620521545410156,-53.77533721923828,1
Nicole imagined herself confusing a lot of dancers.,Nicole imagined herself confused a lot of dancers.,syntax/semantics,binding,principle_A_case_2,True,True,False,False,134,-66.715576171875,-66.08732604980469,0
The boy forgets about himself leaving the actor.,The boy forgets about himself left the actor.,syntax/semantics,binding,principle_A_case_2,True,True,False,False,135,-56.17304992675781,-55.91470718383789,0
Katherine is imagining herself helping most adults.,Katherine is imagining herself helps most adults.,syntax/semantics,binding,principle_A_case_2,True,True,False,False,136,-59.98139190673828,-59.21759033203125,0
Bradley isn't imagining himself attacking Dawn.,Bradley isn't imagining himself attacked Dawn.,syntax/semantics,binding,principle_A_case_2,True,True,False,False,137,-61.861183166503906,-59.997718811035156,0
Some waitresses forget about themselves hiring Russell.,Some waitresses forget about themselves hired Russell.,syntax/semantics,binding,principle_A_case_2,True,True,False,False,138,-69.49960327148438,-68.42253875732422,0
Theodore might think about himself listening to Katherine.,Theodore might think about himself listens to Katherine.,syntax/semantics,binding,principle_A_case_2,True,True,False,False,139,-63.80263137817383,-67.24366760253906,1
Students should think about themselves bringing those peppers.,Students should think about themselves brought those peppers.,syntax/semantics,binding,principle_A_case_2,True,True,False,False,140,-50.56294250488281,-49.99428939819336,0
Wendy doesn't think about herself working with Kimberley.,Wendy doesn't think about herself worked with Kimberley.,syntax/semantics,binding,principle_A_case_2,True,True,False,False,141,-62.316192626953125,-65.54573059082031,1
Karen should forget about herself selling all dresses.,Karen should forget about herself sold all dresses.,syntax/semantics,binding,principle_A_case_2,True,True,False,False,142,-58.39842987060547,-58.217140197753906,0
Christopher hasn't imagined himself admiring most books.,Christopher hasn't imagined himself admired most books.,syntax/semantics,binding,principle_A_case_2,True,True,False,False,143,-63.079559326171875,-60.12924575805664,0
Florence thinks about herself describing Marla.,Florence thinks about herself describes Marla.,syntax/semantics,binding,principle_A_case_2,True,True,False,False,144,-67.4328842163086,-68.00051879882812,1
Leslie thought about herself walking through those malls.,Leslie thought about herself walks through those malls.,syntax/semantics,binding,principle_A_case_2,True,True,False,False,145,-64.7650146484375,-65.20030212402344,1
Sally thinks about herself distracting Carolyn.,Sally thinks about herself distracted Carolyn.,syntax/semantics,binding,principle_A_case_2,True,True,False,False,146,-53.706016540527344,-52.145328521728516,0
The girl thinks about herself hurting Elaine.,The girl thinks about herself hurt Elaine.,syntax/semantics,binding,principle_A_case_2,True,True,False,False,147,-47.3136100769043,-46.67223358154297,0
Jodi thought about herself impressing every girl.,Jodi thought about herself impressed every girl.,syntax/semantics,binding,principle_A_case_2,True,True,False,False,148,-66.02470397949219,-58.074928283691406,0
April wouldn't forget about herself looking like pictures.,April wouldn't forget about herself looked like pictures.,syntax/semantics,binding,principle_A_case_2,True,True,False,False,149,-49.50260925292969,-49.85944747924805,1
Tracy wasn't thinking about herself running around Harvard University.,Tracy wasn't thinking about herself ran around Harvard University.,syntax/semantics,binding,principle_A_case_2,True,True,False,False,150,-70.55093383789062,-73.131591796875,1
James imagined himself firing Tina.,James imagined himself fired Tina.,syntax/semantics,binding,principle_A_case_2,True,True,False,False,151,-45.63618469238281,-44.504173278808594,0
Amelia isn't forgetting about herself astounding Kimberley.,Amelia isn't forgetting about herself astounded Kimberley.,syntax/semantics,binding,principle_A_case_2,True,True,False,False,152,-72.80262756347656,-73.94525146484375,1
Kayla forgets about herself cleaning the vase.,Kayla forgets about herself cleans the vase.,syntax/semantics,binding,principle_A_case_2,True,True,False,False,153,-67.88284301757812,-71.55253601074219,1
Most children imagine themselves concealing Kimberley.,Most children imagine themselves concealed Kimberley.,syntax/semantics,binding,principle_A_case_2,True,True,False,False,154,-67.60761260986328,-57.08722686767578,0
Lucille would think about herself admiring Kimberley.,Lucille would think about herself admires Kimberley.,syntax/semantics,binding,principle_A_case_2,True,True,False,False,155,-66.71527099609375,-71.7054443359375,1
Spain hasn't forgotten about itself referencing Christopher.,Spain hasn't forgotten about itself referenced Christopher.,syntax/semantics,binding,principle_A_case_2,True,True,False,False,156,-60.301979064941406,-62.249778747558594,1
All patients had forgotten about themselves observing this teenager.,All patients had forgotten about themselves observed this teenager.,syntax/semantics,binding,principle_A_case_2,True,True,False,False,157,-62.701263427734375,-60.85821533203125,0
The Clintons imagine themselves boycotting some grocery stores.,The Clintons imagine themselves boycott some grocery stores.,syntax/semantics,binding,principle_A_case_2,True,True,False,False,158,-79.47200012207031,-75.85054016113281,0
Janice can't think about herself disturbing Beth.,Janice can't think about herself disturbs Beth.,syntax/semantics,binding,principle_A_case_2,True,True,False,False,159,-59.01396179199219,-67.73640441894531,1
April doesn't think about herself buying that eggplant.,April doesn't think about herself buys that eggplant.,syntax/semantics,binding,principle_A_case_2,True,True,False,False,160,-66.65119171142578,-66.72798919677734,1
Matt was imagining himself disturbing Kevin.,Matt was imagining himself disturbs Kevin.,syntax/semantics,binding,principle_A_case_2,True,True,False,False,161,-49.41542053222656,-60.26868438720703,1
Tonya is thinking about herself alarming Meredith.,Tonya is thinking about herself alarmed Meredith.,syntax/semantics,binding,principle_A_case_2,True,True,False,False,162,-54.8829345703125,-54.888427734375,1
The drivers forget about themselves referencing Deborah.,The drivers forget about themselves referenced Deborah.,syntax/semantics,binding,principle_A_case_2,True,True,False,False,163,-60.75776672363281,-60.840354919433594,1
Samantha thought about herself boycotting all organizations.,Samantha thought about herself boycotts all organizations.,syntax/semantics,binding,principle_A_case_2,True,True,False,False,164,-74.99095916748047,-76.8074951171875,1
Gina didn't think about herself ascending every mountain.,Gina didn't think about herself ascends every mountain.,syntax/semantics,binding,principle_A_case_2,True,True,False,False,165,-59.985023498535156,-69.96624755859375,1
Carl won't think about himself appreciating Kayla.,Carl won't think about himself appreciates Kayla.,syntax/semantics,binding,principle_A_case_2,True,True,False,False,166,-61.8468017578125,-61.51469039916992,0
Jerry hadn't thought about himself talking to Paula.,Jerry hadn't thought about himself talks to Paula.,syntax/semantics,binding,principle_A_case_2,True,True,False,False,167,-56.18738555908203,-59.352020263671875,1
Ronald was thinking about himself embarrassing David.,Ronald was thinking about himself embarrassed David.,syntax/semantics,binding,principle_A_case_2,True,True,False,False,168,-52.93769454956055,-51.761112213134766,0
Florence was thinking about herself biking to these art galleries.,Florence was thinking about herself bikes to these art galleries.,syntax/semantics,binding,principle_A_case_2,True,True,False,False,169,-85.22977447509766,-84.30525207519531,0
Rhonda wasn't forgetting about herself distracting Julie.,Rhonda wasn't forgetting about herself distracted Julie.,syntax/semantics,binding,principle_A_case_2,True,True,False,False,170,-67.76808166503906,-65.89739990234375,0
Every man is forgetting about himself astounding Pamela.,Every man is forgetting about himself astounded Pamela.,syntax/semantics,binding,principle_A_case_2,True,True,False,False,171,-60.006649017333984,-62.412593841552734,1
Martin hasn't thought about himself running around a lake.,Martin hasn't thought about himself ran around a lake.,syntax/semantics,binding,principle_A_case_2,True,True,False,False,172,-57.092262268066406,-58.78202438354492,1
Sarah isn't imagining herself curing Rose.,Sarah isn't imagining herself cures Rose.,syntax/semantics,binding,principle_A_case_2,True,True,False,False,173,-54.802181243896484,-54.153839111328125,0
Some patients imagine themselves watching Travis.,Some patients imagine themselves watched Travis.,syntax/semantics,binding,principle_A_case_2,True,True,False,False,174,-51.480369567871094,-54.06172180175781,1
Florence couldn't forget about herself annoying the Impressionists.,Florence couldn't forget about herself annoyed the Impressionists.,syntax/semantics,binding,principle_A_case_2,True,True,False,False,175,-93.31021118164062,-91.4078140258789,0
William was thinking about himself passing the college campuses.,William was thinking about himself passes the college campuses.,syntax/semantics,binding,principle_A_case_2,True,True,False,False,176,-56.94297790527344,-57.348506927490234,1
Clyde had thought about himself boycotting that mountain.,Clyde had thought about himself boycotts that mountain.,syntax/semantics,binding,principle_A_case_2,True,True,False,False,177,-81.18567657470703,-83.39435577392578,1
Kristen thinks about herself discussing many hospitals.,Kristen thinks about herself discussed many hospitals.,syntax/semantics,binding,principle_A_case_2,True,True,False,False,178,-60.314754486083984,-60.33153533935547,1
These actors think about themselves boring most customers.,These actors think about themselves bores most customers.,syntax/semantics,binding,principle_A_case_2,True,True,False,False,179,-61.37156677246094,-69.203125,1
Paul should think about himself discussing a lot of senators.,Paul should think about himself discusses a lot of senators.,syntax/semantics,binding,principle_A_case_2,True,True,False,False,180,-54.06834411621094,-55.554168701171875,1
Gerald forgot about himself revealing some dish.,Gerald forgot about himself revealed some dish.,syntax/semantics,binding,principle_A_case_2,True,True,False,False,181,-64.15591430664062,-63.01224899291992,0
Most women think about themselves cleaning all rugs.,Most women think about themselves cleaned all rugs.,syntax/semantics,binding,principle_A_case_2,True,True,False,False,182,-58.415443420410156,-58.303306579589844,0
Many adults thought about themselves healing Victoria.,Many adults thought about themselves heal Victoria.,syntax/semantics,binding,principle_A_case_2,True,True,False,False,183,-55.27398681640625,-54.89825439453125,0
Benjamin is forgetting about himself firing Rose.,Benjamin is forgetting about himself fires Rose.,syntax/semantics,binding,principle_A_case_2,True,True,False,False,184,-59.633209228515625,-60.26182556152344,1
Children think about themselves listening to Alexander.,Children think about themselves listened to Alexander.,syntax/semantics,binding,principle_A_case_2,True,True,False,False,185,-46.03191375732422,-46.99205780029297,1
Roger thinks about himself lifting those prints.,Roger thinks about himself lifted those prints.,syntax/semantics,binding,principle_A_case_2,True,True,False,False,186,-50.3193244934082,-49.54821014404297,0
Sally wouldn't forget about herself concealing Gary.,Sally wouldn't forget about herself conceals Gary.,syntax/semantics,binding,principle_A_case_2,True,True,False,False,187,-69.17205810546875,-68.54325866699219,0
Pamela forgot about herself arguing about Florence.,Pamela forgot about herself argued about Florence.,syntax/semantics,binding,principle_A_case_2,True,True,False,False,188,-61.164730072021484,-63.95786666870117,1
Many organizations forgot about themselves buying some beef.,Many organizations forgot about themselves buy some beef.,syntax/semantics,binding,principle_A_case_2,True,True,False,False,189,-58.08464813232422,-56.60043716430664,0
Jacqueline should think about herself exploring that river.,Jacqueline should think about herself explored that river.,syntax/semantics,binding,principle_A_case_2,True,True,False,False,190,-66.59817504882812,-67.29037475585938,1
Anna thought about herself aggravating Raymond.,Anna thought about herself aggravated Raymond.,syntax/semantics,binding,principle_A_case_2,True,True,False,False,191,-52.34789276123047,-47.8073616027832,0
Beth is thinking about herself hugging Jason.,Beth is thinking about herself hugs Jason.,syntax/semantics,binding,principle_A_case_2,True,True,False,False,192,-54.15948486328125,-55.24753189086914,1
Most adults forget about themselves talking about Vincent.,Most adults forget about themselves talked about Vincent.,syntax/semantics,binding,principle_A_case_2,True,True,False,False,193,-54.162960052490234,-57.10749053955078,1
Paul had forgotten about himself upsetting a guy.,Paul had forgotten about himself upset a guy.,syntax/semantics,binding,principle_A_case_2,True,True,False,False,194,-49.542842864990234,-47.89128875732422,0
Sandra does forget about herself irritating Jerry.,Sandra does forget about herself irritated Jerry.,syntax/semantics,binding,principle_A_case_2,True,True,False,False,195,-61.96161651611328,-59.934913635253906,0
Andrea hadn't thought about herself concealing a lot of children.,Andrea hadn't thought about herself concealed a lot of children.,syntax/semantics,binding,principle_A_case_2,True,True,False,False,196,-83.63754272460938,-71.7463150024414,0
Rhonda had forgotten about herself shocking Bethany.,Rhonda had forgotten about herself shocked Bethany.,syntax/semantics,binding,principle_A_case_2,True,True,False,False,197,-69.7391357421875,-67.01263427734375,0
Sonia imagined herself taking the pie.,Sonia imagined herself took the pie.,syntax/semantics,binding,principle_A_case_2,True,True,False,False,198,-53.32911682128906,-53.65727996826172,1
Pedestrians do think about themselves escaping from glaciers.,Pedestrians do think about themselves escaped from glaciers.,syntax/semantics,binding,principle_A_case_2,True,True,False,False,199,-76.53933715820312,-74.27851867675781,0
Ellen will imagine herself praising Monet.,Ellen will imagine herself praised Monet.,syntax/semantics,binding,principle_A_case_2,True,True,False,False,200,-62.347877502441406,-63.13695526123047,1
Keith forgot about himself discussing Bradley.,Keith forgot about himself discusses Bradley.,syntax/semantics,binding,principle_A_case_2,True,True,False,False,201,-46.28071594238281,-48.206138610839844,1
Marie forgot about herself hiding Mitchell.,Marie forgot about herself hid Mitchell.,syntax/semantics,binding,principle_A_case_2,True,True,False,False,202,-44.964569091796875,-45.4226188659668,1
Tanya thinks about herself watching Steve.,Tanya thinks about herself watched Steve.,syntax/semantics,binding,principle_A_case_2,True,True,False,False,203,-49.384342193603516,-53.68824768066406,1
This organization can think about itself distracting some bank.,This organization can think about itself distracts some bank.,syntax/semantics,binding,principle_A_case_2,True,True,False,False,204,-65.9699478149414,-73.29534912109375,1
These actresses could think about themselves ascending most stairs.,These actresses could think about themselves ascended most stairs.,syntax/semantics,binding,principle_A_case_2,True,True,False,False,205,-72.03012084960938,-70.57089233398438,0
A lot of patients imagine themselves bringing the box.,A lot of patients imagine themselves brought the box.,syntax/semantics,binding,principle_A_case_2,True,True,False,False,206,-60.88170623779297,-60.522727966308594,0
Many students imagine themselves annoying the doctors.,Many students imagine themselves annoys the doctors.,syntax/semantics,binding,principle_A_case_2,True,True,False,False,207,-51.65666961669922,-60.17339324951172,1
Those guys think about themselves hiring these men.,Those guys think about themselves hire these men.,syntax/semantics,binding,principle_A_case_2,True,True,False,False,208,-48.88937759399414,-48.97018814086914,1
Brenda has thought about herself selling those carriages.,Brenda has thought about herself sold those carriages.,syntax/semantics,binding,principle_A_case_2,True,True,False,False,209,-63.20128631591797,-63.11320114135742,0
Christine hadn't imagined herself upsetting all organizations.,Christine hadn't imagined herself upset all organizations.,syntax/semantics,binding,principle_A_case_2,True,True,False,False,210,-69.96124267578125,-66.8412857055664,0
All actors think about themselves confusing Tanya.,All actors think about themselves confuses Tanya.,syntax/semantics,binding,principle_A_case_2,True,True,False,False,211,-63.14019775390625,-71.05706024169922,1
All organizations think about themselves arguing about Monica.,All organizations think about themselves argued about Monica.,syntax/semantics,binding,principle_A_case_2,True,True,False,False,212,-56.86098861694336,-58.949527740478516,1
Banks think about themselves boring Frank.,Banks think about themselves bored Frank.,syntax/semantics,binding,principle_A_case_2,True,True,False,False,213,-54.47660827636719,-57.137516021728516,1
Andrea forgets about herself hugging Craig.,Andrea forgets about herself hugged Craig.,syntax/semantics,binding,principle_A_case_2,True,True,False,False,214,-66.91444396972656,-66.96833801269531,1
Omar imagined himself scanning these reports.,Omar imagined himself scans these reports.,syntax/semantics,binding,principle_A_case_2,True,True,False,False,215,-58.71061706542969,-62.15227127075195,1
Connie imagined herself bothering Clyde.,Connie imagined herself bothered Clyde.,syntax/semantics,binding,principle_A_case_2,True,True,False,False,216,-53.357025146484375,-53.969058990478516,1
A lot of committees think about themselves praising Homer.,A lot of committees think about themselves praised Homer.,syntax/semantics,binding,principle_A_case_2,True,True,False,False,217,-65.35142517089844,-65.32176971435547,0
Judy is thinking about herself thinking about Tina.,Judy is thinking about herself thought about Tina.,syntax/semantics,binding,principle_A_case_2,True,True,False,False,218,-47.92705535888672,-52.03955841064453,1
Some guys imagine themselves lifting the cat.,Some guys imagine themselves lift the cat.,syntax/semantics,binding,principle_A_case_2,True,True,False,False,219,-49.33032989501953,-48.81022644042969,0
Catherine thought about herself arguing about April.,Catherine thought about herself argued about April.,syntax/semantics,binding,principle_A_case_2,True,True,False,False,220,-56.27391815185547,-60.05532455444336,1
Derek forgot about himself returning to Edward.,Derek forgot about himself returns to Edward.,syntax/semantics,binding,principle_A_case_2,True,True,False,False,221,-59.24953079223633,-58.861732482910156,0
Alice had imagined herself approaching Sara.,Alice had imagined herself approaches Sara.,syntax/semantics,binding,principle_A_case_2,True,True,False,False,222,-44.08477783203125,-46.212730407714844,1
Karla imagined herself messing up the movie theater.,Karla imagined herself messes up the movie theater.,syntax/semantics,binding,principle_A_case_2,True,True,False,False,223,-66.17154693603516,-76.28645324707031,1
Some associations think about themselves distracting every government.,Some associations think about themselves distract every government.,syntax/semantics,binding,principle_A_case_2,True,True,False,False,224,-62.041725158691406,-61.24993896484375,0
Some men forget about themselves cleaning that hospital.,Some men forget about themselves clean that hospital.,syntax/semantics,binding,principle_A_case_2,True,True,False,False,225,-56.79863739013672,-55.381065368652344,0
Most students think about themselves cleaning that closet.,Most students think about themselves clean that closet.,syntax/semantics,binding,principle_A_case_2,True,True,False,False,226,-57.240394592285156,-56.28727340698242,0
Carrie is thinking about herself hiring Brett.,Carrie is thinking about herself hired Brett.,syntax/semantics,binding,principle_A_case_2,True,True,False,False,227,-58.32305145263672,-56.52882385253906,0
Dana thought about herself stunning Rhonda.,Dana thought about herself stunned Rhonda.,syntax/semantics,binding,principle_A_case_2,True,True,False,False,228,-63.865318298339844,-62.782569885253906,0
A lot of pedestrians imagine themselves hiding Caroline.,A lot of pedestrians imagine themselves hide Caroline.,syntax/semantics,binding,principle_A_case_2,True,True,False,False,229,-66.67346954345703,-65.33637237548828,0
A lot of banks think about themselves helping Catherine.,A lot of banks think about themselves helped Catherine.,syntax/semantics,binding,principle_A_case_2,True,True,False,False,230,-66.07213592529297,-65.64454650878906,0
Debra imagined herself questioning the Clintons.,Debra imagined herself questioned the Clintons.,syntax/semantics,binding,principle_A_case_2,True,True,False,False,231,-57.746177673339844,-56.844482421875,0
Derek thought about himself revealing a glacier.,Derek thought about himself reveals a glacier.,syntax/semantics,binding,principle_A_case_2,True,True,False,False,232,-59.87995910644531,-59.06427001953125,0
Charles imagines himself biking to some movie theater.,Charles imagines himself bikes to some movie theater.,syntax/semantics,binding,principle_A_case_2,True,True,False,False,233,-74.53329467773438,-71.59599304199219,0
Sonia is thinking about herself dropping by a hospital.,Sonia is thinking about herself drops by a hospital.,syntax/semantics,binding,principle_A_case_2,True,True,False,False,234,-58.662322998046875,-58.42377471923828,0
Alexander isn't forgetting about himself leaving Rachelle.,Alexander isn't forgetting about himself left Rachelle.,syntax/semantics,binding,principle_A_case_2,True,True,False,False,235,-64.34654235839844,-64.67201232910156,1
Michelle had thought about herself scaring Heather.,Michelle had thought about herself scared Heather.,syntax/semantics,binding,principle_A_case_2,True,True,False,False,236,-54.381797790527344,-52.07693862915039,0
Mary isn't thinking about herself concealing Walter.,Mary isn't thinking about herself concealed Walter.,syntax/semantics,binding,principle_A_case_2,True,True,False,False,237,-60.45030212402344,-50.6214599609375,0
Kristin had thought about herself taking many wheelbarrows.,Kristin had thought about herself took many wheelbarrows.,syntax/semantics,binding,principle_A_case_2,True,True,False,False,238,-74.2643051147461,-72.68336486816406,0
Susan is forgetting about herself describing those malls.,Susan is forgetting about herself described those malls.,syntax/semantics,binding,principle_A_case_2,True,True,False,False,239,-58.689178466796875,-58.92665100097656,1
All drivers imagine themselves escaping from Omar.,All drivers imagine themselves escaped from Omar.,syntax/semantics,binding,principle_A_case_2,True,True,False,False,240,-60.68358612060547,-59.57551193237305,0
Heather isn't imagining herself biking to the closets.,Heather isn't imagining herself biked to the closets.,syntax/semantics,binding,principle_A_case_2,True,True,False,False,241,-78.76200866699219,-81.35409545898438,1
The dancers thought about themselves exploring those cafes.,The dancers thought about themselves explored those cafes.,syntax/semantics,binding,principle_A_case_2,True,True,False,False,242,-63.044349670410156,-63.71104431152344,1
Rachelle imagined herself touring the grocery store.,Rachelle imagined herself toured the grocery store.,syntax/semantics,binding,principle_A_case_2,True,True,False,False,243,-62.51178741455078,-61.914451599121094,0
April thought about herself talking about Eva.,April thought about herself talks about Eva.,syntax/semantics,binding,principle_A_case_2,True,True,False,False,244,-40.316829681396484,-44.802345275878906,1
Andrew isn't thinking about himself shocking Jill.,Andrew isn't thinking about himself shocked Jill.,syntax/semantics,binding,principle_A_case_2,True,True,False,False,245,-54.54882049560547,-53.669036865234375,0
That dancer thinks about herself concealing a lot of art galleries.,That dancer thinks about herself concealed a lot of art galleries.,syntax/semantics,binding,principle_A_case_2,True,True,False,False,246,-89.83387756347656,-77.70494079589844,0
Leslie had thought about herself walking through this hill.,Leslie had thought about herself walks through this hill.,syntax/semantics,binding,principle_A_case_2,True,True,False,False,247,-59.662322998046875,-61.078712463378906,1
Tara wouldn't think about herself helping Frank.,Tara wouldn't think about herself helps Frank.,syntax/semantics,binding,principle_A_case_2,True,True,False,False,248,-53.15353775024414,-53.410621643066406,1
Lisa imagined herself aggravating Becky.,Lisa imagined herself aggravated Becky.,syntax/semantics,binding,principle_A_case_2,True,True,False,False,249,-50.90947723388672,-45.84355163574219,0
Most ladies imagine themselves discussing Melinda.,Most ladies imagine themselves discussed Melinda.,syntax/semantics,binding,principle_A_case_2,True,True,False,False,250,-59.04372787475586,-59.53482437133789,1
Beth thought about herself returning to Tanya.,Beth thought about herself returned to Tanya.,syntax/semantics,binding,principle_A_case_2,True,True,False,False,251,-62.41682434082031,-60.98126220703125,0
Rodney shouldn't think about himself cleaning a lot of boxes.,Rodney shouldn't think about himself cleans a lot of boxes.,syntax/semantics,binding,principle_A_case_2,True,True,False,False,252,-66.38864135742188,-71.12104034423828,1
Claire will forget about herself ascending mountains.,Claire will forget about herself ascends mountains.,syntax/semantics,binding,principle_A_case_2,True,True,False,False,253,-57.626304626464844,-69.4955825805664,1
The girls imagine themselves talking to Marie.,The girls imagine themselves talked to Marie.,syntax/semantics,binding,principle_A_case_2,True,True,False,False,254,-49.046875,-50.5759391784668,1
Teenagers think about themselves distracting Barbara.,Teenagers think about themselves distract Barbara.,syntax/semantics,binding,principle_A_case_2,True,True,False,False,255,-56.397125244140625,-56.501522064208984,1
Donald was thinking about himself taking spotlights.,Donald was thinking about himself took spotlights.,syntax/semantics,binding,principle_A_case_2,True,True,False,False,256,-49.81792449951172,-49.970062255859375,1
Emily hasn't thought about herself exploring some closet.,Emily hasn't thought about herself explored some closet.,syntax/semantics,binding,principle_A_case_2,True,True,False,False,257,-59.43193817138672,-60.18579864501953,1
Catherine might think about herself shocking Laura.,Catherine might think about herself shocked Laura.,syntax/semantics,binding,principle_A_case_2,True,True,False,False,258,-58.57904052734375,-56.57575607299805,0
Tiffany imagined herself discovering Stephanie.,Tiffany imagined herself discovered Stephanie.,syntax/semantics,binding,principle_A_case_2,True,True,False,False,259,-63.86616134643555,-63.04560852050781,0
Connie imagined herself concealing Heidi.,Connie imagined herself concealed Heidi.,syntax/semantics,binding,principle_A_case_2,True,True,False,False,260,-65.04720306396484,-53.881011962890625,0
Brad can't think about himself firing Jane.,Brad can't think about himself fires Jane.,syntax/semantics,binding,principle_A_case_2,True,True,False,False,261,-49.927921295166016,-50.31311798095703,1
Those cashiers imagine themselves touring some high school.,Those cashiers imagine themselves toured some high school.,syntax/semantics,binding,principle_A_case_2,True,True,False,False,262,-73.35694122314453,-74.31040954589844,1
All girls have thought about themselves arguing about Thomas.,All girls have thought about themselves argued about Thomas.,syntax/semantics,binding,principle_A_case_2,True,True,False,False,263,-56.06742858886719,-58.90788650512695,1
Girls think about themselves arriving at those glaciers.,Girls think about themselves arrived at those glaciers.,syntax/semantics,binding,principle_A_case_2,True,True,False,False,264,-53.428279876708984,-52.87312316894531,0
Tracy hasn't thought about herself scaring a lot of people.,Tracy hasn't thought about herself scared a lot of people.,syntax/semantics,binding,principle_A_case_2,True,True,False,False,265,-74.01102447509766,-68.60503387451172,0
Paul forgot about himself breaking that dish.,Paul forgot about himself broke that dish.,syntax/semantics,binding,principle_A_case_2,True,True,False,False,266,-52.49247741699219,-50.17311096191406,0
Regina wasn't imagining herself hiring Bruce.,Regina wasn't imagining herself hires Bruce.,syntax/semantics,binding,principle_A_case_2,True,True,False,False,267,-61.70319747924805,-62.54492950439453,1
Stephanie has thought about herself referencing every child.,Stephanie has thought about herself referenced every child.,syntax/semantics,binding,principle_A_case_2,True,True,False,False,268,-69.1044921875,-68.6296157836914,0
Those customers hadn't imagined themselves arriving at cafes.,Those customers hadn't imagined themselves arrived at cafes.,syntax/semantics,binding,principle_A_case_2,True,True,False,False,269,-68.583740234375,-67.440185546875,0
Many committees forget about themselves selling that rice.,Many committees forget about themselves sold that rice.,syntax/semantics,binding,principle_A_case_2,True,True,False,False,270,-58.93797302246094,-57.02971649169922,0
Renee thought about herself admiring some adult.,Renee thought about herself admires some adult.,syntax/semantics,binding,principle_A_case_2,True,True,False,False,271,-66.07266235351562,-72.5754623413086,1
Keith can't forget about himself impressing that library.,Keith can't forget about himself impressed that library.,syntax/semantics,binding,principle_A_case_2,True,True,False,False,272,-61.03327560424805,-53.575660705566406,0
Elizabeth was forgetting about herself talking to Angela.,Elizabeth was forgetting about herself talks to Angela.,syntax/semantics,binding,principle_A_case_2,True,True,False,False,273,-45.751800537109375,-48.72531509399414,1
Ellen forgot about herself passing some mountain.,Ellen forgot about herself passed some mountain.,syntax/semantics,binding,principle_A_case_2,True,True,False,False,274,-60.48512649536133,-58.56549835205078,0
Nancy had imagined herself climbing up a ladder.,Nancy had imagined herself climbed up a ladder.,syntax/semantics,binding,principle_A_case_2,True,True,False,False,275,-56.78160095214844,-56.79008865356445,1
Some doctors forget about themselves taking those drawings.,Some doctors forget about themselves took those drawings.,syntax/semantics,binding,principle_A_case_2,True,True,False,False,276,-55.787132263183594,-56.14520263671875,1
Waiters imagine themselves scanning some newspaper articles.,Waiters imagine themselves scanned some newspaper articles.,syntax/semantics,binding,principle_A_case_2,True,True,False,False,277,-68.53451538085938,-68.83296203613281,1
Cashiers thought about themselves embarrassing Rachel.,Cashiers thought about themselves embarrasses Rachel.,syntax/semantics,binding,principle_A_case_2,True,True,False,False,278,-56.62929153442383,-66.31834411621094,1
Allison isn't thinking about herself passing the Great Lakes.,Allison isn't thinking about herself passes the Great Lakes.,syntax/semantics,binding,principle_A_case_2,True,True,False,False,279,-70.37149047851562,-71.35161590576172,1
Irene might think about herself driving to all mountains.,Irene might think about herself drives to all mountains.,syntax/semantics,binding,principle_A_case_2,True,True,False,False,280,-70.71558380126953,-72.97264862060547,1
The guests imagine themselves cleaning a lot of malls.,The guests imagine themselves cleaned a lot of malls.,syntax/semantics,binding,principle_A_case_2,True,True,False,False,281,-63.71906280517578,-65.40843200683594,1
Christina thinks about herself revealing some gate.,Christina thinks about herself revealed some gate.,syntax/semantics,binding,principle_A_case_2,True,True,False,False,282,-56.89392852783203,-55.9023551940918,0
Sherry thought about herself questioning every adult.,Sherry thought about herself questions every adult.,syntax/semantics,binding,principle_A_case_2,True,True,False,False,283,-66.1060791015625,-64.14034271240234,0
Some committees think about themselves aggravating Amy.,Some committees think about themselves aggravated Amy.,syntax/semantics,binding,principle_A_case_2,True,True,False,False,284,-59.7680778503418,-55.326812744140625,0
Judy can think about herself descending all slopes.,Judy can think about herself descends all slopes.,syntax/semantics,binding,principle_A_case_2,True,True,False,False,285,-61.40068435668945,-67.36093139648438,1
The guy had thought about himself hugging some adult.,The guy had thought about himself hugged some adult.,syntax/semantics,binding,principle_A_case_2,True,True,False,False,286,-65.8983383178711,-66.25960540771484,1
Leslie imagined herself skated around the hospital.,Leslie imagined herself skated around the hospital.,syntax/semantics,binding,principle_A_case_2,True,True,False,False,287,-61.671058654785156,-61.671058654785156,0
Gina thinks about herself visiting Todd.,Gina thinks about herself visits Todd.,syntax/semantics,binding,principle_A_case_2,True,True,False,False,288,-49.108673095703125,-52.656410217285156,1
Sheila forgot about herself discussing Donna.,Sheila forgot about herself discusses Donna.,syntax/semantics,binding,principle_A_case_2,True,True,False,False,289,-55.993133544921875,-57.76093292236328,1
Many girls think about themselves kissing Ann.,Many girls think about themselves kiss Ann.,syntax/semantics,binding,principle_A_case_2,True,True,False,False,290,-48.49254608154297,-48.09368896484375,0
Rodney is imagining himself annoying Russell.,Rodney is imagining himself annoyed Russell.,syntax/semantics,binding,principle_A_case_2,True,True,False,False,291,-55.8433952331543,-56.00172424316406,1
Larry might forget about himself messing up every museum.,Larry might forget about himself messed up every museum.,syntax/semantics,binding,principle_A_case_2,True,True,False,False,292,-60.45109558105469,-57.83535385131836,0
Most waiters imagine themselves finding those photographs.,Most waiters imagine themselves find those photographs.,syntax/semantics,binding,principle_A_case_2,True,True,False,False,293,-64.40303802490234,-64.35537719726562,0
Anna was thinking about herself climbing up many hills.,Anna was thinking about herself climbed up many hills.,syntax/semantics,binding,principle_A_case_2,True,True,False,False,294,-54.017181396484375,-52.734039306640625,0
Alicia hadn't forgotten about herself helping a dancer.,Alicia hadn't forgotten about herself helps a dancer.,syntax/semantics,binding,principle_A_case_2,True,True,False,False,295,-70.50768280029297,-70.58494567871094,1
Stacy forgot about herself helping Ellen.,Stacy forgot about herself helps Ellen.,syntax/semantics,binding,principle_A_case_2,True,True,False,False,296,-55.775333404541016,-56.22065734863281,1
Jerry thought about himself running around most closets.,Jerry thought about himself runs around most closets.,syntax/semantics,binding,principle_A_case_2,True,True,False,False,297,-61.036415100097656,-63.28547286987305,1
Nina didn't imagine herself arriving at this river.,Nina didn't imagine herself arrived at this river.,syntax/semantics,binding,principle_A_case_2,True,True,False,False,298,-57.65301513671875,-56.6912841796875,0
Rebecca would imagine herself embarrassing Brenda.,Rebecca would imagine herself embarrassed Brenda.,syntax/semantics,binding,principle_A_case_2,True,True,False,False,299,-58.15657043457031,-57.45799255371094,0
Dennis did think about himself listening to Monet.,Dennis did think about himself listens to Monet.,syntax/semantics,binding,principle_A_case_2,True,True,False,False,300,-65.1406478881836,-67.87734985351562,1
Sarah thinks about herself hiding a pie.,Sarah thinks about herself hides a pie.,syntax/semantics,binding,principle_A_case_2,True,True,False,False,301,-43.34911346435547,-45.36859130859375,1
Those drivers had thought about themselves cleaning these cakes.,Those drivers had thought about themselves clean these cakes.,syntax/semantics,binding,principle_A_case_2,True,True,False,False,302,-59.75337219238281,-58.658203125,0
Many associations think about themselves hurting Karen.,Many associations think about themselves hurt Karen.,syntax/semantics,binding,principle_A_case_2,True,True,False,False,303,-53.643367767333984,-53.02479553222656,0
Gary thinks about himself looking like paintings.,Gary thinks about himself looks like paintings.,syntax/semantics,binding,principle_A_case_2,True,True,False,False,304,-45.456382751464844,-44.43242263793945,0
Laurie hadn't forgotten about herself escaping from Florence.,Laurie hadn't forgotten about herself escapes from Florence.,syntax/semantics,binding,principle_A_case_2,True,True,False,False,305,-70.6800765991211,-71.62580108642578,1
The Clintons thought about themselves kissing Catherine.,The Clintons thought about themselves kissed Catherine.,syntax/semantics,binding,principle_A_case_2,True,True,False,False,306,-60.09585189819336,-59.65742111206055,0
Stacey thought about herself fleeing from Clyde.,Stacey thought about herself fled from Clyde.,syntax/semantics,binding,principle_A_case_2,True,True,False,False,307,-62.14893341064453,-58.27153015136719,0
Danielle thought about herself firing Liam.,Danielle thought about herself fired Liam.,syntax/semantics,binding,principle_A_case_2,True,True,False,False,308,-55.469749450683594,-53.68590545654297,0
Ella thinks about herself annoying Jesus.,Ella thinks about herself annoyed Jesus.,syntax/semantics,binding,principle_A_case_2,True,True,False,False,309,-55.30246353149414,-55.79810333251953,1
Tammy had thought about herself cleaning some library.,Tammy had thought about herself cleans some library.,syntax/semantics,binding,principle_A_case_2,True,True,False,False,310,-58.52651596069336,-62.630645751953125,1
Renee isn't forgetting about herself climbing down those hills.,Renee isn't forgetting about herself climbed down those hills.,syntax/semantics,binding,principle_A_case_2,True,True,False,False,311,-70.78156280517578,-71.18106079101562,1
Florence didn't think about herself selling a lot of plates.,Florence didn't think about herself sold a lot of plates.,syntax/semantics,binding,principle_A_case_2,True,True,False,False,312,-70.40252685546875,-70.83183288574219,1
Andrea wouldn't think about herself fleeing from all rivers.,Andrea wouldn't think about herself flees from all rivers.,syntax/semantics,binding,principle_A_case_2,True,True,False,False,313,-74.11637878417969,-80.2165756225586,1
Deborah had thought about herself hurting Robert.,Deborah had thought about herself hurt Robert.,syntax/semantics,binding,principle_A_case_2,True,True,False,False,314,-57.13884735107422,-57.526039123535156,1
Donald imagines himself climbing up a hill.,Donald imagines himself climbed up a hill.,syntax/semantics,binding,principle_A_case_2,True,True,False,False,315,-53.678565979003906,-54.05377197265625,1
Many boys imagine themselves helping Melanie.,Many boys imagine themselves help Melanie.,syntax/semantics,binding,principle_A_case_2,True,True,False,False,316,-50.84435272216797,-48.38784408569336,0
Nina imagines herself exploring some cafe.,Nina imagines herself explores some cafe.,syntax/semantics,binding,principle_A_case_2,True,True,False,False,317,-67.03150939941406,-68.619140625,1
Alexander hasn't thought about himself buying the book.,Alexander hasn't thought about himself buys the book.,syntax/semantics,binding,principle_A_case_2,True,True,False,False,318,-52.15732192993164,-53.192657470703125,1
Kayla hasn't forgotten about herself bringing a lot of shoes.,Kayla hasn't forgotten about herself brought a lot of shoes.,syntax/semantics,binding,principle_A_case_2,True,True,False,False,319,-66.08158874511719,-63.92829513549805,0
Robert could forget about himself hiring Margaret.,Robert could forget about himself hired Margaret.,syntax/semantics,binding,principle_A_case_2,True,True,False,False,320,-49.7227783203125,-46.57148361206055,0
A school thinks about itself praising Ronald.,A school thinks about itself praised Ronald.,syntax/semantics,binding,principle_A_case_2,True,True,False,False,321,-58.65986633300781,-58.35380935668945,0
Rachelle hadn't thought about herself messing up these plates.,Rachelle hadn't thought about herself messed up these plates.,syntax/semantics,binding,principle_A_case_2,True,True,False,False,322,-73.39283752441406,-71.54365539550781,0
Sarah thinks about herself observing Donald.,Sarah thinks about herself observed Donald.,syntax/semantics,binding,principle_A_case_2,True,True,False,False,323,-46.1367073059082,-44.901519775390625,0
Jacqueline was thinking about herself boasting about the Lutherans.,Jacqueline was thinking about herself boasted about the Lutherans.,syntax/semantics,binding,principle_A_case_2,True,True,False,False,324,-80.58250427246094,-80.12427520751953,0
George was thinking about himself biking to that high school.,George was thinking about himself biked to that high school.,syntax/semantics,binding,principle_A_case_2,True,True,False,False,325,-55.640106201171875,-59.17018127441406,1
Diana hadn't thought about herself shocking the patients.,Diana hadn't thought about herself shocked the patients.,syntax/semantics,binding,principle_A_case_2,True,True,False,False,326,-71.0291748046875,-68.58329772949219,0
The Lutherans imagine themselves lifting the bicycle.,The Lutherans imagine themselves lift the bicycle.,syntax/semantics,binding,principle_A_case_2,True,True,False,False,327,-65.14018249511719,-64.50237274169922,0
Michelle would imagine herself hugging Gerald.,Michelle would imagine herself hugs Gerald.,syntax/semantics,binding,principle_A_case_2,True,True,False,False,328,-47.682987213134766,-47.25459671020508,0
Tammy shouldn't forget about herself hurting Beth.,Tammy shouldn't forget about herself hurt Beth.,syntax/semantics,binding,principle_A_case_2,True,True,False,False,329,-55.95177459716797,-53.95161437988281,0
Some actress will think about herself questioning Patrick.,Some actress will think about herself questions Patrick.,syntax/semantics,binding,principle_A_case_2,True,True,False,False,330,-61.843162536621094,-60.848960876464844,0
Sheila hadn't imagined herself ascending some hill.,Sheila hadn't imagined herself ascended some hill.,syntax/semantics,binding,principle_A_case_2,True,True,False,False,331,-68.90362548828125,-67.88099670410156,0
Florence should think about herself investigating a pedestrian.,Florence should think about herself investigated a pedestrian.,syntax/semantics,binding,principle_A_case_2,True,True,False,False,332,-70.58079528808594,-71.64188385009766,1
The boys imagine themselves annoying Walter.,The boys imagine themselves annoyed Walter.,syntax/semantics,binding,principle_A_case_2,True,True,False,False,333,-49.92163848876953,-48.21925735473633,0
Most teachers think about themselves referencing Galileo.,Most teachers think about themselves referenced Galileo.,syntax/semantics,binding,principle_A_case_2,True,True,False,False,334,-57.34937286376953,-58.0216064453125,1
Most students forget about themselves lifting every photograph.,Most students forget about themselves lifted every photograph.,syntax/semantics,binding,principle_A_case_2,True,True,False,False,335,-60.461669921875,-58.87674331665039,0
Heather thinks about herself examining all newspaper articles.,Heather thinks about herself examined all newspaper articles.,syntax/semantics,binding,principle_A_case_2,True,True,False,False,336,-76.20146179199219,-74.87236022949219,0
Gerald was imagining himself descending the hill.,Gerald was imagining himself descended the hill.,syntax/semantics,binding,principle_A_case_2,True,True,False,False,337,-56.94827651977539,-56.694236755371094,0
Ruth had forgotten about herself breaking that skateboard.,Ruth had forgotten about herself breaks that skateboard.,syntax/semantics,binding,principle_A_case_2,True,True,False,False,338,-63.62822723388672,-64.33025360107422,1
Linda forgot about herself researching every committee.,Linda forgot about herself researched every committee.,syntax/semantics,binding,principle_A_case_2,True,True,False,False,339,-63.920318603515625,-64.20045471191406,1
The guy can forget about himself listening to Thomas.,The guy can forget about himself listens to Thomas.,syntax/semantics,binding,principle_A_case_2,True,True,False,False,340,-58.847389221191406,-61.039093017578125,1
Barbara shouldn't forget about herself cleaning this dish.,Barbara shouldn't forget about herself cleaned this dish.,syntax/semantics,binding,principle_A_case_2,True,True,False,False,341,-62.6335334777832,-63.586265563964844,1
Elaine hadn't thought about herself complaining about Judy.,Elaine hadn't thought about herself complains about Judy.,syntax/semantics,binding,principle_A_case_2,True,True,False,False,342,-65.956298828125,-67.80902099609375,1
Wendy isn't thinking about herself passing all mountains.,Wendy isn't thinking about herself passes all mountains.,syntax/semantics,binding,principle_A_case_2,True,True,False,False,343,-66.69257354736328,-67.23077392578125,1
Marcus imagines himself lifting the water.,Marcus imagines himself lifted the water.,syntax/semantics,binding,principle_A_case_2,True,True,False,False,344,-48.848960876464844,-47.81364822387695,0
Caroline thinks about herself discovering Lisa.,Caroline thinks about herself discovers Lisa.,syntax/semantics,binding,principle_A_case_2,True,True,False,False,345,-56.248931884765625,-55.26651382446289,0
Those students imagined themselves hugging Jodi.,Those students imagined themselves hug Jodi.,syntax/semantics,binding,principle_A_case_2,True,True,False,False,346,-59.42202377319336,-60.81806564331055,1
Gary had thought about himself leaving the Borgias.,Gary had thought about himself left the Borgias.,syntax/semantics,binding,principle_A_case_2,True,True,False,False,347,-56.20325469970703,-55.52092361450195,0
A lot of organizations think about themselves taking all stairs.,A lot of organizations think about themselves took all stairs.,syntax/semantics,binding,principle_A_case_2,True,True,False,False,348,-66.12413024902344,-64.5235366821289,0
Carrie should imagine herself thinking about most committees.,Carrie should imagine herself thought about most committees.,syntax/semantics,binding,principle_A_case_2,True,True,False,False,349,-65.34041595458984,-68.59060668945312,1
The women aren't thinking about themselves noticing those adults.,The women aren't thinking about themselves noticed those adults.,syntax/semantics,binding,principle_A_case_2,True,True,False,False,350,-61.4051513671875,-61.397300720214844,0
Adam thinks about himself approaching Leslie.,Adam thinks about himself approached Leslie.,syntax/semantics,binding,principle_A_case_2,True,True,False,False,351,-44.624752044677734,-44.81155014038086,1
A lot of students imagine themselves watching Derek.,A lot of students imagine themselves watched Derek.,syntax/semantics,binding,principle_A_case_2,True,True,False,False,352,-59.188209533691406,-62.37651062011719,1
These dancers imagine themselves astounding Winston Churchill.,These dancers imagine themselves astounded Winston Churchill.,syntax/semantics,binding,principle_A_case_2,True,True,False,False,353,-66.82525634765625,-70.81622314453125,1
Craig is thinking about himself criticizing most restaurants.,Craig is thinking about himself criticized most restaurants.,syntax/semantics,binding,principle_A_case_2,True,True,False,False,354,-54.69236373901367,-53.00263595581055,0
George thinks about himself investigating Meredith.,George thinks about himself investigates Meredith.,syntax/semantics,binding,principle_A_case_2,True,True,False,False,355,-47.014610290527344,-50.12744903564453,1
Some man forgot about himself kissing a lot of girls.,Some man forgot about himself kisses a lot of girls.,syntax/semantics,binding,principle_A_case_2,True,True,False,False,356,-57.911949157714844,-59.6891975402832,1
Sally forgets about herself criticizing Melanie.,Sally forgets about herself criticized Melanie.,syntax/semantics,binding,principle_A_case_2,True,True,False,False,357,-63.034339904785156,-62.68553924560547,0
Lissa is thinking about herself fleeing from that cafe.,Lissa is thinking about herself flees from that cafe.,syntax/semantics,binding,principle_A_case_2,True,True,False,False,358,-66.78042602539062,-72.92549133300781,1
The actresses forget about themselves breaking the glasses.,The actresses forget about themselves break the glasses.,syntax/semantics,binding,principle_A_case_2,True,True,False,False,359,-60.54850387573242,-59.812374114990234,0
Laurie thinks about herself boasting about girls.,Laurie thinks about herself boasts about girls.,syntax/semantics,binding,principle_A_case_2,True,True,False,False,360,-64.76144409179688,-65.95101928710938,1
Many girls can't think about themselves referencing every movie.,Many girls can't think about themselves referenced every movie.,syntax/semantics,binding,principle_A_case_2,True,True,False,False,361,-62.1845588684082,-61.66665267944336,0
Diana has thought about herself discovering Anne.,Diana has thought about herself discovers Anne.,syntax/semantics,binding,principle_A_case_2,True,True,False,False,362,-56.197669982910156,-56.466678619384766,1
Every woman can't think about herself cleaning every movie theater.,Every woman can't think about herself cleaned every movie theater.,syntax/semantics,binding,principle_A_case_2,True,True,False,False,363,-72.43924713134766,-72.33164978027344,0
A lot of students forgot about themselves fixing many vases.,A lot of students forgot about themselves fixed many vases.,syntax/semantics,binding,principle_A_case_2,True,True,False,False,364,-77.77532958984375,-75.93641662597656,0
Every actress is thinking about herself hiding broccoli.,Every actress is thinking about herself hid broccoli.,syntax/semantics,binding,principle_A_case_2,True,True,False,False,365,-56.20988082885742,-58.72608184814453,1
Those drivers forget about themselves climbing up some ladders.,Those drivers forget about themselves climbed up some ladders.,syntax/semantics,binding,principle_A_case_2,True,True,False,False,366,-63.718116760253906,-63.82125473022461,1
Walter thought about himself questioning Kirsten.,Walter thought about himself questioned Kirsten.,syntax/semantics,binding,principle_A_case_2,True,True,False,False,367,-58.779624938964844,-55.61322784423828,0
The actress imagines herself climbing up some hill.,The actress imagines herself climbed up some hill.,syntax/semantics,binding,principle_A_case_2,True,True,False,False,368,-69.32794952392578,-70.4982681274414,1
Bradley thinks about himself boycotting this government.,Bradley thinks about himself boycotts this government.,syntax/semantics,binding,principle_A_case_2,True,True,False,False,369,-63.77886962890625,-65.39108276367188,1
Sally thinks about herself bringing those apples.,Sally thinks about herself brought those apples.,syntax/semantics,binding,principle_A_case_2,True,True,False,False,370,-55.65241241455078,-54.89674377441406,0
Ann imagines herself kissing Thomas.,Ann imagines herself kisses Thomas.,syntax/semantics,binding,principle_A_case_2,True,True,False,False,371,-50.20136260986328,-51.105369567871094,1
Susan thinks about herself skated around a river.,Susan thinks about herself skated around a river.,syntax/semantics,binding,principle_A_case_2,True,True,False,False,372,-58.89265441894531,-58.89265441894531,0
Janet isn't thinking about herself boring Monica.,Janet isn't thinking about herself bored Monica.,syntax/semantics,binding,principle_A_case_2,True,True,False,False,373,-60.55937957763672,-61.90992736816406,1
Sheila hadn't thought about herself climbing up all steps.,Sheila hadn't thought about herself climbs up all steps.,syntax/semantics,binding,principle_A_case_2,True,True,False,False,374,-68.62242126464844,-70.85713958740234,1
Joel forgets about himself fixing every mirror.,Joel forgets about himself fixes every mirror.,syntax/semantics,binding,principle_A_case_2,True,True,False,False,375,-67.0240478515625,-68.79096984863281,1
Amelia hasn't forgotten about herself buying some eggplants.,Amelia hasn't forgotten about herself bought some eggplants.,syntax/semantics,binding,principle_A_case_2,True,True,False,False,376,-80.49638366699219,-79.83537292480469,0
Richard hasn't thought about himself discovering this teacher.,Richard hasn't thought about himself discovers this teacher.,syntax/semantics,binding,principle_A_case_2,True,True,False,False,377,-57.89897155761719,-57.304603576660156,0
The Impressionists imagine themselves discovering every rabbit.,The Impressionists imagine themselves discovered every rabbit.,syntax/semantics,binding,principle_A_case_2,True,True,False,False,378,-76.96591186523438,-75.4664535522461,0
Samuel hasn't thought about himself descending all hills.,Samuel hasn't thought about himself descended all hills.,syntax/semantics,binding,principle_A_case_2,True,True,False,False,379,-68.6454086303711,-68.15548706054688,0
Guy wouldn't imagine himself fixing that cup.,Guy wouldn't imagine himself fixed that cup.,syntax/semantics,binding,principle_A_case_2,True,True,False,False,380,-52.06446838378906,-51.687469482421875,0
Jane thought about herself upsetting the Impressionists.,Jane thought about herself upset the Impressionists.,syntax/semantics,binding,principle_A_case_2,True,True,False,False,381,-67.33657836914062,-66.28089904785156,0
Thomas was imagining himself curing Jane.,Thomas was imagining himself cures Jane.,syntax/semantics,binding,principle_A_case_2,True,True,False,False,382,-50.36573028564453,-48.948768615722656,0
Theresa was forgetting about herself arguing about these commentaries.,Theresa was forgetting about herself argued about these commentaries.,syntax/semantics,binding,principle_A_case_2,True,True,False,False,383,-79.50071716308594,-81.73873138427734,1
Stephen couldn't think about himself referencing Rose.,Stephen couldn't think about himself referenced Rose.,syntax/semantics,binding,principle_A_case_2,True,True,False,False,384,-51.97829055786133,-51.374874114990234,0
A lot of guys think about themselves firing Anna.,A lot of guys think about themselves fire Anna.,syntax/semantics,binding,principle_A_case_2,True,True,False,False,385,-62.0437126159668,-60.80973434448242,0
Leslie imagines herself discovering spinach.,Leslie imagines herself discovers spinach.,syntax/semantics,binding,principle_A_case_2,True,True,False,False,386,-64.42276000976562,-64.50558471679688,1
Sara imagined herself irritating Angela.,Sara imagined herself irritated Angela.,syntax/semantics,binding,principle_A_case_2,True,True,False,False,387,-56.66799545288086,-53.601341247558594,0
The Impressionists think about themselves walking through some grocery store.,The Impressionists think about themselves walk through some grocery store.,syntax/semantics,binding,principle_A_case_2,True,True,False,False,388,-84.61157989501953,-85.40300750732422,1
Brenda did think about herself disgusting Ann.,Brenda did think about herself disgusted Ann.,syntax/semantics,binding,principle_A_case_2,True,True,False,False,389,-55.086204528808594,-55.585487365722656,1
All adults forget about themselves questioning Carol.,All adults forget about themselves questioned Carol.,syntax/semantics,binding,principle_A_case_2,True,True,False,False,390,-58.82734298706055,-58.082542419433594,0
This organization wouldn't think about itself hurting Bethany.,This organization wouldn't think about itself hurts Bethany.,syntax/semantics,binding,principle_A_case_2,True,True,False,False,391,-70.02498626708984,-69.22542572021484,0
Robert thinks about himself describing Theodore.,Robert thinks about himself described Theodore.,syntax/semantics,binding,principle_A_case_2,True,True,False,False,392,-44.229896545410156,-43.3389892578125,0
Donald had thought about himself admiring Jesus.,Donald had thought about himself admires Jesus.,syntax/semantics,binding,principle_A_case_2,True,True,False,False,393,-49.362030029296875,-56.45790100097656,1
Randolf isn't imagining himself climbing down these slopes.,Randolf isn't imagining himself climbed down these slopes.,syntax/semantics,binding,principle_A_case_2,True,True,False,False,394,-73.48033142089844,-74.53620147705078,1
A lot of cashiers think about themselves criticizing some play.,A lot of cashiers think about themselves criticize some play.,syntax/semantics,binding,principle_A_case_2,True,True,False,False,395,-79.060546875,-78.71281433105469,0
Florence forgot about herself observing Ruth.,Florence forgot about herself observed Ruth.,syntax/semantics,binding,principle_A_case_2,True,True,False,False,396,-60.328704833984375,-58.60736846923828,0
The Clintons imagine themselves insulting Carolyn.,The Clintons imagine themselves insulted Carolyn.,syntax/semantics,binding,principle_A_case_2,True,True,False,False,397,-58.951759338378906,-58.69040298461914,0
Alicia hasn't forgotten about herself complaining about Rachel.,Alicia hasn't forgotten about herself complains about Rachel.,syntax/semantics,binding,principle_A_case_2,True,True,False,False,398,-70.65135192871094,-71.63780212402344,1
Derek hadn't thought about himself boasting about Alicia.,Derek hadn't thought about himself boasts about Alicia.,syntax/semantics,binding,principle_A_case_2,True,True,False,False,399,-72.1772689819336,-73.83537292480469,1
Lucille can't imagine herself upsetting Bradley.,Lucille can't imagine herself upset Bradley.,syntax/semantics,binding,principle_A_case_2,True,True,False,False,400,-62.345985412597656,-60.356468200683594,0
Holly thinks about herself investigating Rebecca.,Holly thinks about herself investigates Rebecca.,syntax/semantics,binding,principle_A_case_2,True,True,False,False,401,-54.69702911376953,-57.66218566894531,1
Keith isn't thinking about himself leaving Theodore.,Keith isn't thinking about himself left Theodore.,syntax/semantics,binding,principle_A_case_2,True,True,False,False,402,-49.74699401855469,-49.59210968017578,0
Those girls imagined themselves biking to that school.,Those girls imagined themselves bike to that school.,syntax/semantics,binding,principle_A_case_2,True,True,False,False,403,-59.340755462646484,-57.29731369018555,0
Connie would imagine herself cleaning that bank.,Connie would imagine herself cleaned that bank.,syntax/semantics,binding,principle_A_case_2,True,True,False,False,404,-59.64753723144531,-59.80016326904297,1
Karen thought about herself observing Carlos.,Karen thought about herself observed Carlos.,syntax/semantics,binding,principle_A_case_2,True,True,False,False,405,-54.74900817871094,-52.909263610839844,0
Carol wasn't forgetting about herself fixing chairs.,Carol wasn't forgetting about herself fixed chairs.,syntax/semantics,binding,principle_A_case_2,True,True,False,False,406,-66.28074645996094,-64.05369567871094,0
Anne imagines herself descending those slopes.,Anne imagines herself descends those slopes.,syntax/semantics,binding,principle_A_case_2,True,True,False,False,407,-61.06708908081055,-68.15605163574219,1
Ronald should forget about himself messing up those rugs.,Ronald should forget about himself messes up those rugs.,syntax/semantics,binding,principle_A_case_2,True,True,False,False,408,-70.72531127929688,-79.27765655517578,1
Rebecca doesn't think about herself discussing Beverly.,Rebecca doesn't think about herself discussed Beverly.,syntax/semantics,binding,principle_A_case_2,True,True,False,False,409,-61.043907165527344,-63.36347198486328,1
Lissa thinks about herself investigating Monet.,Lissa thinks about herself investigates Monet.,syntax/semantics,binding,principle_A_case_2,True,True,False,False,410,-61.90850830078125,-64.62704467773438,1
The associations forget about themselves firing Carol.,The associations forget about themselves fire Carol.,syntax/semantics,binding,principle_A_case_2,True,True,False,False,411,-60.07596206665039,-58.63125991821289,0
Karen forgets about herself bringing a print.,Karen forgets about herself brought a print.,syntax/semantics,binding,principle_A_case_2,True,True,False,False,412,-62.438385009765625,-60.884674072265625,0
This woman wasn't forgetting about herself curing this actor.,This woman wasn't forgetting about herself cured this actor.,syntax/semantics,binding,principle_A_case_2,True,True,False,False,413,-69.16525268554688,-66.77694702148438,0
Ann had thought about herself arguing about Monet.,Ann had thought about herself argued about Monet.,syntax/semantics,binding,principle_A_case_2,True,True,False,False,414,-55.934104919433594,-59.29886245727539,1
Kevin imagined himself messing up some plates.,Kevin imagined himself messes up some plates.,syntax/semantics,binding,principle_A_case_2,True,True,False,False,415,-50.082393646240234,-57.81517791748047,1
All ladies think about themselves stunning Tracy.,All ladies think about themselves stunned Tracy.,syntax/semantics,binding,principle_A_case_2,True,True,False,False,416,-54.9128303527832,-55.47624969482422,1
A lot of waiters think about themselves noticing most art galleries.,A lot of waiters think about themselves noticed most art galleries.,syntax/semantics,binding,principle_A_case_2,True,True,False,False,417,-90.12045288085938,-89.09999084472656,0
Aaron will think about himself healing all snakes.,Aaron will think about himself healed all snakes.,syntax/semantics,binding,principle_A_case_2,True,True,False,False,418,-56.823455810546875,-54.78357696533203,0
These banks weren't thinking about themselves hurting those patients.,These banks weren't thinking about themselves hurt those patients.,syntax/semantics,binding,principle_A_case_2,True,True,False,False,419,-64.96492004394531,-63.9360466003418,0
Stacey is thinking about herself investigating Douglas.,Stacey is thinking about herself investigated Douglas.,syntax/semantics,binding,principle_A_case_2,True,True,False,False,420,-55.200096130371094,-55.81067657470703,1
April didn't imagine herself leaving Janice.,April didn't imagine herself left Janice.,syntax/semantics,binding,principle_A_case_2,True,True,False,False,421,-53.7840576171875,-53.61598205566406,0
Marie was forgetting about herself discovering some mirror.,Marie was forgetting about herself discovered some mirror.,syntax/semantics,binding,principle_A_case_2,True,True,False,False,422,-56.51308059692383,-53.58034896850586,0
This dancer thinks about herself walking through the public park.,This dancer thinks about herself walked through the public park.,syntax/semantics,binding,principle_A_case_2,True,True,False,False,423,-65.95466613769531,-66.34957885742188,1
Carl isn't imagining himself disgusting Donna.,Carl isn't imagining himself disgusted Donna.,syntax/semantics,binding,principle_A_case_2,True,True,False,False,424,-56.728179931640625,-56.6815071105957,0
Some banks forget about themselves talking to every girl.,Some banks forget about themselves talked to every girl.,syntax/semantics,binding,principle_A_case_2,True,True,False,False,425,-60.339229583740234,-62.05596923828125,1
Some men thought about themselves returning to Robert.,Some men thought about themselves returned to Robert.,syntax/semantics,binding,principle_A_case_2,True,True,False,False,426,-51.85049819946289,-49.2701530456543,0
Sarah wasn't forgetting about herself aggravating Karla.,Sarah wasn't forgetting about herself aggravated Karla.,syntax/semantics,binding,principle_A_case_2,True,True,False,False,427,-72.20416259765625,-67.3342056274414,0
Sarah forgets about herself insulting Holly.,Sarah forgets about herself insulted Holly.,syntax/semantics,binding,principle_A_case_2,True,True,False,False,428,-53.543209075927734,-53.07773971557617,0
Every school forgets about itself disgusting Charles.,Every school forgets about itself disgusted Charles.,syntax/semantics,binding,principle_A_case_2,True,True,False,False,429,-65.84009552001953,-65.71278381347656,0
Jane wasn't imagining herself criticizing Diana.,Jane wasn't imagining herself criticized Diana.,syntax/semantics,binding,principle_A_case_2,True,True,False,False,430,-51.44105911254883,-51.62161636352539,1
A lot of girls forget about themselves confusing the patient.,A lot of girls forget about themselves confuse the patient.,syntax/semantics,binding,principle_A_case_2,True,True,False,False,431,-63.67042541503906,-63.39032745361328,0
A girl couldn't forget about herself embarrassing pedestrians.,A girl couldn't forget about herself embarrassed pedestrians.,syntax/semantics,binding,principle_A_case_2,True,True,False,False,432,-61.346038818359375,-60.838844299316406,0
Russell imagines himself finding every fork.,Russell imagines himself found every fork.,syntax/semantics,binding,principle_A_case_2,True,True,False,False,433,-60.09138107299805,-58.88705825805664,0
Karen forgets about herself disturbing some museum.,Karen forgets about herself disturbed some museum.,syntax/semantics,binding,principle_A_case_2,True,True,False,False,434,-67.17472839355469,-65.56938171386719,0
Tanya does forget about herself passing a mall.,Tanya does forget about herself passed a mall.,syntax/semantics,binding,principle_A_case_2,True,True,False,False,435,-64.51437377929688,-62.662391662597656,0
Amanda had thought about herself kissing Guy.,Amanda had thought about herself kisses Guy.,syntax/semantics,binding,principle_A_case_2,True,True,False,False,436,-54.03565979003906,-56.323238372802734,1
These banks forgot about themselves alarming William.,These banks forgot about themselves alarm William.,syntax/semantics,binding,principle_A_case_2,True,True,False,False,437,-59.11993408203125,-59.658817291259766,1
Dawn hadn't forgotten about herself disturbing Aaron.,Dawn hadn't forgotten about herself disturbs Aaron.,syntax/semantics,binding,principle_A_case_2,True,True,False,False,438,-64.83502197265625,-75.04863739013672,1
Lori was forgetting about herself irritating Rachelle.,Lori was forgetting about herself irritated Rachelle.,syntax/semantics,binding,principle_A_case_2,True,True,False,False,439,-72.94963073730469,-70.82197570800781,0
Carmen imagined herself exploring a river.,Carmen imagined herself explored a river.,syntax/semantics,binding,principle_A_case_2,True,True,False,False,440,-60.59696960449219,-60.86247253417969,1
Some guests thought about themselves returning to Peter.,Some guests thought about themselves returned to Peter.,syntax/semantics,binding,principle_A_case_2,True,True,False,False,441,-55.95806121826172,-53.97200012207031,0
Lawrence thought about himself referencing Tanya.,Lawrence thought about himself references Tanya.,syntax/semantics,binding,principle_A_case_2,True,True,False,False,442,-63.60740661621094,-63.989524841308594,1
Cindy hadn't imagined herself impressing Tracy.,Cindy hadn't imagined herself impressed Tracy.,syntax/semantics,binding,principle_A_case_2,True,True,False,False,443,-74.96601104736328,-67.54354858398438,0
The Borgias imagine themselves attacking Valerie.,The Borgias imagine themselves attack Valerie.,syntax/semantics,binding,principle_A_case_2,True,True,False,False,444,-65.71568298339844,-66.03128051757812,1
Most children think about themselves breaking those couches.,Most children think about themselves broke those couches.,syntax/semantics,binding,principle_A_case_2,True,True,False,False,445,-62.04800796508789,-63.09250259399414,1
All girls think about themselves hurting Rodney.,All girls think about themselves hurts Rodney.,syntax/semantics,binding,principle_A_case_2,True,True,False,False,446,-52.305686950683594,-52.89220428466797,1
Most customers think about themselves describing those rivers.,Most customers think about themselves describe those rivers.,syntax/semantics,binding,principle_A_case_2,True,True,False,False,447,-56.194541931152344,-55.362144470214844,0
Bethany thought about herself running around this library.,Bethany thought about herself ran around this library.,syntax/semantics,binding,principle_A_case_2,True,True,False,False,448,-69.00778198242188,-72.49325561523438,1
Theresa has thought about herself returning to Anna.,Theresa has thought about herself returned to Anna.,syntax/semantics,binding,principle_A_case_2,True,True,False,False,449,-59.51232147216797,-57.93418502807617,0
Catherine thinks about herself curing Mark.,Catherine thinks about herself cures Mark.,syntax/semantics,binding,principle_A_case_2,True,True,False,False,450,-57.14152145385742,-55.57719039916992,0
Most customers imagine themselves worrying this student.,Most customers imagine themselves worry this student.,syntax/semantics,binding,principle_A_case_2,True,True,False,False,451,-54.915706634521484,-55.80231475830078,1
Some teenagers imagine themselves investigating Travis.,Some teenagers imagine themselves investigate Travis.,syntax/semantics,binding,principle_A_case_2,True,True,False,False,452,-55.06144714355469,-56.8326416015625,1
Christina is imagining herself hurting Regina.,Christina is imagining herself hurt Regina.,syntax/semantics,binding,principle_A_case_2,True,True,False,False,453,-53.88813781738281,-53.531890869140625,0
Children think about themselves dropping by a college campus.,Children think about themselves dropped by a college campus.,syntax/semantics,binding,principle_A_case_2,True,True,False,False,454,-59.46531295776367,-56.255821228027344,0
Dan wouldn't forget about himself hurting some girl.,Dan wouldn't forget about himself hurt some girl.,syntax/semantics,binding,principle_A_case_2,True,True,False,False,455,-51.192928314208984,-49.56671905517578,0
Brian could think about himself insulting Karen.,Brian could think about himself insulted Karen.,syntax/semantics,binding,principle_A_case_2,True,True,False,False,456,-48.07344055175781,-47.490150451660156,0
Scott hadn't imagined himself discussing Angela.,Scott hadn't imagined himself discussed Angela.,syntax/semantics,binding,principle_A_case_2,True,True,False,False,457,-53.26212692260742,-54.07361602783203,1
Laurie thinks about herself curing some ladies.,Laurie thinks about herself cured some ladies.,syntax/semantics,binding,principle_A_case_2,True,True,False,False,458,-68.90185546875,-66.96136474609375,0
These waitresses can imagine themselves going to that grocery store.,These waitresses can imagine themselves go to that grocery store.,syntax/semantics,binding,principle_A_case_2,True,True,False,False,459,-77.52383422851562,-77.17967224121094,0
Christina hasn't thought about herself cleaning every gate.,Christina hasn't thought about herself cleaned every gate.,syntax/semantics,binding,principle_A_case_2,True,True,False,False,460,-65.09434509277344,-65.04132080078125,0
Stacey imagined herself alarming Tina.,Stacey imagined herself alarmed Tina.,syntax/semantics,binding,principle_A_case_2,True,True,False,False,461,-56.07171630859375,-54.460060119628906,0
The association couldn't think about itself insulting girls.,The association couldn't think about itself insulted girls.,syntax/semantics,binding,principle_A_case_2,True,True,False,False,462,-62.13993453979492,-61.39421844482422,0
Jerry isn't forgetting about himself concealing Tonya.,Jerry isn't forgetting about himself concealed Tonya.,syntax/semantics,binding,principle_A_case_2,True,True,False,False,463,-73.756103515625,-64.42766571044922,0
Catherine imagined herself concealing Stephen.,Catherine imagined herself concealed Stephen.,syntax/semantics,binding,principle_A_case_2,True,True,False,False,464,-65.21996307373047,-54.21516418457031,0
Christopher might imagine himself breaking every chair.,Christopher might imagine himself breaks every chair.,syntax/semantics,binding,principle_A_case_2,True,True,False,False,465,-48.64783477783203,-50.14386749267578,1
Noah couldn't think about himself wearing the sock.,Noah couldn't think about himself wears the sock.,syntax/semantics,binding,principle_A_case_2,True,True,False,False,466,-59.301513671875,-61.729248046875,1
Janet thought about herself approaching Maria.,Janet thought about herself approached Maria.,syntax/semantics,binding,principle_A_case_2,True,True,False,False,467,-52.55087661743164,-53.101959228515625,1
Alice is thinking about herself breaking those glasses.,Alice is thinking about herself broke those glasses.,syntax/semantics,binding,principle_A_case_2,True,True,False,False,468,-49.902687072753906,-49.514686584472656,0
Brett imagines himself thinking about this hair.,Brett imagines himself thinks about this hair.,syntax/semantics,binding,principle_A_case_2,True,True,False,False,469,-66.31126403808594,-69.59684753417969,1
Ronald thought about himself breaking a truck.,Ronald thought about himself broke a truck.,syntax/semantics,binding,principle_A_case_2,True,True,False,False,470,-53.42576599121094,-50.78201675415039,0
The Clintons think about themselves finding Claire.,The Clintons think about themselves find Claire.,syntax/semantics,binding,principle_A_case_2,True,True,False,False,471,-61.059932708740234,-57.7818489074707,0
Lissa hasn't forgotten about herself praising Andrea.,Lissa hasn't forgotten about herself praises Andrea.,syntax/semantics,binding,principle_A_case_2,True,True,False,False,472,-65.38664245605469,-68.46080780029297,1
Kevin forgot about himself walking through Spain.,Kevin forgot about himself walked through Spain.,syntax/semantics,binding,principle_A_case_2,True,True,False,False,473,-49.05491638183594,-48.611778259277344,0
Bradley imagined himself boasting about Sandra.,Bradley imagined himself boasts about Sandra.,syntax/semantics,binding,principle_A_case_2,True,True,False,False,474,-58.184635162353516,-58.56032943725586,1
Jessica hadn't thought about herself insulting Tara.,Jessica hadn't thought about herself insulted Tara.,syntax/semantics,binding,principle_A_case_2,True,True,False,False,475,-58.88920211791992,-58.13645935058594,0
Theresa has imagined herself escaping from every grocery store.,Theresa has imagined herself escapes from every grocery store.,syntax/semantics,binding,principle_A_case_2,True,True,False,False,476,-74.83515930175781,-75.54238891601562,1
Most committees think about themselves admiring many candles.,Most committees think about themselves admired many candles.,syntax/semantics,binding,principle_A_case_2,True,True,False,False,477,-64.51458740234375,-58.80759811401367,0
Paul wasn't imagining himself investigating Grace.,Paul wasn't imagining himself investigates Grace.,syntax/semantics,binding,principle_A_case_2,True,True,False,False,478,-53.213783264160156,-56.013179779052734,1
Many people think about themselves hurting Bethany.,Many people think about themselves hurt Bethany.,syntax/semantics,binding,principle_A_case_2,True,True,False,False,479,-52.27478790283203,-51.005226135253906,0
Naomi hasn't forgotten about herself boasting about Vincent.,Naomi hasn't forgotten about herself boasted about Vincent.,syntax/semantics,binding,principle_A_case_2,True,True,False,False,480,-69.37102508544922,-69.39209747314453,1
Cynthia imagined herself questioning Eva.,Cynthia imagined herself questioned Eva.,syntax/semantics,binding,principle_A_case_2,True,True,False,False,481,-67.09548950195312,-65.80430603027344,0
Mitchell thought about himself messing up this hospital.,Mitchell thought about himself messes up this hospital.,syntax/semantics,binding,principle_A_case_2,True,True,False,False,482,-62.967960357666016,-72.8432388305664,1
Joel thinks about himself astounding Derek.,Joel thinks about himself astounded Derek.,syntax/semantics,binding,principle_A_case_2,True,True,False,False,483,-57.740413665771484,-60.731300354003906,1
Most boys imagine themselves complaining about Deanna.,Most boys imagine themselves complained about Deanna.,syntax/semantics,binding,principle_A_case_2,True,True,False,False,484,-61.328125,-62.324798583984375,1
Linda was imagining herself aggravating all hospitals.,Linda was imagining herself aggravated all hospitals.,syntax/semantics,binding,principle_A_case_2,True,True,False,False,485,-65.9386978149414,-62.90126037597656,0
David has thought about himself complaining about those patients.,David has thought about himself complained about those patients.,syntax/semantics,binding,principle_A_case_2,True,True,False,False,486,-53.45661163330078,-54.435791015625,1
Marcus thought about himself attacking Rhonda.,Marcus thought about himself attacked Rhonda.,syntax/semantics,binding,principle_A_case_2,True,True,False,False,487,-54.237464904785156,-52.541259765625,0
Peter couldn't imagine himself curing Larry.,Peter couldn't imagine himself cures Larry.,syntax/semantics,binding,principle_A_case_2,True,True,False,False,488,-53.22058868408203,-51.99909973144531,0
Paul forgets about himself biking to the schools.,Paul forgets about himself biked to the schools.,syntax/semantics,binding,principle_A_case_2,True,True,False,False,489,-61.27043914794922,-63.60484313964844,1
James would think about himself criticizing Carl.,James would think about himself criticizes Carl.,syntax/semantics,binding,principle_A_case_2,True,True,False,False,490,-49.479461669921875,-59.6612548828125,1
Eva thinks about herself scaring Deanna.,Eva thinks about herself scares Deanna.,syntax/semantics,binding,principle_A_case_2,True,True,False,False,491,-53.4232292175293,-50.031158447265625,0
Samantha was forgetting about herself dropping by the mountains.,Samantha was forgetting about herself drops by the mountains.,syntax/semantics,binding,principle_A_case_2,True,True,False,False,492,-69.28755187988281,-69.33014678955078,1
Cindy might imagine herself disturbing actresses.,Cindy might imagine herself disturbs actresses.,syntax/semantics,binding,principle_A_case_2,True,True,False,False,493,-62.12313461303711,-72.46723175048828,1
All people might forget about themselves bringing the window.,All people might forget about themselves brought the window.,syntax/semantics,binding,principle_A_case_2,True,True,False,False,494,-51.29792404174805,-50.190670013427734,0
Caroline did think about herself scaring Paula.,Caroline did think about herself scares Paula.,syntax/semantics,binding,principle_A_case_2,True,True,False,False,495,-64.18531799316406,-60.176673889160156,0
Christine thought about herself hiding those customers.,Christine thought about herself hid those customers.,syntax/semantics,binding,principle_A_case_2,True,True,False,False,496,-57.535545349121094,-58.120147705078125,1
Lucille imagines herself attacking Leslie.,Lucille imagines herself attacks Leslie.,syntax/semantics,binding,principle_A_case_2,True,True,False,False,497,-61.042823791503906,-62.488121032714844,1
Irene imagines herself kissing Gregory.,Irene imagines herself kisses Gregory.,syntax/semantics,binding,principle_A_case_2,True,True,False,False,498,-65.6732177734375,-66.1912841796875,1
Todd thought about himself looking like this drawing.,Todd thought about himself looked like this drawing.,syntax/semantics,binding,principle_A_case_2,True,True,False,False,499,-48.15232849121094,-49.86526107788086,1
Cheryl thought about herself helping Melissa.,Cheryl thought about herself helped Melissa.,syntax/semantics,binding,principle_A_case_2,True,True,False,False,500,-62.24372100830078,-62.585777282714844,1
Caroline imagined herself healing Brenda.,Caroline imagined herself heals Brenda.,syntax/semantics,binding,principle_A_case_2,True,True,False,False,501,-55.915916442871094,-56.80241012573242,1
Randolf couldn't imagine himself escaping from Harvard University.,Randolf couldn't imagine himself escaped from Harvard University.,syntax/semantics,binding,principle_A_case_2,True,True,False,False,502,-65.49091339111328,-63.293514251708984,0
Every boy has imagined himself confusing Jason.,Every boy has imagined himself confused Jason.,syntax/semantics,binding,principle_A_case_2,True,True,False,False,503,-54.80256652832031,-53.95668411254883,0
Denise hasn't imagined herself hugging every customer.,Denise hasn't imagined herself hugged every customer.,syntax/semantics,binding,principle_A_case_2,True,True,False,False,504,-70.20015716552734,-71.58506774902344,1
These drivers had thought about themselves listening to Rhonda.,These drivers had thought about themselves listened to Rhonda.,syntax/semantics,binding,principle_A_case_2,True,True,False,False,505,-67.41368103027344,-68.33438110351562,1
Those guys think about themselves hiding the mirrors.,Those guys think about themselves hid the mirrors.,syntax/semantics,binding,principle_A_case_2,True,True,False,False,506,-48.754859924316406,-49.635826110839844,1
Elaine wasn't thinking about herself attacking Catherine.,Elaine wasn't thinking about herself attacked Catherine.,syntax/semantics,binding,principle_A_case_2,True,True,False,False,507,-60.579280853271484,-59.25396728515625,0
Suzanne couldn't think about herself complaining about Gregory.,Suzanne couldn't think about herself complained about Gregory.,syntax/semantics,binding,principle_A_case_2,True,True,False,False,508,-64.02912139892578,-64.76374053955078,1
Randolf has thought about himself exploring lakes.,Randolf has thought about himself explored lakes.,syntax/semantics,binding,principle_A_case_2,True,True,False,False,509,-58.36525344848633,-59.667091369628906,1
Rodney is thinking about himself boring Omar.,Rodney is thinking about himself bored Omar.,syntax/semantics,binding,principle_A_case_2,True,True,False,False,510,-57.472599029541016,-58.40083312988281,1
John thought about himself shocking Jessica.,John thought about himself shocked Jessica.,syntax/semantics,binding,principle_A_case_2,True,True,False,False,511,-48.080848693847656,-46.81414794921875,0
Alice forgot about herself looking like most pictures.,Alice forgot about herself looked like most pictures.,syntax/semantics,binding,principle_A_case_2,True,True,False,False,512,-52.70452117919922,-53.79207992553711,1
Irene has imagined herself cleaning many reports.,Irene has imagined herself cleaned many reports.,syntax/semantics,binding,principle_A_case_2,True,True,False,False,513,-67.74842834472656,-68.09650421142578,1
Jason had thought about himself climbing up many mountains.,Jason had thought about himself climbs up many mountains.,syntax/semantics,binding,principle_A_case_2,True,True,False,False,514,-55.790809631347656,-57.67082977294922,1
Julia hadn't imagined herself shocking Nina.,Julia hadn't imagined herself shocked Nina.,syntax/semantics,binding,principle_A_case_2,True,True,False,False,515,-61.35332489013672,-58.87390899658203,0
Walter forgot about himself curing George.,Walter forgot about himself cured George.,syntax/semantics,binding,principle_A_case_2,True,True,False,False,516,-54.964866638183594,-51.468753814697266,0
Sheila forgot about herself revealing Christina.,Sheila forgot about herself reveals Christina.,syntax/semantics,binding,principle_A_case_2,True,True,False,False,517,-59.92002868652344,-59.10489273071289,0
Ruth was thinking about herself skated around a library.,Ruth was thinking about herself skates around a library.,syntax/semantics,binding,principle_A_case_2,True,True,False,False,518,-64.79188537597656,-64.04289245605469,0
Sherry thinks about herself bothering these senators.,Sherry thinks about herself bothered these senators.,syntax/semantics,binding,principle_A_case_2,True,True,False,False,519,-64.08682250976562,-65.60328674316406,1
Melinda has thought about herself concealing Marla.,Melinda has thought about herself concealed Marla.,syntax/semantics,binding,principle_A_case_2,True,True,False,False,520,-70.6036376953125,-61.686851501464844,0
The girls think about themselves dropping by a grocery store.,The girls think about themselves drop by a grocery store.,syntax/semantics,binding,principle_A_case_2,True,True,False,False,521,-63.369384765625,-62.67283630371094,0
Doctors shouldn't think about themselves boring Lawrence.,Doctors shouldn't think about themselves bored Lawrence.,syntax/semantics,binding,principle_A_case_2,True,True,False,False,522,-49.05253601074219,-49.96306228637695,1
Many teenagers should think about themselves describing Sandra.,Many teenagers should think about themselves describe Sandra.,syntax/semantics,binding,principle_A_case_2,True,True,False,False,523,-58.57075881958008,-57.7530632019043,0
This library had forgotten about itself stunning Christopher.,This library had forgotten about itself stuns Christopher.,syntax/semantics,binding,principle_A_case_2,True,True,False,False,524,-63.881370544433594,-71.10623931884766,1
Men think about themselves boasting about Jeffrey.,Men think about themselves boast about Jeffrey.,syntax/semantics,binding,principle_A_case_2,True,True,False,False,525,-52.09541320800781,-51.37373352050781,0
Roger has forgotten about himself concealing a teenager.,Roger has forgotten about himself concealed a teenager.,syntax/semantics,binding,principle_A_case_2,True,True,False,False,526,-62.72359085083008,-50.010398864746094,0
Susan is thinking about herself fixing this plate.,Susan is thinking about herself fixes this plate.,syntax/semantics,binding,principle_A_case_2,True,True,False,False,527,-47.22966003417969,-49.715667724609375,1
Tara thinks about herself examining the documentary.,Tara thinks about herself examines the documentary.,syntax/semantics,binding,principle_A_case_2,True,True,False,False,528,-57.74561309814453,-58.63257598876953,1
Jill was thinking about herself descending most hills.,Jill was thinking about herself descends most hills.,syntax/semantics,binding,principle_A_case_2,True,True,False,False,529,-62.44145584106445,-70.43167877197266,1
Samuel thinks about himself leaving all grocery stores.,Samuel thinks about himself leaves all grocery stores.,syntax/semantics,binding,principle_A_case_2,True,True,False,False,530,-66.66685485839844,-68.75660705566406,1
Tammy does think about herself irritating James.,Tammy does think about herself irritated James.,syntax/semantics,binding,principle_A_case_2,True,True,False,False,531,-56.988494873046875,-54.45832824707031,0
Samantha imagined herself kissing Holly.,Samantha imagined herself kissed Holly.,syntax/semantics,binding,principle_A_case_2,True,True,False,False,532,-58.67023849487305,-58.85923767089844,1
Deborah has thought about herself wearing every dress.,Deborah has thought about herself wore every dress.,syntax/semantics,binding,principle_A_case_2,True,True,False,False,533,-62.427162170410156,-62.53544616699219,1
All guests imagine themselves exiting this cafe.,All guests imagine themselves exited this cafe.,syntax/semantics,binding,principle_A_case_2,True,True,False,False,534,-61.06071853637695,-61.166587829589844,1
Liam had thought about himself observing Deanna.,Liam had thought about himself observes Deanna.,syntax/semantics,binding,principle_A_case_2,True,True,False,False,535,-64.65221405029297,-66.79319763183594,1
Karen would forget about herself exploring all banks.,Karen would forget about herself explores all banks.,syntax/semantics,binding,principle_A_case_2,True,True,False,False,536,-60.15694046020508,-63.08131790161133,1
All adults imagine themselves shocking Teresa.,All adults imagine themselves shock Teresa.,syntax/semantics,binding,principle_A_case_2,True,True,False,False,537,-57.191864013671875,-57.18597412109375,0
Some waiters think about themselves disgusting that woman.,Some waiters think about themselves disgusted that woman.,syntax/semantics,binding,principle_A_case_2,True,True,False,False,538,-67.08181762695312,-66.24630737304688,0
Julia imagines herself upsetting Bethany.,Julia imagines herself upset Bethany.,syntax/semantics,binding,principle_A_case_2,True,True,False,False,539,-68.24888610839844,-66.26913452148438,0
Michael should forget about himself concealing the customer.,Michael should forget about himself conceals the customer.,syntax/semantics,binding,principle_A_case_2,True,True,False,False,540,-61.935691833496094,-63.048255920410156,1
Sabrina has thought about herself attacking Veronica.,Sabrina has thought about herself attacked Veronica.,syntax/semantics,binding,principle_A_case_2,True,True,False,False,541,-60.674591064453125,-59.29481506347656,0
Martin could think about himself disturbing Kristen.,Martin could think about himself disturbs Kristen.,syntax/semantics,binding,principle_A_case_2,True,True,False,False,542,-50.375797271728516,-61.4757080078125,1
Theresa thought about herself aggravating Jodi.,Theresa thought about herself aggravated Jodi.,syntax/semantics,binding,principle_A_case_2,True,True,False,False,543,-71.25125122070312,-66.99472045898438,0
Jessica forgets about herself running around grocery stores.,Jessica forgets about herself runs around grocery stores.,syntax/semantics,binding,principle_A_case_2,True,True,False,False,544,-64.47303009033203,-66.65193939208984,1
Frank is thinking about himself criticizing Mark.,Frank is thinking about himself criticized Mark.,syntax/semantics,binding,principle_A_case_2,True,True,False,False,545,-45.51392364501953,-45.86124801635742,1
Ruth would think about herself researching the Lutherans.,Ruth would think about herself researches the Lutherans.,syntax/semantics,binding,principle_A_case_2,True,True,False,False,546,-75.47413635253906,-81.75435638427734,1
Some girl will forget about herself disturbing the boys.,Some girl will forget about herself disturbed the boys.,syntax/semantics,binding,principle_A_case_2,True,True,False,False,547,-54.760440826416016,-53.263587951660156,0
Gerald can think about himself looking like those sketches.,Gerald can think about himself looked like those sketches.,syntax/semantics,binding,principle_A_case_2,True,True,False,False,548,-65.01025390625,-66.07290649414062,1
Naomi forgets about herself insulting Katherine.,Naomi forgets about herself insulted Katherine.,syntax/semantics,binding,principle_A_case_2,True,True,False,False,549,-62.37720489501953,-62.03668212890625,0
Leslie forgets about herself touring the schools.,Leslie forgets about herself toured the schools.,syntax/semantics,binding,principle_A_case_2,True,True,False,False,550,-65.79324340820312,-65.65435028076172,0
Steven couldn't think about himself boring Elaine.,Steven couldn't think about himself bored Elaine.,syntax/semantics,binding,principle_A_case_2,True,True,False,False,551,-49.06269454956055,-50.309051513671875,1
Tracy imagines herself listening to Wayne.,Tracy imagines herself listens to Wayne.,syntax/semantics,binding,principle_A_case_2,True,True,False,False,552,-64.65634155273438,-66.38059997558594,1
Steve hadn't forgotten about himself boycotting the legislature.,Steve hadn't forgotten about himself boycotts the legislature.,syntax/semantics,binding,principle_A_case_2,True,True,False,False,553,-67.43247985839844,-70.43745422363281,1
Connie forgets about herself scanning the story.,Connie forgets about herself scans the story.,syntax/semantics,binding,principle_A_case_2,True,True,False,False,554,-59.292457580566406,-65.41751861572266,1
Teachers think about themselves embarrassing April.,Teachers think about themselves embarrass April.,syntax/semantics,binding,principle_A_case_2,True,True,False,False,555,-55.25941467285156,-56.103641510009766,1
Monica thought about herself buying the jacket.,Monica thought about herself bought the jacket.,syntax/semantics,binding,principle_A_case_2,True,True,False,False,556,-57.06201934814453,-55.21659469604492,0
Jacqueline forgot about herself driving to every college campus.,Jacqueline forgot about herself drove to every college campus.,syntax/semantics,binding,principle_A_case_2,True,True,False,False,557,-79.81880187988281,-82.42147827148438,1
Donald thinks about himself hurting many women.,Donald thinks about himself hurt many women.,syntax/semantics,binding,principle_A_case_2,True,True,False,False,558,-47.25737380981445,-45.650299072265625,0
All schools forget about themselves boring Sally.,All schools forget about themselves bore Sally.,syntax/semantics,binding,principle_A_case_2,True,True,False,False,559,-54.34095764160156,-55.14276123046875,1
Many ladies weren't thinking about themselves discussing Mark.,Many ladies weren't thinking about themselves discuss Mark.,syntax/semantics,binding,principle_A_case_2,True,True,False,False,560,-59.436012268066406,-61.27838134765625,1
Alexander forgets about himself questioning Emily.,Alexander forgets about himself questioned Emily.,syntax/semantics,binding,principle_A_case_2,True,True,False,False,561,-52.78628158569336,-51.320762634277344,0
Many women think about themselves kissing many drivers.,Many women think about themselves kissed many drivers.,syntax/semantics,binding,principle_A_case_2,True,True,False,False,562,-53.86861801147461,-54.23031234741211,1
Michelle imagined herself cleaning the rug.,Michelle imagined herself cleans the rug.,syntax/semantics,binding,principle_A_case_2,True,True,False,False,563,-43.67538833618164,-47.606937408447266,1
Some government wouldn't forget about itself disgusting Joel.,Some government wouldn't forget about itself disgusted Joel.,syntax/semantics,binding,principle_A_case_2,True,True,False,False,564,-62.155601501464844,-62.38839340209961,1
Wayne won't imagine himself complaining about Renee.,Wayne won't imagine himself complained about Renee.,syntax/semantics,binding,principle_A_case_2,True,True,False,False,565,-62.989013671875,-64.9844970703125,1
Kirsten has thought about herself running around this mountain.,Kirsten has thought about herself runs around this mountain.,syntax/semantics,binding,principle_A_case_2,True,True,False,False,566,-70.75015258789062,-73.64163208007812,1
Carmen forgets about herself discussing Kenneth.,Carmen forgets about herself discussed Kenneth.,syntax/semantics,binding,principle_A_case_2,True,True,False,False,567,-67.87043762207031,-69.16390991210938,1
Those actresses imagine themselves skated around some hill.,Those actresses imagine themselves skate around some hill.,syntax/semantics,binding,principle_A_case_2,True,True,False,False,568,-71.0676040649414,-67.79391479492188,0
Brett hadn't thought about himself disgusting Eric.,Brett hadn't thought about himself disgusted Eric.,syntax/semantics,binding,principle_A_case_2,True,True,False,False,569,-67.44450378417969,-66.5727310180664,0
A girl is imagining herself selling this public park.,A girl is imagining herself sells this public park.,syntax/semantics,binding,principle_A_case_2,True,True,False,False,570,-66.47539520263672,-68.50331115722656,1
John thinks about himself escaping from Rachelle.,John thinks about himself escaped from Rachelle.,syntax/semantics,binding,principle_A_case_2,True,True,False,False,571,-59.44793701171875,-57.850990295410156,0
Rachel was forgetting about herself researching the movie theater.,Rachel was forgetting about herself researches the movie theater.,syntax/semantics,binding,principle_A_case_2,True,True,False,False,572,-61.60214614868164,-69.45933532714844,1
Travis was forgetting about himself complaining about some books.,Travis was forgetting about himself complains about some books.,syntax/semantics,binding,principle_A_case_2,True,True,False,False,573,-63.440757751464844,-65.9388427734375,1
Carla would think about herself investigating the waitress.,Carla would think about herself investigates the waitress.,syntax/semantics,binding,principle_A_case_2,True,True,False,False,574,-57.11773681640625,-61.415504455566406,1
Renee hadn't imagined herself cleaning that truck.,Renee hadn't imagined herself cleans that truck.,syntax/semantics,binding,principle_A_case_2,True,True,False,False,575,-65.55561828613281,-69.35104370117188,1
Keith does imagine himself skated around a lot of restaurants.,Keith does imagine himself skates around a lot of restaurants.,syntax/semantics,binding,principle_A_case_2,True,True,False,False,576,-67.78570556640625,-65.04241180419922,0
Those senators forget about themselves breaking those couches.,Those senators forget about themselves break those couches.,syntax/semantics,binding,principle_A_case_2,True,True,False,False,577,-69.85235595703125,-71.00639343261719,1
All adults imagine themselves disgusting Aaron.,All adults imagine themselves disgusted Aaron.,syntax/semantics,binding,principle_A_case_2,True,True,False,False,578,-57.07148742675781,-56.505615234375,0
Many doctors think about themselves curing some cat.,Many doctors think about themselves cure some cat.,syntax/semantics,binding,principle_A_case_2,True,True,False,False,579,-60.545814514160156,-58.92116928100586,0
A lot of actors are forgetting about themselves disturbing Nancy.,A lot of actors are forgetting about themselves disturbed Nancy.,syntax/semantics,binding,principle_A_case_2,True,True,False,False,580,-69.06837463378906,-69.43782806396484,1
Charles imagined himself alarming Sarah.,Charles imagined himself alarmed Sarah.,syntax/semantics,binding,principle_A_case_2,True,True,False,False,581,-44.30756759643555,-41.12902069091797,0
Marcus has imagined himself observing some teenagers.,Marcus has imagined himself observed some teenagers.,syntax/semantics,binding,principle_A_case_2,True,True,False,False,582,-53.65463638305664,-51.820831298828125,0
Most doctors have forgotten about themselves confusing this adult.,Most doctors have forgotten about themselves confuse this adult.,syntax/semantics,binding,principle_A_case_2,True,True,False,False,583,-65.43963623046875,-65.2408447265625,0
Martha hasn't forgotten about herself escaping from that child.,Martha hasn't forgotten about herself escapes from that child.,syntax/semantics,binding,principle_A_case_2,True,True,False,False,584,-65.87197875976562,-66.84097290039062,1
Most companies think about themselves taking this mushroom.,Most companies think about themselves took this mushroom.,syntax/semantics,binding,principle_A_case_2,True,True,False,False,585,-55.74287033081055,-55.411312103271484,0
Tina imagined herself praising Samantha.,Tina imagined herself praises Samantha.,syntax/semantics,binding,principle_A_case_2,True,True,False,False,586,-53.0338134765625,-56.18002700805664,1
Emily thinks about herself examining every report.,Emily thinks about herself examined every report.,syntax/semantics,binding,principle_A_case_2,True,True,False,False,587,-49.262176513671875,-48.34196853637695,0
Cheryl isn't thinking about herself insulting a lot of teachers.,Cheryl isn't thinking about herself insulted a lot of teachers.,syntax/semantics,binding,principle_A_case_2,True,True,False,False,588,-81.6500244140625,-79.67594909667969,0
Many drivers think about themselves disagreeing with Christina.,Many drivers think about themselves disagree with Christina.,syntax/semantics,binding,principle_A_case_2,True,True,False,False,589,-64.64036560058594,-60.85253143310547,0
Banks have thought about themselves confusing Theresa.,Banks have thought about themselves confuse Theresa.,syntax/semantics,binding,principle_A_case_2,True,True,False,False,590,-63.40052795410156,-61.48329544067383,0
Deanna can think about herself biking to a bank.,Deanna can think about herself biked to a bank.,syntax/semantics,binding,principle_A_case_2,True,True,False,False,591,-68.06617736816406,-71.15188598632812,1
This organization isn't thinking about itself arguing about the waitress.,This organization isn't thinking about itself argued about the waitress.,syntax/semantics,binding,principle_A_case_2,True,True,False,False,592,-64.906982421875,-67.63569641113281,1
Carl wasn't thinking about himself dropping by a lot of college campuses.,Carl wasn't thinking about himself drops by a lot of college campuses.,syntax/semantics,binding,principle_A_case_2,True,True,False,False,593,-73.92720794677734,-74.2891845703125,1
George imagined himself curing the dog.,George imagined himself cures the dog.,syntax/semantics,binding,principle_A_case_2,True,True,False,False,594,-45.027076721191406,-44.72200012207031,0
Carrie isn't forgetting about herself hiring Joseph.,Carrie isn't forgetting about herself hired Joseph.,syntax/semantics,binding,principle_A_case_2,True,True,False,False,595,-67.5373764038086,-65.60917663574219,0
Renee will imagine herself kissing Claire.,Renee will imagine herself kisses Claire.,syntax/semantics,binding,principle_A_case_2,True,True,False,False,596,-54.84226608276367,-55.30861282348633,1
Carolyn had thought about herself breaking a unicycle.,Carolyn had thought about herself broke a unicycle.,syntax/semantics,binding,principle_A_case_2,True,True,False,False,597,-70.027587890625,-67.73104858398438,0
Teresa imagines herself insulting Carmen.,Teresa imagines herself insults Carmen.,syntax/semantics,binding,principle_A_case_2,True,True,False,False,598,-69.12088012695312,-70.57653045654297,1
Candice forgets about herself irritating every guest.,Candice forgets about herself irritated every guest.,syntax/semantics,binding,principle_A_case_2,True,True,False,False,599,-68.57650756835938,-67.12667846679688,0
Carolyn had thought about herself returning to Dawn.,Carolyn had thought about herself returned to Dawn.,syntax/semantics,binding,principle_A_case_2,True,True,False,False,600,-60.5927848815918,-59.11665344238281,0
Ruth thought about herself descending most steps.,Ruth thought about herself descended most steps.,syntax/semantics,binding,principle_A_case_2,True,True,False,False,601,-59.70891571044922,-59.09388732910156,0
Emily had thought about herself fleeing from Dennis.,Emily had thought about herself fled from Dennis.,syntax/semantics,binding,principle_A_case_2,True,True,False,False,602,-52.029056549072266,-48.36530303955078,0
Rachel had thought about herself embarrassing Erin.,Rachel had thought about herself embarrassed Erin.,syntax/semantics,binding,principle_A_case_2,True,True,False,False,603,-49.431060791015625,-48.61643600463867,0
The ladies forgot about themselves kissing that person.,The ladies forgot about themselves kiss that person.,syntax/semantics,binding,principle_A_case_2,True,True,False,False,604,-57.32493591308594,-56.92228698730469,0
Some patients are imagining themselves discussing Alice.,Some patients are imagining themselves discussed Alice.,syntax/semantics,binding,principle_A_case_2,True,True,False,False,605,-54.10830307006836,-54.02531814575195,0
Diane hadn't imagined herself irritating Carrie.,Diane hadn't imagined herself irritated Carrie.,syntax/semantics,binding,principle_A_case_2,True,True,False,False,606,-68.49784851074219,-65.4740982055664,0
Leslie doesn't think about herself escaping from Ronald.,Leslie doesn't think about herself escaped from Ronald.,syntax/semantics,binding,principle_A_case_2,True,True,False,False,607,-62.34296417236328,-60.97833251953125,0
Ella thinks about herself talking to that actor.,Ella thinks about herself talks to that actor.,syntax/semantics,binding,principle_A_case_2,True,True,False,False,608,-58.54986572265625,-61.428199768066406,1
The Lutherans think about themselves questioning Janice.,The Lutherans think about themselves questioned Janice.,syntax/semantics,binding,principle_A_case_2,True,True,False,False,609,-71.81869506835938,-69.13955688476562,0
Carol thinks about herself insulting Allison.,Carol thinks about herself insulted Allison.,syntax/semantics,binding,principle_A_case_2,True,True,False,False,610,-58.72084045410156,-58.019874572753906,0
Lissa thought about herself referencing Tracy.,Lissa thought about herself references Tracy.,syntax/semantics,binding,principle_A_case_2,True,True,False,False,611,-59.09677505493164,-59.55613708496094,1
Some senators can't think about themselves questioning Theodore.,Some senators can't think about themselves questioned Theodore.,syntax/semantics,binding,principle_A_case_2,True,True,False,False,612,-61.607810974121094,-60.528594970703125,0
A boy hadn't thought about himself confusing Adam.,A boy hadn't thought about himself confused Adam.,syntax/semantics,binding,principle_A_case_2,True,True,False,False,613,-63.127662658691406,-62.70602798461914,0
George thought about himself working with Bruce.,George thought about himself worked with Bruce.,syntax/semantics,binding,principle_A_case_2,True,True,False,False,614,-44.472251892089844,-44.81437683105469,1
Jennifer had thought about herself curing Ellen.,Jennifer had thought about herself cured Ellen.,syntax/semantics,binding,principle_A_case_2,True,True,False,False,615,-50.86558532714844,-48.50712585449219,0
Lucille wouldn't forget about herself running around a lot of grocery stores.,Lucille wouldn't forget about herself ran around a lot of grocery stores.,syntax/semantics,binding,principle_A_case_2,True,True,False,False,616,-76.61328887939453,-80.19644165039062,1
Most women forget about themselves disagreeing with Sharon.,Most women forget about themselves disagreed with Sharon.,syntax/semantics,binding,principle_A_case_2,True,True,False,False,617,-62.16999816894531,-56.9908447265625,0
Theresa does think about herself attacking Bradley.,Theresa does think about herself attacked Bradley.,syntax/semantics,binding,principle_A_case_2,True,True,False,False,618,-63.970787048339844,-62.542572021484375,0
All libraries were forgetting about themselves appreciating a lot of museums.,All libraries were forgetting about themselves appreciated a lot of museums.,syntax/semantics,binding,principle_A_case_2,True,True,False,False,619,-78.38182830810547,-71.8938217163086,0
Those patients think about themselves irritating Andrew.,Those patients think about themselves irritate Andrew.,syntax/semantics,binding,principle_A_case_2,True,True,False,False,620,-55.596153259277344,-61.034942626953125,1
Keith thought about himself praising Gerald.,Keith thought about himself praised Gerald.,syntax/semantics,binding,principle_A_case_2,True,True,False,False,621,-45.220436096191406,-45.56572723388672,1
Gerald forgets about himself talking about Paula.,Gerald forgets about himself talks about Paula.,syntax/semantics,binding,principle_A_case_2,True,True,False,False,622,-62.28472137451172,-65.87611389160156,1
Heather thinks about herself complaining about James.,Heather thinks about herself complained about James.,syntax/semantics,binding,principle_A_case_2,True,True,False,False,623,-58.2683219909668,-59.143028259277344,1
Those actors weren't thinking about themselves boasting about Peter.,Those actors weren't thinking about themselves boasted about Peter.,syntax/semantics,binding,principle_A_case_2,True,True,False,False,624,-66.88724517822266,-66.75709533691406,0
Robert isn't thinking about himself climbing down every ladder.,Robert isn't thinking about himself climbed down every ladder.,syntax/semantics,binding,principle_A_case_2,True,True,False,False,625,-57.647308349609375,-58.28086853027344,1
Karla didn't imagine herself praising Pamela.,Karla didn't imagine herself praises Pamela.,syntax/semantics,binding,principle_A_case_2,True,True,False,False,626,-58.52496337890625,-62.31244659423828,1
The customers imagine themselves escaping from Rodney.,The customers imagine themselves escape from Rodney.,syntax/semantics,binding,principle_A_case_2,True,True,False,False,627,-57.992191314697266,-55.506309509277344,0
Marie thinks about herself exiting the movie theater.,Marie thinks about herself exited the movie theater.,syntax/semantics,binding,principle_A_case_2,True,True,False,False,628,-55.67247772216797,-55.46480178833008,0
Amy thought about herself appreciating a man.,Amy thought about herself appreciates a man.,syntax/semantics,binding,principle_A_case_2,True,True,False,False,629,-49.3327522277832,-51.38850402832031,1
Michelle is thinking about herself exploring that school.,Michelle is thinking about herself explores that school.,syntax/semantics,binding,principle_A_case_2,True,True,False,False,630,-47.571144104003906,-50.36122131347656,1
Timothy had thought about himself looking like a lot of paintings.,Timothy had thought about himself looks like a lot of paintings.,syntax/semantics,binding,principle_A_case_2,True,True,False,False,631,-63.18204116821289,-62.88158416748047,0
The children think about themselves describing Monet.,The children think about themselves describe Monet.,syntax/semantics,binding,principle_A_case_2,True,True,False,False,632,-56.395286560058594,-56.13031768798828,0
Vanessa had thought about herself discovering every convertible.,Vanessa had thought about herself discovers every convertible.,syntax/semantics,binding,principle_A_case_2,True,True,False,False,633,-66.590087890625,-67.7117919921875,1
Kirsten imagines herself listening to Daniel.,Kirsten imagines herself listens to Daniel.,syntax/semantics,binding,principle_A_case_2,True,True,False,False,634,-70.62510681152344,-72.82667541503906,1
Marla doesn't think about herself talking about Marcus.,Marla doesn't think about herself talked about Marcus.,syntax/semantics,binding,principle_A_case_2,True,True,False,False,635,-51.22633361816406,-54.806427001953125,1
Amanda imagines herself lifting that cart.,Amanda imagines herself lifted that cart.,syntax/semantics,binding,principle_A_case_2,True,True,False,False,636,-67.7509765625,-68.3532943725586,1
Some girls imagine themselves boasting about Gary.,Some girls imagine themselves boasted about Gary.,syntax/semantics,binding,principle_A_case_2,True,True,False,False,637,-57.473663330078125,-57.145729064941406,0
Men think about themselves arguing about politics.,Men think about themselves argued about politics.,syntax/semantics,binding,principle_A_case_2,True,True,False,False,638,-43.57136154174805,-45.20050811767578,1
The patients imagined themselves descending most ladders.,The patients imagined themselves descend most ladders.,syntax/semantics,binding,principle_A_case_2,True,True,False,False,639,-62.79241180419922,-65.55484008789062,1
Many actors didn't think about themselves boasting about Scott.,Many actors didn't think about themselves boasted about Scott.,syntax/semantics,binding,principle_A_case_2,True,True,False,False,640,-63.91753387451172,-63.8783073425293,0
Most schools think about themselves impressing Cindy.,Most schools think about themselves impressed Cindy.,syntax/semantics,binding,principle_A_case_2,True,True,False,False,641,-62.72746276855469,-54.8641357421875,0
Some waitress isn't thinking about herself cleaning many plates.,Some waitress isn't thinking about herself cleans many plates.,syntax/semantics,binding,principle_A_case_2,True,True,False,False,642,-67.74632263183594,-70.67252349853516,1
Tracy had thought about herself exploring some closet.,Tracy had thought about herself explores some closet.,syntax/semantics,binding,principle_A_case_2,True,True,False,False,643,-65.1197509765625,-67.56573486328125,1
Nancy forgets about herself working with Todd.,Nancy forgets about herself works with Todd.,syntax/semantics,binding,principle_A_case_2,True,True,False,False,644,-61.24171447753906,-63.76164245605469,1
Julie imagined herself annoying Renee.,Julie imagined herself annoyed Renee.,syntax/semantics,binding,principle_A_case_2,True,True,False,False,645,-54.45191192626953,-53.03321075439453,0
The associations forget about themselves arguing about Dawn.,The associations forget about themselves argue about Dawn.,syntax/semantics,binding,principle_A_case_2,True,True,False,False,646,-61.60653305053711,-61.3992805480957,0
Debra can forget about herself hugging Jeffrey.,Debra can forget about herself hugs Jeffrey.,syntax/semantics,binding,principle_A_case_2,True,True,False,False,647,-61.636024475097656,-60.741111755371094,0
The Borgias couldn't think about themselves admiring Gregory.,The Borgias couldn't think about themselves admire Gregory.,syntax/semantics,binding,principle_A_case_2,True,True,False,False,648,-74.03852081298828,-73.25154876708984,0
Most drivers thought about themselves observing Claire.,Most drivers thought about themselves observed Claire.,syntax/semantics,binding,principle_A_case_2,True,True,False,False,649,-56.27083206176758,-54.55359649658203,0
Wayne imagined himself walking through many grocery stores.,Wayne imagined himself walked through many grocery stores.,syntax/semantics,binding,principle_A_case_2,True,True,False,False,650,-70.5457534790039,-70.68599700927734,1
Mark wouldn't forget about himself questioning Jerry.,Mark wouldn't forget about himself questions Jerry.,syntax/semantics,binding,principle_A_case_2,True,True,False,False,651,-49.84352111816406,-49.494712829589844,0
Theodore imagines himself astounding these children.,Theodore imagines himself astounded these children.,syntax/semantics,binding,principle_A_case_2,True,True,False,False,652,-69.27526092529297,-70.89909362792969,1
Elaine can imagine herself descending all steps.,Elaine can imagine herself descended all steps.,syntax/semantics,binding,principle_A_case_2,True,True,False,False,653,-61.069496154785156,-61.14323425292969,1
Gary imagines himself climbing down stairs.,Gary imagines himself climbs down stairs.,syntax/semantics,binding,principle_A_case_2,True,True,False,False,654,-53.85967254638672,-55.70832824707031,1
That waitress hadn't forgotten about herself insulting Holly.,That waitress hadn't forgotten about herself insults Holly.,syntax/semantics,binding,principle_A_case_2,True,True,False,False,655,-67.29731750488281,-68.46035766601562,1
Gary thinks about himself hiding some mouth.,Gary thinks about himself hid some mouth.,syntax/semantics,binding,principle_A_case_2,True,True,False,False,656,-46.01746368408203,-46.41309356689453,1
David thinks about himself dropping by some college campuses.,David thinks about himself drops by some college campuses.,syntax/semantics,binding,principle_A_case_2,True,True,False,False,657,-67.4959945678711,-67.39413452148438,0
Tonya has forgotten about herself climbing down most stairs.,Tonya has forgotten about herself climbs down most stairs.,syntax/semantics,binding,principle_A_case_2,True,True,False,False,658,-68.09635162353516,-69.721435546875,1
Benjamin has thought about himself stunning Stephen.,Benjamin has thought about himself stunned Stephen.,syntax/semantics,binding,principle_A_case_2,True,True,False,False,659,-61.32841873168945,-60.26997756958008,0
Debra forgets about herself finding Tiffany.,Debra forgets about herself finds Tiffany.,syntax/semantics,binding,principle_A_case_2,True,True,False,False,660,-61.35896301269531,-60.76823425292969,0
Most students imagine themselves breaking the glasses.,Most students imagine themselves broke the glasses.,syntax/semantics,binding,principle_A_case_2,True,True,False,False,661,-52.04624557495117,-51.73142623901367,0
Those ladies haven't forgotten about themselves exiting Spain.,Those ladies haven't forgotten about themselves exit Spain.,syntax/semantics,binding,principle_A_case_2,True,True,False,False,662,-62.67652893066406,-63.01991653442383,1
Carlos hadn't thought about himself breaking most unicycles.,Carlos hadn't thought about himself breaks most unicycles.,syntax/semantics,binding,principle_A_case_2,True,True,False,False,663,-87.56851959228516,-88.43741607666016,1
Gary thinks about himself ascending this hill.,Gary thinks about himself ascended this hill.,syntax/semantics,binding,principle_A_case_2,True,True,False,False,664,-49.64103698730469,-48.79337692260742,0
Mary hasn't thought about herself noticing Adam.,Mary hasn't thought about herself noticed Adam.,syntax/semantics,binding,principle_A_case_2,True,True,False,False,665,-51.37660217285156,-51.081939697265625,0
Deborah hadn't imagined herself skated around a glacier.,Deborah hadn't imagined herself skates around a glacier.,syntax/semantics,binding,principle_A_case_2,True,True,False,False,666,-79.94608306884766,-79.51280212402344,0
Emily wasn't thinking about herself lifting some bread.,Emily wasn't thinking about herself lifts some bread.,syntax/semantics,binding,principle_A_case_2,True,True,False,False,667,-49.807498931884766,-51.26239776611328,1
Maria had thought about herself arriving at some hospitals.,Maria had thought about herself arrived at some hospitals.,syntax/semantics,binding,principle_A_case_2,True,True,False,False,668,-53.93867874145508,-52.784324645996094,0
Larry has imagined himself disturbing David.,Larry has imagined himself disturbs David.,syntax/semantics,binding,principle_A_case_2,True,True,False,False,669,-46.035911560058594,-56.42766571044922,1
Sally hadn't imagined herself questioning John.,Sally hadn't imagined herself questions John.,syntax/semantics,binding,principle_A_case_2,True,True,False,False,670,-60.658843994140625,-61.83919906616211,1
Steve forgot about himself climbing up some ladders.,Steve forgot about himself climbed up some ladders.,syntax/semantics,binding,principle_A_case_2,True,True,False,False,671,-54.99431610107422,-54.38925552368164,0
Karen thought about herself disagreeing with Mark.,Karen thought about herself disagrees with Mark.,syntax/semantics,binding,principle_A_case_2,True,True,False,False,672,-61.76823425292969,-55.86549377441406,0
Alicia was thinking about herself worrying Rebecca.,Alicia was thinking about herself worried Rebecca.,syntax/semantics,binding,principle_A_case_2,True,True,False,False,673,-56.881874084472656,-56.31752395629883,0
Connie thinks about herself watching Richard.,Connie thinks about herself watches Richard.,syntax/semantics,binding,principle_A_case_2,True,True,False,False,674,-49.10567855834961,-53.125816345214844,1
Eric wasn't imagining himself cleaning every cake.,Eric wasn't imagining himself cleaned every cake.,syntax/semantics,binding,principle_A_case_2,True,True,False,False,675,-57.02440643310547,-57.122039794921875,1
Most guys think about themselves disturbing Galileo.,Most guys think about themselves disturbed Galileo.,syntax/semantics,binding,principle_A_case_2,True,True,False,False,676,-51.36394500732422,-52.66259765625,1
Some guys think about themselves embarrassing Connie.,Some guys think about themselves embarrass Connie.,syntax/semantics,binding,principle_A_case_2,True,True,False,False,677,-50.56793975830078,-49.05317687988281,0
Boys think about themselves running around the Great Lakes.,Boys think about themselves ran around the Great Lakes.,syntax/semantics,binding,principle_A_case_2,True,True,False,False,678,-61.314247131347656,-62.50027847290039,1
Andrew thought about himself climbing up steps.,Andrew thought about himself climbed up steps.,syntax/semantics,binding,principle_A_case_2,True,True,False,False,679,-46.13628387451172,-45.201820373535156,0
Daniel thinks about himself admiring a lot of sweaters.,Daniel thinks about himself admires a lot of sweaters.,syntax/semantics,binding,principle_A_case_2,True,True,False,False,680,-64.96903228759766,-69.52481842041016,1
Naomi could think about herself breaking a convertible.,Naomi could think about herself breaks a convertible.,syntax/semantics,binding,principle_A_case_2,True,True,False,False,681,-61.79438018798828,-61.544403076171875,0
The Impressionists aren't forgetting about themselves praising a pedestrian.,The Impressionists aren't forgetting about themselves praised a pedestrian.,syntax/semantics,binding,principle_A_case_2,True,True,False,False,682,-90.58953094482422,-90.32504272460938,0
Jeffrey should imagine himself scaring some student.,Jeffrey should imagine himself scared some student.,syntax/semantics,binding,principle_A_case_2,True,True,False,False,683,-65.96697998046875,-60.30268859863281,0
Monica thinks about herself revealing Walter.,Monica thinks about herself reveals Walter.,syntax/semantics,binding,principle_A_case_2,True,True,False,False,684,-57.03705596923828,-55.20278549194336,0
Patrick imagined himself describing Mitchell.,Patrick imagined himself described Mitchell.,syntax/semantics,binding,principle_A_case_2,True,True,False,False,685,-44.83659362792969,-43.87888717651367,0
Debra is imagining herself looking like these photographs.,Debra is imagining herself looked like these photographs.,syntax/semantics,binding,principle_A_case_2,True,True,False,False,686,-59.362213134765625,-61.73720932006836,1
Many waiters think about themselves going to every mountain.,Many waiters think about themselves go to every mountain.,syntax/semantics,binding,principle_A_case_2,True,True,False,False,687,-65.87173461914062,-66.95941925048828,1
Sara is imagining herself running around some library.,Sara is imagining herself ran around some library.,syntax/semantics,binding,principle_A_case_2,True,True,False,False,688,-58.854156494140625,-62.7993049621582,1
Ann forgot about herself firing Caroline.,Ann forgot about herself fires Caroline.,syntax/semantics,binding,principle_A_case_2,True,True,False,False,689,-46.30083465576172,-46.95841979980469,1
Most teenagers think about themselves shocking Becca.,Most teenagers think about themselves shock Becca.,syntax/semantics,binding,principle_A_case_2,True,True,False,False,690,-64.24806213378906,-63.84687042236328,0
The waitresses forget about themselves annoying Debra.,The waitresses forget about themselves annoy Debra.,syntax/semantics,binding,principle_A_case_2,True,True,False,False,691,-76.22941589355469,-77.17803955078125,1
Senators weren't imagining themselves impressing Kevin.,Senators weren't imagining themselves impressed Kevin.,syntax/semantics,binding,principle_A_case_2,True,True,False,False,692,-70.5386962890625,-62.95538330078125,0
Florence couldn't imagine herself approaching a waiter.,Florence couldn't imagine herself approaches a waiter.,syntax/semantics,binding,principle_A_case_2,True,True,False,False,693,-65.4281997680664,-67.65852355957031,1
Adults think about themselves noticing the prints.,Adults think about themselves noticed the prints.,syntax/semantics,binding,principle_A_case_2,True,True,False,False,694,-55.13616943359375,-56.035560607910156,1
Teresa thought about herself hiding Anne.,Teresa thought about herself hides Anne.,syntax/semantics,binding,principle_A_case_2,True,True,False,False,695,-53.39739990234375,-56.22322082519531,1
Most children think about themselves revealing Kristen.,Most children think about themselves reveal Kristen.,syntax/semantics,binding,principle_A_case_2,True,True,False,False,696,-55.76521301269531,-54.78038787841797,0
Every woman wouldn't think about herself helping Walter.,Every woman wouldn't think about herself helps Walter.,syntax/semantics,binding,principle_A_case_2,True,True,False,False,697,-54.63869094848633,-55.920326232910156,1
Colleen has imagined herself hurting Sheila.,Colleen has imagined herself hurt Sheila.,syntax/semantics,binding,principle_A_case_2,True,True,False,False,698,-59.771480560302734,-58.96042251586914,0
Those hospitals forget about themselves concealing Theodore.,Those hospitals forget about themselves concealed Theodore.,syntax/semantics,binding,principle_A_case_2,True,True,False,False,699,-66.05610656738281,-55.06819152832031,0
Jessica is thinking about herself dropping by some cafes.,Jessica is thinking about herself dropped by some cafes.,syntax/semantics,binding,principle_A_case_2,True,True,False,False,700,-59.89821243286133,-56.811038970947266,0
Paul hadn't thought about himself hugging Diana.,Paul hadn't thought about himself hugs Diana.,syntax/semantics,binding,principle_A_case_2,True,True,False,False,701,-52.59840393066406,-55.22817611694336,1
The universities forget about themselves describing Brian.,The universities forget about themselves describe Brian.,syntax/semantics,binding,principle_A_case_2,True,True,False,False,702,-58.10353088378906,-57.00241470336914,0
Travis hadn't thought about himself investigating the Lutherans.,Travis hadn't thought about himself investigates the Lutherans.,syntax/semantics,binding,principle_A_case_2,True,True,False,False,703,-80.34014129638672,-85.91394805908203,1
A lot of women think about themselves concealing Larry.,A lot of women think about themselves concealed Larry.,syntax/semantics,binding,principle_A_case_2,True,True,False,False,704,-70.29768371582031,-61.02242660522461,0
Gregory hasn't thought about himself buying this screen.,Gregory hasn't thought about himself buys this screen.,syntax/semantics,binding,principle_A_case_2,True,True,False,False,705,-65.00019836425781,-66.63163757324219,1
Veronica thought about herself approaching Rebecca.,Veronica thought about herself approached Rebecca.,syntax/semantics,binding,principle_A_case_2,True,True,False,False,706,-57.04438781738281,-57.102027893066406,1
Rose thought about herself researching those legislatures.,Rose thought about herself researches those legislatures.,syntax/semantics,binding,principle_A_case_2,True,True,False,False,707,-55.201942443847656,-62.611122131347656,1
Some woman is thinking about herself worrying Marie.,Some woman is thinking about herself worried Marie.,syntax/semantics,binding,principle_A_case_2,True,True,False,False,708,-51.63250732421875,-50.7588005065918,0
The doctors think about themselves listening to Larry.,The doctors think about themselves listened to Larry.,syntax/semantics,binding,principle_A_case_2,True,True,False,False,709,-54.431396484375,-56.34408187866211,1
Victoria thought about herself upsetting Tanya.,Victoria thought about herself upset Tanya.,syntax/semantics,binding,principle_A_case_2,True,True,False,False,710,-52.215084075927734,-50.579917907714844,0
Rebecca imagines herself fleeing from Raymond.,Rebecca imagines herself fled from Raymond.,syntax/semantics,binding,principle_A_case_2,True,True,False,False,711,-72.61093139648438,-68.34687805175781,0
Lisa was thinking about herself bringing many doors.,Lisa was thinking about herself brought many doors.,syntax/semantics,binding,principle_A_case_2,True,True,False,False,712,-48.546539306640625,-46.28282165527344,0
Brett imagines himself hugging Irene.,Brett imagines himself hugs Irene.,syntax/semantics,binding,principle_A_case_2,True,True,False,False,713,-64.94401550292969,-66.10507202148438,1
A lot of patients think about themselves scaring Colleen.,A lot of patients think about themselves scare Colleen.,syntax/semantics,binding,principle_A_case_2,True,True,False,False,714,-73.81086730957031,-71.7165756225586,0
Many banks are forgetting about themselves astounding Eric.,Many banks are forgetting about themselves astounded Eric.,syntax/semantics,binding,principle_A_case_2,True,True,False,False,715,-62.841060638427734,-66.08052062988281,1
Matt forgets about himself observing Melinda.,Matt forgets about himself observed Melinda.,syntax/semantics,binding,principle_A_case_2,True,True,False,False,716,-58.873355865478516,-56.06295394897461,0
Wayne has forgotten about himself watching Wayne.,Wayne has forgotten about himself watched Wayne.,syntax/semantics,binding,principle_A_case_2,True,True,False,False,717,-54.35737991333008,-57.89503479003906,1
Paula has thought about herself disturbing most waitresses.,Paula has thought about herself disturbed most waitresses.,syntax/semantics,binding,principle_A_case_2,True,True,False,False,718,-75.19009399414062,-73.7612075805664,0
Rebecca wasn't thinking about herself listening to Wayne.,Rebecca wasn't thinking about herself listened to Wayne.,syntax/semantics,binding,principle_A_case_2,True,True,False,False,719,-63.73435592651367,-64.63359069824219,1
The girls are thinking about themselves thinking about Julie.,The girls are thinking about themselves think about Julie.,syntax/semantics,binding,principle_A_case_2,True,True,False,False,720,-50.00502014160156,-51.292484283447266,1
Actors should forget about themselves taking fish.,Actors should forget about themselves took fish.,syntax/semantics,binding,principle_A_case_2,True,True,False,False,721,-54.42925262451172,-55.28937530517578,1
Gregory was imagining himself attacking Andrew.,Gregory was imagining himself attacks Andrew.,syntax/semantics,binding,principle_A_case_2,True,True,False,False,722,-55.808677673339844,-57.655433654785156,1
The Impressionists didn't think about themselves cleaning the malls.,The Impressionists didn't think about themselves cleaned the malls.,syntax/semantics,binding,principle_A_case_2,True,True,False,False,723,-82.77033996582031,-82.82528686523438,1
Many guys forget about themselves boycotting these committees.,Many guys forget about themselves boycott these committees.,syntax/semantics,binding,principle_A_case_2,True,True,False,False,724,-66.01487731933594,-60.392478942871094,0
Wendy thought about herself approaching Suzanne.,Wendy thought about herself approached Suzanne.,syntax/semantics,binding,principle_A_case_2,True,True,False,False,725,-55.484519958496094,-55.89227294921875,1
Jill forgot about herself leaving many cashiers.,Jill forgot about herself leaves many cashiers.,syntax/semantics,binding,principle_A_case_2,True,True,False,False,726,-69.04002380371094,-70.42990112304688,1
Elaine hasn't forgotten about herself walking through hills.,Elaine hasn't forgotten about herself walks through hills.,syntax/semantics,binding,principle_A_case_2,True,True,False,False,727,-67.96925354003906,-69.61521911621094,1
These children imagine themselves selling the window.,These children imagine themselves sold the window.,syntax/semantics,binding,principle_A_case_2,True,True,False,False,728,-46.98535919189453,-46.50330352783203,0
Many doctors think about themselves visiting Frank.,Many doctors think about themselves visit Frank.,syntax/semantics,binding,principle_A_case_2,True,True,False,False,729,-50.26866912841797,-49.70451354980469,0
Ruth isn't forgetting about herself bringing a book.,Ruth isn't forgetting about herself brought a book.,syntax/semantics,binding,principle_A_case_2,True,True,False,False,730,-61.39292526245117,-59.90739822387695,0
Spain hadn't thought about itself worrying Linda.,Spain hadn't thought about itself worries Linda.,syntax/semantics,binding,principle_A_case_2,True,True,False,False,731,-58.3754768371582,-58.91151428222656,1
Most doctors forget about themselves approaching Becky.,Most doctors forget about themselves approached Becky.,syntax/semantics,binding,principle_A_case_2,True,True,False,False,732,-55.66221237182617,-55.48054504394531,0
Scott doesn't imagine himself returning to Robert.,Scott doesn't imagine himself returned to Robert.,syntax/semantics,binding,principle_A_case_2,True,True,False,False,733,-49.11648178100586,-46.9876823425293,0
Jessica is thinking about herself examining those movies.,Jessica is thinking about herself examined those movies.,syntax/semantics,binding,principle_A_case_2,True,True,False,False,734,-49.79296112060547,-49.907859802246094,1
Karla forgot about herself fixing every convertible.,Karla forgot about herself fixes every convertible.,syntax/semantics,binding,principle_A_case_2,True,True,False,False,735,-63.66636657714844,-65.04029846191406,1
Carolyn might forget about herself fleeing from many teenagers.,Carolyn might forget about herself fled from many teenagers.,syntax/semantics,binding,principle_A_case_2,True,True,False,False,736,-74.70797729492188,-71.06883239746094,0
Dan will forget about himself wearing every sock.,Dan will forget about himself wears every sock.,syntax/semantics,binding,principle_A_case_2,True,True,False,False,737,-55.14143753051758,-57.35915756225586,1
Keith hasn't thought about himself admiring some pork.,Keith hasn't thought about himself admired some pork.,syntax/semantics,binding,principle_A_case_2,True,True,False,False,738,-65.62352752685547,-62.48818588256836,0
Meredith imagined herself climbing up all hills.,Meredith imagined herself climbs up all hills.,syntax/semantics,binding,principle_A_case_2,True,True,False,False,739,-62.18280792236328,-64.55110931396484,1
A museum forgets about itself listening to this senator.,A museum forgets about itself listens to this senator.,syntax/semantics,binding,principle_A_case_2,True,True,False,False,740,-72.35214233398438,-73.57556915283203,1
Aaron thinks about himself selling this projector.,Aaron thinks about himself sells this projector.,syntax/semantics,binding,principle_A_case_2,True,True,False,False,741,-50.14080810546875,-50.94358825683594,1
Those boys shouldn't think about themselves shocking Marie.,Those boys shouldn't think about themselves shocked Marie.,syntax/semantics,binding,principle_A_case_2,True,True,False,False,742,-58.63517761230469,-57.03443145751953,0
These governments had thought about themselves disturbing Omar.,These governments had thought about themselves disturbed Omar.,syntax/semantics,binding,principle_A_case_2,True,True,False,False,743,-61.72053909301758,-62.136375427246094,1
Many students forget about themselves hiding Steve.,Many students forget about themselves hide Steve.,syntax/semantics,binding,principle_A_case_2,True,True,False,False,744,-52.092041015625,-51.83037567138672,0
Kimberley has imagined herself ascending these hills.,Kimberley has imagined herself ascends these hills.,syntax/semantics,binding,principle_A_case_2,True,True,False,False,745,-67.60714721679688,-76.78843688964844,1
Walter imagines himself irritating Pamela.,Walter imagines himself irritated Pamela.,syntax/semantics,binding,principle_A_case_2,True,True,False,False,746,-63.438079833984375,-61.20697021484375,0
Jacqueline imagines herself selling some restaurants.,Jacqueline imagines herself sells some restaurants.,syntax/semantics,binding,principle_A_case_2,True,True,False,False,747,-72.2179183959961,-74.07994079589844,1
Guy thought about himself alarming Theodore.,Guy thought about himself alarmed Theodore.,syntax/semantics,binding,principle_A_case_2,True,True,False,False,748,-45.018760681152344,-43.89714813232422,0
Many people think about themselves disgusting Guy.,Many people think about themselves disgusts Guy.,syntax/semantics,binding,principle_A_case_2,True,True,False,False,749,-44.288665771484375,-51.347110748291016,1
Sally is imagining herself touring some glaciers.,Sally is imagining herself tours some glaciers.,syntax/semantics,binding,principle_A_case_2,True,True,False,False,750,-63.828853607177734,-64.72920989990234,1
Laurie thinks about herself boring Tonya.,Laurie thinks about herself bored Tonya.,syntax/semantics,binding,principle_A_case_2,True,True,False,False,751,-69.01665496826172,-70.02310180664062,1
Many actors are imagining themselves alarming this boy.,Many actors are imagining themselves alarmed this boy.,syntax/semantics,binding,principle_A_case_2,True,True,False,False,752,-60.45248031616211,-58.990631103515625,0
Amanda thinks about herself curing Monica.,Amanda thinks about herself cures Monica.,syntax/semantics,binding,principle_A_case_2,True,True,False,False,753,-56.10798645019531,-55.220855712890625,0
The Impressionists think about themselves impressing Janice.,The Impressionists think about themselves impresses Janice.,syntax/semantics,binding,principle_A_case_2,True,True,False,False,754,-85.20177459716797,-85.68353271484375,1
Cashiers imagine themselves hurting a lot of men.,Cashiers imagine themselves hurt a lot of men.,syntax/semantics,binding,principle_A_case_2,True,True,False,False,755,-59.508636474609375,-58.17240905761719,0
All people imagine themselves breaking some chairs.,All people imagine themselves break some chairs.,syntax/semantics,binding,principle_A_case_2,True,True,False,False,756,-49.980560302734375,-50.08063507080078,1
Martha was thinking about herself exiting hills.,Martha was thinking about herself exited hills.,syntax/semantics,binding,principle_A_case_2,True,True,False,False,757,-53.004432678222656,-52.886993408203125,0
The Clintons think about themselves referencing some actor.,The Clintons think about themselves referenced some actor.,syntax/semantics,binding,principle_A_case_2,True,True,False,False,758,-68.91868591308594,-68.3404312133789,0
Many cashiers think about themselves discussing Bethany.,Many cashiers think about themselves discussed Bethany.,syntax/semantics,binding,principle_A_case_2,True,True,False,False,759,-75.29055786132812,-75.79046630859375,1
The Impressionists forget about themselves confusing Kendra.,The Impressionists forget about themselves confuse Kendra.,syntax/semantics,binding,principle_A_case_2,True,True,False,False,760,-83.400390625,-82.19607543945312,0
Gerald wasn't thinking about himself cleaning a restaurant.,Gerald wasn't thinking about himself cleans a restaurant.,syntax/semantics,binding,principle_A_case_2,True,True,False,False,761,-62.3394889831543,-66.00064086914062,1
The Impressionists were imagining themselves watching Sonia.,The Impressionists were imagining themselves watch Sonia.,syntax/semantics,binding,principle_A_case_2,True,True,False,False,762,-71.04534149169922,-74.37361145019531,1
Most men think about themselves descending the hills.,Most men think about themselves descended the hills.,syntax/semantics,binding,principle_A_case_2,True,True,False,False,763,-50.471405029296875,-50.09056854248047,0
The dancers have forgotten about themselves boycotting some college campus.,The dancers have forgotten about themselves boycott some college campus.,syntax/semantics,binding,principle_A_case_2,True,True,False,False,764,-80.92607879638672,-76.7802734375,0
Tracy had forgotten about herself scaring Sherry.,Tracy had forgotten about herself scared Sherry.,syntax/semantics,binding,principle_A_case_2,True,True,False,False,765,-69.17425537109375,-67.13198852539062,0
Phillip isn't thinking about himself concealing that window.,Phillip isn't thinking about himself concealed that window.,syntax/semantics,binding,principle_A_case_2,True,True,False,False,766,-70.56349182128906,-60.04292297363281,0
Every organization forgets about itself arguing about some guys.,Every organization forgets about itself argued about some guys.,syntax/semantics,binding,principle_A_case_2,True,True,False,False,767,-70.94232177734375,-72.84735870361328,1
Most actors imagine themselves walking through a mountain.,Most actors imagine themselves walked through a mountain.,syntax/semantics,binding,principle_A_case_2,True,True,False,False,768,-58.63197326660156,-58.88412857055664,1
All teenagers think about themselves thinking about Patrick.,All teenagers think about themselves thought about Patrick.,syntax/semantics,binding,principle_A_case_2,True,True,False,False,769,-56.23606872558594,-57.66450881958008,1
These associations could forget about themselves upsetting Alexander.,These associations could forget about themselves upset Alexander.,syntax/semantics,binding,principle_A_case_2,True,True,False,False,770,-63.635093688964844,-61.871917724609375,0
Ladies thought about themselves driving to Harvard University.,Ladies thought about themselves drove to Harvard University.,syntax/semantics,binding,principle_A_case_2,True,True,False,False,771,-64.35946655273438,-64.16899871826172,0
All actresses thought about themselves kissing Michelle.,All actresses thought about themselves kissed Michelle.,syntax/semantics,binding,principle_A_case_2,True,True,False,False,772,-58.84039306640625,-58.03583526611328,0
Claire thought about herself alarming some cashiers.,Claire thought about herself alarmed some cashiers.,syntax/semantics,binding,principle_A_case_2,True,True,False,False,773,-68.93851470947266,-67.78339385986328,0
The libraries think about themselves distracting that driver.,The libraries think about themselves distract that driver.,syntax/semantics,binding,principle_A_case_2,True,True,False,False,774,-63.867393493652344,-63.837100982666016,0
Jeffrey imagines himself upsetting Cindy.,Jeffrey imagines himself upset Cindy.,syntax/semantics,binding,principle_A_case_2,True,True,False,False,775,-66.54169464111328,-64.56320190429688,0
Martha thought about herself visiting a grocery store.,Martha thought about herself visits a grocery store.,syntax/semantics,binding,principle_A_case_2,True,True,False,False,776,-56.84104919433594,-58.85282897949219,1
Kathleen didn't forget about herself aggravating the men.,Kathleen didn't forget about herself aggravated the men.,syntax/semantics,binding,principle_A_case_2,True,True,False,False,777,-73.00717163085938,-71.10700988769531,0
Rachel hasn't forgotten about herself climbing down many stairs.,Rachel hasn't forgotten about herself climbed down many stairs.,syntax/semantics,binding,principle_A_case_2,True,True,False,False,778,-63.99039077758789,-63.942630767822266,0
Andrew won't imagine himself fixing dishes.,Andrew won't imagine himself fixes dishes.,syntax/semantics,binding,principle_A_case_2,True,True,False,False,779,-45.76337432861328,-48.06818771362305,1
Some companies haven't thought about themselves concealing Clyde.,Some companies haven't thought about themselves concealed Clyde.,syntax/semantics,binding,principle_A_case_2,True,True,False,False,780,-74.07170104980469,-64.02171325683594,0
Jacqueline forgets about herself stunning Becky.,Jacqueline forgets about herself stunned Becky.,syntax/semantics,binding,principle_A_case_2,True,True,False,False,781,-70.93449401855469,-68.38761901855469,0
Keith imagines himself breaking all chairs.,Keith imagines himself broke all chairs.,syntax/semantics,binding,principle_A_case_2,True,True,False,False,782,-56.187744140625,-54.431461334228516,0
Kevin couldn't imagine himself cleaning every high school.,Kevin couldn't imagine himself cleans every high school.,syntax/semantics,binding,principle_A_case_2,True,True,False,False,783,-57.30928039550781,-59.47115707397461,1
Steve wasn't thinking about himself criticizing Patricia.,Steve wasn't thinking about himself criticized Patricia.,syntax/semantics,binding,principle_A_case_2,True,True,False,False,784,-51.91218185424805,-51.383758544921875,0
The Clintons think about themselves arriving at some closet.,The Clintons think about themselves arrive at some closet.,syntax/semantics,binding,principle_A_case_2,True,True,False,False,785,-66.61270904541016,-66.36519622802734,0
Mitchell had thought about himself fixing the computers.,Mitchell had thought about himself fixed the computers.,syntax/semantics,binding,principle_A_case_2,True,True,False,False,786,-61.6722412109375,-60.82897186279297,0
Eric thinks about himself disturbing all men.,Eric thinks about himself disturbed all men.,syntax/semantics,binding,principle_A_case_2,True,True,False,False,787,-46.88536071777344,-44.296485900878906,0
That company should think about itself worrying Becky.,That company should think about itself worries Becky.,syntax/semantics,binding,principle_A_case_2,True,True,False,False,788,-58.306068420410156,-58.700687408447266,1
All waitresses can forget about themselves arriving at schools.,All waitresses can forget about themselves arrive at schools.,syntax/semantics,binding,principle_A_case_2,True,True,False,False,789,-74.5580825805664,-73.03260803222656,0
Liam wouldn't think about himself confusing Natalie.,Liam wouldn't think about himself confused Natalie.,syntax/semantics,binding,principle_A_case_2,True,True,False,False,790,-61.623931884765625,-61.147499084472656,0
Some customers forget about themselves confusing Lisa.,Some customers forget about themselves confused Lisa.,syntax/semantics,binding,principle_A_case_2,True,True,False,False,791,-56.23596954345703,-56.34772491455078,1
Sabrina is thinking about herself questioning these associations.,Sabrina is thinking about herself questioned these associations.,syntax/semantics,binding,principle_A_case_2,True,True,False,False,792,-59.557159423828125,-60.63502883911133,1
Ronald thought about himself shocking a committee.,Ronald thought about himself shocked a committee.,syntax/semantics,binding,principle_A_case_2,True,True,False,False,793,-59.181297302246094,-58.559505462646484,0
Craig should forget about himself firing Melinda.,Craig should forget about himself fires Melinda.,syntax/semantics,binding,principle_A_case_2,True,True,False,False,794,-56.07898712158203,-56.699737548828125,1
Eva thought about herself questioning Winston Churchill.,Eva thought about herself questioned Winston Churchill.,syntax/semantics,binding,principle_A_case_2,True,True,False,False,795,-57.80967712402344,-55.82754135131836,0
Kendra forgot about herself describing Carol.,Kendra forgot about herself describes Carol.,syntax/semantics,binding,principle_A_case_2,True,True,False,False,796,-59.06667709350586,-59.536922454833984,1
Walter is forgetting about himself messing up that museum.,Walter is forgetting about himself messed up that museum.,syntax/semantics,binding,principle_A_case_2,True,True,False,False,797,-68.1666488647461,-66.02735137939453,0
All men might think about themselves lifting this shoe.,All men might think about themselves lift this shoe.,syntax/semantics,binding,principle_A_case_2,True,True,False,False,798,-63.314048767089844,-61.82080078125,0
Susan thinks about herself approaching Colleen.,Susan thinks about herself approaches Colleen.,syntax/semantics,binding,principle_A_case_2,True,True,False,False,799,-53.895355224609375,-54.54463195800781,1
Bill imagined himself boring Janice.,Bill imagined himself bored Janice.,syntax/semantics,binding,principle_A_case_2,True,True,False,False,800,-53.38602828979492,-52.34766387939453,0
Guys thought about themselves criticizing Alexander.,Guys thought about themselves criticize Alexander.,syntax/semantics,binding,principle_A_case_2,True,True,False,False,801,-53.993038177490234,-55.064613342285156,1
Keith shouldn't imagine himself watching Catherine.,Keith shouldn't imagine himself watched Catherine.,syntax/semantics,binding,principle_A_case_2,True,True,False,False,802,-45.41606903076172,-48.76974868774414,1
Christine wasn't imagining herself scanning those essays.,Christine wasn't imagining herself scanned those essays.,syntax/semantics,binding,principle_A_case_2,True,True,False,False,803,-68.18155670166016,-67.97020721435547,0
Sheila should forget about herself researching this hill.,Sheila should forget about herself researched this hill.,syntax/semantics,binding,principle_A_case_2,True,True,False,False,804,-66.10173034667969,-66.19837188720703,1
Florence shouldn't think about herself discovering some projector.,Florence shouldn't think about herself discovered some projector.,syntax/semantics,binding,principle_A_case_2,True,True,False,False,805,-76.06056213378906,-72.95648193359375,0
Carmen should think about herself messing up a lot of high schools.,Carmen should think about herself messed up a lot of high schools.,syntax/semantics,binding,principle_A_case_2,True,True,False,False,806,-82.71021270751953,-80.65330505371094,0
Lissa forgot about herself helping Carrie.,Lissa forgot about herself helped Carrie.,syntax/semantics,binding,principle_A_case_2,True,True,False,False,807,-55.504032135009766,-56.61016082763672,1
Samuel forgets about himself dropping by the Great Lakes.,Samuel forgets about himself dropped by the Great Lakes.,syntax/semantics,binding,principle_A_case_2,True,True,False,False,808,-71.28023529052734,-69.26346588134766,0
Those boys imagine themselves discovering that turtle.,Those boys imagine themselves discovered that turtle.,syntax/semantics,binding,principle_A_case_2,True,True,False,False,809,-53.682777404785156,-51.375606536865234,0
All children think about themselves biking to the art gallery.,All children think about themselves bike to the art gallery.,syntax/semantics,binding,principle_A_case_2,True,True,False,False,810,-70.42314147949219,-68.15544891357422,0
Rodney thought about himself descending the ladder.,Rodney thought about himself descended the ladder.,syntax/semantics,binding,principle_A_case_2,True,True,False,False,811,-53.752174377441406,-52.43628692626953,0
Charles is thinking about himself upsetting Alice.,Charles is thinking about himself upset Alice.,syntax/semantics,binding,principle_A_case_2,True,True,False,False,812,-47.472869873046875,-45.50159454345703,0
Sabrina is thinking about herself talking about many glaciers.,Sabrina is thinking about herself talked about many glaciers.,syntax/semantics,binding,principle_A_case_2,True,True,False,False,813,-58.76626205444336,-62.1500129699707,1
Most teenagers imagine themselves cleaning some museum.,Most teenagers imagine themselves clean some museum.,syntax/semantics,binding,principle_A_case_2,True,True,False,False,814,-58.09696960449219,-57.87736511230469,0
Heidi thought about herself breaking this window.,Heidi thought about herself breaks this window.,syntax/semantics,binding,principle_A_case_2,True,True,False,False,815,-57.93296432495117,-58.636688232421875,1
Amanda had imagined herself skated around a lot of banks.,Amanda had imagined herself skated around a lot of banks.,syntax/semantics,binding,principle_A_case_2,True,True,False,False,816,-76.27142333984375,-76.27142333984375,0
Florence is thinking about herself concealing Sabrina.,Florence is thinking about herself conceals Sabrina.,syntax/semantics,binding,principle_A_case_2,True,True,False,False,817,-81.83350372314453,-81.03178405761719,0
That actress thinks about herself observing Andrea.,That actress thinks about herself observed Andrea.,syntax/semantics,binding,principle_A_case_2,True,True,False,False,818,-62.723793029785156,-61.378944396972656,0
Omar doesn't imagine himself helping Larry.,Omar doesn't imagine himself helped Larry.,syntax/semantics,binding,principle_A_case_2,True,True,False,False,819,-56.666343688964844,-57.319419860839844,1
Ella didn't forget about herself disgusting William.,Ella didn't forget about herself disgusted William.,syntax/semantics,binding,principle_A_case_2,True,True,False,False,820,-61.2847900390625,-61.554168701171875,1
Those people imagine themselves attacking Eva.,Those people imagine themselves attack Eva.,syntax/semantics,binding,principle_A_case_2,True,True,False,False,821,-46.74147033691406,-47.37617492675781,1
Most governments haven't thought about themselves annoying all cashiers.,Most governments haven't thought about themselves annoy all cashiers.,syntax/semantics,binding,principle_A_case_2,True,True,False,False,822,-78.7276611328125,-78.82633972167969,1
Ellen thinks about herself climbing down most stairs.,Ellen thinks about herself climbed down most stairs.,syntax/semantics,binding,principle_A_case_2,True,True,False,False,823,-66.53987121582031,-67.19047546386719,1
Derek won't think about himself climbing down some hill.,Derek won't think about himself climbed down some hill.,syntax/semantics,binding,principle_A_case_2,True,True,False,False,824,-65.62104797363281,-65.61895751953125,0
Matt forgets about himself passing many cafes.,Matt forgets about himself passed many cafes.,syntax/semantics,binding,principle_A_case_2,True,True,False,False,825,-61.11970520019531,-57.7768669128418,0
Most patients imagine themselves appreciating Galileo.,Most patients imagine themselves appreciated Galileo.,syntax/semantics,binding,principle_A_case_2,True,True,False,False,826,-61.078575134277344,-55.846012115478516,0
Tammy thinks about herself discussing April.,Tammy thinks about herself discussed April.,syntax/semantics,binding,principle_A_case_2,True,True,False,False,827,-49.42177200317383,-51.74669647216797,1
Walter did imagine himself attacking some child.,Walter did imagine himself attacks some child.,syntax/semantics,binding,principle_A_case_2,True,True,False,False,828,-55.30516815185547,-56.767051696777344,1
A lot of women think about themselves upsetting Tracy.,A lot of women think about themselves upset Tracy.,syntax/semantics,binding,principle_A_case_2,True,True,False,False,829,-61.82888412475586,-59.4632453918457,0
An association forgets about itself praising Noah.,An association forgets about itself praised Noah.,syntax/semantics,binding,principle_A_case_2,True,True,False,False,830,-67.04595947265625,-67.7654800415039,1
Gerald thought about himself passing every lake.,Gerald thought about himself passed every lake.,syntax/semantics,binding,principle_A_case_2,True,True,False,False,831,-60.2145881652832,-58.114498138427734,0
Kathleen thinks about herself going to some libraries.,Kathleen thinks about herself goes to some libraries.,syntax/semantics,binding,principle_A_case_2,True,True,False,False,832,-66.67371368408203,-69.270263671875,1
Diane imagined herself taking the schools.,Diane imagined herself took the schools.,syntax/semantics,binding,principle_A_case_2,True,True,False,False,833,-52.36652755737305,-52.47206115722656,1
Angela isn't thinking about herself embarrassing Jerry.,Angela isn't thinking about herself embarrassed Jerry.,syntax/semantics,binding,principle_A_case_2,True,True,False,False,834,-60.646141052246094,-60.35939407348633,0
A lot of patients have forgotten about themselves exploring the library.,A lot of patients have forgotten about themselves explore the library.,syntax/semantics,binding,principle_A_case_2,True,True,False,False,835,-63.640594482421875,-63.3336181640625,0
Nina can think about herself insulting this high school.,Nina can think about herself insulted this high school.,syntax/semantics,binding,principle_A_case_2,True,True,False,False,836,-62.08858871459961,-60.51747512817383,0
A lot of senators think about themselves revealing the apples.,A lot of senators think about themselves reveal the apples.,syntax/semantics,binding,principle_A_case_2,True,True,False,False,837,-70.36734008789062,-69.73065185546875,0
Martin hadn't thought about himself admiring these cups.,Martin hadn't thought about himself admires these cups.,syntax/semantics,binding,principle_A_case_2,True,True,False,False,838,-64.7013168334961,-70.83744812011719,1
Holly shouldn't imagine herself hurting Noah.,Holly shouldn't imagine herself hurt Noah.,syntax/semantics,binding,principle_A_case_2,True,True,False,False,839,-59.452980041503906,-58.26573181152344,0
Aaron won't forget about himself exploring some museums.,Aaron won't forget about himself explored some museums.,syntax/semantics,binding,principle_A_case_2,True,True,False,False,840,-55.67854309082031,-55.43453598022461,0
Some school forgets about itself hurting Tracy.,Some school forgets about itself hurts Tracy.,syntax/semantics,binding,principle_A_case_2,True,True,False,False,841,-63.440460205078125,-62.72249984741211,0
Florence will forget about herself healing Chad.,Florence will forget about herself heals Chad.,syntax/semantics,binding,principle_A_case_2,True,True,False,False,842,-70.71712493896484,-72.23787689208984,1
All customers forget about themselves thinking about Tina.,All customers forget about themselves think about Tina.,syntax/semantics,binding,principle_A_case_2,True,True,False,False,843,-57.82606887817383,-59.293758392333984,1
All dancers think about themselves buying some mountain.,All dancers think about themselves bought some mountain.,syntax/semantics,binding,principle_A_case_2,True,True,False,False,844,-60.88283920288086,-59.65202713012695,0
Amy has thought about herself attacking Anne.,Amy has thought about herself attacks Anne.,syntax/semantics,binding,principle_A_case_2,True,True,False,False,845,-46.21038818359375,-47.49673080444336,1
Tanya has thought about herself visiting Derek.,Tanya has thought about herself visited Derek.,syntax/semantics,binding,principle_A_case_2,True,True,False,False,846,-57.44066619873047,-59.121341705322266,1
Frank forgets about himself messing up cafes.,Frank forgets about himself messed up cafes.,syntax/semantics,binding,principle_A_case_2,True,True,False,False,847,-62.72163009643555,-60.70015335083008,0
Ellen doesn't think about herself shocking Chad.,Ellen doesn't think about herself shocked Chad.,syntax/semantics,binding,principle_A_case_2,True,True,False,False,848,-62.641136169433594,-62.924072265625,1
Aaron forgot about himself hugging many children.,Aaron forgot about himself hugged many children.,syntax/semantics,binding,principle_A_case_2,True,True,False,False,849,-47.89043426513672,-48.34364318847656,1
Laura thinks about herself disturbing Florence.,Laura thinks about herself disturbed Florence.,syntax/semantics,binding,principle_A_case_2,True,True,False,False,850,-44.46165466308594,-43.86968231201172,0
Karen has thought about herself passing a college campus.,Karen has thought about herself passed a college campus.,syntax/semantics,binding,principle_A_case_2,True,True,False,False,851,-68.82415771484375,-66.96276092529297,0
The Borgias think about themselves upsetting Patrick.,The Borgias think about themselves upset Patrick.,syntax/semantics,binding,principle_A_case_2,True,True,False,False,852,-67.84061431884766,-65.6045913696289,0
Teresa wasn't imagining herself exiting these high schools.,Teresa wasn't imagining herself exits these high schools.,syntax/semantics,binding,principle_A_case_2,True,True,False,False,853,-79.58287048339844,-81.21619415283203,1
David hadn't thought about himself fleeing from every guest.,David hadn't thought about himself fled from every guest.,syntax/semantics,binding,principle_A_case_2,True,True,False,False,854,-65.85125732421875,-61.990333557128906,0
April forgets about herself skated around a college campus.,April forgets about herself skates around a college campus.,syntax/semantics,binding,principle_A_case_2,True,True,False,False,855,-77.91374206542969,-75.9620590209961,0
The Borgias forget about themselves upsetting Dennis.,The Borgias forget about themselves upset Dennis.,syntax/semantics,binding,principle_A_case_2,True,True,False,False,856,-69.1186752319336,-66.9888916015625,0
Carrie had thought about herself returning to a lot of actors.,Carrie had thought about herself returns to a lot of actors.,syntax/semantics,binding,principle_A_case_2,True,True,False,False,857,-68.52555847167969,-68.37173461914062,0
Beth thinks about herself hugging Jodi.,Beth thinks about herself hugs Jodi.,syntax/semantics,binding,principle_A_case_2,True,True,False,False,858,-61.96192932128906,-62.987762451171875,1
Victoria isn't imagining herself questioning Karen.,Victoria isn't imagining herself questions Karen.,syntax/semantics,binding,principle_A_case_2,True,True,False,False,859,-55.08140182495117,-54.619441986083984,0
Amelia thought about herself skated around this mountain.,Amelia thought about herself skates around this mountain.,syntax/semantics,binding,principle_A_case_2,True,True,False,False,860,-68.58583068847656,-67.51803588867188,0
Many universities think about themselves distracting this adult.,Many universities think about themselves distracted this adult.,syntax/semantics,binding,principle_A_case_2,True,True,False,False,861,-62.67890930175781,-62.423316955566406,0
Jeffrey forgot about himself scanning many newspaper articles.,Jeffrey forgot about himself scanned many newspaper articles.,syntax/semantics,binding,principle_A_case_2,True,True,False,False,862,-74.66180419921875,-74.24098205566406,0
Christopher forgot about himself scaring Craig.,Christopher forgot about himself scared Craig.,syntax/semantics,binding,principle_A_case_2,True,True,False,False,863,-49.465206146240234,-45.29734420776367,0
Valerie thought about herself watching Brenda.,Valerie thought about herself watches Brenda.,syntax/semantics,binding,principle_A_case_2,True,True,False,False,864,-52.503082275390625,-56.275978088378906,1
Deborah thinks about herself referencing every girl.,Deborah thinks about herself referenced every girl.,syntax/semantics,binding,principle_A_case_2,True,True,False,False,865,-60.13599395751953,-59.66419982910156,0
Many waitresses imagine themselves hiring Victoria.,Many waitresses imagine themselves hired Victoria.,syntax/semantics,binding,principle_A_case_2,True,True,False,False,866,-67.11809539794922,-66.15895080566406,0
Ella couldn't think about herself describing Nancy.,Ella couldn't think about herself describes Nancy.,syntax/semantics,binding,principle_A_case_2,True,True,False,False,867,-60.50621795654297,-60.04096221923828,0
Tamara thinks about herself approaching Phillip.,Tamara thinks about herself approached Phillip.,syntax/semantics,binding,principle_A_case_2,True,True,False,False,868,-57.61537170410156,-57.34883117675781,0
Michelle forgets about herself looking like that painting.,Michelle forgets about herself looks like that painting.,syntax/semantics,binding,principle_A_case_2,True,True,False,False,869,-55.88361740112305,-53.50048828125,0
Janet hasn't thought about herself selling hills.,Janet hasn't thought about herself sold hills.,syntax/semantics,binding,principle_A_case_2,True,True,False,False,870,-61.08705139160156,-62.24345397949219,1
Most dancers forget about themselves embarrassing the people.,Most dancers forget about themselves embarrass the people.,syntax/semantics,binding,principle_A_case_2,True,True,False,False,871,-58.35404968261719,-59.762550354003906,1
Alan thought about himself touring these mountains.,Alan thought about himself toured these mountains.,syntax/semantics,binding,principle_A_case_2,True,True,False,False,872,-51.699066162109375,-52.57980728149414,1
Beth doesn't imagine herself hurting Carmen.,Beth doesn't imagine herself hurt Carmen.,syntax/semantics,binding,principle_A_case_2,True,True,False,False,873,-60.790931701660156,-60.428138732910156,0
Carrie thinks about herself descending every ladder.,Carrie thinks about herself descends every ladder.,syntax/semantics,binding,principle_A_case_2,True,True,False,False,874,-62.60335922241211,-69.18441009521484,1
Veronica forgot about herself working with Jessica.,Veronica forgot about herself worked with Jessica.,syntax/semantics,binding,principle_A_case_2,True,True,False,False,875,-59.33954620361328,-60.96935272216797,1
Joseph had imagined himself skated around the restaurant.,Joseph had imagined himself skates around the restaurant.,syntax/semantics,binding,principle_A_case_2,True,True,False,False,876,-57.66644287109375,-56.756866455078125,0
Dancers think about themselves irritating the Clintons.,Dancers think about themselves irritated the Clintons.,syntax/semantics,binding,principle_A_case_2,True,True,False,False,877,-66.37903594970703,-65.67802429199219,0
Many cashiers think about themselves appreciating Michael.,Many cashiers think about themselves appreciated Michael.,syntax/semantics,binding,principle_A_case_2,True,True,False,False,878,-72.11282348632812,-66.47026824951172,0
Michael would imagine himself examining the story.,Michael would imagine himself examines the story.,syntax/semantics,binding,principle_A_case_2,True,True,False,False,879,-42.652549743652344,-44.83271789550781,1
Some teenagers forget about themselves discovering Carlos.,Some teenagers forget about themselves discovered Carlos.,syntax/semantics,binding,principle_A_case_2,True,True,False,False,880,-60.22034454345703,-58.386444091796875,0
Leslie isn't thinking about herself revealing Michelle.,Leslie isn't thinking about herself revealed Michelle.,syntax/semantics,binding,principle_A_case_2,True,True,False,False,881,-60.628082275390625,-59.695152282714844,0
Lori forgets about herself describing Gary.,Lori forgets about herself described Gary.,syntax/semantics,binding,principle_A_case_2,True,True,False,False,882,-67.10125732421875,-68.15521240234375,1
Cheryl was thinking about herself dropping by Harvard University.,Cheryl was thinking about herself drops by Harvard University.,syntax/semantics,binding,principle_A_case_2,True,True,False,False,883,-74.06990814208984,-74.45845794677734,1
Those dancers think about themselves selling this pasta.,Those dancers think about themselves sold this pasta.,syntax/semantics,binding,principle_A_case_2,True,True,False,False,884,-60.366031646728516,-60.276771545410156,0
Harvard University thinks about itself worrying the university.,Harvard University thinks about itself worried the university.,syntax/semantics,binding,principle_A_case_2,True,True,False,False,885,-71.75491333007812,-70.18704223632812,0
Bill thinks about himself visiting Gerald.,Bill thinks about himself visited Gerald.,syntax/semantics,binding,principle_A_case_2,True,True,False,False,886,-45.98426055908203,-46.3523063659668,1
A lot of adults think about themselves hiring this student.,A lot of adults think about themselves hire this student.,syntax/semantics,binding,principle_A_case_2,True,True,False,False,887,-65.0916748046875,-64.02729034423828,0
These senators forget about themselves escaping from Adam.,These senators forget about themselves escape from Adam.,syntax/semantics,binding,principle_A_case_2,True,True,False,False,888,-61.68770980834961,-59.59872817993164,0
Some dancer might forget about herself referencing Mark.,Some dancer might forget about herself references Mark.,syntax/semantics,binding,principle_A_case_2,True,True,False,False,889,-63.10222244262695,-64.78044128417969,1
Becca forgot about herself dropping by some public parks.,Becca forgot about herself drops by some public parks.,syntax/semantics,binding,principle_A_case_2,True,True,False,False,890,-76.81283569335938,-75.58660888671875,0
Rachel could think about herself examining all stories.,Rachel could think about herself examines all stories.,syntax/semantics,binding,principle_A_case_2,True,True,False,False,891,-53.388328552246094,-53.14371109008789,0
Richard thought about himself noticing those pies.,Richard thought about himself notices those pies.,syntax/semantics,binding,principle_A_case_2,True,True,False,False,892,-47.70564270019531,-49.996116638183594,1
A lot of guys aren't forgetting about themselves boasting about Becca.,A lot of guys aren't forgetting about themselves boast about Becca.,syntax/semantics,binding,principle_A_case_2,True,True,False,False,893,-86.99530792236328,-85.57854461669922,0
The actresses imagine themselves fixing a lot of windows.,The actresses imagine themselves fixed a lot of windows.,syntax/semantics,binding,principle_A_case_2,True,True,False,False,894,-63.67300796508789,-65.05150604248047,1
Theodore should forget about himself ascending some slopes.,Theodore should forget about himself ascends some slopes.,syntax/semantics,binding,principle_A_case_2,True,True,False,False,895,-69.07196044921875,-78.23713684082031,1
Many senators hadn't thought about themselves revealing some skateboards.,Many senators hadn't thought about themselves reveal some skateboards.,syntax/semantics,binding,principle_A_case_2,True,True,False,False,896,-80.53373718261719,-80.32994079589844,0
Jill won't think about herself cleaning a dog.,Jill won't think about herself cleaned a dog.,syntax/semantics,binding,principle_A_case_2,True,True,False,False,897,-56.07248306274414,-56.23370361328125,1
Colleen had thought about herself skated around the Great Lakes.,Colleen had thought about herself skates around the Great Lakes.,syntax/semantics,binding,principle_A_case_2,True,True,False,False,898,-77.44914245605469,-76.62873077392578,0
Anne won't imagine herself climbing down some hills.,Anne won't imagine herself climbs down some hills.,syntax/semantics,binding,principle_A_case_2,True,True,False,False,899,-55.595970153808594,-57.19060516357422,1
Melinda thinks about herself discussing some newspaper article.,Melinda thinks about herself discusses some newspaper article.,syntax/semantics,binding,principle_A_case_2,True,True,False,False,900,-66.7459945678711,-67.05413818359375,1
Tamara isn't forgetting about herself climbing down these mountains.,Tamara isn't forgetting about herself climbs down these mountains.,syntax/semantics,binding,principle_A_case_2,True,True,False,False,901,-72.53744506835938,-75.25247192382812,1
Laura imagines herself praising Kathleen.,Laura imagines herself praised Kathleen.,syntax/semantics,binding,principle_A_case_2,True,True,False,False,902,-53.86185073852539,-54.46556091308594,1
Kevin is thinking about himself helping some guy.,Kevin is thinking about himself helps some guy.,syntax/semantics,binding,principle_A_case_2,True,True,False,False,903,-46.454532623291016,-46.06550598144531,0
Stacey wasn't forgetting about herself scanning an essay.,Stacey wasn't forgetting about herself scans an essay.,syntax/semantics,binding,principle_A_case_2,True,True,False,False,904,-69.46485900878906,-73.2809829711914,1
Elizabeth had thought about herself irritating Jeffrey.,Elizabeth had thought about herself irritated Jeffrey.,syntax/semantics,binding,principle_A_case_2,True,True,False,False,905,-52.71781539916992,-50.570308685302734,0
Michelle forgets about herself selling some spinach.,Michelle forgets about herself sold some spinach.,syntax/semantics,binding,principle_A_case_2,True,True,False,False,906,-58.46586608886719,-58.69523239135742,1
Amelia thinks about herself examining a newspaper article.,Amelia thinks about herself examined a newspaper article.,syntax/semantics,binding,principle_A_case_2,True,True,False,False,907,-64.28868103027344,-64.19871520996094,0
Cindy wasn't thinking about herself talking to Brian.,Cindy wasn't thinking about herself talks to Brian.,syntax/semantics,binding,principle_A_case_2,True,True,False,False,908,-59.27592468261719,-62.8508186340332,1
Mitchell thought about himself disgusting Marie.,Mitchell thought about himself disgusted Marie.,syntax/semantics,binding,principle_A_case_2,True,True,False,False,909,-57.577266693115234,-56.88713836669922,0
Every boy thinks about himself listening to George.,Every boy thinks about himself listens to George.,syntax/semantics,binding,principle_A_case_2,True,True,False,False,910,-51.136558532714844,-52.84037780761719,1
Kristen thought about herself running around high schools.,Kristen thought about herself runs around high schools.,syntax/semantics,binding,principle_A_case_2,True,True,False,False,911,-60.986915588378906,-63.483158111572266,1
Matt does imagine himself hurting Elizabeth.,Matt does imagine himself hurt Elizabeth.,syntax/semantics,binding,principle_A_case_2,True,True,False,False,912,-48.42953109741211,-46.44364929199219,0
Clyde forgets about himself hiring Stacy.,Clyde forgets about himself hired Stacy.,syntax/semantics,binding,principle_A_case_2,True,True,False,False,913,-78.70875549316406,-76.02539825439453,0
Gina thought about herself disturbing Janice.,Gina thought about herself disturbed Janice.,syntax/semantics,binding,principle_A_case_2,True,True,False,False,914,-57.59392166137695,-56.57118225097656,0
Omar does imagine himself healing Beverly.,Omar does imagine himself healed Beverly.,syntax/semantics,binding,principle_A_case_2,True,True,False,False,915,-64.42813873291016,-64.1684341430664,0
Sandra is thinking about herself dropping by those closets.,Sandra is thinking about herself drops by those closets.,syntax/semantics,binding,principle_A_case_2,True,True,False,False,916,-68.93267822265625,-68.06297302246094,0
Mitchell was imagining himself exiting this museum.,Mitchell was imagining himself exited this museum.,syntax/semantics,binding,principle_A_case_2,True,True,False,False,917,-64.60651397705078,-64.86341857910156,1
These people imagine themselves hiding many actors.,These people imagine themselves hide many actors.,syntax/semantics,binding,principle_A_case_2,True,True,False,False,918,-50.20886993408203,-50.59587860107422,1
Adam thought about himself hugging Susan.,Adam thought about himself hugs Susan.,syntax/semantics,binding,principle_A_case_2,True,True,False,False,919,-44.96971130371094,-46.46644592285156,1
The Impressionists forget about themselves kissing Alexander.,The Impressionists forget about themselves kiss Alexander.,syntax/semantics,binding,principle_A_case_2,True,True,False,False,920,-73.51216888427734,-74.34375,1
Carol forgot about herself listening to a lot of customers.,Carol forgot about herself listened to a lot of customers.,syntax/semantics,binding,principle_A_case_2,True,True,False,False,921,-66.77587890625,-67.9100112915039,1
Some people forget about themselves going to these art galleries.,Some people forget about themselves go to these art galleries.,syntax/semantics,binding,principle_A_case_2,True,True,False,False,922,-62.30592346191406,-63.371742248535156,1
Janice won't forget about herself wearing those blouses.,Janice won't forget about herself wears those blouses.,syntax/semantics,binding,principle_A_case_2,True,True,False,False,923,-70.33331298828125,-73.03922271728516,1
Becky hadn't imagined herself describing Amelia.,Becky hadn't imagined herself describes Amelia.,syntax/semantics,binding,principle_A_case_2,True,True,False,False,924,-62.30415344238281,-63.59584426879883,1
Margaret was thinking about herself buying those dresses.,Margaret was thinking about herself buys those dresses.,syntax/semantics,binding,principle_A_case_2,True,True,False,False,925,-54.75823211669922,-56.134639739990234,1
Kevin had imagined himself confusing Ella.,Kevin had imagined himself confused Ella.,syntax/semantics,binding,principle_A_case_2,True,True,False,False,926,-49.964012145996094,-49.44412612915039,0
Anna hadn't thought about herself revealing this actress.,Anna hadn't thought about herself revealed this actress.,syntax/semantics,binding,principle_A_case_2,True,True,False,False,927,-61.702816009521484,-59.83988571166992,0
A lot of actors think about themselves alarming Leslie.,A lot of actors think about themselves alarmed Leslie.,syntax/semantics,binding,principle_A_case_2,True,True,False,False,928,-66.13105773925781,-65.50407409667969,0
Richard hasn't forgotten about himself exiting most schools.,Richard hasn't forgotten about himself exited most schools.,syntax/semantics,binding,principle_A_case_2,True,True,False,False,929,-64.98490142822266,-65.31958770751953,1
Alan won't imagine himself worrying those doctors.,Alan won't imagine himself worried those doctors.,syntax/semantics,binding,principle_A_case_2,True,True,False,False,930,-51.983497619628906,-51.43241882324219,0
Noah hadn't thought about himself approaching Kirsten.,Noah hadn't thought about himself approaches Kirsten.,syntax/semantics,binding,principle_A_case_2,True,True,False,False,931,-68.46529388427734,-70.16464233398438,1
Melinda can forget about herself escaping from Paula.,Melinda can forget about herself escaped from Paula.,syntax/semantics,binding,principle_A_case_2,True,True,False,False,932,-63.653831481933594,-61.54243087768555,0
Melissa thought about herself observing most actors.,Melissa thought about herself observed most actors.,syntax/semantics,binding,principle_A_case_2,True,True,False,False,933,-61.91926574707031,-59.919071197509766,0
The Lutherans aren't thinking about themselves working with a cashier.,The Lutherans aren't thinking about themselves work with a cashier.,syntax/semantics,binding,principle_A_case_2,True,True,False,False,934,-82.48271942138672,-85.08413696289062,1
Ella hadn't thought about herself observing the senator.,Ella hadn't thought about herself observed the senator.,syntax/semantics,binding,principle_A_case_2,True,True,False,False,935,-70.26490783691406,-69.66224670410156,0
Carl forgets about himself breaking some car.,Carl forgets about himself breaks some car.,syntax/semantics,binding,principle_A_case_2,True,True,False,False,936,-57.106143951416016,-56.62648010253906,0
Some women think about themselves talking to Gerald.,Some women think about themselves talked to Gerald.,syntax/semantics,binding,principle_A_case_2,True,True,False,False,937,-53.47185516357422,-55.05685043334961,1
Beverly forgot about herself worrying Jacqueline.,Beverly forgot about herself worried Jacqueline.,syntax/semantics,binding,principle_A_case_2,True,True,False,False,938,-66.59395599365234,-65.55274963378906,0
Craig forgets about himself returning to Daniel.,Craig forgets about himself returns to Daniel.,syntax/semantics,binding,principle_A_case_2,True,True,False,False,939,-54.769500732421875,-54.440521240234375,0
Margaret isn't thinking about herself hiding those hospitals.,Margaret isn't thinking about herself hides those hospitals.,syntax/semantics,binding,principle_A_case_2,True,True,False,False,940,-63.42985153198242,-66.13105773925781,1
Ella thought about herself skated around many glaciers.,Ella thought about herself skates around many glaciers.,syntax/semantics,binding,principle_A_case_2,True,True,False,False,941,-76.0008544921875,-73.83708190917969,0
Dana won't forget about herself biking to the lake.,Dana won't forget about herself bikes to the lake.,syntax/semantics,binding,principle_A_case_2,True,True,False,False,942,-63.53380584716797,-62.4658088684082,0
Ronald will forget about himself going to Spain.,Ronald will forget about himself went to Spain.,syntax/semantics,binding,principle_A_case_2,True,True,False,False,943,-52.74578094482422,-53.61724853515625,1
Mitchell has thought about himself scanning a story.,Mitchell has thought about himself scans a story.,syntax/semantics,binding,principle_A_case_2,True,True,False,False,944,-60.80537796020508,-65.1039047241211,1
Theresa didn't think about herself firing Kenneth.,Theresa didn't think about herself fires Kenneth.,syntax/semantics,binding,principle_A_case_2,True,True,False,False,945,-60.63389587402344,-62.407737731933594,1
Alice thinks about herself firing Deanna.,Alice thinks about herself fires Deanna.,syntax/semantics,binding,principle_A_case_2,True,True,False,False,946,-53.498626708984375,-52.686912536621094,0
Gary was imagining himself praising the boy.,Gary was imagining himself praises the boy.,syntax/semantics,binding,principle_A_case_2,True,True,False,False,947,-44.689491271972656,-50.858482360839844,1
Melinda was thinking about herself breaking these bikes.,Melinda was thinking about herself breaks these bikes.,syntax/semantics,binding,principle_A_case_2,True,True,False,False,948,-56.18890380859375,-57.48042297363281,1
Christine should think about herself looking like many pictures.,Christine should think about herself looked like many pictures.,syntax/semantics,binding,principle_A_case_2,True,True,False,False,949,-59.298423767089844,-59.66165542602539,1
Tammy thinks about herself finding those paintings.,Tammy thinks about herself finds those paintings.,syntax/semantics,binding,principle_A_case_2,True,True,False,False,950,-53.90222930908203,-54.39693069458008,1
Sara isn't thinking about herself embarrassing an association.,Sara isn't thinking about herself embarrassed an association.,syntax/semantics,binding,principle_A_case_2,True,True,False,False,951,-65.54242706298828,-64.73899841308594,0
That bank thought about itself looking like this photograph.,That bank thought about itself looked like this photograph.,syntax/semantics,binding,principle_A_case_2,True,True,False,False,952,-61.72325897216797,-62.391143798828125,1
The people forget about themselves revealing every man.,The people forget about themselves revealed every man.,syntax/semantics,binding,principle_A_case_2,True,True,False,False,953,-52.78771209716797,-50.28595733642578,0
The Lutherans forget about themselves passing Spain.,The Lutherans forget about themselves pass Spain.,syntax/semantics,binding,principle_A_case_2,True,True,False,False,954,-65.86634826660156,-64.80827331542969,0
Rose hadn't thought about herself arriving at the hill.,Rose hadn't thought about herself arrives at the hill.,syntax/semantics,binding,principle_A_case_2,True,True,False,False,955,-54.4468994140625,-57.12356948852539,1
Paul thinks about himself cleaning many art galleries.,Paul thinks about himself cleans many art galleries.,syntax/semantics,binding,principle_A_case_2,True,True,False,False,956,-62.54254150390625,-65.22003173828125,1
Alice imagined herself confusing the student.,Alice imagined herself confused the student.,syntax/semantics,binding,principle_A_case_2,True,True,False,False,957,-47.31315612792969,-46.0279655456543,0
A woman imagines herself curing those boys.,A woman imagines herself cured those boys.,syntax/semantics,binding,principle_A_case_2,True,True,False,False,958,-69.62489318847656,-67.63847351074219,0
All waitresses couldn't think about themselves stunning Nina.,All waitresses couldn't think about themselves stunned Nina.,syntax/semantics,binding,principle_A_case_2,True,True,False,False,959,-77.2800521850586,-74.93852233886719,0
Steven shouldn't think about himself hurting Jodi.,Steven shouldn't think about himself hurt Jodi.,syntax/semantics,binding,principle_A_case_2,True,True,False,False,960,-56.0032958984375,-55.10115051269531,0
Many dancers were thinking about themselves hiding the Clintons.,Many dancers were thinking about themselves hide the Clintons.,syntax/semantics,binding,principle_A_case_2,True,True,False,False,961,-63.542415618896484,-63.13505172729492,0
That legislature forgot about itself aggravating Carrie.,That legislature forgot about itself aggravated Carrie.,syntax/semantics,binding,principle_A_case_2,True,True,False,False,962,-70.81230163574219,-66.74870300292969,0
Brett thinks about himself hiding Ellen.,Brett thinks about himself hid Ellen.,syntax/semantics,binding,principle_A_case_2,True,True,False,False,963,-55.39263916015625,-55.57901382446289,1
Heather has forgotten about herself shocking Diana.,Heather has forgotten about herself shocked Diana.,syntax/semantics,binding,principle_A_case_2,True,True,False,False,964,-61.95462417602539,-60.30902099609375,0
Kathleen won't imagine herself scanning every documentary.,Kathleen won't imagine herself scanned every documentary.,syntax/semantics,binding,principle_A_case_2,True,True,False,False,965,-73.2091064453125,-73.81495666503906,1
Laura imagines herself leaving Rachelle.,Laura imagines herself left Rachelle.,syntax/semantics,binding,principle_A_case_2,True,True,False,False,966,-60.82015609741211,-59.44896697998047,0
The cashiers think about themselves skated around most museums.,The cashiers think about themselves skated around most museums.,syntax/semantics,binding,principle_A_case_2,True,True,False,False,967,-84.89656829833984,-84.89656829833984,0
Ronald forgets about himself aggravating a senator.,Ronald forgets about himself aggravated a senator.,syntax/semantics,binding,principle_A_case_2,True,True,False,False,968,-70.02325439453125,-66.76790618896484,0
Beth won't forget about herself returning to some lake.,Beth won't forget about herself returned to some lake.,syntax/semantics,binding,principle_A_case_2,True,True,False,False,969,-67.04896545410156,-66.40666961669922,0
Christopher imagines himself exploring a mall.,Christopher imagines himself explores a mall.,syntax/semantics,binding,principle_A_case_2,True,True,False,False,970,-55.537906646728516,-57.214664459228516,1
All governments forget about themselves listening to Veronica.,All governments forget about themselves listened to Veronica.,syntax/semantics,binding,principle_A_case_2,True,True,False,False,971,-61.06102752685547,-63.533905029296875,1
Joel thought about himself bothering Roger.,Joel thought about himself bothered Roger.,syntax/semantics,binding,principle_A_case_2,True,True,False,False,972,-51.918914794921875,-53.372589111328125,1
The patients have imagined themselves cleaning all movie theaters.,The patients have imagined themselves cleaned all movie theaters.,syntax/semantics,binding,principle_A_case_2,True,True,False,False,973,-72.55570220947266,-72.42449951171875,0
Deborah imagines herself confusing that association.,Deborah imagines herself confused that association.,syntax/semantics,binding,principle_A_case_2,True,True,False,False,974,-70.19876098632812,-69.78409576416016,0
Diana thinks about herself thinking about those photographs.,Diana thinks about herself thinks about those photographs.,syntax/semantics,binding,principle_A_case_2,True,True,False,False,975,-57.517704010009766,-61.30766296386719,1
Michael thought about himself irritating most drivers.,Michael thought about himself irritated most drivers.,syntax/semantics,binding,principle_A_case_2,True,True,False,False,976,-55.506752014160156,-55.39082717895508,0
Barbara is imagining herself thinking about the customers.,Barbara is imagining herself thought about the customers.,syntax/semantics,binding,principle_A_case_2,True,True,False,False,977,-56.30331039428711,-60.143829345703125,1
All customers forgot about themselves concealing that essay.,All customers forgot about themselves concealed that essay.,syntax/semantics,binding,principle_A_case_2,True,True,False,False,978,-75.69507598876953,-65.07852172851562,0
Aaron imagines himself listening to Brian.,Aaron imagines himself listens to Brian.,syntax/semantics,binding,principle_A_case_2,True,True,False,False,979,-52.93278503417969,-55.053218841552734,1
This university has thought about itself talking about Candice.,This university has thought about itself talked about Candice.,syntax/semantics,binding,principle_A_case_2,True,True,False,False,980,-62.84829330444336,-64.90586853027344,1
Marla wasn't thinking about herself confusing Nicole.,Marla wasn't thinking about herself confused Nicole.,syntax/semantics,binding,principle_A_case_2,True,True,False,False,981,-59.91777420043945,-58.857242584228516,0
Sabrina hasn't thought about herself exploring the river.,Sabrina hasn't thought about herself explores the river.,syntax/semantics,binding,principle_A_case_2,True,True,False,False,982,-62.26754379272461,-64.30109405517578,1
Stacey imagines herself helping boys.,Stacey imagines herself helped boys.,syntax/semantics,binding,principle_A_case_2,True,True,False,False,983,-58.454925537109375,-60.86053466796875,1
William did imagine himself complaining about Andrea.,William did imagine himself complains about Andrea.,syntax/semantics,binding,principle_A_case_2,True,True,False,False,984,-49.55712127685547,-51.99671936035156,1
Dan imagines himself observing Bruce.,Dan imagines himself observed Bruce.,syntax/semantics,binding,principle_A_case_2,True,True,False,False,985,-53.57685852050781,-51.38969802856445,0
Barbara thinks about herself embarrassing Omar.,Barbara thinks about herself embarrassed Omar.,syntax/semantics,binding,principle_A_case_2,True,True,False,False,986,-57.360599517822266,-57.591827392578125,1
Phillip thinks about himself healing Amanda.,Phillip thinks about himself heals Amanda.,syntax/semantics,binding,principle_A_case_2,True,True,False,False,987,-54.79097366333008,-54.555747985839844,0
The Impressionists think about themselves aggravating Anne.,The Impressionists think about themselves aggravate Anne.,syntax/semantics,binding,principle_A_case_2,True,True,False,False,988,-77.17422485351562,-78.11273193359375,1
Many guests imagine themselves questioning the men.,Many guests imagine themselves question the men.,syntax/semantics,binding,principle_A_case_2,True,True,False,False,989,-49.670013427734375,-50.836090087890625,1
Anna had thought about herself working with Angela.,Anna had thought about herself worked with Angela.,syntax/semantics,binding,principle_A_case_2,True,True,False,False,990,-46.174774169921875,-47.97046661376953,1
Christine thinks about herself attacking Alicia.,Christine thinks about herself attacked Alicia.,syntax/semantics,binding,principle_A_case_2,True,True,False,False,991,-55.23433303833008,-54.33871841430664,0
Sabrina thought about herself messing up schools.,Sabrina thought about herself messed up schools.,syntax/semantics,binding,principle_A_case_2,True,True,False,False,992,-58.654144287109375,-56.90637969970703,0
Some man had thought about himself watching a pedestrian.,Some man had thought about himself watched a pedestrian.,syntax/semantics,binding,principle_A_case_2,True,True,False,False,993,-57.50716018676758,-59.240047454833984,1
Renee hadn't thought about herself watching Scott.,Renee hadn't thought about herself watches Scott.,syntax/semantics,binding,principle_A_case_2,True,True,False,False,994,-58.18667221069336,-63.11579895019531,1
Diana thinks about herself discovering Lissa.,Diana thinks about herself discovers Lissa.,syntax/semantics,binding,principle_A_case_2,True,True,False,False,995,-62.60934066772461,-61.93904495239258,0
Kayla might forget about herself breaking all bicycles.,Kayla might forget about herself breaks all bicycles.,syntax/semantics,binding,principle_A_case_2,True,True,False,False,996,-65.16618347167969,-64.38746643066406,0
Some cashiers think about themselves astounding Veronica.,Some cashiers think about themselves astound Veronica.,syntax/semantics,binding,principle_A_case_2,True,True,False,False,997,-71.005126953125,-76.44410705566406,1
Stacey forgets about herself visiting Julie.,Stacey forgets about herself visits Julie.,syntax/semantics,binding,principle_A_case_2,True,True,False,False,998,-60.82893371582031,-64.51145935058594,1
Many people think about themselves bringing a lot of bananas.,Many people think about themselves brought a lot of bananas.,syntax/semantics,binding,principle_A_case_2,True,True,False,False,999,-48.798423767089844,-46.570640563964844,0
