sentence_good,sentence_bad,field,linguistics_term,UID,simple_LM_method,one_prefix_method,two_prefix_method,lexically_identical,pair_id,good_prob,bad_prob,correct
All convertibles weren't there existing.,There weren't all convertibles existing.,semantics,quantifiers,existential_there_quantifiers_2,True,False,False,False,0,-62.71082305908203,-59.651283264160156,0
Every fish was there astounding Sally.,There was every fish astounding Sally.,semantics,quantifiers,existential_there_quantifiers_2,True,False,False,False,1,-45.98748016357422,-48.46056365966797,1
All sisters of Roger weren't there going to this school.,There weren't all sisters of Roger going to this school.,semantics,quantifiers,existential_there_quantifiers_2,True,False,False,False,2,-62.41084671020508,-61.044925689697266,0
Every documentary is there annoying Anna.,There is every documentary annoying Anna.,semantics,quantifiers,existential_there_quantifiers_2,True,False,False,False,3,-45.89574432373047,-49.36316680908203,1
Each government was there hurting Rhonda.,There was each government hurting Rhonda.,semantics,quantifiers,existential_there_quantifiers_2,True,False,False,False,4,-56.49197769165039,-59.25737762451172,1
Every newspaper article wasn't there wasting away.,There wasn't every newspaper article wasting away.,semantics,quantifiers,existential_there_quantifiers_2,True,False,False,False,5,-58.539573669433594,-59.06037521362305,1
Every student wasn't there leaving Andrew.,There wasn't every student leaving Andrew.,semantics,quantifiers,existential_there_quantifiers_2,True,False,False,False,6,-47.64595031738281,-48.594547271728516,1
Each screen is there alarming Tara.,There is each screen alarming Tara.,semantics,quantifiers,existential_there_quantifiers_2,True,False,False,False,7,-52.702125549316406,-54.570289611816406,1
Most universities weren't there hurting this child.,There weren't most universities hurting this child.,semantics,quantifiers,existential_there_quantifiers_2,True,False,False,False,8,-52.2013053894043,-57.23162078857422,1
Each book is there disturbing Margaret.,There is each book disturbing Margaret.,semantics,quantifiers,existential_there_quantifiers_2,True,False,False,False,9,-40.97664260864258,-43.602928161621094,1
Each art gallery was there irritating a lot of committees.,There was each art gallery irritating a lot of committees.,semantics,quantifiers,existential_there_quantifiers_2,True,False,False,False,10,-66.49248504638672,-70.61843872070312,1
All students weren't there noticing some box.,There weren't all students noticing some box.,semantics,quantifiers,existential_there_quantifiers_2,True,False,False,False,11,-54.920555114746094,-54.73085403442383,0
Each mother of a teenager isn't there asking Mark to scratch.,There isn't each mother of a teenager asking Mark to scratch.,semantics,quantifiers,existential_there_quantifiers_2,True,False,False,False,12,-75.76781463623047,-81.49185180664062,1
Most shows about the Great Lakes are there distracting Lisa.,There are most shows about the Great Lakes distracting Lisa.,semantics,quantifiers,existential_there_quantifiers_2,True,False,False,False,13,-72.77468872070312,-70.68902587890625,0
Most nephews of Irene were there telephoning.,There were most nephews of Irene telephoning.,semantics,quantifiers,existential_there_quantifiers_2,True,False,False,False,14,-75.76472473144531,-71.5956802368164,0
Each horse is there upsetting a lot of teachers.,There is each horse upsetting a lot of teachers.,semantics,quantifiers,existential_there_quantifiers_2,True,False,False,False,15,-52.07217025756836,-57.08042907714844,1
Every story was there hurting Judy.,There was every story hurting Judy.,semantics,quantifiers,existential_there_quantifiers_2,True,False,False,False,16,-40.06919860839844,-43.329498291015625,1
Every plate is there embarrassing Richard.,There is every plate embarrassing Richard.,semantics,quantifiers,existential_there_quantifiers_2,True,False,False,False,17,-46.23918914794922,-49.16480255126953,1
Most computers weren't there alarming Sabrina.,There weren't most computers alarming Sabrina.,semantics,quantifiers,existential_there_quantifiers_2,True,False,False,False,18,-64.13471984863281,-67.4866943359375,1
Every computer wasn't there shocking that actress.,There wasn't every computer shocking that actress.,semantics,quantifiers,existential_there_quantifiers_2,True,False,False,False,19,-56.5731086730957,-56.814369201660156,1
Most reports aren't there disappearing.,There aren't most reports disappearing.,semantics,quantifiers,existential_there_quantifiers_2,True,False,False,False,20,-38.808868408203125,-43.07598876953125,1
Each university was there worrying.,There was each university worrying.,semantics,quantifiers,existential_there_quantifiers_2,True,False,False,False,21,-35.71404266357422,-38.58464431762695,1
Every popsicle isn't there wasting away.,There isn't every popsicle wasting away.,semantics,quantifiers,existential_there_quantifiers_2,True,False,False,False,22,-53.59684753417969,-57.68326187133789,1
All granddaughters of Donald weren't there confusing this doctor.,There weren't all granddaughters of Donald confusing this doctor.,semantics,quantifiers,existential_there_quantifiers_2,True,False,False,False,23,-84.2994384765625,-82.77537536621094,0
Most cars weren't there scaring Kendra.,There weren't most cars scaring Kendra.,semantics,quantifiers,existential_there_quantifiers_2,True,False,False,False,24,-61.073081970214844,-66.0180435180664,1
Every coat wasn't there twirling.,There wasn't every coat twirling.,semantics,quantifiers,existential_there_quantifiers_2,True,False,False,False,25,-44.180824279785156,-45.458465576171875,1
All bikes are there embarrassing Brian.,There are all bikes embarrassing Brian.,semantics,quantifiers,existential_there_quantifiers_2,True,False,False,False,26,-47.34504699707031,-46.35789489746094,0
Each essay isn't there embarrassing Kenneth.,There isn't each essay embarrassing Kenneth.,semantics,quantifiers,existential_there_quantifiers_2,True,False,False,False,27,-52.817684173583984,-55.21785354614258,1
Most organizations are there compelling Claire to stretch.,There are most organizations compelling Claire to stretch.,semantics,quantifiers,existential_there_quantifiers_2,True,False,False,False,28,-63.19902038574219,-64.83528900146484,1
Every fork wasn't there appearing.,There wasn't every fork appearing.,semantics,quantifiers,existential_there_quantifiers_2,True,False,False,False,29,-42.04924011230469,-43.189178466796875,1
All dancers are there talking to Pamela.,There are all dancers talking to Pamela.,semantics,quantifiers,existential_there_quantifiers_2,True,False,False,False,30,-48.22123718261719,-46.58826446533203,0
Most sisters of Veronica weren't there clashing.,There weren't most sisters of Veronica clashing.,semantics,quantifiers,existential_there_quantifiers_2,True,False,False,False,31,-64.3602066040039,-63.41539764404297,0
All lights are there distracting Sarah.,There are all lights distracting Sarah.,semantics,quantifiers,existential_there_quantifiers_2,True,False,False,False,32,-45.749366760253906,-44.40160369873047,0
All daughters of these teachers weren't there messing up pants.,There weren't all daughters of these teachers messing up pants.,semantics,quantifiers,existential_there_quantifiers_2,True,False,False,False,33,-71.23619079589844,-73.5948715209961,1
Every casserole isn't there looking like a lot of sketches.,There isn't every casserole looking like a lot of sketches.,semantics,quantifiers,existential_there_quantifiers_2,True,False,False,False,34,-72.11668395996094,-76.36589050292969,1
Each drawing of Cheryl isn't there existing.,There isn't each drawing of Cheryl existing.,semantics,quantifiers,existential_there_quantifiers_2,True,False,False,False,35,-58.57780456542969,-61.501548767089844,1
Each picture is there appearing.,There is each picture appearing.,semantics,quantifiers,existential_there_quantifiers_2,True,False,False,False,36,-34.3514518737793,-34.944602966308594,1
Every grocery store was there falling.,There was every grocery store falling.,semantics,quantifiers,existential_there_quantifiers_2,True,False,False,False,37,-43.323883056640625,-42.163734436035156,0
Most dishes are there wasting away.,There are most dishes wasting away.,semantics,quantifiers,existential_there_quantifiers_2,True,False,False,False,38,-44.35680389404297,-45.246612548828125,1
All pants were there impressing Alexander.,There were all pants impressing Alexander.,semantics,quantifiers,existential_there_quantifiers_2,True,False,False,False,39,-58.51771926879883,-54.66118621826172,0
Most commentaries about the Impressionists were there bothering Beverly.,There were most commentaries about the Impressionists bothering Beverly.,semantics,quantifiers,existential_there_quantifiers_2,True,False,False,False,40,-97.9142074584961,-98.63665771484375,1
Each college campus isn't there alarming Irene.,There isn't each college campus alarming Irene.,semantics,quantifiers,existential_there_quantifiers_2,True,False,False,False,41,-63.12510299682617,-69.49174499511719,1
All organizations were there convincing Winston Churchill to escape.,There were all organizations convincing Winston Churchill to escape.,semantics,quantifiers,existential_there_quantifiers_2,True,False,False,False,42,-71.03095245361328,-69.77297973632812,0
Most wheelbarrows are there dropping.,There are most wheelbarrows dropping.,semantics,quantifiers,existential_there_quantifiers_2,True,False,False,False,43,-53.81310272216797,-56.40264892578125,1
Most skirts were there aggravating waiters.,There were most skirts aggravating waiters.,semantics,quantifiers,existential_there_quantifiers_2,True,False,False,False,44,-63.99591064453125,-64.17027282714844,1
Most cars aren't there slipping.,There aren't most cars slipping.,semantics,quantifiers,existential_there_quantifiers_2,True,False,False,False,45,-35.09711456298828,-43.25653076171875,1
All slopes are there alarming Kathleen.,There are all slopes alarming Kathleen.,semantics,quantifiers,existential_there_quantifiers_2,True,False,False,False,46,-53.14869689941406,-50.70304489135742,0
Every hospital wasn't there urging Wayne to find most cars.,There wasn't every hospital urging Wayne to find most cars.,semantics,quantifiers,existential_there_quantifiers_2,True,False,False,False,47,-77.02816772460938,-79.38777160644531,1
Most guests were there attacking Kimberley.,There were most guests attacking Kimberley.,semantics,quantifiers,existential_there_quantifiers_2,True,False,False,False,48,-52.2750244140625,-51.59187316894531,0
Every picture of a lot of pants wasn't there looking like those sketches.,There wasn't every picture of a lot of pants looking like those sketches.,semantics,quantifiers,existential_there_quantifiers_2,True,False,False,False,49,-76.23170471191406,-76.55224609375,1
Most computers weren't there alarming Valerie.,There weren't most computers alarming Valerie.,semantics,quantifiers,existential_there_quantifiers_2,True,False,False,False,50,-56.897342681884766,-60.11079406738281,1
Every restaurant is there impressing Patrick.,There is every restaurant impressing Patrick.,semantics,quantifiers,existential_there_quantifiers_2,True,False,False,False,51,-54.615760803222656,-56.023162841796875,1
Every dish was there wasting away.,There was every dish wasting away.,semantics,quantifiers,existential_there_quantifiers_2,True,False,False,False,52,-44.516273498535156,-44.453521728515625,0
Each cucumber was there burning.,There was each cucumber burning.,semantics,quantifiers,existential_there_quantifiers_2,True,False,False,False,53,-42.285247802734375,-42.237117767333984,0
Most movies aren't there worrying Peter.,There aren't most movies worrying Peter.,semantics,quantifiers,existential_there_quantifiers_2,True,False,False,False,54,-45.57823181152344,-52.426719665527344,1
Every commentary about the Impressionists is there disgusting an actor.,There is every commentary about the Impressionists disgusting an actor.,semantics,quantifiers,existential_there_quantifiers_2,True,False,False,False,55,-89.9997329711914,-92.67753601074219,1
Every muffin isn't there charring.,There isn't every muffin charring.,semantics,quantifiers,existential_there_quantifiers_2,True,False,False,False,56,-51.41707992553711,-50.65672302246094,0
Most peppers aren't there boring Ann.,There aren't most peppers boring Ann.,semantics,quantifiers,existential_there_quantifiers_2,True,False,False,False,57,-49.55766296386719,-55.81476593017578,1
All cousins of William aren't there predicting Gerald to sigh.,There aren't all cousins of William predicting Gerald to sigh.,semantics,quantifiers,existential_there_quantifiers_2,True,False,False,False,58,-83.6251449584961,-82.38238525390625,0
All shows about the Impressionists weren't there scaring Michael.,There weren't all shows about the Impressionists scaring Michael.,semantics,quantifiers,existential_there_quantifiers_2,True,False,False,False,59,-86.24578857421875,-89.365966796875,1
All sweaters weren't there shocking Clyde.,There weren't all sweaters shocking Clyde.,semantics,quantifiers,existential_there_quantifiers_2,True,False,False,False,60,-64.93535614013672,-62.4305305480957,0
Every slope was there vanishing.,There was every slope vanishing.,semantics,quantifiers,existential_there_quantifiers_2,True,False,False,False,61,-39.62407684326172,-40.239925384521484,1
Most computers are there falling.,There are most computers falling.,semantics,quantifiers,existential_there_quantifiers_2,True,False,False,False,62,-32.816471099853516,-35.119163513183594,1
All public parks are there boring Jill.,There are all public parks boring Jill.,semantics,quantifiers,existential_there_quantifiers_2,True,False,False,False,63,-56.404266357421875,-56.08283996582031,0
Most mountains are there distracting Scott.,There are most mountains distracting Scott.,semantics,quantifiers,existential_there_quantifiers_2,True,False,False,False,64,-45.90582275390625,-48.451297760009766,1
Every pepper isn't there scorching.,There isn't every pepper scorching.,semantics,quantifiers,existential_there_quantifiers_2,True,False,False,False,65,-45.51886749267578,-47.82588195800781,1
Most boys are there divorcing.,There are most boys divorcing.,semantics,quantifiers,existential_there_quantifiers_2,True,False,False,False,66,-42.626708984375,-44.55290222167969,1
Each cart is there appearing.,There is each cart appearing.,semantics,quantifiers,existential_there_quantifiers_2,True,False,False,False,67,-39.78538513183594,-39.55101776123047,0
Each mushroom is there annoying Amelia.,There is each mushroom annoying Amelia.,semantics,quantifiers,existential_there_quantifiers_2,True,False,False,False,68,-48.150062561035156,-51.95658874511719,1
Each closet isn't there appearing.,There isn't each closet appearing.,semantics,quantifiers,existential_there_quantifiers_2,True,False,False,False,69,-39.90838623046875,-43.86762619018555,1
Each association isn't there intending to bother Tamara.,There isn't each association intending to bother Tamara.,semantics,quantifiers,existential_there_quantifiers_2,True,False,False,False,70,-68.49869537353516,-72.35519409179688,1
Each casserole is there alarming Anne.,There is each casserole alarming Anne.,semantics,quantifiers,existential_there_quantifiers_2,True,False,False,False,71,-64.99710083007812,-65.48866271972656,1
All slopes were there boring Homer.,There were all slopes boring Homer.,semantics,quantifiers,existential_there_quantifiers_2,True,False,False,False,72,-49.25849914550781,-48.256065368652344,0
Every glacier was there disgusting Walter.,There was every glacier disgusting Walter.,semantics,quantifiers,existential_there_quantifiers_2,True,False,False,False,73,-50.031898498535156,-53.6212272644043,1
All bananas weren't there burning.,There weren't all bananas burning.,semantics,quantifiers,existential_there_quantifiers_2,True,False,False,False,74,-40.79854202270508,-40.03862380981445,0
Every guest was there visiting Ann.,There was every guest visiting Ann.,semantics,quantifiers,existential_there_quantifiers_2,True,False,False,False,75,-46.43730545043945,-45.82390594482422,0
Most convertibles are there looking like every painting.,There are most convertibles looking like every painting.,semantics,quantifiers,existential_there_quantifiers_2,True,False,False,False,76,-67.33912658691406,-70.81932830810547,1
All windows aren't there alarming a committee.,There aren't all windows alarming a committee.,semantics,quantifiers,existential_there_quantifiers_2,True,False,False,False,77,-53.839969635009766,-57.567840576171875,1
Every doctor wasn't there existing.,There wasn't every doctor existing.,semantics,quantifiers,existential_there_quantifiers_2,True,False,False,False,78,-40.273807525634766,-42.51955795288086,1
All glasses were there scaring Clyde.,There were all glasses scaring Clyde.,semantics,quantifiers,existential_there_quantifiers_2,True,False,False,False,79,-52.326637268066406,-48.36354446411133,0
All icicles aren't there disturbing Marie.,There aren't all icicles disturbing Marie.,semantics,quantifiers,existential_there_quantifiers_2,True,False,False,False,80,-59.799930572509766,-62.318538665771484,1
Each cousin of Linda isn't there irritating Veronica.,There isn't each cousin of Linda irritating Veronica.,semantics,quantifiers,existential_there_quantifiers_2,True,False,False,False,81,-66.65005493164062,-70.99930572509766,1
Every carriage wasn't there bothering Pamela.,There wasn't every carriage bothering Pamela.,semantics,quantifiers,existential_there_quantifiers_2,True,False,False,False,82,-49.813560485839844,-51.56173324584961,1
Every woman was there intending to remember Thomas.,There was every woman intending to remember Thomas.,semantics,quantifiers,existential_there_quantifiers_2,True,False,False,False,83,-48.19939422607422,-49.26893997192383,1
Every show about Winston Churchill wasn't there astounding Jacqueline.,There wasn't every show about Winston Churchill astounding Jacqueline.,semantics,quantifiers,existential_there_quantifiers_2,True,False,False,False,84,-83.35960388183594,-87.24544525146484,1
Every hamster isn't there distracting Danielle.,There isn't every hamster distracting Danielle.,semantics,quantifiers,existential_there_quantifiers_2,True,False,False,False,85,-56.251564025878906,-61.449703216552734,1
Most libraries were there boring Sally.,There were most libraries boring Sally.,semantics,quantifiers,existential_there_quantifiers_2,True,False,False,False,86,-47.775474548339844,-50.51483917236328,1
All women aren't there discovering Amelia to climb down those slopes.,There aren't all women discovering Amelia to climb down those slopes.,semantics,quantifiers,existential_there_quantifiers_2,True,False,False,False,87,-86.09561157226562,-89.45250701904297,1
All icicles were there confusing this man.,There were all icicles confusing this man.,semantics,quantifiers,existential_there_quantifiers_2,True,False,False,False,88,-60.02406311035156,-57.402687072753906,0
All prints of Derek are there disappearing.,There are all prints of Derek disappearing.,semantics,quantifiers,existential_there_quantifiers_2,True,False,False,False,89,-57.29701232910156,-50.047447204589844,0
Most patients were there pressuring Ella to break a lot of dishes.,There were most patients pressuring Ella to break a lot of dishes.,semantics,quantifiers,existential_there_quantifiers_2,True,False,False,False,90,-77.87986755371094,-79.74486541748047,1
Most movie theaters aren't there distracting Karla.,There aren't most movie theaters distracting Karla.,semantics,quantifiers,existential_there_quantifiers_2,True,False,False,False,91,-69.52879333496094,-76.4842300415039,1
Most waiters were there worrying Carla.,There were most waiters worrying Carla.,semantics,quantifiers,existential_there_quantifiers_2,True,False,False,False,92,-60.848812103271484,-63.320526123046875,1
Each government was there looking to get a job.,There was each government looking to get a job.,semantics,quantifiers,existential_there_quantifiers_2,True,False,False,False,93,-45.99242401123047,-49.828792572021484,1
Most guys aren't there escaping.,There aren't most guys escaping.,semantics,quantifiers,existential_there_quantifiers_2,True,False,False,False,94,-36.0814094543457,-44.199424743652344,1
All fish are there vanishing.,There are all fish vanishing.,semantics,quantifiers,existential_there_quantifiers_2,True,False,False,False,95,-37.43354034423828,-33.52363204956055,0
Each painting isn't there aggravating Barbara.,There isn't each painting aggravating Barbara.,semantics,quantifiers,existential_there_quantifiers_2,True,False,False,False,96,-53.62706756591797,-57.905853271484375,1
Each shoe is there disturbing Erin.,There is each shoe disturbing Erin.,semantics,quantifiers,existential_there_quantifiers_2,True,False,False,False,97,-47.146141052246094,-48.64302444458008,1
All stories about the Balkans are there aggravating all boys.,There are all stories about the Balkans aggravating all boys.,semantics,quantifiers,existential_there_quantifiers_2,True,False,False,False,98,-71.81733703613281,-67.40147399902344,0
Each legislature is there retaliating.,There is each legislature retaliating.,semantics,quantifiers,existential_there_quantifiers_2,True,False,False,False,99,-46.0220947265625,-48.680198669433594,1
Each lake was there boring Marla.,There was each lake boring Marla.,semantics,quantifiers,existential_there_quantifiers_2,True,False,False,False,100,-51.59562301635742,-56.636985778808594,1
Each granddaughter of Stephen is there escaping from James.,There is each granddaughter of Stephen escaping from James.,semantics,quantifiers,existential_there_quantifiers_2,True,False,False,False,101,-68.34697723388672,-62.48231887817383,0
Each cake wasn't there vanishing.,There wasn't each cake vanishing.,semantics,quantifiers,existential_there_quantifiers_2,True,False,False,False,102,-41.21290588378906,-44.90769958496094,1
Every rabbit wasn't there distracting Roger.,There wasn't every rabbit distracting Roger.,semantics,quantifiers,existential_there_quantifiers_2,True,False,False,False,103,-49.26094055175781,-52.102298736572266,1
All icicles are there freezing.,There are all icicles freezing.,semantics,quantifiers,existential_there_quantifiers_2,True,False,False,False,104,-47.31800842285156,-45.536338806152344,0
All windows are there opening.,There are all windows opening.,semantics,quantifiers,existential_there_quantifiers_2,True,False,False,False,105,-34.10600280761719,-31.6418399810791,0
Every cafe is there astounding Gerald.,There is every cafe astounding Gerald.,semantics,quantifiers,existential_there_quantifiers_2,True,False,False,False,106,-51.21821212768555,-54.86375427246094,1
Most waiters were there hugging George.,There were most waiters hugging George.,semantics,quantifiers,existential_there_quantifiers_2,True,False,False,False,107,-53.76957321166992,-56.35731506347656,1
Most lakes weren't there irritating Allison.,There weren't most lakes irritating Allison.,semantics,quantifiers,existential_there_quantifiers_2,True,False,False,False,108,-53.47270202636719,-57.386024475097656,1
Each son of Heather is there kissing Carla.,There is each son of Heather kissing Carla.,semantics,quantifiers,existential_there_quantifiers_2,True,False,False,False,109,-66.12632751464844,-64.43057250976562,0
All waiters are there fleeing from Eva.,There are all waiters fleeing from Eva.,semantics,quantifiers,existential_there_quantifiers_2,True,False,False,False,110,-62.66093063354492,-59.80876541137695,0
Each light was there stunning Jason.,There was each light stunning Jason.,semantics,quantifiers,existential_there_quantifiers_2,True,False,False,False,111,-49.274078369140625,-50.842689514160156,1
Every light wasn't there worrying Peter.,There wasn't every light worrying Peter.,semantics,quantifiers,existential_there_quantifiers_2,True,False,False,False,112,-48.17314147949219,-48.555824279785156,1
Each hat isn't there twirling.,There isn't each hat twirling.,semantics,quantifiers,existential_there_quantifiers_2,True,False,False,False,113,-42.504981994628906,-45.86915588378906,1
All photographs of some screen aren't there looking like most cars.,There aren't all photographs of some screen looking like most cars.,semantics,quantifiers,existential_there_quantifiers_2,True,False,False,False,114,-75.68161010742188,-79.49943542480469,1
Each commentary about the Impressionists wasn't there impressing Julie.,There wasn't each commentary about the Impressionists impressing Julie.,semantics,quantifiers,existential_there_quantifiers_2,True,False,False,False,115,-99.40052795410156,-100.93803405761719,1
Most libraries are there continuing to conceal those waitresses.,There are most libraries continuing to conceal those waitresses.,semantics,quantifiers,existential_there_quantifiers_2,True,False,False,False,116,-78.65435791015625,-79.50569152832031,1
Each jacket is there existing.,There is each jacket existing.,semantics,quantifiers,existential_there_quantifiers_2,True,False,False,False,117,-39.69281768798828,-41.7329216003418,1
Most mirrors are there hurting Alexander.,There are most mirrors hurting Alexander.,semantics,quantifiers,existential_there_quantifiers_2,True,False,False,False,118,-48.57298278808594,-50.08815383911133,1
Most customers are there swallowing.,There are most customers swallowing.,semantics,quantifiers,existential_there_quantifiers_2,True,False,False,False,119,-37.64160919189453,-38.26663589477539,1
Most glasses were there soaking.,There were most glasses soaking.,semantics,quantifiers,existential_there_quantifiers_2,True,False,False,False,120,-38.86802673339844,-38.62071990966797,0
Every book about music isn't there disturbing Roger.,There isn't every book about music disturbing Roger.,semantics,quantifiers,existential_there_quantifiers_2,True,False,False,False,121,-55.545135498046875,-62.536468505859375,1
Most cups aren't there hurting Dennis.,There aren't most cups hurting Dennis.,semantics,quantifiers,existential_there_quantifiers_2,True,False,False,False,122,-47.929237365722656,-53.49111557006836,1
Each shirt is there hurting Guy.,There is each shirt hurting Guy.,semantics,quantifiers,existential_there_quantifiers_2,True,False,False,False,123,-45.66331481933594,-47.864463806152344,1
Most windows are there alarming Frank.,There are most windows alarming Frank.,semantics,quantifiers,existential_there_quantifiers_2,True,False,False,False,124,-46.88954162597656,-48.73138427734375,1
Every cafe is there aggravating Donna.,There is every cafe aggravating Donna.,semantics,quantifiers,existential_there_quantifiers_2,True,False,False,False,125,-54.337188720703125,-57.67071533203125,1
Every boy was there explaining everything.,There was every boy explaining everything.,semantics,quantifiers,existential_there_quantifiers_2,True,False,False,False,126,-39.244606018066406,-40.500755310058594,1
Each lamp wasn't there hurting a girl.,There wasn't each lamp hurting a girl.,semantics,quantifiers,existential_there_quantifiers_2,True,False,False,False,127,-48.229469299316406,-50.52806854248047,1
Each art gallery was there annoying Beth.,There was each art gallery annoying Beth.,semantics,quantifiers,existential_there_quantifiers_2,True,False,False,False,128,-55.85443115234375,-59.550148010253906,1
Most coats aren't there drying.,There aren't most coats drying.,semantics,quantifiers,existential_there_quantifiers_2,True,False,False,False,129,-40.202430725097656,-45.920753479003906,1
Most legislatures weren't there reuniting.,There weren't most legislatures reuniting.,semantics,quantifiers,existential_there_quantifiers_2,True,False,False,False,130,-53.53162384033203,-53.9224853515625,1
Every shirt is there tightening.,There is every shirt tightening.,semantics,quantifiers,existential_there_quantifiers_2,True,False,False,False,131,-37.658626556396484,-39.72572326660156,1
Each report wasn't there confusing John.,There wasn't each report confusing John.,semantics,quantifiers,existential_there_quantifiers_2,True,False,False,False,132,-51.528221130371094,-52.8095588684082,1
Each banana was there astounding Candice.,There was each banana astounding Candice.,semantics,quantifiers,existential_there_quantifiers_2,True,False,False,False,133,-55.01078796386719,-56.98347473144531,1
Most icicles aren't there melting.,There aren't most icicles melting.,semantics,quantifiers,existential_there_quantifiers_2,True,False,False,False,134,-49.732696533203125,-54.14917755126953,1
Every person isn't there thinking about who will eat.,There isn't every person thinking about who will eat.,semantics,quantifiers,existential_there_quantifiers_2,True,False,False,False,135,-51.092079162597656,-54.416473388671875,1
Most paintings of Sheila weren't there falling.,There weren't most paintings of Sheila falling.,semantics,quantifiers,existential_there_quantifiers_2,True,False,False,False,136,-57.76592254638672,-58.88917922973633,1
Most patients were there threatening to testify.,There were most patients threatening to testify.,semantics,quantifiers,existential_there_quantifiers_2,True,False,False,False,137,-47.08479309082031,-46.25770568847656,0
Each mouth wasn't there aggravating Bill.,There wasn't each mouth aggravating Bill.,semantics,quantifiers,existential_there_quantifiers_2,True,False,False,False,138,-55.98249053955078,-57.1614875793457,1
Each pie isn't there upsetting Elaine.,There isn't each pie upsetting Elaine.,semantics,quantifiers,existential_there_quantifiers_2,True,False,False,False,139,-47.4661979675293,-53.08599853515625,1
All photographs of Theresa are there astounding Spain.,There are all photographs of Theresa astounding Spain.,semantics,quantifiers,existential_there_quantifiers_2,True,False,False,False,140,-62.65851593017578,-59.813392639160156,0
All organizations were there thinking about who wouldn't tour that closet.,There were all organizations thinking about who wouldn't tour that closet.,semantics,quantifiers,existential_there_quantifiers_2,True,False,False,False,141,-79.26581573486328,-76.24009704589844,0
Each shirt wasn't there twisting.,There wasn't each shirt twisting.,semantics,quantifiers,existential_there_quantifiers_2,True,False,False,False,142,-41.821800231933594,-44.073516845703125,1
Each newspaper article isn't there shocking Carl.,There isn't each newspaper article shocking Carl.,semantics,quantifiers,existential_there_quantifiers_2,True,False,False,False,143,-61.75316619873047,-65.81678771972656,1
All reports aren't there disgusting Mitchell.,There aren't all reports disgusting Mitchell.,semantics,quantifiers,existential_there_quantifiers_2,True,False,False,False,144,-49.1829833984375,-52.237037658691406,1
All sisters of Denise are there approving.,There are all sisters of Denise approving.,semantics,quantifiers,existential_there_quantifiers_2,True,False,False,False,145,-57.64141082763672,-52.00320053100586,0
All movies weren't there winning.,There weren't all movies winning.,semantics,quantifiers,existential_there_quantifiers_2,True,False,False,False,146,-41.55033493041992,-42.125640869140625,1
Every hat is there crumpling.,There is every hat crumpling.,semantics,quantifiers,existential_there_quantifiers_2,True,False,False,False,147,-46.175045013427734,-48.74040985107422,1
Each book was there scaring some student.,There was each book scaring some student.,semantics,quantifiers,existential_there_quantifiers_2,True,False,False,False,148,-52.11766052246094,-54.75788879394531,1
All projectors were there aggravating Monet.,There were all projectors aggravating Monet.,semantics,quantifiers,existential_there_quantifiers_2,True,False,False,False,149,-71.64271545410156,-69.12139892578125,0
Most governments were there conspiring.,There were most governments conspiring.,semantics,quantifiers,existential_there_quantifiers_2,True,False,False,False,150,-39.36748504638672,-40.78339385986328,1
Every art gallery isn't there impressing Jesus.,There isn't every art gallery impressing Jesus.,semantics,quantifiers,existential_there_quantifiers_2,True,False,False,False,151,-65.65957641601562,-68.1655044555664,1
Every school was there profiting.,There was every school profiting.,semantics,quantifiers,existential_there_quantifiers_2,True,False,False,False,152,-40.73443603515625,-41.081974029541016,1
All photographs are there stunning William.,There are all photographs stunning William.,semantics,quantifiers,existential_there_quantifiers_2,True,False,False,False,153,-49.618072509765625,-48.454620361328125,0
Each grandfather of Julia isn't there considering Marla to praise Nicole.,There isn't each grandfather of Julia considering Marla to praise Nicole.,semantics,quantifiers,existential_there_quantifiers_2,True,False,False,False,154,-91.63829040527344,-96.95814514160156,1
Each cart wasn't there slowing.,There wasn't each cart slowing.,semantics,quantifiers,existential_there_quantifiers_2,True,False,False,False,155,-43.19164276123047,-43.90095520019531,1
All cups weren't there disappearing.,There weren't all cups disappearing.,semantics,quantifiers,existential_there_quantifiers_2,True,False,False,False,156,-41.93166732788086,-41.53144836425781,0
All restaurants weren't there embarrassing every school.,There weren't all restaurants embarrassing every school.,semantics,quantifiers,existential_there_quantifiers_2,True,False,False,False,157,-58.11134338378906,-57.99842834472656,0
Each grandmother of Sarah is there wanting to depart.,There is each grandmother of Sarah wanting to depart.,semantics,quantifiers,existential_there_quantifiers_2,True,False,False,False,158,-61.26491928100586,-61.40009307861328,1
Each painting was there stunning Diana.,There was each painting stunning Diana.,semantics,quantifiers,existential_there_quantifiers_2,True,False,False,False,159,-46.325435638427734,-49.657066345214844,1
Every photograph of most closets is there appearing.,There is every photograph of most closets appearing.,semantics,quantifiers,existential_there_quantifiers_2,True,False,False,False,160,-68.58845520019531,-66.6826171875,0
Each dancer was there researching the painting.,There was each dancer researching the painting.,semantics,quantifiers,existential_there_quantifiers_2,True,False,False,False,161,-48.90187072753906,-52.65089416503906,1
Most banks weren't there finding out who disappear.,There weren't most banks finding out who disappear.,semantics,quantifiers,existential_there_quantifiers_2,True,False,False,False,162,-62.32377243041992,-65.61792755126953,1
Each guest was there grinning.,There was each guest grinning.,semantics,quantifiers,existential_there_quantifiers_2,True,False,False,False,163,-36.25355911254883,-38.17583465576172,1
All scarves weren't there warping.,There weren't all scarves warping.,semantics,quantifiers,existential_there_quantifiers_2,True,False,False,False,164,-61.83409118652344,-59.494571685791016,0
Every girl is there cooking.,There is every girl cooking.,semantics,quantifiers,existential_there_quantifiers_2,True,False,False,False,165,-29.795114517211914,-34.43085479736328,1
Every photograph of some candles was there scaring Benjamin.,There was every photograph of some candles scaring Benjamin.,semantics,quantifiers,existential_there_quantifiers_2,True,False,False,False,166,-69.40991973876953,-68.3375473022461,0
Every boy isn't there looking like the photographs.,There isn't every boy looking like the photographs.,semantics,quantifiers,existential_there_quantifiers_2,True,False,False,False,167,-48.640480041503906,-51.6866340637207,1
Each truck was there embarrassing Martha.,There was each truck embarrassing Martha.,semantics,quantifiers,existential_there_quantifiers_2,True,False,False,False,168,-47.75010299682617,-49.719970703125,1
Each door is there embarrassing Samuel.,There is each door embarrassing Samuel.,semantics,quantifiers,existential_there_quantifiers_2,True,False,False,False,169,-49.030250549316406,-51.148956298828125,1
All photographs weren't there boring Phillip.,There weren't all photographs boring Phillip.,semantics,quantifiers,existential_there_quantifiers_2,True,False,False,False,170,-54.15400695800781,-54.338600158691406,1
All movies about the Borgias weren't there winning.,There weren't all movies about the Borgias winning.,semantics,quantifiers,existential_there_quantifiers_2,True,False,False,False,171,-68.71043395996094,-71.1104507446289,1
Most steps weren't there worrying George.,There weren't most steps worrying George.,semantics,quantifiers,existential_there_quantifiers_2,True,False,False,False,172,-47.064945220947266,-51.78271484375,1
Most art galleries were there annoying Kristen.,There were most art galleries annoying Kristen.,semantics,quantifiers,existential_there_quantifiers_2,True,False,False,False,173,-61.07679748535156,-61.21806716918945,1
Each eye isn't there boring the Clintons.,There isn't each eye boring the Clintons.,semantics,quantifiers,existential_there_quantifiers_2,True,False,False,False,174,-56.700592041015625,-60.68584442138672,1
Most banks weren't there continuing to bore Travis.,There weren't most banks continuing to bore Travis.,semantics,quantifiers,existential_there_quantifiers_2,True,False,False,False,175,-70.05360412597656,-72.20358276367188,1
All chairs aren't there irritating Sandra.,There aren't all chairs irritating Sandra.,semantics,quantifiers,existential_there_quantifiers_2,True,False,False,False,176,-50.90842056274414,-54.508949279785156,1
Most snakes are there disappearing.,There are most snakes disappearing.,semantics,quantifiers,existential_there_quantifiers_2,True,False,False,False,177,-33.96355438232422,-36.24732208251953,1
Each nose was there existing.,There was each nose existing.,semantics,quantifiers,existential_there_quantifiers_2,True,False,False,False,178,-39.79444885253906,-40.41954040527344,1
All hamsters were there finding every patient.,There were all hamsters finding every patient.,semantics,quantifiers,existential_there_quantifiers_2,True,False,False,False,179,-60.257606506347656,-56.31501770019531,0
All plays aren't there disgusting actors.,There aren't all plays disgusting actors.,semantics,quantifiers,existential_there_quantifiers_2,True,False,False,False,180,-48.84992599487305,-52.516639709472656,1
All cats weren't there irritating Lawrence.,There weren't all cats irritating Lawrence.,semantics,quantifiers,existential_there_quantifiers_2,True,False,False,False,181,-51.985225677490234,-54.29948043823242,1
Each cafe isn't there shocking Sandra.,There isn't each cafe shocking Sandra.,semantics,quantifiers,existential_there_quantifiers_2,True,False,False,False,182,-51.652191162109375,-56.63323211669922,1
Most legislatures were there needing a lot of doors to shut.,There were most legislatures needing a lot of doors to shut.,semantics,quantifiers,existential_there_quantifiers_2,True,False,False,False,183,-69.20587921142578,-69.95831298828125,1
Most pies are there shocking Brett.,There are most pies shocking Brett.,semantics,quantifiers,existential_there_quantifiers_2,True,False,False,False,184,-47.553863525390625,-50.81228256225586,1
Most wheelbarrows weren't there disturbing Brenda.,There weren't most wheelbarrows disturbing Brenda.,semantics,quantifiers,existential_there_quantifiers_2,True,False,False,False,185,-68.49468994140625,-72.569091796875,1
Most mouths aren't there confusing a lot of dancers.,There aren't most mouths confusing a lot of dancers.,semantics,quantifiers,existential_there_quantifiers_2,True,False,False,False,186,-58.891117095947266,-63.580047607421875,1
Every guy isn't there yelling.,There isn't every guy yelling.,semantics,quantifiers,existential_there_quantifiers_2,True,False,False,False,187,-34.969303131103516,-39.22765350341797,1
Every committee was there describing many waitresses.,There was every committee describing many waitresses.,semantics,quantifiers,existential_there_quantifiers_2,True,False,False,False,188,-62.3446044921875,-63.90275573730469,1
All ladies are there noticing some senator.,There are all ladies noticing some senator.,semantics,quantifiers,existential_there_quantifiers_2,True,False,False,False,189,-52.370513916015625,-50.29685974121094,0
Most rugs were there looking like some drawing.,There were most rugs looking like some drawing.,semantics,quantifiers,existential_there_quantifiers_2,True,False,False,False,190,-56.40843963623047,-56.015384674072266,0
Every nose was there alarming Jennifer.,There was every nose alarming Jennifer.,semantics,quantifiers,existential_there_quantifiers_2,True,False,False,False,191,-48.810848236083984,-50.83326721191406,1
All drawings of every box were there existing.,There were all drawings of every box existing.,semantics,quantifiers,existential_there_quantifiers_2,True,False,False,False,192,-60.92078399658203,-55.92838668823242,0
Every bike isn't there distracting women.,There isn't every bike distracting women.,semantics,quantifiers,existential_there_quantifiers_2,True,False,False,False,193,-48.422245025634766,-51.413814544677734,1
Every unicycle isn't there impressing Sabrina.,There isn't every unicycle impressing Sabrina.,semantics,quantifiers,existential_there_quantifiers_2,True,False,False,False,194,-78.96420288085938,-78.02024841308594,0
Each mirror wasn't there wasting away.,There wasn't each mirror wasting away.,semantics,quantifiers,existential_there_quantifiers_2,True,False,False,False,195,-48.050689697265625,-50.87652587890625,1
Every convertible wasn't there boring Chad.,There wasn't every convertible boring Chad.,semantics,quantifiers,existential_there_quantifiers_2,True,False,False,False,196,-54.56853485107422,-57.041290283203125,1
All governments are there seeming to hug.,There are all governments seeming to hug.,semantics,quantifiers,existential_there_quantifiers_2,True,False,False,False,197,-50.757354736328125,-48.77576446533203,0
Most associations are there prompting Irene to perform.,There are most associations prompting Irene to perform.,semantics,quantifiers,existential_there_quantifiers_2,True,False,False,False,198,-67.7325439453125,-67.61266326904297,0
All organizations weren't there failing to help Melanie.,There weren't all organizations failing to help Melanie.,semantics,quantifiers,existential_there_quantifiers_2,True,False,False,False,199,-62.64594650268555,-60.99297332763672,0
All dresses were there shrinking.,There were all dresses shrinking.,semantics,quantifiers,existential_there_quantifiers_2,True,False,False,False,200,-38.263671875,-36.202720642089844,0
Most lamps are there disgusting some legislature.,There are most lamps disgusting some legislature.,semantics,quantifiers,existential_there_quantifiers_2,True,False,False,False,201,-57.51735305786133,-59.58302307128906,1
Each grandmother of Frank was there hiding an actress.,There was each grandmother of Frank hiding an actress.,semantics,quantifiers,existential_there_quantifiers_2,True,False,False,False,202,-63.65782928466797,-64.568603515625,1
All carts are there tipping over.,There are all carts tipping over.,semantics,quantifiers,existential_there_quantifiers_2,True,False,False,False,203,-43.960594177246094,-42.12245178222656,0
Each shawl was there impressing Stacey.,There was each shawl impressing Stacey.,semantics,quantifiers,existential_there_quantifiers_2,True,False,False,False,204,-69.5398941040039,-70.92776489257812,1
Most gates weren't there looking like most photographs.,There weren't most gates looking like most photographs.,semantics,quantifiers,existential_there_quantifiers_2,True,False,False,False,205,-60.41278076171875,-63.71428680419922,1
All planes were there tipping over.,There were all planes tipping over.,semantics,quantifiers,existential_there_quantifiers_2,True,False,False,False,206,-41.386756896972656,-41.20128631591797,0
All teenagers are there exploring most glaciers.,There are all teenagers exploring most glaciers.,semantics,quantifiers,existential_there_quantifiers_2,True,False,False,False,207,-55.17861557006836,-54.17972183227539,0
Most commentaries aren't there distracting some patients.,There aren't most commentaries distracting some patients.,semantics,quantifiers,existential_there_quantifiers_2,True,False,False,False,208,-66.78885650634766,-72.49028015136719,1
Most scarves aren't there folding.,There aren't most scarves folding.,semantics,quantifiers,existential_there_quantifiers_2,True,False,False,False,209,-51.722625732421875,-53.73420715332031,1
Most coats aren't there appearing.,There aren't most coats appearing.,semantics,quantifiers,existential_there_quantifiers_2,True,False,False,False,210,-40.622657775878906,-45.64410400390625,1
Each grandson of Liam is there learning.,There is each grandson of Liam learning.,semantics,quantifiers,existential_there_quantifiers_2,True,False,False,False,211,-53.25968933105469,-52.624515533447266,0
Most shows about art are there scaring Samuel.,There are most shows about art scaring Samuel.,semantics,quantifiers,existential_there_quantifiers_2,True,False,False,False,212,-66.59990692138672,-65.390625,0
All fathers of Scott are there hiding away.,There are all fathers of Scott hiding away.,semantics,quantifiers,existential_there_quantifiers_2,True,False,False,False,213,-58.45521545410156,-52.62026596069336,0
Most books aren't there stunning Elaine.,There aren't most books stunning Elaine.,semantics,quantifiers,existential_there_quantifiers_2,True,False,False,False,214,-45.957401275634766,-53.017059326171875,1
Each painting of Alexander is there disgusting Nancy.,There is each painting of Alexander disgusting Nancy.,semantics,quantifiers,existential_there_quantifiers_2,True,False,False,False,215,-61.113502502441406,-62.2968864440918,1
Most ladies weren't there thinking about this hair.,There weren't most ladies thinking about this hair.,semantics,quantifiers,existential_there_quantifiers_2,True,False,False,False,216,-51.09747314453125,-53.7888069152832,1
Most eyes weren't there hurting Timothy.,There weren't most eyes hurting Timothy.,semantics,quantifiers,existential_there_quantifiers_2,True,False,False,False,217,-53.241973876953125,-53.95013427734375,1
All cars are there looking like paintings.,There are all cars looking like paintings.,semantics,quantifiers,existential_there_quantifiers_2,True,False,False,False,218,-45.66775131225586,-43.81821823120117,0
Most pants were there stretching.,There were most pants stretching.,semantics,quantifiers,existential_there_quantifiers_2,True,False,False,False,219,-39.94605255126953,-39.98749542236328,1
Every play about the Great Lakes isn't there impressing Elaine.,There isn't every play about the Great Lakes impressing Elaine.,semantics,quantifiers,existential_there_quantifiers_2,True,False,False,False,220,-79.38512420654297,-83.3452377319336,1
Most rugs were there hurting Andrew.,There were most rugs hurting Andrew.,semantics,quantifiers,existential_there_quantifiers_2,True,False,False,False,221,-53.6578369140625,-52.53752136230469,0
Most slopes were there astounding Mary.,There were most slopes astounding Mary.,semantics,quantifiers,existential_there_quantifiers_2,True,False,False,False,222,-50.26014709472656,-51.43333053588867,1
Most pedestrians weren't there meeting.,There weren't most pedestrians meeting.,semantics,quantifiers,existential_there_quantifiers_2,True,False,False,False,223,-40.229896545410156,-41.892845153808594,1
Every hamster wasn't there falling.,There wasn't every hamster falling.,semantics,quantifiers,existential_there_quantifiers_2,True,False,False,False,224,-44.27338409423828,-46.03389358520508,1
Most candles weren't there boring Bruce.,There weren't most candles boring Bruce.,semantics,quantifiers,existential_there_quantifiers_2,True,False,False,False,225,-51.17267608642578,-54.51231384277344,1
Each senator is there astounding Grace.,There is each senator astounding Grace.,semantics,quantifiers,existential_there_quantifiers_2,True,False,False,False,226,-51.271339416503906,-52.64175796508789,1
Every drawing wasn't there astounding the government.,There wasn't every drawing astounding the government.,semantics,quantifiers,existential_there_quantifiers_2,True,False,False,False,227,-58.01189422607422,-58.53522872924805,1
Every hat was there upsetting a government.,There was every hat upsetting a government.,semantics,quantifiers,existential_there_quantifiers_2,True,False,False,False,228,-49.93761444091797,-52.87358856201172,1
Every horse wasn't there disappearing.,There wasn't every horse disappearing.,semantics,quantifiers,existential_there_quantifiers_2,True,False,False,False,229,-36.91256332397461,-38.28478240966797,1
Most ladders were there astounding Danielle.,There were most ladders astounding Danielle.,semantics,quantifiers,existential_there_quantifiers_2,True,False,False,False,230,-55.87743377685547,-55.30424499511719,0
Most friends of Omar weren't there reacting.,There weren't most friends of Omar reacting.,semantics,quantifiers,existential_there_quantifiers_2,True,False,False,False,231,-59.2677001953125,-57.08911895751953,0
Every glacier is there existing.,There is every glacier existing.,semantics,quantifiers,existential_there_quantifiers_2,True,False,False,False,232,-43.27088165283203,-42.265201568603516,0
All doctors are there lifting every college campus.,There are all doctors lifting every college campus.,semantics,quantifiers,existential_there_quantifiers_2,True,False,False,False,233,-64.24138641357422,-62.21202850341797,0
Each museum was there selling these computers.,There was each museum selling these computers.,semantics,quantifiers,existential_there_quantifiers_2,True,False,False,False,234,-48.808284759521484,-50.82517623901367,1
Each museum wasn't there enticing some synopsis to disgust this doctor.,There wasn't each museum enticing some synopsis to disgust this doctor.,semantics,quantifiers,existential_there_quantifiers_2,True,False,False,False,235,-95.76173400878906,-98.70878601074219,1
All fathers of Karla were there worrying.,There were all fathers of Karla worrying.,semantics,quantifiers,existential_there_quantifiers_2,True,False,False,False,236,-63.464927673339844,-59.06853485107422,0
Every public park wasn't there embarrassing Veronica.,There wasn't every public park embarrassing Veronica.,semantics,quantifiers,existential_there_quantifiers_2,True,False,False,False,237,-61.616363525390625,-64.18415832519531,1
All cousins of Kathleen weren't there going to Spain.,There weren't all cousins of Kathleen going to Spain.,semantics,quantifiers,existential_there_quantifiers_2,True,False,False,False,238,-61.60736083984375,-61.827674865722656,1
All teenagers are there reacting.,There are all teenagers reacting.,semantics,quantifiers,existential_there_quantifiers_2,True,False,False,False,239,-41.18684387207031,-37.94242858886719,0
Every fish was there upsetting Jennifer.,There was every fish upsetting Jennifer.,semantics,quantifiers,existential_there_quantifiers_2,True,False,False,False,240,-46.843544006347656,-48.997249603271484,1
Every lamp was there wasting away.,There was every lamp wasting away.,semantics,quantifiers,existential_there_quantifiers_2,True,False,False,False,241,-43.57328796386719,-45.38680648803711,1
Each patient was there speaking up.,There was each patient speaking up.,semantics,quantifiers,existential_there_quantifiers_2,True,False,False,False,242,-38.796356201171875,-41.83399200439453,1
Each restaurant isn't there alarming Chad.,There isn't each restaurant alarming Chad.,semantics,quantifiers,existential_there_quantifiers_2,True,False,False,False,243,-52.14036178588867,-57.62249755859375,1
Each school is there discovering every lamp to brighten.,There is each school discovering every lamp to brighten.,semantics,quantifiers,existential_there_quantifiers_2,True,False,False,False,244,-74.17821502685547,-76.71156311035156,1
All children were there begging a friend of Rose to kiss Janet.,There were all children begging a friend of Rose to kiss Janet.,semantics,quantifiers,existential_there_quantifiers_2,True,False,False,False,245,-78.4779052734375,-75.73600006103516,0
Every cup isn't there bothering Gerald.,There isn't every cup bothering Gerald.,semantics,quantifiers,existential_there_quantifiers_2,True,False,False,False,246,-46.63713455200195,-49.743038177490234,1
Every lake wasn't there confusing Holly.,There wasn't every lake confusing Holly.,semantics,quantifiers,existential_there_quantifiers_2,True,False,False,False,247,-51.07940673828125,-54.089759826660156,1
All pies are there blackening.,There are all pies blackening.,semantics,quantifiers,existential_there_quantifiers_2,True,False,False,False,248,-42.07001495361328,-40.5987548828125,0
Every plate wasn't there hurting Veronica.,There wasn't every plate hurting Veronica.,semantics,quantifiers,existential_there_quantifiers_2,True,False,False,False,249,-52.07032012939453,-53.21212387084961,1
Every bird is there finding some water.,There is every bird finding some water.,semantics,quantifiers,existential_there_quantifiers_2,True,False,False,False,250,-40.94017791748047,-44.32490158081055,1
Most girls are there figuring out who could tour the cafes.,There are most girls figuring out who could tour the cafes.,semantics,quantifiers,existential_there_quantifiers_2,True,False,False,False,251,-79.55902862548828,-77.54475402832031,0
Most actors are there wearing glasses.,There are most actors wearing glasses.,semantics,quantifiers,existential_there_quantifiers_2,True,False,False,False,252,-42.03316116333008,-41.387596130371094,0
Most peppers were there going bad.,There were most peppers going bad.,semantics,quantifiers,existential_there_quantifiers_2,True,False,False,False,253,-43.617733001708984,-46.071468353271484,1
Each photograph was there stunning Amelia.,There was each photograph stunning Amelia.,semantics,quantifiers,existential_there_quantifiers_2,True,False,False,False,254,-49.93688201904297,-52.585289001464844,1
All waiters weren't there alarming Nina.,There weren't all waiters alarming Nina.,semantics,quantifiers,existential_there_quantifiers_2,True,False,False,False,255,-62.65457534790039,-60.594783782958984,0
Most men are there boring guys.,There are most men boring guys.,semantics,quantifiers,existential_there_quantifiers_2,True,False,False,False,256,-37.40838623046875,-41.162689208984375,1
Every committee was there succeeding.,There was every committee succeeding.,semantics,quantifiers,existential_there_quantifiers_2,True,False,False,False,257,-35.81033706665039,-36.82172393798828,1
Each book is there annoying Tanya.,There is each book annoying Tanya.,semantics,quantifiers,existential_there_quantifiers_2,True,False,False,False,258,-45.67058181762695,-48.373844146728516,1
All icicles aren't there disappearing.,There aren't all icicles disappearing.,semantics,quantifiers,existential_there_quantifiers_2,True,False,False,False,259,-50.272987365722656,-50.791908264160156,1
All windows aren't there distracting Kristin.,There aren't all windows distracting Kristin.,semantics,quantifiers,existential_there_quantifiers_2,True,False,False,False,260,-55.41421890258789,-58.29777908325195,1
Most trucks weren't there accelerating.,There weren't most trucks accelerating.,semantics,quantifiers,existential_there_quantifiers_2,True,False,False,False,261,-40.537353515625,-46.90345001220703,1
All grandsons of Aaron were there disappearing.,There were all grandsons of Aaron disappearing.,semantics,quantifiers,existential_there_quantifiers_2,True,False,False,False,262,-69.02645874023438,-62.25834655761719,0
Most senators weren't there fighting.,There weren't most senators fighting.,semantics,quantifiers,existential_there_quantifiers_2,True,False,False,False,263,-42.0948486328125,-45.2423095703125,1
Every book about Harvard University was there confusing that cashier.,There was every book about Harvard University confusing that cashier.,semantics,quantifiers,existential_there_quantifiers_2,True,False,False,False,264,-77.52556610107422,-79.5760498046875,1
All teenagers weren't there considering Julia to sing.,There weren't all teenagers considering Julia to sing.,semantics,quantifiers,existential_there_quantifiers_2,True,False,False,False,265,-65.29252624511719,-63.92572021484375,0
Each cake isn't there distracting every teenager.,There isn't each cake distracting every teenager.,semantics,quantifiers,existential_there_quantifiers_2,True,False,False,False,266,-54.71996307373047,-60.97011184692383,1
Each library isn't there hurting Michael.,There isn't each library hurting Michael.,semantics,quantifiers,existential_there_quantifiers_2,True,False,False,False,267,-43.6000862121582,-49.317909240722656,1
Every grandfather of Deborah wasn't there encouraging Katherine to drink.,There wasn't every grandfather of Deborah encouraging Katherine to drink.,semantics,quantifiers,existential_there_quantifiers_2,True,False,False,False,268,-78.35760498046875,-79.81087493896484,1
Most bananas were there charring.,There were most bananas charring.,semantics,quantifiers,existential_there_quantifiers_2,True,False,False,False,269,-43.14504623413086,-44.88780975341797,1
All reports are there scaring Roger.,There are all reports scaring Roger.,semantics,quantifiers,existential_there_quantifiers_2,True,False,False,False,270,-50.887794494628906,-47.675331115722656,0
Each college campus is there appearing.,There is each college campus appearing.,semantics,quantifiers,existential_there_quantifiers_2,True,False,False,False,271,-45.410133361816406,-48.90205383300781,1
All shows about the Impressionists are there upsetting Thomas.,There are all shows about the Impressionists upsetting Thomas.,semantics,quantifiers,existential_there_quantifiers_2,True,False,False,False,272,-77.99000549316406,-79.03827667236328,1
Each muffin wasn't there blackening.,There wasn't each muffin blackening.,semantics,quantifiers,existential_there_quantifiers_2,True,False,False,False,273,-49.77534103393555,-50.748741149902344,1
Every popsicle isn't there worrying every man.,There isn't every popsicle worrying every man.,semantics,quantifiers,existential_there_quantifiers_2,True,False,False,False,274,-58.40981674194336,-63.36542510986328,1
Each play about the Lutherans isn't there bothering Deanna.,There isn't each play about the Lutherans bothering Deanna.,semantics,quantifiers,existential_there_quantifiers_2,True,False,False,False,275,-85.7261734008789,-87.80070495605469,1
Each casserole was there existing.,There was each casserole existing.,semantics,quantifiers,existential_there_quantifiers_2,True,False,False,False,276,-55.325469970703125,-54.722259521484375,0
Each mirror wasn't there confusing that dancer.,There wasn't each mirror confusing that dancer.,semantics,quantifiers,existential_there_quantifiers_2,True,False,False,False,277,-55.312583923339844,-58.735755920410156,1
All eyes were there impressing girls.,There were all eyes impressing girls.,semantics,quantifiers,existential_there_quantifiers_2,True,False,False,False,278,-46.43157196044922,-43.83203887939453,0
Most pants weren't there twisting.,There weren't most pants twisting.,semantics,quantifiers,existential_there_quantifiers_2,True,False,False,False,279,-44.44047546386719,-48.356353759765625,1
Every shawl is there flattening.,There is every shawl flattening.,semantics,quantifiers,existential_there_quantifiers_2,True,False,False,False,280,-52.20299530029297,-53.32041931152344,1
Most essays aren't there upsetting every company.,There aren't most essays upsetting every company.,semantics,quantifiers,existential_there_quantifiers_2,True,False,False,False,281,-56.10546875,-60.087364196777344,1
All grocery stores are there disgusting Melanie.,There are all grocery stores disgusting Melanie.,semantics,quantifiers,existential_there_quantifiers_2,True,False,False,False,282,-57.22003173828125,-57.97880935668945,1
Most windows were there worrying the Impressionists.,There were most windows worrying the Impressionists.,semantics,quantifiers,existential_there_quantifiers_2,True,False,False,False,283,-68.72187805175781,-69.15879821777344,1
All cousins of Noah are there profiting.,There are all cousins of Noah profiting.,semantics,quantifiers,existential_there_quantifiers_2,True,False,False,False,284,-61.34083557128906,-56.68968200683594,0
Most pictures are there vanishing.,There are most pictures vanishing.,semantics,quantifiers,existential_there_quantifiers_2,True,False,False,False,285,-36.188392639160156,-37.3778076171875,1
Most cakes are there blackening.,There are most cakes blackening.,semantics,quantifiers,existential_there_quantifiers_2,True,False,False,False,286,-39.29613494873047,-41.2310791015625,1
All waiters aren't there yawning.,There aren't all waiters yawning.,semantics,quantifiers,existential_there_quantifiers_2,True,False,False,False,287,-49.348785400390625,-49.38848114013672,1
Most eggplants were there wasting away.,There were most eggplants wasting away.,semantics,quantifiers,existential_there_quantifiers_2,True,False,False,False,288,-59.52191162109375,-59.47124099731445,0
Every story about Harvard University wasn't there astounding those patients.,There wasn't every story about Harvard University astounding those patients.,semantics,quantifiers,existential_there_quantifiers_2,True,False,False,False,289,-77.10838317871094,-78.86746978759766,1
Most tomatoes were there going bad.,There were most tomatoes going bad.,semantics,quantifiers,existential_there_quantifiers_2,True,False,False,False,290,-40.03015899658203,-42.09671401977539,1
Every unicycle was there turning.,There was every unicycle turning.,semantics,quantifiers,existential_there_quantifiers_2,True,False,False,False,291,-47.138031005859375,-45.820457458496094,0
All lights aren't there looking like pictures.,There aren't all lights looking like pictures.,semantics,quantifiers,existential_there_quantifiers_2,True,False,False,False,292,-45.425411224365234,-46.95875549316406,1
All cucumbers weren't there disgusting Wendy.,There weren't all cucumbers disgusting Wendy.,semantics,quantifiers,existential_there_quantifiers_2,True,False,False,False,293,-58.44395065307617,-58.997703552246094,1
Every drawing was there vanishing.,There was every drawing vanishing.,semantics,quantifiers,existential_there_quantifiers_2,True,False,False,False,294,-38.904335021972656,-38.70425796508789,0
Each window was there appearing.,There was each window appearing.,semantics,quantifiers,existential_there_quantifiers_2,True,False,False,False,295,-36.62353515625,-36.96403121948242,1
Each guest is there managing to clean the chair.,There is each guest managing to clean the chair.,semantics,quantifiers,existential_there_quantifiers_2,True,False,False,False,296,-58.22614288330078,-59.93946075439453,1
Every actor is there learning what ripens.,There is every actor learning what ripens.,semantics,quantifiers,existential_there_quantifiers_2,True,False,False,False,297,-60.04130172729492,-61.48378372192383,1
Most pictures of most books were there hurting Kirsten.,There were most pictures of most books hurting Kirsten.,semantics,quantifiers,existential_there_quantifiers_2,True,False,False,False,298,-69.98457336425781,-69.81295776367188,0
Every bike is there existing.,There is every bike existing.,semantics,quantifiers,existential_there_quantifiers_2,True,False,False,False,299,-39.49641418457031,-40.83676528930664,1
All libraries were there failing to help Gary.,There were all libraries failing to help Gary.,semantics,quantifiers,existential_there_quantifiers_2,True,False,False,False,300,-59.149662017822266,-55.92507553100586,0
Each light is there wasting away.,There is each light wasting away.,semantics,quantifiers,existential_there_quantifiers_2,True,False,False,False,301,-43.973724365234375,-44.38360595703125,1
Most girls are there remembering what frays.,There are most girls remembering what frays.,semantics,quantifiers,existential_there_quantifiers_2,True,False,False,False,302,-56.03255081176758,-54.395660400390625,0
All skateboards are there rolling.,There are all skateboards rolling.,semantics,quantifiers,existential_there_quantifiers_2,True,False,False,False,303,-45.239906311035156,-42.92478942871094,0
All shirts were there scaring the child.,There were all shirts scaring the child.,semantics,quantifiers,existential_there_quantifiers_2,True,False,False,False,304,-48.11959457397461,-47.06459045410156,0
Most men are there continuing to react.,There are most men continuing to react.,semantics,quantifiers,existential_there_quantifiers_2,True,False,False,False,305,-44.12429428100586,-45.707801818847656,1
Each driver is there studying.,There is each driver studying.,semantics,quantifiers,existential_there_quantifiers_2,True,False,False,False,306,-37.303993225097656,-38.432403564453125,1
Each photograph wasn't there wasting away.,There wasn't each photograph wasting away.,semantics,quantifiers,existential_there_quantifiers_2,True,False,False,False,307,-47.36372375488281,-50.860260009765625,1
All doctors are there spinning around.,There are all doctors spinning around.,semantics,quantifiers,existential_there_quantifiers_2,True,False,False,False,308,-39.506771087646484,-39.65795135498047,1
Every woman was there failing to chat.,There was every woman failing to chat.,semantics,quantifiers,existential_there_quantifiers_2,True,False,False,False,309,-44.034873962402344,-45.387481689453125,1
Every dancer is there stretching.,There is every dancer stretching.,semantics,quantifiers,existential_there_quantifiers_2,True,False,False,False,310,-36.96711730957031,-40.368804931640625,1
Each print of the patient isn't there shocking Raymond.,There isn't each print of the patient shocking Raymond.,semantics,quantifiers,existential_there_quantifiers_2,True,False,False,False,311,-65.16425323486328,-69.26497650146484,1
All movie theaters aren't there impressing libraries.,There aren't all movie theaters impressing libraries.,semantics,quantifiers,existential_there_quantifiers_2,True,False,False,False,312,-67.88076782226562,-74.76443481445312,1
Most teenagers weren't there arguing.,There weren't most teenagers arguing.,semantics,quantifiers,existential_there_quantifiers_2,True,False,False,False,313,-41.115318298339844,-43.10542297363281,1
Every slope wasn't there wasting away.,There wasn't every slope wasting away.,semantics,quantifiers,existential_there_quantifiers_2,True,False,False,False,314,-50.04380416870117,-49.48712921142578,0
All waitresses are there donating.,There are all waitresses donating.,semantics,quantifiers,existential_there_quantifiers_2,True,False,False,False,315,-50.954864501953125,-47.973384857177734,0
Each banana isn't there growing.,There isn't each banana growing.,semantics,quantifiers,existential_there_quantifiers_2,True,False,False,False,316,-34.896812438964844,-39.07569122314453,1
Every hill was there annoying Judy.,There was every hill annoying Judy.,semantics,quantifiers,existential_there_quantifiers_2,True,False,False,False,317,-44.87397384643555,-48.4684944152832,1
Each print of Amanda is there shocking some ladies.,There is each print of Amanda shocking some ladies.,semantics,quantifiers,existential_there_quantifiers_2,True,False,False,False,318,-70.4384765625,-72.1259536743164,1
Every hat isn't there confusing Renee.,There isn't every hat confusing Renee.,semantics,quantifiers,existential_there_quantifiers_2,True,False,False,False,319,-53.96779251098633,-56.36249542236328,1
Most stairs weren't there appearing.,There weren't most stairs appearing.,semantics,quantifiers,existential_there_quantifiers_2,True,False,False,False,320,-41.57220458984375,-46.395076751708984,1
All peppers are there existing.,There are all peppers existing.,semantics,quantifiers,existential_there_quantifiers_2,True,False,False,False,321,-41.558929443359375,-39.91939926147461,0
Most patients are there saluting.,There are most patients saluting.,semantics,quantifiers,existential_there_quantifiers_2,True,False,False,False,322,-41.55101013183594,-43.585784912109375,1
Each window wasn't there distracting Stephanie.,There wasn't each window distracting Stephanie.,semantics,quantifiers,existential_there_quantifiers_2,True,False,False,False,323,-52.34438705444336,-54.88237762451172,1
All sisters of a boy aren't there corresponding.,There aren't all sisters of a boy corresponding.,semantics,quantifiers,existential_there_quantifiers_2,True,False,False,False,324,-57.79560852050781,-58.04680633544922,1
Most plays about Harvard University were there confusing Randolf.,There were most plays about Harvard University confusing Randolf.,semantics,quantifiers,existential_there_quantifiers_2,True,False,False,False,325,-84.36154174804688,-84.39877319335938,1
Every senator isn't there anticipating Sonia to bake.,There isn't every senator anticipating Sonia to bake.,semantics,quantifiers,existential_there_quantifiers_2,True,False,False,False,326,-68.95507049560547,-72.40003967285156,1
Most friends of Vincent are there failing to blink.,There are most friends of Vincent failing to blink.,semantics,quantifiers,existential_there_quantifiers_2,True,False,False,False,327,-67.82276153564453,-63.189056396484375,0
All grandmothers of Christina aren't there imploring Christina to talk.,There aren't all grandmothers of Christina imploring Christina to talk.,semantics,quantifiers,existential_there_quantifiers_2,True,False,False,False,328,-97.21991729736328,-98.12606811523438,1
All reports about the Borgias are there aggravating some organizations.,There are all reports about the Borgias aggravating some organizations.,semantics,quantifiers,existential_there_quantifiers_2,True,False,False,False,329,-85.8133544921875,-82.62802124023438,0
Most cars aren't there distracting Randolf.,There aren't most cars distracting Randolf.,semantics,quantifiers,existential_there_quantifiers_2,True,False,False,False,330,-60.051963806152344,-68.64044952392578,1
Every chair was there astounding Jill.,There was every chair astounding Jill.,semantics,quantifiers,existential_there_quantifiers_2,True,False,False,False,331,-48.325172424316406,-51.93583297729492,1
All slopes weren't there distracting Sonia.,There weren't all slopes distracting Sonia.,semantics,quantifiers,existential_there_quantifiers_2,True,False,False,False,332,-57.783660888671875,-55.762367248535156,0
Each play about the Lutherans wasn't there disagreeing.,There wasn't each play about the Lutherans disagreeing.,semantics,quantifiers,existential_there_quantifiers_2,True,False,False,False,333,-76.19287109375,-76.94277954101562,1
Most essays were there confusing that cashier.,There were most essays confusing that cashier.,semantics,quantifiers,existential_there_quantifiers_2,True,False,False,False,334,-59.49432373046875,-62.065208435058594,1
All organizations were there wanting to admire Kathleen.,There were all organizations wanting to admire Kathleen.,semantics,quantifiers,existential_there_quantifiers_2,True,False,False,False,335,-58.3768196105957,-54.15229034423828,0
Most movies about music were there aggravating April.,There were most movies about music aggravating April.,semantics,quantifiers,existential_there_quantifiers_2,True,False,False,False,336,-67.01255798339844,-65.78456115722656,0
Every book about Galileo was there wasting away.,There was every book about Galileo wasting away.,semantics,quantifiers,existential_there_quantifiers_2,True,False,False,False,337,-58.34135437011719,-60.28066635131836,1
Every play wasn't there disagreeing.,There wasn't every play disagreeing.,semantics,quantifiers,existential_there_quantifiers_2,True,False,False,False,338,-44.36534881591797,-44.454833984375,1
Every pie isn't there blackening.,There isn't every pie blackening.,semantics,quantifiers,existential_there_quantifiers_2,True,False,False,False,339,-41.34120178222656,-45.64491653442383,1
Each door is there boring Stacy.,There is each door boring Stacy.,semantics,quantifiers,existential_there_quantifiers_2,True,False,False,False,340,-46.79116439819336,-49.73382568359375,1
All glaciers aren't there worrying that company.,There aren't all glaciers worrying that company.,semantics,quantifiers,existential_there_quantifiers_2,True,False,False,False,341,-53.82946014404297,-57.1245231628418,1
Every coat wasn't there alarming Kayla.,There wasn't every coat alarming Kayla.,semantics,quantifiers,existential_there_quantifiers_2,True,False,False,False,342,-58.78622817993164,-61.93411636352539,1
All pictures of the drawing are there distracting all customers.,There are all pictures of the drawing distracting all customers.,semantics,quantifiers,existential_there_quantifiers_2,True,False,False,False,343,-69.2120590209961,-63.28789520263672,0
All snakes were there coming here.,There were all snakes coming here.,semantics,quantifiers,existential_there_quantifiers_2,True,False,False,False,344,-35.22493362426758,-32.64078903198242,0
Every skateboard wasn't there disappearing.,There wasn't every skateboard disappearing.,semantics,quantifiers,existential_there_quantifiers_2,True,False,False,False,345,-44.832271575927734,-45.86915588378906,1
Most doors weren't there astounding Marie.,There weren't most doors astounding Marie.,semantics,quantifiers,existential_there_quantifiers_2,True,False,False,False,346,-52.553436279296875,-58.13933181762695,1
Each customer is there continuing to play.,There is each customer continuing to play.,semantics,quantifiers,existential_there_quantifiers_2,True,False,False,False,347,-45.78418731689453,-47.051448822021484,1
Every grandfather of Jeffrey isn't there hurting Ruth.,There isn't every grandfather of Jeffrey hurting Ruth.,semantics,quantifiers,existential_there_quantifiers_2,True,False,False,False,348,-61.06242752075195,-66.65428924560547,1
Every restaurant isn't there bothering Gregory.,There isn't every restaurant bothering Gregory.,semantics,quantifiers,existential_there_quantifiers_2,True,False,False,False,349,-47.60932159423828,-53.331607818603516,1
Every car was there appearing.,There was every car appearing.,semantics,quantifiers,existential_there_quantifiers_2,True,False,False,False,350,-35.07611083984375,-34.44355010986328,0
Each grocery store wasn't there confusing Douglas.,There wasn't each grocery store confusing Douglas.,semantics,quantifiers,existential_there_quantifiers_2,True,False,False,False,351,-62.16542053222656,-62.7430534362793,1
Each snake is there disturbing Carolyn.,There is each snake disturbing Carolyn.,semantics,quantifiers,existential_there_quantifiers_2,True,False,False,False,352,-46.78139877319336,-50.40655517578125,1
Each senator was there obligating Diana's partners to argue.,There was each senator obligating Diana's partners to argue.,semantics,quantifiers,existential_there_quantifiers_2,True,False,False,False,353,-80.30184936523438,-84.67649841308594,1
Most essays about science are there disagreeing with Janet.,There are most essays about science disagreeing with Janet.,semantics,quantifiers,existential_there_quantifiers_2,True,False,False,False,354,-71.40740203857422,-69.40403747558594,0
Each friend of Angela wasn't there cleaning the malls.,There wasn't each friend of Angela cleaning the malls.,semantics,quantifiers,existential_there_quantifiers_2,True,False,False,False,355,-66.61249542236328,-69.53717041015625,1
Each guest is there exercising.,There is each guest exercising.,semantics,quantifiers,existential_there_quantifiers_2,True,False,False,False,356,-39.36431121826172,-39.53187561035156,1
All waiters were there studying.,There were all waiters studying.,semantics,quantifiers,existential_there_quantifiers_2,True,False,False,False,357,-46.1528434753418,-42.45201873779297,0
Each waitress was there anticipating Keith to insult most guys.,There was each waitress anticipating Keith to insult most guys.,semantics,quantifiers,existential_there_quantifiers_2,True,False,False,False,358,-83.30291748046875,-85.19911193847656,1
Most skateboards weren't there astounding Mary.,There weren't most skateboards astounding Mary.,semantics,quantifiers,existential_there_quantifiers_2,True,False,False,False,359,-62.949729919433594,-66.76912689208984,1
Most organizations were there selling these blouses.,There were most organizations selling these blouses.,semantics,quantifiers,existential_there_quantifiers_2,True,False,False,False,360,-56.00166702270508,-57.771331787109375,1
All universities weren't there scaring Meredith.,There weren't all universities scaring Meredith.,semantics,quantifiers,existential_there_quantifiers_2,True,False,False,False,361,-58.907630920410156,-59.53129577636719,1
Most universities weren't there persuading Kristin to stand up.,There weren't most universities persuading Kristin to stand up.,semantics,quantifiers,existential_there_quantifiers_2,True,False,False,False,362,-79.18345642089844,-85.94273376464844,1
Each horse is there shocking Kayla.,There is each horse shocking Kayla.,semantics,quantifiers,existential_there_quantifiers_2,True,False,False,False,363,-52.788475036621094,-57.28631591796875,1
Each muffin is there baking.,There is each muffin baking.,semantics,quantifiers,existential_there_quantifiers_2,True,False,False,False,364,-42.57265853881836,-42.045494079589844,0
All schools were there praising Peter.,There were all schools praising Peter.,semantics,quantifiers,existential_there_quantifiers_2,True,False,False,False,365,-45.186859130859375,-44.57294464111328,0
All couches were there disgusting Scott.,There were all couches disgusting Scott.,semantics,quantifiers,existential_there_quantifiers_2,True,False,False,False,366,-53.30604553222656,-52.97179412841797,0
Each truck wasn't there looking like every drawing.,There wasn't each truck looking like every drawing.,semantics,quantifiers,existential_there_quantifiers_2,True,False,False,False,367,-57.024444580078125,-60.51015090942383,1
Every adult isn't there kissing Andrea.,There isn't every adult kissing Andrea.,semantics,quantifiers,existential_there_quantifiers_2,True,False,False,False,368,-50.517791748046875,-54.79534912109375,1
Every couch is there distracting schools.,There is every couch distracting schools.,semantics,quantifiers,existential_there_quantifiers_2,True,False,False,False,369,-48.12013626098633,-50.295631408691406,1
Each vase wasn't there confusing Beth.,There wasn't each vase confusing Beth.,semantics,quantifiers,existential_there_quantifiers_2,True,False,False,False,370,-59.495208740234375,-58.12108612060547,0
Each chair is there falling.,There is each chair falling.,semantics,quantifiers,existential_there_quantifiers_2,True,False,False,False,371,-35.37675094604492,-36.40177917480469,1
Most teachers are there ascending that hill.,There are most teachers ascending that hill.,semantics,quantifiers,existential_there_quantifiers_2,True,False,False,False,372,-50.993019104003906,-51.65800476074219,1
Most granddaughters of this lady are there conferring.,There are most granddaughters of this lady conferring.,semantics,quantifiers,existential_there_quantifiers_2,True,False,False,False,373,-77.3090591430664,-71.91259765625,0
Most cats were there scaring Tamara.,There were most cats scaring Tamara.,semantics,quantifiers,existential_there_quantifiers_2,True,False,False,False,374,-54.1618766784668,-56.98474884033203,1
Every child was there preventing this car from disappearing.,There was every child preventing this car from disappearing.,semantics,quantifiers,existential_there_quantifiers_2,True,False,False,False,375,-65.06351470947266,-64.55294799804688,0
Each drawing was there astounding Larry.,There was each drawing astounding Larry.,semantics,quantifiers,existential_there_quantifiers_2,True,False,False,False,376,-50.92822265625,-51.69165802001953,1
Each turtle is there embarrassing Sharon.,There is each turtle embarrassing Sharon.,semantics,quantifiers,existential_there_quantifiers_2,True,False,False,False,377,-47.48271560668945,-50.60411071777344,1
Every university wasn't there meeting.,There wasn't every university meeting.,semantics,quantifiers,existential_there_quantifiers_2,True,False,False,False,378,-38.02125549316406,-37.76477813720703,0
All eggplants were there blackening.,There were all eggplants blackening.,semantics,quantifiers,existential_there_quantifiers_2,True,False,False,False,379,-58.15924835205078,-56.25569534301758,0
Every drawing wasn't there aggravating Pamela.,There wasn't every drawing aggravating Pamela.,semantics,quantifiers,existential_there_quantifiers_2,True,False,False,False,380,-58.38987731933594,-58.6227912902832,1
All bananas are there shocking Rose.,There are all bananas shocking Rose.,semantics,quantifiers,existential_there_quantifiers_2,True,False,False,False,381,-48.383453369140625,-46.35080337524414,0
Every father of Walter wasn't there littering.,There wasn't every father of Walter littering.,semantics,quantifiers,existential_there_quantifiers_2,True,False,False,False,382,-57.150901794433594,-57.75225830078125,1
Each sweater was there drying.,There was each sweater drying.,semantics,quantifiers,existential_there_quantifiers_2,True,False,False,False,383,-39.027259826660156,-41.46642303466797,1
All lakes aren't there impressing Lawrence.,There aren't all lakes impressing Lawrence.,semantics,quantifiers,existential_there_quantifiers_2,True,False,False,False,384,-57.72523498535156,-60.26389694213867,1
Every waiter isn't there going to some cafe.,There isn't every waiter going to some cafe.,semantics,quantifiers,existential_there_quantifiers_2,True,False,False,False,385,-51.17222595214844,-54.35696029663086,1
All cousins of Brian aren't there sighing.,There aren't all cousins of Brian sighing.,semantics,quantifiers,existential_there_quantifiers_2,True,False,False,False,386,-56.140052795410156,-57.38177490234375,1
Most closets were there alarming Stephanie.,There were most closets alarming Stephanie.,semantics,quantifiers,existential_there_quantifiers_2,True,False,False,False,387,-60.46714782714844,-58.662811279296875,0
All glasses were there distracting Kristen.,There were all glasses distracting Kristen.,semantics,quantifiers,existential_there_quantifiers_2,True,False,False,False,388,-52.77055358886719,-48.036922454833984,0
Every actress wasn't there thinking Carolyn hides every student.,There wasn't every actress thinking Carolyn hides every student.,semantics,quantifiers,existential_there_quantifiers_2,True,False,False,False,389,-74.35739135742188,-76.85572814941406,1
All waiters were there existing.,There were all waiters existing.,semantics,quantifiers,existential_there_quantifiers_2,True,False,False,False,390,-49.320674896240234,-46.42412185668945,0
Each play wasn't there disturbing Meredith.,There wasn't each play disturbing Meredith.,semantics,quantifiers,existential_there_quantifiers_2,True,False,False,False,391,-52.42926025390625,-54.048336029052734,1
Every pedestrian is there obligating some cashier to examine that newspaper article.,There is every pedestrian obligating some cashier to examine that newspaper article.,semantics,quantifiers,existential_there_quantifiers_2,True,False,False,False,392,-111.42894744873047,-112.36825561523438,1
All windows are there closing.,There are all windows closing.,semantics,quantifiers,existential_there_quantifiers_2,True,False,False,False,393,-36.281558990478516,-34.000911712646484,0
Most tomatoes aren't there impressing customers.,There aren't most tomatoes impressing customers.,semantics,quantifiers,existential_there_quantifiers_2,True,False,False,False,394,-53.64445495605469,-60.27943420410156,1
All lakes are there alarming Irene.,There are all lakes alarming Irene.,semantics,quantifiers,existential_there_quantifiers_2,True,False,False,False,395,-52.1019172668457,-50.36918640136719,0
Most essays weren't there impressing Dan.,There weren't most essays impressing Dan.,semantics,quantifiers,existential_there_quantifiers_2,True,False,False,False,396,-59.041664123535156,-62.393707275390625,1
Each candle isn't there falling.,There isn't each candle falling.,semantics,quantifiers,existential_there_quantifiers_2,True,False,False,False,397,-36.717830657958984,-39.56927490234375,1
All skateboards were there rusting.,There were all skateboards rusting.,semantics,quantifiers,existential_there_quantifiers_2,True,False,False,False,398,-50.71837615966797,-46.94208526611328,0
Most ladders were there distracting Jesus.,There were most ladders distracting Jesus.,semantics,quantifiers,existential_there_quantifiers_2,True,False,False,False,399,-53.93875503540039,-52.39329528808594,0
Every fork was there disturbing Phillip.,There was every fork disturbing Phillip.,semantics,quantifiers,existential_there_quantifiers_2,True,False,False,False,400,-49.71983337402344,-52.189456939697266,1
Every show about Jesus wasn't there shocking Eric.,There wasn't every show about Jesus shocking Eric.,semantics,quantifiers,existential_there_quantifiers_2,True,False,False,False,401,-64.29019165039062,-67.84822082519531,1
Each play wasn't there distracting Gary.,There wasn't each play distracting Gary.,semantics,quantifiers,existential_there_quantifiers_2,True,False,False,False,402,-52.69093322753906,-53.3575439453125,1
Every blouse wasn't there looking like most drawings.,There wasn't every blouse looking like most drawings.,semantics,quantifiers,existential_there_quantifiers_2,True,False,False,False,403,-64.70761108398438,-63.82492446899414,0
Most closets aren't there shocking most pedestrians.,There aren't most closets shocking most pedestrians.,semantics,quantifiers,existential_there_quantifiers_2,True,False,False,False,404,-69.31846618652344,-72.4806137084961,1
Most doors weren't there existing.,There weren't most doors existing.,semantics,quantifiers,existential_there_quantifiers_2,True,False,False,False,405,-42.829193115234375,-47.89070129394531,1
Most rugs aren't there distracting Wendy.,There aren't most rugs distracting Wendy.,semantics,quantifiers,existential_there_quantifiers_2,True,False,False,False,406,-56.773765563964844,-59.76730728149414,1
All mothers of Monica aren't there grinning.,There aren't all mothers of Monica grinning.,semantics,quantifiers,existential_there_quantifiers_2,True,False,False,False,407,-57.010887145996094,-58.6741828918457,1
All carts aren't there falling apart.,There aren't all carts falling apart.,semantics,quantifiers,existential_there_quantifiers_2,True,False,False,False,408,-43.17118835449219,-45.434932708740234,1
Each mushroom wasn't there embarrassing the dancers.,There wasn't each mushroom embarrassing the dancers.,semantics,quantifiers,existential_there_quantifiers_2,True,False,False,False,409,-56.992454528808594,-60.2298698425293,1
Each government was there discovering that legislature to approve.,There was each government discovering that legislature to approve.,semantics,quantifiers,existential_there_quantifiers_2,True,False,False,False,410,-66.07225799560547,-68.47303009033203,1
All legislatures aren't there enticing those fathers of the Borgias to depart.,There aren't all legislatures enticing those fathers of the Borgias to depart.,semantics,quantifiers,existential_there_quantifiers_2,True,False,False,False,411,-102.44068145751953,-104.82713317871094,1
Every popsicle wasn't there evaporating.,There wasn't every popsicle evaporating.,semantics,quantifiers,existential_there_quantifiers_2,True,False,False,False,412,-54.295127868652344,-55.61103439331055,1
All documentaries about the Great Lakes are there scaring Allison.,There are all documentaries about the Great Lakes scaring Allison.,semantics,quantifiers,existential_there_quantifiers_2,True,False,False,False,413,-80.26968383789062,-74.88177490234375,0
Every muffin wasn't there hurting drivers.,There wasn't every muffin hurting drivers.,semantics,quantifiers,existential_there_quantifiers_2,True,False,False,False,414,-54.85664749145508,-56.24082565307617,1
Each essay is there aggravating Jodi.,There is each essay aggravating Jodi.,semantics,quantifiers,existential_there_quantifiers_2,True,False,False,False,415,-62.8969841003418,-63.84123611450195,1
Most books are there vanishing.,There are most books vanishing.,semantics,quantifiers,existential_there_quantifiers_2,True,False,False,False,416,-34.446556091308594,-36.289833068847656,1
Every play about Winston Churchill is there stunning this boy.,There is every play about Winston Churchill stunning this boy.,semantics,quantifiers,existential_there_quantifiers_2,True,False,False,False,417,-76.87710571289062,-81.46634674072266,1
All mushrooms weren't there boring a lot of guys.,There weren't all mushrooms boring a lot of guys.,semantics,quantifiers,existential_there_quantifiers_2,True,False,False,False,418,-60.65034484863281,-61.51349639892578,1
Most screens aren't there confusing a lot of children.,There aren't most screens confusing a lot of children.,semantics,quantifiers,existential_there_quantifiers_2,True,False,False,False,419,-54.2428092956543,-58.78509521484375,1
Each photograph was there stunning Stephen.,There was each photograph stunning Stephen.,semantics,quantifiers,existential_there_quantifiers_2,True,False,False,False,420,-50.07447814941406,-53.081424713134766,1
All pictures weren't there embarrassing the Borgias.,There weren't all pictures embarrassing the Borgias.,semantics,quantifiers,existential_there_quantifiers_2,True,False,False,False,421,-65.67086029052734,-65.66816711425781,0
Each shoe isn't there vanishing.,There isn't each shoe vanishing.,semantics,quantifiers,existential_there_quantifiers_2,True,False,False,False,422,-41.10054397583008,-43.721778869628906,1
Every library isn't there failing to break every vase.,There isn't every library failing to break every vase.,semantics,quantifiers,existential_there_quantifiers_2,True,False,False,False,423,-67.182861328125,-70.30722045898438,1
Each car is there accelerating.,There is each car accelerating.,semantics,quantifiers,existential_there_quantifiers_2,True,False,False,False,424,-37.038917541503906,-38.059974670410156,1
Every sketch was there falling.,There was every sketch falling.,semantics,quantifiers,existential_there_quantifiers_2,True,False,False,False,425,-35.03846740722656,-36.54161834716797,1
Each horse wasn't there irritating every student.,There wasn't each horse irritating every student.,semantics,quantifiers,existential_there_quantifiers_2,True,False,False,False,426,-56.5081672668457,-60.992855072021484,1
All jackets aren't there alarming these waitresses.,There aren't all jackets alarming these waitresses.,semantics,quantifiers,existential_there_quantifiers_2,True,False,False,False,427,-71.23246002197266,-74.29426574707031,1
Each lady isn't there helping Danielle.,There isn't each lady helping Danielle.,semantics,quantifiers,existential_there_quantifiers_2,True,False,False,False,428,-46.799171447753906,-50.98163604736328,1
All photographs of many glasses weren't there disturbing Craig.,There weren't all photographs of many glasses disturbing Craig.,semantics,quantifiers,existential_there_quantifiers_2,True,False,False,False,429,-71.6072769165039,-71.80855560302734,1
All students were there sighing.,There were all students sighing.,semantics,quantifiers,existential_there_quantifiers_2,True,False,False,False,430,-38.88921356201172,-38.715789794921875,0
Every cafe isn't there falling.,There isn't every cafe falling.,semantics,quantifiers,existential_there_quantifiers_2,True,False,False,False,431,-37.427452087402344,-41.75282287597656,1
Each teenager was there eating.,There was each teenager eating.,semantics,quantifiers,existential_there_quantifiers_2,True,False,False,False,432,-36.026763916015625,-40.46933364868164,1
Every art gallery wasn't there alarming these patients.,There wasn't every art gallery alarming these patients.,semantics,quantifiers,existential_there_quantifiers_2,True,False,False,False,433,-68.40328979492188,-69.49723815917969,1
Each banana isn't there astounding these women.,There isn't each banana astounding these women.,semantics,quantifiers,existential_there_quantifiers_2,True,False,False,False,434,-54.64047622680664,-60.339019775390625,1
Each adult was there grinning.,There was each adult grinning.,semantics,quantifiers,existential_there_quantifiers_2,True,False,False,False,435,-36.972251892089844,-39.37821960449219,1
All shows about Monet aren't there shocking Monica.,There aren't all shows about Monet shocking Monica.,semantics,quantifiers,existential_there_quantifiers_2,True,False,False,False,436,-72.90571594238281,-77.04026794433594,1
All movie theaters were there distracting Becky.,There were all movie theaters distracting Becky.,semantics,quantifiers,existential_there_quantifiers_2,True,False,False,False,437,-58.16795349121094,-59.79509735107422,1
All bicycles were there stopping.,There were all bicycles stopping.,semantics,quantifiers,existential_there_quantifiers_2,True,False,False,False,438,-38.223976135253906,-36.17646026611328,0
All forks aren't there falling.,There aren't all forks falling.,semantics,quantifiers,existential_there_quantifiers_2,True,False,False,False,439,-38.89423751831055,-41.19291687011719,1
All commentaries are there annoying Guy.,There are all commentaries annoying Guy.,semantics,quantifiers,existential_there_quantifiers_2,True,False,False,False,440,-57.58416748046875,-57.68965530395508,1
Most eggplants aren't there vanishing.,There aren't most eggplants vanishing.,semantics,quantifiers,existential_there_quantifiers_2,True,False,False,False,441,-59.01512145996094,-63.913055419921875,1
All museums weren't there changing.,There weren't all museums changing.,semantics,quantifiers,existential_there_quantifiers_2,True,False,False,False,442,-45.10292053222656,-43.708518981933594,0
Every movie theater was there existing.,There was every movie theater existing.,semantics,quantifiers,existential_there_quantifiers_2,True,False,False,False,443,-47.68729782104492,-49.135494232177734,1
Most boys weren't there cheering.,There weren't most boys cheering.,semantics,quantifiers,existential_there_quantifiers_2,True,False,False,False,444,-37.46468734741211,-41.80017852783203,1
All fathers of Tiffany aren't there cooking.,There aren't all fathers of Tiffany cooking.,semantics,quantifiers,existential_there_quantifiers_2,True,False,False,False,445,-53.591697692871094,-56.06742858886719,1
All public parks are there disgusting Beverly.,There are all public parks disgusting Beverly.,semantics,quantifiers,existential_there_quantifiers_2,True,False,False,False,446,-57.37083435058594,-57.755126953125,1
Most pants were there loosening.,There were most pants loosening.,semantics,quantifiers,existential_there_quantifiers_2,True,False,False,False,447,-44.165260314941406,-44.21250915527344,1
All granddaughters of Christine were there forgetting who bother those ladies.,There were all granddaughters of Christine forgetting who bother those ladies.,semantics,quantifiers,existential_there_quantifiers_2,True,False,False,False,448,-101.56976318359375,-93.9986343383789,0
Every screen isn't there appearing.,There isn't every screen appearing.,semantics,quantifiers,existential_there_quantifiers_2,True,False,False,False,449,-39.097591400146484,-42.629493713378906,1
All wheelbarrows aren't there disturbing Frank.,There aren't all wheelbarrows disturbing Frank.,semantics,quantifiers,existential_there_quantifiers_2,True,False,False,False,450,-63.59872817993164,-63.40937805175781,0
Every jacket is there annoying Nancy.,There is every jacket annoying Nancy.,semantics,quantifiers,existential_there_quantifiers_2,True,False,False,False,451,-46.45123291015625,-49.171775817871094,1
Most shawls are there worrying Lisa.,There are most shawls worrying Lisa.,semantics,quantifiers,existential_there_quantifiers_2,True,False,False,False,452,-58.80100631713867,-58.47356414794922,0
Every jacket wasn't there upsetting Angela.,There wasn't every jacket upsetting Angela.,semantics,quantifiers,existential_there_quantifiers_2,True,False,False,False,453,-51.40568923950195,-52.567771911621094,1
Most granddaughters of Adam aren't there urging Dawn to hurt those waitresses.,There aren't most granddaughters of Adam urging Dawn to hurt those waitresses.,semantics,quantifiers,existential_there_quantifiers_2,True,False,False,False,454,-126.18145751953125,-125.32698822021484,0
Most patients are there motivating Jerry's cousins to kiss Kimberley.,There are most patients motivating Jerry's cousins to kiss Kimberley.,semantics,quantifiers,existential_there_quantifiers_2,True,False,False,False,455,-90.69722747802734,-90.89955139160156,1
Every cafe is there aggravating those companies.,There is every cafe aggravating those companies.,semantics,quantifiers,existential_there_quantifiers_2,True,False,False,False,456,-57.69151306152344,-60.597129821777344,1
All hospitals were there pushing Naomi to cough.,There were all hospitals pushing Naomi to cough.,semantics,quantifiers,existential_there_quantifiers_2,True,False,False,False,457,-64.76834869384766,-62.55893325805664,0
All prints of a lot of boys aren't there embarrassing this woman.,There aren't all prints of a lot of boys embarrassing this woman.,semantics,quantifiers,existential_there_quantifiers_2,True,False,False,False,458,-72.35317993164062,-72.84600067138672,1
Each play about the Impressionists isn't there bothering Ella.,There isn't each play about the Impressionists bothering Ella.,semantics,quantifiers,existential_there_quantifiers_2,True,False,False,False,459,-89.10074615478516,-90.1732177734375,1
All casseroles weren't there stunning that man.,There weren't all casseroles stunning that man.,semantics,quantifiers,existential_there_quantifiers_2,True,False,False,False,460,-69.77772521972656,-71.05355072021484,1
All hills are there existing.,There are all hills existing.,semantics,quantifiers,existential_there_quantifiers_2,True,False,False,False,461,-40.034950256347656,-37.961246490478516,0
All stories are there upsetting the Lutherans.,There are all stories upsetting the Lutherans.,semantics,quantifiers,existential_there_quantifiers_2,True,False,False,False,462,-58.816619873046875,-59.03534698486328,1
Every print was there irritating Tammy.,There was every print irritating Tammy.,semantics,quantifiers,existential_there_quantifiers_2,True,False,False,False,463,-52.34691619873047,-53.58353042602539,1
Each picture is there looking like Marie.,There is each picture looking like Marie.,semantics,quantifiers,existential_there_quantifiers_2,True,False,False,False,464,-43.522769927978516,-47.24977111816406,1
Most plays weren't there impressing Bethany.,There weren't most plays impressing Bethany.,semantics,quantifiers,existential_there_quantifiers_2,True,False,False,False,465,-67.95674133300781,-71.04661560058594,1
Most newspaper articles weren't there stunning Allison.,There weren't most newspaper articles stunning Allison.,semantics,quantifiers,existential_there_quantifiers_2,True,False,False,False,466,-63.82481002807617,-67.86002349853516,1
All reports about Jesus are there disturbing every driver.,There are all reports about Jesus disturbing every driver.,semantics,quantifiers,existential_there_quantifiers_2,True,False,False,False,467,-69.5399398803711,-65.21566009521484,0
All turtles weren't there upsetting Anna.,There weren't all turtles upsetting Anna.,semantics,quantifiers,existential_there_quantifiers_2,True,False,False,False,468,-49.97367858886719,-52.76769256591797,1
All dishes are there alarming Suzanne.,There are all dishes alarming Suzanne.,semantics,quantifiers,existential_there_quantifiers_2,True,False,False,False,469,-49.926090240478516,-47.94532012939453,0
All public parks aren't there upsetting Ruth.,There aren't all public parks upsetting Ruth.,semantics,quantifiers,existential_there_quantifiers_2,True,False,False,False,470,-58.89197540283203,-62.555824279785156,1
Every projector was there appearing.,There was every projector appearing.,semantics,quantifiers,existential_there_quantifiers_2,True,False,False,False,471,-39.128944396972656,-40.76305389404297,1
Most rivers aren't there freezing.,There aren't most rivers freezing.,semantics,quantifiers,existential_there_quantifiers_2,True,False,False,False,472,-37.43806838989258,-44.20561218261719,1
All sisters of Kendra aren't there scaring Melinda.,There aren't all sisters of Kendra scaring Melinda.,semantics,quantifiers,existential_there_quantifiers_2,True,False,False,False,473,-85.30970764160156,-84.50265502929688,0
Every unicycle is there astounding Spain.,There is every unicycle astounding Spain.,semantics,quantifiers,existential_there_quantifiers_2,True,False,False,False,474,-60.6180305480957,-59.77444839477539,0
Each actress wasn't there arguing about Jerry.,There wasn't each actress arguing about Jerry.,semantics,quantifiers,existential_there_quantifiers_2,True,False,False,False,475,-51.99716567993164,-55.73145294189453,1
Most slopes aren't there shocking Phillip.,There aren't most slopes shocking Phillip.,semantics,quantifiers,existential_there_quantifiers_2,True,False,False,False,476,-55.54646682739258,-60.6785888671875,1
All guests weren't there worrying those organizations.,There weren't all guests worrying those organizations.,semantics,quantifiers,existential_there_quantifiers_2,True,False,False,False,477,-57.4856071472168,-57.76176452636719,1
Each mirror isn't there distracting Diana.,There isn't each mirror distracting Diana.,semantics,quantifiers,existential_there_quantifiers_2,True,False,False,False,478,-49.3941650390625,-54.33901596069336,1
Most photographs are there stunning Eva.,There are most photographs stunning Eva.,semantics,quantifiers,existential_there_quantifiers_2,True,False,False,False,479,-47.72404479980469,-50.37278747558594,1
Each scarf was there impressing Florence.,There was each scarf impressing Florence.,semantics,quantifiers,existential_there_quantifiers_2,True,False,False,False,480,-55.17313766479492,-57.058311462402344,1
All cars were there upsetting Beth.,There were all cars upsetting Beth.,semantics,quantifiers,existential_there_quantifiers_2,True,False,False,False,481,-48.34147262573242,-45.72038269042969,0
All pictures of Candice weren't there boring Benjamin.,There weren't all pictures of Candice boring Benjamin.,semantics,quantifiers,existential_there_quantifiers_2,True,False,False,False,482,-71.39596557617188,-71.16961669921875,0
Each cake wasn't there stunning Joseph.,There wasn't each cake stunning Joseph.,semantics,quantifiers,existential_there_quantifiers_2,True,False,False,False,483,-49.737998962402344,-53.67857360839844,1
All malls were there looking like most sketches.,There were all malls looking like most sketches.,semantics,quantifiers,existential_there_quantifiers_2,True,False,False,False,484,-60.76729202270508,-59.394996643066406,0
Every sketch is there boring Brett.,There is every sketch boring Brett.,semantics,quantifiers,existential_there_quantifiers_2,True,False,False,False,485,-47.36286926269531,-50.96173858642578,1
Most books are there disgusting Wayne.,There are most books disgusting Wayne.,semantics,quantifiers,existential_there_quantifiers_2,True,False,False,False,486,-40.935394287109375,-44.7690315246582,1
All women weren't there needing those people to love Ronald.,There weren't all women needing those people to love Ronald.,semantics,quantifiers,existential_there_quantifiers_2,True,False,False,False,487,-73.25870513916016,-74.26751708984375,1
Each child was there begging the guy's lawyer to study.,There was each child begging the guy's lawyer to study.,semantics,quantifiers,existential_there_quantifiers_2,True,False,False,False,488,-67.37985229492188,-70.5660400390625,1
Most teachers aren't there driving to most college campuses.,There aren't most teachers driving to most college campuses.,semantics,quantifiers,existential_there_quantifiers_2,True,False,False,False,489,-70.23104858398438,-75.381591796875,1
All cucumbers were there blackening.,There were all cucumbers blackening.,semantics,quantifiers,existential_there_quantifiers_2,True,False,False,False,490,-51.452598571777344,-46.94400405883789,0
Most cars weren't there embarrassing a lot of guests.,There weren't most cars embarrassing a lot of guests.,semantics,quantifiers,existential_there_quantifiers_2,True,False,False,False,491,-56.691402435302734,-62.52538299560547,1
Every art gallery isn't there confusing Alicia.,There isn't every art gallery confusing Alicia.,semantics,quantifiers,existential_there_quantifiers_2,True,False,False,False,492,-62.126949310302734,-66.25238037109375,1
Most planes were there falling.,There were most planes falling.,semantics,quantifiers,existential_there_quantifiers_2,True,False,False,False,493,-31.81073570251465,-35.003578186035156,1
Each college campus isn't there worrying Jennifer.,There isn't each college campus worrying Jennifer.,semantics,quantifiers,existential_there_quantifiers_2,True,False,False,False,494,-56.7652587890625,-64.91143798828125,1
Each eggplant isn't there disappearing.,There isn't each eggplant disappearing.,semantics,quantifiers,existential_there_quantifiers_2,True,False,False,False,495,-50.68583297729492,-53.6934928894043,1
Every print of Cynthia wasn't there disturbing Spain.,There wasn't every print of Cynthia disturbing Spain.,semantics,quantifiers,existential_there_quantifiers_2,True,False,False,False,496,-62.35907745361328,-65.5887222290039,1
Most stories are there annoying Michael.,There are most stories annoying Michael.,semantics,quantifiers,existential_there_quantifiers_2,True,False,False,False,497,-39.659934997558594,-42.68909454345703,1
Every public park was there confusing Denise.,There was every public park confusing Denise.,semantics,quantifiers,existential_there_quantifiers_2,True,False,False,False,498,-58.00398635864258,-58.734466552734375,1
All students are there finding these eggplants.,There are all students finding these eggplants.,semantics,quantifiers,existential_there_quantifiers_2,True,False,False,False,499,-64.04318237304688,-63.47059631347656,0
Every screen is there alarming all governments.,There is every screen alarming all governments.,semantics,quantifiers,existential_there_quantifiers_2,True,False,False,False,500,-55.98828887939453,-57.641685485839844,1
Each art gallery is there annoying Christine.,There is each art gallery annoying Christine.,semantics,quantifiers,existential_there_quantifiers_2,True,False,False,False,501,-56.48725128173828,-58.66341781616211,1
Every face was there aggravating many drivers.,There was every face aggravating many drivers.,semantics,quantifiers,existential_there_quantifiers_2,True,False,False,False,502,-56.82903289794922,-59.404693603515625,1
Most mountains weren't there appearing.,There weren't most mountains appearing.,semantics,quantifiers,existential_there_quantifiers_2,True,False,False,False,503,-41.642066955566406,-45.70542526245117,1
Most peppers were there charring.,There were most peppers charring.,semantics,quantifiers,existential_there_quantifiers_2,True,False,False,False,504,-46.03968811035156,-47.15800857543945,1
Each girl wasn't there failing to boycott some art gallery.,There wasn't each girl failing to boycott some art gallery.,semantics,quantifiers,existential_there_quantifiers_2,True,False,False,False,505,-77.41546630859375,-81.34088897705078,1
Most art galleries are there confusing Stephen.,There are most art galleries confusing Stephen.,semantics,quantifiers,existential_there_quantifiers_2,True,False,False,False,506,-61.84507751464844,-60.79453659057617,0
Every bank was there benefiting.,There was every bank benefiting.,semantics,quantifiers,existential_there_quantifiers_2,True,False,False,False,507,-36.90872573852539,-37.83655548095703,1
Every hat is there annoying Jason.,There is every hat annoying Jason.,semantics,quantifiers,existential_there_quantifiers_2,True,False,False,False,508,-43.454280853271484,-48.071102142333984,1
All newspaper articles about Spain were there hurting Janice.,There were all newspaper articles about Spain hurting Janice.,semantics,quantifiers,existential_there_quantifiers_2,True,False,False,False,509,-80.38726806640625,-76.52044677734375,0
Every legislature wasn't there proving to approach Valerie.,There wasn't every legislature proving to approach Valerie.,semantics,quantifiers,existential_there_quantifiers_2,True,False,False,False,510,-72.19654083251953,-72.15728759765625,0
Each dog is there ascending these mountains.,There is each dog ascending these mountains.,semantics,quantifiers,existential_there_quantifiers_2,True,False,False,False,511,-48.6024169921875,-52.06664276123047,1
All documentaries are there stunning the Impressionists.,There are all documentaries stunning the Impressionists.,semantics,quantifiers,existential_there_quantifiers_2,True,False,False,False,512,-74.35137939453125,-73.98884582519531,0
Each plate wasn't there looking like the print.,There wasn't each plate looking like the print.,semantics,quantifiers,existential_there_quantifiers_2,True,False,False,False,513,-54.010440826416016,-56.415714263916016,1
Each picture isn't there embarrassing Kristen.,There isn't each picture embarrassing Kristen.,semantics,quantifiers,existential_there_quantifiers_2,True,False,False,False,514,-50.00294494628906,-53.218711853027344,1
Every movie wasn't there worrying these girls.,There wasn't every movie worrying these girls.,semantics,quantifiers,existential_there_quantifiers_2,True,False,False,False,515,-46.45261764526367,-51.97022247314453,1
All patients aren't there climbing down some steps.,There aren't all patients climbing down some steps.,semantics,quantifiers,existential_there_quantifiers_2,True,False,False,False,516,-53.02104949951172,-57.173187255859375,1
Each person is there writing.,There is each person writing.,semantics,quantifiers,existential_there_quantifiers_2,True,False,False,False,517,-29.363422393798828,-31.633678436279297,1
Each closet was there appearing.,There was each closet appearing.,semantics,quantifiers,existential_there_quantifiers_2,True,False,False,False,518,-38.713294982910156,-39.01089859008789,1
Most children are there leaving Richard.,There are most children leaving Richard.,semantics,quantifiers,existential_there_quantifiers_2,True,False,False,False,519,-40.66409683227539,-40.284725189208984,0
All pictures aren't there impressing Mark.,There aren't all pictures impressing Mark.,semantics,quantifiers,existential_there_quantifiers_2,True,False,False,False,520,-54.04217529296875,-55.89639663696289,1
Every newspaper article isn't there impressing all hospitals.,There isn't every newspaper article impressing all hospitals.,semantics,quantifiers,existential_there_quantifiers_2,True,False,False,False,521,-71.441650390625,-73.86686706542969,1
Each art gallery wasn't there disgusting Cynthia.,There wasn't each art gallery disgusting Cynthia.,semantics,quantifiers,existential_there_quantifiers_2,True,False,False,False,522,-63.831199645996094,-66.30905151367188,1
All art galleries aren't there alarming Martin.,There aren't all art galleries alarming Martin.,semantics,quantifiers,existential_there_quantifiers_2,True,False,False,False,523,-64.61058044433594,-65.21788024902344,1
Each teacher isn't there boycotting that movie theater.,There isn't each teacher boycotting that movie theater.,semantics,quantifiers,existential_there_quantifiers_2,True,False,False,False,524,-66.111083984375,-72.27014923095703,1
All mouths were there closing.,There were all mouths closing.,semantics,quantifiers,existential_there_quantifiers_2,True,False,False,False,525,-38.15470504760742,-35.18883514404297,0
Every casserole was there falling.,There was every casserole falling.,semantics,quantifiers,existential_there_quantifiers_2,True,False,False,False,526,-50.24807357788086,-49.77440643310547,0
Most tomatoes were there worrying Brian.,There were most tomatoes worrying Brian.,semantics,quantifiers,existential_there_quantifiers_2,True,False,False,False,527,-44.964599609375,-47.51348114013672,1
Each legislature isn't there begging Rose to depart.,There isn't each legislature begging Rose to depart.,semantics,quantifiers,existential_there_quantifiers_2,True,False,False,False,528,-63.40981674194336,-66.84674835205078,1
Each banana isn't there existing.,There isn't each banana existing.,semantics,quantifiers,existential_there_quantifiers_2,True,False,False,False,529,-40.280094146728516,-44.59721374511719,1
Each vase was there aggravating Carol.,There was each vase aggravating Carol.,semantics,quantifiers,existential_there_quantifiers_2,True,False,False,False,530,-63.16733169555664,-61.709747314453125,0
All cucumbers weren't there bothering some men.,There weren't all cucumbers bothering some men.,semantics,quantifiers,existential_there_quantifiers_2,True,False,False,False,531,-61.53984451293945,-60.67247009277344,0
Most scarves are there wasting away.,There are most scarves wasting away.,semantics,quantifiers,existential_there_quantifiers_2,True,False,False,False,532,-53.01416015625,-53.29591369628906,1
Each picture wasn't there annoying most teachers.,There wasn't each picture annoying most teachers.,semantics,quantifiers,existential_there_quantifiers_2,True,False,False,False,533,-56.02731704711914,-57.952117919921875,1
Each slope isn't there vanishing.,There isn't each slope vanishing.,semantics,quantifiers,existential_there_quantifiers_2,True,False,False,False,534,-44.323543548583984,-45.75246810913086,1
Most hats are there stunning Cheryl.,There are most hats stunning Cheryl.,semantics,quantifiers,existential_there_quantifiers_2,True,False,False,False,535,-49.311309814453125,-51.19866943359375,1
All chairs aren't there distracting all legislatures.,There aren't all chairs distracting all legislatures.,semantics,quantifiers,existential_there_quantifiers_2,True,False,False,False,536,-59.1014404296875,-61.17081832885742,1
All boxes weren't there annoying the pedestrian.,There weren't all boxes annoying the pedestrian.,semantics,quantifiers,existential_there_quantifiers_2,True,False,False,False,537,-56.31255340576172,-57.53628158569336,1
Most birds aren't there bothering the girls.,There aren't most birds bothering the girls.,semantics,quantifiers,existential_there_quantifiers_2,True,False,False,False,538,-45.78063201904297,-49.698936462402344,1
Each documentary about music is there astounding Stacey.,There is each documentary about music astounding Stacey.,semantics,quantifiers,existential_there_quantifiers_2,True,False,False,False,539,-70.95376586914062,-72.5664291381836,1
All legislatures are there asking Galileo to talk to Becky.,There are all legislatures asking Galileo to talk to Becky.,semantics,quantifiers,existential_there_quantifiers_2,True,False,False,False,540,-77.12223052978516,-73.03469848632812,0
Each waiter isn't there convincing Linda to suffer.,There isn't each waiter convincing Linda to suffer.,semantics,quantifiers,existential_there_quantifiers_2,True,False,False,False,541,-63.8973274230957,-69.97251892089844,1
All glasses are there dropping.,There are all glasses dropping.,semantics,quantifiers,existential_there_quantifiers_2,True,False,False,False,542,-38.470611572265625,-34.80888748168945,0
Each glove wasn't there stretching.,There wasn't each glove stretching.,semantics,quantifiers,existential_there_quantifiers_2,True,False,False,False,543,-43.09725570678711,-44.68516540527344,1
Each cake was there annoying Steve.,There was each cake annoying Steve.,semantics,quantifiers,existential_there_quantifiers_2,True,False,False,False,544,-44.3536491394043,-46.78623962402344,1
All eyes were there confusing Bethany.,There were all eyes confusing Bethany.,semantics,quantifiers,existential_there_quantifiers_2,True,False,False,False,545,-55.29027557373047,-53.11470031738281,0
Every cup wasn't there irritating Dana.,There wasn't every cup irritating Dana.,semantics,quantifiers,existential_there_quantifiers_2,True,False,False,False,546,-52.876182556152344,-53.907371520996094,1
Each screen wasn't there falling apart.,There wasn't each screen falling apart.,semantics,quantifiers,existential_there_quantifiers_2,True,False,False,False,547,-44.14254379272461,-45.83360290527344,1
All reports about Galileo weren't there disturbing Tina.,There weren't all reports about Galileo disturbing Tina.,semantics,quantifiers,existential_there_quantifiers_2,True,False,False,False,548,-70.43997192382812,-69.82159423828125,0
All drivers weren't there compelling some governments to disgust the Impressionists.,There weren't all drivers compelling some governments to disgust the Impressionists.,semantics,quantifiers,existential_there_quantifiers_2,True,False,False,False,549,-108.28629302978516,-109.83531188964844,1
All peppers aren't there irritating an adult.,There aren't all peppers irritating an adult.,semantics,quantifiers,existential_there_quantifiers_2,True,False,False,False,550,-58.77215576171875,-62.937355041503906,1
Every photograph of Wayne is there aggravating Alice.,There is every photograph of Wayne aggravating Alice.,semantics,quantifiers,existential_there_quantifiers_2,True,False,False,False,551,-69.96369934082031,-68.72212982177734,0
Each popsicle wasn't there shocking Tammy.,There wasn't each popsicle shocking Tammy.,semantics,quantifiers,existential_there_quantifiers_2,True,False,False,False,552,-63.154930114746094,-66.02655029296875,1
All screens are there disturbing Melanie.,There are all screens disturbing Melanie.,semantics,quantifiers,existential_there_quantifiers_2,True,False,False,False,553,-50.220550537109375,-48.64643859863281,0
Every actor wasn't there arriving at every grocery store.,There wasn't every actor arriving at every grocery store.,semantics,quantifiers,existential_there_quantifiers_2,True,False,False,False,554,-62.69399642944336,-65.53307342529297,1
All slopes were there boring all guests.,There were all slopes boring all guests.,semantics,quantifiers,existential_there_quantifiers_2,True,False,False,False,555,-55.452919006347656,-52.60505294799805,0
All cats were there astounding Laurie.,There were all cats astounding Laurie.,semantics,quantifiers,existential_there_quantifiers_2,True,False,False,False,556,-45.939144134521484,-45.715614318847656,0
Each projector was there upsetting Connie.,There was each projector upsetting Connie.,semantics,quantifiers,existential_there_quantifiers_2,True,False,False,False,557,-53.49626159667969,-55.555686950683594,1
Each report about Monet wasn't there existing.,There wasn't each report about Monet existing.,semantics,quantifiers,existential_there_quantifiers_2,True,False,False,False,558,-65.67903137207031,-67.46493530273438,1
All mouths were there impressing Rose.,There were all mouths impressing Rose.,semantics,quantifiers,existential_there_quantifiers_2,True,False,False,False,559,-53.58894729614258,-51.762855529785156,0
All cucumbers weren't there going bad.,There weren't all cucumbers going bad.,semantics,quantifiers,existential_there_quantifiers_2,True,False,False,False,560,-54.23505401611328,-53.13594436645508,0
Every cake wasn't there wasting away.,There wasn't every cake wasting away.,semantics,quantifiers,existential_there_quantifiers_2,True,False,False,False,561,-44.49329376220703,-48.10167694091797,1
Most photographs of that hair weren't there disgusting a lot of libraries.,There weren't most photographs of that hair disgusting a lot of libraries.,semantics,quantifiers,existential_there_quantifiers_2,True,False,False,False,562,-76.58638000488281,-82.26605224609375,1
Most stairs are there boring Alexander.,There are most stairs boring Alexander.,semantics,quantifiers,existential_there_quantifiers_2,True,False,False,False,563,-48.27824020385742,-51.23218536376953,1
Each computer was there disgusting Tara.,There was each computer disgusting Tara.,semantics,quantifiers,existential_there_quantifiers_2,True,False,False,False,564,-51.03385543823242,-52.76609802246094,1
Each patient isn't there ordering Christine's tutors to resemble most pictures.,There isn't each patient ordering Christine's tutors to resemble most pictures.,semantics,quantifiers,existential_there_quantifiers_2,True,False,False,False,565,-99.80052185058594,-104.2651596069336,1
Every shawl isn't there disappearing.,There isn't every shawl disappearing.,semantics,quantifiers,existential_there_quantifiers_2,True,False,False,False,566,-46.407569885253906,-47.81366729736328,1
Every association is there hurting that woman.,There is every association hurting that woman.,semantics,quantifiers,existential_there_quantifiers_2,True,False,False,False,567,-49.743499755859375,-51.743080139160156,1
Most grandmothers of Caroline were there upsetting Julie.,There were most grandmothers of Caroline upsetting Julie.,semantics,quantifiers,existential_there_quantifiers_2,True,False,False,False,568,-74.74575805664062,-69.5729751586914,0
Every rabbit is there escaping.,There is every rabbit escaping.,semantics,quantifiers,existential_there_quantifiers_2,True,False,False,False,569,-35.48634338378906,-39.120506286621094,1
All plays were there disturbing Ruth.,There were all plays disturbing Ruth.,semantics,quantifiers,existential_there_quantifiers_2,True,False,False,False,570,-43.97939682006836,-43.972503662109375,0
Each nose was there hurting some waitresses.,There was each nose hurting some waitresses.,semantics,quantifiers,existential_there_quantifiers_2,True,False,False,False,571,-63.27766799926758,-65.25894165039062,1
Every friend of Kenneth isn't there breaking every mirror.,There isn't every friend of Kenneth breaking every mirror.,semantics,quantifiers,existential_there_quantifiers_2,True,False,False,False,572,-65.13807678222656,-67.45553588867188,1
Most turtles are there falling asleep.,There are most turtles falling asleep.,semantics,quantifiers,existential_there_quantifiers_2,True,False,False,False,573,-37.88520812988281,-41.988250732421875,1
Each drawing wasn't there existing.,There wasn't each drawing existing.,semantics,quantifiers,existential_there_quantifiers_2,True,False,False,False,574,-45.964515686035156,-43.95298767089844,0
Most jackets aren't there twirling.,There aren't most jackets twirling.,semantics,quantifiers,existential_there_quantifiers_2,True,False,False,False,575,-45.58355712890625,-50.81254577636719,1
Every commentary is there alarming many patients.,There is every commentary alarming many patients.,semantics,quantifiers,existential_there_quantifiers_2,True,False,False,False,576,-57.09670639038086,-58.12226486206055,1
All actors were there forgetting about who drinks.,There were all actors forgetting about who drinks.,semantics,quantifiers,existential_there_quantifiers_2,True,False,False,False,577,-59.981292724609375,-57.36817932128906,0
All books weren't there confusing Omar.,There weren't all books confusing Omar.,semantics,quantifiers,existential_there_quantifiers_2,True,False,False,False,578,-52.830928802490234,-52.89026641845703,1
Every book is there scaring Kimberley.,There is every book scaring Kimberley.,semantics,quantifiers,existential_there_quantifiers_2,True,False,False,False,579,-51.75690841674805,-55.11040115356445,1
Most essays are there aggravating Alan.,There are most essays aggravating Alan.,semantics,quantifiers,existential_there_quantifiers_2,True,False,False,False,580,-53.49323272705078,-55.30283737182617,1
All ladders weren't there scaring those libraries.,There weren't all ladders scaring those libraries.,semantics,quantifiers,existential_there_quantifiers_2,True,False,False,False,581,-67.70651245117188,-66.45881652832031,0
All eyes aren't there falling.,There aren't all eyes falling.,semantics,quantifiers,existential_there_quantifiers_2,True,False,False,False,582,-35.997093200683594,-36.69879150390625,1
Most coats aren't there boring Daniel.,There aren't most coats boring Daniel.,semantics,quantifiers,existential_there_quantifiers_2,True,False,False,False,583,-48.37833786010742,-54.36132049560547,1
All chairs were there stunning most drivers.,There were all chairs stunning most drivers.,semantics,quantifiers,existential_there_quantifiers_2,True,False,False,False,584,-57.66026306152344,-55.38018035888672,0
All pictures of Carla are there irritating Barbara.,There are all pictures of Carla irritating Barbara.,semantics,quantifiers,existential_there_quantifiers_2,True,False,False,False,585,-68.33740234375,-62.41187286376953,0
Most muffins are there disappearing.,There are most muffins disappearing.,semantics,quantifiers,existential_there_quantifiers_2,True,False,False,False,586,-37.45112609863281,-38.29194641113281,1
Each face was there appearing.,There was each face appearing.,semantics,quantifiers,existential_there_quantifiers_2,True,False,False,False,587,-34.57460021972656,-36.9271240234375,1
Most documentaries about Galileo were there irritating every teenager.,There were most documentaries about Galileo irritating every teenager.,semantics,quantifiers,existential_there_quantifiers_2,True,False,False,False,588,-76.88450622558594,-74.14224243164062,0
Most women were there annoying Helen.,There were most women annoying Helen.,semantics,quantifiers,existential_there_quantifiers_2,True,False,False,False,589,-39.394874572753906,-41.647193908691406,1
All girls aren't there regretting Julie falls.,There aren't all girls regretting Julie falls.,semantics,quantifiers,existential_there_quantifiers_2,True,False,False,False,590,-64.56983947753906,-68.46343994140625,1
All reports are there looking like sketches.,There are all reports looking like sketches.,semantics,quantifiers,existential_there_quantifiers_2,True,False,False,False,591,-50.342384338378906,-48.098114013671875,0
Every print of every girl was there stunning a lot of ladies.,There was every print of every girl stunning a lot of ladies.,semantics,quantifiers,existential_there_quantifiers_2,True,False,False,False,592,-73.86856842041016,-77.05488586425781,1
All universities were there listening to Travis.,There were all universities listening to Travis.,semantics,quantifiers,existential_there_quantifiers_2,True,False,False,False,593,-49.70410919189453,-48.46971130371094,0
Most mothers of Samuel aren't there learning.,There aren't most mothers of Samuel learning.,semantics,quantifiers,existential_there_quantifiers_2,True,False,False,False,594,-53.445133209228516,-55.94213104248047,1
Each commentary about art was there annoying Rhonda.,There was each commentary about art annoying Rhonda.,semantics,quantifiers,existential_there_quantifiers_2,True,False,False,False,595,-75.80802917480469,-77.12013244628906,1
Each girl was there getting a job.,There was each girl getting a job.,semantics,quantifiers,existential_there_quantifiers_2,True,False,False,False,596,-36.9015007019043,-40.88383102416992,1
Every eggplant is there disappearing.,There is every eggplant disappearing.,semantics,quantifiers,existential_there_quantifiers_2,True,False,False,False,597,-48.67072296142578,-49.20608901977539,1
Each newspaper article is there annoying a man.,There is each newspaper article annoying a man.,semantics,quantifiers,existential_there_quantifiers_2,True,False,False,False,598,-55.331138610839844,-57.133514404296875,1
Each granddaughter of Kirsten is there commissioning Elaine to dislike Robert.,There is each granddaughter of Kirsten commissioning Elaine to dislike Robert.,semantics,quantifiers,existential_there_quantifiers_2,True,False,False,False,599,-106.57210540771484,-105.50548553466797,0
Each boy isn't there failing to irritate Robert.,There isn't each boy failing to irritate Robert.,semantics,quantifiers,existential_there_quantifiers_2,True,False,False,False,600,-63.86719512939453,-69.34123229980469,1
Each cousin of Dennis isn't there murmuring.,There isn't each cousin of Dennis murmuring.,semantics,quantifiers,existential_there_quantifiers_2,True,False,False,False,601,-57.33600616455078,-59.13764953613281,1
Every unicycle is there alarming this dancer.,There is every unicycle alarming this dancer.,semantics,quantifiers,existential_there_quantifiers_2,True,False,False,False,602,-66.73117065429688,-65.67359161376953,0
All photographs of those patients aren't there shocking Mary.,There aren't all photographs of those patients shocking Mary.,semantics,quantifiers,existential_there_quantifiers_2,True,False,False,False,603,-66.814208984375,-69.24744415283203,1
Every skateboard isn't there disturbing those teenagers.,There isn't every skateboard disturbing those teenagers.,semantics,quantifiers,existential_there_quantifiers_2,True,False,False,False,604,-59.08153533935547,-64.02220153808594,1
All windows were there wasting away.,There were all windows wasting away.,semantics,quantifiers,existential_there_quantifiers_2,True,False,False,False,605,-43.52232360839844,-41.27489471435547,0
Each woman is there expecting Douglas to waste away.,There is each woman expecting Douglas to waste away.,semantics,quantifiers,existential_there_quantifiers_2,True,False,False,False,606,-65.76264190673828,-67.07215881347656,1
Most books about Spain aren't there annoying Diana.,There aren't most books about Spain annoying Diana.,semantics,quantifiers,existential_there_quantifiers_2,True,False,False,False,607,-57.721553802490234,-65.76131439208984,1
Most ladies aren't there thinking about some couch.,There aren't most ladies thinking about some couch.,semantics,quantifiers,existential_there_quantifiers_2,True,False,False,False,608,-51.94078826904297,-56.639347076416016,1
Most plays aren't there boring Martha.,There aren't most plays boring Martha.,semantics,quantifiers,existential_there_quantifiers_2,True,False,False,False,609,-49.896202087402344,-55.9833984375,1
Every brother of the Borgias isn't there walking through the hospitals.,There isn't every brother of the Borgias walking through the hospitals.,semantics,quantifiers,existential_there_quantifiers_2,True,False,False,False,610,-77.58294677734375,-81.04129028320312,1
Each documentary isn't there hurting Gina.,There isn't each documentary hurting Gina.,semantics,quantifiers,existential_there_quantifiers_2,True,False,False,False,611,-48.3868408203125,-54.66857147216797,1
Most malls aren't there disappearing.,There aren't most malls disappearing.,semantics,quantifiers,existential_there_quantifiers_2,True,False,False,False,612,-41.97892379760742,-47.02067184448242,1
Most carriages weren't there impressing Patricia.,There weren't most carriages impressing Patricia.,semantics,quantifiers,existential_there_quantifiers_2,True,False,False,False,613,-67.52428436279297,-71.43489074707031,1
Every river is there upsetting many doctors.,There is every river upsetting many doctors.,semantics,quantifiers,existential_there_quantifiers_2,True,False,False,False,614,-52.20629119873047,-55.489288330078125,1
Most restaurants were there upsetting Theresa.,There were most restaurants upsetting Theresa.,semantics,quantifiers,existential_there_quantifiers_2,True,False,False,False,615,-52.332481384277344,-52.445396423339844,1
Each drawing isn't there hurting Kimberley.,There isn't each drawing hurting Kimberley.,semantics,quantifiers,existential_there_quantifiers_2,True,False,False,False,616,-56.595970153808594,-58.63943099975586,1
Each grandmother of Eva is there wanting James to win.,There is each grandmother of Eva wanting James to win.,semantics,quantifiers,existential_there_quantifiers_2,True,False,False,False,617,-76.85212707519531,-75.06494903564453,0
Each skateboard isn't there vanishing.,There isn't each skateboard vanishing.,semantics,quantifiers,existential_there_quantifiers_2,True,False,False,False,618,-47.07636260986328,-50.54717254638672,1
Every closet is there bothering Spain.,There is every closet bothering Spain.,semantics,quantifiers,existential_there_quantifiers_2,True,False,False,False,619,-46.24597930908203,-49.98292541503906,1
Every boy was there eating.,There was every boy eating.,semantics,quantifiers,existential_there_quantifiers_2,True,False,False,False,620,-30.13805389404297,-32.755210876464844,1
Each cousin of Linda isn't there seeming to vaporize.,There isn't each cousin of Linda seeming to vaporize.,semantics,quantifiers,existential_there_quantifiers_2,True,False,False,False,621,-75.0516357421875,-78.2463607788086,1
All cashiers weren't there lifting most socks.,There weren't all cashiers lifting most socks.,semantics,quantifiers,existential_there_quantifiers_2,True,False,False,False,622,-72.9098892211914,-71.01002502441406,0
Each drawing of these forks wasn't there embarrassing Marie.,There wasn't each drawing of these forks embarrassing Marie.,semantics,quantifiers,existential_there_quantifiers_2,True,False,False,False,623,-71.25096130371094,-74.2838134765625,1
Each show about current events isn't there alarming Karen.,There isn't each show about current events alarming Karen.,semantics,quantifiers,existential_there_quantifiers_2,True,False,False,False,624,-74.01914978027344,-77.01313781738281,1
Most friends of Grace aren't there discovering who bother Deborah.,There aren't most friends of Grace discovering who bother Deborah.,semantics,quantifiers,existential_there_quantifiers_2,True,False,False,False,625,-81.35891723632812,-80.73274230957031,0
All paintings were there scaring Jennifer.,There were all paintings scaring Jennifer.,semantics,quantifiers,existential_there_quantifiers_2,True,False,False,False,626,-52.97213363647461,-49.85558319091797,0
All documentaries about Spain are there confusing Dennis.,There are all documentaries about Spain confusing Dennis.,semantics,quantifiers,existential_there_quantifiers_2,True,False,False,False,627,-66.47281646728516,-65.24188232421875,0
All hospitals were there motivating every university to like Suzanne.,There were all hospitals motivating every university to like Suzanne.,semantics,quantifiers,existential_there_quantifiers_2,True,False,False,False,628,-81.96406555175781,-79.21842193603516,0
All sons of the student were there obligating Sherry to cheer.,There were all sons of the student obligating Sherry to cheer.,semantics,quantifiers,existential_there_quantifiers_2,True,False,False,False,629,-92.61796569824219,-89.81832885742188,0
Most spotlights weren't there upsetting Tara.,There weren't most spotlights upsetting Tara.,semantics,quantifiers,existential_there_quantifiers_2,True,False,False,False,630,-66.2634506225586,-69.02339172363281,1
All paintings of the waiters are there distracting Todd.,There are all paintings of the waiters distracting Todd.,semantics,quantifiers,existential_there_quantifiers_2,True,False,False,False,631,-73.88418579101562,-73.43197631835938,0
Each spotlight is there stunning the person.,There is each spotlight stunning the person.,semantics,quantifiers,existential_there_quantifiers_2,True,False,False,False,632,-52.96990966796875,-56.34101104736328,1
Most high schools are there looking like these drawings.,There are most high schools looking like these drawings.,semantics,quantifiers,existential_there_quantifiers_2,True,False,False,False,633,-53.67143249511719,-55.63212585449219,1
Every play was there annoying Spain.,There was every play annoying Spain.,semantics,quantifiers,existential_there_quantifiers_2,True,False,False,False,634,-45.10893630981445,-46.895851135253906,1
All legislatures weren't there remembering what conspired.,There weren't all legislatures remembering what conspired.,semantics,quantifiers,existential_there_quantifiers_2,True,False,False,False,635,-71.65422821044922,-68.86283874511719,0
Every actor is there seeing.,There is every actor seeing.,semantics,quantifiers,existential_there_quantifiers_2,True,False,False,False,636,-39.63680648803711,-39.65572738647461,1
All lights aren't there stunning James.,There aren't all lights stunning James.,semantics,quantifiers,existential_there_quantifiers_2,True,False,False,False,637,-47.48023223876953,-50.40300750732422,1
Most screens weren't there stunning every waiter.,There weren't most screens stunning every waiter.,semantics,quantifiers,existential_there_quantifiers_2,True,False,False,False,638,-60.991695404052734,-64.31935119628906,1
Every customer wasn't there helping April.,There wasn't every customer helping April.,semantics,quantifiers,existential_there_quantifiers_2,True,False,False,False,639,-49.981895446777344,-50.15599060058594,1
Most lamps are there looking like some paintings.,There are most lamps looking like some paintings.,semantics,quantifiers,existential_there_quantifiers_2,True,False,False,False,640,-52.265228271484375,-54.101036071777344,1
All teenagers were there describing the Impressionists.,There were all teenagers describing the Impressionists.,semantics,quantifiers,existential_there_quantifiers_2,True,False,False,False,641,-67.94148254394531,-66.07765197753906,0
Most candles were there distracting Dana.,There were most candles distracting Dana.,semantics,quantifiers,existential_there_quantifiers_2,True,False,False,False,642,-50.198909759521484,-50.54154968261719,1
Each closet is there existing.,There is each closet existing.,semantics,quantifiers,existential_there_quantifiers_2,True,False,False,False,643,-41.00282669067383,-41.53003692626953,1
Each painting is there looking like the lake.,There is each painting looking like the lake.,semantics,quantifiers,existential_there_quantifiers_2,True,False,False,False,644,-44.13045120239258,-47.78559875488281,1
All banks are there prodding Randolf to insult these schools.,There are all banks prodding Randolf to insult these schools.,semantics,quantifiers,existential_there_quantifiers_2,True,False,False,False,645,-97.1318588256836,-95.62257385253906,0
Every book about Galileo wasn't there scaring Connie.,There wasn't every book about Galileo scaring Connie.,semantics,quantifiers,existential_there_quantifiers_2,True,False,False,False,646,-67.85086822509766,-68.687744140625,1
Every screen isn't there wasting away.,There isn't every screen wasting away.,semantics,quantifiers,existential_there_quantifiers_2,True,False,False,False,647,-44.98988342285156,-49.241188049316406,1
Each fork wasn't there appearing.,There wasn't each fork appearing.,semantics,quantifiers,existential_there_quantifiers_2,True,False,False,False,648,-42.860591888427734,-44.6994743347168,1
Each car isn't there stunning Patricia.,There isn't each car stunning Patricia.,semantics,quantifiers,existential_there_quantifiers_2,True,False,False,False,649,-49.924095153808594,-53.8044548034668,1
All essays about Spain aren't there disgusting Alice.,There aren't all essays about Spain disgusting Alice.,semantics,quantifiers,existential_there_quantifiers_2,True,False,False,False,650,-62.71326446533203,-68.24641418457031,1
All coats are there falling.,There are all coats falling.,semantics,quantifiers,existential_there_quantifiers_2,True,False,False,False,651,-36.838279724121094,-35.02855682373047,0
All mothers of Elaine weren't there hugging.,There weren't all mothers of Elaine hugging.,semantics,quantifiers,existential_there_quantifiers_2,True,False,False,False,652,-57.71331787109375,-57.12730407714844,0
Most lamps aren't there looking like a painting.,There aren't most lamps looking like a painting.,semantics,quantifiers,existential_there_quantifiers_2,True,False,False,False,653,-50.17628479003906,-57.39057159423828,1
Each skirt wasn't there warping.,There wasn't each skirt warping.,semantics,quantifiers,existential_there_quantifiers_2,True,False,False,False,654,-50.45344924926758,-54.12599182128906,1
All cakes weren't there appearing.,There weren't all cakes appearing.,semantics,quantifiers,existential_there_quantifiers_2,True,False,False,False,655,-41.27760696411133,-41.651268005371094,1
Each boy was there drinking.,There was each boy drinking.,semantics,quantifiers,existential_there_quantifiers_2,True,False,False,False,656,-32.106204986572266,-35.09020233154297,1
All paintings of Donald aren't there disgusting Alexander.,There aren't all paintings of Donald disgusting Alexander.,semantics,quantifiers,existential_there_quantifiers_2,True,False,False,False,657,-67.22024536132812,-66.59485626220703,0
All mirrors weren't there slipping.,There weren't all mirrors slipping.,semantics,quantifiers,existential_there_quantifiers_2,True,False,False,False,658,-46.31446838378906,-43.42064666748047,0
Each car wasn't there worrying some guy.,There wasn't each car worrying some guy.,semantics,quantifiers,existential_there_quantifiers_2,True,False,False,False,659,-52.830726623535156,-55.080101013183594,1
Every teacher wasn't there urging Emily's boyfriend to speak up.,There wasn't every teacher urging Emily's boyfriend to speak up.,semantics,quantifiers,existential_there_quantifiers_2,True,False,False,False,660,-75.7558822631836,-76.86384582519531,1
All sisters of Stacey weren't there liking to mess up a restaurant.,There weren't all sisters of Stacey liking to mess up a restaurant.,semantics,quantifiers,existential_there_quantifiers_2,True,False,False,False,661,-90.10808563232422,-91.3587875366211,1
Every company isn't there prompting Michelle to admire Gerald.,There isn't every company prompting Michelle to admire Gerald.,semantics,quantifiers,existential_there_quantifiers_2,True,False,False,False,662,-74.06968688964844,-76.93846130371094,1
Most tomatoes aren't there upsetting Victoria.,There aren't most tomatoes upsetting Victoria.,semantics,quantifiers,existential_there_quantifiers_2,True,False,False,False,663,-48.43952941894531,-55.55314636230469,1
Most apples are there scorching.,There are most apples scorching.,semantics,quantifiers,existential_there_quantifiers_2,True,False,False,False,664,-42.4842529296875,-42.82994842529297,1
Most stairs were there disgusting Lisa.,There were most stairs disgusting Lisa.,semantics,quantifiers,existential_there_quantifiers_2,True,False,False,False,665,-46.451438903808594,-49.53041076660156,1
Every boy wasn't there wanting to talk to all adults.,There wasn't every boy wanting to talk to all adults.,semantics,quantifiers,existential_there_quantifiers_2,True,False,False,False,666,-60.524391174316406,-61.93589782714844,1
Each newspaper article was there aggravating Daniel.,There was each newspaper article aggravating Daniel.,semantics,quantifiers,existential_there_quantifiers_2,True,False,False,False,667,-65.52471160888672,-67.96514892578125,1
Most unicycles aren't there vanishing.,There aren't most unicycles vanishing.,semantics,quantifiers,existential_there_quantifiers_2,True,False,False,False,668,-63.38616943359375,-63.3433723449707,0
Most shows about art weren't there disagreeing with the Clintons.,There weren't most shows about art disagreeing with the Clintons.,semantics,quantifiers,existential_there_quantifiers_2,True,False,False,False,669,-80.41667175292969,-82.4759521484375,1
Most patients are there confusing a lot of waitresses.,There are most patients confusing a lot of waitresses.,semantics,quantifiers,existential_there_quantifiers_2,True,False,False,False,670,-62.951904296875,-67.04609680175781,1
Every plate wasn't there irritating Samantha.,There wasn't every plate irritating Samantha.,semantics,quantifiers,existential_there_quantifiers_2,True,False,False,False,671,-52.20863342285156,-53.30287170410156,1
All plates aren't there appearing.,There aren't all plates appearing.,semantics,quantifiers,existential_there_quantifiers_2,True,False,False,False,672,-39.350040435791016,-42.379947662353516,1
Each show about the Borgias was there irritating Chad.,There was each show about the Borgias irritating Chad.,semantics,quantifiers,existential_there_quantifiers_2,True,False,False,False,673,-75.64107513427734,-77.76812744140625,1
All college campuses weren't there bothering Tanya.,There weren't all college campuses bothering Tanya.,semantics,quantifiers,existential_there_quantifiers_2,True,False,False,False,674,-69.6641845703125,-69.30162048339844,0
All books about art are there astounding a library.,There are all books about art astounding a library.,semantics,quantifiers,existential_there_quantifiers_2,True,False,False,False,675,-67.86263275146484,-61.80278778076172,0
Every horse was there irritating Lawrence.,There was every horse irritating Lawrence.,semantics,quantifiers,existential_there_quantifiers_2,True,False,False,False,676,-45.94453430175781,-48.82152557373047,1
All movies are there irritating Alicia.,There are all movies irritating Alicia.,semantics,quantifiers,existential_there_quantifiers_2,True,False,False,False,677,-47.83277130126953,-48.97608947753906,1
Each waiter is there investigating who could convince Jessica's cousins to sneeze.,There is each waiter investigating who could convince Jessica's cousins to sneeze.,semantics,quantifiers,existential_there_quantifiers_2,True,False,False,False,678,-108.20618438720703,-110.99124908447266,1
Most socks were there flattening.,There were most socks flattening.,semantics,quantifiers,existential_there_quantifiers_2,True,False,False,False,679,-45.86333084106445,-46.128841400146484,1
All slopes are there distracting David.,There are all slopes distracting David.,semantics,quantifiers,existential_there_quantifiers_2,True,False,False,False,680,-49.84791564941406,-47.704139709472656,0
Every cup is there dropping.,There is every cup dropping.,semantics,quantifiers,existential_there_quantifiers_2,True,False,False,False,681,-35.01905822753906,-36.76080322265625,1
Each college campus wasn't there boring Rose.,There wasn't each college campus boring Rose.,semantics,quantifiers,existential_there_quantifiers_2,True,False,False,False,682,-58.053871154785156,-64.92231750488281,1
Every sister of every person isn't there saying every waiter waved.,There isn't every sister of every person saying every waiter waved.,semantics,quantifiers,existential_there_quantifiers_2,True,False,False,False,683,-80.02189636230469,-82.24921417236328,1
Most commentaries about politics are there shocking Amanda.,There are most commentaries about politics shocking Amanda.,semantics,quantifiers,existential_there_quantifiers_2,True,False,False,False,684,-76.62516784667969,-79.72640991210938,1
Most slopes were there astounding Alicia.,There were most slopes astounding Alicia.,semantics,quantifiers,existential_there_quantifiers_2,True,False,False,False,685,-52.25428009033203,-52.72529220581055,1
Every unicycle isn't there upsetting this school.,There isn't every unicycle upsetting this school.,semantics,quantifiers,existential_there_quantifiers_2,True,False,False,False,686,-62.49565124511719,-63.77042770385742,1
Most actors weren't there climbing up every mountain.,There weren't most actors climbing up every mountain.,semantics,quantifiers,existential_there_quantifiers_2,True,False,False,False,687,-58.876129150390625,-60.7723388671875,1
Every cousin of Cheryl wasn't there passing that mall.,There wasn't every cousin of Cheryl passing that mall.,semantics,quantifiers,existential_there_quantifiers_2,True,False,False,False,688,-69.75665283203125,-71.55570983886719,1
All drawings were there distracting Brett.,There were all drawings distracting Brett.,semantics,quantifiers,existential_there_quantifiers_2,True,False,False,False,689,-50.33100128173828,-48.658164978027344,0
Every candle is there boring Brett.,There is every candle boring Brett.,semantics,quantifiers,existential_there_quantifiers_2,True,False,False,False,690,-45.454750061035156,-50.325111389160156,1
Each art gallery is there distracting Karla.,There is each art gallery distracting Karla.,semantics,quantifiers,existential_there_quantifiers_2,True,False,False,False,691,-66.51182556152344,-68.71296691894531,1
Every school is there believing a lot of guests to hug Roger.,There is every school believing a lot of guests to hug Roger.,semantics,quantifiers,existential_there_quantifiers_2,True,False,False,False,692,-78.54972076416016,-78.82697296142578,1
Every apple isn't there bothering every association.,There isn't every apple bothering every association.,semantics,quantifiers,existential_there_quantifiers_2,True,False,False,False,693,-55.705299377441406,-58.384735107421875,1
Each mirror is there chipping.,There is each mirror chipping.,semantics,quantifiers,existential_there_quantifiers_2,True,False,False,False,694,-42.77566909790039,-45.04478073120117,1
Each carriage isn't there bothering Tammy.,There isn't each carriage bothering Tammy.,semantics,quantifiers,existential_there_quantifiers_2,True,False,False,False,695,-50.160823822021484,-53.673980712890625,1
All hospitals were there confusing Joel.,There were all hospitals confusing Joel.,semantics,quantifiers,existential_there_quantifiers_2,True,False,False,False,696,-49.945037841796875,-49.93874740600586,0
Every cucumber isn't there irritating Edward.,There isn't every cucumber irritating Edward.,semantics,quantifiers,existential_there_quantifiers_2,True,False,False,False,697,-56.22174072265625,-58.99754333496094,1
Most people were there encouraging Allison to kiss most guests.,There were most people encouraging Allison to kiss most guests.,semantics,quantifiers,existential_there_quantifiers_2,True,False,False,False,698,-70.32598114013672,-71.13735961914062,1
Every school is there lying.,There is every school lying.,semantics,quantifiers,existential_there_quantifiers_2,True,False,False,False,699,-32.842342376708984,-33.04179382324219,1
All actors were there criticizing Theresa.,There were all actors criticizing Theresa.,semantics,quantifiers,existential_there_quantifiers_2,True,False,False,False,700,-51.246788024902344,-48.83265686035156,0
All commentaries were there disagreeing.,There were all commentaries disagreeing.,semantics,quantifiers,existential_there_quantifiers_2,True,False,False,False,701,-53.85702896118164,-52.63761901855469,0
All universities were there hiring the Borgias.,There were all universities hiring the Borgias.,semantics,quantifiers,existential_there_quantifiers_2,True,False,False,False,702,-59.49465560913086,-59.36349105834961,0
Each slope wasn't there impressing Matt.,There wasn't each slope impressing Matt.,semantics,quantifiers,existential_there_quantifiers_2,True,False,False,False,703,-60.906829833984375,-60.97269821166992,1
Every face isn't there stunning an actress.,There isn't every face stunning an actress.,semantics,quantifiers,existential_there_quantifiers_2,True,False,False,False,704,-53.21538543701172,-57.615814208984375,1
Each spotlight is there aggravating Theodore.,There is each spotlight aggravating Theodore.,semantics,quantifiers,existential_there_quantifiers_2,True,False,False,False,705,-57.766632080078125,-60.356224060058594,1
All icicles aren't there aggravating Tammy.,There aren't all icicles aggravating Tammy.,semantics,quantifiers,existential_there_quantifiers_2,True,False,False,False,706,-69.48802947998047,-70.3476791381836,1
Each teenager was there washing.,There was each teenager washing.,semantics,quantifiers,existential_there_quantifiers_2,True,False,False,False,707,-36.702484130859375,-41.06093978881836,1
Every movie wasn't there stunning the lady.,There wasn't every movie stunning the lady.,semantics,quantifiers,existential_there_quantifiers_2,True,False,False,False,708,-47.83098220825195,-54.96537780761719,1
Every photograph isn't there alarming Christopher.,There isn't every photograph alarming Christopher.,semantics,quantifiers,existential_there_quantifiers_2,True,False,False,False,709,-50.41333770751953,-54.38170623779297,1
Each gate wasn't there worrying John.,There wasn't each gate worrying John.,semantics,quantifiers,existential_there_quantifiers_2,True,False,False,False,710,-47.64429473876953,-51.42837142944336,1
Each popsicle is there falling.,There is each popsicle falling.,semantics,quantifiers,existential_there_quantifiers_2,True,False,False,False,711,-43.621002197265625,-44.26215362548828,1
Each friend of Ruth was there exiting the art galleries.,There was each friend of Ruth exiting the art galleries.,semantics,quantifiers,existential_there_quantifiers_2,True,False,False,False,712,-73.35797119140625,-72.22599029541016,0
Most peppers aren't there going bad.,There aren't most peppers going bad.,semantics,quantifiers,existential_there_quantifiers_2,True,False,False,False,713,-44.33245086669922,-51.35731887817383,1
Most candles are there disappearing.,There are most candles disappearing.,semantics,quantifiers,existential_there_quantifiers_2,True,False,False,False,714,-36.35723876953125,-37.05708312988281,1
Most plates aren't there stunning Monet.,There aren't most plates stunning Monet.,semantics,quantifiers,existential_there_quantifiers_2,True,False,False,False,715,-55.083492279052734,-63.11056137084961,1
Every customer is there laughing.,There is every customer laughing.,semantics,quantifiers,existential_there_quantifiers_2,True,False,False,False,716,-34.75947952270508,-34.89975357055664,1
Every lamp was there fading.,There was every lamp fading.,semantics,quantifiers,existential_there_quantifiers_2,True,False,False,False,717,-37.79936218261719,-39.83671951293945,1
All reports about Galileo weren't there hurting Catherine.,There weren't all reports about Galileo hurting Catherine.,semantics,quantifiers,existential_there_quantifiers_2,True,False,False,False,718,-67.56707000732422,-67.5241470336914,0
All rivers weren't there freezing.,There weren't all rivers freezing.,semantics,quantifiers,existential_there_quantifiers_2,True,False,False,False,719,-42.453182220458984,-43.407249450683594,1
Most documentaries weren't there stunning most doctors.,There weren't most documentaries stunning most doctors.,semantics,quantifiers,existential_there_quantifiers_2,True,False,False,False,720,-61.08516311645508,-66.79292297363281,1
Most bikes weren't there annoying Susan.,There weren't most bikes annoying Susan.,semantics,quantifiers,existential_there_quantifiers_2,True,False,False,False,721,-49.0836067199707,-54.89130401611328,1
All coats were there bothering Melinda.,There were all coats bothering Melinda.,semantics,quantifiers,existential_there_quantifiers_2,True,False,False,False,722,-56.20460510253906,-53.1296272277832,0
Every show about current events was there embarrassing Nicole.,There was every show about current events embarrassing Nicole.,semantics,quantifiers,existential_there_quantifiers_2,True,False,False,False,723,-72.9423828125,-72.63655853271484,0
All cars aren't there impressing David.,There aren't all cars impressing David.,semantics,quantifiers,existential_there_quantifiers_2,True,False,False,False,724,-53.81845474243164,-57.861820220947266,1
Every bicycle isn't there crashing.,There isn't every bicycle crashing.,semantics,quantifiers,existential_there_quantifiers_2,True,False,False,False,725,-38.57794952392578,-41.6715087890625,1
Each documentary about the Clintons is there upsetting schools.,There is each documentary about the Clintons upsetting schools.,semantics,quantifiers,existential_there_quantifiers_2,True,False,False,False,726,-69.57249450683594,-72.32242584228516,1
Each senator was there finding out who haven't succeeded.,There was each senator finding out who haven't succeeded.,semantics,quantifiers,existential_there_quantifiers_2,True,False,False,False,727,-66.71072387695312,-70.67433166503906,1
Each sketch was there shocking this association.,There was each sketch shocking this association.,semantics,quantifiers,existential_there_quantifiers_2,True,False,False,False,728,-55.01203536987305,-56.63900375366211,1
Most turtles weren't there disappearing.,There weren't most turtles disappearing.,semantics,quantifiers,existential_there_quantifiers_2,True,False,False,False,729,-39.3958740234375,-44.628883361816406,1
All cucumbers aren't there hurting that patient.,There aren't all cucumbers hurting that patient.,semantics,quantifiers,existential_there_quantifiers_2,True,False,False,False,730,-59.590736389160156,-61.351959228515625,1
Every eye was there boring most pedestrians.,There was every eye boring most pedestrians.,semantics,quantifiers,existential_there_quantifiers_2,True,False,False,False,731,-55.411312103271484,-57.47589111328125,1
All essays aren't there bothering Natalie.,There aren't all essays bothering Natalie.,semantics,quantifiers,existential_there_quantifiers_2,True,False,False,False,732,-52.08760452270508,-54.38291549682617,1
Every high school is there upsetting Gregory.,There is every high school upsetting Gregory.,semantics,quantifiers,existential_there_quantifiers_2,True,False,False,False,733,-52.50631332397461,-54.40760803222656,1
Each pie was there distracting Linda.,There was each pie distracting Linda.,semantics,quantifiers,existential_there_quantifiers_2,True,False,False,False,734,-48.39692687988281,-50.783348083496094,1
Most slopes are there embarrassing Cynthia.,There are most slopes embarrassing Cynthia.,semantics,quantifiers,existential_there_quantifiers_2,True,False,False,False,735,-49.51054000854492,-52.17818832397461,1
Most coats were there bothering Rebecca.,There were most coats bothering Rebecca.,semantics,quantifiers,existential_there_quantifiers_2,True,False,False,False,736,-49.206443786621094,-50.397705078125,1
All cats are there stunning Gina.,There are all cats stunning Gina.,semantics,quantifiers,existential_there_quantifiers_2,True,False,False,False,737,-44.82073211669922,-46.057960510253906,1
Each window was there falling.,There was each window falling.,semantics,quantifiers,existential_there_quantifiers_2,True,False,False,False,738,-34.48971939086914,-35.27415466308594,1
Each horse wasn't there aggravating Amanda.,There wasn't each horse aggravating Amanda.,semantics,quantifiers,existential_there_quantifiers_2,True,False,False,False,739,-54.867210388183594,-57.62247085571289,1
Every projector was there impressing Irene.,There was every projector impressing Irene.,semantics,quantifiers,existential_there_quantifiers_2,True,False,False,False,740,-58.676570892333984,-59.996246337890625,1
All doors weren't there aggravating Kendra.,There weren't all doors aggravating Kendra.,semantics,quantifiers,existential_there_quantifiers_2,True,False,False,False,741,-65.88736724853516,-67.35062408447266,1
Each bike wasn't there confusing a lot of senators.,There wasn't each bike confusing a lot of senators.,semantics,quantifiers,existential_there_quantifiers_2,True,False,False,False,742,-60.6806755065918,-64.62821197509766,1
Most movies about science were there hurting Sarah.,There were most movies about science hurting Sarah.,semantics,quantifiers,existential_there_quantifiers_2,True,False,False,False,743,-61.07144546508789,-59.232547760009766,0
Every picture of Homer wasn't there impressing Elizabeth.,There wasn't every picture of Homer impressing Elizabeth.,semantics,quantifiers,existential_there_quantifiers_2,True,False,False,False,744,-68.34912109375,-69.9440689086914,1
All glasses were there alarming Kristen.,There were all glasses alarming Kristen.,semantics,quantifiers,existential_there_quantifiers_2,True,False,False,False,745,-54.06404113769531,-49.59200668334961,0
Every father of Lucille isn't there refusing to lift every spotlight.,There isn't every father of Lucille refusing to lift every spotlight.,semantics,quantifiers,existential_there_quantifiers_2,True,False,False,False,746,-85.46794128417969,-88.05035400390625,1
Every teenager is there yelling.,There is every teenager yelling.,semantics,quantifiers,existential_there_quantifiers_2,True,False,False,False,747,-37.73479461669922,-39.21623229980469,1
Every movie about the Great Lakes was there boring Gina.,There was every movie about the Great Lakes boring Gina.,semantics,quantifiers,existential_there_quantifiers_2,True,False,False,False,748,-69.96315002441406,-73.16577911376953,1
Each blouse wasn't there shrinking.,There wasn't each blouse shrinking.,semantics,quantifiers,existential_there_quantifiers_2,True,False,False,False,749,-49.46409606933594,-47.722476959228516,0
All windows aren't there vanishing.,There aren't all windows vanishing.,semantics,quantifiers,existential_there_quantifiers_2,True,False,False,False,750,-40.177730560302734,-42.96424865722656,1
Each cashier is there preventing some screen from shocking Monica.,There is each cashier preventing some screen from shocking Monica.,semantics,quantifiers,existential_there_quantifiers_2,True,False,False,False,751,-93.31539154052734,-94.648193359375,1
Every convertible is there bothering Carrie.,There is every convertible bothering Carrie.,semantics,quantifiers,existential_there_quantifiers_2,True,False,False,False,752,-49.38782501220703,-53.46159362792969,1
Most cousins of those doctors are there existing.,There are most cousins of those doctors existing.,semantics,quantifiers,existential_there_quantifiers_2,True,False,False,False,753,-56.50639343261719,-57.37942123413086,1
All pies weren't there vanishing.,There weren't all pies vanishing.,semantics,quantifiers,existential_there_quantifiers_2,True,False,False,False,754,-44.55908203125,-45.105377197265625,1
Each actress is there hiding away.,There is each actress hiding away.,semantics,quantifiers,existential_there_quantifiers_2,True,False,False,False,755,-41.25472640991211,-43.28645706176758,1
All senators are there approaching all cashiers.,There are all senators approaching all cashiers.,semantics,quantifiers,existential_there_quantifiers_2,True,False,False,False,756,-64.4749755859375,-61.901607513427734,0
Each high school is there wasting away.,There is each high school wasting away.,semantics,quantifiers,existential_there_quantifiers_2,True,False,False,False,757,-47.831764221191406,-50.87994384765625,1
Each wheelbarrow was there rusting.,There was each wheelbarrow rusting.,semantics,quantifiers,existential_there_quantifiers_2,True,False,False,False,758,-55.51543426513672,-55.763099670410156,1
Every grocery store was there wasting away.,There was every grocery store wasting away.,semantics,quantifiers,existential_there_quantifiers_2,True,False,False,False,759,-52.9442138671875,-52.08928680419922,0
All pies are there aggravating Renee.,There are all pies aggravating Renee.,semantics,quantifiers,existential_there_quantifiers_2,True,False,False,False,760,-57.80349349975586,-58.20674133300781,1
Each sketch wasn't there existing.,There wasn't each sketch existing.,semantics,quantifiers,existential_there_quantifiers_2,True,False,False,False,761,-46.99683380126953,-46.43951416015625,0
Each shirt is there annoying the teacher.,There is each shirt annoying the teacher.,semantics,quantifiers,existential_there_quantifiers_2,True,False,False,False,762,-46.14345932006836,-49.76203155517578,1
All drawings of all carts weren't there stunning Scott.,There weren't all drawings of all carts stunning Scott.,semantics,quantifiers,existential_there_quantifiers_2,True,False,False,False,763,-70.54078674316406,-72.49223327636719,1
All carts were there bothering Amanda.,There were all carts bothering Amanda.,semantics,quantifiers,existential_there_quantifiers_2,True,False,False,False,764,-47.51778793334961,-44.46626663208008,0
Each guest is there observing Douglas.,There is each guest observing Douglas.,semantics,quantifiers,existential_there_quantifiers_2,True,False,False,False,765,-48.733585357666016,-49.25239562988281,1
Every photograph of Erin is there confusing Michelle.,There is every photograph of Erin confusing Michelle.,semantics,quantifiers,existential_there_quantifiers_2,True,False,False,False,766,-60.97322082519531,-62.406105041503906,1
Each dog is there disappearing.,There is each dog disappearing.,semantics,quantifiers,existential_there_quantifiers_2,True,False,False,False,767,-33.69378662109375,-35.908992767333984,1
Every cat isn't there falling.,There isn't every cat falling.,semantics,quantifiers,existential_there_quantifiers_2,True,False,False,False,768,-34.4848518371582,-38.028602600097656,1
Most waitresses are there investigating who is arguing about Stephen.,There are most waitresses investigating who is arguing about Stephen.,semantics,quantifiers,existential_there_quantifiers_2,True,False,False,False,769,-82.20207214355469,-84.67796325683594,1
All cats aren't there disappearing.,There aren't all cats disappearing.,semantics,quantifiers,existential_there_quantifiers_2,True,False,False,False,770,-36.11125183105469,-39.11102294921875,1
Most boys aren't there spurring Meredith to paint.,There aren't most boys spurring Meredith to paint.,semantics,quantifiers,existential_there_quantifiers_2,True,False,False,False,771,-67.5824203491211,-73.55455780029297,1
Every cake was there appearing.,There was every cake appearing.,semantics,quantifiers,existential_there_quantifiers_2,True,False,False,False,772,-35.91984558105469,-37.77925109863281,1
All skirts aren't there boring Andrew.,There aren't all skirts boring Andrew.,semantics,quantifiers,existential_there_quantifiers_2,True,False,False,False,773,-51.59532928466797,-53.519996643066406,1
Each fork was there disappearing.,There was each fork disappearing.,semantics,quantifiers,existential_there_quantifiers_2,True,False,False,False,774,-37.54740905761719,-38.343963623046875,1
All slopes aren't there distracting Nancy.,There aren't all slopes distracting Nancy.,semantics,quantifiers,existential_there_quantifiers_2,True,False,False,False,775,-53.55044937133789,-54.1758918762207,1
Each newspaper article about travel is there scaring Samantha.,There is each newspaper article about travel scaring Samantha.,semantics,quantifiers,existential_there_quantifiers_2,True,False,False,False,776,-80.19105529785156,-79.06166076660156,0
All cars were there astounding Maria.,There were all cars astounding Maria.,semantics,quantifiers,existential_there_quantifiers_2,True,False,False,False,777,-48.560035705566406,-47.63102722167969,0
All hospitals weren't there badgering Adam to compromise.,There weren't all hospitals badgering Adam to compromise.,semantics,quantifiers,existential_there_quantifiers_2,True,False,False,False,778,-82.32482147216797,-84.03645324707031,1
Every pepper is there wasting away.,There is every pepper wasting away.,semantics,quantifiers,existential_there_quantifiers_2,True,False,False,False,779,-44.70543670654297,-47.91061782836914,1
Most books were there irritating all girls.,There were most books irritating all girls.,semantics,quantifiers,existential_there_quantifiers_2,True,False,False,False,780,-48.292327880859375,-49.130035400390625,1
Every shawl isn't there existing.,There isn't every shawl existing.,semantics,quantifiers,existential_there_quantifiers_2,True,False,False,False,781,-50.35782241821289,-51.15143585205078,1
Every window is there upsetting Galileo.,There is every window upsetting Galileo.,semantics,quantifiers,existential_there_quantifiers_2,True,False,False,False,782,-50.8653450012207,-52.84314727783203,1
Each cup wasn't there shattering.,There wasn't each cup shattering.,semantics,quantifiers,existential_there_quantifiers_2,True,False,False,False,783,-41.667999267578125,-41.501670837402344,0
Most slopes are there impressing Richard.,There are most slopes impressing Richard.,semantics,quantifiers,existential_there_quantifiers_2,True,False,False,False,784,-56.72279357910156,-58.024322509765625,1
Every grocery store was there worrying Jodi.,There was every grocery store worrying Jodi.,semantics,quantifiers,existential_there_quantifiers_2,True,False,False,False,785,-63.50959777832031,-63.4296875,0
Every shoe is there appearing.,There is every shoe appearing.,semantics,quantifiers,existential_there_quantifiers_2,True,False,False,False,786,-39.02301025390625,-38.896751403808594,0
Each couch is there scaring some pedestrians.,There is each couch scaring some pedestrians.,semantics,quantifiers,existential_there_quantifiers_2,True,False,False,False,787,-60.7380256652832,-62.52544403076172,1
All girls are there collaborating.,There are all girls collaborating.,semantics,quantifiers,existential_there_quantifiers_2,True,False,False,False,788,-36.779052734375,-34.6199951171875,0
Every book isn't there disturbing Brenda.,There isn't every book disturbing Brenda.,semantics,quantifiers,existential_there_quantifiers_2,True,False,False,False,789,-41.83172607421875,-50.05512237548828,1
All hills weren't there looking like every photograph.,There weren't all hills looking like every photograph.,semantics,quantifiers,existential_there_quantifiers_2,True,False,False,False,790,-59.534393310546875,-60.00029373168945,1
Most peppers aren't there annoying Gina.,There aren't most peppers annoying Gina.,semantics,quantifiers,existential_there_quantifiers_2,True,False,False,False,791,-48.64822769165039,-56.742347717285156,1
Most cakes aren't there disturbing Melinda.,There aren't most cakes disturbing Melinda.,semantics,quantifiers,existential_there_quantifiers_2,True,False,False,False,792,-52.6768684387207,-60.00447082519531,1
Each glacier wasn't there embarrassing Ella.,There wasn't each glacier embarrassing Ella.,semantics,quantifiers,existential_there_quantifiers_2,True,False,False,False,793,-60.06975555419922,-61.99872589111328,1
Most museums are there referencing the actor.,There are most museums referencing the actor.,semantics,quantifiers,existential_there_quantifiers_2,True,False,False,False,794,-49.065128326416016,-49.64826202392578,1
Each pepper isn't there growing.,There isn't each pepper growing.,semantics,quantifiers,existential_there_quantifiers_2,True,False,False,False,795,-36.506080627441406,-39.85755157470703,1
Every documentary was there aggravating Kendra.,There was every documentary aggravating Kendra.,semantics,quantifiers,existential_there_quantifiers_2,True,False,False,False,796,-62.41195297241211,-65.19358825683594,1
Every woman wasn't there managing to alarm Denise.,There wasn't every woman managing to alarm Denise.,semantics,quantifiers,existential_there_quantifiers_2,True,False,False,False,797,-65.46546173095703,-67.42868041992188,1
Each guy was there happening to unfold.,There was each guy happening to unfold.,semantics,quantifiers,existential_there_quantifiers_2,True,False,False,False,798,-46.49378204345703,-48.948265075683594,1
Most mushrooms aren't there alarming Nancy.,There aren't most mushrooms alarming Nancy.,semantics,quantifiers,existential_there_quantifiers_2,True,False,False,False,799,-51.88896560668945,-58.817787170410156,1
Each report about the Borgias is there annoying some companies.,There is each report about the Borgias annoying some companies.,semantics,quantifiers,existential_there_quantifiers_2,True,False,False,False,800,-78.12910461425781,-81.47914123535156,1
All horses are there upsetting Becky.,There are all horses upsetting Becky.,semantics,quantifiers,existential_there_quantifiers_2,True,False,False,False,801,-43.720462799072266,-42.49594497680664,0
Most books weren't there annoying some boy.,There weren't most books annoying some boy.,semantics,quantifiers,existential_there_quantifiers_2,True,False,False,False,802,-49.8990364074707,-55.563819885253906,1
All photographs aren't there alarming Ellen.,There aren't all photographs alarming Ellen.,semantics,quantifiers,existential_there_quantifiers_2,True,False,False,False,803,-51.465572357177734,-54.049461364746094,1
All casseroles are there baking.,There are all casseroles baking.,semantics,quantifiers,existential_there_quantifiers_2,True,False,False,False,804,-52.538970947265625,-51.32444381713867,0
Every actress was there compelling George's senators to conceal this cup.,There was every actress compelling George's senators to conceal this cup.,semantics,quantifiers,existential_there_quantifiers_2,True,False,False,False,805,-90.65113830566406,-95.10277557373047,1
Most guys were there fixing a lot of windows.,There were most guys fixing a lot of windows.,semantics,quantifiers,existential_there_quantifiers_2,True,False,False,False,806,-47.044551849365234,-49.84080505371094,1
Each woman isn't there discussing many libraries.,There isn't each woman discussing many libraries.,semantics,quantifiers,existential_there_quantifiers_2,True,False,False,False,807,-53.597015380859375,-58.81909942626953,1
All waiters aren't there hiding.,There aren't all waiters hiding.,semantics,quantifiers,existential_there_quantifiers_2,True,False,False,False,808,-47.331722259521484,-46.875389099121094,0
Each book wasn't there disagreeing with Cheryl.,There wasn't each book disagreeing with Cheryl.,semantics,quantifiers,existential_there_quantifiers_2,True,False,False,False,809,-58.57854461669922,-62.93165969848633,1
Each brother of Aaron wasn't there begging some sister of Sheila to ascend these slopes.,There wasn't each brother of Aaron begging some sister of Sheila to ascend these slopes.,semantics,quantifiers,existential_there_quantifiers_2,True,False,False,False,810,-115.66265869140625,-116.64715576171875,1
All cups weren't there aggravating Larry.,There weren't all cups aggravating Larry.,semantics,quantifiers,existential_there_quantifiers_2,True,False,False,False,811,-58.29689025878906,-58.28471374511719,0
All computers were there worrying Dana.,There were all computers worrying Dana.,semantics,quantifiers,existential_there_quantifiers_2,True,False,False,False,812,-49.47931671142578,-48.396522521972656,0
Most forks aren't there looking like the painting.,There aren't most forks looking like the painting.,semantics,quantifiers,existential_there_quantifiers_2,True,False,False,False,813,-50.31986999511719,-56.560028076171875,1
Every gate is there hurting Eric.,There is every gate hurting Eric.,semantics,quantifiers,existential_there_quantifiers_2,True,False,False,False,814,-44.916358947753906,-48.12151336669922,1
All museums are there arguing.,There are all museums arguing.,semantics,quantifiers,existential_there_quantifiers_2,True,False,False,False,815,-37.609169006347656,-34.25407409667969,0
Every glacier was there confusing Martin.,There was every glacier confusing Martin.,semantics,quantifiers,existential_there_quantifiers_2,True,False,False,False,816,-49.56317138671875,-51.91552734375,1
Most glasses aren't there twisting.,There aren't most glasses twisting.,semantics,quantifiers,existential_there_quantifiers_2,True,False,False,False,817,-38.822330474853516,-45.814971923828125,1
Each library wasn't there succeeding.,There wasn't each library succeeding.,semantics,quantifiers,existential_there_quantifiers_2,True,False,False,False,818,-40.70079040527344,-42.80867385864258,1
Every cashier wasn't there impressing Walter.,There wasn't every cashier impressing Walter.,semantics,quantifiers,existential_there_quantifiers_2,True,False,False,False,819,-68.0296859741211,-67.30256652832031,0
Most reports weren't there shocking Christina.,There weren't most reports shocking Christina.,semantics,quantifiers,existential_there_quantifiers_2,True,False,False,False,820,-55.09548568725586,-57.385066986083984,1
Every report was there winning.,There was every report winning.,semantics,quantifiers,existential_there_quantifiers_2,True,False,False,False,821,-34.651885986328125,-35.2591438293457,1
Each movie theater is there vanishing.,There is each movie theater vanishing.,semantics,quantifiers,existential_there_quantifiers_2,True,False,False,False,822,-47.14933395385742,-49.0838623046875,1
Most apples were there stunning Pamela.,There were most apples stunning Pamela.,semantics,quantifiers,existential_there_quantifiers_2,True,False,False,False,823,-48.403175354003906,-49.72168731689453,1
Every coat was there bothering Marie.,There was every coat bothering Marie.,semantics,quantifiers,existential_there_quantifiers_2,True,False,False,False,824,-45.70076370239258,-48.12562561035156,1
All restaurants were there alarming that adult.,There were all restaurants alarming that adult.,semantics,quantifiers,existential_there_quantifiers_2,True,False,False,False,825,-60.87378692626953,-57.4332160949707,0
Each cafe was there shocking Jodi.,There was each cafe shocking Jodi.,semantics,quantifiers,existential_there_quantifiers_2,True,False,False,False,826,-58.88594055175781,-60.79020690917969,1
Most grandfathers of this child weren't there upsetting Helen.,There weren't most grandfathers of this child upsetting Helen.,semantics,quantifiers,existential_there_quantifiers_2,True,False,False,False,827,-74.92552947998047,-75.77437591552734,1
Every sister of Lawrence was there considering Christopher to go to every hill.,There was every sister of Lawrence considering Christopher to go to every hill.,semantics,quantifiers,existential_there_quantifiers_2,True,False,False,False,828,-90.84271240234375,-91.61302947998047,1
Each show about Spain wasn't there embarrassing Kevin.,There wasn't each show about Spain embarrassing Kevin.,semantics,quantifiers,existential_there_quantifiers_2,True,False,False,False,829,-65.46231079101562,-69.77764129638672,1
Every legislature isn't there alarming the Borgias.,There isn't every legislature alarming the Borgias.,semantics,quantifiers,existential_there_quantifiers_2,True,False,False,False,830,-63.992000579833984,-69.288330078125,1
Each college campus wasn't there appearing.,There wasn't each college campus appearing.,semantics,quantifiers,existential_there_quantifiers_2,True,False,False,False,831,-50.42934036254883,-54.632354736328125,1
Every guy wasn't there learning who hadn't toured every public park.,There wasn't every guy learning who hadn't toured every public park.,semantics,quantifiers,existential_there_quantifiers_2,True,False,False,False,832,-88.75611114501953,-90.54853057861328,1
Every projector was there stunning that customer.,There was every projector stunning that customer.,semantics,quantifiers,existential_there_quantifiers_2,True,False,False,False,833,-56.50944137573242,-59.53170394897461,1
Each banana is there stunning some waiter.,There is each banana stunning some waiter.,semantics,quantifiers,existential_there_quantifiers_2,True,False,False,False,834,-56.55879211425781,-59.45099639892578,1
Most glaciers were there astounding Dennis.,There were most glaciers astounding Dennis.,semantics,quantifiers,existential_there_quantifiers_2,True,False,False,False,835,-50.13495635986328,-51.500953674316406,1
Each coat isn't there worrying Sonia.,There isn't each coat worrying Sonia.,semantics,quantifiers,existential_there_quantifiers_2,True,False,False,False,836,-47.326961517333984,-53.20637893676758,1
Most organizations are there forfeiting.,There are most organizations forfeiting.,semantics,quantifiers,existential_there_quantifiers_2,True,False,False,False,837,-43.90863800048828,-45.98014450073242,1
All spotlights aren't there brightening.,There aren't all spotlights brightening.,semantics,quantifiers,existential_there_quantifiers_2,True,False,False,False,838,-53.93181610107422,-56.25690841674805,1
Every picture of Heidi was there distracting Catherine.,There was every picture of Heidi distracting Catherine.,semantics,quantifiers,existential_there_quantifiers_2,True,False,False,False,839,-59.28462600708008,-59.21757507324219,0
Most dishes were there worrying Carmen.,There were most dishes worrying Carmen.,semantics,quantifiers,existential_there_quantifiers_2,True,False,False,False,840,-51.440216064453125,-52.38898468017578,1
Most vases are there distracting Patricia.,There are most vases distracting Patricia.,semantics,quantifiers,existential_there_quantifiers_2,True,False,False,False,841,-58.056949615478516,-56.761436462402344,0
Every essay about Winston Churchill wasn't there annoying Larry.,There wasn't every essay about Winston Churchill annoying Larry.,semantics,quantifiers,existential_there_quantifiers_2,True,False,False,False,842,-77.80470275878906,-80.82720947265625,1
Most bananas aren't there charring.,There aren't most bananas charring.,semantics,quantifiers,existential_there_quantifiers_2,True,False,False,False,843,-44.23545837402344,-51.95244598388672,1
All banks are there continuing to approve.,There are all banks continuing to approve.,semantics,quantifiers,existential_there_quantifiers_2,True,False,False,False,844,-49.321624755859375,-46.65955352783203,0
Most grandfathers of Jeffrey aren't there departing.,There aren't most grandfathers of Jeffrey departing.,semantics,quantifiers,existential_there_quantifiers_2,True,False,False,False,845,-68.89381408691406,-68.83547973632812,0
Each niece of Linda wasn't there boasting about Mary.,There wasn't each niece of Linda boasting about Mary.,semantics,quantifiers,existential_there_quantifiers_2,True,False,False,False,846,-68.83816528320312,-73.34814453125,1
Each dancer was there muttering.,There was each dancer muttering.,semantics,quantifiers,existential_there_quantifiers_2,True,False,False,False,847,-41.605918884277344,-44.671714782714844,1
All screens aren't there alarming Ruth.,There aren't all screens alarming Ruth.,semantics,quantifiers,existential_there_quantifiers_2,True,False,False,False,848,-53.901283264160156,-55.57940673828125,1
All shoes aren't there looking like this painting.,There aren't all shoes looking like this painting.,semantics,quantifiers,existential_there_quantifiers_2,True,False,False,False,849,-49.30717086791992,-51.42867660522461,1
Every unicycle was there falling.,There was every unicycle falling.,semantics,quantifiers,existential_there_quantifiers_2,True,False,False,False,850,-47.04426193237305,-45.494781494140625,0
Every public park is there astounding Michael.,There is every public park astounding Michael.,semantics,quantifiers,existential_there_quantifiers_2,True,False,False,False,851,-57.30890655517578,-58.9827995300293,1
Each father of Sharon wasn't there doubting Andrew can cough.,There wasn't each father of Sharon doubting Andrew can cough.,semantics,quantifiers,existential_there_quantifiers_2,True,False,False,False,852,-86.55795288085938,-90.6767578125,1
Most nephews of Carol were there preventing Linda from wasting away.,There were most nephews of Carol preventing Linda from wasting away.,semantics,quantifiers,existential_there_quantifiers_2,True,False,False,False,853,-101.30390930175781,-95.08970642089844,0
Every story about the Impressionists wasn't there disagreeing with Bruce.,There wasn't every story about the Impressionists disagreeing with Bruce.,semantics,quantifiers,existential_there_quantifiers_2,True,False,False,False,854,-93.90945434570312,-92.12596893310547,0
All jackets aren't there disturbing some organizations.,There aren't all jackets disturbing some organizations.,semantics,quantifiers,existential_there_quantifiers_2,True,False,False,False,855,-58.50088882446289,-61.658931732177734,1
All pedestrians weren't there forgetting about what is replying.,There weren't all pedestrians forgetting about what is replying.,semantics,quantifiers,existential_there_quantifiers_2,True,False,False,False,856,-78.11148071289062,-75.89051055908203,0
Each adult was there boasting about Caroline.,There was each adult boasting about Caroline.,semantics,quantifiers,existential_there_quantifiers_2,True,False,False,False,857,-55.25422668457031,-55.60985565185547,1
Every closet wasn't there shutting.,There wasn't every closet shutting.,semantics,quantifiers,existential_there_quantifiers_2,True,False,False,False,858,-43.30830383300781,-44.23210525512695,1
Each painting isn't there disturbing Kendra.,There isn't each painting disturbing Kendra.,semantics,quantifiers,existential_there_quantifiers_2,True,False,False,False,859,-57.94472122192383,-63.073116302490234,1
Every hat was there shocking Charles.,There was every hat shocking Charles.,semantics,quantifiers,existential_there_quantifiers_2,True,False,False,False,860,-48.292057037353516,-50.76742935180664,1
Every guest is there looking like this sketch.,There is every guest looking like this sketch.,semantics,quantifiers,existential_there_quantifiers_2,True,False,False,False,861,-52.72116470336914,-53.14863204956055,1
Most lights are there looking like photographs.,There are most lights looking like photographs.,semantics,quantifiers,existential_there_quantifiers_2,True,False,False,False,862,-43.15358352661133,-47.55998992919922,1
Most hamsters weren't there falling.,There weren't most hamsters falling.,semantics,quantifiers,existential_there_quantifiers_2,True,False,False,False,863,-46.77104568481445,-50.23633575439453,1
Most cups aren't there upsetting Phillip.,There aren't most cups upsetting Phillip.,semantics,quantifiers,existential_there_quantifiers_2,True,False,False,False,864,-53.39910888671875,-58.91621780395508,1
All books about the Balkans aren't there astounding Angela.,There aren't all books about the Balkans astounding Angela.,semantics,quantifiers,existential_there_quantifiers_2,True,False,False,False,865,-69.85798645019531,-72.26318359375,1
Each movie about the Impressionists is there bothering Cheryl.,There is each movie about the Impressionists bothering Cheryl.,semantics,quantifiers,existential_there_quantifiers_2,True,False,False,False,866,-86.82445526123047,-86.8188705444336,0
All carts were there tipping over.,There were all carts tipping over.,semantics,quantifiers,existential_there_quantifiers_2,True,False,False,False,867,-43.55931854248047,-42.377716064453125,0
All plays were there disturbing some senators.,There were all plays disturbing some senators.,semantics,quantifiers,existential_there_quantifiers_2,True,False,False,False,868,-53.540802001953125,-52.22064208984375,0
Every school wasn't there joking around.,There wasn't every school joking around.,semantics,quantifiers,existential_there_quantifiers_2,True,False,False,False,869,-43.730804443359375,-44.14192199707031,1
All skirts are there warping.,There are all skirts warping.,semantics,quantifiers,existential_there_quantifiers_2,True,False,False,False,870,-47.802452087402344,-46.42491149902344,0
Every mall is there embarrassing Nancy.,There is every mall embarrassing Nancy.,semantics,quantifiers,existential_there_quantifiers_2,True,False,False,False,871,-46.92759704589844,-50.149818420410156,1
Every child was there sitting down.,There was every child sitting down.,semantics,quantifiers,existential_there_quantifiers_2,True,False,False,False,872,-34.93111038208008,-34.56673812866211,0
Most cats weren't there distracting Kendra.,There weren't most cats distracting Kendra.,semantics,quantifiers,existential_there_quantifiers_2,True,False,False,False,873,-59.714786529541016,-63.91835021972656,1
Every painting of Stephen wasn't there stunning that guy.,There wasn't every painting of Stephen stunning that guy.,semantics,quantifiers,existential_there_quantifiers_2,True,False,False,False,874,-67.43695068359375,-71.35929107666016,1
All mountains were there disappearing.,There were all mountains disappearing.,semantics,quantifiers,existential_there_quantifiers_2,True,False,False,False,875,-34.39612579345703,-32.88797378540039,0
Most brothers of Alexander weren't there swallowing.,There weren't most brothers of Alexander swallowing.,semantics,quantifiers,existential_there_quantifiers_2,True,False,False,False,876,-56.47805404663086,-58.736968994140625,1
Each teacher isn't there talking to Galileo.,There isn't each teacher talking to Galileo.,semantics,quantifiers,existential_there_quantifiers_2,True,False,False,False,877,-48.4825325012207,-52.461402893066406,1
Most hospitals are there revealing who should hire those customers.,There are most hospitals revealing who should hire those customers.,semantics,quantifiers,existential_there_quantifiers_2,True,False,False,False,878,-72.66291809082031,-74.97984313964844,1
Most shoes weren't there disappearing.,There weren't most shoes disappearing.,semantics,quantifiers,existential_there_quantifiers_2,True,False,False,False,879,-38.442996978759766,-42.412139892578125,1
Every gate isn't there falling.,There isn't every gate falling.,semantics,quantifiers,existential_there_quantifiers_2,True,False,False,False,880,-36.56676483154297,-39.652549743652344,1
Every show about the Clintons isn't there scaring the teachers.,There isn't every show about the Clintons scaring the teachers.,semantics,quantifiers,existential_there_quantifiers_2,True,False,False,False,881,-71.9915771484375,-74.71159362792969,1
Each shirt was there boring Linda.,There was each shirt boring Linda.,semantics,quantifiers,existential_there_quantifiers_2,True,False,False,False,882,-46.411720275878906,-48.50016403198242,1
Most grandfathers of every woman were there imagining Candice doesn't require Melissa to think about a lot of glasses.,There were most grandfathers of every woman imagining Candice doesn't require Melissa to think about a lot of glasses.,semantics,quantifiers,existential_there_quantifiers_2,True,False,False,False,883,-143.11691284179688,-138.07749938964844,0
All grandsons of the patient weren't there wishing to salute.,There weren't all grandsons of the patient wishing to salute.,semantics,quantifiers,existential_there_quantifiers_2,True,False,False,False,884,-82.70111846923828,-82.03604125976562,0
All newspaper articles aren't there impressing Veronica.,There aren't all newspaper articles impressing Veronica.,semantics,quantifiers,existential_there_quantifiers_2,True,False,False,False,885,-72.12075805664062,-75.53840637207031,1
Each screen was there impressing Patricia.,There was each screen impressing Patricia.,semantics,quantifiers,existential_there_quantifiers_2,True,False,False,False,886,-54.732749938964844,-58.575382232666016,1
Every play wasn't there embarrassing Robert.,There wasn't every play embarrassing Robert.,semantics,quantifiers,existential_there_quantifiers_2,True,False,False,False,887,-51.639198303222656,-51.54570388793945,0
Most dresses weren't there confusing some waitress.,There weren't most dresses confusing some waitress.,semantics,quantifiers,existential_there_quantifiers_2,True,False,False,False,888,-57.302330017089844,-60.03870391845703,1
All legislatures are there pressing Ann to mess up that library.,There are all legislatures pressing Ann to mess up that library.,semantics,quantifiers,existential_there_quantifiers_2,True,False,False,False,889,-89.27313232421875,-85.51438903808594,0
All rabbits were there falling.,There were all rabbits falling.,semantics,quantifiers,existential_there_quantifiers_2,True,False,False,False,890,-32.7779426574707,-31.183820724487305,0
All public parks are there alarming Jane.,There are all public parks alarming Jane.,semantics,quantifiers,existential_there_quantifiers_2,True,False,False,False,891,-59.89978790283203,-57.988948822021484,0
Each eye wasn't there shutting.,There wasn't each eye shutting.,semantics,quantifiers,existential_there_quantifiers_2,True,False,False,False,892,-42.165645599365234,-43.73677444458008,1
Every niece of Beth is there looking like some drawings.,There is every niece of Beth looking like some drawings.,semantics,quantifiers,existential_there_quantifiers_2,True,False,False,False,893,-65.59228515625,-68.67774963378906,1
All cafes are there appearing.,There are all cafes appearing.,semantics,quantifiers,existential_there_quantifiers_2,True,False,False,False,894,-42.023521423339844,-38.46499252319336,0
Each popsicle is there hurting Roger.,There is each popsicle hurting Roger.,semantics,quantifiers,existential_there_quantifiers_2,True,False,False,False,895,-53.76722717285156,-55.29087829589844,1
Each popsicle isn't there evaporating.,There isn't each popsicle evaporating.,semantics,quantifiers,existential_there_quantifiers_2,True,False,False,False,896,-50.03093338012695,-55.25100326538086,1
Every mall isn't there falling.,There isn't every mall falling.,semantics,quantifiers,existential_there_quantifiers_2,True,False,False,False,897,-36.646095275878906,-40.63566589355469,1
All tomatoes are there appearing.,There are all tomatoes appearing.,semantics,quantifiers,existential_there_quantifiers_2,True,False,False,False,898,-37.56273651123047,-35.24443435668945,0
Most pictures are there falling.,There are most pictures falling.,semantics,quantifiers,existential_there_quantifiers_2,True,False,False,False,899,-32.15685272216797,-33.111244201660156,1
Every hospital wasn't there protesting.,There wasn't every hospital protesting.,semantics,quantifiers,existential_there_quantifiers_2,True,False,False,False,900,-39.82087707519531,-42.0389404296875,1
Every movie theater wasn't there impressing a man.,There wasn't every movie theater impressing a man.,semantics,quantifiers,existential_there_quantifiers_2,True,False,False,False,901,-61.520286560058594,-67.72918701171875,1
Each truck was there boring Dana.,There was each truck boring Dana.,semantics,quantifiers,existential_there_quantifiers_2,True,False,False,False,902,-46.915367126464844,-49.29557800292969,1
All jackets were there looking like that drawing.,There were all jackets looking like that drawing.,semantics,quantifiers,existential_there_quantifiers_2,True,False,False,False,903,-52.72996520996094,-49.78889846801758,0
Every essay about Winston Churchill was there confusing Stephen.,There was every essay about Winston Churchill confusing Stephen.,semantics,quantifiers,existential_there_quantifiers_2,True,False,False,False,904,-81.67835998535156,-81.22468566894531,0
All cups weren't there scaring Robert.,There weren't all cups scaring Robert.,semantics,quantifiers,existential_there_quantifiers_2,True,False,False,False,905,-54.41413879394531,-54.453941345214844,1
All closets weren't there embarrassing Leslie.,There weren't all closets embarrassing Leslie.,semantics,quantifiers,existential_there_quantifiers_2,True,False,False,False,906,-60.565818786621094,-60.582088470458984,1
Each pie isn't there confusing Bruce.,There isn't each pie confusing Bruce.,semantics,quantifiers,existential_there_quantifiers_2,True,False,False,False,907,-48.83314895629883,-54.63779830932617,1
Most drivers were there lying.,There were most drivers lying.,semantics,quantifiers,existential_there_quantifiers_2,True,False,False,False,908,-32.47074890136719,-34.78243637084961,1
Every father of Anne wasn't there thinking about who discovers who is scratching.,There wasn't every father of Anne thinking about who discovers who is scratching.,semantics,quantifiers,existential_there_quantifiers_2,True,False,False,False,909,-90.24427795410156,-92.77528381347656,1
All scarves weren't there folding.,There weren't all scarves folding.,semantics,quantifiers,existential_there_quantifiers_2,True,False,False,False,910,-54.888587951660156,-52.413185119628906,0
All books about science weren't there confusing Brenda.,There weren't all books about science confusing Brenda.,semantics,quantifiers,existential_there_quantifiers_2,True,False,False,False,911,-66.88340759277344,-65.32009887695312,0
Each play about Spain is there aggravating the boys.,There is each play about Spain aggravating the boys.,semantics,quantifiers,existential_there_quantifiers_2,True,False,False,False,912,-66.2864761352539,-69.144775390625,1
Every mountain was there confusing Tamara.,There was every mountain confusing Tamara.,semantics,quantifiers,existential_there_quantifiers_2,True,False,False,False,913,-53.73139190673828,-57.30451583862305,1
All commentaries about music weren't there alarming Joseph.,There weren't all commentaries about music alarming Joseph.,semantics,quantifiers,existential_there_quantifiers_2,True,False,False,False,914,-83.1177978515625,-82.9759292602539,0
Every rabbit was there distracting Kathleen.,There was every rabbit distracting Kathleen.,semantics,quantifiers,existential_there_quantifiers_2,True,False,False,False,915,-45.72270965576172,-49.16472625732422,1
Each cucumber wasn't there confusing Monica.,There wasn't each cucumber confusing Monica.,semantics,quantifiers,existential_there_quantifiers_2,True,False,False,False,916,-61.249351501464844,-59.765899658203125,0
Each banana isn't there scaring Lucille.,There isn't each banana scaring Lucille.,semantics,quantifiers,existential_there_quantifiers_2,True,False,False,False,917,-56.448692321777344,-60.76184844970703,1
All people were there enticing Bruce to train.,There were all people enticing Bruce to train.,semantics,quantifiers,existential_there_quantifiers_2,True,False,False,False,918,-59.55242919921875,-58.82810974121094,0
Most children were there boring Alicia.,There were most children boring Alicia.,semantics,quantifiers,existential_there_quantifiers_2,True,False,False,False,919,-43.54723358154297,-44.5336799621582,1
Each muffin isn't there disgusting Jesus.,There isn't each muffin disgusting Jesus.,semantics,quantifiers,existential_there_quantifiers_2,True,False,False,False,920,-54.513362884521484,-55.89887237548828,1
All eyes aren't there astounding some government.,There aren't all eyes astounding some government.,semantics,quantifiers,existential_there_quantifiers_2,True,False,False,False,921,-58.43529510498047,-59.0611686706543,1
Most birds weren't there shocking the association.,There weren't most birds shocking the association.,semantics,quantifiers,existential_there_quantifiers_2,True,False,False,False,922,-54.35835266113281,-59.21760177612305,1
Every documentary was there distracting Leslie.,There was every documentary distracting Leslie.,semantics,quantifiers,existential_there_quantifiers_2,True,False,False,False,923,-45.74123764038086,-48.756683349609375,1
Most skateboards weren't there scaring Naomi.,There weren't most skateboards scaring Naomi.,semantics,quantifiers,existential_there_quantifiers_2,True,False,False,False,924,-63.95512390136719,-66.39513397216797,1
Most granddaughters of Keith aren't there remembering who sways Tara's ex-wives to win.,There aren't most granddaughters of Keith remembering who sways Tara's ex-wives to win.,semantics,quantifiers,existential_there_quantifiers_2,True,False,False,False,925,-148.7030029296875,-146.454345703125,0
Each dog is there irritating Patricia.,There is each dog irritating Patricia.,semantics,quantifiers,existential_there_quantifiers_2,True,False,False,False,926,-46.81599044799805,-50.35247039794922,1
Most malls weren't there disturbing the pedestrian.,There weren't most malls disturbing the pedestrian.,semantics,quantifiers,existential_there_quantifiers_2,True,False,False,False,927,-59.12947082519531,-62.719642639160156,1
All cats aren't there shocking Sarah.,There aren't all cats shocking Sarah.,semantics,quantifiers,existential_there_quantifiers_2,True,False,False,False,928,-46.3127555847168,-50.203216552734375,1
Most high schools are there upsetting Dawn.,There are most high schools upsetting Dawn.,semantics,quantifiers,existential_there_quantifiers_2,True,False,False,False,929,-53.35762023925781,-54.423866271972656,1
Every turtle wasn't there looking like that painting.,There wasn't every turtle looking like that painting.,semantics,quantifiers,existential_there_quantifiers_2,True,False,False,False,930,-50.795867919921875,-54.35427474975586,1
All dancers aren't there studying.,There aren't all dancers studying.,semantics,quantifiers,existential_there_quantifiers_2,True,False,False,False,931,-40.3898811340332,-43.117881774902344,1
Each adult is there entreating this granddaughter of this senator to change.,There is each adult entreating this granddaughter of this senator to change.,semantics,quantifiers,existential_there_quantifiers_2,True,False,False,False,932,-92.87847137451172,-90.37841796875,0
All boys were there encouraging Catherine to like those peppers.,There were all boys encouraging Catherine to like those peppers.,semantics,quantifiers,existential_there_quantifiers_2,True,False,False,False,933,-72.74626159667969,-70.51216125488281,0
All grandfathers of the Impressionists weren't there prodding Sara's ex-girlfriends to leave Kathleen.,There weren't all grandfathers of the Impressionists prodding Sara's ex-girlfriends to leave Kathleen.,semantics,quantifiers,existential_there_quantifiers_2,True,False,False,False,934,-154.7888946533203,-157.88430786132812,1
All companies aren't there obligating Charles's guest to exist.,There aren't all companies obligating Charles's guest to exist.,semantics,quantifiers,existential_there_quantifiers_2,True,False,False,False,935,-82.70267486572266,-85.45469665527344,1
Most restaurants are there shocking Phillip.,There are most restaurants shocking Phillip.,semantics,quantifiers,existential_there_quantifiers_2,True,False,False,False,936,-51.12317657470703,-51.481201171875,1
Every pedestrian is there hiring Sarah.,There is every pedestrian hiring Sarah.,semantics,quantifiers,existential_there_quantifiers_2,True,False,False,False,937,-51.450408935546875,-52.490699768066406,1
Each bicycle isn't there disgusting Jerry.,There isn't each bicycle disgusting Jerry.,semantics,quantifiers,existential_there_quantifiers_2,True,False,False,False,938,-46.91682052612305,-52.936607360839844,1
Most organizations aren't there managing to conspire.,There aren't most organizations managing to conspire.,semantics,quantifiers,existential_there_quantifiers_2,True,False,False,False,939,-62.760520935058594,-67.47372436523438,1
Each face was there boring Natalie.,There was each face boring Natalie.,semantics,quantifiers,existential_there_quantifiers_2,True,False,False,False,940,-46.06475830078125,-51.44880676269531,1
Each river wasn't there alarming Danielle.,There wasn't each river alarming Danielle.,semantics,quantifiers,existential_there_quantifiers_2,True,False,False,False,941,-55.84436798095703,-57.968441009521484,1
Every painting of Stephanie is there disappearing.,There is every painting of Stephanie disappearing.,semantics,quantifiers,existential_there_quantifiers_2,True,False,False,False,942,-51.893165588378906,-52.71355438232422,1
Most doctors are there kissing Amelia.,There are most doctors kissing Amelia.,semantics,quantifiers,existential_there_quantifiers_2,True,False,False,False,943,-46.0594367980957,-47.90544128417969,1
Each school isn't there seeming to complain.,There isn't each school seeming to complain.,semantics,quantifiers,existential_there_quantifiers_2,True,False,False,False,944,-46.55265808105469,-49.61254119873047,1
All mountains weren't there upsetting a company.,There weren't all mountains upsetting a company.,semantics,quantifiers,existential_there_quantifiers_2,True,False,False,False,945,-53.46752166748047,-55.76483917236328,1
Every shirt was there disgusting this teenager.,There was every shirt disgusting this teenager.,semantics,quantifiers,existential_there_quantifiers_2,True,False,False,False,946,-53.29439926147461,-56.347023010253906,1
All gates are there falling.,There are all gates falling.,semantics,quantifiers,existential_there_quantifiers_2,True,False,False,False,947,-35.7991943359375,-33.88788604736328,0
Every print was there stunning Danielle.,There was every print stunning Danielle.,semantics,quantifiers,existential_there_quantifiers_2,True,False,False,False,948,-49.96474838256836,-51.952964782714844,1
Each horse wasn't there looking like this sketch.,There wasn't each horse looking like this sketch.,semantics,quantifiers,existential_there_quantifiers_2,True,False,False,False,949,-53.28702163696289,-56.319732666015625,1
Each book is there worrying a hospital.,There is each book worrying a hospital.,semantics,quantifiers,existential_there_quantifiers_2,True,False,False,False,950,-41.75153732299805,-44.714927673339844,1
Most guys are there learning who exists.,There are most guys learning who exists.,semantics,quantifiers,existential_there_quantifiers_2,True,False,False,False,951,-44.60406494140625,-47.81305694580078,1
All nephews of these ladies weren't there bothering Dawn.,There weren't all nephews of these ladies bothering Dawn.,semantics,quantifiers,existential_there_quantifiers_2,True,False,False,False,952,-75.57147216796875,-78.2592544555664,1
Each cat was there annoying Frank.,There was each cat annoying Frank.,semantics,quantifiers,existential_there_quantifiers_2,True,False,False,False,953,-42.61756134033203,-45.78124237060547,1
All dresses weren't there unfolding.,There weren't all dresses unfolding.,semantics,quantifiers,existential_there_quantifiers_2,True,False,False,False,954,-44.658634185791016,-44.63957977294922,0
Every newspaper article wasn't there disappearing.,There wasn't every newspaper article disappearing.,semantics,quantifiers,existential_there_quantifiers_2,True,False,False,False,955,-51.26975631713867,-51.687808990478516,1
Every bird was there coming here.,There was every bird coming here.,semantics,quantifiers,existential_there_quantifiers_2,True,False,False,False,956,-32.411338806152344,-35.492530822753906,1
Most wheelbarrows weren't there slowing.,There weren't most wheelbarrows slowing.,semantics,quantifiers,existential_there_quantifiers_2,True,False,False,False,957,-60.47227096557617,-62.89677047729492,1
Each art gallery was there appearing.,There was each art gallery appearing.,semantics,quantifiers,existential_there_quantifiers_2,True,False,False,False,958,-47.048484802246094,-49.15083694458008,1
Most chairs were there stunning some school.,There were most chairs stunning some school.,semantics,quantifiers,existential_there_quantifiers_2,True,False,False,False,959,-53.24618148803711,-54.761783599853516,1
Most reports about politics were there disgusting Victoria.,There were most reports about politics disgusting Victoria.,semantics,quantifiers,existential_there_quantifiers_2,True,False,False,False,960,-60.16051483154297,-60.7905387878418,1
All tomatoes are there annoying Christine.,There are all tomatoes annoying Christine.,semantics,quantifiers,existential_there_quantifiers_2,True,False,False,False,961,-44.449462890625,-44.29975128173828,0
All teachers were there stretching.,There were all teachers stretching.,semantics,quantifiers,existential_there_quantifiers_2,True,False,False,False,962,-36.15525817871094,-34.24346160888672,0
Each actor isn't there arguing about Marla.,There isn't each actor arguing about Marla.,semantics,quantifiers,existential_there_quantifiers_2,True,False,False,False,963,-56.639793395996094,-62.22953796386719,1
All trucks aren't there turning.,There aren't all trucks turning.,semantics,quantifiers,existential_there_quantifiers_2,True,False,False,False,964,-36.23969650268555,-39.985496520996094,1
Each box is there falling.,There is each box falling.,semantics,quantifiers,existential_there_quantifiers_2,True,False,False,False,965,-34.086116790771484,-34.58979797363281,1
Every fish isn't there disgusting some teenagers.,There isn't every fish disgusting some teenagers.,semantics,quantifiers,existential_there_quantifiers_2,True,False,False,False,966,-54.09734344482422,-59.296207427978516,1
Most grandsons of Candice aren't there yelling.,There aren't most grandsons of Candice yelling.,semantics,quantifiers,existential_there_quantifiers_2,True,False,False,False,967,-74.43211364746094,-77.79328918457031,1
All pedestrians are there winning.,There are all pedestrians winning.,semantics,quantifiers,existential_there_quantifiers_2,True,False,False,False,968,-40.876930236816406,-36.63839340209961,0
Every report about music was there alarming Jacqueline.,There was every report about music alarming Jacqueline.,semantics,quantifiers,existential_there_quantifiers_2,True,False,False,False,969,-69.71574401855469,-69.07489776611328,0
Most shawls aren't there alarming the hospital.,There aren't most shawls alarming the hospital.,semantics,quantifiers,existential_there_quantifiers_2,True,False,False,False,970,-63.64369201660156,-67.06851196289062,1
Every candle isn't there confusing Colleen.,There isn't every candle confusing Colleen.,semantics,quantifiers,existential_there_quantifiers_2,True,False,False,False,971,-58.68094253540039,-63.18488311767578,1
Every newspaper article isn't there stunning Jason.,There isn't every newspaper article stunning Jason.,semantics,quantifiers,existential_there_quantifiers_2,True,False,False,False,972,-61.01200866699219,-66.78240203857422,1
All men weren't there questioning Samuel.,There weren't all men questioning Samuel.,semantics,quantifiers,existential_there_quantifiers_2,True,False,False,False,973,-51.83948516845703,-50.751060485839844,0
All hills weren't there hurting Marla.,There weren't all hills hurting Marla.,semantics,quantifiers,existential_there_quantifiers_2,True,False,False,False,974,-56.905067443847656,-57.91104507446289,1
All projectors weren't there confusing all waitresses.,There weren't all projectors confusing all waitresses.,semantics,quantifiers,existential_there_quantifiers_2,True,False,False,False,975,-79.64678955078125,-80.29999542236328,1
All high schools are there falling.,There are all high schools falling.,semantics,quantifiers,existential_there_quantifiers_2,True,False,False,False,976,-41.12171173095703,-40.32791519165039,0
Each dress isn't there wrinkling.,There isn't each dress wrinkling.,semantics,quantifiers,existential_there_quantifiers_2,True,False,False,False,977,-40.11323165893555,-45.155052185058594,1
Each skateboard was there shocking Mary.,There was each skateboard shocking Mary.,semantics,quantifiers,existential_there_quantifiers_2,True,False,False,False,978,-55.92138671875,-57.418914794921875,1
Every cart isn't there looking like every photograph.,There isn't every cart looking like every photograph.,semantics,quantifiers,existential_there_quantifiers_2,True,False,False,False,979,-54.38505554199219,-57.68986511230469,1
All reports weren't there alarming Paula.,There weren't all reports alarming Paula.,semantics,quantifiers,existential_there_quantifiers_2,True,False,False,False,980,-56.08440399169922,-54.3284797668457,0
Every painting of Melanie was there looking like a lot of drawings.,There was every painting of Melanie looking like a lot of drawings.,semantics,quantifiers,existential_there_quantifiers_2,True,False,False,False,981,-67.53772735595703,-72.33650970458984,1
Each couch isn't there wasting away.,There isn't each couch wasting away.,semantics,quantifiers,existential_there_quantifiers_2,True,False,False,False,982,-45.90903854370117,-50.26896667480469,1
Every child was there revealing who sells most skirts.,There was every child revealing who sells most skirts.,semantics,quantifiers,existential_there_quantifiers_2,True,False,False,False,983,-70.90028381347656,-71.73286437988281,1
Each movie about art isn't there annoying Joel.,There isn't each movie about art annoying Joel.,semantics,quantifiers,existential_there_quantifiers_2,True,False,False,False,984,-64.9629135131836,-69.47098541259766,1
Each cashier wasn't there alarming Thomas.,There wasn't each cashier alarming Thomas.,semantics,quantifiers,existential_there_quantifiers_2,True,False,False,False,985,-61.506263732910156,-62.44471740722656,1
Most lights were there darkening.,There were most lights darkening.,semantics,quantifiers,existential_there_quantifiers_2,True,False,False,False,986,-40.65919494628906,-44.22944641113281,1
Most steps aren't there worrying all universities.,There aren't most steps worrying all universities.,semantics,quantifiers,existential_there_quantifiers_2,True,False,False,False,987,-54.46632385253906,-59.80015182495117,1
Each story was there impressing Rhonda.,There was each story impressing Rhonda.,semantics,quantifiers,existential_there_quantifiers_2,True,False,False,False,988,-59.200035095214844,-63.699913024902344,1
Most daughters of Jill aren't there buying those bikes.,There aren't most daughters of Jill buying those bikes.,semantics,quantifiers,existential_there_quantifiers_2,True,False,False,False,989,-70.3768081665039,-71.04865264892578,1
All glaciers are there disturbing that girl.,There are all glaciers disturbing that girl.,semantics,quantifiers,existential_there_quantifiers_2,True,False,False,False,990,-50.82707214355469,-49.790863037109375,0
All rivers were there vaporizing.,There were all rivers vaporizing.,semantics,quantifiers,existential_there_quantifiers_2,True,False,False,False,991,-44.4150390625,-43.25354766845703,0
Each movie theater isn't there stunning Jason.,There isn't each movie theater stunning Jason.,semantics,quantifiers,existential_there_quantifiers_2,True,False,False,False,992,-56.70411682128906,-65.43028259277344,1
Most shows about literature are there boring Christina.,There are most shows about literature boring Christina.,semantics,quantifiers,existential_there_quantifiers_2,True,False,False,False,993,-60.50370788574219,-63.644474029541016,1
Each popsicle wasn't there upsetting Kristin.,There wasn't each popsicle upsetting Kristin.,semantics,quantifiers,existential_there_quantifiers_2,True,False,False,False,994,-66.7796630859375,-69.88484954833984,1
Most pictures were there looking like those photographs.,There were most pictures looking like those photographs.,semantics,quantifiers,existential_there_quantifiers_2,True,False,False,False,995,-47.30057907104492,-49.36051940917969,1
Every library isn't there falling.,There isn't every library falling.,semantics,quantifiers,existential_there_quantifiers_2,True,False,False,False,996,-35.69561767578125,-39.43182373046875,1
Most ladders aren't there irritating some dancer.,There aren't most ladders irritating some dancer.,semantics,quantifiers,existential_there_quantifiers_2,True,False,False,False,997,-60.543617248535156,-65.13545989990234,1
Most vases aren't there wasting away.,There aren't most vases wasting away.,semantics,quantifiers,existential_there_quantifiers_2,True,False,False,False,998,-54.51744079589844,-56.74598693847656,1
Most actors aren't there wearing this shoe.,There aren't most actors wearing this shoe.,semantics,quantifiers,existential_there_quantifiers_2,True,False,False,False,999,-50.363834381103516,-56.240718841552734,1
