sentence_good,sentence_bad,field,linguistics_term,UID,simple_LM_method,one_prefix_method,two_prefix_method,lexically_identical,pair_id,good_prob,bad_prob,correct
Paula references Robert.,Paula reference Robert.,morphology,subject_verb_agreement,regular_plural_subject_verb_agreement_1,True,True,False,False,0,-33.073143005371094,-33.485443115234375,1
Most legislatures haven't disliked children.,Most legislatures hasn't disliked children.,morphology,subject_verb_agreement,regular_plural_subject_verb_agreement_1,True,True,False,False,1,-48.01082992553711,-46.928104400634766,0
Some organizations aren't disturbing Vanessa.,Some organizations isn't disturbing Vanessa.,morphology,subject_verb_agreement,regular_plural_subject_verb_agreement_1,True,True,False,False,2,-49.344825744628906,-50.008209228515625,1
The cups alarm Angela.,The cups alarms Angela.,morphology,subject_verb_agreement,regular_plural_subject_verb_agreement_1,True,True,False,False,3,-43.885467529296875,-45.303138732910156,1
Tina isn't ascending that mountain.,Tina weren't ascending that mountain.,morphology,subject_verb_agreement,regular_plural_subject_verb_agreement_1,True,True,False,False,4,-51.984840393066406,-53.65423583984375,1
The Borgias see Veronica.,The Borgias sees Veronica.,morphology,subject_verb_agreement,regular_plural_subject_verb_agreement_1,True,True,False,False,5,-47.05448913574219,-46.401771545410156,0
Jeffrey hasn't criticized Donald.,Jeffrey haven't criticized Donald.,morphology,subject_verb_agreement,regular_plural_subject_verb_agreement_1,True,True,False,False,6,-47.17769241333008,-48.69821548461914,1
Michelle is impressing Deanna.,Michelle were impressing Deanna.,morphology,subject_verb_agreement,regular_plural_subject_verb_agreement_1,True,True,False,False,7,-43.360836029052734,-46.10137176513672,1
Meredith researches this mountain.,Meredith research this mountain.,morphology,subject_verb_agreement,regular_plural_subject_verb_agreement_1,True,True,False,False,8,-55.54667282104492,-48.73039245605469,0
Walter was bringing the bank.,Walter were bringing the bank.,morphology,subject_verb_agreement,regular_plural_subject_verb_agreement_1,True,True,False,False,9,-34.24317932128906,-35.79570007324219,1
Randolf hasn't fled from Kayla.,Randolf haven't fled from Kayla.,morphology,subject_verb_agreement,regular_plural_subject_verb_agreement_1,True,True,False,False,10,-55.306461334228516,-56.29682922363281,1
Winston Churchill wasn't embarrassing Keith.,Winston Churchill weren't embarrassing Keith.,morphology,subject_verb_agreement,regular_plural_subject_verb_agreement_1,True,True,False,False,11,-58.33985137939453,-57.477272033691406,0
All mirrors disgust Suzanne.,All mirrors disgusts Suzanne.,morphology,subject_verb_agreement,regular_plural_subject_verb_agreement_1,True,True,False,False,12,-42.73601531982422,-51.53571319580078,1
A spotlight worries Jason.,A spotlight worry Jason.,morphology,subject_verb_agreement,regular_plural_subject_verb_agreement_1,True,True,False,False,13,-45.17064666748047,-43.94672393798828,0
Carl hasn't irritated Brett.,Carl haven't irritated Brett.,morphology,subject_verb_agreement,regular_plural_subject_verb_agreement_1,True,True,False,False,14,-38.68264389038086,-40.4453010559082,1
Bethany wasn't escaping from those men.,Bethany aren't escaping from those men.,morphology,subject_verb_agreement,regular_plural_subject_verb_agreement_1,True,True,False,False,15,-57.15868377685547,-55.61585235595703,0
Walter tours some closets.,Walter tour some closets.,morphology,subject_verb_agreement,regular_plural_subject_verb_agreement_1,True,True,False,False,16,-42.16984558105469,-41.18877410888672,0
Some eggplant has impressed those guys.,Some eggplant have impressed those guys.,morphology,subject_verb_agreement,regular_plural_subject_verb_agreement_1,True,True,False,False,17,-54.66110610961914,-53.85879898071289,0
Katherine has helped some teachers.,Katherine have helped some teachers.,morphology,subject_verb_agreement,regular_plural_subject_verb_agreement_1,True,True,False,False,18,-41.10756301879883,-43.238616943359375,1
These dancers break every bicycle.,These dancers breaks every bicycle.,morphology,subject_verb_agreement,regular_plural_subject_verb_agreement_1,True,True,False,False,19,-41.46562957763672,-42.33301544189453,1
Those rugs aggravate every woman.,Those rugs aggravates every woman.,morphology,subject_verb_agreement,regular_plural_subject_verb_agreement_1,True,True,False,False,20,-51.374916076660156,-52.332611083984375,1
Most glasses scare Martin.,Most glasses scares Martin.,morphology,subject_verb_agreement,regular_plural_subject_verb_agreement_1,True,True,False,False,21,-38.774139404296875,-41.182884216308594,1
A lot of dancers research a hospital.,A lot of dancers researches a hospital.,morphology,subject_verb_agreement,regular_plural_subject_verb_agreement_1,True,True,False,False,22,-50.106380462646484,-55.931488037109375,1
Margaret returns to Margaret.,Margaret return to Margaret.,morphology,subject_verb_agreement,regular_plural_subject_verb_agreement_1,True,True,False,False,23,-41.855743408203125,-40.369415283203125,0
These casseroles disgust Kayla.,These casseroles disgusts Kayla.,morphology,subject_verb_agreement,regular_plural_subject_verb_agreement_1,True,True,False,False,24,-59.32390594482422,-66.82544708251953,1
Some legislature forgets Janice.,Some legislature forget Janice.,morphology,subject_verb_agreement,regular_plural_subject_verb_agreement_1,True,True,False,False,25,-53.25153732299805,-46.02423095703125,0
A lot of computers impress Bradley.,A lot of computers impresses Bradley.,morphology,subject_verb_agreement,regular_plural_subject_verb_agreement_1,True,True,False,False,26,-51.60930633544922,-58.08768844604492,1
Those dogs resemble some sketches.,Those dogs resembles some sketches.,morphology,subject_verb_agreement,regular_plural_subject_verb_agreement_1,True,True,False,False,27,-42.013999938964844,-40.96568298339844,0
Lissa has explored these closets.,Lissa have explored these closets.,morphology,subject_verb_agreement,regular_plural_subject_verb_agreement_1,True,True,False,False,28,-48.39645004272461,-48.5203857421875,1
Erin hasn't taken some hill.,Erin haven't taken some hill.,morphology,subject_verb_agreement,regular_plural_subject_verb_agreement_1,True,True,False,False,29,-41.446929931640625,-41.82355499267578,1
Bethany has bored Kirsten.,Bethany have bored Kirsten.,morphology,subject_verb_agreement,regular_plural_subject_verb_agreement_1,True,True,False,False,30,-54.39588165283203,-54.782371520996094,1
All pedestrians fix some chairs.,All pedestrians fixes some chairs.,morphology,subject_verb_agreement,regular_plural_subject_verb_agreement_1,True,True,False,False,31,-40.75762939453125,-41.98938751220703,1
Most actresses observe Judy.,Most actresses observes Judy.,morphology,subject_verb_agreement,regular_plural_subject_verb_agreement_1,True,True,False,False,32,-44.34075927734375,-45.089988708496094,1
That teacher tours the hills.,That teacher tour the hills.,morphology,subject_verb_agreement,regular_plural_subject_verb_agreement_1,True,True,False,False,33,-39.34007263183594,-35.86207962036133,0
That library conceals Jeffrey.,That library conceal Jeffrey.,morphology,subject_verb_agreement,regular_plural_subject_verb_agreement_1,True,True,False,False,34,-48.76061248779297,-40.47353744506836,0
Schools criticize these glaciers.,Schools criticizes these glaciers.,morphology,subject_verb_agreement,regular_plural_subject_verb_agreement_1,True,True,False,False,35,-37.15155029296875,-39.99372100830078,1
The guest has walked through most art galleries.,The guest have walked through most art galleries.,morphology,subject_verb_agreement,regular_plural_subject_verb_agreement_1,True,True,False,False,36,-53.445404052734375,-55.09617233276367,1
A cake shocks Patrick.,A cake shock Patrick.,morphology,subject_verb_agreement,regular_plural_subject_verb_agreement_1,True,True,False,False,37,-44.185150146484375,-42.27475357055664,0
Randolf was criticizing Alan.,Randolf are criticizing Alan.,morphology,subject_verb_agreement,regular_plural_subject_verb_agreement_1,True,True,False,False,38,-45.72014617919922,-46.03424835205078,1
All hospitals resemble a lot of drawings.,All hospitals resembles a lot of drawings.,morphology,subject_verb_agreement,regular_plural_subject_verb_agreement_1,True,True,False,False,39,-45.01771926879883,-43.705692291259766,0
Galileo listens to Elizabeth.,Galileo listen to Elizabeth.,morphology,subject_verb_agreement,regular_plural_subject_verb_agreement_1,True,True,False,False,40,-43.860267639160156,-39.989097595214844,0
Some movies sound like a student.,Some movies sounds like a student.,morphology,subject_verb_agreement,regular_plural_subject_verb_agreement_1,True,True,False,False,41,-38.325523376464844,-35.36823654174805,0
The pedestrian is driving to this lake.,The pedestrian are driving to this lake.,morphology,subject_verb_agreement,regular_plural_subject_verb_agreement_1,True,True,False,False,42,-42.79871368408203,-44.83790588378906,1
The pedestrians reference Charles.,The pedestrians references Charles.,morphology,subject_verb_agreement,regular_plural_subject_verb_agreement_1,True,True,False,False,43,-42.23965835571289,-40.13752746582031,0
Most associations buy those libraries.,Most associations buys those libraries.,morphology,subject_verb_agreement,regular_plural_subject_verb_agreement_1,True,True,False,False,44,-40.503883361816406,-40.98303985595703,1
Suzanne dislikes these dancers.,Suzanne dislike these dancers.,morphology,subject_verb_agreement,regular_plural_subject_verb_agreement_1,True,True,False,False,45,-53.609275817871094,-45.14949035644531,0
That customer dislikes Heather.,That customer dislike Heather.,morphology,subject_verb_agreement,regular_plural_subject_verb_agreement_1,True,True,False,False,46,-47.561614990234375,-41.01686477661133,0
Most girls aren't concealing Kevin.,Most girls wasn't concealing Kevin.,morphology,subject_verb_agreement,regular_plural_subject_verb_agreement_1,True,True,False,False,47,-53.94500732421875,-57.95679473876953,1
The ladies break this plate.,The ladies breaks this plate.,morphology,subject_verb_agreement,regular_plural_subject_verb_agreement_1,True,True,False,False,48,-35.94870376586914,-37.9794921875,1
Gary leaves Stacy.,Gary leave Stacy.,morphology,subject_verb_agreement,regular_plural_subject_verb_agreement_1,True,True,False,False,49,-26.998516082763672,-26.817691802978516,0
Heidi lifts many socks.,Heidi lift many socks.,morphology,subject_verb_agreement,regular_plural_subject_verb_agreement_1,True,True,False,False,50,-45.528282165527344,-46.913352966308594,1
A lot of doctors scan a lot of movies.,A lot of doctors scans a lot of movies.,morphology,subject_verb_agreement,regular_plural_subject_verb_agreement_1,True,True,False,False,51,-53.78550720214844,-54.546142578125,1
Linda has cared for Kenneth.,Linda have cared for Kenneth.,morphology,subject_verb_agreement,regular_plural_subject_verb_agreement_1,True,True,False,False,52,-45.83390808105469,-48.55046844482422,1
Carol boasts about Ella.,Carol boast about Ella.,morphology,subject_verb_agreement,regular_plural_subject_verb_agreement_1,True,True,False,False,53,-43.32920837402344,-42.32764434814453,0
The Impressionists aren't passing the river.,The Impressionists isn't passing the river.,morphology,subject_verb_agreement,regular_plural_subject_verb_agreement_1,True,True,False,False,54,-55.67099380493164,-58.10270690917969,1
These cafes haven't upset Patricia.,These cafes hasn't upset Patricia.,morphology,subject_verb_agreement,regular_plural_subject_verb_agreement_1,True,True,False,False,55,-53.9723014831543,-53.30113220214844,0
Kimberley approaches Carl.,Kimberley approach Carl.,morphology,subject_verb_agreement,regular_plural_subject_verb_agreement_1,True,True,False,False,56,-49.96875,-48.6267204284668,0
Bradley isn't selling this mushroom.,Bradley weren't selling this mushroom.,morphology,subject_verb_agreement,regular_plural_subject_verb_agreement_1,True,True,False,False,57,-44.45945358276367,-47.54385757446289,1
The committee hasn't bothered a lot of organizations.,The committee haven't bothered a lot of organizations.,morphology,subject_verb_agreement,regular_plural_subject_verb_agreement_1,True,True,False,False,58,-52.11852264404297,-52.209190368652344,1
Liam notices some skirts.,Liam notice some skirts.,morphology,subject_verb_agreement,regular_plural_subject_verb_agreement_1,True,True,False,False,59,-44.61847686767578,-42.60081481933594,0
All museums weren't embarrassing Natalie.,All museums isn't embarrassing Natalie.,morphology,subject_verb_agreement,regular_plural_subject_verb_agreement_1,True,True,False,False,60,-54.15061950683594,-53.13515853881836,0
Victoria breaks a bike.,Victoria break a bike.,morphology,subject_verb_agreement,regular_plural_subject_verb_agreement_1,True,True,False,False,61,-24.87946319580078,-24.10973358154297,0
A lot of ladies watch Steve.,A lot of ladies watches Steve.,morphology,subject_verb_agreement,regular_plural_subject_verb_agreement_1,True,True,False,False,62,-45.78264617919922,-48.76955032348633,1
Some guy was ascending some ladders.,Some guy were ascending some ladders.,morphology,subject_verb_agreement,regular_plural_subject_verb_agreement_1,True,True,False,False,63,-49.8780632019043,-50.73940658569336,1
Guy has walked through a bank.,Guy have walked through a bank.,morphology,subject_verb_agreement,regular_plural_subject_verb_agreement_1,True,True,False,False,64,-32.61273956298828,-32.67559051513672,1
George hasn't appreciated that actor.,George haven't appreciated that actor.,morphology,subject_verb_agreement,regular_plural_subject_verb_agreement_1,True,True,False,False,65,-37.4903564453125,-37.494361877441406,1
Emily lifts the closet.,Emily lift the closet.,morphology,subject_verb_agreement,regular_plural_subject_verb_agreement_1,True,True,False,False,66,-25.32193374633789,-25.55162239074707,1
Tracy fires Sonia.,Tracy fire Sonia.,morphology,subject_verb_agreement,regular_plural_subject_verb_agreement_1,True,True,False,False,67,-39.98256301879883,-37.616451263427734,0
Diana researches those restaurants.,Diana research those restaurants.,morphology,subject_verb_agreement,regular_plural_subject_verb_agreement_1,True,True,False,False,68,-47.690528869628906,-41.695186614990234,0
This pedestrian was observing the dancer.,This pedestrian were observing the dancer.,morphology,subject_verb_agreement,regular_plural_subject_verb_agreement_1,True,True,False,False,69,-45.87575149536133,-46.88513946533203,1
Some actors kiss some teacher.,Some actors kisses some teacher.,morphology,subject_verb_agreement,regular_plural_subject_verb_agreement_1,True,True,False,False,70,-39.680519104003906,-39.943626403808594,1
Many dogs confuse those patients.,Many dogs confuses those patients.,morphology,subject_verb_agreement,regular_plural_subject_verb_agreement_1,True,True,False,False,71,-38.342201232910156,-45.7884635925293,1
Eric wasn't noticing Daniel.,Eric weren't noticing Daniel.,morphology,subject_verb_agreement,regular_plural_subject_verb_agreement_1,True,True,False,False,72,-41.17034912109375,-38.085330963134766,0
Tiffany passes all hospitals.,Tiffany pass all hospitals.,morphology,subject_verb_agreement,regular_plural_subject_verb_agreement_1,True,True,False,False,73,-47.64923858642578,-47.91275405883789,1
Clyde wasn't selling malls.,Clyde aren't selling malls.,morphology,subject_verb_agreement,regular_plural_subject_verb_agreement_1,True,True,False,False,74,-55.86127471923828,-53.77229690551758,0
Dana descends this ladder.,Dana descend this ladder.,morphology,subject_verb_agreement,regular_plural_subject_verb_agreement_1,True,True,False,False,75,-43.50529479980469,-40.290985107421875,0
Theodore explores most hills.,Theodore explore most hills.,morphology,subject_verb_agreement,regular_plural_subject_verb_agreement_1,True,True,False,False,76,-44.46298599243164,-46.201595306396484,1
Suzanne leaves Carlos.,Suzanne leave Carlos.,morphology,subject_verb_agreement,regular_plural_subject_verb_agreement_1,True,True,False,False,77,-40.64830780029297,-41.01008605957031,1
Some actresses haven't brought all forks.,Some actresses hasn't brought all forks.,morphology,subject_verb_agreement,regular_plural_subject_verb_agreement_1,True,True,False,False,78,-55.285316467285156,-54.21176528930664,0
These actors skate around Harvard University.,These actors skates around Harvard University.,morphology,subject_verb_agreement,regular_plural_subject_verb_agreement_1,True,True,False,False,79,-48.93006896972656,-52.293601989746094,1
A lot of ladies examine a lot of documentaries.,A lot of ladies examines a lot of documentaries.,morphology,subject_verb_agreement,regular_plural_subject_verb_agreement_1,True,True,False,False,80,-54.381168365478516,-53.77301788330078,0
The committee has disturbed Brett.,The committee have disturbed Brett.,morphology,subject_verb_agreement,regular_plural_subject_verb_agreement_1,True,True,False,False,81,-41.86052703857422,-43.43688201904297,1
A lot of adults listen to Stacy.,A lot of adults listens to Stacy.,morphology,subject_verb_agreement,regular_plural_subject_verb_agreement_1,True,True,False,False,82,-47.38898849487305,-50.20337677001953,1
Pamela has discussed all pedestrians.,Pamela have discussed all pedestrians.,morphology,subject_verb_agreement,regular_plural_subject_verb_agreement_1,True,True,False,False,83,-51.51455307006836,-53.289066314697266,1
Dan conceals Tracy.,Dan conceal Tracy.,morphology,subject_verb_agreement,regular_plural_subject_verb_agreement_1,True,True,False,False,84,-38.88916778564453,-27.149269104003906,0
Anna scans these movies.,Anna scan these movies.,morphology,subject_verb_agreement,regular_plural_subject_verb_agreement_1,True,True,False,False,85,-30.188983917236328,-31.28147315979004,1
The government isn't arguing about Heidi.,The government aren't arguing about Heidi.,morphology,subject_verb_agreement,regular_plural_subject_verb_agreement_1,True,True,False,False,86,-49.6019401550293,-49.58208465576172,0
Donald wasn't curing Nancy.,Donald aren't curing Nancy.,morphology,subject_verb_agreement,regular_plural_subject_verb_agreement_1,True,True,False,False,87,-49.40724182128906,-45.500953674316406,0
Carrie buys many unicycles.,Carrie buy many unicycles.,morphology,subject_verb_agreement,regular_plural_subject_verb_agreement_1,True,True,False,False,88,-57.62316131591797,-57.0530891418457,0
Russell is investigating Debra.,Russell are investigating Debra.,morphology,subject_verb_agreement,regular_plural_subject_verb_agreement_1,True,True,False,False,89,-34.82222366333008,-36.79669189453125,1
Sheila exits some mall.,Sheila exit some mall.,morphology,subject_verb_agreement,regular_plural_subject_verb_agreement_1,True,True,False,False,90,-40.723411560058594,-41.09780502319336,1
Some senators have dropped by the glaciers.,Some senators has dropped by the glaciers.,morphology,subject_verb_agreement,regular_plural_subject_verb_agreement_1,True,True,False,False,91,-44.88337326049805,-43.389915466308594,0
These pedestrians conceal that actor.,These pedestrians conceals that actor.,morphology,subject_verb_agreement,regular_plural_subject_verb_agreement_1,True,True,False,False,92,-45.201026916503906,-50.72755813598633,1
Amy buys this grocery store.,Amy buy this grocery store.,morphology,subject_verb_agreement,regular_plural_subject_verb_agreement_1,True,True,False,False,93,-32.6310920715332,-30.453908920288086,0
The Clintons visit the teachers.,The Clintons visits the teachers.,morphology,subject_verb_agreement,regular_plural_subject_verb_agreement_1,True,True,False,False,94,-35.772159576416016,-37.03864288330078,1
April was shocking Matt.,April were shocking Matt.,morphology,subject_verb_agreement,regular_plural_subject_verb_agreement_1,True,True,False,False,95,-31.27777862548828,-33.15901184082031,1
Some gates haven't alarmed Roger.,Some gates hasn't alarmed Roger.,morphology,subject_verb_agreement,regular_plural_subject_verb_agreement_1,True,True,False,False,96,-49.634796142578125,-48.23274612426758,0
Edward wasn't thinking about some slopes.,Edward weren't thinking about some slopes.,morphology,subject_verb_agreement,regular_plural_subject_verb_agreement_1,True,True,False,False,97,-44.06846237182617,-42.45391082763672,0
Debra scares some associations.,Debra scare some associations.,morphology,subject_verb_agreement,regular_plural_subject_verb_agreement_1,True,True,False,False,98,-39.53177261352539,-39.461517333984375,0
That pepper distracts Lucille.,That pepper distract Lucille.,morphology,subject_verb_agreement,regular_plural_subject_verb_agreement_1,True,True,False,False,99,-49.395408630371094,-46.35749053955078,0
The banks buy a lot of shawls.,The banks buys a lot of shawls.,morphology,subject_verb_agreement,regular_plural_subject_verb_agreement_1,True,True,False,False,100,-56.197364807128906,-55.47084045410156,0
Many ladies see Homer.,Many ladies sees Homer.,morphology,subject_verb_agreement,regular_plural_subject_verb_agreement_1,True,True,False,False,101,-36.19213104248047,-37.278167724609375,1
Many documentaries were stunning Maria.,Many documentaries was stunning Maria.,morphology,subject_verb_agreement,regular_plural_subject_verb_agreement_1,True,True,False,False,102,-44.5015983581543,-44.632999420166016,1
Claire wasn't curing Mary.,Claire weren't curing Mary.,morphology,subject_verb_agreement,regular_plural_subject_verb_agreement_1,True,True,False,False,103,-52.966156005859375,-51.6245002746582,0
Most patients conceal Carla.,Most patients conceals Carla.,morphology,subject_verb_agreement,regular_plural_subject_verb_agreement_1,True,True,False,False,104,-41.28679275512695,-49.572265625,1
Those drivers disgusts Dan.,Those drivers disgust Dan.,morphology,subject_verb_agreement,regular_plural_subject_verb_agreement_1,True,True,False,False,105,-48.40028381347656,-41.17698669433594,0
Karla thinks about Ella.,Karla think about Ella.,morphology,subject_verb_agreement,regular_plural_subject_verb_agreement_1,True,True,False,False,106,-37.636932373046875,-37.5205192565918,0
Kimberley respects Rachel.,Kimberley respect Rachel.,morphology,subject_verb_agreement,regular_plural_subject_verb_agreement_1,True,True,False,False,107,-46.76396942138672,-47.8504524230957,1
Couches resemble some drawing.,Couches resembles some drawing.,morphology,subject_verb_agreement,regular_plural_subject_verb_agreement_1,True,True,False,False,108,-44.638328552246094,-43.86651611328125,0
Cynthia passes all mountains.,Cynthia pass all mountains.,morphology,subject_verb_agreement,regular_plural_subject_verb_agreement_1,True,True,False,False,109,-51.407928466796875,-52.20576095581055,1
A brochure was disgusting Kendra.,A brochure are disgusting Kendra.,morphology,subject_verb_agreement,regular_plural_subject_verb_agreement_1,True,True,False,False,110,-61.66973876953125,-60.90143966674805,0
That carriage aggravates Angela.,That carriage aggravate Angela.,morphology,subject_verb_agreement,regular_plural_subject_verb_agreement_1,True,True,False,False,111,-49.68989562988281,-47.71884536743164,0
Lori has insulted a driver.,Lori have insulted a driver.,morphology,subject_verb_agreement,regular_plural_subject_verb_agreement_1,True,True,False,False,112,-41.946929931640625,-44.77284240722656,1
Kathleen was worrying Curtis.,Kathleen were worrying Curtis.,morphology,subject_verb_agreement,regular_plural_subject_verb_agreement_1,True,True,False,False,113,-52.85028076171875,-54.23332214355469,1
Angela likes Connie.,Angela like Connie.,morphology,subject_verb_agreement,regular_plural_subject_verb_agreement_1,True,True,False,False,114,-36.45189666748047,-32.087928771972656,0
The Lutherans clean a lot of glasses.,The Lutherans cleans a lot of glasses.,morphology,subject_verb_agreement,regular_plural_subject_verb_agreement_1,True,True,False,False,115,-54.03127670288086,-55.76013946533203,1
Steven hires this child.,Steven hire this child.,morphology,subject_verb_agreement,regular_plural_subject_verb_agreement_1,True,True,False,False,116,-26.898447036743164,-25.95339584350586,0
Most eyes haven't hurt Connie.,Most eyes hasn't hurt Connie.,morphology,subject_verb_agreement,regular_plural_subject_verb_agreement_1,True,True,False,False,117,-43.76239013671875,-43.92108917236328,1
That drawing disgusts the banks.,That drawing disgust the banks.,morphology,subject_verb_agreement,regular_plural_subject_verb_agreement_1,True,True,False,False,118,-48.95989990234375,-40.463958740234375,0
Customers are disagreeing with Randolf.,Customers is disagreeing with Randolf.,morphology,subject_verb_agreement,regular_plural_subject_verb_agreement_1,True,True,False,False,119,-60.604331970214844,-62.564231872558594,1
Elizabeth remembers Edward.,Elizabeth remember Edward.,morphology,subject_verb_agreement,regular_plural_subject_verb_agreement_1,True,True,False,False,120,-23.439212799072266,-26.221675872802734,1
All teenagers run around a lot of college campuses.,All teenagers runs around a lot of college campuses.,morphology,subject_verb_agreement,regular_plural_subject_verb_agreement_1,True,True,False,False,121,-53.92163848876953,-52.47785186767578,0
These newspaper articles aren't astounding Kristen.,These newspaper articles isn't astounding Kristen.,morphology,subject_verb_agreement,regular_plural_subject_verb_agreement_1,True,True,False,False,122,-60.892250061035156,-60.99184799194336,1
Samuel hates Aaron.,Samuel hate Aaron.,morphology,subject_verb_agreement,regular_plural_subject_verb_agreement_1,True,True,False,False,123,-38.87809753417969,-35.00397491455078,0
Alicia hasn't ascended many mountains.,Alicia haven't ascended many mountains.,morphology,subject_verb_agreement,regular_plural_subject_verb_agreement_1,True,True,False,False,124,-62.530181884765625,-63.09592056274414,1
Tonya tours this grocery store.,Tonya tour this grocery store.,morphology,subject_verb_agreement,regular_plural_subject_verb_agreement_1,True,True,False,False,125,-40.431129455566406,-36.94377517700195,0
Lori talks to most pedestrians.,Lori talk to most pedestrians.,morphology,subject_verb_agreement,regular_plural_subject_verb_agreement_1,True,True,False,False,126,-45.803863525390625,-47.88526916503906,1
Many patients sound like Eric.,Many patients sounds like Eric.,morphology,subject_verb_agreement,regular_plural_subject_verb_agreement_1,True,True,False,False,127,-37.83247756958008,-37.90423583984375,1
Some car alarms Mitchell.,Some car alarm Mitchell.,morphology,subject_verb_agreement,regular_plural_subject_verb_agreement_1,True,True,False,False,128,-37.9793701171875,-35.0687255859375,0
Jennifer breaks the unicycle.,Jennifer break the unicycle.,morphology,subject_verb_agreement,regular_plural_subject_verb_agreement_1,True,True,False,False,129,-36.45664978027344,-37.015586853027344,1
Those guests haven't broken those cups.,Those guests hasn't broken those cups.,morphology,subject_verb_agreement,regular_plural_subject_verb_agreement_1,True,True,False,False,130,-51.57282638549805,-52.29854965209961,1
Bethany hasn't cleaned this hat.,Bethany haven't cleaned this hat.,morphology,subject_verb_agreement,regular_plural_subject_verb_agreement_1,True,True,False,False,131,-52.649925231933594,-52.65583038330078,1
Judy hasn't escaped from Diane.,Judy haven't escaped from Diane.,morphology,subject_verb_agreement,regular_plural_subject_verb_agreement_1,True,True,False,False,132,-46.56319046020508,-47.650909423828125,1
Every teacher explores a lot of art galleries.,Every teacher explore a lot of art galleries.,morphology,subject_verb_agreement,regular_plural_subject_verb_agreement_1,True,True,False,False,133,-45.003578186035156,-47.584415435791016,1
Stacy hasn't fired April.,Stacy haven't fired April.,morphology,subject_verb_agreement,regular_plural_subject_verb_agreement_1,True,True,False,False,134,-45.439083099365234,-46.9609375,1
Many teenagers forget that boy.,Many teenagers forgets that boy.,morphology,subject_verb_agreement,regular_plural_subject_verb_agreement_1,True,True,False,False,135,-39.713470458984375,-46.858482360839844,1
Sara hasn't impressed the Lutherans.,Sara haven't impressed the Lutherans.,morphology,subject_verb_agreement,regular_plural_subject_verb_agreement_1,True,True,False,False,136,-54.21849060058594,-55.67962646484375,1
The Clintons hate every person.,The Clintons hates every person.,morphology,subject_verb_agreement,regular_plural_subject_verb_agreement_1,True,True,False,False,137,-36.077171325683594,-37.65831756591797,1
Homer isn't skated around every mountain.,Homer weren't skated around every mountain.,morphology,subject_verb_agreement,regular_plural_subject_verb_agreement_1,True,True,False,False,138,-64.29071044921875,-66.4735107421875,1
Lori conceals Adam.,Lori conceal Adam.,morphology,subject_verb_agreement,regular_plural_subject_verb_agreement_1,True,True,False,False,139,-44.27785110473633,-35.85865783691406,0
Rachelle wasn't revealing Karen.,Rachelle weren't revealing Karen.,morphology,subject_verb_agreement,regular_plural_subject_verb_agreement_1,True,True,False,False,140,-44.963775634765625,-44.63872146606445,0
Those actresses discuss Steve.,Those actresses discusses Steve.,morphology,subject_verb_agreement,regular_plural_subject_verb_agreement_1,True,True,False,False,141,-41.4479866027832,-42.27362823486328,1
Dancers heal Tonya.,Dancers heals Tonya.,morphology,subject_verb_agreement,regular_plural_subject_verb_agreement_1,True,True,False,False,142,-43.53648376464844,-44.871978759765625,1
This cashier buys many hamsters.,This cashier buy many hamsters.,morphology,subject_verb_agreement,regular_plural_subject_verb_agreement_1,True,True,False,False,143,-56.935359954833984,-55.72220993041992,0
Gregory was breaking most couches.,Gregory are breaking most couches.,morphology,subject_verb_agreement,regular_plural_subject_verb_agreement_1,True,True,False,False,144,-49.07156753540039,-48.42790603637695,0
Andrew is running around some river.,Andrew were running around some river.,morphology,subject_verb_agreement,regular_plural_subject_verb_agreement_1,True,True,False,False,145,-33.626304626464844,-37.28087615966797,1
Adam hasn't brought a lot of plates.,Adam haven't brought a lot of plates.,morphology,subject_verb_agreement,regular_plural_subject_verb_agreement_1,True,True,False,False,146,-36.947669982910156,-38.72743225097656,1
Martha was going to the Great Lakes.,Martha were going to the Great Lakes.,morphology,subject_verb_agreement,regular_plural_subject_verb_agreement_1,True,True,False,False,147,-44.20899963378906,-46.270545959472656,1
Jessica is shocking all banks.,Jessica are shocking all banks.,morphology,subject_verb_agreement,regular_plural_subject_verb_agreement_1,True,True,False,False,148,-33.86339569091797,-35.035804748535156,1
Chad remembers the Borgias.,Chad remember the Borgias.,morphology,subject_verb_agreement,regular_plural_subject_verb_agreement_1,True,True,False,False,149,-45.560447692871094,-42.554603576660156,0
Clyde wasn't examining some newspaper article.,Clyde weren't examining some newspaper article.,morphology,subject_verb_agreement,regular_plural_subject_verb_agreement_1,True,True,False,False,150,-69.64154815673828,-69.36676025390625,0
Christopher cares for that teenager.,Christopher care for that teenager.,morphology,subject_verb_agreement,regular_plural_subject_verb_agreement_1,True,True,False,False,151,-35.91541290283203,-35.149410247802734,0
Deanna hasn't biked to a lot of lakes.,Deanna haven't biked to a lot of lakes.,morphology,subject_verb_agreement,regular_plural_subject_verb_agreement_1,True,True,False,False,152,-61.606937408447266,-63.85310745239258,1
Clyde was driving to those movie theaters.,Clyde are driving to those movie theaters.,morphology,subject_verb_agreement,regular_plural_subject_verb_agreement_1,True,True,False,False,153,-65.81422424316406,-66.8316650390625,1
Some teenagers return to Walter.,Some teenagers returns to Walter.,morphology,subject_verb_agreement,regular_plural_subject_verb_agreement_1,True,True,False,False,154,-40.47405242919922,-41.757659912109375,1
Denise wasn't hiding the computers.,Denise aren't hiding the computers.,morphology,subject_verb_agreement,regular_plural_subject_verb_agreement_1,True,True,False,False,155,-46.68602752685547,-44.311988830566406,0
Stacy hasn't hugged Wendy.,Stacy haven't hugged Wendy.,morphology,subject_verb_agreement,regular_plural_subject_verb_agreement_1,True,True,False,False,156,-53.76782989501953,-54.56148910522461,1
Christina admires Michael.,Christina admire Michael.,morphology,subject_verb_agreement,regular_plural_subject_verb_agreement_1,True,True,False,False,157,-39.518898010253906,-31.67261505126953,0
These horses ascend a lot of ladders.,These horses ascends a lot of ladders.,morphology,subject_verb_agreement,regular_plural_subject_verb_agreement_1,True,True,False,False,158,-53.182777404785156,-54.5615234375,1
The Borgias have confused Ella.,The Borgias has confused Ella.,morphology,subject_verb_agreement,regular_plural_subject_verb_agreement_1,True,True,False,False,159,-54.95574188232422,-54.55128860473633,0
This association insults Marcus.,This association insult Marcus.,morphology,subject_verb_agreement,regular_plural_subject_verb_agreement_1,True,True,False,False,160,-41.959747314453125,-41.199951171875,0
Regina has passed those banks.,Regina have passed those banks.,morphology,subject_verb_agreement,regular_plural_subject_verb_agreement_1,True,True,False,False,161,-37.77512741088867,-39.88225555419922,1
Barbara hasn't explored all cafes.,Barbara haven't explored all cafes.,morphology,subject_verb_agreement,regular_plural_subject_verb_agreement_1,True,True,False,False,162,-52.22608947753906,-53.55537414550781,1
David questions Curtis.,David question Curtis.,morphology,subject_verb_agreement,regular_plural_subject_verb_agreement_1,True,True,False,False,163,-28.732267379760742,-28.07340431213379,0
Every bank has admired cars.,Every bank have admired cars.,morphology,subject_verb_agreement,regular_plural_subject_verb_agreement_1,True,True,False,False,164,-37.654197692871094,-39.25743865966797,1
Lawrence hasn't walked through the bank.,Lawrence haven't walked through the bank.,morphology,subject_verb_agreement,regular_plural_subject_verb_agreement_1,True,True,False,False,165,-46.8563232421875,-48.41156768798828,1
All waitresses stuns some schools.,All waitresses stun some schools.,morphology,subject_verb_agreement,regular_plural_subject_verb_agreement_1,True,True,False,False,166,-61.555747985839844,-54.42311477661133,0
Kayla isn't researching some high schools.,Kayla aren't researching some high schools.,morphology,subject_verb_agreement,regular_plural_subject_verb_agreement_1,True,True,False,False,167,-48.633880615234375,-49.248069763183594,1
The children care for this cashier.,The children cares for this cashier.,morphology,subject_verb_agreement,regular_plural_subject_verb_agreement_1,True,True,False,False,168,-43.76355743408203,-47.21064376831055,1
These waiters examine a play.,These waiters examines a play.,morphology,subject_verb_agreement,regular_plural_subject_verb_agreement_1,True,True,False,False,169,-42.17449951171875,-42.524051666259766,1
All drivers boycott some mall.,All drivers boycotts some mall.,morphology,subject_verb_agreement,regular_plural_subject_verb_agreement_1,True,True,False,False,170,-44.4232177734375,-53.10005569458008,1
Every closet hasn't annoyed those banks.,Every closet haven't annoyed those banks.,morphology,subject_verb_agreement,regular_plural_subject_verb_agreement_1,True,True,False,False,171,-50.30878448486328,-50.76181411743164,1
That actor isn't firing Liam.,That actor weren't firing Liam.,morphology,subject_verb_agreement,regular_plural_subject_verb_agreement_1,True,True,False,False,172,-48.537147521972656,-49.19385528564453,1
Mark hasn't cleaned the spotlight.,Mark haven't cleaned the spotlight.,morphology,subject_verb_agreement,regular_plural_subject_verb_agreement_1,True,True,False,False,173,-35.41209030151367,-35.46296691894531,1
Many teachers listen to Denise.,Many teachers listens to Denise.,morphology,subject_verb_agreement,regular_plural_subject_verb_agreement_1,True,True,False,False,174,-38.35655975341797,-40.8065071105957,1
Some school hasn't worked with the student.,Some school haven't worked with the student.,morphology,subject_verb_agreement,regular_plural_subject_verb_agreement_1,True,True,False,False,175,-40.90821838378906,-41.342376708984375,1
Caroline hasn't climbed down some mountains.,Caroline haven't climbed down some mountains.,morphology,subject_verb_agreement,regular_plural_subject_verb_agreement_1,True,True,False,False,176,-53.4922981262207,-55.326568603515625,1
A lot of documentaries are disagreeing with Stacy.,A lot of documentaries is disagreeing with Stacy.,morphology,subject_verb_agreement,regular_plural_subject_verb_agreement_1,True,True,False,False,177,-67.18777465820312,-68.56460571289062,1
Grace hasn't hurt Naomi.,Grace haven't hurt Naomi.,morphology,subject_verb_agreement,regular_plural_subject_verb_agreement_1,True,True,False,False,178,-41.2279052734375,-43.018646240234375,1
Some companies work with Sheila.,Some companies works with Sheila.,morphology,subject_verb_agreement,regular_plural_subject_verb_agreement_1,True,True,False,False,179,-34.504058837890625,-35.14659118652344,1
Homer isn't walking through Harvard University.,Homer weren't walking through Harvard University.,morphology,subject_verb_agreement,regular_plural_subject_verb_agreement_1,True,True,False,False,180,-51.50164031982422,-53.16904067993164,1
This waitress hasn't approached a lot of children.,This waitress haven't approached a lot of children.,morphology,subject_verb_agreement,regular_plural_subject_verb_agreement_1,True,True,False,False,181,-48.831607818603516,-49.322235107421875,1
George hasn't worked with Rhonda.,George haven't worked with Rhonda.,morphology,subject_verb_agreement,regular_plural_subject_verb_agreement_1,True,True,False,False,182,-44.012908935546875,-43.62744140625,0
Theodore passes the hill.,Theodore pass the hill.,morphology,subject_verb_agreement,regular_plural_subject_verb_agreement_1,True,True,False,False,183,-36.58479309082031,-35.43055725097656,0
That customer has described Lissa.,That customer have described Lissa.,morphology,subject_verb_agreement,regular_plural_subject_verb_agreement_1,True,True,False,False,184,-49.41161346435547,-51.54671859741211,1
Deborah wasn't wearing the shirt.,Deborah weren't wearing the shirt.,morphology,subject_verb_agreement,regular_plural_subject_verb_agreement_1,True,True,False,False,185,-46.081485748291016,-45.31478500366211,0
Patrick wears those skirts.,Patrick wear those skirts.,morphology,subject_verb_agreement,regular_plural_subject_verb_agreement_1,True,True,False,False,186,-35.415138244628906,-33.451995849609375,0
Laura cures Tracy.,Laura cure Tracy.,morphology,subject_verb_agreement,regular_plural_subject_verb_agreement_1,True,True,False,False,187,-28.461101531982422,-30.126527786254883,1
Noah isn't boring all guys.,Noah weren't boring all guys.,morphology,subject_verb_agreement,regular_plural_subject_verb_agreement_1,True,True,False,False,188,-46.79499435424805,-50.06903839111328,1
The senator is helping Chad.,The senator were helping Chad.,morphology,subject_verb_agreement,regular_plural_subject_verb_agreement_1,True,True,False,False,189,-41.97211456298828,-43.4798469543457,1
Cashiers care for Angela.,Cashiers cares for Angela.,morphology,subject_verb_agreement,regular_plural_subject_verb_agreement_1,True,True,False,False,190,-41.16688537597656,-43.5698127746582,1
Lawrence has run around hills.,Lawrence have run around hills.,morphology,subject_verb_agreement,regular_plural_subject_verb_agreement_1,True,True,False,False,191,-44.17213439941406,-45.195594787597656,1
This blouse isn't scaring Clyde.,This blouse aren't scaring Clyde.,morphology,subject_verb_agreement,regular_plural_subject_verb_agreement_1,True,True,False,False,192,-62.667388916015625,-64.776123046875,1
That scarf impresses Lisa.,That scarf impress Lisa.,morphology,subject_verb_agreement,regular_plural_subject_verb_agreement_1,True,True,False,False,193,-49.847354888916016,-43.12474060058594,0
Christopher observes Tina.,Christopher observe Tina.,morphology,subject_verb_agreement,regular_plural_subject_verb_agreement_1,True,True,False,False,194,-28.190555572509766,-28.925582885742188,1
These dancers praise Laurie.,These dancers praises Laurie.,morphology,subject_verb_agreement,regular_plural_subject_verb_agreement_1,True,True,False,False,195,-40.6314811706543,-43.036712646484375,1
Benjamin was complaining about a lot of reports.,Benjamin are complaining about a lot of reports.,morphology,subject_verb_agreement,regular_plural_subject_verb_agreement_1,True,True,False,False,196,-49.239036560058594,-49.39518737792969,1
Bill criticizes George.,Bill criticize George.,morphology,subject_verb_agreement,regular_plural_subject_verb_agreement_1,True,True,False,False,197,-34.257179260253906,-27.01705551147461,0
Gerald has scanned documentaries.,Gerald have scanned documentaries.,morphology,subject_verb_agreement,regular_plural_subject_verb_agreement_1,True,True,False,False,198,-43.4749755859375,-46.52244567871094,1
The Lutherans climb up a lot of hills.,The Lutherans climbs up a lot of hills.,morphology,subject_verb_agreement,regular_plural_subject_verb_agreement_1,True,True,False,False,199,-58.461395263671875,-59.16237258911133,1
Paul was disturbing every teacher.,Paul are disturbing every teacher.,morphology,subject_verb_agreement,regular_plural_subject_verb_agreement_1,True,True,False,False,200,-35.362422943115234,-34.68708801269531,0
Paula is concealing Naomi.,Paula are concealing Naomi.,morphology,subject_verb_agreement,regular_plural_subject_verb_agreement_1,True,True,False,False,201,-46.858795166015625,-48.48780822753906,1
Stacey has boasted about Sharon.,Stacey have boasted about Sharon.,morphology,subject_verb_agreement,regular_plural_subject_verb_agreement_1,True,True,False,False,202,-49.83930587768555,-51.759674072265625,1
Sara isn't irritating Nancy.,Sara aren't irritating Nancy.,morphology,subject_verb_agreement,regular_plural_subject_verb_agreement_1,True,True,False,False,203,-48.50824737548828,-49.839656829833984,1
Melanie cures Barbara.,Melanie cure Barbara.,morphology,subject_verb_agreement,regular_plural_subject_verb_agreement_1,True,True,False,False,204,-37.036766052246094,-39.045082092285156,1
Some dancers boycott this glacier.,Some dancers boycotts this glacier.,morphology,subject_verb_agreement,regular_plural_subject_verb_agreement_1,True,True,False,False,205,-46.00579071044922,-53.396121978759766,1
Theodore hasn't left Vincent.,Theodore haven't left Vincent.,morphology,subject_verb_agreement,regular_plural_subject_verb_agreement_1,True,True,False,False,206,-50.489654541015625,-52.046024322509766,1
All guests have annoyed Melissa.,All guests has annoyed Melissa.,morphology,subject_verb_agreement,regular_plural_subject_verb_agreement_1,True,True,False,False,207,-47.215675354003906,-46.777122497558594,0
Some prints aggravate Spain.,Some prints aggravates Spain.,morphology,subject_verb_agreement,regular_plural_subject_verb_agreement_1,True,True,False,False,208,-42.400699615478516,-44.05742263793945,1
Donald notices some rice.,Donald notice some rice.,morphology,subject_verb_agreement,regular_plural_subject_verb_agreement_1,True,True,False,False,209,-32.691898345947266,-31.470003128051758,0
Many cashiers fire Julie.,Many cashiers fires Julie.,morphology,subject_verb_agreement,regular_plural_subject_verb_agreement_1,True,True,False,False,210,-47.33222579956055,-50.303192138671875,1
Meredith has impressed Rhonda.,Meredith have impressed Rhonda.,morphology,subject_verb_agreement,regular_plural_subject_verb_agreement_1,True,True,False,False,211,-57.89658737182617,-58.92546463012695,1
Kristen has fixed this chair.,Kristen have fixed this chair.,morphology,subject_verb_agreement,regular_plural_subject_verb_agreement_1,True,True,False,False,212,-39.018699645996094,-39.8658447265625,1
Many students kiss Frank.,Many students kisses Frank.,morphology,subject_verb_agreement,regular_plural_subject_verb_agreement_1,True,True,False,False,213,-40.24253845214844,-42.00770568847656,1
Bruce has visited Tanya.,Bruce have visited Tanya.,morphology,subject_verb_agreement,regular_plural_subject_verb_agreement_1,True,True,False,False,214,-32.2890625,-33.45518493652344,1
Susan is hiring Liam.,Susan are hiring Liam.,morphology,subject_verb_agreement,regular_plural_subject_verb_agreement_1,True,True,False,False,215,-31.88875389099121,-32.86602783203125,1
Alicia isn't biking to the river.,Alicia weren't biking to the river.,morphology,subject_verb_agreement,regular_plural_subject_verb_agreement_1,True,True,False,False,216,-55.22609329223633,-57.04188919067383,1
That screen confuses Judy.,That screen confuse Judy.,morphology,subject_verb_agreement,regular_plural_subject_verb_agreement_1,True,True,False,False,217,-43.76414489746094,-40.01318359375,0
Laura has messed up that chair.,Laura have messed up that chair.,morphology,subject_verb_agreement,regular_plural_subject_verb_agreement_1,True,True,False,False,218,-39.140811920166016,-39.92085266113281,1
Barbara hasn't noticed Caroline.,Barbara haven't noticed Caroline.,morphology,subject_verb_agreement,regular_plural_subject_verb_agreement_1,True,True,False,False,219,-43.70927047729492,-45.25031280517578,1
The Clintons talk to Patrick.,The Clintons talks to Patrick.,morphology,subject_verb_agreement,regular_plural_subject_verb_agreement_1,True,True,False,False,220,-42.754756927490234,-40.938072204589844,0
Diana was skated around this mall.,Diana were skated around this mall.,morphology,subject_verb_agreement,regular_plural_subject_verb_agreement_1,True,True,False,False,221,-56.368160247802734,-57.33323669433594,1
Richard has a lot of vases.,Richard have a lot of vases.,morphology,subject_verb_agreement,regular_plural_subject_verb_agreement_1,True,True,False,False,222,-33.1063346862793,-33.84628677368164,1
Bethany hasn't gone to the mountain.,Bethany haven't gone to the mountain.,morphology,subject_verb_agreement,regular_plural_subject_verb_agreement_1,True,True,False,False,223,-51.82534408569336,-52.23482131958008,1
Those adults work with these patients.,Those adults works with these patients.,morphology,subject_verb_agreement,regular_plural_subject_verb_agreement_1,True,True,False,False,224,-33.73070526123047,-35.49892044067383,1
Jennifer wasn't upsetting Dennis.,Jennifer weren't upsetting Dennis.,morphology,subject_verb_agreement,regular_plural_subject_verb_agreement_1,True,True,False,False,225,-44.68046569824219,-41.36436080932617,0
A hospital wasn't criticizing Stephen.,A hospital weren't criticizing Stephen.,morphology,subject_verb_agreement,regular_plural_subject_verb_agreement_1,True,True,False,False,226,-52.096378326416016,-51.30158615112305,0
Eric kisses Amelia.,Eric kiss Amelia.,morphology,subject_verb_agreement,regular_plural_subject_verb_agreement_1,True,True,False,False,227,-32.669403076171875,-33.023841857910156,1
These teachers have examined those stories.,These teachers has examined those stories.,morphology,subject_verb_agreement,regular_plural_subject_verb_agreement_1,True,True,False,False,228,-40.63353729248047,-41.183963775634766,1
Some banks resemble that painting.,Some banks resembles that painting.,morphology,subject_verb_agreement,regular_plural_subject_verb_agreement_1,True,True,False,False,229,-40.141605377197266,-39.46965026855469,0
Katherine hasn't sold a sweater.,Katherine haven't sold a sweater.,morphology,subject_verb_agreement,regular_plural_subject_verb_agreement_1,True,True,False,False,230,-46.45069885253906,-47.887481689453125,1
Tamara was hiding gloves.,Tamara are hiding gloves.,morphology,subject_verb_agreement,regular_plural_subject_verb_agreement_1,True,True,False,False,231,-36.25369644165039,-36.1272087097168,0
A committee confuses Gina.,A committee confuse Gina.,morphology,subject_verb_agreement,regular_plural_subject_verb_agreement_1,True,True,False,False,232,-46.15474319458008,-41.07429504394531,0
A lot of glaciers haven't bothered Homer.,A lot of glaciers hasn't bothered Homer.,morphology,subject_verb_agreement,regular_plural_subject_verb_agreement_1,True,True,False,False,233,-62.57815933227539,-62.1776123046875,0
These girls work with Meredith.,These girls works with Meredith.,morphology,subject_verb_agreement,regular_plural_subject_verb_agreement_1,True,True,False,False,234,-37.80389404296875,-38.6962890625,1
Melanie sounds like Heather.,Melanie sound like Heather.,morphology,subject_verb_agreement,regular_plural_subject_verb_agreement_1,True,True,False,False,235,-37.23301696777344,-39.80425262451172,1
The teachers pass a hill.,The teachers passes a hill.,morphology,subject_verb_agreement,regular_plural_subject_verb_agreement_1,True,True,False,False,236,-35.7835578918457,-37.60022735595703,1
Cheryl hasn't taken the coat.,Cheryl haven't taken the coat.,morphology,subject_verb_agreement,regular_plural_subject_verb_agreement_1,True,True,False,False,237,-54.28727722167969,-54.32501983642578,1
Ellen investigates the committee.,Ellen investigate the committee.,morphology,subject_verb_agreement,regular_plural_subject_verb_agreement_1,True,True,False,False,238,-31.8164005279541,-31.953332901000977,1
Richard wasn't thinking about Lisa.,Richard aren't thinking about Lisa.,morphology,subject_verb_agreement,regular_plural_subject_verb_agreement_1,True,True,False,False,239,-41.930442810058594,-38.47502517700195,0
Jeffrey is skated around a lot of college campuses.,Jeffrey are skated around a lot of college campuses.,morphology,subject_verb_agreement,regular_plural_subject_verb_agreement_1,True,True,False,False,240,-67.84327697753906,-68.67593383789062,1
Those senators mess up every glass.,Those senators messes up every glass.,morphology,subject_verb_agreement,regular_plural_subject_verb_agreement_1,True,True,False,False,241,-48.9421272277832,-56.4538459777832,1
Sarah sells this public park.,Sarah sell this public park.,morphology,subject_verb_agreement,regular_plural_subject_verb_agreement_1,True,True,False,False,242,-36.04192352294922,-35.62671661376953,0
Anne has worked with Martha.,Anne have worked with Martha.,morphology,subject_verb_agreement,regular_plural_subject_verb_agreement_1,True,True,False,False,243,-27.159318923950195,-31.019760131835938,1
Sherry conceals Kirsten.,Sherry conceal Kirsten.,morphology,subject_verb_agreement,regular_plural_subject_verb_agreement_1,True,True,False,False,244,-51.95622634887695,-45.184879302978516,0
Sandra has found every adult.,Sandra have found every adult.,morphology,subject_verb_agreement,regular_plural_subject_verb_agreement_1,True,True,False,False,245,-39.16316604614258,-40.76500701904297,1
Curtis is distracting Ronald.,Curtis are distracting Ronald.,morphology,subject_verb_agreement,regular_plural_subject_verb_agreement_1,True,True,False,False,246,-53.02021789550781,-53.212100982666016,1
Stephen hasn't bored Patricia.,Stephen haven't bored Patricia.,morphology,subject_verb_agreement,regular_plural_subject_verb_agreement_1,True,True,False,False,247,-40.38878631591797,-40.82940673828125,1
Patrick is investigating Jodi.,Patrick are investigating Jodi.,morphology,subject_verb_agreement,regular_plural_subject_verb_agreement_1,True,True,False,False,248,-35.33313751220703,-36.5007438659668,1
Most boys listen to Anne.,Most boys listens to Anne.,morphology,subject_verb_agreement,regular_plural_subject_verb_agreement_1,True,True,False,False,249,-37.09773254394531,-40.583805084228516,1
A doctor hasn't insulted most newspaper articles.,A doctor haven't insulted most newspaper articles.,morphology,subject_verb_agreement,regular_plural_subject_verb_agreement_1,True,True,False,False,250,-66.60200500488281,-67.17868041992188,1
Dan hasn't questioned William.,Dan haven't questioned William.,morphology,subject_verb_agreement,regular_plural_subject_verb_agreement_1,True,True,False,False,251,-34.61018371582031,-34.80621337890625,1
Danielle sells a bird.,Danielle sell a bird.,morphology,subject_verb_agreement,regular_plural_subject_verb_agreement_1,True,True,False,False,252,-33.57181167602539,-33.0616455078125,0
Many waitresses sound like Becca.,Many waitresses sounds like Becca.,morphology,subject_verb_agreement,regular_plural_subject_verb_agreement_1,True,True,False,False,253,-53.495079040527344,-53.04393005371094,0
Pedestrians weren't arguing about Wayne.,Pedestrians wasn't arguing about Wayne.,morphology,subject_verb_agreement,regular_plural_subject_verb_agreement_1,True,True,False,False,254,-54.32902908325195,-55.71052169799805,1
The doctors haven't arrived at every river.,The doctors hasn't arrived at every river.,morphology,subject_verb_agreement,regular_plural_subject_verb_agreement_1,True,True,False,False,255,-52.022682189941406,-53.3624267578125,1
Martin hasn't fixed most screens.,Martin haven't fixed most screens.,morphology,subject_verb_agreement,regular_plural_subject_verb_agreement_1,True,True,False,False,256,-39.54432678222656,-39.773406982421875,1
Christina is revealing Alexander.,Christina are revealing Alexander.,morphology,subject_verb_agreement,regular_plural_subject_verb_agreement_1,True,True,False,False,257,-37.87433624267578,-40.18975067138672,1
Guy hasn't lifted that book.,Guy haven't lifted that book.,morphology,subject_verb_agreement,regular_plural_subject_verb_agreement_1,True,True,False,False,258,-35.523807525634766,-35.68653106689453,1
Natalie hasn't cared for Daniel.,Natalie haven't cared for Daniel.,morphology,subject_verb_agreement,regular_plural_subject_verb_agreement_1,True,True,False,False,259,-49.195533752441406,-49.734596252441406,1
Rhonda hasn't cleaned that coat.,Rhonda haven't cleaned that coat.,morphology,subject_verb_agreement,regular_plural_subject_verb_agreement_1,True,True,False,False,260,-52.02921676635742,-54.282371520996094,1
All students haven't climbed up some slope.,All students hasn't climbed up some slope.,morphology,subject_verb_agreement,regular_plural_subject_verb_agreement_1,True,True,False,False,261,-55.163330078125,-55.90156936645508,1
A lot of hamsters aren't climbing up every mountain.,A lot of hamsters isn't climbing up every mountain.,morphology,subject_verb_agreement,regular_plural_subject_verb_agreement_1,True,True,False,False,262,-73.69905090332031,-75.4732666015625,1
An actress has insulted Kirsten.,An actress have insulted Kirsten.,morphology,subject_verb_agreement,regular_plural_subject_verb_agreement_1,True,True,False,False,263,-49.64164733886719,-52.51714324951172,1
The hamster is scaring those guests.,The hamster were scaring those guests.,morphology,subject_verb_agreement,regular_plural_subject_verb_agreement_1,True,True,False,False,264,-57.57067108154297,-59.65452575683594,1
Bethany hasn't kissed Laurie.,Bethany haven't kissed Laurie.,morphology,subject_verb_agreement,regular_plural_subject_verb_agreement_1,True,True,False,False,265,-55.406707763671875,-55.355628967285156,0
All actresses listen to the teenagers.,All actresses listens to the teenagers.,morphology,subject_verb_agreement,regular_plural_subject_verb_agreement_1,True,True,False,False,266,-42.930728912353516,-44.41903305053711,1
Gregory wasn't firing the Borgias.,Gregory weren't firing the Borgias.,morphology,subject_verb_agreement,regular_plural_subject_verb_agreement_1,True,True,False,False,267,-61.52793884277344,-59.63938903808594,0
Harvard University isn't boring Deborah.,Harvard University aren't boring Deborah.,morphology,subject_verb_agreement,regular_plural_subject_verb_agreement_1,True,True,False,False,268,-59.62915802001953,-60.50239944458008,1
A lot of cashiers have healed Gerald.,A lot of cashiers has healed Gerald.,morphology,subject_verb_agreement,regular_plural_subject_verb_agreement_1,True,True,False,False,269,-63.78828430175781,-64.5323486328125,1
Holly hates Roger.,Holly hate Roger.,morphology,subject_verb_agreement,regular_plural_subject_verb_agreement_1,True,True,False,False,270,-35.18243408203125,-32.921382904052734,0
This pedestrian escapes from a lot of movie theaters.,This pedestrian escape from a lot of movie theaters.,morphology,subject_verb_agreement,regular_plural_subject_verb_agreement_1,True,True,False,False,271,-57.391197204589844,-55.845985412597656,0
Linda is finding ladies.,Linda are finding ladies.,morphology,subject_verb_agreement,regular_plural_subject_verb_agreement_1,True,True,False,False,272,-35.97032165527344,-38.52365493774414,1
Tina has fixed some glasses.,Tina have fixed some glasses.,morphology,subject_verb_agreement,regular_plural_subject_verb_agreement_1,True,True,False,False,273,-41.79669189453125,-44.163429260253906,1
Lucille sells many college campuses.,Lucille sell many college campuses.,morphology,subject_verb_agreement,regular_plural_subject_verb_agreement_1,True,True,False,False,274,-48.29084014892578,-47.9177360534668,0
Paul has fired Richard.,Paul have fired Richard.,morphology,subject_verb_agreement,regular_plural_subject_verb_agreement_1,True,True,False,False,275,-29.148427963256836,-32.61372375488281,1
David sounds like Candice.,David sound like Candice.,morphology,subject_verb_agreement,regular_plural_subject_verb_agreement_1,True,True,False,False,276,-34.45718765258789,-37.119590759277344,1
Karla is escaping from Helen.,Karla are escaping from Helen.,morphology,subject_verb_agreement,regular_plural_subject_verb_agreement_1,True,True,False,False,277,-39.84651184082031,-41.933624267578125,1
Irene wasn't observing most waiters.,Irene aren't observing most waiters.,morphology,subject_verb_agreement,regular_plural_subject_verb_agreement_1,True,True,False,False,278,-65.21037292480469,-62.62200927734375,0
Cheryl tours a bank.,Cheryl tour a bank.,morphology,subject_verb_agreement,regular_plural_subject_verb_agreement_1,True,True,False,False,279,-49.147789001464844,-48.23548889160156,0
Sheila escapes from a teenager.,Sheila escape from a teenager.,morphology,subject_verb_agreement,regular_plural_subject_verb_agreement_1,True,True,False,False,280,-39.42483901977539,-36.69278335571289,0
Stephanie isn't astounding Kathleen.,Stephanie aren't astounding Kathleen.,morphology,subject_verb_agreement,regular_plural_subject_verb_agreement_1,True,True,False,False,281,-59.47858428955078,-61.758419036865234,1
Every photograph looks like Holly.,Every photograph look like Holly.,morphology,subject_verb_agreement,regular_plural_subject_verb_agreement_1,True,True,False,False,282,-38.75870132446289,-40.0220832824707,1
Many teachers return to that grocery store.,Many teachers returns to that grocery store.,morphology,subject_verb_agreement,regular_plural_subject_verb_agreement_1,True,True,False,False,283,-45.91938018798828,-47.54889678955078,1
That student is noticing that guest.,That student are noticing that guest.,morphology,subject_verb_agreement,regular_plural_subject_verb_agreement_1,True,True,False,False,284,-42.66392517089844,-43.80513000488281,1
Lissa isn't helping Raymond.,Lissa weren't helping Raymond.,morphology,subject_verb_agreement,regular_plural_subject_verb_agreement_1,True,True,False,False,285,-51.18970489501953,-51.48157501220703,1
Kevin has fired Russell.,Kevin have fired Russell.,morphology,subject_verb_agreement,regular_plural_subject_verb_agreement_1,True,True,False,False,286,-29.744613647460938,-32.410865783691406,1
All children watch Tiffany.,All children watches Tiffany.,morphology,subject_verb_agreement,regular_plural_subject_verb_agreement_1,True,True,False,False,287,-36.12799835205078,-38.83849334716797,1
Steven cures Sally.,Steven cure Sally.,morphology,subject_verb_agreement,regular_plural_subject_verb_agreement_1,True,True,False,False,288,-29.79422378540039,-31.45287322998047,1
The Balkans have distracted Julie.,The Balkans has distracted Julie.,morphology,subject_verb_agreement,regular_plural_subject_verb_agreement_1,True,True,False,False,289,-45.902503967285156,-44.33551025390625,0
Most guys haven't descended these hills.,Most guys hasn't descended these hills.,morphology,subject_verb_agreement,regular_plural_subject_verb_agreement_1,True,True,False,False,290,-48.81450271606445,-51.634613037109375,1
Sara is boycotting some mall.,Sara are boycotting some mall.,morphology,subject_verb_agreement,regular_plural_subject_verb_agreement_1,True,True,False,False,291,-52.40556716918945,-54.86888122558594,1
Kirsten was investigating Carmen.,Kirsten were investigating Carmen.,morphology,subject_verb_agreement,regular_plural_subject_verb_agreement_1,True,True,False,False,292,-52.09977722167969,-53.3702392578125,1
Those senators are arriving at the malls.,Those senators was arriving at the malls.,morphology,subject_verb_agreement,regular_plural_subject_verb_agreement_1,True,True,False,False,293,-46.910160064697266,-47.12217712402344,1
A lot of governments discuss Spain.,A lot of governments discusses Spain.,morphology,subject_verb_agreement,regular_plural_subject_verb_agreement_1,True,True,False,False,294,-44.827247619628906,-45.504390716552734,1
Michelle boycotts those glaciers.,Michelle boycott those glaciers.,morphology,subject_verb_agreement,regular_plural_subject_verb_agreement_1,True,True,False,False,295,-43.91015625,-36.54779815673828,0
Some boys hire Benjamin.,Some boys hires Benjamin.,morphology,subject_verb_agreement,regular_plural_subject_verb_agreement_1,True,True,False,False,296,-39.144935607910156,-39.047183990478516,0
Some waitresses visit Homer.,Some waitresses visits Homer.,morphology,subject_verb_agreement,regular_plural_subject_verb_agreement_1,True,True,False,False,297,-48.26465606689453,-52.46104431152344,1
The Lutherans climb down these hills.,The Lutherans climbs down these hills.,morphology,subject_verb_agreement,regular_plural_subject_verb_agreement_1,True,True,False,False,298,-55.22279357910156,-56.73891830444336,1
Allison skates around some hospital.,Allison skate around some hospital.,morphology,subject_verb_agreement,regular_plural_subject_verb_agreement_1,True,True,False,False,299,-53.21844482421875,-50.574066162109375,0
Donald wasn't bringing those grocery stores.,Donald aren't bringing those grocery stores.,morphology,subject_verb_agreement,regular_plural_subject_verb_agreement_1,True,True,False,False,300,-49.335205078125,-45.410499572753906,0
Bradley sees Kevin.,Bradley see Kevin.,morphology,subject_verb_agreement,regular_plural_subject_verb_agreement_1,True,True,False,False,301,-32.485374450683594,-32.307212829589844,0
Tracy has exited that mountain.,Tracy have exited that mountain.,morphology,subject_verb_agreement,regular_plural_subject_verb_agreement_1,True,True,False,False,302,-47.57860565185547,-48.73069381713867,1
Heidi questions Deborah.,Heidi question Deborah.,morphology,subject_verb_agreement,regular_plural_subject_verb_agreement_1,True,True,False,False,303,-45.012779235839844,-43.694114685058594,0
This chicken isn't astounding Helen.,This chicken aren't astounding Helen.,morphology,subject_verb_agreement,regular_plural_subject_verb_agreement_1,True,True,False,False,304,-51.17594528198242,-52.235252380371094,1
Many customers aren't talking to Vincent.,Many customers wasn't talking to Vincent.,morphology,subject_verb_agreement,regular_plural_subject_verb_agreement_1,True,True,False,False,305,-47.099098205566406,-49.65656280517578,1
Kayla walks through those art galleries.,Kayla walk through those art galleries.,morphology,subject_verb_agreement,regular_plural_subject_verb_agreement_1,True,True,False,False,306,-48.40327835083008,-49.035484313964844,1
The projector impresses Tiffany.,The projector impress Tiffany.,morphology,subject_verb_agreement,regular_plural_subject_verb_agreement_1,True,True,False,False,307,-47.334510803222656,-41.715667724609375,0
These hospitals forget Alan.,These hospitals forgets Alan.,morphology,subject_verb_agreement,regular_plural_subject_verb_agreement_1,True,True,False,False,308,-40.566898345947266,-47.33494567871094,1
Senators have that carriage.,Senators has that carriage.,morphology,subject_verb_agreement,regular_plural_subject_verb_agreement_1,True,True,False,False,309,-40.96019744873047,-42.362205505371094,1
All ladders embarrass Chad.,All ladders embarrasses Chad.,morphology,subject_verb_agreement,regular_plural_subject_verb_agreement_1,True,True,False,False,310,-45.96605682373047,-51.54328536987305,1
Jane admires some cashiers.,Jane admire some cashiers.,morphology,subject_verb_agreement,regular_plural_subject_verb_agreement_1,True,True,False,False,311,-47.033546447753906,-40.075218200683594,0
The waiters listen to Timothy.,The waiters listens to Timothy.,morphology,subject_verb_agreement,regular_plural_subject_verb_agreement_1,True,True,False,False,312,-45.72555923461914,-49.150150299072266,1
All pedestrians arrive at the high schools.,All pedestrians arrives at the high schools.,morphology,subject_verb_agreement,regular_plural_subject_verb_agreement_1,True,True,False,False,313,-42.43292236328125,-44.726348876953125,1
Patients fire these actors.,Patients fires these actors.,morphology,subject_verb_agreement,regular_plural_subject_verb_agreement_1,True,True,False,False,314,-40.64386749267578,-41.226898193359375,1
Jill boycotts the bank.,Jill boycott the bank.,morphology,subject_verb_agreement,regular_plural_subject_verb_agreement_1,True,True,False,False,315,-45.40924835205078,-35.2022705078125,0
Meredith has cleaned a lot of movie theaters.,Meredith have cleaned a lot of movie theaters.,morphology,subject_verb_agreement,regular_plural_subject_verb_agreement_1,True,True,False,False,316,-64.86875915527344,-65.75639343261719,1
Eric has driven to every museum.,Eric have driven to every museum.,morphology,subject_verb_agreement,regular_plural_subject_verb_agreement_1,True,True,False,False,317,-34.05847930908203,-36.639442443847656,1
Children question some senator.,Children questions some senator.,morphology,subject_verb_agreement,regular_plural_subject_verb_agreement_1,True,True,False,False,318,-33.57046127319336,-34.319698333740234,1
Pamela hasn't climbed down that ladder.,Pamela haven't climbed down that ladder.,morphology,subject_verb_agreement,regular_plural_subject_verb_agreement_1,True,True,False,False,319,-62.344078063964844,-63.092124938964844,1
William hasn't hidden Homer.,William haven't hidden Homer.,morphology,subject_verb_agreement,regular_plural_subject_verb_agreement_1,True,True,False,False,320,-39.77953338623047,-39.34976577758789,0
Steven isn't examining the documentaries.,Steven weren't examining the documentaries.,morphology,subject_verb_agreement,regular_plural_subject_verb_agreement_1,True,True,False,False,321,-39.91874313354492,-41.198822021484375,1
Julia was referencing Jason.,Julia are referencing Jason.,morphology,subject_verb_agreement,regular_plural_subject_verb_agreement_1,True,True,False,False,322,-34.79328536987305,-36.33697509765625,1
Some pedestrians respect Eric.,Some pedestrians respects Eric.,morphology,subject_verb_agreement,regular_plural_subject_verb_agreement_1,True,True,False,False,323,-42.17927169799805,-43.311126708984375,1
The girl hasn't driven to some lakes.,The girl haven't driven to some lakes.,morphology,subject_verb_agreement,regular_plural_subject_verb_agreement_1,True,True,False,False,324,-52.693939208984375,-54.32877731323242,1
John has listened to Bradley.,John have listened to Bradley.,morphology,subject_verb_agreement,regular_plural_subject_verb_agreement_1,True,True,False,False,325,-31.13031005859375,-33.28004837036133,1
Tamara was taking all mirrors.,Tamara were taking all mirrors.,morphology,subject_verb_agreement,regular_plural_subject_verb_agreement_1,True,True,False,False,326,-39.58173370361328,-41.680992126464844,1
Every customer wasn't confusing Regina.,Every customer weren't confusing Regina.,morphology,subject_verb_agreement,regular_plural_subject_verb_agreement_1,True,True,False,False,327,-50.270469665527344,-49.27351760864258,0
Brian hasn't visited Michelle.,Brian haven't visited Michelle.,morphology,subject_verb_agreement,regular_plural_subject_verb_agreement_1,True,True,False,False,328,-36.134918212890625,-36.710784912109375,1
Some reports annoy actors.,Some reports annoys actors.,morphology,subject_verb_agreement,regular_plural_subject_verb_agreement_1,True,True,False,False,329,-34.59991455078125,-40.4293212890625,1
Rachelle criticizes Deanna.,Rachelle criticize Deanna.,morphology,subject_verb_agreement,regular_plural_subject_verb_agreement_1,True,True,False,False,330,-48.3546142578125,-40.840965270996094,0
Those pedestrians cure Jason.,Those pedestrians cures Jason.,morphology,subject_verb_agreement,regular_plural_subject_verb_agreement_1,True,True,False,False,331,-44.51525115966797,-42.467952728271484,0
Senators listen to Janet.,Senators listens to Janet.,morphology,subject_verb_agreement,regular_plural_subject_verb_agreement_1,True,True,False,False,332,-43.884071350097656,-46.20838165283203,1
Some children bike to some museum.,Some children bikes to some museum.,morphology,subject_verb_agreement,regular_plural_subject_verb_agreement_1,True,True,False,False,333,-43.756874084472656,-44.391876220703125,1
All ladies aren't observing Cheryl.,All ladies wasn't observing Cheryl.,morphology,subject_verb_agreement,regular_plural_subject_verb_agreement_1,True,True,False,False,334,-49.07270431518555,-51.402503967285156,1
Carol works with Monica.,Carol work with Monica.,morphology,subject_verb_agreement,regular_plural_subject_verb_agreement_1,True,True,False,False,335,-35.48870086669922,-36.62982940673828,1
Caroline is arriving at every movie theater.,Caroline are arriving at every movie theater.,morphology,subject_verb_agreement,regular_plural_subject_verb_agreement_1,True,True,False,False,336,-52.698585510253906,-54.43308639526367,1
Alexander has all books.,Alexander have all books.,morphology,subject_verb_agreement,regular_plural_subject_verb_agreement_1,True,True,False,False,337,-21.2856388092041,-22.90903091430664,1
Most drivers talk to Kendra.,Most drivers talks to Kendra.,morphology,subject_verb_agreement,regular_plural_subject_verb_agreement_1,True,True,False,False,338,-49.53076171875,-48.8070068359375,0
The adults astounds the Impressionists.,The adults astound the Impressionists.,morphology,subject_verb_agreement,regular_plural_subject_verb_agreement_1,True,True,False,False,339,-62.492401123046875,-59.45658493041992,0
That art gallery distracts Alicia.,That art gallery distract Alicia.,morphology,subject_verb_agreement,regular_plural_subject_verb_agreement_1,True,True,False,False,340,-55.74998474121094,-51.82365798950195,0
George has skated around these art galleries.,George have skated around these art galleries.,morphology,subject_verb_agreement,regular_plural_subject_verb_agreement_1,True,True,False,False,341,-55.535560607910156,-57.35052490234375,1
Dennis has worried boys.,Dennis have worried boys.,morphology,subject_verb_agreement,regular_plural_subject_verb_agreement_1,True,True,False,False,342,-38.73419189453125,-40.639862060546875,1
Kristen runs around cafes.,Kristen run around cafes.,morphology,subject_verb_agreement,regular_plural_subject_verb_agreement_1,True,True,False,False,343,-34.672264099121094,-35.00785827636719,1
Andrew is escaping from Sara.,Andrew were escaping from Sara.,morphology,subject_verb_agreement,regular_plural_subject_verb_agreement_1,True,True,False,False,344,-33.937068939208984,-37.86726379394531,1
Craig works with Kristin.,Craig work with Kristin.,morphology,subject_verb_agreement,regular_plural_subject_verb_agreement_1,True,True,False,False,345,-27.228248596191406,-27.86138916015625,1
Some organizations shock a senator.,Some organizations shocks a senator.,morphology,subject_verb_agreement,regular_plural_subject_verb_agreement_1,True,True,False,False,346,-42.24343490600586,-41.963706970214844,0
Most shirts distract Claire.,Most shirts distracts Claire.,morphology,subject_verb_agreement,regular_plural_subject_verb_agreement_1,True,True,False,False,347,-40.582618713378906,-44.9885139465332,1
Marcus was biking to all cafes.,Marcus were biking to all cafes.,morphology,subject_verb_agreement,regular_plural_subject_verb_agreement_1,True,True,False,False,348,-40.15772247314453,-41.29512023925781,1
Associations hire Lori.,Associations hires Lori.,morphology,subject_verb_agreement,regular_plural_subject_verb_agreement_1,True,True,False,False,349,-42.18226623535156,-42.94347381591797,1
All associations have criticized Keith.,All associations has criticized Keith.,morphology,subject_verb_agreement,regular_plural_subject_verb_agreement_1,True,True,False,False,350,-43.438499450683594,-43.63494110107422,1
Scott has stunned Dennis.,Scott have stunned Dennis.,morphology,subject_verb_agreement,regular_plural_subject_verb_agreement_1,True,True,False,False,351,-36.377891540527344,-39.123863220214844,1
Rodney wasn't alarming Heather.,Rodney weren't alarming Heather.,morphology,subject_verb_agreement,regular_plural_subject_verb_agreement_1,True,True,False,False,352,-51.89977264404297,-50.60807800292969,0
The Impressionists wear a sock.,The Impressionists wears a sock.,morphology,subject_verb_agreement,regular_plural_subject_verb_agreement_1,True,True,False,False,353,-51.002872467041016,-51.962589263916016,1
Bethany cares for Alicia.,Bethany care for Alicia.,morphology,subject_verb_agreement,regular_plural_subject_verb_agreement_1,True,True,False,False,354,-48.50907897949219,-45.46192932128906,0
Those customers are concealing Brad.,Those customers is concealing Brad.,morphology,subject_verb_agreement,regular_plural_subject_verb_agreement_1,True,True,False,False,355,-52.167545318603516,-52.25481033325195,1
Many children break this truck.,Many children breaks this truck.,morphology,subject_verb_agreement,regular_plural_subject_verb_agreement_1,True,True,False,False,356,-35.082584381103516,-37.778709411621094,1
Samantha has broken chairs.,Samantha have broken chairs.,morphology,subject_verb_agreement,regular_plural_subject_verb_agreement_1,True,True,False,False,357,-45.487178802490234,-47.281375885009766,1
Some drivers tour this high school.,Some drivers tours this high school.,morphology,subject_verb_agreement,regular_plural_subject_verb_agreement_1,True,True,False,False,358,-40.362632751464844,-44.19761276245117,1
Heidi is approaching Timothy.,Heidi were approaching Timothy.,morphology,subject_verb_agreement,regular_plural_subject_verb_agreement_1,True,True,False,False,359,-42.95909881591797,-45.031837463378906,1
Some patients discuss Theresa.,Some patients discusses Theresa.,morphology,subject_verb_agreement,regular_plural_subject_verb_agreement_1,True,True,False,False,360,-36.89187240600586,-37.635231018066406,1
Laura has hidden Jessica.,Laura have hidden Jessica.,morphology,subject_verb_agreement,regular_plural_subject_verb_agreement_1,True,True,False,False,361,-31.742887496948242,-33.583980560302734,1
Diana admires Tanya.,Diana admire Tanya.,morphology,subject_verb_agreement,regular_plural_subject_verb_agreement_1,True,True,False,False,362,-48.49913787841797,-42.05707550048828,0
Gerald disturbs Roger.,Gerald disturb Roger.,morphology,subject_verb_agreement,regular_plural_subject_verb_agreement_1,True,True,False,False,363,-46.353004455566406,-37.801753997802734,0
All governments are confusing a hospital.,All governments is confusing a hospital.,morphology,subject_verb_agreement,regular_plural_subject_verb_agreement_1,True,True,False,False,364,-39.36442184448242,-40.302162170410156,1
Bethany is healing some customer.,Bethany were healing some customer.,morphology,subject_verb_agreement,regular_plural_subject_verb_agreement_1,True,True,False,False,365,-52.782222747802734,-56.181331634521484,1
Brian hasn't discussed Winston Churchill.,Brian haven't discussed Winston Churchill.,morphology,subject_verb_agreement,regular_plural_subject_verb_agreement_1,True,True,False,False,366,-46.6613883972168,-46.85642623901367,1
Sabrina discovers Florence.,Sabrina discover Florence.,morphology,subject_verb_agreement,regular_plural_subject_verb_agreement_1,True,True,False,False,367,-34.84111022949219,-36.824073791503906,1
Some teacher wasn't dropping by the public parks.,Some teacher weren't dropping by the public parks.,morphology,subject_verb_agreement,regular_plural_subject_verb_agreement_1,True,True,False,False,368,-56.985267639160156,-56.48908996582031,0
Todd isn't fixing the bicycle.,Todd weren't fixing the bicycle.,morphology,subject_verb_agreement,regular_plural_subject_verb_agreement_1,True,True,False,False,369,-36.39251708984375,-38.75376510620117,1
Bradley loves all documentaries.,Bradley love all documentaries.,morphology,subject_verb_agreement,regular_plural_subject_verb_agreement_1,True,True,False,False,370,-36.42003631591797,-37.21971130371094,1
Amelia isn't taking steak.,Amelia weren't taking steak.,morphology,subject_verb_agreement,regular_plural_subject_verb_agreement_1,True,True,False,False,371,-43.40644073486328,-46.03679656982422,1
All mountains impress Sonia.,All mountains impresses Sonia.,morphology,subject_verb_agreement,regular_plural_subject_verb_agreement_1,True,True,False,False,372,-46.27620315551758,-53.49359893798828,1
Some waitresses reference some adult.,Some waitresses references some adult.,morphology,subject_verb_agreement,regular_plural_subject_verb_agreement_1,True,True,False,False,373,-51.82145690917969,-51.969810485839844,1
Charles dislikes the art gallery.,Charles dislike the art gallery.,morphology,subject_verb_agreement,regular_plural_subject_verb_agreement_1,True,True,False,False,374,-42.987525939941406,-32.7692985534668,0
David was attacking Jane.,David were attacking Jane.,morphology,subject_verb_agreement,regular_plural_subject_verb_agreement_1,True,True,False,False,375,-29.77644157409668,-31.25820541381836,1
Diana isn't selling the hat.,Diana aren't selling the hat.,morphology,subject_verb_agreement,regular_plural_subject_verb_agreement_1,True,True,False,False,376,-44.51616668701172,-44.77490234375,1
Some actresses complain about Julia.,Some actresses complains about Julia.,morphology,subject_verb_agreement,regular_plural_subject_verb_agreement_1,True,True,False,False,377,-44.85578918457031,-45.61024475097656,1
William messes up that movie theater.,William mess up that movie theater.,morphology,subject_verb_agreement,regular_plural_subject_verb_agreement_1,True,True,False,False,378,-53.12090301513672,-43.399375915527344,0
The Lutherans haven't loved Janet.,The Lutherans hasn't loved Janet.,morphology,subject_verb_agreement,regular_plural_subject_verb_agreement_1,True,True,False,False,379,-59.535179138183594,-58.548030853271484,0
Many students break every computer.,Many students breaks every computer.,morphology,subject_verb_agreement,regular_plural_subject_verb_agreement_1,True,True,False,False,380,-34.36220932006836,-35.55335235595703,1
Actresses hide the snake.,Actresses hides the snake.,morphology,subject_verb_agreement,regular_plural_subject_verb_agreement_1,True,True,False,False,381,-37.7139892578125,-37.16737365722656,0
All cashiers criticize some newspaper articles.,All cashiers criticizes some newspaper articles.,morphology,subject_verb_agreement,regular_plural_subject_verb_agreement_1,True,True,False,False,382,-62.764671325683594,-68.86709594726562,1
A cup scares teenagers.,A cup scare teenagers.,morphology,subject_verb_agreement,regular_plural_subject_verb_agreement_1,True,True,False,False,383,-37.57697677612305,-36.18620681762695,0
These patients have that hill.,These patients has that hill.,morphology,subject_verb_agreement,regular_plural_subject_verb_agreement_1,True,True,False,False,384,-37.973548889160156,-38.660499572753906,1
Some adults flee from Jason.,Some adults flees from Jason.,morphology,subject_verb_agreement,regular_plural_subject_verb_agreement_1,True,True,False,False,385,-41.7720947265625,-44.30061721801758,1
Caroline questions Lisa.,Caroline question Lisa.,morphology,subject_verb_agreement,regular_plural_subject_verb_agreement_1,True,True,False,False,386,-37.66390609741211,-36.302581787109375,0
Waitresses drive to a lot of movie theaters.,Waitresses drives to a lot of movie theaters.,morphology,subject_verb_agreement,regular_plural_subject_verb_agreement_1,True,True,False,False,387,-57.963348388671875,-56.871524810791016,0
Thomas watches Travis.,Thomas watch Travis.,morphology,subject_verb_agreement,regular_plural_subject_verb_agreement_1,True,True,False,False,388,-29.864559173583984,-27.976638793945312,0
Meredith is discovering Rachelle.,Meredith are discovering Rachelle.,morphology,subject_verb_agreement,regular_plural_subject_verb_agreement_1,True,True,False,False,389,-57.488895416259766,-58.553592681884766,1
Carlos isn't attacking the guest.,Carlos aren't attacking the guest.,morphology,subject_verb_agreement,regular_plural_subject_verb_agreement_1,True,True,False,False,390,-41.99378967285156,-41.129547119140625,0
Kevin has driven to all high schools.,Kevin have driven to all high schools.,morphology,subject_verb_agreement,regular_plural_subject_verb_agreement_1,True,True,False,False,391,-37.368896484375,-40.358184814453125,1
Tina wasn't hugging some waiter.,Tina weren't hugging some waiter.,morphology,subject_verb_agreement,regular_plural_subject_verb_agreement_1,True,True,False,False,392,-53.9219856262207,-53.55513000488281,0
That actress hasn't researched the print.,That actress haven't researched the print.,morphology,subject_verb_agreement,regular_plural_subject_verb_agreement_1,True,True,False,False,393,-47.37428283691406,-49.070396423339844,1
Kayla lifts those projectors.,Kayla lift those projectors.,morphology,subject_verb_agreement,regular_plural_subject_verb_agreement_1,True,True,False,False,394,-48.96936798095703,-50.68207550048828,1
Vanessa has hired Suzanne.,Vanessa have hired Suzanne.,morphology,subject_verb_agreement,regular_plural_subject_verb_agreement_1,True,True,False,False,395,-41.081581115722656,-43.31846618652344,1
Cynthia thinks about these eyes.,Cynthia think about these eyes.,morphology,subject_verb_agreement,regular_plural_subject_verb_agreement_1,True,True,False,False,396,-53.60456848144531,-52.53400802612305,0
A guest is taking cafes.,A guest were taking cafes.,morphology,subject_verb_agreement,regular_plural_subject_verb_agreement_1,True,True,False,False,397,-36.585472106933594,-39.54920196533203,1
Jason wasn't hiding some drawing.,Jason aren't hiding some drawing.,morphology,subject_verb_agreement,regular_plural_subject_verb_agreement_1,True,True,False,False,398,-40.358612060546875,-37.45781707763672,0
Samuel hugs Liam.,Samuel hug Liam.,morphology,subject_verb_agreement,regular_plural_subject_verb_agreement_1,True,True,False,False,399,-36.15126037597656,-36.91808319091797,1
Literature has stunned most senators.,Literature have stunned most senators.,morphology,subject_verb_agreement,regular_plural_subject_verb_agreement_1,True,True,False,False,400,-52.568328857421875,-53.989356994628906,1
Joseph flees from Carolyn.,Joseph flee from Carolyn.,morphology,subject_verb_agreement,regular_plural_subject_verb_agreement_1,True,True,False,False,401,-34.73954772949219,-30.2657527923584,0
Jane questions Theodore.,Jane question Theodore.,morphology,subject_verb_agreement,regular_plural_subject_verb_agreement_1,True,True,False,False,402,-30.13248062133789,-28.071022033691406,0
James has listened to the senator.,James have listened to the senator.,morphology,subject_verb_agreement,regular_plural_subject_verb_agreement_1,True,True,False,False,403,-30.20677947998047,-32.5107536315918,1
This ladder annoys Paula.,This ladder annoy Paula.,morphology,subject_verb_agreement,regular_plural_subject_verb_agreement_1,True,True,False,False,404,-47.73210525512695,-42.68404769897461,0
All waiters criticize all movie theaters.,All waiters criticizes all movie theaters.,morphology,subject_verb_agreement,regular_plural_subject_verb_agreement_1,True,True,False,False,405,-59.603824615478516,-65.27275085449219,1
This cashier flees from Rachel.,This cashier flee from Rachel.,morphology,subject_verb_agreement,regular_plural_subject_verb_agreement_1,True,True,False,False,406,-49.86884307861328,-48.701080322265625,0
A lot of customers notice every waiter.,A lot of customers notices every waiter.,morphology,subject_verb_agreement,regular_plural_subject_verb_agreement_1,True,True,False,False,407,-53.335899353027344,-56.23090362548828,1
Michael skates around that public park.,Michael skate around that public park.,morphology,subject_verb_agreement,regular_plural_subject_verb_agreement_1,True,True,False,False,408,-51.34217834472656,-46.58453369140625,0
Douglas watches some cashier.,Douglas watch some cashier.,morphology,subject_verb_agreement,regular_plural_subject_verb_agreement_1,True,True,False,False,409,-48.993492126464844,-47.02202606201172,0
That patient was disturbing Michelle.,That patient are disturbing Michelle.,morphology,subject_verb_agreement,regular_plural_subject_verb_agreement_1,True,True,False,False,410,-45.158573150634766,-43.72643280029297,0
Those banks describe Eric.,Those banks describes Eric.,morphology,subject_verb_agreement,regular_plural_subject_verb_agreement_1,True,True,False,False,411,-40.9550666809082,-40.64099884033203,0
Marcus was boasting about the movie.,Marcus were boasting about the movie.,morphology,subject_verb_agreement,regular_plural_subject_verb_agreement_1,True,True,False,False,412,-35.436119079589844,-36.716609954833984,1
The customer investigates Carla.,The customer investigate Carla.,morphology,subject_verb_agreement,regular_plural_subject_verb_agreement_1,True,True,False,False,413,-40.89265441894531,-40.750831604003906,0
Barbara hasn't lifted a hamster.,Barbara haven't lifted a hamster.,morphology,subject_verb_agreement,regular_plural_subject_verb_agreement_1,True,True,False,False,414,-52.015045166015625,-54.4940299987793,1
Every restaurant embarrasses Elaine.,Every restaurant embarrass Elaine.,morphology,subject_verb_agreement,regular_plural_subject_verb_agreement_1,True,True,False,False,415,-45.103759765625,-37.61700439453125,0
Margaret hasn't praised Martha.,Margaret haven't praised Martha.,morphology,subject_verb_agreement,regular_plural_subject_verb_agreement_1,True,True,False,False,416,-49.4178466796875,-49.89033508300781,1
Claire wasn't revealing the car.,Claire aren't revealing the car.,morphology,subject_verb_agreement,regular_plural_subject_verb_agreement_1,True,True,False,False,417,-44.818397521972656,-41.83528518676758,0
Chad has criticized Larry.,Chad have criticized Larry.,morphology,subject_verb_agreement,regular_plural_subject_verb_agreement_1,True,True,False,False,418,-40.08056640625,-42.01068878173828,1
The Clintons disgusts Brian.,The Clintons disgust Brian.,morphology,subject_verb_agreement,regular_plural_subject_verb_agreement_1,True,True,False,False,419,-50.624900817871094,-41.93925476074219,0
The Borgias heal Connie.,The Borgias heals Connie.,morphology,subject_verb_agreement,regular_plural_subject_verb_agreement_1,True,True,False,False,420,-49.379512786865234,-50.750701904296875,1
Tonya was distracting the Borgias.,Tonya were distracting the Borgias.,morphology,subject_verb_agreement,regular_plural_subject_verb_agreement_1,True,True,False,False,421,-50.77754592895508,-52.48279571533203,1
Christopher runs around all art galleries.,Christopher run around all art galleries.,morphology,subject_verb_agreement,regular_plural_subject_verb_agreement_1,True,True,False,False,422,-40.906951904296875,-41.272823333740234,1
The pie distracts this adult.,The pie distract this adult.,morphology,subject_verb_agreement,regular_plural_subject_verb_agreement_1,True,True,False,False,423,-49.676795959472656,-43.653526306152344,0
Some teacher has cleaned every jacket.,Some teacher have cleaned every jacket.,morphology,subject_verb_agreement,regular_plural_subject_verb_agreement_1,True,True,False,False,424,-44.51203536987305,-45.37760925292969,1
Those waitresses annoys Cynthia.,Those waitresses annoy Cynthia.,morphology,subject_verb_agreement,regular_plural_subject_verb_agreement_1,True,True,False,False,425,-57.28472900390625,-52.9481315612793,0
Catherine boasts about Brett.,Catherine boast about Brett.,morphology,subject_verb_agreement,regular_plural_subject_verb_agreement_1,True,True,False,False,426,-46.483280181884766,-47.72886657714844,1
Candice isn't upsetting this adult.,Candice aren't upsetting this adult.,morphology,subject_verb_agreement,regular_plural_subject_verb_agreement_1,True,True,False,False,427,-49.00078582763672,-48.09832763671875,0
Sabrina is disgusting many waitresses.,Sabrina were disgusting many waitresses.,morphology,subject_verb_agreement,regular_plural_subject_verb_agreement_1,True,True,False,False,428,-58.97478485107422,-59.40399169921875,1
That public park astounds Allison.,That public park astound Allison.,morphology,subject_verb_agreement,regular_plural_subject_verb_agreement_1,True,True,False,False,429,-58.71575164794922,-55.19310760498047,0
Laurie hasn't lifted every dog.,Laurie haven't lifted every dog.,morphology,subject_verb_agreement,regular_plural_subject_verb_agreement_1,True,True,False,False,430,-51.021507263183594,-52.5396728515625,1
Kenneth has sounded like the story.,Kenneth have sounded like the story.,morphology,subject_verb_agreement,regular_plural_subject_verb_agreement_1,True,True,False,False,431,-39.71690368652344,-41.534828186035156,1
These senators have examined these stories.,These senators has examined these stories.,morphology,subject_verb_agreement,regular_plural_subject_verb_agreement_1,True,True,False,False,432,-44.690834045410156,-43.19768524169922,0
Heather isn't passing some lakes.,Heather weren't passing some lakes.,morphology,subject_verb_agreement,regular_plural_subject_verb_agreement_1,True,True,False,False,433,-51.130859375,-53.20893096923828,1
A lot of libraries praise Sarah.,A lot of libraries praises Sarah.,morphology,subject_verb_agreement,regular_plural_subject_verb_agreement_1,True,True,False,False,434,-50.271873474121094,-52.36725616455078,1
Brett was leaving some child.,Brett were leaving some child.,morphology,subject_verb_agreement,regular_plural_subject_verb_agreement_1,True,True,False,False,435,-40.16661834716797,-41.36867904663086,1
Every brochure bores James.,Every brochure bore James.,morphology,subject_verb_agreement,regular_plural_subject_verb_agreement_1,True,True,False,False,436,-45.9774169921875,-42.08130645751953,0
Walter wasn't observing Donald.,Walter aren't observing Donald.,morphology,subject_verb_agreement,regular_plural_subject_verb_agreement_1,True,True,False,False,437,-49.03753662109375,-47.15876007080078,0
Kenneth runs around the Great Lakes.,Kenneth run around the Great Lakes.,morphology,subject_verb_agreement,regular_plural_subject_verb_agreement_1,True,True,False,False,438,-42.79291534423828,-44.57649230957031,1
Museums fire Elaine.,Museums fires Elaine.,morphology,subject_verb_agreement,regular_plural_subject_verb_agreement_1,True,True,False,False,439,-48.34404373168945,-50.12532043457031,1
Kenneth hasn't found Ann.,Kenneth haven't found Ann.,morphology,subject_verb_agreement,regular_plural_subject_verb_agreement_1,True,True,False,False,440,-42.27116012573242,-44.30820083618164,1
A lot of waiters remember all students.,A lot of waiters remembers all students.,morphology,subject_verb_agreement,regular_plural_subject_verb_agreement_1,True,True,False,False,441,-53.656105041503906,-57.934059143066406,1
Most actresses haven't exited the mountains.,Most actresses hasn't exited the mountains.,morphology,subject_verb_agreement,regular_plural_subject_verb_agreement_1,True,True,False,False,442,-49.66950988769531,-49.53857421875,0
Veronica has impressed this library.,Veronica have impressed this library.,morphology,subject_verb_agreement,regular_plural_subject_verb_agreement_1,True,True,False,False,443,-41.15928649902344,-43.77373504638672,1
These guys reference Clyde.,These guys references Clyde.,morphology,subject_verb_agreement,regular_plural_subject_verb_agreement_1,True,True,False,False,444,-39.740570068359375,-40.542972564697266,1
Chad isn't hiring most dancers.,Chad aren't hiring most dancers.,morphology,subject_verb_agreement,regular_plural_subject_verb_agreement_1,True,True,False,False,445,-53.425079345703125,-52.30077362060547,0
Holly was scaring some patient.,Holly are scaring some patient.,morphology,subject_verb_agreement,regular_plural_subject_verb_agreement_1,True,True,False,False,446,-48.03664016723633,-48.15171432495117,1
Kendra was discovering these coats.,Kendra were discovering these coats.,morphology,subject_verb_agreement,regular_plural_subject_verb_agreement_1,True,True,False,False,447,-48.35045623779297,-49.10635757446289,1
Danielle arrives at most mountains.,Danielle arrive at most mountains.,morphology,subject_verb_agreement,regular_plural_subject_verb_agreement_1,True,True,False,False,448,-41.23297882080078,-41.629150390625,1
Walter hasn't loved every play.,Walter haven't loved every play.,morphology,subject_verb_agreement,regular_plural_subject_verb_agreement_1,True,True,False,False,449,-43.81160354614258,-45.00204849243164,1
Sara has cared for all dancers.,Sara have cared for all dancers.,morphology,subject_verb_agreement,regular_plural_subject_verb_agreement_1,True,True,False,False,450,-43.341896057128906,-44.859413146972656,1
Adam isn't boycotting cafes.,Adam weren't boycotting cafes.,morphology,subject_verb_agreement,regular_plural_subject_verb_agreement_1,True,True,False,False,451,-44.03195571899414,-45.35552215576172,1
Those actors run around this library.,Those actors runs around this library.,morphology,subject_verb_agreement,regular_plural_subject_verb_agreement_1,True,True,False,False,452,-40.71544647216797,-41.726707458496094,1
Spain alarms Connie.,Spain alarm Connie.,morphology,subject_verb_agreement,regular_plural_subject_verb_agreement_1,True,True,False,False,453,-29.508583068847656,-28.99570083618164,0
Some teenagers have passed some glacier.,Some teenagers has passed some glacier.,morphology,subject_verb_agreement,regular_plural_subject_verb_agreement_1,True,True,False,False,454,-43.29754638671875,-43.84537124633789,1
These waitresses aren't fleeing from a doctor.,These waitresses isn't fleeing from a doctor.,morphology,subject_verb_agreement,regular_plural_subject_verb_agreement_1,True,True,False,False,455,-57.37489700317383,-57.212276458740234,0
Many adults hide every window.,Many adults hides every window.,morphology,subject_verb_agreement,regular_plural_subject_verb_agreement_1,True,True,False,False,456,-36.614967346191406,-37.974849700927734,1
Tanya scares Deanna.,Tanya scare Deanna.,morphology,subject_verb_agreement,regular_plural_subject_verb_agreement_1,True,True,False,False,457,-45.11009216308594,-42.646392822265625,0
Paul cleans those pictures.,Paul clean those pictures.,morphology,subject_verb_agreement,regular_plural_subject_verb_agreement_1,True,True,False,False,458,-28.924591064453125,-29.531553268432617,1
Beth hasn't watched Bethany.,Beth haven't watched Bethany.,morphology,subject_verb_agreement,regular_plural_subject_verb_agreement_1,True,True,False,False,459,-49.8488883972168,-50.769142150878906,1
Larry has concealed many wheelbarrows.,Larry have concealed many wheelbarrows.,morphology,subject_verb_agreement,regular_plural_subject_verb_agreement_1,True,True,False,False,460,-57.45026397705078,-60.48326110839844,1
Gerald is wearing some shirt.,Gerald were wearing some shirt.,morphology,subject_verb_agreement,regular_plural_subject_verb_agreement_1,True,True,False,False,461,-41.73568344116211,-43.95352554321289,1
Sara wasn't noticing Eva.,Sara aren't noticing Eva.,morphology,subject_verb_agreement,regular_plural_subject_verb_agreement_1,True,True,False,False,462,-50.682655334472656,-49.08390808105469,0
Holly descends ladders.,Holly descend ladders.,morphology,subject_verb_agreement,regular_plural_subject_verb_agreement_1,True,True,False,False,463,-45.18021774291992,-40.68773651123047,0
Sara drives to the mall.,Sara drive to the mall.,morphology,subject_verb_agreement,regular_plural_subject_verb_agreement_1,True,True,False,False,464,-37.5668830871582,-37.67308807373047,1
Todd has shocked Jesus.,Todd have shocked Jesus.,morphology,subject_verb_agreement,regular_plural_subject_verb_agreement_1,True,True,False,False,465,-28.016271591186523,-29.47657012939453,1
Deanna has upset Carolyn.,Deanna have upset Carolyn.,morphology,subject_verb_agreement,regular_plural_subject_verb_agreement_1,True,True,False,False,466,-40.259613037109375,-42.45627212524414,1
The libraries know Becky.,The libraries knows Becky.,morphology,subject_verb_agreement,regular_plural_subject_verb_agreement_1,True,True,False,False,467,-40.561012268066406,-39.129276275634766,0
The Lutherans reference Jason.,The Lutherans references Jason.,morphology,subject_verb_agreement,regular_plural_subject_verb_agreement_1,True,True,False,False,468,-50.57460403442383,-48.085723876953125,0
Steven talks to Florence.,Steven talk to Florence.,morphology,subject_verb_agreement,regular_plural_subject_verb_agreement_1,True,True,False,False,469,-25.073867797851562,-27.459924697875977,1
That movie hasn't alarmed Julie.,That movie haven't alarmed Julie.,morphology,subject_verb_agreement,regular_plural_subject_verb_agreement_1,True,True,False,False,470,-46.0820198059082,-48.36726379394531,1
Judy isn't boring Charles.,Judy weren't boring Charles.,morphology,subject_verb_agreement,regular_plural_subject_verb_agreement_1,True,True,False,False,471,-41.76148986816406,-43.30026626586914,1
Jennifer sells that plate.,Jennifer sell that plate.,morphology,subject_verb_agreement,regular_plural_subject_verb_agreement_1,True,True,False,False,472,-29.566532135009766,-30.21299171447754,1
This cafe is worrying Bruce.,This cafe are worrying Bruce.,morphology,subject_verb_agreement,regular_plural_subject_verb_agreement_1,True,True,False,False,473,-45.67951965332031,-46.63262176513672,1
A lot of organizations praise Andrew.,A lot of organizations praises Andrew.,morphology,subject_verb_agreement,regular_plural_subject_verb_agreement_1,True,True,False,False,474,-49.5408935546875,-52.49602508544922,1
Some boys escape from Donna.,Some boys escapes from Donna.,morphology,subject_verb_agreement,regular_plural_subject_verb_agreement_1,True,True,False,False,475,-38.3915901184082,-40.924827575683594,1
Rhonda has insulted a lot of actresses.,Rhonda have insulted a lot of actresses.,morphology,subject_verb_agreement,regular_plural_subject_verb_agreement_1,True,True,False,False,476,-52.214866638183594,-55.358795166015625,1
A lot of pedestrians were disturbing Diane.,A lot of pedestrians was disturbing Diane.,morphology,subject_verb_agreement,regular_plural_subject_verb_agreement_1,True,True,False,False,477,-55.98509216308594,-58.65950012207031,1
A lot of reports astound Lissa.,A lot of reports astounds Lissa.,morphology,subject_verb_agreement,regular_plural_subject_verb_agreement_1,True,True,False,False,478,-65.20995330810547,-67.91118621826172,1
The Clintons reference these commentaries.,The Clintons references these commentaries.,morphology,subject_verb_agreement,regular_plural_subject_verb_agreement_1,True,True,False,False,479,-54.43395233154297,-53.837196350097656,0
An actor was bringing the book.,An actor are bringing the book.,morphology,subject_verb_agreement,regular_plural_subject_verb_agreement_1,True,True,False,False,480,-33.45716857910156,-34.44185256958008,1
Becca isn't exploring that museum.,Becca weren't exploring that museum.,morphology,subject_verb_agreement,regular_plural_subject_verb_agreement_1,True,True,False,False,481,-47.147552490234375,-50.00373077392578,1
Those legislatures fire Craig.,Those legislatures fires Craig.,morphology,subject_verb_agreement,regular_plural_subject_verb_agreement_1,True,True,False,False,482,-42.19232940673828,-43.891815185546875,1
Alexander has climbed down the mountains.,Alexander have climbed down the mountains.,morphology,subject_verb_agreement,regular_plural_subject_verb_agreement_1,True,True,False,False,483,-34.368690490722656,-36.28791046142578,1
David was cleaning a couch.,David are cleaning a couch.,morphology,subject_verb_agreement,regular_plural_subject_verb_agreement_1,True,True,False,False,484,-33.95452880859375,-31.77468490600586,0
Kayla has broken the window.,Kayla have broken the window.,morphology,subject_verb_agreement,regular_plural_subject_verb_agreement_1,True,True,False,False,485,-34.7661018371582,-35.81512451171875,1
Nancy hasn't found Danielle.,Nancy haven't found Danielle.,morphology,subject_verb_agreement,regular_plural_subject_verb_agreement_1,True,True,False,False,486,-47.560569763183594,-48.084068298339844,1
This hat was astounding Julie.,This hat are astounding Julie.,morphology,subject_verb_agreement,regular_plural_subject_verb_agreement_1,True,True,False,False,487,-44.65782165527344,-42.99375915527344,0
Alicia hasn't cared for Gary.,Alicia haven't cared for Gary.,morphology,subject_verb_agreement,regular_plural_subject_verb_agreement_1,True,True,False,False,488,-55.62458801269531,-57.027862548828125,1
A pie bothers Benjamin.,A pie bother Benjamin.,morphology,subject_verb_agreement,regular_plural_subject_verb_agreement_1,True,True,False,False,489,-41.008323669433594,-41.591957092285156,1
Bill was fixing that unicycle.,Bill were fixing that unicycle.,morphology,subject_verb_agreement,regular_plural_subject_verb_agreement_1,True,True,False,False,490,-42.56890106201172,-43.67933654785156,1
This library hasn't stunned some hospital.,This library haven't stunned some hospital.,morphology,subject_verb_agreement,regular_plural_subject_verb_agreement_1,True,True,False,False,491,-49.71409606933594,-52.027862548828125,1
Most fish confuse Donna.,Most fish confuses Donna.,morphology,subject_verb_agreement,regular_plural_subject_verb_agreement_1,True,True,False,False,492,-38.43495178222656,-42.711402893066406,1
Some dresses have annoyed Thomas.,Some dresses has annoyed Thomas.,morphology,subject_verb_agreement,regular_plural_subject_verb_agreement_1,True,True,False,False,493,-44.906646728515625,-44.50251770019531,0
Stacey hasn't disliked Dan.,Stacey haven't disliked Dan.,morphology,subject_verb_agreement,regular_plural_subject_verb_agreement_1,True,True,False,False,494,-44.74103546142578,-45.76184844970703,1
Chad has cured Ronald.,Chad have cured Ronald.,morphology,subject_verb_agreement,regular_plural_subject_verb_agreement_1,True,True,False,False,495,-42.731651306152344,-44.24072265625,1
Most girls go to many libraries.,Most girls goes to many libraries.,morphology,subject_verb_agreement,regular_plural_subject_verb_agreement_1,True,True,False,False,496,-38.445167541503906,-38.9180793762207,1
All waitresses bike to glaciers.,All waitresses bikes to glaciers.,morphology,subject_verb_agreement,regular_plural_subject_verb_agreement_1,True,True,False,False,497,-51.00796127319336,-50.8460807800293,0
Many guests describe Amanda.,Many guests describes Amanda.,morphology,subject_verb_agreement,regular_plural_subject_verb_agreement_1,True,True,False,False,498,-37.87812805175781,-39.21204376220703,1
David has scared Tina.,David have scared Tina.,morphology,subject_verb_agreement,regular_plural_subject_verb_agreement_1,True,True,False,False,499,-29.953659057617188,-32.60976028442383,1
A print has looked like Matt.,A print have looked like Matt.,morphology,subject_verb_agreement,regular_plural_subject_verb_agreement_1,True,True,False,False,500,-43.28125,-45.092586517333984,1
Ruth has questioned women.,Ruth have questioned women.,morphology,subject_verb_agreement,regular_plural_subject_verb_agreement_1,True,True,False,False,501,-35.60816192626953,-36.420982360839844,1
Rodney questions some legislature.,Rodney question some legislature.,morphology,subject_verb_agreement,regular_plural_subject_verb_agreement_1,True,True,False,False,502,-43.277610778808594,-42.791690826416016,0
Marla walks through a high school.,Marla walk through a high school.,morphology,subject_verb_agreement,regular_plural_subject_verb_agreement_1,True,True,False,False,503,-39.096832275390625,-39.102298736572266,1
Jill boycotts a closet.,Jill boycott a closet.,morphology,subject_verb_agreement,regular_plural_subject_verb_agreement_1,True,True,False,False,504,-47.02604675292969,-38.53062438964844,0
Erin hasn't worked with Rose.,Erin haven't worked with Rose.,morphology,subject_verb_agreement,regular_plural_subject_verb_agreement_1,True,True,False,False,505,-39.19044494628906,-39.43281173706055,1
Tiffany hires Monica.,Tiffany hire Monica.,morphology,subject_verb_agreement,regular_plural_subject_verb_agreement_1,True,True,False,False,506,-47.24443817138672,-45.20344543457031,0
Science hasn't disturbed Walter.,Science haven't disturbed Walter.,morphology,subject_verb_agreement,regular_plural_subject_verb_agreement_1,True,True,False,False,507,-43.05870056152344,-42.72091293334961,0
Some shoes embarrass some cashier.,Some shoes embarrasses some cashier.,morphology,subject_verb_agreement,regular_plural_subject_verb_agreement_1,True,True,False,False,508,-51.41209411621094,-56.507118225097656,1
Allison wasn't bringing trucks.,Allison weren't bringing trucks.,morphology,subject_verb_agreement,regular_plural_subject_verb_agreement_1,True,True,False,False,509,-50.14276885986328,-47.8087043762207,0
A lot of screens embarrass Sabrina.,A lot of screens embarrasses Sabrina.,morphology,subject_verb_agreement,regular_plural_subject_verb_agreement_1,True,True,False,False,510,-57.286224365234375,-65.04676818847656,1
Andrea tours rivers.,Andrea tour rivers.,morphology,subject_verb_agreement,regular_plural_subject_verb_agreement_1,True,True,False,False,511,-38.62816619873047,-33.650821685791016,0
Some glove wasn't irritating some teenager.,Some glove aren't irritating some teenager.,morphology,subject_verb_agreement,regular_plural_subject_verb_agreement_1,True,True,False,False,512,-57.10551452636719,-55.15141296386719,0
Elizabeth explores all restaurants.,Elizabeth explore all restaurants.,morphology,subject_verb_agreement,regular_plural_subject_verb_agreement_1,True,True,False,False,513,-25.568307876586914,-27.363052368164062,1
Raymond cleans a library.,Raymond clean a library.,morphology,subject_verb_agreement,regular_plural_subject_verb_agreement_1,True,True,False,False,514,-37.12734603881836,-35.59473419189453,0
Jane has found Ella.,Jane have found Ella.,morphology,subject_verb_agreement,regular_plural_subject_verb_agreement_1,True,True,False,False,515,-30.318283081054688,-31.07501983642578,1
Brad has forgotten Brian.,Brad have forgotten Brian.,morphology,subject_verb_agreement,regular_plural_subject_verb_agreement_1,True,True,False,False,516,-28.542619705200195,-29.965320587158203,1
Those cashiers question many waiters.,Those cashiers questions many waiters.,morphology,subject_verb_agreement,regular_plural_subject_verb_agreement_1,True,True,False,False,517,-60.920291900634766,-60.45329666137695,0
All glasses disgust Clyde.,All glasses disgusts Clyde.,morphology,subject_verb_agreement,regular_plural_subject_verb_agreement_1,True,True,False,False,518,-45.174339294433594,-51.48713684082031,1
Brad hasn't examined those essays.,Brad haven't examined those essays.,morphology,subject_verb_agreement,regular_plural_subject_verb_agreement_1,True,True,False,False,519,-40.250648498535156,-39.56890869140625,0
All actors haven't distracted Keith.,All actors hasn't distracted Keith.,morphology,subject_verb_agreement,regular_plural_subject_verb_agreement_1,True,True,False,False,520,-47.281410217285156,-48.52733612060547,1
Kristin leaves Monica.,Kristin leave Monica.,morphology,subject_verb_agreement,regular_plural_subject_verb_agreement_1,True,True,False,False,521,-30.621042251586914,-32.29844284057617,1
A lot of waiters boast about Wayne.,A lot of waiters boasts about Wayne.,morphology,subject_verb_agreement,regular_plural_subject_verb_agreement_1,True,True,False,False,522,-60.161949157714844,-62.37261962890625,1
Stephanie knows Maria.,Stephanie know Maria.,morphology,subject_verb_agreement,regular_plural_subject_verb_agreement_1,True,True,False,False,523,-39.88517379760742,-40.11484909057617,1
Vanessa hasn't worked with James.,Vanessa haven't worked with James.,morphology,subject_verb_agreement,regular_plural_subject_verb_agreement_1,True,True,False,False,524,-43.43457794189453,-46.52310562133789,1
Winston Churchill isn't praising Marla.,Winston Churchill aren't praising Marla.,morphology,subject_verb_agreement,regular_plural_subject_verb_agreement_1,True,True,False,False,525,-59.257896423339844,-59.914512634277344,1
Wayne messes up that dish.,Wayne mess up that dish.,morphology,subject_verb_agreement,regular_plural_subject_verb_agreement_1,True,True,False,False,526,-49.26160430908203,-40.22673797607422,0
Naomi hasn't dropped by a glacier.,Naomi haven't dropped by a glacier.,morphology,subject_verb_agreement,regular_plural_subject_verb_agreement_1,True,True,False,False,527,-51.27049255371094,-53.02268981933594,1
Dan heals Catherine.,Dan heal Catherine.,morphology,subject_verb_agreement,regular_plural_subject_verb_agreement_1,True,True,False,False,528,-28.19658660888672,-27.174758911132812,0
Leslie has respected high schools.,Leslie have respected high schools.,morphology,subject_verb_agreement,regular_plural_subject_verb_agreement_1,True,True,False,False,529,-42.13822937011719,-43.32016372680664,1
Mitchell wasn't thinking about Natalie.,Mitchell aren't thinking about Natalie.,morphology,subject_verb_agreement,regular_plural_subject_verb_agreement_1,True,True,False,False,530,-51.56669998168945,-48.88491439819336,0
Winston Churchill is researching this newspaper article.,Winston Churchill were researching this newspaper article.,morphology,subject_verb_agreement,regular_plural_subject_verb_agreement_1,True,True,False,False,531,-61.053348541259766,-62.64667510986328,1
Richard was scanning this movie.,Richard were scanning this movie.,morphology,subject_verb_agreement,regular_plural_subject_verb_agreement_1,True,True,False,False,532,-35.582618713378906,-36.76218795776367,1
Kevin approaches Jeffrey.,Kevin approach Jeffrey.,morphology,subject_verb_agreement,regular_plural_subject_verb_agreement_1,True,True,False,False,533,-31.311817169189453,-28.492839813232422,0
Those customers run around this museum.,Those customers runs around this museum.,morphology,subject_verb_agreement,regular_plural_subject_verb_agreement_1,True,True,False,False,534,-39.87835693359375,-40.72688293457031,1
A lot of boxes have annoyed Christine.,A lot of boxes has annoyed Christine.,morphology,subject_verb_agreement,regular_plural_subject_verb_agreement_1,True,True,False,False,535,-55.40950393676758,-55.92686462402344,1
Veronica sells a nose.,Veronica sell a nose.,morphology,subject_verb_agreement,regular_plural_subject_verb_agreement_1,True,True,False,False,536,-38.24570083618164,-40.314483642578125,1
Many paintings are looking like books.,Many paintings is looking like books.,morphology,subject_verb_agreement,regular_plural_subject_verb_agreement_1,True,True,False,False,537,-37.243125915527344,-39.59944534301758,1
The Borgias run around the public park.,The Borgias runs around the public park.,morphology,subject_verb_agreement,regular_plural_subject_verb_agreement_1,True,True,False,False,538,-53.73337173461914,-52.326438903808594,0
Ronald kisses Matt.,Ronald kiss Matt.,morphology,subject_verb_agreement,regular_plural_subject_verb_agreement_1,True,True,False,False,539,-38.269317626953125,-37.279685974121094,0
Amanda walks through some mountains.,Amanda walk through some mountains.,morphology,subject_verb_agreement,regular_plural_subject_verb_agreement_1,True,True,False,False,540,-39.34186553955078,-39.200958251953125,0
A lot of public parks worry Jennifer.,A lot of public parks worries Jennifer.,morphology,subject_verb_agreement,regular_plural_subject_verb_agreement_1,True,True,False,False,541,-58.50178146362305,-60.80107879638672,1
These children care for Alice.,These children cares for Alice.,morphology,subject_verb_agreement,regular_plural_subject_verb_agreement_1,True,True,False,False,542,-33.413368225097656,-37.04570770263672,1
Those students remember Carolyn.,Those students remembers Carolyn.,morphology,subject_verb_agreement,regular_plural_subject_verb_agreement_1,True,True,False,False,543,-33.475067138671875,-36.432106018066406,1
That wheelbarrow isn't looking like most pictures.,That wheelbarrow weren't looking like most pictures.,morphology,subject_verb_agreement,regular_plural_subject_verb_agreement_1,True,True,False,False,544,-71.7003173828125,-75.43807220458984,1
Bradley has discovered most glasses.,Bradley have discovered most glasses.,morphology,subject_verb_agreement,regular_plural_subject_verb_agreement_1,True,True,False,False,545,-40.552494049072266,-42.51263427734375,1
A lot of guys help Anne.,A lot of guys helps Anne.,morphology,subject_verb_agreement,regular_plural_subject_verb_agreement_1,True,True,False,False,546,-45.340606689453125,-48.54126739501953,1
Current events aggravate many universities.,Current events aggravates many universities.,morphology,subject_verb_agreement,regular_plural_subject_verb_agreement_1,True,True,False,False,547,-44.30204772949219,-45.47102355957031,1
Donald is cleaning some doors.,Donald were cleaning some doors.,morphology,subject_verb_agreement,regular_plural_subject_verb_agreement_1,True,True,False,False,548,-32.13328170776367,-36.37068557739258,1
Kathleen talks about the stories.,Kathleen talk about the stories.,morphology,subject_verb_agreement,regular_plural_subject_verb_agreement_1,True,True,False,False,549,-45.70037841796875,-45.323177337646484,0
Those guys aren't bothering Amelia.,Those guys isn't bothering Amelia.,morphology,subject_verb_agreement,regular_plural_subject_verb_agreement_1,True,True,False,False,550,-46.86985778808594,-47.9937629699707,1
Beth scares Kendra.,Beth scare Kendra.,morphology,subject_verb_agreement,regular_plural_subject_verb_agreement_1,True,True,False,False,551,-45.360504150390625,-43.327972412109375,0
The hospital hasn't discussed an actor.,The hospital haven't discussed an actor.,morphology,subject_verb_agreement,regular_plural_subject_verb_agreement_1,True,True,False,False,552,-46.156639099121094,-47.325843811035156,1
Some candle irritates Marla.,Some candle irritate Marla.,morphology,subject_verb_agreement,regular_plural_subject_verb_agreement_1,True,True,False,False,553,-50.511661529541016,-48.93870544433594,0
That bike has hurt David.,That bike have hurt David.,morphology,subject_verb_agreement,regular_plural_subject_verb_agreement_1,True,True,False,False,554,-42.889442443847656,-43.92072296142578,1
A lot of paintings have alarmed many adults.,A lot of paintings has alarmed many adults.,morphology,subject_verb_agreement,regular_plural_subject_verb_agreement_1,True,True,False,False,555,-53.25190734863281,-53.678199768066406,1
Cashiers approach Travis.,Cashiers approaches Travis.,morphology,subject_verb_agreement,regular_plural_subject_verb_agreement_1,True,True,False,False,556,-41.96488952636719,-42.580955505371094,1
Daniel has insulted Bethany.,Daniel have insulted Bethany.,morphology,subject_verb_agreement,regular_plural_subject_verb_agreement_1,True,True,False,False,557,-41.95972442626953,-44.61005401611328,1
Many skateboards resemble the painting.,Many skateboards resembles the painting.,morphology,subject_verb_agreement,regular_plural_subject_verb_agreement_1,True,True,False,False,558,-46.509029388427734,-46.301815032958984,0
Charles hasn't fled from Matt.,Charles haven't fled from Matt.,morphology,subject_verb_agreement,regular_plural_subject_verb_agreement_1,True,True,False,False,559,-38.609954833984375,-38.79071807861328,1
Girls break those trucks.,Girls breaks those trucks.,morphology,subject_verb_agreement,regular_plural_subject_verb_agreement_1,True,True,False,False,560,-30.542274475097656,-30.60607147216797,1
All patients question Ronald.,All patients questions Ronald.,morphology,subject_verb_agreement,regular_plural_subject_verb_agreement_1,True,True,False,False,561,-39.545631408691406,-41.23203659057617,1
Sally boasts about all pedestrians.,Sally boast about all pedestrians.,morphology,subject_verb_agreement,regular_plural_subject_verb_agreement_1,True,True,False,False,562,-47.92177963256836,-46.3956413269043,0
Matt flees from Donna.,Matt flee from Donna.,morphology,subject_verb_agreement,regular_plural_subject_verb_agreement_1,True,True,False,False,563,-33.26899719238281,-29.946022033691406,0
Sheila wasn't watching Kathleen.,Sheila weren't watching Kathleen.,morphology,subject_verb_agreement,regular_plural_subject_verb_agreement_1,True,True,False,False,564,-49.67244338989258,-48.96931457519531,0
This association impresses Janet.,This association impress Janet.,morphology,subject_verb_agreement,regular_plural_subject_verb_agreement_1,True,True,False,False,565,-50.4976806640625,-42.63149642944336,0
Erin hasn't aggravated Jason.,Erin haven't aggravated Jason.,morphology,subject_verb_agreement,regular_plural_subject_verb_agreement_1,True,True,False,False,566,-43.7993278503418,-44.184974670410156,1
Carmen hasn't seen some senators.,Carmen haven't seen some senators.,morphology,subject_verb_agreement,regular_plural_subject_verb_agreement_1,True,True,False,False,567,-50.20759582519531,-49.66924285888672,0
The cars embarrass every pedestrian.,The cars embarrasses every pedestrian.,morphology,subject_verb_agreement,regular_plural_subject_verb_agreement_1,True,True,False,False,568,-46.04802703857422,-51.4759521484375,1
Renee is insulting Joseph.,Renee were insulting Joseph.,morphology,subject_verb_agreement,regular_plural_subject_verb_agreement_1,True,True,False,False,569,-39.682708740234375,-42.58425521850586,1
Rose remembers Karla.,Rose remember Karla.,morphology,subject_verb_agreement,regular_plural_subject_verb_agreement_1,True,True,False,False,570,-31.770231246948242,-31.92327308654785,1
Regina hasn't worn a shoe.,Regina haven't worn a shoe.,morphology,subject_verb_agreement,regular_plural_subject_verb_agreement_1,True,True,False,False,571,-43.430885314941406,-45.28839874267578,1
Sabrina wasn't firing Curtis.,Sabrina weren't firing Curtis.,morphology,subject_verb_agreement,regular_plural_subject_verb_agreement_1,True,True,False,False,572,-52.0827522277832,-49.69816970825195,0
Kenneth has bothered Chad.,Kenneth have bothered Chad.,morphology,subject_verb_agreement,regular_plural_subject_verb_agreement_1,True,True,False,False,573,-41.79045867919922,-43.840187072753906,1
A lot of peppers aggravate Mark.,A lot of peppers aggravates Mark.,morphology,subject_verb_agreement,regular_plural_subject_verb_agreement_1,True,True,False,False,574,-56.01334762573242,-58.744873046875,1
These sketches confuse Lissa.,These sketches confuses Lissa.,morphology,subject_verb_agreement,regular_plural_subject_verb_agreement_1,True,True,False,False,575,-49.53544235229492,-53.508949279785156,1
Actors examine the plays.,Actors examines the plays.,morphology,subject_verb_agreement,regular_plural_subject_verb_agreement_1,True,True,False,False,576,-41.1475830078125,-39.99282455444336,0
Claire likes every rug.,Claire like every rug.,morphology,subject_verb_agreement,regular_plural_subject_verb_agreement_1,True,True,False,False,577,-39.806121826171875,-36.70962905883789,0
These drivers sound like Lisa.,These drivers sounds like Lisa.,morphology,subject_verb_agreement,regular_plural_subject_verb_agreement_1,True,True,False,False,578,-39.10569763183594,-37.42024612426758,0
John was selling a school.,John are selling a school.,morphology,subject_verb_agreement,regular_plural_subject_verb_agreement_1,True,True,False,False,579,-26.652315139770508,-28.10881805419922,1
Claire exits the public parks.,Claire exit the public parks.,morphology,subject_verb_agreement,regular_plural_subject_verb_agreement_1,True,True,False,False,580,-42.682979583740234,-42.835113525390625,1
Steve visits Carmen.,Steve visit Carmen.,morphology,subject_verb_agreement,regular_plural_subject_verb_agreement_1,True,True,False,False,581,-29.977582931518555,-27.05443572998047,0
An actress hasn't climbed down many mountains.,An actress haven't climbed down many mountains.,morphology,subject_verb_agreement,regular_plural_subject_verb_agreement_1,True,True,False,False,582,-57.261741638183594,-58.58903121948242,1
Grace has complained about that person.,Grace have complained about that person.,morphology,subject_verb_agreement,regular_plural_subject_verb_agreement_1,True,True,False,False,583,-41.52104568481445,-41.522186279296875,1
Those ladies heal Gina.,Those ladies heals Gina.,morphology,subject_verb_agreement,regular_plural_subject_verb_agreement_1,True,True,False,False,584,-38.35673904418945,-40.91270446777344,1
Jason is embarrassing Frank.,Jason are embarrassing Frank.,morphology,subject_verb_agreement,regular_plural_subject_verb_agreement_1,True,True,False,False,585,-35.3836784362793,-35.50371551513672,1
Martha was questioning Jesus.,Martha were questioning Jesus.,morphology,subject_verb_agreement,regular_plural_subject_verb_agreement_1,True,True,False,False,586,-35.99924850463867,-37.84391784667969,1
Connie conceals some mirror.,Connie conceal some mirror.,morphology,subject_verb_agreement,regular_plural_subject_verb_agreement_1,True,True,False,False,587,-49.58209228515625,-38.60939025878906,0
Tonya was boasting about Carrie.,Tonya are boasting about Carrie.,morphology,subject_verb_agreement,regular_plural_subject_verb_agreement_1,True,True,False,False,588,-46.25620651245117,-47.334999084472656,1
Those teachers hide Jerry.,Those teachers hides Jerry.,morphology,subject_verb_agreement,regular_plural_subject_verb_agreement_1,True,True,False,False,589,-42.9952392578125,-43.80590057373047,1
Renee hasn't cured Jacqueline.,Renee haven't cured Jacqueline.,morphology,subject_verb_agreement,regular_plural_subject_verb_agreement_1,True,True,False,False,590,-51.84989929199219,-53.21133041381836,1
Russell isn't insulting stories.,Russell aren't insulting stories.,morphology,subject_verb_agreement,regular_plural_subject_verb_agreement_1,True,True,False,False,591,-33.06034851074219,-34.52102279663086,1
Elaine hasn't lifted some cafes.,Elaine haven't lifted some cafes.,morphology,subject_verb_agreement,regular_plural_subject_verb_agreement_1,True,True,False,False,592,-47.87518310546875,-49.93710708618164,1
Those guys return to Lori.,Those guys returns to Lori.,morphology,subject_verb_agreement,regular_plural_subject_verb_agreement_1,True,True,False,False,593,-36.03892517089844,-38.453861236572266,1
Christopher reveals Maria.,Christopher reveal Maria.,morphology,subject_verb_agreement,regular_plural_subject_verb_agreement_1,True,True,False,False,594,-26.324039459228516,-26.773399353027344,1
Chad wasn't admiring Dawn.,Chad weren't admiring Dawn.,morphology,subject_verb_agreement,regular_plural_subject_verb_agreement_1,True,True,False,False,595,-54.7310791015625,-55.378509521484375,1
Girls examine most newspaper articles.,Girls examines most newspaper articles.,morphology,subject_verb_agreement,regular_plural_subject_verb_agreement_1,True,True,False,False,596,-42.19823455810547,-40.01661682128906,0
Harvard University hasn't listened to Jesus.,Harvard University haven't listened to Jesus.,morphology,subject_verb_agreement,regular_plural_subject_verb_agreement_1,True,True,False,False,597,-51.35697555541992,-52.68737030029297,1
Theresa explores that library.,Theresa explore that library.,morphology,subject_verb_agreement,regular_plural_subject_verb_agreement_1,True,True,False,False,598,-39.7866325378418,-43.461143493652344,1
Janet discovers Lissa.,Janet discover Lissa.,morphology,subject_verb_agreement,regular_plural_subject_verb_agreement_1,True,True,False,False,599,-41.338623046875,-42.12646484375,1
This teenager is confusing Donald.,This teenager are confusing Donald.,morphology,subject_verb_agreement,regular_plural_subject_verb_agreement_1,True,True,False,False,600,-43.11104965209961,-44.36701583862305,1
Gary knows every adult.,Gary know every adult.,morphology,subject_verb_agreement,regular_plural_subject_verb_agreement_1,True,True,False,False,601,-26.382171630859375,-25.803325653076172,0
A horse shocks Timothy.,A horse shock Timothy.,morphology,subject_verb_agreement,regular_plural_subject_verb_agreement_1,True,True,False,False,602,-41.1666259765625,-38.94572830200195,0
Rebecca wasn't touring that lake.,Rebecca weren't touring that lake.,morphology,subject_verb_agreement,regular_plural_subject_verb_agreement_1,True,True,False,False,603,-57.57538604736328,-56.472328186035156,0
A lot of children approach these women.,A lot of children approaches these women.,morphology,subject_verb_agreement,regular_plural_subject_verb_agreement_1,True,True,False,False,604,-44.391845703125,-46.21038818359375,1
Caroline hasn't run around many college campuses.,Caroline haven't run around many college campuses.,morphology,subject_verb_agreement,regular_plural_subject_verb_agreement_1,True,True,False,False,605,-60.063079833984375,-62.192420959472656,1
David has hidden Eva.,David have hidden Eva.,morphology,subject_verb_agreement,regular_plural_subject_verb_agreement_1,True,True,False,False,606,-32.185115814208984,-35.16781234741211,1
Bradley watches Vincent.,Bradley watch Vincent.,morphology,subject_verb_agreement,regular_plural_subject_verb_agreement_1,True,True,False,False,607,-34.61426544189453,-33.00410079956055,0
A lot of doctors have disgusted the waitress.,A lot of doctors has disgusted the waitress.,morphology,subject_verb_agreement,regular_plural_subject_verb_agreement_1,True,True,False,False,608,-57.9636116027832,-59.54175567626953,1
A lot of doctors arrive at that college campus.,A lot of doctors arrives at that college campus.,morphology,subject_verb_agreement,regular_plural_subject_verb_agreement_1,True,True,False,False,609,-57.18516540527344,-60.12202453613281,1
Marcus hasn't broken all plates.,Marcus haven't broken all plates.,morphology,subject_verb_agreement,regular_plural_subject_verb_agreement_1,True,True,False,False,610,-38.767425537109375,-37.45158386230469,0
That snake wasn't hurting Beverly.,That snake aren't hurting Beverly.,morphology,subject_verb_agreement,regular_plural_subject_verb_agreement_1,True,True,False,False,611,-53.16935729980469,-52.747108459472656,0
Candice returns to Eva.,Candice return to Eva.,morphology,subject_verb_agreement,regular_plural_subject_verb_agreement_1,True,True,False,False,612,-41.00899887084961,-38.42377853393555,0
The paintings look like many socks.,The paintings looks like many socks.,morphology,subject_verb_agreement,regular_plural_subject_verb_agreement_1,True,True,False,False,613,-40.84560012817383,-39.579566955566406,0
Some cashier returns to some dancer.,Some cashier return to some dancer.,morphology,subject_verb_agreement,regular_plural_subject_verb_agreement_1,True,True,False,False,614,-51.60871887207031,-51.351905822753906,0
Derek hasn't cured James.,Derek haven't cured James.,morphology,subject_verb_agreement,regular_plural_subject_verb_agreement_1,True,True,False,False,615,-48.192962646484375,-50.84333801269531,1
Sherry hasn't disliked Caroline.,Sherry haven't disliked Caroline.,morphology,subject_verb_agreement,regular_plural_subject_verb_agreement_1,True,True,False,False,616,-50.31196594238281,-50.61814880371094,1
Every organization wasn't praising this person.,Every organization aren't praising this person.,morphology,subject_verb_agreement,regular_plural_subject_verb_agreement_1,True,True,False,False,617,-46.447418212890625,-42.88067626953125,0
Marcus hasn't scanned this newspaper article.,Marcus haven't scanned this newspaper article.,morphology,subject_verb_agreement,regular_plural_subject_verb_agreement_1,True,True,False,False,618,-47.878623962402344,-46.70983123779297,0
These children drop by a lot of banks.,These children drops by a lot of banks.,morphology,subject_verb_agreement,regular_plural_subject_verb_agreement_1,True,True,False,False,619,-41.664974212646484,-43.67290496826172,1
All doctors discover a lot of commentaries.,All doctors discovers a lot of commentaries.,morphology,subject_verb_agreement,regular_plural_subject_verb_agreement_1,True,True,False,False,620,-53.70402908325195,-54.76615905761719,1
A pedestrian hasn't investigated Meredith.,A pedestrian haven't investigated Meredith.,morphology,subject_verb_agreement,regular_plural_subject_verb_agreement_1,True,True,False,False,621,-54.515689849853516,-54.41720199584961,0
Eric isn't stunning Monet.,Eric aren't stunning Monet.,morphology,subject_verb_agreement,regular_plural_subject_verb_agreement_1,True,True,False,False,622,-41.89405822753906,-42.685020446777344,1
Margaret hasn't noticed a print.,Margaret haven't noticed a print.,morphology,subject_verb_agreement,regular_plural_subject_verb_agreement_1,True,True,False,False,623,-43.7777099609375,-43.791282653808594,1
Barbara wasn't running around the college campus.,Barbara aren't running around the college campus.,morphology,subject_verb_agreement,regular_plural_subject_verb_agreement_1,True,True,False,False,624,-58.08832931518555,-56.661197662353516,0
John descends most stairs.,John descend most stairs.,morphology,subject_verb_agreement,regular_plural_subject_verb_agreement_1,True,True,False,False,625,-42.72876739501953,-37.11176300048828,0
Christine praises every movie.,Christine praise every movie.,morphology,subject_verb_agreement,regular_plural_subject_verb_agreement_1,True,True,False,False,626,-37.008056640625,-35.01808166503906,0
Amy has boasted about Winston Churchill.,Amy have boasted about Winston Churchill.,morphology,subject_verb_agreement,regular_plural_subject_verb_agreement_1,True,True,False,False,627,-46.24340057373047,-47.066123962402344,1
Boys criticize Sheila.,Boys criticizes Sheila.,morphology,subject_verb_agreement,regular_plural_subject_verb_agreement_1,True,True,False,False,628,-40.79404830932617,-47.83606719970703,1
Sabrina hasn't cleaned every slope.,Sabrina haven't cleaned every slope.,morphology,subject_verb_agreement,regular_plural_subject_verb_agreement_1,True,True,False,False,629,-51.180843353271484,-52.821136474609375,1
The Borgias have irritated Cynthia.,The Borgias has irritated Cynthia.,morphology,subject_verb_agreement,regular_plural_subject_verb_agreement_1,True,True,False,False,630,-58.05145263671875,-57.55201721191406,0
Denise has worn a lot of socks.,Denise have worn a lot of socks.,morphology,subject_verb_agreement,regular_plural_subject_verb_agreement_1,True,True,False,False,631,-42.55586624145508,-43.34928512573242,1
Carlos helps the adult.,Carlos help the adult.,morphology,subject_verb_agreement,regular_plural_subject_verb_agreement_1,True,True,False,False,632,-32.774253845214844,-30.11105728149414,0
The teachers complain about a commentary.,The teachers complains about a commentary.,morphology,subject_verb_agreement,regular_plural_subject_verb_agreement_1,True,True,False,False,633,-39.70225143432617,-41.069393157958984,1
Connie remembers Deanna.,Connie remember Deanna.,morphology,subject_verb_agreement,regular_plural_subject_verb_agreement_1,True,True,False,False,634,-39.759429931640625,-39.20756149291992,0
Vanessa hasn't remembered all cafes.,Vanessa haven't remembered all cafes.,morphology,subject_verb_agreement,regular_plural_subject_verb_agreement_1,True,True,False,False,635,-50.50529098510742,-52.40387725830078,1
Carlos has talked about Anna.,Carlos have talked about Anna.,morphology,subject_verb_agreement,regular_plural_subject_verb_agreement_1,True,True,False,False,636,-39.152835845947266,-39.285987854003906,1
Karla hasn't irritated every organization.,Karla haven't irritated every organization.,morphology,subject_verb_agreement,regular_plural_subject_verb_agreement_1,True,True,False,False,637,-47.65055847167969,-51.22806167602539,1
Robert has watched Rose.,Robert have watched Rose.,morphology,subject_verb_agreement,regular_plural_subject_verb_agreement_1,True,True,False,False,638,-27.450504302978516,-28.421939849853516,1
Martin hasn't questioned Mitchell.,Martin haven't questioned Mitchell.,morphology,subject_verb_agreement,regular_plural_subject_verb_agreement_1,True,True,False,False,639,-36.493194580078125,-36.86724090576172,1
Dennis breaks these planes.,Dennis break these planes.,morphology,subject_verb_agreement,regular_plural_subject_verb_agreement_1,True,True,False,False,640,-40.233848571777344,-41.10087203979492,1
Kenneth goes to every college campus.,Kenneth go to every college campus.,morphology,subject_verb_agreement,regular_plural_subject_verb_agreement_1,True,True,False,False,641,-45.36103057861328,-46.27156066894531,1
Many waitresses reference some actors.,Many waitresses references some actors.,morphology,subject_verb_agreement,regular_plural_subject_verb_agreement_1,True,True,False,False,642,-52.75210952758789,-52.909873962402344,1
A lot of waitresses scare Edward.,A lot of waitresses scares Edward.,morphology,subject_verb_agreement,regular_plural_subject_verb_agreement_1,True,True,False,False,643,-61.53373336791992,-62.62839126586914,1
This icicle distracts Anna.,This icicle distract Anna.,morphology,subject_verb_agreement,regular_plural_subject_verb_agreement_1,True,True,False,False,644,-53.6195182800293,-47.05739212036133,0
Most newspaper articles scare a lot of universities.,Most newspaper articles scares a lot of universities.,morphology,subject_verb_agreement,regular_plural_subject_verb_agreement_1,True,True,False,False,645,-55.564979553222656,-57.0721435546875,1
Helen scans some report.,Helen scan some report.,morphology,subject_verb_agreement,regular_plural_subject_verb_agreement_1,True,True,False,False,646,-38.0909309387207,-36.94560241699219,0
Most students know Sabrina.,Most students knows Sabrina.,morphology,subject_verb_agreement,regular_plural_subject_verb_agreement_1,True,True,False,False,647,-36.870811462402344,-39.165260314941406,1
Carol hasn't discussed Linda.,Carol haven't discussed Linda.,morphology,subject_verb_agreement,regular_plural_subject_verb_agreement_1,True,True,False,False,648,-45.20805740356445,-45.77058410644531,1
These teachers break those bicycles.,These teachers breaks those bicycles.,morphology,subject_verb_agreement,regular_plural_subject_verb_agreement_1,True,True,False,False,649,-42.95216751098633,-43.705596923828125,1
The bird impresses Scott.,The bird impress Scott.,morphology,subject_verb_agreement,regular_plural_subject_verb_agreement_1,True,True,False,False,650,-44.21687316894531,-38.24034118652344,0
Carl has skated around every closet.,Carl have skated around every closet.,morphology,subject_verb_agreement,regular_plural_subject_verb_agreement_1,True,True,False,False,651,-49.55640411376953,-51.90672302246094,1
Stacy explores the art gallery.,Stacy explore the art gallery.,morphology,subject_verb_agreement,regular_plural_subject_verb_agreement_1,True,True,False,False,652,-37.4393424987793,-38.58225631713867,1
Debra isn't touring that mall.,Debra weren't touring that mall.,morphology,subject_verb_agreement,regular_plural_subject_verb_agreement_1,True,True,False,False,653,-49.5030632019043,-52.264312744140625,1
That book has resembled all paintings.,That book have resembled all paintings.,morphology,subject_verb_agreement,regular_plural_subject_verb_agreement_1,True,True,False,False,654,-45.11347961425781,-47.39698791503906,1
Those drawings aren't embarrassing Ella.,Those drawings wasn't embarrassing Ella.,morphology,subject_verb_agreement,regular_plural_subject_verb_agreement_1,True,True,False,False,655,-52.50044631958008,-55.183135986328125,1
Lissa sells that banana.,Lissa sell that banana.,morphology,subject_verb_agreement,regular_plural_subject_verb_agreement_1,True,True,False,False,656,-45.31836700439453,-43.8332405090332,0
Marcus is messing up that chair.,Marcus were messing up that chair.,morphology,subject_verb_agreement,regular_plural_subject_verb_agreement_1,True,True,False,False,657,-40.33357620239258,-39.684417724609375,0
Theresa tours the restaurant.,Theresa tour the restaurant.,morphology,subject_verb_agreement,regular_plural_subject_verb_agreement_1,True,True,False,False,658,-37.03355407714844,-33.88463592529297,0
Peter wasn't bringing these computers.,Peter aren't bringing these computers.,morphology,subject_verb_agreement,regular_plural_subject_verb_agreement_1,True,True,False,False,659,-40.69001007080078,-37.238040924072266,0
Victoria is wearing all scarves.,Victoria were wearing all scarves.,morphology,subject_verb_agreement,regular_plural_subject_verb_agreement_1,True,True,False,False,660,-36.538429260253906,-40.63130187988281,1
Diane cares for Christina.,Diane care for Christina.,morphology,subject_verb_agreement,regular_plural_subject_verb_agreement_1,True,True,False,False,661,-40.09339904785156,-38.13908004760742,0
Craig hasn't escaped from every mountain.,Craig haven't escaped from every mountain.,morphology,subject_verb_agreement,regular_plural_subject_verb_agreement_1,True,True,False,False,662,-45.331626892089844,-45.470314025878906,1
Monica isn't stunning Bill.,Monica aren't stunning Bill.,morphology,subject_verb_agreement,regular_plural_subject_verb_agreement_1,True,True,False,False,663,-44.063419342041016,-46.18029022216797,1
Heidi cares for Rose.,Heidi care for Rose.,morphology,subject_verb_agreement,regular_plural_subject_verb_agreement_1,True,True,False,False,664,-41.349910736083984,-40.406455993652344,0
Brad hasn't dropped by every museum.,Brad haven't dropped by every museum.,morphology,subject_verb_agreement,regular_plural_subject_verb_agreement_1,True,True,False,False,665,-43.301918029785156,-42.435970306396484,0
Some essay hasn't astounded Raymond.,Some essay haven't astounded Raymond.,morphology,subject_verb_agreement,regular_plural_subject_verb_agreement_1,True,True,False,False,666,-58.32638931274414,-59.106658935546875,1
Organizations work with Tammy.,Organizations works with Tammy.,morphology,subject_verb_agreement,regular_plural_subject_verb_agreement_1,True,True,False,False,667,-38.89618682861328,-39.37974548339844,1
That skirt looks like a drawing.,That skirt look like a drawing.,morphology,subject_verb_agreement,regular_plural_subject_verb_agreement_1,True,True,False,False,668,-36.26976013183594,-38.366249084472656,1
Many committees respect Eva.,Many committees respects Eva.,morphology,subject_verb_agreement,regular_plural_subject_verb_agreement_1,True,True,False,False,669,-42.842369079589844,-43.8287239074707,1
Danielle is climbing up the mountain.,Danielle were climbing up the mountain.,morphology,subject_verb_agreement,regular_plural_subject_verb_agreement_1,True,True,False,False,670,-40.85736846923828,-42.786216735839844,1
Todd cleans many forks.,Todd clean many forks.,morphology,subject_verb_agreement,regular_plural_subject_verb_agreement_1,True,True,False,False,671,-31.880062103271484,-32.50128173828125,1
Most adults were hiding every restaurant.,Most adults is hiding every restaurant.,morphology,subject_verb_agreement,regular_plural_subject_verb_agreement_1,True,True,False,False,672,-42.7956428527832,-40.13780975341797,0
Jennifer has a lot of apples.,Jennifer have a lot of apples.,morphology,subject_verb_agreement,regular_plural_subject_verb_agreement_1,True,True,False,False,673,-25.651058197021484,-26.637176513671875,1
All dancers tour many hospitals.,All dancers tours many hospitals.,morphology,subject_verb_agreement,regular_plural_subject_verb_agreement_1,True,True,False,False,674,-42.38394546508789,-42.915061950683594,1
Donald isn't revealing that steak.,Donald aren't revealing that steak.,morphology,subject_verb_agreement,regular_plural_subject_verb_agreement_1,True,True,False,False,675,-40.54933547973633,-40.78276824951172,1
Scott isn't buying some pie.,Scott weren't buying some pie.,morphology,subject_verb_agreement,regular_plural_subject_verb_agreement_1,True,True,False,False,676,-39.57139205932617,-41.798980712890625,1
This waiter looks like that sketch.,This waiter look like that sketch.,morphology,subject_verb_agreement,regular_plural_subject_verb_agreement_1,True,True,False,False,677,-43.74333572387695,-44.91627502441406,1
All customers conceal most students.,All customers conceals most students.,morphology,subject_verb_agreement,regular_plural_subject_verb_agreement_1,True,True,False,False,678,-40.137901306152344,-48.9603385925293,1
Marcus wasn't attacking Bruce.,Marcus aren't attacking Bruce.,morphology,subject_verb_agreement,regular_plural_subject_verb_agreement_1,True,True,False,False,679,-40.08881759643555,-37.756195068359375,0
Actors go to most grocery stores.,Actors goes to most grocery stores.,morphology,subject_verb_agreement,regular_plural_subject_verb_agreement_1,True,True,False,False,680,-52.60844421386719,-50.51327896118164,0
Rodney was boasting about Erin.,Rodney were boasting about Erin.,morphology,subject_verb_agreement,regular_plural_subject_verb_agreement_1,True,True,False,False,681,-52.36223602294922,-54.208248138427734,1
Peter talks to Jill.,Peter talk to Jill.,morphology,subject_verb_agreement,regular_plural_subject_verb_agreement_1,True,True,False,False,682,-27.93474006652832,-30.386470794677734,1
Lawrence heals Karen.,Lawrence heal Karen.,morphology,subject_verb_agreement,regular_plural_subject_verb_agreement_1,True,True,False,False,683,-40.16864776611328,-38.946533203125,0
Wayne hasn't worn a dress.,Wayne haven't worn a dress.,morphology,subject_verb_agreement,regular_plural_subject_verb_agreement_1,True,True,False,False,684,-39.70488357543945,-41.56098556518555,1
Benjamin has worked with Steve.,Benjamin have worked with Steve.,morphology,subject_verb_agreement,regular_plural_subject_verb_agreement_1,True,True,False,False,685,-37.40358352661133,-41.611202239990234,1
Cheryl is escaping from Pamela.,Cheryl are escaping from Pamela.,morphology,subject_verb_agreement,regular_plural_subject_verb_agreement_1,True,True,False,False,686,-55.68428421020508,-56.95875549316406,1
Sherry has biked to art galleries.,Sherry have biked to art galleries.,morphology,subject_verb_agreement,regular_plural_subject_verb_agreement_1,True,True,False,False,687,-63.506038665771484,-64.12419891357422,1
This driver was thinking about many malls.,This driver were thinking about many malls.,morphology,subject_verb_agreement,regular_plural_subject_verb_agreement_1,True,True,False,False,688,-45.570220947265625,-47.59715270996094,1
Meredith has hugged Julia.,Meredith have hugged Julia.,morphology,subject_verb_agreement,regular_plural_subject_verb_agreement_1,True,True,False,False,689,-51.88080978393555,-52.87099838256836,1
Samuel hasn't cared for Monet.,Samuel haven't cared for Monet.,morphology,subject_verb_agreement,regular_plural_subject_verb_agreement_1,True,True,False,False,690,-50.92441940307617,-51.707645416259766,1
Florence hasn't hurt Carlos.,Florence haven't hurt Carlos.,morphology,subject_verb_agreement,regular_plural_subject_verb_agreement_1,True,True,False,False,691,-48.996925354003906,-50.917572021484375,1
Some organizations forget Daniel.,Some organizations forgets Daniel.,morphology,subject_verb_agreement,regular_plural_subject_verb_agreement_1,True,True,False,False,692,-37.81745529174805,-46.534420013427734,1
Theresa has dropped by some hospital.,Theresa have dropped by some hospital.,morphology,subject_verb_agreement,regular_plural_subject_verb_agreement_1,True,True,False,False,693,-44.148284912109375,-47.492523193359375,1
A cup disgusts Lisa.,A cup disgust Lisa.,morphology,subject_verb_agreement,regular_plural_subject_verb_agreement_1,True,True,False,False,694,-49.73484420776367,-40.810211181640625,0
Most children listen to Regina.,Most children listens to Regina.,morphology,subject_verb_agreement,regular_plural_subject_verb_agreement_1,True,True,False,False,695,-37.49050521850586,-40.028839111328125,1
Holly has known Rose.,Holly have known Rose.,morphology,subject_verb_agreement,regular_plural_subject_verb_agreement_1,True,True,False,False,696,-37.09514617919922,-38.16847229003906,1
Kayla has disgusted the waiter.,Kayla have disgusted the waiter.,morphology,subject_verb_agreement,regular_plural_subject_verb_agreement_1,True,True,False,False,697,-43.52534484863281,-45.11703109741211,1
Jessica isn't breaking trucks.,Jessica weren't breaking trucks.,morphology,subject_verb_agreement,regular_plural_subject_verb_agreement_1,True,True,False,False,698,-34.99382781982422,-36.453285217285156,1
Rachelle listens to Teresa.,Rachelle listen to Teresa.,morphology,subject_verb_agreement,regular_plural_subject_verb_agreement_1,True,True,False,False,699,-37.24946594238281,-34.394718170166016,0
All teachers care for Teresa.,All teachers cares for Teresa.,morphology,subject_verb_agreement,regular_plural_subject_verb_agreement_1,True,True,False,False,700,-36.607872009277344,-39.06768798828125,1
Donald heals Heather.,Donald heal Heather.,morphology,subject_verb_agreement,regular_plural_subject_verb_agreement_1,True,True,False,False,701,-28.793087005615234,-28.19406509399414,0
Some river resembles all prints.,Some river resemble all prints.,morphology,subject_verb_agreement,regular_plural_subject_verb_agreement_1,True,True,False,False,702,-42.659751892089844,-44.36681365966797,1
Angela was talking to those adults.,Angela were talking to those adults.,morphology,subject_verb_agreement,regular_plural_subject_verb_agreement_1,True,True,False,False,703,-39.81864929199219,-41.397743225097656,1
Some cashiers admire Michael.,Some cashiers admires Michael.,morphology,subject_verb_agreement,regular_plural_subject_verb_agreement_1,True,True,False,False,704,-47.528541564941406,-56.1943473815918,1
Jill hasn't ascended many steps.,Jill haven't ascended many steps.,morphology,subject_verb_agreement,regular_plural_subject_verb_agreement_1,True,True,False,False,705,-50.15496063232422,-51.07305908203125,1
Wendy is escaping from most college campuses.,Wendy are escaping from most college campuses.,morphology,subject_verb_agreement,regular_plural_subject_verb_agreement_1,True,True,False,False,706,-58.310516357421875,-59.757286071777344,1
Brenda hasn't referenced Walter.,Brenda haven't referenced Walter.,morphology,subject_verb_agreement,regular_plural_subject_verb_agreement_1,True,True,False,False,707,-46.514854431152344,-47.30483627319336,1
Gina wasn't thinking about a glass.,Gina weren't thinking about a glass.,morphology,subject_verb_agreement,regular_plural_subject_verb_agreement_1,True,True,False,False,708,-46.058204650878906,-46.24668884277344,1
Those teachers have a lot of cucumbers.,Those teachers has a lot of cucumbers.,morphology,subject_verb_agreement,regular_plural_subject_verb_agreement_1,True,True,False,False,709,-41.74397277832031,-42.485931396484375,1
Derek was hiring Kayla.,Derek are hiring Kayla.,morphology,subject_verb_agreement,regular_plural_subject_verb_agreement_1,True,True,False,False,710,-48.81563186645508,-49.8162841796875,1
Liam isn't escaping from a dancer.,Liam weren't escaping from a dancer.,morphology,subject_verb_agreement,regular_plural_subject_verb_agreement_1,True,True,False,False,711,-53.239723205566406,-53.79788589477539,1
Frank hasn't revealed a convertible.,Frank haven't revealed a convertible.,morphology,subject_verb_agreement,regular_plural_subject_verb_agreement_1,True,True,False,False,712,-37.03515625,-37.681800842285156,1
Teresa likes Alan.,Teresa like Alan.,morphology,subject_verb_agreement,regular_plural_subject_verb_agreement_1,True,True,False,False,713,-38.83985900878906,-35.488983154296875,0
Sally appreciates Steve.,Sally appreciate Steve.,morphology,subject_verb_agreement,regular_plural_subject_verb_agreement_1,True,True,False,False,714,-37.82886505126953,-35.43783187866211,0
Every shirt astounds Omar.,Every shirt astound Omar.,morphology,subject_verb_agreement,regular_plural_subject_verb_agreement_1,True,True,False,False,715,-49.27463912963867,-46.371925354003906,0
Most reports were shocking Andrea.,Most reports is shocking Andrea.,morphology,subject_verb_agreement,regular_plural_subject_verb_agreement_1,True,True,False,False,716,-41.22325897216797,-40.84668731689453,0
Diana was stunning the lady.,Diana are stunning the lady.,morphology,subject_verb_agreement,regular_plural_subject_verb_agreement_1,True,True,False,False,717,-42.55215072631836,-43.097354888916016,1
The bank hates Donald.,The bank hate Donald.,morphology,subject_verb_agreement,regular_plural_subject_verb_agreement_1,True,True,False,False,718,-38.419010162353516,-36.68663024902344,0
A lot of waiters have talked to Candice.,A lot of waiters has talked to Candice.,morphology,subject_verb_agreement,regular_plural_subject_verb_agreement_1,True,True,False,False,719,-67.56721496582031,-69.34487915039062,1
Suzanne scares Ruth.,Suzanne scare Ruth.,morphology,subject_verb_agreement,regular_plural_subject_verb_agreement_1,True,True,False,False,720,-41.09912109375,-40.12001419067383,0
Karen has questioned that waitress.,Karen have questioned that waitress.,morphology,subject_verb_agreement,regular_plural_subject_verb_agreement_1,True,True,False,False,721,-46.25653839111328,-47.958770751953125,1
Those children respect most waiters.,Those children respects most waiters.,morphology,subject_verb_agreement,regular_plural_subject_verb_agreement_1,True,True,False,False,722,-48.43108367919922,-49.62319564819336,1
Victoria disturbs the universities.,Victoria disturb the universities.,morphology,subject_verb_agreement,regular_plural_subject_verb_agreement_1,True,True,False,False,723,-40.89409637451172,-28.496299743652344,0
That patient has confused Daniel.,That patient have confused Daniel.,morphology,subject_verb_agreement,regular_plural_subject_verb_agreement_1,True,True,False,False,724,-43.964500427246094,-45.92081832885742,1
Tara is scaring Aaron.,Tara are scaring Aaron.,morphology,subject_verb_agreement,regular_plural_subject_verb_agreement_1,True,True,False,False,725,-44.574371337890625,-47.33285903930664,1
Kathleen was admiring most wheelbarrows.,Kathleen were admiring most wheelbarrows.,morphology,subject_verb_agreement,regular_plural_subject_verb_agreement_1,True,True,False,False,726,-82.66624450683594,-83.75352478027344,1
Carol hasn't hired Liam.,Carol haven't hired Liam.,morphology,subject_verb_agreement,regular_plural_subject_verb_agreement_1,True,True,False,False,727,-44.984832763671875,-45.38574981689453,1
William climbs down the stairs.,William climb down the stairs.,morphology,subject_verb_agreement,regular_plural_subject_verb_agreement_1,True,True,False,False,728,-30.045961380004883,-28.176467895507812,0
Those actresses examine those essays.,Those actresses examines those essays.,morphology,subject_verb_agreement,regular_plural_subject_verb_agreement_1,True,True,False,False,729,-43.8591423034668,-43.36384963989258,0
Sheila was hurting Emily.,Sheila were hurting Emily.,morphology,subject_verb_agreement,regular_plural_subject_verb_agreement_1,True,True,False,False,730,-38.78923416137695,-40.04119873046875,1
Becca isn't skated around all libraries.,Becca aren't skated around all libraries.,morphology,subject_verb_agreement,regular_plural_subject_verb_agreement_1,True,True,False,False,731,-62.41469192504883,-63.43346405029297,1
This guest has disgusted Victoria.,This guest have disgusted Victoria.,morphology,subject_verb_agreement,regular_plural_subject_verb_agreement_1,True,True,False,False,732,-44.116817474365234,-47.47991943359375,1
Sheila reveals Carrie.,Sheila reveal Carrie.,morphology,subject_verb_agreement,regular_plural_subject_verb_agreement_1,True,True,False,False,733,-35.07036590576172,-35.81421661376953,1
Most senators bother Ruth.,Most senators bothers Ruth.,morphology,subject_verb_agreement,regular_plural_subject_verb_agreement_1,True,True,False,False,734,-43.35157775878906,-43.08760070800781,0
All actresses wear many socks.,All actresses wears many socks.,morphology,subject_verb_agreement,regular_plural_subject_verb_agreement_1,True,True,False,False,735,-44.65887451171875,-46.07786178588867,1
All documentaries embarrass Todd.,All documentaries embarrasses Todd.,morphology,subject_verb_agreement,regular_plural_subject_verb_agreement_1,True,True,False,False,736,-44.674034118652344,-51.18966293334961,1
All waiters weren't arguing about Dana.,All waiters wasn't arguing about Dana.,morphology,subject_verb_agreement,regular_plural_subject_verb_agreement_1,True,True,False,False,737,-60.749759674072266,-63.94007873535156,1
Grace skates around those libraries.,Grace skate around those libraries.,morphology,subject_verb_agreement,regular_plural_subject_verb_agreement_1,True,True,False,False,738,-49.619224548339844,-46.00810623168945,0
Travis explores a closet.,Travis explore a closet.,morphology,subject_verb_agreement,regular_plural_subject_verb_agreement_1,True,True,False,False,739,-39.08354949951172,-41.99020767211914,1
That guy wasn't noticing Samuel.,That guy aren't noticing Samuel.,morphology,subject_verb_agreement,regular_plural_subject_verb_agreement_1,True,True,False,False,740,-44.12171173095703,-43.82085037231445,0
Suzanne hasn't hugged Christopher.,Suzanne haven't hugged Christopher.,morphology,subject_verb_agreement,regular_plural_subject_verb_agreement_1,True,True,False,False,741,-50.78678894042969,-51.316505432128906,1
Keith hugs these senators.,Keith hug these senators.,morphology,subject_verb_agreement,regular_plural_subject_verb_agreement_1,True,True,False,False,742,-33.120079040527344,-34.97205352783203,1
Carmen is firing Naomi.,Carmen are firing Naomi.,morphology,subject_verb_agreement,regular_plural_subject_verb_agreement_1,True,True,False,False,743,-50.05968475341797,-52.18657684326172,1
Pedestrians heal Robert.,Pedestrians heals Robert.,morphology,subject_verb_agreement,regular_plural_subject_verb_agreement_1,True,True,False,False,744,-44.333526611328125,-46.02388000488281,1
Heidi hasn't bought that mouth.,Heidi haven't bought that mouth.,morphology,subject_verb_agreement,regular_plural_subject_verb_agreement_1,True,True,False,False,745,-50.00266647338867,-51.19439697265625,1
These hospitals insult Noah.,These hospitals insults Noah.,morphology,subject_verb_agreement,regular_plural_subject_verb_agreement_1,True,True,False,False,746,-41.150962829589844,-42.7205810546875,1
Every slope upsets Wendy.,Every slope upset Wendy.,morphology,subject_verb_agreement,regular_plural_subject_verb_agreement_1,True,True,False,False,747,-55.14028549194336,-44.21479797363281,0
Politics was disgusting some patient.,Politics are disgusting some patient.,morphology,subject_verb_agreement,regular_plural_subject_verb_agreement_1,True,True,False,False,748,-36.442237854003906,-35.161170959472656,0
Jerry isn't going to that glacier.,Jerry weren't going to that glacier.,morphology,subject_verb_agreement,regular_plural_subject_verb_agreement_1,True,True,False,False,749,-41.77395248413086,-41.53225326538086,0
Roger has healed Angela.,Roger have healed Angela.,morphology,subject_verb_agreement,regular_plural_subject_verb_agreement_1,True,True,False,False,750,-32.89036560058594,-34.60956573486328,1
Susan breaks most convertibles.,Susan break most convertibles.,morphology,subject_verb_agreement,regular_plural_subject_verb_agreement_1,True,True,False,False,751,-44.95719528198242,-45.26154327392578,1
Pamela has arrived at this high school.,Pamela have arrived at this high school.,morphology,subject_verb_agreement,regular_plural_subject_verb_agreement_1,True,True,False,False,752,-50.886383056640625,-51.46982955932617,1
Steven was researching most books.,Steven were researching most books.,morphology,subject_verb_agreement,regular_plural_subject_verb_agreement_1,True,True,False,False,753,-32.256065368652344,-33.89922332763672,1
Elizabeth was boasting about Paul.,Elizabeth are boasting about Paul.,morphology,subject_verb_agreement,regular_plural_subject_verb_agreement_1,True,True,False,False,754,-38.50559997558594,-38.71250915527344,1
Vincent wasn't disturbing these dancers.,Vincent aren't disturbing these dancers.,morphology,subject_verb_agreement,regular_plural_subject_verb_agreement_1,True,True,False,False,755,-58.35308074951172,-55.019134521484375,0
A committee isn't working with John.,A committee aren't working with John.,morphology,subject_verb_agreement,regular_plural_subject_verb_agreement_1,True,True,False,False,756,-43.603721618652344,-44.429595947265625,1
Derek has run around high schools.,Derek have run around high schools.,morphology,subject_verb_agreement,regular_plural_subject_verb_agreement_1,True,True,False,False,757,-46.4372673034668,-48.972747802734375,1
Vincent cleans some college campus.,Vincent clean some college campus.,morphology,subject_verb_agreement,regular_plural_subject_verb_agreement_1,True,True,False,False,758,-49.20071029663086,-49.548194885253906,1
Alan criticizes Rhonda.,Alan criticize Rhonda.,morphology,subject_verb_agreement,regular_plural_subject_verb_agreement_1,True,True,False,False,759,-43.05754852294922,-36.69590759277344,0
Marie has seen Gary.,Marie have seen Gary.,morphology,subject_verb_agreement,regular_plural_subject_verb_agreement_1,True,True,False,False,760,-26.699918746948242,-29.899398803710938,1
Some drivers annoys Derek.,Some drivers annoy Derek.,morphology,subject_verb_agreement,regular_plural_subject_verb_agreement_1,True,True,False,False,761,-43.949310302734375,-39.63026428222656,0
The adults confuse Marla.,The adults confuses Marla.,morphology,subject_verb_agreement,regular_plural_subject_verb_agreement_1,True,True,False,False,762,-44.830322265625,-50.17737579345703,1
All ladies discover some unicycle.,All ladies discovers some unicycle.,morphology,subject_verb_agreement,regular_plural_subject_verb_agreement_1,True,True,False,False,763,-48.27622604370117,-49.36231994628906,1
Melanie admires the books.,Melanie admire the books.,morphology,subject_verb_agreement,regular_plural_subject_verb_agreement_1,True,True,False,False,764,-41.50699996948242,-34.96140670776367,0
David hasn't attacked Alicia.,David haven't attacked Alicia.,morphology,subject_verb_agreement,regular_plural_subject_verb_agreement_1,True,True,False,False,765,-39.560428619384766,-40.232208251953125,1
Carla hasn't found these boys.,Carla haven't found these boys.,morphology,subject_verb_agreement,regular_plural_subject_verb_agreement_1,True,True,False,False,766,-42.5577507019043,-44.774803161621094,1
Most children break that cart.,Most children breaks that cart.,morphology,subject_verb_agreement,regular_plural_subject_verb_agreement_1,True,True,False,False,767,-38.521766662597656,-39.005035400390625,1
Curtis talks to the senators.,Curtis talk to the senators.,morphology,subject_verb_agreement,regular_plural_subject_verb_agreement_1,True,True,False,False,768,-43.516883850097656,-45.12244415283203,1
These boys bike to the Great Lakes.,These boys bikes to the Great Lakes.,morphology,subject_verb_agreement,regular_plural_subject_verb_agreement_1,True,True,False,False,769,-48.27835464477539,-48.559165954589844,1
Suzanne hasn't hated Helen.,Suzanne haven't hated Helen.,morphology,subject_verb_agreement,regular_plural_subject_verb_agreement_1,True,True,False,False,770,-47.49271774291992,-48.4254150390625,1
Frank drops by all hills.,Frank drop by all hills.,morphology,subject_verb_agreement,regular_plural_subject_verb_agreement_1,True,True,False,False,771,-34.56727600097656,-35.854248046875,1
Tanya isn't bringing malls.,Tanya aren't bringing malls.,morphology,subject_verb_agreement,regular_plural_subject_verb_agreement_1,True,True,False,False,772,-45.702552795410156,-47.38134765625,1
Guests dislike all waitresses.,Guests dislikes all waitresses.,morphology,subject_verb_agreement,regular_plural_subject_verb_agreement_1,True,True,False,False,773,-52.528106689453125,-61.06236267089844,1
Donald has fired Jennifer.,Donald have fired Jennifer.,morphology,subject_verb_agreement,regular_plural_subject_verb_agreement_1,True,True,False,False,774,-30.53211212158203,-33.79299545288086,1
Many waiters like Julie.,Many waiters likes Julie.,morphology,subject_verb_agreement,regular_plural_subject_verb_agreement_1,True,True,False,False,775,-39.33378601074219,-47.66532516479492,1
Kathleen disturbs Roger.,Kathleen disturb Roger.,morphology,subject_verb_agreement,regular_plural_subject_verb_agreement_1,True,True,False,False,776,-55.6026611328125,-46.224998474121094,0
Raymond tours closets.,Raymond tour closets.,morphology,subject_verb_agreement,regular_plural_subject_verb_agreement_1,True,True,False,False,777,-37.85608673095703,-34.25044250488281,0
Candice climbs down some steps.,Candice climb down some steps.,morphology,subject_verb_agreement,regular_plural_subject_verb_agreement_1,True,True,False,False,778,-40.07664489746094,-38.08850860595703,0
A lot of patients pass every mountain.,A lot of patients passes every mountain.,morphology,subject_verb_agreement,regular_plural_subject_verb_agreement_1,True,True,False,False,779,-48.134788513183594,-49.268550872802734,1
Marcus is looking like this picture.,Marcus were looking like this picture.,morphology,subject_verb_agreement,regular_plural_subject_verb_agreement_1,True,True,False,False,780,-28.31675910949707,-30.63602638244629,1
Most governments were impressing Karla.,Most governments is impressing Karla.,morphology,subject_verb_agreement,regular_plural_subject_verb_agreement_1,True,True,False,False,781,-53.65729522705078,-53.36272430419922,0
That snake has broken a bicycle.,That snake have broken a bicycle.,morphology,subject_verb_agreement,regular_plural_subject_verb_agreement_1,True,True,False,False,782,-41.28269577026367,-41.605125427246094,1
David hasn't cured Daniel.,David haven't cured Daniel.,morphology,subject_verb_agreement,regular_plural_subject_verb_agreement_1,True,True,False,False,783,-39.913063049316406,-39.944026947021484,1
The cashier is driving to these hospitals.,The cashier are driving to these hospitals.,morphology,subject_verb_agreement,regular_plural_subject_verb_agreement_1,True,True,False,False,784,-51.83160400390625,-52.22268295288086,1
Current events are embarrassing Dan.,Current events is embarrassing Dan.,morphology,subject_verb_agreement,regular_plural_subject_verb_agreement_1,True,True,False,False,785,-40.187599182128906,-40.800315856933594,1
Benjamin references Donald.,Benjamin reference Donald.,morphology,subject_verb_agreement,regular_plural_subject_verb_agreement_1,True,True,False,False,786,-41.02747344970703,-42.47021484375,1
Becky sells the book.,Becky sell the book.,morphology,subject_verb_agreement,regular_plural_subject_verb_agreement_1,True,True,False,False,787,-30.027597427368164,-30.132652282714844,1
Brian hasn't sounded like a senator.,Brian haven't sounded like a senator.,morphology,subject_verb_agreement,regular_plural_subject_verb_agreement_1,True,True,False,False,788,-39.37389373779297,-40.64849090576172,1
The teachers skate around a mountain.,The teachers skates around a mountain.,morphology,subject_verb_agreement,regular_plural_subject_verb_agreement_1,True,True,False,False,789,-45.73008346557617,-47.734405517578125,1
Sarah sells this muffin.,Sarah sell this muffin.,morphology,subject_verb_agreement,regular_plural_subject_verb_agreement_1,True,True,False,False,790,-36.62971496582031,-36.11204528808594,0
These ladies fix the plate.,These ladies fixes the plate.,morphology,subject_verb_agreement,regular_plural_subject_verb_agreement_1,True,True,False,False,791,-34.01585006713867,-37.488040924072266,1
Sheila hasn't dropped by every art gallery.,Sheila haven't dropped by every art gallery.,morphology,subject_verb_agreement,regular_plural_subject_verb_agreement_1,True,True,False,False,792,-60.208702087402344,-61.67735290527344,1
Keith is observing Eric.,Keith are observing Eric.,morphology,subject_verb_agreement,regular_plural_subject_verb_agreement_1,True,True,False,False,793,-32.0595703125,-33.03030776977539,1
Actors tour all grocery stores.,Actors tours all grocery stores.,morphology,subject_verb_agreement,regular_plural_subject_verb_agreement_1,True,True,False,False,794,-49.340511322021484,-49.927608489990234,1
A lot of pedestrians stuns Diane.,A lot of pedestrians stun Diane.,morphology,subject_verb_agreement,regular_plural_subject_verb_agreement_1,True,True,False,False,795,-60.00627136230469,-53.29472351074219,0
Alexander is kissing Karen.,Alexander were kissing Karen.,morphology,subject_verb_agreement,regular_plural_subject_verb_agreement_1,True,True,False,False,796,-32.51408767700195,-33.221336364746094,1
Roger climbs up many ladders.,Roger climb up many ladders.,morphology,subject_verb_agreement,regular_plural_subject_verb_agreement_1,True,True,False,False,797,-40.974098205566406,-41.061893463134766,1
Homer wasn't arguing about Kirsten.,Homer weren't arguing about Kirsten.,morphology,subject_verb_agreement,regular_plural_subject_verb_agreement_1,True,True,False,False,798,-55.92770767211914,-56.17765808105469,1
Christina is listening to some dancer.,Christina are listening to some dancer.,morphology,subject_verb_agreement,regular_plural_subject_verb_agreement_1,True,True,False,False,799,-41.29512023925781,-42.68865966796875,1
These reports astound these waitresses.,These reports astounds these waitresses.,morphology,subject_verb_agreement,regular_plural_subject_verb_agreement_1,True,True,False,False,800,-59.644065856933594,-62.502872467041016,1
The dancer lifts many grocery stores.,The dancer lift many grocery stores.,morphology,subject_verb_agreement,regular_plural_subject_verb_agreement_1,True,True,False,False,801,-48.61442565917969,-50.42748260498047,1
Kristen has respected Jennifer.,Kristen have respected Jennifer.,morphology,subject_verb_agreement,regular_plural_subject_verb_agreement_1,True,True,False,False,802,-40.24142837524414,-41.674049377441406,1
The lady investigates Benjamin.,The lady investigate Benjamin.,morphology,subject_verb_agreement,regular_plural_subject_verb_agreement_1,True,True,False,False,803,-39.2698974609375,-41.103580474853516,1
Heidi has respected Melissa.,Heidi have respected Melissa.,morphology,subject_verb_agreement,regular_plural_subject_verb_agreement_1,True,True,False,False,804,-48.26145553588867,-50.573997497558594,1
Carla discovers Benjamin.,Carla discover Benjamin.,morphology,subject_verb_agreement,regular_plural_subject_verb_agreement_1,True,True,False,False,805,-34.465110778808594,-36.820159912109375,1
All patients ascend these hills.,All patients ascends these hills.,morphology,subject_verb_agreement,regular_plural_subject_verb_agreement_1,True,True,False,False,806,-45.46928787231445,-48.37359619140625,1
Tanya wasn't bringing this mirror.,Tanya weren't bringing this mirror.,morphology,subject_verb_agreement,regular_plural_subject_verb_agreement_1,True,True,False,False,807,-50.26207733154297,-49.73894500732422,0
Peter has respected Karen.,Peter have respected Karen.,morphology,subject_verb_agreement,regular_plural_subject_verb_agreement_1,True,True,False,False,808,-28.768686294555664,-31.848369598388672,1
Amy drops by a lot of rivers.,Amy drop by a lot of rivers.,morphology,subject_verb_agreement,regular_plural_subject_verb_agreement_1,True,True,False,False,809,-36.512901306152344,-37.286983489990234,1
A lot of girls are arriving at the public parks.,A lot of girls is arriving at the public parks.,morphology,subject_verb_agreement,regular_plural_subject_verb_agreement_1,True,True,False,False,810,-53.7352294921875,-55.602760314941406,1
Every box has bothered Ronald.,Every box have bothered Ronald.,morphology,subject_verb_agreement,regular_plural_subject_verb_agreement_1,True,True,False,False,811,-46.646942138671875,-48.82243728637695,1
Stacey listens to Mark.,Stacey listen to Mark.,morphology,subject_verb_agreement,regular_plural_subject_verb_agreement_1,True,True,False,False,812,-38.610496520996094,-36.93063735961914,0
That library impresses Rachel.,That library impress Rachel.,morphology,subject_verb_agreement,regular_plural_subject_verb_agreement_1,True,True,False,False,813,-46.92103958129883,-40.821353912353516,0
The Borgias have questioned Sherry.,The Borgias has questioned Sherry.,morphology,subject_verb_agreement,regular_plural_subject_verb_agreement_1,True,True,False,False,814,-59.03196334838867,-58.63654327392578,0
All cashiers go to that movie theater.,All cashiers goes to that movie theater.,morphology,subject_verb_agreement,regular_plural_subject_verb_agreement_1,True,True,False,False,815,-61.74024963378906,-61.66749572753906,0
Beth hasn't boycotted some association.,Beth haven't boycotted some association.,morphology,subject_verb_agreement,regular_plural_subject_verb_agreement_1,True,True,False,False,816,-69.58489990234375,-71.11134338378906,1
Sally is stunning Andrea.,Sally were stunning Andrea.,morphology,subject_verb_agreement,regular_plural_subject_verb_agreement_1,True,True,False,False,817,-39.877662658691406,-42.28936004638672,1
All waitresses are disagreeing with that lady.,All waitresses is disagreeing with that lady.,morphology,subject_verb_agreement,regular_plural_subject_verb_agreement_1,True,True,False,False,818,-70.09910583496094,-73.0707778930664,1
The guy has questioned the hospital.,The guy have questioned the hospital.,morphology,subject_verb_agreement,regular_plural_subject_verb_agreement_1,True,True,False,False,819,-35.66796112060547,-37.68456268310547,1
Gregory has bored Omar.,Gregory have bored Omar.,morphology,subject_verb_agreement,regular_plural_subject_verb_agreement_1,True,True,False,False,820,-41.98625564575195,-44.263023376464844,1
A lot of cashiers impress Lawrence.,A lot of cashiers impresses Lawrence.,morphology,subject_verb_agreement,regular_plural_subject_verb_agreement_1,True,True,False,False,821,-58.132694244384766,-65.13048553466797,1
Most closets have embarrassed Monet.,Most closets has embarrassed Monet.,morphology,subject_verb_agreement,regular_plural_subject_verb_agreement_1,True,True,False,False,822,-51.94501495361328,-52.53736114501953,1
The steak distracts a school.,The steak distract a school.,morphology,subject_verb_agreement,regular_plural_subject_verb_agreement_1,True,True,False,False,823,-44.112213134765625,-41.2071418762207,0
The dancers skate around all libraries.,The dancers skates around all libraries.,morphology,subject_verb_agreement,regular_plural_subject_verb_agreement_1,True,True,False,False,824,-52.07414245605469,-54.042938232421875,1
Leslie conceals most restaurants.,Leslie conceal most restaurants.,morphology,subject_verb_agreement,regular_plural_subject_verb_agreement_1,True,True,False,False,825,-51.23431396484375,-40.83604431152344,0
Every spotlight embarrasses Lissa.,Every spotlight embarrass Lissa.,morphology,subject_verb_agreement,regular_plural_subject_verb_agreement_1,True,True,False,False,826,-56.849937438964844,-49.397789001464844,0
Edward descends all hills.,Edward descend all hills.,morphology,subject_verb_agreement,regular_plural_subject_verb_agreement_1,True,True,False,False,827,-38.49491882324219,-33.64252853393555,0
Stacey was messing up those glasses.,Stacey were messing up those glasses.,morphology,subject_verb_agreement,regular_plural_subject_verb_agreement_1,True,True,False,False,828,-53.57312774658203,-51.83448028564453,0
This wheelbarrow bothers every legislature.,This wheelbarrow bother every legislature.,morphology,subject_verb_agreement,regular_plural_subject_verb_agreement_1,True,True,False,False,829,-66.54612731933594,-65.05567932128906,0
The government has praised Linda.,The government have praised Linda.,morphology,subject_verb_agreement,regular_plural_subject_verb_agreement_1,True,True,False,False,830,-33.98967742919922,-37.03514862060547,1
Douglas tours a lake.,Douglas tour a lake.,morphology,subject_verb_agreement,regular_plural_subject_verb_agreement_1,True,True,False,False,831,-40.20989990234375,-37.5899658203125,0
Derek wasn't confusing Julie.,Derek weren't confusing Julie.,morphology,subject_verb_agreement,regular_plural_subject_verb_agreement_1,True,True,False,False,832,-51.627986907958984,-50.1121940612793,0
The patients remember a mall.,The patients remembers a mall.,morphology,subject_verb_agreement,regular_plural_subject_verb_agreement_1,True,True,False,False,833,-36.12842559814453,-38.347190856933594,1
Heather was watching Alicia.,Heather were watching Alicia.,morphology,subject_verb_agreement,regular_plural_subject_verb_agreement_1,True,True,False,False,834,-43.63555145263672,-45.273223876953125,1
The Clintons heal a boy.,The Clintons heals a boy.,morphology,subject_verb_agreement,regular_plural_subject_verb_agreement_1,True,True,False,False,835,-37.481468200683594,-39.646766662597656,1
Eric hasn't visited many actresses.,Eric haven't visited many actresses.,morphology,subject_verb_agreement,regular_plural_subject_verb_agreement_1,True,True,False,False,836,-39.99079895019531,-40.130897521972656,1
Kristen wasn't working with every teacher.,Kristen weren't working with every teacher.,morphology,subject_verb_agreement,regular_plural_subject_verb_agreement_1,True,True,False,False,837,-48.65973663330078,-47.53646469116211,0
Gerald insults a lot of plays.,Gerald insult a lot of plays.,morphology,subject_verb_agreement,regular_plural_subject_verb_agreement_1,True,True,False,False,838,-49.88581848144531,-46.73723602294922,0
Many teachers climb up a lot of slopes.,Many teachers climbs up a lot of slopes.,morphology,subject_verb_agreement,regular_plural_subject_verb_agreement_1,True,True,False,False,839,-47.936309814453125,-48.91813659667969,1
Those customers examine those commentaries.,Those customers examines those commentaries.,morphology,subject_verb_agreement,regular_plural_subject_verb_agreement_1,True,True,False,False,840,-50.804298400878906,-51.48595428466797,1
Maria is running around a college campus.,Maria are running around a college campus.,morphology,subject_verb_agreement,regular_plural_subject_verb_agreement_1,True,True,False,False,841,-36.79279327392578,-38.35149002075195,1
Guy finds Thomas.,Guy find Thomas.,morphology,subject_verb_agreement,regular_plural_subject_verb_agreement_1,True,True,False,False,842,-24.162179946899414,-23.478496551513672,0
Rhonda wasn't dropping by a cafe.,Rhonda aren't dropping by a cafe.,morphology,subject_verb_agreement,regular_plural_subject_verb_agreement_1,True,True,False,False,843,-51.82050323486328,-49.87260818481445,0
Cynthia knows some boy.,Cynthia know some boy.,morphology,subject_verb_agreement,regular_plural_subject_verb_agreement_1,True,True,False,False,844,-48.74060821533203,-49.66557693481445,1
Those legislatures forget Leslie.,Those legislatures forgets Leslie.,morphology,subject_verb_agreement,regular_plural_subject_verb_agreement_1,True,True,False,False,845,-45.6552734375,-50.051170349121094,1
Guys haven't returned to Sarah.,Guys hasn't returned to Sarah.,morphology,subject_verb_agreement,regular_plural_subject_verb_agreement_1,True,True,False,False,846,-45.99920654296875,-45.33574295043945,0
Some teacher hugs Bradley.,Some teacher hug Bradley.,morphology,subject_verb_agreement,regular_plural_subject_verb_agreement_1,True,True,False,False,847,-39.634193420410156,-39.38904571533203,0
Every hospital hasn't distracted Brad.,Every hospital haven't distracted Brad.,morphology,subject_verb_agreement,regular_plural_subject_verb_agreement_1,True,True,False,False,848,-50.328128814697266,-50.96863555908203,1
Natalie hates Dawn.,Natalie hate Dawn.,morphology,subject_verb_agreement,regular_plural_subject_verb_agreement_1,True,True,False,False,849,-38.82845687866211,-38.23042678833008,0
Jill hasn't discovered Randolf.,Jill haven't discovered Randolf.,morphology,subject_verb_agreement,regular_plural_subject_verb_agreement_1,True,True,False,False,850,-53.13230895996094,-54.286624908447266,1
Colleen discovers Gerald.,Colleen discover Gerald.,morphology,subject_verb_agreement,regular_plural_subject_verb_agreement_1,True,True,False,False,851,-40.0940055847168,-41.23793411254883,1
Gloves haven't disturbed Anna.,Gloves hasn't disturbed Anna.,morphology,subject_verb_agreement,regular_plural_subject_verb_agreement_1,True,True,False,False,852,-50.989234924316406,-50.73047637939453,0
Vincent has remembered Timothy.,Vincent have remembered Timothy.,morphology,subject_verb_agreement,regular_plural_subject_verb_agreement_1,True,True,False,False,853,-45.839935302734375,-46.70886993408203,1
Gerald has helped Tara.,Gerald have helped Tara.,morphology,subject_verb_agreement,regular_plural_subject_verb_agreement_1,True,True,False,False,854,-41.52055358886719,-45.4105110168457,1
Many customers fix the skateboard.,Many customers fixes the skateboard.,morphology,subject_verb_agreement,regular_plural_subject_verb_agreement_1,True,True,False,False,855,-39.782779693603516,-41.68906784057617,1
Keith lifts planes.,Keith lift planes.,morphology,subject_verb_agreement,regular_plural_subject_verb_agreement_1,True,True,False,False,856,-26.400291442871094,-25.941768646240234,0
Robert has questioned the Lutherans.,Robert have questioned the Lutherans.,morphology,subject_verb_agreement,regular_plural_subject_verb_agreement_1,True,True,False,False,857,-41.77497100830078,-42.376190185546875,1
Stephanie has confused Natalie.,Stephanie have confused Natalie.,morphology,subject_verb_agreement,regular_plural_subject_verb_agreement_1,True,True,False,False,858,-49.71977615356445,-52.038909912109375,1
Stacy isn't boasting about Russell.,Stacy aren't boasting about Russell.,morphology,subject_verb_agreement,regular_plural_subject_verb_agreement_1,True,True,False,False,859,-54.69533157348633,-55.00368118286133,1
These libraries talk to Steven.,These libraries talks to Steven.,morphology,subject_verb_agreement,regular_plural_subject_verb_agreement_1,True,True,False,False,860,-43.88675308227539,-41.794761657714844,0
Christopher has run around the river.,Christopher have run around the river.,morphology,subject_verb_agreement,regular_plural_subject_verb_agreement_1,True,True,False,False,861,-29.788341522216797,-30.375377655029297,1
Veronica has criticized Claire.,Veronica have criticized Claire.,morphology,subject_verb_agreement,regular_plural_subject_verb_agreement_1,True,True,False,False,862,-42.160072326660156,-46.298561096191406,1
Alexander wasn't finding the child.,Alexander aren't finding the child.,morphology,subject_verb_agreement,regular_plural_subject_verb_agreement_1,True,True,False,False,863,-35.976600646972656,-32.69153594970703,0
Tamara has passed a bank.,Tamara have passed a bank.,morphology,subject_verb_agreement,regular_plural_subject_verb_agreement_1,True,True,False,False,864,-31.835350036621094,-33.74665451049805,1
The movie theater was distracting Dan.,The movie theater were distracting Dan.,morphology,subject_verb_agreement,regular_plural_subject_verb_agreement_1,True,True,False,False,865,-49.3701057434082,-51.96124267578125,1
That student hasn't climbed up many mountains.,That student haven't climbed up many mountains.,morphology,subject_verb_agreement,regular_plural_subject_verb_agreement_1,True,True,False,False,866,-57.9985237121582,-58.187564849853516,1
The Lutherans talk to Tina.,The Lutherans talks to Tina.,morphology,subject_verb_agreement,regular_plural_subject_verb_agreement_1,True,True,False,False,867,-51.556846618652344,-48.765098571777344,0
Many rabbits shock Tina.,Many rabbits shocks Tina.,morphology,subject_verb_agreement,regular_plural_subject_verb_agreement_1,True,True,False,False,868,-43.12281799316406,-45.34478759765625,1
Julia hasn't healed this guy.,Julia haven't healed this guy.,morphology,subject_verb_agreement,regular_plural_subject_verb_agreement_1,True,True,False,False,869,-39.8592414855957,-39.692115783691406,0
All customers sell those dishes.,All customers sells those dishes.,morphology,subject_verb_agreement,regular_plural_subject_verb_agreement_1,True,True,False,False,870,-36.879173278808594,-40.07264709472656,1
Some pedestrians reveal every tomato.,Some pedestrians reveals every tomato.,morphology,subject_verb_agreement,regular_plural_subject_verb_agreement_1,True,True,False,False,871,-45.39129638671875,-46.17224884033203,1
Amelia wears every glove.,Amelia wear every glove.,morphology,subject_verb_agreement,regular_plural_subject_verb_agreement_1,True,True,False,False,872,-42.69124984741211,-42.66051483154297,0
Michelle is researching an essay.,Michelle were researching an essay.,morphology,subject_verb_agreement,regular_plural_subject_verb_agreement_1,True,True,False,False,873,-26.533218383789062,-31.07059097290039,1
Sonia has fled from Ellen.,Sonia have fled from Ellen.,morphology,subject_verb_agreement,regular_plural_subject_verb_agreement_1,True,True,False,False,874,-47.84380340576172,-50.55039978027344,1
The Borgias clean the shawl.,The Borgias cleans the shawl.,morphology,subject_verb_agreement,regular_plural_subject_verb_agreement_1,True,True,False,False,875,-58.81493377685547,-60.51398849487305,1
The rugs resemble those drawings.,The rugs resembles those drawings.,morphology,subject_verb_agreement,regular_plural_subject_verb_agreement_1,True,True,False,False,876,-47.01152801513672,-47.00177764892578,0
Julia wasn't appreciating Jodi.,Julia weren't appreciating Jodi.,morphology,subject_verb_agreement,regular_plural_subject_verb_agreement_1,True,True,False,False,877,-55.87151336669922,-54.06616973876953,0
Some senators fix every glass.,Some senators fixes every glass.,morphology,subject_verb_agreement,regular_plural_subject_verb_agreement_1,True,True,False,False,878,-43.31085205078125,-43.373741149902344,1
Carlos kisses most children.,Carlos kiss most children.,morphology,subject_verb_agreement,regular_plural_subject_verb_agreement_1,True,True,False,False,879,-36.243717193603516,-35.97246551513672,0
Those children discover a cafe.,Those children discovers a cafe.,morphology,subject_verb_agreement,regular_plural_subject_verb_agreement_1,True,True,False,False,880,-34.58439636230469,-35.69532775878906,1
Jennifer drops by the Great Lakes.,Jennifer drop by the Great Lakes.,morphology,subject_verb_agreement,regular_plural_subject_verb_agreement_1,True,True,False,False,881,-36.46192169189453,-38.438133239746094,1
The Clintons fires Gregory.,The Clintons fire Gregory.,morphology,subject_verb_agreement,regular_plural_subject_verb_agreement_1,True,True,False,False,882,-41.956031799316406,-39.766693115234375,0
This library is annoying Ann.,This library are annoying Ann.,morphology,subject_verb_agreement,regular_plural_subject_verb_agreement_1,True,True,False,False,883,-41.279170989990234,-42.8179931640625,1
A lot of guests dislike Heather.,A lot of guests dislikes Heather.,morphology,subject_verb_agreement,regular_plural_subject_verb_agreement_1,True,True,False,False,884,-49.99309539794922,-56.854305267333984,1
Those students arrive at those malls.,Those students arrives at those malls.,morphology,subject_verb_agreement,regular_plural_subject_verb_agreement_1,True,True,False,False,885,-38.883872985839844,-41.93571472167969,1
Senators bothers Daniel.,Senators bother Daniel.,morphology,subject_verb_agreement,regular_plural_subject_verb_agreement_1,True,True,False,False,886,-41.73961639404297,-42.189910888671875,1
These boys aren't lifting those projectors.,These boys wasn't lifting those projectors.,morphology,subject_verb_agreement,regular_plural_subject_verb_agreement_1,True,True,False,False,887,-63.09587097167969,-67.67028045654297,1
Those cashiers reveal Paul.,Those cashiers reveals Paul.,morphology,subject_verb_agreement,regular_plural_subject_verb_agreement_1,True,True,False,False,888,-49.64503479003906,-48.093772888183594,0
Joel has known every adult.,Joel have known every adult.,morphology,subject_verb_agreement,regular_plural_subject_verb_agreement_1,True,True,False,False,889,-39.371620178222656,-40.86052322387695,1
The Borgias shocks Elaine.,The Borgias shock Elaine.,morphology,subject_verb_agreement,regular_plural_subject_verb_agreement_1,True,True,False,False,890,-53.42683029174805,-50.382896423339844,0
The carts haven't annoyed Holly.,The carts hasn't annoyed Holly.,morphology,subject_verb_agreement,regular_plural_subject_verb_agreement_1,True,True,False,False,891,-52.62416458129883,-52.93910217285156,1
The Lutherans investigate Ellen.,The Lutherans investigates Ellen.,morphology,subject_verb_agreement,regular_plural_subject_verb_agreement_1,True,True,False,False,892,-51.52009963989258,-50.443023681640625,0
Caroline hasn't hidden Carolyn.,Caroline haven't hidden Carolyn.,morphology,subject_verb_agreement,regular_plural_subject_verb_agreement_1,True,True,False,False,893,-46.21577453613281,-48.73846435546875,1
Pork annoys Jane.,Pork annoy Jane.,morphology,subject_verb_agreement,regular_plural_subject_verb_agreement_1,True,True,False,False,894,-42.031070709228516,-37.15318298339844,0
This picture looks like that slope.,This picture look like that slope.,morphology,subject_verb_agreement,regular_plural_subject_verb_agreement_1,True,True,False,False,895,-38.796051025390625,-40.90633010864258,1
These bicycles annoy Thomas.,These bicycles annoys Thomas.,morphology,subject_verb_agreement,regular_plural_subject_verb_agreement_1,True,True,False,False,896,-42.24074935913086,-46.87168884277344,1
Most drivers conceal Joel.,Most drivers conceals Joel.,morphology,subject_verb_agreement,regular_plural_subject_verb_agreement_1,True,True,False,False,897,-38.122962951660156,-46.98263168334961,1
Gina boycotts every closet.,Gina boycott every closet.,morphology,subject_verb_agreement,regular_plural_subject_verb_agreement_1,True,True,False,False,898,-50.88693618774414,-42.678245544433594,0
Candice wears a skirt.,Candice wear a skirt.,morphology,subject_verb_agreement,regular_plural_subject_verb_agreement_1,True,True,False,False,899,-34.684722900390625,-32.66615295410156,0
Tara has every fork.,Tara have every fork.,morphology,subject_verb_agreement,regular_plural_subject_verb_agreement_1,True,True,False,False,900,-35.58342361450195,-36.197505950927734,1
Phillip was hugging Janet.,Phillip were hugging Janet.,morphology,subject_verb_agreement,regular_plural_subject_verb_agreement_1,True,True,False,False,901,-45.50292205810547,-46.95863342285156,1
Galileo isn't observing many waitresses.,Galileo weren't observing many waitresses.,morphology,subject_verb_agreement,regular_plural_subject_verb_agreement_1,True,True,False,False,902,-67.681396484375,-69.61138916015625,1
Jacqueline isn't boring Victoria.,Jacqueline aren't boring Victoria.,morphology,subject_verb_agreement,regular_plural_subject_verb_agreement_1,True,True,False,False,903,-53.344783782958984,-53.86419677734375,1
Carmen isn't boycotting the libraries.,Carmen weren't boycotting the libraries.,morphology,subject_verb_agreement,regular_plural_subject_verb_agreement_1,True,True,False,False,904,-61.06770706176758,-62.79668045043945,1
Michelle lifts the doors.,Michelle lift the doors.,morphology,subject_verb_agreement,regular_plural_subject_verb_agreement_1,True,True,False,False,905,-24.513328552246094,-24.626066207885742,1
Patricia lifts every banana.,Patricia lift every banana.,morphology,subject_verb_agreement,regular_plural_subject_verb_agreement_1,True,True,False,False,906,-43.741432189941406,-44.55390548706055,1
Richard isn't cleaning a lot of cars.,Richard aren't cleaning a lot of cars.,morphology,subject_verb_agreement,regular_plural_subject_verb_agreement_1,True,True,False,False,907,-41.25535583496094,-42.01373291015625,1
The Borgias wear the coat.,The Borgias wears the coat.,morphology,subject_verb_agreement,regular_plural_subject_verb_agreement_1,True,True,False,False,908,-47.460540771484375,-49.023258209228516,1
The Borgias like some book.,The Borgias likes some book.,morphology,subject_verb_agreement,regular_plural_subject_verb_agreement_1,True,True,False,False,909,-42.68009567260742,-46.96730041503906,1
Kristen goes to the lake.,Kristen go to the lake.,morphology,subject_verb_agreement,regular_plural_subject_verb_agreement_1,True,True,False,False,910,-29.132652282714844,-29.748703002929688,1
The tomato resembles a lot of prints.,The tomato resemble a lot of prints.,morphology,subject_verb_agreement,regular_plural_subject_verb_agreement_1,True,True,False,False,911,-43.051780700683594,-44.27577209472656,1
The girls ascend those ladders.,The girls ascends those ladders.,morphology,subject_verb_agreement,regular_plural_subject_verb_agreement_1,True,True,False,False,912,-49.72999572753906,-53.184539794921875,1
Martin has broken the forks.,Martin have broken the forks.,morphology,subject_verb_agreement,regular_plural_subject_verb_agreement_1,True,True,False,False,913,-32.473915100097656,-33.389530181884766,1
Every cat hasn't disgusted all people.,Every cat haven't disgusted all people.,morphology,subject_verb_agreement,regular_plural_subject_verb_agreement_1,True,True,False,False,914,-45.667877197265625,-46.346649169921875,1
Ann sees Tanya.,Ann see Tanya.,morphology,subject_verb_agreement,regular_plural_subject_verb_agreement_1,True,True,False,False,915,-30.716442108154297,-29.552471160888672,0
Richard wasn't walking through this glacier.,Richard aren't walking through this glacier.,morphology,subject_verb_agreement,regular_plural_subject_verb_agreement_1,True,True,False,False,916,-48.078792572021484,-44.939170837402344,0
These hamsters ascend that ladder.,These hamsters ascends that ladder.,morphology,subject_verb_agreement,regular_plural_subject_verb_agreement_1,True,True,False,False,917,-54.46942901611328,-55.996376037597656,1
Curtis hasn't escaped from Sandra.,Curtis haven't escaped from Sandra.,morphology,subject_verb_agreement,regular_plural_subject_verb_agreement_1,True,True,False,False,918,-59.202781677246094,-58.73076629638672,0
A senator isn't taking most pants.,A senator aren't taking most pants.,morphology,subject_verb_agreement,regular_plural_subject_verb_agreement_1,True,True,False,False,919,-54.20353698730469,-53.725921630859375,0
Nicole has walked through this bank.,Nicole have walked through this bank.,morphology,subject_verb_agreement,regular_plural_subject_verb_agreement_1,True,True,False,False,920,-42.877986907958984,-43.89992904663086,1
Donald has brought all candles.,Donald have brought all candles.,morphology,subject_verb_agreement,regular_plural_subject_verb_agreement_1,True,True,False,False,921,-29.87099266052246,-33.0631103515625,1
Elaine leaves Timothy.,Elaine leave Timothy.,morphology,subject_verb_agreement,regular_plural_subject_verb_agreement_1,True,True,False,False,922,-33.628841400146484,-35.03215026855469,1
Most pedestrians work with William.,Most pedestrians works with William.,morphology,subject_verb_agreement,regular_plural_subject_verb_agreement_1,True,True,False,False,923,-39.792816162109375,-39.85398483276367,1
Irene hasn't ascended a lot of hills.,Irene haven't ascended a lot of hills.,morphology,subject_verb_agreement,regular_plural_subject_verb_agreement_1,True,True,False,False,924,-58.11048889160156,-58.54867172241211,1
All pedestrians have scanned the commentary.,All pedestrians has scanned the commentary.,morphology,subject_verb_agreement,regular_plural_subject_verb_agreement_1,True,True,False,False,925,-45.889617919921875,-46.66476058959961,1
Those senators exit college campuses.,Those senators exits college campuses.,morphology,subject_verb_agreement,regular_plural_subject_verb_agreement_1,True,True,False,False,926,-44.816402435302734,-47.002784729003906,1
Heidi isn't exploring Harvard University.,Heidi weren't exploring Harvard University.,morphology,subject_verb_agreement,regular_plural_subject_verb_agreement_1,True,True,False,False,927,-51.43330764770508,-52.17302703857422,1
Cindy isn't noticing some teachers.,Cindy aren't noticing some teachers.,morphology,subject_verb_agreement,regular_plural_subject_verb_agreement_1,True,True,False,False,928,-53.37999725341797,-53.63275909423828,1
Wendy wasn't selling most hills.,Wendy weren't selling most hills.,morphology,subject_verb_agreement,regular_plural_subject_verb_agreement_1,True,True,False,False,929,-58.71831512451172,-56.49610137939453,0
Julia hasn't hidden most art galleries.,Julia haven't hidden most art galleries.,morphology,subject_verb_agreement,regular_plural_subject_verb_agreement_1,True,True,False,False,930,-55.47185134887695,-55.854644775390625,1
Bradley hasn't scanned that play.,Bradley haven't scanned that play.,morphology,subject_verb_agreement,regular_plural_subject_verb_agreement_1,True,True,False,False,931,-43.85914611816406,-46.01820373535156,1
The chairs are bothering some women.,The chairs is bothering some women.,morphology,subject_verb_agreement,regular_plural_subject_verb_agreement_1,True,True,False,False,932,-43.7867546081543,-43.78485870361328,0
Prints were distracting Julie.,Prints is distracting Julie.,morphology,subject_verb_agreement,regular_plural_subject_verb_agreement_1,True,True,False,False,933,-42.21207046508789,-39.711090087890625,0
The carts resemble these paintings.,The carts resembles these paintings.,morphology,subject_verb_agreement,regular_plural_subject_verb_agreement_1,True,True,False,False,934,-42.46822738647461,-41.59569549560547,0
Denise sounds like Randolf.,Denise sound like Randolf.,morphology,subject_verb_agreement,regular_plural_subject_verb_agreement_1,True,True,False,False,935,-47.3812370300293,-48.29078674316406,1
Carol has complained about music.,Carol have complained about music.,morphology,subject_verb_agreement,regular_plural_subject_verb_agreement_1,True,True,False,False,936,-38.526710510253906,-38.658348083496094,1
Teresa buys that window.,Teresa buy that window.,morphology,subject_verb_agreement,regular_plural_subject_verb_agreement_1,True,True,False,False,937,-40.79119873046875,-42.63787841796875,1
The waitresses think about all newspaper articles.,The waitresses thinks about all newspaper articles.,morphology,subject_verb_agreement,regular_plural_subject_verb_agreement_1,True,True,False,False,938,-63.352638244628906,-64.4423828125,1
Todd exits the Great Lakes.,Todd exit the Great Lakes.,morphology,subject_verb_agreement,regular_plural_subject_verb_agreement_1,True,True,False,False,939,-35.42536926269531,-33.63304901123047,0
This adult is passing lakes.,This adult are passing lakes.,morphology,subject_verb_agreement,regular_plural_subject_verb_agreement_1,True,True,False,False,940,-38.73741149902344,-39.391197204589844,1
Paul heals that man.,Paul heal that man.,morphology,subject_verb_agreement,regular_plural_subject_verb_agreement_1,True,True,False,False,941,-27.522972106933594,-27.430606842041016,0
Christopher hasn't aggravated Stephen.,Christopher haven't aggravated Stephen.,morphology,subject_verb_agreement,regular_plural_subject_verb_agreement_1,True,True,False,False,942,-41.204689025878906,-41.1632080078125,0
Judy tours those restaurants.,Judy tour those restaurants.,morphology,subject_verb_agreement,regular_plural_subject_verb_agreement_1,True,True,False,False,943,-36.91410827636719,-34.47484588623047,0
Stephen hasn't lifted photographs.,Stephen haven't lifted photographs.,morphology,subject_verb_agreement,regular_plural_subject_verb_agreement_1,True,True,False,False,944,-33.25709915161133,-34.14183807373047,1
Some windows disturb Beth.,Some windows disturbs Beth.,morphology,subject_verb_agreement,regular_plural_subject_verb_agreement_1,True,True,False,False,945,-40.0865592956543,-48.15797424316406,1
Omar investigates the hospitals.,Omar investigate the hospitals.,morphology,subject_verb_agreement,regular_plural_subject_verb_agreement_1,True,True,False,False,946,-38.15079879760742,-37.9543571472168,0
Some actresses distracts Michael.,Some actresses distract Michael.,morphology,subject_verb_agreement,regular_plural_subject_verb_agreement_1,True,True,False,False,947,-45.964115142822266,-41.974525451660156,0
Eva boasts about Theodore.,Eva boast about Theodore.,morphology,subject_verb_agreement,regular_plural_subject_verb_agreement_1,True,True,False,False,948,-36.63612365722656,-37.73133850097656,1
All teenagers run around the school.,All teenagers runs around the school.,morphology,subject_verb_agreement,regular_plural_subject_verb_agreement_1,True,True,False,False,949,-35.61317443847656,-34.92700958251953,0
The Impressionists talk to Cynthia.,The Impressionists talks to Cynthia.,morphology,subject_verb_agreement,regular_plural_subject_verb_agreement_1,True,True,False,False,950,-56.75141525268555,-56.31218719482422,0
The pedestrian has forgotten Grace.,The pedestrian have forgotten Grace.,morphology,subject_verb_agreement,regular_plural_subject_verb_agreement_1,True,True,False,False,951,-38.28630828857422,-40.576683044433594,1
A waiter has loved Alexander.,A waiter have loved Alexander.,morphology,subject_verb_agreement,regular_plural_subject_verb_agreement_1,True,True,False,False,952,-45.19024658203125,-46.407676696777344,1
Carlos has healed Caroline.,Carlos have healed Caroline.,morphology,subject_verb_agreement,regular_plural_subject_verb_agreement_1,True,True,False,False,953,-39.66234588623047,-40.20787811279297,1
Alan hasn't explored a lot of museums.,Alan haven't explored a lot of museums.,morphology,subject_verb_agreement,regular_plural_subject_verb_agreement_1,True,True,False,False,954,-41.501922607421875,-43.087371826171875,1
Noah descends every hill.,Noah descend every hill.,morphology,subject_verb_agreement,regular_plural_subject_verb_agreement_1,True,True,False,False,955,-50.3840217590332,-44.73089599609375,0
Amanda isn't observing Angela.,Amanda aren't observing Angela.,morphology,subject_verb_agreement,regular_plural_subject_verb_agreement_1,True,True,False,False,956,-47.786354064941406,-49.429439544677734,1
Sabrina isn't boycotting the lake.,Sabrina aren't boycotting the lake.,morphology,subject_verb_agreement,regular_plural_subject_verb_agreement_1,True,True,False,False,957,-52.39704132080078,-51.25340270996094,0
Rachelle hasn't stunned Angela.,Rachelle haven't stunned Angela.,morphology,subject_verb_agreement,regular_plural_subject_verb_agreement_1,True,True,False,False,958,-46.086483001708984,-47.00870132446289,1
The Borgias observe Stephanie.,The Borgias observes Stephanie.,morphology,subject_verb_agreement,regular_plural_subject_verb_agreement_1,True,True,False,False,959,-51.37077331542969,-52.74860382080078,1
All girls sell all horses.,All girls sells all horses.,morphology,subject_verb_agreement,regular_plural_subject_verb_agreement_1,True,True,False,False,960,-38.039146423339844,-39.534053802490234,1
Many pedestrians return to those waiters.,Many pedestrians returns to those waiters.,morphology,subject_verb_agreement,regular_plural_subject_verb_agreement_1,True,True,False,False,961,-49.288368225097656,-49.06751251220703,0
Most teachers drop by some mountains.,Most teachers drops by some mountains.,morphology,subject_verb_agreement,regular_plural_subject_verb_agreement_1,True,True,False,False,962,-42.0599365234375,-43.59342575073242,1
Guests reference Karla.,Guests references Karla.,morphology,subject_verb_agreement,regular_plural_subject_verb_agreement_1,True,True,False,False,963,-44.802398681640625,-43.62104797363281,0
Stacey hasn't embarrassed the government.,Stacey haven't embarrassed the government.,morphology,subject_verb_agreement,regular_plural_subject_verb_agreement_1,True,True,False,False,964,-44.35486602783203,-46.68054962158203,1
Alan hasn't referenced Natalie.,Alan haven't referenced Natalie.,morphology,subject_verb_agreement,regular_plural_subject_verb_agreement_1,True,True,False,False,965,-38.46654510498047,-39.934783935546875,1
Amelia was disturbing Julie.,Amelia were disturbing Julie.,morphology,subject_verb_agreement,regular_plural_subject_verb_agreement_1,True,True,False,False,966,-42.280616760253906,-44.32035827636719,1
Claire has sold some computers.,Claire have sold some computers.,morphology,subject_verb_agreement,regular_plural_subject_verb_agreement_1,True,True,False,False,967,-40.27735137939453,-42.505680084228516,1
Denise has worn that sock.,Denise have worn that sock.,morphology,subject_verb_agreement,regular_plural_subject_verb_agreement_1,True,True,False,False,968,-42.308570861816406,-43.42932891845703,1
The girls conceal the mouth.,The girls conceals the mouth.,morphology,subject_verb_agreement,regular_plural_subject_verb_agreement_1,True,True,False,False,969,-34.1737060546875,-45.103729248046875,1
The Clintons weren't criticizing John.,The Clintons isn't criticizing John.,morphology,subject_verb_agreement,regular_plural_subject_verb_agreement_1,True,True,False,False,970,-49.1456184387207,-50.34436798095703,1
Stephen is talking to Kenneth.,Stephen are talking to Kenneth.,morphology,subject_verb_agreement,regular_plural_subject_verb_agreement_1,True,True,False,False,971,-32.330848693847656,-33.85713577270508,1
Theodore sounds like Rachelle.,Theodore sound like Rachelle.,morphology,subject_verb_agreement,regular_plural_subject_verb_agreement_1,True,True,False,False,972,-49.037994384765625,-52.060733795166016,1
The Clintons drive to a hospital.,The Clintons drives to a hospital.,morphology,subject_verb_agreement,regular_plural_subject_verb_agreement_1,True,True,False,False,973,-40.536956787109375,-40.711997985839844,1
An association stuns Clyde.,An association stun Clyde.,morphology,subject_verb_agreement,regular_plural_subject_verb_agreement_1,True,True,False,False,974,-45.739837646484375,-39.565040588378906,0
Bill has broken most forks.,Bill have broken most forks.,morphology,subject_verb_agreement,regular_plural_subject_verb_agreement_1,True,True,False,False,975,-36.49869155883789,-38.874969482421875,1
Rachelle was noticing those ladies.,Rachelle are noticing those ladies.,morphology,subject_verb_agreement,regular_plural_subject_verb_agreement_1,True,True,False,False,976,-41.573211669921875,-42.05316162109375,1
Paul examines some books.,Paul examine some books.,morphology,subject_verb_agreement,regular_plural_subject_verb_agreement_1,True,True,False,False,977,-26.593730926513672,-27.723499298095703,1
Kristin wasn't disturbing Kathleen.,Kristin aren't disturbing Kathleen.,morphology,subject_verb_agreement,regular_plural_subject_verb_agreement_1,True,True,False,False,978,-48.816165924072266,-46.52274703979492,0
That patient praises Tonya.,That patient praise Tonya.,morphology,subject_verb_agreement,regular_plural_subject_verb_agreement_1,True,True,False,False,979,-44.04658126831055,-42.26360321044922,0
Hills alarm Craig.,Hills alarms Craig.,morphology,subject_verb_agreement,regular_plural_subject_verb_agreement_1,True,True,False,False,980,-38.096923828125,-38.389007568359375,1
Deanna has kissed Marcus.,Deanna have kissed Marcus.,morphology,subject_verb_agreement,regular_plural_subject_verb_agreement_1,True,True,False,False,981,-39.5557746887207,-42.28819274902344,1
Dan hasn't aggravated Janet.,Dan haven't aggravated Janet.,morphology,subject_verb_agreement,regular_plural_subject_verb_agreement_1,True,True,False,False,982,-41.81732177734375,-42.129173278808594,1
Joseph has found Craig.,Joseph have found Craig.,morphology,subject_verb_agreement,regular_plural_subject_verb_agreement_1,True,True,False,False,983,-26.596837997436523,-29.204030990600586,1
Current events scare Harvard University.,Current events scares Harvard University.,morphology,subject_verb_agreement,regular_plural_subject_verb_agreement_1,True,True,False,False,984,-40.299129486083984,-42.05589294433594,1
Sherry has toured that museum.,Sherry have toured that museum.,morphology,subject_verb_agreement,regular_plural_subject_verb_agreement_1,True,True,False,False,985,-50.3453369140625,-52.73405456542969,1
Jill hasn't hated Christopher.,Jill haven't hated Christopher.,morphology,subject_verb_agreement,regular_plural_subject_verb_agreement_1,True,True,False,False,986,-43.387794494628906,-44.47489547729492,1
Beverly notices a lot of banks.,Beverly notice a lot of banks.,morphology,subject_verb_agreement,regular_plural_subject_verb_agreement_1,True,True,False,False,987,-48.108978271484375,-46.1839714050293,0
Donna kisses these doctors.,Donna kiss these doctors.,morphology,subject_verb_agreement,regular_plural_subject_verb_agreement_1,True,True,False,False,988,-37.88054656982422,-38.3397216796875,1
Most dancers escape from Stacy.,Most dancers escapes from Stacy.,morphology,subject_verb_agreement,regular_plural_subject_verb_agreement_1,True,True,False,False,989,-41.33865737915039,-45.42571258544922,1
Paintings haven't looked like water.,Paintings hasn't looked like water.,morphology,subject_verb_agreement,regular_plural_subject_verb_agreement_1,True,True,False,False,990,-50.121131896972656,-49.687965393066406,0
This movie bores Susan.,This movie bore Susan.,morphology,subject_verb_agreement,regular_plural_subject_verb_agreement_1,True,True,False,False,991,-39.92621612548828,-34.42729949951172,0
These actors boycott a lot of public parks.,These actors boycotts a lot of public parks.,morphology,subject_verb_agreement,regular_plural_subject_verb_agreement_1,True,True,False,False,992,-52.08012771606445,-60.460880279541016,1
Teresa researches most college campuses.,Teresa research most college campuses.,morphology,subject_verb_agreement,regular_plural_subject_verb_agreement_1,True,True,False,False,993,-59.14277648925781,-52.084102630615234,0
Lucille questions Candice.,Lucille question Candice.,morphology,subject_verb_agreement,regular_plural_subject_verb_agreement_1,True,True,False,False,994,-43.609710693359375,-43.147789001464844,0
Nina hasn't cleaned the skirt.,Nina haven't cleaned the skirt.,morphology,subject_verb_agreement,regular_plural_subject_verb_agreement_1,True,True,False,False,995,-45.892784118652344,-46.31941223144531,1
Harvard University hasn't criticized that college campus.,Harvard University haven't criticized that college campus.,morphology,subject_verb_agreement,regular_plural_subject_verb_agreement_1,True,True,False,False,996,-65.84750366210938,-67.55960083007812,1
The teachers bore Gregory.,The teachers bores Gregory.,morphology,subject_verb_agreement,regular_plural_subject_verb_agreement_1,True,True,False,False,997,-38.59510803222656,-44.549869537353516,1
Linda has sounded like many teachers.,Linda have sounded like many teachers.,morphology,subject_verb_agreement,regular_plural_subject_verb_agreement_1,True,True,False,False,998,-45.18368911743164,-47.78154373168945,1
Vincent was questioning Stacey.,Vincent are questioning Stacey.,morphology,subject_verb_agreement,regular_plural_subject_verb_agreement_1,True,True,False,False,999,-49.30712127685547,-51.16410827636719,1
