sentence_good,sentence_bad,field,linguistics_term,UID,simple_LM_method,one_prefix_method,two_prefix_method,lexically_identical,pair_id,good_prob,bad_prob,correct
Kayla concealed who a lot of guests that were scaring many people complain about.,Kayla concealed that a lot of guests that were scaring many people complain about.,syntax,filler_gap_dependency,wh_vs_that_with_gap_long_distance,True,False,False,False,0,-109.0179443359375,-103.31465148925781,0
Martin did find out what every cashier that shouldn't drink wore.,Martin did find out that every cashier that shouldn't drink wore.,syntax,filler_gap_dependency,wh_vs_that_with_gap_long_distance,True,False,False,False,1,-92.78712463378906,-91.89372253417969,0
The Borgias haven't figured out what blouses that have disgusted Kenneth look like.,The Borgias haven't figured out that blouses that have disgusted Kenneth look like.,syntax,filler_gap_dependency,wh_vs_that_with_gap_long_distance,True,False,False,False,2,-118.90525817871094,-115.90785217285156,0
Colleen has revealed what every print that isn't existing looked like.,Colleen has revealed that every print that isn't existing looked like.,syntax,filler_gap_dependency,wh_vs_that_with_gap_long_distance,True,False,False,False,3,-93.49064636230469,-87.89823913574219,0
All banks forget what many steps that couldn't irritate Carrie resemble.,All banks forget that many steps that couldn't irritate Carrie resemble.,syntax,filler_gap_dependency,wh_vs_that_with_gap_long_distance,True,False,False,False,4,-108.69086456298828,-106.32928466796875,0
Some pedestrians haven't realized who those ladies that alarms Samantha had boasted about.,Some pedestrians haven't realized that those ladies that alarms Samantha had boasted about.,syntax,filler_gap_dependency,wh_vs_that_with_gap_long_distance,True,False,False,False,5,-119.60474395751953,-113.23955535888672,0
A waiter has realized who all hospitals that protested listened to.,A waiter has realized that all hospitals that protested listened to.,syntax,filler_gap_dependency,wh_vs_that_with_gap_long_distance,True,False,False,False,6,-95.04751586914062,-85.5840835571289,0
That actor had found out what all men that had ascended every hill dislike.,That actor had found out that all men that had ascended every hill dislike.,syntax,filler_gap_dependency,wh_vs_that_with_gap_long_distance,True,False,False,False,7,-105.22659301757812,-101.89219665527344,0
The school forgets who every legislature that astounded Heather references.,The school forgets that every legislature that astounded Heather references.,syntax,filler_gap_dependency,wh_vs_that_with_gap_long_distance,True,False,False,False,8,-99.25481414794922,-92.10958862304688,0
All universities discover what some actress that isn't speaking up had gone to.,All universities discover that some actress that isn't speaking up had gone to.,syntax,filler_gap_dependency,wh_vs_that_with_gap_long_distance,True,False,False,False,9,-105.65180969238281,-102.4190444946289,0
Carmen discovered who many cashiers that have sold every report returned to.,Carmen discovered that many cashiers that have sold every report returned to.,syntax,filler_gap_dependency,wh_vs_that_with_gap_long_distance,True,False,False,False,10,-114.796142578125,-104.0759048461914,0
Stacy wasn't remembering who the banks that have vanished can't boast about.,Stacy wasn't remembering that the banks that have vanished can't boast about.,syntax,filler_gap_dependency,wh_vs_that_with_gap_long_distance,True,False,False,False,11,-104.62153625488281,-96.87604522705078,0
Phillip forgot what some senator that was escaping from Stacy goes to.,Phillip forgot that some senator that was escaping from Stacy goes to.,syntax,filler_gap_dependency,wh_vs_that_with_gap_long_distance,True,False,False,False,12,-113.02299499511719,-109.93177795410156,0
Tara had figured out who the teenagers that marry won't boast about.,Tara had figured out that the teenagers that marry won't boast about.,syntax,filler_gap_dependency,wh_vs_that_with_gap_long_distance,True,False,False,False,13,-100.76289367675781,-94.3443603515625,0
Many teenagers realized who these teenagers that shouldn't surrender wouldn't listen to.,Many teenagers realized that these teenagers that shouldn't surrender wouldn't listen to.,syntax,filler_gap_dependency,wh_vs_that_with_gap_long_distance,True,False,False,False,14,-99.09965515136719,-91.93067932128906,0
Steve doesn't discover what the university that doesn't fight argued about.,Steve doesn't discover that the university that doesn't fight argued about.,syntax,filler_gap_dependency,wh_vs_that_with_gap_long_distance,True,False,False,False,15,-83.07469940185547,-80.53919982910156,0
Some lady is finding out who some photographs that can't aggravate Sheila haven't looked like.,Some lady is finding out that some photographs that can't aggravate Sheila haven't looked like.,syntax,filler_gap_dependency,wh_vs_that_with_gap_long_distance,True,False,False,False,16,-117.38892364501953,-113.1826400756836,0
Joseph found out who many doctors that had littered revealed.,Joseph found out that many doctors that had littered revealed.,syntax,filler_gap_dependency,wh_vs_that_with_gap_long_distance,True,False,False,False,17,-81.50853729248047,-74.51597595214844,0
Leslie concealed what patients that are changing weren't lifting.,Leslie concealed that patients that are changing weren't lifting.,syntax,filler_gap_dependency,wh_vs_that_with_gap_long_distance,True,False,False,False,18,-93.0752944946289,-91.34496307373047,0
Tara could learn what the waitress that lifts many hospitals biked to.,Tara could learn that the waitress that lifts many hospitals biked to.,syntax,filler_gap_dependency,wh_vs_that_with_gap_long_distance,True,False,False,False,19,-117.38179779052734,-115.56796264648438,0
All people figure out what that guy that has existed wore.,All people figure out that that guy that has existed wore.,syntax,filler_gap_dependency,wh_vs_that_with_gap_long_distance,True,False,False,False,20,-78.16191864013672,-78.95729064941406,1
Rachel hasn't learned who every museum that isn't replying was listening to.,Rachel hasn't learned that every museum that isn't replying was listening to.,syntax,filler_gap_dependency,wh_vs_that_with_gap_long_distance,True,False,False,False,21,-102.89179992675781,-94.12657928466797,0
This waitress hasn't figured out who a hospital that can't sell a lot of bicycles shouldn't listen to.,This waitress hasn't figured out that a hospital that can't sell a lot of bicycles shouldn't listen to.,syntax,filler_gap_dependency,wh_vs_that_with_gap_long_distance,True,False,False,False,22,-109.33692169189453,-105.9954833984375,0
Most patients have remembered who a lot of committees that shouldn't interact do dislike.,Most patients have remembered that a lot of committees that shouldn't interact do dislike.,syntax,filler_gap_dependency,wh_vs_that_with_gap_long_distance,True,False,False,False,23,-111.41639709472656,-104.13629150390625,0
Steve does discover who a lot of schools that couldn't lie have talked to.,Steve does discover that a lot of schools that couldn't lie have talked to.,syntax,filler_gap_dependency,wh_vs_that_with_gap_long_distance,True,False,False,False,24,-89.46144104003906,-83.80597686767578,0
Angela finds out what most universities that hadn't changed hadn't disliked.,Angela finds out that most universities that hadn't changed hadn't disliked.,syntax,filler_gap_dependency,wh_vs_that_with_gap_long_distance,True,False,False,False,25,-101.81839752197266,-100.04302978515625,0
Cindy figures out who these teenagers that scratch found.,Cindy figures out that these teenagers that scratch found.,syntax,filler_gap_dependency,wh_vs_that_with_gap_long_distance,True,False,False,False,26,-94.47203826904297,-89.78993225097656,0
All organizations discover what the adult that had fallen asleep was wearing.,All organizations discover that the adult that had fallen asleep was wearing.,syntax,filler_gap_dependency,wh_vs_that_with_gap_long_distance,True,False,False,False,27,-78.25894165039062,-74.43547821044922,0
Kenneth investigated who the cashiers that perform cared for.,Kenneth investigated that the cashiers that perform cared for.,syntax,filler_gap_dependency,wh_vs_that_with_gap_long_distance,True,False,False,False,28,-103.11522674560547,-95.40288543701172,0
Dana wasn't discovering what some oxen that fall find.,Dana wasn't discovering that some oxen that fall find.,syntax,filler_gap_dependency,wh_vs_that_with_gap_long_distance,True,False,False,False,29,-95.876708984375,-92.87077331542969,0
Guy isn't remembering what all deer that don't escape find.,Guy isn't remembering that all deer that don't escape find.,syntax,filler_gap_dependency,wh_vs_that_with_gap_long_distance,True,False,False,False,30,-83.15753173828125,-79.44371032714844,0
Veronica forgot what the student that worries goes to.,Veronica forgot that the student that worries goes to.,syntax,filler_gap_dependency,wh_vs_that_with_gap_long_distance,True,False,False,False,31,-75.61775207519531,-72.86341857910156,0
Guy concealed what every guy that will remember Ann dropped by.,Guy concealed that every guy that will remember Ann dropped by.,syntax,filler_gap_dependency,wh_vs_that_with_gap_long_distance,True,False,False,False,32,-96.3907241821289,-93.17356872558594,0
Robert investigates who a customer that jokes around conceals.,Robert investigates that a customer that jokes around conceals.,syntax,filler_gap_dependency,wh_vs_that_with_gap_long_distance,True,False,False,False,33,-87.9161605834961,-83.18841552734375,0
Frank can't discover what some customers that arrive at some schools drop by.,Frank can't discover that some customers that arrive at some schools drop by.,syntax,filler_gap_dependency,wh_vs_that_with_gap_long_distance,True,False,False,False,34,-94.2754898071289,-90.79083251953125,0
Many universities discover what all photographs that might worry Kevin aren't looking like.,Many universities discover that all photographs that might worry Kevin aren't looking like.,syntax,filler_gap_dependency,wh_vs_that_with_gap_long_distance,True,False,False,False,35,-111.19479370117188,-106.2782974243164,0
John could conceal who this customer that did scare Lori hadn't sounded like.,John could conceal that this customer that did scare Lori hadn't sounded like.,syntax,filler_gap_dependency,wh_vs_that_with_gap_long_distance,True,False,False,False,36,-113.44502258300781,-110.77445983886719,0
William wasn't remembering who some adults that weren't listening to Jeffrey might escape from.,William wasn't remembering that some adults that weren't listening to Jeffrey might escape from.,syntax,filler_gap_dependency,wh_vs_that_with_gap_long_distance,True,False,False,False,37,-113.54267120361328,-106.59745025634766,0
Craig had realized what a man that might talk about the woman drove to.,Craig had realized that a man that might talk about the woman drove to.,syntax,filler_gap_dependency,wh_vs_that_with_gap_long_distance,True,False,False,False,38,-88.20551300048828,-84.6700439453125,0
Anna hasn't discovered who every customer that died could complain about.,Anna hasn't discovered that every customer that died could complain about.,syntax,filler_gap_dependency,wh_vs_that_with_gap_long_distance,True,False,False,False,39,-90.873046875,-79.8659896850586,0
Erin knows who that man that didn't go fishing escapes from.,Erin knows that that man that didn't go fishing escapes from.,syntax,filler_gap_dependency,wh_vs_that_with_gap_long_distance,True,False,False,False,40,-93.836181640625,-89.286865234375,0
Many men remember who many guests that were concurring shouldn't complain about.,Many men remember that many guests that were concurring shouldn't complain about.,syntax,filler_gap_dependency,wh_vs_that_with_gap_long_distance,True,False,False,False,41,-94.8271713256836,-90.74382019042969,0
These schools forget who every guest that sounds like Rachel talks about.,These schools forget that every guest that sounds like Rachel talks about.,syntax,filler_gap_dependency,wh_vs_that_with_gap_long_distance,True,False,False,False,42,-87.75137329101562,-81.12007141113281,0
Lori revealed who those theses that boast about Wayne haven't boasted about.,Lori revealed that those theses that boast about Wayne haven't boasted about.,syntax,filler_gap_dependency,wh_vs_that_with_gap_long_distance,True,False,False,False,43,-121.17625427246094,-110.78173828125,0
Emily investigated what this boy that does complain admires.,Emily investigated that this boy that does complain admires.,syntax,filler_gap_dependency,wh_vs_that_with_gap_long_distance,True,False,False,False,44,-91.99566650390625,-87.44300842285156,0
The girls shouldn't investigate who a teacher that should research these universities hadn't talked to.,The girls shouldn't investigate that a teacher that should research these universities hadn't talked to.,syntax,filler_gap_dependency,wh_vs_that_with_gap_long_distance,True,False,False,False,45,-115.69469451904297,-110.95936584472656,0
Denise was discovering who men that aren't discovering Rhonda had boasted about.,Denise was discovering that men that aren't discovering Rhonda had boasted about.,syntax,filler_gap_dependency,wh_vs_that_with_gap_long_distance,True,False,False,False,46,-118.97117614746094,-112.50091552734375,0
Raymond is investigating what some alumnus that wrote bikes to.,Raymond is investigating that some alumnus that wrote bikes to.,syntax,filler_gap_dependency,wh_vs_that_with_gap_long_distance,True,False,False,False,47,-97.32600402832031,-95.134033203125,0
Brenda knew what all bananas that went bad can look like.,Brenda knew that all bananas that went bad can look like.,syntax,filler_gap_dependency,wh_vs_that_with_gap_long_distance,True,False,False,False,48,-84.80718994140625,-81.43885040283203,0
Alice conceals who a man that wears the glove has referenced.,Alice conceals that a man that wears the glove has referenced.,syntax,filler_gap_dependency,wh_vs_that_with_gap_long_distance,True,False,False,False,49,-96.73210906982422,-93.12968444824219,0
Keith remembers what a person that wasn't cleaning that drawing went to.,Keith remembers that a person that wasn't cleaning that drawing went to.,syntax,filler_gap_dependency,wh_vs_that_with_gap_long_distance,True,False,False,False,50,-89.37645721435547,-91.8985366821289,1
The patient was learning what this man that ate would reveal.,The patient was learning that this man that ate would reveal.,syntax,filler_gap_dependency,wh_vs_that_with_gap_long_distance,True,False,False,False,51,-75.56766510009766,-71.61103820800781,0
Melissa isn't learning who every university that sold all windows talks to.,Melissa isn't learning that every university that sold all windows talks to.,syntax,filler_gap_dependency,wh_vs_that_with_gap_long_distance,True,False,False,False,52,-113.75507354736328,-107.86289978027344,0
Those drivers learn what some patients that have hidden away go to.,Those drivers learn that some patients that have hidden away go to.,syntax,filler_gap_dependency,wh_vs_that_with_gap_long_distance,True,False,False,False,53,-80.38670349121094,-78.2818603515625,0
Many guests forget who some offspring that sighs escaped from.,Many guests forget that some offspring that sighs escaped from.,syntax,filler_gap_dependency,wh_vs_that_with_gap_long_distance,True,False,False,False,54,-85.59539031982422,-78.8726806640625,0
Margaret forgets who the waitress that is hugging Caroline isn't listening to.,Margaret forgets that the waitress that is hugging Caroline isn't listening to.,syntax,filler_gap_dependency,wh_vs_that_with_gap_long_distance,True,False,False,False,55,-118.92573547363281,-113.06857299804688,0
Sonia figures out what some cart that irritates Theodore is looking like.,Sonia figures out that some cart that irritates Theodore is looking like.,syntax,filler_gap_dependency,wh_vs_that_with_gap_long_distance,True,False,False,False,56,-118.42829895019531,-116.47795867919922,0
Suzanne is concealing what these prints that existed would look like.,Suzanne is concealing that these prints that existed would look like.,syntax,filler_gap_dependency,wh_vs_that_with_gap_long_distance,True,False,False,False,57,-92.68464660644531,-90.17076873779297,0
Many cashiers figure out who all offspring that meet disagreed with.,Many cashiers figure out that all offspring that meet disagreed with.,syntax,filler_gap_dependency,wh_vs_that_with_gap_long_distance,True,False,False,False,58,-102.61756896972656,-98.76176452636719,0
Jacqueline had figured out who the actress that isn't laughing found.,Jacqueline had figured out that the actress that isn't laughing found.,syntax,filler_gap_dependency,wh_vs_that_with_gap_long_distance,True,False,False,False,59,-100.74958801269531,-94.61245727539062,0
Stacy finds out what some cashier that discusses many men could admire.,Stacy finds out that some cashier that discusses many men could admire.,syntax,filler_gap_dependency,wh_vs_that_with_gap_long_distance,True,False,False,False,60,-105.31779479980469,-103.4820785522461,0
The legislature realized what a lady that boycotts a public park biked to.,The legislature realized that a lady that boycotts a public park biked to.,syntax,filler_gap_dependency,wh_vs_that_with_gap_long_distance,True,False,False,False,61,-111.37986755371094,-104.82313537597656,0
Vanessa remembered who some sketch that hadn't disgusted Lawrence wasn't looking like.,Vanessa remembered that some sketch that hadn't disgusted Lawrence wasn't looking like.,syntax,filler_gap_dependency,wh_vs_that_with_gap_long_distance,True,False,False,False,62,-125.4065933227539,-119.09855651855469,0
Anne doesn't forget who the man that has worried Adam hadn't escaped from.,Anne doesn't forget that the man that has worried Adam hadn't escaped from.,syntax,filler_gap_dependency,wh_vs_that_with_gap_long_distance,True,False,False,False,63,-95.68379211425781,-91.269287109375,0
David is figuring out who those organizations that wouldn't argue about the essays dislike.,David is figuring out that those organizations that wouldn't argue about the essays dislike.,syntax,filler_gap_dependency,wh_vs_that_with_gap_long_distance,True,False,False,False,64,-103.89250946044922,-100.66569519042969,0
Curtis revealed what a girl that yelled wore.,Curtis revealed that a girl that yelled wore.,syntax,filler_gap_dependency,wh_vs_that_with_gap_long_distance,True,False,False,False,65,-78.87554931640625,-72.61917114257812,0
These waitresses learn what the girl that exited a mountain drives to.,These waitresses learn that the girl that exited a mountain drives to.,syntax,filler_gap_dependency,wh_vs_that_with_gap_long_distance,True,False,False,False,66,-107.8035888671875,-106.95914459228516,0
Carol couldn't forget what the driver that doesn't take couches arrived at.,Carol couldn't forget that the driver that doesn't take couches arrived at.,syntax,filler_gap_dependency,wh_vs_that_with_gap_long_distance,True,False,False,False,67,-95.7879867553711,-95.51718139648438,0
Diane reveals who those teenagers that could practice were revealing.,Diane reveals that those teenagers that could practice were revealing.,syntax,filler_gap_dependency,wh_vs_that_with_gap_long_distance,True,False,False,False,68,-86.20975494384766,-79.98976135253906,0
Teresa can't know who that senator that can bother Teresa listens to.,Teresa can't know that that senator that can bother Teresa listens to.,syntax,filler_gap_dependency,wh_vs_that_with_gap_long_distance,True,False,False,False,69,-109.88545989990234,-107.30067443847656,0
Drivers investigate who some associations that can impress this organization listen to.,Drivers investigate that some associations that can impress this organization listen to.,syntax,filler_gap_dependency,wh_vs_that_with_gap_long_distance,True,False,False,False,70,-102.07990264892578,-94.87993621826172,0
All children investigated who those children that scare those companies were escaping from.,All children investigated that those children that scare those companies were escaping from.,syntax,filler_gap_dependency,wh_vs_that_with_gap_long_distance,True,False,False,False,71,-102.07292175292969,-92.73202514648438,0
Curtis wasn't figuring out who men that testify scared.,Curtis wasn't figuring out that men that testify scared.,syntax,filler_gap_dependency,wh_vs_that_with_gap_long_distance,True,False,False,False,72,-92.34124755859375,-91.43194580078125,0
A guest remembers what this driver that copes biked to.,A guest remembers that this driver that copes biked to.,syntax,filler_gap_dependency,wh_vs_that_with_gap_long_distance,True,False,False,False,73,-95.53445434570312,-96.32301330566406,1
Claire would conceal who that actor that looked like the drawing has cured.,Claire would conceal that that actor that looked like the drawing has cured.,syntax,filler_gap_dependency,wh_vs_that_with_gap_long_distance,True,False,False,False,74,-107.50103759765625,-105.25340270996094,0
Alexander has remembered who some doctors that notice Meredith can't reveal.,Alexander has remembered that some doctors that notice Meredith can't reveal.,syntax,filler_gap_dependency,wh_vs_that_with_gap_long_distance,True,False,False,False,75,-104.95217895507812,-99.89236450195312,0
A lot of guys aren't discovering who that pedestrian that isn't boasting hasn't talked to.,A lot of guys aren't discovering that that pedestrian that isn't boasting hasn't talked to.,syntax,filler_gap_dependency,wh_vs_that_with_gap_long_distance,True,False,False,False,76,-114.20576477050781,-109.65376281738281,0
Most students realize who these organizations that conspire talked about.,Most students realize that these organizations that conspire talked about.,syntax,filler_gap_dependency,wh_vs_that_with_gap_long_distance,True,False,False,False,77,-82.95391082763672,-75.67448425292969,0
Holly has figured out who many cashiers that haven't brought some glacier care for.,Holly has figured out that many cashiers that haven't brought some glacier care for.,syntax,filler_gap_dependency,wh_vs_that_with_gap_long_distance,True,False,False,False,78,-110.696533203125,-104.03012084960938,0
Naomi investigated what those eyes that had upset Travis resemble.,Naomi investigated that those eyes that had upset Travis resemble.,syntax,filler_gap_dependency,wh_vs_that_with_gap_long_distance,True,False,False,False,79,-110.25096130371094,-104.41615295410156,0
That university learned who a guest that forgot this movie returns to.,That university learned that a guest that forgot this movie returns to.,syntax,filler_gap_dependency,wh_vs_that_with_gap_long_distance,True,False,False,False,80,-93.02679443359375,-86.0047607421875,0
Every cashier discovers who most patients that help Denise don't admire.,Every cashier discovers that most patients that help Denise don't admire.,syntax,filler_gap_dependency,wh_vs_that_with_gap_long_distance,True,False,False,False,81,-106.60306549072266,-98.22196960449219,0
Alice realized who these teenagers that weren't concurring were arguing about.,Alice realized that these teenagers that weren't concurring were arguing about.,syntax,filler_gap_dependency,wh_vs_that_with_gap_long_distance,True,False,False,False,82,-102.4262924194336,-94.07401275634766,0
Carmen isn't remembering what these teachers that struggle arrive at.,Carmen isn't remembering that these teachers that struggle arrive at.,syntax,filler_gap_dependency,wh_vs_that_with_gap_long_distance,True,False,False,False,83,-93.57694244384766,-90.57713317871094,0
Holly is remembering who all dancers that would talk to Gregory haven't sounded like.,Holly is remembering that all dancers that would talk to Gregory haven't sounded like.,syntax,filler_gap_dependency,wh_vs_that_with_gap_long_distance,True,False,False,False,84,-109.23138427734375,-102.49501037597656,0
Lawrence remembers who all actors that have donated were arguing about.,Lawrence remembers that all actors that have donated were arguing about.,syntax,filler_gap_dependency,wh_vs_that_with_gap_long_distance,True,False,False,False,85,-89.78385162353516,-86.63760375976562,0
Jill couldn't discover what every senator that is suffering should bike to.,Jill couldn't discover that every senator that is suffering should bike to.,syntax,filler_gap_dependency,wh_vs_that_with_gap_long_distance,True,False,False,False,86,-107.3135986328125,-103.4631118774414,0
Many guys hadn't discovered who the school that hadn't confused Melanie talked to.,Many guys hadn't discovered that the school that hadn't confused Melanie talked to.,syntax,filler_gap_dependency,wh_vs_that_with_gap_long_distance,True,False,False,False,87,-98.37296295166016,-89.83204650878906,0
Wayne doesn't realize who a movie that couldn't win isn't disagreeing with.,Wayne doesn't realize that a movie that couldn't win isn't disagreeing with.,syntax,filler_gap_dependency,wh_vs_that_with_gap_long_distance,True,False,False,False,88,-106.55567169189453,-101.92321014404297,0
Those companies learn what children that can attack Irene bike to.,Those companies learn that children that can attack Irene bike to.,syntax,filler_gap_dependency,wh_vs_that_with_gap_long_distance,True,False,False,False,89,-97.52544403076172,-97.89981079101562,1
Many students couldn't forget what that cashier that passed most closets walked through.,Many students couldn't forget that that cashier that passed most closets walked through.,syntax,filler_gap_dependency,wh_vs_that_with_gap_long_distance,True,False,False,False,90,-109.6419448852539,-108.4478988647461,0
Beverly is forgetting what this cat that irritated Angela was looking like.,Beverly is forgetting that this cat that irritated Angela was looking like.,syntax,filler_gap_dependency,wh_vs_that_with_gap_long_distance,True,False,False,False,91,-101.73748779296875,-100.83265686035156,0
Harvard University figured out who some student that left Kathleen didn't fire.,Harvard University figured out that some student that left Kathleen didn't fire.,syntax,filler_gap_dependency,wh_vs_that_with_gap_long_distance,True,False,False,False,92,-104.76248931884766,-99.65596771240234,0
Most boys forget what this guy that wasn't swallowing biked to.,Most boys forget that this guy that wasn't swallowing biked to.,syntax,filler_gap_dependency,wh_vs_that_with_gap_long_distance,True,False,False,False,93,-97.6241683959961,-93.84976196289062,0
Ruth has found out what these cashiers that didn't bike to most hospitals can conceal.,Ruth has found out that these cashiers that didn't bike to most hospitals can conceal.,syntax,filler_gap_dependency,wh_vs_that_with_gap_long_distance,True,False,False,False,94,-130.84226989746094,-129.49481201171875,0
Many guys forgot what a lot of people that had succeeded haven't respected.,Many guys forgot that a lot of people that had succeeded haven't respected.,syntax,filler_gap_dependency,wh_vs_that_with_gap_long_distance,True,False,False,False,95,-81.39136505126953,-80.42350006103516,0
Every person was learning who a person that had complained about Scott conceals.,Every person was learning that a person that had complained about Scott conceals.,syntax,filler_gap_dependency,wh_vs_that_with_gap_long_distance,True,False,False,False,96,-90.12049102783203,-84.30303955078125,0
Stacey knew what the guy that isn't yelling lifted.,Stacey knew that the guy that isn't yelling lifted.,syntax,filler_gap_dependency,wh_vs_that_with_gap_long_distance,True,False,False,False,97,-79.70406341552734,-77.05848693847656,0
Tonya figured out what some pedestrians that shouted reveal.,Tonya figured out that some pedestrians that shouted reveal.,syntax,filler_gap_dependency,wh_vs_that_with_gap_long_distance,True,False,False,False,98,-83.87696838378906,-82.03662109375,0
Most hospitals are realizing what these dancers that care for Becky could sound like.,Most hospitals are realizing that these dancers that care for Becky could sound like.,syntax,filler_gap_dependency,wh_vs_that_with_gap_long_distance,True,False,False,False,99,-101.2314453125,-96.87433624267578,0
Allison was concealing who those doctors that are approving talked to.,Allison was concealing that those doctors that are approving talked to.,syntax,filler_gap_dependency,wh_vs_that_with_gap_long_distance,True,False,False,False,100,-108.84739685058594,-102.50846099853516,0
Cynthia couldn't find out what every man that got a job arrived at.,Cynthia couldn't find out that every man that got a job arrived at.,syntax,filler_gap_dependency,wh_vs_that_with_gap_long_distance,True,False,False,False,101,-96.53709411621094,-95.04576110839844,0
Diana is finding out who an actor that cleaned that dress was curing.,Diana is finding out that an actor that cleaned that dress was curing.,syntax,filler_gap_dependency,wh_vs_that_with_gap_long_distance,True,False,False,False,102,-101.92036437988281,-98.67384338378906,0
Todd had realized who all customers that don't grin talked to.,Todd had realized that all customers that don't grin talked to.,syntax,filler_gap_dependency,wh_vs_that_with_gap_long_distance,True,False,False,False,103,-98.24490356445312,-89.90166473388672,0
Valerie doesn't realize who all senators that clean some college campus fled from.,Valerie doesn't realize that all senators that clean some college campus fled from.,syntax,filler_gap_dependency,wh_vs_that_with_gap_long_distance,True,False,False,False,104,-129.9044647216797,-123.8865737915039,0
Cynthia hasn't investigated what all alumni that weren't walking through every museum concealed.,Cynthia hasn't investigated that all alumni that weren't walking through every museum concealed.,syntax,filler_gap_dependency,wh_vs_that_with_gap_long_distance,True,False,False,False,105,-132.6113739013672,-125.63323974609375,0
Paula discovered who the government that was firing Ruth talks to.,Paula discovered that the government that was firing Ruth talks to.,syntax,filler_gap_dependency,wh_vs_that_with_gap_long_distance,True,False,False,False,106,-96.44551086425781,-88.65715026855469,0
Amy concealed what that mall that wasn't existing had looked like.,Amy concealed that that mall that wasn't existing had looked like.,syntax,filler_gap_dependency,wh_vs_that_with_gap_long_distance,True,False,False,False,107,-97.83460235595703,-94.69196319580078,0
Dawn was concealing who some lady that can't boast reveals.,Dawn was concealing that some lady that can't boast reveals.,syntax,filler_gap_dependency,wh_vs_that_with_gap_long_distance,True,False,False,False,108,-105.30009460449219,-97.85395050048828,0
Renee figures out who the committee that hasn't remembered Nancy wasn't concealing.,Renee figures out that the committee that hasn't remembered Nancy wasn't concealing.,syntax,filler_gap_dependency,wh_vs_that_with_gap_long_distance,True,False,False,False,109,-117.11587524414062,-113.50111389160156,0
Some waitresses discover what the actress that concealed Tara hadn't found.,Some waitresses discover that the actress that concealed Tara hadn't found.,syntax,filler_gap_dependency,wh_vs_that_with_gap_long_distance,True,False,False,False,110,-109.0676498413086,-105.15165710449219,0
Melissa does know what all women that hadn't clashed do wear.,Melissa does know that all women that hadn't clashed do wear.,syntax,filler_gap_dependency,wh_vs_that_with_gap_long_distance,True,False,False,False,111,-94.1557388305664,-90.28044128417969,0
Jacqueline knows what that child that wasn't talking about Stacey should bike to.,Jacqueline knows that that child that wasn't talking about Stacey should bike to.,syntax,filler_gap_dependency,wh_vs_that_with_gap_long_distance,True,False,False,False,112,-120.47444915771484,-118.54180145263672,0
Anna remembers who these men that were stretching sound like.,Anna remembers that these men that were stretching sound like.,syntax,filler_gap_dependency,wh_vs_that_with_gap_long_distance,True,False,False,False,113,-80.83624267578125,-76.93844604492188,0
Thomas hasn't found out who an adult that won't examine these commentaries hadn't sounded like.,Thomas hasn't found out that an adult that won't examine these commentaries hadn't sounded like.,syntax,filler_gap_dependency,wh_vs_that_with_gap_long_distance,True,False,False,False,114,-116.617919921875,-111.61750793457031,0
Steve had concealed what some women that were debating drove to.,Steve had concealed that some women that were debating drove to.,syntax,filler_gap_dependency,wh_vs_that_with_gap_long_distance,True,False,False,False,115,-87.84393310546875,-84.47061157226562,0
Donald hadn't concealed what every blouse that was shocking many teachers had looked like.,Donald hadn't concealed that every blouse that was shocking many teachers had looked like.,syntax,filler_gap_dependency,wh_vs_that_with_gap_long_distance,True,False,False,False,116,-119.41642761230469,-115.51884460449219,0
Amy investigates what some photographs that will fall have looked like.,Amy investigates that some photographs that will fall have looked like.,syntax,filler_gap_dependency,wh_vs_that_with_gap_long_distance,True,False,False,False,117,-78.6732177734375,-77.9212646484375,0
A lot of committees forget who a lot of boys that weren't exercising had listened to.,A lot of committees forget that a lot of boys that weren't exercising had listened to.,syntax,filler_gap_dependency,wh_vs_that_with_gap_long_distance,True,False,False,False,118,-109.3953857421875,-101.87635803222656,0
Peter couldn't conceal what an actor that could boycott every government concealed.,Peter couldn't conceal that an actor that could boycott every government concealed.,syntax,filler_gap_dependency,wh_vs_that_with_gap_long_distance,True,False,False,False,119,-103.90167236328125,-104.05985260009766,1
Lucille hasn't investigated what teeth that hadn't fallen resemble.,Lucille hasn't investigated that teeth that hadn't fallen resemble.,syntax,filler_gap_dependency,wh_vs_that_with_gap_long_distance,True,False,False,False,120,-88.91976928710938,-84.83889770507812,0
Alexander wouldn't find out what these actresses that haven't looked like those drawings had looked like.,Alexander wouldn't find out that these actresses that haven't looked like those drawings had looked like.,syntax,filler_gap_dependency,wh_vs_that_with_gap_long_distance,True,False,False,False,121,-104.62165069580078,-103.90164947509766,0
Teresa didn't find out what the actors that weren't praising Danielle reveal.,Teresa didn't find out that the actors that weren't praising Danielle reveal.,syntax,filler_gap_dependency,wh_vs_that_with_gap_long_distance,True,False,False,False,122,-101.29830169677734,-101.28054809570312,0
Gregory realizes what these guys that are swallowing examine.,Gregory realizes that these guys that are swallowing examine.,syntax,filler_gap_dependency,wh_vs_that_with_gap_long_distance,True,False,False,False,123,-84.68241119384766,-80.94486999511719,0
Melinda wasn't forgetting who a lot of sketches that fell weren't looking like.,Melinda wasn't forgetting that a lot of sketches that fell weren't looking like.,syntax,filler_gap_dependency,wh_vs_that_with_gap_long_distance,True,False,False,False,124,-95.30149841308594,-89.62252044677734,0
Andrea doesn't find out who many customers that could investigate Janice dislike.,Andrea doesn't find out that many customers that could investigate Janice dislike.,syntax,filler_gap_dependency,wh_vs_that_with_gap_long_distance,True,False,False,False,125,-104.81554412841797,-100.54351043701172,0
Sheila hasn't known what these people that practiced arrived at.,Sheila hasn't known that these people that practiced arrived at.,syntax,filler_gap_dependency,wh_vs_that_with_gap_long_distance,True,False,False,False,126,-86.59239959716797,-83.71508026123047,0
Sara realized who all actresses that aren't chatting fired.,Sara realized that all actresses that aren't chatting fired.,syntax,filler_gap_dependency,wh_vs_that_with_gap_long_distance,True,False,False,False,127,-89.64120483398438,-81.66184997558594,0
Jason was learning what most doctors that discovered every turtle go to.,Jason was learning that most doctors that discovered every turtle go to.,syntax,filler_gap_dependency,wh_vs_that_with_gap_long_distance,True,False,False,False,128,-92.8350830078125,-89.48008728027344,0
Phillip discovered who this museum that wasn't coping respected.,Phillip discovered that this museum that wasn't coping respected.,syntax,filler_gap_dependency,wh_vs_that_with_gap_long_distance,True,False,False,False,129,-102.3167724609375,-91.40513610839844,0
A teenager figures out who the cashier that disagrees with Christopher references.,A teenager figures out that the cashier that disagrees with Christopher references.,syntax,filler_gap_dependency,wh_vs_that_with_gap_long_distance,True,False,False,False,130,-94.84989929199219,-90.61167907714844,0
These drivers figure out who those guests that conspire weren't referencing.,These drivers figure out that those guests that conspire weren't referencing.,syntax,filler_gap_dependency,wh_vs_that_with_gap_long_distance,True,False,False,False,131,-101.55059051513672,-96.80494689941406,0
An actor found out what every hamster that disappears found.,An actor found out that every hamster that disappears found.,syntax,filler_gap_dependency,wh_vs_that_with_gap_long_distance,True,False,False,False,132,-83.10954284667969,-79.47657775878906,0
Tonya is revealing who this university that answers referenced.,Tonya is revealing that this university that answers referenced.,syntax,filler_gap_dependency,wh_vs_that_with_gap_long_distance,True,False,False,False,133,-85.05685424804688,-78.18611907958984,0
Peter hasn't remembered who every organization that reacts listens to.,Peter hasn't remembered that every organization that reacts listens to.,syntax,filler_gap_dependency,wh_vs_that_with_gap_long_distance,True,False,False,False,134,-95.58353424072266,-87.62152099609375,0
These dancers know who some organizations that could reply don't listen to.,These dancers know that some organizations that could reply don't listen to.,syntax,filler_gap_dependency,wh_vs_that_with_gap_long_distance,True,False,False,False,135,-87.42053985595703,-83.70950317382812,0
Charles hasn't remembered who every offspring that got a job shouldn't escape from.,Charles hasn't remembered that every offspring that got a job shouldn't escape from.,syntax,filler_gap_dependency,wh_vs_that_with_gap_long_distance,True,False,False,False,136,-105.39814758300781,-98.33274841308594,0
Charles hasn't investigated who that person that doesn't escape dislikes.,Charles hasn't investigated that that person that doesn't escape dislikes.,syntax,filler_gap_dependency,wh_vs_that_with_gap_long_distance,True,False,False,False,137,-95.1948471069336,-85.37164306640625,0
This teacher wasn't discovering who most ladies that aren't complaining about those pedestrians complain about.,This teacher wasn't discovering that most ladies that aren't complaining about those pedestrians complain about.,syntax,filler_gap_dependency,wh_vs_that_with_gap_long_distance,True,False,False,False,138,-111.57919311523438,-105.791015625,0
Stacy investigates what those doors that open could resemble.,Stacy investigates that those doors that open could resemble.,syntax,filler_gap_dependency,wh_vs_that_with_gap_long_distance,True,False,False,False,139,-85.1697006225586,-83.41616821289062,0
Guy figures out what most guys that couldn't attack Karla hadn't complained about.,Guy figures out that most guys that couldn't attack Karla hadn't complained about.,syntax,filler_gap_dependency,wh_vs_that_with_gap_long_distance,True,False,False,False,140,-112.3684310913086,-109.80526733398438,0
Christopher wasn't figuring out who a lot of senators that were competing admired.,Christopher wasn't figuring out that a lot of senators that were competing admired.,syntax,filler_gap_dependency,wh_vs_that_with_gap_long_distance,True,False,False,False,141,-93.62861633300781,-90.10712432861328,0
Monica wasn't finding out who that waiter that reveals Beverly will reference.,Monica wasn't finding out that that waiter that reveals Beverly will reference.,syntax,filler_gap_dependency,wh_vs_that_with_gap_long_distance,True,False,False,False,142,-115.49247741699219,-112.89076232910156,0
Sarah did learn what most boys that will boast about Douglas had driven to.,Sarah did learn that most boys that will boast about Douglas had driven to.,syntax,filler_gap_dependency,wh_vs_that_with_gap_long_distance,True,False,False,False,143,-107.25190734863281,-105.32009887695312,0
A student will find out what every drawing that had existed hasn't looked like.,A student will find out that every drawing that had existed hasn't looked like.,syntax,filler_gap_dependency,wh_vs_that_with_gap_long_distance,True,False,False,False,144,-95.37183380126953,-94.84850311279297,0
Omar remembers what those students that hadn't hated the guy had driven to.,Omar remembers that those students that hadn't hated the guy had driven to.,syntax,filler_gap_dependency,wh_vs_that_with_gap_long_distance,True,False,False,False,145,-104.3814926147461,-104.77886962890625,1
Most dancers are investigating who many dancers that explored some hospitals admire.,Most dancers are investigating that many dancers that explored some hospitals admire.,syntax,filler_gap_dependency,wh_vs_that_with_gap_long_distance,True,False,False,False,146,-96.30474090576172,-89.57215118408203,0
Timothy hadn't discovered what the boy that wasn't forfeiting had arrived at.,Timothy hadn't discovered that the boy that wasn't forfeiting had arrived at.,syntax,filler_gap_dependency,wh_vs_that_with_gap_long_distance,True,False,False,False,147,-102.85946655273438,-99.21871185302734,0
Connie isn't finding out who many governments that haven't fought could talk about.,Connie isn't finding out that many governments that haven't fought could talk about.,syntax,filler_gap_dependency,wh_vs_that_with_gap_long_distance,True,False,False,False,148,-106.95231628417969,-102.03398132324219,0
Cindy realized what all men that looked like these paintings scare.,Cindy realized that all men that looked like these paintings scare.,syntax,filler_gap_dependency,wh_vs_that_with_gap_long_distance,True,False,False,False,149,-104.15518188476562,-97.07492065429688,0
Some dancers have remembered who all universities that met haven't worked with.,Some dancers have remembered that all universities that met haven't worked with.,syntax,filler_gap_dependency,wh_vs_that_with_gap_long_distance,True,False,False,False,150,-97.4110107421875,-92.57592010498047,0
Many guests learn what this rabbit that vanished finds.,Many guests learn that this rabbit that vanished finds.,syntax,filler_gap_dependency,wh_vs_that_with_gap_long_distance,True,False,False,False,151,-73.94532775878906,-73.95604705810547,1
Jessica has concealed who some government that was astounding Rose works with.,Jessica has concealed that some government that was astounding Rose works with.,syntax,filler_gap_dependency,wh_vs_that_with_gap_long_distance,True,False,False,False,152,-106.21282196044922,-98.65550231933594,0
Martha might forget what this waiter that bothered the adult wasn't lifting.,Martha might forget that this waiter that bothered the adult wasn't lifting.,syntax,filler_gap_dependency,wh_vs_that_with_gap_long_distance,True,False,False,False,153,-113.99768829345703,-111.08873748779297,0
All children forget who the school that isn't selling that apple was listening to.,All children forget that the school that isn't selling that apple was listening to.,syntax,filler_gap_dependency,wh_vs_that_with_gap_long_distance,True,False,False,False,154,-102.11228942871094,-96.34602355957031,0
Meredith might realize who that company that isn't shocking Monica is concealing.,Meredith might realize that that company that isn't shocking Monica is concealing.,syntax,filler_gap_dependency,wh_vs_that_with_gap_long_distance,True,False,False,False,155,-117.91845703125,-112.44844055175781,0
Erin can't investigate who many museums that haven't corresponded aren't listening to.,Erin can't investigate that many museums that haven't corresponded aren't listening to.,syntax,filler_gap_dependency,wh_vs_that_with_gap_long_distance,True,False,False,False,156,-117.15432739257812,-111.3599853515625,0
Some adults forgot what every man that has scared Stephanie drives to.,Some adults forgot that every man that has scared Stephanie drives to.,syntax,filler_gap_dependency,wh_vs_that_with_gap_long_distance,True,False,False,False,157,-95.81177520751953,-92.05158233642578,0
Paula figured out who a boy that hadn't worried most drivers shouldn't sound like.,Paula figured out that a boy that hadn't worried most drivers shouldn't sound like.,syntax,filler_gap_dependency,wh_vs_that_with_gap_long_distance,True,False,False,False,158,-105.4911117553711,-102.29707336425781,0
Lori had forgotten what the doctor that would resemble a lot of prints bikes to.,Lori had forgotten that the doctor that would resemble a lot of prints bikes to.,syntax,filler_gap_dependency,wh_vs_that_with_gap_long_distance,True,False,False,False,159,-106.73988342285156,-102.38623809814453,0
Jane has learned what some dancer that practices arrives at.,Jane has learned that some dancer that practices arrives at.,syntax,filler_gap_dependency,wh_vs_that_with_gap_long_distance,True,False,False,False,160,-81.73519897460938,-77.08218383789062,0
Amanda is discovering what the person that can't stun Spain walks through.,Amanda is discovering that the person that can't stun Spain walks through.,syntax,filler_gap_dependency,wh_vs_that_with_gap_long_distance,True,False,False,False,161,-99.09822082519531,-97.02887725830078,0
Amanda reveals who many pictures that fell might look like.,Amanda reveals that many pictures that fell might look like.,syntax,filler_gap_dependency,wh_vs_that_with_gap_long_distance,True,False,False,False,162,-81.06135559082031,-74.03204345703125,0
Paula knows who the library that can't communicate wasn't talking to.,Paula knows that the library that can't communicate wasn't talking to.,syntax,filler_gap_dependency,wh_vs_that_with_gap_long_distance,True,False,False,False,163,-84.52507019042969,-81.82647705078125,0
Carl finds out who these teenagers that had fled from Ellen talk to.,Carl finds out that these teenagers that had fled from Ellen talk to.,syntax,filler_gap_dependency,wh_vs_that_with_gap_long_distance,True,False,False,False,164,-105.70356750488281,-100.6065444946289,0
Holly had forgotten what a guy that hadn't cured Galileo can't drive to.,Holly had forgotten that a guy that hadn't cured Galileo can't drive to.,syntax,filler_gap_dependency,wh_vs_that_with_gap_long_distance,True,False,False,False,165,-106.14268493652344,-102.33717346191406,0
Gregory can't figure out what a girl that hasn't coughed can drop by.,Gregory can't figure out that a girl that hasn't coughed can drop by.,syntax,filler_gap_dependency,wh_vs_that_with_gap_long_distance,True,False,False,False,166,-112.19953918457031,-114.19174194335938,1
Brad wasn't concealing what most drivers that hide arrived at.,Brad wasn't concealing that most drivers that hide arrived at.,syntax,filler_gap_dependency,wh_vs_that_with_gap_long_distance,True,False,False,False,167,-93.8487548828125,-87.986572265625,0
Tracy won't know what the museum that can't donate references.,Tracy won't know that the museum that can't donate references.,syntax,filler_gap_dependency,wh_vs_that_with_gap_long_distance,True,False,False,False,168,-83.79059600830078,-84.04891967773438,1
Edward isn't figuring out what many children that won like.,Edward isn't figuring out that many children that won like.,syntax,filler_gap_dependency,wh_vs_that_with_gap_long_distance,True,False,False,False,169,-75.93311309814453,-78.07617950439453,1
Naomi finds out who a lot of customers that wouldn't watch Brett aren't working with.,Naomi finds out that a lot of customers that wouldn't watch Brett aren't working with.,syntax,filler_gap_dependency,wh_vs_that_with_gap_long_distance,True,False,False,False,170,-112.01348876953125,-105.30076599121094,0
Gina finds out who this library that wasn't reacting references.,Gina finds out that this library that wasn't reacting references.,syntax,filler_gap_dependency,wh_vs_that_with_gap_long_distance,True,False,False,False,171,-92.1903076171875,-85.59381866455078,0
Natalie found out who a woman that has seen cares for.,Natalie found out that a woman that has seen cares for.,syntax,filler_gap_dependency,wh_vs_that_with_gap_long_distance,True,False,False,False,172,-79.14090728759766,-72.79826354980469,0
All museums know who some alumnus that hasn't upset Jesus had fired.,All museums know that some alumnus that hasn't upset Jesus had fired.,syntax,filler_gap_dependency,wh_vs_that_with_gap_long_distance,True,False,False,False,173,-107.17822265625,-103.09162902832031,0
Karla realized who those patients that bike to many hospitals disagree with.,Karla realized that those patients that bike to many hospitals disagree with.,syntax,filler_gap_dependency,wh_vs_that_with_gap_long_distance,True,False,False,False,174,-111.52324676513672,-102.09309387207031,0
Brad revealed who every alumnus that didn't shout wouldn't reveal.,Brad revealed that every alumnus that didn't shout wouldn't reveal.,syntax,filler_gap_dependency,wh_vs_that_with_gap_long_distance,True,False,False,False,175,-101.0472412109375,-91.56940460205078,0
Sheila had realized what some art gallery that hadn't bored Christina resembled.,Sheila had realized that some art gallery that hadn't bored Christina resembled.,syntax,filler_gap_dependency,wh_vs_that_with_gap_long_distance,True,False,False,False,176,-116.25013732910156,-111.04702758789062,0
Carrie realizes who synopses that haven't boasted are boasting about.,Carrie realizes that synopses that haven't boasted are boasting about.,syntax,filler_gap_dependency,wh_vs_that_with_gap_long_distance,True,False,False,False,177,-119.22361755371094,-111.10345458984375,0
Clyde wouldn't investigate who students that weren't disturbing Bruce dislike.,Clyde wouldn't investigate that students that weren't disturbing Bruce dislike.,syntax,filler_gap_dependency,wh_vs_that_with_gap_long_distance,True,False,False,False,178,-113.32295227050781,-106.74710083007812,0
Kristen reveals who most ladies that haven't disagreed aren't escaping from.,Kristen reveals that most ladies that haven't disagreed aren't escaping from.,syntax,filler_gap_dependency,wh_vs_that_with_gap_long_distance,True,False,False,False,179,-108.66604614257812,-102.77130889892578,0
The Impressionists forget who that alumnus that isn't hiding escapes from.,The Impressionists forget that that alumnus that isn't hiding escapes from.,syntax,filler_gap_dependency,wh_vs_that_with_gap_long_distance,True,False,False,False,180,-111.13935852050781,-104.01102447509766,0
Raymond shouldn't reveal who all senators that hadn't scratched could flee from.,Raymond shouldn't reveal that all senators that hadn't scratched could flee from.,syntax,filler_gap_dependency,wh_vs_that_with_gap_long_distance,True,False,False,False,181,-120.66866302490234,-115.12289428710938,0
Some organizations discover who all legislatures that work hard wouldn't listen to.,Some organizations discover that all legislatures that work hard wouldn't listen to.,syntax,filler_gap_dependency,wh_vs_that_with_gap_long_distance,True,False,False,False,182,-89.65471649169922,-84.64691162109375,0
Many people knew who a girl that had described Becca would find.,Many people knew that a girl that had described Becca would find.,syntax,filler_gap_dependency,wh_vs_that_with_gap_long_distance,True,False,False,False,183,-85.32878875732422,-81.4249496459961,0
Kristin hasn't investigated who this government that benefits listens to.,Kristin hasn't investigated that this government that benefits listens to.,syntax,filler_gap_dependency,wh_vs_that_with_gap_long_distance,True,False,False,False,184,-95.67117309570312,-85.12191009521484,0
Raymond discovered what many alumni that will disagree with Melanie liked.,Raymond discovered that many alumni that will disagree with Melanie liked.,syntax,filler_gap_dependency,wh_vs_that_with_gap_long_distance,True,False,False,False,185,-97.35719299316406,-92.6987533569336,0
Guy concealed who the children that die have sounded like.,Guy concealed that the children that die have sounded like.,syntax,filler_gap_dependency,wh_vs_that_with_gap_long_distance,True,False,False,False,186,-82.28892517089844,-76.05806732177734,0
Dawn revealed who that student that did embarrass Amelia would cure.,Dawn revealed that that student that did embarrass Amelia would cure.,syntax,filler_gap_dependency,wh_vs_that_with_gap_long_distance,True,False,False,False,187,-104.58311462402344,-95.8578109741211,0
Jason had revealed what this driver that escaped from Noah can't flee from.,Jason had revealed that this driver that escaped from Noah can't flee from.,syntax,filler_gap_dependency,wh_vs_that_with_gap_long_distance,True,False,False,False,188,-98.85395812988281,-93.5482177734375,0
Kristen could investigate who some stimulus that disappears hadn't scared.,Kristen could investigate that some stimulus that disappears hadn't scared.,syntax,filler_gap_dependency,wh_vs_that_with_gap_long_distance,True,False,False,False,189,-102.02083587646484,-94.4106216430664,0
Some associations realize what many pedestrians that annoys Marla did lift.,Some associations realize that many pedestrians that annoys Marla did lift.,syntax,filler_gap_dependency,wh_vs_that_with_gap_long_distance,True,False,False,False,190,-113.26173400878906,-110.2945785522461,0
Kimberley conceals who most men that aggravate Charles dislike.,Kimberley conceals that most men that aggravate Charles dislike.,syntax,filler_gap_dependency,wh_vs_that_with_gap_long_distance,True,False,False,False,191,-108.85978698730469,-104.76871490478516,0
Most actresses knew who most men that wouldn't reply haven't fired.,Most actresses knew that most men that wouldn't reply haven't fired.,syntax,filler_gap_dependency,wh_vs_that_with_gap_long_distance,True,False,False,False,192,-98.36526489257812,-93.26839447021484,0
Sherry found out who that dancer that won't concur talks to.,Sherry found out that that dancer that won't concur talks to.,syntax,filler_gap_dependency,wh_vs_that_with_gap_long_distance,True,False,False,False,193,-106.16663360595703,-100.87593078613281,0
Liam is learning who the customer that didn't go fishing cures.,Liam is learning that the customer that didn't go fishing cures.,syntax,filler_gap_dependency,wh_vs_that_with_gap_long_distance,True,False,False,False,194,-93.89446258544922,-86.22468566894531,0
Benjamin did figure out who a lot of cashiers that were blinking argue about.,Benjamin did figure out that a lot of cashiers that were blinking argue about.,syntax,filler_gap_dependency,wh_vs_that_with_gap_long_distance,True,False,False,False,195,-107.12162780761719,-102.30349731445312,0
Tammy forgets who these drawings that didn't appear look like.,Tammy forgets that these drawings that didn't appear look like.,syntax,filler_gap_dependency,wh_vs_that_with_gap_long_distance,True,False,False,False,196,-94.89234924316406,-87.19218444824219,0
David can't investigate who every waitress that hadn't questioned Janet listens to.,David can't investigate that every waitress that hadn't questioned Janet listens to.,syntax,filler_gap_dependency,wh_vs_that_with_gap_long_distance,True,False,False,False,197,-103.78568267822266,-96.13511657714844,0
Phillip isn't learning what some waitresses that confuse Grace go to.,Phillip isn't learning that some waitresses that confuse Grace go to.,syntax,filler_gap_dependency,wh_vs_that_with_gap_long_distance,True,False,False,False,198,-125.33214569091797,-122.2164306640625,0
A boy will forget who these schools that wouldn't donate are listening to.,A boy will forget that these schools that wouldn't donate are listening to.,syntax,filler_gap_dependency,wh_vs_that_with_gap_long_distance,True,False,False,False,199,-96.87675476074219,-90.77015686035156,0
Roger investigates who alumni that communicate didn't listen to.,Roger investigates that alumni that communicate didn't listen to.,syntax,filler_gap_dependency,wh_vs_that_with_gap_long_distance,True,False,False,False,200,-77.39004516601562,-72.62335205078125,0
Boys conceal who some dancer that wasn't embarrassing Alice complains about.,Boys conceal that some dancer that wasn't embarrassing Alice complains about.,syntax,filler_gap_dependency,wh_vs_that_with_gap_long_distance,True,False,False,False,201,-115.16753387451172,-110.3638916015625,0
Some association was concealing who some play that disturbs Angela disagreed with.,Some association was concealing that some play that disturbs Angela disagreed with.,syntax,filler_gap_dependency,wh_vs_that_with_gap_long_distance,True,False,False,False,202,-109.63211059570312,-103.62458801269531,0
Keith realized who the museums that worried Patricia could dislike.,Keith realized that the museums that worried Patricia could dislike.,syntax,filler_gap_dependency,wh_vs_that_with_gap_long_distance,True,False,False,False,203,-92.73780822753906,-83.78208923339844,0
Some driver discovered who some school that had remembered some college campus disliked.,Some driver discovered that some school that had remembered some college campus disliked.,syntax,filler_gap_dependency,wh_vs_that_with_gap_long_distance,True,False,False,False,204,-107.14437866210938,-98.32088470458984,0
Brian was forgetting what an actor that had gotten fired disliked.,Brian was forgetting that an actor that had gotten fired disliked.,syntax,filler_gap_dependency,wh_vs_that_with_gap_long_distance,True,False,False,False,205,-81.44977569580078,-81.58941650390625,1
Elizabeth had learned what the senators that attacked Maria admire.,Elizabeth had learned that the senators that attacked Maria admire.,syntax,filler_gap_dependency,wh_vs_that_with_gap_long_distance,True,False,False,False,206,-83.60687255859375,-80.00526428222656,0
Mark has learned what these offspring that hurt Alicia drive to.,Mark has learned that these offspring that hurt Alicia drive to.,syntax,filler_gap_dependency,wh_vs_that_with_gap_long_distance,True,False,False,False,207,-91.9605712890625,-88.86786651611328,0
Diana investigates what that child that was skated around lakes was walking through.,Diana investigates that that child that was skated around lakes was walking through.,syntax,filler_gap_dependency,wh_vs_that_with_gap_long_distance,True,False,False,False,208,-113.05374145507812,-111.8597412109375,0
Those museums forget who every committee that respected Debra talked to.,Those museums forget that every committee that respected Debra talked to.,syntax,filler_gap_dependency,wh_vs_that_with_gap_long_distance,True,False,False,False,209,-101.68315887451172,-97.47879028320312,0
All legislatures can remember what this man that looked like every picture has examined.,All legislatures can remember that this man that looked like every picture has examined.,syntax,filler_gap_dependency,wh_vs_that_with_gap_long_distance,True,False,False,False,210,-96.62024688720703,-95.56607055664062,0
Julie has found out who some waiter that had upset Caroline listens to.,Julie has found out that some waiter that had upset Caroline listens to.,syntax,filler_gap_dependency,wh_vs_that_with_gap_long_distance,True,False,False,False,211,-103.4794921875,-97.6851577758789,0
Marcus concealed who every student that hides Roger disliked.,Marcus concealed that every student that hides Roger disliked.,syntax,filler_gap_dependency,wh_vs_that_with_gap_long_distance,True,False,False,False,212,-92.06210327148438,-85.71542358398438,0
Craig figures out who a child that sells some cat sounded like.,Craig figures out that a child that sells some cat sounded like.,syntax,filler_gap_dependency,wh_vs_that_with_gap_long_distance,True,False,False,False,213,-91.57768249511719,-88.00595092773438,0
Sharon isn't forgetting what some movie theaters that exist looked like.,Sharon isn't forgetting that some movie theaters that exist looked like.,syntax,filler_gap_dependency,wh_vs_that_with_gap_long_distance,True,False,False,False,214,-96.00959777832031,-94.00292205810547,0
Beth had learned what many doctors that impress those children did walk through.,Beth had learned that many doctors that impress those children did walk through.,syntax,filler_gap_dependency,wh_vs_that_with_gap_long_distance,True,False,False,False,215,-101.04957580566406,-96.57723236083984,0
Mitchell was discovering who these children that went to this mall aren't disagreeing with.,Mitchell was discovering that these children that went to this mall aren't disagreeing with.,syntax,filler_gap_dependency,wh_vs_that_with_gap_long_distance,True,False,False,False,216,-124.48674774169922,-119.14353942871094,0
Rachel is finding out who this actress that has disgusted this organization cured.,Rachel is finding out that this actress that has disgusted this organization cured.,syntax,filler_gap_dependency,wh_vs_that_with_gap_long_distance,True,False,False,False,217,-105.12709045410156,-100.76166534423828,0
Every guest forgets who this essay that disagreed sounded like.,Every guest forgets that this essay that disagreed sounded like.,syntax,filler_gap_dependency,wh_vs_that_with_gap_long_distance,True,False,False,False,218,-90.75987243652344,-83.9478530883789,0
Dawn forgets who every lady that hasn't healed Ann conceals.,Dawn forgets that every lady that hasn't healed Ann conceals.,syntax,filler_gap_dependency,wh_vs_that_with_gap_long_distance,True,False,False,False,219,-110.15234375,-102.27099609375,0
Those organizations were figuring out what some pedestrians that have muttered drove to.,Those organizations were figuring out that some pedestrians that have muttered drove to.,syntax,filler_gap_dependency,wh_vs_that_with_gap_long_distance,True,False,False,False,220,-101.17086791992188,-100.10404968261719,0
The banks find out what the guy that stands up finds.,The banks find out that the guy that stands up finds.,syntax,filler_gap_dependency,wh_vs_that_with_gap_long_distance,True,False,False,False,221,-71.05618286132812,-71.47150421142578,1
Laura won't realize who this actor that aggravated some government isn't working with.,Laura won't realize that this actor that aggravated some government isn't working with.,syntax,filler_gap_dependency,wh_vs_that_with_gap_long_distance,True,False,False,False,222,-101.6260986328125,-94.51847839355469,0
Emily has discovered who some actor that irritated Derek wouldn't listen to.,Emily has discovered that some actor that irritated Derek wouldn't listen to.,syntax,filler_gap_dependency,wh_vs_that_with_gap_long_distance,True,False,False,False,223,-104.86207580566406,-95.03321075439453,0
Nancy had forgotten who that woman that forfeited conceals.,Nancy had forgotten that that woman that forfeited conceals.,syntax,filler_gap_dependency,wh_vs_that_with_gap_long_distance,True,False,False,False,224,-95.43817138671875,-90.08024597167969,0
Many teenagers learn what all alumni that knew Theresa lift.,Many teenagers learn that all alumni that knew Theresa lift.,syntax,filler_gap_dependency,wh_vs_that_with_gap_long_distance,True,False,False,False,225,-89.01638793945312,-86.80976867675781,0
Christina reveals who a lot of drivers that sneeze can talk to.,Christina reveals that a lot of drivers that sneeze can talk to.,syntax,filler_gap_dependency,wh_vs_that_with_gap_long_distance,True,False,False,False,226,-91.69964599609375,-88.55780029296875,0
Donald wouldn't know who every child that won't exist should listen to.,Donald wouldn't know that every child that won't exist should listen to.,syntax,filler_gap_dependency,wh_vs_that_with_gap_long_distance,True,False,False,False,227,-82.44305419921875,-77.61241912841797,0
Keith revealed what some cashiers that haven't hugged hadn't arrived at.,Keith revealed that some cashiers that haven't hugged hadn't arrived at.,syntax,filler_gap_dependency,wh_vs_that_with_gap_long_distance,True,False,False,False,228,-104.19879150390625,-98.99476623535156,0
Tanya remembered what many students that can't cough arrive at.,Tanya remembered that many students that can't cough arrive at.,syntax,filler_gap_dependency,wh_vs_that_with_gap_long_distance,True,False,False,False,229,-93.89205932617188,-90.58845520019531,0
Those guests aren't remembering who the person that hadn't fallen has talked to.,Those guests aren't remembering that the person that hadn't fallen has talked to.,syntax,filler_gap_dependency,wh_vs_that_with_gap_long_distance,True,False,False,False,230,-95.79357147216797,-90.24870300292969,0
Marcus can investigate what this screen that didn't disturb Richard doesn't look like.,Marcus can investigate that this screen that didn't disturb Richard doesn't look like.,syntax,filler_gap_dependency,wh_vs_that_with_gap_long_distance,True,False,False,False,231,-98.97453308105469,-96.07122802734375,0
Timothy realized who a lot of people that watched every cashier admire.,Timothy realized that a lot of people that watched every cashier admire.,syntax,filler_gap_dependency,wh_vs_that_with_gap_long_distance,True,False,False,False,232,-104.47066497802734,-95.77481079101562,0
Tanya was remembering what many rabbits that ascended some hill have found.,Tanya was remembering that many rabbits that ascended some hill have found.,syntax,filler_gap_dependency,wh_vs_that_with_gap_long_distance,True,False,False,False,233,-102.44027709960938,-98.87083435058594,0
Grace will conceal what a boy that descended some slope is lifting.,Grace will conceal that a boy that descended some slope is lifting.,syntax,filler_gap_dependency,wh_vs_that_with_gap_long_distance,True,False,False,False,234,-104.16104125976562,-103.90083312988281,0
David was discovering what many pedestrians that have profited couldn't arrive at.,David was discovering that many pedestrians that have profited couldn't arrive at.,syntax,filler_gap_dependency,wh_vs_that_with_gap_long_distance,True,False,False,False,235,-98.02083587646484,-95.1994400024414,0
The waiters know what those convertibles that look like all pictures do look like.,The waiters know that those convertibles that look like all pictures do look like.,syntax,filler_gap_dependency,wh_vs_that_with_gap_long_distance,True,False,False,False,236,-95.7099380493164,-92.1935806274414,0
Brenda had remembered who every photograph that is falling has looked like.,Brenda had remembered that every photograph that is falling has looked like.,syntax,filler_gap_dependency,wh_vs_that_with_gap_long_distance,True,False,False,False,237,-99.46622467041016,-92.02029418945312,0
Patricia investigated who a customer that embarrassed Steven respects.,Patricia investigated that a customer that embarrassed Steven respects.,syntax,filler_gap_dependency,wh_vs_that_with_gap_long_distance,True,False,False,False,238,-93.42289733886719,-87.36615753173828,0
Cheryl wasn't realizing what every offspring that embarrassed most children can lift.,Cheryl wasn't realizing that every offspring that embarrassed most children can lift.,syntax,filler_gap_dependency,wh_vs_that_with_gap_long_distance,True,False,False,False,239,-116.45625305175781,-109.33439636230469,0
This bank hasn't known what the adult that could bore Carl isn't arriving at.,This bank hasn't known that the adult that could bore Carl isn't arriving at.,syntax,filler_gap_dependency,wh_vs_that_with_gap_long_distance,True,False,False,False,240,-115.70967102050781,-111.8349609375,0
A lot of doctors discover who these waiters that do flee from Eric have talked to.,A lot of doctors discover that these waiters that do flee from Eric have talked to.,syntax,filler_gap_dependency,wh_vs_that_with_gap_long_distance,True,False,False,False,241,-122.98727416992188,-115.50291442871094,0
Those customers forget what a girl that wasn't climbing up a slope wasn't arriving at.,Those customers forget that a girl that wasn't climbing up a slope wasn't arriving at.,syntax,filler_gap_dependency,wh_vs_that_with_gap_long_distance,True,False,False,False,242,-112.09444427490234,-111.01777648925781,0
A lot of senators know who these teenagers that weren't nodding sound like.,A lot of senators know that these teenagers that weren't nodding sound like.,syntax,filler_gap_dependency,wh_vs_that_with_gap_long_distance,True,False,False,False,243,-98.632568359375,-95.039306640625,0
Many men didn't investigate who all teenagers that had alarmed David cure.,Many men didn't investigate that all teenagers that had alarmed David cure.,syntax,filler_gap_dependency,wh_vs_that_with_gap_long_distance,True,False,False,False,244,-105.6383285522461,-99.83467864990234,0
Caroline investigates what some ladies that criticized Debra hadn't arrived at.,Caroline investigates that some ladies that criticized Debra hadn't arrived at.,syntax,filler_gap_dependency,wh_vs_that_with_gap_long_distance,True,False,False,False,245,-107.33261108398438,-105.78160095214844,0
Noah is investigating who the person that is looking like those sketches has cared for.,Noah is investigating that the person that is looking like those sketches has cared for.,syntax,filler_gap_dependency,wh_vs_that_with_gap_long_distance,True,False,False,False,246,-104.42298889160156,-97.4876708984375,0
Elaine hasn't realized what many pedestrians that distracted Ella have examined.,Elaine hasn't realized that many pedestrians that distracted Ella have examined.,syntax,filler_gap_dependency,wh_vs_that_with_gap_long_distance,True,False,False,False,247,-104.11064147949219,-99.82808685302734,0
The libraries reveal who a teacher that had argued might admire.,The libraries reveal that a teacher that had argued might admire.,syntax,filler_gap_dependency,wh_vs_that_with_gap_long_distance,True,False,False,False,248,-89.48526000976562,-85.2605972290039,0
Every legislature hadn't revealed who that teacher that climbed down a mountain respected.,Every legislature hadn't revealed that that teacher that climbed down a mountain respected.,syntax,filler_gap_dependency,wh_vs_that_with_gap_long_distance,True,False,False,False,249,-114.43829345703125,-107.55821228027344,0
Brad reveals who all universities that will testify are arguing about.,Brad reveals that all universities that will testify are arguing about.,syntax,filler_gap_dependency,wh_vs_that_with_gap_long_distance,True,False,False,False,250,-87.53375244140625,-82.65629577636719,0
Joel wasn't figuring out what all teachers that blink drop by.,Joel wasn't figuring out that all teachers that blink drop by.,syntax,filler_gap_dependency,wh_vs_that_with_gap_long_distance,True,False,False,False,251,-92.97980499267578,-93.39247131347656,1
Carolyn finds out what many actors that could investigate Brad hadn't revealed.,Carolyn finds out that many actors that could investigate Brad hadn't revealed.,syntax,filler_gap_dependency,wh_vs_that_with_gap_long_distance,True,False,False,False,252,-102.12195587158203,-99.15150451660156,0
Peter won't remember who that person that did exit some high schools fired.,Peter won't remember that that person that did exit some high schools fired.,syntax,filler_gap_dependency,wh_vs_that_with_gap_long_distance,True,False,False,False,253,-101.81306457519531,-96.99935913085938,0
Bruce has figured out who a library that had admired Edward works with.,Bruce has figured out that a library that had admired Edward works with.,syntax,filler_gap_dependency,wh_vs_that_with_gap_long_distance,True,False,False,False,254,-91.37602233886719,-87.5660400390625,0
Teresa should discover what the senators that hadn't known Irene weren't biking to.,Teresa should discover that the senators that hadn't known Irene weren't biking to.,syntax,filler_gap_dependency,wh_vs_that_with_gap_long_distance,True,False,False,False,255,-126.62855529785156,-125.1478271484375,0
Donna knew who actresses that do confer disagree with.,Donna knew that actresses that do confer disagree with.,syntax,filler_gap_dependency,wh_vs_that_with_gap_long_distance,True,False,False,False,256,-85.80731201171875,-84.42064666748047,0
Those committees know who the women that blinked aren't firing.,Those committees know that the women that blinked aren't firing.,syntax,filler_gap_dependency,wh_vs_that_with_gap_long_distance,True,False,False,False,257,-92.60708618164062,-87.35331726074219,0
Daniel won't realize what these patients that practice haven't sounded like.,Daniel won't realize that these patients that practice haven't sounded like.,syntax,filler_gap_dependency,wh_vs_that_with_gap_long_distance,True,False,False,False,258,-86.22596740722656,-82.63847351074219,0
Some waitresses discover who many libraries that argued reference.,Some waitresses discover that many libraries that argued reference.,syntax,filler_gap_dependency,wh_vs_that_with_gap_long_distance,True,False,False,False,259,-95.06497192382812,-87.49994659423828,0
Some association learns who a lot of teachers that had cooked cared for.,Some association learns that a lot of teachers that had cooked cared for.,syntax,filler_gap_dependency,wh_vs_that_with_gap_long_distance,True,False,False,False,260,-88.86102294921875,-82.64500427246094,0
Some university had found out who a lot of guys that haven't scratched complain about.,Some university had found out that a lot of guys that haven't scratched complain about.,syntax,filler_gap_dependency,wh_vs_that_with_gap_long_distance,True,False,False,False,261,-98.6556167602539,-91.64269256591797,0
Todd had forgotten who all committees that weren't worrying Diane aren't talking to.,Todd had forgotten that all committees that weren't worrying Diane aren't talking to.,syntax,filler_gap_dependency,wh_vs_that_with_gap_long_distance,True,False,False,False,262,-112.07307434082031,-105.82632446289062,0
Sarah figures out who those cashiers that might yawn did fire.,Sarah figures out that those cashiers that might yawn did fire.,syntax,filler_gap_dependency,wh_vs_that_with_gap_long_distance,True,False,False,False,263,-108.39012145996094,-104.22468566894531,0
Regina investigates who most doctors that haven't blinked can care for.,Regina investigates that most doctors that haven't blinked can care for.,syntax,filler_gap_dependency,wh_vs_that_with_gap_long_distance,True,False,False,False,264,-101.29441833496094,-95.68130493164062,0
Benjamin realized who every man that hadn't visited Barbara will conceal.,Benjamin realized that every man that hadn't visited Barbara will conceal.,syntax,filler_gap_dependency,wh_vs_that_with_gap_long_distance,True,False,False,False,265,-103.99816131591797,-93.98318481445312,0
Most companies shouldn't investigate what this person that disgusted Harvard University can lift.,Most companies shouldn't investigate that this person that disgusted Harvard University can lift.,syntax,filler_gap_dependency,wh_vs_that_with_gap_long_distance,True,False,False,False,266,-107.92255401611328,-105.04978942871094,0
Most associations conceal who some pedestrian that doesn't escape wasn't talking to.,Most associations conceal that some pedestrian that doesn't escape wasn't talking to.,syntax,filler_gap_dependency,wh_vs_that_with_gap_long_distance,True,False,False,False,267,-106.30941009521484,-101.27359771728516,0
A doctor is revealing who those libraries that are reuniting fire.,A doctor is revealing that those libraries that are reuniting fire.,syntax,filler_gap_dependency,wh_vs_that_with_gap_long_distance,True,False,False,False,268,-85.59981536865234,-80.29214477539062,0
Mitchell remembers what this doctor that hasn't brought the skirt won't walk through.,Mitchell remembers that this doctor that hasn't brought the skirt won't walk through.,syntax,filler_gap_dependency,wh_vs_that_with_gap_long_distance,True,False,False,False,269,-109.02847290039062,-110.46884155273438,1
Some customers realize what the waitress that sneezes wears.,Some customers realize that the waitress that sneezes wears.,syntax,filler_gap_dependency,wh_vs_that_with_gap_long_distance,True,False,False,False,270,-85.3275146484375,-81.89181518554688,0
Some person hasn't concealed who the child that shouldn't attack Patricia talks to.,Some person hasn't concealed that the child that shouldn't attack Patricia talks to.,syntax,filler_gap_dependency,wh_vs_that_with_gap_long_distance,True,False,False,False,271,-108.37397766113281,-102.29206848144531,0
The associations discover what a teenager that wasn't finding most women drops by.,The associations discover that a teenager that wasn't finding most women drops by.,syntax,filler_gap_dependency,wh_vs_that_with_gap_long_distance,True,False,False,False,272,-101.56951904296875,-98.86508178710938,0
Bradley revealed what the guys that stand up were going to.,Bradley revealed that the guys that stand up were going to.,syntax,filler_gap_dependency,wh_vs_that_with_gap_long_distance,True,False,False,False,273,-72.01068115234375,-66.48675537109375,0
Ruth revealed who all museums that clashed are boasting about.,Ruth revealed that all museums that clashed are boasting about.,syntax,filler_gap_dependency,wh_vs_that_with_gap_long_distance,True,False,False,False,274,-96.02205657958984,-82.80831909179688,0
This student knows what most children that would aggravate most cashiers go to.,This student knows that most children that would aggravate most cashiers go to.,syntax,filler_gap_dependency,wh_vs_that_with_gap_long_distance,True,False,False,False,275,-101.91375732421875,-98.747802734375,0
Catherine doesn't realize who the actor that discusses every adult doesn't care for.,Catherine doesn't realize that the actor that discusses every adult doesn't care for.,syntax,filler_gap_dependency,wh_vs_that_with_gap_long_distance,True,False,False,False,276,-94.25071716308594,-88.51651000976562,0
Bradley shouldn't reveal what many waiters that see Jason lift.,Bradley shouldn't reveal that many waiters that see Jason lift.,syntax,filler_gap_dependency,wh_vs_that_with_gap_long_distance,True,False,False,False,277,-102.56349182128906,-101.71389770507812,0
Robert found out who many students that broke many couches couldn't care for.,Robert found out that many students that broke many couches couldn't care for.,syntax,filler_gap_dependency,wh_vs_that_with_gap_long_distance,True,False,False,False,278,-106.14085388183594,-100.55479431152344,0
Joseph forgets who dancers that shouldn't disagree escape from.,Joseph forgets that dancers that shouldn't disagree escape from.,syntax,filler_gap_dependency,wh_vs_that_with_gap_long_distance,True,False,False,False,279,-94.93378448486328,-91.15412902832031,0
Many companies had realized who many waitresses that clashed don't dislike.,Many companies had realized that many waitresses that clashed don't dislike.,syntax,filler_gap_dependency,wh_vs_that_with_gap_long_distance,True,False,False,False,280,-107.63846588134766,-98.39163970947266,0
Nicole hasn't learned who the drivers that slump over cared for.,Nicole hasn't learned that the drivers that slump over cared for.,syntax,filler_gap_dependency,wh_vs_that_with_gap_long_distance,True,False,False,False,281,-95.43404388427734,-88.13465881347656,0
April realized who some committee that isn't conferring admires.,April realized that some committee that isn't conferring admires.,syntax,filler_gap_dependency,wh_vs_that_with_gap_long_distance,True,False,False,False,282,-108.61082458496094,-99.49138641357422,0
Jeffrey had found out what the pedestrians that hid had dropped by.,Jeffrey had found out that the pedestrians that hid had dropped by.,syntax,filler_gap_dependency,wh_vs_that_with_gap_long_distance,True,False,False,False,283,-92.89982604980469,-91.77642059326172,0
Many children learn what every customer that protested was concealing.,Many children learn that every customer that protested was concealing.,syntax,filler_gap_dependency,wh_vs_that_with_gap_long_distance,True,False,False,False,284,-77.58008575439453,-74.663330078125,0
Those museums discover what most tomatoes that baked look like.,Those museums discover that most tomatoes that baked look like.,syntax,filler_gap_dependency,wh_vs_that_with_gap_long_distance,True,False,False,False,285,-79.59992980957031,-77.35226440429688,0
Jason will find out who that actor that isn't grinning dislikes.,Jason will find out that that actor that isn't grinning dislikes.,syntax,filler_gap_dependency,wh_vs_that_with_gap_long_distance,True,False,False,False,286,-92.28752136230469,-89.35362243652344,0
These governments should figure out what the doctor that is observing the drivers goes to.,These governments should figure out that the doctor that is observing the drivers goes to.,syntax,filler_gap_dependency,wh_vs_that_with_gap_long_distance,True,False,False,False,287,-95.4332046508789,-97.86778259277344,1
Russell discovers who every thesis that lied boasts about.,Russell discovers that every thesis that lied boasts about.,syntax,filler_gap_dependency,wh_vs_that_with_gap_long_distance,True,False,False,False,288,-96.41583251953125,-88.0329818725586,0
Donna might forget what this alumnus that does get fired lifts.,Donna might forget that this alumnus that does get fired lifts.,syntax,filler_gap_dependency,wh_vs_that_with_gap_long_distance,True,False,False,False,289,-101.59425354003906,-100.08125305175781,0
Kayla finds out who those candles that impressed Thomas weren't scaring.,Kayla finds out that those candles that impressed Thomas weren't scaring.,syntax,filler_gap_dependency,wh_vs_that_with_gap_long_distance,True,False,False,False,290,-111.5561294555664,-106.16279602050781,0
Natalie is learning who most doctors that talked boasted about.,Natalie is learning that most doctors that talked boasted about.,syntax,filler_gap_dependency,wh_vs_that_with_gap_long_distance,True,False,False,False,291,-88.47265625,-81.3880615234375,0
Jane doesn't figure out who this alumnus that disgusted Kathleen finds.,Jane doesn't figure out that this alumnus that disgusted Kathleen finds.,syntax,filler_gap_dependency,wh_vs_that_with_gap_long_distance,True,False,False,False,292,-102.53211212158203,-99.13273620605469,0
Homer hasn't revealed who that customer that shouldn't compromise conceals.,Homer hasn't revealed that that customer that shouldn't compromise conceals.,syntax,filler_gap_dependency,wh_vs_that_with_gap_long_distance,True,False,False,False,293,-101.1517333984375,-91.76326751708984,0
Brett found out what many guys that watch every actor were biking to.,Brett found out that many guys that watch every actor were biking to.,syntax,filler_gap_dependency,wh_vs_that_with_gap_long_distance,True,False,False,False,294,-104.16729736328125,-104.23009490966797,1
Veronica won't discover who every senator that forfeits talked to.,Veronica won't discover that every senator that forfeits talked to.,syntax,filler_gap_dependency,wh_vs_that_with_gap_long_distance,True,False,False,False,295,-101.24567413330078,-94.28404998779297,0
Natalie investigated who some guys that exit some cafes had talked about.,Natalie investigated that some guys that exit some cafes had talked about.,syntax,filler_gap_dependency,wh_vs_that_with_gap_long_distance,True,False,False,False,296,-107.55298614501953,-98.22727966308594,0
Becky reveals who all children that kiss talked to.,Becky reveals that all children that kiss talked to.,syntax,filler_gap_dependency,wh_vs_that_with_gap_long_distance,True,False,False,False,297,-91.86160278320312,-87.38874816894531,0
Liam investigates what every cucumber that has bothered Karla had resembled.,Liam investigates that every cucumber that has bothered Karla had resembled.,syntax,filler_gap_dependency,wh_vs_that_with_gap_long_distance,True,False,False,False,298,-120.12789916992188,-116.74555206298828,0
Nina was revealing what all actors that have sounded like Carolyn sound like.,Nina was revealing that all actors that have sounded like Carolyn sound like.,syntax,filler_gap_dependency,wh_vs_that_with_gap_long_distance,True,False,False,False,299,-104.06842041015625,-97.91153717041016,0
Donald hasn't forgotten who the pedestrians that would resemble pictures return to.,Donald hasn't forgotten that the pedestrians that would resemble pictures return to.,syntax,filler_gap_dependency,wh_vs_that_with_gap_long_distance,True,False,False,False,300,-105.189453125,-98.8470458984375,0
These cashiers can't forget who some patients that were smiling weren't concealing.,These cashiers can't forget that some patients that were smiling weren't concealing.,syntax,filler_gap_dependency,wh_vs_that_with_gap_long_distance,True,False,False,False,301,-112.61103820800781,-106.13666534423828,0
Stephen didn't realize who the essays that worried Sabrina sounded like.,Stephen didn't realize that the essays that worried Sabrina sounded like.,syntax,filler_gap_dependency,wh_vs_that_with_gap_long_distance,True,False,False,False,302,-100.09257507324219,-93.42378997802734,0
These universities weren't remembering who most patients that come here couldn't complain about.,These universities weren't remembering that most patients that come here couldn't complain about.,syntax,filler_gap_dependency,wh_vs_that_with_gap_long_distance,True,False,False,False,303,-102.33271789550781,-94.83750915527344,0
All governments figure out who turtles that find all customers aren't scaring.,All governments figure out that turtles that find all customers aren't scaring.,syntax,filler_gap_dependency,wh_vs_that_with_gap_long_distance,True,False,False,False,304,-102.5798568725586,-99.44798278808594,0
Sharon had forgotten who many schools that benefited are concealing.,Sharon had forgotten that many schools that benefited are concealing.,syntax,filler_gap_dependency,wh_vs_that_with_gap_long_distance,True,False,False,False,305,-89.34927368164062,-80.15785217285156,0
Curtis investigates what these pedestrians that should tour these movie theaters lift.,Curtis investigates that these pedestrians that should tour these movie theaters lift.,syntax,filler_gap_dependency,wh_vs_that_with_gap_long_distance,True,False,False,False,306,-115.40617370605469,-113.90702819824219,0
Spain wasn't investigating who a committee that hasn't described Richard talks to.,Spain wasn't investigating that a committee that hasn't described Richard talks to.,syntax,filler_gap_dependency,wh_vs_that_with_gap_long_distance,True,False,False,False,307,-98.63815307617188,-93.90778350830078,0
Boys learn what these patients that have climbed up every hill wear.,Boys learn that these patients that have climbed up every hill wear.,syntax,filler_gap_dependency,wh_vs_that_with_gap_long_distance,True,False,False,False,308,-96.81346130371094,-94.9206314086914,0
Some child knew what a teenager that was telephoning wasn't escaping from.,Some child knew that a teenager that was telephoning wasn't escaping from.,syntax,filler_gap_dependency,wh_vs_that_with_gap_long_distance,True,False,False,False,309,-101.31990051269531,-97.98405456542969,0
Deborah reveals who alumni that might scratch talk to.,Deborah reveals that alumni that might scratch talk to.,syntax,filler_gap_dependency,wh_vs_that_with_gap_long_distance,True,False,False,False,310,-84.57042694091797,-82.51007080078125,0
Sabrina remembered who most ladies that are conferring argued about.,Sabrina remembered that most ladies that are conferring argued about.,syntax,filler_gap_dependency,wh_vs_that_with_gap_long_distance,True,False,False,False,311,-114.29088592529297,-111.0571060180664,0
Rebecca did find out what that girl that isn't kissing Jeffrey examines.,Rebecca did find out that that girl that isn't kissing Jeffrey examines.,syntax,filler_gap_dependency,wh_vs_that_with_gap_long_distance,True,False,False,False,312,-103.62310791015625,-102.74163818359375,0
Those adults forget what some dancer that singing walked through.,Those adults forget that some dancer that singing walked through.,syntax,filler_gap_dependency,wh_vs_that_with_gap_long_distance,True,False,False,False,313,-84.27742004394531,-79.13392639160156,0
Susan has investigated who some child that hid the nose hadn't concealed.,Susan has investigated that some child that hid the nose hadn't concealed.,syntax,filler_gap_dependency,wh_vs_that_with_gap_long_distance,True,False,False,False,314,-103.47882080078125,-92.78349304199219,0
Dawn hasn't learned who the children that hadn't reacted cure.,Dawn hasn't learned that the children that hadn't reacted cure.,syntax,filler_gap_dependency,wh_vs_that_with_gap_long_distance,True,False,False,False,315,-90.05956268310547,-82.80485534667969,0
The committees reveal who the libraries that appreciated the Great Lakes will talk to.,The committees reveal that the libraries that appreciated the Great Lakes will talk to.,syntax,filler_gap_dependency,wh_vs_that_with_gap_long_distance,True,False,False,False,316,-99.01516723632812,-93.273193359375,0
Every hospital forgets who the man that isn't painting had disliked.,Every hospital forgets that the man that isn't painting had disliked.,syntax,filler_gap_dependency,wh_vs_that_with_gap_long_distance,True,False,False,False,317,-98.13786315917969,-91.1489028930664,0
A lot of libraries learned who some adult that thought about Victoria reveals.,A lot of libraries learned that some adult that thought about Victoria reveals.,syntax,filler_gap_dependency,wh_vs_that_with_gap_long_distance,True,False,False,False,318,-98.55648803710938,-91.24104309082031,0
Beverly investigates who most waiters that chatted are referencing.,Beverly investigates that most waiters that chatted are referencing.,syntax,filler_gap_dependency,wh_vs_that_with_gap_long_distance,True,False,False,False,319,-101.75241088867188,-96.69882202148438,0
Andrew hadn't figured out who most guests that kissed Kenneth fled from.,Andrew hadn't figured out that most guests that kissed Kenneth fled from.,syntax,filler_gap_dependency,wh_vs_that_with_gap_long_distance,True,False,False,False,320,-108.005126953125,-103.60411071777344,0
The boy has known who the teacher that vanishes can't listen to.,The boy has known that the teacher that vanishes can't listen to.,syntax,filler_gap_dependency,wh_vs_that_with_gap_long_distance,True,False,False,False,321,-93.1598129272461,-87.44451904296875,0
A lot of committees forget who some boy that has climbed down a lot of steps flees from.,A lot of committees forget that some boy that has climbed down a lot of steps flees from.,syntax,filler_gap_dependency,wh_vs_that_with_gap_long_distance,True,False,False,False,322,-127.97508239746094,-120.83332824707031,0
Some library has forgotten who a man that is moving can't work with.,Some library has forgotten that a man that is moving can't work with.,syntax,filler_gap_dependency,wh_vs_that_with_gap_long_distance,True,False,False,False,323,-82.65409851074219,-77.17387390136719,0
Jill knew who most committees that have alarmed Kendra scare.,Jill knew that most committees that have alarmed Kendra scare.,syntax,filler_gap_dependency,wh_vs_that_with_gap_long_distance,True,False,False,False,324,-101.82035064697266,-95.82716369628906,0
Some teachers figure out who the doctor that left references.,Some teachers figure out that the doctor that left references.,syntax,filler_gap_dependency,wh_vs_that_with_gap_long_distance,True,False,False,False,325,-72.18560791015625,-70.06108093261719,0
Dan knows who those waitresses that whispered return to.,Dan knows that those waitresses that whispered return to.,syntax,filler_gap_dependency,wh_vs_that_with_gap_long_distance,True,False,False,False,326,-94.01612091064453,-91.78543853759766,0
All teachers forget who most dancers that couldn't work with all women fled from.,All teachers forget that most dancers that couldn't work with all women fled from.,syntax,filler_gap_dependency,wh_vs_that_with_gap_long_distance,True,False,False,False,327,-114.33448791503906,-109.36815643310547,0
The banks reveal who this teenager that nodded cured.,The banks reveal that this teenager that nodded cured.,syntax,filler_gap_dependency,wh_vs_that_with_gap_long_distance,True,False,False,False,328,-82.61722564697266,-74.9712905883789,0
Kenneth had realized what the girls that practice arrive at.,Kenneth had realized that the girls that practice arrive at.,syntax,filler_gap_dependency,wh_vs_that_with_gap_long_distance,True,False,False,False,329,-83.97856903076172,-80.24555206298828,0
Maria isn't concealing what every boy that didn't sing does lift.,Maria isn't concealing that every boy that didn't sing does lift.,syntax,filler_gap_dependency,wh_vs_that_with_gap_long_distance,True,False,False,False,330,-102.60960388183594,-96.74685668945312,0
Alicia figures out who some deer that would come here finds.,Alicia figures out that some deer that would come here finds.,syntax,filler_gap_dependency,wh_vs_that_with_gap_long_distance,True,False,False,False,331,-98.24555969238281,-93.61996459960938,0
Those senators conceal who this student that is disappearing sounds like.,Those senators conceal that this student that is disappearing sounds like.,syntax,filler_gap_dependency,wh_vs_that_with_gap_long_distance,True,False,False,False,332,-94.40159606933594,-90.9776840209961,0
Some libraries should forget who all women that don't appreciate Naomi boast about.,Some libraries should forget that all women that don't appreciate Naomi boast about.,syntax,filler_gap_dependency,wh_vs_that_with_gap_long_distance,True,False,False,False,333,-114.05797576904297,-107.52178955078125,0
That actress investigates what that lady that is yawning hasn't driven to.,That actress investigates that that lady that is yawning hasn't driven to.,syntax,filler_gap_dependency,wh_vs_that_with_gap_long_distance,True,False,False,False,334,-95.09606170654297,-94.148681640625,0
This customer figures out what teeth that didn't aggravate Gregory resemble.,This customer figures out that teeth that didn't aggravate Gregory resemble.,syntax,filler_gap_dependency,wh_vs_that_with_gap_long_distance,True,False,False,False,335,-109.29103088378906,-107.92034912109375,0
The government had known who most associations that joke around talk to.,The government had known that most associations that joke around talk to.,syntax,filler_gap_dependency,wh_vs_that_with_gap_long_distance,True,False,False,False,336,-94.91707611083984,-88.71240234375,0
Melinda hadn't found out who that cashier that can break this unicycle references.,Melinda hadn't found out that that cashier that can break this unicycle references.,syntax,filler_gap_dependency,wh_vs_that_with_gap_long_distance,True,False,False,False,337,-112.90766906738281,-106.53853607177734,0
April is finding out what those guys that practice aren't walking through.,April is finding out that those guys that practice aren't walking through.,syntax,filler_gap_dependency,wh_vs_that_with_gap_long_distance,True,False,False,False,338,-84.89073944091797,-86.72169494628906,1
Those teachers hadn't remembered what the child that knows Steve lifts.,Those teachers hadn't remembered that the child that knows Steve lifts.,syntax,filler_gap_dependency,wh_vs_that_with_gap_long_distance,True,False,False,False,339,-96.59681701660156,-95.19720458984375,0
Theresa concealed what some customer that bought bicycles doesn't conceal.,Theresa concealed that some customer that bought bicycles doesn't conceal.,syntax,filler_gap_dependency,wh_vs_that_with_gap_long_distance,True,False,False,False,340,-103.11824798583984,-99.82872009277344,0
The universities find out what that child that helped Diana was arriving at.,The universities find out that that child that helped Diana was arriving at.,syntax,filler_gap_dependency,wh_vs_that_with_gap_long_distance,True,False,False,False,341,-90.94215393066406,-92.68315124511719,1
The Impressionists have concealed what men that resembled a drawing couldn't lift.,The Impressionists have concealed that men that resembled a drawing couldn't lift.,syntax,filler_gap_dependency,wh_vs_that_with_gap_long_distance,True,False,False,False,342,-109.42256927490234,-108.08122253417969,0
All governments reveal what all women that haven't yelled admire.,All governments reveal that all women that haven't yelled admire.,syntax,filler_gap_dependency,wh_vs_that_with_gap_long_distance,True,False,False,False,343,-88.44230651855469,-85.40420532226562,0
Monet has revealed what some sketches that waste away look like.,Monet has revealed that some sketches that waste away look like.,syntax,filler_gap_dependency,wh_vs_that_with_gap_long_distance,True,False,False,False,344,-83.34109497070312,-78.10332489013672,0
Sally has found out what a guy that thinks about some dress admired.,Sally has found out that a guy that thinks about some dress admired.,syntax,filler_gap_dependency,wh_vs_that_with_gap_long_distance,True,False,False,False,345,-91.49295043945312,-91.1630859375,0
Rose wasn't figuring out what these men that had escaped from this senator go to.,Rose wasn't figuring out that these men that had escaped from this senator go to.,syntax,filler_gap_dependency,wh_vs_that_with_gap_long_distance,True,False,False,False,346,-103.29196166992188,-105.47309112548828,1
The actor reveals who this hospital that is describing Thomas could like.,The actor reveals that this hospital that is describing Thomas could like.,syntax,filler_gap_dependency,wh_vs_that_with_gap_long_distance,True,False,False,False,347,-95.66096496582031,-90.3956298828125,0
Rachelle had remembered who that teenager that swallows was boasting about.,Rachelle had remembered that that teenager that swallows was boasting about.,syntax,filler_gap_dependency,wh_vs_that_with_gap_long_distance,True,False,False,False,348,-111.62993621826172,-106.48450469970703,0
A woman might conceal who many children that visit a student weren't boasting about.,A woman might conceal that many children that visit a student weren't boasting about.,syntax,filler_gap_dependency,wh_vs_that_with_gap_long_distance,True,False,False,False,349,-109.8058853149414,-104.0700912475586,0
Joseph found out what most alumni that hadn't embarrassed Holly wear.,Joseph found out that most alumni that hadn't embarrassed Holly wear.,syntax,filler_gap_dependency,wh_vs_that_with_gap_long_distance,True,False,False,False,350,-97.96784210205078,-96.55911254882812,0
Benjamin investigated what the customer that hasn't descended many hills escaped from.,Benjamin investigated that the customer that hasn't descended many hills escaped from.,syntax,filler_gap_dependency,wh_vs_that_with_gap_long_distance,True,False,False,False,351,-111.32061767578125,-106.57707214355469,0
Children figure out what the closet that shut resembles.,Children figure out that the closet that shut resembles.,syntax,filler_gap_dependency,wh_vs_that_with_gap_long_distance,True,False,False,False,352,-75.1053695678711,-75.82174682617188,1
These organizations know who all adults that worked hard scared.,These organizations know that all adults that worked hard scared.,syntax,filler_gap_dependency,wh_vs_that_with_gap_long_distance,True,False,False,False,353,-75.08300018310547,-70.94397735595703,0
Lori wasn't forgetting what the student that wasn't playing was curing.,Lori wasn't forgetting that the student that wasn't playing was curing.,syntax,filler_gap_dependency,wh_vs_that_with_gap_long_distance,True,False,False,False,354,-90.18128204345703,-88.87681579589844,0
Andrew should investigate what that cashier that scanned that documentary is concealing.,Andrew should investigate that that cashier that scanned that documentary is concealing.,syntax,filler_gap_dependency,wh_vs_that_with_gap_long_distance,True,False,False,False,355,-108.32166290283203,-106.07320404052734,0
Susan hasn't revealed who the actors that have upset Vanessa had disagreed with.,Susan hasn't revealed that the actors that have upset Vanessa had disagreed with.,syntax,filler_gap_dependency,wh_vs_that_with_gap_long_distance,True,False,False,False,356,-101.59765625,-92.12434387207031,0
Some company had found out who these pamphlets that confused Janet disagreed with.,Some company had found out that these pamphlets that confused Janet disagreed with.,syntax,filler_gap_dependency,wh_vs_that_with_gap_long_distance,True,False,False,False,357,-103.22706604003906,-97.3115463256836,0
A student should forget who many alumni that fire William worked with.,A student should forget that many alumni that fire William worked with.,syntax,filler_gap_dependency,wh_vs_that_with_gap_long_distance,True,False,False,False,358,-90.77871704101562,-84.83287048339844,0
Those women find out what this girl that visited some banks wears.,Those women find out that this girl that visited some banks wears.,syntax,filler_gap_dependency,wh_vs_that_with_gap_long_distance,True,False,False,False,359,-86.54077911376953,-84.92617797851562,0
Those children reveal who the university that profits will work with.,Those children reveal that the university that profits will work with.,syntax,filler_gap_dependency,wh_vs_that_with_gap_long_distance,True,False,False,False,360,-77.1317138671875,-71.85006713867188,0
Noah isn't discovering what most men that did react reveal.,Noah isn't discovering that most men that did react reveal.,syntax,filler_gap_dependency,wh_vs_that_with_gap_long_distance,True,False,False,False,361,-92.24858856201172,-89.42729949951172,0
Russell realized what a customer that explores an art gallery admired.,Russell realized that a customer that explores an art gallery admired.,syntax,filler_gap_dependency,wh_vs_that_with_gap_long_distance,True,False,False,False,362,-90.04951477050781,-84.56364440917969,0
Ella learned who women that were swallowing care for.,Ella learned that women that were swallowing care for.,syntax,filler_gap_dependency,wh_vs_that_with_gap_long_distance,True,False,False,False,363,-83.53848266601562,-75.1585693359375,0
Jodi learns who the patient that falls asleep disliked.,Jodi learns that the patient that falls asleep disliked.,syntax,filler_gap_dependency,wh_vs_that_with_gap_long_distance,True,False,False,False,364,-86.42211151123047,-78.76856994628906,0
Sheila figured out who the people that slumped over complain about.,Sheila figured out that the people that slumped over complain about.,syntax,filler_gap_dependency,wh_vs_that_with_gap_long_distance,True,False,False,False,365,-82.33821868896484,-76.82648468017578,0
A hospital isn't revealing what some pedestrian that laughs wasn't finding.,A hospital isn't revealing that some pedestrian that laughs wasn't finding.,syntax,filler_gap_dependency,wh_vs_that_with_gap_long_distance,True,False,False,False,366,-95.63508605957031,-93.97557067871094,0
Sonia investigated who the people that reveal this print haven't sounded like.,Sonia investigated that the people that reveal this print haven't sounded like.,syntax,filler_gap_dependency,wh_vs_that_with_gap_long_distance,True,False,False,False,367,-111.12513732910156,-100.56362915039062,0
Alice didn't investigate what a boy that wasn't waving hadn't biked to.,Alice didn't investigate that a boy that wasn't waving hadn't biked to.,syntax,filler_gap_dependency,wh_vs_that_with_gap_long_distance,True,False,False,False,368,-108.36638641357422,-106.69764709472656,0
A legislature discovers who some organization that wasn't corresponding boasts about.,A legislature discovers that some organization that wasn't corresponding boasts about.,syntax,filler_gap_dependency,wh_vs_that_with_gap_long_distance,True,False,False,False,369,-108.18267822265625,-99.2225112915039,0
Omar is finding out what some driver that isn't climbing up every mountain likes.,Omar is finding out that some driver that isn't climbing up every mountain likes.,syntax,filler_gap_dependency,wh_vs_that_with_gap_long_distance,True,False,False,False,370,-109.05046081542969,-107.56783294677734,0
Marie had found out who most axes that impressed Steven scared.,Marie had found out that most axes that impressed Steven scared.,syntax,filler_gap_dependency,wh_vs_that_with_gap_long_distance,True,False,False,False,371,-99.8811264038086,-94.25022888183594,0
This actor knows what those students that couldn't debate weren't wearing.,This actor knows that those students that couldn't debate weren't wearing.,syntax,filler_gap_dependency,wh_vs_that_with_gap_long_distance,True,False,False,False,372,-87.83436584472656,-86.37321472167969,0
Bradley learned what these alumni that benefit hadn't revealed.,Bradley learned that these alumni that benefit hadn't revealed.,syntax,filler_gap_dependency,wh_vs_that_with_gap_long_distance,True,False,False,False,373,-79.12603759765625,-77.05168151855469,0
Keith investigated what the actresses that lift the grocery store lift.,Keith investigated that the actresses that lift the grocery store lift.,syntax,filler_gap_dependency,wh_vs_that_with_gap_long_distance,True,False,False,False,374,-93.60804748535156,-86.85867309570312,0
All schools figure out what that guy that loves that girl wears.,All schools figure out that that guy that loves that girl wears.,syntax,filler_gap_dependency,wh_vs_that_with_gap_long_distance,True,False,False,False,375,-84.97949981689453,-84.75875854492188,0
Most actors will discover who some actress that had scratched hasn't listened to.,Most actors will discover that some actress that had scratched hasn't listened to.,syntax,filler_gap_dependency,wh_vs_that_with_gap_long_distance,True,False,False,False,376,-97.32975006103516,-91.10050201416016,0
Angela reveals what all guys that were messing up a lot of schools wear.,Angela reveals that all guys that were messing up a lot of schools wear.,syntax,filler_gap_dependency,wh_vs_that_with_gap_long_distance,True,False,False,False,377,-98.69068908691406,-98.02903747558594,0
Kimberley wouldn't reveal what the child that is waking up shouldn't arrive at.,Kimberley wouldn't reveal that the child that is waking up shouldn't arrive at.,syntax,filler_gap_dependency,wh_vs_that_with_gap_long_distance,True,False,False,False,378,-99.1014404296875,-99.50860595703125,1
Every association hasn't discovered who that dancer that hasn't fled from Helen had concealed.,Every association hasn't discovered that that dancer that hasn't fled from Helen had concealed.,syntax,filler_gap_dependency,wh_vs_that_with_gap_long_distance,True,False,False,False,379,-115.63592529296875,-108.22288513183594,0
Some girls reveal who every offspring that can love all teenagers was finding.,Some girls reveal that every offspring that can love all teenagers was finding.,syntax,filler_gap_dependency,wh_vs_that_with_gap_long_distance,True,False,False,False,380,-100.23667907714844,-95.970947265625,0
Sandra isn't remembering who some woman that wasn't taking every jacket hasn't scared.,Sandra isn't remembering that some woman that wasn't taking every jacket hasn't scared.,syntax,filler_gap_dependency,wh_vs_that_with_gap_long_distance,True,False,False,False,381,-118.142822265625,-112.55672454833984,0
Kristin realized what all eyes that were disappearing haven't resembled.,Kristin realized that all eyes that were disappearing haven't resembled.,syntax,filler_gap_dependency,wh_vs_that_with_gap_long_distance,True,False,False,False,382,-93.66270446777344,-87.516357421875,0
Rhonda hasn't concealed what the pants that do resemble some paintings looked like.,Rhonda hasn't concealed that the pants that do resemble some paintings looked like.,syntax,filler_gap_dependency,wh_vs_that_with_gap_long_distance,True,False,False,False,383,-109.20149230957031,-106.90312194824219,0
Karen can remember who many guests that do train reference.,Karen can remember that many guests that do train reference.,syntax,filler_gap_dependency,wh_vs_that_with_gap_long_distance,True,False,False,False,384,-87.34042358398438,-80.92172241210938,0
Andrew realized what the doctor that was falling hasn't arrived at.,Andrew realized that the doctor that was falling hasn't arrived at.,syntax,filler_gap_dependency,wh_vs_that_with_gap_long_distance,True,False,False,False,385,-86.6891860961914,-82.44374084472656,0
Senators investigate who this boy that hadn't found those mirrors reveals.,Senators investigate that this boy that hadn't found those mirrors reveals.,syntax,filler_gap_dependency,wh_vs_that_with_gap_long_distance,True,False,False,False,386,-114.02152252197266,-104.6775894165039,0
Clyde revealed who dancers that reveal the Borgias have fled from.,Clyde revealed that dancers that reveal the Borgias have fled from.,syntax,filler_gap_dependency,wh_vs_that_with_gap_long_distance,True,False,False,False,387,-112.9250717163086,-103.17359924316406,0
Tanya isn't realizing who the waiter that hugged Amelia had complained about.,Tanya isn't realizing that the waiter that hugged Amelia had complained about.,syntax,filler_gap_dependency,wh_vs_that_with_gap_long_distance,True,False,False,False,388,-105.25892639160156,-100.36923217773438,0
Daniel remembered who a woman that exists returned to.,Daniel remembered that a woman that exists returned to.,syntax,filler_gap_dependency,wh_vs_that_with_gap_long_distance,True,False,False,False,389,-74.35762786865234,-70.03660583496094,0
Vanessa concealed what every alumnus that sits down examines.,Vanessa concealed that every alumnus that sits down examines.,syntax,filler_gap_dependency,wh_vs_that_with_gap_long_distance,True,False,False,False,390,-102.10067749023438,-100.27894592285156,0
David is remembering who every library that has worked hard can't talk about.,David is remembering that every library that has worked hard can't talk about.,syntax,filler_gap_dependency,wh_vs_that_with_gap_long_distance,True,False,False,False,391,-92.76211547851562,-85.52223205566406,0
Kathleen learned who banks that distract Keith work with.,Kathleen learned that banks that distract Keith work with.,syntax,filler_gap_dependency,wh_vs_that_with_gap_long_distance,True,False,False,False,392,-102.97239685058594,-97.3417739868164,0
The waitresses know who most prints that confuse those hospitals look like.,The waitresses know that most prints that confuse those hospitals look like.,syntax,filler_gap_dependency,wh_vs_that_with_gap_long_distance,True,False,False,False,393,-103.74481964111328,-97.87281036376953,0
A lot of museums reveal what some senators that hurts Nicole are going to.,A lot of museums reveal that some senators that hurts Nicole are going to.,syntax,filler_gap_dependency,wh_vs_that_with_gap_long_distance,True,False,False,False,394,-104.75819396972656,-102.38101196289062,0
All waiters find out who every child that hadn't concealed Tammy cared for.,All waiters find out that every child that hadn't concealed Tammy cared for.,syntax,filler_gap_dependency,wh_vs_that_with_gap_long_distance,True,False,False,False,395,-111.2484130859375,-106.98978424072266,0
Martin will forget what some carts that are boring Valerie looked like.,Martin will forget that some carts that are boring Valerie looked like.,syntax,filler_gap_dependency,wh_vs_that_with_gap_long_distance,True,False,False,False,396,-95.10446166992188,-92.19055938720703,0
Alexander does figure out who a lot of children that are embarrassing Martin don't disagree with.,Alexander does figure out that a lot of children that are embarrassing Martin don't disagree with.,syntax,filler_gap_dependency,wh_vs_that_with_gap_long_distance,True,False,False,False,397,-108.63721466064453,-104.81253051757812,0
Meredith should realize who that customer that plays fires.,Meredith should realize that that customer that plays fires.,syntax,filler_gap_dependency,wh_vs_that_with_gap_long_distance,True,False,False,False,398,-91.03604125976562,-84.63507080078125,0
Many hospitals reveal what all restaurants that shouldn't shock Irene looked like.,Many hospitals reveal that all restaurants that shouldn't shock Irene looked like.,syntax,filler_gap_dependency,wh_vs_that_with_gap_long_distance,True,False,False,False,399,-105.39075469970703,-101.3234634399414,0
Vincent figured out what every doctor that worries went to.,Vincent figured out that every doctor that worries went to.,syntax,filler_gap_dependency,wh_vs_that_with_gap_long_distance,True,False,False,False,400,-82.87484741210938,-78.48990631103516,0
Nicole revealed who the lice that disappear are finding.,Nicole revealed that the lice that disappear are finding.,syntax,filler_gap_dependency,wh_vs_that_with_gap_long_distance,True,False,False,False,401,-83.96211242675781,-73.56119537353516,0
Todd will conceal who the adult that can praise Sharon respects.,Todd will conceal that the adult that can praise Sharon respects.,syntax,filler_gap_dependency,wh_vs_that_with_gap_long_distance,True,False,False,False,402,-95.18479919433594,-93.26611328125,0
Patrick was realizing who that guest that fires Kimberley is concealing.,Patrick was realizing that that guest that fires Kimberley is concealing.,syntax,filler_gap_dependency,wh_vs_that_with_gap_long_distance,True,False,False,False,403,-112.62431335449219,-103.63992309570312,0
A lot of universities figure out what this lady that has cleaned the bread wears.,A lot of universities figure out that this lady that has cleaned the bread wears.,syntax,filler_gap_dependency,wh_vs_that_with_gap_long_distance,True,False,False,False,404,-99.77598571777344,-99.94596099853516,1
The Impressionists conceal what the men that coughed go to.,The Impressionists conceal that the men that coughed go to.,syntax,filler_gap_dependency,wh_vs_that_with_gap_long_distance,True,False,False,False,405,-98.647705078125,-96.75309753417969,0
The Impressionists figure out what women that were baking aren't biking to.,The Impressionists figure out that women that were baking aren't biking to.,syntax,filler_gap_dependency,wh_vs_that_with_gap_long_distance,True,False,False,False,406,-104.26272583007812,-104.83890533447266,1
Clyde hasn't revealed who that adult that isn't running around some river sounds like.,Clyde hasn't revealed that that adult that isn't running around some river sounds like.,syntax,filler_gap_dependency,wh_vs_that_with_gap_long_distance,True,False,False,False,407,-122.49785614013672,-113.3495864868164,0
Julia hadn't figured out what this picture that hadn't existed looks like.,Julia hadn't figured out that this picture that hadn't existed looks like.,syntax,filler_gap_dependency,wh_vs_that_with_gap_long_distance,True,False,False,False,408,-87.22409057617188,-86.15969848632812,0
That man shouldn't remember who these teenagers that weren't arriving at all restaurants complain about.,That man shouldn't remember that these teenagers that weren't arriving at all restaurants complain about.,syntax,filler_gap_dependency,wh_vs_that_with_gap_long_distance,True,False,False,False,409,-103.50682067871094,-99.17024993896484,0
Rachelle isn't realizing what every man that kisses Paula goes to.,Rachelle isn't realizing that every man that kisses Paula goes to.,syntax,filler_gap_dependency,wh_vs_that_with_gap_long_distance,True,False,False,False,410,-100.81646728515625,-96.42385864257812,0
April wasn't realizing who many waiters that aren't reacting could cure.,April wasn't realizing that many waiters that aren't reacting could cure.,syntax,filler_gap_dependency,wh_vs_that_with_gap_long_distance,True,False,False,False,411,-109.74092102050781,-103.15995788574219,0
A lot of children realize what these actors that were reading aren't complaining about.,A lot of children realize that these actors that were reading aren't complaining about.,syntax,filler_gap_dependency,wh_vs_that_with_gap_long_distance,True,False,False,False,412,-91.15716552734375,-86.59599304199219,0
Rachel figured out who the waitress that saluted flees from.,Rachel figured out that the waitress that saluted flees from.,syntax,filler_gap_dependency,wh_vs_that_with_gap_long_distance,True,False,False,False,413,-94.72486877441406,-91.16590881347656,0
All children weren't realizing what every senator that has respected Regina drove to.,All children weren't realizing that every senator that has respected Regina drove to.,syntax,filler_gap_dependency,wh_vs_that_with_gap_long_distance,True,False,False,False,414,-115.5324478149414,-110.28575897216797,0
Jeffrey wasn't figuring out who every offspring that hasn't kissed Jodi will talk about.,Jeffrey wasn't figuring out that every offspring that hasn't kissed Jodi will talk about.,syntax,filler_gap_dependency,wh_vs_that_with_gap_long_distance,True,False,False,False,415,-124.72508239746094,-121.79439544677734,0
Erin was revealing what the waiter that won't weep would lift.,Erin was revealing that the waiter that won't weep would lift.,syntax,filler_gap_dependency,wh_vs_that_with_gap_long_distance,True,False,False,False,416,-102.93563842773438,-99.63255310058594,0
Frank remembered who these alumni that coughed didn't return to.,Frank remembered that these alumni that coughed didn't return to.,syntax,filler_gap_dependency,wh_vs_that_with_gap_long_distance,True,False,False,False,417,-105.6376724243164,-101.26984405517578,0
Sara investigated what those teenagers that are aggravating Elizabeth haven't dropped by.,Sara investigated that those teenagers that are aggravating Elizabeth haven't dropped by.,syntax,filler_gap_dependency,wh_vs_that_with_gap_long_distance,True,False,False,False,418,-119.55939483642578,-113.65940856933594,0
Most actors investigated what girls that reveal these movie theaters couldn't drop by.,Most actors investigated that girls that reveal these movie theaters couldn't drop by.,syntax,filler_gap_dependency,wh_vs_that_with_gap_long_distance,True,False,False,False,419,-107.32815551757812,-102.96971130371094,0
Some girl revealed who those actors that aren't talking to Elizabeth fire.,Some girl revealed that those actors that aren't talking to Elizabeth fire.,syntax,filler_gap_dependency,wh_vs_that_with_gap_long_distance,True,False,False,False,420,-91.73797607421875,-82.78007507324219,0
Sheila wasn't realizing what some waiters that haven't cheered examine.,Sheila wasn't realizing that some waiters that haven't cheered examine.,syntax,filler_gap_dependency,wh_vs_that_with_gap_long_distance,True,False,False,False,421,-106.91412353515625,-102.85589599609375,0
Candice hasn't concealed who all teenagers that had coughed found.,Candice hasn't concealed that all teenagers that had coughed found.,syntax,filler_gap_dependency,wh_vs_that_with_gap_long_distance,True,False,False,False,422,-117.18357849121094,-110.81410217285156,0
Florence couldn't conceal who some banks that reacted were working with.,Florence couldn't conceal that some banks that reacted were working with.,syntax,filler_gap_dependency,wh_vs_that_with_gap_long_distance,True,False,False,False,423,-110.3592300415039,-106.76322937011719,0
Jennifer learned who some actor that disappears does sound like.,Jennifer learned that some actor that disappears does sound like.,syntax,filler_gap_dependency,wh_vs_that_with_gap_long_distance,True,False,False,False,424,-85.57713317871094,-77.62765502929688,0
Girls know what some skirts that haven't disgusted Nina looked like.,Girls know that some skirts that haven't disgusted Nina looked like.,syntax,filler_gap_dependency,wh_vs_that_with_gap_long_distance,True,False,False,False,425,-97.87493133544922,-95.40406036376953,0
Karla could find out who a girl that isn't protesting did care for.,Karla could find out that a girl that isn't protesting did care for.,syntax,filler_gap_dependency,wh_vs_that_with_gap_long_distance,True,False,False,False,426,-104.19636535644531,-101.69876861572266,0
Eva can't find out who that movie that should win can't sound like.,Eva can't find out that that movie that should win can't sound like.,syntax,filler_gap_dependency,wh_vs_that_with_gap_long_distance,True,False,False,False,427,-88.91358947753906,-85.73311614990234,0
Brian discovered what all stairs that should resemble many paintings weren't looking like.,Brian discovered that all stairs that should resemble many paintings weren't looking like.,syntax,filler_gap_dependency,wh_vs_that_with_gap_long_distance,True,False,False,False,428,-108.39627838134766,-102.90156555175781,0
Kimberley finds out who every man that is learning complained about.,Kimberley finds out that every man that is learning complained about.,syntax,filler_gap_dependency,wh_vs_that_with_gap_long_distance,True,False,False,False,429,-90.03211975097656,-85.00825500488281,0
Many people learn what this adult that wasn't sitting down had dropped by.,Many people learn that this adult that wasn't sitting down had dropped by.,syntax,filler_gap_dependency,wh_vs_that_with_gap_long_distance,True,False,False,False,430,-90.84199523925781,-89.73953247070312,0
Gary won't investigate who a girl that cures Dan hasn't talked to.,Gary won't investigate that a girl that cures Dan hasn't talked to.,syntax,filler_gap_dependency,wh_vs_that_with_gap_long_distance,True,False,False,False,431,-100.63960266113281,-95.15023803710938,0
Jodi has figured out who many libraries that hadn't worked with Tonya won't fire.,Jodi has figured out that many libraries that hadn't worked with Tonya won't fire.,syntax,filler_gap_dependency,wh_vs_that_with_gap_long_distance,True,False,False,False,432,-116.49986267089844,-108.42691040039062,0
The children remember who all ladies that hid away were complaining about.,The children remember that all ladies that hid away were complaining about.,syntax,filler_gap_dependency,wh_vs_that_with_gap_long_distance,True,False,False,False,433,-82.09521484375,-76.4254379272461,0
That waiter has remembered what some child that wasn't concealing Susan is revealing.,That waiter has remembered that some child that wasn't concealing Susan is revealing.,syntax,filler_gap_dependency,wh_vs_that_with_gap_long_distance,True,False,False,False,434,-110.34375,-107.43042755126953,0
David figured out who a lot of teenagers that do skate around all schools weren't complaining about.,David figured out that a lot of teenagers that do skate around all schools weren't complaining about.,syntax,filler_gap_dependency,wh_vs_that_with_gap_long_distance,True,False,False,False,435,-113.61927795410156,-109.63177490234375,0
A lot of organizations can't find out who these committees that disturbed Derek worked with.,A lot of organizations can't find out that these committees that disturbed Derek worked with.,syntax,filler_gap_dependency,wh_vs_that_with_gap_long_distance,True,False,False,False,436,-106.92073822021484,-103.41903686523438,0
Edward was realizing what those adults that do cook drive to.,Edward was realizing that those adults that do cook drive to.,syntax,filler_gap_dependency,wh_vs_that_with_gap_long_distance,True,False,False,False,437,-88.0600357055664,-82.53767395019531,0
This association hasn't investigated who every student that doesn't cry fires.,This association hasn't investigated that every student that doesn't cry fires.,syntax,filler_gap_dependency,wh_vs_that_with_gap_long_distance,True,False,False,False,438,-93.23020935058594,-83.92512512207031,0
Theresa figures out who that guest that hasn't concealed Carol cares for.,Theresa figures out that that guest that hasn't concealed Carol cares for.,syntax,filler_gap_dependency,wh_vs_that_with_gap_long_distance,True,False,False,False,439,-116.2240982055664,-112.67582702636719,0
Some adult forgot who a lot of customers that work with Elizabeth weren't concealing.,Some adult forgot that a lot of customers that work with Elizabeth weren't concealing.,syntax,filler_gap_dependency,wh_vs_that_with_gap_long_distance,True,False,False,False,440,-102.49038696289062,-97.9437026977539,0
Adam wasn't finding out who the universities that have stunned many guests would fire.,Adam wasn't finding out that the universities that have stunned many guests would fire.,syntax,filler_gap_dependency,wh_vs_that_with_gap_long_distance,True,False,False,False,441,-101.19190216064453,-96.63754272460938,0
Tiffany would discover what the waiter that doesn't care for Winston Churchill has driven to.,Tiffany would discover that the waiter that doesn't care for Winston Churchill has driven to.,syntax,filler_gap_dependency,wh_vs_that_with_gap_long_distance,True,False,False,False,442,-123.06639099121094,-119.77925872802734,0
Anna was investigating what those hamsters that aren't vanishing found.,Anna was investigating that those hamsters that aren't vanishing found.,syntax,filler_gap_dependency,wh_vs_that_with_gap_long_distance,True,False,False,False,443,-93.9069595336914,-90.05056762695312,0
Sarah isn't discovering what those teenagers that ran around the library didn't reveal.,Sarah isn't discovering that those teenagers that ran around the library didn't reveal.,syntax,filler_gap_dependency,wh_vs_that_with_gap_long_distance,True,False,False,False,444,-95.62699127197266,-93.19661712646484,0
Timothy has discovered who a waitress that isn't insulting Karen hadn't revealed.,Timothy has discovered that a waitress that isn't insulting Karen hadn't revealed.,syntax,filler_gap_dependency,wh_vs_that_with_gap_long_distance,True,False,False,False,445,-114.41682434082031,-104.90837097167969,0
Bruce should learn what the guy that will concur has driven to.,Bruce should learn that the guy that will concur has driven to.,syntax,filler_gap_dependency,wh_vs_that_with_gap_long_distance,True,False,False,False,446,-89.559814453125,-89.60774993896484,1
A lot of schools forgot what every doctor that isn't training arrives at.,A lot of schools forgot that every doctor that isn't training arrives at.,syntax,filler_gap_dependency,wh_vs_that_with_gap_long_distance,True,False,False,False,447,-99.44609069824219,-96.38377380371094,0
Melinda discovers who some people that weren't hurting a customer sound like.,Melinda discovers that some people that weren't hurting a customer sound like.,syntax,filler_gap_dependency,wh_vs_that_with_gap_long_distance,True,False,False,False,448,-100.67745971679688,-92.05773162841797,0
Diane did learn what that actor that was winning arrives at.,Diane did learn that that actor that was winning arrives at.,syntax,filler_gap_dependency,wh_vs_that_with_gap_long_distance,True,False,False,False,449,-91.08940124511719,-89.34921264648438,0
Julia forgot who a senator that does drop by many public parks would conceal.,Julia forgot that a senator that does drop by many public parks would conceal.,syntax,filler_gap_dependency,wh_vs_that_with_gap_long_distance,True,False,False,False,450,-117.28526306152344,-112.46246337890625,0
Every teenager realizes who a lot of women that won't descend a hill boast about.,Every teenager realizes that a lot of women that won't descend a hill boast about.,syntax,filler_gap_dependency,wh_vs_that_with_gap_long_distance,True,False,False,False,451,-110.51454162597656,-104.15753173828125,0
Alice conceals what the teenager that couldn't scan some newspaper articles couldn't walk through.,Alice conceals that the teenager that couldn't scan some newspaper articles couldn't walk through.,syntax,filler_gap_dependency,wh_vs_that_with_gap_long_distance,True,False,False,False,452,-123.8223648071289,-118.30681610107422,0
All adults had concealed what this doctor that spins around walked through.,All adults had concealed that this doctor that spins around walked through.,syntax,filler_gap_dependency,wh_vs_that_with_gap_long_distance,True,False,False,False,453,-98.41999816894531,-94.74186706542969,0
Tara forgets what this actor that didn't fall goes to.,Tara forgets that this actor that didn't fall goes to.,syntax,filler_gap_dependency,wh_vs_that_with_gap_long_distance,True,False,False,False,454,-91.36837005615234,-88.624267578125,0
Amelia hasn't investigated what every cashier that is training isn't going to.,Amelia hasn't investigated that every cashier that is training isn't going to.,syntax,filler_gap_dependency,wh_vs_that_with_gap_long_distance,True,False,False,False,455,-104.51983642578125,-100.86225891113281,0
Omar can discover what most offspring that hadn't discussed Eric will wear.,Omar can discover that most offspring that hadn't discussed Eric will wear.,syntax,filler_gap_dependency,wh_vs_that_with_gap_long_distance,True,False,False,False,456,-109.41238403320312,-104.72295379638672,0
Tara is forgetting what many dancers that couldn't approve admire.,Tara is forgetting that many dancers that couldn't approve admire.,syntax,filler_gap_dependency,wh_vs_that_with_gap_long_distance,True,False,False,False,457,-90.08073425292969,-87.220458984375,0
Spain has remembered who a person that skated around Harvard University isn't talking to.,Spain has remembered that a person that skated around Harvard University isn't talking to.,syntax,filler_gap_dependency,wh_vs_that_with_gap_long_distance,True,False,False,False,458,-117.5947036743164,-109.39464569091797,0
Some waitresses remember who the cashiers that testified had concealed.,Some waitresses remember that the cashiers that testified had concealed.,syntax,filler_gap_dependency,wh_vs_that_with_gap_long_distance,True,False,False,False,459,-104.34684753417969,-98.77191162109375,0
Most guests realize who a lot of analyses that hadn't disagreed haven't sounded like.,Most guests realize that a lot of analyses that hadn't disagreed haven't sounded like.,syntax,filler_gap_dependency,wh_vs_that_with_gap_long_distance,True,False,False,False,460,-114.04008483886719,-106.96760559082031,0
Ellen should realize what some boy that disliked those men is arriving at.,Ellen should realize that some boy that disliked those men is arriving at.,syntax,filler_gap_dependency,wh_vs_that_with_gap_long_distance,True,False,False,False,461,-106.7154541015625,-102.52357482910156,0
That waitress figures out who all pedestrians that had divorced argue about.,That waitress figures out that all pedestrians that had divorced argue about.,syntax,filler_gap_dependency,wh_vs_that_with_gap_long_distance,True,False,False,False,462,-102.7646484375,-99.83877563476562,0
Beverly wasn't figuring out who all customers that haven't sighed haven't returned to.,Beverly wasn't figuring out that all customers that haven't sighed haven't returned to.,syntax,filler_gap_dependency,wh_vs_that_with_gap_long_distance,True,False,False,False,463,-115.80458068847656,-112.22099304199219,0
A child can't reveal what these guests that aggravate Andrew admired.,A child can't reveal that these guests that aggravate Andrew admired.,syntax,filler_gap_dependency,wh_vs_that_with_gap_long_distance,True,False,False,False,464,-96.03294372558594,-96.29194641113281,1
Derek had learned what those people that weren't worrying Dennis drop by.,Derek had learned that those people that weren't worrying Dennis drop by.,syntax,filler_gap_dependency,wh_vs_that_with_gap_long_distance,True,False,False,False,465,-102.99977111816406,-99.87593841552734,0
Many people conceal what some sketch that isn't vanishing didn't look like.,Many people conceal that some sketch that isn't vanishing didn't look like.,syntax,filler_gap_dependency,wh_vs_that_with_gap_long_distance,True,False,False,False,466,-96.01742553710938,-95.5399398803711,0
Kevin realizes who every teenager that goes to that glacier had boasted about.,Kevin realizes that every teenager that goes to that glacier had boasted about.,syntax,filler_gap_dependency,wh_vs_that_with_gap_long_distance,True,False,False,False,467,-102.06990051269531,-92.41459655761719,0
Dawn reveals who adults that see that water had returned to.,Dawn reveals that adults that see that water had returned to.,syntax,filler_gap_dependency,wh_vs_that_with_gap_long_distance,True,False,False,False,468,-92.23138427734375,-85.21039581298828,0
Mary discovered what every dancer that jokes around finds.,Mary discovered that every dancer that jokes around finds.,syntax,filler_gap_dependency,wh_vs_that_with_gap_long_distance,True,False,False,False,469,-83.2572021484375,-76.91006469726562,0
Julia has discovered what a dancer that does think about Kathleen can go to.,Julia has discovered that a dancer that does think about Kathleen can go to.,syntax,filler_gap_dependency,wh_vs_that_with_gap_long_distance,True,False,False,False,470,-101.56533813476562,-96.12603759765625,0
Tonya concealed who some adult that remembers Sandra would reference.,Tonya concealed that some adult that remembers Sandra would reference.,syntax,filler_gap_dependency,wh_vs_that_with_gap_long_distance,True,False,False,False,471,-102.60743713378906,-98.34375,0
Tanya found out who many boys that stood up cure.,Tanya found out that many boys that stood up cure.,syntax,filler_gap_dependency,wh_vs_that_with_gap_long_distance,True,False,False,False,472,-79.39855194091797,-72.91889953613281,0
Banks figure out what this man that is departing would go to.,Banks figure out that this man that is departing would go to.,syntax,filler_gap_dependency,wh_vs_that_with_gap_long_distance,True,False,False,False,473,-84.76283264160156,-84.35221862792969,0
Most men learned who the offspring that wave hadn't talked about.,Most men learned that the offspring that wave hadn't talked about.,syntax,filler_gap_dependency,wh_vs_that_with_gap_long_distance,True,False,False,False,474,-83.6617660522461,-76.84477233886719,0
All pedestrians discover what those offspring that upset some men can't like.,All pedestrians discover that those offspring that upset some men can't like.,syntax,filler_gap_dependency,wh_vs_that_with_gap_long_distance,True,False,False,False,475,-97.92469024658203,-95.56680297851562,0
Curtis was learning who an actor that donates talked to.,Curtis was learning that an actor that donates talked to.,syntax,filler_gap_dependency,wh_vs_that_with_gap_long_distance,True,False,False,False,476,-97.19732666015625,-91.17477416992188,0
Some driver was figuring out what a unicycle that won't shatter looked like.,Some driver was figuring out that a unicycle that won't shatter looked like.,syntax,filler_gap_dependency,wh_vs_that_with_gap_long_distance,True,False,False,False,477,-91.39405822753906,-92.43283081054688,1
Barbara concealed what a cashier that was talking about Nancy hasn't concealed.,Barbara concealed that a cashier that was talking about Nancy hasn't concealed.,syntax,filler_gap_dependency,wh_vs_that_with_gap_long_distance,True,False,False,False,478,-112.87229919433594,-111.6087646484375,0
Kristin wasn't discovering what most drivers that are competing find.,Kristin wasn't discovering that most drivers that are competing find.,syntax,filler_gap_dependency,wh_vs_that_with_gap_long_distance,True,False,False,False,479,-87.96305847167969,-84.7579345703125,0
Michael revealed what this doctor that has praised Katherine examines.,Michael revealed that this doctor that has praised Katherine examines.,syntax,filler_gap_dependency,wh_vs_that_with_gap_long_distance,True,False,False,False,480,-87.50992584228516,-82.7066879272461,0
These universities remember who most offspring that have examined some essays would talk to.,These universities remember that most offspring that have examined some essays would talk to.,syntax,filler_gap_dependency,wh_vs_that_with_gap_long_distance,True,False,False,False,481,-105.36398315429688,-98.71886444091797,0
Gina learned who most teenagers that couldn't reference Paul are referencing.,Gina learned that most teenagers that couldn't reference Paul are referencing.,syntax,filler_gap_dependency,wh_vs_that_with_gap_long_distance,True,False,False,False,482,-106.00659942626953,-99.22244262695312,0
Pedestrians realize who this driver that can't chuckle complained about.,Pedestrians realize that this driver that can't chuckle complained about.,syntax,filler_gap_dependency,wh_vs_that_with_gap_long_distance,True,False,False,False,483,-111.66802978515625,-102.84848022460938,0
Sheila realized what some actors that can't go to schools hadn't walked through.,Sheila realized that some actors that can't go to schools hadn't walked through.,syntax,filler_gap_dependency,wh_vs_that_with_gap_long_distance,True,False,False,False,484,-104.4473876953125,-98.28511047363281,0
All cashiers had remembered who some offspring that do compete can't listen to.,All cashiers had remembered that some offspring that do compete can't listen to.,syntax,filler_gap_dependency,wh_vs_that_with_gap_long_distance,True,False,False,False,485,-122.28582000732422,-114.86685943603516,0
Suzanne is figuring out who a lot of governments that won't alarm Douglas respect.,Suzanne is figuring out that a lot of governments that won't alarm Douglas respect.,syntax,filler_gap_dependency,wh_vs_that_with_gap_long_distance,True,False,False,False,486,-115.33724975585938,-112.46746826171875,0
Naomi is learning what some person that couldn't arrive at the rivers had concealed.,Naomi is learning that some person that couldn't arrive at the rivers had concealed.,syntax,filler_gap_dependency,wh_vs_that_with_gap_long_distance,True,False,False,False,487,-112.96694946289062,-107.05670166015625,0
Rachelle does investigate who a lot of theses that shocked Jerry disagree with.,Rachelle does investigate that a lot of theses that shocked Jerry disagree with.,syntax,filler_gap_dependency,wh_vs_that_with_gap_long_distance,True,False,False,False,488,-116.60968017578125,-110.46355438232422,0
Erin has realized who patients that talk about William conceal.,Erin has realized that patients that talk about William conceal.,syntax,filler_gap_dependency,wh_vs_that_with_gap_long_distance,True,False,False,False,489,-94.68716430664062,-84.65798950195312,0
Lissa hadn't figured out who a lot of dancers that annoy some woman aren't returning to.,Lissa hadn't figured out that a lot of dancers that annoy some woman aren't returning to.,syntax,filler_gap_dependency,wh_vs_that_with_gap_long_distance,True,False,False,False,490,-115.77583312988281,-111.37777709960938,0
Spain can conceal what these muffins that had fallen have resembled.,Spain can conceal that these muffins that had fallen have resembled.,syntax,filler_gap_dependency,wh_vs_that_with_gap_long_distance,True,False,False,False,491,-98.15133666992188,-97.27363586425781,0
George won't reveal what that driver that hadn't spun around should walk through.,George won't reveal that that driver that hadn't spun around should walk through.,syntax,filler_gap_dependency,wh_vs_that_with_gap_long_distance,True,False,False,False,492,-105.94207763671875,-103.90420532226562,0
Heather might know what every window that exists resembled.,Heather might know that every window that exists resembled.,syntax,filler_gap_dependency,wh_vs_that_with_gap_long_distance,True,False,False,False,493,-79.67724609375,-77.3433837890625,0
Brenda had concealed who many dancers that are talking to Caroline should cure.,Brenda had concealed that many dancers that are talking to Caroline should cure.,syntax,filler_gap_dependency,wh_vs_that_with_gap_long_distance,True,False,False,False,494,-114.65043640136719,-107.03016662597656,0
Larry conceals who those children that complained weren't boasting about.,Larry conceals that those children that complained weren't boasting about.,syntax,filler_gap_dependency,wh_vs_that_with_gap_long_distance,True,False,False,False,495,-103.85333251953125,-98.99905395507812,0
The schools know what these actors that were clashing can drop by.,The schools know that these actors that were clashing can drop by.,syntax,filler_gap_dependency,wh_vs_that_with_gap_long_distance,True,False,False,False,496,-89.9263687133789,-85.21781158447266,0
Teenagers conceal who many offspring that haven't irritated Tanya work with.,Teenagers conceal that many offspring that haven't irritated Tanya work with.,syntax,filler_gap_dependency,wh_vs_that_with_gap_long_distance,True,False,False,False,497,-118.41056060791016,-115.69599914550781,0
Carol remembers who patients that aren't littering listened to.,Carol remembers that patients that aren't littering listened to.,syntax,filler_gap_dependency,wh_vs_that_with_gap_long_distance,True,False,False,False,498,-94.95602416992188,-89.88392639160156,0
A lot of libraries find out what offspring that would talk about Kayla lift.,A lot of libraries find out that offspring that would talk about Kayla lift.,syntax,filler_gap_dependency,wh_vs_that_with_gap_long_distance,True,False,False,False,499,-101.26535034179688,-101.4791259765625,1
Tanya found out who this guest that does drink had admired.,Tanya found out that this guest that does drink had admired.,syntax,filler_gap_dependency,wh_vs_that_with_gap_long_distance,True,False,False,False,500,-97.47435760498047,-91.40540313720703,0
All libraries aren't forgetting what all offspring that can't wear this dress drive to.,All libraries aren't forgetting that all offspring that can't wear this dress drive to.,syntax,filler_gap_dependency,wh_vs_that_with_gap_long_distance,True,False,False,False,501,-113.34681701660156,-111.29105377197266,0
Linda will remember who some guys that tour the hill have cared for.,Linda will remember that some guys that tour the hill have cared for.,syntax,filler_gap_dependency,wh_vs_that_with_gap_long_distance,True,False,False,False,502,-93.15965270996094,-89.56690216064453,0
Alice realizes who the man that has appreciated this movie theater has talked about.,Alice realizes that the man that has appreciated this movie theater has talked about.,syntax,filler_gap_dependency,wh_vs_that_with_gap_long_distance,True,False,False,False,503,-93.44620513916016,-84.92031860351562,0
Many associations conceal what these people that weren't researching many high schools don't drop by.,Many associations conceal that these people that weren't researching many high schools don't drop by.,syntax,filler_gap_dependency,wh_vs_that_with_gap_long_distance,True,False,False,False,504,-115.62789916992188,-113.26216888427734,0
Caroline isn't forgetting who this bank that does worry Melanie does dislike.,Caroline isn't forgetting that this bank that does worry Melanie does dislike.,syntax,filler_gap_dependency,wh_vs_that_with_gap_long_distance,True,False,False,False,505,-109.82511901855469,-104.8846206665039,0
Universities figure out what those drivers that reunite arrive at.,Universities figure out that those drivers that reunite arrive at.,syntax,filler_gap_dependency,wh_vs_that_with_gap_long_distance,True,False,False,False,506,-86.46945190429688,-89.17367553710938,1
Alicia hasn't investigated who most companies that loved some doctors have boasted about.,Alicia hasn't investigated that most companies that loved some doctors have boasted about.,syntax,filler_gap_dependency,wh_vs_that_with_gap_long_distance,True,False,False,False,507,-120.92451477050781,-112.19375610351562,0
A lot of drivers investigate who a man that won't stun Angela listens to.,A lot of drivers investigate that a man that won't stun Angela listens to.,syntax,filler_gap_dependency,wh_vs_that_with_gap_long_distance,True,False,False,False,508,-109.38626861572266,-103.32833099365234,0
Barbara learns what a lot of screens that didn't disappear do resemble.,Barbara learns that a lot of screens that didn't disappear do resemble.,syntax,filler_gap_dependency,wh_vs_that_with_gap_long_distance,True,False,False,False,509,-93.42428588867188,-92.02830505371094,0
Rose figures out what most children that haven't conspired drop by.,Rose figures out that most children that haven't conspired drop by.,syntax,filler_gap_dependency,wh_vs_that_with_gap_long_distance,True,False,False,False,510,-101.01170349121094,-98.07833862304688,0
Michelle should forget what a waiter that whispers is fleeing from.,Michelle should forget that a waiter that whispers is fleeing from.,syntax,filler_gap_dependency,wh_vs_that_with_gap_long_distance,True,False,False,False,511,-84.30123901367188,-84.09611511230469,0
Children learn who every man that hadn't stretched talks about.,Children learn that every man that hadn't stretched talks about.,syntax,filler_gap_dependency,wh_vs_that_with_gap_long_distance,True,False,False,False,512,-80.64207458496094,-74.37535095214844,0
Some boy will discover who those committees that shouldn't alarm Jason conceal.,Some boy will discover that those committees that shouldn't alarm Jason conceal.,syntax,filler_gap_dependency,wh_vs_that_with_gap_long_distance,True,False,False,False,513,-112.44145965576172,-106.50049591064453,0
Meredith concealed what this driver that could perform drove to.,Meredith concealed that this driver that could perform drove to.,syntax,filler_gap_dependency,wh_vs_that_with_gap_long_distance,True,False,False,False,514,-95.25834655761719,-90.2737045288086,0
Claire concealed what some actress that swallowed couldn't lift.,Claire concealed that some actress that swallowed couldn't lift.,syntax,filler_gap_dependency,wh_vs_that_with_gap_long_distance,True,False,False,False,515,-95.81098175048828,-90.44929504394531,0
Alice was remembering who that adult that is sighing concealed.,Alice was remembering that that adult that is sighing concealed.,syntax,filler_gap_dependency,wh_vs_that_with_gap_long_distance,True,False,False,False,516,-92.31829833984375,-84.98484802246094,0
Benjamin does figure out who most children that flee from Joseph were curing.,Benjamin does figure out that most children that flee from Joseph were curing.,syntax,filler_gap_dependency,wh_vs_that_with_gap_long_distance,True,False,False,False,517,-114.92412567138672,-109.32315063476562,0
Every driver would discover who the guest that wasn't muttering did find.,Every driver would discover that the guest that wasn't muttering did find.,syntax,filler_gap_dependency,wh_vs_that_with_gap_long_distance,True,False,False,False,518,-97.17479705810547,-92.80030822753906,0
Noah figures out what some photograph that wasn't distracting Carlos had looked like.,Noah figures out that some photograph that wasn't distracting Carlos had looked like.,syntax,filler_gap_dependency,wh_vs_that_with_gap_long_distance,True,False,False,False,519,-112.72470092773438,-110.72199249267578,0
That woman wasn't realizing who dancers that hadn't sat down flee from.,That woman wasn't realizing that dancers that hadn't sat down flee from.,syntax,filler_gap_dependency,wh_vs_that_with_gap_long_distance,True,False,False,False,520,-98.72029876708984,-93.67533874511719,0
All women revealed who those children that haven't bothered Carlos can return to.,All women revealed that those children that haven't bothered Carlos can return to.,syntax,filler_gap_dependency,wh_vs_that_with_gap_long_distance,True,False,False,False,521,-106.0706787109375,-97.07814025878906,0
Bradley realized who the children that haven't written concealed.,Bradley realized that the children that haven't written concealed.,syntax,filler_gap_dependency,wh_vs_that_with_gap_long_distance,True,False,False,False,522,-83.22770690917969,-73.46321105957031,0
Patricia isn't figuring out who the pedestrian that did die isn't working with.,Patricia isn't figuring out that the pedestrian that did die isn't working with.,syntax,filler_gap_dependency,wh_vs_that_with_gap_long_distance,True,False,False,False,523,-98.11165618896484,-96.68057250976562,0
Edward learns who all pictures that had stunned Larry look like.,Edward learns that all pictures that had stunned Larry look like.,syntax,filler_gap_dependency,wh_vs_that_with_gap_long_distance,True,False,False,False,524,-95.13408660888672,-88.11483001708984,0
All universities aren't revealing what the waitresses that responded went to.,All universities aren't revealing that the waitresses that responded went to.,syntax,filler_gap_dependency,wh_vs_that_with_gap_long_distance,True,False,False,False,525,-99.45504760742188,-97.67788696289062,0
Julie wasn't remembering who the customer that goes to a cafe likes.,Julie wasn't remembering that the customer that goes to a cafe likes.,syntax,filler_gap_dependency,wh_vs_that_with_gap_long_distance,True,False,False,False,526,-94.63401794433594,-88.38179016113281,0
Derek figures out who universities that haven't answered boasted about.,Derek figures out that universities that haven't answered boasted about.,syntax,filler_gap_dependency,wh_vs_that_with_gap_long_distance,True,False,False,False,527,-93.9586181640625,-89.56494140625,0
These dancers had forgotten what every child that was protesting hadn't dropped by.,These dancers had forgotten that every child that was protesting hadn't dropped by.,syntax,filler_gap_dependency,wh_vs_that_with_gap_long_distance,True,False,False,False,528,-90.54580688476562,-87.19549560546875,0
Many adults figure out what every dress that had hurt adults has looked like.,Many adults figure out that every dress that had hurt adults has looked like.,syntax,filler_gap_dependency,wh_vs_that_with_gap_long_distance,True,False,False,False,529,-92.49116516113281,-91.23817443847656,0
The children forget who every waiter that hadn't visited every waitress likes.,The children forget that every waiter that hadn't visited every waitress likes.,syntax,filler_gap_dependency,wh_vs_that_with_gap_long_distance,True,False,False,False,530,-95.41264343261719,-88.9605941772461,0
Kirsten isn't revealing what a lot of people that wave won't go to.,Kirsten isn't revealing that a lot of people that wave won't go to.,syntax,filler_gap_dependency,wh_vs_that_with_gap_long_distance,True,False,False,False,531,-83.07510375976562,-81.38638305664062,0
Diane hadn't investigated who those students that dropped by most hospitals hadn't concealed.,Diane hadn't investigated that those students that dropped by most hospitals hadn't concealed.,syntax,filler_gap_dependency,wh_vs_that_with_gap_long_distance,True,False,False,False,532,-128.9084930419922,-118.66426086425781,0
Benjamin had revealed what the alumni that can't fix those couches walk through.,Benjamin had revealed that the alumni that can't fix those couches walk through.,syntax,filler_gap_dependency,wh_vs_that_with_gap_long_distance,True,False,False,False,533,-107.67517852783203,-102.92135620117188,0
Steve can remember who a dancer that can't notice a lot of muffins might escape from.,Steve can remember that a dancer that can't notice a lot of muffins might escape from.,syntax,filler_gap_dependency,wh_vs_that_with_gap_long_distance,True,False,False,False,534,-109.63237762451172,-106.66162872314453,0
These libraries would conceal what this boy that yawns dropped by.,These libraries would conceal that this boy that yawns dropped by.,syntax,filler_gap_dependency,wh_vs_that_with_gap_long_distance,True,False,False,False,535,-92.84385681152344,-92.17568969726562,0
George might conceal what all doctors that care for Andrew drop by.,George might conceal that all doctors that care for Andrew drop by.,syntax,filler_gap_dependency,wh_vs_that_with_gap_long_distance,True,False,False,False,536,-106.00637817382812,-103.72821044921875,0
Homer won't know who the waiter that looked like the sketch would like.,Homer won't know that the waiter that looked like the sketch would like.,syntax,filler_gap_dependency,wh_vs_that_with_gap_long_distance,True,False,False,False,537,-90.44527435302734,-87.69808959960938,0
Committees couldn't reveal what the children that hadn't disagreed had looked like.,Committees couldn't reveal that the children that hadn't disagreed had looked like.,syntax,filler_gap_dependency,wh_vs_that_with_gap_long_distance,True,False,False,False,538,-97.76080322265625,-98.78157043457031,1
That adult investigates what some bank that negotiates liked.,That adult investigates that some bank that negotiates liked.,syntax,filler_gap_dependency,wh_vs_that_with_gap_long_distance,True,False,False,False,539,-86.0712890625,-84.9931411743164,0
Regina couldn't reveal who a lot of teachers that upset Kendra won't return to.,Regina couldn't reveal that a lot of teachers that upset Kendra won't return to.,syntax,filler_gap_dependency,wh_vs_that_with_gap_long_distance,True,False,False,False,540,-115.01193237304688,-109.62544250488281,0
Many museums learn what some alumnus that had exited some high schools dropped by.,Many museums learn that some alumnus that had exited some high schools dropped by.,syntax,filler_gap_dependency,wh_vs_that_with_gap_long_distance,True,False,False,False,541,-108.48799133300781,-109.49059295654297,1
An actor wasn't concealing who a lot of actresses that can attack Sharon do conceal.,An actor wasn't concealing that a lot of actresses that can attack Sharon do conceal.,syntax,filler_gap_dependency,wh_vs_that_with_gap_long_distance,True,False,False,False,542,-120.55918884277344,-114.42481994628906,0
Omar had revealed what every guy that won't examine the stories examines.,Omar had revealed that every guy that won't examine the stories examines.,syntax,filler_gap_dependency,wh_vs_that_with_gap_long_distance,True,False,False,False,543,-97.65066528320312,-93.22161102294922,0
John isn't concealing who a dancer that wasn't scaring Sandra hasn't disliked.,John isn't concealing that a dancer that wasn't scaring Sandra hasn't disliked.,syntax,filler_gap_dependency,wh_vs_that_with_gap_long_distance,True,False,False,False,544,-121.41780090332031,-116.50907897949219,0
Nicole wouldn't realize what many cashiers that laughed do drive to.,Nicole wouldn't realize that many cashiers that laughed do drive to.,syntax,filler_gap_dependency,wh_vs_that_with_gap_long_distance,True,False,False,False,545,-110.82931518554688,-107.87913513183594,0
Michelle isn't forgetting who a pedestrian that sang has admired.,Michelle isn't forgetting that a pedestrian that sang has admired.,syntax,filler_gap_dependency,wh_vs_that_with_gap_long_distance,True,False,False,False,546,-87.6264419555664,-84.91436767578125,0
The people conceal who every woman that can't bore Gary scared.,The people conceal that every woman that can't bore Gary scared.,syntax,filler_gap_dependency,wh_vs_that_with_gap_long_distance,True,False,False,False,547,-98.12889099121094,-94.14396667480469,0
These hospitals figure out what the lady that littered wasn't walking through.,These hospitals figure out that the lady that littered wasn't walking through.,syntax,filler_gap_dependency,wh_vs_that_with_gap_long_distance,True,False,False,False,548,-100.81258392333984,-99.29447174072266,0
Janice remembers who a child that hasn't messed up most plates conceals.,Janice remembers that a child that hasn't messed up most plates conceals.,syntax,filler_gap_dependency,wh_vs_that_with_gap_long_distance,True,False,False,False,549,-116.24909973144531,-112.89366149902344,0
Jill did investigate what these women that haven't hunted walk through.,Jill did investigate that these women that haven't hunted walk through.,syntax,filler_gap_dependency,wh_vs_that_with_gap_long_distance,True,False,False,False,550,-95.86654663085938,-92.93190002441406,0
The actresses didn't find out what some actor that was yelling respects.,The actresses didn't find out that some actor that was yelling respects.,syntax,filler_gap_dependency,wh_vs_that_with_gap_long_distance,True,False,False,False,551,-91.41395568847656,-89.86283874511719,0
Carla learns who all dancers that profit were talking about.,Carla learns that all dancers that profit were talking about.,syntax,filler_gap_dependency,wh_vs_that_with_gap_long_distance,True,False,False,False,552,-88.57318115234375,-81.20738220214844,0
Dan is concealing who some dancers that are fighting were working with.,Dan is concealing that some dancers that are fighting were working with.,syntax,filler_gap_dependency,wh_vs_that_with_gap_long_distance,True,False,False,False,553,-94.86680603027344,-86.50521087646484,0
Harvard University knew who many adults that couldn't kiss weren't referencing.,Harvard University knew that many adults that couldn't kiss weren't referencing.,syntax,filler_gap_dependency,wh_vs_that_with_gap_long_distance,True,False,False,False,554,-105.99372100830078,-98.27864074707031,0
The actress investigated what that stimulus that is looking like these drawings looked like.,The actress investigated that that stimulus that is looking like these drawings looked like.,syntax,filler_gap_dependency,wh_vs_that_with_gap_long_distance,True,False,False,False,555,-101.74893188476562,-97.20169830322266,0
Teresa was investigating who some doctor that should insult Angela hadn't boasted about.,Teresa was investigating that some doctor that should insult Angela hadn't boasted about.,syntax,filler_gap_dependency,wh_vs_that_with_gap_long_distance,True,False,False,False,556,-123.96107482910156,-115.18888854980469,0
Julie knows who girls that were watching Beverly talked to.,Julie knows that girls that were watching Beverly talked to.,syntax,filler_gap_dependency,wh_vs_that_with_gap_long_distance,True,False,False,False,557,-83.64429473876953,-79.00762939453125,0
A lot of people realize who a customer that could embarrass Connie escaped from.,A lot of people realize that a customer that could embarrass Connie escaped from.,syntax,filler_gap_dependency,wh_vs_that_with_gap_long_distance,True,False,False,False,558,-98.03141784667969,-92.44237518310547,0
Michael forgot what that actress that donated fled from.,Michael forgot that that actress that donated fled from.,syntax,filler_gap_dependency,wh_vs_that_with_gap_long_distance,True,False,False,False,559,-81.83189392089844,-77.23960876464844,0
Jodi investigated what teenagers that couldn't scream haven't resembled.,Jodi investigated that teenagers that couldn't scream haven't resembled.,syntax,filler_gap_dependency,wh_vs_that_with_gap_long_distance,True,False,False,False,560,-94.85260009765625,-90.68537902832031,0
Chad wasn't finding out who the committee that astounds Brian wasn't firing.,Chad wasn't finding out that the committee that astounds Brian wasn't firing.,syntax,filler_gap_dependency,wh_vs_that_with_gap_long_distance,True,False,False,False,561,-115.40582275390625,-112.16798400878906,0
Those people find out what the waitress that hasn't swallowed wouldn't lift.,Those people find out that the waitress that hasn't swallowed wouldn't lift.,syntax,filler_gap_dependency,wh_vs_that_with_gap_long_distance,True,False,False,False,562,-92.54251098632812,-91.90507507324219,0
Sheila isn't concealing who this guy that hasn't gone fishing can conceal.,Sheila isn't concealing that this guy that hasn't gone fishing can conceal.,syntax,filler_gap_dependency,wh_vs_that_with_gap_long_distance,True,False,False,False,563,-111.23628234863281,-103.73221588134766,0
Peter forgets what a child that didn't play can lift.,Peter forgets that a child that didn't play can lift.,syntax,filler_gap_dependency,wh_vs_that_with_gap_long_distance,True,False,False,False,564,-80.93081665039062,-79.5126724243164,0
The boy remembered who this student that answers talked to.,The boy remembered that this student that answers talked to.,syntax,filler_gap_dependency,wh_vs_that_with_gap_long_distance,True,False,False,False,565,-80.59046936035156,-75.0736083984375,0
The Borgias figure out what that pedestrian that comes here goes to.,The Borgias figure out that that pedestrian that comes here goes to.,syntax,filler_gap_dependency,wh_vs_that_with_gap_long_distance,True,False,False,False,566,-96.29192352294922,-98.43479919433594,1
Winston Churchill is forgetting what a customer that couldn't yell was driving to.,Winston Churchill is forgetting that a customer that couldn't yell was driving to.,syntax,filler_gap_dependency,wh_vs_that_with_gap_long_distance,True,False,False,False,567,-106.98384094238281,-106.6143569946289,0
Kimberley might know who doctors that haven't yelled would dislike.,Kimberley might know that doctors that haven't yelled would dislike.,syntax,filler_gap_dependency,wh_vs_that_with_gap_long_distance,True,False,False,False,568,-102.4788818359375,-100.05455017089844,0
Spain discovers who those customers that shock Rebecca respected.,Spain discovers that those customers that shock Rebecca respected.,syntax,filler_gap_dependency,wh_vs_that_with_gap_long_distance,True,False,False,False,569,-96.294189453125,-86.13536834716797,0
Denise hasn't revealed what all customers that might eat arrive at.,Denise hasn't revealed that all customers that might eat arrive at.,syntax,filler_gap_dependency,wh_vs_that_with_gap_long_distance,True,False,False,False,570,-96.25370025634766,-90.5574951171875,0
That boy forgot who every legislature that argued has disliked.,That boy forgot that every legislature that argued has disliked.,syntax,filler_gap_dependency,wh_vs_that_with_gap_long_distance,True,False,False,False,571,-88.02827453613281,-82.63278198242188,0
Ann investigates who that man that hasn't wept has talked to.,Ann investigates that that man that hasn't wept has talked to.,syntax,filler_gap_dependency,wh_vs_that_with_gap_long_distance,True,False,False,False,572,-100.23883056640625,-94.83206176757812,0
The teenagers investigate who some thesis that is stunning Travis wasn't talking about.,The teenagers investigate that some thesis that is stunning Travis wasn't talking about.,syntax,filler_gap_dependency,wh_vs_that_with_gap_long_distance,True,False,False,False,573,-114.00376892089844,-106.58648681640625,0
Michelle wouldn't reveal who that pedestrian that has driven to this high school references.,Michelle wouldn't reveal that that pedestrian that has driven to this high school references.,syntax,filler_gap_dependency,wh_vs_that_with_gap_long_distance,True,False,False,False,574,-103.86951446533203,-99.4163818359375,0
Vanessa was forgetting who the teacher that did bike to many banks fled from.,Vanessa was forgetting that the teacher that did bike to many banks fled from.,syntax,filler_gap_dependency,wh_vs_that_with_gap_long_distance,True,False,False,False,575,-119.35582733154297,-114.86284637451172,0
Timothy did discover who a lot of dancers that blink had concealed.,Timothy did discover that a lot of dancers that blink had concealed.,syntax,filler_gap_dependency,wh_vs_that_with_gap_long_distance,True,False,False,False,576,-103.62753295898438,-97.33838653564453,0
Daniel remembers who this bicycle that cracked scared.,Daniel remembers that this bicycle that cracked scared.,syntax,filler_gap_dependency,wh_vs_that_with_gap_long_distance,True,False,False,False,577,-78.34280395507812,-73.93171691894531,0
Elaine did reveal who some actor that doesn't irritate Phillip had fled from.,Elaine did reveal that some actor that doesn't irritate Phillip had fled from.,syntax,filler_gap_dependency,wh_vs_that_with_gap_long_distance,True,False,False,False,578,-119.9131851196289,-115.66429138183594,0
Emily couldn't reveal who a pedestrian that won't escape from Sarah disagrees with.,Emily couldn't reveal that a pedestrian that won't escape from Sarah disagrees with.,syntax,filler_gap_dependency,wh_vs_that_with_gap_long_distance,True,False,False,False,579,-99.93389892578125,-95.24028015136719,0
A lot of organizations aren't figuring out who the waitress that wouldn't hurt Kristen didn't admire.,A lot of organizations aren't figuring out that the waitress that wouldn't hurt Kristen didn't admire.,syntax,filler_gap_dependency,wh_vs_that_with_gap_long_distance,True,False,False,False,580,-117.16142272949219,-116.4121322631836,0
Every teenager found out who theses that exist sound like.,Every teenager found out that theses that exist sound like.,syntax,filler_gap_dependency,wh_vs_that_with_gap_long_distance,True,False,False,False,581,-80.63362884521484,-76.74127197265625,0
Some boy was figuring out what a lot of glasses that wasted away resembled.,Some boy was figuring out that a lot of glasses that wasted away resembled.,syntax,filler_gap_dependency,wh_vs_that_with_gap_long_distance,True,False,False,False,582,-92.28248596191406,-91.05874633789062,0
Kirsten should forget who that company that wasn't disgusting Erin wasn't firing.,Kirsten should forget that that company that wasn't disgusting Erin wasn't firing.,syntax,filler_gap_dependency,wh_vs_that_with_gap_long_distance,True,False,False,False,583,-123.97529602050781,-116.59272003173828,0
Marcus wasn't investigating who the doctor that did annoy Dennis returns to.,Marcus wasn't investigating that the doctor that did annoy Dennis returns to.,syntax,filler_gap_dependency,wh_vs_that_with_gap_long_distance,True,False,False,False,584,-107.22868347167969,-102.31725311279297,0
Pamela remembers what boys that have scared Galileo reveal.,Pamela remembers that boys that have scared Galileo reveal.,syntax,filler_gap_dependency,wh_vs_that_with_gap_long_distance,True,False,False,False,585,-94.98918151855469,-95.69908905029297,1
A lot of legislatures realize who all pictures that aren't falling looked like.,A lot of legislatures realize that all pictures that aren't falling looked like.,syntax,filler_gap_dependency,wh_vs_that_with_gap_long_distance,True,False,False,False,586,-102.04153442382812,-94.13037872314453,0
George found out what all adults that had messed up that couch did arrive at.,George found out that all adults that had messed up that couch did arrive at.,syntax,filler_gap_dependency,wh_vs_that_with_gap_long_distance,True,False,False,False,587,-106.76390075683594,-102.56333923339844,0
Children realize who all men that had waved conceal.,Children realize that all men that had waved conceal.,syntax,filler_gap_dependency,wh_vs_that_with_gap_long_distance,True,False,False,False,588,-77.3960952758789,-70.77159118652344,0
Douglas would realize what some waiters that clean the banks drove to.,Douglas would realize that some waiters that clean the banks drove to.,syntax,filler_gap_dependency,wh_vs_that_with_gap_long_distance,True,False,False,False,589,-105.94611358642578,-99.99234771728516,0
Christina revealed who all children that hadn't succeeded returned to.,Christina revealed that all children that hadn't succeeded returned to.,syntax,filler_gap_dependency,wh_vs_that_with_gap_long_distance,True,False,False,False,590,-89.95433044433594,-80.5081787109375,0
Karen realizes what those photographs that have wasted away weren't looking like.,Karen realizes that those photographs that have wasted away weren't looking like.,syntax,filler_gap_dependency,wh_vs_that_with_gap_long_distance,True,False,False,False,591,-104.49592590332031,-99.24105834960938,0
Most schools could reveal who this photograph that had alarmed Marla can look like.,Most schools could reveal that this photograph that had alarmed Marla can look like.,syntax,filler_gap_dependency,wh_vs_that_with_gap_long_distance,True,False,False,False,592,-108.82865905761719,-103.65076446533203,0
Gary forgot who these adults that talk to Samantha couldn't disagree with.,Gary forgot that these adults that talk to Samantha couldn't disagree with.,syntax,filler_gap_dependency,wh_vs_that_with_gap_long_distance,True,False,False,False,593,-96.51557922363281,-91.27593231201172,0
All guys remember what many children that are interacting have examined.,All guys remember that many children that are interacting have examined.,syntax,filler_gap_dependency,wh_vs_that_with_gap_long_distance,True,False,False,False,594,-76.86490631103516,-74.29203033447266,0
Becky hasn't investigated what most girls that leave would examine.,Becky hasn't investigated that most girls that leave would examine.,syntax,filler_gap_dependency,wh_vs_that_with_gap_long_distance,True,False,False,False,595,-105.35830688476562,-99.52102661132812,0
Bethany shouldn't reveal what every customer that littered had resembled.,Bethany shouldn't reveal that every customer that littered had resembled.,syntax,filler_gap_dependency,wh_vs_that_with_gap_long_distance,True,False,False,False,596,-113.79718017578125,-111.05067443847656,0
Many legislatures knew who some men that were appearing are complaining about.,Many legislatures knew that some men that were appearing are complaining about.,syntax,filler_gap_dependency,wh_vs_that_with_gap_long_distance,True,False,False,False,597,-90.05201721191406,-82.94505310058594,0
Edward investigated who many doctors that aren't getting fired couldn't find.,Edward investigated that many doctors that aren't getting fired couldn't find.,syntax,filler_gap_dependency,wh_vs_that_with_gap_long_distance,True,False,False,False,598,-96.05787658691406,-87.68241882324219,0
Jane won't forget who these cashiers that shocked Guy respect.,Jane won't forget that these cashiers that shocked Guy respect.,syntax,filler_gap_dependency,wh_vs_that_with_gap_long_distance,True,False,False,False,599,-104.4388656616211,-100.52568054199219,0
That man can't figure out what a lot of children that do conceal a story wear.,That man can't figure out that a lot of children that do conceal a story wear.,syntax,filler_gap_dependency,wh_vs_that_with_gap_long_distance,True,False,False,False,600,-93.6705093383789,-93.82376098632812,1
Nina figures out what every guy that isn't waking up examines.,Nina figures out that every guy that isn't waking up examines.,syntax,filler_gap_dependency,wh_vs_that_with_gap_long_distance,True,False,False,False,601,-94.37701416015625,-92.19395446777344,0
The Clintons figure out what this teenager that hired every patient hadn't biked to.,The Clintons figure out that this teenager that hired every patient hadn't biked to.,syntax,filler_gap_dependency,wh_vs_that_with_gap_long_distance,True,False,False,False,602,-119.07931518554688,-118.96171569824219,0
Those customers revealed what that woman that compromises walked through.,Those customers revealed that that woman that compromises walked through.,syntax,filler_gap_dependency,wh_vs_that_with_gap_long_distance,True,False,False,False,603,-86.13858032226562,-81.89002990722656,0
Janice hadn't found out what the guest that biked to some hill sounds like.,Janice hadn't found out that the guest that biked to some hill sounds like.,syntax,filler_gap_dependency,wh_vs_that_with_gap_long_distance,True,False,False,False,604,-110.59606170654297,-109.3040542602539,0
Monet isn't investigating what some guests that chuckled had dropped by.,Monet isn't investigating that some guests that chuckled had dropped by.,syntax,filler_gap_dependency,wh_vs_that_with_gap_long_distance,True,False,False,False,605,-106.51004028320312,-104.39399719238281,0
Brett knows what a student that does praise Vanessa can arrive at.,Brett knows that a student that does praise Vanessa can arrive at.,syntax,filler_gap_dependency,wh_vs_that_with_gap_long_distance,True,False,False,False,606,-97.77061462402344,-95.0155029296875,0
Derek had investigated who all children that weren't appreciating Chad might talk to.,Derek had investigated that all children that weren't appreciating Chad might talk to.,syntax,filler_gap_dependency,wh_vs_that_with_gap_long_distance,True,False,False,False,607,-120.07469177246094,-110.75428771972656,0
Victoria has found out who the boy that shouldn't practice can't escape from.,Victoria has found out that the boy that shouldn't practice can't escape from.,syntax,filler_gap_dependency,wh_vs_that_with_gap_long_distance,True,False,False,False,608,-99.91224670410156,-95.28973388671875,0
Julie concealed who all brochures that weren't appearing disagree with.,Julie concealed that all brochures that weren't appearing disagree with.,syntax,filler_gap_dependency,wh_vs_that_with_gap_long_distance,True,False,False,False,609,-97.17798614501953,-92.00811004638672,0
The actress hasn't found out what these customers that were boasting had biked to.,The actress hasn't found out that these customers that were boasting had biked to.,syntax,filler_gap_dependency,wh_vs_that_with_gap_long_distance,True,False,False,False,610,-104.95100402832031,-103.24302673339844,0
Kendra discovers who many teenagers that pass these cafes reveal.,Kendra discovers that many teenagers that pass these cafes reveal.,syntax,filler_gap_dependency,wh_vs_that_with_gap_long_distance,True,False,False,False,611,-93.67781829833984,-85.26258850097656,0
Every association might reveal who that mouth that wasn't shutting hasn't scared.,Every association might reveal that that mouth that wasn't shutting hasn't scared.,syntax,filler_gap_dependency,wh_vs_that_with_gap_long_distance,True,False,False,False,612,-108.15130615234375,-104.80249786376953,0
Many ladies figured out what that teenager that aggravated Kayla was going to.,Many ladies figured out that that teenager that aggravated Kayla was going to.,syntax,filler_gap_dependency,wh_vs_that_with_gap_long_distance,True,False,False,False,613,-101.87559509277344,-100.5521011352539,0
Florence learns who some cashiers that haven't gone fishing haven't found.,Florence learns that some cashiers that haven't gone fishing haven't found.,syntax,filler_gap_dependency,wh_vs_that_with_gap_long_distance,True,False,False,False,614,-117.7196044921875,-111.75389862060547,0
Bill was learning what many offspring that had passed these banks wear.,Bill was learning that many offspring that had passed these banks wear.,syntax,filler_gap_dependency,wh_vs_that_with_gap_long_distance,True,False,False,False,615,-93.01358032226562,-88.31491088867188,0
The Borgias haven't concealed who some offspring that falls asleep should admire.,The Borgias haven't concealed that some offspring that falls asleep should admire.,syntax,filler_gap_dependency,wh_vs_that_with_gap_long_distance,True,False,False,False,616,-122.62086486816406,-116.30648040771484,0
Connie discovers who every actress that talks about Ellen listened to.,Connie discovers that every actress that talks about Ellen listened to.,syntax,filler_gap_dependency,wh_vs_that_with_gap_long_distance,True,False,False,False,617,-100.86705017089844,-92.55389404296875,0
Cheryl forgot what a teenager that is answering dropped by.,Cheryl forgot that a teenager that is answering dropped by.,syntax,filler_gap_dependency,wh_vs_that_with_gap_long_distance,True,False,False,False,618,-94.4400634765625,-91.50674438476562,0
Lisa forgets who every story that doesn't shock most legislatures hasn't sounded like.,Lisa forgets that every story that doesn't shock most legislatures hasn't sounded like.,syntax,filler_gap_dependency,wh_vs_that_with_gap_long_distance,True,False,False,False,619,-117.98360443115234,-109.61211395263672,0
Jeffrey remembers what this customer that will forfeit hasn't argued about.,Jeffrey remembers that this customer that will forfeit hasn't argued about.,syntax,filler_gap_dependency,wh_vs_that_with_gap_long_distance,True,False,False,False,620,-98.50161743164062,-99.64179992675781,1
Sara might realize who every alumnus that might embarrass Wayne returned to.,Sara might realize that every alumnus that might embarrass Wayne returned to.,syntax,filler_gap_dependency,wh_vs_that_with_gap_long_distance,True,False,False,False,621,-116.20188903808594,-110.42668914794922,0
Associations remember who this doctor that hadn't worried Patricia won't dislike.,Associations remember that this doctor that hadn't worried Patricia won't dislike.,syntax,filler_gap_dependency,wh_vs_that_with_gap_long_distance,True,False,False,False,622,-117.65615844726562,-110.12261962890625,0
Walter does remember who some girl that exits Harvard University concealed.,Walter does remember that some girl that exits Harvard University concealed.,syntax,filler_gap_dependency,wh_vs_that_with_gap_long_distance,True,False,False,False,623,-105.40544891357422,-101.6462631225586,0
Christopher learned who a boy that works with Anne fires.,Christopher learned that a boy that works with Anne fires.,syntax,filler_gap_dependency,wh_vs_that_with_gap_long_distance,True,False,False,False,624,-81.69737243652344,-76.23818969726562,0
Jennifer wouldn't know who a lot of girls that weren't fixing a lot of windows weren't escaping from.,Jennifer wouldn't know that a lot of girls that weren't fixing a lot of windows weren't escaping from.,syntax,filler_gap_dependency,wh_vs_that_with_gap_long_distance,True,False,False,False,625,-112.1688232421875,-107.25623321533203,0
James wasn't concealing what some customer that ate does conceal.,James wasn't concealing that some customer that ate does conceal.,syntax,filler_gap_dependency,wh_vs_that_with_gap_long_distance,True,False,False,False,626,-101.34043884277344,-97.08843231201172,0
Amelia was investigating what this student that wasn't hurting Irene is looking like.,Amelia was investigating that this student that wasn't hurting Irene is looking like.,syntax,filler_gap_dependency,wh_vs_that_with_gap_long_distance,True,False,False,False,627,-108.8004150390625,-105.84016418457031,0
Becky had realized what some pedestrian that can't answer drops by.,Becky had realized that some pedestrian that can't answer drops by.,syntax,filler_gap_dependency,wh_vs_that_with_gap_long_distance,True,False,False,False,628,-108.64686584472656,-103.95585632324219,0
The actress had investigated what all steps that fell resemble.,The actress had investigated that all steps that fell resemble.,syntax,filler_gap_dependency,wh_vs_that_with_gap_long_distance,True,False,False,False,629,-83.25233459472656,-77.96985626220703,0
Martin learns who that high school that vanishes scares.,Martin learns that that high school that vanishes scares.,syntax,filler_gap_dependency,wh_vs_that_with_gap_long_distance,True,False,False,False,630,-88.56340026855469,-82.51803588867188,0
Many guests remember what a lot of governments that can compete weren't admiring.,Many guests remember that a lot of governments that can compete weren't admiring.,syntax,filler_gap_dependency,wh_vs_that_with_gap_long_distance,True,False,False,False,631,-92.90690612792969,-88.94319152832031,0
Beverly wasn't concealing who every alumnus that isn't alarming that cashier talks to.,Beverly wasn't concealing that every alumnus that isn't alarming that cashier talks to.,syntax,filler_gap_dependency,wh_vs_that_with_gap_long_distance,True,False,False,False,632,-147.36273193359375,-140.29930114746094,0
Boys find out who these candles that wouldn't fade have scared.,Boys find out that these candles that wouldn't fade have scared.,syntax,filler_gap_dependency,wh_vs_that_with_gap_long_distance,True,False,False,False,633,-98.9416275024414,-93.64971923828125,0
Renee investigates who those governments that admire Teresa talk to.,Renee investigates that those governments that admire Teresa talk to.,syntax,filler_gap_dependency,wh_vs_that_with_gap_long_distance,True,False,False,False,634,-102.11373901367188,-97.10585021972656,0
Tiffany reveals who a lot of parentheses that are aggravating every pedestrian hadn't scared.,Tiffany reveals that a lot of parentheses that are aggravating every pedestrian hadn't scared.,syntax,filler_gap_dependency,wh_vs_that_with_gap_long_distance,True,False,False,False,635,-131.53179931640625,-124.87286376953125,0
Melanie wasn't realizing who a guy that eats is listening to.,Melanie wasn't realizing that a guy that eats is listening to.,syntax,filler_gap_dependency,wh_vs_that_with_gap_long_distance,True,False,False,False,636,-89.54696655273438,-83.6060791015625,0
Janet learned what some cashiers that disgusted Todd might lift.,Janet learned that some cashiers that disgusted Todd might lift.,syntax,filler_gap_dependency,wh_vs_that_with_gap_long_distance,True,False,False,False,637,-119.36833190917969,-116.14656829833984,0
Grace was investigating who a company that hasn't lied can argue about.,Grace was investigating that a company that hasn't lied can argue about.,syntax,filler_gap_dependency,wh_vs_that_with_gap_long_distance,True,False,False,False,638,-93.28523254394531,-86.3516845703125,0
Liam discovered what that senator that nodded talked about.,Liam discovered that that senator that nodded talked about.,syntax,filler_gap_dependency,wh_vs_that_with_gap_long_distance,True,False,False,False,639,-86.71125793457031,-81.580322265625,0
The dancers conceal who that lady that scared Sara wasn't listening to.,The dancers conceal that that lady that scared Sara wasn't listening to.,syntax,filler_gap_dependency,wh_vs_that_with_gap_long_distance,True,False,False,False,640,-105.52191162109375,-104.14652252197266,0
Sabrina does investigate who this documentary that is disagreeing disagrees with.,Sabrina does investigate that this documentary that is disagreeing disagrees with.,syntax,filler_gap_dependency,wh_vs_that_with_gap_long_distance,True,False,False,False,641,-108.41958618164062,-100.96549987792969,0
Becca knew who a lot of museums that had stunned Sabrina haven't worked with.,Becca knew that a lot of museums that had stunned Sabrina haven't worked with.,syntax,filler_gap_dependency,wh_vs_that_with_gap_long_distance,True,False,False,False,642,-115.62494659423828,-110.20093536376953,0
That university forgets who that adult that stretched hasn't sounded like.,That university forgets that that adult that stretched hasn't sounded like.,syntax,filler_gap_dependency,wh_vs_that_with_gap_long_distance,True,False,False,False,643,-103.2210464477539,-97.46127319335938,0
Kristin has learned who a lady that has discovered those lights is firing.,Kristin has learned that a lady that has discovered those lights is firing.,syntax,filler_gap_dependency,wh_vs_that_with_gap_long_distance,True,False,False,False,644,-96.27165222167969,-89.57513427734375,0
Regina forgets what many dancers that litter admire.,Regina forgets that many dancers that litter admire.,syntax,filler_gap_dependency,wh_vs_that_with_gap_long_distance,True,False,False,False,645,-87.83990478515625,-84.18431091308594,0
All people find out who this waiter that isn't cleaning all dresses admires.,All people find out that this waiter that isn't cleaning all dresses admires.,syntax,filler_gap_dependency,wh_vs_that_with_gap_long_distance,True,False,False,False,646,-108.25180053710938,-105.98524475097656,0
Teresa is investigating what some boy that cleaned most grocery stores is dropping by.,Teresa is investigating that some boy that cleaned most grocery stores is dropping by.,syntax,filler_gap_dependency,wh_vs_that_with_gap_long_distance,True,False,False,False,647,-108.23736572265625,-105.48423767089844,0
Candice is forgetting what some student that approaches Denise drives to.,Candice is forgetting that some student that approaches Denise drives to.,syntax,filler_gap_dependency,wh_vs_that_with_gap_long_distance,True,False,False,False,648,-106.28642272949219,-105.03843688964844,0
Stacy had investigated who the schools that benefited liked.,Stacy had investigated that the schools that benefited liked.,syntax,filler_gap_dependency,wh_vs_that_with_gap_long_distance,True,False,False,False,649,-91.79359436035156,-82.16494750976562,0
Paul had realized what a woman that hadn't yelled drove to.,Paul had realized that a woman that hadn't yelled drove to.,syntax,filler_gap_dependency,wh_vs_that_with_gap_long_distance,True,False,False,False,650,-85.49198913574219,-82.2708740234375,0
The girls investigated who that child that saw works with.,The girls investigated that that child that saw works with.,syntax,filler_gap_dependency,wh_vs_that_with_gap_long_distance,True,False,False,False,651,-78.20174407958984,-71.83213806152344,0
Susan figures out what some lady that lifted ice cream arrives at.,Susan figures out that some lady that lifted ice cream arrives at.,syntax,filler_gap_dependency,wh_vs_that_with_gap_long_distance,True,False,False,False,652,-94.15412902832031,-92.07792663574219,0
Dennis shouldn't find out who some man that had concurred isn't curing.,Dennis shouldn't find out that some man that had concurred isn't curing.,syntax,filler_gap_dependency,wh_vs_that_with_gap_long_distance,True,False,False,False,653,-108.94459533691406,-105.60738372802734,0
Maria isn't concealing who all guys that explain everything find.,Maria isn't concealing that all guys that explain everything find.,syntax,filler_gap_dependency,wh_vs_that_with_gap_long_distance,True,False,False,False,654,-93.38410949707031,-87.08042907714844,0
Galileo figured out who every teacher that was appearing talks to.,Galileo figured out that every teacher that was appearing talks to.,syntax,filler_gap_dependency,wh_vs_that_with_gap_long_distance,True,False,False,False,655,-110.13555908203125,-104.60952758789062,0
Kristin wasn't investigating what all cashiers that researched that essay have worn.,Kristin wasn't investigating that all cashiers that researched that essay have worn.,syntax,filler_gap_dependency,wh_vs_that_with_gap_long_distance,True,False,False,False,656,-122.00209045410156,-118.08983612060547,0
Lawrence knew who a waitress that talked about Charles cured.,Lawrence knew that a waitress that talked about Charles cured.,syntax,filler_gap_dependency,wh_vs_that_with_gap_long_distance,True,False,False,False,657,-92.58950805664062,-86.41325378417969,0
Claire hasn't discovered who some hospitals that corresponded boasted about.,Claire hasn't discovered that some hospitals that corresponded boasted about.,syntax,filler_gap_dependency,wh_vs_that_with_gap_long_distance,True,False,False,False,658,-101.21755981445312,-90.15787506103516,0
The boys learn what all girls that had disliked Stacey wear.,The boys learn that all girls that had disliked Stacey wear.,syntax,filler_gap_dependency,wh_vs_that_with_gap_long_distance,True,False,False,False,659,-88.47462463378906,-84.33268737792969,0
Many cashiers remember what some children that won't sneeze arrive at.,Many cashiers remember that some children that won't sneeze arrive at.,syntax,filler_gap_dependency,wh_vs_that_with_gap_long_distance,True,False,False,False,660,-118.07623291015625,-113.16642761230469,0
William figures out who a lot of governments that have clashed boast about.,William figures out that a lot of governments that have clashed boast about.,syntax,filler_gap_dependency,wh_vs_that_with_gap_long_distance,True,False,False,False,661,-95.35005187988281,-91.03365325927734,0
Children realize who some doctors that are descending a hill listen to.,Children realize that some doctors that are descending a hill listen to.,syntax,filler_gap_dependency,wh_vs_that_with_gap_long_distance,True,False,False,False,662,-94.91102600097656,-88.48353576660156,0
Denise wasn't discovering who the patients that were practicing disagree with.,Denise wasn't discovering that the patients that were practicing disagree with.,syntax,filler_gap_dependency,wh_vs_that_with_gap_long_distance,True,False,False,False,663,-92.71465301513672,-86.0245361328125,0
Bethany investigated who all rivers that did fall scare.,Bethany investigated that all rivers that did fall scare.,syntax,filler_gap_dependency,wh_vs_that_with_gap_long_distance,True,False,False,False,664,-106.13726806640625,-94.07371520996094,0
Martha investigates who the boy that isn't falling asleep hasn't listened to.,Martha investigates that the boy that isn't falling asleep hasn't listened to.,syntax,filler_gap_dependency,wh_vs_that_with_gap_long_distance,True,False,False,False,665,-108.29269409179688,-102.77873229980469,0
Roger investigates who a dancer that discovers the mountain hadn't cured.,Roger investigates that a dancer that discovers the mountain hadn't cured.,syntax,filler_gap_dependency,wh_vs_that_with_gap_long_distance,True,False,False,False,666,-97.15486907958984,-91.31229400634766,0
A lot of drivers know what a dancer that watches Meredith isn't going to.,A lot of drivers know that a dancer that watches Meredith isn't going to.,syntax,filler_gap_dependency,wh_vs_that_with_gap_long_distance,True,False,False,False,667,-96.05535125732422,-94.58141326904297,0
Michael wasn't learning who spinach that confused Becky scares.,Michael wasn't learning that spinach that confused Becky scares.,syntax,filler_gap_dependency,wh_vs_that_with_gap_long_distance,True,False,False,False,668,-91.7747802734375,-87.0569839477539,0
Judy remembers who some lady that hasn't climbed down some hills isn't arguing about.,Judy remembers that some lady that hasn't climbed down some hills isn't arguing about.,syntax,filler_gap_dependency,wh_vs_that_with_gap_long_distance,True,False,False,False,669,-119.46204376220703,-116.3096923828125,0
Donna wasn't figuring out what most dancers that struggle liked.,Donna wasn't figuring out that most dancers that struggle liked.,syntax,filler_gap_dependency,wh_vs_that_with_gap_long_distance,True,False,False,False,670,-86.16240692138672,-86.76670837402344,1
Michael wouldn't find out who this offspring that talks about Spain hasn't escaped from.,Michael wouldn't find out that this offspring that talks about Spain hasn't escaped from.,syntax,filler_gap_dependency,wh_vs_that_with_gap_long_distance,True,False,False,False,671,-101.49618530273438,-97.21456909179688,0
Gregory investigated who most companies that worked with Ella wouldn't dislike.,Gregory investigated that most companies that worked with Ella wouldn't dislike.,syntax,filler_gap_dependency,wh_vs_that_with_gap_long_distance,True,False,False,False,672,-112.96693420410156,-106.81721496582031,0
Those teachers might figure out who some pedestrians that fall are arguing about.,Those teachers might figure out that some pedestrians that fall are arguing about.,syntax,filler_gap_dependency,wh_vs_that_with_gap_long_distance,True,False,False,False,673,-93.98857116699219,-91.86341857910156,0
Becky is investigating who a waiter that had painted returned to.,Becky is investigating that a waiter that had painted returned to.,syntax,filler_gap_dependency,wh_vs_that_with_gap_long_distance,True,False,False,False,674,-102.19136047363281,-94.9533920288086,0
Kevin is remembering what those boys that scratch shouldn't go to.,Kevin is remembering that those boys that scratch shouldn't go to.,syntax,filler_gap_dependency,wh_vs_that_with_gap_long_distance,True,False,False,False,675,-83.09498596191406,-81.77290344238281,0
A lot of cashiers investigated who all offspring that exercised hadn't referenced.,A lot of cashiers investigated that all offspring that exercised hadn't referenced.,syntax,filler_gap_dependency,wh_vs_that_with_gap_long_distance,True,False,False,False,676,-114.73685455322266,-107.50431823730469,0
Emily discovers what some legislature that would alarm Florence referenced.,Emily discovers that some legislature that would alarm Florence referenced.,syntax,filler_gap_dependency,wh_vs_that_with_gap_long_distance,True,False,False,False,677,-106.46670532226562,-101.47868347167969,0
Companies do conceal what these customers that compete walk through.,Companies do conceal that these customers that compete walk through.,syntax,filler_gap_dependency,wh_vs_that_with_gap_long_distance,True,False,False,False,678,-85.17056274414062,-83.49067687988281,0
Vanessa investigated who those adults that murmur listen to.,Vanessa investigated that those adults that murmur listen to.,syntax,filler_gap_dependency,wh_vs_that_with_gap_long_distance,True,False,False,False,679,-99.3750991821289,-91.04891204833984,0
Elizabeth is revealing who the alumni that had climbed down the hills disagree with.,Elizabeth is revealing that the alumni that had climbed down the hills disagree with.,syntax,filler_gap_dependency,wh_vs_that_with_gap_long_distance,True,False,False,False,680,-97.27539825439453,-91.85700988769531,0
The Impressionists remember who every cat that isn't climbing down those stairs was finding.,The Impressionists remember that every cat that isn't climbing down those stairs was finding.,syntax,filler_gap_dependency,wh_vs_that_with_gap_long_distance,True,False,False,False,681,-125.5777587890625,-116.08718872070312,0
Colleen knew what the actress that scares Dan was walking through.,Colleen knew that the actress that scares Dan was walking through.,syntax,filler_gap_dependency,wh_vs_that_with_gap_long_distance,True,False,False,False,682,-87.38284301757812,-83.22987365722656,0
Those actors remember what that drawing that was hurting Andrew looks like.,Those actors remember that that drawing that was hurting Andrew looks like.,syntax,filler_gap_dependency,wh_vs_that_with_gap_long_distance,True,False,False,False,683,-95.88212585449219,-94.61931610107422,0
These organizations revealed who the octopus that hides finds.,These organizations revealed that the octopus that hides finds.,syntax,filler_gap_dependency,wh_vs_that_with_gap_long_distance,True,False,False,False,684,-84.00838470458984,-72.94054412841797,0
Melanie realized who many adults that hadn't upset Donna escaped from.,Melanie realized that many adults that hadn't upset Donna escaped from.,syntax,filler_gap_dependency,wh_vs_that_with_gap_long_distance,True,False,False,False,685,-110.26950073242188,-102.28092956542969,0
All boys reveal who those people that answered dislike.,All boys reveal that those people that answered dislike.,syntax,filler_gap_dependency,wh_vs_that_with_gap_long_distance,True,False,False,False,686,-73.44721984863281,-68.2527847290039,0
April wasn't realizing what every library that benefited dislikes.,April wasn't realizing that every library that benefited dislikes.,syntax,filler_gap_dependency,wh_vs_that_with_gap_long_distance,True,False,False,False,687,-90.43557739257812,-84.1163330078125,0
Theodore isn't concealing who every boy that had fired Jacqueline had concealed.,Theodore isn't concealing that every boy that had fired Jacqueline had concealed.,syntax,filler_gap_dependency,wh_vs_that_with_gap_long_distance,True,False,False,False,688,-121.03592681884766,-111.43009948730469,0
Rhonda reveals what most prints that fall looked like.,Rhonda reveals that most prints that fall looked like.,syntax,filler_gap_dependency,wh_vs_that_with_gap_long_distance,True,False,False,False,689,-79.28636932373047,-76.80937194824219,0
Margaret hasn't found out who all photographs that stunned Natalie looked like.,Margaret hasn't found out that all photographs that stunned Natalie looked like.,syntax,filler_gap_dependency,wh_vs_that_with_gap_long_distance,True,False,False,False,690,-96.73026275634766,-91.43865966796875,0
Companies conceal who a waitress that is telephoning hadn't cared for.,Companies conceal that a waitress that is telephoning hadn't cared for.,syntax,filler_gap_dependency,wh_vs_that_with_gap_long_distance,True,False,False,False,691,-105.08490753173828,-100.13021850585938,0
People know what those alumni that weren't nodding weren't examining.,People know that those alumni that weren't nodding weren't examining.,syntax,filler_gap_dependency,wh_vs_that_with_gap_long_distance,True,False,False,False,692,-83.19639587402344,-80.8253402709961,0
That adult was discovering what this man that discovered the box goes to.,That adult was discovering that this man that discovered the box goes to.,syntax,filler_gap_dependency,wh_vs_that_with_gap_long_distance,True,False,False,False,693,-89.80304718017578,-86.25328063964844,0
Dawn didn't know what all sketches that vanish look like.,Dawn didn't know that all sketches that vanish look like.,syntax,filler_gap_dependency,wh_vs_that_with_gap_long_distance,True,False,False,False,694,-75.57524871826172,-73.87014770507812,0
The doctor didn't find out what some child that departs lifts.,The doctor didn't find out that some child that departs lifts.,syntax,filler_gap_dependency,wh_vs_that_with_gap_long_distance,True,False,False,False,695,-80.9503173828125,-78.35844421386719,0
Sonia realizes who this child that might spin around had sounded like.,Sonia realizes that this child that might spin around had sounded like.,syntax,filler_gap_dependency,wh_vs_that_with_gap_long_distance,True,False,False,False,696,-104.1504135131836,-92.5833511352539,0
Peter couldn't figure out what those schools that clashed can't resemble.,Peter couldn't figure out that those schools that clashed can't resemble.,syntax,filler_gap_dependency,wh_vs_that_with_gap_long_distance,True,False,False,False,697,-86.95921325683594,-85.69883728027344,0
Katherine discovered what most students that will stand up resemble.,Katherine discovered that most students that will stand up resemble.,syntax,filler_gap_dependency,wh_vs_that_with_gap_long_distance,True,False,False,False,698,-83.9068832397461,-77.90953063964844,0
Teresa isn't figuring out who some alumnus that argued is admiring.,Teresa isn't figuring out that some alumnus that argued is admiring.,syntax,filler_gap_dependency,wh_vs_that_with_gap_long_distance,True,False,False,False,699,-101.34321594238281,-100.24327087402344,0
Libraries can reveal who those hospitals that can bore Stacy might talk about.,Libraries can reveal that those hospitals that can bore Stacy might talk about.,syntax,filler_gap_dependency,wh_vs_that_with_gap_long_distance,True,False,False,False,700,-107.89347076416016,-102.69512939453125,0
Those women remember who that customer that vanished isn't escaping from.,Those women remember that that customer that vanished isn't escaping from.,syntax,filler_gap_dependency,wh_vs_that_with_gap_long_distance,True,False,False,False,701,-91.7936019897461,-87.92127227783203,0
The schools forget who most offspring that should clean many carriages cure.,The schools forget that most offspring that should clean many carriages cure.,syntax,filler_gap_dependency,wh_vs_that_with_gap_long_distance,True,False,False,False,702,-107.19966888427734,-101.47148895263672,0
Brad knows who that dancer that won't suffer boasted about.,Brad knows that that dancer that won't suffer boasted about.,syntax,filler_gap_dependency,wh_vs_that_with_gap_long_distance,True,False,False,False,703,-89.33201599121094,-84.63667297363281,0
Bradley figures out who some guest that wasn't muttering won't work with.,Bradley figures out that some guest that wasn't muttering won't work with.,syntax,filler_gap_dependency,wh_vs_that_with_gap_long_distance,True,False,False,False,704,-106.68399047851562,-102.77220153808594,0
Carl has known what guys that won't attack Florence don't arrive at.,Carl has known that guys that won't attack Florence don't arrive at.,syntax,filler_gap_dependency,wh_vs_that_with_gap_long_distance,True,False,False,False,705,-99.66288757324219,-96.42823791503906,0
Wayne realized who children that are aggravating Meredith aren't talking to.,Wayne realized that children that are aggravating Meredith aren't talking to.,syntax,filler_gap_dependency,wh_vs_that_with_gap_long_distance,True,False,False,False,706,-111.52056884765625,-102.62994384765625,0
Andrea did forget who the committee that hasn't admired a lot of tomatoes can argue about.,Andrea did forget that the committee that hasn't admired a lot of tomatoes can argue about.,syntax,filler_gap_dependency,wh_vs_that_with_gap_long_distance,True,False,False,False,707,-121.93162536621094,-115.89555358886719,0
Many associations find out what the person that fixes most planes had walked through.,Many associations find out that the person that fixes most planes had walked through.,syntax,filler_gap_dependency,wh_vs_that_with_gap_long_distance,True,False,False,False,708,-101.39725494384766,-102.01555633544922,1
Michael could investigate what that waitress that did hire Douglas can't conceal.,Michael could investigate that that waitress that did hire Douglas can't conceal.,syntax,filler_gap_dependency,wh_vs_that_with_gap_long_distance,True,False,False,False,709,-108.69476318359375,-106.3199691772461,0
Most governments have figured out what most boxes that didn't fling open resemble.,Most governments have figured out that most boxes that didn't fling open resemble.,syntax,filler_gap_dependency,wh_vs_that_with_gap_long_distance,True,False,False,False,710,-107.995361328125,-107.04701232910156,0
Beth discovered who all offspring that profit cure.,Beth discovered that all offspring that profit cure.,syntax,filler_gap_dependency,wh_vs_that_with_gap_long_distance,True,False,False,False,711,-84.01969909667969,-76.80226135253906,0
These committees investigate who a lot of adults that respond do care for.,These committees investigate that a lot of adults that respond do care for.,syntax,filler_gap_dependency,wh_vs_that_with_gap_long_distance,True,False,False,False,712,-91.18302154541016,-84.23312377929688,0
Suzanne is discovering what those public parks that aggravated Bradley are looking like.,Suzanne is discovering that those public parks that aggravated Bradley are looking like.,syntax,filler_gap_dependency,wh_vs_that_with_gap_long_distance,True,False,False,False,713,-114.43336486816406,-111.51106262207031,0
Omar found out who every movie that isn't disagreeing hasn't sounded like.,Omar found out that every movie that isn't disagreeing hasn't sounded like.,syntax,filler_gap_dependency,wh_vs_that_with_gap_long_distance,True,False,False,False,714,-112.17069244384766,-104.35249328613281,0
Associations find out what a lot of men that are sighing shouldn't wear.,Associations find out that a lot of men that are sighing shouldn't wear.,syntax,filler_gap_dependency,wh_vs_that_with_gap_long_distance,True,False,False,False,715,-95.96890258789062,-96.8095474243164,1
Amy hadn't forgotten who that bank that wasn't clashing won't listen to.,Amy hadn't forgotten that that bank that wasn't clashing won't listen to.,syntax,filler_gap_dependency,wh_vs_that_with_gap_long_distance,True,False,False,False,716,-106.86099243164062,-101.10447692871094,0
Women reveal what some senators that did perform went to.,Women reveal that some senators that did perform went to.,syntax,filler_gap_dependency,wh_vs_that_with_gap_long_distance,True,False,False,False,717,-83.73188781738281,-80.13241577148438,0
Judy is finding out what the adult that hadn't shouted dropped by.,Judy is finding out that the adult that hadn't shouted dropped by.,syntax,filler_gap_dependency,wh_vs_that_with_gap_long_distance,True,False,False,False,718,-97.53450012207031,-98.58747100830078,1
A lot of teenagers forget who these customers that broke some computers are working with.,A lot of teenagers forget that these customers that broke some computers are working with.,syntax,filler_gap_dependency,wh_vs_that_with_gap_long_distance,True,False,False,False,719,-96.0233154296875,-89.97227478027344,0
Some customers know what this lady that should mutter wouldn't wear.,Some customers know that this lady that should mutter wouldn't wear.,syntax,filler_gap_dependency,wh_vs_that_with_gap_long_distance,True,False,False,False,720,-85.116943359375,-83.97288513183594,0
Most companies remember what prints that are bothering those banks look like.,Most companies remember that prints that are bothering those banks look like.,syntax,filler_gap_dependency,wh_vs_that_with_gap_long_distance,True,False,False,False,721,-84.34707641601562,-82.73770141601562,0
Connie conceals what a lot of ladies that would hire Tina had driven to.,Connie conceals that a lot of ladies that would hire Tina had driven to.,syntax,filler_gap_dependency,wh_vs_that_with_gap_long_distance,True,False,False,False,722,-116.63296508789062,-113.82933044433594,0
Julie investigates who these customers that were passing the college campus haven't disagreed with.,Julie investigates that these customers that were passing the college campus haven't disagreed with.,syntax,filler_gap_dependency,wh_vs_that_with_gap_long_distance,True,False,False,False,723,-116.5355224609375,-111.45433807373047,0
Rebecca isn't concealing what rice that can't disappear looks like.,Rebecca isn't concealing that rice that can't disappear looks like.,syntax,filler_gap_dependency,wh_vs_that_with_gap_long_distance,True,False,False,False,724,-99.19429016113281,-97.60223388671875,0
Many teenagers discovered who the actress that hadn't sat down doesn't flee from.,Many teenagers discovered that the actress that hadn't sat down doesn't flee from.,syntax,filler_gap_dependency,wh_vs_that_with_gap_long_distance,True,False,False,False,725,-102.76211547851562,-94.66632080078125,0
Most museums learn who all patients that concealed a book boast about.,Most museums learn that all patients that concealed a book boast about.,syntax,filler_gap_dependency,wh_vs_that_with_gap_long_distance,True,False,False,False,726,-99.42435455322266,-97.21817016601562,0
Natalie figures out what this brochure that is annoying Vanessa looks like.,Natalie figures out that this brochure that is annoying Vanessa looks like.,syntax,filler_gap_dependency,wh_vs_that_with_gap_long_distance,True,False,False,False,727,-97.55726623535156,-94.42597961425781,0
Alexander knew who a lot of teenagers that disagreed dislike.,Alexander knew that a lot of teenagers that disagreed dislike.,syntax,filler_gap_dependency,wh_vs_that_with_gap_long_distance,True,False,False,False,728,-81.32666778564453,-75.68595886230469,0
Patrick wasn't forgetting what most boys that can talk about Michael go to.,Patrick wasn't forgetting that most boys that can talk about Michael go to.,syntax,filler_gap_dependency,wh_vs_that_with_gap_long_distance,True,False,False,False,729,-97.93698120117188,-96.275634765625,0
The guy has revealed who every waiter that had practiced talks about.,The guy has revealed that every waiter that had practiced talks about.,syntax,filler_gap_dependency,wh_vs_that_with_gap_long_distance,True,False,False,False,730,-82.33187866210938,-73.18269348144531,0
Peter figured out what most senators that hunted drive to.,Peter figured out that most senators that hunted drive to.,syntax,filler_gap_dependency,wh_vs_that_with_gap_long_distance,True,False,False,False,731,-86.15913391113281,-81.98782348632812,0
Gregory discovered what all customers that will argue about Sonia did go to.,Gregory discovered that all customers that will argue about Sonia did go to.,syntax,filler_gap_dependency,wh_vs_that_with_gap_long_distance,True,False,False,False,732,-107.47526550292969,-102.83987426757812,0
Some women reveal who the boy that hadn't yelled cures.,Some women reveal that the boy that hadn't yelled cures.,syntax,filler_gap_dependency,wh_vs_that_with_gap_long_distance,True,False,False,False,733,-84.80271911621094,-80.87486267089844,0
All children reveal what cashiers that haven't hugged drive to.,All children reveal that cashiers that haven't hugged drive to.,syntax,filler_gap_dependency,wh_vs_that_with_gap_long_distance,True,False,False,False,734,-96.91893005371094,-94.57916259765625,0
Curtis wouldn't forget what these prints that disturbed Barbara were looking like.,Curtis wouldn't forget that these prints that disturbed Barbara were looking like.,syntax,filler_gap_dependency,wh_vs_that_with_gap_long_distance,True,False,False,False,735,-107.93770599365234,-107.0443115234375,0
Marcus knows what the alumnus that had worn a scarf biked to.,Marcus knows that the alumnus that had worn a scarf biked to.,syntax,filler_gap_dependency,wh_vs_that_with_gap_long_distance,True,False,False,False,736,-96.02603149414062,-96.08515930175781,1
Tiffany knows who every man that exited the cafe talked about.,Tiffany knows that every man that exited the cafe talked about.,syntax,filler_gap_dependency,wh_vs_that_with_gap_long_distance,True,False,False,False,737,-95.47915649414062,-89.91691589355469,0
Schools remember who some universities that weren't concealing Robert talk to.,Schools remember that some universities that weren't concealing Robert talk to.,syntax,filler_gap_dependency,wh_vs_that_with_gap_long_distance,True,False,False,False,738,-111.02044677734375,-103.94192504882812,0
Most adults are discovering who an offspring that could disappear is talking about.,Most adults are discovering that an offspring that could disappear is talking about.,syntax,filler_gap_dependency,wh_vs_that_with_gap_long_distance,True,False,False,False,739,-85.65081787109375,-80.34778594970703,0
Aaron is remembering who some men that would cure Noah escaped from.,Aaron is remembering that some men that would cure Noah escaped from.,syntax,filler_gap_dependency,wh_vs_that_with_gap_long_distance,True,False,False,False,740,-96.88330078125,-89.57254028320312,0
Organizations remember who those teachers that distract senators had disliked.,Organizations remember that those teachers that distract senators had disliked.,syntax,filler_gap_dependency,wh_vs_that_with_gap_long_distance,True,False,False,False,741,-94.78012084960938,-87.65469360351562,0
Edward will remember who the banks that were criticizing Sherry reference.,Edward will remember that the banks that were criticizing Sherry reference.,syntax,filler_gap_dependency,wh_vs_that_with_gap_long_distance,True,False,False,False,742,-97.47692108154297,-92.1973876953125,0
Danielle figures out who some student that won't compromise returns to.,Danielle figures out that some student that won't compromise returns to.,syntax,filler_gap_dependency,wh_vs_that_with_gap_long_distance,True,False,False,False,743,-99.17774963378906,-95.6748046875,0
Teachers investigate who those actresses that haven't lied revealed.,Teachers investigate that those actresses that haven't lied revealed.,syntax,filler_gap_dependency,wh_vs_that_with_gap_long_distance,True,False,False,False,744,-96.03680419921875,-88.10752868652344,0
Dancers remember what a box that could scare those actors resembled.,Dancers remember that a box that could scare those actors resembled.,syntax,filler_gap_dependency,wh_vs_that_with_gap_long_distance,True,False,False,False,745,-94.42108917236328,-90.98045349121094,0
Julie would learn who most guys that didn't change could disagree with.,Julie would learn that most guys that didn't change could disagree with.,syntax,filler_gap_dependency,wh_vs_that_with_gap_long_distance,True,False,False,False,746,-92.88783264160156,-87.47323608398438,0
Gregory is figuring out what this teenager that fled from Erin walks through.,Gregory is figuring out that this teenager that fled from Erin walks through.,syntax,filler_gap_dependency,wh_vs_that_with_gap_long_distance,True,False,False,False,747,-102.65209197998047,-104.32659149169922,1
All universities haven't remembered what a lot of doctors that did tour a school are concealing.,All universities haven't remembered that a lot of doctors that did tour a school are concealing.,syntax,filler_gap_dependency,wh_vs_that_with_gap_long_distance,True,False,False,False,748,-112.78194427490234,-110.32367706298828,0
Anne investigates what dancers that aren't coping were going to.,Anne investigates that dancers that aren't coping were going to.,syntax,filler_gap_dependency,wh_vs_that_with_gap_long_distance,True,False,False,False,749,-81.80841064453125,-81.30056762695312,0
These governments aren't revealing what all drivers that hug Jacqueline haven't biked to.,These governments aren't revealing that all drivers that hug Jacqueline haven't biked to.,syntax,filler_gap_dependency,wh_vs_that_with_gap_long_distance,True,False,False,False,750,-126.88917541503906,-123.66493225097656,0
The Clintons know who most dancers that responded argued about.,The Clintons know that most dancers that responded argued about.,syntax,filler_gap_dependency,wh_vs_that_with_gap_long_distance,True,False,False,False,751,-90.70794677734375,-85.91566467285156,0
Most hospitals aren't forgetting who most cashiers that could approve escape from.,Most hospitals aren't forgetting that most cashiers that could approve escape from.,syntax,filler_gap_dependency,wh_vs_that_with_gap_long_distance,True,False,False,False,752,-101.06122589111328,-95.37313842773438,0
Martha figures out who some pedestrian that returns to a lot of lakes is arguing about.,Martha figures out that some pedestrian that returns to a lot of lakes is arguing about.,syntax,filler_gap_dependency,wh_vs_that_with_gap_long_distance,True,False,False,False,753,-124.10968017578125,-119.5683364868164,0
Renee hadn't revealed who a student that might speak up could conceal.,Renee hadn't revealed that a student that might speak up could conceal.,syntax,filler_gap_dependency,wh_vs_that_with_gap_long_distance,True,False,False,False,754,-103.19003295898438,-95.30550384521484,0
Irene wasn't investigating who every dancer that hadn't explored some public park talks to.,Irene wasn't investigating that every dancer that hadn't explored some public park talks to.,syntax,filler_gap_dependency,wh_vs_that_with_gap_long_distance,True,False,False,False,755,-134.6788330078125,-126.80880737304688,0
Many senators discover who most men that wouldn't appreciate Amanda had fled from.,Many senators discover that most men that wouldn't appreciate Amanda had fled from.,syntax,filler_gap_dependency,wh_vs_that_with_gap_long_distance,True,False,False,False,756,-113.23060607910156,-107.00965881347656,0
Gregory had figured out what these actresses that watched Brian don't lift.,Gregory had figured out that these actresses that watched Brian don't lift.,syntax,filler_gap_dependency,wh_vs_that_with_gap_long_distance,True,False,False,False,757,-108.97479248046875,-107.01437377929688,0
That school investigated who a person that forgets Donna respected.,That school investigated that a person that forgets Donna respected.,syntax,filler_gap_dependency,wh_vs_that_with_gap_long_distance,True,False,False,False,758,-90.90998077392578,-82.94325256347656,0
Robert will discover what offspring that react concealed.,Robert will discover that offspring that react concealed.,syntax,filler_gap_dependency,wh_vs_that_with_gap_long_distance,True,False,False,False,759,-76.83733367919922,-73.79057312011719,0
These waiters realize who a dancer that cried cures.,These waiters realize that a dancer that cried cures.,syntax,filler_gap_dependency,wh_vs_that_with_gap_long_distance,True,False,False,False,760,-88.55514526367188,-80.67412567138672,0
This government figured out what the man that goes fishing wasn't driving to.,This government figured out that the man that goes fishing wasn't driving to.,syntax,filler_gap_dependency,wh_vs_that_with_gap_long_distance,True,False,False,False,761,-88.10128784179688,-86.5196533203125,0
Jane knew who the customer that can't examine the commentaries references.,Jane knew that the customer that can't examine the commentaries references.,syntax,filler_gap_dependency,wh_vs_that_with_gap_long_distance,True,False,False,False,762,-91.74210357666016,-86.67774200439453,0
That association remembers who the legislatures that can't aggravate Thomas couldn't boast about.,That association remembers that the legislatures that can't aggravate Thomas couldn't boast about.,syntax,filler_gap_dependency,wh_vs_that_with_gap_long_distance,True,False,False,False,763,-123.1254653930664,-119.8764419555664,0
The hospitals find out who a lot of pamphlets that didn't impress Steven haven't disagreed with.,The hospitals find out that a lot of pamphlets that didn't impress Steven haven't disagreed with.,syntax,filler_gap_dependency,wh_vs_that_with_gap_long_distance,True,False,False,False,764,-122.21891784667969,-119.09552001953125,0
The Borgias reveal who this teenager that hadn't discussed Alexander complained about.,The Borgias reveal that this teenager that hadn't discussed Alexander complained about.,syntax,filler_gap_dependency,wh_vs_that_with_gap_long_distance,True,False,False,False,765,-112.27696228027344,-105.67086791992188,0
Mitchell had discovered who an analysis that annoyed Elizabeth sounded like.,Mitchell had discovered that an analysis that annoyed Elizabeth sounded like.,syntax,filler_gap_dependency,wh_vs_that_with_gap_long_distance,True,False,False,False,766,-101.0014877319336,-94.46479034423828,0
This university concealed what every waiter that might suffer wasn't lifting.,This university concealed that every waiter that might suffer wasn't lifting.,syntax,filler_gap_dependency,wh_vs_that_with_gap_long_distance,True,False,False,False,767,-106.83830261230469,-104.54803466796875,0
The Impressionists investigate what a lot of dishes that were vanishing aren't looking like.,The Impressionists investigate that a lot of dishes that were vanishing aren't looking like.,syntax,filler_gap_dependency,wh_vs_that_with_gap_long_distance,True,False,False,False,768,-105.40396118164062,-103.34747314453125,0
Diana conceals who this actress that talked fled from.,Diana conceals that this actress that talked fled from.,syntax,filler_gap_dependency,wh_vs_that_with_gap_long_distance,True,False,False,False,769,-99.95893859863281,-94.95945739746094,0
Laura can't conceal what most offspring that approve don't drop by.,Laura can't conceal that most offspring that approve don't drop by.,syntax,filler_gap_dependency,wh_vs_that_with_gap_long_distance,True,False,False,False,770,-99.23881530761719,-96.36654663085938,0
Nancy learned who some customer that skated around a lot of lakes cared for.,Nancy learned that some customer that skated around a lot of lakes cared for.,syntax,filler_gap_dependency,wh_vs_that_with_gap_long_distance,True,False,False,False,771,-114.01203155517578,-105.50160217285156,0
Karla hasn't revealed who some woman that is bothering some library is listening to.,Karla hasn't revealed that some woman that is bothering some library is listening to.,syntax,filler_gap_dependency,wh_vs_that_with_gap_long_distance,True,False,False,False,772,-118.06007385253906,-108.4410171508789,0
Jill forgot who every truck that hurt Patricia scares.,Jill forgot that every truck that hurt Patricia scares.,syntax,filler_gap_dependency,wh_vs_that_with_gap_long_distance,True,False,False,False,773,-91.98672485351562,-84.52772521972656,0
Most actors conceal who the library that hasn't worked hard wasn't arguing about.,Most actors conceal that the library that hasn't worked hard wasn't arguing about.,syntax,filler_gap_dependency,wh_vs_that_with_gap_long_distance,True,False,False,False,774,-102.85614776611328,-98.97755432128906,0
The lady figures out who some museum that disturbs Alan hasn't listened to.,The lady figures out that some museum that disturbs Alan hasn't listened to.,syntax,filler_gap_dependency,wh_vs_that_with_gap_long_distance,True,False,False,False,775,-106.27445220947266,-102.83373260498047,0
Walter investigates what adults that conspire drive to.,Walter investigates that adults that conspire drive to.,syntax,filler_gap_dependency,wh_vs_that_with_gap_long_distance,True,False,False,False,776,-86.65204620361328,-84.69232940673828,0
Kendra conceals what a picture that hadn't confused Martin isn't looking like.,Kendra conceals that a picture that hadn't confused Martin isn't looking like.,syntax,filler_gap_dependency,wh_vs_that_with_gap_long_distance,True,False,False,False,777,-116.34690856933594,-114.81747436523438,0
Theodore had remembered what some pedestrians that have explored this grocery store wear.,Theodore had remembered that some pedestrians that have explored this grocery store wear.,syntax,filler_gap_dependency,wh_vs_that_with_gap_long_distance,True,False,False,False,778,-105.76266479492188,-102.22055053710938,0
David investigated what a child that studied hadn't dropped by.,David investigated that a child that studied hadn't dropped by.,syntax,filler_gap_dependency,wh_vs_that_with_gap_long_distance,True,False,False,False,779,-84.49656677246094,-81.80738830566406,0
Rose was concealing what those photographs that hadn't distracted Kenneth didn't look like.,Rose was concealing that those photographs that hadn't distracted Kenneth didn't look like.,syntax,filler_gap_dependency,wh_vs_that_with_gap_long_distance,True,False,False,False,780,-118.70669555664062,-115.3525390625,0
Stacey learned who most adults that were dying didn't reference.,Stacey learned that most adults that were dying didn't reference.,syntax,filler_gap_dependency,wh_vs_that_with_gap_long_distance,True,False,False,False,781,-89.63056182861328,-82.56900787353516,0
The waitress remembered what many guys that were leaving those people would conceal.,The waitress remembered that many guys that were leaving those people would conceal.,syntax,filler_gap_dependency,wh_vs_that_with_gap_long_distance,True,False,False,False,782,-91.11561584472656,-89.28096771240234,0
Angela had found out who this doctor that sneezes couldn't reference.,Angela had found out that this doctor that sneezes couldn't reference.,syntax,filler_gap_dependency,wh_vs_that_with_gap_long_distance,True,False,False,False,783,-113.3338623046875,-105.68943786621094,0
This man doesn't investigate who many guests that aren't compromising admire.,This man doesn't investigate that many guests that aren't compromising admire.,syntax,filler_gap_dependency,wh_vs_that_with_gap_long_distance,True,False,False,False,784,-88.34519958496094,-82.80631256103516,0
Donald remembered what many actors that admired those computers arrive at.,Donald remembered that many actors that admired those computers arrive at.,syntax,filler_gap_dependency,wh_vs_that_with_gap_long_distance,True,False,False,False,785,-96.18434143066406,-93.27625274658203,0
Michael investigated who this student that could wash will argue about.,Michael investigated that this student that could wash will argue about.,syntax,filler_gap_dependency,wh_vs_that_with_gap_long_distance,True,False,False,False,786,-94.36740112304688,-86.27227783203125,0
The actress learns who the waiters that should joke around cared for.,The actress learns that the waiters that should joke around cared for.,syntax,filler_gap_dependency,wh_vs_that_with_gap_long_distance,True,False,False,False,787,-97.79486846923828,-91.7864761352539,0
That patient didn't remember who a lot of dancers that escape conceal.,That patient didn't remember that a lot of dancers that escape conceal.,syntax,filler_gap_dependency,wh_vs_that_with_gap_long_distance,True,False,False,False,788,-88.64600372314453,-83.46629333496094,0
Angela realized who most offspring that break most couches had talked about.,Angela realized that most offspring that break most couches had talked about.,syntax,filler_gap_dependency,wh_vs_that_with_gap_long_distance,True,False,False,False,789,-114.85429382324219,-107.80416870117188,0
Melanie shouldn't figure out who that doctor that was leaving Anne is complaining about.,Melanie shouldn't figure out that that doctor that was leaving Anne is complaining about.,syntax,filler_gap_dependency,wh_vs_that_with_gap_long_distance,True,False,False,False,790,-114.32215118408203,-111.41968536376953,0
Joel knew who the university that responds dislikes.,Joel knew that the university that responds dislikes.,syntax,filler_gap_dependency,wh_vs_that_with_gap_long_distance,True,False,False,False,791,-81.98237609863281,-75.60733795166016,0
Mitchell won't conceal what every guest that doesn't wake up resembles.,Mitchell won't conceal that every guest that doesn't wake up resembles.,syntax,filler_gap_dependency,wh_vs_that_with_gap_long_distance,True,False,False,False,792,-104.0630874633789,-102.03659057617188,0
Committees don't learn who the patients that hated Pamela have returned to.,Committees don't learn that the patients that hated Pamela have returned to.,syntax,filler_gap_dependency,wh_vs_that_with_gap_long_distance,True,False,False,False,793,-101.74160766601562,-97.62361145019531,0
Regina is concealing what some doctor that hadn't escaped from Tanya goes to.,Regina is concealing that some doctor that hadn't escaped from Tanya goes to.,syntax,filler_gap_dependency,wh_vs_that_with_gap_long_distance,True,False,False,False,794,-118.78399658203125,-111.73631286621094,0
Stephanie isn't realizing who that woman that had written complains about.,Stephanie isn't realizing that that woman that had written complains about.,syntax,filler_gap_dependency,wh_vs_that_with_gap_long_distance,True,False,False,False,795,-110.97865295410156,-106.33251953125,0
A lot of governments have concealed who many schools that helped some teacher had fired.,A lot of governments have concealed that many schools that helped some teacher had fired.,syntax,filler_gap_dependency,wh_vs_that_with_gap_long_distance,True,False,False,False,796,-106.4187240600586,-99.35611724853516,0
Suzanne figures out who the child that questions the Borgias hasn't talked to.,Suzanne figures out that the child that questions the Borgias hasn't talked to.,syntax,filler_gap_dependency,wh_vs_that_with_gap_long_distance,True,False,False,False,797,-116.6839599609375,-110.94715118408203,0
Ladies find out what most pedestrians that weren't coping hadn't examined.,Ladies find out that most pedestrians that weren't coping hadn't examined.,syntax,filler_gap_dependency,wh_vs_that_with_gap_long_distance,True,False,False,False,798,-102.1138916015625,-99.71652221679688,0
Every pedestrian wasn't discovering who a lot of girls that weren't divorcing talked to.,Every pedestrian wasn't discovering that a lot of girls that weren't divorcing talked to.,syntax,filler_gap_dependency,wh_vs_that_with_gap_long_distance,True,False,False,False,799,-108.14707946777344,-103.11029815673828,0
Marcus figures out what many guests that are stretching walk through.,Marcus figures out that many guests that are stretching walk through.,syntax,filler_gap_dependency,wh_vs_that_with_gap_long_distance,True,False,False,False,800,-86.212890625,-84.70687103271484,0
Carl might find out who a lot of children that won were talking about.,Carl might find out that a lot of children that won were talking about.,syntax,filler_gap_dependency,wh_vs_that_with_gap_long_distance,True,False,False,False,801,-83.17776489257812,-80.23597717285156,0
Catherine does investigate who that guest that would sneeze had boasted about.,Catherine does investigate that that guest that would sneeze had boasted about.,syntax,filler_gap_dependency,wh_vs_that_with_gap_long_distance,True,False,False,False,802,-116.19990539550781,-112.22312927246094,0
The cashier figured out who some men that were alarming Leslie have respected.,The cashier figured out that some men that were alarming Leslie have respected.,syntax,filler_gap_dependency,wh_vs_that_with_gap_long_distance,True,False,False,False,803,-117.49638366699219,-111.63458251953125,0
Victoria won't remember what all pictures that scared Valerie can look like.,Victoria won't remember that all pictures that scared Valerie can look like.,syntax,filler_gap_dependency,wh_vs_that_with_gap_long_distance,True,False,False,False,804,-89.6336441040039,-86.32708740234375,0
Phillip hasn't figured out who that senator that practiced isn't talking about.,Phillip hasn't figured out that that senator that practiced isn't talking about.,syntax,filler_gap_dependency,wh_vs_that_with_gap_long_distance,True,False,False,False,805,-105.02389526367188,-101.24897766113281,0
Most students have forgotten who the committees that have worried a lot of teachers concealed.,Most students have forgotten that the committees that have worried a lot of teachers concealed.,syntax,filler_gap_dependency,wh_vs_that_with_gap_long_distance,True,False,False,False,806,-103.97239685058594,-96.13776397705078,0
Those women hadn't remembered what every patient that joked around arrived at.,Those women hadn't remembered that every patient that joked around arrived at.,syntax,filler_gap_dependency,wh_vs_that_with_gap_long_distance,True,False,False,False,807,-94.7664566040039,-91.329345703125,0
Lori remembered what some pedestrians that stunned Gerald hadn't concealed.,Lori remembered that some pedestrians that stunned Gerald hadn't concealed.,syntax,filler_gap_dependency,wh_vs_that_with_gap_long_distance,True,False,False,False,808,-115.00514221191406,-111.38179779052734,0
Some customer has realized who this child that yawns liked.,Some customer has realized that this child that yawns liked.,syntax,filler_gap_dependency,wh_vs_that_with_gap_long_distance,True,False,False,False,809,-87.69461059570312,-77.51728820800781,0
Marie can't conceal who every waiter that cooked has escaped from.,Marie can't conceal that every waiter that cooked has escaped from.,syntax,filler_gap_dependency,wh_vs_that_with_gap_long_distance,True,False,False,False,810,-98.44688415527344,-92.18026733398438,0
Katherine won't discover what a teacher that will cure Mark had walked through.,Katherine won't discover that a teacher that will cure Mark had walked through.,syntax,filler_gap_dependency,wh_vs_that_with_gap_long_distance,True,False,False,False,811,-105.7647476196289,-102.99053955078125,0
Walter had forgotten what those boys that cared for Anna lift.,Walter had forgotten that those boys that cared for Anna lift.,syntax,filler_gap_dependency,wh_vs_that_with_gap_long_distance,True,False,False,False,812,-88.69841003417969,-86.6224136352539,0
Denise might reveal who every woman that can't think about Bethany cared for.,Denise might reveal that every woman that can't think about Bethany cared for.,syntax,filler_gap_dependency,wh_vs_that_with_gap_long_distance,True,False,False,False,813,-105.64534759521484,-100.63949584960938,0
Those legislatures forget who a legislature that should donate can't fire.,Those legislatures forget that a legislature that should donate can't fire.,syntax,filler_gap_dependency,wh_vs_that_with_gap_long_distance,True,False,False,False,814,-100.89399719238281,-96.87857055664062,0
A lot of cashiers had investigated what all waiters that reference that woman will sound like.,A lot of cashiers had investigated that all waiters that reference that woman will sound like.,syntax,filler_gap_dependency,wh_vs_that_with_gap_long_distance,True,False,False,False,815,-128.5552520751953,-120.7690658569336,0
Lucille figures out who the patients that should appear respect.,Lucille figures out that the patients that should appear respect.,syntax,filler_gap_dependency,wh_vs_that_with_gap_long_distance,True,False,False,False,816,-88.91583251953125,-83.06279754638672,0
Jacqueline was forgetting who this cashier that compromised wasn't concealing.,Jacqueline was forgetting that this cashier that compromised wasn't concealing.,syntax,filler_gap_dependency,wh_vs_that_with_gap_long_distance,True,False,False,False,817,-121.21743774414062,-113.28228759765625,0
Rose learned what these men that fled from Rhonda like.,Rose learned that these men that fled from Rhonda like.,syntax,filler_gap_dependency,wh_vs_that_with_gap_long_distance,True,False,False,False,818,-89.33901977539062,-86.3561782836914,0
Wayne forgot who the alumnus that might complain hadn't disliked.,Wayne forgot that the alumnus that might complain hadn't disliked.,syntax,filler_gap_dependency,wh_vs_that_with_gap_long_distance,True,False,False,False,819,-103.33390045166016,-98.61531829833984,0
Robert remembered who this girl that had impressed most children is fleeing from.,Robert remembered that this girl that had impressed most children is fleeing from.,syntax,filler_gap_dependency,wh_vs_that_with_gap_long_distance,True,False,False,False,820,-104.81019592285156,-100.55351257324219,0
Daniel concealed what every pedestrian that shouldn't sound like Bruce walked through.,Daniel concealed that every pedestrian that shouldn't sound like Bruce walked through.,syntax,filler_gap_dependency,wh_vs_that_with_gap_long_distance,True,False,False,False,821,-101.42182159423828,-97.9302978515625,0
Anna found out what the men that weren't escaping conceal.,Anna found out that the men that weren't escaping conceal.,syntax,filler_gap_dependency,wh_vs_that_with_gap_long_distance,True,False,False,False,822,-81.00390625,-80.02193450927734,0
Nancy realized what many adults that remember these guys had examined.,Nancy realized that many adults that remember these guys had examined.,syntax,filler_gap_dependency,wh_vs_that_with_gap_long_distance,True,False,False,False,823,-89.30612182617188,-82.74700927734375,0
A lady figures out who the doctor that buys those doors cures.,A lady figures out that the doctor that buys those doors cures.,syntax,filler_gap_dependency,wh_vs_that_with_gap_long_distance,True,False,False,False,824,-102.60835266113281,-98.47190856933594,0
These boys had forgotten who that man that hadn't noticed some windows likes.,These boys had forgotten that that man that hadn't noticed some windows likes.,syntax,filler_gap_dependency,wh_vs_that_with_gap_long_distance,True,False,False,False,825,-97.08724975585938,-92.556640625,0
Many doctors investigated who these doctors that climbed up every ladder conceal.,Many doctors investigated that these doctors that climbed up every ladder conceal.,syntax,filler_gap_dependency,wh_vs_that_with_gap_long_distance,True,False,False,False,826,-101.08169555664062,-92.18022155761719,0
Jodi hadn't forgotten what senators that won't disappear won't lift.,Jodi hadn't forgotten that senators that won't disappear won't lift.,syntax,filler_gap_dependency,wh_vs_that_with_gap_long_distance,True,False,False,False,827,-95.0671615600586,-92.27275085449219,0
Florence finds out who fish that aren't coming here found.,Florence finds out that fish that aren't coming here found.,syntax,filler_gap_dependency,wh_vs_that_with_gap_long_distance,True,False,False,False,828,-87.98666381835938,-82.50355529785156,0
Mary had discovered what senators that resembled photographs conceal.,Mary had discovered that senators that resembled photographs conceal.,syntax,filler_gap_dependency,wh_vs_that_with_gap_long_distance,True,False,False,False,829,-81.600341796875,-77.20542907714844,0
Marie remembers what this child that hasn't helped Michael revealed.,Marie remembers that this child that hasn't helped Michael revealed.,syntax,filler_gap_dependency,wh_vs_that_with_gap_long_distance,True,False,False,False,830,-83.48385620117188,-83.44051361083984,0
Kevin discovered who actors that hadn't irritated Sarah return to.,Kevin discovered that actors that hadn't irritated Sarah return to.,syntax,filler_gap_dependency,wh_vs_that_with_gap_long_distance,True,False,False,False,831,-104.09452819824219,-96.10743713378906,0
Sherry remembers what adults that bore that doctor were dropping by.,Sherry remembers that adults that bore that doctor were dropping by.,syntax,filler_gap_dependency,wh_vs_that_with_gap_long_distance,True,False,False,False,832,-97.31807708740234,-96.97046661376953,0
Jason conceals who some movie that sounded like Katherine has sounded like.,Jason conceals that some movie that sounded like Katherine has sounded like.,syntax,filler_gap_dependency,wh_vs_that_with_gap_long_distance,True,False,False,False,833,-96.15135192871094,-91.48340606689453,0
The hospital learned who some senator that would reveal Sheila revealed.,The hospital learned that some senator that would reveal Sheila revealed.,syntax,filler_gap_dependency,wh_vs_that_with_gap_long_distance,True,False,False,False,834,-98.1472396850586,-88.68241119384766,0
Carolyn should remember who a lot of customers that hide away find.,Carolyn should remember that a lot of customers that hide away find.,syntax,filler_gap_dependency,wh_vs_that_with_gap_long_distance,True,False,False,False,835,-86.63069915771484,-81.47398376464844,0
Karla wasn't remembering who every actor that doesn't exist wouldn't sound like.,Karla wasn't remembering that every actor that doesn't exist wouldn't sound like.,syntax,filler_gap_dependency,wh_vs_that_with_gap_long_distance,True,False,False,False,836,-102.36648559570312,-94.94921112060547,0
Adam investigated who every boy that isn't winning disagrees with.,Adam investigated that every boy that isn't winning disagrees with.,syntax,filler_gap_dependency,wh_vs_that_with_gap_long_distance,True,False,False,False,837,-94.75211334228516,-86.63685607910156,0
Waiters reveal what that axis that distracts Mark hadn't looked like.,Waiters reveal that that axis that distracts Mark hadn't looked like.,syntax,filler_gap_dependency,wh_vs_that_with_gap_long_distance,True,False,False,False,838,-109.30587768554688,-108.09063720703125,0
Becky figures out who most customers that vanished fire.,Becky figures out that most customers that vanished fire.,syntax,filler_gap_dependency,wh_vs_that_with_gap_long_distance,True,False,False,False,839,-95.06845092773438,-91.3907241821289,0
Some person remembered what this alumnus that wasn't thinking about these mirrors is revealing.,Some person remembered that this alumnus that wasn't thinking about these mirrors is revealing.,syntax,filler_gap_dependency,wh_vs_that_with_gap_long_distance,True,False,False,False,840,-110.49095153808594,-108.12017059326172,0
The actor investigates what bananas that weren't annoying Heidi haven't looked like.,The actor investigates that bananas that weren't annoying Heidi haven't looked like.,syntax,filler_gap_dependency,wh_vs_that_with_gap_long_distance,True,False,False,False,841,-102.6645278930664,-102.37461853027344,0
Scott forgot who a lot of universities that profited wouldn't boast about.,Scott forgot that a lot of universities that profited wouldn't boast about.,syntax,filler_gap_dependency,wh_vs_that_with_gap_long_distance,True,False,False,False,842,-103.541015625,-98.25433349609375,0
Most governments will remember what the woman that fired Jeffrey has driven to.,Most governments will remember that the woman that fired Jeffrey has driven to.,syntax,filler_gap_dependency,wh_vs_that_with_gap_long_distance,True,False,False,False,843,-96.51960754394531,-94.13134765625,0
Keith does investigate what some doctor that doesn't heal Kathleen drops by.,Keith does investigate that some doctor that doesn't heal Kathleen drops by.,syntax,filler_gap_dependency,wh_vs_that_with_gap_long_distance,True,False,False,False,844,-106.29080200195312,-102.23213958740234,0
Raymond didn't find out what that woman that wasn't donating hadn't driven to.,Raymond didn't find out that that woman that wasn't donating hadn't driven to.,syntax,filler_gap_dependency,wh_vs_that_with_gap_long_distance,True,False,False,False,845,-111.51499938964844,-111.03160095214844,0
Colleen investigates who that woman that wasn't kissing Teresa hasn't talked to.,Colleen investigates that that woman that wasn't kissing Teresa hasn't talked to.,syntax,filler_gap_dependency,wh_vs_that_with_gap_long_distance,True,False,False,False,846,-113.35176849365234,-108.89346313476562,0
Valerie figured out who a lot of dancers that are flirting reveal.,Valerie figured out that a lot of dancers that are flirting reveal.,syntax,filler_gap_dependency,wh_vs_that_with_gap_long_distance,True,False,False,False,847,-97.8262939453125,-92.37226867675781,0
These men hadn't found out who waitresses that shouldn't watch some men escape from.,These men hadn't found out that waitresses that shouldn't watch some men escape from.,syntax,filler_gap_dependency,wh_vs_that_with_gap_long_distance,True,False,False,False,848,-105.30879211425781,-104.47012329101562,0
Colleen hasn't realized who this cashier that was working with Kayla did work with.,Colleen hasn't realized that this cashier that was working with Kayla did work with.,syntax,filler_gap_dependency,wh_vs_that_with_gap_long_distance,True,False,False,False,849,-121.32640838623047,-112.16963195800781,0
Some teenager wasn't revealing who some government that is protesting wasn't firing.,Some teenager wasn't revealing that some government that is protesting wasn't firing.,syntax,filler_gap_dependency,wh_vs_that_with_gap_long_distance,True,False,False,False,850,-102.71791076660156,-97.22723388671875,0
Veronica doesn't realize who every guest that concurs fires.,Veronica doesn't realize that every guest that concurs fires.,syntax,filler_gap_dependency,wh_vs_that_with_gap_long_distance,True,False,False,False,851,-94.5752944946289,-87.26785278320312,0
Every student is forgetting who every waitress that was dropping by those museums wouldn't care for.,Every student is forgetting that every waitress that was dropping by those museums wouldn't care for.,syntax,filler_gap_dependency,wh_vs_that_with_gap_long_distance,True,False,False,False,852,-114.74110412597656,-109.54690551757812,0
Cynthia hasn't discovered who some pedestrians that hadn't boycotted some malls were complaining about.,Cynthia hasn't discovered that some pedestrians that hadn't boycotted some malls were complaining about.,syntax,filler_gap_dependency,wh_vs_that_with_gap_long_distance,True,False,False,False,853,-147.04736328125,-137.2539825439453,0
Customers weren't forgetting what a lot of people that could aggravate Nina hadn't revealed.,Customers weren't forgetting that a lot of people that could aggravate Nina hadn't revealed.,syntax,filler_gap_dependency,wh_vs_that_with_gap_long_distance,True,False,False,False,854,-105.56182098388672,-105.18186950683594,0
Tammy concealed who every teenager that is passing every art gallery disagrees with.,Tammy concealed that every teenager that is passing every art gallery disagrees with.,syntax,filler_gap_dependency,wh_vs_that_with_gap_long_distance,True,False,False,False,855,-124.5250244140625,-117.35221862792969,0
Anne wasn't finding out who a lot of drivers that won't love Tanya weren't concealing.,Anne wasn't finding out that a lot of drivers that won't love Tanya weren't concealing.,syntax,filler_gap_dependency,wh_vs_that_with_gap_long_distance,True,False,False,False,856,-115.19711303710938,-112.32809448242188,0
Allison reveals what that woman that had questioned some hospitals did drop by.,Allison reveals that that woman that had questioned some hospitals did drop by.,syntax,filler_gap_dependency,wh_vs_that_with_gap_long_distance,True,False,False,False,857,-111.82998657226562,-110.65596008300781,0
The Borgias discover who every school that has talked to Russell isn't arguing about.,The Borgias discover that every school that has talked to Russell isn't arguing about.,syntax,filler_gap_dependency,wh_vs_that_with_gap_long_distance,True,False,False,False,858,-116.24422454833984,-109.50090026855469,0
Winston Churchill wouldn't figure out who the student that was disappearing disagrees with.,Winston Churchill wouldn't figure out that the student that was disappearing disagrees with.,syntax,filler_gap_dependency,wh_vs_that_with_gap_long_distance,True,False,False,False,859,-108.77881622314453,-105.51136779785156,0
Some boys figure out what the alumnus that hasn't run around Spain had driven to.,Some boys figure out that the alumnus that hasn't run around Spain had driven to.,syntax,filler_gap_dependency,wh_vs_that_with_gap_long_distance,True,False,False,False,860,-109.41815185546875,-110.42521667480469,1
Teresa does forget what all girls that interact walk through.,Teresa does forget that all girls that interact walk through.,syntax,filler_gap_dependency,wh_vs_that_with_gap_long_distance,True,False,False,False,861,-89.83973693847656,-85.04080200195312,0
Some actors had learned who some cashier that was hiding away isn't complaining about.,Some actors had learned that some cashier that was hiding away isn't complaining about.,syntax,filler_gap_dependency,wh_vs_that_with_gap_long_distance,True,False,False,False,862,-106.63209533691406,-98.40707397460938,0
Carol isn't figuring out who most pedestrians that had skated around many movie theaters are talking to.,Carol isn't figuring out that most pedestrians that had skated around many movie theaters are talking to.,syntax,filler_gap_dependency,wh_vs_that_with_gap_long_distance,True,False,False,False,863,-135.47958374023438,-132.4010772705078,0
Benjamin investigated who some woman that didn't exercise revealed.,Benjamin investigated that some woman that didn't exercise revealed.,syntax,filler_gap_dependency,wh_vs_that_with_gap_long_distance,True,False,False,False,864,-90.87115478515625,-81.7426528930664,0
Karen discovers what a boy that hadn't drunk hasn't admired.,Karen discovers that a boy that hadn't drunk hasn't admired.,syntax,filler_gap_dependency,wh_vs_that_with_gap_long_distance,True,False,False,False,865,-92.1869125366211,-88.50111389160156,0
The adults know what a woman that sneezes might arrive at.,The adults know that a woman that sneezes might arrive at.,syntax,filler_gap_dependency,wh_vs_that_with_gap_long_distance,True,False,False,False,866,-87.21649932861328,-84.12682342529297,0
Heidi concealed who an actress that has alarmed Robert was boasting about.,Heidi concealed that an actress that has alarmed Robert was boasting about.,syntax,filler_gap_dependency,wh_vs_that_with_gap_long_distance,True,False,False,False,867,-116.08610534667969,-111.08106231689453,0
Anne is investigating who this pasta that bothers Barbara scared.,Anne is investigating that this pasta that bothers Barbara scared.,syntax,filler_gap_dependency,wh_vs_that_with_gap_long_distance,True,False,False,False,868,-89.51620483398438,-82.6017837524414,0
Sandra isn't investigating who a lot of associations that praised Carolyn are firing.,Sandra isn't investigating that a lot of associations that praised Carolyn are firing.,syntax,filler_gap_dependency,wh_vs_that_with_gap_long_distance,True,False,False,False,869,-118.45852661132812,-113.84978485107422,0
Some guests reveal what every girl that has messed up the cars will conceal.,Some guests reveal that every girl that has messed up the cars will conceal.,syntax,filler_gap_dependency,wh_vs_that_with_gap_long_distance,True,False,False,False,870,-96.83150482177734,-93.31657409667969,0
Most children forget what these children that telephoned examine.,Most children forget that these children that telephoned examine.,syntax,filler_gap_dependency,wh_vs_that_with_gap_long_distance,True,False,False,False,871,-86.01210021972656,-82.35079193115234,0
Robert should realize who every committee that changes argued about.,Robert should realize that every committee that changes argued about.,syntax,filler_gap_dependency,wh_vs_that_with_gap_long_distance,True,False,False,False,872,-91.30494689941406,-82.06919860839844,0
Benjamin hasn't known who an offspring that will joke around worked with.,Benjamin hasn't known that an offspring that will joke around worked with.,syntax,filler_gap_dependency,wh_vs_that_with_gap_long_distance,True,False,False,False,873,-111.46044921875,-105.18215942382812,0
James wasn't concealing who that teenager that was falling conceals.,James wasn't concealing that that teenager that was falling conceals.,syntax,filler_gap_dependency,wh_vs_that_with_gap_long_distance,True,False,False,False,874,-104.85830688476562,-100.54579162597656,0
Matt is remembering who every teacher that went fishing hadn't worked with.,Matt is remembering that every teacher that went fishing hadn't worked with.,syntax,filler_gap_dependency,wh_vs_that_with_gap_long_distance,True,False,False,False,875,-99.14820098876953,-91.4794692993164,0
Homer had realized who all people that can collaborate can't cure.,Homer had realized that all people that can collaborate can't cure.,syntax,filler_gap_dependency,wh_vs_that_with_gap_long_distance,True,False,False,False,876,-99.27191162109375,-86.89501953125,0
Those drivers know what some guy that was praising Allison would examine.,Those drivers know that some guy that was praising Allison would examine.,syntax,filler_gap_dependency,wh_vs_that_with_gap_long_distance,True,False,False,False,877,-93.62109375,-91.292236328125,0
Many legislatures reveal who some alumnus that forgets Alexander might complain about.,Many legislatures reveal that some alumnus that forgets Alexander might complain about.,syntax,filler_gap_dependency,wh_vs_that_with_gap_long_distance,True,False,False,False,878,-111.4279556274414,-106.83181762695312,0
Gregory realizes who the schools that had scared Patrick shouldn't like.,Gregory realizes that the schools that had scared Patrick shouldn't like.,syntax,filler_gap_dependency,wh_vs_that_with_gap_long_distance,True,False,False,False,879,-102.03453826904297,-94.20455169677734,0
Maria learned what all women that hadn't died concealed.,Maria learned that all women that hadn't died concealed.,syntax,filler_gap_dependency,wh_vs_that_with_gap_long_distance,True,False,False,False,880,-81.13363647460938,-77.07603454589844,0
Elizabeth had found out what these actors that couldn't confer boast about.,Elizabeth had found out that these actors that couldn't confer boast about.,syntax,filler_gap_dependency,wh_vs_that_with_gap_long_distance,True,False,False,False,881,-96.33930969238281,-94.22883605957031,0
Regina might find out who that offspring that kisses Winston Churchill hadn't cared for.,Regina might find out that that offspring that kisses Winston Churchill hadn't cared for.,syntax,filler_gap_dependency,wh_vs_that_with_gap_long_distance,True,False,False,False,882,-116.16175842285156,-111.75300598144531,0
Alicia realizes what some guest that will forfeit dropped by.,Alicia realizes that some guest that will forfeit dropped by.,syntax,filler_gap_dependency,wh_vs_that_with_gap_long_distance,True,False,False,False,883,-100.46624755859375,-93.93307495117188,0
Erin hasn't discovered who a lot of students that don't pass the college campus sound like.,Erin hasn't discovered that a lot of students that don't pass the college campus sound like.,syntax,filler_gap_dependency,wh_vs_that_with_gap_long_distance,True,False,False,False,884,-114.29953002929688,-104.25174713134766,0
Stacey doesn't find out who those cashiers that bother Dan work with.,Stacey doesn't find out that those cashiers that bother Dan work with.,syntax,filler_gap_dependency,wh_vs_that_with_gap_long_distance,True,False,False,False,885,-103.31744384765625,-100.53034210205078,0
The schools figure out what all legislatures that have hired Tracy liked.,The schools figure out that all legislatures that have hired Tracy liked.,syntax,filler_gap_dependency,wh_vs_that_with_gap_long_distance,True,False,False,False,886,-96.69229888916016,-93.23464965820312,0
Scott doesn't remember what some dancer that can think about literature had found.,Scott doesn't remember that some dancer that can think about literature had found.,syntax,filler_gap_dependency,wh_vs_that_with_gap_long_distance,True,False,False,False,887,-87.45706939697266,-85.54055786132812,0
Danielle forgets who men that aren't boycotting a lot of closets are concealing.,Danielle forgets that men that aren't boycotting a lot of closets are concealing.,syntax,filler_gap_dependency,wh_vs_that_with_gap_long_distance,True,False,False,False,888,-124.10357666015625,-119.5605697631836,0
Vincent doesn't discover who most patients that hadn't approved might care for.,Vincent doesn't discover that most patients that hadn't approved might care for.,syntax,filler_gap_dependency,wh_vs_that_with_gap_long_distance,True,False,False,False,889,-104.29533386230469,-96.48876190185547,0
Most patients learn what every driver that would dislike Karen wasn't concealing.,Most patients learn that every driver that would dislike Karen wasn't concealing.,syntax,filler_gap_dependency,wh_vs_that_with_gap_long_distance,True,False,False,False,890,-103.75521850585938,-101.49757385253906,0
Janice won't find out who boys that have examined commentaries were fleeing from.,Janice won't find out that boys that have examined commentaries were fleeing from.,syntax,filler_gap_dependency,wh_vs_that_with_gap_long_distance,True,False,False,False,891,-113.26354217529297,-110.58821105957031,0
George learned who the teenagers that weren't surrendering have listened to.,George learned that the teenagers that weren't surrendering have listened to.,syntax,filler_gap_dependency,wh_vs_that_with_gap_long_distance,True,False,False,False,892,-97.01414489746094,-89.6711654663086,0
Angela remembers what these students that had known Melissa had dropped by.,Angela remembers that these students that had known Melissa had dropped by.,syntax,filler_gap_dependency,wh_vs_that_with_gap_long_distance,True,False,False,False,893,-95.8851089477539,-96.75727844238281,1
Rebecca won't figure out who most dancers that wasted away cure.,Rebecca won't figure out that most dancers that wasted away cure.,syntax,filler_gap_dependency,wh_vs_that_with_gap_long_distance,True,False,False,False,894,-100.45405578613281,-95.4988021850586,0
Candice does investigate who the girls that disturbed that senator did respect.,Candice does investigate that the girls that disturbed that senator did respect.,syntax,filler_gap_dependency,wh_vs_that_with_gap_long_distance,True,False,False,False,895,-110.41972351074219,-101.59149932861328,0
Diana forgets who this cashier that muttered listened to.,Diana forgets that this cashier that muttered listened to.,syntax,filler_gap_dependency,wh_vs_that_with_gap_long_distance,True,False,False,False,896,-104.14773559570312,-97.66710662841797,0
Judy is investigating who waitresses that have saluted respect.,Judy is investigating that waitresses that have saluted respect.,syntax,filler_gap_dependency,wh_vs_that_with_gap_long_distance,True,False,False,False,897,-106.89469909667969,-103.30875396728516,0
Victoria investigates what some child that hasn't hated Paula won't sound like.,Victoria investigates that some child that hasn't hated Paula won't sound like.,syntax,filler_gap_dependency,wh_vs_that_with_gap_long_distance,True,False,False,False,898,-106.90625,-106.55670166015625,0
Stephen discovers who every guest that didn't climb down some mountain has referenced.,Stephen discovers that every guest that didn't climb down some mountain has referenced.,syntax,filler_gap_dependency,wh_vs_that_with_gap_long_distance,True,False,False,False,899,-109.86527252197266,-100.82476806640625,0
Every actress concealed who that company that works with Nicole was listening to.,Every actress concealed that that company that works with Nicole was listening to.,syntax,filler_gap_dependency,wh_vs_that_with_gap_long_distance,True,False,False,False,900,-99.88883209228516,-95.2337646484375,0
A lot of girls figure out what these senators that retaliated haven't driven to.,A lot of girls figure out that these senators that retaliated haven't driven to.,syntax,filler_gap_dependency,wh_vs_that_with_gap_long_distance,True,False,False,False,901,-101.7557373046875,-101.22248840332031,0
Rachelle would know who a patient that won't depart has talked to.,Rachelle would know that a patient that won't depart has talked to.,syntax,filler_gap_dependency,wh_vs_that_with_gap_long_distance,True,False,False,False,902,-96.04177856445312,-91.37228393554688,0
Kevin has remembered what a lot of offspring that stun Randolf examine.,Kevin has remembered that a lot of offspring that stun Randolf examine.,syntax,filler_gap_dependency,wh_vs_that_with_gap_long_distance,True,False,False,False,903,-112.81624603271484,-109.19866943359375,0
This actress concealed what some waitresses that should respect Steve haven't biked to.,This actress concealed that some waitresses that should respect Steve haven't biked to.,syntax,filler_gap_dependency,wh_vs_that_with_gap_long_distance,True,False,False,False,904,-137.13104248046875,-133.52603149414062,0
That guy conceals what some waiter that wasted away should walk through.,That guy conceals that some waiter that wasted away should walk through.,syntax,filler_gap_dependency,wh_vs_that_with_gap_long_distance,True,False,False,False,905,-101.09642028808594,-97.84634399414062,0
Many people figure out who those teenagers that concealed Vanessa have disliked.,Many people figure out that those teenagers that concealed Vanessa have disliked.,syntax,filler_gap_dependency,wh_vs_that_with_gap_long_distance,True,False,False,False,906,-95.59649658203125,-92.58139038085938,0
John reveals what a lot of students that distracted most women bike to.,John reveals that a lot of students that distracted most women bike to.,syntax,filler_gap_dependency,wh_vs_that_with_gap_long_distance,True,False,False,False,907,-95.90957641601562,-94.70478057861328,0
Joseph has figured out who most patients that disappeared will care for.,Joseph has figured out that most patients that disappeared will care for.,syntax,filler_gap_dependency,wh_vs_that_with_gap_long_distance,True,False,False,False,908,-82.01618194580078,-76.14013671875,0
Bill hasn't concealed who every drawing that isn't worrying Theodore is looking like.,Bill hasn't concealed that every drawing that isn't worrying Theodore is looking like.,syntax,filler_gap_dependency,wh_vs_that_with_gap_long_distance,True,False,False,False,909,-120.97527313232422,-113.35963439941406,0
Eric knows what the driver that flees from Melanie hadn't walked through.,Eric knows that the driver that flees from Melanie hadn't walked through.,syntax,filler_gap_dependency,wh_vs_that_with_gap_long_distance,True,False,False,False,910,-94.97593688964844,-94.58526611328125,0
Patricia forgot what all people that were hiding haven't arrived at.,Patricia forgot that all people that were hiding haven't arrived at.,syntax,filler_gap_dependency,wh_vs_that_with_gap_long_distance,True,False,False,False,911,-86.16138458251953,-82.75296020507812,0
Kendra should conceal who the schools that shouldn't react had boasted about.,Kendra should conceal that the schools that shouldn't react had boasted about.,syntax,filler_gap_dependency,wh_vs_that_with_gap_long_distance,True,False,False,False,912,-109.70419311523438,-106.39865112304688,0
Sheila hasn't forgotten what that woman that would bring that book went to.,Sheila hasn't forgotten that that woman that would bring that book went to.,syntax,filler_gap_dependency,wh_vs_that_with_gap_long_distance,True,False,False,False,913,-96.781982421875,-93.38386535644531,0
All committees realized what many pedestrians that yawn did look like.,All committees realized that many pedestrians that yawn did look like.,syntax,filler_gap_dependency,wh_vs_that_with_gap_long_distance,True,False,False,False,914,-96.91513061523438,-92.5623779296875,0
A lot of girls discover who some driver that hadn't slumped over dislikes.,A lot of girls discover that some driver that hadn't slumped over dislikes.,syntax,filler_gap_dependency,wh_vs_that_with_gap_long_distance,True,False,False,False,915,-103.07109832763672,-96.89503479003906,0
Every patient might realize what the children that wrote weren't admiring.,Every patient might realize that the children that wrote weren't admiring.,syntax,filler_gap_dependency,wh_vs_that_with_gap_long_distance,True,False,False,False,916,-87.30839538574219,-85.51205444335938,0
Alicia concealed who every actress that sees fled from.,Alicia concealed that every actress that sees fled from.,syntax,filler_gap_dependency,wh_vs_that_with_gap_long_distance,True,False,False,False,917,-103.81503295898438,-96.99629974365234,0
Carlos was remembering who all actresses that woke up admire.,Carlos was remembering that all actresses that woke up admire.,syntax,filler_gap_dependency,wh_vs_that_with_gap_long_distance,True,False,False,False,918,-92.6197509765625,-85.4115982055664,0
Sabrina concealed what this senator that was eating will scare.,Sabrina concealed that this senator that was eating will scare.,syntax,filler_gap_dependency,wh_vs_that_with_gap_long_distance,True,False,False,False,919,-101.74716186523438,-98.89421081542969,0
The student isn't realizing who some women that are exiting the restaurant had complained about.,The student isn't realizing that some women that are exiting the restaurant had complained about.,syntax,filler_gap_dependency,wh_vs_that_with_gap_long_distance,True,False,False,False,920,-107.60624694824219,-101.25415802001953,0
Many actors realize what these guests that should react had examined.,Many actors realize that these guests that should react had examined.,syntax,filler_gap_dependency,wh_vs_that_with_gap_long_distance,True,False,False,False,921,-87.50294494628906,-83.60733032226562,0
A lot of companies reveal what many essays that won had sounded like.,A lot of companies reveal that many essays that won had sounded like.,syntax,filler_gap_dependency,wh_vs_that_with_gap_long_distance,True,False,False,False,922,-89.50455474853516,-85.7724609375,0
Timothy can conceal who those guys that come here weren't scaring.,Timothy can conceal that those guys that come here weren't scaring.,syntax,filler_gap_dependency,wh_vs_that_with_gap_long_distance,True,False,False,False,923,-105.91824340820312,-102.71318054199219,0
Kenneth has forgotten what many adults that praised Carla were going to.,Kenneth has forgotten that many adults that praised Carla were going to.,syntax,filler_gap_dependency,wh_vs_that_with_gap_long_distance,True,False,False,False,924,-102.34335327148438,-98.70449829101562,0
Some companies have investigated what some dancer that walked through Harvard University arrived at.,Some companies have investigated that some dancer that walked through Harvard University arrived at.,syntax,filler_gap_dependency,wh_vs_that_with_gap_long_distance,True,False,False,False,925,-105.53511047363281,-98.90001678466797,0
Every school revealed who that adult that has walked through some schools couldn't listen to.,Every school revealed that that adult that has walked through some schools couldn't listen to.,syntax,filler_gap_dependency,wh_vs_that_with_gap_long_distance,True,False,False,False,926,-105.14605712890625,-97.64399719238281,0
Every guy might investigate who the children that drink are concealing.,Every guy might investigate that the children that drink are concealing.,syntax,filler_gap_dependency,wh_vs_that_with_gap_long_distance,True,False,False,False,927,-87.85580444335938,-82.88484191894531,0
Brett investigates what every senator that practiced was looking like.,Brett investigates that every senator that practiced was looking like.,syntax,filler_gap_dependency,wh_vs_that_with_gap_long_distance,True,False,False,False,928,-91.43929290771484,-88.8294906616211,0
Vanessa knows what a lot of teachers that haven't gone fishing aren't arriving at.,Vanessa knows that a lot of teachers that haven't gone fishing aren't arriving at.,syntax,filler_gap_dependency,wh_vs_that_with_gap_long_distance,True,False,False,False,929,-105.41241455078125,-103.51305389404297,0
Most schools were realizing who most actresses that joke around revealed.,Most schools were realizing that most actresses that joke around revealed.,syntax,filler_gap_dependency,wh_vs_that_with_gap_long_distance,True,False,False,False,930,-103.37393188476562,-94.8055419921875,0
Every lady has remembered who a lot of guys that interacted listened to.,Every lady has remembered that a lot of guys that interacted listened to.,syntax,filler_gap_dependency,wh_vs_that_with_gap_long_distance,True,False,False,False,931,-98.85082244873047,-93.9410400390625,0
Most legislatures hadn't discovered what senators that donate haven't lifted.,Most legislatures hadn't discovered that senators that donate haven't lifted.,syntax,filler_gap_dependency,wh_vs_that_with_gap_long_distance,True,False,False,False,932,-95.84781646728516,-91.86627197265625,0
The guys aren't figuring out who some doctor that moves hadn't boasted about.,The guys aren't figuring out that some doctor that moves hadn't boasted about.,syntax,filler_gap_dependency,wh_vs_that_with_gap_long_distance,True,False,False,False,933,-102.97867584228516,-100.41517639160156,0
Ann isn't investigating what most girls that weren't interacting could wear.,Ann isn't investigating that most girls that weren't interacting could wear.,syntax,filler_gap_dependency,wh_vs_that_with_gap_long_distance,True,False,False,False,934,-95.98713684082031,-92.24400329589844,0
Some students reveal what many drivers that shrug had lifted.,Some students reveal that many drivers that shrug had lifted.,syntax,filler_gap_dependency,wh_vs_that_with_gap_long_distance,True,False,False,False,935,-80.81480407714844,-78.21644592285156,0
Sandra is forgetting what those customers that have boasted dropped by.,Sandra is forgetting that those customers that have boasted dropped by.,syntax,filler_gap_dependency,wh_vs_that_with_gap_long_distance,True,False,False,False,936,-90.56614685058594,-89.60726928710938,0
Lawrence investigates who every child that could respect Catherine has cured.,Lawrence investigates that every child that could respect Catherine has cured.,syntax,filler_gap_dependency,wh_vs_that_with_gap_long_distance,True,False,False,False,937,-102.61790466308594,-96.36177062988281,0
All men investigate what every dancer that talks walks through.,All men investigate that every dancer that talks walks through.,syntax,filler_gap_dependency,wh_vs_that_with_gap_long_distance,True,False,False,False,938,-85.7607192993164,-79.69940948486328,0
The Borgias reveal who this guy that didn't insult Jeffrey was arguing about.,The Borgias reveal that this guy that didn't insult Jeffrey was arguing about.,syntax,filler_gap_dependency,wh_vs_that_with_gap_long_distance,True,False,False,False,939,-111.82415771484375,-105.20718383789062,0
A legislature realizes who some woman that screamed hadn't returned to.,A legislature realizes that some woman that screamed hadn't returned to.,syntax,filler_gap_dependency,wh_vs_that_with_gap_long_distance,True,False,False,False,940,-94.89656066894531,-85.97199249267578,0
All people figure out who most students that haven't gone to a grocery store wouldn't complain about.,All people figure out that most students that haven't gone to a grocery store wouldn't complain about.,syntax,filler_gap_dependency,wh_vs_that_with_gap_long_distance,True,False,False,False,941,-101.43302917480469,-99.1825180053711,0
Ann discovered what some offspring that were training examine.,Ann discovered that some offspring that were training examine.,syntax,filler_gap_dependency,wh_vs_that_with_gap_long_distance,True,False,False,False,942,-79.62187957763672,-73.86249542236328,0
Steve did figure out who adults that fell asleep hadn't sounded like.,Steve did figure out that adults that fell asleep hadn't sounded like.,syntax,filler_gap_dependency,wh_vs_that_with_gap_long_distance,True,False,False,False,943,-91.23768615722656,-86.4743881225586,0
Many banks discover who many guests that negotiated haven't returned to.,Many banks discover that many guests that negotiated haven't returned to.,syntax,filler_gap_dependency,wh_vs_that_with_gap_long_distance,True,False,False,False,944,-91.33480072021484,-83.23040771484375,0
That museum does conceal who many waitresses that were cheering have revealed.,That museum does conceal that many waitresses that were cheering have revealed.,syntax,filler_gap_dependency,wh_vs_that_with_gap_long_distance,True,False,False,False,945,-109.21610260009766,-105.34077453613281,0
Vanessa remembers who every shirt that hadn't wrinkled scared.,Vanessa remembers that every shirt that hadn't wrinkled scared.,syntax,filler_gap_dependency,wh_vs_that_with_gap_long_distance,True,False,False,False,946,-93.7427978515625,-89.02950286865234,0
The dancers reveal who the actor that hadn't thought about some movie conceals.,The dancers reveal that the actor that hadn't thought about some movie conceals.,syntax,filler_gap_dependency,wh_vs_that_with_gap_long_distance,True,False,False,False,947,-102.79672241210938,-98.98745727539062,0
Karla doesn't learn what many doctors that aren't complaining about Amelia arrive at.,Karla doesn't learn that many doctors that aren't complaining about Amelia arrive at.,syntax,filler_gap_dependency,wh_vs_that_with_gap_long_distance,True,False,False,False,948,-103.88827514648438,-100.73252868652344,0
Martin concealed what a woman that exited many hills lifts.,Martin concealed that a woman that exited many hills lifts.,syntax,filler_gap_dependency,wh_vs_that_with_gap_long_distance,True,False,False,False,949,-93.50758361816406,-89.80999755859375,0
Some customer figures out what many rabbits that climb down this mountain scare.,Some customer figures out that many rabbits that climb down this mountain scare.,syntax,filler_gap_dependency,wh_vs_that_with_gap_long_distance,True,False,False,False,950,-104.09402465820312,-101.80619049072266,0
Some people learn what this doctor that will train wasn't driving to.,Some people learn that this doctor that will train wasn't driving to.,syntax,filler_gap_dependency,wh_vs_that_with_gap_long_distance,True,False,False,False,951,-85.22467041015625,-84.98107147216797,0
The libraries aren't investigating who that synopsis that protested isn't referencing.,The libraries aren't investigating that that synopsis that protested isn't referencing.,syntax,filler_gap_dependency,wh_vs_that_with_gap_long_distance,True,False,False,False,952,-97.65636444091797,-92.83499908447266,0
April remembered what that child that speaks up dislikes.,April remembered that that child that speaks up dislikes.,syntax,filler_gap_dependency,wh_vs_that_with_gap_long_distance,True,False,False,False,953,-86.87882232666016,-81.76209259033203,0
Joseph had found out who the child that changed won't listen to.,Joseph had found out that the child that changed won't listen to.,syntax,filler_gap_dependency,wh_vs_that_with_gap_long_distance,True,False,False,False,954,-82.39055633544922,-74.23390197753906,0
The Lutherans find out who that waiter that had escaped cares for.,The Lutherans find out that that waiter that had escaped cares for.,syntax,filler_gap_dependency,wh_vs_that_with_gap_long_distance,True,False,False,False,955,-102.627685546875,-98.36541748046875,0
Angela knew who offspring that hadn't screamed disagree with.,Angela knew that offspring that hadn't screamed disagree with.,syntax,filler_gap_dependency,wh_vs_that_with_gap_long_distance,True,False,False,False,956,-94.34727478027344,-88.84097290039062,0
Many guys find out what those children that concur had concealed.,Many guys find out that those children that concur had concealed.,syntax,filler_gap_dependency,wh_vs_that_with_gap_long_distance,True,False,False,False,957,-89.73749542236328,-88.50340270996094,0
Carla does learn who every senator that arrived at a grocery store returns to.,Carla does learn that every senator that arrived at a grocery store returns to.,syntax,filler_gap_dependency,wh_vs_that_with_gap_long_distance,True,False,False,False,958,-110.23338317871094,-103.85614013671875,0
Alice hadn't figured out who this sheep that falls finds.,Alice hadn't figured out that this sheep that falls finds.,syntax,filler_gap_dependency,wh_vs_that_with_gap_long_distance,True,False,False,False,959,-87.11658477783203,-80.21357727050781,0
Todd had revealed who this print that vanished looked like.,Todd had revealed that this print that vanished looked like.,syntax,filler_gap_dependency,wh_vs_that_with_gap_long_distance,True,False,False,False,960,-84.79279327392578,-75.61658477783203,0
Tina knows what every patient that hasn't discovered all windows didn't arrive at.,Tina knows that every patient that hasn't discovered all windows didn't arrive at.,syntax,filler_gap_dependency,wh_vs_that_with_gap_long_distance,True,False,False,False,961,-98.81890869140625,-96.74790954589844,0
Kimberley figures out what a hat that alarmed the girl resembled.,Kimberley figures out that a hat that alarmed the girl resembled.,syntax,filler_gap_dependency,wh_vs_that_with_gap_long_distance,True,False,False,False,962,-103.06800842285156,-104.71624755859375,1
Robert reveals who some woman that had played is fleeing from.,Robert reveals that some woman that had played is fleeing from.,syntax,filler_gap_dependency,wh_vs_that_with_gap_long_distance,True,False,False,False,963,-85.55953216552734,-79.48687744140625,0
Carrie is realizing who every woman that respected the Borgias had cared for.,Carrie is realizing that every woman that respected the Borgias had cared for.,syntax,filler_gap_dependency,wh_vs_that_with_gap_long_distance,True,False,False,False,964,-108.48213195800781,-98.76010131835938,0
Teresa learns who this driver that approves hasn't escaped from.,Teresa learns that this driver that approves hasn't escaped from.,syntax,filler_gap_dependency,wh_vs_that_with_gap_long_distance,True,False,False,False,965,-95.10812377929688,-88.1851806640625,0
Lori has discovered who some waiter that isn't moving cared for.,Lori has discovered that some waiter that isn't moving cared for.,syntax,filler_gap_dependency,wh_vs_that_with_gap_long_distance,True,False,False,False,966,-98.96379089355469,-88.01344299316406,0
Daniel knew who all pamphlets that appeared disagreed with.,Daniel knew that all pamphlets that appeared disagreed with.,syntax,filler_gap_dependency,wh_vs_that_with_gap_long_distance,True,False,False,False,967,-81.89427185058594,-77.09086608886719,0
Ella conceals who all waiters that haven't practiced hadn't disagreed with.,Ella conceals that all waiters that haven't practiced hadn't disagreed with.,syntax,filler_gap_dependency,wh_vs_that_with_gap_long_distance,True,False,False,False,968,-118.85124206542969,-114.46357727050781,0
These organizations remember who every waitress that has described Carla cares for.,These organizations remember that every waitress that has described Carla cares for.,syntax,filler_gap_dependency,wh_vs_that_with_gap_long_distance,True,False,False,False,969,-102.41007232666016,-96.61662292480469,0
Jason learns who the doors that were disgusting Suzanne have scared.,Jason learns that the doors that were disgusting Suzanne have scared.,syntax,filler_gap_dependency,wh_vs_that_with_gap_long_distance,True,False,False,False,970,-98.677490234375,-90.6693344116211,0
Sharon hasn't found out what a guy that had returned to Deanna has examined.,Sharon hasn't found out that a guy that had returned to Deanna has examined.,syntax,filler_gap_dependency,wh_vs_that_with_gap_long_distance,True,False,False,False,971,-96.76097106933594,-95.75053405761719,0
Vanessa wasn't forgetting what this lady that lied went to.,Vanessa wasn't forgetting that this lady that lied went to.,syntax,filler_gap_dependency,wh_vs_that_with_gap_long_distance,True,False,False,False,972,-83.02291870117188,-81.97537231445312,0
Those waiters forget what a lot of children that fled from Sara had found.,Those waiters forget that a lot of children that fled from Sara had found.,syntax,filler_gap_dependency,wh_vs_that_with_gap_long_distance,True,False,False,False,973,-105.25225830078125,-102.09735107421875,0
The organizations have revealed who those associations that haven't alarmed Leslie referenced.,The organizations have revealed that those associations that haven't alarmed Leslie referenced.,syntax,filler_gap_dependency,wh_vs_that_with_gap_long_distance,True,False,False,False,974,-106.33303833007812,-95.42147064208984,0
Alice revealed what some bird that hadn't fallen asleep has looked like.,Alice revealed that some bird that hadn't fallen asleep has looked like.,syntax,filler_gap_dependency,wh_vs_that_with_gap_long_distance,True,False,False,False,975,-88.67266082763672,-84.17991638183594,0
Adam hadn't concealed what some glass that distracts Sonia looks like.,Adam hadn't concealed that some glass that distracts Sonia looks like.,syntax,filler_gap_dependency,wh_vs_that_with_gap_long_distance,True,False,False,False,976,-101.86282348632812,-99.60151672363281,0
Monica figures out who a waiter that describes Sara should conceal.,Monica figures out that a waiter that describes Sara should conceal.,syntax,filler_gap_dependency,wh_vs_that_with_gap_long_distance,True,False,False,False,977,-103.93970489501953,-100.83810424804688,0
The teachers find out who that customer that cries couldn't reference.,The teachers find out that that customer that cries couldn't reference.,syntax,filler_gap_dependency,wh_vs_that_with_gap_long_distance,True,False,False,False,978,-92.36515808105469,-90.7387466430664,0
Rachelle knew who every woman that compromises works with.,Rachelle knew that every woman that compromises works with.,syntax,filler_gap_dependency,wh_vs_that_with_gap_long_distance,True,False,False,False,979,-84.38555908203125,-78.38775634765625,0
The Lutherans are figuring out who the child that had disturbed Aaron boasts about.,The Lutherans are figuring out that the child that had disturbed Aaron boasts about.,syntax,filler_gap_dependency,wh_vs_that_with_gap_long_distance,True,False,False,False,980,-112.27738952636719,-110.1763916015625,0
Cashiers were revealing who some offspring that hadn't observed Lisa can flee from.,Cashiers were revealing that some offspring that hadn't observed Lisa can flee from.,syntax,filler_gap_dependency,wh_vs_that_with_gap_long_distance,True,False,False,False,981,-126.82620239257812,-120.74441528320312,0
Libraries investigate what a woman that breaks that vase is admiring.,Libraries investigate that a woman that breaks that vase is admiring.,syntax,filler_gap_dependency,wh_vs_that_with_gap_long_distance,True,False,False,False,982,-92.84088897705078,-87.41099548339844,0
Committees reveal what this senator that hated Jeffrey conceals.,Committees reveal that this senator that hated Jeffrey conceals.,syntax,filler_gap_dependency,wh_vs_that_with_gap_long_distance,True,False,False,False,983,-93.86201477050781,-91.47734832763672,0
Most actors remember what a hat that disappeared resembles.,Most actors remember that a hat that disappeared resembles.,syntax,filler_gap_dependency,wh_vs_that_with_gap_long_distance,True,False,False,False,984,-78.39170837402344,-75.54800415039062,0
Brenda wouldn't investigate what every offspring that is escaping from Kristin hasn't boasted about.,Brenda wouldn't investigate that every offspring that is escaping from Kristin hasn't boasted about.,syntax,filler_gap_dependency,wh_vs_that_with_gap_long_distance,True,False,False,False,985,-127.68851470947266,-124.87190246582031,0
Tracy knew who this brochure that wasted away sounds like.,Tracy knew that this brochure that wasted away sounds like.,syntax,filler_gap_dependency,wh_vs_that_with_gap_long_distance,True,False,False,False,986,-90.36125183105469,-83.4937744140625,0
Andrea finds out who a lot of hospitals that respect Guy can't argue about.,Andrea finds out that a lot of hospitals that respect Guy can't argue about.,syntax,filler_gap_dependency,wh_vs_that_with_gap_long_distance,True,False,False,False,987,-106.30209350585938,-102.82194519042969,0
This company is finding out what this teacher that could appreciate every public park had arrived at.,This company is finding out that this teacher that could appreciate every public park had arrived at.,syntax,filler_gap_dependency,wh_vs_that_with_gap_long_distance,True,False,False,False,988,-108.919677734375,-109.43037414550781,1
Many waiters forget what those synopses that were lying might talk about.,Many waiters forget that those synopses that were lying might talk about.,syntax,filler_gap_dependency,wh_vs_that_with_gap_long_distance,True,False,False,False,989,-108.56155395507812,-104.50503540039062,0
All legislatures figure out what those customers that impressed Rachel haven't fled from.,All legislatures figure out that those customers that impressed Rachel haven't fled from.,syntax,filler_gap_dependency,wh_vs_that_with_gap_long_distance,True,False,False,False,990,-113.63435363769531,-114.2531967163086,1
Joel wasn't concealing what a cashier that could fall bikes to.,Joel wasn't concealing that a cashier that could fall bikes to.,syntax,filler_gap_dependency,wh_vs_that_with_gap_long_distance,True,False,False,False,991,-105.12630462646484,-103.71945190429688,0
Renee learned who that synopsis that has discussed all lakes shouldn't disagree with.,Renee learned that that synopsis that has discussed all lakes shouldn't disagree with.,syntax,filler_gap_dependency,wh_vs_that_with_gap_long_distance,True,False,False,False,992,-122.56277465820312,-114.82855224609375,0
Amanda learned who these adults that respect Kendra conceal.,Amanda learned that these adults that respect Kendra conceal.,syntax,filler_gap_dependency,wh_vs_that_with_gap_long_distance,True,False,False,False,993,-95.30899810791016,-88.98226928710938,0
Kendra isn't finding out who a lot of boys that found Karla talk to.,Kendra isn't finding out that a lot of boys that found Karla talk to.,syntax,filler_gap_dependency,wh_vs_that_with_gap_long_distance,True,False,False,False,994,-108.31159973144531,-105.28489685058594,0
A lot of boys remember what a report that disagreed isn't disagreeing with.,A lot of boys remember that a report that disagreed isn't disagreeing with.,syntax,filler_gap_dependency,wh_vs_that_with_gap_long_distance,True,False,False,False,995,-105.25611114501953,-102.11712646484375,0
Some committees knew who the actresses that haven't written respect.,Some committees knew that the actresses that haven't written respect.,syntax,filler_gap_dependency,wh_vs_that_with_gap_long_distance,True,False,False,False,996,-87.76237487792969,-80.46161651611328,0
All governments forgot what these deer that had worried Harvard University hadn't resembled.,All governments forgot that these deer that had worried Harvard University hadn't resembled.,syntax,filler_gap_dependency,wh_vs_that_with_gap_long_distance,True,False,False,False,997,-118.22300720214844,-117.02601623535156,0
Every patient didn't remember who these waiters that aren't arguing talked to.,Every patient didn't remember that these waiters that aren't arguing talked to.,syntax,filler_gap_dependency,wh_vs_that_with_gap_long_distance,True,False,False,False,998,-103.29087829589844,-98.34024810791016,0
This company was discovering who some library that negotiated conceals.,This company was discovering that some library that negotiated conceals.,syntax,filler_gap_dependency,wh_vs_that_with_gap_long_distance,True,False,False,False,999,-89.73898315429688,-83.06761932373047,0
