sentence_good,sentence_bad,field,linguistics_term,UID,simple_LM_method,one_prefix_method,two_prefix_method,lexically_identical,pair_id,good_prob,bad_prob,correct
Tina revealed Margaret.,The horse revealed Margaret.,syntax,s-selection,animate_subject_trans,True,False,True,False,0,-33.60050964355469,-37.825889587402344,1
Danielle visited Irene.,The eye visited Irene.,syntax,s-selection,animate_subject_trans,True,False,True,False,1,-33.55770492553711,-38.302032470703125,1
Paul runs around the art galleries.,The river runs around the art galleries.,syntax,s-selection,animate_subject_trans,True,False,True,False,2,-35.99334716796875,-42.77482604980469,1
Most banks have praised Raymond.,The jackets have praised Raymond.,syntax,s-selection,animate_subject_trans,True,False,True,False,3,-42.73423767089844,-47.26213455200195,1
Every doctor was selling some restaurants.,A cup was selling some restaurants.,syntax,s-selection,animate_subject_trans,True,False,True,False,4,-39.75189208984375,-39.014198303222656,0
Steve bikes to a public park.,Every fork bikes to a public park.,syntax,s-selection,animate_subject_trans,True,False,True,False,5,-35.073631286621094,-46.71519470214844,1
Beth scares Roger.,A carriage scares Roger.,syntax,s-selection,animate_subject_trans,True,False,True,False,6,-39.794532775878906,-44.377647399902344,1
Melissa will clean a gate.,This mouth will clean a gate.,syntax,s-selection,animate_subject_trans,True,False,True,False,7,-40.42876434326172,-39.379119873046875,0
Tanya conceals Adam.,This ice cream conceals Adam.,syntax,s-selection,animate_subject_trans,True,False,True,False,8,-42.60943603515625,-49.48420715332031,1
Renee had praised Eric.,The beef had praised Eric.,syntax,s-selection,animate_subject_trans,True,False,True,False,9,-41.9888916015625,-46.101036071777344,1
Mark hasn't respected a lot of actors.,Every government hasn't respected a lot of actors.,syntax,s-selection,animate_subject_trans,True,False,True,False,10,-44.85969543457031,-53.35203552246094,1
Matt could argue about Bethany.,Every mall could argue about Bethany.,syntax,s-selection,animate_subject_trans,True,False,True,False,11,-38.49930191040039,-51.196346282958984,1
Kathleen can't fix every carriage.,Some newspaper article can't fix every carriage.,syntax,s-selection,animate_subject_trans,True,False,True,False,12,-61.2649040222168,-62.66967010498047,1
Denise wasn't referencing Homer.,Rice wasn't referencing Homer.,syntax,s-selection,animate_subject_trans,True,False,True,False,13,-53.01544952392578,-53.484458923339844,1
Vanessa visits Judy.,The ice cream visits Judy.,syntax,s-selection,animate_subject_trans,True,False,True,False,14,-38.798606872558594,-44.25095748901367,1
Beverly would scan a movie.,A pepper would scan a movie.,syntax,s-selection,animate_subject_trans,True,False,True,False,15,-45.73460388183594,-44.631919860839844,0
Liam has respected many waiters.,That banana has respected many waiters.,syntax,s-selection,animate_subject_trans,True,False,True,False,16,-49.90440368652344,-56.556888580322266,1
Some person hadn't passed all high schools.,That casserole hadn't passed all high schools.,syntax,s-selection,animate_subject_trans,True,False,True,False,17,-53.474918365478516,-71.57791137695312,1
Carlos has sounded like all hospitals.,This ice has sounded like all hospitals.,syntax,s-selection,animate_subject_trans,True,False,True,False,18,-47.744590759277344,-49.10233688354492,1
Wendy walked through some schools.,The spotlight walked through some schools.,syntax,s-selection,animate_subject_trans,True,False,True,False,19,-43.500526428222656,-41.47114181518555,0
Steve hasn't returned to a dancer.,The nose hasn't returned to a dancer.,syntax,s-selection,animate_subject_trans,True,False,True,False,20,-40.31739807128906,-51.60900115966797,1
Anne wasn't thinking about Paula.,Art wasn't thinking about Paula.,syntax,s-selection,animate_subject_trans,True,False,True,False,21,-38.2357292175293,-37.61219787597656,0
Some women were scanning the essay.,A lot of dishes were scanning the essay.,syntax,s-selection,animate_subject_trans,True,False,True,False,22,-42.259849548339844,-55.77888488769531,1
Victoria wouldn't insult a man.,That unicycle wouldn't insult a man.,syntax,s-selection,animate_subject_trans,True,False,True,False,23,-34.50697326660156,-55.18982696533203,1
Peter isn't thinking about a lot of schools.,Some turtle isn't thinking about a lot of schools.,syntax,s-selection,animate_subject_trans,True,False,True,False,24,-36.930015563964844,-52.662391662597656,1
Samuel shouldn't hate Susan.,Art shouldn't hate Susan.,syntax,s-selection,animate_subject_trans,True,False,True,False,25,-46.365943908691406,-35.1888427734375,0
Karla drives to every grocery store.,This chair drives to every grocery store.,syntax,s-selection,animate_subject_trans,True,False,True,False,26,-45.17772674560547,-43.32575988769531,0
Omar isn't talking to Erin.,A legislature isn't talking to Erin.,syntax,s-selection,animate_subject_trans,True,False,True,False,27,-50.876583099365234,-51.057464599609375,1
Galileo had talked to Stephanie.,This car had talked to Stephanie.,syntax,s-selection,animate_subject_trans,True,False,True,False,28,-52.674312591552734,-42.00312423706055,0
Mitchell criticized Amy.,Some art gallery criticized Amy.,syntax,s-selection,animate_subject_trans,True,False,True,False,29,-40.53388977050781,-50.184661865234375,1
Clyde couldn't forget Phillip.,That sketch couldn't forget Phillip.,syntax,s-selection,animate_subject_trans,True,False,True,False,30,-51.040313720703125,-47.12559509277344,0
Most companies have remembered Jesus.,These chairs have remembered Jesus.,syntax,s-selection,animate_subject_trans,True,False,True,False,31,-35.25555419921875,-39.91215515136719,1
Tina hasn't respected Florence.,Art hasn't respected Florence.,syntax,s-selection,animate_subject_trans,True,False,True,False,32,-47.4676628112793,-40.08418273925781,0
Phillip can talk to those waitresses.,This pasta can talk to those waitresses.,syntax,s-selection,animate_subject_trans,True,False,True,False,33,-53.513362884521484,-58.563262939453125,1
Matt discovered a lot of spotlights.,Every ladder discovered a lot of spotlights.,syntax,s-selection,animate_subject_trans,True,False,True,False,34,-39.73957824707031,-55.0022087097168,1
Gina talks to Joseph.,Fish talks to Joseph.,syntax,s-selection,animate_subject_trans,True,False,True,False,35,-36.1290283203125,-27.404266357421875,0
Kendra hasn't attacked some guys.,That window hasn't attacked some guys.,syntax,s-selection,animate_subject_trans,True,False,True,False,36,-50.757835388183594,-51.83389663696289,1
Ella discovered Matt.,This association discovered Matt.,syntax,s-selection,animate_subject_trans,True,False,True,False,37,-36.011314392089844,-37.80629348754883,1
Valerie isn't passing high schools.,A public park isn't passing high schools.,syntax,s-selection,animate_subject_trans,True,False,True,False,38,-49.12030029296875,-56.63314437866211,1
Carrie isn't listening to Jodi.,That movie theater isn't listening to Jodi.,syntax,s-selection,animate_subject_trans,True,False,True,False,39,-51.146034240722656,-59.03934097290039,1
Russell hasn't escaped from some museum.,That picture hasn't escaped from some museum.,syntax,s-selection,animate_subject_trans,True,False,True,False,40,-45.78227233886719,-55.01160430908203,1
This customer was arguing about Karen.,A report was arguing about Karen.,syntax,s-selection,animate_subject_trans,True,False,True,False,41,-40.343994140625,-40.063873291015625,0
Roger will watch that guest.,Some beef will watch that guest.,syntax,s-selection,animate_subject_trans,True,False,True,False,42,-33.18641662597656,-45.47393035888672,1
Becky tours a lot of banks.,This rug tours a lot of banks.,syntax,s-selection,animate_subject_trans,True,False,True,False,43,-40.13987731933594,-45.47421646118164,1
Chad isn't observing that cashier.,This casserole isn't observing that cashier.,syntax,s-selection,animate_subject_trans,True,False,True,False,44,-55.718780517578125,-72.70893096923828,1
The girls weren't skated around a museum.,All snakes weren't skated around a museum.,syntax,s-selection,animate_subject_trans,True,False,True,False,45,-60.17708206176758,-63.6846923828125,1
Brad hasn't returned to most pedestrians.,This dish hasn't returned to most pedestrians.,syntax,s-selection,animate_subject_trans,True,False,True,False,46,-46.09838104248047,-56.75400161743164,1
Stacey toured the hill.,Some rice toured the hill.,syntax,s-selection,animate_subject_trans,True,False,True,False,47,-32.952362060546875,-37.261146545410156,1
Jodi boycotted the closets.,Every committee boycotted the closets.,syntax,s-selection,animate_subject_trans,True,False,True,False,48,-60.01549530029297,-63.87199020385742,1
Laura doesn't bring some boxes.,The painting doesn't bring some boxes.,syntax,s-selection,animate_subject_trans,True,False,True,False,49,-32.084686279296875,-43.14605712890625,1
Every lady lifts this gate.,This report lifts this gate.,syntax,s-selection,animate_subject_trans,True,False,True,False,50,-39.808311462402344,-36.93324279785156,0
Tanya admires Melanie.,Music admires Melanie.,syntax,s-selection,animate_subject_trans,True,False,True,False,51,-48.00029754638672,-40.99793243408203,0
Erin wouldn't drive to the hill.,The coat wouldn't drive to the hill.,syntax,s-selection,animate_subject_trans,True,False,True,False,52,-43.3808479309082,-49.712501525878906,1
Heidi hadn't concealed all socks.,The movie theater hadn't concealed all socks.,syntax,s-selection,animate_subject_trans,True,False,True,False,53,-59.15483856201172,-64.24304962158203,1
Natalie complains about Caroline.,A rabbit complains about Caroline.,syntax,s-selection,animate_subject_trans,True,False,True,False,54,-41.91986083984375,-45.352638244628906,1
Elaine might flee from Ronald.,That university might flee from Ronald.,syntax,s-selection,animate_subject_trans,True,False,True,False,55,-47.04585266113281,-46.55058288574219,0
Some associations are admiring Alexander.,The dishes are admiring Alexander.,syntax,s-selection,animate_subject_trans,True,False,True,False,56,-47.13496017456055,-47.983863830566406,1
Paula admired Kenneth.,Some river admired Kenneth.,syntax,s-selection,animate_subject_trans,True,False,True,False,57,-35.98744583129883,-40.50543212890625,1
Brenda dropped by a river.,This book dropped by a river.,syntax,s-selection,animate_subject_trans,True,False,True,False,58,-31.775297164916992,-33.92146301269531,1
A senator drops by every lake.,The muffin drops by every lake.,syntax,s-selection,animate_subject_trans,True,False,True,False,59,-46.00360107421875,-49.83848190307617,1
Carla can't watch Sara.,The tomato can't watch Sara.,syntax,s-selection,animate_subject_trans,True,False,True,False,60,-42.2437744140625,-46.9229736328125,1
Pamela reveals Dana.,That carriage reveals Dana.,syntax,s-selection,animate_subject_trans,True,False,True,False,61,-41.681373596191406,-39.86022186279297,0
Steven hasn't talked about Sara.,That window hasn't talked about Sara.,syntax,s-selection,animate_subject_trans,True,False,True,False,62,-38.063899993896484,-50.12415313720703,1
Every library isn't praising Alexander.,The tomato isn't praising Alexander.,syntax,s-selection,animate_subject_trans,True,False,True,False,63,-45.495391845703125,-50.81566619873047,1
Tamara hates Julia.,This ice hates Julia.,syntax,s-selection,animate_subject_trans,True,False,True,False,64,-33.57102966308594,-34.743202209472656,1
Alan messed up some college campus.,A gate messed up some college campus.,syntax,s-selection,animate_subject_trans,True,False,True,False,65,-40.204166412353516,-54.154052734375,1
Paul fires Russell.,This truck fires Russell.,syntax,s-selection,animate_subject_trans,True,False,True,False,66,-25.582117080688477,-37.168113708496094,1
Beverly wasn't examining books.,The bike wasn't examining books.,syntax,s-selection,animate_subject_trans,True,False,True,False,67,-50.675514221191406,-47.39061737060547,0
Dawn hadn't forgotten Diana.,Some government hadn't forgotten Diana.,syntax,s-selection,animate_subject_trans,True,False,True,False,68,-49.00508117675781,-50.57624053955078,1
Ella has forgotten Michael.,Spain has forgotten Michael.,syntax,s-selection,animate_subject_trans,True,False,True,False,69,-38.053192138671875,-26.42250633239746,0
Alice fires Ruth.,Some plate fires Ruth.,syntax,s-selection,animate_subject_trans,True,False,True,False,70,-28.522525787353516,-40.95948791503906,1
A lot of actors bought mountains.,All horses bought mountains.,syntax,s-selection,animate_subject_trans,True,False,True,False,71,-42.672462463378906,-35.69891357421875,0
Amelia questioned Valerie.,The lake questioned Valerie.,syntax,s-selection,animate_subject_trans,True,False,True,False,72,-37.432090759277344,-39.63160705566406,1
Pamela hadn't attacked a lot of cashiers.,This coat hadn't attacked a lot of cashiers.,syntax,s-selection,animate_subject_trans,True,False,True,False,73,-69.38932037353516,-67.58660125732422,0
Leslie hadn't fixed this cart.,That sweater hadn't fixed this cart.,syntax,s-selection,animate_subject_trans,True,False,True,False,74,-54.15632247924805,-53.44193649291992,0
Douglas hadn't argued about Samuel.,The carriage hadn't argued about Samuel.,syntax,s-selection,animate_subject_trans,True,False,True,False,75,-59.142486572265625,-59.83991241455078,1
Kenneth isn't cleaning a jacket.,Spinach isn't cleaning a jacket.,syntax,s-selection,animate_subject_trans,True,False,True,False,76,-44.681800842285156,-51.663726806640625,1
Florence hadn't fled from banks.,Every university hadn't fled from banks.,syntax,s-selection,animate_subject_trans,True,False,True,False,77,-62.863990783691406,-51.619258880615234,0
Jill cleaned all ladders.,The door cleaned all ladders.,syntax,s-selection,animate_subject_trans,True,False,True,False,78,-42.243534088134766,-44.83808898925781,1
Some cashier isn't complaining about these ladies.,The sketch isn't complaining about these ladies.,syntax,s-selection,animate_subject_trans,True,False,True,False,79,-56.45858383178711,-50.09779357910156,0
Deborah drove to some college campuses.,Some commentary drove to some college campuses.,syntax,s-selection,animate_subject_trans,True,False,True,False,80,-52.4779167175293,-52.70721435546875,1
Theresa visits Patricia.,The nose visits Patricia.,syntax,s-selection,animate_subject_trans,True,False,True,False,81,-42.26728439331055,-41.10097885131836,0
Carl cleans this dress.,Bread cleans this dress.,syntax,s-selection,animate_subject_trans,True,False,True,False,82,-25.222881317138672,-33.83082580566406,1
Melanie won't notice Carol.,This ice cream won't notice Carol.,syntax,s-selection,animate_subject_trans,True,False,True,False,83,-47.667144775390625,-51.795352935791016,1
Russell was running around that school.,The sweater was running around that school.,syntax,s-selection,animate_subject_trans,True,False,True,False,84,-36.72269821166992,-48.01770782470703,1
Candice can't kiss these people.,Some high school can't kiss these people.,syntax,s-selection,animate_subject_trans,True,False,True,False,85,-45.68730545043945,-46.84412384033203,1
Matt was going to restaurants.,The cucumber was going to restaurants.,syntax,s-selection,animate_subject_trans,True,False,True,False,86,-24.321767807006836,-44.319114685058594,1
Every guest isn't leaving Eva.,Art isn't leaving Eva.,syntax,s-selection,animate_subject_trans,True,False,True,False,87,-45.282371520996094,-33.37480926513672,0
Dawn can't go to a mall.,Some window can't go to a mall.,syntax,s-selection,animate_subject_trans,True,False,True,False,88,-44.82847213745117,-44.653839111328125,0
Tonya hadn't healed most horses.,This dish hadn't healed most horses.,syntax,s-selection,animate_subject_trans,True,False,True,False,89,-52.32024383544922,-56.17728805541992,1
Kimberley bikes to the Great Lakes.,Every newspaper article bikes to the Great Lakes.,syntax,s-selection,animate_subject_trans,True,False,True,False,90,-50.917076110839844,-53.590579986572266,1
Wayne was attacking Cindy.,Every plane was attacking Cindy.,syntax,s-selection,animate_subject_trans,True,False,True,False,91,-38.27817916870117,-42.122493743896484,1
Emily hadn't questioned that actor.,Some pepper hadn't questioned that actor.,syntax,s-selection,animate_subject_trans,True,False,True,False,92,-41.879634857177734,-56.30200958251953,1
Deborah can't run around the Great Lakes.,A newspaper article can't run around the Great Lakes.,syntax,s-selection,animate_subject_trans,True,False,True,False,93,-54.795616149902344,-61.992454528808594,1
Aaron messed up these glasses.,That government messed up these glasses.,syntax,s-selection,animate_subject_trans,True,False,True,False,94,-34.32842254638672,-44.516807556152344,1
Lawrence fled from Brad.,Literature fled from Brad.,syntax,s-selection,animate_subject_trans,True,False,True,False,95,-40.27564239501953,-41.73933410644531,1
These dancers should investigate Caroline.,Glaciers should investigate Caroline.,syntax,s-selection,animate_subject_trans,True,False,True,False,96,-46.26552200317383,-50.38385772705078,1
Mitchell can't complain about Peter.,This window can't complain about Peter.,syntax,s-selection,animate_subject_trans,True,False,True,False,97,-47.63843536376953,-48.59369659423828,1
Every doctor wasn't describing a river.,This story wasn't describing a river.,syntax,s-selection,animate_subject_trans,True,False,True,False,98,-46.18802261352539,-44.18988037109375,0
Sally concealed Kirsten.,This beef concealed Kirsten.,syntax,s-selection,animate_subject_trans,True,False,True,False,99,-38.3062744140625,-42.77049255371094,1
Kendra might bike to a school.,Politics might bike to a school.,syntax,s-selection,animate_subject_trans,True,False,True,False,100,-49.075233459472656,-36.884674072265625,0
A lot of actresses lifted these glaciers.,The documentaries lifted these glaciers.,syntax,s-selection,animate_subject_trans,True,False,True,False,101,-53.780784606933594,-43.9520149230957,0
Many teenagers weren't observing Kathleen.,The museums weren't observing Kathleen.,syntax,s-selection,animate_subject_trans,True,False,True,False,102,-51.005462646484375,-56.167625427246094,1
Elizabeth describes Melissa.,This mushroom describes Melissa.,syntax,s-selection,animate_subject_trans,True,False,True,False,103,-27.090490341186523,-41.897789001464844,1
Janice cares for Melissa.,Every shawl cares for Melissa.,syntax,s-selection,animate_subject_trans,True,False,True,False,104,-42.98126220703125,-53.307640075683594,1
Benjamin wasn't breaking every glass.,This pasta wasn't breaking every glass.,syntax,s-selection,animate_subject_trans,True,False,True,False,105,-49.94297790527344,-51.371437072753906,1
Melanie is escaping from Emily.,Some dress is escaping from Emily.,syntax,s-selection,animate_subject_trans,True,False,True,False,106,-46.01909637451172,-43.301387786865234,0
Andrea forgets Becca.,That turtle forgets Becca.,syntax,s-selection,animate_subject_trans,True,False,True,False,107,-50.34452438354492,-54.41630172729492,1
Ann examines a lot of essays.,That company examines a lot of essays.,syntax,s-selection,animate_subject_trans,True,False,True,False,108,-30.1732120513916,-39.33709716796875,1
Emily had questioned Dennis.,Some company had questioned Dennis.,syntax,s-selection,animate_subject_trans,True,False,True,False,109,-32.228694915771484,-43.09041213989258,1
Most organizations helped Bill.,Most glasses helped Bill.,syntax,s-selection,animate_subject_trans,True,False,True,False,110,-33.425537109375,-38.12055206298828,1
Andrew talks to Todd.,The cart talks to Todd.,syntax,s-selection,animate_subject_trans,True,False,True,False,111,-31.217382431030273,-42.20843505859375,1
Jacqueline insults all commentaries.,The tomato insults all commentaries.,syntax,s-selection,animate_subject_trans,True,False,True,False,112,-60.094303131103516,-56.860294342041016,0
Melinda hadn't insulted malls.,The ice hadn't insulted malls.,syntax,s-selection,animate_subject_trans,True,False,True,False,113,-48.74124526977539,-53.241493225097656,1
Jesus hugged Paul.,The snake hugged Paul.,syntax,s-selection,animate_subject_trans,True,False,True,False,114,-24.49724578857422,-36.23448181152344,1
Nicole isn't approaching Sabrina.,The window isn't approaching Sabrina.,syntax,s-selection,animate_subject_trans,True,False,True,False,115,-51.188880920410156,-56.08723449707031,1
The Impressionists were boycotting those cafes.,Most grocery stores were boycotting those cafes.,syntax,s-selection,animate_subject_trans,True,False,True,False,116,-69.70124816894531,-64.16566467285156,0
Melinda has hidden carts.,This high school has hidden carts.,syntax,s-selection,animate_subject_trans,True,False,True,False,117,-35.795433044433594,-39.94750213623047,1
Many girls boasted about Beverly.,Some dishes boasted about Beverly.,syntax,s-selection,animate_subject_trans,True,False,True,False,118,-45.02027893066406,-50.181907653808594,1
Kathleen could bring every rug.,A restaurant could bring every rug.,syntax,s-selection,animate_subject_trans,True,False,True,False,119,-50.874366760253906,-43.842403411865234,0
James examined these documentaries.,That report examined these documentaries.,syntax,s-selection,animate_subject_trans,True,False,True,False,120,-31.636653900146484,-40.42994689941406,1
Colleen walks through these restaurants.,This restaurant walks through these restaurants.,syntax,s-selection,animate_subject_trans,True,False,True,False,121,-41.836830139160156,-39.82383346557617,0
A dancer complained about most boys.,Some hamster complained about most boys.,syntax,s-selection,animate_subject_trans,True,False,True,False,122,-41.51259231567383,-52.08466720581055,1
Colleen was watching Robert.,That rabbit was watching Robert.,syntax,s-selection,animate_subject_trans,True,False,True,False,123,-33.01731872558594,-37.140384674072266,1
Patricia hadn't hidden those scarves.,A cafe hadn't hidden those scarves.,syntax,s-selection,animate_subject_trans,True,False,True,False,124,-60.59716796875,-65.29150390625,1
Renee works with Sheila.,That association works with Sheila.,syntax,s-selection,animate_subject_trans,True,False,True,False,125,-40.05887222290039,-42.058048248291016,1
Valerie boycotted a library.,The convertible boycotted a library.,syntax,s-selection,animate_subject_trans,True,False,True,False,126,-56.60675811767578,-59.8359489440918,1
Homer arrived at a mountain.,An eggplant arrived at a mountain.,syntax,s-selection,animate_subject_trans,True,False,True,False,127,-37.67655563354492,-49.541107177734375,1
Marie won't reference many patients.,The bird won't reference many patients.,syntax,s-selection,animate_subject_trans,True,False,True,False,128,-39.921661376953125,-53.92267990112305,1
Stacey investigates Veronica.,Art investigates Veronica.,syntax,s-selection,animate_subject_trans,True,False,True,False,129,-36.832759857177734,-27.556316375732422,0
Brenda was insulting Tina.,Some hair was insulting Tina.,syntax,s-selection,animate_subject_trans,True,False,True,False,130,-39.02389144897461,-44.78822326660156,1
Rachelle wasn't driving to the lake.,The drawing wasn't driving to the lake.,syntax,s-selection,animate_subject_trans,True,False,True,False,131,-44.322662353515625,-48.73820114135742,1
Laurie might watch Kayla.,A print might watch Kayla.,syntax,s-selection,animate_subject_trans,True,False,True,False,132,-52.910194396972656,-48.424922943115234,0
Laurie hides Keith.,Some newspaper article hides Keith.,syntax,s-selection,animate_subject_trans,True,False,True,False,133,-44.06287384033203,-47.97584533691406,1
This woman is referencing the doctor.,That spotlight is referencing the doctor.,syntax,s-selection,animate_subject_trans,True,False,True,False,134,-39.73469161987305,-42.60953140258789,1
Colleen doesn't bring a lot of stairs.,A picture doesn't bring a lot of stairs.,syntax,s-selection,animate_subject_trans,True,False,True,False,135,-43.757102966308594,-43.520748138427734,0
Lori is discovering the water.,The beef is discovering the water.,syntax,s-selection,animate_subject_trans,True,False,True,False,136,-36.62994384765625,-36.31378936767578,0
William wasn't concealing Linda.,Some candle wasn't concealing Linda.,syntax,s-selection,animate_subject_trans,True,False,True,False,137,-46.72906494140625,-59.903480529785156,1
Carmen could praise Christopher.,Some closet could praise Christopher.,syntax,s-selection,animate_subject_trans,True,False,True,False,138,-50.83624267578125,-48.07233428955078,0
These adults won't kiss Sheila.,The hospitals won't kiss Sheila.,syntax,s-selection,animate_subject_trans,True,False,True,False,139,-49.47825622558594,-55.28491973876953,1
Tammy ran around every river.,This truck ran around every river.,syntax,s-selection,animate_subject_trans,True,False,True,False,140,-41.396995544433594,-44.3587646484375,1
Emily hadn't kissed Kimberley.,Every coat hadn't kissed Kimberley.,syntax,s-selection,animate_subject_trans,True,False,True,False,141,-46.30119323730469,-58.87251663208008,1
Some doctor shouldn't attack the boys.,This ice shouldn't attack the boys.,syntax,s-selection,animate_subject_trans,True,False,True,False,142,-44.36480712890625,-45.53504943847656,1
Veronica descends every mountain.,Some organization descends every mountain.,syntax,s-selection,animate_subject_trans,True,False,True,False,143,-51.968780517578125,-50.97050094604492,0
Janet explores every lake.,Some shawl explores every lake.,syntax,s-selection,animate_subject_trans,True,False,True,False,144,-37.55157470703125,-53.75096130371094,1
Leslie had investigated Veronica.,Some eye had investigated Veronica.,syntax,s-selection,animate_subject_trans,True,False,True,False,145,-43.908531188964844,-45.275047302246094,1
Mitchell can't boast about David.,This popsicle can't boast about David.,syntax,s-selection,animate_subject_trans,True,False,True,False,146,-49.96284866333008,-61.468421936035156,1
Christopher talked to Karen.,Some fish talked to Karen.,syntax,s-selection,animate_subject_trans,True,False,True,False,147,-27.655155181884766,-40.34430694580078,1
John talks about this person.,This window talks about this person.,syntax,s-selection,animate_subject_trans,True,False,True,False,148,-25.45214080810547,-36.69456100463867,1
Most guests shouldn't return to some children.,Current events shouldn't return to some children.,syntax,s-selection,animate_subject_trans,True,False,True,False,149,-46.148155212402344,-45.16339111328125,0
Sara was messing up the mall.,Every screen was messing up the mall.,syntax,s-selection,animate_subject_trans,True,False,True,False,150,-41.47526931762695,-43.111839294433594,1
Melissa can reference Tracy.,That skateboard can reference Tracy.,syntax,s-selection,animate_subject_trans,True,False,True,False,151,-45.61250305175781,-53.06835174560547,1
Michelle walked through many glaciers.,That box walked through many glaciers.,syntax,s-selection,animate_subject_trans,True,False,True,False,152,-33.47330856323242,-44.543678283691406,1
Theresa has listened to Dana.,Every hill has listened to Dana.,syntax,s-selection,animate_subject_trans,True,False,True,False,153,-45.358577728271484,-44.86322021484375,0
David hadn't respected some pedestrians.,This face hadn't respected some pedestrians.,syntax,s-selection,animate_subject_trans,True,False,True,False,154,-46.052520751953125,-55.865116119384766,1
Frank wasn't buying a lot of rugs.,Every glacier wasn't buying a lot of rugs.,syntax,s-selection,animate_subject_trans,True,False,True,False,155,-40.54344940185547,-54.486019134521484,1
Mary has investigated Erin.,A college campus has investigated Erin.,syntax,s-selection,animate_subject_trans,True,False,True,False,156,-30.703216552734375,-47.053619384765625,1
Margaret cleaned all forks.,That high school cleaned all forks.,syntax,s-selection,animate_subject_trans,True,False,True,False,157,-40.464107513427734,-44.63243103027344,1
Melinda has gone to many college campuses.,Some drawing has gone to many college campuses.,syntax,s-selection,animate_subject_trans,True,False,True,False,158,-47.65912628173828,-52.772239685058594,1
Bruce saw Samuel.,That box saw Samuel.,syntax,s-selection,animate_subject_trans,True,False,True,False,159,-25.86488151550293,-36.648109436035156,1
Omar was lifting this glove.,Some gate was lifting this glove.,syntax,s-selection,animate_subject_trans,True,False,True,False,160,-47.510257720947266,-47.789276123046875,1
Timothy was running around most malls.,That computer was running around most malls.,syntax,s-selection,animate_subject_trans,True,False,True,False,161,-50.47757339477539,-50.01031494140625,0
Sandra shouldn't investigate Erin.,That cup shouldn't investigate Erin.,syntax,s-selection,animate_subject_trans,True,False,True,False,162,-52.56064224243164,-50.230735778808594,0
Naomi bikes to every closet.,A hill bikes to every closet.,syntax,s-selection,animate_subject_trans,True,False,True,False,163,-46.79045104980469,-45.11354446411133,0
Bradley does remember Alicia.,That shawl does remember Alicia.,syntax,s-selection,animate_subject_trans,True,False,True,False,164,-38.48065185546875,-54.489402770996094,1
Melissa is talking to Gregory.,Some ladder is talking to Gregory.,syntax,s-selection,animate_subject_trans,True,False,True,False,165,-41.35885238647461,-44.92848587036133,1
Tracy can't dislike Stephanie.,That apple can't dislike Stephanie.,syntax,s-selection,animate_subject_trans,True,False,True,False,166,-48.54704284667969,-49.80609130859375,1
Tracy hugs most students.,Some public park hugs most students.,syntax,s-selection,animate_subject_trans,True,False,True,False,167,-41.32048034667969,-50.218833923339844,1
Randolf hasn't hired Steve.,Every book hasn't hired Steve.,syntax,s-selection,animate_subject_trans,True,False,True,False,168,-49.02080154418945,-43.98184585571289,0
Carmen hired Jesus.,The broccoli hired Jesus.,syntax,s-selection,animate_subject_trans,True,False,True,False,169,-38.094482421875,-38.12939453125,1
Michael was going to some school.,Every cake was going to some school.,syntax,s-selection,animate_subject_trans,True,False,True,False,170,-26.852724075317383,-40.115997314453125,1
Becky discovered every art gallery.,The lamp discovered every art gallery.,syntax,s-selection,animate_subject_trans,True,False,True,False,171,-40.23018264770508,-45.678245544433594,1
Becca had fixed every convertible.,This closet had fixed every convertible.,syntax,s-selection,animate_subject_trans,True,False,True,False,172,-46.930789947509766,-47.79786682128906,1
Marla had thought about a movie.,Every plane had thought about a movie.,syntax,s-selection,animate_subject_trans,True,False,True,False,173,-33.93824768066406,-41.0556640625,1
Michelle can't clean every mirror.,A cat can't clean every mirror.,syntax,s-selection,animate_subject_trans,True,False,True,False,174,-36.7429084777832,-47.68920135498047,1
Jerry talked about Samuel.,The print talked about Samuel.,syntax,s-selection,animate_subject_trans,True,False,True,False,175,-28.05562973022461,-39.711822509765625,1
Curtis isn't leaving Randolf.,The banana isn't leaving Randolf.,syntax,s-selection,animate_subject_trans,True,False,True,False,176,-63.61936950683594,-56.51615905761719,0
Liam has arrived at those college campuses.,This popsicle has arrived at those college campuses.,syntax,s-selection,animate_subject_trans,True,False,True,False,177,-50.61970138549805,-62.19863510131836,1
Every pedestrian talks about a grocery store.,This convertible talks about a grocery store.,syntax,s-selection,animate_subject_trans,True,False,True,False,178,-42.7177619934082,-41.729713439941406,0
David fixes those cups.,Every bird fixes those cups.,syntax,s-selection,animate_subject_trans,True,False,True,False,179,-32.724822998046875,-42.623321533203125,1
Melissa walks through some closet.,A bike walks through some closet.,syntax,s-selection,animate_subject_trans,True,False,True,False,180,-42.651527404785156,-42.893131256103516,1
Randolf wouldn't tour hills.,The ice wouldn't tour hills.,syntax,s-selection,animate_subject_trans,True,False,True,False,181,-48.18700408935547,-46.67784118652344,0
Nancy questions Kenneth.,The dish questions Kenneth.,syntax,s-selection,animate_subject_trans,True,False,True,False,182,-37.64583969116211,-40.05853271484375,1
Ronald sells the scarves.,Every hospital sells the scarves.,syntax,s-selection,animate_subject_trans,True,False,True,False,183,-44.05426788330078,-43.74601745605469,0
Dancers hadn't referenced Kristen.,Some horses hadn't referenced Kristen.,syntax,s-selection,animate_subject_trans,True,False,True,False,184,-59.709716796875,-58.25550842285156,0
Amelia walks through those hills.,Some essay walks through those hills.,syntax,s-selection,animate_subject_trans,True,False,True,False,185,-44.08188247680664,-44.76756286621094,1
Rachel is discussing Brenda.,That lake is discussing Brenda.,syntax,s-selection,animate_subject_trans,True,False,True,False,186,-28.548290252685547,-42.97029113769531,1
Tanya noticed the Lutherans.,Spain noticed the Lutherans.,syntax,s-selection,animate_subject_trans,True,False,True,False,187,-50.23698043823242,-38.62738800048828,0
Lawrence had fired Kevin.,That bank had fired Kevin.,syntax,s-selection,animate_subject_trans,True,False,True,False,188,-38.937225341796875,-41.95989227294922,1
This museum could appreciate Mark.,Some nose could appreciate Mark.,syntax,s-selection,animate_subject_trans,True,False,True,False,189,-43.29361343383789,-44.321258544921875,1
Angela worked with some senators.,The mushroom worked with some senators.,syntax,s-selection,animate_subject_trans,True,False,True,False,190,-37.64638137817383,-43.47959518432617,1
Sara does flee from Vincent.,That carriage does flee from Vincent.,syntax,s-selection,animate_subject_trans,True,False,True,False,191,-46.824729919433594,-51.445945739746094,1
Theresa would return to Gerald.,This bread would return to Gerald.,syntax,s-selection,animate_subject_trans,True,False,True,False,192,-45.06401443481445,-45.446197509765625,1
A customer wasn't insulting rivers.,Every bike wasn't insulting rivers.,syntax,s-selection,animate_subject_trans,True,False,True,False,193,-51.28923034667969,-52.07061767578125,1
Nina remembered Wayne.,Every shawl remembered Wayne.,syntax,s-selection,animate_subject_trans,True,False,True,False,194,-35.317466735839844,-49.07329559326172,1
Douglas won't like fish.,That ice cream won't like fish.,syntax,s-selection,animate_subject_trans,True,False,True,False,195,-41.29782485961914,-42.278377532958984,1
Sally broke the couches.,Ice cream broke the couches.,syntax,s-selection,animate_subject_trans,True,False,True,False,196,-40.70851516723633,-41.93273162841797,1
All patients have argued about Brian.,Some essays have argued about Brian.,syntax,s-selection,animate_subject_trans,True,False,True,False,197,-44.525054931640625,-48.62474822998047,1
Richard has listened to Ella.,That story has listened to Ella.,syntax,s-selection,animate_subject_trans,True,False,True,False,198,-30.266069412231445,-39.255706787109375,1
Nancy ran around the Great Lakes.,This spinach ran around the Great Lakes.,syntax,s-selection,animate_subject_trans,True,False,True,False,199,-44.40751647949219,-47.69294738769531,1
Alan hadn't praised a story.,Every story hadn't praised a story.,syntax,s-selection,animate_subject_trans,True,False,True,False,200,-37.25025939941406,-44.09687805175781,1
Jessica hires Tara.,That story hires Tara.,syntax,s-selection,animate_subject_trans,True,False,True,False,201,-30.36085319519043,-37.796817779541016,1
Gina lifts the doors.,This closet lifts the doors.,syntax,s-selection,animate_subject_trans,True,False,True,False,202,-33.025115966796875,-34.5889892578125,1
Christina might hire Phillip.,The scarf might hire Phillip.,syntax,s-selection,animate_subject_trans,True,False,True,False,203,-44.627899169921875,-48.01945495605469,1
Ronald argued about Jeffrey.,That committee argued about Jeffrey.,syntax,s-selection,animate_subject_trans,True,False,True,False,204,-43.786109924316406,-41.760047912597656,0
Those actresses talked to many patients.,Those steps talked to many patients.,syntax,s-selection,animate_subject_trans,True,False,True,False,205,-40.63355255126953,-40.499908447265625,0
Caroline cleans a lot of pies.,A hill cleans a lot of pies.,syntax,s-selection,animate_subject_trans,True,False,True,False,206,-43.19520950317383,-45.74122619628906,1
Tonya is criticizing Elizabeth.,Every couch is criticizing Elizabeth.,syntax,s-selection,animate_subject_trans,True,False,True,False,207,-38.23100280761719,-43.12830352783203,1
Suzanne couldn't visit Colleen.,That fork couldn't visit Colleen.,syntax,s-selection,animate_subject_trans,True,False,True,False,208,-52.782249450683594,-50.9927978515625,0
This actress sees most patients.,That muffin sees most patients.,syntax,s-selection,animate_subject_trans,True,False,True,False,209,-37.98877716064453,-46.07747268676758,1
Linda was messing up some dishes.,That dog was messing up some dishes.,syntax,s-selection,animate_subject_trans,True,False,True,False,210,-43.87966537475586,-44.42668533325195,1
A woman was kissing Daniel.,The glove was kissing Daniel.,syntax,s-selection,animate_subject_trans,True,False,True,False,211,-37.88240051269531,-45.79833984375,1
April wasn't passing some bank.,A hat wasn't passing some bank.,syntax,s-selection,animate_subject_trans,True,False,True,False,212,-43.806182861328125,-52.948123931884766,1
Deborah hates Colleen.,A light hates Colleen.,syntax,s-selection,animate_subject_trans,True,False,True,False,213,-41.32199478149414,-41.755714416503906,1
Some waitresses examined an essay.,The casseroles examined an essay.,syntax,s-selection,animate_subject_trans,True,False,True,False,214,-45.69511413574219,-54.90958023071289,1
Debra has hired Homer.,This pasta has hired Homer.,syntax,s-selection,animate_subject_trans,True,False,True,False,215,-37.190399169921875,-45.65981674194336,1
Diana isn't touring the hospitals.,That mouth isn't touring the hospitals.,syntax,s-selection,animate_subject_trans,True,False,True,False,216,-51.4781379699707,-50.21784973144531,0
Eva loves this dancer.,Music loves this dancer.,syntax,s-selection,animate_subject_trans,True,False,True,False,217,-26.044178009033203,-26.94049835205078,1
Bruce hadn't examined the story.,That screen hadn't examined the story.,syntax,s-selection,animate_subject_trans,True,False,True,False,218,-39.06413269042969,-47.347232818603516,1
Naomi escaped from Sherry.,That print escaped from Sherry.,syntax,s-selection,animate_subject_trans,True,False,True,False,219,-42.709014892578125,-45.99404525756836,1
Gregory can talk about that senator.,That apple can talk about that senator.,syntax,s-selection,animate_subject_trans,True,False,True,False,220,-46.631710052490234,-48.51285934448242,1
These women have loved Julie.,Movie theaters have loved Julie.,syntax,s-selection,animate_subject_trans,True,False,True,False,221,-33.770050048828125,-42.695899963378906,1
Brett hasn't messed up that dress.,Every newspaper article hasn't messed up that dress.,syntax,s-selection,animate_subject_trans,True,False,True,False,222,-56.358909606933594,-60.688961029052734,1
Victoria has arrived at these banks.,A college campus has arrived at these banks.,syntax,s-selection,animate_subject_trans,True,False,True,False,223,-32.24386215209961,-47.39356231689453,1
Russell is boasting about Dawn.,The vase is boasting about Dawn.,syntax,s-selection,animate_subject_trans,True,False,True,False,224,-36.99028015136719,-54.71323776245117,1
Diana boycotts a lot of restaurants.,A shawl boycotts a lot of restaurants.,syntax,s-selection,animate_subject_trans,True,False,True,False,225,-50.370384216308594,-60.77243423461914,1
Tanya loves Wayne.,A legislature loves Wayne.,syntax,s-selection,animate_subject_trans,True,False,True,False,226,-34.820072174072266,-35.551918029785156,1
Dan bikes to this museum.,The pasta bikes to this museum.,syntax,s-selection,animate_subject_trans,True,False,True,False,227,-29.992733001708984,-42.72433853149414,1
Caroline finds Steven.,Some cup finds Steven.,syntax,s-selection,animate_subject_trans,True,False,True,False,228,-35.93855285644531,-37.05084228515625,1
Kimberley hides most rivers.,That window hides most rivers.,syntax,s-selection,animate_subject_trans,True,False,True,False,229,-50.457183837890625,-46.825233459472656,0
Gregory cleans that popsicle.,A dress cleans that popsicle.,syntax,s-selection,animate_subject_trans,True,False,True,False,230,-48.691650390625,-48.279457092285156,0
Janice passed this hospital.,Beef passed this hospital.,syntax,s-selection,animate_subject_trans,True,False,True,False,231,-36.738685607910156,-35.45008087158203,0
The Lutherans worked with some guys.,The essays worked with some guys.,syntax,s-selection,animate_subject_trans,True,False,True,False,232,-46.227142333984375,-38.466163635253906,0
Tonya isn't kissing Marie.,A commentary isn't kissing Marie.,syntax,s-selection,animate_subject_trans,True,False,True,False,233,-49.287479400634766,-52.03370666503906,1
Every adult is concealing Samuel.,Some rabbit is concealing Samuel.,syntax,s-selection,animate_subject_trans,True,False,True,False,234,-51.345977783203125,-54.23561096191406,1
Most libraries argued about Benjamin.,Those glasses argued about Benjamin.,syntax,s-selection,animate_subject_trans,True,False,True,False,235,-41.32065200805664,-42.75306701660156,1
Wendy didn't approach that actress.,The slope didn't approach that actress.,syntax,s-selection,animate_subject_trans,True,False,True,False,236,-52.56045913696289,-53.3106575012207,1
This boy wasn't fleeing from Sarah.,Some lamp wasn't fleeing from Sarah.,syntax,s-selection,animate_subject_trans,True,False,True,False,237,-49.614418029785156,-55.444705963134766,1
Sally won't question Judy.,Some cup won't question Judy.,syntax,s-selection,animate_subject_trans,True,False,True,False,238,-47.305015563964844,-48.36418533325195,1
Bruce discussed Carmen.,That broccoli discussed Carmen.,syntax,s-selection,animate_subject_trans,True,False,True,False,239,-29.11673355102539,-44.82154083251953,1
Keith hides a lot of rivers.,Some cucumber hides a lot of rivers.,syntax,s-selection,animate_subject_trans,True,False,True,False,240,-31.42135238647461,-51.40138244628906,1
Allison hasn't gone to every restaurant.,Every projector hasn't gone to every restaurant.,syntax,s-selection,animate_subject_trans,True,False,True,False,241,-52.77750015258789,-54.59615707397461,1
Christine is driving to high schools.,This sweater is driving to high schools.,syntax,s-selection,animate_subject_trans,True,False,True,False,242,-39.04265594482422,-45.17088317871094,1
Tina wasn't leaving Laurie.,Some carriage wasn't leaving Laurie.,syntax,s-selection,animate_subject_trans,True,False,True,False,243,-48.60496520996094,-53.04058837890625,1
Ellen won't reference Margaret.,Some bicycle won't reference Margaret.,syntax,s-selection,animate_subject_trans,True,False,True,False,244,-46.58623123168945,-54.43461608886719,1
Many universities are arguing about some patient.,Most tomatoes are arguing about some patient.,syntax,s-selection,animate_subject_trans,True,False,True,False,245,-42.85322570800781,-48.584312438964844,1
Regina describes Grace.,This hat describes Grace.,syntax,s-selection,animate_subject_trans,True,False,True,False,246,-33.026222229003906,-36.821754455566406,1
A lot of dancers weren't escaping from an actor.,All malls weren't escaping from an actor.,syntax,s-selection,animate_subject_trans,True,False,True,False,247,-64.10308837890625,-57.4283447265625,0
Omar has driven to this lake.,A lamp has driven to this lake.,syntax,s-selection,animate_subject_trans,True,False,True,False,248,-44.507389068603516,-44.891700744628906,1
All organizations should describe David.,Some cars should describe David.,syntax,s-selection,animate_subject_trans,True,False,True,False,249,-37.34258270263672,-40.41522216796875,1
Rose isn't fleeing from Guy.,Politics isn't fleeing from Guy.,syntax,s-selection,animate_subject_trans,True,False,True,False,250,-40.09119415283203,-38.81121063232422,0
Naomi has fled from Cindy.,That story has fled from Cindy.,syntax,s-selection,animate_subject_trans,True,False,True,False,251,-42.83253479003906,-40.61577606201172,0
Raymond exited these grocery stores.,Music exited these grocery stores.,syntax,s-selection,animate_subject_trans,True,False,True,False,252,-47.157615661621094,-37.506534576416016,0
These girls aren't wearing that shoe.,Some rivers aren't wearing that shoe.,syntax,s-selection,animate_subject_trans,True,False,True,False,253,-46.73835754394531,-52.84726333618164,1
Some dancer kissed that actor.,Some public park kissed that actor.,syntax,s-selection,animate_subject_trans,True,False,True,False,254,-42.43795394897461,-50.29811477661133,1
Victoria hadn't visited every library.,This company hadn't visited every library.,syntax,s-selection,animate_subject_trans,True,False,True,False,255,-42.05034637451172,-51.92611312866211,1
Many teenagers were noticing Mark.,Most doors were noticing Mark.,syntax,s-selection,animate_subject_trans,True,False,True,False,256,-41.990909576416016,-46.196449279785156,1
Deanna is hugging Tamara.,Some lamp is hugging Tamara.,syntax,s-selection,animate_subject_trans,True,False,True,False,257,-46.852500915527344,-52.04663848876953,1
Patricia had cleaned every dress.,This school had cleaned every dress.,syntax,s-selection,animate_subject_trans,True,False,True,False,258,-44.25942611694336,-40.72587585449219,0
Joel won't argue about Mitchell.,A government won't argue about Mitchell.,syntax,s-selection,animate_subject_trans,True,False,True,False,259,-46.597511291503906,-48.058345794677734,1
Charles isn't insulting those customers.,This shirt isn't insulting those customers.,syntax,s-selection,animate_subject_trans,True,False,True,False,260,-41.19658660888672,-53.63679504394531,1
The doctors wouldn't care for Mary.,Many steps wouldn't care for Mary.,syntax,s-selection,animate_subject_trans,True,False,True,False,261,-43.532936096191406,-43.45288848876953,0
Mark exits a hospital.,Some picture exits a hospital.,syntax,s-selection,animate_subject_trans,True,False,True,False,262,-25.710002899169922,-36.510841369628906,1
Jill brought that cart.,That closet brought that cart.,syntax,s-selection,animate_subject_trans,True,False,True,False,263,-40.27875900268555,-43.61936569213867,1
Danielle discusses Alice.,Every photograph discusses Alice.,syntax,s-selection,animate_subject_trans,True,False,True,False,264,-33.9135627746582,-37.805206298828125,1
Brad wasn't discovering this computer.,Every hospital wasn't discovering this computer.,syntax,s-selection,animate_subject_trans,True,False,True,False,265,-38.26364517211914,-50.140655517578125,1
William lifts this river.,The lake lifts this river.,syntax,s-selection,animate_subject_trans,True,False,True,False,266,-28.767436981201172,-37.191226959228516,1
Jennifer does research a cafe.,Some casserole does research a cafe.,syntax,s-selection,animate_subject_trans,True,False,True,False,267,-36.40314865112305,-59.189727783203125,1
Lawrence can't reveal Andrew.,This restaurant can't reveal Andrew.,syntax,s-selection,animate_subject_trans,True,False,True,False,268,-47.43329620361328,-47.16718292236328,0
Naomi had cleaned a fork.,That book had cleaned a fork.,syntax,s-selection,animate_subject_trans,True,False,True,False,269,-40.018760681152344,-39.74658966064453,0
John was leaving Helen.,Every eggplant was leaving Helen.,syntax,s-selection,animate_subject_trans,True,False,True,False,270,-29.168733596801758,-53.713157653808594,1
Tracy won't kiss Lori.,Every report won't kiss Lori.,syntax,s-selection,animate_subject_trans,True,False,True,False,271,-48.89533996582031,-46.66361999511719,0
Carla wasn't arriving at many college campuses.,A restaurant wasn't arriving at many college campuses.,syntax,s-selection,animate_subject_trans,True,False,True,False,272,-59.90860366821289,-63.44136047363281,1
That company wouldn't remember the Lutherans.,Every icicle wouldn't remember the Lutherans.,syntax,s-selection,animate_subject_trans,True,False,True,False,273,-57.084354400634766,-72.67506408691406,1
Vincent might admire that mirror.,The fish might admire that mirror.,syntax,s-selection,animate_subject_trans,True,False,True,False,274,-49.255706787109375,-49.296104431152344,1
Every driver finds Lissa.,The skirt finds Lissa.,syntax,s-selection,animate_subject_trans,True,False,True,False,275,-42.61669921875,-43.732337951660156,1
Chad hired Eric.,A snake hired Eric.,syntax,s-selection,animate_subject_trans,True,False,True,False,276,-32.36724853515625,-38.83161926269531,1
Jodi respects a hospital.,The school respects a hospital.,syntax,s-selection,animate_subject_trans,True,False,True,False,277,-36.43041229248047,-30.966293334960938,0
Kirsten had concealed George.,The cucumber had concealed George.,syntax,s-selection,animate_subject_trans,True,False,True,False,278,-51.30036544799805,-54.72381591796875,1
Some guests couldn't question Theodore.,Many casseroles couldn't question Theodore.,syntax,s-selection,animate_subject_trans,True,False,True,False,279,-49.20882034301758,-70.62370300292969,1
Janet isn't walking through malls.,That sock isn't walking through malls.,syntax,s-selection,animate_subject_trans,True,False,True,False,280,-47.3237190246582,-49.310096740722656,1
Barbara would cure doctors.,The sketch would cure doctors.,syntax,s-selection,animate_subject_trans,True,False,True,False,281,-38.67451095581055,-42.59996795654297,1
A man is dropping by grocery stores.,This hamster is dropping by grocery stores.,syntax,s-selection,animate_subject_trans,True,False,True,False,282,-44.876495361328125,-57.56501007080078,1
Allison messed up most hospitals.,That dress messed up most hospitals.,syntax,s-selection,animate_subject_trans,True,False,True,False,283,-48.91896057128906,-46.001834869384766,0
Suzanne should lift many stairs.,The cake should lift many stairs.,syntax,s-selection,animate_subject_trans,True,False,True,False,284,-49.44444274902344,-47.84429168701172,0
Samantha researched all essays.,This bird researched all essays.,syntax,s-selection,animate_subject_trans,True,False,True,False,285,-52.39552307128906,-41.34847640991211,0
Kenneth can't appreciate those museums.,Chicken can't appreciate those museums.,syntax,s-selection,animate_subject_trans,True,False,True,False,286,-43.89482879638672,-36.69208908081055,0
Tonya couldn't boast about science.,Some pork couldn't boast about science.,syntax,s-selection,animate_subject_trans,True,False,True,False,287,-46.918678283691406,-51.87855911254883,1
Becky wouldn't complain about Connie.,Every pepper wouldn't complain about Connie.,syntax,s-selection,animate_subject_trans,True,False,True,False,288,-46.585594177246094,-53.67058563232422,1
Cheryl isn't admiring those unicycles.,The movie isn't admiring those unicycles.,syntax,s-selection,animate_subject_trans,True,False,True,False,289,-86.86717224121094,-74.19453430175781,0
Colleen bikes to this museum.,Every apple bikes to this museum.,syntax,s-selection,animate_subject_trans,True,False,True,False,290,-42.057334899902344,-40.342742919921875,0
Carol might take some socks.,That cup might take some socks.,syntax,s-selection,animate_subject_trans,True,False,True,False,291,-40.18071746826172,-40.8478889465332,1
Beth toured many libraries.,Art toured many libraries.,syntax,s-selection,animate_subject_trans,True,False,True,False,292,-38.70168685913086,-32.073665618896484,0
Lawrence isn't exploring the movie theater.,This bank isn't exploring the movie theater.,syntax,s-selection,animate_subject_trans,True,False,True,False,293,-50.58204650878906,-51.44375991821289,1
Ann drops by that lake.,A snake drops by that lake.,syntax,s-selection,animate_subject_trans,True,False,True,False,294,-37.627716064453125,-48.036739349365234,1
Grace is discovering the committees.,A dish is discovering the committees.,syntax,s-selection,animate_subject_trans,True,False,True,False,295,-40.073448181152344,-43.704734802246094,1
Paul isn't walking through that closet.,That light isn't walking through that closet.,syntax,s-selection,animate_subject_trans,True,False,True,False,296,-45.84862518310547,-54.26108169555664,1
Tina explores movie theaters.,That picture explores movie theaters.,syntax,s-selection,animate_subject_trans,True,False,True,False,297,-43.60063552856445,-44.39739227294922,1
Carla wasn't driving to that bank.,That committee wasn't driving to that bank.,syntax,s-selection,animate_subject_trans,True,False,True,False,298,-51.93256378173828,-53.69975662231445,1
Sherry didn't hug Curtis.,Literature didn't hug Curtis.,syntax,s-selection,animate_subject_trans,True,False,True,False,299,-50.048187255859375,-48.61323547363281,0
Cynthia is buying eggplants.,Some play is buying eggplants.,syntax,s-selection,animate_subject_trans,True,False,True,False,300,-63.235206604003906,-49.396018981933594,0
Larry isn't admiring Patrick.,The lake isn't admiring Patrick.,syntax,s-selection,animate_subject_trans,True,False,True,False,301,-44.76729965209961,-56.105167388916016,1
Danielle had worn the shirts.,The essay had worn the shirts.,syntax,s-selection,animate_subject_trans,True,False,True,False,302,-40.04502868652344,-42.081443786621094,1
Guy had talked to Holly.,Some eye had talked to Holly.,syntax,s-selection,animate_subject_trans,True,False,True,False,303,-31.12716293334961,-43.22792434692383,1
This doctor isn't scanning some play.,This projector isn't scanning some play.,syntax,s-selection,animate_subject_trans,True,False,True,False,304,-49.97355651855469,-55.019500732421875,1
Karla isn't lifting a shoe.,Some car isn't lifting a shoe.,syntax,s-selection,animate_subject_trans,True,False,True,False,305,-45.22373962402344,-46.44476318359375,1
Debra hasn't returned to Alexander.,Every eggplant hasn't returned to Alexander.,syntax,s-selection,animate_subject_trans,True,False,True,False,306,-45.536537170410156,-63.457191467285156,1
Ronald approached Carla.,Literature approached Carla.,syntax,s-selection,animate_subject_trans,True,False,True,False,307,-40.79127502441406,-40.28367614746094,0
Sandra can flee from Adam.,Some rice can flee from Adam.,syntax,s-selection,animate_subject_trans,True,False,True,False,308,-45.08726501464844,-46.153656005859375,1
Russell wouldn't complain about Jeffrey.,Every eggplant wouldn't complain about Jeffrey.,syntax,s-selection,animate_subject_trans,True,False,True,False,309,-39.85203552246094,-64.00325012207031,1
Children listened to Susan.,Most rivers listened to Susan.,syntax,s-selection,animate_subject_trans,True,False,True,False,310,-27.067901611328125,-40.61223602294922,1
Nicole wasn't praising Elizabeth.,Some computer wasn't praising Elizabeth.,syntax,s-selection,animate_subject_trans,True,False,True,False,311,-45.64202117919922,-49.63678741455078,1
Scott breaks this screen.,Every high school breaks this screen.,syntax,s-selection,animate_subject_trans,True,False,True,False,312,-26.468097686767578,-38.84272384643555,1
Jane skates around this grocery store.,A bank skates around this grocery store.,syntax,s-selection,animate_subject_trans,True,False,True,False,313,-44.885719299316406,-54.57455062866211,1
Julie attacks Kayla.,Some commentary attacks Kayla.,syntax,s-selection,animate_subject_trans,True,False,True,False,314,-38.70343017578125,-45.418678283691406,1
Monet is hiding some guys.,Every turtle is hiding some guys.,syntax,s-selection,animate_subject_trans,True,False,True,False,315,-40.93018341064453,-46.594581604003906,1
Rhonda isn't fleeing from Connie.,This sketch isn't fleeing from Connie.,syntax,s-selection,animate_subject_trans,True,False,True,False,316,-52.876129150390625,-54.34877014160156,1
Rachelle wasn't boasting about the Borgias.,Every drawing wasn't boasting about the Borgias.,syntax,s-selection,animate_subject_trans,True,False,True,False,317,-62.94911193847656,-67.2818374633789,1
Suzanne saw Teresa.,That sweater saw Teresa.,syntax,s-selection,animate_subject_trans,True,False,True,False,318,-39.380615234375,-38.929317474365234,0
Debra runs around many movie theaters.,Every ladder runs around many movie theaters.,syntax,s-selection,animate_subject_trans,True,False,True,False,319,-54.36906433105469,-58.956119537353516,1
Nancy hired people.,The dog hired people.,syntax,s-selection,animate_subject_trans,True,False,True,False,320,-32.28319549560547,-29.76494598388672,0
Brenda helps Sharon.,That dog helps Sharon.,syntax,s-selection,animate_subject_trans,True,False,True,False,321,-30.811979293823242,-34.41958999633789,1
Diane hadn't talked to Eric.,This face hadn't talked to Eric.,syntax,s-selection,animate_subject_trans,True,False,True,False,322,-53.040313720703125,-51.27796936035156,0
Some doctor didn't criticize these ladies.,That public park didn't criticize these ladies.,syntax,s-selection,animate_subject_trans,True,False,True,False,323,-45.48088836669922,-56.7239990234375,1
Some dancer isn't helping Catherine.,That rice isn't helping Catherine.,syntax,s-selection,animate_subject_trans,True,False,True,False,324,-49.09893035888672,-49.1949462890625,1
The teachers hadn't examined this newspaper article.,Many glasses hadn't examined this newspaper article.,syntax,s-selection,animate_subject_trans,True,False,True,False,325,-61.68829345703125,-62.64480209350586,1
Meredith conceals Curtis.,This sketch conceals Curtis.,syntax,s-selection,animate_subject_trans,True,False,True,False,326,-48.08436965942383,-47.72249221801758,0
George isn't running around a lot of malls.,A glove isn't running around a lot of malls.,syntax,s-selection,animate_subject_trans,True,False,True,False,327,-44.40694808959961,-56.474937438964844,1
Dawn wouldn't describe Sabrina.,Every skateboard wouldn't describe Sabrina.,syntax,s-selection,animate_subject_trans,True,False,True,False,328,-54.162681579589844,-63.1120491027832,1
Paul did examine some play.,Every university did examine some play.,syntax,s-selection,animate_subject_trans,True,False,True,False,329,-33.78451919555664,-45.72761917114258,1
Martha cured Gregory.,The shoe cured Gregory.,syntax,s-selection,animate_subject_trans,True,False,True,False,330,-40.351539611816406,-42.190513610839844,1
Many people could argue about Homer.,All essays could argue about Homer.,syntax,s-selection,animate_subject_trans,True,False,True,False,331,-36.84601593017578,-46.51918029785156,1
James isn't exiting hills.,This movie theater isn't exiting hills.,syntax,s-selection,animate_subject_trans,True,False,True,False,332,-35.01227569580078,-52.19429016113281,1
Kirsten had kissed the Borgias.,This report had kissed the Borgias.,syntax,s-selection,animate_subject_trans,True,False,True,False,333,-60.867469787597656,-52.401180267333984,0
Alexander walks through some glaciers.,That candle walks through some glaciers.,syntax,s-selection,animate_subject_trans,True,False,True,False,334,-34.334877014160156,-48.070884704589844,1
Keith notices all unicycles.,The glacier notices all unicycles.,syntax,s-selection,animate_subject_trans,True,False,True,False,335,-50.15986633300781,-64.45954895019531,1
Lucille left Larry.,Every college campus left Larry.,syntax,s-selection,animate_subject_trans,True,False,True,False,336,-34.558284759521484,-42.60240936279297,1
Danielle hugged Kristen.,That screen hugged Kristen.,syntax,s-selection,animate_subject_trans,True,False,True,False,337,-39.881683349609375,-43.76055908203125,1
Homer helped Melanie.,A sketch helped Melanie.,syntax,s-selection,animate_subject_trans,True,False,True,False,338,-38.04899215698242,-38.90160369873047,1
Alice ran around some glacier.,An essay ran around some glacier.,syntax,s-selection,animate_subject_trans,True,False,True,False,339,-34.68670654296875,-45.810302734375,1
George had described the drivers.,This box had described the drivers.,syntax,s-selection,animate_subject_trans,True,False,True,False,340,-28.339988708496094,-39.269691467285156,1
Tamara complains about those drivers.,Every carriage complains about those drivers.,syntax,s-selection,animate_subject_trans,True,False,True,False,341,-42.48529052734375,-44.552696228027344,1
The boy hadn't boasted about Andrea.,The documentary hadn't boasted about Andrea.,syntax,s-selection,animate_subject_trans,True,False,True,False,342,-56.724937438964844,-59.04179382324219,1
Teresa is running around a mall.,This library is running around a mall.,syntax,s-selection,animate_subject_trans,True,False,True,False,343,-44.00755310058594,-39.252315521240234,0
Robert explored these closets.,Every high school explored these closets.,syntax,s-selection,animate_subject_trans,True,False,True,False,344,-35.70873260498047,-47.66852569580078,1
Eric does appreciate Elaine.,Some college campus does appreciate Elaine.,syntax,s-selection,animate_subject_trans,True,False,True,False,345,-31.412187576293945,-49.429473876953125,1
Regina wasn't working with Renee.,A sock wasn't working with Renee.,syntax,s-selection,animate_subject_trans,True,False,True,False,346,-48.69660186767578,-50.31715774536133,1
Alan is wearing the shoe.,This ice is wearing the shoe.,syntax,s-selection,animate_subject_trans,True,False,True,False,347,-26.778430938720703,-36.022918701171875,1
Cynthia had all stairs.,Politics had all stairs.,syntax,s-selection,animate_subject_trans,True,False,True,False,348,-46.00557327270508,-24.028858184814453,0
Carrie hasn't talked to Sheila.,Every government hasn't talked to Sheila.,syntax,s-selection,animate_subject_trans,True,False,True,False,349,-55.07997131347656,-54.12743377685547,0
Kristen biked to a lot of movie theaters.,Some dress biked to a lot of movie theaters.,syntax,s-selection,animate_subject_trans,True,False,True,False,350,-60.18236541748047,-65.17025756835938,1
Colleen insulted Irene.,This college campus insulted Irene.,syntax,s-selection,animate_subject_trans,True,False,True,False,351,-38.74458312988281,-48.4932746887207,1
Naomi has escaped from Michelle.,Every candle has escaped from Michelle.,syntax,s-selection,animate_subject_trans,True,False,True,False,352,-42.43431854248047,-46.861812591552734,1
Rachel could criticize this documentary.,The mushroom could criticize this documentary.,syntax,s-selection,animate_subject_trans,True,False,True,False,353,-33.245391845703125,-49.0667839050293,1
Samuel hasn't gone to most closets.,A muffin hasn't gone to most closets.,syntax,s-selection,animate_subject_trans,True,False,True,False,354,-57.32942581176758,-65.73900604248047,1
That beef looks like the paintings.,Some wheelbarrow looks like the paintings.,syntax,s-selection,animate_subject_trans,True,False,True,False,355,-37.169456481933594,-57.31568908691406,1
Wendy isn't approaching Todd.,Some spinach isn't approaching Todd.,syntax,s-selection,animate_subject_trans,True,False,True,False,356,-52.53390884399414,-53.140193939208984,1
The Lutherans can't remember the patient.,Commentaries can't remember the patient.,syntax,s-selection,animate_subject_trans,True,False,True,False,357,-52.62870788574219,-42.78428268432617,0
Alexander wasn't exploring some rivers.,The computer wasn't exploring some rivers.,syntax,s-selection,animate_subject_trans,True,False,True,False,358,-40.46673583984375,-50.438453674316406,1
Those cashiers were exiting all hospitals.,A lot of stairs were exiting all hospitals.,syntax,s-selection,animate_subject_trans,True,False,True,False,359,-56.74886703491211,-58.86396789550781,1
Melanie hadn't talked to Patrick.,Some mountain hadn't talked to Patrick.,syntax,s-selection,animate_subject_trans,True,False,True,False,360,-49.304019927978516,-51.863067626953125,1
Vanessa wasn't buying most libraries.,That government wasn't buying most libraries.,syntax,s-selection,animate_subject_trans,True,False,True,False,361,-51.29875946044922,-51.64018249511719,1
A guy conceals most waitresses.,This shawl conceals most waitresses.,syntax,s-selection,animate_subject_trans,True,False,True,False,362,-59.97703552246094,-71.80072784423828,1
Eric has escaped from Heather.,That icicle has escaped from Heather.,syntax,s-selection,animate_subject_trans,True,False,True,False,363,-30.721630096435547,-57.3387451171875,1
Ellen ran around that bank.,A legislature ran around that bank.,syntax,s-selection,animate_subject_trans,True,False,True,False,364,-41.515419006347656,-46.20793914794922,1
Lisa scans many plays.,The government scans many plays.,syntax,s-selection,animate_subject_trans,True,False,True,False,365,-37.63751983642578,-45.23237991333008,1
Melanie didn't clean many snakes.,Some hamster didn't clean many snakes.,syntax,s-selection,animate_subject_trans,True,False,True,False,366,-50.632869720458984,-61.62137985229492,1
Dan is scanning a commentary.,Every unicycle is scanning a commentary.,syntax,s-selection,animate_subject_trans,True,False,True,False,367,-32.10496520996094,-53.370452880859375,1
The dancers had these couches.,The couches had these couches.,syntax,s-selection,animate_subject_trans,True,False,True,False,368,-46.04338836669922,-52.12618637084961,1
Barbara helps that teacher.,A glacier helps that teacher.,syntax,s-selection,animate_subject_trans,True,False,True,False,369,-39.119720458984375,-43.9241943359375,1
The man could research most plays.,Some horse could research most plays.,syntax,s-selection,animate_subject_trans,True,False,True,False,370,-49.39085388183594,-51.6878547668457,1
Russell didn't fire those cashiers.,This rice didn't fire those cashiers.,syntax,s-selection,animate_subject_trans,True,False,True,False,371,-49.6619873046875,-63.5233039855957,1
Margaret is bringing many scarves.,The fish is bringing many scarves.,syntax,s-selection,animate_subject_trans,True,False,True,False,372,-48.22346496582031,-48.49003601074219,1
Claire has boycotted some university.,Some steak has boycotted some university.,syntax,s-selection,animate_subject_trans,True,False,True,False,373,-65.74172973632812,-69.37599182128906,1
Noah hadn't listened to Eva.,Some closet hadn't listened to Eva.,syntax,s-selection,animate_subject_trans,True,False,True,False,374,-46.7210807800293,-53.515045166015625,1
Tanya had fixed that fork.,That pie had fixed that fork.,syntax,s-selection,animate_subject_trans,True,False,True,False,375,-45.562477111816406,-47.54597854614258,1
Julie could question Benjamin.,That grocery store could question Benjamin.,syntax,s-selection,animate_subject_trans,True,False,True,False,376,-37.07052993774414,-51.0562629699707,1
Martha is insulting many guys.,Some bike is insulting many guys.,syntax,s-selection,animate_subject_trans,True,False,True,False,377,-46.878116607666016,-47.95973205566406,1
Rodney is driving to those lakes.,A committee is driving to those lakes.,syntax,s-selection,animate_subject_trans,True,False,True,False,378,-44.840476989746094,-42.77248001098633,0
Diana hasn't cared for Meredith.,Fish hasn't cared for Meredith.,syntax,s-selection,animate_subject_trans,True,False,True,False,379,-48.413997650146484,-40.52620315551758,0
Tiffany had healed Matt.,This door had healed Matt.,syntax,s-selection,animate_subject_trans,True,False,True,False,380,-49.31291198730469,-42.71145248413086,0
Bethany is discussing April.,Every mall is discussing April.,syntax,s-selection,animate_subject_trans,True,False,True,False,381,-43.57330322265625,-40.08189392089844,0
All senators kissed Holly.,The pies kissed Holly.,syntax,s-selection,animate_subject_trans,True,False,True,False,382,-39.26941680908203,-38.593345642089844,0
Teresa wasn't skated around that cafe.,A window wasn't skated around that cafe.,syntax,s-selection,animate_subject_trans,True,False,True,False,383,-70.16205596923828,-71.08717346191406,1
Every student might care for those girls.,That public park might care for those girls.,syntax,s-selection,animate_subject_trans,True,False,True,False,384,-39.58295440673828,-52.40696716308594,1
Teresa hadn't remembered Timothy.,The bicycle hadn't remembered Timothy.,syntax,s-selection,animate_subject_trans,True,False,True,False,385,-51.70402908325195,-53.832061767578125,1
The hospital was firing Mitchell.,The water was firing Mitchell.,syntax,s-selection,animate_subject_trans,True,False,True,False,386,-40.17948532104492,-40.798736572265625,1
Tamara will escape from Adam.,Music will escape from Adam.,syntax,s-selection,animate_subject_trans,True,False,True,False,387,-38.959293365478516,-29.638710021972656,0
The driver shouldn't examine a lot of plays.,The skirt shouldn't examine a lot of plays.,syntax,s-selection,animate_subject_trans,True,False,True,False,388,-54.36083221435547,-56.437339782714844,1
Valerie wasn't passing every mountain.,A mushroom wasn't passing every mountain.,syntax,s-selection,animate_subject_trans,True,False,True,False,389,-50.96856689453125,-55.82342529296875,1
Mary fled from Becky.,A door fled from Becky.,syntax,s-selection,animate_subject_trans,True,False,True,False,390,-27.991764068603516,-43.310699462890625,1
Most actors skated around this library.,Many reports skated around this library.,syntax,s-selection,animate_subject_trans,True,False,True,False,391,-50.407196044921875,-49.52058792114258,0
Kayla would discuss Roger.,That plate would discuss Roger.,syntax,s-selection,animate_subject_trans,True,False,True,False,392,-39.606449127197266,-45.23345184326172,1
Every girl discovers Cynthia.,Some sweater discovers Cynthia.,syntax,s-selection,animate_subject_trans,True,False,True,False,393,-38.131752014160156,-44.0828857421875,1
Gerald ran around some movie theater.,The apple ran around some movie theater.,syntax,s-selection,animate_subject_trans,True,False,True,False,394,-58.50189208984375,-55.04257583618164,0
Susan is criticizing Guy.,The sock is criticizing Guy.,syntax,s-selection,animate_subject_trans,True,False,True,False,395,-28.556129455566406,-43.758880615234375,1
Melinda had scanned many stories.,A movie had scanned many stories.,syntax,s-selection,animate_subject_trans,True,False,True,False,396,-41.70781707763672,-42.41477966308594,1
Liam thought about some association.,The mushroom thought about some association.,syntax,s-selection,animate_subject_trans,True,False,True,False,397,-41.04790496826172,-45.73282241821289,1
Nina will notice those girls.,A sketch will notice those girls.,syntax,s-selection,animate_subject_trans,True,False,True,False,398,-41.73011779785156,-44.99589538574219,1
Gerald isn't biking to a grocery store.,That car isn't biking to a grocery store.,syntax,s-selection,animate_subject_trans,True,False,True,False,399,-57.54573059082031,-51.45181655883789,0
Leslie listens to Keith.,This story listens to Keith.,syntax,s-selection,animate_subject_trans,True,False,True,False,400,-38.706298828125,-34.95933151245117,0
Rhonda will lift a tomato.,That movie will lift a tomato.,syntax,s-selection,animate_subject_trans,True,False,True,False,401,-42.78233337402344,-41.81660079956055,0
Kristen might bike to those libraries.,Some snake might bike to those libraries.,syntax,s-selection,animate_subject_trans,True,False,True,False,402,-48.10438537597656,-53.675025939941406,1
Diana broke this skateboard.,That cat broke this skateboard.,syntax,s-selection,animate_subject_trans,True,False,True,False,403,-44.28153991699219,-42.55885314941406,0
Karla notices Carolyn.,The college campus notices Carolyn.,syntax,s-selection,animate_subject_trans,True,False,True,False,404,-37.39653015136719,-44.45965576171875,1
Julia discusses a lot of dancers.,A muffin discusses a lot of dancers.,syntax,s-selection,animate_subject_trans,True,False,True,False,405,-38.38861846923828,-48.81117248535156,1
The students haven't cleaned some glasses.,Eggplants haven't cleaned some glasses.,syntax,s-selection,animate_subject_trans,True,False,True,False,406,-48.624107360839844,-66.00352478027344,1
Some ladies were exiting all high schools.,The Balkans were exiting all high schools.,syntax,s-selection,animate_subject_trans,True,False,True,False,407,-46.944889068603516,-50.15045166015625,1
John has healed a lot of actresses.,Music has healed a lot of actresses.,syntax,s-selection,animate_subject_trans,True,False,True,False,408,-35.64630889892578,-36.846771240234375,1
Tanya wouldn't conceal most socks.,A door wouldn't conceal most socks.,syntax,s-selection,animate_subject_trans,True,False,True,False,409,-55.77814483642578,-58.603660583496094,1
Becca might fix this dish.,Every ladder might fix this dish.,syntax,s-selection,animate_subject_trans,True,False,True,False,410,-41.23847961425781,-44.16799545288086,1
April sounded like Amelia.,The museum sounded like Amelia.,syntax,s-selection,animate_subject_trans,True,False,True,False,411,-31.686981201171875,-42.27973175048828,1
Christine hasn't watched Janet.,This plane hasn't watched Janet.,syntax,s-selection,animate_subject_trans,True,False,True,False,412,-46.593833923339844,-50.2215690612793,1
Jeffrey wasn't noticing Aaron.,The mouth wasn't noticing Aaron.,syntax,s-selection,animate_subject_trans,True,False,True,False,413,-47.07624053955078,-48.9085578918457,1
Rebecca has broken some computer.,A unicycle has broken some computer.,syntax,s-selection,animate_subject_trans,True,False,True,False,414,-44.303890228271484,-53.994285583496094,1
An actor discusses Tanya.,Art discusses Tanya.,syntax,s-selection,animate_subject_trans,True,False,True,False,415,-40.06420135498047,-27.99036979675293,0
Those women don't exit these glaciers.,A lot of mushrooms don't exit these glaciers.,syntax,s-selection,animate_subject_trans,True,False,True,False,416,-44.737674713134766,-62.62216567993164,1
Claire hasn't described this documentary.,That ladder hasn't described this documentary.,syntax,s-selection,animate_subject_trans,True,False,True,False,417,-51.681541442871094,-54.579307556152344,1
Nancy was bringing this wheelbarrow.,The wheelbarrow was bringing this wheelbarrow.,syntax,s-selection,animate_subject_trans,True,False,True,False,418,-60.63544464111328,-81.24012756347656,1
Douglas hasn't appreciated some doctor.,This rug hasn't appreciated some doctor.,syntax,s-selection,animate_subject_trans,True,False,True,False,419,-52.26148986816406,-51.58830642700195,0
Colleen cleans some dish.,Some eye cleans some dish.,syntax,s-selection,animate_subject_trans,True,False,True,False,420,-38.153663635253906,-36.31045150756836,0
Rose is touring all glaciers.,Art is touring all glaciers.,syntax,s-selection,animate_subject_trans,True,False,True,False,421,-35.24769592285156,-35.13593292236328,0
The student will examine the commentary.,This newspaper article will examine the commentary.,syntax,s-selection,animate_subject_trans,True,False,True,False,422,-33.265830993652344,-44.71893310546875,1
Sara exited that bank.,Every photograph exited that bank.,syntax,s-selection,animate_subject_trans,True,False,True,False,423,-41.52427673339844,-45.634029388427734,1
Marla hid Curtis.,A play hid Curtis.,syntax,s-selection,animate_subject_trans,True,False,True,False,424,-33.52629089355469,-37.997039794921875,1
Dawn wouldn't buy some rivers.,Every shawl wouldn't buy some rivers.,syntax,s-selection,animate_subject_trans,True,False,True,False,425,-47.87725830078125,-56.20128631591797,1
Cheryl isn't thinking about the print.,A gate isn't thinking about the print.,syntax,s-selection,animate_subject_trans,True,False,True,False,426,-55.23870849609375,-47.12434387207031,0
Mitchell had hugged Monica.,That university had hugged Monica.,syntax,s-selection,animate_subject_trans,True,False,True,False,427,-45.02511978149414,-45.377220153808594,1
John was observing Michelle.,This hat was observing Michelle.,syntax,s-selection,animate_subject_trans,True,False,True,False,428,-29.493671417236328,-40.793636322021484,1
Lawrence isn't appreciating Martin.,Every bike isn't appreciating Martin.,syntax,s-selection,animate_subject_trans,True,False,True,False,429,-50.21855926513672,-52.60633850097656,1
Some boy had exited the cafes.,Pork had exited the cafes.,syntax,s-selection,animate_subject_trans,True,False,True,False,430,-44.30181884765625,-45.03888702392578,1
Elizabeth isn't approaching Christopher.,Some bird isn't approaching Christopher.,syntax,s-selection,animate_subject_trans,True,False,True,False,431,-41.0373649597168,-52.62906265258789,1
Nancy is talking about Lucille.,This pie is talking about Lucille.,syntax,s-selection,animate_subject_trans,True,False,True,False,432,-44.97394561767578,-46.236610412597656,1
Charles exited those art galleries.,Every school exited those art galleries.,syntax,s-selection,animate_subject_trans,True,False,True,False,433,-40.45878601074219,-49.05867004394531,1
Dan hadn't dropped by many libraries.,That steak hadn't dropped by many libraries.,syntax,s-selection,animate_subject_trans,True,False,True,False,434,-46.79831314086914,-58.322509765625,1
Sara was working with Deborah.,This cucumber was working with Deborah.,syntax,s-selection,animate_subject_trans,True,False,True,False,435,-33.8336067199707,-46.226295471191406,1
Kristin sounds like Rachel.,This fish sounds like Rachel.,syntax,s-selection,animate_subject_trans,True,False,True,False,436,-33.43262481689453,-37.647117614746094,1
Most pedestrians wouldn't hug Patrick.,All legislatures wouldn't hug Patrick.,syntax,s-selection,animate_subject_trans,True,False,True,False,437,-51.44511413574219,-51.05653381347656,0
Jane won't appreciate Candice.,Every skateboard won't appreciate Candice.,syntax,s-selection,animate_subject_trans,True,False,True,False,438,-40.555789947509766,-59.137996673583984,1
Kenneth hated Curtis.,Some bank hated Curtis.,syntax,s-selection,animate_subject_trans,True,False,True,False,439,-34.171504974365234,-38.44771194458008,1
Jesus boasted about a lot of newspaper articles.,This spinach boasted about a lot of newspaper articles.,syntax,s-selection,animate_subject_trans,True,False,True,False,440,-47.020957946777344,-62.863670349121094,1
Melissa watched Ella.,Some vase watched Ella.,syntax,s-selection,animate_subject_trans,True,False,True,False,441,-37.903507232666016,-47.28608703613281,1
Tiffany should lift cups.,This glove should lift cups.,syntax,s-selection,animate_subject_trans,True,False,True,False,442,-45.547325134277344,-41.29191589355469,0
Dennis scares patients.,The jacket scares patients.,syntax,s-selection,animate_subject_trans,True,False,True,False,443,-39.81035614013672,-40.83740234375,1
Kathleen is talking about a guy.,The skateboard is talking about a guy.,syntax,s-selection,animate_subject_trans,True,False,True,False,444,-43.690582275390625,-44.25946807861328,1
Roger isn't researching a story.,Some jacket isn't researching a story.,syntax,s-selection,animate_subject_trans,True,False,True,False,445,-34.392826080322266,-46.33819580078125,1
Most committees haven't talked about Maria.,Some glasses haven't talked about Maria.,syntax,s-selection,animate_subject_trans,True,False,True,False,446,-49.0140266418457,-48.032928466796875,0
Douglas respects that doctor.,This cucumber respects that doctor.,syntax,s-selection,animate_subject_trans,True,False,True,False,447,-42.748321533203125,-51.86946105957031,1
Scott resembles some photographs.,That light resembles some photographs.,syntax,s-selection,animate_subject_trans,True,False,True,False,448,-28.313634872436523,-37.228431701660156,1
Pamela had broken these cups.,Some unicycle had broken these cups.,syntax,s-selection,animate_subject_trans,True,False,True,False,449,-49.33259963989258,-53.773597717285156,1
The ice cream looks like these drawings.,This photograph looks like these drawings.,syntax,s-selection,animate_subject_trans,True,False,True,False,450,-44.088294982910156,-39.31864929199219,0
Elaine drives to most art galleries.,This dish drives to most art galleries.,syntax,s-selection,animate_subject_trans,True,False,True,False,451,-48.840816497802734,-50.813743591308594,1
Carmen arrived at some public park.,Literature arrived at some public park.,syntax,s-selection,animate_subject_trans,True,False,True,False,452,-49.79866027832031,-44.74675750732422,0
Raymond has seen Eva.,A documentary has seen Eva.,syntax,s-selection,animate_subject_trans,True,False,True,False,453,-35.88193130493164,-35.99785614013672,1
Becky didn't reveal Marla.,Some truck didn't reveal Marla.,syntax,s-selection,animate_subject_trans,True,False,True,False,454,-44.658592224121094,-52.09634017944336,1
Those organizations had sold all photographs.,Carriages had sold all photographs.,syntax,s-selection,animate_subject_trans,True,False,True,False,455,-41.98096466064453,-44.469261169433594,1
People cleaned the pork.,Most cats cleaned the pork.,syntax,s-selection,animate_subject_trans,True,False,True,False,456,-27.93972396850586,-38.32145690917969,1
Linda wasn't breaking some car.,The cake wasn't breaking some car.,syntax,s-selection,animate_subject_trans,True,False,True,False,457,-47.43834686279297,-48.482120513916016,1
Eric might heal Winston Churchill.,This nose might heal Winston Churchill.,syntax,s-selection,animate_subject_trans,True,False,True,False,458,-42.261348724365234,-55.352928161621094,1
Naomi hasn't sounded like Jennifer.,The bank hasn't sounded like Jennifer.,syntax,s-selection,animate_subject_trans,True,False,True,False,459,-50.80519485473633,-50.6182746887207,0
A cashier fixed those windows.,The lake fixed those windows.,syntax,s-selection,animate_subject_trans,True,False,True,False,460,-51.708213806152344,-44.04344940185547,0
Derek criticizes Julie.,Some fish criticizes Julie.,syntax,s-selection,animate_subject_trans,True,False,True,False,461,-49.71302795410156,-50.18443298339844,1
Elaine examines documentaries.,The dish examines documentaries.,syntax,s-selection,animate_subject_trans,True,False,True,False,462,-34.47794723510742,-38.47149658203125,1
Stacy criticizes Carmen.,That fish criticizes Carmen.,syntax,s-selection,animate_subject_trans,True,False,True,False,463,-48.00212097167969,-51.00988006591797,1
Heather has criticized Dana.,Every unicycle has criticized Dana.,syntax,s-selection,animate_subject_trans,True,False,True,False,464,-44.5028076171875,-53.498653411865234,1
Curtis can talk about Donna.,The cilantro can talk about Donna.,syntax,s-selection,animate_subject_trans,True,False,True,False,465,-46.03373718261719,-44.990657806396484,0
Travis hadn't listened to Gregory.,This plane hadn't listened to Gregory.,syntax,s-selection,animate_subject_trans,True,False,True,False,466,-51.88201141357422,-54.0261344909668,1
The Borgias are selling a plate.,Most photographs are selling a plate.,syntax,s-selection,animate_subject_trans,True,False,True,False,467,-47.527732849121094,-36.328678131103516,0
Theresa wouldn't praise Carlos.,Every lake wouldn't praise Carlos.,syntax,s-selection,animate_subject_trans,True,False,True,False,468,-52.18585205078125,-51.47203063964844,0
Those waitresses hadn't fled from Jesus.,All projectors hadn't fled from Jesus.,syntax,s-selection,animate_subject_trans,True,False,True,False,469,-61.388938903808594,-63.55061340332031,1
Tina heals Russell.,The hair heals Russell.,syntax,s-selection,animate_subject_trans,True,False,True,False,470,-34.78772735595703,-37.940921783447266,1
Kayla arrived at these cafes.,That documentary arrived at these cafes.,syntax,s-selection,animate_subject_trans,True,False,True,False,471,-38.739540100097656,-42.530757904052734,1
Sara can't examine most newspaper articles.,This movie theater can't examine most newspaper articles.,syntax,s-selection,animate_subject_trans,True,False,True,False,472,-60.950347900390625,-69.54090881347656,1
Some committee helped Vanessa.,A couch helped Vanessa.,syntax,s-selection,animate_subject_trans,True,False,True,False,473,-34.952880859375,-39.70154571533203,1
Sara can't scan that story.,Music can't scan that story.,syntax,s-selection,animate_subject_trans,True,False,True,False,474,-51.82221221923828,-41.32761001586914,0
Russell hates Cynthia.,That movie hates Cynthia.,syntax,s-selection,animate_subject_trans,True,False,True,False,475,-30.05061149597168,-37.935096740722656,1
Helen climbs down these hills.,The skirt climbs down these hills.,syntax,s-selection,animate_subject_trans,True,False,True,False,476,-40.66071701049805,-47.30374526977539,1
Derek should dislike Amelia.,A restaurant should dislike Amelia.,syntax,s-selection,animate_subject_trans,True,False,True,False,477,-47.23370361328125,-49.373252868652344,1
April is going to that museum.,The rug is going to that museum.,syntax,s-selection,animate_subject_trans,True,False,True,False,478,-33.308555603027344,-43.12940216064453,1
Laurie flees from Deborah.,A restaurant flees from Deborah.,syntax,s-selection,animate_subject_trans,True,False,True,False,479,-51.58542251586914,-49.312591552734375,0
Robert visits the teachers.,Steak visits the teachers.,syntax,s-selection,animate_subject_trans,True,False,True,False,480,-25.498624801635742,-32.70417404174805,1
Candice had some eyes.,A coat had some eyes.,syntax,s-selection,animate_subject_trans,True,False,True,False,481,-32.66089630126953,-36.51154708862305,1
Randolf exits most glaciers.,A screen exits most glaciers.,syntax,s-selection,animate_subject_trans,True,False,True,False,482,-45.991180419921875,-45.86747360229492,0
A wheelbarrow resembles that painting.,Every tomato resembles that painting.,syntax,s-selection,animate_subject_trans,True,False,True,False,483,-60.491859436035156,-41.64106369018555,0
Marie wasn't discussing books.,The university wasn't discussing books.,syntax,s-selection,animate_subject_trans,True,False,True,False,484,-34.7069091796875,-43.55520248413086,1
Erin had sold all candles.,This closet had sold all candles.,syntax,s-selection,animate_subject_trans,True,False,True,False,485,-40.7447509765625,-46.0635871887207,1
Patricia isn't driving to most high schools.,This chicken isn't driving to most high schools.,syntax,s-selection,animate_subject_trans,True,False,True,False,486,-56.36309814453125,-58.796573638916016,1
George isn't discovering Marla.,Some essay isn't discovering Marla.,syntax,s-selection,animate_subject_trans,True,False,True,False,487,-42.98754119873047,-50.69054412841797,1
Russell was hiding a woman.,That glacier was hiding a woman.,syntax,s-selection,animate_subject_trans,True,False,True,False,488,-27.61882781982422,-41.502323150634766,1
Tamara scanned this story.,Every turtle scanned this story.,syntax,s-selection,animate_subject_trans,True,False,True,False,489,-36.06400680541992,-40.06114959716797,1
Randolf didn't fix the plate.,Every popsicle didn't fix the plate.,syntax,s-selection,animate_subject_trans,True,False,True,False,490,-42.73546600341797,-52.55413818359375,1
Mitchell cleans this college campus.,That unicycle cleans this college campus.,syntax,s-selection,animate_subject_trans,True,False,True,False,491,-47.59397506713867,-56.97654342651367,1
Pamela hadn't seen all computers.,Every report hadn't seen all computers.,syntax,s-selection,animate_subject_trans,True,False,True,False,492,-53.94297790527344,-48.05556869506836,0
Elaine hasn't concealed Aaron.,The horse hasn't concealed Aaron.,syntax,s-selection,animate_subject_trans,True,False,True,False,493,-49.54827880859375,-51.80397033691406,1
Caroline had kissed Carrie.,A cafe had kissed Carrie.,syntax,s-selection,animate_subject_trans,True,False,True,False,494,-44.88465881347656,-46.582489013671875,1
Tammy has skated around every art gallery.,That chicken has skated around every art gallery.,syntax,s-selection,animate_subject_trans,True,False,True,False,495,-61.815185546875,-67.84559631347656,1
The Clintons are boasting about Stephen.,Those pictures are boasting about Stephen.,syntax,s-selection,animate_subject_trans,True,False,True,False,496,-55.15946960449219,-48.58588409423828,0
Valerie explored some mall.,Every lamp explored some mall.,syntax,s-selection,animate_subject_trans,True,False,True,False,497,-40.90021514892578,-41.9598503112793,1
Barbara won't conceal Julia.,A university won't conceal Julia.,syntax,s-selection,animate_subject_trans,True,False,True,False,498,-48.907352447509766,-48.96092224121094,1
Marie cured Linda.,This tomato cured Linda.,syntax,s-selection,animate_subject_trans,True,False,True,False,499,-29.91768455505371,-42.14072036743164,1
Tracy hadn't hugged Emily.,This sweater hadn't hugged Emily.,syntax,s-selection,animate_subject_trans,True,False,True,False,500,-50.80952835083008,-52.26128387451172,1
Rachel discovered this library.,Every committee discovered this library.,syntax,s-selection,animate_subject_trans,True,False,True,False,501,-23.903182983398438,-33.95143127441406,1
James explores grocery stores.,A government explores grocery stores.,syntax,s-selection,animate_subject_trans,True,False,True,False,502,-30.068103790283203,-38.0195426940918,1
Raymond is attacking Douglas.,That restaurant is attacking Douglas.,syntax,s-selection,animate_subject_trans,True,False,True,False,503,-40.922080993652344,-41.5244140625,1
Brian hasn't talked to Steve.,This eggplant hasn't talked to Steve.,syntax,s-selection,animate_subject_trans,True,False,True,False,504,-36.65390396118164,-63.121910095214844,1
Linda runs around those art galleries.,A spotlight runs around those art galleries.,syntax,s-selection,animate_subject_trans,True,False,True,False,505,-51.10535430908203,-53.657127380371094,1
Erin had cleaned those public parks.,That door had cleaned those public parks.,syntax,s-selection,animate_subject_trans,True,False,True,False,506,-48.822303771972656,-53.607826232910156,1
Laura is touring many hospitals.,The computer is touring many hospitals.,syntax,s-selection,animate_subject_trans,True,False,True,False,507,-33.920291900634766,-44.54466247558594,1
Regina will discuss Carolyn.,The muffin will discuss Carolyn.,syntax,s-selection,animate_subject_trans,True,False,True,False,508,-36.365177154541016,-45.341285705566406,1
Laura climbs up the hills.,Art climbs up the hills.,syntax,s-selection,animate_subject_trans,True,False,True,False,509,-28.619407653808594,-29.122621536254883,1
Marcus did praise Stephanie.,This cart did praise Stephanie.,syntax,s-selection,animate_subject_trans,True,False,True,False,510,-34.09059524536133,-47.36296463012695,1
Mary could escape from Meredith.,Every muffin could escape from Meredith.,syntax,s-selection,animate_subject_trans,True,False,True,False,511,-31.626220703125,-50.24937057495117,1
Margaret would love Kayla.,The shawl would love Kayla.,syntax,s-selection,animate_subject_trans,True,False,True,False,512,-43.83275604248047,-54.36376953125,1
Tonya was talking about Brian.,Some cake was talking about Brian.,syntax,s-selection,animate_subject_trans,True,False,True,False,513,-34.938209533691406,-39.919525146484375,1
Thomas fires the waitresses.,Some sock fires the waitresses.,syntax,s-selection,animate_subject_trans,True,False,True,False,514,-37.76803207397461,-48.4614372253418,1
Patients were firing guys.,Many planes were firing guys.,syntax,s-selection,animate_subject_trans,True,False,True,False,515,-42.36126708984375,-39.4706916809082,0
Amanda can't visit Jason.,Some mall can't visit Jason.,syntax,s-selection,animate_subject_trans,True,False,True,False,516,-45.93921661376953,-47.72113800048828,1
Diane hasn't attacked Charles.,A university hasn't attacked Charles.,syntax,s-selection,animate_subject_trans,True,False,True,False,517,-52.89167022705078,-52.06792449951172,0
Diana hadn't dropped by rivers.,That ladder hadn't dropped by rivers.,syntax,s-selection,animate_subject_trans,True,False,True,False,518,-52.03289794921875,-55.321041107177734,1
Lisa wasn't dropping by every mall.,Every eggplant wasn't dropping by every mall.,syntax,s-selection,animate_subject_trans,True,False,True,False,519,-45.60572814941406,-67.75961303710938,1
Cynthia wouldn't think about most glasses.,Every cart wouldn't think about most glasses.,syntax,s-selection,animate_subject_trans,True,False,True,False,520,-61.149349212646484,-50.91392517089844,0
Barbara examines every essay.,That candle examines every essay.,syntax,s-selection,animate_subject_trans,True,False,True,False,521,-39.073486328125,-44.47586441040039,1
Timothy messed up the high schools.,Every photograph messed up the high schools.,syntax,s-selection,animate_subject_trans,True,False,True,False,522,-45.66097640991211,-46.14118576049805,1
Dana sees Rodney.,The rug sees Rodney.,syntax,s-selection,animate_subject_trans,True,False,True,False,523,-34.97913360595703,-38.69190979003906,1
Derek hasn't hated Teresa.,Spain hasn't hated Teresa.,syntax,s-selection,animate_subject_trans,True,False,True,False,524,-51.20961380004883,-42.65460205078125,0
Every waitress was driving to that hill.,Every car was driving to that hill.,syntax,s-selection,animate_subject_trans,True,False,True,False,525,-50.562164306640625,-44.41544723510742,0
Leslie should take this mirror.,That screen should take this mirror.,syntax,s-selection,animate_subject_trans,True,False,True,False,526,-39.4706916809082,-37.89189910888672,0
Scott did discuss Richard.,That pasta did discuss Richard.,syntax,s-selection,animate_subject_trans,True,False,True,False,527,-31.26588249206543,-49.12773513793945,1
Edward toured Spain.,The book toured Spain.,syntax,s-selection,animate_subject_trans,True,False,True,False,528,-23.561466217041016,-33.32152557373047,1
Customers shouldn't heal Catherine.,Bananas shouldn't heal Catherine.,syntax,s-selection,animate_subject_trans,True,False,True,False,529,-45.44242858886719,-50.24945068359375,1
A legislature described Cheryl.,Some skateboard described Cheryl.,syntax,s-selection,animate_subject_trans,True,False,True,False,530,-35.18785858154297,-45.883941650390625,1
Curtis resembles many pictures.,Every bird resembles many pictures.,syntax,s-selection,animate_subject_trans,True,False,True,False,531,-47.34889602661133,-39.395267486572266,0
Curtis didn't break the chair.,Every muffin didn't break the chair.,syntax,s-selection,animate_subject_trans,True,False,True,False,532,-49.07713317871094,-50.098594665527344,1
Most children had attacked Sheila.,All pictures had attacked Sheila.,syntax,s-selection,animate_subject_trans,True,False,True,False,533,-42.7447509765625,-45.146400451660156,1
Donna questions Elizabeth.,Some school questions Elizabeth.,syntax,s-selection,animate_subject_trans,True,False,True,False,534,-33.36931610107422,-31.926166534423828,0
Jane hasn't lifted that truck.,That glove hasn't lifted that truck.,syntax,s-selection,animate_subject_trans,True,False,True,False,535,-41.76807403564453,-55.371124267578125,1
Sandra hadn't talked to Judy.,The muffin hadn't talked to Judy.,syntax,s-selection,animate_subject_trans,True,False,True,False,536,-51.18097686767578,-60.29732894897461,1
Brenda has brought this window.,The book has brought this window.,syntax,s-selection,animate_subject_trans,True,False,True,False,537,-33.17075729370117,-34.6912727355957,1
Caroline isn't exploring closets.,Some fish isn't exploring closets.,syntax,s-selection,animate_subject_trans,True,False,True,False,538,-49.94993209838867,-50.82695770263672,1
Carol isn't observing Jessica.,Some company isn't observing Jessica.,syntax,s-selection,animate_subject_trans,True,False,True,False,539,-46.69737243652344,-47.36387634277344,1
The Clintons haven't explored some cafes.,Some schools haven't explored some cafes.,syntax,s-selection,animate_subject_trans,True,False,True,False,540,-57.147010803222656,-49.864532470703125,0
That doctor hid Victoria.,Every icicle hid Victoria.,syntax,s-selection,animate_subject_trans,True,False,True,False,541,-35.60077667236328,-48.18062210083008,1
Some mushroom disturbs Ellen.,That nose disturbs Ellen.,syntax,s-selection,animate_subject_trans,True,False,True,False,542,-52.766212463378906,-51.66363525390625,0
Florence won't exit this hospital.,Every shawl won't exit this hospital.,syntax,s-selection,animate_subject_trans,True,False,True,False,543,-58.657127380371094,-59.34082794189453,1
Diane doesn't hate Sabrina.,Every government doesn't hate Sabrina.,syntax,s-selection,animate_subject_trans,True,False,True,False,544,-51.61726379394531,-48.14375305175781,0
Tara hasn't helped Maria.,This company hasn't helped Maria.,syntax,s-selection,animate_subject_trans,True,False,True,False,545,-46.907554626464844,-46.04136276245117,0
Donna dislikes some restaurant.,The pasta dislikes some restaurant.,syntax,s-selection,animate_subject_trans,True,False,True,False,546,-47.802284240722656,-52.78566360473633,1
Dan messed up this couch.,This sketch messed up this couch.,syntax,s-selection,animate_subject_trans,True,False,True,False,547,-31.686485290527344,-40.52722930908203,1
Tanya couldn't take these bikes.,That steak couldn't take these bikes.,syntax,s-selection,animate_subject_trans,True,False,True,False,548,-44.69453430175781,-45.829071044921875,1
Gina brought some mouth.,That pie brought some mouth.,syntax,s-selection,animate_subject_trans,True,False,True,False,549,-33.5546760559082,-36.73088836669922,1
Amelia references that book.,The pepper references that book.,syntax,s-selection,animate_subject_trans,True,False,True,False,550,-38.65024948120117,-43.572784423828125,1
Connie appreciated Steve.,That hamster appreciated Steve.,syntax,s-selection,animate_subject_trans,True,False,True,False,551,-37.93873596191406,-49.728145599365234,1
Every dancer cleaned the lights.,That rabbit cleaned the lights.,syntax,s-selection,animate_subject_trans,True,False,True,False,552,-37.63480758666992,-36.859764099121094,0
Eva fixed the carts.,That association fixed the carts.,syntax,s-selection,animate_subject_trans,True,False,True,False,553,-30.826229095458984,-43.4148063659668,1
Irene hadn't fled from Laurie.,This drawing hadn't fled from Laurie.,syntax,s-selection,animate_subject_trans,True,False,True,False,554,-60.111087799072266,-57.88692092895508,0
Every library respected Travis.,Every shirt respected Travis.,syntax,s-selection,animate_subject_trans,True,False,True,False,555,-38.907081604003906,-41.1084098815918,1
All doctors had respected Donna.,A lot of lakes had respected Donna.,syntax,s-selection,animate_subject_trans,True,False,True,False,556,-42.190093994140625,-52.38911056518555,1
Frank was attacking all waitresses.,The river was attacking all waitresses.,syntax,s-selection,animate_subject_trans,True,False,True,False,557,-41.36035919189453,-51.36084747314453,1
Sarah biked to these high schools.,Some casserole biked to these high schools.,syntax,s-selection,animate_subject_trans,True,False,True,False,558,-46.768653869628906,-66.90675354003906,1
Rebecca wasn't bringing some shirts.,Every fish wasn't bringing some shirts.,syntax,s-selection,animate_subject_trans,True,False,True,False,559,-56.577842712402344,-53.40092468261719,0
Karla discussed Caroline.,Every college campus discussed Caroline.,syntax,s-selection,animate_subject_trans,True,False,True,False,560,-33.58096694946289,-44.69457244873047,1
Marcus researched all college campuses.,The cafe researched all college campuses.,syntax,s-selection,animate_subject_trans,True,False,True,False,561,-38.53639221191406,-53.78669738769531,1
Kristin went to these malls.,This essay went to these malls.,syntax,s-selection,animate_subject_trans,True,False,True,False,562,-37.34516143798828,-39.78694152832031,1
Tammy isn't biking to that closet.,The cake isn't biking to that closet.,syntax,s-selection,animate_subject_trans,True,False,True,False,563,-55.899227142333984,-60.4508171081543,1
Edward talked to a girl.,Every legislature talked to a girl.,syntax,s-selection,animate_subject_trans,True,False,True,False,564,-25.141204833984375,-38.01724624633789,1
Katherine won't watch Dan.,Every association won't watch Dan.,syntax,s-selection,animate_subject_trans,True,False,True,False,565,-42.23424530029297,-45.13977813720703,1
Emily had fired Tiffany.,Some movie had fired Tiffany.,syntax,s-selection,animate_subject_trans,True,False,True,False,566,-31.1505126953125,-40.92656707763672,1
This patient concealed this hamster.,That high school concealed this hamster.,syntax,s-selection,animate_subject_trans,True,False,True,False,567,-52.98719787597656,-54.66156005859375,1
Patrick revealed Monet.,Some banana revealed Monet.,syntax,s-selection,animate_subject_trans,True,False,True,False,568,-27.916719436645508,-45.102657318115234,1
Amy was concealing Bethany.,That high school was concealing Bethany.,syntax,s-selection,animate_subject_trans,True,False,True,False,569,-46.57510757446289,-57.45469665527344,1
Valerie can research some book.,A wheelbarrow can research some book.,syntax,s-selection,animate_subject_trans,True,False,True,False,570,-48.92755889892578,-68.77346801757812,1
Holly helps the drivers.,A rug helps the drivers.,syntax,s-selection,animate_subject_trans,True,False,True,False,571,-35.070335388183594,-34.65299987792969,0
Homer is fixing some car.,That window is fixing some car.,syntax,s-selection,animate_subject_trans,True,False,True,False,572,-44.551483154296875,-41.61753845214844,0
Ruth runs around every museum.,This glacier runs around every museum.,syntax,s-selection,animate_subject_trans,True,False,True,False,573,-43.604103088378906,-44.288780212402344,1
Colleen investigates Veronica.,Politics investigates Veronica.,syntax,s-selection,animate_subject_trans,True,False,True,False,574,-37.15286636352539,-27.213699340820312,0
Frank hasn't discussed Jodi.,This government hasn't discussed Jodi.,syntax,s-selection,animate_subject_trans,True,False,True,False,575,-45.81407165527344,-55.20762634277344,1
The drivers will talk to Jerry.,All museums will talk to Jerry.,syntax,s-selection,animate_subject_trans,True,False,True,False,576,-39.97522735595703,-43.1015625,1
Roger arrived at the public park.,The newspaper article arrived at the public park.,syntax,s-selection,animate_subject_trans,True,False,True,False,577,-28.19915771484375,-48.65150451660156,1
Judy hadn't cleaned a mall.,The mall hadn't cleaned a mall.,syntax,s-selection,animate_subject_trans,True,False,True,False,578,-44.209407806396484,-51.41986846923828,1
Emily was criticizing Michael.,This broccoli was criticizing Michael.,syntax,s-selection,animate_subject_trans,True,False,True,False,579,-30.540340423583984,-45.522926330566406,1
Jacqueline drove to a lot of mountains.,The art gallery drove to a lot of mountains.,syntax,s-selection,animate_subject_trans,True,False,True,False,580,-49.62586975097656,-51.57349395751953,1
Craig questions Bradley.,Every movie questions Bradley.,syntax,s-selection,animate_subject_trans,True,False,True,False,581,-27.745346069335938,-37.935829162597656,1
Carmen left Kayla.,Some skateboard left Kayla.,syntax,s-selection,animate_subject_trans,True,False,True,False,582,-45.81561279296875,-48.81748962402344,1
James questioned Lissa.,A committee questioned Lissa.,syntax,s-selection,animate_subject_trans,True,False,True,False,583,-30.896862030029297,-39.53936767578125,1
Janice watched Randolf.,This drawing watched Randolf.,syntax,s-selection,animate_subject_trans,True,False,True,False,584,-45.37042236328125,-47.62572479248047,1
Stacey didn't escape from Cynthia.,That glass didn't escape from Cynthia.,syntax,s-selection,animate_subject_trans,True,False,True,False,585,-49.493797302246094,-52.39918899536133,1
Gerald hadn't lifted this cart.,The truck hadn't lifted this cart.,syntax,s-selection,animate_subject_trans,True,False,True,False,586,-55.89318084716797,-54.0291748046875,0
Melanie breaks most glasses.,The shawl breaks most glasses.,syntax,s-selection,animate_subject_trans,True,False,True,False,587,-43.702369689941406,-53.55209732055664,1
Some organizations sold these sweaters.,All muffins sold these sweaters.,syntax,s-selection,animate_subject_trans,True,False,True,False,588,-46.101680755615234,-50.90216827392578,1
These teenagers weren't walking through Harvard University.,All organizations weren't walking through Harvard University.,syntax,s-selection,animate_subject_trans,True,False,True,False,589,-54.34482955932617,-54.302852630615234,0
Kathleen hadn't hired Keith.,Some glove hadn't hired Keith.,syntax,s-selection,animate_subject_trans,True,False,True,False,590,-56.50138854980469,-54.285423278808594,0
Linda has fixed all bikes.,Some gate has fixed all bikes.,syntax,s-selection,animate_subject_trans,True,False,True,False,591,-42.56502151489258,-45.97976303100586,1
Melinda hasn't sounded like Florence.,Some painting hasn't sounded like Florence.,syntax,s-selection,animate_subject_trans,True,False,True,False,592,-47.7637825012207,-52.28832244873047,1
April is talking to April.,Every essay is talking to April.,syntax,s-selection,animate_subject_trans,True,False,True,False,593,-29.776100158691406,-38.03759002685547,1
Irene had some glove.,Some spotlight had some glove.,syntax,s-selection,animate_subject_trans,True,False,True,False,594,-39.473663330078125,-38.686588287353516,0
Andrea is observing Pamela.,This lake is observing Pamela.,syntax,s-selection,animate_subject_trans,True,False,True,False,595,-44.06049728393555,-45.31378173828125,1
Carolyn fixed some carts.,Every bird fixed some carts.,syntax,s-selection,animate_subject_trans,True,False,True,False,596,-47.07570266723633,-46.457923889160156,0
Frank hasn't cured April.,Ice cream hasn't cured April.,syntax,s-selection,animate_subject_trans,True,False,True,False,597,-41.939659118652344,-52.19689178466797,1
Sally wasn't listening to Cheryl.,The dress wasn't listening to Cheryl.,syntax,s-selection,animate_subject_trans,True,False,True,False,598,-48.52796173095703,-46.93212127685547,0
Nancy hasn't approached Amelia.,Some mushroom hasn't approached Amelia.,syntax,s-selection,animate_subject_trans,True,False,True,False,599,-54.30638885498047,-55.40220260620117,1
Judy talks about Rose.,Some ladder talks about Rose.,syntax,s-selection,animate_subject_trans,True,False,True,False,600,-33.543514251708984,-42.74449157714844,1
Theresa wore those shawls.,The organization wore those shawls.,syntax,s-selection,animate_subject_trans,True,False,True,False,601,-56.372955322265625,-53.65162658691406,0
Theodore cures Christina.,Some broccoli cures Christina.,syntax,s-selection,animate_subject_trans,True,False,True,False,602,-47.05875778198242,-45.72517776489258,0
Christine hadn't talked to Helen.,Some painting hadn't talked to Helen.,syntax,s-selection,animate_subject_trans,True,False,True,False,603,-49.39424133300781,-52.696815490722656,1
Those pedestrians do take this library.,Most books do take this library.,syntax,s-selection,animate_subject_trans,True,False,True,False,604,-41.1550178527832,-37.20655822753906,0
Every guy watches this senator.,The ice watches this senator.,syntax,s-selection,animate_subject_trans,True,False,True,False,605,-43.73966979980469,-43.28153610229492,0
Cheryl was praising Larry.,That plate was praising Larry.,syntax,s-selection,animate_subject_trans,True,False,True,False,606,-51.09315872192383,-44.00285339355469,0
Rodney finds unicycles.,The dress finds unicycles.,syntax,s-selection,animate_subject_trans,True,False,True,False,607,-49.602439880371094,-50.39967727661133,1
Janet bikes to every school.,This window bikes to every school.,syntax,s-selection,animate_subject_trans,True,False,True,False,608,-38.58789825439453,-41.70112609863281,1
Theresa hadn't explored these libraries.,Some box hadn't explored these libraries.,syntax,s-selection,animate_subject_trans,True,False,True,False,609,-56.16686248779297,-54.94713592529297,0
Kayla shouldn't pass a lot of movie theaters.,Every public park shouldn't pass a lot of movie theaters.,syntax,s-selection,animate_subject_trans,True,False,True,False,610,-59.03942108154297,-69.43321228027344,1
Emily walks through the mall.,Every painting walks through the mall.,syntax,s-selection,animate_subject_trans,True,False,True,False,611,-27.70641326904297,-36.50330352783203,1
Ellen notices all cakes.,A bicycle notices all cakes.,syntax,s-selection,animate_subject_trans,True,False,True,False,612,-38.68214797973633,-46.12126159667969,1
Anna might hug Tonya.,That steak might hug Tonya.,syntax,s-selection,animate_subject_trans,True,False,True,False,613,-39.52228546142578,-53.38001251220703,1
James wasn't cleaning some chicken.,That window wasn't cleaning some chicken.,syntax,s-selection,animate_subject_trans,True,False,True,False,614,-39.97805404663086,-51.93116760253906,1
Linda could know Holly.,Every bicycle could know Holly.,syntax,s-selection,animate_subject_trans,True,False,True,False,615,-37.841949462890625,-43.21595001220703,1
Raymond had cleaned the book.,This mirror had cleaned the book.,syntax,s-selection,animate_subject_trans,True,False,True,False,616,-38.82591247558594,-41.14134979248047,1
Donna was questioning Douglas.,The bank was questioning Douglas.,syntax,s-selection,animate_subject_trans,True,False,True,False,617,-39.61910629272461,-39.7047119140625,1
Irene hugs Tracy.,This hospital hugs Tracy.,syntax,s-selection,animate_subject_trans,True,False,True,False,618,-41.25402069091797,-40.26837158203125,0
Susan won't care for Adam.,Some fork won't care for Adam.,syntax,s-selection,animate_subject_trans,True,False,True,False,619,-33.566097259521484,-45.13507080078125,1
April visits Theodore.,Every sock visits Theodore.,syntax,s-selection,animate_subject_trans,True,False,True,False,620,-28.824813842773438,-41.75792694091797,1
Sara hadn't approached Janet.,This eggplant hadn't approached Janet.,syntax,s-selection,animate_subject_trans,True,False,True,False,621,-49.51344680786133,-63.53231430053711,1
Some drivers can't discuss Julie.,Some apples can't discuss Julie.,syntax,s-selection,animate_subject_trans,True,False,True,False,622,-46.62895584106445,-48.112144470214844,1
David hasn't complained about Bruce.,A mouth hasn't complained about Bruce.,syntax,s-selection,animate_subject_trans,True,False,True,False,623,-42.056217193603516,-53.053260803222656,1
Jill approaches Lawrence.,The truck approaches Lawrence.,syntax,s-selection,animate_subject_trans,True,False,True,False,624,-39.191993713378906,-41.10064697265625,1
The Clintons hid a high school.,Most cars hid a high school.,syntax,s-selection,animate_subject_trans,True,False,True,False,625,-41.1523323059082,-36.81513977050781,0
Meredith boycotted these college campuses.,The high school boycotted these college campuses.,syntax,s-selection,animate_subject_trans,True,False,True,False,626,-70.30216979980469,-70.57363891601562,1
The Impressionists have cared for George.,A lot of planes have cared for George.,syntax,s-selection,animate_subject_trans,True,False,True,False,627,-56.25380325317383,-52.40473556518555,0
Elaine sees John.,Science sees John.,syntax,s-selection,animate_subject_trans,True,False,True,False,628,-29.415130615234375,-22.565059661865234,0
Denise hadn't listened to the guys.,Every blouse hadn't listened to the guys.,syntax,s-selection,animate_subject_trans,True,False,True,False,629,-50.80965042114258,-57.07775115966797,1
Alan hadn't insulted a customer.,The spinach hadn't insulted a customer.,syntax,s-selection,animate_subject_trans,True,False,True,False,630,-43.778900146484375,-58.35743713378906,1
James lifts some truck.,Some glacier lifts some truck.,syntax,s-selection,animate_subject_trans,True,False,True,False,631,-31.068401336669922,-42.66815185546875,1
Caroline hasn't healed Gregory.,Every hamster hasn't healed Gregory.,syntax,s-selection,animate_subject_trans,True,False,True,False,632,-51.69782257080078,-62.86284637451172,1
Tamara does run around the libraries.,This pepper does run around the libraries.,syntax,s-selection,animate_subject_trans,True,False,True,False,633,-44.37763977050781,-49.378196716308594,1
Rebecca had talked to Sheila.,The sketch had talked to Sheila.,syntax,s-selection,animate_subject_trans,True,False,True,False,634,-48.469581604003906,-49.05999755859375,1
Curtis approached Wendy.,Some college campus approached Wendy.,syntax,s-selection,animate_subject_trans,True,False,True,False,635,-44.8978271484375,-43.99323272705078,0
The patients have worked with Walter.,Spotlights have worked with Walter.,syntax,s-selection,animate_subject_trans,True,False,True,False,636,-37.33354568481445,-46.03041458129883,1
Stacy was arriving at many libraries.,A book was arriving at many libraries.,syntax,s-selection,animate_subject_trans,True,False,True,False,637,-45.638885498046875,-41.90034484863281,0
Leslie has observed Kenneth.,That shoe has observed Kenneth.,syntax,s-selection,animate_subject_trans,True,False,True,False,638,-42.561805725097656,-41.39278793334961,0
Sally doesn't reference John.,Science doesn't reference John.,syntax,s-selection,animate_subject_trans,True,False,True,False,639,-45.692718505859375,-36.79399871826172,0
Every patient should know Brian.,That cat should know Brian.,syntax,s-selection,animate_subject_trans,True,False,True,False,640,-38.16203689575195,-38.64857482910156,1
Michael hadn't known Samuel.,A cat hadn't known Samuel.,syntax,s-selection,animate_subject_trans,True,False,True,False,641,-40.407379150390625,-49.17362976074219,1
David hasn't known this child.,A high school hasn't known this child.,syntax,s-selection,animate_subject_trans,True,False,True,False,642,-38.68693542480469,-52.09404754638672,1
Jerry hid many turtles.,The couch hid many turtles.,syntax,s-selection,animate_subject_trans,True,False,True,False,643,-33.356544494628906,-45.96512985229492,1
Many women fled from Matt.,Tomatoes fled from Matt.,syntax,s-selection,animate_subject_trans,True,False,True,False,644,-35.60905838012695,-40.632511138916016,1
A waiter praised Rachelle.,The box praised Rachelle.,syntax,s-selection,animate_subject_trans,True,False,True,False,645,-45.32554626464844,-43.41594696044922,0
These men can't hate Lawrence.,Some shoes can't hate Lawrence.,syntax,s-selection,animate_subject_trans,True,False,True,False,646,-43.63410186767578,-44.44108581542969,1
Caroline remembers most lakes.,A rabbit remembers most lakes.,syntax,s-selection,animate_subject_trans,True,False,True,False,647,-42.734710693359375,-45.61981964111328,1
Some senators fired Carl.,Those mushrooms fired Carl.,syntax,s-selection,animate_subject_trans,True,False,True,False,648,-36.98052215576172,-41.1688232421875,1
Kimberley cared for Anne.,The ice cream cared for Anne.,syntax,s-selection,animate_subject_trans,True,False,True,False,649,-43.32300567626953,-44.402008056640625,1
Thomas attacks Todd.,Some company attacks Todd.,syntax,s-selection,animate_subject_trans,True,False,True,False,650,-29.20821189880371,-39.921791076660156,1
Bruce has cleaned this truck.,That mall has cleaned this truck.,syntax,s-selection,animate_subject_trans,True,False,True,False,651,-29.974498748779297,-45.18373107910156,1
A waitress has broken some vases.,The truck has broken some vases.,syntax,s-selection,animate_subject_trans,True,False,True,False,652,-51.99695587158203,-50.4949836730957,0
Jesus hires Clyde.,Every cart hires Clyde.,syntax,s-selection,animate_subject_trans,True,False,True,False,653,-29.185100555419922,-40.66724395751953,1
Paul did watch Peter.,Some chicken did watch Peter.,syntax,s-selection,animate_subject_trans,True,False,True,False,654,-27.997949600219727,-44.0909538269043,1
Christopher didn't talk about Vanessa.,Some rice didn't talk about Vanessa.,syntax,s-selection,animate_subject_trans,True,False,True,False,655,-32.60209655761719,-44.83777618408203,1
Edward is going to this high school.,That pork is going to this high school.,syntax,s-selection,animate_subject_trans,True,False,True,False,656,-26.620891571044922,-41.29363250732422,1
Ann didn't care for David.,Literature didn't care for David.,syntax,s-selection,animate_subject_trans,True,False,True,False,657,-31.942766189575195,-44.50161361694336,1
Tonya isn't curing Barbara.,This sketch isn't curing Barbara.,syntax,s-selection,animate_subject_trans,True,False,True,False,658,-50.0239372253418,-51.70158004760742,1
Matt had taken the cup.,Every wheelbarrow had taken the cup.,syntax,s-selection,animate_subject_trans,True,False,True,False,659,-26.96691131591797,-59.552581787109375,1
Vincent hasn't researched a lot of books.,Some library hasn't researched a lot of books.,syntax,s-selection,animate_subject_trans,True,False,True,False,660,-53.15530014038086,-49.10918426513672,0
Martha hasn't fixed most unicycles.,Travel hasn't fixed most unicycles.,syntax,s-selection,animate_subject_trans,True,False,True,False,661,-71.48739624023438,-62.535736083984375,0
Leslie noticed Omar.,The face noticed Omar.,syntax,s-selection,animate_subject_trans,True,False,True,False,662,-44.75791931152344,-39.28483200073242,0
Brenda is escaping from all lakes.,That plane is escaping from all lakes.,syntax,s-selection,animate_subject_trans,True,False,True,False,663,-42.54188537597656,-48.691184997558594,1
Benjamin was going to the Great Lakes.,Some high school was going to the Great Lakes.,syntax,s-selection,animate_subject_trans,True,False,True,False,664,-41.667518615722656,-42.27920150756836,1
Bruce was talking to Samantha.,The window was talking to Samantha.,syntax,s-selection,animate_subject_trans,True,False,True,False,665,-30.823280334472656,-42.31806182861328,1
Michelle observes Gregory.,That mirror observes Gregory.,syntax,s-selection,animate_subject_trans,True,False,True,False,666,-26.545211791992188,-40.672210693359375,1
Stacy had appreciated Colleen.,Some glove had appreciated Colleen.,syntax,s-selection,animate_subject_trans,True,False,True,False,667,-47.16731643676758,-52.39668273925781,1
Holly isn't cleaning a lot of restaurants.,That popsicle isn't cleaning a lot of restaurants.,syntax,s-selection,animate_subject_trans,True,False,True,False,668,-49.865234375,-60.48246383666992,1
Caroline isn't thinking about Cindy.,This ice cream isn't thinking about Cindy.,syntax,s-selection,animate_subject_trans,True,False,True,False,669,-47.11548614501953,-51.154273986816406,1
This patient hasn't boycotted the organization.,The mall hasn't boycotted the organization.,syntax,s-selection,animate_subject_trans,True,False,True,False,670,-70.3511734008789,-72.00924682617188,1
Katherine disliked some libraries.,This screen disliked some libraries.,syntax,s-selection,animate_subject_trans,True,False,True,False,671,-43.264686584472656,-42.02879333496094,0
Most doctors had some water.,Those glasses had some water.,syntax,s-selection,animate_subject_trans,True,False,True,False,672,-30.445594787597656,-31.997392654418945,1
Randolf referenced Travis.,That shoe referenced Travis.,syntax,s-selection,animate_subject_trans,True,False,True,False,673,-41.2789306640625,-40.64373016357422,0
Harvard University hasn't bought the muffins.,Some bike hasn't bought the muffins.,syntax,s-selection,animate_subject_trans,True,False,True,False,674,-57.43510818481445,-49.23423385620117,0
Some waitress is healing Carmen.,That broccoli is healing Carmen.,syntax,s-selection,animate_subject_trans,True,False,True,False,675,-47.45195007324219,-48.40073013305664,1
Mitchell hasn't investigated many dancers.,That lamp hasn't investigated many dancers.,syntax,s-selection,animate_subject_trans,True,False,True,False,676,-53.33623123168945,-57.198883056640625,1
A lot of patients haven't hired Jessica.,A lot of bicycles haven't hired Jessica.,syntax,s-selection,animate_subject_trans,True,False,True,False,677,-56.536659240722656,-61.0596809387207,1
Dana can attack Aaron.,A dress can attack Aaron.,syntax,s-selection,animate_subject_trans,True,False,True,False,678,-41.24824142456055,-43.573551177978516,1
Amelia hadn't escaped from Daniel.,The steak hadn't escaped from Daniel.,syntax,s-selection,animate_subject_trans,True,False,True,False,679,-53.28351974487305,-54.74810028076172,1
Tara discussed Christopher.,Some sock discussed Christopher.,syntax,s-selection,animate_subject_trans,True,False,True,False,680,-39.19911193847656,-42.9512825012207,1
Carmen skates around a lot of banks.,Every fish skates around a lot of banks.,syntax,s-selection,animate_subject_trans,True,False,True,False,681,-59.49559783935547,-55.240447998046875,0
Jeffrey fires Bradley.,Spain fires Bradley.,syntax,s-selection,animate_subject_trans,True,False,True,False,682,-38.414390563964844,-28.17547607421875,0
Bradley isn't hiring Joel.,Some candle isn't hiring Joel.,syntax,s-selection,animate_subject_trans,True,False,True,False,683,-46.90510177612305,-53.103370666503906,1
This guest watches Bradley.,Every museum watches Bradley.,syntax,s-selection,animate_subject_trans,True,False,True,False,684,-39.00502014160156,-41.432498931884766,1
Kevin doesn't mess up many shoes.,Some restaurant doesn't mess up many shoes.,syntax,s-selection,animate_subject_trans,True,False,True,False,685,-41.60798263549805,-52.26258087158203,1
That committee did fire Gina.,That ice cream did fire Gina.,syntax,s-selection,animate_subject_trans,True,False,True,False,686,-43.84571075439453,-52.01348876953125,1
Alicia is exiting those art galleries.,That movie is exiting those art galleries.,syntax,s-selection,animate_subject_trans,True,False,True,False,687,-60.76219177246094,-50.65406799316406,0
Susan is criticizing Dawn.,The sock is criticizing Dawn.,syntax,s-selection,animate_subject_trans,True,False,True,False,688,-29.73211669921875,-44.578636169433594,1
Charles would kiss Renee.,The plane would kiss Renee.,syntax,s-selection,animate_subject_trans,True,False,True,False,689,-36.517967224121094,-49.543434143066406,1
Benjamin was describing Charles.,That light was describing Charles.,syntax,s-selection,animate_subject_trans,True,False,True,False,690,-42.4684944152832,-43.74330139160156,1
Vanessa drops by those rivers.,Some wheelbarrow drops by those rivers.,syntax,s-selection,animate_subject_trans,True,False,True,False,691,-43.84120559692383,-64.8358383178711,1
This teacher praises Edward.,The water praises Edward.,syntax,s-selection,animate_subject_trans,True,False,True,False,692,-39.49184036254883,-39.76177978515625,1
Tiffany knew Mary.,Some window knew Mary.,syntax,s-selection,animate_subject_trans,True,False,True,False,693,-38.12249755859375,-36.81914520263672,0
Heidi hadn't admired Samuel.,This couch hadn't admired Samuel.,syntax,s-selection,animate_subject_trans,True,False,True,False,694,-54.43363571166992,-53.89346694946289,0
Travis wasn't referencing Natalie.,Every mall wasn't referencing Natalie.,syntax,s-selection,animate_subject_trans,True,False,True,False,695,-52.73918914794922,-52.9670524597168,1
Every customer hasn't described Scott.,A chair hasn't described Scott.,syntax,s-selection,animate_subject_trans,True,False,True,False,696,-49.15045928955078,-50.669769287109375,1
Elaine can't remember Lawrence.,The newspaper article can't remember Lawrence.,syntax,s-selection,animate_subject_trans,True,False,True,False,697,-43.62907791137695,-53.49437713623047,1
David hasn't talked about every commentary.,The movie hasn't talked about every commentary.,syntax,s-selection,animate_subject_trans,True,False,True,False,698,-42.605560302734375,-49.084739685058594,1
Tonya escapes from Christopher.,This dog escapes from Christopher.,syntax,s-selection,animate_subject_trans,True,False,True,False,699,-40.8893928527832,-42.635833740234375,1
Sonia knows Laura.,Every turtle knows Laura.,syntax,s-selection,animate_subject_trans,True,False,True,False,700,-35.80905532836914,-39.988529205322266,1
Dan dropped by some mountain.,The sock dropped by some mountain.,syntax,s-selection,animate_subject_trans,True,False,True,False,701,-29.686439514160156,-41.14804458618164,1
These actresses aren't kissing Eva.,All socks aren't kissing Eva.,syntax,s-selection,animate_subject_trans,True,False,True,False,702,-54.06354522705078,-53.113975524902344,0
Wendy wasn't messing up every rug.,Travel wasn't messing up every rug.,syntax,s-selection,animate_subject_trans,True,False,True,False,703,-57.019126892089844,-45.401893615722656,0
Gregory argued about Deanna.,Some report argued about Deanna.,syntax,s-selection,animate_subject_trans,True,False,True,False,704,-45.52033615112305,-45.4490966796875,0
Patrick had passed a mountain.,The scarf had passed a mountain.,syntax,s-selection,animate_subject_trans,True,False,True,False,705,-26.46263885498047,-39.509544372558594,1
April investigated those boys.,A hamster investigated those boys.,syntax,s-selection,animate_subject_trans,True,False,True,False,706,-32.57363510131836,-53.78155517578125,1
Kendra didn't clean that mouth.,That eye didn't clean that mouth.,syntax,s-selection,animate_subject_trans,True,False,True,False,707,-49.150516510009766,-48.619842529296875,0
Nina referenced Marcus.,Every report referenced Marcus.,syntax,s-selection,animate_subject_trans,True,False,True,False,708,-36.925575256347656,-35.63093185424805,0
Deborah arrives at this cafe.,Ice cream arrives at this cafe.,syntax,s-selection,animate_subject_trans,True,False,True,False,709,-42.33329391479492,-40.98181915283203,0
All legislatures sold a shoe.,Many art galleries sold a shoe.,syntax,s-selection,animate_subject_trans,True,False,True,False,710,-38.683868408203125,-44.73490905761719,1
Waiters don't skate around Spain.,The drawings don't skate around Spain.,syntax,s-selection,animate_subject_trans,True,False,True,False,711,-46.41939163208008,-51.49296569824219,1
Samantha would take the sock.,Some pasta would take the sock.,syntax,s-selection,animate_subject_trans,True,False,True,False,712,-48.27018737792969,-39.879295349121094,0
Jodi shouldn't arrive at every library.,The shirt shouldn't arrive at every library.,syntax,s-selection,animate_subject_trans,True,False,True,False,713,-52.78705596923828,-52.62179183959961,0
David discovered this ice cream.,Every hospital discovered this ice cream.,syntax,s-selection,animate_subject_trans,True,False,True,False,714,-30.585195541381836,-40.91960525512695,1
Brad hadn't worn the coat.,A hamster hadn't worn the coat.,syntax,s-selection,animate_subject_trans,True,False,True,False,715,-38.578895568847656,-59.789039611816406,1
John was wearing every shawl.,This wheelbarrow was wearing every shawl.,syntax,s-selection,animate_subject_trans,True,False,True,False,716,-42.10894012451172,-76.5420913696289,1
Matt skates around that high school.,Some computer skates around that high school.,syntax,s-selection,animate_subject_trans,True,False,True,False,717,-46.557044982910156,-56.81687927246094,1
Patricia sold some apples.,That dish sold some apples.,syntax,s-selection,animate_subject_trans,True,False,True,False,718,-39.37266540527344,-40.0219841003418,1
The Lutherans weren't kissing Marie.,A lot of dishes weren't kissing Marie.,syntax,s-selection,animate_subject_trans,True,False,True,False,719,-63.629310607910156,-63.51124954223633,0
Mary hasn't revealed some computers.,The screen hasn't revealed some computers.,syntax,s-selection,animate_subject_trans,True,False,True,False,720,-40.775360107421875,-49.723575592041016,1
The student sounds like Cheryl.,Every wheelbarrow sounds like Cheryl.,syntax,s-selection,animate_subject_trans,True,False,True,False,721,-37.179107666015625,-61.038246154785156,1
Michelle researched these newspaper articles.,Politics researched these newspaper articles.,syntax,s-selection,animate_subject_trans,True,False,True,False,722,-42.652259826660156,-43.92743682861328,1
John wouldn't approach Carrie.,The couch wouldn't approach Carrie.,syntax,s-selection,animate_subject_trans,True,False,True,False,723,-39.31352233886719,-52.46845245361328,1
Amelia was walking through some art gallery.,The hair was walking through some art gallery.,syntax,s-selection,animate_subject_trans,True,False,True,False,724,-51.77963638305664,-52.57011413574219,1
The pedestrian brought those art galleries.,A turtle brought those art galleries.,syntax,s-selection,animate_subject_trans,True,False,True,False,725,-50.784095764160156,-50.83988571166992,1
A lot of senators weren't fleeing from Leslie.,Some rugs weren't fleeing from Leslie.,syntax,s-selection,animate_subject_trans,True,False,True,False,726,-67.77146911621094,-57.63812255859375,0
This cashier does clean every cup.,That eggplant does clean every cup.,syntax,s-selection,animate_subject_trans,True,False,True,False,727,-52.05397033691406,-56.870155334472656,1
Carolyn hadn't respected Heidi.,Some vase hadn't respected Heidi.,syntax,s-selection,animate_subject_trans,True,False,True,False,728,-53.08152770996094,-59.13201904296875,1
Most governments do talk about Ellen.,Some cakes do talk about Ellen.,syntax,s-selection,animate_subject_trans,True,False,True,False,729,-45.47383117675781,-47.574928283691406,1
Julia cleans most movie theaters.,The door cleans most movie theaters.,syntax,s-selection,animate_subject_trans,True,False,True,False,730,-53.01986312866211,-55.27561569213867,1
Nina couldn't escape from Christina.,A book couldn't escape from Christina.,syntax,s-selection,animate_subject_trans,True,False,True,False,731,-48.59370040893555,-47.213523864746094,0
A library had helped Melanie.,The broccoli had helped Melanie.,syntax,s-selection,animate_subject_trans,True,False,True,False,732,-39.50349426269531,-45.09065246582031,1
Richard was kissing Candice.,Some school was kissing Candice.,syntax,s-selection,animate_subject_trans,True,False,True,False,733,-37.9328498840332,-48.19873046875,1
Russell was arguing about many books.,A spotlight was arguing about many books.,syntax,s-selection,animate_subject_trans,True,False,True,False,734,-31.797622680664062,-43.427513122558594,1
Omar isn't examining some book.,Some apple isn't examining some book.,syntax,s-selection,animate_subject_trans,True,False,True,False,735,-51.4710693359375,-50.15879821777344,0
Pamela might wear all blouses.,A pepper might wear all blouses.,syntax,s-selection,animate_subject_trans,True,False,True,False,736,-57.11627960205078,-53.768760681152344,0
Alexander has known Sarah.,This cafe has known Sarah.,syntax,s-selection,animate_subject_trans,True,False,True,False,737,-27.04256820678711,-41.76667404174805,1
The Clintons left the dancers.,A lot of boxes left the dancers.,syntax,s-selection,animate_subject_trans,True,False,True,False,738,-41.37516784667969,-46.252685546875,1
Tara isn't concealing Mitchell.,Pork isn't concealing Mitchell.,syntax,s-selection,animate_subject_trans,True,False,True,False,739,-53.145652770996094,-54.94049072265625,1
The Borgias were listening to Stephanie.,Some malls were listening to Stephanie.,syntax,s-selection,animate_subject_trans,True,False,True,False,740,-52.51913070678711,-44.027801513671875,0
Naomi remembered Cheryl.,This screen remembered Cheryl.,syntax,s-selection,animate_subject_trans,True,False,True,False,741,-37.46272277832031,-37.82912826538086,1
Denise describes Judy.,This high school describes Judy.,syntax,s-selection,animate_subject_trans,True,False,True,False,742,-37.00954818725586,-41.043434143066406,1
Suzanne could return to that grocery store.,A carriage could return to that grocery store.,syntax,s-selection,animate_subject_trans,True,False,True,False,743,-55.04495620727539,-52.75376892089844,0
Omar respects Raymond.,That lamp respects Raymond.,syntax,s-selection,animate_subject_trans,True,False,True,False,744,-41.043663024902344,-45.951316833496094,1
Douglas appreciated this person.,Some documentary appreciated this person.,syntax,s-selection,animate_subject_trans,True,False,True,False,745,-37.72562026977539,-36.33744812011719,0
The child should argue about Cynthia.,The sketch should argue about Cynthia.,syntax,s-selection,animate_subject_trans,True,False,True,False,746,-47.910072326660156,-52.123931884765625,1
Veronica has brought many bicycles.,The eye has brought many bicycles.,syntax,s-selection,animate_subject_trans,True,False,True,False,747,-43.72650146484375,-43.792728424072266,1
Scott could mess up those cars.,Every sketch could mess up those cars.,syntax,s-selection,animate_subject_trans,True,False,True,False,748,-36.51362609863281,-48.8056526184082,1
Linda couldn't kiss Brenda.,That company couldn't kiss Brenda.,syntax,s-selection,animate_subject_trans,True,False,True,False,749,-45.98036193847656,-47.339027404785156,1
Valerie couldn't skate around some hill.,Some movie theater couldn't skate around some hill.,syntax,s-selection,animate_subject_trans,True,False,True,False,750,-58.50337600708008,-65.8802490234375,1
Beverly has revealed this window.,Some organization has revealed this window.,syntax,s-selection,animate_subject_trans,True,False,True,False,751,-44.69578170776367,-38.5759162902832,0
Allison was returning to Steven.,This cilantro was returning to Steven.,syntax,s-selection,animate_subject_trans,True,False,True,False,752,-42.13963317871094,-47.06060028076172,1
Tamara might appreciate every boy.,The mirror might appreciate every boy.,syntax,s-selection,animate_subject_trans,True,False,True,False,753,-42.55833053588867,-46.124595642089844,1
This person hadn't helped Winston Churchill.,Every public park hadn't helped Winston Churchill.,syntax,s-selection,animate_subject_trans,True,False,True,False,754,-56.13878631591797,-65.7218017578125,1
Irene hasn't researched Monet.,Every hospital hasn't researched Monet.,syntax,s-selection,animate_subject_trans,True,False,True,False,755,-58.60929489135742,-56.731300354003906,0
Diane was fixing most bikes.,That public park was fixing most bikes.,syntax,s-selection,animate_subject_trans,True,False,True,False,756,-47.29062271118164,-56.46522521972656,1
Andrew wasn't questioning Randolf.,Some hair wasn't questioning Randolf.,syntax,s-selection,animate_subject_trans,True,False,True,False,757,-51.270713806152344,-60.87541961669922,1
Julia hired Melissa.,That sweater hired Melissa.,syntax,s-selection,animate_subject_trans,True,False,True,False,758,-37.755149841308594,-40.814083099365234,1
Kayla escapes from Melanie.,Some rice escapes from Melanie.,syntax,s-selection,animate_subject_trans,True,False,True,False,759,-40.715240478515625,-46.63948440551758,1
This committee disliked Lissa.,The company disliked Lissa.,syntax,s-selection,animate_subject_trans,True,False,True,False,760,-42.17835998535156,-39.711891174316406,0
Jane will see Becca.,Some drawing will see Becca.,syntax,s-selection,animate_subject_trans,True,False,True,False,761,-33.70123291015625,-46.23967742919922,1
Kevin wasn't helping a lot of patients.,The nose wasn't helping a lot of patients.,syntax,s-selection,animate_subject_trans,True,False,True,False,762,-40.90208435058594,-53.71646499633789,1
Debra has explored the lake.,A screen has explored the lake.,syntax,s-selection,animate_subject_trans,True,False,True,False,763,-33.60199737548828,-38.62324905395508,1
Michelle criticizes Peter.,This skirt criticizes Peter.,syntax,s-selection,animate_subject_trans,True,False,True,False,764,-36.462127685546875,-47.59173583984375,1
Rachel climbs up some ladder.,Some lamp climbs up some ladder.,syntax,s-selection,animate_subject_trans,True,False,True,False,765,-33.7927360534668,-45.72356414794922,1
Marla questioned many waitresses.,This convertible questioned many waitresses.,syntax,s-selection,animate_subject_trans,True,False,True,False,766,-45.44867706298828,-52.57487106323242,1
Nancy ran around the malls.,That popsicle ran around the malls.,syntax,s-selection,animate_subject_trans,True,False,True,False,767,-41.52863311767578,-51.961570739746094,1
The teenagers have talked about Steven.,The cars have talked about Steven.,syntax,s-selection,animate_subject_trans,True,False,True,False,768,-41.54583740234375,-42.083702087402344,1
Thomas listened to Michael.,Every cup listened to Michael.,syntax,s-selection,animate_subject_trans,True,False,True,False,769,-26.56936264038086,-39.24787902832031,1
John would fix some screens.,Pork would fix some screens.,syntax,s-selection,animate_subject_trans,True,False,True,False,770,-31.93860626220703,-43.290103912353516,1
Amanda passes some school.,That projector passes some school.,syntax,s-selection,animate_subject_trans,True,False,True,False,771,-36.52543640136719,-41.64021301269531,1
Linda had researched that glacier.,This hair had researched that glacier.,syntax,s-selection,animate_subject_trans,True,False,True,False,772,-48.58529281616211,-49.68389892578125,1
Every driver visited Gary.,Every glass visited Gary.,syntax,s-selection,animate_subject_trans,True,False,True,False,773,-38.8112907409668,-36.599090576171875,0
This hospital isn't admiring those actors.,This pie isn't admiring those actors.,syntax,s-selection,animate_subject_trans,True,False,True,False,774,-57.13719940185547,-57.345130920410156,1
Tammy isn't praising Tina.,The unicycle isn't praising Tina.,syntax,s-selection,animate_subject_trans,True,False,True,False,775,-42.246131896972656,-56.49717330932617,1
Susan hadn't concealed this hamster.,This hill hadn't concealed this hamster.,syntax,s-selection,animate_subject_trans,True,False,True,False,776,-53.838199615478516,-67.01231384277344,1
John hasn't sounded like Grace.,Literature hasn't sounded like Grace.,syntax,s-selection,animate_subject_trans,True,False,True,False,777,-38.05116271972656,-50.07910919189453,1
Marie had described Winston Churchill.,Some restaurant had described Winston Churchill.,syntax,s-selection,animate_subject_trans,True,False,True,False,778,-39.76006317138672,-52.23681640625,1
Every man could hate Vincent.,A mouth could hate Vincent.,syntax,s-selection,animate_subject_trans,True,False,True,False,779,-40.62069320678711,-45.70191192626953,1
Andrew references Guy.,That report references Guy.,syntax,s-selection,animate_subject_trans,True,False,True,False,780,-29.204906463623047,-36.856876373291016,1
A lot of guests are listening to Cheryl.,Many cars are listening to Cheryl.,syntax,s-selection,animate_subject_trans,True,False,True,False,781,-48.92192459106445,-41.395263671875,0
Anna is messing up some high school.,Some popsicle is messing up some high school.,syntax,s-selection,animate_subject_trans,True,False,True,False,782,-35.148353576660156,-57.15605926513672,1
Becca hasn't brought every tomato.,That popsicle hasn't brought every tomato.,syntax,s-selection,animate_subject_trans,True,False,True,False,783,-53.76085662841797,-64.63203430175781,1
Jennifer has discussed that commentary.,The photograph has discussed that commentary.,syntax,s-selection,animate_subject_trans,True,False,True,False,784,-31.83173370361328,-44.8006591796875,1
Gary has worked with Mary.,This art gallery has worked with Mary.,syntax,s-selection,animate_subject_trans,True,False,True,False,785,-22.193613052368164,-41.36441421508789,1
Maria reveals some carts.,This fork reveals some carts.,syntax,s-selection,animate_subject_trans,True,False,True,False,786,-30.452091217041016,-43.89081573486328,1
William buys a book.,The cup buys a book.,syntax,s-selection,animate_subject_trans,True,False,True,False,787,-21.889869689941406,-32.62037658691406,1
Jessica observed Meredith.,Every dog observed Meredith.,syntax,s-selection,animate_subject_trans,True,False,True,False,788,-24.748079299926758,-36.271888732910156,1
A lot of waiters weren't helping Beverly.,Many spotlights weren't helping Beverly.,syntax,s-selection,animate_subject_trans,True,False,True,False,789,-68.0972900390625,-64.80461120605469,0
Stacy hasn't researched every restaurant.,Some box hasn't researched every restaurant.,syntax,s-selection,animate_subject_trans,True,False,True,False,790,-53.92157745361328,-52.69141387939453,0
Robert left most closets.,This cat left most closets.,syntax,s-selection,animate_subject_trans,True,False,True,False,791,-33.155433654785156,-46.07888412475586,1
Marie couldn't drive to these hills.,The wheelbarrow couldn't drive to these hills.,syntax,s-selection,animate_subject_trans,True,False,True,False,792,-40.867897033691406,-74.4423599243164,1
Some boy hasn't fixed every couch.,The cat hasn't fixed every couch.,syntax,s-selection,animate_subject_trans,True,False,True,False,793,-52.37348556518555,-53.30125045776367,1
Brett isn't going to every restaurant.,A hamster isn't going to every restaurant.,syntax,s-selection,animate_subject_trans,True,False,True,False,794,-46.16167449951172,-55.73359298706055,1
Dan has sold this horse.,Science has sold this horse.,syntax,s-selection,animate_subject_trans,True,False,True,False,795,-26.600353240966797,-28.344505310058594,1
A lot of waitresses hadn't brought many snakes.,Most cups hadn't brought many snakes.,syntax,s-selection,animate_subject_trans,True,False,True,False,796,-72.21769714355469,-56.04020690917969,0
Andrea reveals these screens.,That screen reveals these screens.,syntax,s-selection,animate_subject_trans,True,False,True,False,797,-41.26880645751953,-39.64141845703125,0
Many drivers were discussing Russell.,The stairs were discussing Russell.,syntax,s-selection,animate_subject_trans,True,False,True,False,798,-39.059268951416016,-40.21986389160156,1
Kristen respects Vanessa.,This movie theater respects Vanessa.,syntax,s-selection,animate_subject_trans,True,False,True,False,799,-35.87622833251953,-48.728858947753906,1
Vincent remembers Adam.,A convertible remembers Adam.,syntax,s-selection,animate_subject_trans,True,False,True,False,800,-36.208953857421875,-37.5362434387207,1
Joel hugs Guy.,This cilantro hugs Guy.,syntax,s-selection,animate_subject_trans,True,False,True,False,801,-34.66536331176758,-45.33970642089844,1
Tara isn't hiding a bicycle.,A banana isn't hiding a bicycle.,syntax,s-selection,animate_subject_trans,True,False,True,False,802,-45.5404167175293,-49.3713264465332,1
Curtis did observe a doctor.,That candle did observe a doctor.,syntax,s-selection,animate_subject_trans,True,False,True,False,803,-47.354461669921875,-43.351539611816406,0
Timothy boycotted a lot of companies.,The picture boycotted a lot of companies.,syntax,s-selection,animate_subject_trans,True,False,True,False,804,-62.4100227355957,-60.90911865234375,0
Kathleen sells every face.,This car sells every face.,syntax,s-selection,animate_subject_trans,True,False,True,False,805,-46.37110137939453,-35.53949737548828,0
Actors can heal Travis.,Some glaciers can heal Travis.,syntax,s-selection,animate_subject_trans,True,False,True,False,806,-44.48994445800781,-44.098167419433594,0
Sherry hasn't questioned Mark.,That lamp hasn't questioned Mark.,syntax,s-selection,animate_subject_trans,True,False,True,False,807,-52.24592208862305,-52.85302734375,1
Benjamin had walked through all cafes.,Some ice cream had walked through all cafes.,syntax,s-selection,animate_subject_trans,True,False,True,False,808,-48.70362854003906,-54.219322204589844,1
Leslie disagrees with Monet.,The water disagrees with Monet.,syntax,s-selection,animate_subject_trans,True,False,True,False,809,-44.73494338989258,-44.08256149291992,0
A doctor passes these schools.,This cucumber passes these schools.,syntax,s-selection,animate_subject_trans,True,False,True,False,810,-38.38666915893555,-48.58623504638672,1
Beth investigates Joseph.,That essay investigates Joseph.,syntax,s-selection,animate_subject_trans,True,False,True,False,811,-33.79539489746094,-35.87303924560547,1
Meredith fired Mark.,Some bicycle fired Mark.,syntax,s-selection,animate_subject_trans,True,False,True,False,812,-39.154541015625,-40.656982421875,1
Allison talked to Kristin.,A mountain talked to Kristin.,syntax,s-selection,animate_subject_trans,True,False,True,False,813,-43.29461669921875,-42.567962646484375,0
The Lutherans praised Christopher.,Universities praised Christopher.,syntax,s-selection,animate_subject_trans,True,False,True,False,814,-48.854759216308594,-46.501739501953125,0
Caroline isn't approaching Nicole.,That documentary isn't approaching Nicole.,syntax,s-selection,animate_subject_trans,True,False,True,False,815,-48.60697555541992,-47.29520034790039,0
That lady hadn't discussed Rachel.,This painting hadn't discussed Rachel.,syntax,s-selection,animate_subject_trans,True,False,True,False,816,-49.410526275634766,-52.602474212646484,1
Donna insults Marla.,That dog insults Marla.,syntax,s-selection,animate_subject_trans,True,False,True,False,817,-42.3989143371582,-43.02107620239258,1
Heather forgot Gary.,Some convertible forgot Gary.,syntax,s-selection,animate_subject_trans,True,False,True,False,818,-36.95614242553711,-42.15478515625,1
That actress was discovering the people.,The closet was discovering the people.,syntax,s-selection,animate_subject_trans,True,False,True,False,819,-36.82861328125,-39.783302307128906,1
Many men aren't arriving at the bank.,Hospitals aren't arriving at the bank.,syntax,s-selection,animate_subject_trans,True,False,True,False,820,-43.368072509765625,-59.591590881347656,1
Bethany can discuss Nicole.,That hair can discuss Nicole.,syntax,s-selection,animate_subject_trans,True,False,True,False,821,-44.41277313232422,-39.626976013183594,0
Helen forgot some woman.,A turtle forgot some woman.,syntax,s-selection,animate_subject_trans,True,False,True,False,822,-35.58634948730469,-42.864540100097656,1
Jeffrey fixes these screens.,The art gallery fixes these screens.,syntax,s-selection,animate_subject_trans,True,False,True,False,823,-40.0070686340332,-47.09419250488281,1
Spain knows Eva.,Every pie knows Eva.,syntax,s-selection,animate_subject_trans,True,False,True,False,824,-26.486616134643555,-38.676612854003906,1
Every man had cured all teachers.,This skateboard had cured all teachers.,syntax,s-selection,animate_subject_trans,True,False,True,False,825,-44.79386520385742,-57.824623107910156,1
Tanya has thought about Wayne.,A mirror has thought about Wayne.,syntax,s-selection,animate_subject_trans,True,False,True,False,826,-40.285614013671875,-43.7958984375,1
Regina could walk through that river.,That eye could walk through that river.,syntax,s-selection,animate_subject_trans,True,False,True,False,827,-46.96021270751953,-47.40486145019531,1
Nancy helps Brett.,The university helps Brett.,syntax,s-selection,animate_subject_trans,True,False,True,False,828,-39.8359489440918,-37.43285369873047,0
Keith will cure Danielle.,Music will cure Danielle.,syntax,s-selection,animate_subject_trans,True,False,True,False,829,-32.99530029296875,-35.60060501098633,1
Keith wouldn't hate Jerry.,Some commentary wouldn't hate Jerry.,syntax,s-selection,animate_subject_trans,True,False,True,False,830,-34.50548553466797,-47.53855895996094,1
Melanie hasn't complained about Marcus.,The screen hasn't complained about Marcus.,syntax,s-selection,animate_subject_trans,True,False,True,False,831,-50.88323211669922,-51.353485107421875,1
Angela boycotted the public parks.,That mirror boycotted the public parks.,syntax,s-selection,animate_subject_trans,True,False,True,False,832,-61.24312973022461,-65.26261901855469,1
Anne could go to many college campuses.,Some mushroom could go to many college campuses.,syntax,s-selection,animate_subject_trans,True,False,True,False,833,-40.93019485473633,-56.185020446777344,1
George talked about Jesus.,Some bank talked about Jesus.,syntax,s-selection,animate_subject_trans,True,False,True,False,834,-22.48542022705078,-32.71376037597656,1
Debra boasts about Paul.,That mouth boasts about Paul.,syntax,s-selection,animate_subject_trans,True,False,True,False,835,-35.20149230957031,-41.282752990722656,1
Gerald sounds like Andrea.,Every nose sounds like Andrea.,syntax,s-selection,animate_subject_trans,True,False,True,False,836,-41.58353042602539,-40.63481903076172,0
Monica talked to Adam.,A snake talked to Adam.,syntax,s-selection,animate_subject_trans,True,False,True,False,837,-36.70233917236328,-37.320152282714844,1
Cindy couldn't scan a story.,This newspaper article couldn't scan a story.,syntax,s-selection,animate_subject_trans,True,False,True,False,838,-51.60565948486328,-53.1905403137207,1
Anna buys many rabbits.,This candle buys many rabbits.,syntax,s-selection,animate_subject_trans,True,False,True,False,839,-30.86819076538086,-43.46657180786133,1
Sabrina isn't helping a lot of drivers.,That broccoli isn't helping a lot of drivers.,syntax,s-selection,animate_subject_trans,True,False,True,False,840,-49.157073974609375,-51.878448486328125,1
Every teacher talks about that documentary.,This college campus talks about that documentary.,syntax,s-selection,animate_subject_trans,True,False,True,False,841,-40.989959716796875,-49.961002349853516,1
Patricia hasn't returned to Charles.,A restaurant hasn't returned to Charles.,syntax,s-selection,animate_subject_trans,True,False,True,False,842,-49.75032043457031,-52.083560943603516,1
Patricia wasn't curing Ellen.,A story wasn't curing Ellen.,syntax,s-selection,animate_subject_trans,True,False,True,False,843,-55.61564636230469,-52.140464782714844,0
Derek ascends every hill.,Every projector ascends every hill.,syntax,s-selection,animate_subject_trans,True,False,True,False,844,-49.031761169433594,-50.70423889160156,1
Valerie sells the pasta.,That bicycle sells the pasta.,syntax,s-selection,animate_subject_trans,True,False,True,False,845,-36.62929916381836,-38.733158111572266,1
Jodi had cared for Michael.,Some broccoli had cared for Michael.,syntax,s-selection,animate_subject_trans,True,False,True,False,846,-40.27519989013672,-46.849727630615234,1
Chad has hugged Marie.,This glove has hugged Marie.,syntax,s-selection,animate_subject_trans,True,False,True,False,847,-39.09608459472656,-46.68599319458008,1
Natalie is listening to Dan.,This apple is listening to Dan.,syntax,s-selection,animate_subject_trans,True,False,True,False,848,-40.03978729248047,-40.69917678833008,1
This guest isn't hugging Homer.,The organization isn't hugging Homer.,syntax,s-selection,animate_subject_trans,True,False,True,False,849,-49.37752914428711,-47.249900817871094,0
Homer isn't noticing Larry.,A spotlight isn't noticing Larry.,syntax,s-selection,animate_subject_trans,True,False,True,False,850,-51.419063568115234,-52.530662536621094,1
Vincent runs around a lot of cafes.,This story runs around a lot of cafes.,syntax,s-selection,animate_subject_trans,True,False,True,False,851,-46.71676254272461,-43.060829162597656,0
Tiffany fired Lissa.,Every car fired Lissa.,syntax,s-selection,animate_subject_trans,True,False,True,False,852,-49.63758850097656,-40.838443756103516,0
Eric messes up this shirt.,That restaurant messes up this shirt.,syntax,s-selection,animate_subject_trans,True,False,True,False,853,-42.00856018066406,-51.65741729736328,1
Bruce has returned to Naomi.,The movie has returned to Naomi.,syntax,s-selection,animate_subject_trans,True,False,True,False,854,-28.230831146240234,-37.537349700927734,1
Larry observes Scott.,That photograph observes Scott.,syntax,s-selection,animate_subject_trans,True,False,True,False,855,-26.28329849243164,-39.02354049682617,1
This girl might listen to Katherine.,A drawing might listen to Katherine.,syntax,s-selection,animate_subject_trans,True,False,True,False,856,-40.48145294189453,-46.527557373046875,1
The teachers don't help Sally.,Some associations don't help Sally.,syntax,s-selection,animate_subject_trans,True,False,True,False,857,-39.34894561767578,-40.35936737060547,1
Bruce knows Marla.,The horse knows Marla.,syntax,s-selection,animate_subject_trans,True,False,True,False,858,-28.942459106445312,-40.54042053222656,1
Donald is noticing Aaron.,This art gallery is noticing Aaron.,syntax,s-selection,animate_subject_trans,True,False,True,False,859,-32.18745040893555,-49.135780334472656,1
Janet was hiring the actor.,A dish was hiring the actor.,syntax,s-selection,animate_subject_trans,True,False,True,False,860,-39.35771179199219,-42.98585891723633,1
Jane hadn't examined some movies.,Travel hadn't examined some movies.,syntax,s-selection,animate_subject_trans,True,False,True,False,861,-43.03731918334961,-42.82101058959961,0
Sheila hadn't messed up every library.,The shirt hadn't messed up every library.,syntax,s-selection,animate_subject_trans,True,False,True,False,862,-53.61518478393555,-55.57301330566406,1
Becca isn't cleaning these newspaper articles.,That story isn't cleaning these newspaper articles.,syntax,s-selection,animate_subject_trans,True,False,True,False,863,-64.46220397949219,-57.702919006347656,0
Cindy wasn't talking to Denise.,Every vase wasn't talking to Denise.,syntax,s-selection,animate_subject_trans,True,False,True,False,864,-53.10725402832031,-54.74137878417969,1
Florence isn't firing Tamara.,This university isn't firing Tamara.,syntax,s-selection,animate_subject_trans,True,False,True,False,865,-65.6578140258789,-56.64266586303711,0
Spain hired a lot of dancers.,Every cake hired a lot of dancers.,syntax,s-selection,animate_subject_trans,True,False,True,False,866,-30.513696670532227,-43.67384338378906,1
Carl hasn't sounded like all men.,The box hasn't sounded like all men.,syntax,s-selection,animate_subject_trans,True,False,True,False,867,-41.80926513671875,-51.789642333984375,1
Julie observes Lori.,That gate observes Lori.,syntax,s-selection,animate_subject_trans,True,False,True,False,868,-33.061614990234375,-40.91974639892578,1
Heidi arrives at a lake.,The water arrives at a lake.,syntax,s-selection,animate_subject_trans,True,False,True,False,869,-40.30855178833008,-36.33964157104492,0
Donna flees from some hills.,That print flees from some hills.,syntax,s-selection,animate_subject_trans,True,False,True,False,870,-49.91299057006836,-51.705020904541016,1
Debra hasn't examined that newspaper article.,This snake hasn't examined that newspaper article.,syntax,s-selection,animate_subject_trans,True,False,True,False,871,-57.510799407958984,-61.73602294921875,1
Dan can praise Carl.,This ice cream can praise Carl.,syntax,s-selection,animate_subject_trans,True,False,True,False,872,-33.62890625,-48.80921173095703,1
Cheryl shouldn't help Stacey.,Every restaurant shouldn't help Stacey.,syntax,s-selection,animate_subject_trans,True,False,True,False,873,-59.54669189453125,-51.78403091430664,0
The woman is exiting that high school.,Every face is exiting that high school.,syntax,s-selection,animate_subject_trans,True,False,True,False,874,-44.339111328125,-43.89715576171875,0
This actor hasn't cured those students.,A commentary hasn't cured those students.,syntax,s-selection,animate_subject_trans,True,False,True,False,875,-54.57316970825195,-56.91767120361328,1
Naomi could dislike Cheryl.,A glacier could dislike Cheryl.,syntax,s-selection,animate_subject_trans,True,False,True,False,876,-43.5969352722168,-49.14818572998047,1
That pedestrian hadn't questioned Emily.,A spotlight hadn't questioned Emily.,syntax,s-selection,animate_subject_trans,True,False,True,False,877,-52.89055633544922,-52.86003112792969,0
Carla references some cashier.,The closet references some cashier.,syntax,s-selection,animate_subject_trans,True,False,True,False,878,-49.504005432128906,-50.90528106689453,1
This government wouldn't talk about Jerry.,The apple wouldn't talk about Jerry.,syntax,s-selection,animate_subject_trans,True,False,True,False,879,-44.72198486328125,-46.14738082885742,1
All waiters weren't cleaning some eye.,Many couches weren't cleaning some eye.,syntax,s-selection,animate_subject_trans,True,False,True,False,880,-57.655517578125,-60.98167419433594,1
All adults fled from those grocery stores.,These books fled from those grocery stores.,syntax,s-selection,animate_subject_trans,True,False,True,False,881,-48.611602783203125,-47.818321228027344,0
Kendra should wear some blouse.,A wheelbarrow should wear some blouse.,syntax,s-selection,animate_subject_trans,True,False,True,False,882,-50.84870529174805,-71.10133361816406,1
Angela skates around some cafe.,Some computer skates around some cafe.,syntax,s-selection,animate_subject_trans,True,False,True,False,883,-53.31749725341797,-54.08866882324219,1
Cynthia respects Jeffrey.,That couch respects Jeffrey.,syntax,s-selection,animate_subject_trans,True,False,True,False,884,-53.18638610839844,-46.30101776123047,0
William talks about the grocery stores.,That school talks about the grocery stores.,syntax,s-selection,animate_subject_trans,True,False,True,False,885,-32.38687515258789,-39.048248291015625,1
Peter wasn't curing drivers.,A drawing wasn't curing drivers.,syntax,s-selection,animate_subject_trans,True,False,True,False,886,-37.72576141357422,-51.80680847167969,1
A teenager heals Bethany.,A glove heals Bethany.,syntax,s-selection,animate_subject_trans,True,False,True,False,887,-44.136474609375,-46.37699890136719,1
Vincent respected Mary.,A light respected Mary.,syntax,s-selection,animate_subject_trans,True,False,True,False,888,-36.17507553100586,-33.942378997802734,0
Stacy observed James.,That bicycle observed James.,syntax,s-selection,animate_subject_trans,True,False,True,False,889,-34.59181213378906,-39.312347412109375,1
The actresses cleaned the schools.,These cars cleaned the schools.,syntax,s-selection,animate_subject_trans,True,False,True,False,890,-38.48756790161133,-37.46486282348633,0
A lot of pedestrians haven't boycotted the public park.,Many college campuses haven't boycotted the public park.,syntax,s-selection,animate_subject_trans,True,False,True,False,891,-85.48782348632812,-85.90626525878906,1
Benjamin kissed Alicia.,Some painting kissed Alicia.,syntax,s-selection,animate_subject_trans,True,False,True,False,892,-38.49259948730469,-39.298553466796875,1
Carlos has observed Clyde.,The pepper has observed Clyde.,syntax,s-selection,animate_subject_trans,True,False,True,False,893,-38.701568603515625,-45.338809967041016,1
Tracy kisses Deanna.,This cafe kisses Deanna.,syntax,s-selection,animate_subject_trans,True,False,True,False,894,-43.14902114868164,-44.812007904052734,1
Irene hugged Grace.,Some sock hugged Grace.,syntax,s-selection,animate_subject_trans,True,False,True,False,895,-38.37242126464844,-37.834495544433594,0
Many actresses can't dislike every woman.,Most high schools can't dislike every woman.,syntax,s-selection,animate_subject_trans,True,False,True,False,896,-49.830772399902344,-52.273563385009766,1
Some actor won't describe Karen.,Some movie theater won't describe Karen.,syntax,s-selection,animate_subject_trans,True,False,True,False,897,-46.51020050048828,-55.97613525390625,1
Samantha would remember Alan.,The casserole would remember Alan.,syntax,s-selection,animate_subject_trans,True,False,True,False,898,-49.77024841308594,-54.3381233215332,1
Stacey was cleaning these cars.,Some spotlight was cleaning these cars.,syntax,s-selection,animate_subject_trans,True,False,True,False,899,-42.58934020996094,-44.77552795410156,1
Danielle hasn't cleaned these candles.,The horse hasn't cleaned these candles.,syntax,s-selection,animate_subject_trans,True,False,True,False,900,-49.54749298095703,-52.728546142578125,1
Allison concealed Matt.,Water concealed Matt.,syntax,s-selection,animate_subject_trans,True,False,True,False,901,-42.42236328125,-28.91944122314453,0
The legislature wasn't concealing Samantha.,This glove wasn't concealing Samantha.,syntax,s-selection,animate_subject_trans,True,False,True,False,902,-56.10594177246094,-61.02678680419922,1
Edward had hated a patient.,Every movie had hated a patient.,syntax,s-selection,animate_subject_trans,True,False,True,False,903,-30.668712615966797,-42.06520462036133,1
Carl hadn't approached Lucille.,An eggplant hadn't approached Lucille.,syntax,s-selection,animate_subject_trans,True,False,True,False,904,-46.44937515258789,-68.64553833007812,1
Deborah won't care for Roger.,Every library won't care for Roger.,syntax,s-selection,animate_subject_trans,True,False,True,False,905,-48.26388168334961,-45.241607666015625,0
People hadn't escaped from Erin.,Most chairs hadn't escaped from Erin.,syntax,s-selection,animate_subject_trans,True,False,True,False,906,-43.5723876953125,-57.085487365722656,1
Naomi could work with that teacher.,That fish could work with that teacher.,syntax,s-selection,animate_subject_trans,True,False,True,False,907,-43.4500617980957,-46.616355895996094,1
All children can't sell a lot of computers.,A lot of cars can't sell a lot of computers.,syntax,s-selection,animate_subject_trans,True,False,True,False,908,-44.002655029296875,-54.84920120239258,1
Most customers forgot Michelle.,Many paintings forgot Michelle.,syntax,s-selection,animate_subject_trans,True,False,True,False,909,-34.71138000488281,-38.95805740356445,1
Todd talks to Rachel.,Some university talks to Rachel.,syntax,s-selection,animate_subject_trans,True,False,True,False,910,-26.77545166015625,-34.891517639160156,1
David talks to Nicole.,That library talks to Nicole.,syntax,s-selection,animate_subject_trans,True,False,True,False,911,-26.44155502319336,-38.670440673828125,1
People concealed a lot of essays.,These unicycles concealed a lot of essays.,syntax,s-selection,animate_subject_trans,True,False,True,False,912,-33.531978607177734,-64.62667083740234,1
Amelia admires Curtis.,Some skirt admires Curtis.,syntax,s-selection,animate_subject_trans,True,False,True,False,913,-47.27889633178711,-50.626976013183594,1
Bradley does clean this sketch.,This shoe does clean this sketch.,syntax,s-selection,animate_subject_trans,True,False,True,False,914,-41.1959114074707,-43.81548309326172,1
Most actresses didn't boycott the Clintons.,Many high schools didn't boycott the Clintons.,syntax,s-selection,animate_subject_trans,True,False,True,False,915,-58.06714630126953,-65.26969146728516,1
This teacher is fleeing from Jill.,Science is fleeing from Jill.,syntax,s-selection,animate_subject_trans,True,False,True,False,916,-41.501914978027344,-33.84906768798828,0
Every dancer wasn't going to some river.,A book wasn't going to some river.,syntax,s-selection,animate_subject_trans,True,False,True,False,917,-49.23493194580078,-45.901023864746094,0
Heather hadn't forgotten those newspaper articles.,A projector hadn't forgotten those newspaper articles.,syntax,s-selection,animate_subject_trans,True,False,True,False,918,-65.52561950683594,-71.34928894042969,1
April isn't going to a closet.,The ice cream isn't going to a closet.,syntax,s-selection,animate_subject_trans,True,False,True,False,919,-34.3545036315918,-48.07317352294922,1
Mitchell is appreciating Daniel.,The spotlight is appreciating Daniel.,syntax,s-selection,animate_subject_trans,True,False,True,False,920,-43.924583435058594,-44.32933807373047,1
Brian has boycotted the Clintons.,That book has boycotted the Clintons.,syntax,s-selection,animate_subject_trans,True,False,True,False,921,-59.693599700927734,-68.51119232177734,1
Daniel kissed Kendra.,Science kissed Kendra.,syntax,s-selection,animate_subject_trans,True,False,True,False,922,-32.931278228759766,-33.59075927734375,1
Alan might love Veronica.,The unicycle might love Veronica.,syntax,s-selection,animate_subject_trans,True,False,True,False,923,-31.244590759277344,-52.2248420715332,1
This girl hires teachers.,The cucumber hires teachers.,syntax,s-selection,animate_subject_trans,True,False,True,False,924,-34.32794189453125,-47.00452423095703,1
Winston Churchill descends some steps.,A shoe descends some steps.,syntax,s-selection,animate_subject_trans,True,False,True,False,925,-61.515499114990234,-49.56475067138672,0
Phillip passes every high school.,That drawing passes every high school.,syntax,s-selection,animate_subject_trans,True,False,True,False,926,-38.50783920288086,-41.374935150146484,1
Randolf isn't arguing about some actors.,This hospital isn't arguing about some actors.,syntax,s-selection,animate_subject_trans,True,False,True,False,927,-51.89252853393555,-50.233154296875,0
Kirsten fixes the vases.,This rug fixes the vases.,syntax,s-selection,animate_subject_trans,True,False,True,False,928,-49.103553771972656,-44.21792984008789,0
Sherry isn't researching those pictures.,This pie isn't researching those pictures.,syntax,s-selection,animate_subject_trans,True,False,True,False,929,-49.99406433105469,-47.967193603515625,0
Rhonda hid Katherine.,The ladder hid Katherine.,syntax,s-selection,animate_subject_trans,True,False,True,False,930,-35.570228576660156,-42.97461700439453,1
Homer isn't watching Dana.,The picture isn't watching Dana.,syntax,s-selection,animate_subject_trans,True,False,True,False,931,-47.95623016357422,-43.493682861328125,0
Some girl wasn't helping Theodore.,That organization wasn't helping Theodore.,syntax,s-selection,animate_subject_trans,True,False,True,False,932,-46.41693115234375,-50.404422760009766,1
Jessica escapes from Eva.,This tomato escapes from Eva.,syntax,s-selection,animate_subject_trans,True,False,True,False,933,-32.24211883544922,-45.30766296386719,1
Melinda hasn't driven to that movie theater.,Art hasn't driven to that movie theater.,syntax,s-selection,animate_subject_trans,True,False,True,False,934,-62.30072784423828,-56.04661178588867,0
Sherry did return to Steve.,The door did return to Steve.,syntax,s-selection,animate_subject_trans,True,False,True,False,935,-44.342559814453125,-43.13226318359375,0
Some drivers should tour these museums.,Most rugs should tour these museums.,syntax,s-selection,animate_subject_trans,True,False,True,False,936,-46.0640869140625,-53.285186767578125,1
James hasn't worked with Amanda.,Every mushroom hasn't worked with Amanda.,syntax,s-selection,animate_subject_trans,True,False,True,False,937,-35.00813293457031,-49.772186279296875,1
Lisa approaches Monica.,That screen approaches Monica.,syntax,s-selection,animate_subject_trans,True,False,True,False,938,-29.32899284362793,-40.38188171386719,1
Curtis investigates Michelle.,That glacier investigates Michelle.,syntax,s-selection,animate_subject_trans,True,False,True,False,939,-45.61940383911133,-42.455894470214844,0
Douglas attacked Phillip.,The hair attacked Phillip.,syntax,s-selection,animate_subject_trans,True,False,True,False,940,-40.007781982421875,-40.48275375366211,1
Some waiter remembers Ruth.,Every fork remembers Ruth.,syntax,s-selection,animate_subject_trans,True,False,True,False,941,-40.08837890625,-41.27377700805664,1
Laura isn't hugging Judy.,That eggplant isn't hugging Judy.,syntax,s-selection,animate_subject_trans,True,False,True,False,942,-39.317108154296875,-61.038536071777344,1
Theodore messes up some plates.,This car messes up some plates.,syntax,s-selection,animate_subject_trans,True,False,True,False,943,-56.52464294433594,-49.66709518432617,0
Todd broke the window.,Some skirt broke the window.,syntax,s-selection,animate_subject_trans,True,False,True,False,944,-22.168651580810547,-35.82996368408203,1
Walter is questioning Dawn.,Some company is questioning Dawn.,syntax,s-selection,animate_subject_trans,True,False,True,False,945,-39.71436309814453,-41.29106903076172,1
Jason boycotted most art galleries.,Some spotlight boycotted most art galleries.,syntax,s-selection,animate_subject_trans,True,False,True,False,946,-54.4539794921875,-71.89060974121094,1
Craig will drive to this hospital.,A photograph will drive to this hospital.,syntax,s-selection,animate_subject_trans,True,False,True,False,947,-31.857189178466797,-44.14257049560547,1
Cindy insulted Sarah.,Some cilantro insulted Sarah.,syntax,s-selection,animate_subject_trans,True,False,True,False,948,-42.93376159667969,-45.8314208984375,1
Benjamin should lift many malls.,That rug should lift many malls.,syntax,s-selection,animate_subject_trans,True,False,True,False,949,-49.02027893066406,-48.956974029541016,0
William escaped from all dancers.,Some cilantro escaped from all dancers.,syntax,s-selection,animate_subject_trans,True,False,True,False,950,-33.093013763427734,-50.57640075683594,1
Nancy has kissed Craig.,The library has kissed Craig.,syntax,s-selection,animate_subject_trans,True,False,True,False,951,-42.65910339355469,-39.76771926879883,0
Donald does arrive at this museum.,This library does arrive at this museum.,syntax,s-selection,animate_subject_trans,True,False,True,False,952,-33.049560546875,-41.72829055786133,1
Susan hadn't cared for Christina.,Spain hadn't cared for Christina.,syntax,s-selection,animate_subject_trans,True,False,True,False,953,-41.42713165283203,-43.448429107666016,1
Keith thought about Laurie.,Art thought about Laurie.,syntax,s-selection,animate_subject_trans,True,False,True,False,954,-30.5150203704834,-30.513046264648438,0
Wendy sounds like most glaciers.,A coat sounds like most glaciers.,syntax,s-selection,animate_subject_trans,True,False,True,False,955,-45.88937759399414,-47.73487091064453,1
Grace wasn't walking through public parks.,That computer wasn't walking through public parks.,syntax,s-selection,animate_subject_trans,True,False,True,False,956,-54.32360076904297,-56.40779113769531,1
Noah respected Rodney.,A screen respected Rodney.,syntax,s-selection,animate_subject_trans,True,False,True,False,957,-37.96924591064453,-40.32196044921875,1
Rebecca does visit Susan.,The pie does visit Susan.,syntax,s-selection,animate_subject_trans,True,False,True,False,958,-43.68891906738281,-42.58781433105469,0
Carmen heals Brett.,That rug heals Brett.,syntax,s-selection,animate_subject_trans,True,False,True,False,959,-43.24852752685547,-39.907379150390625,0
Monica isn't praising Monet.,Every painting isn't praising Monet.,syntax,s-selection,animate_subject_trans,True,False,True,False,960,-49.846961975097656,-51.20194625854492,1
Nina hasn't observed Paula.,Politics hasn't observed Paula.,syntax,s-selection,animate_subject_trans,True,False,True,False,961,-50.42803955078125,-40.93918228149414,0
Beverly is talking about Erin.,The mushroom is talking about Erin.,syntax,s-selection,animate_subject_trans,True,False,True,False,962,-46.39754867553711,-44.35863494873047,0
Those children have forgotten Michael.,The movies have forgotten Michael.,syntax,s-selection,animate_subject_trans,True,False,True,False,963,-35.34661865234375,-38.283180236816406,1
The company shouldn't dislike Valerie.,Some shirt shouldn't dislike Valerie.,syntax,s-selection,animate_subject_trans,True,False,True,False,964,-46.86857986450195,-49.57997512817383,1
Theodore was praising Andrea.,That rug was praising Andrea.,syntax,s-selection,animate_subject_trans,True,False,True,False,965,-44.72129821777344,-43.30543518066406,0
Sherry has sold a river.,The rug has sold a river.,syntax,s-selection,animate_subject_trans,True,False,True,False,966,-36.853599548339844,-37.77705001831055,1
Heather hates Todd.,Every movie hates Todd.,syntax,s-selection,animate_subject_trans,True,False,True,False,967,-36.30645751953125,-35.75053024291992,0
Julia explored those museums.,Some restaurant explored those museums.,syntax,s-selection,animate_subject_trans,True,False,True,False,968,-37.53936004638672,-41.40099334716797,1
Meredith flees from Carolyn.,That hamster flees from Carolyn.,syntax,s-selection,animate_subject_trans,True,False,True,False,969,-50.98921203613281,-56.83842849731445,1
Barbara hadn't remembered Carlos.,The water hadn't remembered Carlos.,syntax,s-selection,animate_subject_trans,True,False,True,False,970,-51.56989288330078,-50.99573516845703,0
Samantha hates Valerie.,A mushroom hates Valerie.,syntax,s-selection,animate_subject_trans,True,False,True,False,971,-46.283199310302734,-40.48310852050781,0
Children could know Samuel.,Those shirts could know Samuel.,syntax,s-selection,animate_subject_trans,True,False,True,False,972,-29.771940231323242,-41.11895751953125,1
Every boy isn't watching Janice.,Every association isn't watching Janice.,syntax,s-selection,animate_subject_trans,True,False,True,False,973,-48.35822296142578,-51.103919982910156,1
A lot of children don't pass this mall.,A lot of organizations don't pass this mall.,syntax,s-selection,animate_subject_trans,True,False,True,False,974,-47.40270233154297,-51.27357482910156,1
Karla is concealing that customer.,That pork is concealing that customer.,syntax,s-selection,animate_subject_trans,True,False,True,False,975,-48.98371505737305,-55.68767547607422,1
Bethany couldn't discover the rabbit.,The face couldn't discover the rabbit.,syntax,s-selection,animate_subject_trans,True,False,True,False,976,-48.978580474853516,-42.89540100097656,0
Sonia hasn't discovered Denise.,A glacier hasn't discovered Denise.,syntax,s-selection,animate_subject_trans,True,False,True,False,977,-52.425872802734375,-54.35022735595703,1
William observed Christina.,A story observed Christina.,syntax,s-selection,animate_subject_trans,True,False,True,False,978,-28.386289596557617,-37.24502944946289,1
Samuel was questioning Alan.,Every spotlight was questioning Alan.,syntax,s-selection,animate_subject_trans,True,False,True,False,979,-41.533878326416016,-44.285057067871094,1
The libraries weren't referencing Bethany.,Those steps weren't referencing Bethany.,syntax,s-selection,animate_subject_trans,True,False,True,False,980,-58.14313888549805,-57.42872619628906,0
Edward hadn't discussed Jeffrey.,A bike hadn't discussed Jeffrey.,syntax,s-selection,animate_subject_trans,True,False,True,False,981,-41.65548324584961,-54.11312484741211,1
Cheryl has questioned Beth.,Every blouse has questioned Beth.,syntax,s-selection,animate_subject_trans,True,False,True,False,982,-49.1494140625,-51.588661193847656,1
Mitchell couldn't investigate Jennifer.,The snake couldn't investigate Jennifer.,syntax,s-selection,animate_subject_trans,True,False,True,False,983,-49.97242736816406,-49.74972915649414,0
A lot of patients couldn't approach Roger.,All shoes couldn't approach Roger.,syntax,s-selection,animate_subject_trans,True,False,True,False,984,-58.368431091308594,-50.9364013671875,0
The teenager was returning to patients.,Every glacier was returning to patients.,syntax,s-selection,animate_subject_trans,True,False,True,False,985,-37.081790924072266,-41.23686218261719,1
Anna described the closets.,The fish described the closets.,syntax,s-selection,animate_subject_trans,True,False,True,False,986,-29.317108154296875,-42.662445068359375,1
Vincent wasn't walking through the restaurant.,A school wasn't walking through the restaurant.,syntax,s-selection,animate_subject_trans,True,False,True,False,987,-50.011985778808594,-46.548805236816406,0
Douglas should complain about Craig.,That water should complain about Craig.,syntax,s-selection,animate_subject_trans,True,False,True,False,988,-45.776573181152344,-43.990638732910156,0
This student hired Deanna.,Every report hired Deanna.,syntax,s-selection,animate_subject_trans,True,False,True,False,989,-35.469669342041016,-38.528343200683594,1
Every pedestrian hasn't revealed a pepper.,Every chair hasn't revealed a pepper.,syntax,s-selection,animate_subject_trans,True,False,True,False,990,-53.46726989746094,-51.422733306884766,0
Deanna couldn't watch Jennifer.,Some light couldn't watch Jennifer.,syntax,s-selection,animate_subject_trans,True,False,True,False,991,-42.848388671875,-44.823299407958984,1
These actors should boast about Keith.,Many hills should boast about Keith.,syntax,s-selection,animate_subject_trans,True,False,True,False,992,-46.390830993652344,-48.747718811035156,1
Tara loves the report.,Some lake loves the report.,syntax,s-selection,animate_subject_trans,True,False,True,False,993,-33.678466796875,-37.81926345825195,1
Robert attacked some driver.,Every print attacked some driver.,syntax,s-selection,animate_subject_trans,True,False,True,False,994,-29.499019622802734,-42.6905517578125,1
Gregory climbs down a ladder.,Some pork climbs down a ladder.,syntax,s-selection,animate_subject_trans,True,False,True,False,995,-41.48834991455078,-44.20170593261719,1
That actress won't discuss Nina.,This glove won't discuss Nina.,syntax,s-selection,animate_subject_trans,True,False,True,False,996,-48.60484313964844,-51.642356872558594,1
Sally walked through those glaciers.,That candle walked through those glaciers.,syntax,s-selection,animate_subject_trans,True,False,True,False,997,-42.78376388549805,-46.05597686767578,1
Dana had worn many socks.,A projector had worn many socks.,syntax,s-selection,animate_subject_trans,True,False,True,False,998,-43.11101531982422,-49.80793380737305,1
Lisa wasn't going to that high school.,This candle wasn't going to that high school.,syntax,s-selection,animate_subject_trans,True,False,True,False,999,-37.242897033691406,-50.337188720703125,1
