sentence_good,sentence_bad,field,linguistics_term,UID,simple_LM_method,one_prefix_method,two_prefix_method,lexically_identical,pair_id,good_prob,bad_prob,correct
All boys boast about that child.,All boys boast about those child.,morphology,determiner_noun_agreement,determiner_noun_agreement_irregular_2,True,False,True,True,0,-50.60081481933594,-51.92655944824219,1
Candice has taken that axis.,Candice has taken those axis.,morphology,determiner_noun_agreement,determiner_noun_agreement_irregular_2,True,False,True,True,1,-47.38411331176758,-50.62637710571289,1
Those ladies walk through those oases.,Those ladies walk through that oases.,morphology,determiner_noun_agreement,determiner_noun_agreement_irregular_2,True,False,True,True,2,-55.258087158203125,-56.7932243347168,1
The legislatures praise this woman.,The legislatures praise these woman.,morphology,determiner_noun_agreement,determiner_noun_agreement_irregular_2,True,False,True,True,3,-44.021400451660156,-47.95828628540039,1
Many icicles do bore that child.,Many icicles do bore those child.,morphology,determiner_noun_agreement,determiner_noun_agreement_irregular_2,True,False,True,True,4,-70.11849975585938,-70.55363464355469,1
Actors see this tooth.,Actors see these tooth.,morphology,determiner_noun_agreement,determiner_noun_agreement_irregular_2,True,False,True,True,5,-40.91594696044922,-44.11043167114258,1
Diane lifts these oxen.,Diane lifts this oxen.,morphology,determiner_noun_agreement,determiner_noun_agreement_irregular_2,True,False,True,True,6,-55.352500915527344,-55.38911437988281,1
Sonia hadn't boasted about those men.,Sonia hadn't boasted about that men.,morphology,determiner_noun_agreement,determiner_noun_agreement_irregular_2,True,False,True,True,7,-63.02492904663086,-62.684547424316406,0
Benjamin wasn't running around this oasis.,Benjamin wasn't running around these oasis.,morphology,determiner_noun_agreement,determiner_noun_agreement_irregular_2,True,False,True,True,8,-59.245121002197266,-61.66689682006836,1
Elaine isn't breaking that foot.,Elaine isn't breaking those foot.,morphology,determiner_noun_agreement,determiner_noun_agreement_irregular_2,True,False,True,True,9,-54.326534271240234,-57.108680725097656,1
This window hadn't embarrassed those people.,This window hadn't embarrassed that people.,morphology,determiner_noun_agreement,determiner_noun_agreement_irregular_2,True,False,True,True,10,-51.898826599121094,-49.1561164855957,0
A pedestrian lifted this axis.,A pedestrian lifted these axis.,morphology,determiner_noun_agreement,determiner_noun_agreement_irregular_2,True,False,True,True,11,-51.44197082519531,-51.10548400878906,0
Kathleen wouldn't discuss that alumnus.,Kathleen wouldn't discuss those alumnus.,morphology,determiner_noun_agreement,determiner_noun_agreement_irregular_2,True,False,True,True,12,-60.75979995727539,-64.25236511230469,1
Candice skated around these oases.,Candice skated around this oases.,morphology,determiner_noun_agreement,determiner_noun_agreement_irregular_2,True,False,True,True,13,-61.22511291503906,-60.30004119873047,0
Helen argued about these syntheses.,Helen argued about this syntheses.,morphology,determiner_noun_agreement,determiner_noun_agreement_irregular_2,True,False,True,True,14,-61.11949157714844,-57.611351013183594,0
Natalie describes this child.,Natalie describes these child.,morphology,determiner_noun_agreement,determiner_noun_agreement_irregular_2,True,False,True,True,15,-42.096153259277344,-46.434288024902344,1
Every story disagreed with these people.,Every story disagreed with this people.,morphology,determiner_noun_agreement,determiner_noun_agreement_irregular_2,True,False,True,True,16,-45.65413284301758,-46.18199157714844,1
Karla helped these men.,Karla helped this men.,morphology,determiner_noun_agreement,determiner_noun_agreement_irregular_2,True,False,True,True,17,-45.379207611083984,-47.117218017578125,1
A government has described that child.,A government has described those child.,morphology,determiner_noun_agreement,determiner_noun_agreement_irregular_2,True,False,True,True,18,-42.520423889160156,-46.54299545288086,1
Every customer discusses those theses.,Every customer discusses that theses.,morphology,determiner_noun_agreement,determiner_noun_agreement_irregular_2,True,False,True,True,19,-50.65700149536133,-43.56996536254883,0
Marla is attacking that man.,Marla is attacking those man.,morphology,determiner_noun_agreement,determiner_noun_agreement_irregular_2,True,False,True,True,20,-46.45880126953125,-47.96551513671875,1
Some cashiers hide that nucleus.,Some cashiers hide those nucleus.,morphology,determiner_noun_agreement,determiner_noun_agreement_irregular_2,True,False,True,True,21,-56.676849365234375,-56.096675872802734,0
Robert attacks that child.,Robert attacks those child.,morphology,determiner_noun_agreement,determiner_noun_agreement_irregular_2,True,False,True,True,22,-42.338558197021484,-47.022438049316406,1
Ruth couldn't discover that fungus.,Ruth couldn't discover those fungus.,morphology,determiner_noun_agreement,determiner_noun_agreement_irregular_2,True,False,True,True,23,-53.82383346557617,-59.58968734741211,1
Christine talks about this child.,Christine talks about these child.,morphology,determiner_noun_agreement,determiner_noun_agreement_irregular_2,True,False,True,True,24,-37.553733825683594,-42.848045349121094,1
All books were irritating those men.,All books were irritating that men.,morphology,determiner_noun_agreement,determiner_noun_agreement_irregular_2,True,False,True,True,25,-49.717994689941406,-45.10874557495117,0
Scott has bought these axes.,Scott has bought this axes.,morphology,determiner_noun_agreement,determiner_noun_agreement_irregular_2,True,False,True,True,26,-43.94635772705078,-44.78202438354492,1
Those mouths disturb that woman.,Those mouths disturb those woman.,morphology,determiner_noun_agreement,determiner_noun_agreement_irregular_2,True,False,True,True,27,-51.537071228027344,-52.75533676147461,1
Carl likes these geese.,Carl likes this geese.,morphology,determiner_noun_agreement,determiner_noun_agreement_irregular_2,True,False,True,True,28,-46.39413070678711,-45.439666748046875,0
Carlos returns to these children.,Carlos returns to this children.,morphology,determiner_noun_agreement,determiner_noun_agreement_irregular_2,True,False,True,True,29,-44.62873077392578,-43.85686111450195,0
Becca hadn't boycotted those oases.,Becca hadn't boycotted that oases.,morphology,determiner_noun_agreement,determiner_noun_agreement_irregular_2,True,False,True,True,30,-85.12552642822266,-87.49705505371094,1
A legislature hadn't aggravated this person.,A legislature hadn't aggravated these person.,morphology,determiner_noun_agreement,determiner_noun_agreement_irregular_2,True,False,True,True,31,-52.91602325439453,-58.07579040527344,1
Monica has loved this man.,Monica has loved these man.,morphology,determiner_noun_agreement,determiner_noun_agreement_irregular_2,True,False,True,True,32,-40.103240966796875,-44.158447265625,1
Marcus praises this man.,Marcus praises these man.,morphology,determiner_noun_agreement,determiner_noun_agreement_irregular_2,True,False,True,True,33,-39.966758728027344,-43.26151657104492,1
Many men examine those analyses.,Many men examine that analyses.,morphology,determiner_noun_agreement,determiner_noun_agreement_irregular_2,True,False,True,True,34,-46.8160285949707,-46.378868103027344,0
A drawing looks like these cacti.,A drawing looks like this cacti.,morphology,determiner_noun_agreement,determiner_noun_agreement_irregular_2,True,False,True,True,35,-55.748924255371094,-54.6258659362793,0
A mouth had disgusted that man.,A mouth had disgusted those man.,morphology,determiner_noun_agreement,determiner_noun_agreement_irregular_2,True,False,True,True,36,-51.16268539428711,-56.25328063964844,1
Sally couldn't love these men.,Sally couldn't love this men.,morphology,determiner_noun_agreement,determiner_noun_agreement_irregular_2,True,False,True,True,37,-47.63689422607422,-48.96124267578125,1
Gary wasn't healing this man.,Gary wasn't healing these man.,morphology,determiner_noun_agreement,determiner_noun_agreement_irregular_2,True,False,True,True,38,-44.43209457397461,-48.892578125,1
Steven arrived at this oasis.,Steven arrived at these oasis.,morphology,determiner_noun_agreement,determiner_noun_agreement_irregular_2,True,False,True,True,39,-40.42992401123047,-43.044029235839844,1
Carlos isn't exiting those oases.,Carlos isn't exiting that oases.,morphology,determiner_noun_agreement,determiner_noun_agreement_irregular_2,True,False,True,True,40,-67.10398864746094,-66.99486541748047,0
This waitress doesn't sell those stimuli.,This waitress doesn't sell that stimuli.,morphology,determiner_noun_agreement,determiner_noun_agreement_irregular_2,True,False,True,True,41,-53.53230285644531,-53.96137237548828,1
Janice has hated this alumnus.,Janice has hated these alumnus.,morphology,determiner_noun_agreement,determiner_noun_agreement_irregular_2,True,False,True,True,42,-58.93431854248047,-59.013370513916016,1
Pamela is talking to these men.,Pamela is talking to this men.,morphology,determiner_noun_agreement,determiner_noun_agreement_irregular_2,True,False,True,True,43,-49.788970947265625,-51.87018585205078,1
Susan notices these teeth.,Susan notices this teeth.,morphology,determiner_noun_agreement,determiner_noun_agreement_irregular_2,True,False,True,True,44,-42.03630065917969,-42.50749206542969,1
Elizabeth has referenced that child.,Elizabeth has referenced those child.,morphology,determiner_noun_agreement,determiner_noun_agreement_irregular_2,True,False,True,True,45,-47.43912887573242,-52.6939582824707,1
Allison isn't noticing these nuclei.,Allison isn't noticing this nuclei.,morphology,determiner_noun_agreement,determiner_noun_agreement_irregular_2,True,False,True,True,46,-61.16973876953125,-57.75817108154297,0
Lissa sounds like those women.,Lissa sounds like that women.,morphology,determiner_noun_agreement,determiner_noun_agreement_irregular_2,True,False,True,True,47,-44.976043701171875,-45.04496765136719,1
Rebecca cures that child.,Rebecca cures those child.,morphology,determiner_noun_agreement,determiner_noun_agreement_irregular_2,True,False,True,True,48,-46.687355041503906,-47.92644500732422,1
Pedestrians conceal those lice.,Pedestrians conceal that lice.,morphology,determiner_noun_agreement,determiner_noun_agreement_irregular_2,True,False,True,True,49,-65.3175277709961,-62.72405242919922,0
Sabrina admired that person.,Sabrina admired those person.,morphology,determiner_noun_agreement,determiner_noun_agreement_irregular_2,True,False,True,True,50,-49.15415954589844,-53.11798858642578,1
Kevin hires that person.,Kevin hires those person.,morphology,determiner_noun_agreement,determiner_noun_agreement_irregular_2,True,False,True,True,51,-36.970611572265625,-39.55999755859375,1
Cynthia hadn't concealed those children.,Cynthia hadn't concealed that children.,morphology,determiner_noun_agreement,determiner_noun_agreement_irregular_2,True,False,True,True,52,-67.31016540527344,-68.55853271484375,1
Kristin thought about that foot.,Kristin thought about those foot.,morphology,determiner_noun_agreement,determiner_noun_agreement_irregular_2,True,False,True,True,53,-50.29176712036133,-53.508914947509766,1
Theresa isn't dropping by that oasis.,Theresa isn't dropping by those oasis.,morphology,determiner_noun_agreement,determiner_noun_agreement_irregular_2,True,False,True,True,54,-59.69737243652344,-60.99822998046875,1
Tonya boasts about those men.,Tonya boasts about that men.,morphology,determiner_noun_agreement,determiner_noun_agreement_irregular_2,True,False,True,True,55,-50.54883575439453,-51.24599838256836,1
Bikes hurt this person.,Bikes hurt these person.,morphology,determiner_noun_agreement,determiner_noun_agreement_irregular_2,True,False,True,True,56,-39.53815460205078,-41.7706298828125,1
Many customers question this man.,Many customers question these man.,morphology,determiner_noun_agreement,determiner_noun_agreement_irregular_2,True,False,True,True,57,-42.801513671875,-44.03901672363281,1
The casseroles scare this woman.,The casseroles scare these woman.,morphology,determiner_noun_agreement,determiner_noun_agreement_irregular_2,True,False,True,True,58,-52.75138854980469,-56.36430740356445,1
Museums were stunning this child.,Museums were stunning these child.,morphology,determiner_noun_agreement,determiner_noun_agreement_irregular_2,True,False,True,True,59,-52.728919982910156,-57.885433197021484,1
All projectors embarrass those people.,All projectors embarrass that people.,morphology,determiner_noun_agreement,determiner_noun_agreement_irregular_2,True,False,True,True,60,-59.92012405395508,-60.189857482910156,1
Michelle won't clean this tooth.,Michelle won't clean these tooth.,morphology,determiner_noun_agreement,determiner_noun_agreement_irregular_2,True,False,True,True,61,-47.182254791259766,-50.45016860961914,1
A hill bothers this man.,A hill bothers these man.,morphology,determiner_noun_agreement,determiner_noun_agreement_irregular_2,True,False,True,True,62,-48.348114013671875,-52.615970611572266,1
Many committees argue about this alumnus.,Many committees argue about these alumnus.,morphology,determiner_noun_agreement,determiner_noun_agreement_irregular_2,True,False,True,True,63,-54.75145721435547,-57.01158142089844,1
Natalie references this child.,Natalie references these child.,morphology,determiner_noun_agreement,determiner_noun_agreement_irregular_2,True,False,True,True,64,-45.062870025634766,-49.57786560058594,1
Carolyn wouldn't notice that foot.,Carolyn wouldn't notice those foot.,morphology,determiner_noun_agreement,determiner_noun_agreement_irregular_2,True,False,True,True,65,-51.36117935180664,-56.54290008544922,1
All students tour these oases.,All students tour this oases.,morphology,determiner_noun_agreement,determiner_noun_agreement_irregular_2,True,False,True,True,66,-47.71452331542969,-50.732643127441406,1
Some rivers didn't bore that woman.,Some rivers didn't bore those woman.,morphology,determiner_noun_agreement,determiner_noun_agreement_irregular_2,True,False,True,True,67,-57.091468811035156,-59.43183898925781,1
Tanya cleaned these teeth.,Tanya cleaned this teeth.,morphology,determiner_noun_agreement,determiner_noun_agreement_irregular_2,True,False,True,True,68,-43.641883850097656,-45.353721618652344,1
This broccoli is alarming those children.,This broccoli is alarming that children.,morphology,determiner_noun_agreement,determiner_noun_agreement_irregular_2,True,False,True,True,69,-53.99152755737305,-47.23109436035156,0
That movie won't astound these women.,That movie won't astound this women.,morphology,determiner_noun_agreement,determiner_noun_agreement_irregular_2,True,False,True,True,70,-62.87350845336914,-63.74919509887695,1
That girl finds these men.,That girl finds this men.,morphology,determiner_noun_agreement,determiner_noun_agreement_irregular_2,True,False,True,True,71,-40.08185577392578,-39.766258239746094,0
Those girls would disagree with that child.,Those girls would disagree with those child.,morphology,determiner_noun_agreement,determiner_noun_agreement_irregular_2,True,False,True,True,72,-50.56792449951172,-51.298133850097656,1
Elaine does question this man.,Elaine does question these man.,morphology,determiner_noun_agreement,determiner_noun_agreement_irregular_2,True,False,True,True,73,-49.2333869934082,-51.9692268371582,1
Ella loves that synopsis.,Ella loves those synopsis.,morphology,determiner_noun_agreement,determiner_noun_agreement_irregular_2,True,False,True,True,74,-48.46522521972656,-48.43608856201172,0
Joel might criticize those theses.,Joel might criticize that theses.,morphology,determiner_noun_agreement,determiner_noun_agreement_irregular_2,True,False,True,True,75,-62.57121276855469,-54.70384216308594,0
Some people run around that oasis.,Some people run around those oasis.,morphology,determiner_noun_agreement,determiner_noun_agreement_irregular_2,True,False,True,True,76,-42.45069122314453,-41.84158706665039,0
The essays disturb that person.,The essays disturb those person.,morphology,determiner_noun_agreement,determiner_noun_agreement_irregular_2,True,False,True,True,77,-44.7296028137207,-46.182952880859375,1
Noah finds that man.,Noah finds those man.,morphology,determiner_noun_agreement,determiner_noun_agreement_irregular_2,True,False,True,True,78,-43.09611511230469,-48.17964553833008,1
This cashier kisses these children.,This cashier kisses this children.,morphology,determiner_noun_agreement,determiner_noun_agreement_irregular_2,True,False,True,True,79,-56.114707946777344,-55.94733428955078,0
Bill isn't touring this oasis.,Bill isn't touring these oasis.,morphology,determiner_noun_agreement,determiner_noun_agreement_irregular_2,True,False,True,True,80,-47.66344451904297,-50.2999153137207,1
The museums fire those alumni.,The museums fire that alumni.,morphology,determiner_noun_agreement,determiner_noun_agreement_irregular_2,True,False,True,True,81,-54.23943328857422,-52.535301208496094,0
All patients have this tooth.,All patients have these tooth.,morphology,determiner_noun_agreement,determiner_noun_agreement_irregular_2,True,False,True,True,82,-37.49579620361328,-37.59252166748047,1
Vanessa sees this woman.,Vanessa sees these woman.,morphology,determiner_noun_agreement,determiner_noun_agreement_irregular_2,True,False,True,True,83,-36.87977600097656,-41.79545593261719,1
Every boy has escaped from these women.,Every boy has escaped from this women.,morphology,determiner_noun_agreement,determiner_noun_agreement_irregular_2,True,False,True,True,84,-45.60511016845703,-46.54052734375,1
Debra skates around those oases.,Debra skates around that oases.,morphology,determiner_noun_agreement,determiner_noun_agreement_irregular_2,True,False,True,True,85,-65.39427185058594,-65.91239929199219,1
Caroline isn't visiting this child.,Caroline isn't visiting these child.,morphology,determiner_noun_agreement,determiner_noun_agreement_irregular_2,True,False,True,True,86,-50.674163818359375,-56.58148193359375,1
Lori hasn't shocked those women.,Lori hasn't shocked that women.,morphology,determiner_noun_agreement,determiner_noun_agreement_irregular_2,True,False,True,True,87,-51.52082824707031,-48.879974365234375,0
Sarah talks to those children.,Sarah talks to that children.,morphology,determiner_noun_agreement,determiner_noun_agreement_irregular_2,True,False,True,True,88,-36.72445297241211,-38.78592300415039,1
Samuel isn't exploring those oases.,Samuel isn't exploring that oases.,morphology,determiner_noun_agreement,determiner_noun_agreement_irregular_2,True,False,True,True,89,-65.14581298828125,-63.0914192199707,0
Melissa brought this louse.,Melissa brought these louse.,morphology,determiner_noun_agreement,determiner_noun_agreement_irregular_2,True,False,True,True,90,-47.688106536865234,-48.946922302246094,1
Brenda boycotts these oases.,Brenda boycotts this oases.,morphology,determiner_noun_agreement,determiner_noun_agreement_irregular_2,True,False,True,True,91,-61.49750518798828,-59.54215621948242,0
Linda could observe this child.,Linda could observe these child.,morphology,determiner_noun_agreement,determiner_noun_agreement_irregular_2,True,False,True,True,92,-47.6015625,-52.16722869873047,1
Dawn can bike to these oases.,Dawn can bike to this oases.,morphology,determiner_noun_agreement,determiner_noun_agreement_irregular_2,True,False,True,True,93,-62.938133239746094,-61.15144729614258,0
Some actress won't sell that oasis.,Some actress won't sell those oasis.,morphology,determiner_noun_agreement,determiner_noun_agreement_irregular_2,True,False,True,True,94,-54.28764343261719,-56.8245964050293,1
Brett lifted these teeth.,Brett lifted this teeth.,morphology,determiner_noun_agreement,determiner_noun_agreement_irregular_2,True,False,True,True,95,-48.86123275756836,-49.94078063964844,1
Dawn shocked these children.,Dawn shocked this children.,morphology,determiner_noun_agreement,determiner_noun_agreement_irregular_2,True,False,True,True,96,-43.185699462890625,-43.68506622314453,1
The sketches were looking like those octopi.,The sketches were looking like that octopi.,morphology,determiner_noun_agreement,determiner_noun_agreement_irregular_2,True,False,True,True,97,-62.49940490722656,-60.214874267578125,0
These drawings couldn't look like those people.,These drawings couldn't look like that people.,morphology,determiner_noun_agreement,determiner_noun_agreement_irregular_2,True,False,True,True,98,-46.62739562988281,-46.91888427734375,1
All teachers weren't complaining about those phenomena.,All teachers weren't complaining about that phenomena.,morphology,determiner_noun_agreement,determiner_noun_agreement_irregular_2,True,False,True,True,99,-48.490928649902344,-51.008941650390625,1
Victoria would describe that synopsis.,Victoria would describe those synopsis.,morphology,determiner_noun_agreement,determiner_noun_agreement_irregular_2,True,False,True,True,100,-46.562042236328125,-49.99390411376953,1
Beth will clean this tooth.,Beth will clean these tooth.,morphology,determiner_noun_agreement,determiner_noun_agreement_irregular_2,True,False,True,True,101,-45.446868896484375,-47.51641845703125,1
Many libraries shock this person.,Many libraries shock these person.,morphology,determiner_noun_agreement,determiner_noun_agreement_irregular_2,True,False,True,True,102,-45.00525665283203,-48.252784729003906,1
Daniel complains about these phenomena.,Daniel complains about this phenomena.,morphology,determiner_noun_agreement,determiner_noun_agreement_irregular_2,True,False,True,True,103,-40.30521774291992,-41.25128173828125,1
Randolf would heal those lice.,Randolf would heal that lice.,morphology,determiner_noun_agreement,determiner_noun_agreement_irregular_2,True,False,True,True,104,-64.10491180419922,-64.12479400634766,1
Bruce won't appreciate this child.,Bruce won't appreciate these child.,morphology,determiner_noun_agreement,determiner_noun_agreement_irregular_2,True,False,True,True,105,-46.62141418457031,-51.41480255126953,1
Alicia bikes to that oasis.,Alicia bikes to those oasis.,morphology,determiner_noun_agreement,determiner_noun_agreement_irregular_2,True,False,True,True,106,-62.68680191040039,-60.73267364501953,0
Laura buys these axes.,Laura buys this axes.,morphology,determiner_noun_agreement,determiner_noun_agreement_irregular_2,True,False,True,True,107,-44.768577575683594,-45.16844177246094,1
Some girl is working with that woman.,Some girl is working with those woman.,morphology,determiner_noun_agreement,determiner_noun_agreement_irregular_2,True,False,True,True,108,-45.32956314086914,-46.317649841308594,1
Many books bore those women.,Many books bore that women.,morphology,determiner_noun_agreement,determiner_noun_agreement_irregular_2,True,False,True,True,109,-44.221397399902344,-42.52925109863281,0
Adam would dislike those people.,Adam would dislike that people.,morphology,determiner_noun_agreement,determiner_noun_agreement_irregular_2,True,False,True,True,110,-44.781272888183594,-43.58024597167969,0
Omar criticizes these men.,Omar criticizes this men.,morphology,determiner_noun_agreement,determiner_noun_agreement_irregular_2,True,False,True,True,111,-49.70563507080078,-49.68327331542969,0
The dancers ran around that oasis.,The dancers ran around those oasis.,morphology,determiner_noun_agreement,determiner_noun_agreement_irregular_2,True,False,True,True,112,-52.31597900390625,-52.09025573730469,0
Lawrence had broken those feet.,Lawrence had broken that feet.,morphology,determiner_noun_agreement,determiner_noun_agreement_irregular_2,True,False,True,True,113,-45.52092742919922,-47.19718933105469,1
The Impressionists boast about that medium.,The Impressionists boast about those medium.,morphology,determiner_noun_agreement,determiner_noun_agreement_irregular_2,True,False,True,True,114,-53.28441619873047,-55.70378875732422,1
All teenagers clean those teeth.,All teenagers clean that teeth.,morphology,determiner_noun_agreement,determiner_noun_agreement_irregular_2,True,False,True,True,115,-49.79191207885742,-52.225608825683594,1
Colleen would exit these oases.,Colleen would exit this oases.,morphology,determiner_noun_agreement,determiner_noun_agreement_irregular_2,True,False,True,True,116,-66.48294830322266,-65.28382110595703,0
Many committees like this child.,Many committees like these child.,morphology,determiner_noun_agreement,determiner_noun_agreement_irregular_2,True,False,True,True,117,-37.88865280151367,-42.93125915527344,1
A lot of universities stunned these people.,A lot of universities stunned this people.,morphology,determiner_noun_agreement,determiner_noun_agreement_irregular_2,True,False,True,True,118,-52.897613525390625,-56.95796203613281,1
All cakes bother this person.,All cakes bother these person.,morphology,determiner_noun_agreement,determiner_noun_agreement_irregular_2,True,False,True,True,119,-44.09980010986328,-47.93186950683594,1
Some man broke this tooth.,Some man broke these tooth.,morphology,determiner_noun_agreement,determiner_noun_agreement_irregular_2,True,False,True,True,120,-39.02239990234375,-40.41995620727539,1
Jane cared for this person.,Jane cared for these person.,morphology,determiner_noun_agreement,determiner_noun_agreement_irregular_2,True,False,True,True,121,-36.98325729370117,-41.58799743652344,1
These girls hide this fungus.,These girls hide these fungus.,morphology,determiner_noun_agreement,determiner_noun_agreement_irregular_2,True,False,True,True,122,-44.78649139404297,-46.7269401550293,1
Rebecca hasn't worried these men.,Rebecca hasn't worried this men.,morphology,determiner_noun_agreement,determiner_noun_agreement_irregular_2,True,False,True,True,123,-50.787017822265625,-51.09698486328125,1
Ella hasn't investigated that man.,Ella hasn't investigated those man.,morphology,determiner_noun_agreement,determiner_noun_agreement_irregular_2,True,False,True,True,124,-52.6234016418457,-58.102203369140625,1
Martha isn't talking about these women.,Martha isn't talking about this women.,morphology,determiner_noun_agreement,determiner_noun_agreement_irregular_2,True,False,True,True,125,-52.280677795410156,-53.224700927734375,1
Carrie wasn't buying those teeth.,Carrie wasn't buying that teeth.,morphology,determiner_noun_agreement,determiner_noun_agreement_irregular_2,True,False,True,True,126,-53.98753356933594,-55.864891052246094,1
Rachelle can break this tooth.,Rachelle can break these tooth.,morphology,determiner_noun_agreement,determiner_noun_agreement_irregular_2,True,False,True,True,127,-48.15662384033203,-50.968902587890625,1
Eric doesn't insult that thesis.,Eric doesn't insult those thesis.,morphology,determiner_noun_agreement,determiner_noun_agreement_irregular_2,True,False,True,True,128,-54.531646728515625,-55.96995162963867,1
Liam liked that oasis.,Liam liked those oasis.,morphology,determiner_noun_agreement,determiner_noun_agreement_irregular_2,True,False,True,True,129,-50.852455139160156,-52.136451721191406,1
Stephanie passed these oases.,Stephanie passed this oases.,morphology,determiner_noun_agreement,determiner_noun_agreement_irregular_2,True,False,True,True,130,-62.43083953857422,-59.427555084228516,0
Karen has cleaned this foot.,Karen has cleaned these foot.,morphology,determiner_noun_agreement,determiner_noun_agreement_irregular_2,True,False,True,True,131,-48.75074768066406,-51.22344207763672,1
Pamela escapes from that child.,Pamela escapes from those child.,morphology,determiner_noun_agreement,determiner_noun_agreement_irregular_2,True,False,True,True,132,-60.2841911315918,-60.46408462524414,1
Tina doesn't scare this woman.,Tina doesn't scare these woman.,morphology,determiner_noun_agreement,determiner_noun_agreement_irregular_2,True,False,True,True,133,-49.90607833862305,-54.331260681152344,1
Those mushrooms hadn't irritated that woman.,Those mushrooms hadn't irritated those woman.,morphology,determiner_noun_agreement,determiner_noun_agreement_irregular_2,True,False,True,True,134,-58.76579666137695,-61.750728607177734,1
Holly hasn't cared for these men.,Holly hasn't cared for this men.,morphology,determiner_noun_agreement,determiner_noun_agreement_irregular_2,True,False,True,True,135,-52.870853424072266,-53.508338928222656,1
Paul worked with those men.,Paul worked with that men.,morphology,determiner_noun_agreement,determiner_noun_agreement_irregular_2,True,False,True,True,136,-35.60150146484375,-38.912353515625,1
Keith wasn't breaking that foot.,Keith wasn't breaking those foot.,morphology,determiner_noun_agreement,determiner_noun_agreement_irregular_2,True,False,True,True,137,-52.434181213378906,-52.867679595947266,1
Winston Churchill boasted about that basis.,Winston Churchill boasted about those basis.,morphology,determiner_noun_agreement,determiner_noun_agreement_irregular_2,True,False,True,True,138,-66.51773071289062,-71.00767517089844,1
Winston Churchill would research this paralysis.,Winston Churchill would research these paralysis.,morphology,determiner_noun_agreement,determiner_noun_agreement_irregular_2,True,False,True,True,139,-70.12403869628906,-72.83609008789062,1
Many windows had distracted that alumnus.,Many windows had distracted those alumnus.,morphology,determiner_noun_agreement,determiner_noun_agreement_irregular_2,True,False,True,True,140,-60.731483459472656,-61.4090461730957,1
Jason arrives at that oasis.,Jason arrives at those oasis.,morphology,determiner_noun_agreement,determiner_noun_agreement_irregular_2,True,False,True,True,141,-45.23040771484375,-46.67903518676758,1
High schools shouldn't bother these alumni.,High schools shouldn't bother this alumni.,morphology,determiner_noun_agreement,determiner_noun_agreement_irregular_2,True,False,True,True,142,-52.57469940185547,-51.004974365234375,0
Renee had upset that child.,Renee had upset those child.,morphology,determiner_noun_agreement,determiner_noun_agreement_irregular_2,True,False,True,True,143,-51.23979949951172,-54.720558166503906,1
An apple shouldn't aggravate that woman.,An apple shouldn't aggravate those woman.,morphology,determiner_noun_agreement,determiner_noun_agreement_irregular_2,True,False,True,True,144,-57.78437805175781,-58.808807373046875,1
Kathleen has fled from these alumni.,Kathleen has fled from this alumni.,morphology,determiner_noun_agreement,determiner_noun_agreement_irregular_2,True,False,True,True,145,-60.14167022705078,-57.16759490966797,0
Sabrina isn't examining those theses.,Sabrina isn't examining that theses.,morphology,determiner_noun_agreement,determiner_noun_agreement_irregular_2,True,False,True,True,146,-64.6965103149414,-58.42152404785156,0
Carlos shouldn't boast about this woman.,Carlos shouldn't boast about these woman.,morphology,determiner_noun_agreement,determiner_noun_agreement_irregular_2,True,False,True,True,147,-57.747188568115234,-62.55723571777344,1
Many pants confused these alumni.,Many pants confused this alumni.,morphology,determiner_noun_agreement,determiner_noun_agreement_irregular_2,True,False,True,True,148,-55.32515335083008,-54.04228210449219,0
Allison hasn't cleaned those teeth.,Allison hasn't cleaned that teeth.,morphology,determiner_noun_agreement,determiner_noun_agreement_irregular_2,True,False,True,True,149,-52.887451171875,-56.669166564941406,1
Most people examine that thesis.,Most people examine those thesis.,morphology,determiner_noun_agreement,determiner_noun_agreement_irregular_2,True,False,True,True,150,-44.046714782714844,-45.05677795410156,1
Kayla should break these feet.,Kayla should break this feet.,morphology,determiner_noun_agreement,determiner_noun_agreement_irregular_2,True,False,True,True,151,-51.487403869628906,-50.782291412353516,0
Kayla found that cactus.,Kayla found those cactus.,morphology,determiner_noun_agreement,determiner_noun_agreement_irregular_2,True,False,True,True,152,-46.3636474609375,-49.765594482421875,1
Keith flees from these alumni.,Keith flees from this alumni.,morphology,determiner_noun_agreement,determiner_noun_agreement_irregular_2,True,False,True,True,153,-54.106048583984375,-50.63721466064453,0
Jane leaves this child.,Jane leaves these child.,morphology,determiner_noun_agreement,determiner_noun_agreement_irregular_2,True,False,True,True,154,-38.49664306640625,-42.02683639526367,1
Jacqueline exits this oasis.,Jacqueline exits these oasis.,morphology,determiner_noun_agreement,determiner_noun_agreement_irregular_2,True,False,True,True,155,-51.786659240722656,-54.616455078125,1
Anne didn't explore this oasis.,Anne didn't explore these oasis.,morphology,determiner_noun_agreement,determiner_noun_agreement_irregular_2,True,False,True,True,156,-47.8379020690918,-51.08211135864258,1
Robert concealed these men.,Robert concealed this men.,morphology,determiner_noun_agreement,determiner_noun_agreement_irregular_2,True,False,True,True,157,-43.449745178222656,-44.557159423828125,1
Bradley kisses that woman.,Bradley kisses those woman.,morphology,determiner_noun_agreement,determiner_noun_agreement_irregular_2,True,False,True,True,158,-50.32568359375,-53.42171096801758,1
Paul discusses this alumnus.,Paul discusses these alumnus.,morphology,determiner_noun_agreement,determiner_noun_agreement_irregular_2,True,False,True,True,159,-38.4887580871582,-39.98492431640625,1
Nicole is concealing this nucleus.,Nicole is concealing these nucleus.,morphology,determiner_noun_agreement,determiner_noun_agreement_irregular_2,True,False,True,True,160,-55.17942428588867,-56.03687286376953,1
Andrea passes this oasis.,Andrea passes these oasis.,morphology,determiner_noun_agreement,determiner_noun_agreement_irregular_2,True,False,True,True,161,-46.22945785522461,-48.595947265625,1
Some pedestrians reference this alumnus.,Some pedestrians reference these alumnus.,morphology,determiner_noun_agreement,determiner_noun_agreement_irregular_2,True,False,True,True,162,-56.17940139770508,-56.07939529418945,0
Most cucumbers weren't worrying those women.,Most cucumbers weren't worrying that women.,morphology,determiner_noun_agreement,determiner_noun_agreement_irregular_2,True,False,True,True,163,-64.31121826171875,-59.61320495605469,0
Winston Churchill has skated around this oasis.,Winston Churchill has skated around these oasis.,morphology,determiner_noun_agreement,determiner_noun_agreement_irregular_2,True,False,True,True,164,-73.65180969238281,-75.51272583007812,1
Phillip finds this ox.,Phillip finds these ox.,morphology,determiner_noun_agreement,determiner_noun_agreement_irregular_2,True,False,True,True,165,-52.76559829711914,-53.26386642456055,1
Emily hadn't broken this tooth.,Emily hadn't broken these tooth.,morphology,determiner_noun_agreement,determiner_noun_agreement_irregular_2,True,False,True,True,166,-49.35737228393555,-52.87966537475586,1
Lisa exited these oases.,Lisa exited this oases.,morphology,determiner_noun_agreement,determiner_noun_agreement_irregular_2,True,False,True,True,167,-47.54133224487305,-46.20488357543945,0
A lot of peppers disgust this man.,A lot of peppers disgust these man.,morphology,determiner_noun_agreement,determiner_noun_agreement_irregular_2,True,False,True,True,168,-59.52888488769531,-61.87736892700195,1
Galileo dislikes these oases.,Galileo dislikes this oases.,morphology,determiner_noun_agreement,determiner_noun_agreement_irregular_2,True,False,True,True,169,-67.2032699584961,-67.63355255126953,1
Those teenagers had disagreed with that thesis.,Those teenagers had disagreed with those thesis.,morphology,determiner_noun_agreement,determiner_noun_agreement_irregular_2,True,False,True,True,170,-65.37123107910156,-65.96489715576172,1
Some actor bothered these children.,Some actor bothered this children.,morphology,determiner_noun_agreement,determiner_noun_agreement_irregular_2,True,False,True,True,171,-49.409271240234375,-49.33257293701172,0
Kristin is discussing those people.,Kristin is discussing that people.,morphology,determiner_noun_agreement,determiner_noun_agreement_irregular_2,True,False,True,True,172,-44.9178352355957,-45.1649169921875,1
Karen was breaking those feet.,Karen was breaking that feet.,morphology,determiner_noun_agreement,determiner_noun_agreement_irregular_2,True,False,True,True,173,-51.46649932861328,-51.714195251464844,1
The Clintons buy those oases.,The Clintons buy that oases.,morphology,determiner_noun_agreement,determiner_noun_agreement_irregular_2,True,False,True,True,174,-56.47707748413086,-56.44512939453125,0
Gary dislikes these women.,Gary dislikes this women.,morphology,determiner_noun_agreement,determiner_noun_agreement_irregular_2,True,False,True,True,175,-45.75579833984375,-48.451637268066406,1
Rachelle was passing that oasis.,Rachelle was passing those oasis.,morphology,determiner_noun_agreement,determiner_noun_agreement_irregular_2,True,False,True,True,176,-55.56887435913086,-56.0460319519043,1
Some actresses investigated this man.,Some actresses investigated these man.,morphology,determiner_noun_agreement,determiner_noun_agreement_irregular_2,True,False,True,True,177,-44.541996002197266,-47.745357513427734,1
Those companies forget those women.,Those companies forget that women.,morphology,determiner_noun_agreement,determiner_noun_agreement_irregular_2,True,False,True,True,178,-47.6815185546875,-44.35752868652344,0
Bethany was discovering this man.,Bethany was discovering these man.,morphology,determiner_noun_agreement,determiner_noun_agreement_irregular_2,True,False,True,True,179,-50.485145568847656,-55.453025817871094,1
Jesus thinks about these teeth.,Jesus thinks about this teeth.,morphology,determiner_noun_agreement,determiner_noun_agreement_irregular_2,True,False,True,True,180,-38.50494384765625,-38.73466491699219,1
Irene wasn't observing this woman.,Irene wasn't observing these woman.,morphology,determiner_noun_agreement,determiner_noun_agreement_irregular_2,True,False,True,True,181,-46.73677062988281,-50.51823425292969,1
Laura fired these alumni.,Laura fired this alumni.,morphology,determiner_noun_agreement,determiner_noun_agreement_irregular_2,True,False,True,True,182,-44.71568298339844,-43.37499237060547,0
Jesus scans those analyses.,Jesus scans that analyses.,morphology,determiner_noun_agreement,determiner_noun_agreement_irregular_2,True,False,True,True,183,-47.50742721557617,-44.01141357421875,0
Some committees could respect those men.,Some committees could respect that men.,morphology,determiner_noun_agreement,determiner_noun_agreement_irregular_2,True,False,True,True,184,-51.216514587402344,-51.51146697998047,1
A lot of doctors describe those men.,A lot of doctors describe that men.,morphology,determiner_noun_agreement,determiner_noun_agreement_irregular_2,True,False,True,True,185,-47.35455322265625,-45.82032012939453,0
Amelia hires this child.,Amelia hires these child.,morphology,determiner_noun_agreement,determiner_noun_agreement_irregular_2,True,False,True,True,186,-45.627281188964844,-51.13125228881836,1
Theodore scared that child.,Theodore scared those child.,morphology,determiner_noun_agreement,determiner_noun_agreement_irregular_2,True,False,True,True,187,-51.325870513916016,-54.3438720703125,1
Many cashiers drive to this oasis.,Many cashiers drive to these oasis.,morphology,determiner_noun_agreement,determiner_noun_agreement_irregular_2,True,False,True,True,188,-55.6793327331543,-57.362972259521484,1
Steve does respect these alumni.,Steve does respect this alumni.,morphology,determiner_noun_agreement,determiner_noun_agreement_irregular_2,True,False,True,True,189,-46.50540542602539,-45.20350646972656,0
Nicole was examining these analyses.,Nicole was examining this analyses.,morphology,determiner_noun_agreement,determiner_noun_agreement_irregular_2,True,False,True,True,190,-46.76445007324219,-48.66070556640625,1
Bill questions these men.,Bill questions this men.,morphology,determiner_noun_agreement,determiner_noun_agreement_irregular_2,True,False,True,True,191,-41.98354721069336,-42.29451370239258,1
Tanya irritated this child.,Tanya irritated these child.,morphology,determiner_noun_agreement,determiner_noun_agreement_irregular_2,True,False,True,True,192,-42.395599365234375,-46.76924514770508,1
Benjamin had praised these children.,Benjamin had praised this children.,morphology,determiner_noun_agreement,determiner_noun_agreement_irregular_2,True,False,True,True,193,-51.596012115478516,-52.70017623901367,1
These guys respect this man.,These guys respect these man.,morphology,determiner_noun_agreement,determiner_noun_agreement_irregular_2,True,False,True,True,194,-39.74195098876953,-42.715003967285156,1
Jennifer distracted those alumni.,Jennifer distracted that alumni.,morphology,determiner_noun_agreement,determiner_noun_agreement_irregular_2,True,False,True,True,195,-48.204063415527344,-46.56535339355469,0
Tammy hadn't hidden those teeth.,Tammy hadn't hidden that teeth.,morphology,determiner_noun_agreement,determiner_noun_agreement_irregular_2,True,False,True,True,196,-63.41905975341797,-65.212890625,1
Gerald observes this man.,Gerald observes these man.,morphology,determiner_noun_agreement,determiner_noun_agreement_irregular_2,True,False,True,True,197,-39.48027038574219,-44.39107894897461,1
Christina was listening to this person.,Christina was listening to these person.,morphology,determiner_noun_agreement,determiner_noun_agreement_irregular_2,True,False,True,True,198,-40.30424118041992,-46.806785583496094,1
Deborah does care for this child.,Deborah does care for these child.,morphology,determiner_noun_agreement,determiner_noun_agreement_irregular_2,True,False,True,True,199,-50.680419921875,-56.79791259765625,1
Chad hadn't concealed those alumni.,Chad hadn't concealed that alumni.,morphology,determiner_noun_agreement,determiner_noun_agreement_irregular_2,True,False,True,True,200,-63.039913177490234,-61.85600662231445,0
The actresses can't work with these men.,The actresses can't work with this men.,morphology,determiner_noun_agreement,determiner_noun_agreement_irregular_2,True,False,True,True,201,-49.74188995361328,-52.092830657958984,1
Melissa flees from those women.,Melissa flees from that women.,morphology,determiner_noun_agreement,determiner_noun_agreement_irregular_2,True,False,True,True,202,-53.91499328613281,-56.98823547363281,1
Every eggplant has embarrassed these children.,Every eggplant has embarrassed this children.,morphology,determiner_noun_agreement,determiner_noun_agreement_irregular_2,True,False,True,True,203,-61.12690353393555,-61.0724983215332,0
Kimberley has concealed those theses.,Kimberley has concealed that theses.,morphology,determiner_noun_agreement,determiner_noun_agreement_irregular_2,True,False,True,True,204,-66.52516174316406,-63.32530975341797,0
Connie was touring those oases.,Connie was touring that oases.,morphology,determiner_noun_agreement,determiner_noun_agreement_irregular_2,True,False,True,True,205,-64.53425598144531,-65.4273452758789,1
Eric will approach those alumni.,Eric will approach that alumni.,morphology,determiner_noun_agreement,determiner_noun_agreement_irregular_2,True,False,True,True,206,-51.173805236816406,-48.26564025878906,0
That association embarrasses that woman.,That association embarrasses those woman.,morphology,determiner_noun_agreement,determiner_noun_agreement_irregular_2,True,False,True,True,207,-51.711700439453125,-53.712730407714844,1
Some apples were impressing these women.,Some apples were impressing this women.,morphology,determiner_noun_agreement,determiner_noun_agreement_irregular_2,True,False,True,True,208,-50.87841796875,-53.913177490234375,1
Carlos listens to this man.,Carlos listens to these man.,morphology,determiner_noun_agreement,determiner_noun_agreement_irregular_2,True,False,True,True,209,-44.758216857910156,-48.898101806640625,1
Every teenager wouldn't drive to those oases.,Every teenager wouldn't drive to that oases.,morphology,determiner_noun_agreement,determiner_noun_agreement_irregular_2,True,False,True,True,210,-67.4609146118164,-67.64289093017578,1
Drivers hadn't complained about this thesis.,Drivers hadn't complained about these thesis.,morphology,determiner_noun_agreement,determiner_noun_agreement_irregular_2,True,False,True,True,211,-55.12812805175781,-62.023292541503906,1
Jill drops by those oases.,Jill drops by that oases.,morphology,determiner_noun_agreement,determiner_noun_agreement_irregular_2,True,False,True,True,212,-57.814815521240234,-58.84716796875,1
Matt knows this child.,Matt knows these child.,morphology,determiner_noun_agreement,determiner_noun_agreement_irregular_2,True,False,True,True,213,-31.509414672851562,-35.98109817504883,1
Lucille has referenced that synopsis.,Lucille has referenced those synopsis.,morphology,determiner_noun_agreement,determiner_noun_agreement_irregular_2,True,False,True,True,214,-54.04946517944336,-56.248844146728516,1
Guy was going to that oasis.,Guy was going to those oasis.,morphology,determiner_noun_agreement,determiner_noun_agreement_irregular_2,True,False,True,True,215,-49.619056701660156,-47.9976806640625,0
Robert has bored that person.,Robert has bored those person.,morphology,determiner_noun_agreement,determiner_noun_agreement_irregular_2,True,False,True,True,216,-42.57426071166992,-46.548011779785156,1
This pepper hasn't annoyed those children.,This pepper hasn't annoyed that children.,morphology,determiner_noun_agreement,determiner_noun_agreement_irregular_2,True,False,True,True,217,-58.726646423339844,-56.8253288269043,0
A lot of students research those phenomena.,A lot of students research that phenomena.,morphology,determiner_noun_agreement,determiner_noun_agreement_irregular_2,True,False,True,True,218,-47.05560302734375,-50.66167449951172,1
A turtle would embarrass that woman.,A turtle would embarrass those woman.,morphology,determiner_noun_agreement,determiner_noun_agreement_irregular_2,True,False,True,True,219,-52.50309753417969,-53.77704620361328,1
Jacqueline worried that child.,Jacqueline worried those child.,morphology,determiner_noun_agreement,determiner_noun_agreement_irregular_2,True,False,True,True,220,-48.60460662841797,-53.73662567138672,1
Bradley helps that man.,Bradley helps those man.,morphology,determiner_noun_agreement,determiner_noun_agreement_irregular_2,True,False,True,True,221,-45.46953582763672,-44.511863708496094,0
Some eye disturbs this child.,Some eye disturbs these child.,morphology,determiner_noun_agreement,determiner_noun_agreement_irregular_2,True,False,True,True,222,-45.945308685302734,-47.822452545166016,1
Associations should irritate that woman.,Associations should irritate those woman.,morphology,determiner_noun_agreement,determiner_noun_agreement_irregular_2,True,False,True,True,223,-59.46513366699219,-59.51980972290039,1
Every drawing disgusts that man.,Every drawing disgusts those man.,morphology,determiner_noun_agreement,determiner_noun_agreement_irregular_2,True,False,True,True,224,-55.18938446044922,-59.51576614379883,1
That play did scare those people.,That play did scare that people.,morphology,determiner_noun_agreement,determiner_noun_agreement_irregular_2,True,False,True,True,225,-49.594146728515625,-51.362220764160156,1
Keith examined that thesis.,Keith examined those thesis.,morphology,determiner_noun_agreement,determiner_noun_agreement_irregular_2,True,False,True,True,226,-44.13628387451172,-47.44273376464844,1
Andrea is concealing those people.,Andrea is concealing that people.,morphology,determiner_noun_agreement,determiner_noun_agreement_irregular_2,True,False,True,True,227,-48.1598014831543,-47.445167541503906,0
Theodore hadn't disgusted this man.,Theodore hadn't disgusted these man.,morphology,determiner_noun_agreement,determiner_noun_agreement_irregular_2,True,False,True,True,228,-55.173240661621094,-60.93353271484375,1
Martin shouldn't discuss this man.,Martin shouldn't discuss these man.,morphology,determiner_noun_agreement,determiner_noun_agreement_irregular_2,True,False,True,True,229,-45.393638610839844,-50.502960205078125,1
Girls haven't healed those people.,Girls haven't healed that people.,morphology,determiner_noun_agreement,determiner_noun_agreement_irregular_2,True,False,True,True,230,-45.98766326904297,-44.9475212097168,0
Some skateboards distract that child.,Some skateboards distract those child.,morphology,determiner_noun_agreement,determiner_noun_agreement_irregular_2,True,False,True,True,231,-55.307167053222656,-54.75749588012695,0
Lisa isn't watching this man.,Lisa isn't watching these man.,morphology,determiner_noun_agreement,determiner_noun_agreement_irregular_2,True,False,True,True,232,-38.2742805480957,-41.5517578125,1
Deanna is arriving at these oases.,Deanna is arriving at this oases.,morphology,determiner_noun_agreement,determiner_noun_agreement_irregular_2,True,False,True,True,233,-57.81361389160156,-55.31475830078125,0
The Impressionists approach those children.,The Impressionists approach that children.,morphology,determiner_noun_agreement,determiner_noun_agreement_irregular_2,True,False,True,True,234,-53.797508239746094,-48.10303497314453,0
Peter appreciates this man.,Peter appreciates these man.,morphology,determiner_noun_agreement,determiner_noun_agreement_irregular_2,True,False,True,True,235,-35.978641510009766,-41.46744155883789,1
Most projectors are scaring that man.,Most projectors are scaring those man.,morphology,determiner_noun_agreement,determiner_noun_agreement_irregular_2,True,False,True,True,236,-63.304054260253906,-66.96591186523438,1
Candice bikes to these oases.,Candice bikes to this oases.,morphology,determiner_noun_agreement,determiner_noun_agreement_irregular_2,True,False,True,True,237,-59.020973205566406,-58.589820861816406,0
Carlos isn't fleeing from those men.,Carlos isn't fleeing from that men.,morphology,determiner_noun_agreement,determiner_noun_agreement_irregular_2,True,False,True,True,238,-59.968994140625,-62.99746322631836,1
Rodney is driving to this oasis.,Rodney is driving to these oasis.,morphology,determiner_noun_agreement,determiner_noun_agreement_irregular_2,True,False,True,True,239,-55.08695602416992,-57.93655014038086,1
Janet would hurt this woman.,Janet would hurt these woman.,morphology,determiner_noun_agreement,determiner_noun_agreement_irregular_2,True,False,True,True,240,-44.09843826293945,-45.866817474365234,1
Florence leaves this man.,Florence leaves these man.,morphology,determiner_noun_agreement,determiner_noun_agreement_irregular_2,True,False,True,True,241,-53.70048522949219,-57.74665832519531,1
The women ran around this oasis.,The women ran around these oasis.,morphology,determiner_noun_agreement,determiner_noun_agreement_irregular_2,True,False,True,True,242,-47.248287200927734,-49.47951126098633,1
Deanna can't sound like those men.,Deanna can't sound like that men.,morphology,determiner_noun_agreement,determiner_noun_agreement_irregular_2,True,False,True,True,243,-52.79094696044922,-54.150146484375,1
Derek worked with this woman.,Derek worked with these woman.,morphology,determiner_noun_agreement,determiner_noun_agreement_irregular_2,True,False,True,True,244,-39.97123336791992,-43.54703903198242,1
The door upsets that woman.,The door upsets those woman.,morphology,determiner_noun_agreement,determiner_noun_agreement_irregular_2,True,False,True,True,245,-47.045143127441406,-49.972633361816406,1
The prints look like this nucleus.,The prints look like these nucleus.,morphology,determiner_noun_agreement,determiner_noun_agreement_irregular_2,True,False,True,True,246,-46.307254791259766,-47.876686096191406,1
Ronald walks through this oasis.,Ronald walks through these oasis.,morphology,determiner_noun_agreement,determiner_noun_agreement_irregular_2,True,False,True,True,247,-49.37641906738281,-52.40388870239258,1
Sabrina can't annoy that alumnus.,Sabrina can't annoy those alumnus.,morphology,determiner_noun_agreement,determiner_noun_agreement_irregular_2,True,False,True,True,248,-68.6613540649414,-68.6088638305664,0
Erin would hate that child.,Erin would hate those child.,morphology,determiner_noun_agreement,determiner_noun_agreement_irregular_2,True,False,True,True,249,-44.72279357910156,-47.69160461425781,1
These patients couldn't drop by this oasis.,These patients couldn't drop by these oasis.,morphology,determiner_noun_agreement,determiner_noun_agreement_irregular_2,True,False,True,True,250,-56.14921569824219,-57.3288459777832,1
Erin isn't noticing those geese.,Erin isn't noticing that geese.,morphology,determiner_noun_agreement,determiner_noun_agreement_irregular_2,True,False,True,True,251,-56.8704719543457,-53.36266326904297,0
Eric hasn't brought those nuclei.,Eric hasn't brought that nuclei.,morphology,determiner_noun_agreement,determiner_noun_agreement_irregular_2,True,False,True,True,252,-58.16203308105469,-54.824832916259766,0
Thomas hired these people.,Thomas hired this people.,morphology,determiner_noun_agreement,determiner_noun_agreement_irregular_2,True,False,True,True,253,-37.966217041015625,-37.41716384887695,0
Peter has those theses.,Peter has that theses.,morphology,determiner_noun_agreement,determiner_noun_agreement_irregular_2,True,False,True,True,254,-46.53837966918945,-39.54942321777344,0
Elaine couldn't examine these synopses.,Elaine couldn't examine this synopses.,morphology,determiner_noun_agreement,determiner_noun_agreement_irregular_2,True,False,True,True,255,-73.1818618774414,-72.952880859375,0
This bicycle has disgusted that alumnus.,This bicycle has disgusted those alumnus.,morphology,determiner_noun_agreement,determiner_noun_agreement_irregular_2,True,False,True,True,256,-58.25634002685547,-61.47535705566406,1
Rhonda praised that child.,Rhonda praised those child.,morphology,determiner_noun_agreement,determiner_noun_agreement_irregular_2,True,False,True,True,257,-45.57836151123047,-48.514827728271484,1
Angela did skate around these oases.,Angela did skate around this oases.,morphology,determiner_noun_agreement,determiner_noun_agreement_irregular_2,True,False,True,True,258,-65.33291625976562,-63.777381896972656,0
Most teachers flee from this man.,Most teachers flee from these man.,morphology,determiner_noun_agreement,determiner_noun_agreement_irregular_2,True,False,True,True,259,-52.218841552734375,-56.22536087036133,1
Diana dropped by those oases.,Diana dropped by that oases.,morphology,determiner_noun_agreement,determiner_noun_agreement_irregular_2,True,False,True,True,260,-59.176177978515625,-58.65545654296875,0
Eva dislikes that oasis.,Eva dislikes those oasis.,morphology,determiner_noun_agreement,determiner_noun_agreement_irregular_2,True,False,True,True,261,-52.55082702636719,-53.404815673828125,1
Edward could reveal these oxen.,Edward could reveal this oxen.,morphology,determiner_noun_agreement,determiner_noun_agreement_irregular_2,True,False,True,True,262,-54.94225311279297,-53.400978088378906,0
The Borgias talk to those children.,The Borgias talk to that children.,morphology,determiner_noun_agreement,determiner_noun_agreement_irregular_2,True,False,True,True,263,-52.783477783203125,-54.02052307128906,1
Dennis wasn't dropping by those oases.,Dennis wasn't dropping by that oases.,morphology,determiner_noun_agreement,determiner_noun_agreement_irregular_2,True,False,True,True,264,-66.3537826538086,-65.37774658203125,0
Paula will argue about that child.,Paula will argue about those child.,morphology,determiner_noun_agreement,determiner_noun_agreement_irregular_2,True,False,True,True,265,-54.05127716064453,-58.08863830566406,1
Janet breaks these teeth.,Janet breaks this teeth.,morphology,determiner_noun_agreement,determiner_noun_agreement_irregular_2,True,False,True,True,266,-41.444618225097656,-42.775390625,1
The Borgias help this child.,The Borgias help these child.,morphology,determiner_noun_agreement,determiner_noun_agreement_irregular_2,True,False,True,True,267,-53.03139114379883,-56.99327087402344,1
Stephanie argued about those ellipses.,Stephanie argued about that ellipses.,morphology,determiner_noun_agreement,determiner_noun_agreement_irregular_2,True,False,True,True,268,-70.82860565185547,-68.67881774902344,0
Those people help that woman.,Those people help those woman.,morphology,determiner_noun_agreement,determiner_noun_agreement_irregular_2,True,False,True,True,269,-41.63039779663086,-40.4048957824707,0
Melissa can't criticize these synopses.,Melissa can't criticize this synopses.,morphology,determiner_noun_agreement,determiner_noun_agreement_irregular_2,True,False,True,True,270,-68.4782943725586,-68.77043151855469,1
Most dancers examine that thesis.,Most dancers examine those thesis.,morphology,determiner_noun_agreement,determiner_noun_agreement_irregular_2,True,False,True,True,271,-55.63298034667969,-57.315406799316406,1
Brett found that mouse.,Brett found those mouse.,morphology,determiner_noun_agreement,determiner_noun_agreement_irregular_2,True,False,True,True,272,-43.44970703125,-49.202880859375,1
Sherry hasn't gone to those oases.,Sherry hasn't gone to that oases.,morphology,determiner_noun_agreement,determiner_noun_agreement_irregular_2,True,False,True,True,273,-63.590599060058594,-63.94049072265625,1
Nancy tours these oases.,Nancy tours this oases.,morphology,determiner_noun_agreement,determiner_noun_agreement_irregular_2,True,False,True,True,274,-51.04564666748047,-50.79991149902344,0
Tamara discovers those women.,Tamara discovers that women.,morphology,determiner_noun_agreement,determiner_noun_agreement_irregular_2,True,False,True,True,275,-45.53141403198242,-39.555877685546875,0
Naomi wasn't selling these oxen.,Naomi wasn't selling this oxen.,morphology,determiner_noun_agreement,determiner_noun_agreement_irregular_2,True,False,True,True,276,-62.17643737792969,-60.97669219970703,0
Grace was touring that oasis.,Grace was touring those oasis.,morphology,determiner_noun_agreement,determiner_noun_agreement_irregular_2,True,False,True,True,277,-53.540531158447266,-53.46030044555664,0
The Lutherans upset this man.,The Lutherans upset these man.,morphology,determiner_noun_agreement,determiner_noun_agreement_irregular_2,True,False,True,True,278,-53.878578186035156,-57.48332977294922,1
Eva visited this oasis.,Eva visited these oasis.,morphology,determiner_noun_agreement,determiner_noun_agreement_irregular_2,True,False,True,True,279,-45.330780029296875,-46.344173431396484,1
John had listened to those people.,John had listened to that people.,morphology,determiner_noun_agreement,determiner_noun_agreement_irregular_2,True,False,True,True,280,-37.514041900634766,-38.50359344482422,1
The Clintons sell this ox.,The Clintons sell these ox.,morphology,determiner_noun_agreement,determiner_noun_agreement_irregular_2,True,False,True,True,281,-47.05535888671875,-47.50342559814453,1
Jeffrey biked to that oasis.,Jeffrey biked to those oasis.,morphology,determiner_noun_agreement,determiner_noun_agreement_irregular_2,True,False,True,True,282,-54.347068786621094,-53.680904388427734,0
Craig lifted that nucleus.,Craig lifted those nucleus.,morphology,determiner_noun_agreement,determiner_noun_agreement_irregular_2,True,False,True,True,283,-45.528717041015625,-47.04179763793945,1
Many doctors might investigate these children.,Many doctors might investigate this children.,morphology,determiner_noun_agreement,determiner_noun_agreement_irregular_2,True,False,True,True,284,-42.91156768798828,-46.20576477050781,1
Sandra knew these men.,Sandra knew this men.,morphology,determiner_noun_agreement,determiner_noun_agreement_irregular_2,True,False,True,True,285,-42.22808074951172,-42.959442138671875,1
Galileo could sell these lice.,Galileo could sell this lice.,morphology,determiner_noun_agreement,determiner_noun_agreement_irregular_2,True,False,True,True,286,-61.38487243652344,-60.98863983154297,0
The legislatures could dislike this oasis.,The legislatures could dislike these oasis.,morphology,determiner_noun_agreement,determiner_noun_agreement_irregular_2,True,False,True,True,287,-56.9578971862793,-58.990116119384766,1
Many children upset this child.,Many children upset these child.,morphology,determiner_noun_agreement,determiner_noun_agreement_irregular_2,True,False,True,True,288,-39.69509506225586,-41.161590576171875,1
Marie isn't revealing this goose.,Marie isn't revealing these goose.,morphology,determiner_noun_agreement,determiner_noun_agreement_irregular_2,True,False,True,True,289,-50.41067123413086,-54.09648895263672,1
Lisa cleaned those cacti.,Lisa cleaned that cacti.,morphology,determiner_noun_agreement,determiner_noun_agreement_irregular_2,True,False,True,True,290,-55.97613525390625,-55.09619140625,0
These shawls could irritate these alumni.,These shawls could irritate this alumni.,morphology,determiner_noun_agreement,determiner_noun_agreement_irregular_2,True,False,True,True,291,-62.43608093261719,-61.56603240966797,0
Rodney hires that man.,Rodney hires those man.,morphology,determiner_noun_agreement,determiner_noun_agreement_irregular_2,True,False,True,True,292,-47.54757308959961,-50.85086441040039,1
Jill has scared that child.,Jill has scared those child.,morphology,determiner_noun_agreement,determiner_noun_agreement_irregular_2,True,False,True,True,293,-48.805030822753906,-50.85166931152344,1
Mary should discuss this analysis.,Mary should discuss these analysis.,morphology,determiner_noun_agreement,determiner_noun_agreement_irregular_2,True,False,True,True,294,-40.92105484008789,-43.67366027832031,1
A lot of doctors skate around those oases.,A lot of doctors skate around that oases.,morphology,determiner_noun_agreement,determiner_noun_agreement_irregular_2,True,False,True,True,295,-72.17094421386719,-74.04698181152344,1
Lawrence has lifted those feet.,Lawrence has lifted that feet.,morphology,determiner_noun_agreement,determiner_noun_agreement_irregular_2,True,False,True,True,296,-46.283851623535156,-48.182525634765625,1
Kayla scanned this synopsis.,Kayla scanned these synopsis.,morphology,determiner_noun_agreement,determiner_noun_agreement_irregular_2,True,False,True,True,297,-45.83135223388672,-49.95769119262695,1
Danielle could know that man.,Danielle could know those man.,morphology,determiner_noun_agreement,determiner_noun_agreement_irregular_2,True,False,True,True,298,-42.31182098388672,-49.75050354003906,1
The Borgias aggravate these men.,The Borgias aggravate this men.,morphology,determiner_noun_agreement,determiner_noun_agreement_irregular_2,True,False,True,True,299,-62.03171157836914,-63.798309326171875,1
Most cashiers bike to this oasis.,Most cashiers bike to these oasis.,morphology,determiner_noun_agreement,determiner_noun_agreement_irregular_2,True,False,True,True,300,-57.65955352783203,-59.32054901123047,1
Andrew exited this oasis.,Andrew exited these oasis.,morphology,determiner_noun_agreement,determiner_noun_agreement_irregular_2,True,False,True,True,301,-41.22922897338867,-43.54146957397461,1
Brian exits these oases.,Brian exits this oases.,morphology,determiner_noun_agreement,determiner_noun_agreement_irregular_2,True,False,True,True,302,-52.56532287597656,-50.33719253540039,0
Gary scares that woman.,Gary scares those woman.,morphology,determiner_noun_agreement,determiner_noun_agreement_irregular_2,True,False,True,True,303,-38.202003479003906,-40.662109375,1
Every sketch looks like these fungi.,Every sketch looks like this fungi.,morphology,determiner_noun_agreement,determiner_noun_agreement_irregular_2,True,False,True,True,304,-46.13257598876953,-45.83246612548828,0
April doesn't work with these people.,April doesn't work with this people.,morphology,determiner_noun_agreement,determiner_noun_agreement_irregular_2,True,False,True,True,305,-41.428749084472656,-42.83149337768555,1
Karla is kissing that person.,Karla is kissing those person.,morphology,determiner_noun_agreement,determiner_noun_agreement_irregular_2,True,False,True,True,306,-48.95336151123047,-51.34600067138672,1
Kenneth had broken those feet.,Kenneth had broken that feet.,morphology,determiner_noun_agreement,determiner_noun_agreement_irregular_2,True,False,True,True,307,-52.121971130371094,-52.808509826660156,1
Thomas was breaking these feet.,Thomas was breaking this feet.,morphology,determiner_noun_agreement,determiner_noun_agreement_irregular_2,True,False,True,True,308,-42.33268356323242,-41.86357879638672,0
The Clintons hire this person.,The Clintons hire these person.,morphology,determiner_noun_agreement,determiner_noun_agreement_irregular_2,True,False,True,True,309,-44.786930084228516,-50.233306884765625,1
Cindy isn't cleaning these feet.,Cindy isn't cleaning this feet.,morphology,determiner_noun_agreement,determiner_noun_agreement_irregular_2,True,False,True,True,310,-56.80284118652344,-57.0456657409668,1
Martin walked through those oases.,Martin walked through that oases.,morphology,determiner_noun_agreement,determiner_noun_agreement_irregular_2,True,False,True,True,311,-51.69866943359375,-52.18650436401367,1
These blouses embarrass that woman.,These blouses embarrass those woman.,morphology,determiner_noun_agreement,determiner_noun_agreement_irregular_2,True,False,True,True,312,-54.019920349121094,-53.77823257446289,0
Douglas hadn't admired that person.,Douglas hadn't admired those person.,morphology,determiner_noun_agreement,determiner_noun_agreement_irregular_2,True,False,True,True,313,-55.69068145751953,-60.67688751220703,1
Those children argue about that medium.,Those children argue about those medium.,morphology,determiner_noun_agreement,determiner_noun_agreement_irregular_2,True,False,True,True,314,-48.5617561340332,-50.99073791503906,1
These adults question those men.,These adults question that men.,morphology,determiner_noun_agreement,determiner_noun_agreement_irregular_2,True,False,True,True,315,-49.34640121459961,-43.03157043457031,0
The museum can hate that analysis.,The museum can hate those analysis.,morphology,determiner_noun_agreement,determiner_noun_agreement_irregular_2,True,False,True,True,316,-50.686546325683594,-53.004825592041016,1
This driver cared for that person.,This driver cared for those person.,morphology,determiner_noun_agreement,determiner_noun_agreement_irregular_2,True,False,True,True,317,-41.44213104248047,-42.058006286621094,1
Roger dislikes this man.,Roger dislikes these man.,morphology,determiner_noun_agreement,determiner_noun_agreement_irregular_2,True,False,True,True,318,-45.196189880371094,-46.68785858154297,1
Curtis hated that man.,Curtis hated those man.,morphology,determiner_noun_agreement,determiner_noun_agreement_irregular_2,True,False,True,True,319,-48.496376037597656,-50.33220672607422,1
Samantha returned to this oasis.,Samantha returned to these oasis.,morphology,determiner_noun_agreement,determiner_noun_agreement_irregular_2,True,False,True,True,320,-48.47566223144531,-52.72140884399414,1
Regina had talked about this analysis.,Regina had talked about these analysis.,morphology,determiner_noun_agreement,determiner_noun_agreement_irregular_2,True,False,True,True,321,-51.168460845947266,-55.52610778808594,1
Scott criticizes that thesis.,Scott criticizes those thesis.,morphology,determiner_noun_agreement,determiner_noun_agreement_irregular_2,True,False,True,True,322,-47.42645263671875,-49.42829132080078,1
This dog astounds these children.,This dog astounds this children.,morphology,determiner_noun_agreement,determiner_noun_agreement_irregular_2,True,False,True,True,323,-49.11895751953125,-48.3785400390625,0
These women think about these nuclei.,These women think about this nuclei.,morphology,determiner_noun_agreement,determiner_noun_agreement_irregular_2,True,False,True,True,324,-48.84934997558594,-45.099952697753906,0
Museums should know these women.,Museums should know this women.,morphology,determiner_noun_agreement,determiner_noun_agreement_irregular_2,True,False,True,True,325,-54.29139709472656,-55.92908477783203,1
The Borgias tour those oases.,The Borgias tour that oases.,morphology,determiner_noun_agreement,determiner_noun_agreement_irregular_2,True,False,True,True,326,-65.28594207763672,-64.08809661865234,0
Spain should hate that woman.,Spain should hate those woman.,morphology,determiner_noun_agreement,determiner_noun_agreement_irregular_2,True,False,True,True,327,-44.07716369628906,-47.16093826293945,1
Andrew hadn't cured this woman.,Andrew hadn't cured these woman.,morphology,determiner_noun_agreement,determiner_noun_agreement_irregular_2,True,False,True,True,328,-48.26496505737305,-53.163612365722656,1
Every guest leaves this alumnus.,Every guest leaves these alumnus.,morphology,determiner_noun_agreement,determiner_noun_agreement_irregular_2,True,False,True,True,329,-49.89264678955078,-48.39090347290039,0
Many children know that alumnus.,Many children know those alumnus.,morphology,determiner_noun_agreement,determiner_noun_agreement_irregular_2,True,False,True,True,330,-38.38648223876953,-43.926177978515625,1
These drivers help that man.,These drivers help those man.,morphology,determiner_noun_agreement,determiner_noun_agreement_irregular_2,True,False,True,True,331,-43.75995635986328,-42.84495162963867,0
Some men discover these fungi.,Some men discover this fungi.,morphology,determiner_noun_agreement,determiner_noun_agreement_irregular_2,True,False,True,True,332,-42.10663604736328,-43.34225082397461,1
Some candles bore that man.,Some candles bore those man.,morphology,determiner_noun_agreement,determiner_noun_agreement_irregular_2,True,False,True,True,333,-46.2087287902832,-48.03376770019531,1
Teresa knows this child.,Teresa knows these child.,morphology,determiner_noun_agreement,determiner_noun_agreement_irregular_2,True,False,True,True,334,-36.96979522705078,-41.266361236572266,1
All waitresses approach that person.,All waitresses approach those person.,morphology,determiner_noun_agreement,determiner_noun_agreement_irregular_2,True,False,True,True,335,-56.16065216064453,-59.98724365234375,1
Amanda conceals those theses.,Amanda conceals that theses.,morphology,determiner_noun_agreement,determiner_noun_agreement_irregular_2,True,False,True,True,336,-64.02445220947266,-57.628990173339844,0
Mary exits this oasis.,Mary exits these oasis.,morphology,determiner_noun_agreement,determiner_noun_agreement_irregular_2,True,False,True,True,337,-41.7606086730957,-44.834651947021484,1
Cindy had taken that ox.,Cindy had taken those ox.,morphology,determiner_noun_agreement,determiner_noun_agreement_irregular_2,True,False,True,True,338,-60.84250259399414,-62.242923736572266,1
Cheryl hasn't fired this woman.,Cheryl hasn't fired these woman.,morphology,determiner_noun_agreement,determiner_noun_agreement_irregular_2,True,False,True,True,339,-55.557861328125,-60.2479248046875,1
Those cashiers hate this person.,Those cashiers hate these person.,morphology,determiner_noun_agreement,determiner_noun_agreement_irregular_2,True,False,True,True,340,-48.36199188232422,-52.12940979003906,1
Brad broke that tooth.,Brad broke those tooth.,morphology,determiner_noun_agreement,determiner_noun_agreement_irregular_2,True,False,True,True,341,-40.155677795410156,-42.52125930786133,1
These children healed this alumnus.,These children healed these alumnus.,morphology,determiner_noun_agreement,determiner_noun_agreement_irregular_2,True,False,True,True,342,-50.466163635253906,-50.733036041259766,1
A lot of teachers notice that cactus.,A lot of teachers notice those cactus.,morphology,determiner_noun_agreement,determiner_noun_agreement_irregular_2,True,False,True,True,343,-53.95116424560547,-59.78591537475586,1
A pepper aggravates that woman.,A pepper aggravates those woman.,morphology,determiner_noun_agreement,determiner_noun_agreement_irregular_2,True,False,True,True,344,-56.62675476074219,-58.05971145629883,1
Joseph loved that person.,Joseph loved those person.,morphology,determiner_noun_agreement,determiner_noun_agreement_irregular_2,True,False,True,True,345,-33.9947509765625,-36.440940856933594,1
That waitress was exiting those oases.,That waitress was exiting that oases.,morphology,determiner_noun_agreement,determiner_noun_agreement_irregular_2,True,False,True,True,346,-66.327392578125,-65.04976654052734,0
Renee knew this child.,Renee knew these child.,morphology,determiner_noun_agreement,determiner_noun_agreement_irregular_2,True,False,True,True,347,-42.070823669433594,-46.49872589111328,1
Most girls research those paralyses.,Most girls research that paralyses.,morphology,determiner_noun_agreement,determiner_noun_agreement_irregular_2,True,False,True,True,348,-62.955650329589844,-61.0504264831543,0
Patients watch this woman.,Patients watch these woman.,morphology,determiner_noun_agreement,determiner_noun_agreement_irregular_2,True,False,True,True,349,-37.44704055786133,-39.96990966796875,1
Tina notices this nucleus.,Tina notices these nucleus.,morphology,determiner_noun_agreement,determiner_noun_agreement_irregular_2,True,False,True,True,350,-49.429718017578125,-50.31140899658203,1
Anne leaves this person.,Anne leaves these person.,morphology,determiner_noun_agreement,determiner_noun_agreement_irregular_2,True,False,True,True,351,-33.572513580322266,-38.803279876708984,1
Veronica does kiss that woman.,Veronica does kiss those woman.,morphology,determiner_noun_agreement,determiner_noun_agreement_irregular_2,True,False,True,True,352,-53.91394805908203,-55.80733871459961,1
Eric had dropped by those oases.,Eric had dropped by that oases.,morphology,determiner_noun_agreement,determiner_noun_agreement_irregular_2,True,False,True,True,353,-56.989952087402344,-56.60270309448242,0
Stephanie wasn't revealing this ox.,Stephanie wasn't revealing these ox.,morphology,determiner_noun_agreement,determiner_noun_agreement_irregular_2,True,False,True,True,354,-63.941627502441406,-65.53781127929688,1
Some carts wouldn't worry that child.,Some carts wouldn't worry those child.,morphology,determiner_noun_agreement,determiner_noun_agreement_irregular_2,True,False,True,True,355,-53.75828552246094,-55.827964782714844,1
Laurie shocked those men.,Laurie shocked that men.,morphology,determiner_noun_agreement,determiner_noun_agreement_irregular_2,True,False,True,True,356,-49.87278747558594,-49.62721252441406,0
Benjamin has thought about those women.,Benjamin has thought about that women.,morphology,determiner_noun_agreement,determiner_noun_agreement_irregular_2,True,False,True,True,357,-51.962738037109375,-49.803977966308594,0
Curtis fled from that man.,Curtis fled from those man.,morphology,determiner_noun_agreement,determiner_noun_agreement_irregular_2,True,False,True,True,358,-55.26677322387695,-57.22486114501953,1
Robert has kissed this person.,Robert has kissed these person.,morphology,determiner_noun_agreement,determiner_noun_agreement_irregular_2,True,False,True,True,359,-38.92979049682617,-42.9528694152832,1
Waitresses were healing those people.,Waitresses were healing that people.,morphology,determiner_noun_agreement,determiner_noun_agreement_irregular_2,True,False,True,True,360,-55.297298431396484,-52.94273376464844,0
Kendra skated around those oases.,Kendra skated around that oases.,morphology,determiner_noun_agreement,determiner_noun_agreement_irregular_2,True,False,True,True,361,-66.51038360595703,-66.33414459228516,0
Jodi isn't irritating this woman.,Jodi isn't irritating these woman.,morphology,determiner_noun_agreement,determiner_noun_agreement_irregular_2,True,False,True,True,362,-52.27012634277344,-57.477699279785156,1
David hasn't explored this oasis.,David hasn't explored these oasis.,morphology,determiner_noun_agreement,determiner_noun_agreement_irregular_2,True,False,True,True,363,-47.402000427246094,-50.628787994384766,1
Frank lifted these lice.,Frank lifted this lice.,morphology,determiner_noun_agreement,determiner_noun_agreement_irregular_2,True,False,True,True,364,-44.39866256713867,-43.29986572265625,0
Many committees can dislike these alumni.,Many committees can dislike this alumni.,morphology,determiner_noun_agreement,determiner_noun_agreement_irregular_2,True,False,True,True,365,-52.65113830566406,-51.98622512817383,0
Christopher noticed those stimuli.,Christopher noticed that stimuli.,morphology,determiner_noun_agreement,determiner_noun_agreement_irregular_2,True,False,True,True,366,-44.110450744628906,-39.6490592956543,0
Most dancers describe these men.,Most dancers describe this men.,morphology,determiner_noun_agreement,determiner_noun_agreement_irregular_2,True,False,True,True,367,-44.87578201293945,-46.81856918334961,1
Randolf has broken these feet.,Randolf has broken this feet.,morphology,determiner_noun_agreement,determiner_noun_agreement_irregular_2,True,False,True,True,368,-50.359519958496094,-51.70893859863281,1
This person discovered that child.,This person discovered those child.,morphology,determiner_noun_agreement,determiner_noun_agreement_irregular_2,True,False,True,True,369,-36.77137756347656,-43.049278259277344,1
The Clintons sell these oxen.,The Clintons sell this oxen.,morphology,determiner_noun_agreement,determiner_noun_agreement_irregular_2,True,False,True,True,370,-55.31599426269531,-53.95892333984375,0
Candice should describe that child.,Candice should describe those child.,morphology,determiner_noun_agreement,determiner_noun_agreement_irregular_2,True,False,True,True,371,-43.78166198730469,-47.03010559082031,1
That association hated those theses.,That association hated that theses.,morphology,determiner_noun_agreement,determiner_noun_agreement_irregular_2,True,False,True,True,372,-58.32832717895508,-51.37010955810547,0
Ann boycotted those oases.,Ann boycotted that oases.,morphology,determiner_noun_agreement,determiner_noun_agreement_irregular_2,True,False,True,True,373,-64.46637725830078,-66.42869567871094,1
These patients walk through this oasis.,These patients walk through these oasis.,morphology,determiner_noun_agreement,determiner_noun_agreement_irregular_2,True,False,True,True,374,-42.748680114746094,-43.479957580566406,1
Joel might admire this man.,Joel might admire these man.,morphology,determiner_noun_agreement,determiner_noun_agreement_irregular_2,True,False,True,True,375,-48.48478698730469,-52.091773986816406,1
Rebecca should notice this foot.,Rebecca should notice these foot.,morphology,determiner_noun_agreement,determiner_noun_agreement_irregular_2,True,False,True,True,376,-48.069644927978516,-51.824378967285156,1
Those boys admire those oxen.,Those boys admire that oxen.,morphology,determiner_noun_agreement,determiner_noun_agreement_irregular_2,True,False,True,True,377,-60.11082077026367,-58.45446014404297,0
Some associations work with this child.,Some associations work with these child.,morphology,determiner_noun_agreement,determiner_noun_agreement_irregular_2,True,False,True,True,378,-43.05450439453125,-48.02601623535156,1
Sally would take this cactus.,Sally would take these cactus.,morphology,determiner_noun_agreement,determiner_noun_agreement_irregular_2,True,False,True,True,379,-49.43890380859375,-50.87336349487305,1
Those shoes irritate that person.,Those shoes irritate those person.,morphology,determiner_noun_agreement,determiner_noun_agreement_irregular_2,True,False,True,True,380,-51.89122009277344,-51.262840270996094,0
A lot of dogs find this stimulus.,A lot of dogs find these stimulus.,morphology,determiner_noun_agreement,determiner_noun_agreement_irregular_2,True,False,True,True,381,-47.49740982055664,-49.91350555419922,1
Jessica hadn't hugged that man.,Jessica hadn't hugged those man.,morphology,determiner_noun_agreement,determiner_noun_agreement_irregular_2,True,False,True,True,382,-48.70146179199219,-51.24641799926758,1
Richard approached this person.,Richard approached these person.,morphology,determiner_noun_agreement,determiner_noun_agreement_irregular_2,True,False,True,True,383,-34.75715637207031,-40.035797119140625,1
Some person boycotted that oasis.,Some person boycotted those oasis.,morphology,determiner_noun_agreement,determiner_noun_agreement_irregular_2,True,False,True,True,384,-64.48292541503906,-61.88496780395508,0
Those drivers had investigated these people.,Those drivers had investigated this people.,morphology,determiner_noun_agreement,determiner_noun_agreement_irregular_2,True,False,True,True,385,-48.39273452758789,-50.71036911010742,1
Guy is passing these oases.,Guy is passing this oases.,morphology,determiner_noun_agreement,determiner_noun_agreement_irregular_2,True,False,True,True,386,-53.38893127441406,-53.79423522949219,1
Ella sounds like that woman.,Ella sounds like those woman.,morphology,determiner_noun_agreement,determiner_noun_agreement_irregular_2,True,False,True,True,387,-41.04907989501953,-42.46049118041992,1
All grocery stores are hurting those alumni.,All grocery stores are hurting that alumni.,morphology,determiner_noun_agreement,determiner_noun_agreement_irregular_2,True,False,True,True,388,-54.69959259033203,-55.28260040283203,1
Todd had lifted those teeth.,Todd had lifted that teeth.,morphology,determiner_noun_agreement,determiner_noun_agreement_irregular_2,True,False,True,True,389,-43.27252197265625,-45.63441467285156,1
Some print looked like that child.,Some print looked like those child.,morphology,determiner_noun_agreement,determiner_noun_agreement_irregular_2,True,False,True,True,390,-45.275123596191406,-45.77623748779297,1
The Lutherans have lifted those teeth.,The Lutherans have lifted that teeth.,morphology,determiner_noun_agreement,determiner_noun_agreement_irregular_2,True,False,True,True,391,-57.032318115234375,-60.17070007324219,1
Timothy is hugging those men.,Timothy is hugging that men.,morphology,determiner_noun_agreement,determiner_noun_agreement_irregular_2,True,False,True,True,392,-51.96489715576172,-51.75392532348633,0
Rose respected that person.,Rose respected those person.,morphology,determiner_noun_agreement,determiner_noun_agreement_irregular_2,True,False,True,True,393,-44.48066329956055,-46.04076385498047,1
James has researched that phenomenon.,James has researched those phenomenon.,morphology,determiner_noun_agreement,determiner_noun_agreement_irregular_2,True,False,True,True,394,-41.95587158203125,-46.35405731201172,1
Pamela is taking these fungi.,Pamela is taking this fungi.,morphology,determiner_noun_agreement,determiner_noun_agreement_irregular_2,True,False,True,True,395,-51.47964859008789,-51.142311096191406,0
The dancers skate around this oasis.,The dancers skate around these oasis.,morphology,determiner_noun_agreement,determiner_noun_agreement_irregular_2,True,False,True,True,396,-51.298892974853516,-53.12736511230469,1
Christina escapes from that person.,Christina escapes from those person.,morphology,determiner_noun_agreement,determiner_noun_agreement_irregular_2,True,False,True,True,397,-47.655250549316406,-49.445770263671875,1
Regina wasn't attacking that alumnus.,Regina wasn't attacking those alumnus.,morphology,determiner_noun_agreement,determiner_noun_agreement_irregular_2,True,False,True,True,398,-61.4410285949707,-62.081932067871094,1
Ella returned to that child.,Ella returned to those child.,morphology,determiner_noun_agreement,determiner_noun_agreement_irregular_2,True,False,True,True,399,-45.956844329833984,-47.30598068237305,1
Alice isn't touring these oases.,Alice isn't touring this oases.,morphology,determiner_noun_agreement,determiner_noun_agreement_irregular_2,True,False,True,True,400,-57.85929870605469,-56.85565185546875,0
Every government talked about that oasis.,Every government talked about those oasis.,morphology,determiner_noun_agreement,determiner_noun_agreement_irregular_2,True,False,True,True,401,-48.502601623535156,-48.97199249267578,1
Some woman hasn't attacked those people.,Some woman hasn't attacked that people.,morphology,determiner_noun_agreement,determiner_noun_agreement_irregular_2,True,False,True,True,402,-45.555015563964844,-45.710201263427734,1
Some lake hurts this person.,Some lake hurts these person.,morphology,determiner_noun_agreement,determiner_noun_agreement_irregular_2,True,False,True,True,403,-47.54058837890625,-50.65440368652344,1
This actress dislikes that person.,This actress dislikes those person.,morphology,determiner_noun_agreement,determiner_noun_agreement_irregular_2,True,False,True,True,404,-48.38628387451172,-53.323516845703125,1
Richard isn't talking to this man.,Richard isn't talking to these man.,morphology,determiner_noun_agreement,determiner_noun_agreement_irregular_2,True,False,True,True,405,-41.64529037475586,-45.686561584472656,1
Guy isn't boasting about these bases.,Guy isn't boasting about this bases.,morphology,determiner_noun_agreement,determiner_noun_agreement_irregular_2,True,False,True,True,406,-57.889617919921875,-58.39897155761719,1
Teachers skate around this oasis.,Teachers skate around these oasis.,morphology,determiner_noun_agreement,determiner_noun_agreement_irregular_2,True,False,True,True,407,-48.77723693847656,-51.00018310546875,1
Some customer is firing that person.,Some customer is firing those person.,morphology,determiner_noun_agreement,determiner_noun_agreement_irregular_2,True,False,True,True,408,-49.926414489746094,-51.350730895996094,1
Russell loved that man.,Russell loved those man.,morphology,determiner_noun_agreement,determiner_noun_agreement_irregular_2,True,False,True,True,409,-37.46173095703125,-40.727439880371094,1
Melanie wasn't going to this oasis.,Melanie wasn't going to these oasis.,morphology,determiner_noun_agreement,determiner_noun_agreement_irregular_2,True,False,True,True,410,-52.79452896118164,-56.04347229003906,1
Todd doesn't talk to that child.,Todd doesn't talk to those child.,morphology,determiner_noun_agreement,determiner_noun_agreement_irregular_2,True,False,True,True,411,-47.894493103027344,-50.06657791137695,1
Amy should bore those women.,Amy should bore that women.,morphology,determiner_noun_agreement,determiner_noun_agreement_irregular_2,True,False,True,True,412,-49.91777038574219,-48.34794998168945,0
Peter shouldn't reference this woman.,Peter shouldn't reference these woman.,morphology,determiner_noun_agreement,determiner_noun_agreement_irregular_2,True,False,True,True,413,-47.61079788208008,-52.84577941894531,1
Deanna explores this oasis.,Deanna explores these oasis.,morphology,determiner_noun_agreement,determiner_noun_agreement_irregular_2,True,False,True,True,414,-43.43767547607422,-45.48058319091797,1
William is disgusting those women.,William is disgusting that women.,morphology,determiner_noun_agreement,determiner_noun_agreement_irregular_2,True,False,True,True,415,-48.74907684326172,-42.97523498535156,0
Janice has that goose.,Janice has those goose.,morphology,determiner_noun_agreement,determiner_noun_agreement_irregular_2,True,False,True,True,416,-53.43503952026367,-56.073822021484375,1
Laurie would criticize those oases.,Laurie would criticize that oases.,morphology,determiner_noun_agreement,determiner_noun_agreement_irregular_2,True,False,True,True,417,-67.73284149169922,-67.06859588623047,0
Pamela wouldn't talk to this woman.,Pamela wouldn't talk to these woman.,morphology,determiner_noun_agreement,determiner_noun_agreement_irregular_2,True,False,True,True,418,-53.989112854003906,-59.88390350341797,1
That actress lifted these teeth.,That actress lifted this teeth.,morphology,determiner_noun_agreement,determiner_noun_agreement_irregular_2,True,False,True,True,419,-49.433837890625,-49.976158142089844,1
Lawrence returned to that person.,Lawrence returned to those person.,morphology,determiner_noun_agreement,determiner_noun_agreement_irregular_2,True,False,True,True,420,-40.25157165527344,-42.666099548339844,1
All students bike to that oasis.,All students bike to those oasis.,morphology,determiner_noun_agreement,determiner_noun_agreement_irregular_2,True,False,True,True,421,-53.01803970336914,-51.54994201660156,0
These guys flee from these women.,These guys flee from this women.,morphology,determiner_noun_agreement,determiner_noun_agreement_irregular_2,True,False,True,True,422,-46.18302917480469,-49.248287200927734,1
Joel skated around those oases.,Joel skated around that oases.,morphology,determiner_noun_agreement,determiner_noun_agreement_irregular_2,True,False,True,True,423,-66.2911376953125,-66.57063293457031,1
Christina has shocked that child.,Christina has shocked those child.,morphology,determiner_noun_agreement,determiner_noun_agreement_irregular_2,True,False,True,True,424,-45.689292907714844,-49.25635528564453,1
Drivers distracts that person.,Drivers distracts those person.,morphology,determiner_noun_agreement,determiner_noun_agreement_irregular_2,True,False,True,True,425,-50.269309997558594,-54.79876708984375,1
Matt notices that stimulus.,Matt notices those stimulus.,morphology,determiner_noun_agreement,determiner_noun_agreement_irregular_2,True,False,True,True,426,-40.048675537109375,-43.086334228515625,1
Some fork wasn't distracting these children.,Some fork wasn't distracting this children.,morphology,determiner_noun_agreement,determiner_noun_agreement_irregular_2,True,False,True,True,427,-57.41534423828125,-57.952064514160156,1
Some broccoli was confusing that man.,Some broccoli was confusing those man.,morphology,determiner_noun_agreement,determiner_noun_agreement_irregular_2,True,False,True,True,428,-52.7343864440918,-55.12002182006836,1
Most cashiers like these teeth.,Most cashiers like this teeth.,morphology,determiner_noun_agreement,determiner_noun_agreement_irregular_2,True,False,True,True,429,-50.263267517089844,-49.52217483520508,0
Many people complain about those oases.,Many people complain about that oases.,morphology,determiner_noun_agreement,determiner_noun_agreement_irregular_2,True,False,True,True,430,-47.75416946411133,-47.65037536621094,0
Caroline did fire this child.,Caroline did fire these child.,morphology,determiner_noun_agreement,determiner_noun_agreement_irregular_2,True,False,True,True,431,-52.910980224609375,-57.147789001464844,1
A lot of guys sounded like that synopsis.,A lot of guys sounded like those synopsis.,morphology,determiner_noun_agreement,determiner_noun_agreement_irregular_2,True,False,True,True,432,-50.03779220581055,-52.769683837890625,1
Stephen describes that person.,Stephen describes those person.,morphology,determiner_noun_agreement,determiner_noun_agreement_irregular_2,True,False,True,True,433,-38.15835952758789,-42.34021759033203,1
Amanda could bore those alumni.,Amanda could bore that alumni.,morphology,determiner_noun_agreement,determiner_noun_agreement_irregular_2,True,False,True,True,434,-56.90349578857422,-56.26848220825195,0
Some cashiers respect that child.,Some cashiers respect those child.,morphology,determiner_noun_agreement,determiner_noun_agreement_irregular_2,True,False,True,True,435,-55.307037353515625,-57.42400360107422,1
Shoes bore that child.,Shoes bore those child.,morphology,determiner_noun_agreement,determiner_noun_agreement_irregular_2,True,False,True,True,436,-46.324790954589844,-48.3704833984375,1
A waiter had hugged that woman.,A waiter had hugged those woman.,morphology,determiner_noun_agreement,determiner_noun_agreement_irregular_2,True,False,True,True,437,-54.232906341552734,-54.60660934448242,1
Senators question this man.,Senators question these man.,morphology,determiner_noun_agreement,determiner_noun_agreement_irregular_2,True,False,True,True,438,-49.3865852355957,-51.26441192626953,1
Some patients won't insult this alumnus.,Some patients won't insult these alumnus.,morphology,determiner_noun_agreement,determiner_noun_agreement_irregular_2,True,False,True,True,439,-58.26368713378906,-58.26679611206055,1
Many mushrooms had irritated that alumnus.,Many mushrooms had irritated those alumnus.,morphology,determiner_noun_agreement,determiner_noun_agreement_irregular_2,True,False,True,True,440,-61.60159683227539,-62.56487274169922,1
These chairs haven't distracted that child.,These chairs haven't distracted those child.,morphology,determiner_noun_agreement,determiner_noun_agreement_irregular_2,True,False,True,True,441,-58.29716110229492,-59.92098617553711,1
A hospital hated this synopsis.,A hospital hated these synopsis.,morphology,determiner_noun_agreement,determiner_noun_agreement_irregular_2,True,False,True,True,442,-50.9235954284668,-54.380653381347656,1
Irene complains about those hypotheses.,Irene complains about that hypotheses.,morphology,determiner_noun_agreement,determiner_noun_agreement_irregular_2,True,False,True,True,443,-51.101097106933594,-51.917633056640625,1
Every association is distracting that alumnus.,Every association is distracting those alumnus.,morphology,determiner_noun_agreement,determiner_noun_agreement_irregular_2,True,False,True,True,444,-57.23330307006836,-58.405399322509766,1
Most waitresses shock those men.,Most waitresses shock that men.,morphology,determiner_noun_agreement,determiner_noun_agreement_irregular_2,True,False,True,True,445,-63.288116455078125,-61.23966979980469,0
Kendra hadn't seen those feet.,Kendra hadn't seen that feet.,morphology,determiner_noun_agreement,determiner_noun_agreement_irregular_2,True,False,True,True,446,-50.318058013916016,-47.370452880859375,0
Lawrence can fire that child.,Lawrence can fire those child.,morphology,determiner_noun_agreement,determiner_noun_agreement_irregular_2,True,False,True,True,447,-53.25779724121094,-53.32980728149414,1
Suzanne talked about these women.,Suzanne talked about this women.,morphology,determiner_noun_agreement,determiner_noun_agreement_irregular_2,True,False,True,True,448,-46.33873748779297,-47.04547119140625,1
That company has astounded that child.,That company has astounded those child.,morphology,determiner_noun_agreement,determiner_noun_agreement_irregular_2,True,False,True,True,449,-59.48391342163086,-60.1326789855957,1
A lot of guys are cleaning this louse.,A lot of guys are cleaning these louse.,morphology,determiner_noun_agreement,determiner_noun_agreement_irregular_2,True,False,True,True,450,-60.49825668334961,-60.18534469604492,0
James drives to these oases.,James drives to this oases.,morphology,determiner_noun_agreement,determiner_noun_agreement_irregular_2,True,False,True,True,451,-52.73915100097656,-51.25640869140625,0
Chad had observed those people.,Chad had observed that people.,morphology,determiner_noun_agreement,determiner_noun_agreement_irregular_2,True,False,True,True,452,-45.71339416503906,-41.94648742675781,0
Matt hasn't exited that oasis.,Matt hasn't exited those oasis.,morphology,determiner_noun_agreement,determiner_noun_agreement_irregular_2,True,False,True,True,453,-50.81596755981445,-50.83021926879883,1
Tracy ran around this oasis.,Tracy ran around these oasis.,morphology,determiner_noun_agreement,determiner_noun_agreement_irregular_2,True,False,True,True,454,-48.236595153808594,-50.847251892089844,1
Sara hasn't helped this child.,Sara hasn't helped these child.,morphology,determiner_noun_agreement,determiner_noun_agreement_irregular_2,True,False,True,True,455,-47.919960021972656,-52.45489501953125,1
All convertibles are scaring these children.,All convertibles are scaring this children.,morphology,determiner_noun_agreement,determiner_noun_agreement_irregular_2,True,False,True,True,456,-56.21709442138672,-58.00469970703125,1
Many movies annoyed that woman.,Many movies annoyed those woman.,morphology,determiner_noun_agreement,determiner_noun_agreement_irregular_2,True,False,True,True,457,-46.89753723144531,-49.019344329833984,1
Most students listen to that child.,Most students listen to those child.,morphology,determiner_noun_agreement,determiner_noun_agreement_irregular_2,True,False,True,True,458,-43.74609375,-42.52953338623047,0
Renee drove to those oases.,Renee drove to that oases.,morphology,determiner_noun_agreement,determiner_noun_agreement_irregular_2,True,False,True,True,459,-62.05354690551758,-63.2113037109375,1
Timothy explores those oases.,Timothy explores that oases.,morphology,determiner_noun_agreement,determiner_noun_agreement_irregular_2,True,False,True,True,460,-56.081092834472656,-55.209564208984375,0
Deborah biked to that oasis.,Deborah biked to those oasis.,morphology,determiner_noun_agreement,determiner_noun_agreement_irregular_2,True,False,True,True,461,-55.90608215332031,-54.673709869384766,0
Those ladies criticize those people.,Those ladies criticize that people.,morphology,determiner_noun_agreement,determiner_noun_agreement_irregular_2,True,False,True,True,462,-42.62470245361328,-42.593048095703125,0
That school could upset that man.,That school could upset those man.,morphology,determiner_noun_agreement,determiner_noun_agreement_irregular_2,True,False,True,True,463,-46.46729278564453,-49.57141876220703,1
Bill could hire these women.,Bill could hire this women.,morphology,determiner_noun_agreement,determiner_noun_agreement_irregular_2,True,False,True,True,464,-48.180599212646484,-50.281036376953125,1
Bradley has worried this man.,Bradley has worried these man.,morphology,determiner_noun_agreement,determiner_noun_agreement_irregular_2,True,False,True,True,465,-44.85158920288086,-49.12654495239258,1
The Borgias discover those axes.,The Borgias discover that axes.,morphology,determiner_noun_agreement,determiner_noun_agreement_irregular_2,True,False,True,True,466,-61.651023864746094,-58.47028350830078,0
Tammy kisses these men.,Tammy kisses this men.,morphology,determiner_noun_agreement,determiner_noun_agreement_irregular_2,True,False,True,True,467,-49.80183029174805,-51.392005920410156,1
Jacqueline would approach these men.,Jacqueline would approach this men.,morphology,determiner_noun_agreement,determiner_noun_agreement_irregular_2,True,False,True,True,468,-51.910308837890625,-53.01939392089844,1
Becky appreciated those men.,Becky appreciated that men.,morphology,determiner_noun_agreement,determiner_noun_agreement_irregular_2,True,False,True,True,469,-45.24519348144531,-45.658416748046875,1
The organization shouldn't reference those men.,The organization shouldn't reference that men.,morphology,determiner_noun_agreement,determiner_noun_agreement_irregular_2,True,False,True,True,470,-51.79164123535156,-51.523460388183594,0
Eva didn't break those feet.,Eva didn't break that feet.,morphology,determiner_noun_agreement,determiner_noun_agreement_irregular_2,True,False,True,True,471,-49.800392150878906,-51.385433197021484,1
Ann brought these geese.,Ann brought this geese.,morphology,determiner_noun_agreement,determiner_noun_agreement_irregular_2,True,False,True,True,472,-43.30439376831055,-41.42694091796875,0
Sara was criticizing those analyses.,Sara was criticizing that analyses.,morphology,determiner_noun_agreement,determiner_noun_agreement_irregular_2,True,False,True,True,473,-53.774635314941406,-54.138702392578125,1
Some unicycles impress those men.,Some unicycles impress that men.,morphology,determiner_noun_agreement,determiner_noun_agreement_irregular_2,True,False,True,True,474,-63.849609375,-66.20121002197266,1
David was listening to this woman.,David was listening to these woman.,morphology,determiner_noun_agreement,determiner_noun_agreement_irregular_2,True,False,True,True,475,-35.36785125732422,-40.45830154418945,1
Kendra did leave those women.,Kendra did leave that women.,morphology,determiner_noun_agreement,determiner_noun_agreement_irregular_2,True,False,True,True,476,-50.82294845581055,-51.610355377197266,1
Melanie cleaned these axes.,Melanie cleaned this axes.,morphology,determiner_noun_agreement,determiner_noun_agreement_irregular_2,True,False,True,True,477,-52.193206787109375,-53.225830078125,1
Mark admired this woman.,Mark admired these woman.,morphology,determiner_noun_agreement,determiner_noun_agreement_irregular_2,True,False,True,True,478,-38.0524787902832,-41.021629333496094,1
Lori runs around this oasis.,Lori runs around these oasis.,morphology,determiner_noun_agreement,determiner_noun_agreement_irregular_2,True,False,True,True,479,-46.97489547729492,-50.23954391479492,1
Donna aggravated those people.,Donna aggravated that people.,morphology,determiner_noun_agreement,determiner_noun_agreement_irregular_2,True,False,True,True,480,-46.48795700073242,-48.69428634643555,1
Most paintings are looking like these fungi.,Most paintings are looking like this fungi.,morphology,determiner_noun_agreement,determiner_noun_agreement_irregular_2,True,False,True,True,481,-48.678062438964844,-50.534488677978516,1
Bill has helped those alumni.,Bill has helped that alumni.,morphology,determiner_noun_agreement,determiner_noun_agreement_irregular_2,True,False,True,True,482,-42.79434585571289,-41.40385055541992,0
Valerie has fled from these men.,Valerie has fled from this men.,morphology,determiner_noun_agreement,determiner_noun_agreement_irregular_2,True,False,True,True,483,-54.906494140625,-56.67218780517578,1
Naomi sounded like this oasis.,Naomi sounded like these oasis.,morphology,determiner_noun_agreement,determiner_noun_agreement_irregular_2,True,False,True,True,484,-50.95551681518555,-52.90176010131836,1
Sally disagrees with those men.,Sally disagrees with that men.,morphology,determiner_noun_agreement,determiner_noun_agreement_irregular_2,True,False,True,True,485,-43.83325958251953,-46.770973205566406,1
Stacy can embarrass that woman.,Stacy can embarrass those woman.,morphology,determiner_noun_agreement,determiner_noun_agreement_irregular_2,True,False,True,True,486,-55.39757537841797,-53.53749084472656,0
Some boy had arrived at these oases.,Some boy had arrived at this oases.,morphology,determiner_noun_agreement,determiner_noun_agreement_irregular_2,True,False,True,True,487,-56.112701416015625,-54.26712417602539,0
The legislatures praise this thesis.,The legislatures praise these thesis.,morphology,determiner_noun_agreement,determiner_noun_agreement_irregular_2,True,False,True,True,488,-46.274227142333984,-52.168460845947266,1
Walter has hired this woman.,Walter has hired these woman.,morphology,determiner_noun_agreement,determiner_noun_agreement_irregular_2,True,False,True,True,489,-42.86326599121094,-47.18130874633789,1
That book disgusts those men.,That book disgusts that men.,morphology,determiner_noun_agreement,determiner_noun_agreement_irregular_2,True,False,True,True,490,-54.41231155395508,-51.35662841796875,0
Joel buys this nucleus.,Joel buys these nucleus.,morphology,determiner_noun_agreement,determiner_noun_agreement_irregular_2,True,False,True,True,491,-46.94169616699219,-47.951942443847656,1
Christine dropped by those oases.,Christine dropped by that oases.,morphology,determiner_noun_agreement,determiner_noun_agreement_irregular_2,True,False,True,True,492,-56.67803955078125,-56.74790954589844,1
Jill messes up those teeth.,Jill messes up that teeth.,morphology,determiner_noun_agreement,determiner_noun_agreement_irregular_2,True,False,True,True,493,-57.62186813354492,-61.09971237182617,1
These students embarrass this child.,These students embarrass these child.,morphology,determiner_noun_agreement,determiner_noun_agreement_irregular_2,True,False,True,True,494,-45.58329391479492,-47.59532165527344,1
Winston Churchill doesn't astound this alumnus.,Winston Churchill doesn't astound these alumnus.,morphology,determiner_noun_agreement,determiner_noun_agreement_irregular_2,True,False,True,True,495,-85.14353942871094,-85.83894348144531,1
Ruth isn't taking those feet.,Ruth isn't taking that feet.,morphology,determiner_noun_agreement,determiner_noun_agreement_irregular_2,True,False,True,True,496,-51.99602127075195,-49.676116943359375,0
Katherine disgusted this alumnus.,Katherine disgusted these alumnus.,morphology,determiner_noun_agreement,determiner_noun_agreement_irregular_2,True,False,True,True,497,-59.70415496826172,-61.97789001464844,1
Guy describes this thesis.,Guy describes these thesis.,morphology,determiner_noun_agreement,determiner_noun_agreement_irregular_2,True,False,True,True,498,-37.690677642822266,-42.93146514892578,1
Rachel broke these feet.,Rachel broke this feet.,morphology,determiner_noun_agreement,determiner_noun_agreement_irregular_2,True,False,True,True,499,-39.878562927246094,-40.17115783691406,1
April might bring this cactus.,April might bring these cactus.,morphology,determiner_noun_agreement,determiner_noun_agreement_irregular_2,True,False,True,True,500,-47.42658233642578,-47.95433044433594,1
Every lady revealed those oxen.,Every lady revealed that oxen.,morphology,determiner_noun_agreement,determiner_noun_agreement_irregular_2,True,False,True,True,501,-59.90810775756836,-54.009498596191406,0
Russell will hate that child.,Russell will hate those child.,morphology,determiner_noun_agreement,determiner_noun_agreement_irregular_2,True,False,True,True,502,-43.945735931396484,-45.80084228515625,1
Jerry didn't notice those fungi.,Jerry didn't notice that fungi.,morphology,determiner_noun_agreement,determiner_noun_agreement_irregular_2,True,False,True,True,503,-50.71586227416992,-48.782379150390625,0
Jill wouldn't hurt those men.,Jill wouldn't hurt that men.,morphology,determiner_noun_agreement,determiner_noun_agreement_irregular_2,True,False,True,True,504,-49.68840026855469,-52.543453216552734,1
Kayla bored these people.,Kayla bored this people.,morphology,determiner_noun_agreement,determiner_noun_agreement_irregular_2,True,False,True,True,505,-46.061187744140625,-45.36935043334961,0
Pamela hadn't loved this woman.,Pamela hadn't loved these woman.,morphology,determiner_noun_agreement,determiner_noun_agreement_irregular_2,True,False,True,True,506,-53.244598388671875,-58.8868293762207,1
Richard isn't biking to that oasis.,Richard isn't biking to those oasis.,morphology,determiner_noun_agreement,determiner_noun_agreement_irregular_2,True,False,True,True,507,-54.53837966918945,-54.2244873046875,0
Homer admires those children.,Homer admires that children.,morphology,determiner_noun_agreement,determiner_noun_agreement_irregular_2,True,False,True,True,508,-52.69306564331055,-50.99245071411133,0
Every organization hurts those men.,Every organization hurts that men.,morphology,determiner_noun_agreement,determiner_noun_agreement_irregular_2,True,False,True,True,509,-42.05541229248047,-42.85260009765625,1
The Clintons hadn't shocked this alumnus.,The Clintons hadn't shocked these alumnus.,morphology,determiner_noun_agreement,determiner_noun_agreement_irregular_2,True,False,True,True,510,-60.76872253417969,-62.57384490966797,1
These skirts do aggravate these men.,These skirts do aggravate this men.,morphology,determiner_noun_agreement,determiner_noun_agreement_irregular_2,True,False,True,True,511,-55.83811950683594,-59.4684944152832,1
These children worries those children.,These children worries that children.,morphology,determiner_noun_agreement,determiner_noun_agreement_irregular_2,True,False,True,True,512,-40.55467224121094,-38.12079620361328,0
That pork shocks that woman.,That pork shocks those woman.,morphology,determiner_noun_agreement,determiner_noun_agreement_irregular_2,True,False,True,True,513,-55.626708984375,-60.466087341308594,1
Alicia wouldn't annoy this man.,Alicia wouldn't annoy these man.,morphology,determiner_noun_agreement,determiner_noun_agreement_irregular_2,True,False,True,True,514,-59.875816345214844,-63.25273513793945,1
Christine wasn't questioning those men.,Christine wasn't questioning that men.,morphology,determiner_noun_agreement,determiner_noun_agreement_irregular_2,True,False,True,True,515,-50.45127868652344,-48.966651916503906,0
Victoria returns to this person.,Victoria returns to these person.,morphology,determiner_noun_agreement,determiner_noun_agreement_irregular_2,True,False,True,True,516,-34.83763885498047,-41.17644119262695,1
This icicle confuses these men.,This icicle confuses this men.,morphology,determiner_noun_agreement,determiner_noun_agreement_irregular_2,True,False,True,True,517,-66.29322814941406,-68.60675048828125,1
Jennifer isn't discussing this child.,Jennifer isn't discussing these child.,morphology,determiner_noun_agreement,determiner_noun_agreement_irregular_2,True,False,True,True,518,-45.076141357421875,-49.218955993652344,1
Noah skates around these oases.,Noah skates around this oases.,morphology,determiner_noun_agreement,determiner_noun_agreement_irregular_2,True,False,True,True,519,-63.76521301269531,-62.00797653198242,0
Amy kissed this child.,Amy kissed these child.,morphology,determiner_noun_agreement,determiner_noun_agreement_irregular_2,True,False,True,True,520,-33.91492462158203,-36.7838134765625,1
Andrew insults this oasis.,Andrew insults these oasis.,morphology,determiner_noun_agreement,determiner_noun_agreement_irregular_2,True,False,True,True,521,-44.86351776123047,-47.37848663330078,1
Cheryl was finding this axis.,Cheryl was finding these axis.,morphology,determiner_noun_agreement,determiner_noun_agreement_irregular_2,True,False,True,True,522,-53.37643814086914,-55.091224670410156,1
The Clintons escape from these children.,The Clintons escape from this children.,morphology,determiner_noun_agreement,determiner_noun_agreement_irregular_2,True,False,True,True,523,-44.53520202636719,-44.7330436706543,1
Laurie talks to that woman.,Laurie talks to those woman.,morphology,determiner_noun_agreement,determiner_noun_agreement_irregular_2,True,False,True,True,524,-51.082096099853516,-50.668128967285156,0
Irene hired that man.,Irene hired those man.,morphology,determiner_noun_agreement,determiner_noun_agreement_irregular_2,True,False,True,True,525,-44.18202209472656,-44.506629943847656,1
All drivers have found these people.,All drivers have found this people.,morphology,determiner_noun_agreement,determiner_noun_agreement_irregular_2,True,False,True,True,526,-35.32173538208008,-37.285579681396484,1
The actresses boycott these oases.,The actresses boycott this oases.,morphology,determiner_noun_agreement,determiner_noun_agreement_irregular_2,True,False,True,True,527,-60.76481628417969,-60.717376708984375,0
Theresa was criticizing this woman.,Theresa was criticizing these woman.,morphology,determiner_noun_agreement,determiner_noun_agreement_irregular_2,True,False,True,True,528,-47.274986267089844,-51.4661750793457,1
Douglas can't argue about that thesis.,Douglas can't argue about those thesis.,morphology,determiner_noun_agreement,determiner_noun_agreement_irregular_2,True,False,True,True,529,-63.7192497253418,-65.4549331665039,1
Many plates bother this person.,Many plates bother these person.,morphology,determiner_noun_agreement,determiner_noun_agreement_irregular_2,True,False,True,True,530,-43.30266571044922,-47.20606994628906,1
Melanie has passed that oasis.,Melanie has passed those oasis.,morphology,determiner_noun_agreement,determiner_noun_agreement_irregular_2,True,False,True,True,531,-49.55408477783203,-51.163352966308594,1
Art did stun that man.,Art did stun those man.,morphology,determiner_noun_agreement,determiner_noun_agreement_irregular_2,True,False,True,True,532,-48.91920471191406,-49.63787078857422,1
Bethany will pass this oasis.,Bethany will pass these oasis.,morphology,determiner_noun_agreement,determiner_noun_agreement_irregular_2,True,False,True,True,533,-57.01708221435547,-60.16631317138672,1
All people think about those synopses.,All people think about that synopses.,morphology,determiner_noun_agreement,determiner_noun_agreement_irregular_2,True,False,True,True,534,-51.810630798339844,-53.43562698364258,1
Tonya should visit that woman.,Tonya should visit those woman.,morphology,determiner_noun_agreement,determiner_noun_agreement_irregular_2,True,False,True,True,535,-47.8238525390625,-49.40755081176758,1
Guys tour these oases.,Guys tour this oases.,morphology,determiner_noun_agreement,determiner_noun_agreement_irregular_2,True,False,True,True,536,-49.67333984375,-50.83308792114258,1
Many waitresses argue about those synopses.,Many waitresses argue about that synopses.,morphology,determiner_noun_agreement,determiner_noun_agreement_irregular_2,True,False,True,True,537,-80.19461059570312,-80.83657836914062,1
Wendy hasn't concealed that woman.,Wendy hasn't concealed those woman.,morphology,determiner_noun_agreement,determiner_noun_agreement_irregular_2,True,False,True,True,538,-58.9541015625,-60.07659149169922,1
Some face bores those people.,Some face bores that people.,morphology,determiner_noun_agreement,determiner_noun_agreement_irregular_2,True,False,True,True,539,-50.165584564208984,-47.37894058227539,0
Catherine won't run around this oasis.,Catherine won't run around these oasis.,morphology,determiner_noun_agreement,determiner_noun_agreement_irregular_2,True,False,True,True,540,-57.158233642578125,-59.86808776855469,1
Alan hadn't revealed that mouse.,Alan hadn't revealed those mouse.,morphology,determiner_noun_agreement,determiner_noun_agreement_irregular_2,True,False,True,True,541,-45.058292388916016,-52.48941421508789,1
A person is cleaning those oxen.,A person is cleaning that oxen.,morphology,determiner_noun_agreement,determiner_noun_agreement_irregular_2,True,False,True,True,542,-60.61854553222656,-58.35971450805664,0
Clyde bored that person.,Clyde bored those person.,morphology,determiner_noun_agreement,determiner_noun_agreement_irregular_2,True,False,True,True,543,-51.853485107421875,-53.49531555175781,1
This mirror shouldn't embarrass those men.,This mirror shouldn't embarrass that men.,morphology,determiner_noun_agreement,determiner_noun_agreement_irregular_2,True,False,True,True,544,-53.23606872558594,-54.562461853027344,1
Tammy discovers this cactus.,Tammy discovers these cactus.,morphology,determiner_noun_agreement,determiner_noun_agreement_irregular_2,True,False,True,True,545,-52.86311721801758,-53.51308822631836,1
The Impressionists conceal those feet.,The Impressionists conceal that feet.,morphology,determiner_noun_agreement,determiner_noun_agreement_irregular_2,True,False,True,True,546,-56.96642303466797,-58.07996368408203,1
Most guys couldn't pass these oases.,Most guys couldn't pass this oases.,morphology,determiner_noun_agreement,determiner_noun_agreement_irregular_2,True,False,True,True,547,-56.67481231689453,-56.70799255371094,1
The Borgias work with these people.,The Borgias work with this people.,morphology,determiner_noun_agreement,determiner_noun_agreement_irregular_2,True,False,True,True,548,-50.028953552246094,-51.17752456665039,1
That grocery store wasn't alarming that person.,That grocery store wasn't alarming those person.,morphology,determiner_noun_agreement,determiner_noun_agreement_irregular_2,True,False,True,True,549,-53.00816345214844,-61.051422119140625,1
This waitress wasn't biking to these oases.,This waitress wasn't biking to this oases.,morphology,determiner_noun_agreement,determiner_noun_agreement_irregular_2,True,False,True,True,550,-66.41127014160156,-65.942138671875,0
The Lutherans fix that foot.,The Lutherans fix those foot.,morphology,determiner_noun_agreement,determiner_noun_agreement_irregular_2,True,False,True,True,551,-62.32008743286133,-63.9547004699707,1
Bradley had known that woman.,Bradley had known those woman.,morphology,determiner_noun_agreement,determiner_noun_agreement_irregular_2,True,False,True,True,552,-47.01917266845703,-50.802978515625,1
Some women discover this goose.,Some women discover these goose.,morphology,determiner_noun_agreement,determiner_noun_agreement_irregular_2,True,False,True,True,553,-46.01537322998047,-47.06772232055664,1
Pedestrians listen to those women.,Pedestrians listen to that women.,morphology,determiner_noun_agreement,determiner_noun_agreement_irregular_2,True,False,True,True,554,-51.74799728393555,-52.67591094970703,1
Melissa hid these octopi.,Melissa hid this octopi.,morphology,determiner_noun_agreement,determiner_noun_agreement_irregular_2,True,False,True,True,555,-58.26189422607422,-56.690696716308594,0
Rose biked to these oases.,Rose biked to this oases.,morphology,determiner_noun_agreement,determiner_noun_agreement_irregular_2,True,False,True,True,556,-56.495269775390625,-54.67597198486328,0
Kevin has watched that person.,Kevin has watched those person.,morphology,determiner_noun_agreement,determiner_noun_agreement_irregular_2,True,False,True,True,557,-39.061729431152344,-43.25056838989258,1
Some high school isn't confusing those men.,Some high school isn't confusing that men.,morphology,determiner_noun_agreement,determiner_noun_agreement_irregular_2,True,False,True,True,558,-55.370853424072266,-54.73130798339844,0
Many schools praise that woman.,Many schools praise those woman.,morphology,determiner_noun_agreement,determiner_noun_agreement_irregular_2,True,False,True,True,559,-43.90387725830078,-44.498809814453125,1
The chair disgusts these women.,The chair disgusts this women.,morphology,determiner_noun_agreement,determiner_noun_agreement_irregular_2,True,False,True,True,560,-51.379486083984375,-52.27363586425781,1
Curtis might know this man.,Curtis might know these man.,morphology,determiner_noun_agreement,determiner_noun_agreement_irregular_2,True,False,True,True,561,-50.72992706298828,-55.29616928100586,1
That committee couldn't aggravate this person.,That committee couldn't aggravate these person.,morphology,determiner_noun_agreement,determiner_noun_agreement_irregular_2,True,False,True,True,562,-54.82728958129883,-60.07417297363281,1
Gerald does boast about these ellipses.,Gerald does boast about this ellipses.,morphology,determiner_noun_agreement,determiner_noun_agreement_irregular_2,True,False,True,True,563,-65.10697937011719,-64.12422180175781,0
Patrick conceals those oases.,Patrick conceals that oases.,morphology,determiner_noun_agreement,determiner_noun_agreement_irregular_2,True,False,True,True,564,-59.4681510925293,-57.85880661010742,0
Men will aggravate these men.,Men will aggravate this men.,morphology,determiner_noun_agreement,determiner_noun_agreement_irregular_2,True,False,True,True,565,-43.28138732910156,-46.091758728027344,1
Florence watched this child.,Florence watched these child.,morphology,determiner_noun_agreement,determiner_noun_agreement_irregular_2,True,False,True,True,566,-55.17885208129883,-58.775943756103516,1
Most doctors find these theses.,Most doctors find this theses.,morphology,determiner_noun_agreement,determiner_noun_agreement_irregular_2,True,False,True,True,567,-45.77876281738281,-43.55284881591797,0
Elizabeth can't describe these people.,Elizabeth can't describe this people.,morphology,determiner_noun_agreement,determiner_noun_agreement_irregular_2,True,False,True,True,568,-41.427608489990234,-43.35594940185547,1
The public park annoys this child.,The public park annoys these child.,morphology,determiner_noun_agreement,determiner_noun_agreement_irregular_2,True,False,True,True,569,-53.383323669433594,-57.33409881591797,1
Kristin examined that thesis.,Kristin examined those thesis.,morphology,determiner_noun_agreement,determiner_noun_agreement_irregular_2,True,False,True,True,570,-50.69346618652344,-53.6542854309082,1
Rachel can shock these men.,Rachel can shock this men.,morphology,determiner_noun_agreement,determiner_noun_agreement_irregular_2,True,False,True,True,571,-48.05840301513672,-50.265968322753906,1
These dancers upset these children.,These dancers upset this children.,morphology,determiner_noun_agreement,determiner_noun_agreement_irregular_2,True,False,True,True,572,-48.29423904418945,-49.746482849121094,1
The books are disagreeing with this person.,The books are disagreeing with these person.,morphology,determiner_noun_agreement,determiner_noun_agreement_irregular_2,True,False,True,True,573,-47.5070686340332,-52.66183090209961,1
Rose can't impress that man.,Rose can't impress those man.,morphology,determiner_noun_agreement,determiner_noun_agreement_irregular_2,True,False,True,True,574,-48.69548034667969,-51.217037200927734,1
Cindy was running around these oases.,Cindy was running around this oases.,morphology,determiner_noun_agreement,determiner_noun_agreement_irregular_2,True,False,True,True,575,-63.88505172729492,-63.397438049316406,0
All patients were questioning these children.,All patients were questioning this children.,morphology,determiner_noun_agreement,determiner_noun_agreement_irregular_2,True,False,True,True,576,-42.34893035888672,-45.327293395996094,1
All adults go to those oases.,All adults go to that oases.,morphology,determiner_noun_agreement,determiner_noun_agreement_irregular_2,True,False,True,True,577,-48.87291717529297,-50.906578063964844,1
Many drawings wouldn't look like this woman.,Many drawings wouldn't look like these woman.,morphology,determiner_noun_agreement,determiner_noun_agreement_irregular_2,True,False,True,True,578,-47.86195373535156,-51.90839385986328,1
Every lady drops by these oases.,Every lady drops by this oases.,morphology,determiner_noun_agreement,determiner_noun_agreement_irregular_2,True,False,True,True,579,-58.88534164428711,-58.01886749267578,0
Cindy could praise these men.,Cindy could praise this men.,morphology,determiner_noun_agreement,determiner_noun_agreement_irregular_2,True,False,True,True,580,-57.38459014892578,-58.38732147216797,1
Most wheelbarrows bother this woman.,Most wheelbarrows bother these woman.,morphology,determiner_noun_agreement,determiner_noun_agreement_irregular_2,True,False,True,True,581,-62.67462921142578,-67.03553009033203,1
Jill talks about this thesis.,Jill talks about these thesis.,morphology,determiner_noun_agreement,determiner_noun_agreement_irregular_2,True,False,True,True,582,-42.4057731628418,-48.24689865112305,1
Bethany was fixing that tooth.,Bethany was fixing those tooth.,morphology,determiner_noun_agreement,determiner_noun_agreement_irregular_2,True,False,True,True,583,-57.6374397277832,-58.52461242675781,1
Scott appreciates this basis.,Scott appreciates these basis.,morphology,determiner_noun_agreement,determiner_noun_agreement_irregular_2,True,False,True,True,584,-37.09925079345703,-42.376522064208984,1
Rhonda can admire this fungus.,Rhonda can admire these fungus.,morphology,determiner_noun_agreement,determiner_noun_agreement_irregular_2,True,False,True,True,585,-57.26412582397461,-59.65260314941406,1
Ellen had broken this tooth.,Ellen had broken these tooth.,morphology,determiner_noun_agreement,determiner_noun_agreement_irregular_2,True,False,True,True,586,-50.094093322753906,-52.12018966674805,1
Linda hasn't run around that oasis.,Linda hasn't run around those oasis.,morphology,determiner_noun_agreement,determiner_noun_agreement_irregular_2,True,False,True,True,587,-58.430477142333984,-61.13449478149414,1
Some guests conceal those alumni.,Some guests conceal that alumni.,morphology,determiner_noun_agreement,determiner_noun_agreement_irregular_2,True,False,True,True,588,-49.36410903930664,-48.94416809082031,0
Todd was questioning that woman.,Todd was questioning those woman.,morphology,determiner_noun_agreement,determiner_noun_agreement_irregular_2,True,False,True,True,589,-39.54179763793945,-44.20777130126953,1
The vases bother that child.,The vases bother those child.,morphology,determiner_noun_agreement,determiner_noun_agreement_irregular_2,True,False,True,True,590,-51.32884216308594,-51.243900299072266,0
Tanya wasn't watching those women.,Tanya wasn't watching that women.,morphology,determiner_noun_agreement,determiner_noun_agreement_irregular_2,True,False,True,True,591,-48.20233154296875,-49.05341339111328,1
Melanie scans that analysis.,Melanie scans those analysis.,morphology,determiner_noun_agreement,determiner_noun_agreement_irregular_2,True,False,True,True,592,-50.11713409423828,-54.78388214111328,1
Most girls drive to those oases.,Most girls drive to that oases.,morphology,determiner_noun_agreement,determiner_noun_agreement_irregular_2,True,False,True,True,593,-54.34760284423828,-56.225162506103516,1
Some essays shock those people.,Some essays shock that people.,morphology,determiner_noun_agreement,determiner_noun_agreement_irregular_2,True,False,True,True,594,-46.072235107421875,-43.32868957519531,0
That waitress insults this alumnus.,That waitress insults these alumnus.,morphology,determiner_noun_agreement,determiner_noun_agreement_irregular_2,True,False,True,True,595,-60.4919319152832,-59.884464263916016,0
The museum had that ox.,The museum had those ox.,morphology,determiner_noun_agreement,determiner_noun_agreement_irregular_2,True,False,True,True,596,-46.67401123046875,-48.53135299682617,1
That horse upsets those men.,That horse upsets that men.,morphology,determiner_noun_agreement,determiner_noun_agreement_irregular_2,True,False,True,True,597,-51.74818801879883,-50.086692810058594,0
Jodi approaches those children.,Jodi approaches that children.,morphology,determiner_noun_agreement,determiner_noun_agreement_irregular_2,True,False,True,True,598,-50.96929168701172,-44.809608459472656,0
Pamela liked that oasis.,Pamela liked those oasis.,morphology,determiner_noun_agreement,determiner_noun_agreement_irregular_2,True,False,True,True,599,-54.56425476074219,-57.28703308105469,1
Those steps embarrass that man.,Those steps embarrass those man.,morphology,determiner_noun_agreement,determiner_noun_agreement_irregular_2,True,False,True,True,600,-50.510589599609375,-52.21421432495117,1
Jill is investigating that child.,Jill is investigating those child.,morphology,determiner_noun_agreement,determiner_noun_agreement_irregular_2,True,False,True,True,601,-47.443580627441406,-50.02661895751953,1
Allison hasn't approached these women.,Allison hasn't approached this women.,morphology,determiner_noun_agreement,determiner_noun_agreement_irregular_2,True,False,True,True,602,-53.4796028137207,-54.44580841064453,1
A lot of men concealed those nuclei.,A lot of men concealed that nuclei.,morphology,determiner_noun_agreement,determiner_noun_agreement_irregular_2,True,False,True,True,603,-61.93592834472656,-61.902061462402344,0
Tara forgets that woman.,Tara forgets those woman.,morphology,determiner_noun_agreement,determiner_noun_agreement_irregular_2,True,False,True,True,604,-48.3551025390625,-52.72682189941406,1
Naomi leaves those men.,Naomi leaves that men.,morphology,determiner_noun_agreement,determiner_noun_agreement_irregular_2,True,False,True,True,605,-47.85984802246094,-47.08096694946289,0
The guests sound like those analyses.,The guests sound like that analyses.,morphology,determiner_noun_agreement,determiner_noun_agreement_irregular_2,True,False,True,True,606,-49.86317443847656,-50.345001220703125,1
Lisa didn't irritate this woman.,Lisa didn't irritate these woman.,morphology,determiner_noun_agreement,determiner_noun_agreement_irregular_2,True,False,True,True,607,-44.8680534362793,-50.150413513183594,1
Anna hasn't respected those men.,Anna hasn't respected that men.,morphology,determiner_noun_agreement,determiner_noun_agreement_irregular_2,True,False,True,True,608,-48.48529815673828,-49.096500396728516,1
Every glove disturbs that child.,Every glove disturbs those child.,morphology,determiner_noun_agreement,determiner_noun_agreement_irregular_2,True,False,True,True,609,-58.64931106567383,-60.85619354248047,1
A lot of senators visit those men.,A lot of senators visit that men.,morphology,determiner_noun_agreement,determiner_noun_agreement_irregular_2,True,False,True,True,610,-54.838584899902344,-54.13832092285156,0
Carl has fixed those teeth.,Carl has fixed that teeth.,morphology,determiner_noun_agreement,determiner_noun_agreement_irregular_2,True,False,True,True,611,-48.30523681640625,-49.12317657470703,1
Many children arrive at those oases.,Many children arrive at that oases.,morphology,determiner_noun_agreement,determiner_noun_agreement_irregular_2,True,False,True,True,612,-52.81075668334961,-52.3586311340332,0
Rachel sells that nucleus.,Rachel sells those nucleus.,morphology,determiner_noun_agreement,determiner_noun_agreement_irregular_2,True,False,True,True,613,-45.57436752319336,-45.76924133300781,1
All dancers drop by these oases.,All dancers drop by this oases.,morphology,determiner_noun_agreement,determiner_noun_agreement_irregular_2,True,False,True,True,614,-57.91168212890625,-58.033870697021484,1
Jennifer was biking to those oases.,Jennifer was biking to that oases.,morphology,determiner_noun_agreement,determiner_noun_agreement_irregular_2,True,False,True,True,615,-56.83698654174805,-59.5568733215332,1
John wouldn't complain about those women.,John wouldn't complain about that women.,morphology,determiner_noun_agreement,determiner_noun_agreement_irregular_2,True,False,True,True,616,-47.64847946166992,-45.76919174194336,0
The boy had passed those oases.,The boy had passed that oases.,morphology,determiner_noun_agreement,determiner_noun_agreement_irregular_2,True,False,True,True,617,-55.677833557128906,-52.50818634033203,0
Danielle sold those oases.,Danielle sold that oases.,morphology,determiner_noun_agreement,determiner_noun_agreement_irregular_2,True,False,True,True,618,-55.219154357910156,-54.20507049560547,0
Eric disliked these children.,Eric disliked this children.,morphology,determiner_noun_agreement,determiner_noun_agreement_irregular_2,True,False,True,True,619,-42.51475524902344,-41.62391662597656,0
Becky has argued about these alumni.,Becky has argued about this alumni.,morphology,determiner_noun_agreement,determiner_noun_agreement_irregular_2,True,False,True,True,620,-54.97767639160156,-51.75834655761719,0
Cheryl isn't stunning those people.,Cheryl isn't stunning that people.,morphology,determiner_noun_agreement,determiner_noun_agreement_irregular_2,True,False,True,True,621,-60.88393783569336,-57.750587463378906,0
Irene lifts those cacti.,Irene lifts that cacti.,morphology,determiner_noun_agreement,determiner_noun_agreement_irregular_2,True,False,True,True,622,-57.82637023925781,-58.293556213378906,1
Andrea had noticed those feet.,Andrea had noticed that feet.,morphology,determiner_noun_agreement,determiner_noun_agreement_irregular_2,True,False,True,True,623,-45.13841247558594,-40.74960708618164,0
Emily wasn't examining those analyses.,Emily wasn't examining that analyses.,morphology,determiner_noun_agreement,determiner_noun_agreement_irregular_2,True,False,True,True,624,-53.991737365722656,-55.10343933105469,1
Rachelle had respected that man.,Rachelle had respected those man.,morphology,determiner_noun_agreement,determiner_noun_agreement_irregular_2,True,False,True,True,625,-53.985633850097656,-55.813987731933594,1
That unicycle hadn't annoyed this child.,That unicycle hadn't annoyed these child.,morphology,determiner_noun_agreement,determiner_noun_agreement_irregular_2,True,False,True,True,626,-67.25696563720703,-71.39012145996094,1
Laura is fixing this foot.,Laura is fixing these foot.,morphology,determiner_noun_agreement,determiner_noun_agreement_irregular_2,True,False,True,True,627,-43.463623046875,-45.866485595703125,1
Kayla researched these oases.,Kayla researched this oases.,morphology,determiner_noun_agreement,determiner_noun_agreement_irregular_2,True,False,True,True,628,-54.822593688964844,-54.83644104003906,1
Jane has watched that woman.,Jane has watched those woman.,morphology,determiner_noun_agreement,determiner_noun_agreement_irregular_2,True,False,True,True,629,-42.86213684082031,-47.26177215576172,1
The schools boast about that man.,The schools boast about those man.,morphology,determiner_noun_agreement,determiner_noun_agreement_irregular_2,True,False,True,True,630,-46.40193176269531,-47.995079040527344,1
Joseph examined this synopsis.,Joseph examined these synopsis.,morphology,determiner_noun_agreement,determiner_noun_agreement_irregular_2,True,False,True,True,631,-38.20280456542969,-43.28881072998047,1
Elizabeth talks about these men.,Elizabeth talks about this men.,morphology,determiner_noun_agreement,determiner_noun_agreement_irregular_2,True,False,True,True,632,-38.83430480957031,-40.185951232910156,1
Randolf hadn't cared for these people.,Randolf hadn't cared for this people.,morphology,determiner_noun_agreement,determiner_noun_agreement_irregular_2,True,False,True,True,633,-56.45764923095703,-57.505210876464844,1
Susan might question these men.,Susan might question this men.,morphology,determiner_noun_agreement,determiner_noun_agreement_irregular_2,True,False,True,True,634,-49.27956008911133,-50.43104553222656,1
Edward isn't boring these alumni.,Edward isn't boring this alumni.,morphology,determiner_noun_agreement,determiner_noun_agreement_irregular_2,True,False,True,True,635,-51.80347442626953,-49.22303009033203,0
This doctor had hired that child.,This doctor had hired those child.,morphology,determiner_noun_agreement,determiner_noun_agreement_irregular_2,True,False,True,True,636,-45.47465515136719,-46.82986831665039,1
Mitchell had argued about that synthesis.,Mitchell had argued about those synthesis.,morphology,determiner_noun_agreement,determiner_noun_agreement_irregular_2,True,False,True,True,637,-62.86192321777344,-66.73977661132812,1
Keith can scare these women.,Keith can scare this women.,morphology,determiner_noun_agreement,determiner_noun_agreement_irregular_2,True,False,True,True,638,-48.90501022338867,-50.75736999511719,1
Some hills have confused those children.,Some hills have confused that children.,morphology,determiner_noun_agreement,determiner_noun_agreement_irregular_2,True,False,True,True,639,-53.83778762817383,-51.36067199707031,0
Frank returned to this man.,Frank returned to these man.,morphology,determiner_noun_agreement,determiner_noun_agreement_irregular_2,True,False,True,True,640,-32.879276275634766,-38.621395111083984,1
Donna has arrived at that oasis.,Donna has arrived at those oasis.,morphology,determiner_noun_agreement,determiner_noun_agreement_irregular_2,True,False,True,True,641,-48.16117858886719,-48.90279769897461,1
Brenda hadn't impressed this alumnus.,Brenda hadn't impressed these alumnus.,morphology,determiner_noun_agreement,determiner_noun_agreement_irregular_2,True,False,True,True,642,-58.422325134277344,-59.34849166870117,1
Most cashiers return to this child.,Most cashiers return to these child.,morphology,determiner_noun_agreement,determiner_noun_agreement_irregular_2,True,False,True,True,643,-51.240516662597656,-56.60814666748047,1
Most women bother that child.,Most women bother those child.,morphology,determiner_noun_agreement,determiner_noun_agreement_irregular_2,True,False,True,True,644,-45.23754119873047,-44.327720642089844,0
These guys are researching those synopses.,These guys are researching that synopses.,morphology,determiner_noun_agreement,determiner_noun_agreement_irregular_2,True,False,True,True,645,-54.74324035644531,-56.7401008605957,1
Donna visits this alumnus.,Donna visits these alumnus.,morphology,determiner_noun_agreement,determiner_noun_agreement_irregular_2,True,False,True,True,646,-49.94966506958008,-50.79107666015625,1
A guy wasn't skated around those oases.,A guy wasn't skated around that oases.,morphology,determiner_noun_agreement,determiner_noun_agreement_irregular_2,True,False,True,True,647,-71.8428955078125,-71.22224426269531,0
The legislature shouldn't listen to those people.,The legislature shouldn't listen to that people.,morphology,determiner_noun_agreement,determiner_noun_agreement_irregular_2,True,False,True,True,648,-46.500980377197266,-48.28368377685547,1
Most waitresses hurts these men.,Most waitresses hurts this men.,morphology,determiner_noun_agreement,determiner_noun_agreement_irregular_2,True,False,True,True,649,-60.808433532714844,-61.89178466796875,1
Sally knew these men.,Sally knew this men.,morphology,determiner_noun_agreement,determiner_noun_agreement_irregular_2,True,False,True,True,650,-40.227622985839844,-40.594268798828125,1
Travis couldn't watch those people.,Travis couldn't watch that people.,morphology,determiner_noun_agreement,determiner_noun_agreement_irregular_2,True,False,True,True,651,-47.495277404785156,-46.273406982421875,0
Martha hasn't researched these oases.,Martha hasn't researched this oases.,morphology,determiner_noun_agreement,determiner_noun_agreement_irregular_2,True,False,True,True,652,-62.93946075439453,-61.690025329589844,0
Suzanne was alarming these women.,Suzanne was alarming this women.,morphology,determiner_noun_agreement,determiner_noun_agreement_irregular_2,True,False,True,True,653,-58.147422790527344,-58.603614807128906,1
All museums respect those people.,All museums respect that people.,morphology,determiner_noun_agreement,determiner_noun_agreement_irregular_2,True,False,True,True,654,-43.93252944946289,-43.14781951904297,0
Colleen wasn't returning to this woman.,Colleen wasn't returning to these woman.,morphology,determiner_noun_agreement,determiner_noun_agreement_irregular_2,True,False,True,True,655,-56.153324127197266,-60.97382354736328,1
A photograph looks like these geese.,A photograph looks like this geese.,morphology,determiner_noun_agreement,determiner_noun_agreement_irregular_2,True,False,True,True,656,-49.79916000366211,-48.88895034790039,0
Douglas hadn't fired these men.,Douglas hadn't fired this men.,morphology,determiner_noun_agreement,determiner_noun_agreement_irregular_2,True,False,True,True,657,-58.43572998046875,-59.01301956176758,1
Donald drops by this oasis.,Donald drops by these oasis.,morphology,determiner_noun_agreement,determiner_noun_agreement_irregular_2,True,False,True,True,658,-45.873573303222656,-47.99114990234375,1
Keith can remember this child.,Keith can remember these child.,morphology,determiner_noun_agreement,determiner_noun_agreement_irregular_2,True,False,True,True,659,-40.747947692871094,-43.732547760009766,1
Most gates bore that woman.,Most gates bore those woman.,morphology,determiner_noun_agreement,determiner_noun_agreement_irregular_2,True,False,True,True,660,-48.341915130615234,-50.584983825683594,1
Carl attacks this man.,Carl attacks these man.,morphology,determiner_noun_agreement,determiner_noun_agreement_irregular_2,True,False,True,True,661,-39.157772064208984,-43.68739318847656,1
Sally hasn't thought about those fungi.,Sally hasn't thought about that fungi.,morphology,determiner_noun_agreement,determiner_noun_agreement_irregular_2,True,False,True,True,662,-55.980411529541016,-54.95933532714844,0
Patricia hasn't fixed these teeth.,Patricia hasn't fixed this teeth.,morphology,determiner_noun_agreement,determiner_noun_agreement_irregular_2,True,False,True,True,663,-48.47865676879883,-48.525787353515625,1
Jane would explore those oases.,Jane would explore that oases.,morphology,determiner_noun_agreement,determiner_noun_agreement_irregular_2,True,False,True,True,664,-57.5,-55.088436126708984,0
A lot of cashiers boast about that man.,A lot of cashiers boast about those man.,morphology,determiner_noun_agreement,determiner_noun_agreement_irregular_2,True,False,True,True,665,-60.84334182739258,-62.026466369628906,1
A lot of people haven't loved that man.,A lot of people haven't loved those man.,morphology,determiner_noun_agreement,determiner_noun_agreement_irregular_2,True,False,True,True,666,-45.88850021362305,-49.612831115722656,1
Tiffany couldn't love that analysis.,Tiffany couldn't love those analysis.,morphology,determiner_noun_agreement,determiner_noun_agreement_irregular_2,True,False,True,True,667,-53.20306396484375,-56.655548095703125,1
The guys reveal this goose.,The guys reveal these goose.,morphology,determiner_noun_agreement,determiner_noun_agreement_irregular_2,True,False,True,True,668,-45.37615203857422,-47.717918395996094,1
Becca heals those people.,Becca heals that people.,morphology,determiner_noun_agreement,determiner_noun_agreement_irregular_2,True,False,True,True,669,-43.78863525390625,-42.99266052246094,0
A lot of waiters attack this woman.,A lot of waiters attack these woman.,morphology,determiner_noun_agreement,determiner_noun_agreement_irregular_2,True,False,True,True,670,-55.737693786621094,-58.45626449584961,1
Carol is hiding this thesis.,Carol is hiding these thesis.,morphology,determiner_noun_agreement,determiner_noun_agreement_irregular_2,True,False,True,True,671,-50.62633514404297,-56.976417541503906,1
Benjamin won't distract this child.,Benjamin won't distract these child.,morphology,determiner_noun_agreement,determiner_noun_agreement_irregular_2,True,False,True,True,672,-53.58562469482422,-56.555381774902344,1
Marie boasted about these men.,Marie boasted about this men.,morphology,determiner_noun_agreement,determiner_noun_agreement_irregular_2,True,False,True,True,673,-44.453575134277344,-45.016815185546875,1
Michelle investigates that alumnus.,Michelle investigates those alumnus.,morphology,determiner_noun_agreement,determiner_noun_agreement_irregular_2,True,False,True,True,674,-47.45027160644531,-49.88764572143555,1
Brian hadn't watched those men.,Brian hadn't watched that men.,morphology,determiner_noun_agreement,determiner_noun_agreement_irregular_2,True,False,True,True,675,-46.874717712402344,-45.84022521972656,0
High schools stun these men.,High schools stun this men.,morphology,determiner_noun_agreement,determiner_noun_agreement_irregular_2,True,False,True,True,676,-49.984649658203125,-53.50819778442383,1
Edward praises this man.,Edward praises these man.,morphology,determiner_noun_agreement,determiner_noun_agreement_irregular_2,True,False,True,True,677,-38.45793151855469,-41.495880126953125,1
The men hide these mice.,The men hide this mice.,morphology,determiner_noun_agreement,determiner_noun_agreement_irregular_2,True,False,True,True,678,-40.2459602355957,-41.22357940673828,1
Amelia buys that mouse.,Amelia buys those mouse.,morphology,determiner_noun_agreement,determiner_noun_agreement_irregular_2,True,False,True,True,679,-46.729373931884766,-51.38666534423828,1
Some drawings look like these octopi.,Some drawings look like this octopi.,morphology,determiner_noun_agreement,determiner_noun_agreement_irregular_2,True,False,True,True,680,-54.06062316894531,-54.761871337890625,1
The Impressionists annoy these alumni.,The Impressionists annoy this alumni.,morphology,determiner_noun_agreement,determiner_noun_agreement_irregular_2,True,False,True,True,681,-57.09535217285156,-58.091888427734375,1
Kristin doesn't remember this man.,Kristin doesn't remember these man.,morphology,determiner_noun_agreement,determiner_noun_agreement_irregular_2,True,False,True,True,682,-43.95575714111328,-49.02168655395508,1
A lot of patients return to that woman.,A lot of patients return to those woman.,morphology,determiner_noun_agreement,determiner_noun_agreement_irregular_2,True,False,True,True,683,-49.01166915893555,-50.17784881591797,1
Curtis bikes to those oases.,Curtis bikes to that oases.,morphology,determiner_noun_agreement,determiner_noun_agreement_irregular_2,True,False,True,True,684,-67.35690307617188,-69.08386993408203,1
Curtis complains about this crisis.,Curtis complains about these crisis.,morphology,determiner_noun_agreement,determiner_noun_agreement_irregular_2,True,False,True,True,685,-50.78630065917969,-55.58406066894531,1
Guys reference that alumnus.,Guys reference those alumnus.,morphology,determiner_noun_agreement,determiner_noun_agreement_irregular_2,True,False,True,True,686,-50.495574951171875,-54.948360443115234,1
Martha had dropped by this oasis.,Martha had dropped by these oasis.,morphology,determiner_noun_agreement,determiner_noun_agreement_irregular_2,True,False,True,True,687,-57.23664474487305,-59.16957092285156,1
Tonya listened to this alumnus.,Tonya listened to these alumnus.,morphology,determiner_noun_agreement,determiner_noun_agreement_irregular_2,True,False,True,True,688,-49.5048828125,-51.009521484375,1
Clyde appreciated that synopsis.,Clyde appreciated those synopsis.,morphology,determiner_noun_agreement,determiner_noun_agreement_irregular_2,True,False,True,True,689,-54.847259521484375,-54.323055267333984,0
The legislature listened to these women.,The legislature listened to this women.,morphology,determiner_noun_agreement,determiner_noun_agreement_irregular_2,True,False,True,True,690,-43.14926528930664,-45.40562438964844,1
These books impressed those men.,These books impressed that men.,morphology,determiner_noun_agreement,determiner_noun_agreement_irregular_2,True,False,True,True,691,-46.83123016357422,-43.78327941894531,0
These women praise that man.,These women praise those man.,morphology,determiner_noun_agreement,determiner_noun_agreement_irregular_2,True,False,True,True,692,-39.21730041503906,-42.99895477294922,1
Some guests go to these oases.,Some guests go to this oases.,morphology,determiner_noun_agreement,determiner_noun_agreement_irregular_2,True,False,True,True,693,-46.57579040527344,-45.683265686035156,0
Those associations bother that child.,Those associations bother those child.,morphology,determiner_noun_agreement,determiner_noun_agreement_irregular_2,True,False,True,True,694,-51.28338623046875,-51.577205657958984,1
Florence isn't discovering that cactus.,Florence isn't discovering those cactus.,morphology,determiner_noun_agreement,determiner_noun_agreement_irregular_2,True,False,True,True,695,-63.59755325317383,-69.3043212890625,1
A cafe bothers that man.,A cafe bothers those man.,morphology,determiner_noun_agreement,determiner_noun_agreement_irregular_2,True,False,True,True,696,-49.59784698486328,-52.708984375,1
Randolf hasn't dropped by those oases.,Randolf hasn't dropped by that oases.,morphology,determiner_noun_agreement,determiner_noun_agreement_irregular_2,True,False,True,True,697,-69.87257385253906,-69.42022705078125,0
Sandra isn't investigating this man.,Sandra isn't investigating these man.,morphology,determiner_noun_agreement,determiner_noun_agreement_irregular_2,True,False,True,True,698,-47.49664306640625,-53.18838119506836,1
The waitresses go to those oases.,The waitresses go to that oases.,morphology,determiner_noun_agreement,determiner_noun_agreement_irregular_2,True,False,True,True,699,-63.56388473510742,-64.54347229003906,1
Some senators clean this axis.,Some senators clean these axis.,morphology,determiner_noun_agreement,determiner_noun_agreement_irregular_2,True,False,True,True,700,-49.16289520263672,-49.11961364746094,0
Tracy thought about that cactus.,Tracy thought about those cactus.,morphology,determiner_noun_agreement,determiner_noun_agreement_irregular_2,True,False,True,True,701,-51.42425537109375,-53.66093444824219,1
Lissa admires these children.,Lissa admires this children.,morphology,determiner_noun_agreement,determiner_noun_agreement_irregular_2,True,False,True,True,702,-50.720123291015625,-50.876792907714844,1
The cars annoy this child.,The cars annoy these child.,morphology,determiner_noun_agreement,determiner_noun_agreement_irregular_2,True,False,True,True,703,-44.33372497558594,-46.77320098876953,1
Senators mess up those feet.,Senators mess up that feet.,morphology,determiner_noun_agreement,determiner_noun_agreement_irregular_2,True,False,True,True,704,-55.071529388427734,-59.772151947021484,1
Kathleen isn't attacking that woman.,Kathleen isn't attacking those woman.,morphology,determiner_noun_agreement,determiner_noun_agreement_irregular_2,True,False,True,True,705,-51.74253463745117,-54.37922668457031,1
Jason doesn't forget this person.,Jason doesn't forget these person.,morphology,determiner_noun_agreement,determiner_noun_agreement_irregular_2,True,False,True,True,706,-39.18182373046875,-44.231727600097656,1
Diane ran around those oases.,Diane ran around that oases.,morphology,determiner_noun_agreement,determiner_noun_agreement_irregular_2,True,False,True,True,707,-60.78215789794922,-60.24756622314453,0
That window disgusted those alumni.,That window disgusted that alumni.,morphology,determiner_noun_agreement,determiner_noun_agreement_irregular_2,True,False,True,True,708,-61.00367736816406,-55.504337310791016,0
Diana bothered that woman.,Diana bothered those woman.,morphology,determiner_noun_agreement,determiner_noun_agreement_irregular_2,True,False,True,True,709,-46.309349060058594,-49.124244689941406,1
Paul couldn't find this ox.,Paul couldn't find these ox.,morphology,determiner_noun_agreement,determiner_noun_agreement_irregular_2,True,False,True,True,710,-45.55382537841797,-47.120819091796875,1
Some customers skate around this oasis.,Some customers skate around these oasis.,morphology,determiner_noun_agreement,determiner_noun_agreement_irregular_2,True,False,True,True,711,-51.315277099609375,-53.087982177734375,1
These commentaries can't bother this man.,These commentaries can't bother these man.,morphology,determiner_noun_agreement,determiner_noun_agreement_irregular_2,True,False,True,True,712,-62.63579177856445,-66.33321380615234,1
Most unicycles irritate that alumnus.,Most unicycles irritate those alumnus.,morphology,determiner_noun_agreement,determiner_noun_agreement_irregular_2,True,False,True,True,713,-78.52738952636719,-75.705322265625,0
Amy disagrees with that man.,Amy disagrees with those man.,morphology,determiner_noun_agreement,determiner_noun_agreement_irregular_2,True,False,True,True,714,-42.898658752441406,-44.16816329956055,1
Omar fires those people.,Omar fires that people.,morphology,determiner_noun_agreement,determiner_noun_agreement_irregular_2,True,False,True,True,715,-48.0081787109375,-45.409366607666016,0
That high school is boring this child.,That high school is boring these child.,morphology,determiner_noun_agreement,determiner_noun_agreement_irregular_2,True,False,True,True,716,-46.67806625366211,-52.263214111328125,1
Those men worry that woman.,Those men worry those woman.,morphology,determiner_noun_agreement,determiner_noun_agreement_irregular_2,True,False,True,True,717,-44.44388961791992,-47.849220275878906,1
The Lutherans have scanned this synopsis.,The Lutherans have scanned these synopsis.,morphology,determiner_noun_agreement,determiner_noun_agreement_irregular_2,True,False,True,True,718,-59.33161163330078,-61.773948669433594,1
Patricia hadn't arrived at that oasis.,Patricia hadn't arrived at those oasis.,morphology,determiner_noun_agreement,determiner_noun_agreement_irregular_2,True,False,True,True,719,-53.18801498413086,-55.31989288330078,1
Tiffany cared for this woman.,Tiffany cared for these woman.,morphology,determiner_noun_agreement,determiner_noun_agreement_irregular_2,True,False,True,True,720,-46.37687301635742,-51.195556640625,1
Amanda appreciated these theses.,Amanda appreciated this theses.,morphology,determiner_noun_agreement,determiner_noun_agreement_irregular_2,True,False,True,True,721,-52.801753997802734,-48.6842041015625,0
Jason wouldn't flee from that woman.,Jason wouldn't flee from those woman.,morphology,determiner_noun_agreement,determiner_noun_agreement_irregular_2,True,False,True,True,722,-55.896629333496094,-58.75739288330078,1
Liam hasn't admired those nuclei.,Liam hasn't admired that nuclei.,morphology,determiner_noun_agreement,determiner_noun_agreement_irregular_2,True,False,True,True,723,-68.7298583984375,-62.536529541015625,0
Peter respects those men.,Peter respects that men.,morphology,determiner_noun_agreement,determiner_noun_agreement_irregular_2,True,False,True,True,724,-41.39401626586914,-39.62438201904297,0
Some actors hide these cacti.,Some actors hide this cacti.,morphology,determiner_noun_agreement,determiner_noun_agreement_irregular_2,True,False,True,True,725,-59.839027404785156,-59.927757263183594,1
Every print hasn't bored this man.,Every print hasn't bored these man.,morphology,determiner_noun_agreement,determiner_noun_agreement_irregular_2,True,False,True,True,726,-52.104461669921875,-56.580177307128906,1
Brenda hurt that alumnus.,Brenda hurt those alumnus.,morphology,determiner_noun_agreement,determiner_noun_agreement_irregular_2,True,False,True,True,727,-53.249385833740234,-53.323143005371094,1
Every glove irritated this man.,Every glove irritated these man.,morphology,determiner_noun_agreement,determiner_noun_agreement_irregular_2,True,False,True,True,728,-48.9206428527832,-51.25244903564453,1
Jessica respects those children.,Jessica respects that children.,morphology,determiner_noun_agreement,determiner_noun_agreement_irregular_2,True,False,True,True,729,-40.0941276550293,-39.05897521972656,0
Every senator hasn't kissed these alumni.,Every senator hasn't kissed this alumni.,morphology,determiner_noun_agreement,determiner_noun_agreement_irregular_2,True,False,True,True,730,-59.648155212402344,-57.452796936035156,0
This pedestrian cares for that woman.,This pedestrian cares for those woman.,morphology,determiner_noun_agreement,determiner_noun_agreement_irregular_2,True,False,True,True,731,-48.892269134521484,-48.9989013671875,1
Most guys leave that oasis.,Most guys leave those oasis.,morphology,determiner_noun_agreement,determiner_noun_agreement_irregular_2,True,False,True,True,732,-46.96321105957031,-46.918338775634766,0
Emily explores those oases.,Emily explores that oases.,morphology,determiner_noun_agreement,determiner_noun_agreement_irregular_2,True,False,True,True,733,-51.14833450317383,-50.9683837890625,0
Many cakes shocked that person.,Many cakes shocked those person.,morphology,determiner_noun_agreement,determiner_noun_agreement_irregular_2,True,False,True,True,734,-48.676021575927734,-52.05087661743164,1
A tomato will upset those women.,A tomato will upset that women.,morphology,determiner_noun_agreement,determiner_noun_agreement_irregular_2,True,False,True,True,735,-50.35887908935547,-48.434349060058594,0
Timothy wouldn't like those nuclei.,Timothy wouldn't like that nuclei.,morphology,determiner_noun_agreement,determiner_noun_agreement_irregular_2,True,False,True,True,736,-56.88805389404297,-52.08628845214844,0
Brian hated this thesis.,Brian hated these thesis.,morphology,determiner_noun_agreement,determiner_noun_agreement_irregular_2,True,False,True,True,737,-41.019874572753906,-46.6015625,1
All guests are hiding this octopus.,All guests are hiding these octopus.,morphology,determiner_noun_agreement,determiner_noun_agreement_irregular_2,True,False,True,True,738,-51.969783782958984,-51.3409423828125,0
Kayla boasts about those bases.,Kayla boasts about that bases.,morphology,determiner_noun_agreement,determiner_noun_agreement_irregular_2,True,False,True,True,739,-56.48841857910156,-57.52350997924805,1
All boys fire this woman.,All boys fire these woman.,morphology,determiner_noun_agreement,determiner_noun_agreement_irregular_2,True,False,True,True,740,-47.94061279296875,-49.47289276123047,1
Some skirts embarrass that man.,Some skirts embarrass those man.,morphology,determiner_noun_agreement,determiner_noun_agreement_irregular_2,True,False,True,True,741,-51.92975997924805,-51.952056884765625,1
The adults see these axes.,The adults see this axes.,morphology,determiner_noun_agreement,determiner_noun_agreement_irregular_2,True,False,True,True,742,-40.99125289916992,-42.405967712402344,1
Kendra hasn't noticed that mouse.,Kendra hasn't noticed those mouse.,morphology,determiner_noun_agreement,determiner_noun_agreement_irregular_2,True,False,True,True,743,-45.55390548706055,-53.866310119628906,1
Emily couldn't admire these oxen.,Emily couldn't admire this oxen.,morphology,determiner_noun_agreement,determiner_noun_agreement_irregular_2,True,False,True,True,744,-61.081512451171875,-58.52885437011719,0
Michelle had cared for those people.,Michelle had cared for that people.,morphology,determiner_noun_agreement,determiner_noun_agreement_irregular_2,True,False,True,True,745,-41.930694580078125,-43.92390060424805,1
Keith hires this man.,Keith hires these man.,morphology,determiner_noun_agreement,determiner_noun_agreement_irregular_2,True,False,True,True,746,-37.54493713378906,-42.16896057128906,1
Suzanne shouldn't reveal that thesis.,Suzanne shouldn't reveal those thesis.,morphology,determiner_noun_agreement,determiner_noun_agreement_irregular_2,True,False,True,True,747,-56.775936126708984,-61.98347854614258,1
Jerry shocked that woman.,Jerry shocked those woman.,morphology,determiner_noun_agreement,determiner_noun_agreement_irregular_2,True,False,True,True,748,-39.83905029296875,-42.20344543457031,1
Most women fire these women.,Most women fire this women.,morphology,determiner_noun_agreement,determiner_noun_agreement_irregular_2,True,False,True,True,749,-44.50817108154297,-48.446746826171875,1
The Clintons conceal that louse.,The Clintons conceal those louse.,morphology,determiner_noun_agreement,determiner_noun_agreement_irregular_2,True,False,True,True,750,-59.09653854370117,-60.663414001464844,1
Those ladies go to those oases.,Those ladies go to that oases.,morphology,determiner_noun_agreement,determiner_noun_agreement_irregular_2,True,False,True,True,751,-51.2432861328125,-53.36778259277344,1
The closet bores that person.,The closet bores those person.,morphology,determiner_noun_agreement,determiner_noun_agreement_irregular_2,True,False,True,True,752,-51.16026306152344,-55.497859954833984,1
Craig wouldn't irritate that alumnus.,Craig wouldn't irritate those alumnus.,morphology,determiner_noun_agreement,determiner_noun_agreement_irregular_2,True,False,True,True,753,-59.0758056640625,-57.85411071777344,0
A lot of children mess up these feet.,A lot of children mess up this feet.,morphology,determiner_noun_agreement,determiner_noun_agreement_irregular_2,True,False,True,True,754,-55.19795608520508,-56.041236877441406,1
Kristin hadn't stunned this child.,Kristin hadn't stunned these child.,morphology,determiner_noun_agreement,determiner_noun_agreement_irregular_2,True,False,True,True,755,-52.05266571044922,-56.27479934692383,1
Aaron left this child.,Aaron left these child.,morphology,determiner_noun_agreement,determiner_noun_agreement_irregular_2,True,False,True,True,756,-37.84264373779297,-41.47773361206055,1
Many students saw these feet.,Many students saw this feet.,morphology,determiner_noun_agreement,determiner_noun_agreement_irregular_2,True,False,True,True,757,-38.434837341308594,-39.22324752807617,1
Some bicycle embarrassed these alumni.,Some bicycle embarrassed this alumni.,morphology,determiner_noun_agreement,determiner_noun_agreement_irregular_2,True,False,True,True,758,-52.75135040283203,-52.60692596435547,0
Carol isn't examining those analyses.,Carol isn't examining that analyses.,morphology,determiner_noun_agreement,determiner_noun_agreement_irregular_2,True,False,True,True,759,-59.88492202758789,-59.562644958496094,0
Caroline has respected this woman.,Caroline has respected these woman.,morphology,determiner_noun_agreement,determiner_noun_agreement_irregular_2,True,False,True,True,760,-52.65385055541992,-56.61443328857422,1
The teenager has hidden those fungi.,The teenager has hidden that fungi.,morphology,determiner_noun_agreement,determiner_noun_agreement_irregular_2,True,False,True,True,761,-50.30845642089844,-51.75537109375,1
Sheila won't pass this oasis.,Sheila won't pass these oasis.,morphology,determiner_noun_agreement,determiner_noun_agreement_irregular_2,True,False,True,True,762,-59.09923553466797,-62.15732955932617,1
Phillip won't walk through that oasis.,Phillip won't walk through those oasis.,morphology,determiner_noun_agreement,determiner_noun_agreement_irregular_2,True,False,True,True,763,-65.10552978515625,-66.59190368652344,1
Monet cared for those children.,Monet cared for that children.,morphology,determiner_noun_agreement,determiner_noun_agreement_irregular_2,True,False,True,True,764,-44.28774642944336,-45.64076232910156,1
Bradley hadn't hugged those alumni.,Bradley hadn't hugged that alumni.,morphology,determiner_noun_agreement,determiner_noun_agreement_irregular_2,True,False,True,True,765,-60.604862213134766,-58.140480041503906,0
Heidi boasted about this diagnosis.,Heidi boasted about these diagnosis.,morphology,determiner_noun_agreement,determiner_noun_agreement_irregular_2,True,False,True,True,766,-51.53096008300781,-56.26837158203125,1
Emily won't scare those women.,Emily won't scare that women.,morphology,determiner_noun_agreement,determiner_noun_agreement_irregular_2,True,False,True,True,767,-51.26422119140625,-53.460418701171875,1
Every waiter could care for that man.,Every waiter could care for those man.,morphology,determiner_noun_agreement,determiner_noun_agreement_irregular_2,True,False,True,True,768,-54.16767501831055,-54.808197021484375,1
That company aggravated these women.,That company aggravated this women.,morphology,determiner_noun_agreement,determiner_noun_agreement_irregular_2,True,False,True,True,769,-51.196075439453125,-52.10553741455078,1
Christine disturbed this woman.,Christine disturbed these woman.,morphology,determiner_noun_agreement,determiner_noun_agreement_irregular_2,True,False,True,True,770,-40.387184143066406,-42.56121826171875,1
This photograph shouldn't look like this mouse.,This photograph shouldn't look like these mouse.,morphology,determiner_noun_agreement,determiner_noun_agreement_irregular_2,True,False,True,True,771,-49.79801940917969,-55.14796447753906,1
Dana won't scan this analysis.,Dana won't scan these analysis.,morphology,determiner_noun_agreement,determiner_noun_agreement_irregular_2,True,False,True,True,772,-52.80439376831055,-55.61868667602539,1
Aaron isn't fixing that tooth.,Aaron isn't fixing those tooth.,morphology,determiner_noun_agreement,determiner_noun_agreement_irregular_2,True,False,True,True,773,-48.990142822265625,-50.68674087524414,1
Some cashier doesn't sell those oxen.,Some cashier doesn't sell that oxen.,morphology,determiner_noun_agreement,determiner_noun_agreement_irregular_2,True,False,True,True,774,-67.98413848876953,-66.72014617919922,0
Julia kisses that person.,Julia kisses those person.,morphology,determiner_noun_agreement,determiner_noun_agreement_irregular_2,True,False,True,True,775,-51.49404525756836,-55.41960144042969,1
Monica boycotts those oases.,Monica boycotts that oases.,morphology,determiner_noun_agreement,determiner_noun_agreement_irregular_2,True,False,True,True,776,-63.167110443115234,-60.725990295410156,0
Peter wasn't lifting that ox.,Peter wasn't lifting those ox.,morphology,determiner_noun_agreement,determiner_noun_agreement_irregular_2,True,False,True,True,777,-55.43598937988281,-54.254661560058594,0
Julia isn't shocking that man.,Julia isn't shocking those man.,morphology,determiner_noun_agreement,determiner_noun_agreement_irregular_2,True,False,True,True,778,-51.00885772705078,-55.53544998168945,1
Walter wasn't discovering those nuclei.,Walter wasn't discovering that nuclei.,morphology,determiner_noun_agreement,determiner_noun_agreement_irregular_2,True,False,True,True,779,-61.057594299316406,-54.49489212036133,0
Most customers have gone to that oasis.,Most customers have gone to those oasis.,morphology,determiner_noun_agreement,determiner_noun_agreement_irregular_2,True,False,True,True,780,-50.21827697753906,-49.57911682128906,0
Monica can't research those phenomena.,Monica can't research that phenomena.,morphology,determiner_noun_agreement,determiner_noun_agreement_irregular_2,True,False,True,True,781,-53.88438415527344,-56.980899810791016,1
Maria wouldn't know this child.,Maria wouldn't know these child.,morphology,determiner_noun_agreement,determiner_noun_agreement_irregular_2,True,False,True,True,782,-41.12400436401367,-45.65868377685547,1
Debra hasn't cared for those children.,Debra hasn't cared for that children.,morphology,determiner_noun_agreement,determiner_noun_agreement_irregular_2,True,False,True,True,783,-54.85887145996094,-54.870243072509766,1
David is selling these geese.,David is selling this geese.,morphology,determiner_noun_agreement,determiner_noun_agreement_irregular_2,True,False,True,True,784,-44.51405334472656,-44.81281661987305,1
The guests disagree with that woman.,The guests disagree with those woman.,morphology,determiner_noun_agreement,determiner_noun_agreement_irregular_2,True,False,True,True,785,-46.18559265136719,-46.57329559326172,1
Beverly was working with this person.,Beverly was working with these person.,morphology,determiner_noun_agreement,determiner_noun_agreement_irregular_2,True,False,True,True,786,-49.07334899902344,-54.825706481933594,1
Diana respected these people.,Diana respected this people.,morphology,determiner_noun_agreement,determiner_noun_agreement_irregular_2,True,False,True,True,787,-45.94206619262695,-46.51750946044922,1
Peter hadn't remembered that woman.,Peter hadn't remembered those woman.,morphology,determiner_noun_agreement,determiner_noun_agreement_irregular_2,True,False,True,True,788,-41.90907287597656,-47.38250732421875,1
Alice wouldn't describe this child.,Alice wouldn't describe these child.,morphology,determiner_noun_agreement,determiner_noun_agreement_irregular_2,True,False,True,True,789,-44.07453918457031,-48.07145309448242,1
Omar doesn't distract those men.,Omar doesn't distract that men.,morphology,determiner_noun_agreement,determiner_noun_agreement_irregular_2,True,False,True,True,790,-52.53910827636719,-53.95341491699219,1
Mitchell might care for this child.,Mitchell might care for these child.,morphology,determiner_noun_agreement,determiner_noun_agreement_irregular_2,True,False,True,True,791,-52.24158477783203,-58.54007339477539,1
This skirt has impressed these men.,This skirt has impressed this men.,morphology,determiner_noun_agreement,determiner_noun_agreement_irregular_2,True,False,True,True,792,-49.59483337402344,-50.36210632324219,1
Stephen irritated this man.,Stephen irritated these man.,morphology,determiner_noun_agreement,determiner_noun_agreement_irregular_2,True,False,True,True,793,-40.285972595214844,-44.16643524169922,1
Ann will lift those geese.,Ann will lift that geese.,morphology,determiner_noun_agreement,determiner_noun_agreement_irregular_2,True,False,True,True,794,-53.276458740234375,-53.71055221557617,1
Julie isn't criticizing those men.,Julie isn't criticizing that men.,morphology,determiner_noun_agreement,determiner_noun_agreement_irregular_2,True,False,True,True,795,-52.53622817993164,-52.07646179199219,0
Those people found this thesis.,Those people found these thesis.,morphology,determiner_noun_agreement,determiner_noun_agreement_irregular_2,True,False,True,True,796,-38.99894714355469,-43.85872268676758,1
Anne isn't confusing that woman.,Anne isn't confusing those woman.,morphology,determiner_noun_agreement,determiner_noun_agreement_irregular_2,True,False,True,True,797,-45.987457275390625,-50.80677795410156,1
Many sketches have looked like those fungi.,Many sketches have looked like that fungi.,morphology,determiner_noun_agreement,determiner_noun_agreement_irregular_2,True,False,True,True,798,-51.85419464111328,-51.118194580078125,0
Edward hugged those men.,Edward hugged that men.,morphology,determiner_noun_agreement,determiner_noun_agreement_irregular_2,True,False,True,True,799,-40.294795989990234,-40.704376220703125,1
A lot of tomatoes astound these women.,A lot of tomatoes astound this women.,morphology,determiner_noun_agreement,determiner_noun_agreement_irregular_2,True,False,True,True,800,-59.560791015625,-61.469234466552734,1
Some photograph will look like those octopi.,Some photograph will look like that octopi.,morphology,determiner_noun_agreement,determiner_noun_agreement_irregular_2,True,False,True,True,801,-61.18801498413086,-57.938201904296875,0
Those actresses were escaping from these men.,Those actresses were escaping from this men.,morphology,determiner_noun_agreement,determiner_noun_agreement_irregular_2,True,False,True,True,802,-51.07258987426758,-53.53412628173828,1
Grace ran around these oases.,Grace ran around this oases.,morphology,determiner_noun_agreement,determiner_noun_agreement_irregular_2,True,False,True,True,803,-58.14385223388672,-55.62627410888672,0
An apple can disturb those men.,An apple can disturb that men.,morphology,determiner_noun_agreement,determiner_noun_agreement_irregular_2,True,False,True,True,804,-48.31565475463867,-51.51049041748047,1
A waiter wasn't taking this axis.,A waiter wasn't taking these axis.,morphology,determiner_noun_agreement,determiner_noun_agreement_irregular_2,True,False,True,True,805,-54.72743225097656,-56.15133285522461,1
Christine found those fungi.,Christine found that fungi.,morphology,determiner_noun_agreement,determiner_noun_agreement_irregular_2,True,False,True,True,806,-43.60664367675781,-40.86102294921875,0
Kirsten isn't observing this child.,Kirsten isn't observing these child.,morphology,determiner_noun_agreement,determiner_noun_agreement_irregular_2,True,False,True,True,807,-60.76756286621094,-65.02130126953125,1
A lake irritates that man.,A lake irritates those man.,morphology,determiner_noun_agreement,determiner_noun_agreement_irregular_2,True,False,True,True,808,-51.147926330566406,-53.38715744018555,1
Dana could walk through this oasis.,Dana could walk through these oasis.,morphology,determiner_noun_agreement,determiner_noun_agreement_irregular_2,True,False,True,True,809,-49.71214294433594,-53.10816955566406,1
Caroline liked these stimuli.,Caroline liked this stimuli.,morphology,determiner_noun_agreement,determiner_noun_agreement_irregular_2,True,False,True,True,810,-52.28168487548828,-50.720001220703125,0
Patients disturb those women.,Patients disturb that women.,morphology,determiner_noun_agreement,determiner_noun_agreement_irregular_2,True,False,True,True,811,-39.399112701416016,-41.14850616455078,1
Carla did break these feet.,Carla did break this feet.,morphology,determiner_noun_agreement,determiner_noun_agreement_irregular_2,True,False,True,True,812,-49.93269348144531,-49.791404724121094,0
Some guest could describe those men.,Some guest could describe that men.,morphology,determiner_noun_agreement,determiner_noun_agreement_irregular_2,True,False,True,True,813,-50.361839294433594,-47.66136169433594,0
Laura messes up those teeth.,Laura messes up that teeth.,morphology,determiner_noun_agreement,determiner_noun_agreement_irregular_2,True,False,True,True,814,-55.138336181640625,-57.07952117919922,1
Amy would find these geese.,Amy would find this geese.,morphology,determiner_noun_agreement,determiner_noun_agreement_irregular_2,True,False,True,True,815,-48.194190979003906,-48.336151123046875,1
The Impressionists had cleaned those feet.,The Impressionists had cleaned that feet.,morphology,determiner_noun_agreement,determiner_noun_agreement_irregular_2,True,False,True,True,816,-59.64978790283203,-61.72615432739258,1
Christina observed this alumnus.,Christina observed these alumnus.,morphology,determiner_noun_agreement,determiner_noun_agreement_irregular_2,True,False,True,True,817,-48.77228927612305,-50.37133026123047,1
Irene should boycott that oasis.,Irene should boycott those oasis.,morphology,determiner_noun_agreement,determiner_noun_agreement_irregular_2,True,False,True,True,818,-54.05222702026367,-53.19898986816406,0
Monica runs around those oases.,Monica runs around that oases.,morphology,determiner_noun_agreement,determiner_noun_agreement_irregular_2,True,False,True,True,819,-55.69524383544922,-56.60137176513672,1
The Clintons drive to these oases.,The Clintons drive to this oases.,morphology,determiner_noun_agreement,determiner_noun_agreement_irregular_2,True,False,True,True,820,-58.91107177734375,-57.96925735473633,0
The icicles had impressed these women.,The icicles had impressed this women.,morphology,determiner_noun_agreement,determiner_noun_agreement_irregular_2,True,False,True,True,821,-59.855804443359375,-63.89018630981445,1
A lot of students work with these women.,A lot of students work with this women.,morphology,determiner_noun_agreement,determiner_noun_agreement_irregular_2,True,False,True,True,822,-44.333343505859375,-46.6427001953125,1
Kevin had talked to that man.,Kevin had talked to those man.,morphology,determiner_noun_agreement,determiner_noun_agreement_irregular_2,True,False,True,True,823,-41.38936996459961,-44.20520782470703,1
Lisa praised those alumni.,Lisa praised that alumni.,morphology,determiner_noun_agreement,determiner_noun_agreement_irregular_2,True,False,True,True,824,-43.08476257324219,-40.277000427246094,0
A patient hadn't gone to those oases.,A patient hadn't gone to that oases.,morphology,determiner_noun_agreement,determiner_noun_agreement_irregular_2,True,False,True,True,825,-59.277889251708984,-59.73237609863281,1
Walter is approaching this person.,Walter is approaching these person.,morphology,determiner_noun_agreement,determiner_noun_agreement_irregular_2,True,False,True,True,826,-39.596519470214844,-45.10316848754883,1
Brenda isn't buying those teeth.,Brenda isn't buying that teeth.,morphology,determiner_noun_agreement,determiner_noun_agreement_irregular_2,True,False,True,True,827,-50.840126037597656,-52.95699691772461,1
Marie hasn't fired those men.,Marie hasn't fired that men.,morphology,determiner_noun_agreement,determiner_noun_agreement_irregular_2,True,False,True,True,828,-46.48016357421875,-47.12834548950195,1
Carts upset these men.,Carts upset this men.,morphology,determiner_noun_agreement,determiner_noun_agreement_irregular_2,True,False,True,True,829,-44.83617401123047,-46.13679504394531,1
Those children argue about that diagnosis.,Those children argue about those diagnosis.,morphology,determiner_noun_agreement,determiner_noun_agreement_irregular_2,True,False,True,True,830,-48.718040466308594,-52.05658721923828,1
Maria would tour these oases.,Maria would tour this oases.,morphology,determiner_noun_agreement,determiner_noun_agreement_irregular_2,True,False,True,True,831,-58.714599609375,-59.52412414550781,1
Irene couldn't criticize these oases.,Irene couldn't criticize this oases.,morphology,determiner_noun_agreement,determiner_noun_agreement_irregular_2,True,False,True,True,832,-58.916446685791016,-59.03221893310547,1
Candice references those women.,Candice references that women.,morphology,determiner_noun_agreement,determiner_noun_agreement_irregular_2,True,False,True,True,833,-48.16703796386719,-42.56936264038086,0
Some boys fix those feet.,Some boys fix that feet.,morphology,determiner_noun_agreement,determiner_noun_agreement_irregular_2,True,False,True,True,834,-43.54246139526367,-44.417327880859375,1
Dawn scanned those analyses.,Dawn scanned that analyses.,morphology,determiner_noun_agreement,determiner_noun_agreement_irregular_2,True,False,True,True,835,-48.95567321777344,-47.71305847167969,0
Some person respected this man.,Some person respected these man.,morphology,determiner_noun_agreement,determiner_noun_agreement_irregular_2,True,False,True,True,836,-40.66582107543945,-43.974639892578125,1
Monet is skated around these oases.,Monet is skated around this oases.,morphology,determiner_noun_agreement,determiner_noun_agreement_irregular_2,True,False,True,True,837,-64.86245727539062,-63.827598571777344,0
Gregory wasn't boasting about that diagnosis.,Gregory wasn't boasting about those diagnosis.,morphology,determiner_noun_agreement,determiner_noun_agreement_irregular_2,True,False,True,True,838,-55.91643142700195,-62.010799407958984,1
Many cashiers disagreed with these men.,Many cashiers disagreed with this men.,morphology,determiner_noun_agreement,determiner_noun_agreement_irregular_2,True,False,True,True,839,-57.852413177490234,-59.056800842285156,1
Most teenagers cured those oxen.,Most teenagers cured that oxen.,morphology,determiner_noun_agreement,determiner_noun_agreement_irregular_2,True,False,True,True,840,-66.38356018066406,-64.85711669921875,0
Michael knew these people.,Michael knew this people.,morphology,determiner_noun_agreement,determiner_noun_agreement_irregular_2,True,False,True,True,841,-31.539627075195312,-31.739601135253906,1
Pamela hasn't found these men.,Pamela hasn't found this men.,morphology,determiner_noun_agreement,determiner_noun_agreement_irregular_2,True,False,True,True,842,-53.724891662597656,-53.85826873779297,1
Eric had bought that foot.,Eric had bought those foot.,morphology,determiner_noun_agreement,determiner_noun_agreement_irregular_2,True,False,True,True,843,-44.20942687988281,-45.53948974609375,1
Brian runs around those oases.,Brian runs around that oases.,morphology,determiner_noun_agreement,determiner_noun_agreement_irregular_2,True,False,True,True,844,-53.21421813964844,-53.732879638671875,1
All people drop by these oases.,All people drop by this oases.,morphology,determiner_noun_agreement,determiner_noun_agreement_irregular_2,True,False,True,True,845,-48.49949264526367,-48.77446746826172,1
The companies praise these theses.,The companies praise this theses.,morphology,determiner_noun_agreement,determiner_noun_agreement_irregular_2,True,False,True,True,846,-50.525840759277344,-49.839805603027344,0
Becky hasn't respected these children.,Becky hasn't respected this children.,morphology,determiner_noun_agreement,determiner_noun_agreement_irregular_2,True,False,True,True,847,-54.141719818115234,-53.32861328125,0
That guest didn't know these people.,That guest didn't know this people.,morphology,determiner_noun_agreement,determiner_noun_agreement_irregular_2,True,False,True,True,848,-46.183101654052734,-46.197998046875,1
Scott hugged these men.,Scott hugged this men.,morphology,determiner_noun_agreement,determiner_noun_agreement_irregular_2,True,False,True,True,849,-37.48543167114258,-38.718204498291016,1
All couches weren't disgusting this man.,All couches weren't disgusting these man.,morphology,determiner_noun_agreement,determiner_noun_agreement_irregular_2,True,False,True,True,850,-54.562965393066406,-57.103057861328125,1
Janice fixes those feet.,Janice fixes that feet.,morphology,determiner_noun_agreement,determiner_noun_agreement_irregular_2,True,False,True,True,851,-51.76264190673828,-51.42043685913086,0
Many doctors exit that oasis.,Many doctors exit those oasis.,morphology,determiner_noun_agreement,determiner_noun_agreement_irregular_2,True,False,True,True,852,-49.21802520751953,-46.877037048339844,0
James hasn't concealed this woman.,James hasn't concealed these woman.,morphology,determiner_noun_agreement,determiner_noun_agreement_irregular_2,True,False,True,True,853,-48.195526123046875,-53.1878547668457,1
Susan is exiting this oasis.,Susan is exiting these oasis.,morphology,determiner_noun_agreement,determiner_noun_agreement_irregular_2,True,False,True,True,854,-49.566749572753906,-51.870182037353516,1
Some waiter might tour that oasis.,Some waiter might tour those oasis.,morphology,determiner_noun_agreement,determiner_noun_agreement_irregular_2,True,False,True,True,855,-58.91814422607422,-57.285030364990234,0
Lawrence criticized these children.,Lawrence criticized this children.,morphology,determiner_noun_agreement,determiner_noun_agreement_irregular_2,True,False,True,True,856,-42.33959197998047,-42.359901428222656,1
Many adults should describe this woman.,Many adults should describe these woman.,morphology,determiner_noun_agreement,determiner_noun_agreement_irregular_2,True,False,True,True,857,-41.62886428833008,-44.83217239379883,1
Carlos messes up these feet.,Carlos messes up this feet.,morphology,determiner_noun_agreement,determiner_noun_agreement_irregular_2,True,False,True,True,858,-55.52850341796875,-57.09380340576172,1
Beth isn't selling these octopi.,Beth isn't selling this octopi.,morphology,determiner_noun_agreement,determiner_noun_agreement_irregular_2,True,False,True,True,859,-62.374366760253906,-62.04179382324219,0
Rachelle wasn't revealing this nucleus.,Rachelle wasn't revealing these nucleus.,morphology,determiner_noun_agreement,determiner_noun_agreement_irregular_2,True,False,True,True,860,-58.17982482910156,-59.760929107666016,1
Leslie listens to that child.,Leslie listens to those child.,morphology,determiner_noun_agreement,determiner_noun_agreement_irregular_2,True,False,True,True,861,-56.62187957763672,-56.732418060302734,1
Richard wasn't fixing those feet.,Richard wasn't fixing that feet.,morphology,determiner_noun_agreement,determiner_noun_agreement_irregular_2,True,False,True,True,862,-47.10982131958008,-49.05249786376953,1
Most teachers escape from these men.,Most teachers escape from this men.,morphology,determiner_noun_agreement,determiner_noun_agreement_irregular_2,True,False,True,True,863,-43.82128143310547,-45.230289459228516,1
Claire doesn't boycott this oasis.,Claire doesn't boycott these oasis.,morphology,determiner_noun_agreement,determiner_noun_agreement_irregular_2,True,False,True,True,864,-56.02383804321289,-57.580867767333984,1
Omar might pass those oases.,Omar might pass that oases.,morphology,determiner_noun_agreement,determiner_noun_agreement_irregular_2,True,False,True,True,865,-62.58969497680664,-60.247314453125,0
Andrew can't clean this foot.,Andrew can't clean these foot.,morphology,determiner_noun_agreement,determiner_noun_agreement_irregular_2,True,False,True,True,866,-49.52265930175781,-50.45960998535156,1
Janice appreciated that stimulus.,Janice appreciated those stimulus.,morphology,determiner_noun_agreement,determiner_noun_agreement_irregular_2,True,False,True,True,867,-53.20323181152344,-55.72990417480469,1
Gina had hired this child.,Gina had hired these child.,morphology,determiner_noun_agreement,determiner_noun_agreement_irregular_2,True,False,True,True,868,-45.73291015625,-49.67456817626953,1
Some banks don't respect that oasis.,Some banks don't respect those oasis.,morphology,determiner_noun_agreement,determiner_noun_agreement_irregular_2,True,False,True,True,869,-52.263999938964844,-51.70957946777344,0
The Clintons hire these children.,The Clintons hire this children.,morphology,determiner_noun_agreement,determiner_noun_agreement_irregular_2,True,False,True,True,870,-47.957435607910156,-48.77849578857422,1
Tiffany was exiting that oasis.,Tiffany was exiting those oasis.,morphology,determiner_noun_agreement,determiner_noun_agreement_irregular_2,True,False,True,True,871,-58.319183349609375,-59.20342254638672,1
Martin wasn't scanning this analysis.,Martin wasn't scanning these analysis.,morphology,determiner_noun_agreement,determiner_noun_agreement_irregular_2,True,False,True,True,872,-44.78616714477539,-48.02605056762695,1
Wendy broke these teeth.,Wendy broke this teeth.,morphology,determiner_noun_agreement,determiner_noun_agreement_irregular_2,True,False,True,True,873,-46.02479553222656,-46.92908477783203,1
Clyde thought about that person.,Clyde thought about those person.,morphology,determiner_noun_agreement,determiner_noun_agreement_irregular_2,True,False,True,True,874,-48.003936767578125,-51.35832214355469,1
Some ladies kiss that child.,Some ladies kiss those child.,morphology,determiner_noun_agreement,determiner_noun_agreement_irregular_2,True,False,True,True,875,-44.102134704589844,-44.422218322753906,1
Rhonda watches this alumnus.,Rhonda watches these alumnus.,morphology,determiner_noun_agreement,determiner_noun_agreement_irregular_2,True,False,True,True,876,-56.5153923034668,-55.336055755615234,0
Marie isn't irritating that woman.,Marie isn't irritating those woman.,morphology,determiner_noun_agreement,determiner_noun_agreement_irregular_2,True,False,True,True,877,-43.9037971496582,-49.93617248535156,1
Tara hasn't hired this child.,Tara hasn't hired these child.,morphology,determiner_noun_agreement,determiner_noun_agreement_irregular_2,True,False,True,True,878,-48.21138000488281,-52.97245788574219,1
Carrie can't hug those men.,Carrie can't hug that men.,morphology,determiner_noun_agreement,determiner_noun_agreement_irregular_2,True,False,True,True,879,-54.36875915527344,-56.44706344604492,1
Laura hadn't argued about this diagnosis.,Laura hadn't argued about these diagnosis.,morphology,determiner_noun_agreement,determiner_noun_agreement_irregular_2,True,False,True,True,880,-54.115081787109375,-59.111602783203125,1
Lori isn't messing up that tooth.,Lori isn't messing up those tooth.,morphology,determiner_noun_agreement,determiner_noun_agreement_irregular_2,True,False,True,True,881,-57.19374084472656,-61.5781364440918,1
A lot of art galleries hadn't shocked that man.,A lot of art galleries hadn't shocked those man.,morphology,determiner_noun_agreement,determiner_noun_agreement_irregular_2,True,False,True,True,882,-66.44439697265625,-70.59104919433594,1
Denise hired this alumnus.,Denise hired these alumnus.,morphology,determiner_noun_agreement,determiner_noun_agreement_irregular_2,True,False,True,True,883,-51.28492736816406,-51.874549865722656,1
Michelle hadn't boasted about that woman.,Michelle hadn't boasted about those woman.,morphology,determiner_noun_agreement,determiner_noun_agreement_irregular_2,True,False,True,True,884,-50.596527099609375,-56.02717208862305,1
That person talked to this person.,That person talked to these person.,morphology,determiner_noun_agreement,determiner_noun_agreement_irregular_2,True,False,True,True,885,-35.164634704589844,-41.393768310546875,1
A high school disturbs this child.,A high school disturbs these child.,morphology,determiner_noun_agreement,determiner_noun_agreement_irregular_2,True,False,True,True,886,-47.80805206298828,-51.82557678222656,1
Russell passed that oasis.,Russell passed those oasis.,morphology,determiner_noun_agreement,determiner_noun_agreement_irregular_2,True,False,True,True,887,-43.71277618408203,-45.40806579589844,1
Many planes were irritating these children.,Many planes were irritating this children.,morphology,determiner_noun_agreement,determiner_noun_agreement_irregular_2,True,False,True,True,888,-50.35892868041992,-51.83444595336914,1
The waitresses remember those theses.,The waitresses remember that theses.,morphology,determiner_noun_agreement,determiner_noun_agreement_irregular_2,True,False,True,True,889,-67.75090789794922,-58.255645751953125,0
Christina concealed these men.,Christina concealed this men.,morphology,determiner_noun_agreement,determiner_noun_agreement_irregular_2,True,False,True,True,890,-46.47296905517578,-48.33541488647461,1
Meredith had fled from those men.,Meredith had fled from that men.,morphology,determiner_noun_agreement,determiner_noun_agreement_irregular_2,True,False,True,True,891,-52.69377136230469,-56.526954650878906,1
Carol didn't praise that analysis.,Carol didn't praise those analysis.,morphology,determiner_noun_agreement,determiner_noun_agreement_irregular_2,True,False,True,True,892,-56.664119720458984,-59.12434387207031,1
Brenda wasn't selling this fungus.,Brenda wasn't selling these fungus.,morphology,determiner_noun_agreement,determiner_noun_agreement_irregular_2,True,False,True,True,893,-52.57853698730469,-54.95612335205078,1
Keith wasn't listening to these children.,Keith wasn't listening to this children.,morphology,determiner_noun_agreement,determiner_noun_agreement_irregular_2,True,False,True,True,894,-46.081912994384766,-46.24318313598633,1
Omar kisses these men.,Omar kisses this men.,morphology,determiner_noun_agreement,determiner_noun_agreement_irregular_2,True,False,True,True,895,-48.795204162597656,-49.2525634765625,1
Leslie is thinking about this woman.,Leslie is thinking about these woman.,morphology,determiner_noun_agreement,determiner_noun_agreement_irregular_2,True,False,True,True,896,-48.49883270263672,-54.806575775146484,1
Cheryl hadn't toured these oases.,Cheryl hadn't toured this oases.,morphology,determiner_noun_agreement,determiner_noun_agreement_irregular_2,True,False,True,True,897,-69.66676330566406,-67.34512329101562,0
Marie hadn't researched those paralyses.,Marie hadn't researched that paralyses.,morphology,determiner_noun_agreement,determiner_noun_agreement_irregular_2,True,False,True,True,898,-64.66033935546875,-62.5904426574707,0
Rachel forgot these synopses.,Rachel forgot this synopses.,morphology,determiner_noun_agreement,determiner_noun_agreement_irregular_2,True,False,True,True,899,-58.19407653808594,-57.87495803833008,0
A lot of actors go to this oasis.,A lot of actors go to these oasis.,morphology,determiner_noun_agreement,determiner_noun_agreement_irregular_2,True,False,True,True,900,-49.219520568847656,-51.62207794189453,1
A cart alarms this woman.,A cart alarms these woman.,morphology,determiner_noun_agreement,determiner_noun_agreement_irregular_2,True,False,True,True,901,-49.54510498046875,-53.074371337890625,1
That tomato hasn't shocked that child.,That tomato hasn't shocked those child.,morphology,determiner_noun_agreement,determiner_noun_agreement_irregular_2,True,False,True,True,902,-54.99641036987305,-59.040245056152344,1
That driver sees those nuclei.,That driver sees that nuclei.,morphology,determiner_noun_agreement,determiner_noun_agreement_irregular_2,True,False,True,True,903,-53.83954620361328,-49.66434097290039,0
This restaurant worries that child.,This restaurant worries those child.,morphology,determiner_noun_agreement,determiner_noun_agreement_irregular_2,True,False,True,True,904,-43.665985107421875,-47.003929138183594,1
Paul can lift these fungi.,Paul can lift this fungi.,morphology,determiner_noun_agreement,determiner_noun_agreement_irregular_2,True,False,True,True,905,-46.08940124511719,-46.872413635253906,1
Kendra had concealed that thesis.,Kendra had concealed those thesis.,morphology,determiner_noun_agreement,determiner_noun_agreement_irregular_2,True,False,True,True,906,-60.55913162231445,-61.68511962890625,1
These waiters respect this woman.,These waiters respect these woman.,morphology,determiner_noun_agreement,determiner_noun_agreement_irregular_2,True,False,True,True,907,-53.757049560546875,-57.70610809326172,1
These ladies bothers that person.,These ladies bothers those person.,morphology,determiner_noun_agreement,determiner_noun_agreement_irregular_2,True,False,True,True,908,-43.559974670410156,-46.42084503173828,1
Peter has examined these theses.,Peter has examined this theses.,morphology,determiner_noun_agreement,determiner_noun_agreement_irregular_2,True,False,True,True,909,-51.199432373046875,-49.716434478759766,0
Those students care for this woman.,Those students care for these woman.,morphology,determiner_noun_agreement,determiner_noun_agreement_irregular_2,True,False,True,True,910,-45.962806701660156,-48.864593505859375,1
Jason isn't concealing those theses.,Jason isn't concealing that theses.,morphology,determiner_noun_agreement,determiner_noun_agreement_irregular_2,True,False,True,True,911,-65.30316162109375,-58.81426239013672,0
Cheryl fixed these feet.,Cheryl fixed this feet.,morphology,determiner_noun_agreement,determiner_noun_agreement_irregular_2,True,False,True,True,912,-49.10896682739258,-47.94929885864258,0
Ruth scares those children.,Ruth scares that children.,morphology,determiner_noun_agreement,determiner_noun_agreement_irregular_2,True,False,True,True,913,-45.21024703979492,-45.78318786621094,1
Martha found these axes.,Martha found this axes.,morphology,determiner_noun_agreement,determiner_noun_agreement_irregular_2,True,False,True,True,914,-50.4422607421875,-49.078460693359375,0
Clyde watches that woman.,Clyde watches those woman.,morphology,determiner_noun_agreement,determiner_noun_agreement_irregular_2,True,False,True,True,915,-50.77686309814453,-54.66962432861328,1
Christopher isn't walking through those oases.,Christopher isn't walking through that oases.,morphology,determiner_noun_agreement,determiner_noun_agreement_irregular_2,True,False,True,True,916,-58.986427307128906,-58.954917907714844,0
Randolf was hiding that person.,Randolf was hiding those person.,morphology,determiner_noun_agreement,determiner_noun_agreement_irregular_2,True,False,True,True,917,-51.6890869140625,-54.25602722167969,1
The pedestrians break these teeth.,The pedestrians break this teeth.,morphology,determiner_noun_agreement,determiner_noun_agreement_irregular_2,True,False,True,True,918,-44.56265640258789,-46.09885025024414,1
A cashier does drive to that oasis.,A cashier does drive to those oasis.,morphology,determiner_noun_agreement,determiner_noun_agreement_irregular_2,True,False,True,True,919,-66.84263610839844,-66.20453643798828,0
Kevin arrives at these oases.,Kevin arrives at this oases.,morphology,determiner_noun_agreement,determiner_noun_agreement_irregular_2,True,False,True,True,920,-50.622161865234375,-48.511268615722656,0
Donna can heal those lice.,Donna can heal that lice.,morphology,determiner_noun_agreement,determiner_noun_agreement_irregular_2,True,False,True,True,921,-53.162513732910156,-53.547611236572266,1
Jessica did drive to these oases.,Jessica did drive to this oases.,morphology,determiner_noun_agreement,determiner_noun_agreement_irregular_2,True,False,True,True,922,-59.821449279785156,-58.00467300415039,0
Kevin boycotted those oases.,Kevin boycotted that oases.,morphology,determiner_noun_agreement,determiner_noun_agreement_irregular_2,True,False,True,True,923,-63.64646530151367,-65.58922576904297,1
Rodney watches this woman.,Rodney watches these woman.,morphology,determiner_noun_agreement,determiner_noun_agreement_irregular_2,True,False,True,True,924,-51.2642822265625,-54.75012969970703,1
Steven insulted those oases.,Steven insulted that oases.,morphology,determiner_noun_agreement,determiner_noun_agreement_irregular_2,True,False,True,True,925,-54.879669189453125,-51.38264465332031,0
Some guest wasn't walking through those oases.,Some guest wasn't walking through that oases.,morphology,determiner_noun_agreement,determiner_noun_agreement_irregular_2,True,False,True,True,926,-65.07540130615234,-64.93052673339844,0
Most guests might embarrass those women.,Most guests might embarrass that women.,morphology,determiner_noun_agreement,determiner_noun_agreement_irregular_2,True,False,True,True,927,-51.37260818481445,-50.76659393310547,0
Every waitress wasn't driving to those oases.,Every waitress wasn't driving to that oases.,morphology,determiner_noun_agreement,determiner_noun_agreement_irregular_2,True,False,True,True,928,-69.11803436279297,-69.49922180175781,1
A lot of candles are impressing that man.,A lot of candles are impressing those man.,morphology,determiner_noun_agreement,determiner_noun_agreement_irregular_2,True,False,True,True,929,-57.66869354248047,-60.591712951660156,1
Many guests like those teeth.,Many guests like that teeth.,morphology,determiner_noun_agreement,determiner_noun_agreement_irregular_2,True,False,True,True,930,-40.434017181396484,-41.960357666015625,1
Daniel is visiting that alumnus.,Daniel is visiting those alumnus.,morphology,determiner_noun_agreement,determiner_noun_agreement_irregular_2,True,False,True,True,931,-43.13082504272461,-44.42841339111328,1
Jesus breaks those teeth.,Jesus breaks that teeth.,morphology,determiner_noun_agreement,determiner_noun_agreement_irregular_2,True,False,True,True,932,-40.08155822753906,-42.344295501708984,1
A child is scanning these synopses.,A child is scanning this synopses.,morphology,determiner_noun_agreement,determiner_noun_agreement_irregular_2,True,False,True,True,933,-59.93627166748047,-60.89061737060547,1
Many people discuss these alumni.,Many people discuss this alumni.,morphology,determiner_noun_agreement,determiner_noun_agreement_irregular_2,True,False,True,True,934,-38.261207580566406,-37.32085418701172,0
Vanessa criticizes those oases.,Vanessa criticizes that oases.,morphology,determiner_noun_agreement,determiner_noun_agreement_irregular_2,True,False,True,True,935,-56.581939697265625,-56.500282287597656,0
Florence was insulting this oasis.,Florence was insulting these oasis.,morphology,determiner_noun_agreement,determiner_noun_agreement_irregular_2,True,False,True,True,936,-61.053707122802734,-63.070556640625,1
Nina broke these feet.,Nina broke this feet.,morphology,determiner_noun_agreement,determiner_noun_agreement_irregular_2,True,False,True,True,937,-41.06425476074219,-42.8642578125,1
Jennifer does admire this foot.,Jennifer does admire these foot.,morphology,determiner_noun_agreement,determiner_noun_agreement_irregular_2,True,False,True,True,938,-45.248634338378906,-48.462432861328125,1
Karen helps that child.,Karen helps those child.,morphology,determiner_noun_agreement,determiner_noun_agreement_irregular_2,True,False,True,True,939,-48.87647247314453,-46.146018981933594,0
Bill exits this oasis.,Bill exits these oasis.,morphology,determiner_noun_agreement,determiner_noun_agreement_irregular_2,True,False,True,True,940,-41.678314208984375,-45.01831817626953,1
Deanna broke that tooth.,Deanna broke those tooth.,morphology,determiner_noun_agreement,determiner_noun_agreement_irregular_2,True,False,True,True,941,-48.19826889038086,-49.693992614746094,1
The Clintons drop by that oasis.,The Clintons drop by those oasis.,morphology,determiner_noun_agreement,determiner_noun_agreement_irregular_2,True,False,True,True,942,-52.786346435546875,-52.16374206542969,0
Bradley hasn't remembered these people.,Bradley hasn't remembered this people.,morphology,determiner_noun_agreement,determiner_noun_agreement_irregular_2,True,False,True,True,943,-49.69704818725586,-49.91912841796875,1
Tamara isn't firing that woman.,Tamara isn't firing those woman.,morphology,determiner_noun_agreement,determiner_noun_agreement_irregular_2,True,False,True,True,944,-58.26557540893555,-62.05562210083008,1
Every horse did worry this alumnus.,Every horse did worry these alumnus.,morphology,determiner_noun_agreement,determiner_noun_agreement_irregular_2,True,False,True,True,945,-61.24946975708008,-61.29525375366211,1
This rug worries that child.,This rug worries those child.,morphology,determiner_noun_agreement,determiner_noun_agreement_irregular_2,True,False,True,True,946,-44.200836181640625,-47.29397201538086,1
The actors complain about this ellipsis.,The actors complain about these ellipsis.,morphology,determiner_noun_agreement,determiner_noun_agreement_irregular_2,True,False,True,True,947,-55.82305145263672,-55.64088821411133,0
A guest lifted this cactus.,A guest lifted these cactus.,morphology,determiner_noun_agreement,determiner_noun_agreement_irregular_2,True,False,True,True,948,-50.58500671386719,-50.87858581542969,1
Kathleen hugged those children.,Kathleen hugged that children.,morphology,determiner_noun_agreement,determiner_noun_agreement_irregular_2,True,False,True,True,949,-51.4147834777832,-51.40401840209961,0
Cindy hires those men.,Cindy hires that men.,morphology,determiner_noun_agreement,determiner_noun_agreement_irregular_2,True,False,True,True,950,-51.824493408203125,-49.370079040527344,0
Karla was confusing those men.,Karla was confusing that men.,morphology,determiner_noun_agreement,determiner_noun_agreement_irregular_2,True,False,True,True,951,-53.203304290771484,-50.11186218261719,0
That eye hadn't disgusted this child.,That eye hadn't disgusted these child.,morphology,determiner_noun_agreement,determiner_noun_agreement_irregular_2,True,False,True,True,952,-53.41676712036133,-58.77042007446289,1
George boasts about these phenomena.,George boasts about this phenomena.,morphology,determiner_noun_agreement,determiner_noun_agreement_irregular_2,True,False,True,True,953,-49.8563346862793,-51.56616973876953,1
Waiters criticized this analysis.,Waiters criticized these analysis.,morphology,determiner_noun_agreement,determiner_noun_agreement_irregular_2,True,False,True,True,954,-44.532012939453125,-47.49183654785156,1
Carol had forgotten this child.,Carol had forgotten these child.,morphology,determiner_noun_agreement,determiner_noun_agreement_irregular_2,True,False,True,True,955,-51.09716033935547,-55.24934005737305,1
Suzanne helps that alumnus.,Suzanne helps those alumnus.,morphology,determiner_noun_agreement,determiner_noun_agreement_irregular_2,True,False,True,True,956,-54.65475082397461,-53.59965515136719,0
That teacher didn't remember this child.,That teacher didn't remember these child.,morphology,determiner_noun_agreement,determiner_noun_agreement_irregular_2,True,False,True,True,957,-43.895538330078125,-48.59949493408203,1
Michelle hasn't alarmed that person.,Michelle hasn't alarmed those person.,morphology,determiner_noun_agreement,determiner_noun_agreement_irregular_2,True,False,True,True,958,-46.17440414428711,-49.48393630981445,1
This customer forgot those people.,This customer forgot that people.,morphology,determiner_noun_agreement,determiner_noun_agreement_irregular_2,True,False,True,True,959,-38.98173522949219,-37.26436233520508,0
Karla walks through these oases.,Karla walks through this oases.,morphology,determiner_noun_agreement,determiner_noun_agreement_irregular_2,True,False,True,True,960,-58.188350677490234,-56.82301330566406,0
Frank hasn't bothered this child.,Frank hasn't bothered these child.,morphology,determiner_noun_agreement,determiner_noun_agreement_irregular_2,True,False,True,True,961,-42.43556213378906,-46.5443115234375,1
Many ladies disagree with these men.,Many ladies disagree with this men.,morphology,determiner_noun_agreement,determiner_noun_agreement_irregular_2,True,False,True,True,962,-43.05047607421875,-45.27885437011719,1
Eric will talk to these children.,Eric will talk to this children.,morphology,determiner_noun_agreement,determiner_noun_agreement_irregular_2,True,False,True,True,963,-41.14934539794922,-41.75154113769531,1
Tonya could tour this oasis.,Tonya could tour these oasis.,morphology,determiner_noun_agreement,determiner_noun_agreement_irregular_2,True,False,True,True,964,-53.69152069091797,-54.916255950927734,1
Melinda disturbed that man.,Melinda disturbed those man.,morphology,determiner_noun_agreement,determiner_noun_agreement_irregular_2,True,False,True,True,965,-47.91114044189453,-48.64922332763672,1
Many customers can run around this oasis.,Many customers can run around these oasis.,morphology,determiner_noun_agreement,determiner_noun_agreement_irregular_2,True,False,True,True,966,-49.153438568115234,-50.496986389160156,1
A hospital distracts these women.,A hospital distracts this women.,morphology,determiner_noun_agreement,determiner_noun_agreement_irregular_2,True,False,True,True,967,-51.14813995361328,-52.531402587890625,1
Sarah loved that child.,Sarah loved those child.,morphology,determiner_noun_agreement,determiner_noun_agreement_irregular_2,True,False,True,True,968,-35.072853088378906,-36.05718231201172,1
Nancy appreciates these syntheses.,Nancy appreciates this syntheses.,morphology,determiner_noun_agreement,determiner_noun_agreement_irregular_2,True,False,True,True,969,-54.27485656738281,-51.55195999145508,0
Kayla praised that alumnus.,Kayla praised those alumnus.,morphology,determiner_noun_agreement,determiner_noun_agreement_irregular_2,True,False,True,True,970,-51.703216552734375,-55.03131103515625,1
Jacqueline skates around this oasis.,Jacqueline skates around these oasis.,morphology,determiner_noun_agreement,determiner_noun_agreement_irregular_2,True,False,True,True,971,-56.03519058227539,-59.173988342285156,1
Chad might talk about these oases.,Chad might talk about this oases.,morphology,determiner_noun_agreement,determiner_noun_agreement_irregular_2,True,False,True,True,972,-55.22464370727539,-53.686370849609375,0
The Clintons arrive at that oasis.,The Clintons arrive at those oasis.,morphology,determiner_noun_agreement,determiner_noun_agreement_irregular_2,True,False,True,True,973,-50.47772216796875,-51.53291320800781,1
Teresa isn't revealing that woman.,Teresa isn't revealing those woman.,morphology,determiner_noun_agreement,determiner_noun_agreement_irregular_2,True,False,True,True,974,-44.59205627441406,-51.611148834228516,1
All cashiers weren't embarrassing those women.,All cashiers weren't embarrassing that women.,morphology,determiner_noun_agreement,determiner_noun_agreement_irregular_2,True,False,True,True,975,-68.13671875,-64.01897430419922,0
Tracy argued about these phenomena.,Tracy argued about this phenomena.,morphology,determiner_noun_agreement,determiner_noun_agreement_irregular_2,True,False,True,True,976,-49.52580261230469,-50.680484771728516,1
Theodore helps that person.,Theodore helps those person.,morphology,determiner_noun_agreement,determiner_noun_agreement_irregular_2,True,False,True,True,977,-46.21501159667969,-45.09649658203125,0
The library has these lice.,The library has this lice.,morphology,determiner_noun_agreement,determiner_noun_agreement_irregular_2,True,False,True,True,978,-43.140350341796875,-42.67903137207031,0
That boy biked to those oases.,That boy biked to that oases.,morphology,determiner_noun_agreement,determiner_noun_agreement_irregular_2,True,False,True,True,979,-58.88191223144531,-58.87508010864258,0
Diana might complain about that person.,Diana might complain about those person.,morphology,determiner_noun_agreement,determiner_noun_agreement_irregular_2,True,False,True,True,980,-45.48860168457031,-50.75786590576172,1
Meredith escaped from these people.,Meredith escaped from this people.,morphology,determiner_noun_agreement,determiner_noun_agreement_irregular_2,True,False,True,True,981,-48.994232177734375,-47.91807556152344,0
The committees impress that alumnus.,The committees impress those alumnus.,morphology,determiner_noun_agreement,determiner_noun_agreement_irregular_2,True,False,True,True,982,-52.3172492980957,-55.08951950073242,1
Raymond hated that man.,Raymond hated those man.,morphology,determiner_noun_agreement,determiner_noun_agreement_irregular_2,True,False,True,True,983,-45.01976776123047,-47.15009307861328,1
Natalie boasted about these people.,Natalie boasted about this people.,morphology,determiner_noun_agreement,determiner_noun_agreement_irregular_2,True,False,True,True,984,-42.977081298828125,-43.42271041870117,1
All senators return to those children.,All senators return to that children.,morphology,determiner_noun_agreement,determiner_noun_agreement_irregular_2,True,False,True,True,985,-43.66126251220703,-45.9060173034668,1
A candle disturbed that man.,A candle disturbed those man.,morphology,determiner_noun_agreement,determiner_noun_agreement_irregular_2,True,False,True,True,986,-50.3664436340332,-51.443214416503906,1
Those men shouldn't hire that child.,Those men shouldn't hire those child.,morphology,determiner_noun_agreement,determiner_noun_agreement_irregular_2,True,False,True,True,987,-56.917362213134766,-55.71228790283203,0
All children research that basis.,All children research those basis.,morphology,determiner_noun_agreement,determiner_noun_agreement_irregular_2,True,False,True,True,988,-47.07874298095703,-48.64460754394531,1
Some stairs would bore these men.,Some stairs would bore this men.,morphology,determiner_noun_agreement,determiner_noun_agreement_irregular_2,True,False,True,True,989,-50.63383483886719,-53.83184051513672,1
Tracy helps those children.,Tracy helps that children.,morphology,determiner_noun_agreement,determiner_noun_agreement_irregular_2,True,False,True,True,990,-40.24576950073242,-41.71815872192383,1
Carmen doesn't scan those analyses.,Carmen doesn't scan that analyses.,morphology,determiner_noun_agreement,determiner_noun_agreement_irregular_2,True,False,True,True,991,-61.662689208984375,-62.93459701538086,1
Susan hasn't exited those oases.,Susan hasn't exited that oases.,morphology,determiner_noun_agreement,determiner_noun_agreement_irregular_2,True,False,True,True,992,-59.665985107421875,-59.80812072753906,1
This restaurant can aggravate this child.,This restaurant can aggravate these child.,morphology,determiner_noun_agreement,determiner_noun_agreement_irregular_2,True,False,True,True,993,-45.76456832885742,-50.3632698059082,1
The cashier hates these people.,The cashier hates this people.,morphology,determiner_noun_agreement,determiner_noun_agreement_irregular_2,True,False,True,True,994,-47.78266143798828,-49.55897903442383,1
Judy did admire these fungi.,Judy did admire this fungi.,morphology,determiner_noun_agreement,determiner_noun_agreement_irregular_2,True,False,True,True,995,-55.89576721191406,-56.5410270690918,1
Ann hugged this alumnus.,Ann hugged these alumnus.,morphology,determiner_noun_agreement,determiner_noun_agreement_irregular_2,True,False,True,True,996,-44.810951232910156,-44.57376480102539,0
Those companies hire these men.,Those companies hire this men.,morphology,determiner_noun_agreement,determiner_noun_agreement_irregular_2,True,False,True,True,997,-46.29803466796875,-48.59129333496094,1
Carl talked to this alumnus.,Carl talked to these alumnus.,morphology,determiner_noun_agreement,determiner_noun_agreement_irregular_2,True,False,True,True,998,-44.971214294433594,-45.619361877441406,1
Every actor isn't fleeing from these oases.,Every actor isn't fleeing from this oases.,morphology,determiner_noun_agreement,determiner_noun_agreement_irregular_2,True,False,True,True,999,-71.62548065185547,-69.84708404541016,0
