sentence_good,sentence_bad,field,linguistics_term,UID,simple_LM_method,one_prefix_method,two_prefix_method,lexically_identical,pair_id,good_prob,bad_prob,correct
No girl attacked fewer than two waiters.,No girl attacked at most two waiters.,semantics,quantifiers,superlative_quantifiers_1,True,False,False,False,0,-61.21259689331055,-59.95123291015625,0
No person would bring fewer than three gates.,No person would bring at most three gates.,semantics,quantifiers,superlative_quantifiers_1,True,False,False,False,1,-49.03253936767578,-50.69166564941406,1
No actor had driven to fewer than four malls.,No actor had driven to at most four malls.,semantics,quantifiers,superlative_quantifiers_1,True,False,False,False,2,-65.13374328613281,-68.0706787109375,1
No pedestrian is observing more than seven waiters.,No pedestrian is observing at least seven waiters.,semantics,quantifiers,superlative_quantifiers_1,True,False,False,False,3,-62.843570709228516,-61.942298889160156,0
No boy could reference fewer than nine drivers.,No boy could reference at most nine drivers.,semantics,quantifiers,superlative_quantifiers_1,True,False,False,False,4,-61.90780258178711,-64.11001586914062,1
No actor has sounded like more than nine mountains.,No actor has sounded like at least nine mountains.,semantics,quantifiers,superlative_quantifiers_1,True,False,False,False,5,-59.66573715209961,-61.292537689208984,1
No sock annoyed more than seven companies.,No sock annoyed at least seven companies.,semantics,quantifiers,superlative_quantifiers_1,True,False,False,False,6,-54.0947265625,-53.722713470458984,0
No man has revealed more than five forks.,No man has revealed at least five forks.,semantics,quantifiers,superlative_quantifiers_1,True,False,False,False,7,-48.923500061035156,-49.6944580078125,1
No customer would resemble more than eight pictures.,No customer would resemble at least eight pictures.,semantics,quantifiers,superlative_quantifiers_1,True,False,False,False,8,-50.61006164550781,-53.98758316040039,1
No waiter had referenced more than ten teenagers.,No waiter had referenced at least ten teenagers.,semantics,quantifiers,superlative_quantifiers_1,True,False,False,False,9,-55.85783386230469,-57.690101623535156,1
No adult skated around more than seven lakes.,No adult skated around at least seven lakes.,semantics,quantifiers,superlative_quantifiers_1,True,False,False,False,10,-62.38815689086914,-64.73171997070312,1
No woman exited fewer than five public parks.,No woman exited at most five public parks.,semantics,quantifiers,superlative_quantifiers_1,True,False,False,False,11,-62.35367202758789,-61.29149627685547,0
No hamster had climbed down more than five hills.,No hamster had climbed down at least five hills.,semantics,quantifiers,superlative_quantifiers_1,True,False,False,False,12,-66.8434829711914,-65.19168853759766,0
No university might confuse fewer than four men.,No university might confuse at most four men.,semantics,quantifiers,superlative_quantifiers_1,True,False,False,False,13,-59.022396087646484,-62.6318359375,1
No lady brought more than two high schools.,No lady brought at least two high schools.,semantics,quantifiers,superlative_quantifiers_1,True,False,False,False,14,-48.456207275390625,-51.155174255371094,1
No apple distracted fewer than five hospitals.,No apple distracted at most five hospitals.,semantics,quantifiers,superlative_quantifiers_1,True,False,False,False,15,-58.12226867675781,-59.4886474609375,1
No actor complained about more than two actresses.,No actor complained about at least two actresses.,semantics,quantifiers,superlative_quantifiers_1,True,False,False,False,16,-53.557830810546875,-56.12033462524414,1
No college campus astounded more than five libraries.,No college campus astounded at least five libraries.,semantics,quantifiers,superlative_quantifiers_1,True,False,False,False,17,-65.44640350341797,-64.19306945800781,0
No cafe is disgusting more than seven associations.,No cafe is disgusting at least seven associations.,semantics,quantifiers,superlative_quantifiers_1,True,False,False,False,18,-56.9355354309082,-55.1798095703125,0
No guest was touring fewer than nine schools.,No guest was touring at most nine schools.,semantics,quantifiers,superlative_quantifiers_1,True,False,False,False,19,-60.98604202270508,-59.16437530517578,0
No actor remembers fewer than seven documentaries.,No actor remembers at most seven documentaries.,semantics,quantifiers,superlative_quantifiers_1,True,False,False,False,20,-58.31264114379883,-58.464683532714844,1
No wheelbarrow does hurt more than nine dancers.,No wheelbarrow does hurt at least nine dancers.,semantics,quantifiers,superlative_quantifiers_1,True,False,False,False,21,-79.74893188476562,-77.94047546386719,0
No driver was researching more than three associations.,No driver was researching at least three associations.,semantics,quantifiers,superlative_quantifiers_1,True,False,False,False,22,-47.9608154296875,-49.827308654785156,1
No adult is passing fewer than five schools.,No adult is passing at most five schools.,semantics,quantifiers,superlative_quantifiers_1,True,False,False,False,23,-53.32762145996094,-54.277740478515625,1
No actor could approach fewer than ten waiters.,No actor could approach at most ten waiters.,semantics,quantifiers,superlative_quantifiers_1,True,False,False,False,24,-71.59471130371094,-72.54496765136719,1
No actress was skated around fewer than seven rivers.,No actress was skated around at most seven rivers.,semantics,quantifiers,superlative_quantifiers_1,True,False,False,False,25,-72.67475891113281,-74.75574493408203,1
No guest visits more than nine cashiers.,No guest visits at least nine cashiers.,semantics,quantifiers,superlative_quantifiers_1,True,False,False,False,26,-58.3745002746582,-58.36860656738281,0
No eggplant has worried fewer than seven boys.,No eggplant has worried at most seven boys.,semantics,quantifiers,superlative_quantifiers_1,True,False,False,False,27,-65.86305236816406,-66.87410736083984,1
No man had discussed fewer than nine high schools.,No man had discussed at most nine high schools.,semantics,quantifiers,superlative_quantifiers_1,True,False,False,False,28,-62.730628967285156,-62.92283248901367,1
No cart has aggravated fewer than two actresses.,No cart has aggravated at most two actresses.,semantics,quantifiers,superlative_quantifiers_1,True,False,False,False,29,-62.78718566894531,-64.73788452148438,1
No library had forgotten fewer than nine commentaries.,No library had forgotten at most nine commentaries.,semantics,quantifiers,superlative_quantifiers_1,True,False,False,False,30,-75.40597534179688,-76.1948471069336,1
No guest is hiding more than eight bikes.,No guest is hiding at least eight bikes.,semantics,quantifiers,superlative_quantifiers_1,True,False,False,False,31,-54.150856018066406,-53.83052444458008,0
No teenager cleaned more than two college campuses.,No teenager cleaned at least two college campuses.,semantics,quantifiers,superlative_quantifiers_1,True,False,False,False,32,-57.515960693359375,-55.94573974609375,0
No guest had discussed more than three essays.,No guest had discussed at least three essays.,semantics,quantifiers,superlative_quantifiers_1,True,False,False,False,33,-53.930519104003906,-54.56690979003906,1
No patient had talked to more than four teachers.,No patient had talked to at least four teachers.,semantics,quantifiers,superlative_quantifiers_1,True,False,False,False,34,-56.31717300415039,-58.307769775390625,1
No waitress descends fewer than four ladders.,No waitress descends at most four ladders.,semantics,quantifiers,superlative_quantifiers_1,True,False,False,False,35,-71.28656005859375,-72.22879028320312,1
No guest discovers more than nine blouses.,No guest discovers at least nine blouses.,semantics,quantifiers,superlative_quantifiers_1,True,False,False,False,36,-59.66912078857422,-62.36399841308594,1
No slope disturbs more than three men.,No slope disturbs at least three men.,semantics,quantifiers,superlative_quantifiers_1,True,False,False,False,37,-54.11457824707031,-54.21259689331055,1
No guy has helped fewer than seven actresses.,No guy has helped at most seven actresses.,semantics,quantifiers,superlative_quantifiers_1,True,False,False,False,38,-54.71906280517578,-57.20708465576172,1
No guest could wear fewer than three scarves.,No guest could wear at most three scarves.,semantics,quantifiers,superlative_quantifiers_1,True,False,False,False,39,-67.39387512207031,-67.17447662353516,0
No driver climbs up more than five hills.,No driver climbs up at least five hills.,semantics,quantifiers,superlative_quantifiers_1,True,False,False,False,40,-58.18873596191406,-56.82215881347656,0
No commentary had sounded like fewer than nine glaciers.,No commentary had sounded like at most nine glaciers.,semantics,quantifiers,superlative_quantifiers_1,True,False,False,False,41,-70.57200622558594,-73.70244598388672,1
No actress upset fewer than ten waiters.,No actress upset at most ten waiters.,semantics,quantifiers,superlative_quantifiers_1,True,False,False,False,42,-68.07791137695312,-67.02872467041016,0
No girl passes fewer than two college campuses.,No girl passes at most two college campuses.,semantics,quantifiers,superlative_quantifiers_1,True,False,False,False,43,-61.337005615234375,-57.76369094848633,0
No pepper resembles more than two sketches.,No pepper resembles at least two sketches.,semantics,quantifiers,superlative_quantifiers_1,True,False,False,False,44,-50.324546813964844,-54.50508499145508,1
No teacher had arrived at fewer than eight banks.,No teacher had arrived at at most eight banks.,semantics,quantifiers,superlative_quantifiers_1,True,False,False,False,45,-59.43980407714844,-62.72618103027344,1
No child has complained about fewer than nine documentaries.,No child has complained about at most nine documentaries.,semantics,quantifiers,superlative_quantifiers_1,True,False,False,False,46,-63.66451644897461,-68.77896118164062,1
No adult lifts more than two cakes.,No adult lifts at least two cakes.,semantics,quantifiers,superlative_quantifiers_1,True,False,False,False,47,-49.35237121582031,-49.43586730957031,1
No museum might fire more than ten teachers.,No museum might fire at least ten teachers.,semantics,quantifiers,superlative_quantifiers_1,True,False,False,False,48,-55.557151794433594,-54.78134536743164,0
No doctor distracted more than four museums.,No doctor distracted at least four museums.,semantics,quantifiers,superlative_quantifiers_1,True,False,False,False,49,-51.55940246582031,-53.26276397705078,1
No waiter broke fewer than seven forks.,No waiter broke at most seven forks.,semantics,quantifiers,superlative_quantifiers_1,True,False,False,False,50,-55.91813659667969,-57.62492370605469,1
No government listened to fewer than four waitresses.,No government listened to at most four waitresses.,semantics,quantifiers,superlative_quantifiers_1,True,False,False,False,51,-67.5463638305664,-71.15037536621094,1
No boy knew fewer than six guys.,No boy knew at most six guys.,semantics,quantifiers,superlative_quantifiers_1,True,False,False,False,52,-50.87630081176758,-50.871952056884766,0
No painting could embarrass more than five women.,No painting could embarrass at least five women.,semantics,quantifiers,superlative_quantifiers_1,True,False,False,False,53,-55.744686126708984,-53.43330383300781,0
No teacher helped more than eight waiters.,No teacher helped at least eight waiters.,semantics,quantifiers,superlative_quantifiers_1,True,False,False,False,54,-53.710479736328125,-57.22739028930664,1
No lady walked through fewer than ten banks.,No lady walked through at most ten banks.,semantics,quantifiers,superlative_quantifiers_1,True,False,False,False,55,-56.71080017089844,-59.04723358154297,1
No cashier has observed fewer than two waiters.,No cashier has observed at most two waiters.,semantics,quantifiers,superlative_quantifiers_1,True,False,False,False,56,-68.33026885986328,-71.22503662109375,1
No print will look like more than two fish.,No print will look like at least two fish.,semantics,quantifiers,superlative_quantifiers_1,True,False,False,False,57,-47.292205810546875,-49.50103759765625,1
No patient hugged more than five people.,No patient hugged at least five people.,semantics,quantifiers,superlative_quantifiers_1,True,False,False,False,58,-43.52289581298828,-45.87068557739258,1
No fish was looking like more than five drawings.,No fish was looking like at least five drawings.,semantics,quantifiers,superlative_quantifiers_1,True,False,False,False,59,-54.80323791503906,-57.457115173339844,1
No lady might break more than six bikes.,No lady might break at least six bikes.,semantics,quantifiers,superlative_quantifiers_1,True,False,False,False,60,-52.786983489990234,-52.2944221496582,0
No hospital had loved fewer than eight patients.,No hospital had loved at most eight patients.,semantics,quantifiers,superlative_quantifiers_1,True,False,False,False,61,-57.785057067871094,-58.81654357910156,1
No boy notices more than seven schools.,No boy notices at least seven schools.,semantics,quantifiers,superlative_quantifiers_1,True,False,False,False,62,-47.84906005859375,-49.96232604980469,1
No customer ran around more than three restaurants.,No customer ran around at least three restaurants.,semantics,quantifiers,superlative_quantifiers_1,True,False,False,False,63,-51.98420333862305,-52.095245361328125,1
No doctor arrived at fewer than nine high schools.,No doctor arrived at at most nine high schools.,semantics,quantifiers,superlative_quantifiers_1,True,False,False,False,64,-61.184295654296875,-64.59513854980469,1
No actress has run around fewer than ten rivers.,No actress has run around at most ten rivers.,semantics,quantifiers,superlative_quantifiers_1,True,False,False,False,65,-63.08184814453125,-65.22478485107422,1
No guy took more than five snakes.,No guy took at least five snakes.,semantics,quantifiers,superlative_quantifiers_1,True,False,False,False,66,-44.25831985473633,-45.349937438964844,1
No person will respect fewer than eight students.,No person will respect at most eight students.,semantics,quantifiers,superlative_quantifiers_1,True,False,False,False,67,-55.48905944824219,-54.12821960449219,0
No committee had boasted about more than six people.,No committee had boasted about at least six people.,semantics,quantifiers,superlative_quantifiers_1,True,False,False,False,68,-57.63296127319336,-59.77695083618164,1
No boy can investigate more than six women.,No boy can investigate at least six women.,semantics,quantifiers,superlative_quantifiers_1,True,False,False,False,69,-47.743797302246094,-52.22232437133789,1
No cashier can love fewer than ten stories.,No cashier can love at most ten stories.,semantics,quantifiers,superlative_quantifiers_1,True,False,False,False,70,-63.66932678222656,-65.82323455810547,1
No teacher is finding fewer than two sketches.,No teacher is finding at most two sketches.,semantics,quantifiers,superlative_quantifiers_1,True,False,False,False,71,-54.6950569152832,-55.62358856201172,1
No carriage does confuse more than seven adults.,No carriage does confuse at least seven adults.,semantics,quantifiers,superlative_quantifiers_1,True,False,False,False,72,-58.75608825683594,-60.116512298583984,1
No committee has fewer than ten blouses.,No committee has at most ten blouses.,semantics,quantifiers,superlative_quantifiers_1,True,False,False,False,73,-57.14542007446289,-61.04553985595703,1
No person is running around fewer than two closets.,No person is running around at most two closets.,semantics,quantifiers,superlative_quantifiers_1,True,False,False,False,74,-55.090309143066406,-54.16749572753906,0
No actor admires more than five candles.,No actor admires at least five candles.,semantics,quantifiers,superlative_quantifiers_1,True,False,False,False,75,-59.92439651489258,-58.233917236328125,0
No patient thought about more than six books.,No patient thought about at least six books.,semantics,quantifiers,superlative_quantifiers_1,True,False,False,False,76,-48.27159881591797,-49.24024963378906,1
No mall disturbed fewer than six men.,No mall disturbed at most six men.,semantics,quantifiers,superlative_quantifiers_1,True,False,False,False,77,-57.51966094970703,-56.88157653808594,0
No teacher has cared for fewer than eight boys.,No teacher has cared for at most eight boys.,semantics,quantifiers,superlative_quantifiers_1,True,False,False,False,78,-54.31001663208008,-59.00801086425781,1
No lady notices fewer than two turtles.,No lady notices at most two turtles.,semantics,quantifiers,superlative_quantifiers_1,True,False,False,False,79,-57.76954650878906,-57.633445739746094,0
No child has worked with more than five waitresses.,No child has worked with at least five waitresses.,semantics,quantifiers,superlative_quantifiers_1,True,False,False,False,80,-59.21600341796875,-62.13385009765625,1
No actress had praised fewer than seven patients.,No actress had praised at most seven patients.,semantics,quantifiers,superlative_quantifiers_1,True,False,False,False,81,-60.37472152709961,-60.27528381347656,0
No cashier examined more than nine plays.,No cashier examined at least nine plays.,semantics,quantifiers,superlative_quantifiers_1,True,False,False,False,82,-57.476707458496094,-57.910926818847656,1
No waiter is observing more than six teenagers.,No waiter is observing at least six teenagers.,semantics,quantifiers,superlative_quantifiers_1,True,False,False,False,83,-56.05558776855469,-54.927223205566406,0
No woman was talking to more than eight customers.,No woman was talking to at least eight customers.,semantics,quantifiers,superlative_quantifiers_1,True,False,False,False,84,-50.05619812011719,-52.40275955200195,1
No patient was firing fewer than seven cashiers.,No patient was firing at most seven cashiers.,semantics,quantifiers,superlative_quantifiers_1,True,False,False,False,85,-66.8084716796875,-68.12126159667969,1
No customer had praised fewer than nine newspaper articles.,No customer had praised at most nine newspaper articles.,semantics,quantifiers,superlative_quantifiers_1,True,False,False,False,86,-76.18833923339844,-76.61344909667969,1
No senator conceals fewer than eight guests.,No senator conceals at most eight guests.,semantics,quantifiers,superlative_quantifiers_1,True,False,False,False,87,-70.42129516601562,-66.96063232421875,0
No student is admiring fewer than ten waitresses.,No student is admiring at most ten waitresses.,semantics,quantifiers,superlative_quantifiers_1,True,False,False,False,88,-77.28604888916016,-77.63740539550781,1
No painting does hurt more than seven doctors.,No painting does hurt at least seven doctors.,semantics,quantifiers,superlative_quantifiers_1,True,False,False,False,89,-57.44317626953125,-56.21090316772461,0
No student should escape from fewer than six public parks.,No student should escape from at most six public parks.,semantics,quantifiers,superlative_quantifiers_1,True,False,False,False,90,-70.61798858642578,-74.00973510742188,1
No lady healed fewer than three ladies.,No lady healed at most three ladies.,semantics,quantifiers,superlative_quantifiers_1,True,False,False,False,91,-52.9542236328125,-52.67059326171875,0
No skateboard had alarmed more than nine boys.,No skateboard had alarmed at least nine boys.,semantics,quantifiers,superlative_quantifiers_1,True,False,False,False,92,-65.0434341430664,-63.76671600341797,0
No teacher cleans fewer than two restaurants.,No teacher cleans at most two restaurants.,semantics,quantifiers,superlative_quantifiers_1,True,False,False,False,93,-54.57795715332031,-53.286590576171875,0
No actor breaks fewer than six forks.,No actor breaks at most six forks.,semantics,quantifiers,superlative_quantifiers_1,True,False,False,False,94,-58.07341766357422,-57.131126403808594,0
No actress was thinking about fewer than six senators.,No actress was thinking about at most six senators.,semantics,quantifiers,superlative_quantifiers_1,True,False,False,False,95,-60.92804718017578,-64.54320526123047,1
No report does alarm fewer than nine banks.,No report does alarm at most nine banks.,semantics,quantifiers,superlative_quantifiers_1,True,False,False,False,96,-60.86085891723633,-63.618492126464844,1
No university had listened to more than ten drivers.,No university had listened to at least ten drivers.,semantics,quantifiers,superlative_quantifiers_1,True,False,False,False,97,-55.197731018066406,-58.582645416259766,1
No teacher is biking to fewer than seven banks.,No teacher is biking to at most seven banks.,semantics,quantifiers,superlative_quantifiers_1,True,False,False,False,98,-62.29193878173828,-66.47986602783203,1
No adult knows more than two girls.,No adult knows at least two girls.,semantics,quantifiers,superlative_quantifiers_1,True,False,False,False,99,-42.13134765625,-44.29552459716797,1
No plate has impressed more than two cashiers.,No plate has impressed at least two cashiers.,semantics,quantifiers,superlative_quantifiers_1,True,False,False,False,100,-60.615455627441406,-59.53166961669922,0
No waiter attacks more than six waiters.,No waiter attacks at least six waiters.,semantics,quantifiers,superlative_quantifiers_1,True,False,False,False,101,-59.64576721191406,-60.875858306884766,1
No student had left fewer than two banks.,No student had left at most two banks.,semantics,quantifiers,superlative_quantifiers_1,True,False,False,False,102,-53.41244888305664,-52.05862808227539,0
No patient hired fewer than nine men.,No patient hired at most nine men.,semantics,quantifiers,superlative_quantifiers_1,True,False,False,False,103,-52.53463363647461,-54.626922607421875,1
No bird descends fewer than three hills.,No bird descends at most three hills.,semantics,quantifiers,superlative_quantifiers_1,True,False,False,False,104,-61.88489532470703,-61.664146423339844,0
No woman was criticizing more than seven teenagers.,No woman was criticizing at least seven teenagers.,semantics,quantifiers,superlative_quantifiers_1,True,False,False,False,105,-54.451107025146484,-55.922794342041016,1
No waitress visited fewer than three teenagers.,No waitress visited at most three teenagers.,semantics,quantifiers,superlative_quantifiers_1,True,False,False,False,106,-54.8621826171875,-56.22352600097656,1
No boy researches fewer than six museums.,No boy researches at most six museums.,semantics,quantifiers,superlative_quantifiers_1,True,False,False,False,107,-66.98121643066406,-65.3326187133789,0
No museum was describing more than five ladies.,No museum was describing at least five ladies.,semantics,quantifiers,superlative_quantifiers_1,True,False,False,False,108,-50.6731071472168,-52.22330856323242,1
No dancer likes fewer than eight forks.,No dancer likes at most eight forks.,semantics,quantifiers,superlative_quantifiers_1,True,False,False,False,109,-58.81504821777344,-57.79257583618164,0
No cashier will flee from fewer than four cafes.,No cashier will flee from at most four cafes.,semantics,quantifiers,superlative_quantifiers_1,True,False,False,False,110,-72.73796844482422,-74.66703796386719,1
No dancer had run around fewer than seven art galleries.,No dancer had run around at most seven art galleries.,semantics,quantifiers,superlative_quantifiers_1,True,False,False,False,111,-73.79430389404297,-73.75164031982422,0
No patient was fixing more than four windows.,No patient was fixing at least four windows.,semantics,quantifiers,superlative_quantifiers_1,True,False,False,False,112,-51.95673751831055,-53.74202346801758,1
No waitress breaks more than six unicycles.,No waitress breaks at least six unicycles.,semantics,quantifiers,superlative_quantifiers_1,True,False,False,False,113,-69.26115417480469,-69.00755310058594,0
No hospital praised fewer than six people.,No hospital praised at most six people.,semantics,quantifiers,superlative_quantifiers_1,True,False,False,False,114,-53.103271484375,-54.33177947998047,1
No museum can praise fewer than two guys.,No museum can praise at most two guys.,semantics,quantifiers,superlative_quantifiers_1,True,False,False,False,115,-59.06559371948242,-57.926124572753906,0
No lady will argue about more than six people.,No lady will argue about at least six people.,semantics,quantifiers,superlative_quantifiers_1,True,False,False,False,116,-51.5257568359375,-53.98314666748047,1
No child knew more than nine guys.,No child knew at least nine guys.,semantics,quantifiers,superlative_quantifiers_1,True,False,False,False,117,-48.00525665283203,-48.25275802612305,1
No pedestrian has skated around more than three lakes.,No pedestrian has skated around at least three lakes.,semantics,quantifiers,superlative_quantifiers_1,True,False,False,False,118,-69.74026489257812,-70.96865844726562,1
No organization has criticized more than five rivers.,No organization has criticized at least five rivers.,semantics,quantifiers,superlative_quantifiers_1,True,False,False,False,119,-54.50291442871094,-53.64019012451172,0
No child will disgust fewer than four children.,No child will disgust at most four children.,semantics,quantifiers,superlative_quantifiers_1,True,False,False,False,120,-57.7230339050293,-55.96417236328125,0
No museum has impressed fewer than nine senators.,No museum has impressed at most nine senators.,semantics,quantifiers,superlative_quantifiers_1,True,False,False,False,121,-62.93537139892578,-64.18467712402344,1
No teenager will escape from fewer than two college campuses.,No teenager will escape from at most two college campuses.,semantics,quantifiers,superlative_quantifiers_1,True,False,False,False,122,-70.27925109863281,-72.7010498046875,1
No lady can boycott fewer than six governments.,No lady can boycott at most six governments.,semantics,quantifiers,superlative_quantifiers_1,True,False,False,False,123,-61.633087158203125,-63.12291717529297,1
No sketch would irritate more than three actresses.,No sketch would irritate at least three actresses.,semantics,quantifiers,superlative_quantifiers_1,True,False,False,False,124,-62.39735794067383,-62.27561569213867,0
No patient has sounded like more than seven senators.,No patient has sounded like at least seven senators.,semantics,quantifiers,superlative_quantifiers_1,True,False,False,False,125,-59.88304901123047,-61.365806579589844,1
No customer has appreciated more than two dancers.,No customer has appreciated at least two dancers.,semantics,quantifiers,superlative_quantifiers_1,True,False,False,False,126,-53.107879638671875,-53.48274612426758,1
No legislature forgot fewer than four patients.,No legislature forgot at most four patients.,semantics,quantifiers,superlative_quantifiers_1,True,False,False,False,127,-53.43437194824219,-55.63521957397461,1
No actor cured more than five dancers.,No actor cured at least five dancers.,semantics,quantifiers,superlative_quantifiers_1,True,False,False,False,128,-51.904502868652344,-52.66501998901367,1
No lady drives to more than five closets.,No lady drives to at least five closets.,semantics,quantifiers,superlative_quantifiers_1,True,False,False,False,129,-56.297935485839844,-57.652313232421875,1
No person is discussing fewer than ten patients.,No person is discussing at most ten patients.,semantics,quantifiers,superlative_quantifiers_1,True,False,False,False,130,-48.312068939208984,-50.64868927001953,1
No waitress worked with more than seven patients.,No waitress worked with at least seven patients.,semantics,quantifiers,superlative_quantifiers_1,True,False,False,False,131,-47.77522277832031,-51.54956817626953,1
No person healed more than five ladies.,No person healed at least five ladies.,semantics,quantifiers,superlative_quantifiers_1,True,False,False,False,132,-46.21492004394531,-46.75771713256836,1
No guest bored more than eight senators.,No guest bored at least eight senators.,semantics,quantifiers,superlative_quantifiers_1,True,False,False,False,133,-53.4411735534668,-55.43406677246094,1
No cashier had lifted more than nine windows.,No cashier had lifted at least nine windows.,semantics,quantifiers,superlative_quantifiers_1,True,False,False,False,134,-62.28297424316406,-61.76214599609375,0
No lamp might upset fewer than three actors.,No lamp might upset at most three actors.,semantics,quantifiers,superlative_quantifiers_1,True,False,False,False,135,-62.82596206665039,-60.839881896972656,0
No woman drove to more than three glaciers.,No woman drove to at least three glaciers.,semantics,quantifiers,superlative_quantifiers_1,True,False,False,False,136,-49.304168701171875,-51.832862854003906,1
No organization respects fewer than seven actors.,No organization respects at most seven actors.,semantics,quantifiers,superlative_quantifiers_1,True,False,False,False,137,-54.8169059753418,-56.22200012207031,1
No university is firing more than five senators.,No university is firing at least five senators.,semantics,quantifiers,superlative_quantifiers_1,True,False,False,False,138,-54.40647506713867,-53.52456283569336,0
No adult bikes to fewer than five libraries.,No adult bikes to at most five libraries.,semantics,quantifiers,superlative_quantifiers_1,True,False,False,False,139,-56.34111785888672,-59.599761962890625,1
No actress did cure fewer than eight teachers.,No actress did cure at most eight teachers.,semantics,quantifiers,superlative_quantifiers_1,True,False,False,False,140,-63.763427734375,-65.48704528808594,1
No guest is firing more than eight women.,No guest is firing at least eight women.,semantics,quantifiers,superlative_quantifiers_1,True,False,False,False,141,-50.84967041015625,-51.38661193847656,1
No doctor skates around more than seven malls.,No doctor skates around at least seven malls.,semantics,quantifiers,superlative_quantifiers_1,True,False,False,False,142,-64.10181427001953,-65.90438079833984,1
No guest would work with fewer than seven patients.,No guest would work with at most seven patients.,semantics,quantifiers,superlative_quantifiers_1,True,False,False,False,143,-56.20494842529297,-61.01717758178711,1
No man took fewer than seven malls.,No man took at most seven malls.,semantics,quantifiers,superlative_quantifiers_1,True,False,False,False,144,-52.28834533691406,-51.49870300292969,0
No girl does run around more than six libraries.,No girl does run around at least six libraries.,semantics,quantifiers,superlative_quantifiers_1,True,False,False,False,145,-57.9592399597168,-57.63530731201172,0
No girl references fewer than six teachers.,No girl references at most six teachers.,semantics,quantifiers,superlative_quantifiers_1,True,False,False,False,146,-56.04536437988281,-54.31095504760742,0
No waitress had hidden fewer than nine slopes.,No waitress had hidden at most nine slopes.,semantics,quantifiers,superlative_quantifiers_1,True,False,False,False,147,-65.7253646850586,-64.57504272460938,0
No teacher was messing up more than three plates.,No teacher was messing up at least three plates.,semantics,quantifiers,superlative_quantifiers_1,True,False,False,False,148,-57.15779495239258,-56.08964157104492,0
No adult passes more than three lakes.,No adult passes at least three lakes.,semantics,quantifiers,superlative_quantifiers_1,True,False,False,False,149,-45.8656120300293,-45.85065841674805,0
No lady did talk about fewer than five doctors.,No lady did talk about at most five doctors.,semantics,quantifiers,superlative_quantifiers_1,True,False,False,False,150,-60.02742385864258,-62.75722885131836,1
No actor sees fewer than three trucks.,No actor sees at most three trucks.,semantics,quantifiers,superlative_quantifiers_1,True,False,False,False,151,-52.302154541015625,-53.06633758544922,1
No doctor does forget fewer than four guys.,No doctor does forget at most four guys.,semantics,quantifiers,superlative_quantifiers_1,True,False,False,False,152,-61.6137580871582,-59.94837951660156,0
No print looked like more than eight shawls.,No print looked like at least eight shawls.,semantics,quantifiers,superlative_quantifiers_1,True,False,False,False,153,-64.82244110107422,-65.59519958496094,1
No guy had listened to fewer than eight waitresses.,No guy had listened to at most eight waitresses.,semantics,quantifiers,superlative_quantifiers_1,True,False,False,False,154,-73.07803344726562,-75.39143371582031,1
No patient hugs more than six girls.,No patient hugs at least six girls.,semantics,quantifiers,superlative_quantifiers_1,True,False,False,False,155,-49.13134002685547,-48.81260681152344,0
No senator had talked to more than nine customers.,No senator had talked to at least nine customers.,semantics,quantifiers,superlative_quantifiers_1,True,False,False,False,156,-58.980224609375,-61.50254821777344,1
No person examines more than two reports.,No person examines at least two reports.,semantics,quantifiers,superlative_quantifiers_1,True,False,False,False,157,-42.58818054199219,-44.49816131591797,1
No scarf should look like fewer than ten drawings.,No scarf should look like at most ten drawings.,semantics,quantifiers,superlative_quantifiers_1,True,False,False,False,158,-60.751068115234375,-63.326934814453125,1
No boy would visit fewer than six children.,No boy would visit at most six children.,semantics,quantifiers,superlative_quantifiers_1,True,False,False,False,159,-52.75699234008789,-54.6229248046875,1
No doctor fires fewer than four patients.,No doctor fires at most four patients.,semantics,quantifiers,superlative_quantifiers_1,True,False,False,False,160,-52.42687225341797,-50.92052459716797,0
No print did look like more than seven pies.,No print did look like at least seven pies.,semantics,quantifiers,superlative_quantifiers_1,True,False,False,False,161,-57.78638458251953,-59.561317443847656,1
No waitress should conceal fewer than ten essays.,No waitress should conceal at most ten essays.,semantics,quantifiers,superlative_quantifiers_1,True,False,False,False,162,-63.320655822753906,-66.14606475830078,1
No driver discovered fewer than nine teenagers.,No driver discovered at most nine teenagers.,semantics,quantifiers,superlative_quantifiers_1,True,False,False,False,163,-55.7793083190918,-56.98725128173828,1
No actress sells more than two screens.,No actress sells at least two screens.,semantics,quantifiers,superlative_quantifiers_1,True,False,False,False,164,-45.0943717956543,-46.985260009765625,1
No rabbit finds fewer than eight banks.,No rabbit finds at most eight banks.,semantics,quantifiers,superlative_quantifiers_1,True,False,False,False,165,-52.64097595214844,-53.454994201660156,1
No senator kisses more than eight guys.,No senator kisses at least eight guys.,semantics,quantifiers,superlative_quantifiers_1,True,False,False,False,166,-50.2255859375,-52.05681228637695,1
No play is scaring fewer than seven waitresses.,No play is scaring at most seven waitresses.,semantics,quantifiers,superlative_quantifiers_1,True,False,False,False,167,-77.15059661865234,-75.965576171875,0
No patient had descended more than three hills.,No patient had descended at least three hills.,semantics,quantifiers,superlative_quantifiers_1,True,False,False,False,168,-52.73984146118164,-54.07322692871094,1
No doctor described more than four books.,No doctor described at least four books.,semantics,quantifiers,superlative_quantifiers_1,True,False,False,False,169,-42.48912811279297,-45.20033645629883,1
No waitress was climbing up fewer than ten steps.,No waitress was climbing up at most ten steps.,semantics,quantifiers,superlative_quantifiers_1,True,False,False,False,170,-63.70989227294922,-60.49538803100586,0
No boy is hiding fewer than two adults.,No boy is hiding at most two adults.,semantics,quantifiers,superlative_quantifiers_1,True,False,False,False,171,-54.122501373291016,-51.993896484375,0
No waiter describes fewer than six teachers.,No waiter describes at most six teachers.,semantics,quantifiers,superlative_quantifiers_1,True,False,False,False,172,-55.293731689453125,-58.2199592590332,1
No child brought fewer than nine bananas.,No child brought at most nine bananas.,semantics,quantifiers,superlative_quantifiers_1,True,False,False,False,173,-58.93951416015625,-59.18138122558594,1
No adult will go to more than six museums.,No adult will go to at least six museums.,semantics,quantifiers,superlative_quantifiers_1,True,False,False,False,174,-50.794654846191406,-53.84032440185547,1
No actor loved more than seven children.,No actor loved at least seven children.,semantics,quantifiers,superlative_quantifiers_1,True,False,False,False,175,-43.201358795166016,-43.90869903564453,1
No dancer passes fewer than six grocery stores.,No dancer passes at most six grocery stores.,semantics,quantifiers,superlative_quantifiers_1,True,False,False,False,176,-66.74627685546875,-63.6235237121582,0
No adult knew more than four doctors.,No adult knew at least four doctors.,semantics,quantifiers,superlative_quantifiers_1,True,False,False,False,177,-47.232906341552734,-49.32464599609375,1
No guest dropped by fewer than nine closets.,No guest dropped by at most nine closets.,semantics,quantifiers,superlative_quantifiers_1,True,False,False,False,178,-68.62600708007812,-70.96499633789062,1
No lady will appreciate fewer than eight books.,No lady will appreciate at most eight books.,semantics,quantifiers,superlative_quantifiers_1,True,False,False,False,179,-54.765228271484375,-56.97865295410156,1
No painting astounded fewer than nine libraries.,No painting astounded at most nine libraries.,semantics,quantifiers,superlative_quantifiers_1,True,False,False,False,180,-65.67950439453125,-62.966094970703125,0
No boy will walk through fewer than seven art galleries.,No boy will walk through at most seven art galleries.,semantics,quantifiers,superlative_quantifiers_1,True,False,False,False,181,-68.72360229492188,-70.71174621582031,1
No association had sold more than nine glasses.,No association had sold at least nine glasses.,semantics,quantifiers,superlative_quantifiers_1,True,False,False,False,182,-54.08466720581055,-53.90852737426758,0
No company has discussed more than six people.,No company has discussed at least six people.,semantics,quantifiers,superlative_quantifiers_1,True,False,False,False,183,-41.83079528808594,-42.15821075439453,1
No snake has descended fewer than eight stairs.,No snake has descended at most eight stairs.,semantics,quantifiers,superlative_quantifiers_1,True,False,False,False,184,-62.82917785644531,-65.57688903808594,1
No person is cleaning more than three movie theaters.,No person is cleaning at least three movie theaters.,semantics,quantifiers,superlative_quantifiers_1,True,False,False,False,185,-58.918235778808594,-58.31977844238281,0
No guy walks through fewer than two restaurants.,No guy walks through at most two restaurants.,semantics,quantifiers,superlative_quantifiers_1,True,False,False,False,186,-56.3718376159668,-56.188514709472656,0
No girl might work with fewer than five ladies.,No girl might work with at most five ladies.,semantics,quantifiers,superlative_quantifiers_1,True,False,False,False,187,-55.30677795410156,-60.001129150390625,1
No driver has messed up more than two restaurants.,No driver has messed up at least two restaurants.,semantics,quantifiers,superlative_quantifiers_1,True,False,False,False,188,-51.828948974609375,-51.001007080078125,0
No driver was healing more than three doctors.,No driver was healing at least three doctors.,semantics,quantifiers,superlative_quantifiers_1,True,False,False,False,189,-51.75007629394531,-50.67794418334961,0
No actor did lift fewer than nine boxes.,No actor did lift at most nine boxes.,semantics,quantifiers,superlative_quantifiers_1,True,False,False,False,190,-63.22046661376953,-62.77886962890625,0
No guy is annoying fewer than two universities.,No guy is annoying at most two universities.,semantics,quantifiers,superlative_quantifiers_1,True,False,False,False,191,-55.86283874511719,-52.45491409301758,0
No waiter could buy more than four snakes.,No waiter could buy at least four snakes.,semantics,quantifiers,superlative_quantifiers_1,True,False,False,False,192,-53.98362350463867,-55.181793212890625,1
No hospital talked about fewer than nine dancers.,No hospital talked about at most nine dancers.,semantics,quantifiers,superlative_quantifiers_1,True,False,False,False,193,-62.28263473510742,-65.88847351074219,1
No bank had disliked more than eight waiters.,No bank had disliked at least eight waiters.,semantics,quantifiers,superlative_quantifiers_1,True,False,False,False,194,-63.154029846191406,-64.31293487548828,1
No driver had investigated more than eight children.,No driver had investigated at least eight children.,semantics,quantifiers,superlative_quantifiers_1,True,False,False,False,195,-50.060848236083984,-51.850677490234375,1
No dancer hugged fewer than ten waiters.,No dancer hugged at most ten waiters.,semantics,quantifiers,superlative_quantifiers_1,True,False,False,False,196,-67.8691635131836,-69.78001403808594,1
No student had biked to fewer than five schools.,No student had biked to at most five schools.,semantics,quantifiers,superlative_quantifiers_1,True,False,False,False,197,-69.66204071044922,-72.77068328857422,1
No print had worried more than six students.,No print had worried at least six students.,semantics,quantifiers,superlative_quantifiers_1,True,False,False,False,198,-53.28703689575195,-52.86411666870117,0
No student does look like more than eight sketches.,No student does look like at least eight sketches.,semantics,quantifiers,superlative_quantifiers_1,True,False,False,False,199,-57.48442077636719,-59.9786491394043,1
No waitress can climb up more than two steps.,No waitress can climb up at least two steps.,semantics,quantifiers,superlative_quantifiers_1,True,False,False,False,200,-53.68864822387695,-52.013458251953125,0
No pedestrian did see fewer than ten girls.,No pedestrian did see at most ten girls.,semantics,quantifiers,superlative_quantifiers_1,True,False,False,False,201,-58.06149673461914,-59.1267204284668,1
No dancer had fixed fewer than three screens.,No dancer had fixed at most three screens.,semantics,quantifiers,superlative_quantifiers_1,True,False,False,False,202,-59.716957092285156,-59.58214569091797,0
No guest is fixing more than ten planes.,No guest is fixing at least ten planes.,semantics,quantifiers,superlative_quantifiers_1,True,False,False,False,203,-52.36806869506836,-54.10247802734375,1
No child was listening to fewer than three patients.,No child was listening to at most three patients.,semantics,quantifiers,superlative_quantifiers_1,True,False,False,False,204,-53.389549255371094,-55.59959411621094,1
No dancer cures fewer than two dogs.,No dancer cures at most two dogs.,semantics,quantifiers,superlative_quantifiers_1,True,False,False,False,205,-56.42100143432617,-55.48047637939453,0
No senator does fix more than nine unicycles.,No senator does fix at least nine unicycles.,semantics,quantifiers,superlative_quantifiers_1,True,False,False,False,206,-76.89972686767578,-76.7718505859375,0
No mouth disturbed more than nine guests.,No mouth disturbed at least nine guests.,semantics,quantifiers,superlative_quantifiers_1,True,False,False,False,207,-52.47837829589844,-52.50050354003906,1
No plane did impress more than nine schools.,No plane did impress at least nine schools.,semantics,quantifiers,superlative_quantifiers_1,True,False,False,False,208,-58.50434112548828,-57.440547943115234,0
No person was researching more than nine banks.,No person was researching at least nine banks.,semantics,quantifiers,superlative_quantifiers_1,True,False,False,False,209,-47.92365264892578,-48.466453552246094,1
No boy remembered fewer than four high schools.,No boy remembered at most four high schools.,semantics,quantifiers,superlative_quantifiers_1,True,False,False,False,210,-60.18064498901367,-58.855926513671875,0
No man cares for more than ten women.,No man cares for at least ten women.,semantics,quantifiers,superlative_quantifiers_1,True,False,False,False,211,-46.8820915222168,-49.559165954589844,1
No college campus can distract fewer than seven girls.,No college campus can distract at most seven girls.,semantics,quantifiers,superlative_quantifiers_1,True,False,False,False,212,-64.1214370727539,-67.75070190429688,1
No customer descends more than three hills.,No customer descends at least three hills.,semantics,quantifiers,superlative_quantifiers_1,True,False,False,False,213,-56.736297607421875,-57.971519470214844,1
No adult questions fewer than nine committees.,No adult questions at most nine committees.,semantics,quantifiers,superlative_quantifiers_1,True,False,False,False,214,-56.620548248291016,-55.54388427734375,0
No waiter was helping fewer than eight children.,No waiter was helping at most eight children.,semantics,quantifiers,superlative_quantifiers_1,True,False,False,False,215,-54.28518295288086,-55.500831604003906,1
No patient cleans fewer than six public parks.,No patient cleans at most six public parks.,semantics,quantifiers,superlative_quantifiers_1,True,False,False,False,216,-63.34461212158203,-63.00971221923828,0
No patient has annoyed more than eight schools.,No patient has annoyed at least eight schools.,semantics,quantifiers,superlative_quantifiers_1,True,False,False,False,217,-53.04733657836914,-51.736541748046875,0
No book upset fewer than two adults.,No book upset at most two adults.,semantics,quantifiers,superlative_quantifiers_1,True,False,False,False,218,-50.47123336791992,-47.47539520263672,0
No newspaper article looks like more than six pictures.,No newspaper article looks like at least six pictures.,semantics,quantifiers,superlative_quantifiers_1,True,False,False,False,219,-54.63849639892578,-57.36519241333008,1
No hospital did have fewer than eight boxes.,No hospital did have at most eight boxes.,semantics,quantifiers,superlative_quantifiers_1,True,False,False,False,220,-55.56669998168945,-58.907325744628906,1
No girl approached more than two women.,No girl approached at least two women.,semantics,quantifiers,superlative_quantifiers_1,True,False,False,False,221,-43.087371826171875,-42.75279235839844,0
No fish was boring more than two dancers.,No fish was boring at least two dancers.,semantics,quantifiers,superlative_quantifiers_1,True,False,False,False,222,-51.77543640136719,-50.25636672973633,0
No bicycle was stunning more than four waiters.,No bicycle was stunning at least four waiters.,semantics,quantifiers,superlative_quantifiers_1,True,False,False,False,223,-61.405113220214844,-61.86664581298828,1
No actor explored fewer than eight high schools.,No actor explored at most eight high schools.,semantics,quantifiers,superlative_quantifiers_1,True,False,False,False,224,-61.66691589355469,-61.1993408203125,0
No museum remembered fewer than three boys.,No museum remembered at most three boys.,semantics,quantifiers,superlative_quantifiers_1,True,False,False,False,225,-53.751548767089844,-52.02326965332031,0
No guest might go to fewer than nine banks.,No guest might go to at most nine banks.,semantics,quantifiers,superlative_quantifiers_1,True,False,False,False,226,-61.347843170166016,-63.55514144897461,1
No convertible is confusing more than two waitresses.,No convertible is confusing at least two waitresses.,semantics,quantifiers,superlative_quantifiers_1,True,False,False,False,227,-66.43579864501953,-63.952293395996094,0
No dancer had cleaned fewer than four cups.,No dancer had cleaned at most four cups.,semantics,quantifiers,superlative_quantifiers_1,True,False,False,False,228,-60.326690673828125,-58.7632942199707,0
No boy might descend fewer than five slopes.,No boy might descend at most five slopes.,semantics,quantifiers,superlative_quantifiers_1,True,False,False,False,229,-65.26617431640625,-65.74156951904297,1
No senator argued about fewer than three newspaper articles.,No senator argued about at most three newspaper articles.,semantics,quantifiers,superlative_quantifiers_1,True,False,False,False,230,-72.80652618408203,-76.33918762207031,1
No committee had hired fewer than four doctors.,No committee had hired at most four doctors.,semantics,quantifiers,superlative_quantifiers_1,True,False,False,False,231,-56.84539794921875,-57.81302261352539,1
No adult had brought more than six hills.,No adult had brought at least six hills.,semantics,quantifiers,superlative_quantifiers_1,True,False,False,False,232,-50.134185791015625,-52.082916259765625,1
No bank will hurt fewer than five actresses.,No bank will hurt at most five actresses.,semantics,quantifiers,superlative_quantifiers_1,True,False,False,False,233,-59.438316345214844,-59.292877197265625,0
No newspaper article is embarrassing fewer than two actresses.,No newspaper article is embarrassing at most two actresses.,semantics,quantifiers,superlative_quantifiers_1,True,False,False,False,234,-66.17698669433594,-64.45393371582031,0
No woman can escape from more than six college campuses.,No woman can escape from at least six college campuses.,semantics,quantifiers,superlative_quantifiers_1,True,False,False,False,235,-61.72493362426758,-63.752586364746094,1
No school is embarrassing more than five guys.,No school is embarrassing at least five guys.,semantics,quantifiers,superlative_quantifiers_1,True,False,False,False,236,-47.7161979675293,-45.38628387451172,0
No doctor was complaining about fewer than five books.,No doctor was complaining about at most five books.,semantics,quantifiers,superlative_quantifiers_1,True,False,False,False,237,-55.724395751953125,-59.70189666748047,1
No senator was hiding fewer than five gloves.,No senator was hiding at most five gloves.,semantics,quantifiers,superlative_quantifiers_1,True,False,False,False,238,-63.151756286621094,-61.58040237426758,0
No cashier sells fewer than six cafes.,No cashier sells at most six cafes.,semantics,quantifiers,superlative_quantifiers_1,True,False,False,False,239,-63.17597961425781,-63.62923049926758,1
No man was biking to more than four cafes.,No man was biking to at least four cafes.,semantics,quantifiers,superlative_quantifiers_1,True,False,False,False,240,-57.543678283691406,-60.11417770385742,1
No lady describes more than five reports.,No lady describes at least five reports.,semantics,quantifiers,superlative_quantifiers_1,True,False,False,False,241,-46.0250244140625,-49.47631072998047,1
No man hugs more than three drivers.,No man hugs at least three drivers.,semantics,quantifiers,superlative_quantifiers_1,True,False,False,False,242,-48.29205322265625,-48.66046905517578,1
No story alarmed more than four waiters.,No story alarmed at least four waiters.,semantics,quantifiers,superlative_quantifiers_1,True,False,False,False,243,-57.026100158691406,-58.908443450927734,1
No teacher had lifted fewer than ten malls.,No teacher had lifted at most ten malls.,semantics,quantifiers,superlative_quantifiers_1,True,False,False,False,244,-62.310325622558594,-61.255821228027344,0
No adult had kissed fewer than six children.,No adult had kissed at most six children.,semantics,quantifiers,superlative_quantifiers_1,True,False,False,False,245,-59.333580017089844,-58.69751739501953,0
No carriage should alarm fewer than four actresses.,No carriage should alarm at most four actresses.,semantics,quantifiers,superlative_quantifiers_1,True,False,False,False,246,-67.53507995605469,-67.45751953125,0
No teacher is noticing fewer than nine hats.,No teacher is noticing at most nine hats.,semantics,quantifiers,superlative_quantifiers_1,True,False,False,False,247,-59.55050277709961,-60.56841278076172,1
No man does attack more than eight guests.,No man does attack at least eight guests.,semantics,quantifiers,superlative_quantifiers_1,True,False,False,False,248,-52.58226776123047,-50.74031066894531,0
No guy brought fewer than four snakes.,No guy brought at most four snakes.,semantics,quantifiers,superlative_quantifiers_1,True,False,False,False,249,-53.379764556884766,-52.39897918701172,0
No guy investigates fewer than three guys.,No guy investigates at most three guys.,semantics,quantifiers,superlative_quantifiers_1,True,False,False,False,250,-52.60602951049805,-54.971439361572266,1
No guy was taking more than three sketches.,No guy was taking at least three sketches.,semantics,quantifiers,superlative_quantifiers_1,True,False,False,False,251,-46.403289794921875,-47.80454635620117,1
No bird scares more than nine associations.,No bird scares at least nine associations.,semantics,quantifiers,superlative_quantifiers_1,True,False,False,False,252,-53.786216735839844,-55.062255859375,1
No person had boycotted fewer than ten mountains.,No person had boycotted at most ten mountains.,semantics,quantifiers,superlative_quantifiers_1,True,False,False,False,253,-77.3686294555664,-76.35887908935547,0
No waiter messed up more than five schools.,No waiter messed up at least five schools.,semantics,quantifiers,superlative_quantifiers_1,True,False,False,False,254,-52.590553283691406,-51.76441192626953,0
No patient had scanned fewer than eight essays.,No patient had scanned at most eight essays.,semantics,quantifiers,superlative_quantifiers_1,True,False,False,False,255,-63.88528823852539,-65.1718521118164,1
No man was visiting more than five people.,No man was visiting at least five people.,semantics,quantifiers,superlative_quantifiers_1,True,False,False,False,256,-43.755767822265625,-45.045143127441406,1
No senator drops by more than four grocery stores.,No senator drops by at least four grocery stores.,semantics,quantifiers,superlative_quantifiers_1,True,False,False,False,257,-64.3857192993164,-67.7713623046875,1
No actor heals fewer than nine waitresses.,No actor heals at most nine waitresses.,semantics,quantifiers,superlative_quantifiers_1,True,False,False,False,258,-72.24439239501953,-71.4060287475586,0
No guest scanned more than seven documentaries.,No guest scanned at least seven documentaries.,semantics,quantifiers,superlative_quantifiers_1,True,False,False,False,259,-54.614288330078125,-54.68696212768555,1
No guy had appreciated fewer than ten restaurants.,No guy had appreciated at most ten restaurants.,semantics,quantifiers,superlative_quantifiers_1,True,False,False,False,260,-58.907684326171875,-59.24457550048828,1
No student had discovered more than seven documentaries.,No student had discovered at least seven documentaries.,semantics,quantifiers,superlative_quantifiers_1,True,False,False,False,261,-52.71745300292969,-53.682823181152344,1
No child describes fewer than eight guys.,No child describes at most eight guys.,semantics,quantifiers,superlative_quantifiers_1,True,False,False,False,262,-53.93367385864258,-55.844444274902344,1
No actor sounded like more than nine essays.,No actor sounded like at least nine essays.,semantics,quantifiers,superlative_quantifiers_1,True,False,False,False,263,-53.58399200439453,-55.54679489135742,1
No actor should clean more than five couches.,No actor should clean at least five couches.,semantics,quantifiers,superlative_quantifiers_1,True,False,False,False,264,-61.84605407714844,-61.255828857421875,0
No doctor had cured fewer than eight drivers.,No doctor had cured at most eight drivers.,semantics,quantifiers,superlative_quantifiers_1,True,False,False,False,265,-61.93077850341797,-61.69035339355469,0
No school discussed fewer than nine rivers.,No school discussed at most nine rivers.,semantics,quantifiers,superlative_quantifiers_1,True,False,False,False,266,-55.097686767578125,-55.88688659667969,1
No woman has revealed fewer than nine rugs.,No woman has revealed at most nine rugs.,semantics,quantifiers,superlative_quantifiers_1,True,False,False,False,267,-59.40354537963867,-62.13014221191406,1
No teacher can drive to more than seven museums.,No teacher can drive to at least seven museums.,semantics,quantifiers,superlative_quantifiers_1,True,False,False,False,268,-54.876434326171875,-57.827125549316406,1
No customer hated fewer than eight customers.,No customer hated at most eight customers.,semantics,quantifiers,superlative_quantifiers_1,True,False,False,False,269,-56.18864822387695,-56.425899505615234,1
No waitress saw more than two waitresses.,No waitress saw at least two waitresses.,semantics,quantifiers,superlative_quantifiers_1,True,False,False,False,270,-56.03931427001953,-58.90245056152344,1
No hamster was stunning more than five dancers.,No hamster was stunning at least five dancers.,semantics,quantifiers,superlative_quantifiers_1,True,False,False,False,271,-63.41703796386719,-62.26831817626953,0
No driver boycotts fewer than seven cafes.,No driver boycotts at most seven cafes.,semantics,quantifiers,superlative_quantifiers_1,True,False,False,False,272,-69.64935302734375,-67.57415771484375,0
No company is admiring more than nine planes.,No company is admiring at least nine planes.,semantics,quantifiers,superlative_quantifiers_1,True,False,False,False,273,-56.32249450683594,-55.92162322998047,0
No driver was fixing fewer than five wheelbarrows.,No driver was fixing at most five wheelbarrows.,semantics,quantifiers,superlative_quantifiers_1,True,False,False,False,274,-78.04402923583984,-80.82927703857422,1
No actor runs around more than ten public parks.,No actor runs around at least ten public parks.,semantics,quantifiers,superlative_quantifiers_1,True,False,False,False,275,-61.32637405395508,-61.91053771972656,1
No senator had concealed fewer than two women.,No senator had concealed at most two women.,semantics,quantifiers,superlative_quantifiers_1,True,False,False,False,276,-59.4429931640625,-59.08740234375,0
No doctor hated fewer than five commentaries.,No doctor hated at most five commentaries.,semantics,quantifiers,superlative_quantifiers_1,True,False,False,False,277,-69.3207778930664,-70.05042266845703,1
No lady can love fewer than six students.,No lady can love at most six students.,semantics,quantifiers,superlative_quantifiers_1,True,False,False,False,278,-55.24470520019531,-55.043907165527344,0
No bird had resembled fewer than ten pictures.,No bird had resembled at most ten pictures.,semantics,quantifiers,superlative_quantifiers_1,True,False,False,False,279,-63.021724700927734,-64.7217788696289,1
No actress was returning to more than four waitresses.,No actress was returning to at least four waitresses.,semantics,quantifiers,superlative_quantifiers_1,True,False,False,False,280,-64.1990737915039,-67.11323547363281,1
No teenager conceals fewer than six waiters.,No teenager conceals at most six waiters.,semantics,quantifiers,superlative_quantifiers_1,True,False,False,False,281,-76.051025390625,-74.26457214355469,0
No committee can reference more than four teenagers.,No committee can reference at least four teenagers.,semantics,quantifiers,superlative_quantifiers_1,True,False,False,False,282,-58.226661682128906,-58.022796630859375,0
No association knew fewer than three boys.,No association knew at most three boys.,semantics,quantifiers,superlative_quantifiers_1,True,False,False,False,283,-53.595237731933594,-52.42102813720703,0
No lady can bike to more than three public parks.,No lady can bike to at least three public parks.,semantics,quantifiers,superlative_quantifiers_1,True,False,False,False,284,-63.043914794921875,-65.93550872802734,1
No government had respected fewer than seven hospitals.,No government had respected at most seven hospitals.,semantics,quantifiers,superlative_quantifiers_1,True,False,False,False,285,-58.655174255371094,-61.20213317871094,1
No university buys fewer than five glaciers.,No university buys at most five glaciers.,semantics,quantifiers,superlative_quantifiers_1,True,False,False,False,286,-58.79558563232422,-58.805694580078125,1
No waitress had talked about more than six actresses.,No waitress had talked about at least six actresses.,semantics,quantifiers,superlative_quantifiers_1,True,False,False,False,287,-58.941322326660156,-61.06937789916992,1
No hospital was firing more than two doctors.,No hospital was firing at least two doctors.,semantics,quantifiers,superlative_quantifiers_1,True,False,False,False,288,-50.58544158935547,-51.073265075683594,1
No person went to more than two glaciers.,No person went to at least two glaciers.,semantics,quantifiers,superlative_quantifiers_1,True,False,False,False,289,-45.41486358642578,-47.06157302856445,1
No customer had helped more than ten guys.,No customer had helped at least ten guys.,semantics,quantifiers,superlative_quantifiers_1,True,False,False,False,290,-51.71504592895508,-52.722496032714844,1
No boy boycotts more than nine movie theaters.,No boy boycotts at least nine movie theaters.,semantics,quantifiers,superlative_quantifiers_1,True,False,False,False,291,-73.18135070800781,-73.47540283203125,1
No print worried more than eight museums.,No print worried at least eight museums.,semantics,quantifiers,superlative_quantifiers_1,True,False,False,False,292,-49.908660888671875,-51.8067626953125,1
No driver skated around fewer than nine malls.,No driver skated around at most nine malls.,semantics,quantifiers,superlative_quantifiers_1,True,False,False,False,293,-71.61149597167969,-73.95045471191406,1
No newspaper article sounded like fewer than ten glaciers.,No newspaper article sounded like at most ten glaciers.,semantics,quantifiers,superlative_quantifiers_1,True,False,False,False,294,-67.73065185546875,-70.24761962890625,1
No cashier ascended fewer than four steps.,No cashier ascended at most four steps.,semantics,quantifiers,superlative_quantifiers_1,True,False,False,False,295,-62.25128173828125,-62.675010681152344,1
No child should mess up more than four couches.,No child should mess up at least four couches.,semantics,quantifiers,superlative_quantifiers_1,True,False,False,False,296,-65.2066650390625,-63.36027908325195,0
No pedestrian is visiting fewer than six guys.,No pedestrian is visiting at most six guys.,semantics,quantifiers,superlative_quantifiers_1,True,False,False,False,297,-58.34412384033203,-59.36101150512695,1
No student fixed fewer than six planes.,No student fixed at most six planes.,semantics,quantifiers,superlative_quantifiers_1,True,False,False,False,298,-53.47367858886719,-56.2593879699707,1
No library helps more than eight adults.,No library helps at least eight adults.,semantics,quantifiers,superlative_quantifiers_1,True,False,False,False,299,-44.42671203613281,-46.97618103027344,1
No actor has researched more than three rivers.,No actor has researched at least three rivers.,semantics,quantifiers,superlative_quantifiers_1,True,False,False,False,300,-50.84150695800781,-53.73858642578125,1
No fork did hurt fewer than ten women.,No fork did hurt at most ten women.,semantics,quantifiers,superlative_quantifiers_1,True,False,False,False,301,-62.32276153564453,-62.48542785644531,1
No school criticizes more than two movie theaters.,No school criticizes at least two movie theaters.,semantics,quantifiers,superlative_quantifiers_1,True,False,False,False,302,-64.5123062133789,-66.07078552246094,1
No waiter has researched fewer than nine movies.,No waiter has researched at most nine movies.,semantics,quantifiers,superlative_quantifiers_1,True,False,False,False,303,-59.9608154296875,-63.063934326171875,1
No student did see more than three teenagers.,No student did see at least three teenagers.,semantics,quantifiers,superlative_quantifiers_1,True,False,False,False,304,-48.300262451171875,-51.579444885253906,1
No senator is bringing fewer than eight college campuses.,No senator is bringing at most eight college campuses.,semantics,quantifiers,superlative_quantifiers_1,True,False,False,False,305,-66.88902282714844,-68.42318725585938,1
No student was concealing more than three people.,No student was concealing at least three people.,semantics,quantifiers,superlative_quantifiers_1,True,False,False,False,306,-53.11369705200195,-52.69963073730469,0
No waitress has helped more than five adults.,No waitress has helped at least five adults.,semantics,quantifiers,superlative_quantifiers_1,True,False,False,False,307,-47.178985595703125,-49.790122985839844,1
No university had hired more than four teachers.,No university had hired at least four teachers.,semantics,quantifiers,superlative_quantifiers_1,True,False,False,False,308,-49.06547546386719,-50.128753662109375,1
No customer will heal fewer than six guys.,No customer will heal at most six guys.,semantics,quantifiers,superlative_quantifiers_1,True,False,False,False,309,-55.754154205322266,-56.05709457397461,1
No committee was upsetting fewer than two museums.,No committee was upsetting at most two museums.,semantics,quantifiers,superlative_quantifiers_1,True,False,False,False,310,-61.23948669433594,-60.309814453125,0
No child complains about more than seven men.,No child complains about at least seven men.,semantics,quantifiers,superlative_quantifiers_1,True,False,False,False,311,-53.338443756103516,-54.773284912109375,1
No photograph did annoy more than five people.,No photograph did annoy at least five people.,semantics,quantifiers,superlative_quantifiers_1,True,False,False,False,312,-56.33325958251953,-55.630409240722656,0
No person did impress fewer than three museums.,No person did impress at most three museums.,semantics,quantifiers,superlative_quantifiers_1,True,False,False,False,313,-60.02861022949219,-58.817771911621094,0
No waitress sounded like more than six guests.,No waitress sounded like at least six guests.,semantics,quantifiers,superlative_quantifiers_1,True,False,False,False,314,-52.10898208618164,-53.604007720947266,1
No guest does break fewer than three forks.,No guest does break at most three forks.,semantics,quantifiers,superlative_quantifiers_1,True,False,False,False,315,-63.101287841796875,-61.73138427734375,0
No waitress hides more than ten sketches.,No waitress hides at least ten sketches.,semantics,quantifiers,superlative_quantifiers_1,True,False,False,False,316,-53.155399322509766,-56.03673553466797,1
No eye has annoyed fewer than five patients.,No eye has annoyed at most five patients.,semantics,quantifiers,superlative_quantifiers_1,True,False,False,False,317,-58.13029098510742,-56.62531280517578,0
No lady climbed down more than seven stairs.,No lady climbed down at least seven stairs.,semantics,quantifiers,superlative_quantifiers_1,True,False,False,False,318,-54.8086051940918,-54.291961669921875,0
No boy healed fewer than seven ladies.,No boy healed at most seven ladies.,semantics,quantifiers,superlative_quantifiers_1,True,False,False,False,319,-55.901065826416016,-55.412418365478516,0
No guest admired more than four drawings.,No guest admired at least four drawings.,semantics,quantifiers,superlative_quantifiers_1,True,False,False,False,320,-52.41883087158203,-53.069549560546875,1
No student is describing fewer than six schools.,No student is describing at most six schools.,semantics,quantifiers,superlative_quantifiers_1,True,False,False,False,321,-53.481689453125,-56.05647659301758,1
No company remembered fewer than nine cafes.,No company remembered at most nine cafes.,semantics,quantifiers,superlative_quantifiers_1,True,False,False,False,322,-58.896209716796875,-57.942657470703125,0
No driver was scanning fewer than seven movies.,No driver was scanning at most seven movies.,semantics,quantifiers,superlative_quantifiers_1,True,False,False,False,323,-56.28290557861328,-57.764610290527344,1
No door was stunning fewer than three waitresses.,No door was stunning at most three waitresses.,semantics,quantifiers,superlative_quantifiers_1,True,False,False,False,324,-68.79418182373047,-67.28495025634766,0
No hospital embarrassed more than six associations.,No hospital embarrassed at least six associations.,semantics,quantifiers,superlative_quantifiers_1,True,False,False,False,325,-52.529170989990234,-52.53559875488281,1
No man should approach fewer than three boys.,No man should approach at most three boys.,semantics,quantifiers,superlative_quantifiers_1,True,False,False,False,326,-56.58781051635742,-55.69691848754883,0
No mall aggravated fewer than eight dancers.,No mall aggravated at most eight dancers.,semantics,quantifiers,superlative_quantifiers_1,True,False,False,False,327,-62.491668701171875,-63.21125030517578,1
No guest has discovered fewer than three movies.,No guest has discovered at most three movies.,semantics,quantifiers,superlative_quantifiers_1,True,False,False,False,328,-54.33376693725586,-54.666893005371094,1
No teenager was biking to more than seven malls.,No teenager was biking to at least seven malls.,semantics,quantifiers,superlative_quantifiers_1,True,False,False,False,329,-62.094276428222656,-64.49626922607422,1
No pedestrian does heal fewer than five teenagers.,No pedestrian does heal at most five teenagers.,semantics,quantifiers,superlative_quantifiers_1,True,False,False,False,330,-65.90817260742188,-66.72798156738281,1
No senator has passed fewer than five hills.,No senator has passed at most five hills.,semantics,quantifiers,superlative_quantifiers_1,True,False,False,False,331,-57.437103271484375,-59.481300354003906,1
No waitress sold fewer than two turtles.,No waitress sold at most two turtles.,semantics,quantifiers,superlative_quantifiers_1,True,False,False,False,332,-55.65525817871094,-54.884803771972656,0
No woman had admired fewer than three coats.,No woman had admired at most three coats.,semantics,quantifiers,superlative_quantifiers_1,True,False,False,False,333,-58.296504974365234,-56.31965637207031,0
No guest might fix fewer than six bikes.,No guest might fix at most six bikes.,semantics,quantifiers,superlative_quantifiers_1,True,False,False,False,334,-62.83131408691406,-62.53155517578125,0
No government did conceal more than two books.,No government did conceal at least two books.,semantics,quantifiers,superlative_quantifiers_1,True,False,False,False,335,-51.28685760498047,-52.65116882324219,1
No hamster has annoyed fewer than seven museums.,No hamster has annoyed at most seven museums.,semantics,quantifiers,superlative_quantifiers_1,True,False,False,False,336,-70.96219635009766,-69.302978515625,0
No woman left fewer than seven cafes.,No woman left at most seven cafes.,semantics,quantifiers,superlative_quantifiers_1,True,False,False,False,337,-53.229652404785156,-52.4307746887207,0
No company appreciates more than eight books.,No company appreciates at least eight books.,semantics,quantifiers,superlative_quantifiers_1,True,False,False,False,338,-48.212547302246094,-49.44820022583008,1
No window has alarmed fewer than eight organizations.,No window has alarmed at most eight organizations.,semantics,quantifiers,superlative_quantifiers_1,True,False,False,False,339,-59.650108337402344,-59.68878173828125,1
No student is firing fewer than three drivers.,No student is firing at most three drivers.,semantics,quantifiers,superlative_quantifiers_1,True,False,False,False,340,-55.23456573486328,-54.79711151123047,0
No library insults fewer than eight women.,No library insults at most eight women.,semantics,quantifiers,superlative_quantifiers_1,True,False,False,False,341,-57.864646911621094,-54.894805908203125,0
No teenager noticed fewer than two people.,No teenager noticed at most two people.,semantics,quantifiers,superlative_quantifiers_1,True,False,False,False,342,-48.83884048461914,-48.97617721557617,1
No pedestrian had dropped by fewer than two art galleries.,No pedestrian had dropped by at most two art galleries.,semantics,quantifiers,superlative_quantifiers_1,True,False,False,False,343,-72.78872680664062,-74.88960266113281,1
No mall has looked like fewer than seven prints.,No mall has looked like at most seven prints.,semantics,quantifiers,superlative_quantifiers_1,True,False,False,False,344,-64.10537719726562,-66.9665298461914,1
No actress did run around fewer than ten mountains.,No actress did run around at most ten mountains.,semantics,quantifiers,superlative_quantifiers_1,True,False,False,False,345,-67.14704895019531,-67.59187316894531,1
No adult had confused fewer than five teenagers.,No adult had confused at most five teenagers.,semantics,quantifiers,superlative_quantifiers_1,True,False,False,False,346,-61.79557418823242,-62.928951263427734,1
No pedestrian had approached fewer than five drivers.,No pedestrian had approached at most five drivers.,semantics,quantifiers,superlative_quantifiers_1,True,False,False,False,347,-64.78141784667969,-64.16585540771484,0
No guy is exploring more than three cafes.,No guy is exploring at least three cafes.,semantics,quantifiers,superlative_quantifiers_1,True,False,False,False,348,-49.917457580566406,-51.792320251464844,1
No company had sold fewer than ten dresses.,No company had sold at most ten dresses.,semantics,quantifiers,superlative_quantifiers_1,True,False,False,False,349,-57.07331466674805,-57.44926834106445,1
No senator observed fewer than ten guests.,No senator observed at most ten guests.,semantics,quantifiers,superlative_quantifiers_1,True,False,False,False,350,-56.13359069824219,-57.11052322387695,1
No teacher loves fewer than six senators.,No teacher loves at most six senators.,semantics,quantifiers,superlative_quantifiers_1,True,False,False,False,351,-56.221126556396484,-57.54997253417969,1
No cashier sold more than seven rabbits.,No cashier sold at least seven rabbits.,semantics,quantifiers,superlative_quantifiers_1,True,False,False,False,352,-56.044921875,-55.63657760620117,0
No company took fewer than six stairs.,No company took at most six stairs.,semantics,quantifiers,superlative_quantifiers_1,True,False,False,False,353,-52.90655517578125,-53.104251861572266,1
No teenager would see more than seven schools.,No teenager would see at least seven schools.,semantics,quantifiers,superlative_quantifiers_1,True,False,False,False,354,-46.38239288330078,-47.5572624206543,1
No waiter hires more than five guys.,No waiter hires at least five guys.,semantics,quantifiers,superlative_quantifiers_1,True,False,False,False,355,-52.11985397338867,-52.496673583984375,1
No convertible has confused fewer than four girls.,No convertible has confused at most four girls.,semantics,quantifiers,superlative_quantifiers_1,True,False,False,False,356,-61.5540771484375,-61.80902862548828,1
No fish broke more than eight bikes.,No fish broke at least eight bikes.,semantics,quantifiers,superlative_quantifiers_1,True,False,False,False,357,-48.30192565917969,-50.498939514160156,1
No pedestrian does clean fewer than six movie theaters.,No pedestrian does clean at most six movie theaters.,semantics,quantifiers,superlative_quantifiers_1,True,False,False,False,358,-75.62409973144531,-75.24880981445312,0
No woman broke more than nine cars.,No woman broke at least nine cars.,semantics,quantifiers,superlative_quantifiers_1,True,False,False,False,359,-45.50930404663086,-47.287437438964844,1
No adult skates around more than nine college campuses.,No adult skates around at least nine college campuses.,semantics,quantifiers,superlative_quantifiers_1,True,False,False,False,360,-69.36038208007812,-71.25433349609375,1
No person had returned to fewer than five children.,No person had returned to at most five children.,semantics,quantifiers,superlative_quantifiers_1,True,False,False,False,361,-52.27813720703125,-55.95215606689453,1
No adult does forget fewer than four newspaper articles.,No adult does forget at most four newspaper articles.,semantics,quantifiers,superlative_quantifiers_1,True,False,False,False,362,-73.82310485839844,-73.43321228027344,0
No lady should kiss fewer than five waitresses.,No lady should kiss at most five waitresses.,semantics,quantifiers,superlative_quantifiers_1,True,False,False,False,363,-74.70759582519531,-74.91751098632812,1
No lady is hugging fewer than seven adults.,No lady is hugging at most seven adults.,semantics,quantifiers,superlative_quantifiers_1,True,False,False,False,364,-57.11764144897461,-59.66224670410156,1
No customer was appreciating fewer than six children.,No customer was appreciating at most six children.,semantics,quantifiers,superlative_quantifiers_1,True,False,False,False,365,-57.42401123046875,-59.12321472167969,1
No hamster has disturbed more than four cashiers.,No hamster has disturbed at least four cashiers.,semantics,quantifiers,superlative_quantifiers_1,True,False,False,False,366,-72.34474182128906,-71.67831420898438,0
No doctor embarrassed more than five museums.,No doctor embarrassed at least five museums.,semantics,quantifiers,superlative_quantifiers_1,True,False,False,False,367,-50.726097106933594,-51.25502395629883,1
No cat was ascending more than four ladders.,No cat was ascending at least four ladders.,semantics,quantifiers,superlative_quantifiers_1,True,False,False,False,368,-60.17347717285156,-59.11028289794922,0
No teenager had fixed more than two mirrors.,No teenager had fixed at least two mirrors.,semantics,quantifiers,superlative_quantifiers_1,True,False,False,False,369,-54.1026725769043,-53.537899017333984,0
No lady took fewer than eight photographs.,No lady took at most eight photographs.,semantics,quantifiers,superlative_quantifiers_1,True,False,False,False,370,-50.39909744262695,-51.250213623046875,1
No person fixes more than three planes.,No person fixes at least three planes.,semantics,quantifiers,superlative_quantifiers_1,True,False,False,False,371,-44.3792839050293,-44.656394958496094,1
No driver listens to more than five waitresses.,No driver listens to at least five waitresses.,semantics,quantifiers,superlative_quantifiers_1,True,False,False,False,372,-61.6938591003418,-63.06947326660156,1
No library was discussing more than eight dancers.,No library was discussing at least eight dancers.,semantics,quantifiers,superlative_quantifiers_1,True,False,False,False,373,-50.58570861816406,-53.288169860839844,1
No senator has sounded like more than seven boys.,No senator has sounded like at least seven boys.,semantics,quantifiers,superlative_quantifiers_1,True,False,False,False,374,-57.905731201171875,-59.760040283203125,1
No person has praised more than four dancers.,No person has praised at least four dancers.,semantics,quantifiers,superlative_quantifiers_1,True,False,False,False,375,-51.10009002685547,-49.7654914855957,0
No pedestrian has loved fewer than three guests.,No pedestrian has loved at most three guests.,semantics,quantifiers,superlative_quantifiers_1,True,False,False,False,376,-56.31962585449219,-56.64622497558594,1
No driver cleans fewer than six lamps.,No driver cleans at most six lamps.,semantics,quantifiers,superlative_quantifiers_1,True,False,False,False,377,-57.09434509277344,-56.35735321044922,0
No senator skated around fewer than two high schools.,No senator skated around at most two high schools.,semantics,quantifiers,superlative_quantifiers_1,True,False,False,False,378,-76.00778198242188,-77.72573852539062,1
No vase does look like fewer than nine prints.,No vase does look like at most nine prints.,semantics,quantifiers,superlative_quantifiers_1,True,False,False,False,379,-69.76115417480469,-72.73116302490234,1
No actress investigates fewer than three ladies.,No actress investigates at most three ladies.,semantics,quantifiers,superlative_quantifiers_1,True,False,False,False,380,-55.47019577026367,-58.78057098388672,1
No picture is impressing more than four banks.,No picture is impressing at least four banks.,semantics,quantifiers,superlative_quantifiers_1,True,False,False,False,381,-56.02405548095703,-54.971832275390625,0
No waiter has admired fewer than nine couches.,No waiter has admired at most nine couches.,semantics,quantifiers,superlative_quantifiers_1,True,False,False,False,382,-67.95297241210938,-69.24818420410156,1
No student would clean fewer than three rugs.,No student would clean at most three rugs.,semantics,quantifiers,superlative_quantifiers_1,True,False,False,False,383,-58.34477233886719,-59.247596740722656,1
No girl was scanning more than five documentaries.,No girl was scanning at least five documentaries.,semantics,quantifiers,superlative_quantifiers_1,True,False,False,False,384,-54.76974868774414,-54.741817474365234,0
No woman has run around fewer than eight restaurants.,No woman has run around at most eight restaurants.,semantics,quantifiers,superlative_quantifiers_1,True,False,False,False,385,-60.48101806640625,-61.719505310058594,1
No glove can look like more than ten photographs.,No glove can look like at least ten photographs.,semantics,quantifiers,superlative_quantifiers_1,True,False,False,False,386,-53.548988342285156,-56.391292572021484,1
No guy does talk to fewer than two drivers.,No guy does talk to at most two drivers.,semantics,quantifiers,superlative_quantifiers_1,True,False,False,False,387,-58.40727996826172,-60.409278869628906,1
No sketch has bothered fewer than four doctors.,No sketch has bothered at most four doctors.,semantics,quantifiers,superlative_quantifiers_1,True,False,False,False,388,-59.28144454956055,-60.99559783935547,1
No waitress breaks fewer than eight computers.,No waitress breaks at most eight computers.,semantics,quantifiers,superlative_quantifiers_1,True,False,False,False,389,-57.814144134521484,-57.661624908447266,0
No doctor is disturbing more than two customers.,No doctor is disturbing at least two customers.,semantics,quantifiers,superlative_quantifiers_1,True,False,False,False,390,-48.674461364746094,-48.86299133300781,1
No student forgot fewer than seven children.,No student forgot at most seven children.,semantics,quantifiers,superlative_quantifiers_1,True,False,False,False,391,-51.78898620605469,-53.12792205810547,1
No guy was admiring more than two forks.,No guy was admiring at least two forks.,semantics,quantifiers,superlative_quantifiers_1,True,False,False,False,392,-56.484703063964844,-56.36705017089844,0
No woman exited more than seven college campuses.,No woman exited at least seven college campuses.,semantics,quantifiers,superlative_quantifiers_1,True,False,False,False,393,-56.11750030517578,-55.864540100097656,0
No patient was working with fewer than ten children.,No patient was working with at most ten children.,semantics,quantifiers,superlative_quantifiers_1,True,False,False,False,394,-48.740882873535156,-54.09858703613281,1
No guy concealed more than two ladies.,No guy concealed at least two ladies.,semantics,quantifiers,superlative_quantifiers_1,True,False,False,False,395,-47.93907928466797,-48.78019714355469,1
No drawing looks like more than eight drivers.,No drawing looks like at least eight drivers.,semantics,quantifiers,superlative_quantifiers_1,True,False,False,False,396,-48.87169647216797,-50.21935272216797,1
No girl climbed up more than five stairs.,No girl climbed up at least five stairs.,semantics,quantifiers,superlative_quantifiers_1,True,False,False,False,397,-52.67254638671875,-51.22956848144531,0
No senator fled from fewer than seven people.,No senator fled from at most seven people.,semantics,quantifiers,superlative_quantifiers_1,True,False,False,False,398,-59.670467376708984,-61.820068359375,1
No senator was breaking more than three windows.,No senator was breaking at least three windows.,semantics,quantifiers,superlative_quantifiers_1,True,False,False,False,399,-53.47089767456055,-53.1920166015625,0
No government had concealed fewer than eight adults.,No government had concealed at most eight adults.,semantics,quantifiers,superlative_quantifiers_1,True,False,False,False,400,-58.43061828613281,-59.74824523925781,1
No teacher escapes from more than ten closets.,No teacher escapes from at least ten closets.,semantics,quantifiers,superlative_quantifiers_1,True,False,False,False,401,-58.5567512512207,-60.35639190673828,1
No guy was investigating more than eight legislatures.,No guy was investigating at least eight legislatures.,semantics,quantifiers,superlative_quantifiers_1,True,False,False,False,402,-54.03772735595703,-54.1368522644043,1
No shirt had looked like more than two drawings.,No shirt had looked like at least two drawings.,semantics,quantifiers,superlative_quantifiers_1,True,False,False,False,403,-54.96283721923828,-56.703216552734375,1
No teenager should think about fewer than eight bananas.,No teenager should think about at most eight bananas.,semantics,quantifiers,superlative_quantifiers_1,True,False,False,False,404,-66.52244567871094,-69.328857421875,1
No actress is breaking more than nine skateboards.,No actress is breaking at least nine skateboards.,semantics,quantifiers,superlative_quantifiers_1,True,False,False,False,405,-64.5884017944336,-63.79257583618164,0
No library did know more than three dancers.,No library did know at least three dancers.,semantics,quantifiers,superlative_quantifiers_1,True,False,False,False,406,-50.95925521850586,-52.79685974121094,1
No doctor can help fewer than three actors.,No doctor can help at most three actors.,semantics,quantifiers,superlative_quantifiers_1,True,False,False,False,407,-49.582061767578125,-50.025428771972656,1
No man visits fewer than six people.,No man visits at most six people.,semantics,quantifiers,superlative_quantifiers_1,True,False,False,False,408,-50.134857177734375,-49.2562141418457,0
No lady has biked to more than ten cafes.,No lady has biked to at least ten cafes.,semantics,quantifiers,superlative_quantifiers_1,True,False,False,False,409,-67.95449829101562,-70.4344482421875,1
No patient had broken fewer than nine trucks.,No patient had broken at most nine trucks.,semantics,quantifiers,superlative_quantifiers_1,True,False,False,False,410,-60.794979095458984,-60.64433670043945,0
No driver tours more than five schools.,No driver tours at least five schools.,semantics,quantifiers,superlative_quantifiers_1,True,False,False,False,411,-46.288570404052734,-44.17741012573242,0
No boy had watched more than ten doctors.,No boy had watched at least ten doctors.,semantics,quantifiers,superlative_quantifiers_1,True,False,False,False,412,-53.33307647705078,-53.372947692871094,1
No mall could distract fewer than six people.,No mall could distract at most six people.,semantics,quantifiers,superlative_quantifiers_1,True,False,False,False,413,-59.13575744628906,-61.33592224121094,1
No girl was dropping by fewer than five college campuses.,No girl was dropping by at most five college campuses.,semantics,quantifiers,superlative_quantifiers_1,True,False,False,False,414,-65.61144256591797,-69.92715454101562,1
No woman climbed down more than six stairs.,No woman climbed down at least six stairs.,semantics,quantifiers,superlative_quantifiers_1,True,False,False,False,415,-54.51948928833008,-53.397891998291016,0
No cashier bikes to more than eight libraries.,No cashier bikes to at least eight libraries.,semantics,quantifiers,superlative_quantifiers_1,True,False,False,False,416,-59.63813781738281,-62.51781463623047,1
No student was noticing more than four socks.,No student was noticing at least four socks.,semantics,quantifiers,superlative_quantifiers_1,True,False,False,False,417,-52.02592468261719,-53.32569122314453,1
No waiter has bought more than six dresses.,No waiter has bought at least six dresses.,semantics,quantifiers,superlative_quantifiers_1,True,False,False,False,418,-52.98090362548828,-54.25707244873047,1
No university talks to more than three children.,No university talks to at least three children.,semantics,quantifiers,superlative_quantifiers_1,True,False,False,False,419,-43.62654113769531,-46.33837890625,1
No dancer cleans fewer than five shoes.,No dancer cleans at most five shoes.,semantics,quantifiers,superlative_quantifiers_1,True,False,False,False,420,-58.754547119140625,-59.417022705078125,1
No doctor respects more than seven girls.,No doctor respects at least seven girls.,semantics,quantifiers,superlative_quantifiers_1,True,False,False,False,421,-47.104732513427734,-49.674102783203125,1
No doctor worked with more than eight guys.,No doctor worked with at least eight guys.,semantics,quantifiers,superlative_quantifiers_1,True,False,False,False,422,-46.54698944091797,-49.45841979980469,1
No window has bothered more than six committees.,No window has bothered at least six committees.,semantics,quantifiers,superlative_quantifiers_1,True,False,False,False,423,-53.863746643066406,-54.62876892089844,1
No customer was fixing fewer than four bicycles.,No customer was fixing at most four bicycles.,semantics,quantifiers,superlative_quantifiers_1,True,False,False,False,424,-60.24015426635742,-63.160552978515625,1
No university might boast about fewer than five actors.,No university might boast about at most five actors.,semantics,quantifiers,superlative_quantifiers_1,True,False,False,False,425,-65.00305938720703,-70.04462432861328,1
No patient hid fewer than nine banks.,No patient hid at most nine banks.,semantics,quantifiers,superlative_quantifiers_1,True,False,False,False,426,-55.872310638427734,-57.54374313354492,1
No person can scan more than two stories.,No person can scan at least two stories.,semantics,quantifiers,superlative_quantifiers_1,True,False,False,False,427,-43.61436462402344,-41.91529846191406,0
No photograph was looking like fewer than two boys.,No photograph was looking like at most two boys.,semantics,quantifiers,superlative_quantifiers_1,True,False,False,False,428,-56.213157653808594,-57.860740661621094,1
No teacher explored more than three museums.,No teacher explored at least three museums.,semantics,quantifiers,superlative_quantifiers_1,True,False,False,False,429,-47.24705505371094,-49.411964416503906,1
No print has looked like more than five prints.,No print has looked like at least five prints.,semantics,quantifiers,superlative_quantifiers_1,True,False,False,False,430,-54.94633483886719,-56.400978088378906,1
No child examines fewer than nine plays.,No child examines at most nine plays.,semantics,quantifiers,superlative_quantifiers_1,True,False,False,False,431,-58.76795196533203,-61.2183723449707,1
No person could boycott fewer than four rivers.,No person could boycott at most four rivers.,semantics,quantifiers,superlative_quantifiers_1,True,False,False,False,432,-58.303436279296875,-58.22518539428711,0
No teacher drives to fewer than nine hospitals.,No teacher drives to at most nine hospitals.,semantics,quantifiers,superlative_quantifiers_1,True,False,False,False,433,-58.603965759277344,-62.987674713134766,1
No actor has cleaned more than nine cars.,No actor has cleaned at least nine cars.,semantics,quantifiers,superlative_quantifiers_1,True,False,False,False,434,-53.295448303222656,-53.42277526855469,1
No man toured more than eight schools.,No man toured at least eight schools.,semantics,quantifiers,superlative_quantifiers_1,True,False,False,False,435,-46.909420013427734,-47.83590316772461,1
No guy might drive to more than eight hills.,No guy might drive to at least eight hills.,semantics,quantifiers,superlative_quantifiers_1,True,False,False,False,436,-55.0257453918457,-56.99657440185547,1
No adult did scan more than nine newspaper articles.,No adult did scan at least nine newspaper articles.,semantics,quantifiers,superlative_quantifiers_1,True,False,False,False,437,-69.79771423339844,-69.37410736083984,0
No actor is watching fewer than four pedestrians.,No actor is watching at most four pedestrians.,semantics,quantifiers,superlative_quantifiers_1,True,False,False,False,438,-60.05400085449219,-59.28228759765625,0
No man might think about fewer than seven committees.,No man might think about at most seven committees.,semantics,quantifiers,superlative_quantifiers_1,True,False,False,False,439,-58.47258758544922,-61.2081298828125,1
No woman is exploring fewer than ten museums.,No woman is exploring at most ten museums.,semantics,quantifiers,superlative_quantifiers_1,True,False,False,False,440,-57.427215576171875,-58.52709197998047,1
No person had fixed fewer than six glasses.,No person had fixed at most six glasses.,semantics,quantifiers,superlative_quantifiers_1,True,False,False,False,441,-56.46300506591797,-57.024112701416016,1
No boy has thought about more than five pies.,No boy has thought about at least five pies.,semantics,quantifiers,superlative_quantifiers_1,True,False,False,False,442,-53.57086181640625,-55.1279296875,1
No guest observes more than four children.,No guest observes at least four children.,semantics,quantifiers,superlative_quantifiers_1,True,False,False,False,443,-47.23554229736328,-48.27763366699219,1
No teacher boasts about more than ten movies.,No teacher boasts about at least ten movies.,semantics,quantifiers,superlative_quantifiers_1,True,False,False,False,444,-54.61247253417969,-56.71364212036133,1
No actress fixes fewer than six forks.,No actress fixes at most six forks.,semantics,quantifiers,superlative_quantifiers_1,True,False,False,False,445,-60.772727966308594,-60.44043731689453,0
No boy is disgusting more than nine students.,No boy is disgusting at least nine students.,semantics,quantifiers,superlative_quantifiers_1,True,False,False,False,446,-52.82014846801758,-50.62394714355469,0
No actor had noticed fewer than nine lakes.,No actor had noticed at most nine lakes.,semantics,quantifiers,superlative_quantifiers_1,True,False,False,False,447,-60.389896392822266,-61.71266174316406,1
No museum was taking more than four planes.,No museum was taking at least four planes.,semantics,quantifiers,superlative_quantifiers_1,True,False,False,False,448,-47.46481704711914,-49.964149475097656,1
No man returned to fewer than three ladies.,No man returned to at most three ladies.,semantics,quantifiers,superlative_quantifiers_1,True,False,False,False,449,-51.25376892089844,-53.30908966064453,1
No waiter was messing up fewer than two restaurants.,No waiter was messing up at most two restaurants.,semantics,quantifiers,superlative_quantifiers_1,True,False,False,False,450,-63.220916748046875,-60.333534240722656,0
No grocery store upset fewer than six girls.,No grocery store upset at most six girls.,semantics,quantifiers,superlative_quantifiers_1,True,False,False,False,451,-63.85063171386719,-61.20281982421875,0
No company works with fewer than two women.,No company works with at most two women.,semantics,quantifiers,superlative_quantifiers_1,True,False,False,False,452,-45.08174133300781,-48.47386169433594,1
No teenager descends more than seven slopes.,No teenager descends at least seven slopes.,semantics,quantifiers,superlative_quantifiers_1,True,False,False,False,453,-61.35041809082031,-62.543853759765625,1
No organization buys fewer than eight chairs.,No organization buys at most eight chairs.,semantics,quantifiers,superlative_quantifiers_1,True,False,False,False,454,-58.209999084472656,-57.9608154296875,0
No guy was concealing fewer than five pedestrians.,No guy was concealing at most five pedestrians.,semantics,quantifiers,superlative_quantifiers_1,True,False,False,False,455,-67.37045288085938,-66.67092895507812,0
No horse does ascend more than four hills.,No horse does ascend at least four hills.,semantics,quantifiers,superlative_quantifiers_1,True,False,False,False,456,-62.411712646484375,-60.53717041015625,0
No pedestrian brought fewer than nine doors.,No pedestrian brought at most nine doors.,semantics,quantifiers,superlative_quantifiers_1,True,False,False,False,457,-57.933876037597656,-58.25692367553711,1
No customer would kiss fewer than three actors.,No customer would kiss at most three actors.,semantics,quantifiers,superlative_quantifiers_1,True,False,False,False,458,-59.54058837890625,-59.61692810058594,1
No guest might care for more than nine guests.,No guest might care for at least nine guests.,semantics,quantifiers,superlative_quantifiers_1,True,False,False,False,459,-58.91356658935547,-61.70539855957031,1
No pedestrian had taken more than ten dishes.,No pedestrian had taken at least ten dishes.,semantics,quantifiers,superlative_quantifiers_1,True,False,False,False,460,-52.5821533203125,-53.399208068847656,1
No man will drive to more than two closets.,No man will drive to at least two closets.,semantics,quantifiers,superlative_quantifiers_1,True,False,False,False,461,-53.77100372314453,-55.86438751220703,1
No driver questioned more than ten waitresses.,No driver questioned at least ten waitresses.,semantics,quantifiers,superlative_quantifiers_1,True,False,False,False,462,-60.896453857421875,-62.08857345581055,1
No public park has looked like more than five drawings.,No public park has looked like at least five drawings.,semantics,quantifiers,superlative_quantifiers_1,True,False,False,False,463,-62.46775817871094,-65.59449768066406,1
No senator can know more than two dancers.,No senator can know at least two dancers.,semantics,quantifiers,superlative_quantifiers_1,True,False,False,False,464,-54.06443786621094,-54.80356979370117,1
No doctor can exit fewer than two art galleries.,No doctor can exit at most two art galleries.,semantics,quantifiers,superlative_quantifiers_1,True,False,False,False,465,-64.2085189819336,-64.25302124023438,1
No lady had listened to fewer than five actresses.,No lady had listened to at most five actresses.,semantics,quantifiers,superlative_quantifiers_1,True,False,False,False,466,-62.33414840698242,-64.96015930175781,1
No cat descended more than eight ladders.,No cat descended at least eight ladders.,semantics,quantifiers,superlative_quantifiers_1,True,False,False,False,467,-55.57718276977539,-58.206451416015625,1
No teacher was lifting more than five public parks.,No teacher was lifting at least five public parks.,semantics,quantifiers,superlative_quantifiers_1,True,False,False,False,468,-60.37437438964844,-60.42874526977539,1
No patient was exiting more than six public parks.,No patient was exiting at least six public parks.,semantics,quantifiers,superlative_quantifiers_1,True,False,False,False,469,-61.208988189697266,-63.562557220458984,1
No cashier should talk about fewer than ten schools.,No cashier should talk about at most ten schools.,semantics,quantifiers,superlative_quantifiers_1,True,False,False,False,470,-65.98956298828125,-68.74771118164062,1
No patient is boasting about fewer than five men.,No patient is boasting about at most five men.,semantics,quantifiers,superlative_quantifiers_1,True,False,False,False,471,-62.22669219970703,-66.38294982910156,1
No lady watched more than six doctors.,No lady watched at least six doctors.,semantics,quantifiers,superlative_quantifiers_1,True,False,False,False,472,-47.08646011352539,-48.412357330322266,1
No actor was scanning more than four movies.,No actor was scanning at least four movies.,semantics,quantifiers,superlative_quantifiers_1,True,False,False,False,473,-52.67320251464844,-53.65403747558594,1
No waitress had cleaned more than ten forks.,No waitress had cleaned at least ten forks.,semantics,quantifiers,superlative_quantifiers_1,True,False,False,False,474,-57.1461296081543,-57.210411071777344,1
No teacher should fire fewer than four waitresses.,No teacher should fire at most four waitresses.,semantics,quantifiers,superlative_quantifiers_1,True,False,False,False,475,-72.85223388671875,-73.71993255615234,1
No boy was talking about more than three drivers.,No boy was talking about at least three drivers.,semantics,quantifiers,superlative_quantifiers_1,True,False,False,False,476,-49.66020965576172,-51.191898345947266,1
No patient hires fewer than four waiters.,No patient hires at most four waiters.,semantics,quantifiers,superlative_quantifiers_1,True,False,False,False,477,-64.7811279296875,-61.972373962402344,0
No school is taking fewer than seven doors.,No school is taking at most seven doors.,semantics,quantifiers,superlative_quantifiers_1,True,False,False,False,478,-51.58012390136719,-51.58111572265625,1
No legislature does respect fewer than two hills.,No legislature does respect at most two hills.,semantics,quantifiers,superlative_quantifiers_1,True,False,False,False,479,-63.20310974121094,-61.82811737060547,0
No driver had fixed more than ten mirrors.,No driver had fixed at least ten mirrors.,semantics,quantifiers,superlative_quantifiers_1,True,False,False,False,480,-53.847076416015625,-53.19762420654297,0
No senator will hug fewer than eight men.,No senator will hug at most eight men.,semantics,quantifiers,superlative_quantifiers_1,True,False,False,False,481,-62.88977813720703,-64.59083557128906,1
No girl would respect more than four ladies.,No girl would respect at least four ladies.,semantics,quantifiers,superlative_quantifiers_1,True,False,False,False,482,-50.79480743408203,-50.39301681518555,0
No waiter attacked fewer than nine men.,No waiter attacked at most nine men.,semantics,quantifiers,superlative_quantifiers_1,True,False,False,False,483,-56.99325942993164,-58.66082763671875,1
No senator was admiring fewer than nine snakes.,No senator was admiring at most nine snakes.,semantics,quantifiers,superlative_quantifiers_1,True,False,False,False,484,-70.02577209472656,-70.93716430664062,1
No cashier has cleaned fewer than eight couches.,No cashier has cleaned at most eight couches.,semantics,quantifiers,superlative_quantifiers_1,True,False,False,False,485,-72.00279998779297,-72.59471130371094,1
No girl had cleaned more than two apples.,No girl had cleaned at least two apples.,semantics,quantifiers,superlative_quantifiers_1,True,False,False,False,486,-50.63225555419922,-50.561790466308594,0
No pedestrian is biking to more than five schools.,No pedestrian is biking to at least five schools.,semantics,quantifiers,superlative_quantifiers_1,True,False,False,False,487,-57.02361297607422,-59.205101013183594,1
No senator researched more than nine mountains.,No senator researched at least nine mountains.,semantics,quantifiers,superlative_quantifiers_1,True,False,False,False,488,-54.47419357299805,-55.64349365234375,1
No glacier is confusing more than four adults.,No glacier is confusing at least four adults.,semantics,quantifiers,superlative_quantifiers_1,True,False,False,False,489,-53.18047332763672,-51.61000061035156,0
No eggplant stunned fewer than two ladies.,No eggplant stunned at most two ladies.,semantics,quantifiers,superlative_quantifiers_1,True,False,False,False,490,-66.40248107910156,-63.97325134277344,0
No teacher is describing fewer than six rivers.,No teacher is describing at most six rivers.,semantics,quantifiers,superlative_quantifiers_1,True,False,False,False,491,-57.38642883300781,-60.540008544921875,1
No horse is ascending more than two slopes.,No horse is ascending at least two slopes.,semantics,quantifiers,superlative_quantifiers_1,True,False,False,False,492,-56.75033950805664,-54.268550872802734,0
No teenager has irritated more than four guests.,No teenager has irritated at least four guests.,semantics,quantifiers,superlative_quantifiers_1,True,False,False,False,493,-56.44385528564453,-54.7761344909668,0
No driver had revealed more than five planes.,No driver had revealed at least five planes.,semantics,quantifiers,superlative_quantifiers_1,True,False,False,False,494,-50.7451286315918,-50.65711212158203,0
No girl has more than eight casseroles.,No girl has at least eight casseroles.,semantics,quantifiers,superlative_quantifiers_1,True,False,False,False,495,-55.76123046875,-59.287349700927734,1
No lady is returning to more than four girls.,No lady is returning to at least four girls.,semantics,quantifiers,superlative_quantifiers_1,True,False,False,False,496,-49.212074279785156,-51.07568359375,1
No man fixes fewer than two plates.,No man fixes at most two plates.,semantics,quantifiers,superlative_quantifiers_1,True,False,False,False,497,-54.334877014160156,-53.061912536621094,0
No waiter examines more than five plays.,No waiter examines at least five plays.,semantics,quantifiers,superlative_quantifiers_1,True,False,False,False,498,-52.628868103027344,-55.46694564819336,1
No student has argued about more than ten newspaper articles.,No student has argued about at least ten newspaper articles.,semantics,quantifiers,superlative_quantifiers_1,True,False,False,False,499,-66.41412353515625,-69.24901580810547,1
No company might dislike more than ten books.,No company might dislike at least ten books.,semantics,quantifiers,superlative_quantifiers_1,True,False,False,False,500,-48.18134307861328,-49.8026123046875,1
No boy should heal fewer than eight turtles.,No boy should heal at most eight turtles.,semantics,quantifiers,superlative_quantifiers_1,True,False,False,False,501,-63.058204650878906,-64.15753936767578,1
No museum had praised more than six men.,No museum had praised at least six men.,semantics,quantifiers,superlative_quantifiers_1,True,False,False,False,502,-54.91477966308594,-54.441184997558594,0
No boy flees from fewer than ten boys.,No boy flees from at most ten boys.,semantics,quantifiers,superlative_quantifiers_1,True,False,False,False,503,-61.634552001953125,-65.09395599365234,1
No guest fixes fewer than nine trucks.,No guest fixes at most nine trucks.,semantics,quantifiers,superlative_quantifiers_1,True,False,False,False,504,-59.347801208496094,-58.199867248535156,0
No legislature had loved fewer than six stories.,No legislature had loved at most six stories.,semantics,quantifiers,superlative_quantifiers_1,True,False,False,False,505,-58.7996711730957,-59.758914947509766,1
No lady wears more than six shirts.,No lady wears at least six shirts.,semantics,quantifiers,superlative_quantifiers_1,True,False,False,False,506,-50.40406036376953,-52.395423889160156,1
No bird is climbing up more than ten slopes.,No bird is climbing up at least ten slopes.,semantics,quantifiers,superlative_quantifiers_1,True,False,False,False,507,-59.61688995361328,-58.47846984863281,0
No customer passed fewer than seven college campuses.,No customer passed at most seven college campuses.,semantics,quantifiers,superlative_quantifiers_1,True,False,False,False,508,-62.726234436035156,-62.11113357543945,0
No student has disliked fewer than four closets.,No student has disliked at most four closets.,semantics,quantifiers,superlative_quantifiers_1,True,False,False,False,509,-64.48540496826172,-63.97959518432617,0
No man forgets fewer than eight essays.,No man forgets at most eight essays.,semantics,quantifiers,superlative_quantifiers_1,True,False,False,False,510,-62.4257926940918,-60.95838165283203,0
No girl is examining fewer than four stories.,No girl is examining at most four stories.,semantics,quantifiers,superlative_quantifiers_1,True,False,False,False,511,-53.699745178222656,-55.918060302734375,1
No cashier sold more than three cars.,No cashier sold at least three cars.,semantics,quantifiers,superlative_quantifiers_1,True,False,False,False,512,-49.31372833251953,-48.7042236328125,0
No cashier boycotts fewer than five universities.,No cashier boycotts at most five universities.,semantics,quantifiers,superlative_quantifiers_1,True,False,False,False,513,-71.1194076538086,-71.28398132324219,1
No organization can talk to fewer than nine pedestrians.,No organization can talk to at most nine pedestrians.,semantics,quantifiers,superlative_quantifiers_1,True,False,False,False,514,-62.845481872558594,-66.4067153930664,1
No boy is curing more than four adults.,No boy is curing at least four adults.,semantics,quantifiers,superlative_quantifiers_1,True,False,False,False,515,-52.7850341796875,-52.521331787109375,0
No skirt might embarrass fewer than five actors.,No skirt might embarrass at most five actors.,semantics,quantifiers,superlative_quantifiers_1,True,False,False,False,516,-65.53582000732422,-66.28621673583984,1
No bike has bothered more than seven adults.,No bike has bothered at least seven adults.,semantics,quantifiers,superlative_quantifiers_1,True,False,False,False,517,-49.97943115234375,-52.269474029541016,1
No senator might escape from more than eight senators.,No senator might escape from at least eight senators.,semantics,quantifiers,superlative_quantifiers_1,True,False,False,False,518,-63.759246826171875,-66.68209075927734,1
No dancer had hidden more than five actresses.,No dancer had hidden at least five actresses.,semantics,quantifiers,superlative_quantifiers_1,True,False,False,False,519,-57.42978286743164,-56.40740966796875,0
No person did watch fewer than six children.,No person did watch at most six children.,semantics,quantifiers,superlative_quantifiers_1,True,False,False,False,520,-52.29909896850586,-52.744163513183594,1
No woman did cure fewer than seven horses.,No woman did cure at most seven horses.,semantics,quantifiers,superlative_quantifiers_1,True,False,False,False,521,-59.70122528076172,-61.38850784301758,1
No girl watches fewer than ten adults.,No girl watches at most ten adults.,semantics,quantifiers,superlative_quantifiers_1,True,False,False,False,522,-53.17280197143555,-51.398399353027344,0
No hamster ascends fewer than four slopes.,No hamster ascends at most four slopes.,semantics,quantifiers,superlative_quantifiers_1,True,False,False,False,523,-73.34904479980469,-72.62998962402344,0
No plate was scaring more than six girls.,No plate was scaring at least six girls.,semantics,quantifiers,superlative_quantifiers_1,True,False,False,False,524,-56.396514892578125,-55.175987243652344,0
No student was ascending fewer than five hills.,No student was ascending at most five hills.,semantics,quantifiers,superlative_quantifiers_1,True,False,False,False,525,-62.089534759521484,-60.99979782104492,0
No person passes fewer than three museums.,No person passes at most three museums.,semantics,quantifiers,superlative_quantifiers_1,True,False,False,False,526,-52.320247650146484,-49.37669372558594,0
No lady questions fewer than six men.,No lady questions at most six men.,semantics,quantifiers,superlative_quantifiers_1,True,False,False,False,527,-55.280887603759766,-53.11606216430664,0
No man hugs fewer than seven senators.,No man hugs at most seven senators.,semantics,quantifiers,superlative_quantifiers_1,True,False,False,False,528,-59.59735870361328,-57.834815979003906,0
No woman has skated around fewer than five glaciers.,No woman has skated around at most five glaciers.,semantics,quantifiers,superlative_quantifiers_1,True,False,False,False,529,-74.03327941894531,-77.0380630493164,1
No patient lifted fewer than nine eyes.,No patient lifted at most nine eyes.,semantics,quantifiers,superlative_quantifiers_1,True,False,False,False,530,-57.764163970947266,-57.46935272216797,0
No waitress was listening to more than four students.,No waitress was listening to at least four students.,semantics,quantifiers,superlative_quantifiers_1,True,False,False,False,531,-51.6711540222168,-53.651893615722656,1
No child has admired fewer than four socks.,No child has admired at most four socks.,semantics,quantifiers,superlative_quantifiers_1,True,False,False,False,532,-61.12244415283203,-60.79027557373047,0
No customer fired more than six children.,No customer fired at least six children.,semantics,quantifiers,superlative_quantifiers_1,True,False,False,False,533,-44.93790054321289,-45.651405334472656,1
No doctor is talking to more than five actresses.,No doctor is talking to at least five actresses.,semantics,quantifiers,superlative_quantifiers_1,True,False,False,False,534,-53.57450866699219,-54.58615493774414,1
No driver could clean fewer than seven restaurants.,No driver could clean at most seven restaurants.,semantics,quantifiers,superlative_quantifiers_1,True,False,False,False,535,-56.81417465209961,-56.138362884521484,0
No man boasts about fewer than eight adults.,No man boasts about at most eight adults.,semantics,quantifiers,superlative_quantifiers_1,True,False,False,False,536,-58.76766586303711,-61.13371658325195,1
No pedestrian can know more than eight men.,No pedestrian can know at least eight men.,semantics,quantifiers,superlative_quantifiers_1,True,False,False,False,537,-49.97243118286133,-51.91313171386719,1
No student has sold more than six restaurants.,No student has sold at least six restaurants.,semantics,quantifiers,superlative_quantifiers_1,True,False,False,False,538,-47.903564453125,-48.49311828613281,1
No man cleans more than four casseroles.,No man cleans at least four casseroles.,semantics,quantifiers,superlative_quantifiers_1,True,False,False,False,539,-62.64935302734375,-63.71261215209961,1
No pedestrian had healed fewer than three guys.,No pedestrian had healed at most three guys.,semantics,quantifiers,superlative_quantifiers_1,True,False,False,False,540,-64.04226684570312,-63.16872787475586,0
No shawl will bore fewer than five men.,No shawl will bore at most five men.,semantics,quantifiers,superlative_quantifiers_1,True,False,False,False,541,-69.21070861816406,-69.97227478027344,1
No child would hug fewer than two guys.,No child would hug at most two guys.,semantics,quantifiers,superlative_quantifiers_1,True,False,False,False,542,-58.102622985839844,-58.871971130371094,1
No organization had sold fewer than four slopes.,No organization had sold at most four slopes.,semantics,quantifiers,superlative_quantifiers_1,True,False,False,False,543,-59.19634246826172,-58.86053466796875,0
No girl might criticize more than four closets.,No girl might criticize at least four closets.,semantics,quantifiers,superlative_quantifiers_1,True,False,False,False,544,-59.12065124511719,-59.68231964111328,1
No library did help fewer than eight drivers.,No library did help at most eight drivers.,semantics,quantifiers,superlative_quantifiers_1,True,False,False,False,545,-57.526527404785156,-59.28140640258789,1
No adult arrived at fewer than three malls.,No adult arrived at at most three malls.,semantics,quantifiers,superlative_quantifiers_1,True,False,False,False,546,-57.333717346191406,-59.75220489501953,1
No boy hated fewer than four essays.,No boy hated at most four essays.,semantics,quantifiers,superlative_quantifiers_1,True,False,False,False,547,-55.71089172363281,-55.31765365600586,0
No teacher does climb down fewer than two hills.,No teacher does climb down at most two hills.,semantics,quantifiers,superlative_quantifiers_1,True,False,False,False,548,-66.84672546386719,-65.62228393554688,0
No man talked about more than four pedestrians.,No man talked about at least four pedestrians.,semantics,quantifiers,superlative_quantifiers_1,True,False,False,False,549,-52.21142578125,-53.28792190551758,1
No waiter has concealed fewer than two mushrooms.,No waiter has concealed at most two mushrooms.,semantics,quantifiers,superlative_quantifiers_1,True,False,False,False,550,-62.74028015136719,-63.926124572753906,1
No teenager should complain about more than five actors.,No teenager should complain about at least five actors.,semantics,quantifiers,superlative_quantifiers_1,True,False,False,False,551,-57.94538116455078,-57.92588424682617,0
No teacher buys more than eight shoes.,No teacher buys at least eight shoes.,semantics,quantifiers,superlative_quantifiers_1,True,False,False,False,552,-50.25534439086914,-52.0431022644043,1
No man had found more than two men.,No man had found at least two men.,semantics,quantifiers,superlative_quantifiers_1,True,False,False,False,553,-42.136138916015625,-42.8788948059082,1
No adult is discovering more than two slopes.,No adult is discovering at least two slopes.,semantics,quantifiers,superlative_quantifiers_1,True,False,False,False,554,-53.067771911621094,-55.085792541503906,1
No customer should care for fewer than three teenagers.,No customer should care for at most three teenagers.,semantics,quantifiers,superlative_quantifiers_1,True,False,False,False,555,-61.68864440917969,-64.55999755859375,1
No cup might hurt fewer than seven girls.,No cup might hurt at most seven girls.,semantics,quantifiers,superlative_quantifiers_1,True,False,False,False,556,-59.51204299926758,-58.485164642333984,0
No child admires more than three candles.,No child admires at least three candles.,semantics,quantifiers,superlative_quantifiers_1,True,False,False,False,557,-57.80405807495117,-56.712554931640625,0
No girl was hugging more than six men.,No girl was hugging at least six men.,semantics,quantifiers,superlative_quantifiers_1,True,False,False,False,558,-50.679901123046875,-51.314510345458984,1
No adult did think about more than five skirts.,No adult did think about at least five skirts.,semantics,quantifiers,superlative_quantifiers_1,True,False,False,False,559,-57.571754455566406,-59.16343688964844,1
No actress is irritating fewer than four committees.,No actress is irritating at most four committees.,semantics,quantifiers,superlative_quantifiers_1,True,False,False,False,560,-59.828941345214844,-60.492332458496094,1
No picture looks like more than eight lakes.,No picture looks like at least eight lakes.,semantics,quantifiers,superlative_quantifiers_1,True,False,False,False,561,-47.47647476196289,-48.972537994384766,1
No adult has revealed fewer than seven spotlights.,No adult has revealed at most seven spotlights.,semantics,quantifiers,superlative_quantifiers_1,True,False,False,False,562,-65.07015991210938,-68.18003845214844,1
No lady had sold more than ten scarves.,No lady had sold at least ten scarves.,semantics,quantifiers,superlative_quantifiers_1,True,False,False,False,563,-59.12422180175781,-60.147064208984375,1
No girl could think about more than seven libraries.,No girl could think about at least seven libraries.,semantics,quantifiers,superlative_quantifiers_1,True,False,False,False,564,-52.21390914916992,-53.350669860839844,1
No closet bothered more than eight customers.,No closet bothered at least eight customers.,semantics,quantifiers,superlative_quantifiers_1,True,False,False,False,565,-52.350341796875,-53.300113677978516,1
No eye might disgust fewer than seven waitresses.,No eye might disgust at most seven waitresses.,semantics,quantifiers,superlative_quantifiers_1,True,False,False,False,566,-77.4185791015625,-77.1885986328125,0
No dancer sounded like more than three hospitals.,No dancer sounded like at least three hospitals.,semantics,quantifiers,superlative_quantifiers_1,True,False,False,False,567,-51.93705749511719,-53.60053634643555,1
No nose has annoyed more than three actresses.,No nose has annoyed at least three actresses.,semantics,quantifiers,superlative_quantifiers_1,True,False,False,False,568,-57.5643310546875,-56.43513107299805,0
No cashier climbed down more than eight stairs.,No cashier climbed down at least eight stairs.,semantics,quantifiers,superlative_quantifiers_1,True,False,False,False,569,-63.30644989013672,-63.68935012817383,1
No teacher should fix fewer than eight cups.,No teacher should fix at most eight cups.,semantics,quantifiers,superlative_quantifiers_1,True,False,False,False,570,-56.9962043762207,-58.37700271606445,1
No child should break fewer than three screens.,No child should break at most three screens.,semantics,quantifiers,superlative_quantifiers_1,True,False,False,False,571,-56.81864929199219,-55.566673278808594,0
No teenager should cure fewer than three adults.,No teenager should cure at most three adults.,semantics,quantifiers,superlative_quantifiers_1,True,False,False,False,572,-58.132198333740234,-60.28911590576172,1
No dancer has concealed more than seven guests.,No dancer has concealed at least seven guests.,semantics,quantifiers,superlative_quantifiers_1,True,False,False,False,573,-56.268672943115234,-56.69532012939453,1
No screen could stun more than eight customers.,No screen could stun at least eight customers.,semantics,quantifiers,superlative_quantifiers_1,True,False,False,False,574,-57.083621978759766,-57.24456787109375,1
No pedestrian might attack more than four women.,No pedestrian might attack at least four women.,semantics,quantifiers,superlative_quantifiers_1,True,False,False,False,575,-55.183189392089844,-53.299747467041016,0
No cashier was buying more than four high schools.,No cashier was buying at least four high schools.,semantics,quantifiers,superlative_quantifiers_1,True,False,False,False,576,-62.483062744140625,-65.61477661132812,1
No teacher had broken fewer than five chairs.,No teacher had broken at most five chairs.,semantics,quantifiers,superlative_quantifiers_1,True,False,False,False,577,-58.96500778198242,-58.22079086303711,0
No lady skated around more than seven museums.,No lady skated around at least seven museums.,semantics,quantifiers,superlative_quantifiers_1,True,False,False,False,578,-63.65577697753906,-65.6466064453125,1
No cashier fled from fewer than five people.,No cashier fled from at most five people.,semantics,quantifiers,superlative_quantifiers_1,True,False,False,False,579,-61.63471221923828,-66.29235076904297,1
No guy was criticizing more than five hills.,No guy was criticizing at least five hills.,semantics,quantifiers,superlative_quantifiers_1,True,False,False,False,580,-54.012672424316406,-54.406917572021484,1
No pedestrian has seen fewer than seven cats.,No pedestrian has seen at most seven cats.,semantics,quantifiers,superlative_quantifiers_1,True,False,False,False,581,-54.258949279785156,-57.40229797363281,1
No child has passed more than four mountains.,No child has passed at least four mountains.,semantics,quantifiers,superlative_quantifiers_1,True,False,False,False,582,-47.24253463745117,-48.60820007324219,1
No government concealed more than eight waitresses.,No government concealed at least eight waitresses.,semantics,quantifiers,superlative_quantifiers_1,True,False,False,False,583,-63.26153564453125,-65.21781921386719,1
No cashier did remember fewer than seven schools.,No cashier did remember at most seven schools.,semantics,quantifiers,superlative_quantifiers_1,True,False,False,False,584,-65.05615234375,-65.49835205078125,1
No lady had visited more than six movie theaters.,No lady had visited at least six movie theaters.,semantics,quantifiers,superlative_quantifiers_1,True,False,False,False,585,-61.913169860839844,-63.01595687866211,1
No senator drives to more than three closets.,No senator drives to at least three closets.,semantics,quantifiers,superlative_quantifiers_1,True,False,False,False,586,-56.95707321166992,-58.66767120361328,1
No teenager has thought about more than six waiters.,No teenager has thought about at least six waiters.,semantics,quantifiers,superlative_quantifiers_1,True,False,False,False,587,-62.32919692993164,-63.14701843261719,1
No driver could fix more than four couches.,No driver could fix at least four couches.,semantics,quantifiers,superlative_quantifiers_1,True,False,False,False,588,-56.32661437988281,-55.85194778442383,0
No actor had hired fewer than eight women.,No actor had hired at most eight women.,semantics,quantifiers,superlative_quantifiers_1,True,False,False,False,589,-55.435550689697266,-56.73993682861328,1
No waiter investigated more than six pedestrians.,No waiter investigated at least six pedestrians.,semantics,quantifiers,superlative_quantifiers_1,True,False,False,False,590,-53.34027099609375,-56.277626037597656,1
No actor had worn more than seven coats.,No actor had worn at least seven coats.,semantics,quantifiers,superlative_quantifiers_1,True,False,False,False,591,-53.89521789550781,-53.34376525878906,0
No senator exits more than three lakes.,No senator exits at least three lakes.,semantics,quantifiers,superlative_quantifiers_1,True,False,False,False,592,-51.80236053466797,-51.42951202392578,0
No school would fire more than ten doctors.,No school would fire at least ten doctors.,semantics,quantifiers,superlative_quantifiers_1,True,False,False,False,593,-51.377479553222656,-51.405616760253906,1
No guest did examine fewer than seven books.,No guest did examine at most seven books.,semantics,quantifiers,superlative_quantifiers_1,True,False,False,False,594,-62.906349182128906,-62.594688415527344,0
No actress had noticed more than six books.,No actress had noticed at least six books.,semantics,quantifiers,superlative_quantifiers_1,True,False,False,False,595,-50.059295654296875,-51.76996612548828,1
No girl broke more than five windows.,No girl broke at least five windows.,semantics,quantifiers,superlative_quantifiers_1,True,False,False,False,596,-44.46233367919922,-45.43659210205078,1
No person could examine fewer than two documentaries.,No person could examine at most two documentaries.,semantics,quantifiers,superlative_quantifiers_1,True,False,False,False,597,-54.508243560791016,-54.425689697265625,0
No photograph had bored fewer than nine children.,No photograph had bored at most nine children.,semantics,quantifiers,superlative_quantifiers_1,True,False,False,False,598,-61.5345573425293,-59.84248352050781,0
No doctor has walked through fewer than ten lakes.,No doctor has walked through at most ten lakes.,semantics,quantifiers,superlative_quantifiers_1,True,False,False,False,599,-61.329315185546875,-66.01642608642578,1
No pedestrian reveals fewer than seven malls.,No pedestrian reveals at most seven malls.,semantics,quantifiers,superlative_quantifiers_1,True,False,False,False,600,-59.50454330444336,-60.06802749633789,1
No waiter did respect fewer than five waitresses.,No waiter did respect at most five waitresses.,semantics,quantifiers,superlative_quantifiers_1,True,False,False,False,601,-74.58870697021484,-75.46540832519531,1
No senator might resemble more than three drawings.,No senator might resemble at least three drawings.,semantics,quantifiers,superlative_quantifiers_1,True,False,False,False,602,-56.42820739746094,-59.358463287353516,1
No waitress will conceal more than six doctors.,No waitress will conceal at least six doctors.,semantics,quantifiers,superlative_quantifiers_1,True,False,False,False,603,-56.21086120605469,-57.656951904296875,1
No pedestrian examined more than five documentaries.,No pedestrian examined at least five documentaries.,semantics,quantifiers,superlative_quantifiers_1,True,False,False,False,604,-53.47168731689453,-53.68795394897461,1
No association has fewer than three carriages.,No association has at most three carriages.,semantics,quantifiers,superlative_quantifiers_1,True,False,False,False,605,-55.193939208984375,-57.97638702392578,1
No actor was healing fewer than eight drivers.,No actor was healing at most eight drivers.,semantics,quantifiers,superlative_quantifiers_1,True,False,False,False,606,-62.20521545410156,-60.72606658935547,0
No person will cure fewer than seven teenagers.,No person will cure at most seven teenagers.,semantics,quantifiers,superlative_quantifiers_1,True,False,False,False,607,-55.40840530395508,-56.745452880859375,1
No casserole looks like fewer than six pictures.,No casserole looks like at most six pictures.,semantics,quantifiers,superlative_quantifiers_1,True,False,False,False,608,-62.47304153442383,-63.10386657714844,1
No patient is exiting more than seven college campuses.,No patient is exiting at least seven college campuses.,semantics,quantifiers,superlative_quantifiers_1,True,False,False,False,609,-60.72779083251953,-61.33197784423828,1
No company was bothering more than nine actresses.,No company was bothering at least nine actresses.,semantics,quantifiers,superlative_quantifiers_1,True,False,False,False,610,-54.24974060058594,-53.60407257080078,0
No lady sees more than four waitresses.,No lady sees at least four waitresses.,semantics,quantifiers,superlative_quantifiers_1,True,False,False,False,611,-58.94084167480469,-61.0346794128418,1
No person helps more than three customers.,No person helps at least three customers.,semantics,quantifiers,superlative_quantifiers_1,True,False,False,False,612,-41.281578063964844,-41.484188079833984,1
No doctor has walked through more than nine restaurants.,No doctor has walked through at least nine restaurants.,semantics,quantifiers,superlative_quantifiers_1,True,False,False,False,613,-56.047584533691406,-58.67816162109375,1
No cake would annoy more than seven actresses.,No cake would annoy at least seven actresses.,semantics,quantifiers,superlative_quantifiers_1,True,False,False,False,614,-61.931419372558594,-60.04117965698242,0
No print can look like fewer than nine adults.,No print can look like at most nine adults.,semantics,quantifiers,superlative_quantifiers_1,True,False,False,False,615,-57.74732208251953,-60.94013977050781,1
No patient knew fewer than two drivers.,No patient knew at most two drivers.,semantics,quantifiers,superlative_quantifiers_1,True,False,False,False,616,-52.70212173461914,-51.650028228759766,0
No snake does break more than seven couches.,No snake does break at least seven couches.,semantics,quantifiers,superlative_quantifiers_1,True,False,False,False,617,-64.24615478515625,-63.136627197265625,0
No dancer descended more than nine steps.,No dancer descended at least nine steps.,semantics,quantifiers,superlative_quantifiers_1,True,False,False,False,618,-51.94331359863281,-53.64693069458008,1
No teacher goes to fewer than four movie theaters.,No teacher goes to at most four movie theaters.,semantics,quantifiers,superlative_quantifiers_1,True,False,False,False,619,-64.48912048339844,-66.53492736816406,1
No guy does insult fewer than nine banks.,No guy does insult at most nine banks.,semantics,quantifiers,superlative_quantifiers_1,True,False,False,False,620,-62.37688446044922,-63.36161804199219,1
No waitress has described more than three banks.,No waitress has described at least three banks.,semantics,quantifiers,superlative_quantifiers_1,True,False,False,False,621,-48.48546600341797,-52.06016540527344,1
No woman will return to more than ten movie theaters.,No woman will return to at least ten movie theaters.,semantics,quantifiers,superlative_quantifiers_1,True,False,False,False,622,-61.89349365234375,-64.83907318115234,1
No person was dropping by more than nine high schools.,No person was dropping by at least nine high schools.,semantics,quantifiers,superlative_quantifiers_1,True,False,False,False,623,-57.31171417236328,-59.10532760620117,1
No patient was going to more than six cafes.,No patient was going to at least six cafes.,semantics,quantifiers,superlative_quantifiers_1,True,False,False,False,624,-52.34969711303711,-53.341548919677734,1
No association remembers more than ten actors.,No association remembers at least ten actors.,semantics,quantifiers,superlative_quantifiers_1,True,False,False,False,625,-50.5539665222168,-52.99299621582031,1
No child had bought more than seven muffins.,No child had bought at least seven muffins.,semantics,quantifiers,superlative_quantifiers_1,True,False,False,False,626,-56.839664459228516,-57.0365104675293,1
No patient describes more than seven commentaries.,No patient describes at least seven commentaries.,semantics,quantifiers,superlative_quantifiers_1,True,False,False,False,627,-59.276039123535156,-62.387413024902344,1
No driver flees from more than four museums.,No driver flees from at least four museums.,semantics,quantifiers,superlative_quantifiers_1,True,False,False,False,628,-56.8961181640625,-59.659358978271484,1
No man is observing fewer than six students.,No man is observing at most six students.,semantics,quantifiers,superlative_quantifiers_1,True,False,False,False,629,-53.6492805480957,-52.99885177612305,0
No guy sounds like more than four high schools.,No guy sounds like at least four high schools.,semantics,quantifiers,superlative_quantifiers_1,True,False,False,False,630,-53.2033805847168,-54.9622802734375,1
No lady had biked to more than nine lakes.,No lady had biked to at least nine lakes.,semantics,quantifiers,superlative_quantifiers_1,True,False,False,False,631,-66.94161987304688,-68.62408447265625,1
No senator escapes from fewer than ten dancers.,No senator escapes from at most ten dancers.,semantics,quantifiers,superlative_quantifiers_1,True,False,False,False,632,-65.01483154296875,-67.9730224609375,1
No waiter was fleeing from fewer than two doctors.,No waiter was fleeing from at most two doctors.,semantics,quantifiers,superlative_quantifiers_1,True,False,False,False,633,-60.695213317871094,-63.970420837402344,1
No doctor had fled from more than seven hospitals.,No doctor had fled from at least seven hospitals.,semantics,quantifiers,superlative_quantifiers_1,True,False,False,False,634,-57.01411437988281,-59.69122314453125,1
No senator discovered more than three couches.,No senator discovered at least three couches.,semantics,quantifiers,superlative_quantifiers_1,True,False,False,False,635,-55.037109375,-56.13735580444336,1
No child was healing fewer than three cashiers.,No child was healing at most three cashiers.,semantics,quantifiers,superlative_quantifiers_1,True,False,False,False,636,-67.32940673828125,-65.70382690429688,0
No child fled from more than three cafes.,No child fled from at least three cafes.,semantics,quantifiers,superlative_quantifiers_1,True,False,False,False,637,-54.81636428833008,-56.224571228027344,1
No man is annoying more than two people.,No man is annoying at least two people.,semantics,quantifiers,superlative_quantifiers_1,True,False,False,False,638,-43.600650787353516,-42.255218505859375,0
No actor is questioning fewer than nine pedestrians.,No actor is questioning at most nine pedestrians.,semantics,quantifiers,superlative_quantifiers_1,True,False,False,False,639,-62.870052337646484,-63.82195281982422,1
No cat climbs down more than two steps.,No cat climbs down at least two steps.,semantics,quantifiers,superlative_quantifiers_1,True,False,False,False,640,-52.674556732177734,-51.96099853515625,0
No woman has passed fewer than two malls.,No woman has passed at most two malls.,semantics,quantifiers,superlative_quantifiers_1,True,False,False,False,641,-53.400360107421875,-54.809566497802734,1
No senator concealed more than five children.,No senator concealed at least five children.,semantics,quantifiers,superlative_quantifiers_1,True,False,False,False,642,-49.86048126220703,-50.94935607910156,1
No unicycle was scaring fewer than two dancers.,No unicycle was scaring at most two dancers.,semantics,quantifiers,superlative_quantifiers_1,True,False,False,False,643,-74.7424087524414,-73.01008605957031,0
No company respected more than two mountains.,No company respected at least two mountains.,semantics,quantifiers,superlative_quantifiers_1,True,False,False,False,644,-46.943782806396484,-48.00248718261719,1
No cashier talked about more than nine grocery stores.,No cashier talked about at least nine grocery stores.,semantics,quantifiers,superlative_quantifiers_1,True,False,False,False,645,-67.27702331542969,-70.0963363647461,1
No teenager has fled from more than five museums.,No teenager has fled from at least five museums.,semantics,quantifiers,superlative_quantifiers_1,True,False,False,False,646,-58.55926513671875,-60.097923278808594,1
No waitress sounds like more than nine books.,No waitress sounds like at least nine books.,semantics,quantifiers,superlative_quantifiers_1,True,False,False,False,647,-50.07959747314453,-52.3305549621582,1
No man has sold more than ten eyes.,No man has sold at least ten eyes.,semantics,quantifiers,superlative_quantifiers_1,True,False,False,False,648,-46.54629898071289,-46.41211700439453,0
No book does confuse more than four doctors.,No book does confuse at least four doctors.,semantics,quantifiers,superlative_quantifiers_1,True,False,False,False,649,-55.139156341552734,-55.80653762817383,1
No committee referenced fewer than two teachers.,No committee referenced at most two teachers.,semantics,quantifiers,superlative_quantifiers_1,True,False,False,False,650,-52.85356903076172,-53.38871383666992,1
No report was looking like more than ten sketches.,No report was looking like at least ten sketches.,semantics,quantifiers,superlative_quantifiers_1,True,False,False,False,651,-54.070960998535156,-56.601280212402344,1
No teacher was wearing more than nine gloves.,No teacher was wearing at least nine gloves.,semantics,quantifiers,superlative_quantifiers_1,True,False,False,False,652,-52.27684020996094,-53.983245849609375,1
No teenager goes to fewer than four grocery stores.,No teenager goes to at most four grocery stores.,semantics,quantifiers,superlative_quantifiers_1,True,False,False,False,653,-64.09574127197266,-65.0155258178711,1
No boy did escape from more than four patients.,No boy did escape from at least four patients.,semantics,quantifiers,superlative_quantifiers_1,True,False,False,False,654,-55.082366943359375,-57.67582702636719,1
No window resembles more than nine sketches.,No window resembles at least nine sketches.,semantics,quantifiers,superlative_quantifiers_1,True,False,False,False,655,-51.44317626953125,-54.30259704589844,1
No school was admiring fewer than three bicycles.,No school was admiring at most three bicycles.,semantics,quantifiers,superlative_quantifiers_1,True,False,False,False,656,-62.88703155517578,-62.509586334228516,0
No organization can stun fewer than four girls.,No organization can stun at most four girls.,semantics,quantifiers,superlative_quantifiers_1,True,False,False,False,657,-59.787811279296875,-61.87517547607422,1
No doctor climbs down fewer than four ladders.,No doctor climbs down at most four ladders.,semantics,quantifiers,superlative_quantifiers_1,True,False,False,False,658,-71.7856216430664,-70.89018249511719,0
No pie was confusing more than two boys.,No pie was confusing at least two boys.,semantics,quantifiers,superlative_quantifiers_1,True,False,False,False,659,-46.91173553466797,-46.17121124267578,0
No museum might buy fewer than three mushrooms.,No museum might buy at most three mushrooms.,semantics,quantifiers,superlative_quantifiers_1,True,False,False,False,660,-61.18336486816406,-61.489410400390625,1
No child had scared fewer than six students.,No child had scared at most six students.,semantics,quantifiers,superlative_quantifiers_1,True,False,False,False,661,-58.731231689453125,-57.275352478027344,0
No pie scares fewer than three pedestrians.,No pie scares at most three pedestrians.,semantics,quantifiers,superlative_quantifiers_1,True,False,False,False,662,-58.084449768066406,-57.362266540527344,0
No dancer does investigate fewer than nine cashiers.,No dancer does investigate at most nine cashiers.,semantics,quantifiers,superlative_quantifiers_1,True,False,False,False,663,-72.06402587890625,-77.58440399169922,1
No legislature listened to fewer than five doctors.,No legislature listened to at most five doctors.,semantics,quantifiers,superlative_quantifiers_1,True,False,False,False,664,-58.661136627197266,-62.774192810058594,1
No actress remembered more than four actors.,No actress remembered at least four actors.,semantics,quantifiers,superlative_quantifiers_1,True,False,False,False,665,-48.51277542114258,-50.301334381103516,1
No teenager had helped more than ten actresses.,No teenager had helped at least ten actresses.,semantics,quantifiers,superlative_quantifiers_1,True,False,False,False,666,-54.66084671020508,-55.50723648071289,1
No bank referenced fewer than nine movies.,No bank referenced at most nine movies.,semantics,quantifiers,superlative_quantifiers_1,True,False,False,False,667,-55.560237884521484,-57.43273162841797,1
No customer is exploring more than eight museums.,No customer is exploring at least eight museums.,semantics,quantifiers,superlative_quantifiers_1,True,False,False,False,668,-51.21263885498047,-53.46416473388672,1
No child is hiding more than ten forks.,No child is hiding at least ten forks.,semantics,quantifiers,superlative_quantifiers_1,True,False,False,False,669,-52.291255950927734,-51.413002014160156,0
No man discussed more than seven waitresses.,No man discussed at least seven waitresses.,semantics,quantifiers,superlative_quantifiers_1,True,False,False,False,670,-59.259429931640625,-59.55876159667969,1
No adult has talked about more than three customers.,No adult has talked about at least three customers.,semantics,quantifiers,superlative_quantifiers_1,True,False,False,False,671,-49.85449981689453,-52.48091125488281,1
No committee praised more than six cashiers.,No committee praised at least six cashiers.,semantics,quantifiers,superlative_quantifiers_1,True,False,False,False,672,-60.97233581542969,-61.746185302734375,1
No customer does drop by fewer than seven movie theaters.,No customer does drop by at most seven movie theaters.,semantics,quantifiers,superlative_quantifiers_1,True,False,False,False,673,-76.6522445678711,-79.80550384521484,1
No cashier should work with more than two senators.,No cashier should work with at least two senators.,semantics,quantifiers,superlative_quantifiers_1,True,False,False,False,674,-60.76116943359375,-62.551326751708984,1
No senator drives to more than eight libraries.,No senator drives to at least eight libraries.,semantics,quantifiers,superlative_quantifiers_1,True,False,False,False,675,-54.848323822021484,-57.94081115722656,1
No woman healed fewer than four actors.,No woman healed at most four actors.,semantics,quantifiers,superlative_quantifiers_1,True,False,False,False,676,-53.51784896850586,-53.889286041259766,1
No dancer has biked to more than five high schools.,No dancer has biked to at least five high schools.,semantics,quantifiers,superlative_quantifiers_1,True,False,False,False,677,-71.33757781982422,-73.74198913574219,1
No cashier is breaking more than three convertibles.,No cashier is breaking at least three convertibles.,semantics,quantifiers,superlative_quantifiers_1,True,False,False,False,678,-68.76329040527344,-68.08671569824219,0
No legislature is helping fewer than eight waiters.,No legislature is helping at most eight waiters.,semantics,quantifiers,superlative_quantifiers_1,True,False,False,False,679,-66.06646728515625,-68.68732452392578,1
No woman was arguing about more than seven students.,No woman was arguing about at least seven students.,semantics,quantifiers,superlative_quantifiers_1,True,False,False,False,680,-53.218204498291016,-55.08209228515625,1
No boy visits fewer than seven grocery stores.,No boy visits at most seven grocery stores.,semantics,quantifiers,superlative_quantifiers_1,True,False,False,False,681,-66.0362777709961,-62.924774169921875,0
No teacher went to more than ten high schools.,No teacher went to at least ten high schools.,semantics,quantifiers,superlative_quantifiers_1,True,False,False,False,682,-52.63677215576172,-55.393585205078125,1
No school should criticize more than ten hospitals.,No school should criticize at least ten hospitals.,semantics,quantifiers,superlative_quantifiers_1,True,False,False,False,683,-53.54642868041992,-55.63114929199219,1
No library could like more than nine drivers.,No library could like at least nine drivers.,semantics,quantifiers,superlative_quantifiers_1,True,False,False,False,684,-51.188270568847656,-52.662193298339844,1
No driver did climb up fewer than four stairs.,No driver did climb up at most four stairs.,semantics,quantifiers,superlative_quantifiers_1,True,False,False,False,685,-67.23297882080078,-63.33625793457031,0
No customer would break more than seven chairs.,No customer would break at least seven chairs.,semantics,quantifiers,superlative_quantifiers_1,True,False,False,False,686,-53.472900390625,-52.690940856933594,0
No patient has returned to more than seven high schools.,No patient has returned to at least seven high schools.,semantics,quantifiers,superlative_quantifiers_1,True,False,False,False,687,-56.27149200439453,-58.815364837646484,1
No actress had disliked fewer than three pedestrians.,No actress had disliked at most three pedestrians.,semantics,quantifiers,superlative_quantifiers_1,True,False,False,False,688,-65.38460540771484,-64.56254577636719,0
No cashier had passed more than ten banks.,No cashier had passed at least ten banks.,semantics,quantifiers,superlative_quantifiers_1,True,False,False,False,689,-57.38481521606445,-58.347206115722656,1
No skateboard resembled more than five drawings.,No skateboard resembled at least five drawings.,semantics,quantifiers,superlative_quantifiers_1,True,False,False,False,690,-60.6286735534668,-61.19662094116211,1
No lady would think about more than six closets.,No lady would think about at least six closets.,semantics,quantifiers,superlative_quantifiers_1,True,False,False,False,691,-56.983089447021484,-57.91913604736328,1
No pedestrian runs around more than six high schools.,No pedestrian runs around at least six high schools.,semantics,quantifiers,superlative_quantifiers_1,True,False,False,False,692,-58.993873596191406,-59.57257080078125,1
No driver does break more than nine skateboards.,No driver does break at least nine skateboards.,semantics,quantifiers,superlative_quantifiers_1,True,False,False,False,693,-63.01240539550781,-62.10586166381836,0
No bank had distracted more than seven governments.,No bank had distracted at least seven governments.,semantics,quantifiers,superlative_quantifiers_1,True,False,False,False,694,-53.955955505371094,-54.988590240478516,1
No person had observed fewer than six students.,No person had observed at most six students.,semantics,quantifiers,superlative_quantifiers_1,True,False,False,False,695,-53.00306701660156,-52.99730682373047,0
No actor is boycotting fewer than four hills.,No actor is boycotting at most four hills.,semantics,quantifiers,superlative_quantifiers_1,True,False,False,False,696,-68.39349365234375,-67.49101257324219,0
No association respects fewer than two rivers.,No association respects at most two rivers.,semantics,quantifiers,superlative_quantifiers_1,True,False,False,False,697,-55.83906936645508,-56.24295425415039,1
No sweater can annoy fewer than ten guys.,No sweater can annoy at most ten guys.,semantics,quantifiers,superlative_quantifiers_1,True,False,False,False,698,-62.52558135986328,-63.883087158203125,1
No waiter respects more than two patients.,No waiter respects at least two patients.,semantics,quantifiers,superlative_quantifiers_1,True,False,False,False,699,-46.27098083496094,-50.3306884765625,1
No actor had thought about more than two chairs.,No actor had thought about at least two chairs.,semantics,quantifiers,superlative_quantifiers_1,True,False,False,False,700,-52.86936950683594,-55.30970764160156,1
No guest hides more than five windows.,No guest hides at least five windows.,semantics,quantifiers,superlative_quantifiers_1,True,False,False,False,701,-49.05827331542969,-50.565650939941406,1
No mushroom astounded more than ten committees.,No mushroom astounded at least ten committees.,semantics,quantifiers,superlative_quantifiers_1,True,False,False,False,702,-62.56550598144531,-60.48518753051758,0
No snake climbs down fewer than eight mountains.,No snake climbs down at most eight mountains.,semantics,quantifiers,superlative_quantifiers_1,True,False,False,False,703,-66.22164154052734,-65.01948547363281,0
No teenager liked more than two apples.,No teenager liked at least two apples.,semantics,quantifiers,superlative_quantifiers_1,True,False,False,False,704,-46.297142028808594,-47.54874801635742,1
No child cleaned more than nine grocery stores.,No child cleaned at least nine grocery stores.,semantics,quantifiers,superlative_quantifiers_1,True,False,False,False,705,-60.181861877441406,-59.07439041137695,0
No pedestrian has appreciated more than ten stories.,No pedestrian has appreciated at least ten stories.,semantics,quantifiers,superlative_quantifiers_1,True,False,False,False,706,-54.455406188964844,-55.52543640136719,1
No committee had disgusted fewer than four actors.,No committee had disgusted at most four actors.,semantics,quantifiers,superlative_quantifiers_1,True,False,False,False,707,-64.6067886352539,-64.17805480957031,0
No patient hates fewer than seven girls.,No patient hates at most seven girls.,semantics,quantifiers,superlative_quantifiers_1,True,False,False,False,708,-54.062835693359375,-56.918373107910156,1
No library was buying fewer than two blouses.,No library was buying at most two blouses.,semantics,quantifiers,superlative_quantifiers_1,True,False,False,False,709,-61.37117385864258,-62.471282958984375,1
No senator researches fewer than three legislatures.,No senator researches at most three legislatures.,semantics,quantifiers,superlative_quantifiers_1,True,False,False,False,710,-70.38458251953125,-68.20166015625,0
No popsicle was looking like fewer than nine paintings.,No popsicle was looking like at most nine paintings.,semantics,quantifiers,superlative_quantifiers_1,True,False,False,False,711,-77.68447875976562,-79.53742218017578,1
No waiter is arguing about more than nine stories.,No waiter is arguing about at least nine stories.,semantics,quantifiers,superlative_quantifiers_1,True,False,False,False,712,-60.27529525756836,-62.20355224609375,1
No senator examined more than five commentaries.,No senator examined at least five commentaries.,semantics,quantifiers,superlative_quantifiers_1,True,False,False,False,713,-64.27955627441406,-65.82677459716797,1
No customer disturbs more than six libraries.,No customer disturbs at least six libraries.,semantics,quantifiers,superlative_quantifiers_1,True,False,False,False,714,-58.24006652832031,-56.2933349609375,0
No girl cured fewer than five snakes.,No girl cured at most five snakes.,semantics,quantifiers,superlative_quantifiers_1,True,False,False,False,715,-57.817623138427734,-57.57734298706055,0
No girl has walked through more than two closets.,No girl has walked through at least two closets.,semantics,quantifiers,superlative_quantifiers_1,True,False,False,False,716,-55.05891036987305,-57.51715850830078,1
No teenager criticizes more than seven pedestrians.,No teenager criticizes at least seven pedestrians.,semantics,quantifiers,superlative_quantifiers_1,True,False,False,False,717,-61.576175689697266,-61.41284942626953,0
No cashier has watched more than nine patients.,No cashier has watched at least nine patients.,semantics,quantifiers,superlative_quantifiers_1,True,False,False,False,718,-56.555572509765625,-58.6158447265625,1
No painting looks like fewer than seven customers.,No painting looks like at most seven customers.,semantics,quantifiers,superlative_quantifiers_1,True,False,False,False,719,-53.57288360595703,-52.97547912597656,0
No pedestrian is thinking about fewer than five sweaters.,No pedestrian is thinking about at most five sweaters.,semantics,quantifiers,superlative_quantifiers_1,True,False,False,False,720,-65.54145812988281,-68.16703033447266,1
No senator investigates fewer than seven students.,No senator investigates at most seven students.,semantics,quantifiers,superlative_quantifiers_1,True,False,False,False,721,-57.01609802246094,-60.4775390625,1
No woman has lifted more than two restaurants.,No woman has lifted at least two restaurants.,semantics,quantifiers,superlative_quantifiers_1,True,False,False,False,722,-47.43562698364258,-47.839134216308594,1
No painting had looked like more than three customers.,No painting had looked like at least three customers.,semantics,quantifiers,superlative_quantifiers_1,True,False,False,False,723,-55.36735534667969,-57.28742599487305,1
No actress was revealing more than nine mountains.,No actress was revealing at least nine mountains.,semantics,quantifiers,superlative_quantifiers_1,True,False,False,False,724,-51.81745910644531,-52.9810905456543,1
No teenager dropped by fewer than three art galleries.,No teenager dropped by at most three art galleries.,semantics,quantifiers,superlative_quantifiers_1,True,False,False,False,725,-65.36862182617188,-68.29849243164062,1
No waitress was breaking fewer than ten dishes.,No waitress was breaking at most ten dishes.,semantics,quantifiers,superlative_quantifiers_1,True,False,False,False,726,-59.76702117919922,-58.966896057128906,0
No adult disliked more than ten mountains.,No adult disliked at least ten mountains.,semantics,quantifiers,superlative_quantifiers_1,True,False,False,False,727,-52.728050231933594,-53.52421188354492,1
No photograph is looking like more than five shirts.,No photograph is looking like at least five shirts.,semantics,quantifiers,superlative_quantifiers_1,True,False,False,False,728,-54.245628356933594,-56.17076110839844,1
No guest had scanned fewer than four documentaries.,No guest had scanned at most four documentaries.,semantics,quantifiers,superlative_quantifiers_1,True,False,False,False,729,-67.6568603515625,-66.68248748779297,0
No waitress respects more than four senators.,No waitress respects at least four senators.,semantics,quantifiers,superlative_quantifiers_1,True,False,False,False,730,-53.511470794677734,-56.560115814208984,1
No school should criticize more than six movies.,No school should criticize at least six movies.,semantics,quantifiers,superlative_quantifiers_1,True,False,False,False,731,-53.37995529174805,-55.17246627807617,1
No doctor skates around more than two glaciers.,No doctor skates around at least two glaciers.,semantics,quantifiers,superlative_quantifiers_1,True,False,False,False,732,-60.383663177490234,-62.317527770996094,1
No senator has upset fewer than four governments.,No senator has upset at most four governments.,semantics,quantifiers,superlative_quantifiers_1,True,False,False,False,733,-62.93810272216797,-62.47105026245117,0
No eggplant looked like fewer than seven pictures.,No eggplant looked like at most seven pictures.,semantics,quantifiers,superlative_quantifiers_1,True,False,False,False,734,-66.34703063964844,-68.18353271484375,1
No child is boycotting more than four college campuses.,No child is boycotting at least four college campuses.,semantics,quantifiers,superlative_quantifiers_1,True,False,False,False,735,-68.85552215576172,-68.59371948242188,0
No person was boring fewer than two customers.,No person was boring at most two customers.,semantics,quantifiers,superlative_quantifiers_1,True,False,False,False,736,-52.862342834472656,-48.45149230957031,0
No legislature helped fewer than five guests.,No legislature helped at most five guests.,semantics,quantifiers,superlative_quantifiers_1,True,False,False,False,737,-53.434234619140625,-55.301082611083984,1
No adult describes fewer than four high schools.,No adult describes at most four high schools.,semantics,quantifiers,superlative_quantifiers_1,True,False,False,False,738,-58.777931213378906,-61.120758056640625,1
No pedestrian cured fewer than eight adults.,No pedestrian cured at most eight adults.,semantics,quantifiers,superlative_quantifiers_1,True,False,False,False,739,-57.418067932128906,-57.51927185058594,1
No actress will attack more than seven waiters.,No actress will attack at least seven waiters.,semantics,quantifiers,superlative_quantifiers_1,True,False,False,False,740,-61.264408111572266,-60.78326416015625,0
No guy observed more than three people.,No guy observed at least three people.,semantics,quantifiers,superlative_quantifiers_1,True,False,False,False,741,-41.605655670166016,-41.62360763549805,1
No waiter questions more than seven committees.,No waiter questions at least seven committees.,semantics,quantifiers,superlative_quantifiers_1,True,False,False,False,742,-52.93302536010742,-54.2303352355957,1
No man heals fewer than ten girls.,No man heals at most ten girls.,semantics,quantifiers,superlative_quantifiers_1,True,False,False,False,743,-53.514488220214844,-51.89986801147461,0
No story sounds like fewer than four public parks.,No story sounds like at most four public parks.,semantics,quantifiers,superlative_quantifiers_1,True,False,False,False,744,-60.772605895996094,-59.97771453857422,0
No girl has complained about more than four doctors.,No girl has complained about at least four doctors.,semantics,quantifiers,superlative_quantifiers_1,True,False,False,False,745,-54.53007125854492,-56.47216033935547,1
No student was complaining about more than four documentaries.,No student was complaining about at least four documentaries.,semantics,quantifiers,superlative_quantifiers_1,True,False,False,False,746,-56.11145782470703,-58.20225524902344,1
No girl is fleeing from fewer than two drivers.,No girl is fleeing from at most two drivers.,semantics,quantifiers,superlative_quantifiers_1,True,False,False,False,747,-58.467750549316406,-60.83910369873047,1
No truck is aggravating fewer than three associations.,No truck is aggravating at most three associations.,semantics,quantifiers,superlative_quantifiers_1,True,False,False,False,748,-59.1165771484375,-59.32320785522461,1
No lady was walking through more than ten libraries.,No lady was walking through at least ten libraries.,semantics,quantifiers,superlative_quantifiers_1,True,False,False,False,749,-53.35696029663086,-55.823455810546875,1
No girl was arriving at more than two libraries.,No girl was arriving at at least two libraries.,semantics,quantifiers,superlative_quantifiers_1,True,False,False,False,750,-50.04780578613281,-53.043975830078125,1
No guy returned to fewer than three cafes.,No guy returned to at most three cafes.,semantics,quantifiers,superlative_quantifiers_1,True,False,False,False,751,-56.64116668701172,-58.32148742675781,1
No waiter had researched fewer than five photographs.,No waiter had researched at most five photographs.,semantics,quantifiers,superlative_quantifiers_1,True,False,False,False,752,-62.230926513671875,-64.08123016357422,1
No actress was attacking fewer than seven guests.,No actress was attacking at most seven guests.,semantics,quantifiers,superlative_quantifiers_1,True,False,False,False,753,-57.48249816894531,-58.07701873779297,1
No man was concealing fewer than seven stairs.,No man was concealing at most seven stairs.,semantics,quantifiers,superlative_quantifiers_1,True,False,False,False,754,-65.99710083007812,-64.93572998046875,0
No customer was disgusting fewer than three senators.,No customer was disgusting at most three senators.,semantics,quantifiers,superlative_quantifiers_1,True,False,False,False,755,-60.876434326171875,-61.34283447265625,1
No customer has biked to fewer than four restaurants.,No customer has biked to at most four restaurants.,semantics,quantifiers,superlative_quantifiers_1,True,False,False,False,756,-71.686279296875,-73.10839080810547,1
No pedestrian observed fewer than three doctors.,No pedestrian observed at most three doctors.,semantics,quantifiers,superlative_quantifiers_1,True,False,False,False,757,-55.948612213134766,-56.1696891784668,1
No actress can respect fewer than seven malls.,No actress can respect at most seven malls.,semantics,quantifiers,superlative_quantifiers_1,True,False,False,False,758,-65.73629760742188,-65.89329528808594,1
No teenager has worn more than six pants.,No teenager has worn at least six pants.,semantics,quantifiers,superlative_quantifiers_1,True,False,False,False,759,-55.34113693237305,-52.96956253051758,0
No student skated around fewer than ten lakes.,No student skated around at most ten lakes.,semantics,quantifiers,superlative_quantifiers_1,True,False,False,False,760,-69.14297485351562,-72.74493408203125,1
No actor is noticing fewer than three drivers.,No actor is noticing at most three drivers.,semantics,quantifiers,superlative_quantifiers_1,True,False,False,False,761,-56.94072341918945,-56.957584381103516,1
No actor loved more than three adults.,No actor loved at least three adults.,semantics,quantifiers,superlative_quantifiers_1,True,False,False,False,762,-43.8988037109375,-45.021629333496094,1
No waiter hires more than nine doctors.,No waiter hires at least nine doctors.,semantics,quantifiers,superlative_quantifiers_1,True,False,False,False,763,-55.70416259765625,-57.05479049682617,1
No cashier scans fewer than seven commentaries.,No cashier scans at most seven commentaries.,semantics,quantifiers,superlative_quantifiers_1,True,False,False,False,764,-76.06146240234375,-77.00927734375,1
No dancer had sold fewer than seven lamps.,No dancer had sold at most seven lamps.,semantics,quantifiers,superlative_quantifiers_1,True,False,False,False,765,-61.483848571777344,-61.94948959350586,1
No dancer flees from more than four senators.,No dancer flees from at least four senators.,semantics,quantifiers,superlative_quantifiers_1,True,False,False,False,766,-62.36361312866211,-64.7927474975586,1
No library was embarrassing more than four teenagers.,No library was embarrassing at least four teenagers.,semantics,quantifiers,superlative_quantifiers_1,True,False,False,False,767,-52.243167877197266,-51.74251174926758,0
No organization has fewer than three vases.,No organization has at most three vases.,semantics,quantifiers,superlative_quantifiers_1,True,False,False,False,768,-53.85138702392578,-56.48405075073242,1
No lady did lift more than eight dresses.,No lady did lift at least eight dresses.,semantics,quantifiers,superlative_quantifiers_1,True,False,False,False,769,-56.22620391845703,-56.5408935546875,1
No pedestrian passes more than two high schools.,No pedestrian passes at least two high schools.,semantics,quantifiers,superlative_quantifiers_1,True,False,False,False,770,-51.70687484741211,-51.71445846557617,1
No dancer had escaped from fewer than four grocery stores.,No dancer had escaped from at most four grocery stores.,semantics,quantifiers,superlative_quantifiers_1,True,False,False,False,771,-75.32928466796875,-76.11331176757812,1
No skirt embarrassed fewer than two children.,No skirt embarrassed at most two children.,semantics,quantifiers,superlative_quantifiers_1,True,False,False,False,772,-54.13722610473633,-50.82911682128906,0
No child shocked more than seven universities.,No child shocked at least seven universities.,semantics,quantifiers,superlative_quantifiers_1,True,False,False,False,773,-48.265811920166016,-50.081974029541016,1
No girl is passing fewer than eight schools.,No girl is passing at most eight schools.,semantics,quantifiers,superlative_quantifiers_1,True,False,False,False,774,-53.2765998840332,-52.79045867919922,0
No patient has climbed down fewer than ten hills.,No patient has climbed down at most ten hills.,semantics,quantifiers,superlative_quantifiers_1,True,False,False,False,775,-62.80680465698242,-63.188880920410156,1
No actress loved more than six ladies.,No actress loved at least six ladies.,semantics,quantifiers,superlative_quantifiers_1,True,False,False,False,776,-48.00896072387695,-48.48767852783203,1
No school hates fewer than two pedestrians.,No school hates at most two pedestrians.,semantics,quantifiers,superlative_quantifiers_1,True,False,False,False,777,-55.42637252807617,-57.035499572753906,1
No child bought fewer than nine public parks.,No child bought at most nine public parks.,semantics,quantifiers,superlative_quantifiers_1,True,False,False,False,778,-63.28685760498047,-64.09976959228516,1
No woman has dropped by more than ten rivers.,No woman has dropped by at least ten rivers.,semantics,quantifiers,superlative_quantifiers_1,True,False,False,False,779,-53.43785858154297,-56.613616943359375,1
No fish had bored fewer than seven men.,No fish had bored at most seven men.,semantics,quantifiers,superlative_quantifiers_1,True,False,False,False,780,-61.04417037963867,-58.16493606567383,0
No teenager would skate around fewer than four lakes.,No teenager would skate around at most four lakes.,semantics,quantifiers,superlative_quantifiers_1,True,False,False,False,781,-68.58464813232422,-69.13533782958984,1
No organization was helping more than three boys.,No organization was helping at least three boys.,semantics,quantifiers,superlative_quantifiers_1,True,False,False,False,782,-47.73463439941406,-47.585960388183594,0
No girl can see more than three cucumbers.,No girl can see at least three cucumbers.,semantics,quantifiers,superlative_quantifiers_1,True,False,False,False,783,-50.82953643798828,-53.43968200683594,1
No actress talks to fewer than four cashiers.,No actress talks to at most four cashiers.,semantics,quantifiers,superlative_quantifiers_1,True,False,False,False,784,-66.64613342285156,-69.0234375,1
No guy has messed up more than seven college campuses.,No guy has messed up at least seven college campuses.,semantics,quantifiers,superlative_quantifiers_1,True,False,False,False,785,-63.15287780761719,-62.25767135620117,0
No child is talking to fewer than nine people.,No child is talking to at most nine people.,semantics,quantifiers,superlative_quantifiers_1,True,False,False,False,786,-51.63064193725586,-55.025550842285156,1
No cashier is researching fewer than two high schools.,No cashier is researching at most two high schools.,semantics,quantifiers,superlative_quantifiers_1,True,False,False,False,787,-66.61801147460938,-69.08528137207031,1
No customer hired more than five adults.,No customer hired at least five adults.,semantics,quantifiers,superlative_quantifiers_1,True,False,False,False,788,-44.442771911621094,-45.70901870727539,1
No driver cured fewer than two guys.,No driver cured at most two guys.,semantics,quantifiers,superlative_quantifiers_1,True,False,False,False,789,-53.08295440673828,-50.74232864379883,0
No wheelbarrow bored fewer than three waitresses.,No wheelbarrow bored at most three waitresses.,semantics,quantifiers,superlative_quantifiers_1,True,False,False,False,790,-86.6539306640625,-84.94979095458984,0
No customer exits more than three schools.,No customer exits at least three schools.,semantics,quantifiers,superlative_quantifiers_1,True,False,False,False,791,-46.3760986328125,-46.23237609863281,0
No guy is dropping by more than five banks.,No guy is dropping by at least five banks.,semantics,quantifiers,superlative_quantifiers_1,True,False,False,False,792,-50.95531463623047,-52.493019104003906,1
No student lifted fewer than eight stairs.,No student lifted at most eight stairs.,semantics,quantifiers,superlative_quantifiers_1,True,False,False,False,793,-60.504520416259766,-59.37495422363281,0
No teenager might see fewer than two eggplants.,No teenager might see at most two eggplants.,semantics,quantifiers,superlative_quantifiers_1,True,False,False,False,794,-71.72428131103516,-73.1786117553711,1
No driver found more than eight patients.,No driver found at least eight patients.,semantics,quantifiers,superlative_quantifiers_1,True,False,False,False,795,-40.66592025756836,-41.882171630859375,1
No lady did think about more than ten photographs.,No lady did think about at least ten photographs.,semantics,quantifiers,superlative_quantifiers_1,True,False,False,False,796,-54.663848876953125,-56.435577392578125,1
No teenager had bored fewer than seven senators.,No teenager had bored at most seven senators.,semantics,quantifiers,superlative_quantifiers_1,True,False,False,False,797,-65.40069580078125,-63.41728973388672,0
No screen scares fewer than five men.,No screen scares at most five men.,semantics,quantifiers,superlative_quantifiers_1,True,False,False,False,798,-54.040985107421875,-54.247108459472656,1
No box has impressed more than two people.,No box has impressed at least two people.,semantics,quantifiers,superlative_quantifiers_1,True,False,False,False,799,-45.347469329833984,-44.23400115966797,0
No lady has disliked fewer than four people.,No lady has disliked at most four people.,semantics,quantifiers,superlative_quantifiers_1,True,False,False,False,800,-56.100990295410156,-56.911163330078125,1
No guy wore fewer than ten coats.,No guy wore at most ten coats.,semantics,quantifiers,superlative_quantifiers_1,True,False,False,False,801,-52.75135040283203,-53.709083557128906,1
No essay worried fewer than ten committees.,No essay worried at most ten committees.,semantics,quantifiers,superlative_quantifiers_1,True,False,False,False,802,-56.68480682373047,-56.15922164916992,0
No student had known fewer than five teenagers.,No student had known at most five teenagers.,semantics,quantifiers,superlative_quantifiers_1,True,False,False,False,803,-59.63176727294922,-61.429115295410156,1
No guest should go to fewer than five lakes.,No guest should go to at most five lakes.,semantics,quantifiers,superlative_quantifiers_1,True,False,False,False,804,-61.072181701660156,-63.30036926269531,1
No boy did question more than three guests.,No boy did question at least three guests.,semantics,quantifiers,superlative_quantifiers_1,True,False,False,False,805,-51.642242431640625,-51.629051208496094,0
No cashier would find fewer than ten turtles.,No cashier would find at most ten turtles.,semantics,quantifiers,superlative_quantifiers_1,True,False,False,False,806,-62.39580535888672,-66.99603271484375,1
No person was questioning more than nine organizations.,No person was questioning at least nine organizations.,semantics,quantifiers,superlative_quantifiers_1,True,False,False,False,807,-49.60967254638672,-50.04017639160156,1
No hospital disturbed more than eight children.,No hospital disturbed at least eight children.,semantics,quantifiers,superlative_quantifiers_1,True,False,False,False,808,-48.835365295410156,-49.89765167236328,1
No hospital had argued about fewer than nine students.,No hospital had argued about at most nine students.,semantics,quantifiers,superlative_quantifiers_1,True,False,False,False,809,-65.01466369628906,-68.74299621582031,1
No nose looked like fewer than nine photographs.,No nose looked like at most nine photographs.,semantics,quantifiers,superlative_quantifiers_1,True,False,False,False,810,-59.09267044067383,-60.85997772216797,1
No driver has admired more than three restaurants.,No driver has admired at least three restaurants.,semantics,quantifiers,superlative_quantifiers_1,True,False,False,False,811,-50.491004943847656,-49.187156677246094,0
No waitress does hire more than two actors.,No waitress does hire at least two actors.,semantics,quantifiers,superlative_quantifiers_1,True,False,False,False,812,-55.025543212890625,-57.470123291015625,1
No popsicle astounded fewer than five men.,No popsicle astounded at most five men.,semantics,quantifiers,superlative_quantifiers_1,True,False,False,False,813,-74.0595703125,-71.77532958984375,0
No hill disturbed fewer than ten adults.,No hill disturbed at most ten adults.,semantics,quantifiers,superlative_quantifiers_1,True,False,False,False,814,-55.87225341796875,-55.743186950683594,0
No waitress is talking to more than three teenagers.,No waitress is talking to at least three teenagers.,semantics,quantifiers,superlative_quantifiers_1,True,False,False,False,815,-53.616241455078125,-55.53071594238281,1
No actress has questioned fewer than nine organizations.,No actress has questioned at most nine organizations.,semantics,quantifiers,superlative_quantifiers_1,True,False,False,False,816,-56.703548431396484,-59.993289947509766,1
No patient is exiting more than four art galleries.,No patient is exiting at least four art galleries.,semantics,quantifiers,superlative_quantifiers_1,True,False,False,False,817,-60.305850982666016,-61.78048324584961,1
No person descends fewer than ten ladders.,No person descends at most ten ladders.,semantics,quantifiers,superlative_quantifiers_1,True,False,False,False,818,-65.15911865234375,-66.82170104980469,1
No patient was noticing more than four malls.,No patient was noticing at least four malls.,semantics,quantifiers,superlative_quantifiers_1,True,False,False,False,819,-53.282615661621094,-54.14439392089844,1
No adult hid more than six doctors.,No adult hid at least six doctors.,semantics,quantifiers,superlative_quantifiers_1,True,False,False,False,820,-50.4256591796875,-51.796417236328125,1
No driver concealed fewer than five teachers.,No driver concealed at most five teachers.,semantics,quantifiers,superlative_quantifiers_1,True,False,False,False,821,-55.399009704589844,-55.859901428222656,1
No doctor discusses more than two movies.,No doctor discusses at least two movies.,semantics,quantifiers,superlative_quantifiers_1,True,False,False,False,822,-44.42969512939453,-47.114444732666016,1
No museum did take more than two prints.,No museum did take at least two prints.,semantics,quantifiers,superlative_quantifiers_1,True,False,False,False,823,-49.719478607177734,-53.29972839355469,1
No hospital does remember more than five libraries.,No hospital does remember at least five libraries.,semantics,quantifiers,superlative_quantifiers_1,True,False,False,False,824,-55.54182434082031,-55.728729248046875,1
No bird should climb down fewer than four slopes.,No bird should climb down at most four slopes.,semantics,quantifiers,superlative_quantifiers_1,True,False,False,False,825,-67.59452819824219,-65.9155502319336,0
No guest broke fewer than eight couches.,No guest broke at most eight couches.,semantics,quantifiers,superlative_quantifiers_1,True,False,False,False,826,-63.20756149291992,-62.87465286254883,0
No student is watching more than eight waiters.,No student is watching at least eight waiters.,semantics,quantifiers,superlative_quantifiers_1,True,False,False,False,827,-58.8248291015625,-59.88128662109375,1
No doctor could research fewer than five lakes.,No doctor could research at most five lakes.,semantics,quantifiers,superlative_quantifiers_1,True,False,False,False,828,-61.559879302978516,-61.916099548339844,1
No picture looked like more than seven eggplants.,No picture looked like at least seven eggplants.,semantics,quantifiers,superlative_quantifiers_1,True,False,False,False,829,-67.68801879882812,-69.4714584350586,1
No customer should discover more than nine waitresses.,No customer should discover at least nine waitresses.,semantics,quantifiers,superlative_quantifiers_1,True,False,False,False,830,-64.03645324707031,-66.97499084472656,1
No pedestrian had loved more than five customers.,No pedestrian had loved at least five customers.,semantics,quantifiers,superlative_quantifiers_1,True,False,False,False,831,-55.36651611328125,-55.39521408081055,1
No school had appreciated more than three banks.,No school had appreciated at least three banks.,semantics,quantifiers,superlative_quantifiers_1,True,False,False,False,832,-50.34126281738281,-50.933372497558594,1
No person might reference fewer than four teenagers.,No person might reference at most four teenagers.,semantics,quantifiers,superlative_quantifiers_1,True,False,False,False,833,-58.375938415527344,-57.9598388671875,0
No child returns to fewer than six cashiers.,No child returns to at most six cashiers.,semantics,quantifiers,superlative_quantifiers_1,True,False,False,False,834,-62.41807556152344,-66.88796997070312,1
No waitress observes fewer than ten doctors.,No waitress observes at most ten doctors.,semantics,quantifiers,superlative_quantifiers_1,True,False,False,False,835,-60.35413360595703,-62.07964324951172,1
No dancer sounded like more than five art galleries.,No dancer sounded like at least five art galleries.,semantics,quantifiers,superlative_quantifiers_1,True,False,False,False,836,-59.731101989746094,-61.23985290527344,1
No woman messed up more than three gloves.,No woman messed up at least three gloves.,semantics,quantifiers,superlative_quantifiers_1,True,False,False,False,837,-52.6416015625,-51.477699279785156,0
No waitress had worn more than seven jackets.,No waitress had worn at least seven jackets.,semantics,quantifiers,superlative_quantifiers_1,True,False,False,False,838,-57.39706802368164,-56.855403900146484,0
No cake had worried more than ten boys.,No cake had worried at least ten boys.,semantics,quantifiers,superlative_quantifiers_1,True,False,False,False,839,-51.59161376953125,-51.45636749267578,0
No boy worked with more than ten waitresses.,No boy worked with at least ten waitresses.,semantics,quantifiers,superlative_quantifiers_1,True,False,False,False,840,-60.56446838378906,-63.110877990722656,1
No government discusses more than five actresses.,No government discusses at least five actresses.,semantics,quantifiers,superlative_quantifiers_1,True,False,False,False,841,-48.227638244628906,-50.32521057128906,1
No student is questioning more than four teenagers.,No student is questioning at least four teenagers.,semantics,quantifiers,superlative_quantifiers_1,True,False,False,False,842,-51.36801528930664,-52.49285888671875,1
No teenager should lift fewer than seven newspaper articles.,No teenager should lift at most seven newspaper articles.,semantics,quantifiers,superlative_quantifiers_1,True,False,False,False,843,-72.9529800415039,-73.16107177734375,1
No cafe will bore more than seven men.,No cafe will bore at least seven men.,semantics,quantifiers,superlative_quantifiers_1,True,False,False,False,844,-53.25679016113281,-53.7915153503418,1
No adult escaped from fewer than three people.,No adult escaped from at most three people.,semantics,quantifiers,superlative_quantifiers_1,True,False,False,False,845,-54.58034133911133,-56.75226593017578,1
No waitress would break fewer than eight trucks.,No waitress would break at most eight trucks.,semantics,quantifiers,superlative_quantifiers_1,True,False,False,False,846,-59.65548324584961,-59.95268249511719,1
No teacher does heal more than two cashiers.,No teacher does heal at least two cashiers.,semantics,quantifiers,superlative_quantifiers_1,True,False,False,False,847,-61.425453186035156,-63.27958679199219,1
No lady complains about more than ten senators.,No lady complains about at least ten senators.,semantics,quantifiers,superlative_quantifiers_1,True,False,False,False,848,-59.94019317626953,-61.23112869262695,1
No guy has fled from more than two grocery stores.,No guy has fled from at least two grocery stores.,semantics,quantifiers,superlative_quantifiers_1,True,False,False,False,849,-63.10545349121094,-64.8246841430664,1
No pedestrian helps more than five ladies.,No pedestrian helps at least five ladies.,semantics,quantifiers,superlative_quantifiers_1,True,False,False,False,850,-48.74772644042969,-49.29292297363281,1
No actor exited more than nine art galleries.,No actor exited at least nine art galleries.,semantics,quantifiers,superlative_quantifiers_1,True,False,False,False,851,-58.80847930908203,-59.780330657958984,1
No boy went to more than three museums.,No boy went to at least three museums.,semantics,quantifiers,superlative_quantifiers_1,True,False,False,False,852,-46.95246505737305,-48.89714813232422,1
No boy was arriving at fewer than seven closets.,No boy was arriving at at most seven closets.,semantics,quantifiers,superlative_quantifiers_1,True,False,False,False,853,-62.01854705810547,-64.90325164794922,1
No guest messed up fewer than two forks.,No guest messed up at most two forks.,semantics,quantifiers,superlative_quantifiers_1,True,False,False,False,854,-60.97917556762695,-57.77656173706055,0
No man admires fewer than four closets.,No man admires at most four closets.,semantics,quantifiers,superlative_quantifiers_1,True,False,False,False,855,-67.48930358886719,-64.46284484863281,0
No shawl was stunning more than six governments.,No shawl was stunning at least six governments.,semantics,quantifiers,superlative_quantifiers_1,True,False,False,False,856,-66.13514709472656,-65.1144790649414,0
No pedestrian has admired fewer than six cups.,No pedestrian has admired at most six cups.,semantics,quantifiers,superlative_quantifiers_1,True,False,False,False,857,-61.320308685302734,-62.00269317626953,1
No guy researches fewer than nine mountains.,No guy researches at most nine mountains.,semantics,quantifiers,superlative_quantifiers_1,True,False,False,False,858,-66.42204284667969,-64.04346466064453,0
No student is fixing more than two carts.,No student is fixing at least two carts.,semantics,quantifiers,superlative_quantifiers_1,True,False,False,False,859,-52.40386962890625,-54.242340087890625,1
No boy might sound like more than five movie theaters.,No boy might sound like at least five movie theaters.,semantics,quantifiers,superlative_quantifiers_1,True,False,False,False,860,-65.76818084716797,-67.08602905273438,1
No hospital might help more than nine adults.,No hospital might help at least nine adults.,semantics,quantifiers,superlative_quantifiers_1,True,False,False,False,861,-50.8859977722168,-52.04685974121094,1
No driver conceals more than nine commentaries.,No driver conceals at least nine commentaries.,semantics,quantifiers,superlative_quantifiers_1,True,False,False,False,862,-73.85549926757812,-73.11308288574219,0
No vase was shocking fewer than five teenagers.,No vase was shocking at most five teenagers.,semantics,quantifiers,superlative_quantifiers_1,True,False,False,False,863,-63.257843017578125,-64.79312133789062,1
No guest was ascending more than seven hills.,No guest was ascending at least seven hills.,semantics,quantifiers,superlative_quantifiers_1,True,False,False,False,864,-56.86211395263672,-56.719242095947266,0
No patient should question fewer than six committees.,No patient should question at most six committees.,semantics,quantifiers,superlative_quantifiers_1,True,False,False,False,865,-62.01121520996094,-62.37535095214844,1
No senator was wearing fewer than five scarves.,No senator was wearing at most five scarves.,semantics,quantifiers,superlative_quantifiers_1,True,False,False,False,866,-66.97689819335938,-70.11549377441406,1
No actress does boycott more than five glaciers.,No actress does boycott at least five glaciers.,semantics,quantifiers,superlative_quantifiers_1,True,False,False,False,867,-63.23923110961914,-62.7949104309082,0
No student was working with fewer than three students.,No student was working with at most three students.,semantics,quantifiers,superlative_quantifiers_1,True,False,False,False,868,-47.07685852050781,-50.25640106201172,1
No teacher does dislike fewer than six boys.,No teacher does dislike at most six boys.,semantics,quantifiers,superlative_quantifiers_1,True,False,False,False,869,-61.298912048339844,-62.81151580810547,1
No pedestrian was biking to more than nine high schools.,No pedestrian was biking to at least nine high schools.,semantics,quantifiers,superlative_quantifiers_1,True,False,False,False,870,-67.43804931640625,-70.26956939697266,1
No customer should drive to more than eight libraries.,No customer should drive to at least eight libraries.,semantics,quantifiers,superlative_quantifiers_1,True,False,False,False,871,-55.057861328125,-57.701969146728516,1
No boy has returned to more than five ladies.,No boy has returned to at least five ladies.,semantics,quantifiers,superlative_quantifiers_1,True,False,False,False,872,-50.02523422241211,-52.47101593017578,1
No customer had concealed fewer than four grocery stores.,No customer had concealed at most four grocery stores.,semantics,quantifiers,superlative_quantifiers_1,True,False,False,False,873,-72.34727478027344,-71.91741943359375,0
No girl hid more than ten windows.,No girl hid at least ten windows.,semantics,quantifiers,superlative_quantifiers_1,True,False,False,False,874,-47.75859069824219,-48.645530700683594,1
No dress embarrassed fewer than eight pedestrians.,No dress embarrassed at most eight pedestrians.,semantics,quantifiers,superlative_quantifiers_1,True,False,False,False,875,-59.80516052246094,-58.38822937011719,0
No fish resembles more than seven pictures.,No fish resembles at least seven pictures.,semantics,quantifiers,superlative_quantifiers_1,True,False,False,False,876,-46.57342529296875,-50.18987274169922,1
No guy discovers more than seven skirts.,No guy discovers at least seven skirts.,semantics,quantifiers,superlative_quantifiers_1,True,False,False,False,877,-48.946449279785156,-51.77652359008789,1
No senator can conceal more than eight actresses.,No senator can conceal at least eight actresses.,semantics,quantifiers,superlative_quantifiers_1,True,False,False,False,878,-61.089332580566406,-62.55773162841797,1
No guy had investigated fewer than five universities.,No guy had investigated at most five universities.,semantics,quantifiers,superlative_quantifiers_1,True,False,False,False,879,-58.2557258605957,-59.4764518737793,1
No rug was hurting fewer than seven women.,No rug was hurting at most seven women.,semantics,quantifiers,superlative_quantifiers_1,True,False,False,False,880,-56.66108322143555,-56.52941131591797,0
No senator might see fewer than seven planes.,No senator might see at most seven planes.,semantics,quantifiers,superlative_quantifiers_1,True,False,False,False,881,-59.509986877441406,-61.6478157043457,1
No patient describes more than ten banks.,No patient describes at least ten banks.,semantics,quantifiers,superlative_quantifiers_1,True,False,False,False,882,-45.104896545410156,-47.174049377441406,1
No guest will drop by more than two college campuses.,No guest will drop by at least two college campuses.,semantics,quantifiers,superlative_quantifiers_1,True,False,False,False,883,-61.621498107910156,-64.54747009277344,1
No legislature likes fewer than six pants.,No legislature likes at most six pants.,semantics,quantifiers,superlative_quantifiers_1,True,False,False,False,884,-60.259796142578125,-59.49081802368164,0
No man was cleaning fewer than seven chairs.,No man was cleaning at most seven chairs.,semantics,quantifiers,superlative_quantifiers_1,True,False,False,False,885,-57.972225189208984,-57.39560317993164,0
No photograph had upset more than seven hospitals.,No photograph had upset at least seven hospitals.,semantics,quantifiers,superlative_quantifiers_1,True,False,False,False,886,-56.25054168701172,-56.312095642089844,1
No waitress would cure more than ten dancers.,No waitress would cure at least ten dancers.,semantics,quantifiers,superlative_quantifiers_1,True,False,False,False,887,-55.917964935302734,-56.612388610839844,1
No child scans more than ten documentaries.,No child scans at least ten documentaries.,semantics,quantifiers,superlative_quantifiers_1,True,False,False,False,888,-51.264041900634766,-51.24695587158203,0
No driver might hug more than five cashiers.,No driver might hug at least five cashiers.,semantics,quantifiers,superlative_quantifiers_1,True,False,False,False,889,-63.40225601196289,-63.40983581542969,1
No guest had discussed more than two documentaries.,No guest had discussed at least two documentaries.,semantics,quantifiers,superlative_quantifiers_1,True,False,False,False,890,-55.53544616699219,-55.76451110839844,1
No senator has driven to fewer than ten schools.,No senator has driven to at most ten schools.,semantics,quantifiers,superlative_quantifiers_1,True,False,False,False,891,-60.10540008544922,-65.24847412109375,1
No cashier had gone to more than seven mountains.,No cashier had gone to at least seven mountains.,semantics,quantifiers,superlative_quantifiers_1,True,False,False,False,892,-62.73545837402344,-63.95075988769531,1
No senator did explore fewer than five movie theaters.,No senator did explore at most five movie theaters.,semantics,quantifiers,superlative_quantifiers_1,True,False,False,False,893,-75.60079956054688,-77.91482543945312,1
No man can flee from more than nine mountains.,No man can flee from at least nine mountains.,semantics,quantifiers,superlative_quantifiers_1,True,False,False,False,894,-57.798683166503906,-58.88119125366211,1
No driver has skated around fewer than nine banks.,No driver has skated around at most nine banks.,semantics,quantifiers,superlative_quantifiers_1,True,False,False,False,895,-72.03221130371094,-73.90066528320312,1
No museum disturbed more than two hospitals.,No museum disturbed at least two hospitals.,semantics,quantifiers,superlative_quantifiers_1,True,False,False,False,896,-51.047935485839844,-51.30721664428711,1
No cashier will kiss fewer than three girls.,No cashier will kiss at most three girls.,semantics,quantifiers,superlative_quantifiers_1,True,False,False,False,897,-63.36906051635742,-63.634437561035156,1
No pedestrian breaks more than ten plates.,No pedestrian breaks at least ten plates.,semantics,quantifiers,superlative_quantifiers_1,True,False,False,False,898,-48.79191207885742,-49.37479019165039,1
No waiter is dropping by more than two grocery stores.,No waiter is dropping by at least two grocery stores.,semantics,quantifiers,superlative_quantifiers_1,True,False,False,False,899,-62.84453582763672,-65.09989929199219,1
No book had sounded like fewer than three banks.,No book had sounded like at most three banks.,semantics,quantifiers,superlative_quantifiers_1,True,False,False,False,900,-62.573585510253906,-63.245933532714844,1
No guest walks through more than four cafes.,No guest walks through at least four cafes.,semantics,quantifiers,superlative_quantifiers_1,True,False,False,False,901,-53.90875244140625,-56.2384147644043,1
No girl did buy more than ten rugs.,No girl did buy at least ten rugs.,semantics,quantifiers,superlative_quantifiers_1,True,False,False,False,902,-53.74828338623047,-55.54022979736328,1
No girl researches fewer than six movie theaters.,No girl researches at most six movie theaters.,semantics,quantifiers,superlative_quantifiers_1,True,False,False,False,903,-76.80722045898438,-74.74368286132812,0
No coat is distracting more than two adults.,No coat is distracting at least two adults.,semantics,quantifiers,superlative_quantifiers_1,True,False,False,False,904,-51.08747863769531,-50.46778869628906,0
No lady can conceal more than two reports.,No lady can conceal at least two reports.,semantics,quantifiers,superlative_quantifiers_1,True,False,False,False,905,-50.561248779296875,-52.240142822265625,1
No book sounded like more than six cashiers.,No book sounded like at least six cashiers.,semantics,quantifiers,superlative_quantifiers_1,True,False,False,False,906,-58.348777770996094,-59.26249313354492,1
No dancer discusses fewer than seven art galleries.,No dancer discusses at most seven art galleries.,semantics,quantifiers,superlative_quantifiers_1,True,False,False,False,907,-64.2640380859375,-65.38156127929688,1
No teacher had gone to fewer than seven public parks.,No teacher had gone to at most seven public parks.,semantics,quantifiers,superlative_quantifiers_1,True,False,False,False,908,-66.15869140625,-68.76936340332031,1
No company is describing fewer than nine reports.,No company is describing at most nine reports.,semantics,quantifiers,superlative_quantifiers_1,True,False,False,False,909,-53.61713790893555,-55.83094787597656,1
No carriage was confusing fewer than four adults.,No carriage was confusing at most four adults.,semantics,quantifiers,superlative_quantifiers_1,True,False,False,False,910,-57.781246185302734,-57.99990463256836,1
No boy messed up more than seven glasses.,No boy messed up at least seven glasses.,semantics,quantifiers,superlative_quantifiers_1,True,False,False,False,911,-54.11778259277344,-52.82101821899414,0
No teenager climbed up fewer than three mountains.,No teenager climbed up at most three mountains.,semantics,quantifiers,superlative_quantifiers_1,True,False,False,False,912,-58.732337951660156,-56.138404846191406,0
No actress had examined fewer than four movies.,No actress had examined at most four movies.,semantics,quantifiers,superlative_quantifiers_1,True,False,False,False,913,-61.07139587402344,-60.558258056640625,0
No teenager could love fewer than eight reports.,No teenager could love at most eight reports.,semantics,quantifiers,superlative_quantifiers_1,True,False,False,False,914,-61.07475280761719,-61.09220504760742,1
No car aggravated more than five teachers.,No car aggravated at least five teachers.,semantics,quantifiers,superlative_quantifiers_1,True,False,False,False,915,-48.540950775146484,-49.32872009277344,1
No fish has ascended more than nine slopes.,No fish has ascended at least nine slopes.,semantics,quantifiers,superlative_quantifiers_1,True,False,False,False,916,-61.00859832763672,-61.56060028076172,1
No driver questions fewer than five senators.,No driver questions at most five senators.,semantics,quantifiers,superlative_quantifiers_1,True,False,False,False,917,-58.137290954589844,-56.23590087890625,0
No teacher discovers more than three plays.,No teacher discovers at least three plays.,semantics,quantifiers,superlative_quantifiers_1,True,False,False,False,918,-48.040184020996094,-50.721824645996094,1
No woman disgusted more than six committees.,No woman disgusted at least six committees.,semantics,quantifiers,superlative_quantifiers_1,True,False,False,False,919,-56.105926513671875,-56.6736946105957,1
No lady toured more than five grocery stores.,No lady toured at least five grocery stores.,semantics,quantifiers,superlative_quantifiers_1,True,False,False,False,920,-56.92232131958008,-57.6165885925293,1
No carriage had shocked fewer than three adults.,No carriage had shocked at most three adults.,semantics,quantifiers,superlative_quantifiers_1,True,False,False,False,921,-60.647491455078125,-59.98884582519531,0
No woman explores fewer than two malls.,No woman explores at most two malls.,semantics,quantifiers,superlative_quantifiers_1,True,False,False,False,922,-53.904945373535156,-56.51017761230469,1
No man skates around more than nine public parks.,No man skates around at least nine public parks.,semantics,quantifiers,superlative_quantifiers_1,True,False,False,False,923,-69.30887603759766,-70.79811096191406,1
No hospital fires more than five drivers.,No hospital fires at least five drivers.,semantics,quantifiers,superlative_quantifiers_1,True,False,False,False,924,-48.12866973876953,-47.894596099853516,0
No waitress broke more than nine trucks.,No waitress broke at least nine trucks.,semantics,quantifiers,superlative_quantifiers_1,True,False,False,False,925,-50.47711181640625,-52.28700256347656,1
No person boasts about more than six commentaries.,No person boasts about at least six commentaries.,semantics,quantifiers,superlative_quantifiers_1,True,False,False,False,926,-65.92794036865234,-66.25642395019531,1
No person saw more than two dresses.,No person saw at least two dresses.,semantics,quantifiers,superlative_quantifiers_1,True,False,False,False,927,-41.51985549926758,-43.20170593261719,1
No actress has ascended fewer than six slopes.,No actress has ascended at most six slopes.,semantics,quantifiers,superlative_quantifiers_1,True,False,False,False,928,-64.5440673828125,-66.02212524414062,1
No school was firing more than four people.,No school was firing at least four people.,semantics,quantifiers,superlative_quantifiers_1,True,False,False,False,929,-43.621482849121094,-44.177467346191406,1
No guy does hate more than eight teenagers.,No guy does hate at least eight teenagers.,semantics,quantifiers,superlative_quantifiers_1,True,False,False,False,930,-56.46346664428711,-55.60749816894531,0
No actress has seen more than two people.,No actress has seen at least two people.,semantics,quantifiers,superlative_quantifiers_1,True,False,False,False,931,-39.73261260986328,-42.147674560546875,1
No guest should work with fewer than two doctors.,No guest should work with at most two doctors.,semantics,quantifiers,superlative_quantifiers_1,True,False,False,False,932,-57.99416732788086,-61.68622589111328,1
No committee had talked about fewer than nine students.,No committee had talked about at most nine students.,semantics,quantifiers,superlative_quantifiers_1,True,False,False,False,933,-60.55986785888672,-63.589385986328125,1
No hospital took more than three restaurants.,No hospital took at least three restaurants.,semantics,quantifiers,superlative_quantifiers_1,True,False,False,False,934,-44.39594650268555,-46.032379150390625,1
No university would shock fewer than seven teachers.,No university would shock at most seven teachers.,semantics,quantifiers,superlative_quantifiers_1,True,False,False,False,935,-62.490848541259766,-63.61293029785156,1
No senator runs around more than seven grocery stores.,No senator runs around at least seven grocery stores.,semantics,quantifiers,superlative_quantifiers_1,True,False,False,False,936,-64.8851318359375,-66.09024810791016,1
No adult had talked to fewer than ten pedestrians.,No adult had talked to at most ten pedestrians.,semantics,quantifiers,superlative_quantifiers_1,True,False,False,False,937,-64.99508666992188,-69.03146362304688,1
No organization likes fewer than seven lamps.,No organization likes at most seven lamps.,semantics,quantifiers,superlative_quantifiers_1,True,False,False,False,938,-59.10438537597656,-57.85857391357422,0
No boy passes fewer than five college campuses.,No boy passes at most five college campuses.,semantics,quantifiers,superlative_quantifiers_1,True,False,False,False,939,-63.20072937011719,-60.78267288208008,0
No patient did research more than nine reports.,No patient did research at least nine reports.,semantics,quantifiers,superlative_quantifiers_1,True,False,False,False,940,-56.68644714355469,-55.979270935058594,0
No driver did question fewer than ten museums.,No driver did question at most ten museums.,semantics,quantifiers,superlative_quantifiers_1,True,False,False,False,941,-63.10311508178711,-62.587738037109375,0
No teacher scares fewer than nine customers.,No teacher scares at most nine customers.,semantics,quantifiers,superlative_quantifiers_1,True,False,False,False,942,-58.47584533691406,-58.94554138183594,1
No student watches fewer than ten men.,No student watches at most ten men.,semantics,quantifiers,superlative_quantifiers_1,True,False,False,False,943,-53.454002380371094,-51.315284729003906,0
No coat was disturbing more than eight banks.,No coat was disturbing at least eight banks.,semantics,quantifiers,superlative_quantifiers_1,True,False,False,False,944,-54.048866271972656,-55.14238357543945,1
No guest was hugging fewer than eight doctors.,No guest was hugging at most eight doctors.,semantics,quantifiers,superlative_quantifiers_1,True,False,False,False,945,-63.067787170410156,-64.52485656738281,1
No guy boycotted fewer than ten public parks.,No guy boycotted at most ten public parks.,semantics,quantifiers,superlative_quantifiers_1,True,False,False,False,946,-80.5389175415039,-80.32772064208984,0
No woman is breaking more than six couches.,No woman is breaking at least six couches.,semantics,quantifiers,superlative_quantifiers_1,True,False,False,False,947,-57.96107864379883,-57.13530731201172,0
No waiter had ascended fewer than eight hills.,No waiter had ascended at most eight hills.,semantics,quantifiers,superlative_quantifiers_1,True,False,False,False,948,-65.49996948242188,-65.80288696289062,1
No actress has scanned fewer than seven newspaper articles.,No actress has scanned at most seven newspaper articles.,semantics,quantifiers,superlative_quantifiers_1,True,False,False,False,949,-69.71672058105469,-71.8047103881836,1
No customer would see more than nine eggplants.,No customer would see at least nine eggplants.,semantics,quantifiers,superlative_quantifiers_1,True,False,False,False,950,-66.49500274658203,-68.6801986694336,1
No company should hate fewer than two waiters.,No company should hate at most two waiters.,semantics,quantifiers,superlative_quantifiers_1,True,False,False,False,951,-63.400482177734375,-64.51832580566406,1
No man had toured more than five libraries.,No man had toured at least five libraries.,semantics,quantifiers,superlative_quantifiers_1,True,False,False,False,952,-53.19641876220703,-51.81682586669922,0
No patient is cleaning fewer than ten college campuses.,No patient is cleaning at most ten college campuses.,semantics,quantifiers,superlative_quantifiers_1,True,False,False,False,953,-65.9866714477539,-65.91984558105469,0
No actor was annoying more than nine guests.,No actor was annoying at least nine guests.,semantics,quantifiers,superlative_quantifiers_1,True,False,False,False,954,-53.36674499511719,-51.66902160644531,0
No student discovers more than three museums.,No student discovers at least three museums.,semantics,quantifiers,superlative_quantifiers_1,True,False,False,False,955,-46.775211334228516,-50.337947845458984,1
No adult hired more than two dancers.,No adult hired at least two dancers.,semantics,quantifiers,superlative_quantifiers_1,True,False,False,False,956,-45.921226501464844,-47.96404266357422,1
No woman healed more than three waitresses.,No woman healed at least three waitresses.,semantics,quantifiers,superlative_quantifiers_1,True,False,False,False,957,-60.011505126953125,-60.73744201660156,1
No lady arrives at more than six art galleries.,No lady arrives at at least six art galleries.,semantics,quantifiers,superlative_quantifiers_1,True,False,False,False,958,-58.50094985961914,-61.505775451660156,1
No teacher is visiting more than four women.,No teacher is visiting at least four women.,semantics,quantifiers,superlative_quantifiers_1,True,False,False,False,959,-46.166038513183594,-48.37095642089844,1
No student is disgusting more than ten people.,No student is disgusting at least ten people.,semantics,quantifiers,superlative_quantifiers_1,True,False,False,False,960,-48.88003921508789,-46.62091064453125,0
No person was praising more than eight reports.,No person was praising at least eight reports.,semantics,quantifiers,superlative_quantifiers_1,True,False,False,False,961,-49.41700744628906,-48.69903564453125,0
No teenager drives to more than ten college campuses.,No teenager drives to at least ten college campuses.,semantics,quantifiers,superlative_quantifiers_1,True,False,False,False,962,-62.35685729980469,-63.61336135864258,1
No student is selling fewer than nine rabbits.,No student is selling at most nine rabbits.,semantics,quantifiers,superlative_quantifiers_1,True,False,False,False,963,-57.58946990966797,-59.56399917602539,1
No lady hires more than four waitresses.,No lady hires at least four waitresses.,semantics,quantifiers,superlative_quantifiers_1,True,False,False,False,964,-64.10551452636719,-64.89131164550781,1
No child was examining fewer than six stories.,No child was examining at most six stories.,semantics,quantifiers,superlative_quantifiers_1,True,False,False,False,965,-56.06218719482422,-59.08197021484375,1
No guy might bring fewer than six mushrooms.,No guy might bring at most six mushrooms.,semantics,quantifiers,superlative_quantifiers_1,True,False,False,False,966,-59.07256317138672,-60.50699234008789,1
No actress was distracting more than six doctors.,No actress was distracting at least six doctors.,semantics,quantifiers,superlative_quantifiers_1,True,False,False,False,967,-55.081214904785156,-55.872718811035156,1
No teacher could boycott more than ten mountains.,No teacher could boycott at least ten mountains.,semantics,quantifiers,superlative_quantifiers_1,True,False,False,False,968,-56.68093490600586,-56.961402893066406,1
No waiter had explored fewer than four cafes.,No waiter had explored at most four cafes.,semantics,quantifiers,superlative_quantifiers_1,True,False,False,False,969,-65.53489685058594,-63.98979949951172,0
No woman is escaping from more than eight actresses.,No woman is escaping from at least eight actresses.,semantics,quantifiers,superlative_quantifiers_1,True,False,False,False,970,-56.73357391357422,-59.389713287353516,1
No story is irritating more than ten organizations.,No story is irritating at least ten organizations.,semantics,quantifiers,superlative_quantifiers_1,True,False,False,False,971,-50.47931671142578,-51.194007873535156,1
No boy bought more than six mushrooms.,No boy bought at least six mushrooms.,semantics,quantifiers,superlative_quantifiers_1,True,False,False,False,972,-49.1761589050293,-50.48006057739258,1
No actress had remembered fewer than seven guests.,No actress had remembered at most seven guests.,semantics,quantifiers,superlative_quantifiers_1,True,False,False,False,973,-62.300418853759766,-60.872596740722656,0
No customer reveals fewer than five teachers.,No customer reveals at most five teachers.,semantics,quantifiers,superlative_quantifiers_1,True,False,False,False,974,-52.86853790283203,-53.462806701660156,1
No guest did watch more than six women.,No guest did watch at least six women.,semantics,quantifiers,superlative_quantifiers_1,True,False,False,False,975,-53.8271598815918,-54.475189208984375,1
No commentary was bothering more than three cashiers.,No commentary was bothering at least three cashiers.,semantics,quantifiers,superlative_quantifiers_1,True,False,False,False,976,-62.71715545654297,-62.956851959228516,1
No driver helps fewer than four doctors.,No driver helps at most four doctors.,semantics,quantifiers,superlative_quantifiers_1,True,False,False,False,977,-52.25107955932617,-51.71057891845703,0
No teenager was complaining about more than ten cashiers.,No teenager was complaining about at least ten cashiers.,semantics,quantifiers,superlative_quantifiers_1,True,False,False,False,978,-66.58891296386719,-67.02593231201172,1
No actress is walking through fewer than seven closets.,No actress is walking through at most seven closets.,semantics,quantifiers,superlative_quantifiers_1,True,False,False,False,979,-64.66172790527344,-67.50350189208984,1
No adult skates around more than nine glaciers.,No adult skates around at least nine glaciers.,semantics,quantifiers,superlative_quantifiers_1,True,False,False,False,980,-62.373191833496094,-64.76426696777344,1
No guy had found more than four trucks.,No guy had found at least four trucks.,semantics,quantifiers,superlative_quantifiers_1,True,False,False,False,981,-47.758949279785156,-48.19851303100586,1
No photograph looks like fewer than eight photographs.,No photograph looks like at most eight photographs.,semantics,quantifiers,superlative_quantifiers_1,True,False,False,False,982,-55.181243896484375,-56.558441162109375,1
No boy arrives at fewer than seven mountains.,No boy arrives at at most seven mountains.,semantics,quantifiers,superlative_quantifiers_1,True,False,False,False,983,-57.278053283691406,-58.702415466308594,1
No legislature helped fewer than eight dancers.,No legislature helped at most eight dancers.,semantics,quantifiers,superlative_quantifiers_1,True,False,False,False,984,-55.984535217285156,-58.65089416503906,1
No child could sound like fewer than two commentaries.,No child could sound like at most two commentaries.,semantics,quantifiers,superlative_quantifiers_1,True,False,False,False,985,-73.7784423828125,-76.03033447265625,1
No lady was bringing more than two sweaters.,No lady was bringing at least two sweaters.,semantics,quantifiers,superlative_quantifiers_1,True,False,False,False,986,-52.10004425048828,-53.481964111328125,1
No patient should take fewer than five coats.,No patient should take at most five coats.,semantics,quantifiers,superlative_quantifiers_1,True,False,False,False,987,-53.59282684326172,-55.849937438964844,1
No child climbed down more than four steps.,No child climbed down at least four steps.,semantics,quantifiers,superlative_quantifiers_1,True,False,False,False,988,-51.35693359375,-50.411712646484375,0
No art gallery disturbed fewer than eight libraries.,No art gallery disturbed at most eight libraries.,semantics,quantifiers,superlative_quantifiers_1,True,False,False,False,989,-64.87982177734375,-65.15373229980469,1
No dog descends more than seven slopes.,No dog descends at least seven slopes.,semantics,quantifiers,superlative_quantifiers_1,True,False,False,False,990,-59.298179626464844,-61.01621627807617,1
No mountain alarmed more than ten waiters.,No mountain alarmed at least ten waiters.,semantics,quantifiers,superlative_quantifiers_1,True,False,False,False,991,-62.28517150878906,-63.46327590942383,1
No girl has fewer than two mouths.,No girl has at most two mouths.,semantics,quantifiers,superlative_quantifiers_1,True,False,False,False,992,-45.98804473876953,-49.002132415771484,1
No driver exited more than six hospitals.,No driver exited at least six hospitals.,semantics,quantifiers,superlative_quantifiers_1,True,False,False,False,993,-49.377044677734375,-48.51121520996094,0
No waitress has described fewer than four public parks.,No waitress has described at most four public parks.,semantics,quantifiers,superlative_quantifiers_1,True,False,False,False,994,-64.41265869140625,-67.16938018798828,1
No customer has exited more than five grocery stores.,No customer has exited at least five grocery stores.,semantics,quantifiers,superlative_quantifiers_1,True,False,False,False,995,-62.06031036376953,-60.429405212402344,0
No play has upset fewer than nine organizations.,No play has upset at most nine organizations.,semantics,quantifiers,superlative_quantifiers_1,True,False,False,False,996,-61.47600173950195,-60.31871795654297,0
No dancer was biking to fewer than two schools.,No dancer was biking to at most two schools.,semantics,quantifiers,superlative_quantifiers_1,True,False,False,False,997,-61.45429992675781,-64.32813262939453,1
No lake disturbs fewer than seven children.,No lake disturbs at most seven children.,semantics,quantifiers,superlative_quantifiers_1,True,False,False,False,998,-63.14710235595703,-60.822776794433594,0
No drawing looked like fewer than nine senators.,No drawing looked like at most nine senators.,semantics,quantifiers,superlative_quantifiers_1,True,False,False,False,999,-63.38955307006836,-65.02751922607422,1
