sentence_good,sentence_bad,field,linguistics_term,UID,simple_LM_method,one_prefix_method,two_prefix_method,lexically_identical,pair_id,good_prob,bad_prob,correct
The teenager does tour at most nine restaurants.,No teenager does tour at most nine restaurants.,semantics,quantifiers,superlative_quantifiers_2,True,False,True,False,0,-65.33175659179688,-69.69766235351562,1
That car looks like at least seven prints.,No car looks like at least seven prints.,semantics,quantifiers,superlative_quantifiers_2,True,False,True,False,1,-52.19486618041992,-54.708065032958984,1
The doctor brought at most eight gates.,No doctor brought at most eight gates.,semantics,quantifiers,superlative_quantifiers_2,True,False,True,False,2,-56.54878234863281,-62.95627212524414,1
An actor arrived at at most six lakes.,No actor arrived at at most six lakes.,semantics,quantifiers,superlative_quantifiers_2,True,False,True,False,3,-63.98723220825195,-67.51585388183594,1
Every senator notices at most four windows.,No senator notices at most four windows.,semantics,quantifiers,superlative_quantifiers_2,True,False,True,False,4,-63.42043685913086,-65.1087875366211,1
The hospital had fired at most four people.,No hospital had fired at most four people.,semantics,quantifiers,superlative_quantifiers_2,True,False,True,False,5,-48.82518005371094,-54.5780029296875,1
Each customer has watched at least six teenagers.,No customer has watched at least six teenagers.,semantics,quantifiers,superlative_quantifiers_2,True,False,True,False,6,-50.65568923950195,-52.48550796508789,1
Every girl climbed up at most ten hills.,No girl climbed up at most ten hills.,semantics,quantifiers,superlative_quantifiers_2,True,False,True,False,7,-62.05244827270508,-63.46929168701172,1
Each actor has revealed at most four shawls.,No actor has revealed at most four shawls.,semantics,quantifiers,superlative_quantifiers_2,True,False,True,False,8,-66.93751525878906,-68.52450561523438,1
A banana has disgusted at least ten women.,No banana has disgusted at least ten women.,semantics,quantifiers,superlative_quantifiers_2,True,False,True,False,9,-61.444210052490234,-64.6969223022461,1
Each dancer would return to at least seven schools.,No dancer would return to at least seven schools.,semantics,quantifiers,superlative_quantifiers_2,True,False,True,False,10,-55.41306686401367,-59.20576095581055,1
The waiter noticed at most six mountains.,No waiter noticed at most six mountains.,semantics,quantifiers,superlative_quantifiers_2,True,False,True,False,11,-58.250911712646484,-64.91036224365234,1
This man is talking to at most three pedestrians.,No man is talking to at most three pedestrians.,semantics,quantifiers,superlative_quantifiers_2,True,False,True,False,12,-61.268882751464844,-62.906131744384766,1
That person can lift at most nine turtles.,No person can lift at most nine turtles.,semantics,quantifiers,superlative_quantifiers_2,True,False,True,False,13,-65.6470718383789,-64.88706970214844,0
The customer could kiss at most three girls.,No customer could kiss at most three girls.,semantics,quantifiers,superlative_quantifiers_2,True,False,True,False,14,-63.49250030517578,-67.17119598388672,1
Every university bought at most ten scarves.,No university bought at most ten scarves.,semantics,quantifiers,superlative_quantifiers_2,True,False,True,False,15,-66.23568725585938,-69.74232482910156,1
Every person has exited at most four libraries.,No person has exited at most four libraries.,semantics,quantifiers,superlative_quantifiers_2,True,False,True,False,16,-58.7993049621582,-62.98950958251953,1
Some car had resembled at least seven pictures.,No car had resembled at least seven pictures.,semantics,quantifiers,superlative_quantifiers_2,True,False,True,False,17,-55.586151123046875,-56.931636810302734,1
This actress was driving to at least nine malls.,No actress was driving to at least nine malls.,semantics,quantifiers,superlative_quantifiers_2,True,False,True,False,18,-65.2390365600586,-72.7891845703125,1
Every man walked through at least nine hospitals.,No man walked through at least nine hospitals.,semantics,quantifiers,superlative_quantifiers_2,True,False,True,False,19,-58.792213439941406,-58.63644790649414,0
Every driver can fire at least eight dancers.,No driver can fire at least eight dancers.,semantics,quantifiers,superlative_quantifiers_2,True,False,True,False,20,-59.698333740234375,-60.641685485839844,1
Every patient had embarrassed at least two ladies.,No patient had embarrassed at least two ladies.,semantics,quantifiers,superlative_quantifiers_2,True,False,True,False,21,-53.737403869628906,-56.45176696777344,1
Each guest is looking like at least seven drawings.,No guest is looking like at least seven drawings.,semantics,quantifiers,superlative_quantifiers_2,True,False,True,False,22,-61.44269561767578,-64.77223205566406,1
An adult could sound like at most seven waitresses.,No adult could sound like at most seven waitresses.,semantics,quantifiers,superlative_quantifiers_2,True,False,True,False,23,-81.82335662841797,-81.50509643554688,0
Some patient will break at least five cups.,No patient will break at least five cups.,semantics,quantifiers,superlative_quantifiers_2,True,False,True,False,24,-53.800968170166016,-53.84431457519531,1
That guest passes at most five high schools.,No guest passes at most five high schools.,semantics,quantifiers,superlative_quantifiers_2,True,False,True,False,25,-60.732383728027344,-59.625343322753906,0
That rabbit should irritate at most four actresses.,No rabbit should irritate at most four actresses.,semantics,quantifiers,superlative_quantifiers_2,True,False,True,False,26,-76.22779083251953,-75.4481201171875,0
A painting might astound at least five waiters.,No painting might astound at least five waiters.,semantics,quantifiers,superlative_quantifiers_2,True,False,True,False,27,-71.20474243164062,-75.91706085205078,1
Each horse finds at least four men.,No horse finds at least four men.,semantics,quantifiers,superlative_quantifiers_2,True,False,True,False,28,-47.699127197265625,-49.19659423828125,1
Every driver has helped at least two teachers.,No driver has helped at least two teachers.,semantics,quantifiers,superlative_quantifiers_2,True,False,True,False,29,-52.12239074707031,-53.97191619873047,1
A man left at most four hospitals.,No man left at most four hospitals.,semantics,quantifiers,superlative_quantifiers_2,True,False,True,False,30,-50.795204162597656,-54.70341491699219,1
The icicle is stunning at least five committees.,No icicle is stunning at least five committees.,semantics,quantifiers,superlative_quantifiers_2,True,False,True,False,31,-67.18150329589844,-70.13282775878906,1
That light is aggravating at least eight children.,No light is aggravating at least eight children.,semantics,quantifiers,superlative_quantifiers_2,True,False,True,False,32,-54.747867584228516,-52.5301513671875,0
Some waitress does scan at least eight plays.,No waitress does scan at least eight plays.,semantics,quantifiers,superlative_quantifiers_2,True,False,True,False,33,-64.51150512695312,-62.67730712890625,0
The rabbit has climbed down at most eight stairs.,No rabbit has climbed down at most eight stairs.,semantics,quantifiers,superlative_quantifiers_2,True,False,True,False,34,-67.07211303710938,-72.10227966308594,1
The senator had remembered at least five women.,No senator had remembered at least five women.,semantics,quantifiers,superlative_quantifiers_2,True,False,True,False,35,-51.906761169433594,-58.919532775878906,1
The museum will praise at least seven doctors.,No museum will praise at least seven doctors.,semantics,quantifiers,superlative_quantifiers_2,True,False,True,False,36,-55.67085266113281,-61.4866828918457,1
Every movie theater is alarming at most four guys.,No movie theater is alarming at most four guys.,semantics,quantifiers,superlative_quantifiers_2,True,False,True,False,37,-64.27583312988281,-65.75603485107422,1
Some book resembles at least eight paintings.,No book resembles at least eight paintings.,semantics,quantifiers,superlative_quantifiers_2,True,False,True,False,38,-51.7523193359375,-52.71026611328125,1
Each library has argued about at most six adults.,No library has argued about at most six adults.,semantics,quantifiers,superlative_quantifiers_2,True,False,True,False,39,-69.78531646728516,-71.49020385742188,1
A teacher boycotted at least five governments.,No teacher boycotted at least five governments.,semantics,quantifiers,superlative_quantifiers_2,True,False,True,False,40,-69.90522766113281,-72.99640655517578,1
Every adult has fixed at most two trucks.,No adult has fixed at most two trucks.,semantics,quantifiers,superlative_quantifiers_2,True,False,True,False,41,-59.90521240234375,-63.9147834777832,1
Some picture disturbs at least two senators.,No picture disturbs at least two senators.,semantics,quantifiers,superlative_quantifiers_2,True,False,True,False,42,-68.82041931152344,-68.59548950195312,0
That couch might shock at least two actors.,No couch might shock at least two actors.,semantics,quantifiers,superlative_quantifiers_2,True,False,True,False,43,-58.568328857421875,-60.49183654785156,1
That adult observed at least nine cashiers.,No adult observed at least nine cashiers.,semantics,quantifiers,superlative_quantifiers_2,True,False,True,False,44,-69.62980651855469,-68.11788940429688,0
The teenager would boast about at most four waiters.,No teenager would boast about at most four waiters.,semantics,quantifiers,superlative_quantifiers_2,True,False,True,False,45,-71.45642852783203,-78.8180160522461,1
That restaurant shocked at most five men.,No restaurant shocked at most five men.,semantics,quantifiers,superlative_quantifiers_2,True,False,True,False,46,-58.122161865234375,-59.306697845458984,1
This actress might praise at most eight customers.,No actress might praise at most eight customers.,semantics,quantifiers,superlative_quantifiers_2,True,False,True,False,47,-67.82852172851562,-73.77145385742188,1
Every government upset at most five doctors.,No government upset at most five doctors.,semantics,quantifiers,superlative_quantifiers_2,True,False,True,False,48,-58.37405014038086,-59.048377990722656,1
Some teacher escaped from at least seven ladies.,No teacher escaped from at least seven ladies.,semantics,quantifiers,superlative_quantifiers_2,True,False,True,False,49,-58.67845153808594,-59.164024353027344,1
That pedestrian has taken at most nine glasses.,No pedestrian has taken at most nine glasses.,semantics,quantifiers,superlative_quantifiers_2,True,False,True,False,50,-64.17206573486328,-64.73236846923828,1
The guy did run around at most six banks.,No guy did run around at most six banks.,semantics,quantifiers,superlative_quantifiers_2,True,False,True,False,51,-65.79908752441406,-69.51224517822266,1
That driver was researching at most four documentaries.,No driver was researching at most four documentaries.,semantics,quantifiers,superlative_quantifiers_2,True,False,True,False,52,-62.29304122924805,-65.77909851074219,1
Every student attacked at least four women.,No student attacked at least four women.,semantics,quantifiers,superlative_quantifiers_2,True,False,True,False,53,-46.851318359375,-48.70074462890625,1
That painting is looking like at most seven slopes.,No painting is looking like at most seven slopes.,semantics,quantifiers,superlative_quantifiers_2,True,False,True,False,54,-65.42684173583984,-64.528564453125,0
Each child had watched at most six girls.,No child had watched at most six girls.,semantics,quantifiers,superlative_quantifiers_2,True,False,True,False,55,-58.08087158203125,-58.754981994628906,1
A tomato had bored at most ten adults.,No tomato had bored at most ten adults.,semantics,quantifiers,superlative_quantifiers_2,True,False,True,False,56,-65.37081909179688,-68.69784545898438,1
This woman fixes at least two carriages.,No woman fixes at least two carriages.,semantics,quantifiers,superlative_quantifiers_2,True,False,True,False,57,-54.29026794433594,-57.90618133544922,1
This person admired at most four lights.,No person admired at most four lights.,semantics,quantifiers,superlative_quantifiers_2,True,False,True,False,58,-60.53558349609375,-63.91965866088867,1
That cashier boycotted at least six museums.,No cashier boycotted at least six museums.,semantics,quantifiers,superlative_quantifiers_2,True,False,True,False,59,-80.8377456665039,-77.16368865966797,0
The customer biked to at least ten closets.,No customer biked to at least ten closets.,semantics,quantifiers,superlative_quantifiers_2,True,False,True,False,60,-65.62506103515625,-67.25898742675781,1
Every pedestrian had cured at most four pedestrians.,No pedestrian had cured at most four pedestrians.,semantics,quantifiers,superlative_quantifiers_2,True,False,True,False,61,-67.95552062988281,-68.4242935180664,1
Some fish distracted at least two universities.,No fish distracted at least two universities.,semantics,quantifiers,superlative_quantifiers_2,True,False,True,False,62,-56.052581787109375,-56.72747039794922,1
The university would know at most seven customers.,No university would know at most seven customers.,semantics,quantifiers,superlative_quantifiers_2,True,False,True,False,63,-59.34864044189453,-64.84901428222656,1
The guest cared for at most four customers.,No guest cared for at most four customers.,semantics,quantifiers,superlative_quantifiers_2,True,False,True,False,64,-56.75479507446289,-60.702117919921875,1
That guy buys at least seven forks.,No guy buys at least seven forks.,semantics,quantifiers,superlative_quantifiers_2,True,False,True,False,65,-55.19432067871094,-56.480125427246094,1
That waitress was attacking at least ten waitresses.,No waitress was attacking at least ten waitresses.,semantics,quantifiers,superlative_quantifiers_2,True,False,True,False,66,-76.41709899902344,-75.25048828125,0
That waiter skates around at least six college campuses.,No waiter skates around at least six college campuses.,semantics,quantifiers,superlative_quantifiers_2,True,False,True,False,67,-71.76827239990234,-71.85969543457031,1
Some association is upsetting at least six banks.,No association is upsetting at least six banks.,semantics,quantifiers,superlative_quantifiers_2,True,False,True,False,68,-60.180198669433594,-63.14990234375,1
Some company was helping at most ten doctors.,No company was helping at most ten doctors.,semantics,quantifiers,superlative_quantifiers_2,True,False,True,False,69,-61.72643280029297,-63.463890075683594,1
That patient fled from at most six closets.,No patient fled from at most six closets.,semantics,quantifiers,superlative_quantifiers_2,True,False,True,False,70,-72.97273254394531,-71.64561462402344,0
This doctor does question at least ten museums.,No doctor does question at least ten museums.,semantics,quantifiers,superlative_quantifiers_2,True,False,True,False,71,-56.45259094238281,-59.185546875,1
That person escapes from at most six high schools.,No person escapes from at most six high schools.,semantics,quantifiers,superlative_quantifiers_2,True,False,True,False,72,-66.65878295898438,-65.22200012207031,0
The person went to at most two malls.,No person went to at most two malls.,semantics,quantifiers,superlative_quantifiers_2,True,False,True,False,73,-59.560157775878906,-63.26818084716797,1
The girl watched at least seven women.,No girl watched at least seven women.,semantics,quantifiers,superlative_quantifiers_2,True,False,True,False,74,-43.79624557495117,-49.02519989013672,1
Every teacher revealed at least three drivers.,No teacher revealed at least three drivers.,semantics,quantifiers,superlative_quantifiers_2,True,False,True,False,75,-52.27428436279297,-54.93621063232422,1
Each museum will like at least three cars.,No museum will like at least three cars.,semantics,quantifiers,superlative_quantifiers_2,True,False,True,False,76,-53.51640319824219,-53.92799377441406,1
Each teenager hates at most six waitresses.,No teenager hates at most six waitresses.,semantics,quantifiers,superlative_quantifiers_2,True,False,True,False,77,-75.3004150390625,-75.26288604736328,0
This guest has bought at least four art galleries.,No guest has bought at least four art galleries.,semantics,quantifiers,superlative_quantifiers_2,True,False,True,False,78,-51.89990997314453,-57.886470794677734,1
This senator was climbing up at most seven slopes.,No senator was climbing up at most seven slopes.,semantics,quantifiers,superlative_quantifiers_2,True,False,True,False,79,-67.9597396850586,-71.77149963378906,1
Some boy has worn at most nine shawls.,No boy has worn at most nine shawls.,semantics,quantifiers,superlative_quantifiers_2,True,False,True,False,80,-65.32891082763672,-66.47666931152344,1
Each actress is kissing at least eight drivers.,No actress is kissing at least eight drivers.,semantics,quantifiers,superlative_quantifiers_2,True,False,True,False,81,-62.865882873535156,-64.73326873779297,1
Every patient would kiss at most ten dancers.,No patient would kiss at most ten dancers.,semantics,quantifiers,superlative_quantifiers_2,True,False,True,False,82,-67.10588073730469,-70.25067138671875,1
A dog is worrying at least eight governments.,No dog is worrying at least eight governments.,semantics,quantifiers,superlative_quantifiers_2,True,False,True,False,83,-53.89861297607422,-56.54582977294922,1
The senator was breaking at least six mirrors.,No senator was breaking at least six mirrors.,semantics,quantifiers,superlative_quantifiers_2,True,False,True,False,84,-56.79542541503906,-62.9326171875,1
Every story was astounding at least six teenagers.,No story was astounding at least six teenagers.,semantics,quantifiers,superlative_quantifiers_2,True,False,True,False,85,-55.23621368408203,-57.96609115600586,1
This dancer messed up at most four plates.,No dancer messed up at most four plates.,semantics,quantifiers,superlative_quantifiers_2,True,False,True,False,86,-65.61714935302734,-69.54890441894531,1
Every glacier bored at least four pedestrians.,No glacier bored at least four pedestrians.,semantics,quantifiers,superlative_quantifiers_2,True,False,True,False,87,-62.379798889160156,-64.11380004882812,1
Every hospital does dislike at most four men.,No hospital does dislike at most four men.,semantics,quantifiers,superlative_quantifiers_2,True,False,True,False,88,-61.19127655029297,-61.45973205566406,1
That bank has disliked at most ten waiters.,No bank has disliked at most ten waiters.,semantics,quantifiers,superlative_quantifiers_2,True,False,True,False,89,-72.033203125,-73.79312896728516,1
That child drops by at least four museums.,No child drops by at least four museums.,semantics,quantifiers,superlative_quantifiers_2,True,False,True,False,90,-58.829742431640625,-55.271095275878906,0
Each customer could exit at least eight movie theaters.,No customer could exit at least eight movie theaters.,semantics,quantifiers,superlative_quantifiers_2,True,False,True,False,91,-65.66436767578125,-68.54952239990234,1
That driver investigates at least seven libraries.,No driver investigates at least seven libraries.,semantics,quantifiers,superlative_quantifiers_2,True,False,True,False,92,-56.79356384277344,-56.891597747802734,1
That guy loves at least six actors.,No guy loves at least six actors.,semantics,quantifiers,superlative_quantifiers_2,True,False,True,False,93,-47.48368835449219,-49.882301330566406,1
A dancer is curing at most two cashiers.,No dancer is curing at most two cashiers.,semantics,quantifiers,superlative_quantifiers_2,True,False,True,False,94,-76.06499481201172,-81.29319763183594,1
That actress concealed at most three computers.,No actress concealed at most three computers.,semantics,quantifiers,superlative_quantifiers_2,True,False,True,False,95,-64.97821807861328,-67.55471801757812,1
Some lady was aggravating at least six students.,No lady was aggravating at least six students.,semantics,quantifiers,superlative_quantifiers_2,True,False,True,False,96,-59.244476318359375,-58.96213150024414,0
The fish would bother at least six dancers.,No fish would bother at least six dancers.,semantics,quantifiers,superlative_quantifiers_2,True,False,True,False,97,-56.60444641113281,-60.07429885864258,1
Each guy has broken at least eight planes.,No guy has broken at least eight planes.,semantics,quantifiers,superlative_quantifiers_2,True,False,True,False,98,-51.41018295288086,-53.10260772705078,1
That library can love at most ten books.,No library can love at most ten books.,semantics,quantifiers,superlative_quantifiers_2,True,False,True,False,99,-59.27384567260742,-58.975372314453125,0
That person disagrees with at most two newspaper articles.,No person disagrees with at most two newspaper articles.,semantics,quantifiers,superlative_quantifiers_2,True,False,True,False,100,-69.18770599365234,-66.72303771972656,0
Each waitress has concealed at most three rivers.,No waitress has concealed at most three rivers.,semantics,quantifiers,superlative_quantifiers_2,True,False,True,False,101,-65.84089660644531,-68.43150329589844,1
Every mushroom has hurt at least nine children.,No mushroom has hurt at least nine children.,semantics,quantifiers,superlative_quantifiers_2,True,False,True,False,102,-57.462501525878906,-57.333534240722656,0
This hospital might criticize at most five schools.,No hospital might criticize at most five schools.,semantics,quantifiers,superlative_quantifiers_2,True,False,True,False,103,-63.47638702392578,-67.13978576660156,1
A school worried at least five patients.,No school worried at least five patients.,semantics,quantifiers,superlative_quantifiers_2,True,False,True,False,104,-53.507572174072266,-56.09128952026367,1
Each mirror has looked like at least five prints.,No mirror has looked like at least five prints.,semantics,quantifiers,superlative_quantifiers_2,True,False,True,False,105,-58.75785446166992,-59.69342041015625,1
Each government can hire at most six adults.,No government can hire at most six adults.,semantics,quantifiers,superlative_quantifiers_2,True,False,True,False,106,-59.22444152832031,-60.783966064453125,1
That hospital could conceal at most three actors.,No hospital could conceal at most three actors.,semantics,quantifiers,superlative_quantifiers_2,True,False,True,False,107,-70.72471618652344,-70.6739501953125,0
This girl ascends at most eight hills.,No girl ascends at most eight hills.,semantics,quantifiers,superlative_quantifiers_2,True,False,True,False,108,-65.24354553222656,-68.01846313476562,1
Each man describes at least five mountains.,No man describes at least five mountains.,semantics,quantifiers,superlative_quantifiers_2,True,False,True,False,109,-49.882171630859375,-52.716453552246094,1
This print looked like at least seven carts.,No print looked like at least seven carts.,semantics,quantifiers,superlative_quantifiers_2,True,False,True,False,110,-56.0818977355957,-59.79049301147461,1
Every child dislikes at most seven malls.,No child dislikes at most seven malls.,semantics,quantifiers,superlative_quantifiers_2,True,False,True,False,111,-65.35437774658203,-68.35667419433594,1
An adult should skate around at least nine grocery stores.,No adult should skate around at least nine grocery stores.,semantics,quantifiers,superlative_quantifiers_2,True,False,True,False,112,-73.35926818847656,-73.16139221191406,0
An actor is boycotting at most four art galleries.,No actor is boycotting at most four art galleries.,semantics,quantifiers,superlative_quantifiers_2,True,False,True,False,113,-70.1324462890625,-72.23081970214844,1
That woman has revealed at most five skirts.,No woman has revealed at most five skirts.,semantics,quantifiers,superlative_quantifiers_2,True,False,True,False,114,-61.10472106933594,-61.454498291015625,1
The library took at most seven hamsters.,No library took at most seven hamsters.,semantics,quantifiers,superlative_quantifiers_2,True,False,True,False,115,-60.499881744384766,-67.54322814941406,1
A driver finds at least ten public parks.,No driver finds at least ten public parks.,semantics,quantifiers,superlative_quantifiers_2,True,False,True,False,116,-54.887489318847656,-57.38981628417969,1
This slope stunned at most four actors.,No slope stunned at most four actors.,semantics,quantifiers,superlative_quantifiers_2,True,False,True,False,117,-61.860206604003906,-65.38004302978516,1
This student cured at least seven cats.,No student cured at least seven cats.,semantics,quantifiers,superlative_quantifiers_2,True,False,True,False,118,-50.898773193359375,-54.61848449707031,1
This child investigated at least two committees.,No child investigated at least two committees.,semantics,quantifiers,superlative_quantifiers_2,True,False,True,False,119,-48.423194885253906,-53.606773376464844,1
Every cashier had forgotten at least two waiters.,No cashier had forgotten at least two waiters.,semantics,quantifiers,superlative_quantifiers_2,True,False,True,False,120,-69.33968353271484,-69.61973571777344,1
Some guest is driving to at least seven glaciers.,No guest is driving to at least seven glaciers.,semantics,quantifiers,superlative_quantifiers_2,True,False,True,False,121,-65.02360534667969,-65.47032928466797,1
That woman escaped from at most seven closets.,No woman escaped from at most seven closets.,semantics,quantifiers,superlative_quantifiers_2,True,False,True,False,122,-69.1010513305664,-68.81303405761719,0
That fish was finding at least three socks.,No fish was finding at least three socks.,semantics,quantifiers,superlative_quantifiers_2,True,False,True,False,123,-56.81413269042969,-55.54444885253906,0
The doctor descended at least nine mountains.,No doctor descended at least nine mountains.,semantics,quantifiers,superlative_quantifiers_2,True,False,True,False,124,-52.65164566040039,-56.27020263671875,1
Each hospital bored at most seven teachers.,No hospital bored at most seven teachers.,semantics,quantifiers,superlative_quantifiers_2,True,False,True,False,125,-60.769596099853516,-60.7862548828125,1
A lady should attack at least six guests.,No lady should attack at least six guests.,semantics,quantifiers,superlative_quantifiers_2,True,False,True,False,126,-56.671295166015625,-58.75444793701172,1
A photograph should look like at most three carts.,No photograph should look like at most three carts.,semantics,quantifiers,superlative_quantifiers_2,True,False,True,False,127,-69.13700866699219,-71.68862915039062,1
That man criticized at least five children.,No man criticized at least five children.,semantics,quantifiers,superlative_quantifiers_2,True,False,True,False,128,-50.73230743408203,-49.859989166259766,0
Some picture looked like at most nine rugs.,No picture looked like at most nine rugs.,semantics,quantifiers,superlative_quantifiers_2,True,False,True,False,129,-59.87929916381836,-59.680885314941406,0
Each patient had kissed at most five waiters.,No patient had kissed at most five waiters.,semantics,quantifiers,superlative_quantifiers_2,True,False,True,False,130,-70.37741088867188,-73.64399719238281,1
Some man had cleaned at most ten gloves.,No man had cleaned at most ten gloves.,semantics,quantifiers,superlative_quantifiers_2,True,False,True,False,131,-62.884010314941406,-61.86576461791992,0
That waitress approached at most four boys.,No waitress approached at most four boys.,semantics,quantifiers,superlative_quantifiers_2,True,False,True,False,132,-62.04670715332031,-61.74573516845703,0
Some actress does kiss at most nine men.,No actress does kiss at most nine men.,semantics,quantifiers,superlative_quantifiers_2,True,False,True,False,133,-69.02053833007812,-71.468994140625,1
A boy boycotted at most eight rivers.,No boy boycotted at most eight rivers.,semantics,quantifiers,superlative_quantifiers_2,True,False,True,False,134,-71.75658416748047,-75.31464385986328,1
Every book had bored at most ten adults.,No book had bored at most ten adults.,semantics,quantifiers,superlative_quantifiers_2,True,False,True,False,135,-61.848388671875,-62.95823669433594,1
This doctor has cared for at most nine students.,No doctor has cared for at most nine students.,semantics,quantifiers,superlative_quantifiers_2,True,False,True,False,136,-58.85972213745117,-60.80583190917969,1
That cafe was boring at most eight pedestrians.,No cafe was boring at most eight pedestrians.,semantics,quantifiers,superlative_quantifiers_2,True,False,True,False,137,-68.09486389160156,-69.91122436523438,1
Some teenager was skated around at least eight grocery stores.,No teenager was skated around at least eight grocery stores.,semantics,quantifiers,superlative_quantifiers_2,True,False,True,False,138,-70.8253173828125,-73.00891876220703,1
The boy finds at most five cats.,No boy finds at most five cats.,semantics,quantifiers,superlative_quantifiers_2,True,False,True,False,139,-50.337074279785156,-55.45644760131836,1
Some teacher helps at most three customers.,No teacher helps at most three customers.,semantics,quantifiers,superlative_quantifiers_2,True,False,True,False,140,-59.99983215332031,-60.57352828979492,1
The doctor was investigating at most three committees.,No doctor was investigating at most three committees.,semantics,quantifiers,superlative_quantifiers_2,True,False,True,False,141,-53.933258056640625,-60.70024108886719,1
A hat astounded at least nine banks.,No hat astounded at least nine banks.,semantics,quantifiers,superlative_quantifiers_2,True,False,True,False,142,-66.46728515625,-69.1756820678711,1
That student toured at most eight libraries.,No student toured at most eight libraries.,semantics,quantifiers,superlative_quantifiers_2,True,False,True,False,143,-62.39094543457031,-62.51387023925781,1
Each customer buys at least six lamps.,No customer buys at least six lamps.,semantics,quantifiers,superlative_quantifiers_2,True,False,True,False,144,-49.149993896484375,-52.83246612548828,1
Every essay had shocked at least four girls.,No essay had shocked at least four girls.,semantics,quantifiers,superlative_quantifiers_2,True,False,True,False,145,-56.516212463378906,-58.626258850097656,1
The customer revealed at most three tomatoes.,No customer revealed at most three tomatoes.,semantics,quantifiers,superlative_quantifiers_2,True,False,True,False,146,-58.36663818359375,-62.43101501464844,1
The bird would break at most seven carriages.,No bird would break at most seven carriages.,semantics,quantifiers,superlative_quantifiers_2,True,False,True,False,147,-66.92474365234375,-70.34684753417969,1
A student did take at least eight vases.,No student did take at least eight vases.,semantics,quantifiers,superlative_quantifiers_2,True,False,True,False,148,-58.55927658081055,-62.5119743347168,1
An actor might approach at most three pedestrians.,No actor might approach at most three pedestrians.,semantics,quantifiers,superlative_quantifiers_2,True,False,True,False,149,-71.66520690917969,-74.05203247070312,1
A child had hidden at least eight scarves.,No child had hidden at least eight scarves.,semantics,quantifiers,superlative_quantifiers_2,True,False,True,False,150,-63.80378341674805,-67.56927490234375,1
That window is hurting at most three waitresses.,No window is hurting at most three waitresses.,semantics,quantifiers,superlative_quantifiers_2,True,False,True,False,151,-75.24899291992188,-75.42052459716797,1
A girl climbed down at most ten slopes.,No girl climbed down at most ten slopes.,semantics,quantifiers,superlative_quantifiers_2,True,False,True,False,152,-62.49768829345703,-65.72025299072266,1
A customer would hate at most two senators.,No customer would hate at most two senators.,semantics,quantifiers,superlative_quantifiers_2,True,False,True,False,153,-63.09745788574219,-66.07987976074219,1
Some cashier aggravated at most five adults.,No cashier aggravated at most five adults.,semantics,quantifiers,superlative_quantifiers_2,True,False,True,False,154,-69.44984436035156,-70.13330078125,1
This cashier forgot at most two ladies.,No cashier forgot at most two ladies.,semantics,quantifiers,superlative_quantifiers_2,True,False,True,False,155,-65.32606506347656,-67.62305450439453,1
Every waitress had cleaned at least five hills.,No waitress had cleaned at least five hills.,semantics,quantifiers,superlative_quantifiers_2,True,False,True,False,156,-60.30780792236328,-61.13655090332031,1
Every guy found at least three projectors.,No guy found at least three projectors.,semantics,quantifiers,superlative_quantifiers_2,True,False,True,False,157,-52.720401763916016,-54.89623260498047,1
Every patient was hugging at least five students.,No patient was hugging at least five students.,semantics,quantifiers,superlative_quantifiers_2,True,False,True,False,158,-52.2196159362793,-53.92300033569336,1
This lady criticizes at least nine women.,No lady criticizes at least nine women.,semantics,quantifiers,superlative_quantifiers_2,True,False,True,False,159,-55.102333068847656,-57.52029800415039,1
That man had returned to at most two public parks.,No man had returned to at most two public parks.,semantics,quantifiers,superlative_quantifiers_2,True,False,True,False,160,-66.7523193359375,-66.20101165771484,0
Every cashier researches at most three cafes.,No cashier researches at most three cafes.,semantics,quantifiers,superlative_quantifiers_2,True,False,True,False,161,-69.90380096435547,-70.78404235839844,1
A cashier scans at least three books.,No cashier scans at least three books.,semantics,quantifiers,superlative_quantifiers_2,True,False,True,False,162,-55.33033752441406,-58.70585250854492,1
Some man is arguing about at most nine guys.,No man is arguing about at most nine guys.,semantics,quantifiers,superlative_quantifiers_2,True,False,True,False,163,-66.96540069580078,-66.4515380859375,0
A guy broke at most seven cars.,No guy broke at most seven cars.,semantics,quantifiers,superlative_quantifiers_2,True,False,True,False,164,-52.83929443359375,-56.757850646972656,1
Every painting did resemble at least five sketches.,No painting did resemble at least five sketches.,semantics,quantifiers,superlative_quantifiers_2,True,False,True,False,165,-61.098514556884766,-62.15790939331055,1
Every senator reveals at least eight coats.,No senator reveals at least eight coats.,semantics,quantifiers,superlative_quantifiers_2,True,False,True,False,166,-58.133514404296875,-60.27948760986328,1
Some cashier is skated around at least six glaciers.,No cashier is skated around at least six glaciers.,semantics,quantifiers,superlative_quantifiers_2,True,False,True,False,167,-76.82234954833984,-78.01773834228516,1
That mall was disturbing at least eight waiters.,No mall was disturbing at least eight waiters.,semantics,quantifiers,superlative_quantifiers_2,True,False,True,False,168,-68.80326080322266,-72.57988739013672,1
Every woman did descend at most two mountains.,No woman did descend at most two mountains.,semantics,quantifiers,superlative_quantifiers_2,True,False,True,False,169,-66.6269760131836,-68.55082702636719,1
Every doctor complains about at least ten guys.,No doctor complains about at least ten guys.,semantics,quantifiers,superlative_quantifiers_2,True,False,True,False,170,-53.614418029785156,-55.259361267089844,1
A lady will hide at least eight waiters.,No lady will hide at least eight waiters.,semantics,quantifiers,superlative_quantifiers_2,True,False,True,False,171,-61.65142059326172,-63.936798095703125,1
Each guy messes up at least three high schools.,No guy messes up at least three high schools.,semantics,quantifiers,superlative_quantifiers_2,True,False,True,False,172,-65.09278869628906,-66.44828796386719,1
The guy bikes to at least seven glaciers.,No guy bikes to at least seven glaciers.,semantics,quantifiers,superlative_quantifiers_2,True,False,True,False,173,-64.63592529296875,-65.64910125732422,1
Every government will admire at least ten mouths.,No government will admire at least ten mouths.,semantics,quantifiers,superlative_quantifiers_2,True,False,True,False,174,-57.09103012084961,-58.09944152832031,1
A woman descends at most six ladders.,No woman descends at most six ladders.,semantics,quantifiers,superlative_quantifiers_2,True,False,True,False,175,-64.62109375,-66.23625946044922,1
Each waitress passed at most eight cafes.,No waitress passed at most eight cafes.,semantics,quantifiers,superlative_quantifiers_2,True,False,True,False,176,-64.77311706542969,-65.47176361083984,1
The mouth had scared at most eight adults.,No mouth had scared at most eight adults.,semantics,quantifiers,superlative_quantifiers_2,True,False,True,False,177,-61.4976806640625,-64.7567138671875,1
That government fires at least nine actors.,No government fires at least nine actors.,semantics,quantifiers,superlative_quantifiers_2,True,False,True,False,178,-56.07878875732422,-53.699161529541016,0
The patient is fleeing from at most three students.,No patient is fleeing from at most three students.,semantics,quantifiers,superlative_quantifiers_2,True,False,True,False,179,-62.0199089050293,-67.64641571044922,1
Some carriage does confuse at least seven students.,No carriage does confuse at least seven students.,semantics,quantifiers,superlative_quantifiers_2,True,False,True,False,180,-63.32954406738281,-63.03832244873047,0
That doctor had fixed at most four trucks.,No doctor had fixed at most four trucks.,semantics,quantifiers,superlative_quantifiers_2,True,False,True,False,181,-63.831398010253906,-62.332237243652344,0
Some lady was admiring at least nine hamsters.,No lady was admiring at least nine hamsters.,semantics,quantifiers,superlative_quantifiers_2,True,False,True,False,182,-72.5478515625,-72.47218322753906,0
Each legislature was appreciating at least nine women.,No legislature was appreciating at least nine women.,semantics,quantifiers,superlative_quantifiers_2,True,False,True,False,183,-60.36893081665039,-60.72815704345703,1
Each man had left at most eight restaurants.,No man had left at most eight restaurants.,semantics,quantifiers,superlative_quantifiers_2,True,False,True,False,184,-58.60381317138672,-58.77162170410156,1
Each government listens to at most three men.,No government listens to at most three men.,semantics,quantifiers,superlative_quantifiers_2,True,False,True,False,185,-60.11416244506836,-59.786964416503906,0
That plane scares at least four customers.,No plane scares at least four customers.,semantics,quantifiers,superlative_quantifiers_2,True,False,True,False,186,-55.8467903137207,-58.846282958984375,1
This legislature loved at most five actresses.,No legislature loved at most five actresses.,semantics,quantifiers,superlative_quantifiers_2,True,False,True,False,187,-66.51991271972656,-70.34331512451172,1
Each waiter lifted at least four malls.,No waiter lifted at least four malls.,semantics,quantifiers,superlative_quantifiers_2,True,False,True,False,188,-61.14894104003906,-63.132720947265625,1
Some senator drove to at most two art galleries.,No senator drove to at most two art galleries.,semantics,quantifiers,superlative_quantifiers_2,True,False,True,False,189,-72.2380142211914,-74.84611511230469,1
Each library has helped at most five customers.,No library has helped at most five customers.,semantics,quantifiers,superlative_quantifiers_2,True,False,True,False,190,-56.81707763671875,-59.131317138671875,1
Every child is wearing at most seven scarves.,No child is wearing at most seven scarves.,semantics,quantifiers,superlative_quantifiers_2,True,False,True,False,191,-63.709800720214844,-66.16120910644531,1
The school disliked at most nine teenagers.,No school disliked at most nine teenagers.,semantics,quantifiers,superlative_quantifiers_2,True,False,True,False,192,-61.082855224609375,-65.53748321533203,1
The pie disturbed at least five ladies.,No pie disturbed at least five ladies.,semantics,quantifiers,superlative_quantifiers_2,True,False,True,False,193,-55.44255065917969,-60.202491760253906,1
Every senator had disliked at least seven pedestrians.,No senator had disliked at least seven pedestrians.,semantics,quantifiers,superlative_quantifiers_2,True,False,True,False,194,-64.84801483154297,-66.93211364746094,1
A bank remembered at least four customers.,No bank remembered at least four customers.,semantics,quantifiers,superlative_quantifiers_2,True,False,True,False,195,-51.1007080078125,-54.064414978027344,1
That actor researches at most eight cafes.,No actor researches at most eight cafes.,semantics,quantifiers,superlative_quantifiers_2,True,False,True,False,196,-69.90412902832031,-69.86570739746094,0
Every lady is ascending at least eight stairs.,No lady is ascending at least eight stairs.,semantics,quantifiers,superlative_quantifiers_2,True,False,True,False,197,-61.09455108642578,-62.01161193847656,1
This rug had shocked at least five libraries.,No rug had shocked at least five libraries.,semantics,quantifiers,superlative_quantifiers_2,True,False,True,False,198,-61.425682067871094,-69.23707580566406,1
Some person had examined at most three documentaries.,No person had examined at most three documentaries.,semantics,quantifiers,superlative_quantifiers_2,True,False,True,False,199,-66.40814208984375,-67.56137084960938,1
A pedestrian has worked with at most five actors.,No pedestrian has worked with at most five actors.,semantics,quantifiers,superlative_quantifiers_2,True,False,True,False,200,-67.70854187011719,-69.76038360595703,1
The movie upset at least three men.,No movie upset at least three men.,semantics,quantifiers,superlative_quantifiers_2,True,False,True,False,201,-45.19554901123047,-49.621246337890625,1
That cat was scaring at most seven legislatures.,No cat was scaring at most seven legislatures.,semantics,quantifiers,superlative_quantifiers_2,True,False,True,False,202,-74.50718688964844,-75.97772216796875,1
A patient arrived at at least three public parks.,No patient arrived at at least three public parks.,semantics,quantifiers,superlative_quantifiers_2,True,False,True,False,203,-54.37925720214844,-58.47526168823242,1
Every dancer leaves at least four closets.,No dancer leaves at least four closets.,semantics,quantifiers,superlative_quantifiers_2,True,False,True,False,204,-56.054420471191406,-58.580509185791016,1
That teacher researched at least four companies.,No teacher researched at least four companies.,semantics,quantifiers,superlative_quantifiers_2,True,False,True,False,205,-57.6253776550293,-58.66365051269531,1
Each woman will have at least two planes.,No woman will have at least two planes.,semantics,quantifiers,superlative_quantifiers_2,True,False,True,False,206,-46.73838424682617,-49.44443130493164,1
A hamster resembled at least seven drawings.,No hamster resembled at least seven drawings.,semantics,quantifiers,superlative_quantifiers_2,True,False,True,False,207,-60.222076416015625,-62.35435104370117,1
That girl is investigating at least eight hospitals.,No girl is investigating at least eight hospitals.,semantics,quantifiers,superlative_quantifiers_2,True,False,True,False,208,-53.46398162841797,-53.189884185791016,0
This boy kissed at least five children.,No boy kissed at least five children.,semantics,quantifiers,superlative_quantifiers_2,True,False,True,False,209,-48.15786361694336,-52.00740051269531,1
Each adult should lift at most three glaciers.,No adult should lift at most three glaciers.,semantics,quantifiers,superlative_quantifiers_2,True,False,True,False,210,-67.9442367553711,-72.01940155029297,1
Each guest has talked to at least two guests.,No guest has talked to at least two guests.,semantics,quantifiers,superlative_quantifiers_2,True,False,True,False,211,-51.383174896240234,-53.280296325683594,1
This library boasts about at most five teachers.,No library boasts about at most five teachers.,semantics,quantifiers,superlative_quantifiers_2,True,False,True,False,212,-59.809356689453125,-68.47967529296875,1
A turtle distracted at least ten legislatures.,No turtle distracted at least ten legislatures.,semantics,quantifiers,superlative_quantifiers_2,True,False,True,False,213,-64.89459991455078,-69.18247985839844,1
Every teenager can bike to at most seven glaciers.,No teenager can bike to at most seven glaciers.,semantics,quantifiers,superlative_quantifiers_2,True,False,True,False,214,-77.53738403320312,-82.09095764160156,1
That boy watches at least four doctors.,No boy watches at least four doctors.,semantics,quantifiers,superlative_quantifiers_2,True,False,True,False,215,-50.63592529296875,-53.012107849121094,1
The person had fled from at most seven art galleries.,No person had fled from at most seven art galleries.,semantics,quantifiers,superlative_quantifiers_2,True,False,True,False,216,-72.09235382080078,-75.23265838623047,1
A cashier had concealed at least three movies.,No cashier had concealed at least three movies.,semantics,quantifiers,superlative_quantifiers_2,True,False,True,False,217,-63.76653289794922,-67.29251098632812,1
A doctor does explore at least six hospitals.,No doctor does explore at least six hospitals.,semantics,quantifiers,superlative_quantifiers_2,True,False,True,False,218,-52.15391540527344,-54.952293395996094,1
This guest healed at most eight dancers.,No guest healed at most eight dancers.,semantics,quantifiers,superlative_quantifiers_2,True,False,True,False,219,-62.908958435058594,-67.3558120727539,1
Each driver might resemble at most three drawings.,No driver might resemble at most three drawings.,semantics,quantifiers,superlative_quantifiers_2,True,False,True,False,220,-66.42930603027344,-69.03458404541016,1
That man would skate around at least ten libraries.,No man would skate around at least ten libraries.,semantics,quantifiers,superlative_quantifiers_2,True,False,True,False,221,-64.48251342773438,-63.93455123901367,0
Some patient investigated at least three cashiers.,No patient investigated at least three cashiers.,semantics,quantifiers,superlative_quantifiers_2,True,False,True,False,222,-64.92394256591797,-67.29154968261719,1
That guy messes up at least six forks.,No guy messes up at least six forks.,semantics,quantifiers,superlative_quantifiers_2,True,False,True,False,223,-63.90569305419922,-65.16828155517578,1
Some adult admires at most four casseroles.,No adult admires at most four casseroles.,semantics,quantifiers,superlative_quantifiers_2,True,False,True,False,224,-69.8763427734375,-70.96292114257812,1
The shirt is hurting at least three pedestrians.,No shirt is hurting at least three pedestrians.,semantics,quantifiers,superlative_quantifiers_2,True,False,True,False,225,-54.065338134765625,-56.77632141113281,1
Some pedestrian has respected at most ten men.,No pedestrian has respected at most ten men.,semantics,quantifiers,superlative_quantifiers_2,True,False,True,False,226,-69.55802917480469,-69.46782684326172,0
A student can explore at least six high schools.,No student can explore at least six high schools.,semantics,quantifiers,superlative_quantifiers_2,True,False,True,False,227,-49.76676559448242,-53.54597473144531,1
The child was researching at least ten reports.,No child was researching at least ten reports.,semantics,quantifiers,superlative_quantifiers_2,True,False,True,False,228,-54.862213134765625,-58.79820251464844,1
Each lady can kiss at least nine dancers.,No lady can kiss at least nine dancers.,semantics,quantifiers,superlative_quantifiers_2,True,False,True,False,229,-59.85676193237305,-62.07905578613281,1
This doctor has discovered at most six carriages.,No doctor has discovered at most six carriages.,semantics,quantifiers,superlative_quantifiers_2,True,False,True,False,230,-59.08536148071289,-61.09502410888672,1
Every senator can appreciate at least eight movies.,No senator can appreciate at least eight movies.,semantics,quantifiers,superlative_quantifiers_2,True,False,True,False,231,-59.901981353759766,-62.4788818359375,1
Every adult looks like at most three sketches.,No adult looks like at most three sketches.,semantics,quantifiers,superlative_quantifiers_2,True,False,True,False,232,-61.042240142822266,-64.03346252441406,1
Every mushroom could look like at most ten sketches.,No mushroom could look like at most ten sketches.,semantics,quantifiers,superlative_quantifiers_2,True,False,True,False,233,-70.5389404296875,-71.36568450927734,1
Every doctor is arriving at at least nine restaurants.,No doctor is arriving at at least nine restaurants.,semantics,quantifiers,superlative_quantifiers_2,True,False,True,False,234,-57.23218536376953,-59.34880828857422,1
An actress did hate at most five movies.,No actress did hate at most five movies.,semantics,quantifiers,superlative_quantifiers_2,True,False,True,False,235,-67.62528991699219,-72.2940673828125,1
That doctor had hugged at most five boys.,No doctor had hugged at most five boys.,semantics,quantifiers,superlative_quantifiers_2,True,False,True,False,236,-63.194766998291016,-61.264015197753906,0
A waiter observes at most eight people.,No waiter observes at most eight people.,semantics,quantifiers,superlative_quantifiers_2,True,False,True,False,237,-61.791961669921875,-65.74392700195312,1
This patient is escaping from at least eight patients.,No patient is escaping from at least eight patients.,semantics,quantifiers,superlative_quantifiers_2,True,False,True,False,238,-52.599525451660156,-55.248435974121094,1
This lady describes at most five actors.,No lady describes at most five actors.,semantics,quantifiers,superlative_quantifiers_2,True,False,True,False,239,-58.20786666870117,-63.529850006103516,1
Every person is observing at most eight senators.,No person is observing at most eight senators.,semantics,quantifiers,superlative_quantifiers_2,True,False,True,False,240,-60.86489486694336,-63.88844299316406,1
Every driver drove to at most two libraries.,No driver drove to at most two libraries.,semantics,quantifiers,superlative_quantifiers_2,True,False,True,False,241,-66.38917541503906,-66.21102142333984,0
An adult appreciates at most seven actors.,No adult appreciates at most seven actors.,semantics,quantifiers,superlative_quantifiers_2,True,False,True,False,242,-62.380130767822266,-63.12617492675781,1
The organization boasts about at least seven students.,No organization boasts about at least seven students.,semantics,quantifiers,superlative_quantifiers_2,True,False,True,False,243,-49.40556335449219,-57.208152770996094,1
An association respected at most two high schools.,No association respected at most two high schools.,semantics,quantifiers,superlative_quantifiers_2,True,False,True,False,244,-61.21358871459961,-65.3281478881836,1
The pepper was distracting at most six hospitals.,No pepper was distracting at most six hospitals.,semantics,quantifiers,superlative_quantifiers_2,True,False,True,False,245,-68.47906494140625,-73.5786361694336,1
Each school sold at most nine banks.,No school sold at most nine banks.,semantics,quantifiers,superlative_quantifiers_2,True,False,True,False,246,-55.64313888549805,-59.1417121887207,1
This sketch had alarmed at least two men.,No sketch had alarmed at least two men.,semantics,quantifiers,superlative_quantifiers_2,True,False,True,False,247,-54.61935043334961,-60.51111602783203,1
That patient had listened to at most four customers.,No patient had listened to at most four customers.,semantics,quantifiers,superlative_quantifiers_2,True,False,True,False,248,-63.659732818603516,-63.5432014465332,0
Every child could know at most eight drivers.,No child could know at most eight drivers.,semantics,quantifiers,superlative_quantifiers_2,True,False,True,False,249,-62.672767639160156,-65.17572021484375,1
Each student complained about at least nine waiters.,No student complained about at least nine waiters.,semantics,quantifiers,superlative_quantifiers_2,True,False,True,False,250,-61.38528823852539,-63.894893646240234,1
Every museum does shock at most seven men.,No museum does shock at most seven men.,semantics,quantifiers,superlative_quantifiers_2,True,False,True,False,251,-66.49625396728516,-67.2852554321289,1
A senator has discovered at most three casseroles.,No senator has discovered at most three casseroles.,semantics,quantifiers,superlative_quantifiers_2,True,False,True,False,252,-66.02893829345703,-69.09233093261719,1
A doctor could know at most six boys.,No doctor could know at most six boys.,semantics,quantifiers,superlative_quantifiers_2,True,False,True,False,253,-56.58567810058594,-58.621028900146484,1
This drawing was stunning at least three legislatures.,No drawing was stunning at least three legislatures.,semantics,quantifiers,superlative_quantifiers_2,True,False,True,False,254,-54.706878662109375,-61.12959671020508,1
The cashier remembers at most three college campuses.,No cashier remembers at most three college campuses.,semantics,quantifiers,superlative_quantifiers_2,True,False,True,False,255,-67.43128967285156,-70.20030212402344,1
The adult had gone to at most three public parks.,No adult had gone to at most three public parks.,semantics,quantifiers,superlative_quantifiers_2,True,False,True,False,256,-67.6047592163086,-71.96221923828125,1
The guy reveals at least five adults.,No guy reveals at least five adults.,semantics,quantifiers,superlative_quantifiers_2,True,False,True,False,257,-48.82221984863281,-52.710960388183594,1
This pedestrian knew at most nine children.,No pedestrian knew at most nine children.,semantics,quantifiers,superlative_quantifiers_2,True,False,True,False,258,-59.479026794433594,-60.741455078125,1
This guy messed up at least seven art galleries.,No guy messed up at least seven art galleries.,semantics,quantifiers,superlative_quantifiers_2,True,False,True,False,259,-59.725372314453125,-65.19207763671875,1
That shoe embarrassed at most two cashiers.,No shoe embarrassed at most two cashiers.,semantics,quantifiers,superlative_quantifiers_2,True,False,True,False,260,-71.289794921875,-73.13668823242188,1
The snake descended at most seven stairs.,No snake descended at most seven stairs.,semantics,quantifiers,superlative_quantifiers_2,True,False,True,False,261,-60.729068756103516,-64.08067321777344,1
The waiter revealed at most nine gates.,No waiter revealed at most nine gates.,semantics,quantifiers,superlative_quantifiers_2,True,False,True,False,262,-57.002593994140625,-64.81429290771484,1
This student had embarrassed at most three doctors.,No student had embarrassed at most three doctors.,semantics,quantifiers,superlative_quantifiers_2,True,False,True,False,263,-57.750282287597656,-60.9302978515625,1
Every doctor was hiring at most eight women.,No doctor was hiring at most eight women.,semantics,quantifiers,superlative_quantifiers_2,True,False,True,False,264,-56.81639862060547,-59.35490798950195,1
Some dancer was healing at most six rabbits.,No dancer was healing at most six rabbits.,semantics,quantifiers,superlative_quantifiers_2,True,False,True,False,265,-70.71927642822266,-71.90553283691406,1
Some actor worried at least eight cashiers.,No actor worried at least eight cashiers.,semantics,quantifiers,superlative_quantifiers_2,True,False,True,False,266,-71.02957153320312,-71.84075927734375,1
A man had climbed up at most nine mountains.,No man had climbed up at most nine mountains.,semantics,quantifiers,superlative_quantifiers_2,True,False,True,False,267,-61.77214050292969,-64.3251953125,1
A woman can boycott at least three grocery stores.,No woman can boycott at least three grocery stores.,semantics,quantifiers,superlative_quantifiers_2,True,False,True,False,268,-59.584075927734375,-62.6776237487793,1
A driver should kiss at most nine dancers.,No driver should kiss at most nine dancers.,semantics,quantifiers,superlative_quantifiers_2,True,False,True,False,269,-70.67913055419922,-72.71824645996094,1
That doctor hires at most ten guests.,No doctor hires at most ten guests.,semantics,quantifiers,superlative_quantifiers_2,True,False,True,False,270,-59.758697509765625,-56.73036193847656,0
Every boy had visited at most seven hospitals.,No boy had visited at most seven hospitals.,semantics,quantifiers,superlative_quantifiers_2,True,False,True,False,271,-62.03227233886719,-64.47016906738281,1
Some man is examining at most two essays.,No man is examining at most two essays.,semantics,quantifiers,superlative_quantifiers_2,True,False,True,False,272,-63.631080627441406,-63.10911178588867,0
Some organization did dislike at least nine libraries.,No organization did dislike at least nine libraries.,semantics,quantifiers,superlative_quantifiers_2,True,False,True,False,273,-62.5610237121582,-62.665679931640625,1
Each committee has hired at most eight dancers.,No committee has hired at most eight dancers.,semantics,quantifiers,superlative_quantifiers_2,True,False,True,False,274,-64.25314331054688,-67.30091857910156,1
A teenager could fix at most six convertibles.,No teenager could fix at most six convertibles.,semantics,quantifiers,superlative_quantifiers_2,True,False,True,False,275,-72.9994888305664,-78.45309448242188,1
Each guest can sell at least seven skateboards.,No guest can sell at least seven skateboards.,semantics,quantifiers,superlative_quantifiers_2,True,False,True,False,276,-57.023712158203125,-61.05131149291992,1
Every actor has respected at least three waiters.,No actor has respected at least three waiters.,semantics,quantifiers,superlative_quantifiers_2,True,False,True,False,277,-63.49053955078125,-65.52823638916016,1
Some actress has passed at least nine schools.,No actress has passed at least nine schools.,semantics,quantifiers,superlative_quantifiers_2,True,False,True,False,278,-58.499473571777344,-60.299537658691406,1
That student walked through at most ten college campuses.,No student walked through at most ten college campuses.,semantics,quantifiers,superlative_quantifiers_2,True,False,True,False,279,-67.46905517578125,-66.1959228515625,0
Each teenager is selling at least ten schools.,No teenager is selling at least ten schools.,semantics,quantifiers,superlative_quantifiers_2,True,False,True,False,280,-52.997802734375,-54.7938232421875,1
This woman has broken at least three screens.,No woman has broken at least three screens.,semantics,quantifiers,superlative_quantifiers_2,True,False,True,False,281,-47.19255065917969,-51.438926696777344,1
Some wheelbarrow scared at least nine actresses.,No wheelbarrow scared at least nine actresses.,semantics,quantifiers,superlative_quantifiers_2,True,False,True,False,282,-79.92323303222656,-77.96429443359375,0
Every art gallery is embarrassing at most two adults.,No art gallery is embarrassing at most two adults.,semantics,quantifiers,superlative_quantifiers_2,True,False,True,False,283,-62.42909622192383,-64.24691772460938,1
Each boy had aggravated at least nine pedestrians.,No boy had aggravated at least nine pedestrians.,semantics,quantifiers,superlative_quantifiers_2,True,False,True,False,284,-63.01702117919922,-62.45280456542969,0
Each boy can boycott at most ten art galleries.,No boy can boycott at most ten art galleries.,semantics,quantifiers,superlative_quantifiers_2,True,False,True,False,285,-75.12984466552734,-75.98638916015625,1
Some movie would distract at most three waitresses.,No movie would distract at most three waitresses.,semantics,quantifiers,superlative_quantifiers_2,True,False,True,False,286,-80.08067321777344,-80.96255493164062,1
Every senator observed at least seven children.,No senator observed at least seven children.,semantics,quantifiers,superlative_quantifiers_2,True,False,True,False,287,-52.51520919799805,-54.725074768066406,1
That child exited at least eight glaciers.,No child exited at least eight glaciers.,semantics,quantifiers,superlative_quantifiers_2,True,False,True,False,288,-62.249210357666016,-61.18752670288086,0
This actress notices at most ten actors.,No actress notices at most ten actors.,semantics,quantifiers,superlative_quantifiers_2,True,False,True,False,289,-60.80619430541992,-65.96624755859375,1
That university helped at least six senators.,No university helped at least six senators.,semantics,quantifiers,superlative_quantifiers_2,True,False,True,False,290,-57.68977737426758,-57.13124084472656,0
Every guy has boycotted at least eight movie theaters.,No guy has boycotted at least eight movie theaters.,semantics,quantifiers,superlative_quantifiers_2,True,False,True,False,291,-79.56954956054688,-80.37735748291016,1
A driver can escape from at most nine boys.,No driver can escape from at most nine boys.,semantics,quantifiers,superlative_quantifiers_2,True,False,True,False,292,-65.37593078613281,-67.200439453125,1
Every cashier has kissed at least six teachers.,No cashier has kissed at least six teachers.,semantics,quantifiers,superlative_quantifiers_2,True,False,True,False,293,-64.82321166992188,-65.30469512939453,1
This teenager could return to at most nine children.,No teenager could return to at most nine children.,semantics,quantifiers,superlative_quantifiers_2,True,False,True,False,294,-64.05276489257812,-67.940185546875,1
Each mall was bothering at least nine waiters.,No mall was bothering at least nine waiters.,semantics,quantifiers,superlative_quantifiers_2,True,False,True,False,295,-71.00497436523438,-71.08554077148438,1
Every doctor had scared at most nine legislatures.,No doctor had scared at most nine legislatures.,semantics,quantifiers,superlative_quantifiers_2,True,False,True,False,296,-66.20453643798828,-67.64021301269531,1
Each actor remembers at most six museums.,No actor remembers at most six museums.,semantics,quantifiers,superlative_quantifiers_2,True,False,True,False,297,-60.393951416015625,-63.33885192871094,1
The print looked like at most four pictures.,No print looked like at most four pictures.,semantics,quantifiers,superlative_quantifiers_2,True,False,True,False,298,-54.24607467651367,-59.32799530029297,1
Every driver disagrees with at most two stories.,No driver disagrees with at most two stories.,semantics,quantifiers,superlative_quantifiers_2,True,False,True,False,299,-63.94923400878906,-64.09394836425781,1
Every actress had concealed at most ten eyes.,No actress had concealed at most ten eyes.,semantics,quantifiers,superlative_quantifiers_2,True,False,True,False,300,-69.38611602783203,-72.33162689208984,1
That casserole was scaring at most three children.,No casserole was scaring at most three children.,semantics,quantifiers,superlative_quantifiers_2,True,False,True,False,301,-71.34864807128906,-70.53617858886719,0
The grocery store is distracting at most nine pedestrians.,No grocery store is distracting at most nine pedestrians.,semantics,quantifiers,superlative_quantifiers_2,True,False,True,False,302,-66.90809631347656,-71.54470825195312,1
This university has sold at most six college campuses.,No university has sold at most six college campuses.,semantics,quantifiers,superlative_quantifiers_2,True,False,True,False,303,-56.328556060791016,-61.68916320800781,1
That patient can drive to at least nine art galleries.,No patient can drive to at least nine art galleries.,semantics,quantifiers,superlative_quantifiers_2,True,False,True,False,304,-69.79857635498047,-67.2049789428711,0
This dancer has visited at least four cashiers.,No dancer has visited at least four cashiers.,semantics,quantifiers,superlative_quantifiers_2,True,False,True,False,305,-63.431007385253906,-68.95799255371094,1
A dress looks like at most nine prints.,No dress looks like at most nine prints.,semantics,quantifiers,superlative_quantifiers_2,True,False,True,False,306,-56.47329330444336,-59.883697509765625,1
That actress scares at least ten museums.,No actress scares at least ten museums.,semantics,quantifiers,superlative_quantifiers_2,True,False,True,False,307,-60.010528564453125,-62.8325080871582,1
Some lady has thought about at least three dancers.,No lady has thought about at least three dancers.,semantics,quantifiers,superlative_quantifiers_2,True,False,True,False,308,-60.26435852050781,-60.296241760253906,1
Some waiter would examine at most ten documentaries.,No waiter would examine at most ten documentaries.,semantics,quantifiers,superlative_quantifiers_2,True,False,True,False,309,-67.30108642578125,-70.62716674804688,1
Every car is disgusting at most five girls.,No car is disgusting at most five girls.,semantics,quantifiers,superlative_quantifiers_2,True,False,True,False,310,-58.617305755615234,-59.55887985229492,1
Some company had talked to at most five guests.,No company had talked to at most five guests.,semantics,quantifiers,superlative_quantifiers_2,True,False,True,False,311,-61.74512481689453,-63.06342697143555,1
The art gallery has worried at most seven museums.,No art gallery has worried at most seven museums.,semantics,quantifiers,superlative_quantifiers_2,True,False,True,False,312,-61.7025146484375,-69.18568420410156,1
Every guest watches at least two women.,No guest watches at least two women.,semantics,quantifiers,superlative_quantifiers_2,True,False,True,False,313,-49.083988189697266,-51.943809509277344,1
Each waiter can fire at most eight teachers.,No waiter can fire at most eight teachers.,semantics,quantifiers,superlative_quantifiers_2,True,False,True,False,314,-71.61727142333984,-74.24490356445312,1
A lady has run around at most five restaurants.,No lady has run around at most five restaurants.,semantics,quantifiers,superlative_quantifiers_2,True,False,True,False,315,-61.03839111328125,-64.51634216308594,1
Some patient could fix at most two bicycles.,No patient could fix at most two bicycles.,semantics,quantifiers,superlative_quantifiers_2,True,False,True,False,316,-62.91169738769531,-64.03617858886719,1
This dancer scans at least ten commentaries.,No dancer scans at least ten commentaries.,semantics,quantifiers,superlative_quantifiers_2,True,False,True,False,317,-62.868553161621094,-66.53738403320312,1
This patient has observed at least two waiters.,No patient has observed at least two waiters.,semantics,quantifiers,superlative_quantifiers_2,True,False,True,False,318,-51.92041778564453,-56.49831008911133,1
The senator is visiting at most seven college campuses.,No senator is visiting at most seven college campuses.,semantics,quantifiers,superlative_quantifiers_2,True,False,True,False,319,-63.64312744140625,-69.37681579589844,1
This dancer had brought at most ten carriages.,No dancer had brought at most ten carriages.,semantics,quantifiers,superlative_quantifiers_2,True,False,True,False,320,-69.06182098388672,-72.32038879394531,1
Some woman cleans at most three malls.,No woman cleans at most three malls.,semantics,quantifiers,superlative_quantifiers_2,True,False,True,False,321,-63.661476135253906,-64.17731475830078,1
This guest researched at most eight photographs.,No guest researched at most eight photographs.,semantics,quantifiers,superlative_quantifiers_2,True,False,True,False,322,-61.24032974243164,-65.64073944091797,1
The actor listened to at most six guys.,No actor listened to at most six guys.,semantics,quantifiers,superlative_quantifiers_2,True,False,True,False,323,-60.176307678222656,-65.60330963134766,1
Each waiter discovered at least three paintings.,No waiter discovered at least three paintings.,semantics,quantifiers,superlative_quantifiers_2,True,False,True,False,324,-52.19015121459961,-54.99129104614258,1
That boy has thought about at least nine documentaries.,No boy has thought about at least nine documentaries.,semantics,quantifiers,superlative_quantifiers_2,True,False,True,False,325,-57.624717712402344,-60.83462142944336,1
Every cashier could argue about at most three actors.,No cashier could argue about at most three actors.,semantics,quantifiers,superlative_quantifiers_2,True,False,True,False,326,-77.20246887207031,-76.79988098144531,0
This guest wore at most four coats.,No guest wore at most four coats.,semantics,quantifiers,superlative_quantifiers_2,True,False,True,False,327,-53.598167419433594,-58.384674072265625,1
The boy is running around at most four movie theaters.,No boy is running around at most four movie theaters.,semantics,quantifiers,superlative_quantifiers_2,True,False,True,False,328,-62.639305114746094,-67.51499938964844,1
A cashier thought about at least nine dishes.,No cashier thought about at least nine dishes.,semantics,quantifiers,superlative_quantifiers_2,True,False,True,False,329,-65.55951690673828,-68.2635269165039,1
Some senator thought about at most six ladies.,No senator thought about at most six ladies.,semantics,quantifiers,superlative_quantifiers_2,True,False,True,False,330,-65.42378234863281,-69.16622924804688,1
Each student flees from at most five senators.,No student flees from at most five senators.,semantics,quantifiers,superlative_quantifiers_2,True,False,True,False,331,-73.05753326416016,-75.9805908203125,1
The lady does climb up at most three mountains.,No lady does climb up at most three mountains.,semantics,quantifiers,superlative_quantifiers_2,True,False,True,False,332,-64.26134490966797,-66.66244506835938,1
Each actor had fixed at most three carts.,No actor had fixed at most three carts.,semantics,quantifiers,superlative_quantifiers_2,True,False,True,False,333,-69.22120666503906,-71.09819030761719,1
The teenager did discover at least ten glasses.,No teenager did discover at least ten glasses.,semantics,quantifiers,superlative_quantifiers_2,True,False,True,False,334,-61.014442443847656,-66.02851867675781,1
The student can explore at least eight high schools.,No student can explore at least eight high schools.,semantics,quantifiers,superlative_quantifiers_2,True,False,True,False,335,-51.01445007324219,-55.76941680908203,1
That man has loved at least eight adults.,No man has loved at least eight adults.,semantics,quantifiers,superlative_quantifiers_2,True,False,True,False,336,-51.549110412597656,-50.369728088378906,0
A woman admires at least two teenagers.,No woman admires at least two teenagers.,semantics,quantifiers,superlative_quantifiers_2,True,False,True,False,337,-52.157928466796875,-55.04362106323242,1
This committee boasts about at least nine students.,No committee boasts about at least nine students.,semantics,quantifiers,superlative_quantifiers_2,True,False,True,False,338,-54.109527587890625,-61.5536003112793,1
The movie is shocking at least six patients.,No movie is shocking at least six patients.,semantics,quantifiers,superlative_quantifiers_2,True,False,True,False,339,-52.069183349609375,-57.3802604675293,1
Each play disagrees with at least two ladies.,No play disagrees with at least two ladies.,semantics,quantifiers,superlative_quantifiers_2,True,False,True,False,340,-58.52019119262695,-56.58224868774414,0
A guest exited at most six museums.,No guest exited at most six museums.,semantics,quantifiers,superlative_quantifiers_2,True,False,True,False,341,-59.2596549987793,-63.2919921875,1
That adult has escaped from at most three mountains.,No adult has escaped from at most three mountains.,semantics,quantifiers,superlative_quantifiers_2,True,False,True,False,342,-69.87347412109375,-69.06962585449219,0
That teenager revealed at least three books.,No teenager revealed at least three books.,semantics,quantifiers,superlative_quantifiers_2,True,False,True,False,343,-51.6643180847168,-53.445892333984375,1
Each pedestrian respects at least four waiters.,No pedestrian respects at least four waiters.,semantics,quantifiers,superlative_quantifiers_2,True,False,True,False,344,-65.38081359863281,-65.25447082519531,0
A university describes at most two boys.,No university describes at most two boys.,semantics,quantifiers,superlative_quantifiers_2,True,False,True,False,345,-52.63694381713867,-58.08596420288086,1
Every guy breaks at least ten trucks.,No guy breaks at least ten trucks.,semantics,quantifiers,superlative_quantifiers_2,True,False,True,False,346,-53.644248962402344,-54.95477294921875,1
Every lady would kiss at least four waiters.,No lady would kiss at least four waiters.,semantics,quantifiers,superlative_quantifiers_2,True,False,True,False,347,-62.497188568115234,-64.04495239257812,1
That teacher helped at most seven pedestrians.,No teacher helped at most seven pedestrians.,semantics,quantifiers,superlative_quantifiers_2,True,False,True,False,348,-66.39813232421875,-66.9070816040039,1
A teacher walks through at least six rivers.,No teacher walks through at least six rivers.,semantics,quantifiers,superlative_quantifiers_2,True,False,True,False,349,-54.45441436767578,-57.574249267578125,1
That waitress sells at least four pants.,No waitress sells at least four pants.,semantics,quantifiers,superlative_quantifiers_2,True,False,True,False,350,-53.33584976196289,-53.13262939453125,0
Each dancer has healed at most two senators.,No dancer has healed at most two senators.,semantics,quantifiers,superlative_quantifiers_2,True,False,True,False,351,-66.71440124511719,-69.60717010498047,1
Each legislature talked to at most three teenagers.,No legislature talked to at most three teenagers.,semantics,quantifiers,superlative_quantifiers_2,True,False,True,False,352,-65.97054290771484,-65.5844497680664,0
That driver had questioned at least seven men.,No driver had questioned at least seven men.,semantics,quantifiers,superlative_quantifiers_2,True,False,True,False,353,-53.80133819580078,-53.72491455078125,0
Each lady had approached at most nine waitresses.,No lady had approached at most nine waitresses.,semantics,quantifiers,superlative_quantifiers_2,True,False,True,False,354,-78.63751220703125,-77.94539642333984,0
The doctor was questioning at least six patients.,No doctor was questioning at least six patients.,semantics,quantifiers,superlative_quantifiers_2,True,False,True,False,355,-47.7245979309082,-52.462432861328125,1
That print is looking like at most nine pies.,No print is looking like at most nine pies.,semantics,quantifiers,superlative_quantifiers_2,True,False,True,False,356,-68.10177612304688,-69.10187530517578,1
Each lady boasted about at most five girls.,No lady boasted about at most five girls.,semantics,quantifiers,superlative_quantifiers_2,True,False,True,False,357,-67.19821166992188,-67.5545883178711,1
Each doctor has sounded like at least ten commentaries.,No doctor has sounded like at least ten commentaries.,semantics,quantifiers,superlative_quantifiers_2,True,False,True,False,358,-65.47731018066406,-67.28494262695312,1
Every girl boasted about at most four waiters.,No girl boasted about at most four waiters.,semantics,quantifiers,superlative_quantifiers_2,True,False,True,False,359,-73.68040466308594,-75.78598022460938,1
Each cashier has passed at most six movie theaters.,No cashier has passed at most six movie theaters.,semantics,quantifiers,superlative_quantifiers_2,True,False,True,False,360,-74.72969055175781,-73.25099182128906,0
A fork is boring at most six children.,No fork is boring at most six children.,semantics,quantifiers,superlative_quantifiers_2,True,False,True,False,361,-59.03367233276367,-62.06096649169922,1
Some waiter would conceal at least ten stories.,No waiter would conceal at least ten stories.,semantics,quantifiers,superlative_quantifiers_2,True,False,True,False,362,-62.0811767578125,-65.06494140625,1
A cashier does return to at most six college campuses.,No cashier does return to at most six college campuses.,semantics,quantifiers,superlative_quantifiers_2,True,False,True,False,363,-75.01521301269531,-77.59642028808594,1
Some dancer is hiding at most two rugs.,No dancer is hiding at most two rugs.,semantics,quantifiers,superlative_quantifiers_2,True,False,True,False,364,-64.43582153320312,-64.98771667480469,1
Every sketch might hurt at least ten ladies.,No sketch might hurt at least ten ladies.,semantics,quantifiers,superlative_quantifiers_2,True,False,True,False,365,-59.14985275268555,-61.25584411621094,1
A guy scans at least nine commentaries.,No guy scans at least nine commentaries.,semantics,quantifiers,superlative_quantifiers_2,True,False,True,False,366,-60.74607849121094,-64.94046020507812,1
A teacher does criticize at least seven teachers.,No teacher does criticize at least seven teachers.,semantics,quantifiers,superlative_quantifiers_2,True,False,True,False,367,-56.44027328491211,-60.11056900024414,1
A patient is healing at least nine patients.,No patient is healing at least nine patients.,semantics,quantifiers,superlative_quantifiers_2,True,False,True,False,368,-48.089210510253906,-51.10398864746094,1
A guy breaks at least five planes.,No guy breaks at least five planes.,semantics,quantifiers,superlative_quantifiers_2,True,False,True,False,369,-50.670379638671875,-54.56760025024414,1
That doctor would arrive at at least two restaurants.,No doctor would arrive at at least two restaurants.,semantics,quantifiers,superlative_quantifiers_2,True,False,True,False,370,-54.53327560424805,-53.87894058227539,0
This child had questioned at least four ladies.,No child had questioned at least four ladies.,semantics,quantifiers,superlative_quantifiers_2,True,False,True,False,371,-53.15626525878906,-57.706233978271484,1
That commentary had upset at least eight libraries.,No commentary had upset at least eight libraries.,semantics,quantifiers,superlative_quantifiers_2,True,False,True,False,372,-62.2073974609375,-58.797882080078125,0
The cashier impressed at most two patients.,No cashier impressed at most two patients.,semantics,quantifiers,superlative_quantifiers_2,True,False,True,False,373,-65.8704833984375,-67.84481811523438,1
A waiter had found at most eight eyes.,No waiter had found at most eight eyes.,semantics,quantifiers,superlative_quantifiers_2,True,False,True,False,374,-63.399986267089844,-66.98040008544922,1
Every guest has revealed at most four children.,No guest has revealed at most four children.,semantics,quantifiers,superlative_quantifiers_2,True,False,True,False,375,-52.30138397216797,-55.961055755615234,1
The girl bikes to at least seven grocery stores.,No girl bikes to at least seven grocery stores.,semantics,quantifiers,superlative_quantifiers_2,True,False,True,False,376,-61.80116271972656,-62.985992431640625,1
This woman is lifting at least four dogs.,No woman is lifting at least four dogs.,semantics,quantifiers,superlative_quantifiers_2,True,False,True,False,377,-47.593475341796875,-50.771759033203125,1
Every guy resembled at least eight prints.,No guy resembled at least eight prints.,semantics,quantifiers,superlative_quantifiers_2,True,False,True,False,378,-57.44969177246094,-60.49106216430664,1
The adult is escaping from at least four women.,No adult is escaping from at least four women.,semantics,quantifiers,superlative_quantifiers_2,True,False,True,False,379,-52.98016357421875,-57.391815185546875,1
A customer observes at least seven guys.,No customer observes at least seven guys.,semantics,quantifiers,superlative_quantifiers_2,True,False,True,False,380,-55.93851852416992,-58.49504852294922,1
Each girl walked through at least seven closets.,No girl walked through at least seven closets.,semantics,quantifiers,superlative_quantifiers_2,True,False,True,False,381,-60.34636688232422,-61.83134078979492,1
An adult can take at most four mountains.,No adult can take at most four mountains.,semantics,quantifiers,superlative_quantifiers_2,True,False,True,False,382,-63.135684967041016,-64.50057983398438,1
Every museum helped at least nine children.,No museum helped at least nine children.,semantics,quantifiers,superlative_quantifiers_2,True,False,True,False,383,-54.077857971191406,-55.79432678222656,1
A guest questions at most six associations.,No guest questions at most six associations.,semantics,quantifiers,superlative_quantifiers_2,True,False,True,False,384,-57.71062469482422,-59.46126937866211,1
That waitress would wear at most six hats.,No waitress would wear at most six hats.,semantics,quantifiers,superlative_quantifiers_2,True,False,True,False,385,-64.6944808959961,-65.00619506835938,1
Some art gallery does impress at least five doctors.,No art gallery does impress at least five doctors.,semantics,quantifiers,superlative_quantifiers_2,True,False,True,False,386,-64.68218994140625,-65.6097640991211,1
This dancer has approached at least two people.,No dancer has approached at least two people.,semantics,quantifiers,superlative_quantifiers_2,True,False,True,False,387,-49.40435028076172,-54.31258773803711,1
Some waitress broke at most nine cars.,No waitress broke at most nine cars.,semantics,quantifiers,superlative_quantifiers_2,True,False,True,False,388,-60.90888977050781,-60.18419647216797,0
Each girl was boasting about at least three girls.,No girl was boasting about at least three girls.,semantics,quantifiers,superlative_quantifiers_2,True,False,True,False,389,-58.962440490722656,-58.85987091064453,0
Every cashier was fleeing from at most two guests.,No cashier was fleeing from at most two guests.,semantics,quantifiers,superlative_quantifiers_2,True,False,True,False,390,-75.19306945800781,-75.01467895507812,0
A horse descended at most three hills.,No horse descended at most three hills.,semantics,quantifiers,superlative_quantifiers_2,True,False,True,False,391,-59.14250946044922,-60.792118072509766,1
Every woman was examining at most three plays.,No woman was examining at most three plays.,semantics,quantifiers,superlative_quantifiers_2,True,False,True,False,392,-63.809364318847656,-66.18829345703125,1
That boy had toured at least seven schools.,No boy had toured at least seven schools.,semantics,quantifiers,superlative_quantifiers_2,True,False,True,False,393,-56.09424591064453,-58.718040466308594,1
A senator had gone to at most ten art galleries.,No senator had gone to at most ten art galleries.,semantics,quantifiers,superlative_quantifiers_2,True,False,True,False,394,-72.22250366210938,-77.07028198242188,1
Some woman has boycotted at least nine movie theaters.,No woman has boycotted at least nine movie theaters.,semantics,quantifiers,superlative_quantifiers_2,True,False,True,False,395,-82.24400329589844,-81.33523559570312,0
Some hospital could know at most ten drivers.,No hospital could know at most ten drivers.,semantics,quantifiers,superlative_quantifiers_2,True,False,True,False,396,-64.6104507446289,-64.01788330078125,0
Every waiter had driven to at most ten museums.,No waiter had driven to at most ten museums.,semantics,quantifiers,superlative_quantifiers_2,True,False,True,False,397,-73.0959701538086,-75.37266540527344,1
Every woman can lift at most nine college campuses.,No woman can lift at most nine college campuses.,semantics,quantifiers,superlative_quantifiers_2,True,False,True,False,398,-66.14318084716797,-69.24049377441406,1
Every waitress was describing at most eight mountains.,No waitress was describing at most eight mountains.,semantics,quantifiers,superlative_quantifiers_2,True,False,True,False,399,-74.18153381347656,-75.86776733398438,1
The car can worry at most nine actresses.,No car can worry at most nine actresses.,semantics,quantifiers,superlative_quantifiers_2,True,False,True,False,400,-66.75643920898438,-69.33689880371094,1
This company was working with at most eight teenagers.,No company was working with at most eight teenagers.,semantics,quantifiers,superlative_quantifiers_2,True,False,True,False,401,-57.752685546875,-61.238006591796875,1
Every doctor did admire at most four cars.,No doctor did admire at most four cars.,semantics,quantifiers,superlative_quantifiers_2,True,False,True,False,402,-64.26747131347656,-66.23563385009766,1
A grocery store should distract at most nine governments.,No grocery store should distract at most nine governments.,semantics,quantifiers,superlative_quantifiers_2,True,False,True,False,403,-71.37184143066406,-75.33821868896484,1
That actress boasts about at most three drivers.,No actress boasts about at most three drivers.,semantics,quantifiers,superlative_quantifiers_2,True,False,True,False,404,-72.40738677978516,-77.03836059570312,1
Some customer should research at least five rivers.,No customer should research at least five rivers.,semantics,quantifiers,superlative_quantifiers_2,True,False,True,False,405,-61.6382942199707,-62.48476028442383,1
This pedestrian sees at most seven steps.,No pedestrian sees at most seven steps.,semantics,quantifiers,superlative_quantifiers_2,True,False,True,False,406,-59.05120849609375,-62.78004455566406,1
The senator does buy at least two casseroles.,No senator does buy at least two casseroles.,semantics,quantifiers,superlative_quantifiers_2,True,False,True,False,407,-57.0858039855957,-61.1090087890625,1
That student concealed at most three plays.,No student concealed at most three plays.,semantics,quantifiers,superlative_quantifiers_2,True,False,True,False,408,-59.797996520996094,-57.14814376831055,0
This driver climbs up at most seven slopes.,No driver climbs up at most seven slopes.,semantics,quantifiers,superlative_quantifiers_2,True,False,True,False,409,-60.892189025878906,-62.27991485595703,1
Every teenager has questioned at most ten schools.,No teenager has questioned at most ten schools.,semantics,quantifiers,superlative_quantifiers_2,True,False,True,False,410,-58.855159759521484,-63.403751373291016,1
That teenager does return to at most eight guests.,No teenager does return to at most eight guests.,semantics,quantifiers,superlative_quantifiers_2,True,False,True,False,411,-70.28030395507812,-69.80033111572266,0
Each bird was climbing up at most seven slopes.,No bird was climbing up at most seven slopes.,semantics,quantifiers,superlative_quantifiers_2,True,False,True,False,412,-64.19017028808594,-64.16415405273438,0
That pedestrian knows at least five guests.,No pedestrian knows at least five guests.,semantics,quantifiers,superlative_quantifiers_2,True,False,True,False,413,-54.94384765625,-55.01736068725586,1
A patient does skate around at most six mountains.,No patient does skate around at most six mountains.,semantics,quantifiers,superlative_quantifiers_2,True,False,True,False,414,-72.95855712890625,-75.92623138427734,1
Every company might respect at most four students.,No company might respect at most four students.,semantics,quantifiers,superlative_quantifiers_2,True,False,True,False,415,-59.46214294433594,-62.517616271972656,1
Some pedestrian worried at least five banks.,No pedestrian worried at least five banks.,semantics,quantifiers,superlative_quantifiers_2,True,False,True,False,416,-60.96218490600586,-61.15109634399414,1
Every lady can clean at most four malls.,No lady can clean at most four malls.,semantics,quantifiers,superlative_quantifiers_2,True,False,True,False,417,-64.7547378540039,-67.80766296386719,1
That adult had broken at most nine unicycles.,No adult had broken at most nine unicycles.,semantics,quantifiers,superlative_quantifiers_2,True,False,True,False,418,-83.15605926513672,-80.7331314086914,0
Each pedestrian toured at most ten rivers.,No pedestrian toured at most ten rivers.,semantics,quantifiers,superlative_quantifiers_2,True,False,True,False,419,-68.89246368408203,-68.83036041259766,0
Every boy had explored at least five schools.,No boy had explored at least five schools.,semantics,quantifiers,superlative_quantifiers_2,True,False,True,False,420,-56.91010284423828,-59.62269973754883,1
Some senator escapes from at most six schools.,No senator escapes from at most six schools.,semantics,quantifiers,superlative_quantifiers_2,True,False,True,False,421,-63.934303283691406,-66.60810089111328,1
Some child would cure at most ten hamsters.,No child would cure at most ten hamsters.,semantics,quantifiers,superlative_quantifiers_2,True,False,True,False,422,-71.97142791748047,-72.52763366699219,1
Each child was firing at most five students.,No child was firing at most five students.,semantics,quantifiers,superlative_quantifiers_2,True,False,True,False,423,-58.38523864746094,-59.59477615356445,1
Every commentary scares at least ten committees.,No commentary scares at least ten committees.,semantics,quantifiers,superlative_quantifiers_2,True,False,True,False,424,-57.9471435546875,-58.166168212890625,1
Some actress will drop by at least four mountains.,No actress will drop by at least four mountains.,semantics,quantifiers,superlative_quantifiers_2,True,False,True,False,425,-68.33978271484375,-70.51211547851562,1
The dancer talked to at most eight guys.,No dancer talked to at most eight guys.,semantics,quantifiers,superlative_quantifiers_2,True,False,True,False,426,-64.545166015625,-69.02084350585938,1
That legislature is admiring at most six fish.,No legislature is admiring at most six fish.,semantics,quantifiers,superlative_quantifiers_2,True,False,True,False,427,-69.57882690429688,-71.03681182861328,1
Each patient explores at least seven public parks.,No patient explores at least seven public parks.,semantics,quantifiers,superlative_quantifiers_2,True,False,True,False,428,-56.15508270263672,-60.739654541015625,1
A convertible would aggravate at least three waitresses.,No convertible would aggravate at least three waitresses.,semantics,quantifiers,superlative_quantifiers_2,True,False,True,False,429,-74.58332824707031,-76.9318618774414,1
Each man was listening to at most nine ladies.,No man was listening to at most nine ladies.,semantics,quantifiers,superlative_quantifiers_2,True,False,True,False,430,-63.277503967285156,-62.46222686767578,0
Some child praises at most six customers.,No child praises at most six customers.,semantics,quantifiers,superlative_quantifiers_2,True,False,True,False,431,-59.05943298339844,-60.049095153808594,1
The pepper disturbed at least four teenagers.,No pepper disturbed at least four teenagers.,semantics,quantifiers,superlative_quantifiers_2,True,False,True,False,432,-57.154945373535156,-61.66362762451172,1
That government could praise at least eight ladies.,No government could praise at least eight ladies.,semantics,quantifiers,superlative_quantifiers_2,True,False,True,False,433,-62.904788970947266,-62.22257614135742,0
Each eggplant has looked like at most two photographs.,No eggplant has looked like at most two photographs.,semantics,quantifiers,superlative_quantifiers_2,True,False,True,False,434,-69.15884399414062,-70.73825073242188,1
Some library might like at least six scarves.,No library might like at least six scarves.,semantics,quantifiers,superlative_quantifiers_2,True,False,True,False,435,-60.27397537231445,-62.12687683105469,1
This drawing does bother at most eight waitresses.,No drawing does bother at most eight waitresses.,semantics,quantifiers,superlative_quantifiers_2,True,False,True,False,436,-78.46488952636719,-84.11149597167969,1
Each woman tours at most nine hospitals.,No woman tours at most nine hospitals.,semantics,quantifiers,superlative_quantifiers_2,True,False,True,False,437,-59.97918701171875,-62.36382293701172,1
Each child will bother at least six governments.,No child will bother at least six governments.,semantics,quantifiers,superlative_quantifiers_2,True,False,True,False,438,-54.41969299316406,-57.322547912597656,1
Every girl drove to at least seven rivers.,No girl drove to at least seven rivers.,semantics,quantifiers,superlative_quantifiers_2,True,False,True,False,439,-57.87854766845703,-58.77081298828125,1
Each adult is stunning at least seven cashiers.,No adult is stunning at least seven cashiers.,semantics,quantifiers,superlative_quantifiers_2,True,False,True,False,440,-65.458251953125,-68.64251708984375,1
Every company is helping at least nine cashiers.,No company is helping at least nine cashiers.,semantics,quantifiers,superlative_quantifiers_2,True,False,True,False,441,-58.58595275878906,-61.97858810424805,1
The committee did disgust at least six people.,No committee did disgust at least six people.,semantics,quantifiers,superlative_quantifiers_2,True,False,True,False,442,-56.01782989501953,-62.21760559082031,1
This candle stunned at least four pedestrians.,No candle stunned at least four pedestrians.,semantics,quantifiers,superlative_quantifiers_2,True,False,True,False,443,-60.15981674194336,-65.66969299316406,1
Some association is boasting about at most eight cashiers.,No association is boasting about at most eight cashiers.,semantics,quantifiers,superlative_quantifiers_2,True,False,True,False,444,-81.97061920166016,-85.48670959472656,1
Each pedestrian scared at most ten children.,No pedestrian scared at most ten children.,semantics,quantifiers,superlative_quantifiers_2,True,False,True,False,445,-63.44584274291992,-60.80158233642578,0
Each cashier does research at least three associations.,No cashier does research at least three associations.,semantics,quantifiers,superlative_quantifiers_2,True,False,True,False,446,-66.36483764648438,-67.16548919677734,1
This customer does sell at least four projectors.,No customer does sell at least four projectors.,semantics,quantifiers,superlative_quantifiers_2,True,False,True,False,447,-54.76701354980469,-58.693153381347656,1
Each waiter was examining at least eight essays.,No waiter was examining at least eight essays.,semantics,quantifiers,superlative_quantifiers_2,True,False,True,False,448,-67.37638092041016,-69.25140380859375,1
Every cashier visits at most eight actresses.,No cashier visits at most eight actresses.,semantics,quantifiers,superlative_quantifiers_2,True,False,True,False,449,-70.80756378173828,-71.0925064086914,1
This guy impressed at least two libraries.,No guy impressed at least two libraries.,semantics,quantifiers,superlative_quantifiers_2,True,False,True,False,450,-54.30813217163086,-59.95764923095703,1
An association has concealed at most four customers.,No association has concealed at most four customers.,semantics,quantifiers,superlative_quantifiers_2,True,False,True,False,451,-58.95532989501953,-62.82423400878906,1
The senator was descending at least eight mountains.,No senator was descending at least eight mountains.,semantics,quantifiers,superlative_quantifiers_2,True,False,True,False,452,-59.40226745605469,-66.0230712890625,1
That hospital has referenced at most two reports.,No hospital has referenced at most two reports.,semantics,quantifiers,superlative_quantifiers_2,True,False,True,False,453,-62.609683990478516,-61.11665344238281,0
Some adult would heal at most nine girls.,No adult would heal at most nine girls.,semantics,quantifiers,superlative_quantifiers_2,True,False,True,False,454,-62.41865921020508,-63.597320556640625,1
That guy has fixed at least nine bicycles.,No guy has fixed at least nine bicycles.,semantics,quantifiers,superlative_quantifiers_2,True,False,True,False,455,-55.04549789428711,-56.16027069091797,1
This student was impressing at least seven drivers.,No student was impressing at least seven drivers.,semantics,quantifiers,superlative_quantifiers_2,True,False,True,False,456,-60.13895034790039,-63.357994079589844,1
A pedestrian appreciates at most four plays.,No pedestrian appreciates at most four plays.,semantics,quantifiers,superlative_quantifiers_2,True,False,True,False,457,-65.91663360595703,-67.27156066894531,1
This customer saw at least three public parks.,No customer saw at least three public parks.,semantics,quantifiers,superlative_quantifiers_2,True,False,True,False,458,-51.474849700927734,-57.3590202331543,1
The driver wears at least seven shawls.,No driver wears at least seven shawls.,semantics,quantifiers,superlative_quantifiers_2,True,False,True,False,459,-57.24248123168945,-62.193359375,1
Each student brought at least eight dresses.,No student brought at least eight dresses.,semantics,quantifiers,superlative_quantifiers_2,True,False,True,False,460,-51.464141845703125,-55.705589294433594,1
Some couch can irritate at least three waitresses.,No couch can irritate at least three waitresses.,semantics,quantifiers,superlative_quantifiers_2,True,False,True,False,461,-69.8689193725586,-70.15294647216797,1
Every person was arriving at at most five glaciers.,No person was arriving at at most five glaciers.,semantics,quantifiers,superlative_quantifiers_2,True,False,True,False,462,-71.24485778808594,-73.08552551269531,1
The senator has skated around at least seven lakes.,No senator has skated around at least seven lakes.,semantics,quantifiers,superlative_quantifiers_2,True,False,True,False,463,-64.11898040771484,-71.11433410644531,1
The doctor talked to at least two teenagers.,No doctor talked to at least two teenagers.,semantics,quantifiers,superlative_quantifiers_2,True,False,True,False,464,-44.92017364501953,-49.00465774536133,1
Each teenager concealed at most eight ladies.,No teenager concealed at most eight ladies.,semantics,quantifiers,superlative_quantifiers_2,True,False,True,False,465,-62.69904708862305,-64.77497100830078,1
A person descended at least six stairs.,No person descended at least six stairs.,semantics,quantifiers,superlative_quantifiers_2,True,False,True,False,466,-51.55426788330078,-54.90271759033203,1
Each computer has bored at least eight customers.,No computer has bored at least eight customers.,semantics,quantifiers,superlative_quantifiers_2,True,False,True,False,467,-55.470298767089844,-57.89722442626953,1
Some teacher will hurt at least four drivers.,No teacher will hurt at least four drivers.,semantics,quantifiers,superlative_quantifiers_2,True,False,True,False,468,-57.575252532958984,-56.95521926879883,0
Every customer had admired at least seven cats.,No customer had admired at least seven cats.,semantics,quantifiers,superlative_quantifiers_2,True,False,True,False,469,-59.36381530761719,-61.15713119506836,1
A boy might clean at most seven banks.,No boy might clean at most seven banks.,semantics,quantifiers,superlative_quantifiers_2,True,False,True,False,470,-69.12361907958984,-71.95561218261719,1
That cashier had thought about at least three eyes.,No cashier had thought about at least three eyes.,semantics,quantifiers,superlative_quantifiers_2,True,False,True,False,471,-69.61529541015625,-69.07429504394531,0
Each girl might praise at most two guys.,No girl might praise at most two guys.,semantics,quantifiers,superlative_quantifiers_2,True,False,True,False,472,-61.91902160644531,-62.25598907470703,1
Some child would hate at most four plays.,No child would hate at most four plays.,semantics,quantifiers,superlative_quantifiers_2,True,False,True,False,473,-63.366458892822266,-63.1597900390625,0
The guy questioned at least six teenagers.,No guy questioned at least six teenagers.,semantics,quantifiers,superlative_quantifiers_2,True,False,True,False,474,-49.91749572753906,-54.57490539550781,1
Each couch was hurting at most three children.,No couch was hurting at most three children.,semantics,quantifiers,superlative_quantifiers_2,True,False,True,False,475,-60.31428146362305,-59.97093963623047,0
Each lady will forget at least five guys.,No lady will forget at least five guys.,semantics,quantifiers,superlative_quantifiers_2,True,False,True,False,476,-56.92265319824219,-57.69676208496094,1
Every guy thinks about at least ten women.,No guy thinks about at least ten women.,semantics,quantifiers,superlative_quantifiers_2,True,False,True,False,477,-52.72532653808594,-54.017154693603516,1
Each rabbit might upset at least eight committees.,No rabbit might upset at least eight committees.,semantics,quantifiers,superlative_quantifiers_2,True,False,True,False,478,-62.32746124267578,-63.87937927246094,1
That bank might fire at most five men.,No bank might fire at most five men.,semantics,quantifiers,superlative_quantifiers_2,True,False,True,False,479,-66.37101745605469,-65.55929565429688,0
The actress climbed down at least eight hills.,No actress climbed down at least eight hills.,semantics,quantifiers,superlative_quantifiers_2,True,False,True,False,480,-57.348873138427734,-65.58822631835938,1
A woman is dropping by at most nine libraries.,No woman is dropping by at most nine libraries.,semantics,quantifiers,superlative_quantifiers_2,True,False,True,False,481,-68.40963745117188,-70.92048645019531,1
This adult is returning to at most four girls.,No adult is returning to at most four girls.,semantics,quantifiers,superlative_quantifiers_2,True,False,True,False,482,-57.548404693603516,-61.31948471069336,1
That teacher was working with at most seven waiters.,No teacher was working with at most seven waiters.,semantics,quantifiers,superlative_quantifiers_2,True,False,True,False,483,-69.20115661621094,-68.85012817382812,0
A government is selling at most five mouths.,No government is selling at most five mouths.,semantics,quantifiers,superlative_quantifiers_2,True,False,True,False,484,-57.69111633300781,-59.478668212890625,1
Some university has discussed at least seven senators.,No university has discussed at least seven senators.,semantics,quantifiers,superlative_quantifiers_2,True,False,True,False,485,-56.555511474609375,-57.889766693115234,1
Some girl can discover at least three college campuses.,No girl can discover at least three college campuses.,semantics,quantifiers,superlative_quantifiers_2,True,False,True,False,486,-56.17416763305664,-57.56483459472656,1
A customer cleaned at least nine cars.,No customer cleaned at least nine cars.,semantics,quantifiers,superlative_quantifiers_2,True,False,True,False,487,-52.46014404296875,-55.91025161743164,1
That waiter was escaping from at least four art galleries.,No waiter was escaping from at least four art galleries.,semantics,quantifiers,superlative_quantifiers_2,True,False,True,False,488,-70.84434509277344,-73.1656494140625,1
This driver is hiring at most eight patients.,No driver is hiring at most eight patients.,semantics,quantifiers,superlative_quantifiers_2,True,False,True,False,489,-57.142635345458984,-60.60719299316406,1
Some teacher is investigating at most nine legislatures.,No teacher is investigating at most nine legislatures.,semantics,quantifiers,superlative_quantifiers_2,True,False,True,False,490,-66.822509765625,-66.72158813476562,0
This teenager visited at most two cafes.,No teenager visited at most two cafes.,semantics,quantifiers,superlative_quantifiers_2,True,False,True,False,491,-58.18463134765625,-65.10591125488281,1
This teacher does respect at most two patients.,No teacher does respect at most two patients.,semantics,quantifiers,superlative_quantifiers_2,True,False,True,False,492,-60.749855041503906,-63.856536865234375,1
The driver would bike to at most nine college campuses.,No driver would bike to at most nine college campuses.,semantics,quantifiers,superlative_quantifiers_2,True,False,True,False,493,-80.67119598388672,-85.2395248413086,1
This cashier could scan at most two reports.,No cashier could scan at most two reports.,semantics,quantifiers,superlative_quantifiers_2,True,False,True,False,494,-69.85226440429688,-72.60421752929688,1
Some girl will dislike at most eight rivers.,No girl will dislike at most eight rivers.,semantics,quantifiers,superlative_quantifiers_2,True,False,True,False,495,-67.79562377929688,-69.32266235351562,1
Every student complained about at least nine books.,No student complained about at least nine books.,semantics,quantifiers,superlative_quantifiers_2,True,False,True,False,496,-51.5565071105957,-53.68156433105469,1
The doctor has boycotted at least seven high schools.,No doctor has boycotted at least seven high schools.,semantics,quantifiers,superlative_quantifiers_2,True,False,True,False,497,-71.5705795288086,-75.68406677246094,1
Each child is listening to at least four teenagers.,No child is listening to at least four teenagers.,semantics,quantifiers,superlative_quantifiers_2,True,False,True,False,498,-50.117095947265625,-50.8173828125,1
The teacher should break at least nine carriages.,No teacher should break at least nine carriages.,semantics,quantifiers,superlative_quantifiers_2,True,False,True,False,499,-61.51434326171875,-64.88341522216797,1
Each face is stunning at least seven men.,No face is stunning at least seven men.,semantics,quantifiers,superlative_quantifiers_2,True,False,True,False,500,-51.69120407104492,-50.41685485839844,0
Each cashier had cleaned at least ten projectors.,No cashier had cleaned at least ten projectors.,semantics,quantifiers,superlative_quantifiers_2,True,False,True,False,501,-70.21864318847656,-70.53314208984375,1
Some dancer was admiring at least three eyes.,No dancer was admiring at least three eyes.,semantics,quantifiers,superlative_quantifiers_2,True,False,True,False,502,-65.15802001953125,-66.53657531738281,1
Every woman is walking through at most eight high schools.,No woman is walking through at most eight high schools.,semantics,quantifiers,superlative_quantifiers_2,True,False,True,False,503,-64.98165893554688,-67.07656860351562,1
A waitress has healed at most two snakes.,No waitress has healed at most two snakes.,semantics,quantifiers,superlative_quantifiers_2,True,False,True,False,504,-64.77803802490234,-66.98574829101562,1
Some child has insulted at most five waitresses.,No child has insulted at most five waitresses.,semantics,quantifiers,superlative_quantifiers_2,True,False,True,False,505,-74.86830139160156,-74.92240905761719,1
The girl questioned at most seven guests.,No girl questioned at most seven guests.,semantics,quantifiers,superlative_quantifiers_2,True,False,True,False,506,-55.38304901123047,-60.70571517944336,1
The doctor thinks about at least three women.,No doctor thinks about at least three women.,semantics,quantifiers,superlative_quantifiers_2,True,False,True,False,507,-42.349334716796875,-47.01148223876953,1
That waiter could admire at least six screens.,No waiter could admire at least six screens.,semantics,quantifiers,superlative_quantifiers_2,True,False,True,False,508,-63.49974060058594,-66.5333023071289,1
Each waitress will think about at least four glasses.,No waitress will think about at least four glasses.,semantics,quantifiers,superlative_quantifiers_2,True,False,True,False,509,-59.44573211669922,-60.80031967163086,1
That girl is escaping from at least four people.,No girl is escaping from at least four people.,semantics,quantifiers,superlative_quantifiers_2,True,False,True,False,510,-51.97142791748047,-53.74311065673828,1
This waitress forgot at least five teenagers.,No waitress forgot at least five teenagers.,semantics,quantifiers,superlative_quantifiers_2,True,False,True,False,511,-53.164283752441406,-57.660736083984375,1
That waiter can visit at most three mountains.,No waiter can visit at most three mountains.,semantics,quantifiers,superlative_quantifiers_2,True,False,True,False,512,-67.39950561523438,-68.84439849853516,1
Every association would criticize at most seven high schools.,No association would criticize at most seven high schools.,semantics,quantifiers,superlative_quantifiers_2,True,False,True,False,513,-68.70445251464844,-72.17774963378906,1
The doctor fixes at least three windows.,No doctor fixes at least three windows.,semantics,quantifiers,superlative_quantifiers_2,True,False,True,False,514,-50.57969665527344,-52.62297058105469,1
Some boy messed up at least six college campuses.,No boy messed up at least six college campuses.,semantics,quantifiers,superlative_quantifiers_2,True,False,True,False,515,-63.30237579345703,-64.98467254638672,1
Every adult was lifting at least six closets.,No adult was lifting at least six closets.,semantics,quantifiers,superlative_quantifiers_2,True,False,True,False,516,-61.96156311035156,-64.11215209960938,1
Some adult breaks at most eight screens.,No adult breaks at most eight screens.,semantics,quantifiers,superlative_quantifiers_2,True,False,True,False,517,-58.90437316894531,-60.39253234863281,1
This library has insulted at least four customers.,No library has insulted at least four customers.,semantics,quantifiers,superlative_quantifiers_2,True,False,True,False,518,-50.101837158203125,-55.64419937133789,1
A government can admire at least seven coats.,No government can admire at least seven coats.,semantics,quantifiers,superlative_quantifiers_2,True,False,True,False,519,-58.0925407409668,-59.82729721069336,1
A teacher could wear at least nine coats.,No teacher could wear at least nine coats.,semantics,quantifiers,superlative_quantifiers_2,True,False,True,False,520,-57.11528015136719,-60.93042755126953,1
That person brought at least eight drawings.,No person brought at least eight drawings.,semantics,quantifiers,superlative_quantifiers_2,True,False,True,False,521,-55.5460205078125,-55.41410827636719,0
That doctor admired at most seven snakes.,No doctor admired at most seven snakes.,semantics,quantifiers,superlative_quantifiers_2,True,False,True,False,522,-67.41397094726562,-66.54499053955078,0
A convertible embarrassed at most ten governments.,No convertible embarrassed at most ten governments.,semantics,quantifiers,superlative_quantifiers_2,True,False,True,False,523,-65.17428588867188,-67.65379333496094,1
Every teacher does talk to at least ten senators.,No teacher does talk to at least ten senators.,semantics,quantifiers,superlative_quantifiers_2,True,False,True,False,524,-62.16742706298828,-64.22663116455078,1
This photograph was looking like at most three cars.,No photograph was looking like at most three cars.,semantics,quantifiers,superlative_quantifiers_2,True,False,True,False,525,-59.54237365722656,-65.88021850585938,1
This teacher had ascended at most eight slopes.,No teacher had ascended at most eight slopes.,semantics,quantifiers,superlative_quantifiers_2,True,False,True,False,526,-67.51168823242188,-74.03544616699219,1
Some person has gone to at most ten hospitals.,No person has gone to at most ten hospitals.,semantics,quantifiers,superlative_quantifiers_2,True,False,True,False,527,-61.261329650878906,-60.76728820800781,0
This teenager should approach at most three women.,No teenager should approach at most three women.,semantics,quantifiers,superlative_quantifiers_2,True,False,True,False,528,-63.96244812011719,-68.4468994140625,1
That glove worried at least seven teachers.,No glove worried at least seven teachers.,semantics,quantifiers,superlative_quantifiers_2,True,False,True,False,529,-60.16447830200195,-59.3778076171875,0
The doctor loved at most two girls.,No doctor loved at most two girls.,semantics,quantifiers,superlative_quantifiers_2,True,False,True,False,530,-49.5445556640625,-54.11848831176758,1
That report alarmed at most three companies.,No report alarmed at most three companies.,semantics,quantifiers,superlative_quantifiers_2,True,False,True,False,531,-62.668663024902344,-62.01471710205078,0
This student sees at least four mouths.,No student sees at least four mouths.,semantics,quantifiers,superlative_quantifiers_2,True,False,True,False,532,-45.5734748840332,-49.88834762573242,1
That dancer is praising at least eight children.,No dancer is praising at least eight children.,semantics,quantifiers,superlative_quantifiers_2,True,False,True,False,533,-59.088497161865234,-57.56653594970703,0
Some doctor bothered at least eight ladies.,No doctor bothered at least eight ladies.,semantics,quantifiers,superlative_quantifiers_2,True,False,True,False,534,-52.517906188964844,-53.49638366699219,1
The patient questions at least six drivers.,No patient questions at least six drivers.,semantics,quantifiers,superlative_quantifiers_2,True,False,True,False,535,-49.98173522949219,-52.4927978515625,1
This organization loved at most four ladies.,No organization loved at most four ladies.,semantics,quantifiers,superlative_quantifiers_2,True,False,True,False,536,-55.654632568359375,-60.03049087524414,1
That child will mess up at most ten pants.,No child will mess up at most ten pants.,semantics,quantifiers,superlative_quantifiers_2,True,False,True,False,537,-69.04084014892578,-67.85758972167969,0
Each actor has biked to at least eight malls.,No actor has biked to at least eight malls.,semantics,quantifiers,superlative_quantifiers_2,True,False,True,False,538,-73.22630310058594,-73.25529479980469,1
Every lady might work with at most two cashiers.,No lady might work with at most two cashiers.,semantics,quantifiers,superlative_quantifiers_2,True,False,True,False,539,-73.92469024658203,-77.10749816894531,1
That waiter drives to at least eight movie theaters.,No waiter drives to at least eight movie theaters.,semantics,quantifiers,superlative_quantifiers_2,True,False,True,False,540,-70.6885986328125,-71.91495513916016,1
Each library criticizes at least nine rivers.,No library criticizes at least nine rivers.,semantics,quantifiers,superlative_quantifiers_2,True,False,True,False,541,-60.35708999633789,-60.44945526123047,1
This dancer was cleaning at least five high schools.,No dancer was cleaning at least five high schools.,semantics,quantifiers,superlative_quantifiers_2,True,False,True,False,542,-58.31854248046875,-62.83576583862305,1
Each man notices at most six peppers.,No man notices at most six peppers.,semantics,quantifiers,superlative_quantifiers_2,True,False,True,False,543,-62.90697479248047,-63.1553955078125,1
Some patient had skated around at most nine mountains.,No patient had skated around at most nine mountains.,semantics,quantifiers,superlative_quantifiers_2,True,False,True,False,544,-78.40757751464844,-79.28902435302734,1
This museum might distract at least nine organizations.,No museum might distract at least nine organizations.,semantics,quantifiers,superlative_quantifiers_2,True,False,True,False,545,-61.092220306396484,-67.18409729003906,1
Each person messes up at least two cafes.,No person messes up at least two cafes.,semantics,quantifiers,superlative_quantifiers_2,True,False,True,False,546,-59.114723205566406,-62.027591705322266,1
The actor is climbing up at most four ladders.,No actor is climbing up at most four ladders.,semantics,quantifiers,superlative_quantifiers_2,True,False,True,False,547,-65.2783203125,-71.50628662109375,1
Some actor could reference at most eight plays.,No actor could reference at most eight plays.,semantics,quantifiers,superlative_quantifiers_2,True,False,True,False,548,-72.53123474121094,-72.88587951660156,1
That lady was visiting at least six hospitals.,No lady was visiting at least six hospitals.,semantics,quantifiers,superlative_quantifiers_2,True,False,True,False,549,-54.78834533691406,-54.31720733642578,0
This guy lifted at most five lakes.,No guy lifted at most five lakes.,semantics,quantifiers,superlative_quantifiers_2,True,False,True,False,550,-58.868202209472656,-64.55850219726562,1
Each man could mess up at most eight libraries.,No man could mess up at most eight libraries.,semantics,quantifiers,superlative_quantifiers_2,True,False,True,False,551,-67.71495056152344,-69.50496673583984,1
The mirror is boring at most four adults.,No mirror is boring at most four adults.,semantics,quantifiers,superlative_quantifiers_2,True,False,True,False,552,-57.43695831298828,-60.54712677001953,1
Every mushroom will impress at least three patients.,No mushroom will impress at least three patients.,semantics,quantifiers,superlative_quantifiers_2,True,False,True,False,553,-60.9644889831543,-61.78925323486328,1
Some teenager was examining at most nine commentaries.,No teenager was examining at most nine commentaries.,semantics,quantifiers,superlative_quantifiers_2,True,False,True,False,554,-76.4643325805664,-79.3678970336914,1
This dancer did hide at most two carriages.,No dancer did hide at most two carriages.,semantics,quantifiers,superlative_quantifiers_2,True,False,True,False,555,-70.94478607177734,-75.02250671386719,1
Every customer bikes to at most seven lakes.,No customer bikes to at most seven lakes.,semantics,quantifiers,superlative_quantifiers_2,True,False,True,False,556,-69.54766845703125,-71.01747131347656,1
An actor is questioning at most ten governments.,No actor is questioning at most ten governments.,semantics,quantifiers,superlative_quantifiers_2,True,False,True,False,557,-63.15348434448242,-66.00455474853516,1
That apple does worry at most nine committees.,No apple does worry at most nine committees.,semantics,quantifiers,superlative_quantifiers_2,True,False,True,False,558,-73.69760131835938,-75.70645904541016,1
That teenager brought at least seven eggplants.,No teenager brought at least seven eggplants.,semantics,quantifiers,superlative_quantifiers_2,True,False,True,False,559,-73.5482177734375,-75.16571044921875,1
This customer fixed at most two cars.,No customer fixed at most two cars.,semantics,quantifiers,superlative_quantifiers_2,True,False,True,False,560,-54.80124282836914,-58.13324737548828,1
Each guest does buy at least eight muffins.,No guest does buy at least eight muffins.,semantics,quantifiers,superlative_quantifiers_2,True,False,True,False,561,-58.34617614746094,-61.94709396362305,1
Every waiter climbed down at least six stairs.,No waiter climbed down at least six stairs.,semantics,quantifiers,superlative_quantifiers_2,True,False,True,False,562,-59.773868560791016,-60.5423698425293,1
Every girl is confusing at least six governments.,No girl is confusing at least six governments.,semantics,quantifiers,superlative_quantifiers_2,True,False,True,False,563,-55.8916015625,-59.331668853759766,1
This lady was buying at least six dishes.,No lady was buying at least six dishes.,semantics,quantifiers,superlative_quantifiers_2,True,False,True,False,564,-52.950706481933594,-56.0073127746582,1
Each child did like at least seven boxes.,No child did like at least seven boxes.,semantics,quantifiers,superlative_quantifiers_2,True,False,True,False,565,-57.30755615234375,-58.70806884765625,1
Every sketch did disturb at least ten banks.,No sketch did disturb at least ten banks.,semantics,quantifiers,superlative_quantifiers_2,True,False,True,False,566,-65.56863403320312,-68.03170776367188,1
Every waiter was driving to at least eight glaciers.,No waiter was driving to at least eight glaciers.,semantics,quantifiers,superlative_quantifiers_2,True,False,True,False,567,-68.87155151367188,-70.32757568359375,1
Every horse can embarrass at least five organizations.,No horse can embarrass at least five organizations.,semantics,quantifiers,superlative_quantifiers_2,True,False,True,False,568,-62.46231460571289,-65.41958618164062,1
A hospital has disgusted at most four girls.,No hospital has disgusted at most four girls.,semantics,quantifiers,superlative_quantifiers_2,True,False,True,False,569,-60.361114501953125,-63.07395935058594,1
This child watched at least seven children.,No child watched at least seven children.,semantics,quantifiers,superlative_quantifiers_2,True,False,True,False,570,-43.861392974853516,-47.383460998535156,1
A senator examined at most eight movies.,No senator examined at most eight movies.,semantics,quantifiers,superlative_quantifiers_2,True,False,True,False,571,-63.259368896484375,-70.91486358642578,1
Every dog disgusted at most nine guests.,No dog disgusted at most nine guests.,semantics,quantifiers,superlative_quantifiers_2,True,False,True,False,572,-59.818267822265625,-61.83713150024414,1
This customer is messing up at least nine rugs.,No customer is messing up at least nine rugs.,semantics,quantifiers,superlative_quantifiers_2,True,False,True,False,573,-64.94816589355469,-69.23955535888672,1
Every actor saw at least eight art galleries.,No actor saw at least eight art galleries.,semantics,quantifiers,superlative_quantifiers_2,True,False,True,False,574,-58.73625564575195,-60.57436752319336,1
Every actress is bringing at most seven hospitals.,No actress is bringing at most seven hospitals.,semantics,quantifiers,superlative_quantifiers_2,True,False,True,False,575,-65.71467590332031,-69.77635192871094,1
Each boy fixed at least ten dishes.,No boy fixed at least ten dishes.,semantics,quantifiers,superlative_quantifiers_2,True,False,True,False,576,-60.744659423828125,-61.91142272949219,1
This guest had observed at least seven girls.,No guest had observed at least seven girls.,semantics,quantifiers,superlative_quantifiers_2,True,False,True,False,577,-53.309654235839844,-57.86297607421875,1
This cashier watched at most five customers.,No cashier watched at most five customers.,semantics,quantifiers,superlative_quantifiers_2,True,False,True,False,578,-63.808990478515625,-65.68933868408203,1
Every lady could buy at least nine skateboards.,No lady could buy at least nine skateboards.,semantics,quantifiers,superlative_quantifiers_2,True,False,True,False,579,-64.00513458251953,-64.98696899414062,1
That hospital has annoyed at least nine hospitals.,No hospital has annoyed at least nine hospitals.,semantics,quantifiers,superlative_quantifiers_2,True,False,True,False,580,-56.24696350097656,-54.8759651184082,0
Some senator did conceal at most ten actresses.,No senator did conceal at most ten actresses.,semantics,quantifiers,superlative_quantifiers_2,True,False,True,False,581,-76.92738342285156,-80.32424926757812,1
The guy is astounding at least three hospitals.,No guy is astounding at least three hospitals.,semantics,quantifiers,superlative_quantifiers_2,True,False,True,False,582,-51.6502685546875,-56.45066452026367,1
The committee has talked to at most four drivers.,No committee has talked to at most four drivers.,semantics,quantifiers,superlative_quantifiers_2,True,False,True,False,583,-59.836509704589844,-65.44515991210938,1
Some pedestrian liked at least six screens.,No pedestrian liked at least six screens.,semantics,quantifiers,superlative_quantifiers_2,True,False,True,False,584,-62.81538009643555,-63.257102966308594,1
A documentary would disgust at most ten students.,No documentary would disgust at most ten students.,semantics,quantifiers,superlative_quantifiers_2,True,False,True,False,585,-68.30081176757812,-69.14680480957031,1
Every doctor had seen at least four books.,No doctor had seen at least four books.,semantics,quantifiers,superlative_quantifiers_2,True,False,True,False,586,-45.480857849121094,-48.51686477661133,1
That guy questions at least eight senators.,No guy questions at least eight senators.,semantics,quantifiers,superlative_quantifiers_2,True,False,True,False,587,-55.19109344482422,-56.397090911865234,1
Every driver flees from at least nine guests.,No driver flees from at least nine guests.,semantics,quantifiers,superlative_quantifiers_2,True,False,True,False,588,-66.37203979492188,-66.4022445678711,1
This adult does arrive at at least nine closets.,No adult does arrive at at least nine closets.,semantics,quantifiers,superlative_quantifiers_2,True,False,True,False,589,-60.046546936035156,-64.23617553710938,1
Each child talked about at most five hills.,No child talked about at most five hills.,semantics,quantifiers,superlative_quantifiers_2,True,False,True,False,590,-62.8939323425293,-66.29486846923828,1
Each doctor visited at most ten actors.,No doctor visited at most ten actors.,semantics,quantifiers,superlative_quantifiers_2,True,False,True,False,591,-60.40620422363281,-62.52106475830078,1
That guest discovered at least three computers.,No guest discovered at least three computers.,semantics,quantifiers,superlative_quantifiers_2,True,False,True,False,592,-54.7603759765625,-54.202308654785156,0
Every library did remember at least six libraries.,No library did remember at least six libraries.,semantics,quantifiers,superlative_quantifiers_2,True,False,True,False,593,-54.622657775878906,-55.44660186767578,1
This woman conceals at least six cars.,No woman conceals at least six cars.,semantics,quantifiers,superlative_quantifiers_2,True,False,True,False,594,-56.10197448730469,-58.42197036743164,1
Every legislature was buying at least seven peppers.,No legislature was buying at least seven peppers.,semantics,quantifiers,superlative_quantifiers_2,True,False,True,False,595,-63.72029113769531,-64.32038879394531,1
The waiter can run around at least six rivers.,No waiter can run around at least six rivers.,semantics,quantifiers,superlative_quantifiers_2,True,False,True,False,596,-56.864463806152344,-62.13678741455078,1
The boy is scanning at most nine plays.,No boy is scanning at most nine plays.,semantics,quantifiers,superlative_quantifiers_2,True,False,True,False,597,-61.083152770996094,-66.03119659423828,1
Some senator discusses at most eight hills.,No senator discusses at most eight hills.,semantics,quantifiers,superlative_quantifiers_2,True,False,True,False,598,-66.5538101196289,-69.23869323730469,1
The teenager hugged at least three women.,No teenager hugged at least three women.,semantics,quantifiers,superlative_quantifiers_2,True,False,True,False,599,-49.9021110534668,-55.60279083251953,1
The lady lifted at most ten pants.,No lady lifted at most ten pants.,semantics,quantifiers,superlative_quantifiers_2,True,False,True,False,600,-61.191768646240234,-63.22997283935547,1
A sketch looked like at least six stairs.,No sketch looked like at least six stairs.,semantics,quantifiers,superlative_quantifiers_2,True,False,True,False,601,-55.151458740234375,-57.90095520019531,1
Some teenager has fixed at most four dishes.,No teenager has fixed at most four dishes.,semantics,quantifiers,superlative_quantifiers_2,True,False,True,False,602,-61.56017303466797,-64.42315673828125,1
Every organization criticized at least four lakes.,No organization criticized at least four lakes.,semantics,quantifiers,superlative_quantifiers_2,True,False,True,False,603,-53.727596282958984,-57.05030059814453,1
A pepper was shocking at most five doctors.,No pepper was shocking at most five doctors.,semantics,quantifiers,superlative_quantifiers_2,True,False,True,False,604,-64.51718139648438,-69.56919860839844,1
Every hamster had found at least six doctors.,No hamster had found at least six doctors.,semantics,quantifiers,superlative_quantifiers_2,True,False,True,False,605,-60.9788932800293,-61.32384490966797,1
That shoe should bore at most two pedestrians.,No shoe should bore at most two pedestrians.,semantics,quantifiers,superlative_quantifiers_2,True,False,True,False,606,-71.75784301757812,-72.18726348876953,1
The senator can return to at most eight restaurants.,No senator can return to at most eight restaurants.,semantics,quantifiers,superlative_quantifiers_2,True,False,True,False,607,-65.70794677734375,-70.4135971069336,1
Some university had listened to at least two senators.,No university had listened to at least two senators.,semantics,quantifiers,superlative_quantifiers_2,True,False,True,False,608,-60.55640411376953,-62.188228607177734,1
Every waiter hid at most four hats.,No waiter hid at most four hats.,semantics,quantifiers,superlative_quantifiers_2,True,False,True,False,609,-62.59622573852539,-65.04876708984375,1
Each story had alarmed at most three organizations.,No story had alarmed at most three organizations.,semantics,quantifiers,superlative_quantifiers_2,True,False,True,False,610,-67.04411315917969,-69.2677001953125,1
Every student fixed at most five bikes.,No student fixed at most five bikes.,semantics,quantifiers,superlative_quantifiers_2,True,False,True,False,611,-59.2803840637207,-62.485931396484375,1
Every waiter was arriving at at least two hills.,No waiter was arriving at at least two hills.,semantics,quantifiers,superlative_quantifiers_2,True,False,True,False,612,-65.5233154296875,-66.72705841064453,1
Each adult had explored at most three restaurants.,No adult had explored at most three restaurants.,semantics,quantifiers,superlative_quantifiers_2,True,False,True,False,613,-62.362030029296875,-65.33275604248047,1
Some documentary disturbs at most seven actresses.,No documentary disturbs at most seven actresses.,semantics,quantifiers,superlative_quantifiers_2,True,False,True,False,614,-78.80793762207031,-78.6539077758789,0
Some adult had at most two socks.,No adult had at most two socks.,semantics,quantifiers,superlative_quantifiers_2,True,False,True,False,615,-56.029319763183594,-57.2901725769043,1
A ladder is stunning at most four organizations.,No ladder is stunning at most four organizations.,semantics,quantifiers,superlative_quantifiers_2,True,False,True,False,616,-58.9779167175293,-63.74970626831055,1
Each waiter could love at least eight movies.,No waiter could love at least eight movies.,semantics,quantifiers,superlative_quantifiers_2,True,False,True,False,617,-62.34758758544922,-64.06535339355469,1
This student has concealed at least six socks.,No student has concealed at least six socks.,semantics,quantifiers,superlative_quantifiers_2,True,False,True,False,618,-50.80902099609375,-54.68104553222656,1
This college campus had confused at most ten men.,No college campus had confused at most ten men.,semantics,quantifiers,superlative_quantifiers_2,True,False,True,False,619,-72.43424987792969,-75.27445983886719,1
This lady walked through at most ten glaciers.,No lady walked through at most ten glaciers.,semantics,quantifiers,superlative_quantifiers_2,True,False,True,False,620,-64.66451263427734,-68.06253814697266,1
This doctor attacked at most two guests.,No doctor attacked at most two guests.,semantics,quantifiers,superlative_quantifiers_2,True,False,True,False,621,-54.53059387207031,-56.78172302246094,1
Every dancer climbed up at least seven hills.,No dancer climbed up at least seven hills.,semantics,quantifiers,superlative_quantifiers_2,True,False,True,False,622,-58.98090362548828,-60.1548957824707,1
Some dancer cleans at most five shoes.,No dancer cleans at most five shoes.,semantics,quantifiers,superlative_quantifiers_2,True,False,True,False,623,-63.21174621582031,-64.48977661132812,1
Every customer has helped at most six patients.,No customer has helped at most six patients.,semantics,quantifiers,superlative_quantifiers_2,True,False,True,False,624,-53.18349075317383,-56.30493927001953,1
Every bike resembles at least four photographs.,No bike resembles at least four photographs.,semantics,quantifiers,superlative_quantifiers_2,True,False,True,False,625,-58.94587707519531,-61.73185729980469,1
That customer was exploring at least four hospitals.,No customer was exploring at least four hospitals.,semantics,quantifiers,superlative_quantifiers_2,True,False,True,False,626,-57.00035858154297,-57.32630920410156,1
Each school will know at most four doctors.,No school will know at most four doctors.,semantics,quantifiers,superlative_quantifiers_2,True,False,True,False,627,-55.45612335205078,-58.69340896606445,1
Some pedestrian had found at least eight dishes.,No pedestrian had found at least eight dishes.,semantics,quantifiers,superlative_quantifiers_2,True,False,True,False,628,-61.207740783691406,-61.61922836303711,1
The guy was fleeing from at least five drivers.,No guy was fleeing from at least five drivers.,semantics,quantifiers,superlative_quantifiers_2,True,False,True,False,629,-58.75465774536133,-63.809913635253906,1
This customer was fixing at most four wheelbarrows.,No customer was fixing at most four wheelbarrows.,semantics,quantifiers,superlative_quantifiers_2,True,False,True,False,630,-75.0552978515625,-80.10111999511719,1
This waiter had loved at least eight actresses.,No waiter had loved at least eight actresses.,semantics,quantifiers,superlative_quantifiers_2,True,False,True,False,631,-61.54557418823242,-67.5310287475586,1
Every lady is noticing at most nine computers.,No lady is noticing at most nine computers.,semantics,quantifiers,superlative_quantifiers_2,True,False,True,False,632,-62.49470520019531,-64.8599853515625,1
Some waitress could see at most seven schools.,No waitress could see at most seven schools.,semantics,quantifiers,superlative_quantifiers_2,True,False,True,False,633,-67.67962646484375,-65.74153900146484,0
That teacher has admired at least nine carriages.,No teacher has admired at least nine carriages.,semantics,quantifiers,superlative_quantifiers_2,True,False,True,False,634,-65.9655990600586,-65.34049224853516,0
That essay sounds like at most two actresses.,No essay sounds like at most two actresses.,semantics,quantifiers,superlative_quantifiers_2,True,False,True,False,635,-65.06330108642578,-65.99970245361328,1
A teacher hid at least three forks.,No teacher hid at least three forks.,semantics,quantifiers,superlative_quantifiers_2,True,False,True,False,636,-56.95048522949219,-60.96051025390625,1
Each guest was skated around at least two high schools.,No guest was skated around at least two high schools.,semantics,quantifiers,superlative_quantifiers_2,True,False,True,False,637,-67.70036315917969,-70.8345947265625,1
Each waitress was dropping by at most seven malls.,No waitress was dropping by at most seven malls.,semantics,quantifiers,superlative_quantifiers_2,True,False,True,False,638,-80.56356048583984,-79.09866333007812,0
That actor had driven to at least seven hospitals.,No actor had driven to at least seven hospitals.,semantics,quantifiers,superlative_quantifiers_2,True,False,True,False,639,-68.13374328613281,-68.80896759033203,1
The customer would astound at least three adults.,No customer would astound at least three adults.,semantics,quantifiers,superlative_quantifiers_2,True,False,True,False,640,-67.00775909423828,-71.60980224609375,1
Every teenager escapes from at most two drivers.,No teenager escapes from at most two drivers.,semantics,quantifiers,superlative_quantifiers_2,True,False,True,False,641,-64.92459106445312,-67.46043395996094,1
A customer can hug at least nine drivers.,No customer can hug at least nine drivers.,semantics,quantifiers,superlative_quantifiers_2,True,False,True,False,642,-55.88971710205078,-58.30219268798828,1
That muffin had disgusted at least four adults.,No muffin had disgusted at least four adults.,semantics,quantifiers,superlative_quantifiers_2,True,False,True,False,643,-68.01526641845703,-70.91419982910156,1
This lady had at most seven socks.,No lady had at most seven socks.,semantics,quantifiers,superlative_quantifiers_2,True,False,True,False,644,-55.21350860595703,-57.95672607421875,1
That driver boasted about at most three girls.,No driver boasted about at most three girls.,semantics,quantifiers,superlative_quantifiers_2,True,False,True,False,645,-69.02255249023438,-70.52007293701172,1
Some doctor is exiting at most seven cafes.,No doctor is exiting at most seven cafes.,semantics,quantifiers,superlative_quantifiers_2,True,False,True,False,646,-65.02543640136719,-66.59732055664062,1
That lady toured at most five banks.,No lady toured at most five banks.,semantics,quantifiers,superlative_quantifiers_2,True,False,True,False,647,-66.32902526855469,-67.443359375,1
Some waitress had left at least ten mountains.,No waitress had left at least ten mountains.,semantics,quantifiers,superlative_quantifiers_2,True,False,True,False,648,-59.972129821777344,-58.869728088378906,0
That student had attacked at least seven actors.,No student had attacked at least seven actors.,semantics,quantifiers,superlative_quantifiers_2,True,False,True,False,649,-57.179203033447266,-54.91267013549805,0
Every pedestrian is observing at most five guys.,No pedestrian is observing at most five guys.,semantics,quantifiers,superlative_quantifiers_2,True,False,True,False,650,-67.382080078125,-68.64329528808594,1
A cashier was passing at most ten public parks.,No cashier was passing at most ten public parks.,semantics,quantifiers,superlative_quantifiers_2,True,False,True,False,651,-70.7415542602539,-73.5467529296875,1
Each person was escaping from at most nine guys.,No person was escaping from at most nine guys.,semantics,quantifiers,superlative_quantifiers_2,True,False,True,False,652,-71.09680938720703,-72.86122131347656,1
This painting resembles at least six paintings.,No painting resembles at least six paintings.,semantics,quantifiers,superlative_quantifiers_2,True,False,True,False,653,-43.700809478759766,-49.48149871826172,1
This cashier had known at most four customers.,No cashier had known at most four customers.,semantics,quantifiers,superlative_quantifiers_2,True,False,True,False,654,-63.3313102722168,-66.1884994506836,1
The hospital does boast about at most seven boys.,No hospital does boast about at most seven boys.,semantics,quantifiers,superlative_quantifiers_2,True,False,True,False,655,-63.772972106933594,-69.68704986572266,1
This vase scares at most nine waitresses.,No vase scares at most nine waitresses.,semantics,quantifiers,superlative_quantifiers_2,True,False,True,False,656,-79.93940734863281,-84.79417419433594,1
That dancer passes at most two college campuses.,No dancer passes at most two college campuses.,semantics,quantifiers,superlative_quantifiers_2,True,False,True,False,657,-63.77081298828125,-62.242027282714844,0
Every teacher had explored at most ten mountains.,No teacher had explored at most ten mountains.,semantics,quantifiers,superlative_quantifiers_2,True,False,True,False,658,-65.77458190917969,-69.4214859008789,1
That cashier discovered at least four unicycles.,No cashier discovered at least four unicycles.,semantics,quantifiers,superlative_quantifiers_2,True,False,True,False,659,-76.23814392089844,-73.8283920288086,0
Each boy cared for at least seven waiters.,No boy cared for at least seven waiters.,semantics,quantifiers,superlative_quantifiers_2,True,False,True,False,660,-64.07313537597656,-65.26163482666016,1
An actor lifts at least six peppers.,No actor lifts at least six peppers.,semantics,quantifiers,superlative_quantifiers_2,True,False,True,False,661,-64.23667907714844,-65.99925231933594,1
Some patient boycotted at least nine mountains.,No patient boycotted at least nine mountains.,semantics,quantifiers,superlative_quantifiers_2,True,False,True,False,662,-74.67399597167969,-75.45426177978516,1
That dancer is breaking at most four glasses.,No dancer is breaking at most four glasses.,semantics,quantifiers,superlative_quantifiers_2,True,False,True,False,663,-66.16072082519531,-65.74928283691406,0
Each association worked with at least eight guys.,No association worked with at least eight guys.,semantics,quantifiers,superlative_quantifiers_2,True,False,True,False,664,-56.498146057128906,-57.81169891357422,1
Each waitress had disliked at least six doctors.,No waitress had disliked at least six doctors.,semantics,quantifiers,superlative_quantifiers_2,True,False,True,False,665,-61.19004821777344,-61.230655670166016,1
That association talked to at least five people.,No association talked to at least five people.,semantics,quantifiers,superlative_quantifiers_2,True,False,True,False,666,-54.318214416503906,-53.911537170410156,0
The adult can discuss at most three customers.,No adult can discuss at most three customers.,semantics,quantifiers,superlative_quantifiers_2,True,False,True,False,667,-59.581871032714844,-63.640350341796875,1
A patient complains about at most six men.,No patient complains about at most six men.,semantics,quantifiers,superlative_quantifiers_2,True,False,True,False,668,-56.979454040527344,-59.76110076904297,1
Some driver has watched at most five waiters.,No driver has watched at most five waiters.,semantics,quantifiers,superlative_quantifiers_2,True,False,True,False,669,-68.02452850341797,-66.87474060058594,0
A man has hidden at most ten snakes.,No man has hidden at most ten snakes.,semantics,quantifiers,superlative_quantifiers_2,True,False,True,False,670,-59.37915802001953,-61.81483840942383,1
Some teacher messed up at most ten forks.,No teacher messed up at most ten forks.,semantics,quantifiers,superlative_quantifiers_2,True,False,True,False,671,-68.74910736083984,-68.79505157470703,1
Each government had disturbed at most nine museums.,No government had disturbed at most nine museums.,semantics,quantifiers,superlative_quantifiers_2,True,False,True,False,672,-64.60476684570312,-66.28715515136719,1
Every driver flees from at least seven guys.,No driver flees from at least seven guys.,semantics,quantifiers,superlative_quantifiers_2,True,False,True,False,673,-68.04032135009766,-67.922607421875,0
A convertible is impressing at least two people.,No convertible is impressing at least two people.,semantics,quantifiers,superlative_quantifiers_2,True,False,True,False,674,-62.33408737182617,-64.99108123779297,1
Some government has appreciated at least five patients.,No government has appreciated at least five patients.,semantics,quantifiers,superlative_quantifiers_2,True,False,True,False,675,-53.24987030029297,-54.427894592285156,1
Each person found at most ten spotlights.,No person found at most ten spotlights.,semantics,quantifiers,superlative_quantifiers_2,True,False,True,False,676,-57.670005798339844,-62.311744689941406,1
Every guest breaks at most nine trucks.,No guest breaks at most nine trucks.,semantics,quantifiers,superlative_quantifiers_2,True,False,True,False,677,-55.968048095703125,-58.14375686645508,1
That senator messed up at most ten hospitals.,No senator messed up at most ten hospitals.,semantics,quantifiers,superlative_quantifiers_2,True,False,True,False,678,-71.68346405029297,-70.30050659179688,0
This doctor attacks at most nine actors.,No doctor attacks at most nine actors.,semantics,quantifiers,superlative_quantifiers_2,True,False,True,False,679,-56.71204376220703,-58.498374938964844,1
Every bank liked at most four muffins.,No bank liked at most four muffins.,semantics,quantifiers,superlative_quantifiers_2,True,False,True,False,680,-66.40985107421875,-69.31983947753906,1
A teacher has descended at least nine hills.,No teacher has descended at least nine hills.,semantics,quantifiers,superlative_quantifiers_2,True,False,True,False,681,-57.78087615966797,-61.00242614746094,1
A senator arrived at at most seven restaurants.,No senator arrived at at most seven restaurants.,semantics,quantifiers,superlative_quantifiers_2,True,False,True,False,682,-60.62500762939453,-66.53260040283203,1
The person talked about at most three waiters.,No person talked about at most three waiters.,semantics,quantifiers,superlative_quantifiers_2,True,False,True,False,683,-64.22419738769531,-68.2686996459961,1
Every actor references at most eight actors.,No actor references at most eight actors.,semantics,quantifiers,superlative_quantifiers_2,True,False,True,False,684,-62.21806335449219,-64.13887023925781,1
Some man appreciates at most two closets.,No man appreciates at most two closets.,semantics,quantifiers,superlative_quantifiers_2,True,False,True,False,685,-60.94630813598633,-60.70836639404297,0
The shirt has annoyed at most four teachers.,No shirt has annoyed at most four teachers.,semantics,quantifiers,superlative_quantifiers_2,True,False,True,False,686,-60.440887451171875,-64.52604675292969,1
Every waiter should boycott at least three rivers.,No waiter should boycott at least three rivers.,semantics,quantifiers,superlative_quantifiers_2,True,False,True,False,687,-65.4013442993164,-67.93931579589844,1
That university had annoyed at most four girls.,No university had annoyed at most four girls.,semantics,quantifiers,superlative_quantifiers_2,True,False,True,False,688,-62.52841567993164,-63.07724380493164,1
This computer distracted at least two schools.,No computer distracted at least two schools.,semantics,quantifiers,superlative_quantifiers_2,True,False,True,False,689,-48.73923110961914,-54.32722091674805,1
Every actress could escape from at least three teenagers.,No actress could escape from at least three teenagers.,semantics,quantifiers,superlative_quantifiers_2,True,False,True,False,690,-66.5128173828125,-68.90837860107422,1
The child had hugged at most eight actors.,No child had hugged at most eight actors.,semantics,quantifiers,superlative_quantifiers_2,True,False,True,False,691,-63.792442321777344,-67.58650207519531,1
This painting was upsetting at least three libraries.,No painting was upsetting at least three libraries.,semantics,quantifiers,superlative_quantifiers_2,True,False,True,False,692,-53.83466339111328,-60.09705352783203,1
Every doctor broke at least ten windows.,No doctor broke at least ten windows.,semantics,quantifiers,superlative_quantifiers_2,True,False,True,False,693,-50.09471893310547,-51.97980880737305,1
The school criticized at least four banks.,No school criticized at least four banks.,semantics,quantifiers,superlative_quantifiers_2,True,False,True,False,694,-52.0872917175293,-58.538352966308594,1
Each driver has hired at least seven students.,No driver has hired at least seven students.,semantics,quantifiers,superlative_quantifiers_2,True,False,True,False,695,-52.57038116455078,-53.580169677734375,1
That man is lifting at least eight photographs.,No man is lifting at least eight photographs.,semantics,quantifiers,superlative_quantifiers_2,True,False,True,False,696,-57.84638214111328,-55.708351135253906,0
That man fled from at least eight hills.,No man fled from at least eight hills.,semantics,quantifiers,superlative_quantifiers_2,True,False,True,False,697,-57.82768249511719,-55.693267822265625,0
Some person has questioned at most three women.,No person has questioned at most three women.,semantics,quantifiers,superlative_quantifiers_2,True,False,True,False,698,-57.511348724365234,-56.835426330566406,0
Some waiter climbs up at least eight stairs.,No waiter climbs up at least eight stairs.,semantics,quantifiers,superlative_quantifiers_2,True,False,True,False,699,-60.88455581665039,-61.91273498535156,1
This student was touring at least five museums.,No student was touring at least five museums.,semantics,quantifiers,superlative_quantifiers_2,True,False,True,False,700,-50.315216064453125,-54.66348648071289,1
Each waiter ran around at most five libraries.,No waiter ran around at most five libraries.,semantics,quantifiers,superlative_quantifiers_2,True,False,True,False,701,-67.68750762939453,-70.22425842285156,1
Each senator was researching at most eight plays.,No senator was researching at most eight plays.,semantics,quantifiers,superlative_quantifiers_2,True,False,True,False,702,-68.60619354248047,-69.83468627929688,1
Each cashier describes at least six guys.,No cashier describes at least six guys.,semantics,quantifiers,superlative_quantifiers_2,True,False,True,False,703,-60.80110549926758,-60.194149017333984,0
This person cleaned at most seven closets.,No person cleaned at most seven closets.,semantics,quantifiers,superlative_quantifiers_2,True,False,True,False,704,-59.796016693115234,-63.58876037597656,1
The dancer does watch at most ten actors.,No dancer does watch at most ten actors.,semantics,quantifiers,superlative_quantifiers_2,True,False,True,False,705,-62.63836669921875,-66.8395767211914,1
Every senator forgot at most two cashiers.,No senator forgot at most two cashiers.,semantics,quantifiers,superlative_quantifiers_2,True,False,True,False,706,-73.75813293457031,-76.27650451660156,1
Some association hires at most ten guests.,No association hires at most ten guests.,semantics,quantifiers,superlative_quantifiers_2,True,False,True,False,707,-58.456993103027344,-59.927101135253906,1
This man listens to at least nine ladies.,No man listens to at least nine ladies.,semantics,quantifiers,superlative_quantifiers_2,True,False,True,False,708,-52.740028381347656,-54.785099029541016,1
Some patient sold at least ten art galleries.,No patient sold at least ten art galleries.,semantics,quantifiers,superlative_quantifiers_2,True,False,True,False,709,-59.24652099609375,-61.52336502075195,1
Each hospital has helped at least six adults.,No hospital has helped at least six adults.,semantics,quantifiers,superlative_quantifiers_2,True,False,True,False,710,-46.21148681640625,-46.93113708496094,1
Some doctor will help at most seven people.,No doctor will help at most seven people.,semantics,quantifiers,superlative_quantifiers_2,True,False,True,False,711,-51.627227783203125,-52.71635055541992,1
This actor is driving to at least ten public parks.,No actor is driving to at least ten public parks.,semantics,quantifiers,superlative_quantifiers_2,True,False,True,False,712,-62.40046691894531,-67.20735168457031,1
The teenager climbs down at most eight steps.,No teenager climbs down at most eight steps.,semantics,quantifiers,superlative_quantifiers_2,True,False,True,False,713,-63.6539192199707,-67.18614196777344,1
Every lady has driven to at least six libraries.,No lady has driven to at least six libraries.,semantics,quantifiers,superlative_quantifiers_2,True,False,True,False,714,-60.156776428222656,-62.80888748168945,1
The lady has taken at most nine movie theaters.,No lady has taken at most nine movie theaters.,semantics,quantifiers,superlative_quantifiers_2,True,False,True,False,715,-63.75107955932617,-68.30436706542969,1
Each patient was boasting about at most seven dancers.,No patient was boasting about at most seven dancers.,semantics,quantifiers,superlative_quantifiers_2,True,False,True,False,716,-72.60406494140625,-75.55687713623047,1
The woman attacked at most ten cashiers.,No woman attacked at most ten cashiers.,semantics,quantifiers,superlative_quantifiers_2,True,False,True,False,717,-65.90425872802734,-70.09854125976562,1
Each committee has discussed at most seven books.,No committee has discussed at most seven books.,semantics,quantifiers,superlative_quantifiers_2,True,False,True,False,718,-57.51963806152344,-60.032257080078125,1
This cashier had sold at most two skirts.,No cashier had sold at most two skirts.,semantics,quantifiers,superlative_quantifiers_2,True,False,True,False,719,-68.85859680175781,-70.8201904296875,1
That adult had thought about at least ten guests.,No adult had thought about at least ten guests.,semantics,quantifiers,superlative_quantifiers_2,True,False,True,False,720,-61.80152893066406,-60.53125,0
Each actress hugs at least nine people.,No actress hugs at least nine people.,semantics,quantifiers,superlative_quantifiers_2,True,False,True,False,721,-57.726078033447266,-59.203277587890625,1
That person did complain about at least seven teachers.,No person did complain about at least seven teachers.,semantics,quantifiers,superlative_quantifiers_2,True,False,True,False,722,-63.939727783203125,-63.34700393676758,0
A company is concealing at most seven doctors.,No company is concealing at most seven doctors.,semantics,quantifiers,superlative_quantifiers_2,True,False,True,False,723,-63.75279235839844,-65.55398559570312,1
A hospital had shocked at least seven guys.,No hospital had shocked at least seven guys.,semantics,quantifiers,superlative_quantifiers_2,True,False,True,False,724,-54.33271789550781,-56.75983428955078,1
Every customer has forgotten at most three pedestrians.,No customer has forgotten at most three pedestrians.,semantics,quantifiers,superlative_quantifiers_2,True,False,True,False,725,-61.76282501220703,-64.22036743164062,1
This guest would admire at least five screens.,No guest would admire at least five screens.,semantics,quantifiers,superlative_quantifiers_2,True,False,True,False,726,-56.21570587158203,-61.278472900390625,1
That teacher is referencing at most four children.,No teacher is referencing at most four children.,semantics,quantifiers,superlative_quantifiers_2,True,False,True,False,727,-60.01057052612305,-59.14292907714844,0
This teacher would think about at most six teachers.,No teacher would think about at most six teachers.,semantics,quantifiers,superlative_quantifiers_2,True,False,True,False,728,-57.88592529296875,-61.80742645263672,1
A cashier escapes from at least seven patients.,No cashier escapes from at least seven patients.,semantics,quantifiers,superlative_quantifiers_2,True,False,True,False,729,-62.12610626220703,-64.8812255859375,1
Some person was revealing at least two sweaters.,No person was revealing at least two sweaters.,semantics,quantifiers,superlative_quantifiers_2,True,False,True,False,730,-61.75257873535156,-62.64214324951172,1
A legislature could praise at most five teachers.,No legislature could praise at most five teachers.,semantics,quantifiers,superlative_quantifiers_2,True,False,True,False,731,-66.63189697265625,-69.25852966308594,1
Some commentary sounds like at least five restaurants.,No commentary sounds like at least five restaurants.,semantics,quantifiers,superlative_quantifiers_2,True,False,True,False,732,-53.55663299560547,-54.05591583251953,1
The dancer found at least ten actors.,No dancer found at least ten actors.,semantics,quantifiers,superlative_quantifiers_2,True,False,True,False,733,-49.201080322265625,-54.71670913696289,1
This teenager boycotted at least five universities.,No teenager boycotted at least five universities.,semantics,quantifiers,superlative_quantifiers_2,True,False,True,False,734,-68.03247833251953,-71.19157409667969,1
This guy is breaking at most five dishes.,No guy is breaking at most five dishes.,semantics,quantifiers,superlative_quantifiers_2,True,False,True,False,735,-58.86089324951172,-63.545352935791016,1
Each adult will scan at least four commentaries.,No adult will scan at least four commentaries.,semantics,quantifiers,superlative_quantifiers_2,True,False,True,False,736,-59.73468017578125,-63.824398040771484,1
Each legislature did reference at most three senators.,No legislature did reference at most three senators.,semantics,quantifiers,superlative_quantifiers_2,True,False,True,False,737,-70.30351257324219,-70.65921020507812,1
The legislature references at least eight ladies.,No legislature references at least eight ladies.,semantics,quantifiers,superlative_quantifiers_2,True,False,True,False,738,-55.340877532958984,-60.179100036621094,1
That couch does astound at most four cashiers.,No couch does astound at most four cashiers.,semantics,quantifiers,superlative_quantifiers_2,True,False,True,False,739,-85.6639175415039,-88.66656494140625,1
That committee was disgusting at least three libraries.,No committee was disgusting at least three libraries.,semantics,quantifiers,superlative_quantifiers_2,True,False,True,False,740,-61.598846435546875,-61.4197998046875,0
Each teenager would complain about at most eight actors.,No teenager would complain about at most eight actors.,semantics,quantifiers,superlative_quantifiers_2,True,False,True,False,741,-72.57296752929688,-74.93714141845703,1
This cashier had scanned at most seven books.,No cashier had scanned at most seven books.,semantics,quantifiers,superlative_quantifiers_2,True,False,True,False,742,-68.04100036621094,-70.78134155273438,1
Every school buys at most three computers.,No school buys at most three computers.,semantics,quantifiers,superlative_quantifiers_2,True,False,True,False,743,-56.0770263671875,-59.35026550292969,1
This dancer hated at least eight children.,No dancer hated at least eight children.,semantics,quantifiers,superlative_quantifiers_2,True,False,True,False,744,-55.602176666259766,-58.41769790649414,1
This gate can impress at least three dancers.,No gate can impress at least three dancers.,semantics,quantifiers,superlative_quantifiers_2,True,False,True,False,745,-55.25654220581055,-61.86239242553711,1
The government has referenced at least five teenagers.,No government has referenced at least five teenagers.,semantics,quantifiers,superlative_quantifiers_2,True,False,True,False,746,-49.563785552978516,-55.789649963378906,1
Every dish has resembled at least six pictures.,No dish has resembled at least six pictures.,semantics,quantifiers,superlative_quantifiers_2,True,False,True,False,747,-55.39545440673828,-56.79248809814453,1
Each cashier revealed at most six bananas.,No cashier revealed at most six bananas.,semantics,quantifiers,superlative_quantifiers_2,True,False,True,False,748,-69.09896850585938,-68.11781311035156,0
The patient had arrived at at least eight grocery stores.,No patient had arrived at at least eight grocery stores.,semantics,quantifiers,superlative_quantifiers_2,True,False,True,False,749,-55.693939208984375,-61.37018966674805,1
Some glass had bothered at most ten patients.,No glass had bothered at most ten patients.,semantics,quantifiers,superlative_quantifiers_2,True,False,True,False,750,-65.63426971435547,-64.66337585449219,0
A blouse had alarmed at most two guys.,No blouse had alarmed at most two guys.,semantics,quantifiers,superlative_quantifiers_2,True,False,True,False,751,-67.8834228515625,-70.80635070800781,1
Some guy observed at most two teachers.,No guy observed at most two teachers.,semantics,quantifiers,superlative_quantifiers_2,True,False,True,False,752,-59.106502532958984,-60.37653350830078,1
This car disturbed at least seven patients.,No car disturbed at least seven patients.,semantics,quantifiers,superlative_quantifiers_2,True,False,True,False,753,-53.297935485839844,-57.68150329589844,1
This sketch looks like at least three tomatoes.,No sketch looks like at least three tomatoes.,semantics,quantifiers,superlative_quantifiers_2,True,False,True,False,754,-50.61517333984375,-56.634681701660156,1
A river can worry at least seven guys.,No river can worry at least seven guys.,semantics,quantifiers,superlative_quantifiers_2,True,False,True,False,755,-63.81664276123047,-65.60440826416016,1
This woman went to at least two malls.,No woman went to at least two malls.,semantics,quantifiers,superlative_quantifiers_2,True,False,True,False,756,-52.828460693359375,-56.253273010253906,1
Each university has referenced at most ten boys.,No university has referenced at most ten boys.,semantics,quantifiers,superlative_quantifiers_2,True,False,True,False,757,-61.68876647949219,-65.52178955078125,1
Each driver is scaring at least four banks.,No driver is scaring at least four banks.,semantics,quantifiers,superlative_quantifiers_2,True,False,True,False,758,-57.6449089050293,-59.04002380371094,1
Each girl does respect at most eight glaciers.,No girl does respect at most eight glaciers.,semantics,quantifiers,superlative_quantifiers_2,True,False,True,False,759,-69.60348510742188,-72.47898864746094,1
Each student had ascended at least four steps.,No student had ascended at least four steps.,semantics,quantifiers,superlative_quantifiers_2,True,False,True,False,760,-54.59334182739258,-59.725582122802734,1
This actor had climbed down at most nine steps.,No actor had climbed down at most nine steps.,semantics,quantifiers,superlative_quantifiers_2,True,False,True,False,761,-67.11894226074219,-71.75161743164062,1
A guest is appreciating at least two doctors.,No guest is appreciating at least two doctors.,semantics,quantifiers,superlative_quantifiers_2,True,False,True,False,762,-57.027587890625,-60.22625732421875,1
The doctor might drive to at most three rivers.,No doctor might drive to at most three rivers.,semantics,quantifiers,superlative_quantifiers_2,True,False,True,False,763,-64.65412902832031,-68.23347473144531,1
Each teenager concealed at most three glasses.,No teenager concealed at most three glasses.,semantics,quantifiers,superlative_quantifiers_2,True,False,True,False,764,-63.140411376953125,-65.49855041503906,1
This sketch was looking like at least seven glaciers.,No sketch was looking like at least seven glaciers.,semantics,quantifiers,superlative_quantifiers_2,True,False,True,False,765,-61.43912124633789,-68.03176879882812,1
Some wheelbarrow has bothered at most four organizations.,No wheelbarrow has bothered at most four organizations.,semantics,quantifiers,superlative_quantifiers_2,True,False,True,False,766,-77.29475402832031,-76.57022857666016,0
Each boy was taking at most two sweaters.,No boy was taking at most two sweaters.,semantics,quantifiers,superlative_quantifiers_2,True,False,True,False,767,-66.70633697509766,-66.33418273925781,0
That projector is embarrassing at least ten libraries.,No projector is embarrassing at least ten libraries.,semantics,quantifiers,superlative_quantifiers_2,True,False,True,False,768,-59.327632904052734,-61.222633361816406,1
This fish will resemble at least nine pictures.,No fish will resemble at least nine pictures.,semantics,quantifiers,superlative_quantifiers_2,True,False,True,False,769,-54.739925384521484,-57.82799530029297,1
Some girl will approach at least two women.,No girl will approach at least two women.,semantics,quantifiers,superlative_quantifiers_2,True,False,True,False,770,-53.52520751953125,-54.63661575317383,1
That senator could arrive at at least four public parks.,No senator could arrive at at least four public parks.,semantics,quantifiers,superlative_quantifiers_2,True,False,True,False,771,-68.45713806152344,-68.3637466430664,0
This library had concealed at least nine guys.,No library had concealed at least nine guys.,semantics,quantifiers,superlative_quantifiers_2,True,False,True,False,772,-54.29842758178711,-59.88832092285156,1
Some woman might notice at least eight museums.,No woman might notice at least eight museums.,semantics,quantifiers,superlative_quantifiers_2,True,False,True,False,773,-59.85855484008789,-59.41488265991211,0
Every university has disliked at most three drivers.,No university has disliked at most three drivers.,semantics,quantifiers,superlative_quantifiers_2,True,False,True,False,774,-63.66162872314453,-67.68702697753906,1
Each actor had concealed at least four books.,No actor had concealed at least four books.,semantics,quantifiers,superlative_quantifiers_2,True,False,True,False,775,-58.80397415161133,-60.968360900878906,1
Every pedestrian concealed at least three snakes.,No pedestrian concealed at least three snakes.,semantics,quantifiers,superlative_quantifiers_2,True,False,True,False,776,-60.64398193359375,-60.49946594238281,0
Every lamp could resemble at least ten photographs.,No lamp could resemble at least ten photographs.,semantics,quantifiers,superlative_quantifiers_2,True,False,True,False,777,-61.48980712890625,-63.72766876220703,1
This guy exited at least ten lakes.,No guy exited at least ten lakes.,semantics,quantifiers,superlative_quantifiers_2,True,False,True,False,778,-54.85778045654297,-59.41472625732422,1
Every lady had climbed down at least five ladders.,No lady had climbed down at least five ladders.,semantics,quantifiers,superlative_quantifiers_2,True,False,True,False,779,-64.40943908691406,-65.57621002197266,1
The bicycle looked like at most seven prints.,No bicycle looked like at most seven prints.,semantics,quantifiers,superlative_quantifiers_2,True,False,True,False,780,-63.92412185668945,-69.14008331298828,1
The legislature has loved at most six students.,No legislature has loved at most six students.,semantics,quantifiers,superlative_quantifiers_2,True,False,True,False,781,-52.8170166015625,-58.773128509521484,1
Every library has forgotten at least three books.,No library has forgotten at least three books.,semantics,quantifiers,superlative_quantifiers_2,True,False,True,False,782,-49.15964889526367,-51.616085052490234,1
That guest is noticing at least seven birds.,No guest is noticing at least seven birds.,semantics,quantifiers,superlative_quantifiers_2,True,False,True,False,783,-57.018585205078125,-56.406639099121094,0
Every senator toured at least eight hospitals.,No senator toured at least eight hospitals.,semantics,quantifiers,superlative_quantifiers_2,True,False,True,False,784,-61.514400482177734,-64.94560241699219,1
Every actor messed up at least four museums.,No actor messed up at least four museums.,semantics,quantifiers,superlative_quantifiers_2,True,False,True,False,785,-61.051048278808594,-62.72179412841797,1
That museum listens to at least two children.,No museum listens to at least two children.,semantics,quantifiers,superlative_quantifiers_2,True,False,True,False,786,-57.836265563964844,-55.7837028503418,0
The senator scared at most two waitresses.,No senator scared at most two waitresses.,semantics,quantifiers,superlative_quantifiers_2,True,False,True,False,787,-73.68498229980469,-77.52239990234375,1
That girl might see at most seven carts.,No girl might see at most seven carts.,semantics,quantifiers,superlative_quantifiers_2,True,False,True,False,788,-65.19914245605469,-65.97527313232422,1
That hamster would hurt at most five guys.,No hamster would hurt at most five guys.,semantics,quantifiers,superlative_quantifiers_2,True,False,True,False,789,-72.69575500488281,-71.17987823486328,0
Some eye confused at least four companies.,No eye confused at least four companies.,semantics,quantifiers,superlative_quantifiers_2,True,False,True,False,790,-53.252716064453125,-55.75059127807617,1
Every teacher was biking to at most two hospitals.,No teacher was biking to at most two hospitals.,semantics,quantifiers,superlative_quantifiers_2,True,False,True,False,791,-68.07306671142578,-71.41116333007812,1
A student has at least five blouses.,No student has at least five blouses.,semantics,quantifiers,superlative_quantifiers_2,True,False,True,False,792,-50.092472076416016,-53.14155578613281,1
Every actress watched at most eight people.,No actress watched at most eight people.,semantics,quantifiers,superlative_quantifiers_2,True,False,True,False,793,-58.73670196533203,-61.20738220214844,1
A dancer had argued about at most ten cashiers.,No dancer had argued about at most ten cashiers.,semantics,quantifiers,superlative_quantifiers_2,True,False,True,False,794,-84.90113830566406,-88.95101928710938,1
Each company listened to at most eight people.,No company listened to at most eight people.,semantics,quantifiers,superlative_quantifiers_2,True,False,True,False,795,-60.07499694824219,-60.770782470703125,1
A hospital does listen to at least ten doctors.,No hospital does listen to at least ten doctors.,semantics,quantifiers,superlative_quantifiers_2,True,False,True,False,796,-57.41050720214844,-58.66090393066406,1
Each child has skated around at least four public parks.,No child has skated around at least four public parks.,semantics,quantifiers,superlative_quantifiers_2,True,False,True,False,797,-67.46685791015625,-70.69230651855469,1
Some dancer had sold at most two libraries.,No dancer had sold at most two libraries.,semantics,quantifiers,superlative_quantifiers_2,True,False,True,False,798,-64.09501647949219,-65.41432189941406,1
A person bought at least nine shirts.,No person bought at least nine shirts.,semantics,quantifiers,superlative_quantifiers_2,True,False,True,False,799,-49.2929801940918,-53.17382049560547,1
This student is cleaning at most eight restaurants.,No student is cleaning at most eight restaurants.,semantics,quantifiers,superlative_quantifiers_2,True,False,True,False,800,-56.25624465942383,-59.65845489501953,1
Some actress is talking to at least eight drivers.,No actress is talking to at least eight drivers.,semantics,quantifiers,superlative_quantifiers_2,True,False,True,False,801,-59.83448028564453,-61.998897552490234,1
Some doctor is firing at most nine doctors.,No doctor is firing at most nine doctors.,semantics,quantifiers,superlative_quantifiers_2,True,False,True,False,802,-58.408233642578125,-58.78474426269531,1
This patient loves at least eight women.,No patient loves at least eight women.,semantics,quantifiers,superlative_quantifiers_2,True,False,True,False,803,-45.24124526977539,-49.47211456298828,1
A customer should fire at most five girls.,No customer should fire at most five girls.,semantics,quantifiers,superlative_quantifiers_2,True,False,True,False,804,-66.26258850097656,-69.10107421875,1
Each actress can find at least six public parks.,No actress can find at least six public parks.,semantics,quantifiers,superlative_quantifiers_2,True,False,True,False,805,-61.46552276611328,-63.94485092163086,1
Some pedestrian did walk through at least eight malls.,No pedestrian did walk through at least eight malls.,semantics,quantifiers,superlative_quantifiers_2,True,False,True,False,806,-71.46553039550781,-71.16282653808594,0
Each student has insulted at least eight cashiers.,No student has insulted at least eight cashiers.,semantics,quantifiers,superlative_quantifiers_2,True,False,True,False,807,-64.39215087890625,-68.36697387695312,1
That company might boast about at least six newspaper articles.,No company might boast about at least six newspaper articles.,semantics,quantifiers,superlative_quantifiers_2,True,False,True,False,808,-61.5290641784668,-62.55706024169922,1
That woman descended at most five slopes.,No woman descended at most five slopes.,semantics,quantifiers,superlative_quantifiers_2,True,False,True,False,809,-62.45322799682617,-62.66534423828125,1
The child attacks at most six teenagers.,No child attacks at most six teenagers.,semantics,quantifiers,superlative_quantifiers_2,True,False,True,False,810,-52.80860900878906,-56.125579833984375,1
Every guy revealed at most seven windows.,No guy revealed at most seven windows.,semantics,quantifiers,superlative_quantifiers_2,True,False,True,False,811,-59.841548919677734,-62.056365966796875,1
That dog found at most nine carriages.,No dog found at most nine carriages.,semantics,quantifiers,superlative_quantifiers_2,True,False,True,False,812,-62.7195930480957,-61.377952575683594,0
The guy would discover at least nine dishes.,No guy would discover at least nine dishes.,semantics,quantifiers,superlative_quantifiers_2,True,False,True,False,813,-55.46537780761719,-59.426177978515625,1
This lake had alarmed at most nine boys.,No lake had alarmed at most nine boys.,semantics,quantifiers,superlative_quantifiers_2,True,False,True,False,814,-68.02590942382812,-72.88020324707031,1
Each bank talks to at most eight teachers.,No bank talks to at most eight teachers.,semantics,quantifiers,superlative_quantifiers_2,True,False,True,False,815,-64.39743041992188,-63.831119537353516,0
Each dancer sounded like at least three commentaries.,No dancer sounded like at least three commentaries.,semantics,quantifiers,superlative_quantifiers_2,True,False,True,False,816,-66.17961883544922,-67.41380310058594,1
A pedestrian watches at most three drivers.,No pedestrian watches at most three drivers.,semantics,quantifiers,superlative_quantifiers_2,True,False,True,False,817,-62.297950744628906,-63.58838653564453,1
Each guest criticizes at least six stories.,No guest criticizes at least six stories.,semantics,quantifiers,superlative_quantifiers_2,True,False,True,False,818,-54.54343032836914,-57.16510009765625,1
This student worked with at least five actresses.,No student worked with at least five actresses.,semantics,quantifiers,superlative_quantifiers_2,True,False,True,False,819,-52.506378173828125,-56.395240783691406,1
A person buys at most six lamps.,No person buys at most six lamps.,semantics,quantifiers,superlative_quantifiers_2,True,False,True,False,820,-55.501495361328125,-59.86029815673828,1
Every guest skated around at most three movie theaters.,No guest skated around at most three movie theaters.,semantics,quantifiers,superlative_quantifiers_2,True,False,True,False,821,-79.33454895019531,-79.437744140625,1
This student has fixed at least three wheelbarrows.,No student has fixed at least three wheelbarrows.,semantics,quantifiers,superlative_quantifiers_2,True,False,True,False,822,-63.4002685546875,-68.25857543945312,1
Some child has thought about at least two reports.,No child has thought about at least two reports.,semantics,quantifiers,superlative_quantifiers_2,True,False,True,False,823,-56.73823165893555,-57.21240997314453,1
This driver brought at most five malls.,No driver brought at most five malls.,semantics,quantifiers,superlative_quantifiers_2,True,False,True,False,824,-59.78474426269531,-64.76731872558594,1
A child will bore at most six guests.,No child will bore at most six guests.,semantics,quantifiers,superlative_quantifiers_2,True,False,True,False,825,-59.325618743896484,-62.68581008911133,1
Some adult lifts at least ten glasses.,No adult lifts at least ten glasses.,semantics,quantifiers,superlative_quantifiers_2,True,False,True,False,826,-54.37556838989258,-56.152645111083984,1
The actress will drive to at least three lakes.,No actress will drive to at least three lakes.,semantics,quantifiers,superlative_quantifiers_2,True,False,True,False,827,-58.09010314941406,-66.73658752441406,1
A senator is arguing about at most two boys.,No senator is arguing about at most two boys.,semantics,quantifiers,superlative_quantifiers_2,True,False,True,False,828,-62.27754211425781,-67.03498077392578,1
That person messed up at least six high schools.,No person messed up at least six high schools.,semantics,quantifiers,superlative_quantifiers_2,True,False,True,False,829,-60.393550872802734,-58.96456527709961,0
Some actress should aggravate at least eight governments.,No actress should aggravate at least eight governments.,semantics,quantifiers,superlative_quantifiers_2,True,False,True,False,830,-66.69468688964844,-69.80611419677734,1
A government appreciates at most eight closets.,No government appreciates at most eight closets.,semantics,quantifiers,superlative_quantifiers_2,True,False,True,False,831,-64.35591125488281,-66.56767272949219,1
This adult should love at most seven cashiers.,No adult should love at most seven cashiers.,semantics,quantifiers,superlative_quantifiers_2,True,False,True,False,832,-74.4322280883789,-77.80802917480469,1
Each child drops by at least eight high schools.,No child drops by at least eight high schools.,semantics,quantifiers,superlative_quantifiers_2,True,False,True,False,833,-55.277400970458984,-57.34767150878906,1
Some pedestrian noticed at least five cats.,No pedestrian noticed at least five cats.,semantics,quantifiers,superlative_quantifiers_2,True,False,True,False,834,-58.98410415649414,-58.574302673339844,0
This snake should look like at most four paintings.,No snake should look like at most four paintings.,semantics,quantifiers,superlative_quantifiers_2,True,False,True,False,835,-61.47512435913086,-66.00096130371094,1
Each actor discovers at least two movies.,No actor discovers at least two movies.,semantics,quantifiers,superlative_quantifiers_2,True,False,True,False,836,-50.32427978515625,-51.893524169921875,1
Each dancer is driving to at least ten museums.,No dancer is driving to at least ten museums.,semantics,quantifiers,superlative_quantifiers_2,True,False,True,False,837,-60.58698272705078,-63.14405822753906,1
Every senator is observing at most nine children.,No senator is observing at most nine children.,semantics,quantifiers,superlative_quantifiers_2,True,False,True,False,838,-58.966346740722656,-61.69005584716797,1
Some movie should annoy at most nine girls.,No movie should annoy at most nine girls.,semantics,quantifiers,superlative_quantifiers_2,True,False,True,False,839,-70.75009155273438,-71.49262237548828,1
That actress conceals at least nine senators.,No actress conceals at least nine senators.,semantics,quantifiers,superlative_quantifiers_2,True,False,True,False,840,-66.05398559570312,-67.62811279296875,1
Each gate can impress at most eight people.,No gate can impress at most eight people.,semantics,quantifiers,superlative_quantifiers_2,True,False,True,False,841,-60.745948791503906,-65.40113830566406,1
This man was complaining about at least ten teenagers.,No man was complaining about at least ten teenagers.,semantics,quantifiers,superlative_quantifiers_2,True,False,True,False,842,-56.899173736572266,-59.318756103515625,1
Some government can have at most nine malls.,No government can have at most nine malls.,semantics,quantifiers,superlative_quantifiers_2,True,False,True,False,843,-58.52708053588867,-59.36812210083008,1
The waiter will bike to at most ten high schools.,No waiter will bike to at most ten high schools.,semantics,quantifiers,superlative_quantifiers_2,True,False,True,False,844,-76.212890625,-82.9916763305664,1
The high school has scared at least six women.,No high school has scared at least six women.,semantics,quantifiers,superlative_quantifiers_2,True,False,True,False,845,-51.87958908081055,-56.60487365722656,1
Every patient had boycotted at most three malls.,No patient had boycotted at most three malls.,semantics,quantifiers,superlative_quantifiers_2,True,False,True,False,846,-84.7255859375,-87.05626678466797,1
Each senator might pass at least nine movie theaters.,No senator might pass at least nine movie theaters.,semantics,quantifiers,superlative_quantifiers_2,True,False,True,False,847,-65.36808776855469,-68.93235778808594,1
Each guest had argued about at most seven guys.,No guest had argued about at most seven guys.,semantics,quantifiers,superlative_quantifiers_2,True,False,True,False,848,-74.23760223388672,-75.1202392578125,1
This hospital scared at most ten legislatures.,No hospital scared at most ten legislatures.,semantics,quantifiers,superlative_quantifiers_2,True,False,True,False,849,-62.112945556640625,-64.94884490966797,1
The guest revealed at least three pictures.,No guest revealed at least three pictures.,semantics,quantifiers,superlative_quantifiers_2,True,False,True,False,850,-48.369300842285156,-52.863731384277344,1
The student dropped by at least seven schools.,No student dropped by at least seven schools.,semantics,quantifiers,superlative_quantifiers_2,True,False,True,False,851,-49.734737396240234,-52.83539581298828,1
The mall is aggravating at most eight dancers.,No mall is aggravating at most eight dancers.,semantics,quantifiers,superlative_quantifiers_2,True,False,True,False,852,-65.79547882080078,-71.09759521484375,1
That senator is buying at least four movie theaters.,No senator is buying at least four movie theaters.,semantics,quantifiers,superlative_quantifiers_2,True,False,True,False,853,-63.70654296875,-63.580142974853516,0
Every man was investigating at least six ladies.,No man was investigating at least six ladies.,semantics,quantifiers,superlative_quantifiers_2,True,False,True,False,854,-52.662071228027344,-52.899375915527344,1
Some waitress referenced at least four newspaper articles.,No waitress referenced at least four newspaper articles.,semantics,quantifiers,superlative_quantifiers_2,True,False,True,False,855,-58.67082214355469,-59.1087532043457,1
Each actress concealed at most seven lamps.,No actress concealed at most seven lamps.,semantics,quantifiers,superlative_quantifiers_2,True,False,True,False,856,-68.30900573730469,-70.61145782470703,1
The senator will examine at least ten newspaper articles.,No senator will examine at least ten newspaper articles.,semantics,quantifiers,superlative_quantifiers_2,True,False,True,False,857,-55.91913604736328,-61.85444641113281,1
Every waitress hides at least three hospitals.,No waitress hides at least three hospitals.,semantics,quantifiers,superlative_quantifiers_2,True,False,True,False,858,-53.81486511230469,-56.421451568603516,1
That woman took at most six sweaters.,No woman took at most six sweaters.,semantics,quantifiers,superlative_quantifiers_2,True,False,True,False,859,-62.28058624267578,-63.85160827636719,1
The woman watched at most six men.,No woman watched at most six men.,semantics,quantifiers,superlative_quantifiers_2,True,False,True,False,860,-49.0012092590332,-53.56515121459961,1
Some child can talk about at most five drivers.,No child can talk about at most five drivers.,semantics,quantifiers,superlative_quantifiers_2,True,False,True,False,861,-66.47811889648438,-67.49520874023438,1
Every girl was exploring at least ten cafes.,No girl was exploring at least ten cafes.,semantics,quantifiers,superlative_quantifiers_2,True,False,True,False,862,-54.64225769042969,-56.674842834472656,1
This teacher talked to at least five doctors.,No teacher talked to at least five doctors.,semantics,quantifiers,superlative_quantifiers_2,True,False,True,False,863,-51.18213653564453,-55.162330627441406,1
Each patient cared for at most six cashiers.,No patient cared for at most six cashiers.,semantics,quantifiers,superlative_quantifiers_2,True,False,True,False,864,-70.34840393066406,-74.40609741210938,1
This person visits at most five rivers.,No person visits at most five rivers.,semantics,quantifiers,superlative_quantifiers_2,True,False,True,False,865,-55.07145690917969,-59.67278289794922,1
A waitress does dislike at most two women.,No waitress does dislike at most two women.,semantics,quantifiers,superlative_quantifiers_2,True,False,True,False,866,-63.79811096191406,-65.169677734375,1
Each doctor investigates at most two companies.,No doctor investigates at most two companies.,semantics,quantifiers,superlative_quantifiers_2,True,False,True,False,867,-54.02130889892578,-58.110755920410156,1
A doctor had left at most six children.,No doctor had left at most six children.,semantics,quantifiers,superlative_quantifiers_2,True,False,True,False,868,-49.50586700439453,-53.344791412353516,1
Some cashier can attack at most six actresses.,No cashier can attack at most six actresses.,semantics,quantifiers,superlative_quantifiers_2,True,False,True,False,869,-73.92646789550781,-74.48629760742188,1
That hat has embarrassed at least nine doctors.,No hat has embarrassed at least nine doctors.,semantics,quantifiers,superlative_quantifiers_2,True,False,True,False,870,-61.89398193359375,-62.403541564941406,1
This lady had scanned at least nine essays.,No lady had scanned at least nine essays.,semantics,quantifiers,superlative_quantifiers_2,True,False,True,False,871,-58.99589538574219,-63.58122634887695,1
This guy complained about at most four doctors.,No guy complained about at most four doctors.,semantics,quantifiers,superlative_quantifiers_2,True,False,True,False,872,-58.485816955566406,-63.004669189453125,1
Every car did disgust at most three customers.,No car did disgust at most three customers.,semantics,quantifiers,superlative_quantifiers_2,True,False,True,False,873,-69.26136779785156,-69.93412017822266,1
That waitress lifted at most two cars.,No waitress lifted at most two cars.,semantics,quantifiers,superlative_quantifiers_2,True,False,True,False,874,-60.98212432861328,-60.357765197753906,0
An association appreciated at least ten banks.,No association appreciated at least ten banks.,semantics,quantifiers,superlative_quantifiers_2,True,False,True,False,875,-60.07219314575195,-64.28765106201172,1
Each child researches at most six public parks.,No child researches at most six public parks.,semantics,quantifiers,superlative_quantifiers_2,True,False,True,False,876,-60.19438934326172,-65.03123474121094,1
This waiter finds at most nine shawls.,No waiter finds at most nine shawls.,semantics,quantifiers,superlative_quantifiers_2,True,False,True,False,877,-65.99745178222656,-72.54203796386719,1
Every student questioned at least two museums.,No student questioned at least two museums.,semantics,quantifiers,superlative_quantifiers_2,True,False,True,False,878,-50.25184631347656,-53.02320861816406,1
Each teenager climbs down at least eight mountains.,No teenager climbs down at least eight mountains.,semantics,quantifiers,superlative_quantifiers_2,True,False,True,False,879,-62.283226013183594,-63.29358673095703,1
Each waiter might fire at most ten people.,No waiter might fire at most ten people.,semantics,quantifiers,superlative_quantifiers_2,True,False,True,False,880,-67.31473541259766,-68.4222412109375,1
A casserole has stunned at most ten associations.,No casserole has stunned at most ten associations.,semantics,quantifiers,superlative_quantifiers_2,True,False,True,False,881,-72.82866668701172,-74.96759033203125,1
That actor ascended at least nine hills.,No actor ascended at least nine hills.,semantics,quantifiers,superlative_quantifiers_2,True,False,True,False,882,-65.11053466796875,-66.91397094726562,1
This actor might clean at least four rugs.,No actor might clean at least four rugs.,semantics,quantifiers,superlative_quantifiers_2,True,False,True,False,883,-63.089561462402344,-67.90902709960938,1
This woman is examining at most ten newspaper articles.,No woman is examining at most ten newspaper articles.,semantics,quantifiers,superlative_quantifiers_2,True,False,True,False,884,-65.04827880859375,-68.88128662109375,1
This cashier was attacking at least three patients.,No cashier was attacking at least three patients.,semantics,quantifiers,superlative_quantifiers_2,True,False,True,False,885,-60.04012680053711,-62.30400466918945,1
A dancer can conceal at most two stories.,No dancer can conceal at most two stories.,semantics,quantifiers,superlative_quantifiers_2,True,False,True,False,886,-64.33963775634766,-69.37752532958984,1
Some government described at least five adults.,No government described at least five adults.,semantics,quantifiers,superlative_quantifiers_2,True,False,True,False,887,-50.355899810791016,-51.66053009033203,1
Every projector has astounded at least three cashiers.,No projector has astounded at least three cashiers.,semantics,quantifiers,superlative_quantifiers_2,True,False,True,False,888,-77.09567260742188,-80.62503051757812,1
Every drawing does look like at most seven men.,No drawing does look like at most seven men.,semantics,quantifiers,superlative_quantifiers_2,True,False,True,False,889,-67.50619506835938,-68.55195617675781,1
This woman has questioned at most eight associations.,No woman has questioned at most eight associations.,semantics,quantifiers,superlative_quantifiers_2,True,False,True,False,890,-60.60981750488281,-64.90433502197266,1
Some pedestrian examines at least two essays.,No pedestrian examines at least two essays.,semantics,quantifiers,superlative_quantifiers_2,True,False,True,False,891,-64.21699523925781,-63.363372802734375,0
Every senator will tour at least three hills.,No senator will tour at least three hills.,semantics,quantifiers,superlative_quantifiers_2,True,False,True,False,892,-60.1900520324707,-62.74738311767578,1
Some rabbit breaks at most two bikes.,No rabbit breaks at most two bikes.,semantics,quantifiers,superlative_quantifiers_2,True,False,True,False,893,-56.032535552978516,-56.78208923339844,1
That student was noticing at most five glasses.,No student was noticing at most five glasses.,semantics,quantifiers,superlative_quantifiers_2,True,False,True,False,894,-63.926666259765625,-63.849910736083984,0
That waitress would work with at most nine teachers.,No waitress would work with at most nine teachers.,semantics,quantifiers,superlative_quantifiers_2,True,False,True,False,895,-67.87983703613281,-67.9263916015625,1
That guest praised at least five stories.,No guest praised at least five stories.,semantics,quantifiers,superlative_quantifiers_2,True,False,True,False,896,-56.53047180175781,-56.56587600708008,1
Every report is irritating at least eight legislatures.,No report is irritating at least eight legislatures.,semantics,quantifiers,superlative_quantifiers_2,True,False,True,False,897,-59.94512939453125,-61.09641647338867,1
That guy respected at most nine college campuses.,No guy respected at most nine college campuses.,semantics,quantifiers,superlative_quantifiers_2,True,False,True,False,898,-67.10276794433594,-70.25992584228516,1
This documentary disagrees with at least six teachers.,No documentary disagrees with at least six teachers.,semantics,quantifiers,superlative_quantifiers_2,True,False,True,False,899,-58.07536697387695,-60.20963668823242,1
Some glove had astounded at most ten governments.,No glove had astounded at most ten governments.,semantics,quantifiers,superlative_quantifiers_2,True,False,True,False,900,-78.51073455810547,-78.52066040039062,1
That light has impressed at most six actors.,No light has impressed at most six actors.,semantics,quantifiers,superlative_quantifiers_2,True,False,True,False,901,-66.32482147216797,-67.0422592163086,1
Each person does astound at most five men.,No person does astound at most five men.,semantics,quantifiers,superlative_quantifiers_2,True,False,True,False,902,-66.38045501708984,-70.25220489501953,1
This dancer is kissing at most five guys.,No dancer is kissing at most five guys.,semantics,quantifiers,superlative_quantifiers_2,True,False,True,False,903,-62.145957946777344,-66.560302734375,1
Some woman has talked to at most eight waitresses.,No woman has talked to at most eight waitresses.,semantics,quantifiers,superlative_quantifiers_2,True,False,True,False,904,-80.73286437988281,-78.88816833496094,0
This cashier was insulting at most nine women.,No cashier was insulting at most nine women.,semantics,quantifiers,superlative_quantifiers_2,True,False,True,False,905,-70.83808135986328,-71.41677856445312,1
Some couch had shocked at most six legislatures.,No couch had shocked at most six legislatures.,semantics,quantifiers,superlative_quantifiers_2,True,False,True,False,906,-73.11212158203125,-74.15756225585938,1
That cafe has looked like at most five prints.,No cafe has looked like at most five prints.,semantics,quantifiers,superlative_quantifiers_2,True,False,True,False,907,-67.38519287109375,-69.93812561035156,1
Every cashier disagrees with at least nine actresses.,No cashier disagrees with at least nine actresses.,semantics,quantifiers,superlative_quantifiers_2,True,False,True,False,908,-72.33346557617188,-71.01335144042969,0
Each boy could go to at least eight hospitals.,No boy could go to at least eight hospitals.,semantics,quantifiers,superlative_quantifiers_2,True,False,True,False,909,-59.44087219238281,-61.022979736328125,1
Some committee had praised at least ten newspaper articles.,No committee had praised at least ten newspaper articles.,semantics,quantifiers,superlative_quantifiers_2,True,False,True,False,910,-66.24334716796875,-67.63263702392578,1
That company talks to at least ten pedestrians.,No company talks to at least ten pedestrians.,semantics,quantifiers,superlative_quantifiers_2,True,False,True,False,911,-59.285377502441406,-58.26979064941406,0
This child boycotted at most four college campuses.,No child boycotted at most four college campuses.,semantics,quantifiers,superlative_quantifiers_2,True,False,True,False,912,-73.60076141357422,-74.80033874511719,1
Each doctor would research at least seven stories.,No doctor would research at least seven stories.,semantics,quantifiers,superlative_quantifiers_2,True,False,True,False,913,-52.818519592285156,-55.296470642089844,1
That adult might flee from at least three college campuses.,No adult might flee from at least three college campuses.,semantics,quantifiers,superlative_quantifiers_2,True,False,True,False,914,-71.88525390625,-71.25379943847656,0
That girl would talk to at least nine patients.,No girl would talk to at least nine patients.,semantics,quantifiers,superlative_quantifiers_2,True,False,True,False,915,-58.23472213745117,-59.996009826660156,1
Each child arrived at at least four hospitals.,No child arrived at at least four hospitals.,semantics,quantifiers,superlative_quantifiers_2,True,False,True,False,916,-49.78922653198242,-52.80272674560547,1
The photograph could impress at most nine people.,No photograph could impress at most nine people.,semantics,quantifiers,superlative_quantifiers_2,True,False,True,False,917,-60.12428665161133,-64.95279693603516,1
That rabbit has found at least six mountains.,No rabbit has found at least six mountains.,semantics,quantifiers,superlative_quantifiers_2,True,False,True,False,918,-55.12987518310547,-53.659690856933594,0
Each actor escaped from at least seven rivers.,No actor escaped from at least seven rivers.,semantics,quantifiers,superlative_quantifiers_2,True,False,True,False,919,-63.5887451171875,-63.675716400146484,1
That actress visits at least two hospitals.,No actress visits at least two hospitals.,semantics,quantifiers,superlative_quantifiers_2,True,False,True,False,920,-57.834468841552734,-61.258888244628906,1
Some organization is discussing at most nine adults.,No organization is discussing at most nine adults.,semantics,quantifiers,superlative_quantifiers_2,True,False,True,False,921,-62.94029235839844,-62.94664764404297,1
Each museum should fire at most four waitresses.,No museum should fire at most four waitresses.,semantics,quantifiers,superlative_quantifiers_2,True,False,True,False,922,-80.11651611328125,-81.55534362792969,1
A waiter sounded like at least three art galleries.,No waiter sounded like at least three art galleries.,semantics,quantifiers,superlative_quantifiers_2,True,False,True,False,923,-62.07649230957031,-66.81793212890625,1
Each cart had irritated at most ten actors.,No cart had irritated at most ten actors.,semantics,quantifiers,superlative_quantifiers_2,True,False,True,False,924,-71.59756469726562,-71.04324340820312,0
Each patient would cure at most five boys.,No patient would cure at most five boys.,semantics,quantifiers,superlative_quantifiers_2,True,False,True,False,925,-58.9417724609375,-61.903709411621094,1
This boy passed at most five rivers.,No boy passed at most five rivers.,semantics,quantifiers,superlative_quantifiers_2,True,False,True,False,926,-57.68622589111328,-62.238372802734375,1
Some adult does clean at most six chairs.,No adult does clean at most six chairs.,semantics,quantifiers,superlative_quantifiers_2,True,False,True,False,927,-67.12720489501953,-67.08782958984375,0
This box impressed at least nine hospitals.,No box impressed at least nine hospitals.,semantics,quantifiers,superlative_quantifiers_2,True,False,True,False,928,-57.0561408996582,-61.651023864746094,1
A museum insulted at most two doctors.,No museum insulted at most two doctors.,semantics,quantifiers,superlative_quantifiers_2,True,False,True,False,929,-63.32177734375,-67.66663360595703,1
Some boy had ascended at least four steps.,No boy had ascended at least four steps.,semantics,quantifiers,superlative_quantifiers_2,True,False,True,False,930,-60.155181884765625,-62.36650466918945,1
Some student ran around at least two closets.,No student ran around at least two closets.,semantics,quantifiers,superlative_quantifiers_2,True,False,True,False,931,-57.066680908203125,-57.672584533691406,1
That girl can know at least four patients.,No girl can know at least four patients.,semantics,quantifiers,superlative_quantifiers_2,True,False,True,False,932,-51.12018966674805,-52.3994026184082,1
The library had upset at least ten patients.,No library had upset at least ten patients.,semantics,quantifiers,superlative_quantifiers_2,True,False,True,False,933,-50.69797897338867,-57.312095642089844,1
The guy irritated at least five drivers.,No guy irritated at least five drivers.,semantics,quantifiers,superlative_quantifiers_2,True,False,True,False,934,-54.15760803222656,-56.162357330322266,1
Every teenager will lift at most three birds.,No teenager will lift at most three birds.,semantics,quantifiers,superlative_quantifiers_2,True,False,True,False,935,-61.183372497558594,-64.86614227294922,1
The museum would insult at least five senators.,No museum would insult at least five senators.,semantics,quantifiers,superlative_quantifiers_2,True,False,True,False,936,-61.153629302978516,-67.2193374633789,1
A boy had climbed up at most two stairs.,No boy had climbed up at most two stairs.,semantics,quantifiers,superlative_quantifiers_2,True,False,True,False,937,-62.130577087402344,-65.89595794677734,1
A woman would appreciate at least five high schools.,No woman would appreciate at least five high schools.,semantics,quantifiers,superlative_quantifiers_2,True,False,True,False,938,-54.869659423828125,-58.24751281738281,1
Each senator was climbing down at least eight ladders.,No senator was climbing down at least eight ladders.,semantics,quantifiers,superlative_quantifiers_2,True,False,True,False,939,-71.22140502929688,-73.03874206542969,1
Some waitress complained about at least seven guys.,No waitress complained about at least seven guys.,semantics,quantifiers,superlative_quantifiers_2,True,False,True,False,940,-57.395713806152344,-57.0040168762207,0
This student was selling at most five planes.,No student was selling at most five planes.,semantics,quantifiers,superlative_quantifiers_2,True,False,True,False,941,-59.99020767211914,-64.66642761230469,1
That man climbed up at least two ladders.,No man climbed up at least two ladders.,semantics,quantifiers,superlative_quantifiers_2,True,False,True,False,942,-55.49617004394531,-54.54957962036133,0
Each cashier was biking to at least two public parks.,No cashier was biking to at least two public parks.,semantics,quantifiers,superlative_quantifiers_2,True,False,True,False,943,-76.78255462646484,-75.87592315673828,0
Every child has worn at most four gloves.,No child has worn at most four gloves.,semantics,quantifiers,superlative_quantifiers_2,True,False,True,False,944,-54.8113899230957,-58.57344055175781,1
Each boy cleaned at most eight libraries.,No boy cleaned at most eight libraries.,semantics,quantifiers,superlative_quantifiers_2,True,False,True,False,945,-63.60060119628906,-65.0608139038086,1
Some waiter is skated around at least eight high schools.,No waiter is skated around at least eight high schools.,semantics,quantifiers,superlative_quantifiers_2,True,False,True,False,946,-73.56278991699219,-75.54817199707031,1
Some cashier did respect at least five adults.,No cashier did respect at least five adults.,semantics,quantifiers,superlative_quantifiers_2,True,False,True,False,947,-67.88957977294922,-68.56441497802734,1
A boy cleaned at most four snakes.,No boy cleaned at most four snakes.,semantics,quantifiers,superlative_quantifiers_2,True,False,True,False,948,-56.53522491455078,-60.6202392578125,1
A cashier was admiring at most four snakes.,No cashier was admiring at most four snakes.,semantics,quantifiers,superlative_quantifiers_2,True,False,True,False,949,-72.8945083618164,-75.80250549316406,1
This guest dislikes at most ten high schools.,No guest dislikes at most ten high schools.,semantics,quantifiers,superlative_quantifiers_2,True,False,True,False,950,-66.11932373046875,-68.66170501708984,1
Every actor talks about at most three art galleries.,No actor talks about at most three art galleries.,semantics,quantifiers,superlative_quantifiers_2,True,False,True,False,951,-65.59693145751953,-67.67533874511719,1
Some legislature had at most three hamsters.,No legislature had at most three hamsters.,semantics,quantifiers,superlative_quantifiers_2,True,False,True,False,952,-64.19004821777344,-66.13827514648438,1
An association has at most five scarves.,No association has at most five scarves.,semantics,quantifiers,superlative_quantifiers_2,True,False,True,False,953,-61.08091735839844,-65.00265502929688,1
This girl was approaching at most nine teenagers.,No girl was approaching at most nine teenagers.,semantics,quantifiers,superlative_quantifiers_2,True,False,True,False,954,-58.42021179199219,-61.658226013183594,1
Every organization appreciates at most three high schools.,No organization appreciates at most three high schools.,semantics,quantifiers,superlative_quantifiers_2,True,False,True,False,955,-57.02583312988281,-60.55810546875,1
This adult went to at least ten mountains.,No adult went to at least ten mountains.,semantics,quantifiers,superlative_quantifiers_2,True,False,True,False,956,-57.40192794799805,-60.55249786376953,1
A cashier hid at most seven cars.,No cashier hid at most seven cars.,semantics,quantifiers,superlative_quantifiers_2,True,False,True,False,957,-63.78786849975586,-66.65899658203125,1
That woman is observing at most five actresses.,No woman is observing at most five actresses.,semantics,quantifiers,superlative_quantifiers_2,True,False,True,False,958,-65.84942626953125,-66.17391204833984,1
Every dish should upset at least five companies.,No dish should upset at least five companies.,semantics,quantifiers,superlative_quantifiers_2,True,False,True,False,959,-58.1229362487793,-59.22944641113281,1
A waiter had cleaned at most seven high schools.,No waiter had cleaned at most seven high schools.,semantics,quantifiers,superlative_quantifiers_2,True,False,True,False,960,-68.87370300292969,-71.99565124511719,1
The library alarmed at most two children.,No library alarmed at most two children.,semantics,quantifiers,superlative_quantifiers_2,True,False,True,False,961,-56.710601806640625,-63.052589416503906,1
A company upset at least nine patients.,No company upset at least nine patients.,semantics,quantifiers,superlative_quantifiers_2,True,False,True,False,962,-48.205413818359375,-50.81834411621094,1
Each movie theater did irritate at least five patients.,No movie theater did irritate at least five patients.,semantics,quantifiers,superlative_quantifiers_2,True,False,True,False,963,-69.94647216796875,-73.02458190917969,1
This pedestrian boycotts at least five glaciers.,No pedestrian boycotts at least five glaciers.,semantics,quantifiers,superlative_quantifiers_2,True,False,True,False,964,-69.80413055419922,-70.03558349609375,1
Each rug could resemble at most nine prints.,No rug could resemble at most nine prints.,semantics,quantifiers,superlative_quantifiers_2,True,False,True,False,965,-70.8375244140625,-75.11334228515625,1
Every waitress boasts about at most six customers.,No waitress boasts about at most six customers.,semantics,quantifiers,superlative_quantifiers_2,True,False,True,False,966,-68.48753356933594,-71.52224731445312,1
This child hated at least eight newspaper articles.,No child hated at least eight newspaper articles.,semantics,quantifiers,superlative_quantifiers_2,True,False,True,False,967,-57.55521774291992,-61.34929656982422,1
Every child described at most four essays.,No child described at most four essays.,semantics,quantifiers,superlative_quantifiers_2,True,False,True,False,968,-54.113990783691406,-58.3997917175293,1
The waitress insults at least eight drivers.,No waitress insults at least eight drivers.,semantics,quantifiers,superlative_quantifiers_2,True,False,True,False,969,-55.22549057006836,-58.58404541015625,1
This man insults at least three cafes.,No man insults at least three cafes.,semantics,quantifiers,superlative_quantifiers_2,True,False,True,False,970,-51.332645416259766,-54.61933135986328,1
Each actor had researched at most six paintings.,No actor had researched at most six paintings.,semantics,quantifiers,superlative_quantifiers_2,True,False,True,False,971,-64.22837829589844,-66.95880126953125,1
That waiter can cure at most seven adults.,No waiter can cure at most seven adults.,semantics,quantifiers,superlative_quantifiers_2,True,False,True,False,972,-68.84890747070312,-68.50416564941406,0
Every organization had taken at least five cars.,No organization had taken at least five cars.,semantics,quantifiers,superlative_quantifiers_2,True,False,True,False,973,-51.378265380859375,-53.63196563720703,1
Each senator was descending at least three hills.,No senator was descending at least three hills.,semantics,quantifiers,superlative_quantifiers_2,True,False,True,False,974,-60.95624923706055,-62.61397933959961,1
Each skateboard is upsetting at most four doctors.,No skateboard is upsetting at most four doctors.,semantics,quantifiers,superlative_quantifiers_2,True,False,True,False,975,-71.73699951171875,-73.70652770996094,1
Some teenager is working with at most ten boys.,No teenager is working with at most ten boys.,semantics,quantifiers,superlative_quantifiers_2,True,False,True,False,976,-61.34544372558594,-61.84372329711914,1
Each man had hired at least nine dancers.,No man had hired at least nine dancers.,semantics,quantifiers,superlative_quantifiers_2,True,False,True,False,977,-55.67196273803711,-57.374855041503906,1
Every waitress has scanned at most seven stories.,No waitress has scanned at most seven stories.,semantics,quantifiers,superlative_quantifiers_2,True,False,True,False,978,-63.983009338378906,-66.14199829101562,1
Each guest cleans at least six plates.,No guest cleans at least six plates.,semantics,quantifiers,superlative_quantifiers_2,True,False,True,False,979,-54.053253173828125,-55.79546356201172,1
The museum upset at least four legislatures.,No museum upset at least four legislatures.,semantics,quantifiers,superlative_quantifiers_2,True,False,True,False,980,-58.48607635498047,-63.27888488769531,1
Each teenager ran around at least five movie theaters.,No teenager ran around at least five movie theaters.,semantics,quantifiers,superlative_quantifiers_2,True,False,True,False,981,-63.776695251464844,-66.18760681152344,1
The waiter can explore at least ten banks.,No waiter can explore at least ten banks.,semantics,quantifiers,superlative_quantifiers_2,True,False,True,False,982,-59.14287185668945,-64.95401000976562,1
The bicycle is impressing at most five students.,No bicycle is impressing at most five students.,semantics,quantifiers,superlative_quantifiers_2,True,False,True,False,983,-64.44032287597656,-70.06199645996094,1
Every senator had approached at most eight senators.,No senator had approached at most eight senators.,semantics,quantifiers,superlative_quantifiers_2,True,False,True,False,984,-67.65013885498047,-69.26309204101562,1
A waitress had thought about at least eight glasses.,No waitress had thought about at least eight glasses.,semantics,quantifiers,superlative_quantifiers_2,True,False,True,False,985,-61.881317138671875,-64.0107192993164,1
The patient was investigating at least four waiters.,No patient was investigating at least four waiters.,semantics,quantifiers,superlative_quantifiers_2,True,False,True,False,986,-54.05744171142578,-60.117759704589844,1
Each man would research at least three hospitals.,No man would research at least three hospitals.,semantics,quantifiers,superlative_quantifiers_2,True,False,True,False,987,-55.00160217285156,-57.02507019042969,1
The dancer exited at least two rivers.,No dancer exited at least two rivers.,semantics,quantifiers,superlative_quantifiers_2,True,False,True,False,988,-57.72123336791992,-62.638084411621094,1
Some committee has hired at most six children.,No committee has hired at most six children.,semantics,quantifiers,superlative_quantifiers_2,True,False,True,False,989,-60.38706970214844,-60.59082794189453,1
The customer is arguing about at most three girls.,No customer is arguing about at most three girls.,semantics,quantifiers,superlative_quantifiers_2,True,False,True,False,990,-61.34806823730469,-66.35337829589844,1
Every child had scanned at least six reports.,No child had scanned at least six reports.,semantics,quantifiers,superlative_quantifiers_2,True,False,True,False,991,-57.609806060791016,-58.60859298706055,1
Every guy has discussed at most five guests.,No guy has discussed at most five guests.,semantics,quantifiers,superlative_quantifiers_2,True,False,True,False,992,-57.919036865234375,-61.19866943359375,1
Some patient insults at most eight pedestrians.,No patient insults at most eight pedestrians.,semantics,quantifiers,superlative_quantifiers_2,True,False,True,False,993,-65.0130615234375,-65.63671112060547,1
Each student had sold at most five grocery stores.,No student had sold at most five grocery stores.,semantics,quantifiers,superlative_quantifiers_2,True,False,True,False,994,-59.83641815185547,-63.490623474121094,1
Some pedestrian had kissed at most eight ladies.,No pedestrian had kissed at most eight ladies.,semantics,quantifiers,superlative_quantifiers_2,True,False,True,False,995,-71.47322082519531,-71.63014221191406,1
Some actress heals at most four waiters.,No actress heals at most four waiters.,semantics,quantifiers,superlative_quantifiers_2,True,False,True,False,996,-73.30856323242188,-75.66542053222656,1
The woman has fired at least five children.,No woman has fired at least five children.,semantics,quantifiers,superlative_quantifiers_2,True,False,True,False,997,-42.99177169799805,-47.037940979003906,1
Each student is cleaning at most ten shoes.,No student is cleaning at most ten shoes.,semantics,quantifiers,superlative_quantifiers_2,True,False,True,False,998,-57.49427032470703,-59.75208282470703,1
That apple was looking like at least five prints.,No apple was looking like at least five prints.,semantics,quantifiers,superlative_quantifiers_2,True,False,True,False,999,-64.24148559570312,-68.23365783691406,1
