sentence_good,sentence_bad,field,linguistics_term,UID,simple_LM_method,one_prefix_method,two_prefix_method,lexically_identical,pair_id,good_prob,bad_prob,correct
All convertibles weren't there existing.,There weren't all convertibles existing.,semantics,quantifiers,existential_there_quantifiers_2,True,False,False,False,0,-56.55300521850586,-54.820289611816406,0
Every fish was there astounding Sally.,There was every fish astounding Sally.,semantics,quantifiers,existential_there_quantifiers_2,True,False,False,False,1,-51.47625732421875,-51.62224578857422,1
All sisters of Roger weren't there going to this school.,There weren't all sisters of Roger going to this school.,semantics,quantifiers,existential_there_quantifiers_2,True,False,False,False,2,-69.29290771484375,-68.95671844482422,0
Every documentary is there annoying Anna.,There is every documentary annoying Anna.,semantics,quantifiers,existential_there_quantifiers_2,True,False,False,False,3,-50.404327392578125,-52.81541442871094,1
Each government was there hurting Rhonda.,There was each government hurting Rhonda.,semantics,quantifiers,existential_there_quantifiers_2,True,False,False,False,4,-58.35905838012695,-58.500343322753906,1
Every newspaper article wasn't there wasting away.,There wasn't every newspaper article wasting away.,semantics,quantifiers,existential_there_quantifiers_2,True,False,False,False,5,-59.838600158691406,-60.4813117980957,1
Every student wasn't there leaving Andrew.,There wasn't every student leaving Andrew.,semantics,quantifiers,existential_there_quantifiers_2,True,False,False,False,6,-53.83978271484375,-52.13542175292969,0
Each screen is there alarming Tara.,There is each screen alarming Tara.,semantics,quantifiers,existential_there_quantifiers_2,True,False,False,False,7,-50.873558044433594,-51.97507095336914,1
Most universities weren't there hurting this child.,There weren't most universities hurting this child.,semantics,quantifiers,existential_there_quantifiers_2,True,False,False,False,8,-57.851417541503906,-59.08464813232422,1
Each book is there disturbing Margaret.,There is each book disturbing Margaret.,semantics,quantifiers,existential_there_quantifiers_2,True,False,False,False,9,-47.68781280517578,-50.57899475097656,1
Each art gallery was there irritating a lot of committees.,There was each art gallery irritating a lot of committees.,semantics,quantifiers,existential_there_quantifiers_2,True,False,False,False,10,-67.78982543945312,-71.7508544921875,1
All students weren't there noticing some box.,There weren't all students noticing some box.,semantics,quantifiers,existential_there_quantifiers_2,True,False,False,False,11,-56.56511688232422,-55.745941162109375,0
Each mother of a teenager isn't there asking Mark to scratch.,There isn't each mother of a teenager asking Mark to scratch.,semantics,quantifiers,existential_there_quantifiers_2,True,False,False,False,12,-79.67613220214844,-80.89642333984375,1
Most shows about the Great Lakes are there distracting Lisa.,There are most shows about the Great Lakes distracting Lisa.,semantics,quantifiers,existential_there_quantifiers_2,True,False,False,False,13,-74.2836685180664,-69.92523193359375,0
Most nephews of Irene were there telephoning.,There were most nephews of Irene telephoning.,semantics,quantifiers,existential_there_quantifiers_2,True,False,False,False,14,-75.55429077148438,-73.7370834350586,0
Each horse is there upsetting a lot of teachers.,There is each horse upsetting a lot of teachers.,semantics,quantifiers,existential_there_quantifiers_2,True,False,False,False,15,-57.157222747802734,-55.6310920715332,0
Every story was there hurting Judy.,There was every story hurting Judy.,semantics,quantifiers,existential_there_quantifiers_2,True,False,False,False,16,-45.6816291809082,-46.96229553222656,1
Every plate is there embarrassing Richard.,There is every plate embarrassing Richard.,semantics,quantifiers,existential_there_quantifiers_2,True,False,False,False,17,-53.96104049682617,-53.53901672363281,0
Most computers weren't there alarming Sabrina.,There weren't most computers alarming Sabrina.,semantics,quantifiers,existential_there_quantifiers_2,True,False,False,False,18,-69.96461486816406,-68.11207580566406,0
Every computer wasn't there shocking that actress.,There wasn't every computer shocking that actress.,semantics,quantifiers,existential_there_quantifiers_2,True,False,False,False,19,-61.805511474609375,-61.20667266845703,0
Most reports aren't there disappearing.,There aren't most reports disappearing.,semantics,quantifiers,existential_there_quantifiers_2,True,False,False,False,20,-43.786624908447266,-44.241180419921875,1
Each university was there worrying.,There was each university worrying.,semantics,quantifiers,existential_there_quantifiers_2,True,False,False,False,21,-38.730690002441406,-39.932945251464844,1
Every popsicle isn't there wasting away.,There isn't every popsicle wasting away.,semantics,quantifiers,existential_there_quantifiers_2,True,False,False,False,22,-60.26811981201172,-59.32221984863281,0
All granddaughters of Donald weren't there confusing this doctor.,There weren't all granddaughters of Donald confusing this doctor.,semantics,quantifiers,existential_there_quantifiers_2,True,False,False,False,23,-87.70198822021484,-86.46951293945312,0
Most cars weren't there scaring Kendra.,There weren't most cars scaring Kendra.,semantics,quantifiers,existential_there_quantifiers_2,True,False,False,False,24,-63.99143981933594,-62.700130462646484,0
Every coat wasn't there twirling.,There wasn't every coat twirling.,semantics,quantifiers,existential_there_quantifiers_2,True,False,False,False,25,-55.391517639160156,-49.25946807861328,0
All bikes are there embarrassing Brian.,There are all bikes embarrassing Brian.,semantics,quantifiers,existential_there_quantifiers_2,True,False,False,False,26,-52.79656219482422,-51.394256591796875,0
Each essay isn't there embarrassing Kenneth.,There isn't each essay embarrassing Kenneth.,semantics,quantifiers,existential_there_quantifiers_2,True,False,False,False,27,-60.41189193725586,-62.3894157409668,1
Most organizations are there compelling Claire to stretch.,There are most organizations compelling Claire to stretch.,semantics,quantifiers,existential_there_quantifiers_2,True,False,False,False,28,-63.50826644897461,-63.12635040283203,0
Every fork wasn't there appearing.,There wasn't every fork appearing.,semantics,quantifiers,existential_there_quantifiers_2,True,False,False,False,29,-47.45835494995117,-44.132118225097656,0
All dancers are there talking to Pamela.,There are all dancers talking to Pamela.,semantics,quantifiers,existential_there_quantifiers_2,True,False,False,False,30,-50.805999755859375,-48.50810623168945,0
Most sisters of Veronica weren't there clashing.,There weren't most sisters of Veronica clashing.,semantics,quantifiers,existential_there_quantifiers_2,True,False,False,False,31,-70.40068054199219,-68.51350402832031,0
All lights are there distracting Sarah.,There are all lights distracting Sarah.,semantics,quantifiers,existential_there_quantifiers_2,True,False,False,False,32,-51.274723052978516,-47.491355895996094,0
All daughters of these teachers weren't there messing up pants.,There weren't all daughters of these teachers messing up pants.,semantics,quantifiers,existential_there_quantifiers_2,True,False,False,False,33,-79.01997375488281,-79.44035339355469,1
Every casserole isn't there looking like a lot of sketches.,There isn't every casserole looking like a lot of sketches.,semantics,quantifiers,existential_there_quantifiers_2,True,False,False,False,34,-71.0721435546875,-73.2740478515625,1
Each drawing of Cheryl isn't there existing.,There isn't each drawing of Cheryl existing.,semantics,quantifiers,existential_there_quantifiers_2,True,False,False,False,35,-61.72895812988281,-62.53266143798828,1
Each picture is there appearing.,There is each picture appearing.,semantics,quantifiers,existential_there_quantifiers_2,True,False,False,False,36,-32.49473571777344,-33.60941696166992,1
Every grocery store was there falling.,There was every grocery store falling.,semantics,quantifiers,existential_there_quantifiers_2,True,False,False,False,37,-44.78065872192383,-44.36177062988281,0
Most dishes are there wasting away.,There are most dishes wasting away.,semantics,quantifiers,existential_there_quantifiers_2,True,False,False,False,38,-41.07108688354492,-37.68254089355469,0
All pants were there impressing Alexander.,There were all pants impressing Alexander.,semantics,quantifiers,existential_there_quantifiers_2,True,False,False,False,39,-58.41291046142578,-55.48825454711914,0
Most commentaries about the Impressionists were there bothering Beverly.,There were most commentaries about the Impressionists bothering Beverly.,semantics,quantifiers,existential_there_quantifiers_2,True,False,False,False,40,-96.56151580810547,-97.940673828125,1
Each college campus isn't there alarming Irene.,There isn't each college campus alarming Irene.,semantics,quantifiers,existential_there_quantifiers_2,True,False,False,False,41,-73.27102661132812,-71.6666259765625,0
All organizations were there convincing Winston Churchill to escape.,There were all organizations convincing Winston Churchill to escape.,semantics,quantifiers,existential_there_quantifiers_2,True,False,False,False,42,-73.28111267089844,-71.81568145751953,0
Most wheelbarrows are there dropping.,There are most wheelbarrows dropping.,semantics,quantifiers,existential_there_quantifiers_2,True,False,False,False,43,-60.16501235961914,-54.71857452392578,0
Most skirts were there aggravating waiters.,There were most skirts aggravating waiters.,semantics,quantifiers,existential_there_quantifiers_2,True,False,False,False,44,-62.22108840942383,-60.93738555908203,0
Most cars aren't there slipping.,There aren't most cars slipping.,semantics,quantifiers,existential_there_quantifiers_2,True,False,False,False,45,-43.460975646972656,-43.21270751953125,0
All slopes are there alarming Kathleen.,There are all slopes alarming Kathleen.,semantics,quantifiers,existential_there_quantifiers_2,True,False,False,False,46,-60.14845657348633,-55.026161193847656,0
Every hospital wasn't there urging Wayne to find most cars.,There wasn't every hospital urging Wayne to find most cars.,semantics,quantifiers,existential_there_quantifiers_2,True,False,False,False,47,-86.20451354980469,-83.50817108154297,0
Most guests were there attacking Kimberley.,There were most guests attacking Kimberley.,semantics,quantifiers,existential_there_quantifiers_2,True,False,False,False,48,-54.59471130371094,-53.635841369628906,0
Every picture of a lot of pants wasn't there looking like those sketches.,There wasn't every picture of a lot of pants looking like those sketches.,semantics,quantifiers,existential_there_quantifiers_2,True,False,False,False,49,-79.06393432617188,-76.6663589477539,0
Most computers weren't there alarming Valerie.,There weren't most computers alarming Valerie.,semantics,quantifiers,existential_there_quantifiers_2,True,False,False,False,50,-62.10026550292969,-61.96128845214844,0
Every restaurant is there impressing Patrick.,There is every restaurant impressing Patrick.,semantics,quantifiers,existential_there_quantifiers_2,True,False,False,False,51,-56.279300689697266,-54.850372314453125,0
Every dish was there wasting away.,There was every dish wasting away.,semantics,quantifiers,existential_there_quantifiers_2,True,False,False,False,52,-41.472206115722656,-41.443599700927734,0
Each cucumber was there burning.,There was each cucumber burning.,semantics,quantifiers,existential_there_quantifiers_2,True,False,False,False,53,-43.47337341308594,-44.133392333984375,1
Most movies aren't there worrying Peter.,There aren't most movies worrying Peter.,semantics,quantifiers,existential_there_quantifiers_2,True,False,False,False,54,-53.50732421875,-56.00309753417969,1
Every commentary about the Impressionists is there disgusting an actor.,There is every commentary about the Impressionists disgusting an actor.,semantics,quantifiers,existential_there_quantifiers_2,True,False,False,False,55,-83.97470092773438,-82.7385482788086,0
Every muffin isn't there charring.,There isn't every muffin charring.,semantics,quantifiers,existential_there_quantifiers_2,True,False,False,False,56,-55.24577713012695,-52.582183837890625,0
Most peppers aren't there boring Ann.,There aren't most peppers boring Ann.,semantics,quantifiers,existential_there_quantifiers_2,True,False,False,False,57,-59.7628173828125,-59.599403381347656,0
All cousins of William aren't there predicting Gerald to sigh.,There aren't all cousins of William predicting Gerald to sigh.,semantics,quantifiers,existential_there_quantifiers_2,True,False,False,False,58,-94.48078918457031,-90.6050033569336,0
All shows about the Impressionists weren't there scaring Michael.,There weren't all shows about the Impressionists scaring Michael.,semantics,quantifiers,existential_there_quantifiers_2,True,False,False,False,59,-87.78780364990234,-88.93061065673828,1
All sweaters weren't there shocking Clyde.,There weren't all sweaters shocking Clyde.,semantics,quantifiers,existential_there_quantifiers_2,True,False,False,False,60,-65.63542175292969,-63.765235900878906,0
Every slope was there vanishing.,There was every slope vanishing.,semantics,quantifiers,existential_there_quantifiers_2,True,False,False,False,61,-43.645179748535156,-40.40944290161133,0
Most computers are there falling.,There are most computers falling.,semantics,quantifiers,existential_there_quantifiers_2,True,False,False,False,62,-38.04050827026367,-35.1118049621582,0
All public parks are there boring Jill.,There are all public parks boring Jill.,semantics,quantifiers,existential_there_quantifiers_2,True,False,False,False,63,-60.29363250732422,-56.64982604980469,0
Most mountains are there distracting Scott.,There are most mountains distracting Scott.,semantics,quantifiers,existential_there_quantifiers_2,True,False,False,False,64,-51.66505813598633,-48.044586181640625,0
Every pepper isn't there scorching.,There isn't every pepper scorching.,semantics,quantifiers,existential_there_quantifiers_2,True,False,False,False,65,-52.14579391479492,-49.66237258911133,0
Most boys are there divorcing.,There are most boys divorcing.,semantics,quantifiers,existential_there_quantifiers_2,True,False,False,False,66,-43.52037048339844,-40.697479248046875,0
Each cart is there appearing.,There is each cart appearing.,semantics,quantifiers,existential_there_quantifiers_2,True,False,False,False,67,-35.80302429199219,-36.90093231201172,1
Each mushroom is there annoying Amelia.,There is each mushroom annoying Amelia.,semantics,quantifiers,existential_there_quantifiers_2,True,False,False,False,68,-53.405391693115234,-55.286441802978516,1
Each closet isn't there appearing.,There isn't each closet appearing.,semantics,quantifiers,existential_there_quantifiers_2,True,False,False,False,69,-42.95164108276367,-44.51470184326172,1
Each association isn't there intending to bother Tamara.,There isn't each association intending to bother Tamara.,semantics,quantifiers,existential_there_quantifiers_2,True,False,False,False,70,-73.40989685058594,-73.88680267333984,1
Each casserole is there alarming Anne.,There is each casserole alarming Anne.,semantics,quantifiers,existential_there_quantifiers_2,True,False,False,False,71,-65.89628601074219,-61.48021697998047,0
All slopes were there boring Homer.,There were all slopes boring Homer.,semantics,quantifiers,existential_there_quantifiers_2,True,False,False,False,72,-55.79092788696289,-54.09706497192383,0
Every glacier was there disgusting Walter.,There was every glacier disgusting Walter.,semantics,quantifiers,existential_there_quantifiers_2,True,False,False,False,73,-55.41259765625,-56.28125762939453,1
All bananas weren't there burning.,There weren't all bananas burning.,semantics,quantifiers,existential_there_quantifiers_2,True,False,False,False,74,-45.82427215576172,-42.190643310546875,0
Every guest was there visiting Ann.,There was every guest visiting Ann.,semantics,quantifiers,existential_there_quantifiers_2,True,False,False,False,75,-45.50312042236328,-43.31940460205078,0
Most convertibles are there looking like every painting.,There are most convertibles looking like every painting.,semantics,quantifiers,existential_there_quantifiers_2,True,False,False,False,76,-64.7206802368164,-63.9509391784668,0
All windows aren't there alarming a committee.,There aren't all windows alarming a committee.,semantics,quantifiers,existential_there_quantifiers_2,True,False,False,False,77,-61.51218032836914,-59.75303268432617,0
Every doctor wasn't there existing.,There wasn't every doctor existing.,semantics,quantifiers,existential_there_quantifiers_2,True,False,False,False,78,-44.576969146728516,-44.512760162353516,0
All glasses were there scaring Clyde.,There were all glasses scaring Clyde.,semantics,quantifiers,existential_there_quantifiers_2,True,False,False,False,79,-58.60102844238281,-55.34318542480469,0
All icicles aren't there disturbing Marie.,There aren't all icicles disturbing Marie.,semantics,quantifiers,existential_there_quantifiers_2,True,False,False,False,80,-71.49356079101562,-70.39749145507812,0
Each cousin of Linda isn't there irritating Veronica.,There isn't each cousin of Linda irritating Veronica.,semantics,quantifiers,existential_there_quantifiers_2,True,False,False,False,81,-75.73056030273438,-76.22795867919922,1
Every carriage wasn't there bothering Pamela.,There wasn't every carriage bothering Pamela.,semantics,quantifiers,existential_there_quantifiers_2,True,False,False,False,82,-62.906837463378906,-61.405548095703125,0
Every woman was there intending to remember Thomas.,There was every woman intending to remember Thomas.,semantics,quantifiers,existential_there_quantifiers_2,True,False,False,False,83,-54.33823776245117,-51.88399887084961,0
Every show about Winston Churchill wasn't there astounding Jacqueline.,There wasn't every show about Winston Churchill astounding Jacqueline.,semantics,quantifiers,existential_there_quantifiers_2,True,False,False,False,84,-90.02952575683594,-91.06153869628906,1
Every hamster isn't there distracting Danielle.,There isn't every hamster distracting Danielle.,semantics,quantifiers,existential_there_quantifiers_2,True,False,False,False,85,-64.10920715332031,-63.91267395019531,0
Most libraries were there boring Sally.,There were most libraries boring Sally.,semantics,quantifiers,existential_there_quantifiers_2,True,False,False,False,86,-52.49797058105469,-54.78010177612305,1
All women aren't there discovering Amelia to climb down those slopes.,There aren't all women discovering Amelia to climb down those slopes.,semantics,quantifiers,existential_there_quantifiers_2,True,False,False,False,87,-89.27983093261719,-86.10076141357422,0
All icicles were there confusing this man.,There were all icicles confusing this man.,semantics,quantifiers,existential_there_quantifiers_2,True,False,False,False,88,-64.90182495117188,-64.97699737548828,1
All prints of Derek are there disappearing.,There are all prints of Derek disappearing.,semantics,quantifiers,existential_there_quantifiers_2,True,False,False,False,89,-55.2872428894043,-50.93601989746094,0
Most patients were there pressuring Ella to break a lot of dishes.,There were most patients pressuring Ella to break a lot of dishes.,semantics,quantifiers,existential_there_quantifiers_2,True,False,False,False,90,-83.19842529296875,-82.89751434326172,0
Most movie theaters aren't there distracting Karla.,There aren't most movie theaters distracting Karla.,semantics,quantifiers,existential_there_quantifiers_2,True,False,False,False,91,-76.09430694580078,-75.80834197998047,0
Most waiters were there worrying Carla.,There were most waiters worrying Carla.,semantics,quantifiers,existential_there_quantifiers_2,True,False,False,False,92,-62.943443298339844,-64.95758056640625,1
Each government was there looking to get a job.,There was each government looking to get a job.,semantics,quantifiers,existential_there_quantifiers_2,True,False,False,False,93,-45.482303619384766,-46.82866287231445,1
Most guys aren't there escaping.,There aren't most guys escaping.,semantics,quantifiers,existential_there_quantifiers_2,True,False,False,False,94,-38.84983825683594,-42.213905334472656,1
All fish are there vanishing.,There are all fish vanishing.,semantics,quantifiers,existential_there_quantifiers_2,True,False,False,False,95,-41.46229553222656,-35.1483039855957,0
Each painting isn't there aggravating Barbara.,There isn't each painting aggravating Barbara.,semantics,quantifiers,existential_there_quantifiers_2,True,False,False,False,96,-63.378780364990234,-62.060646057128906,0
Each shoe is there disturbing Erin.,There is each shoe disturbing Erin.,semantics,quantifiers,existential_there_quantifiers_2,True,False,False,False,97,-54.75945281982422,-56.524864196777344,1
All stories about the Balkans are there aggravating all boys.,There are all stories about the Balkans aggravating all boys.,semantics,quantifiers,existential_there_quantifiers_2,True,False,False,False,98,-79.24224853515625,-70.04319763183594,0
Each legislature is there retaliating.,There is each legislature retaliating.,semantics,quantifiers,existential_there_quantifiers_2,True,False,False,False,99,-44.80882263183594,-45.37725067138672,1
Each lake was there boring Marla.,There was each lake boring Marla.,semantics,quantifiers,existential_there_quantifiers_2,True,False,False,False,100,-53.07749557495117,-57.40569305419922,1
Each granddaughter of Stephen is there escaping from James.,There is each granddaughter of Stephen escaping from James.,semantics,quantifiers,existential_there_quantifiers_2,True,False,False,False,101,-64.46199035644531,-61.300758361816406,0
Each cake wasn't there vanishing.,There wasn't each cake vanishing.,semantics,quantifiers,existential_there_quantifiers_2,True,False,False,False,102,-47.66447830200195,-48.187103271484375,1
Every rabbit wasn't there distracting Roger.,There wasn't every rabbit distracting Roger.,semantics,quantifiers,existential_there_quantifiers_2,True,False,False,False,103,-62.04264831542969,-60.192230224609375,0
All icicles are there freezing.,There are all icicles freezing.,semantics,quantifiers,existential_there_quantifiers_2,True,False,False,False,104,-49.17512130737305,-48.92515563964844,0
All windows are there opening.,There are all windows opening.,semantics,quantifiers,existential_there_quantifiers_2,True,False,False,False,105,-35.9598388671875,-31.20531463623047,0
Every cafe is there astounding Gerald.,There is every cafe astounding Gerald.,semantics,quantifiers,existential_there_quantifiers_2,True,False,False,False,106,-56.681453704833984,-56.90639114379883,1
Most waiters were there hugging George.,There were most waiters hugging George.,semantics,quantifiers,existential_there_quantifiers_2,True,False,False,False,107,-55.77850341796875,-57.96600341796875,1
Most lakes weren't there irritating Allison.,There weren't most lakes irritating Allison.,semantics,quantifiers,existential_there_quantifiers_2,True,False,False,False,108,-58.41513442993164,-59.22775650024414,1
Each son of Heather is there kissing Carla.,There is each son of Heather kissing Carla.,semantics,quantifiers,existential_there_quantifiers_2,True,False,False,False,109,-69.63522338867188,-66.41649627685547,0
All waiters are there fleeing from Eva.,There are all waiters fleeing from Eva.,semantics,quantifiers,existential_there_quantifiers_2,True,False,False,False,110,-61.53141403198242,-59.04527282714844,0
Each light was there stunning Jason.,There was each light stunning Jason.,semantics,quantifiers,existential_there_quantifiers_2,True,False,False,False,111,-47.96209716796875,-49.685340881347656,1
Every light wasn't there worrying Peter.,There wasn't every light worrying Peter.,semantics,quantifiers,existential_there_quantifiers_2,True,False,False,False,112,-54.36493682861328,-53.6504020690918,0
Each hat isn't there twirling.,There isn't each hat twirling.,semantics,quantifiers,existential_there_quantifiers_2,True,False,False,False,113,-50.00616455078125,-49.38154220581055,0
All photographs of some screen aren't there looking like most cars.,There aren't all photographs of some screen looking like most cars.,semantics,quantifiers,existential_there_quantifiers_2,True,False,False,False,114,-79.30036163330078,-77.97277069091797,0
Each commentary about the Impressionists wasn't there impressing Julie.,There wasn't each commentary about the Impressionists impressing Julie.,semantics,quantifiers,existential_there_quantifiers_2,True,False,False,False,115,-96.8166732788086,-96.25370025634766,0
Most libraries are there continuing to conceal those waitresses.,There are most libraries continuing to conceal those waitresses.,semantics,quantifiers,existential_there_quantifiers_2,True,False,False,False,116,-75.50655364990234,-75.18782806396484,0
Each jacket is there existing.,There is each jacket existing.,semantics,quantifiers,existential_there_quantifiers_2,True,False,False,False,117,-37.68733215332031,-40.492008209228516,1
Most mirrors are there hurting Alexander.,There are most mirrors hurting Alexander.,semantics,quantifiers,existential_there_quantifiers_2,True,False,False,False,118,-50.797603607177734,-46.35127639770508,0
Most customers are there swallowing.,There are most customers swallowing.,semantics,quantifiers,existential_there_quantifiers_2,True,False,False,False,119,-38.24729537963867,-35.852943420410156,0
Most glasses were there soaking.,There were most glasses soaking.,semantics,quantifiers,existential_there_quantifiers_2,True,False,False,False,120,-40.43819046020508,-40.097660064697266,0
Every book about music isn't there disturbing Roger.,There isn't every book about music disturbing Roger.,semantics,quantifiers,existential_there_quantifiers_2,True,False,False,False,121,-64.43035888671875,-66.95169067382812,1
Most cups aren't there hurting Dennis.,There aren't most cups hurting Dennis.,semantics,quantifiers,existential_there_quantifiers_2,True,False,False,False,122,-57.644004821777344,-56.646942138671875,0
Each shirt is there hurting Guy.,There is each shirt hurting Guy.,semantics,quantifiers,existential_there_quantifiers_2,True,False,False,False,123,-48.78889465332031,-51.48647689819336,1
Most windows are there alarming Frank.,There are most windows alarming Frank.,semantics,quantifiers,existential_there_quantifiers_2,True,False,False,False,124,-54.511409759521484,-51.81317138671875,0
Every cafe is there aggravating Donna.,There is every cafe aggravating Donna.,semantics,quantifiers,existential_there_quantifiers_2,True,False,False,False,125,-57.410797119140625,-56.356449127197266,0
Every boy was there explaining everything.,There was every boy explaining everything.,semantics,quantifiers,existential_there_quantifiers_2,True,False,False,False,126,-39.59064483642578,-39.83599090576172,1
Each lamp wasn't there hurting a girl.,There wasn't each lamp hurting a girl.,semantics,quantifiers,existential_there_quantifiers_2,True,False,False,False,127,-55.633575439453125,-57.392417907714844,1
Each art gallery was there annoying Beth.,There was each art gallery annoying Beth.,semantics,quantifiers,existential_there_quantifiers_2,True,False,False,False,128,-61.652809143066406,-64.14167022705078,1
Most coats aren't there drying.,There aren't most coats drying.,semantics,quantifiers,existential_there_quantifiers_2,True,False,False,False,129,-44.30354690551758,-43.75828552246094,0
Most legislatures weren't there reuniting.,There weren't most legislatures reuniting.,semantics,quantifiers,existential_there_quantifiers_2,True,False,False,False,130,-54.39086151123047,-53.989112854003906,0
Every shirt is there tightening.,There is every shirt tightening.,semantics,quantifiers,existential_there_quantifiers_2,True,False,False,False,131,-37.191104888916016,-37.224098205566406,1
Each report wasn't there confusing John.,There wasn't each report confusing John.,semantics,quantifiers,existential_there_quantifiers_2,True,False,False,False,132,-56.225135803222656,-57.38258361816406,1
Each banana was there astounding Candice.,There was each banana astounding Candice.,semantics,quantifiers,existential_there_quantifiers_2,True,False,False,False,133,-59.507198333740234,-59.080867767333984,0
Most icicles aren't there melting.,There aren't most icicles melting.,semantics,quantifiers,existential_there_quantifiers_2,True,False,False,False,134,-59.659122467041016,-57.54205322265625,0
Every person isn't there thinking about who will eat.,There isn't every person thinking about who will eat.,semantics,quantifiers,existential_there_quantifiers_2,True,False,False,False,135,-54.92573547363281,-54.09687042236328,0
Most paintings of Sheila weren't there falling.,There weren't most paintings of Sheila falling.,semantics,quantifiers,existential_there_quantifiers_2,True,False,False,False,136,-61.939002990722656,-63.85668182373047,1
Most patients were there threatening to testify.,There were most patients threatening to testify.,semantics,quantifiers,existential_there_quantifiers_2,True,False,False,False,137,-45.975379943847656,-46.442745208740234,1
Each mouth wasn't there aggravating Bill.,There wasn't each mouth aggravating Bill.,semantics,quantifiers,existential_there_quantifiers_2,True,False,False,False,138,-62.85777282714844,-62.871620178222656,1
Each pie isn't there upsetting Elaine.,There isn't each pie upsetting Elaine.,semantics,quantifiers,existential_there_quantifiers_2,True,False,False,False,139,-57.85769271850586,-59.29865264892578,1
All photographs of Theresa are there astounding Spain.,There are all photographs of Theresa astounding Spain.,semantics,quantifiers,existential_there_quantifiers_2,True,False,False,False,140,-68.91873931884766,-62.513038635253906,0
All organizations were there thinking about who wouldn't tour that closet.,There were all organizations thinking about who wouldn't tour that closet.,semantics,quantifiers,existential_there_quantifiers_2,True,False,False,False,141,-79.66992950439453,-78.3398208618164,0
Each shirt wasn't there twisting.,There wasn't each shirt twisting.,semantics,quantifiers,existential_there_quantifiers_2,True,False,False,False,142,-43.99699783325195,-44.39714050292969,1
Each newspaper article isn't there shocking Carl.,There isn't each newspaper article shocking Carl.,semantics,quantifiers,existential_there_quantifiers_2,True,False,False,False,143,-67.16383361816406,-69.61335754394531,1
All reports aren't there disgusting Mitchell.,There aren't all reports disgusting Mitchell.,semantics,quantifiers,existential_there_quantifiers_2,True,False,False,False,144,-58.39259719848633,-57.7747802734375,0
All sisters of Denise are there approving.,There are all sisters of Denise approving.,semantics,quantifiers,existential_there_quantifiers_2,True,False,False,False,145,-59.52641677856445,-55.21741485595703,0
All movies weren't there winning.,There weren't all movies winning.,semantics,quantifiers,existential_there_quantifiers_2,True,False,False,False,146,-42.325653076171875,-40.64567565917969,0
Every hat is there crumpling.,There is every hat crumpling.,semantics,quantifiers,existential_there_quantifiers_2,True,False,False,False,147,-51.30744552612305,-49.71746063232422,0
Each book was there scaring some student.,There was each book scaring some student.,semantics,quantifiers,existential_there_quantifiers_2,True,False,False,False,148,-52.42338562011719,-56.9920768737793,1
All projectors were there aggravating Monet.,There were all projectors aggravating Monet.,semantics,quantifiers,existential_there_quantifiers_2,True,False,False,False,149,-71.57295227050781,-69.68374633789062,0
Most governments were there conspiring.,There were most governments conspiring.,semantics,quantifiers,existential_there_quantifiers_2,True,False,False,False,150,-39.04814910888672,-41.16343307495117,1
Every art gallery isn't there impressing Jesus.,There isn't every art gallery impressing Jesus.,semantics,quantifiers,existential_there_quantifiers_2,True,False,False,False,151,-65.30889892578125,-67.29153442382812,1
Every school was there profiting.,There was every school profiting.,semantics,quantifiers,existential_there_quantifiers_2,True,False,False,False,152,-39.75006103515625,-40.072750091552734,1
All photographs are there stunning William.,There are all photographs stunning William.,semantics,quantifiers,existential_there_quantifiers_2,True,False,False,False,153,-48.681915283203125,-48.05750274658203,0
Each grandfather of Julia isn't there considering Marla to praise Nicole.,There isn't each grandfather of Julia considering Marla to praise Nicole.,semantics,quantifiers,existential_there_quantifiers_2,True,False,False,False,154,-98.35908508300781,-101.03810119628906,1
Each cart wasn't there slowing.,There wasn't each cart slowing.,semantics,quantifiers,existential_there_quantifiers_2,True,False,False,False,155,-47.455055236816406,-47.15813446044922,0
All cups weren't there disappearing.,There weren't all cups disappearing.,semantics,quantifiers,existential_there_quantifiers_2,True,False,False,False,156,-45.338626861572266,-43.40266036987305,0
All restaurants weren't there embarrassing every school.,There weren't all restaurants embarrassing every school.,semantics,quantifiers,existential_there_quantifiers_2,True,False,False,False,157,-58.879966735839844,-58.45103454589844,0
Each grandmother of Sarah is there wanting to depart.,There is each grandmother of Sarah wanting to depart.,semantics,quantifiers,existential_there_quantifiers_2,True,False,False,False,158,-61.568485260009766,-64.251708984375,1
Each painting was there stunning Diana.,There was each painting stunning Diana.,semantics,quantifiers,existential_there_quantifiers_2,True,False,False,False,159,-48.483154296875,-50.32628631591797,1
Every photograph of most closets is there appearing.,There is every photograph of most closets appearing.,semantics,quantifiers,existential_there_quantifiers_2,True,False,False,False,160,-62.46062469482422,-58.502506256103516,0
Each dancer was there researching the painting.,There was each dancer researching the painting.,semantics,quantifiers,existential_there_quantifiers_2,True,False,False,False,161,-49.35572814941406,-50.136566162109375,1
Most banks weren't there finding out who disappear.,There weren't most banks finding out who disappear.,semantics,quantifiers,existential_there_quantifiers_2,True,False,False,False,162,-63.692649841308594,-63.419517517089844,0
Each guest was there grinning.,There was each guest grinning.,semantics,quantifiers,existential_there_quantifiers_2,True,False,False,False,163,-40.605567932128906,-39.175907135009766,0
All scarves weren't there warping.,There weren't all scarves warping.,semantics,quantifiers,existential_there_quantifiers_2,True,False,False,False,164,-61.61640930175781,-56.7705192565918,0
Every girl is there cooking.,There is every girl cooking.,semantics,quantifiers,existential_there_quantifiers_2,True,False,False,False,165,-31.755355834960938,-32.10844421386719,1
Every photograph of some candles was there scaring Benjamin.,There was every photograph of some candles scaring Benjamin.,semantics,quantifiers,existential_there_quantifiers_2,True,False,False,False,166,-74.3544921875,-72.89532470703125,0
Every boy isn't there looking like the photographs.,There isn't every boy looking like the photographs.,semantics,quantifiers,existential_there_quantifiers_2,True,False,False,False,167,-54.039772033691406,-55.15007781982422,1
Each truck was there embarrassing Martha.,There was each truck embarrassing Martha.,semantics,quantifiers,existential_there_quantifiers_2,True,False,False,False,168,-55.23019027709961,-54.43648147583008,0
Each door is there embarrassing Samuel.,There is each door embarrassing Samuel.,semantics,quantifiers,existential_there_quantifiers_2,True,False,False,False,169,-51.02336883544922,-51.92141342163086,1
All photographs weren't there boring Phillip.,There weren't all photographs boring Phillip.,semantics,quantifiers,existential_there_quantifiers_2,True,False,False,False,170,-58.11790084838867,-57.9223518371582,0
All movies about the Borgias weren't there winning.,There weren't all movies about the Borgias winning.,semantics,quantifiers,existential_there_quantifiers_2,True,False,False,False,171,-73.0105209350586,-69.44518280029297,0
Most steps weren't there worrying George.,There weren't most steps worrying George.,semantics,quantifiers,existential_there_quantifiers_2,True,False,False,False,172,-54.65008544921875,-56.601375579833984,1
Most art galleries were there annoying Kristen.,There were most art galleries annoying Kristen.,semantics,quantifiers,existential_there_quantifiers_2,True,False,False,False,173,-60.78529357910156,-61.327598571777344,1
Each eye isn't there boring the Clintons.,There isn't each eye boring the Clintons.,semantics,quantifiers,existential_there_quantifiers_2,True,False,False,False,174,-64.52652740478516,-66.23854064941406,1
Most banks weren't there continuing to bore Travis.,There weren't most banks continuing to bore Travis.,semantics,quantifiers,existential_there_quantifiers_2,True,False,False,False,175,-71.25130462646484,-72.17474365234375,1
All chairs aren't there irritating Sandra.,There aren't all chairs irritating Sandra.,semantics,quantifiers,existential_there_quantifiers_2,True,False,False,False,176,-61.067047119140625,-58.70582580566406,0
Most snakes are there disappearing.,There are most snakes disappearing.,semantics,quantifiers,existential_there_quantifiers_2,True,False,False,False,177,-38.76565933227539,-37.277828216552734,0
Each nose was there existing.,There was each nose existing.,semantics,quantifiers,existential_there_quantifiers_2,True,False,False,False,178,-38.82181930541992,-39.42129898071289,1
All hamsters were there finding every patient.,There were all hamsters finding every patient.,semantics,quantifiers,existential_there_quantifiers_2,True,False,False,False,179,-59.277198791503906,-55.83900451660156,0
All plays aren't there disgusting actors.,There aren't all plays disgusting actors.,semantics,quantifiers,existential_there_quantifiers_2,True,False,False,False,180,-55.87587356567383,-53.11265563964844,0
All cats weren't there irritating Lawrence.,There weren't all cats irritating Lawrence.,semantics,quantifiers,existential_there_quantifiers_2,True,False,False,False,181,-60.87479782104492,-57.493408203125,0
Each cafe isn't there shocking Sandra.,There isn't each cafe shocking Sandra.,semantics,quantifiers,existential_there_quantifiers_2,True,False,False,False,182,-61.07771301269531,-62.0677604675293,1
Most legislatures were there needing a lot of doors to shut.,There were most legislatures needing a lot of doors to shut.,semantics,quantifiers,existential_there_quantifiers_2,True,False,False,False,183,-73.06491088867188,-73.54522705078125,1
Most pies are there shocking Brett.,There are most pies shocking Brett.,semantics,quantifiers,existential_there_quantifiers_2,True,False,False,False,184,-54.77734375,-53.15443420410156,0
Most wheelbarrows weren't there disturbing Brenda.,There weren't most wheelbarrows disturbing Brenda.,semantics,quantifiers,existential_there_quantifiers_2,True,False,False,False,185,-82.30859375,-77.78338623046875,0
Most mouths aren't there confusing a lot of dancers.,There aren't most mouths confusing a lot of dancers.,semantics,quantifiers,existential_there_quantifiers_2,True,False,False,False,186,-65.91667938232422,-65.6428451538086,0
Every guy isn't there yelling.,There isn't every guy yelling.,semantics,quantifiers,existential_there_quantifiers_2,True,False,False,False,187,-40.48259735107422,-40.475982666015625,0
Every committee was there describing many waitresses.,There was every committee describing many waitresses.,semantics,quantifiers,existential_there_quantifiers_2,True,False,False,False,188,-66.2923812866211,-64.92813110351562,0
All ladies are there noticing some senator.,There are all ladies noticing some senator.,semantics,quantifiers,existential_there_quantifiers_2,True,False,False,False,189,-53.707916259765625,-51.533424377441406,0
Most rugs were there looking like some drawing.,There were most rugs looking like some drawing.,semantics,quantifiers,existential_there_quantifiers_2,True,False,False,False,190,-55.76816940307617,-56.26338195800781,1
Every nose was there alarming Jennifer.,There was every nose alarming Jennifer.,semantics,quantifiers,existential_there_quantifiers_2,True,False,False,False,191,-53.515602111816406,-52.53776550292969,0
All drawings of every box were there existing.,There were all drawings of every box existing.,semantics,quantifiers,existential_there_quantifiers_2,True,False,False,False,192,-60.08290100097656,-58.880043029785156,0
Every bike isn't there distracting women.,There isn't every bike distracting women.,semantics,quantifiers,existential_there_quantifiers_2,True,False,False,False,193,-53.694053649902344,-53.30885696411133,0
Every unicycle isn't there impressing Sabrina.,There isn't every unicycle impressing Sabrina.,semantics,quantifiers,existential_there_quantifiers_2,True,False,False,False,194,-78.53411102294922,-78.83966064453125,1
Each mirror wasn't there wasting away.,There wasn't each mirror wasting away.,semantics,quantifiers,existential_there_quantifiers_2,True,False,False,False,195,-50.086124420166016,-50.39892578125,1
Every convertible wasn't there boring Chad.,There wasn't every convertible boring Chad.,semantics,quantifiers,existential_there_quantifiers_2,True,False,False,False,196,-61.37049102783203,-59.59787368774414,0
All governments are there seeming to hug.,There are all governments seeming to hug.,semantics,quantifiers,existential_there_quantifiers_2,True,False,False,False,197,-52.80699920654297,-51.07375717163086,0
Most associations are there prompting Irene to perform.,There are most associations prompting Irene to perform.,semantics,quantifiers,existential_there_quantifiers_2,True,False,False,False,198,-68.39306640625,-66.54450988769531,0
All organizations weren't there failing to help Melanie.,There weren't all organizations failing to help Melanie.,semantics,quantifiers,existential_there_quantifiers_2,True,False,False,False,199,-64.28407287597656,-63.267921447753906,0
All dresses were there shrinking.,There were all dresses shrinking.,semantics,quantifiers,existential_there_quantifiers_2,True,False,False,False,200,-41.456993103027344,-40.98255920410156,0
Most lamps are there disgusting some legislature.,There are most lamps disgusting some legislature.,semantics,quantifiers,existential_there_quantifiers_2,True,False,False,False,201,-62.43063735961914,-61.21700668334961,0
Each grandmother of Frank was there hiding an actress.,There was each grandmother of Frank hiding an actress.,semantics,quantifiers,existential_there_quantifiers_2,True,False,False,False,202,-67.82612609863281,-68.35385131835938,1
All carts are there tipping over.,There are all carts tipping over.,semantics,quantifiers,existential_there_quantifiers_2,True,False,False,False,203,-46.902740478515625,-45.58867645263672,0
Each shawl was there impressing Stacey.,There was each shawl impressing Stacey.,semantics,quantifiers,existential_there_quantifiers_2,True,False,False,False,204,-73.8021240234375,-72.89817810058594,0
Most gates weren't there looking like most photographs.,There weren't most gates looking like most photographs.,semantics,quantifiers,existential_there_quantifiers_2,True,False,False,False,205,-63.83290100097656,-63.366844177246094,0
All planes were there tipping over.,There were all planes tipping over.,semantics,quantifiers,existential_there_quantifiers_2,True,False,False,False,206,-46.34375762939453,-45.50917053222656,0
All teenagers are there exploring most glaciers.,There are all teenagers exploring most glaciers.,semantics,quantifiers,existential_there_quantifiers_2,True,False,False,False,207,-53.98029327392578,-50.98271179199219,0
Most commentaries aren't there distracting some patients.,There aren't most commentaries distracting some patients.,semantics,quantifiers,existential_there_quantifiers_2,True,False,False,False,208,-68.75442504882812,-71.5186538696289,1
Most scarves aren't there folding.,There aren't most scarves folding.,semantics,quantifiers,existential_there_quantifiers_2,True,False,False,False,209,-53.07582092285156,-48.944610595703125,0
Most coats aren't there appearing.,There aren't most coats appearing.,semantics,quantifiers,existential_there_quantifiers_2,True,False,False,False,210,-43.48270797729492,-42.939517974853516,0
Each grandson of Liam is there learning.,There is each grandson of Liam learning.,semantics,quantifiers,existential_there_quantifiers_2,True,False,False,False,211,-51.96803665161133,-53.53250503540039,1
Most shows about art are there scaring Samuel.,There are most shows about art scaring Samuel.,semantics,quantifiers,existential_there_quantifiers_2,True,False,False,False,212,-69.81678009033203,-64.13412475585938,0
All fathers of Scott are there hiding away.,There are all fathers of Scott hiding away.,semantics,quantifiers,existential_there_quantifiers_2,True,False,False,False,213,-59.59895706176758,-54.07590866088867,0
Most books aren't there stunning Elaine.,There aren't most books stunning Elaine.,semantics,quantifiers,existential_there_quantifiers_2,True,False,False,False,214,-53.572669982910156,-56.622840881347656,1
Each painting of Alexander is there disgusting Nancy.,There is each painting of Alexander disgusting Nancy.,semantics,quantifiers,existential_there_quantifiers_2,True,False,False,False,215,-66.08918762207031,-66.77640533447266,1
Most ladies weren't there thinking about this hair.,There weren't most ladies thinking about this hair.,semantics,quantifiers,existential_there_quantifiers_2,True,False,False,False,216,-51.478050231933594,-53.74907302856445,1
Most eyes weren't there hurting Timothy.,There weren't most eyes hurting Timothy.,semantics,quantifiers,existential_there_quantifiers_2,True,False,False,False,217,-55.32318878173828,-56.720726013183594,1
All cars are there looking like paintings.,There are all cars looking like paintings.,semantics,quantifiers,existential_there_quantifiers_2,True,False,False,False,218,-50.09538650512695,-45.2558708190918,0
Most pants were there stretching.,There were most pants stretching.,semantics,quantifiers,existential_there_quantifiers_2,True,False,False,False,219,-38.76299285888672,-38.732975006103516,0
Every play about the Great Lakes isn't there impressing Elaine.,There isn't every play about the Great Lakes impressing Elaine.,semantics,quantifiers,existential_there_quantifiers_2,True,False,False,False,220,-85.35387420654297,-85.81747436523438,1
Most rugs were there hurting Andrew.,There were most rugs hurting Andrew.,semantics,quantifiers,existential_there_quantifiers_2,True,False,False,False,221,-54.069862365722656,-54.53961944580078,1
Most slopes were there astounding Mary.,There were most slopes astounding Mary.,semantics,quantifiers,existential_there_quantifiers_2,True,False,False,False,222,-53.39659118652344,-54.10252380371094,1
Most pedestrians weren't there meeting.,There weren't most pedestrians meeting.,semantics,quantifiers,existential_there_quantifiers_2,True,False,False,False,223,-43.853668212890625,-43.70738983154297,0
Every hamster wasn't there falling.,There wasn't every hamster falling.,semantics,quantifiers,existential_there_quantifiers_2,True,False,False,False,224,-49.83594512939453,-49.559242248535156,0
Most candles weren't there boring Bruce.,There weren't most candles boring Bruce.,semantics,quantifiers,existential_there_quantifiers_2,True,False,False,False,225,-58.100582122802734,-57.995174407958984,0
Each senator is there astounding Grace.,There is each senator astounding Grace.,semantics,quantifiers,existential_there_quantifiers_2,True,False,False,False,226,-54.042354583740234,-55.98112487792969,1
Every drawing wasn't there astounding the government.,There wasn't every drawing astounding the government.,semantics,quantifiers,existential_there_quantifiers_2,True,False,False,False,227,-58.900672912597656,-58.289398193359375,0
Every hat was there upsetting a government.,There was every hat upsetting a government.,semantics,quantifiers,existential_there_quantifiers_2,True,False,False,False,228,-52.134796142578125,-53.37191390991211,1
Every horse wasn't there disappearing.,There wasn't every horse disappearing.,semantics,quantifiers,existential_there_quantifiers_2,True,False,False,False,229,-43.761878967285156,-41.72001647949219,0
Most ladders were there astounding Danielle.,There were most ladders astounding Danielle.,semantics,quantifiers,existential_there_quantifiers_2,True,False,False,False,230,-62.58732223510742,-59.94178009033203,0
Most friends of Omar weren't there reacting.,There weren't most friends of Omar reacting.,semantics,quantifiers,existential_there_quantifiers_2,True,False,False,False,231,-63.01912307739258,-62.39556121826172,0
Every glacier is there existing.,There is every glacier existing.,semantics,quantifiers,existential_there_quantifiers_2,True,False,False,False,232,-40.41444396972656,-39.24470520019531,0
All doctors are there lifting every college campus.,There are all doctors lifting every college campus.,semantics,quantifiers,existential_there_quantifiers_2,True,False,False,False,233,-61.84050750732422,-57.671634674072266,0
Each museum was there selling these computers.,There was each museum selling these computers.,semantics,quantifiers,existential_there_quantifiers_2,True,False,False,False,234,-49.903343200683594,-49.63616943359375,0
Each museum wasn't there enticing some synopsis to disgust this doctor.,There wasn't each museum enticing some synopsis to disgust this doctor.,semantics,quantifiers,existential_there_quantifiers_2,True,False,False,False,235,-99.49180603027344,-100.04790496826172,1
All fathers of Karla were there worrying.,There were all fathers of Karla worrying.,semantics,quantifiers,existential_there_quantifiers_2,True,False,False,False,236,-64.55435943603516,-60.83779525756836,0
Every public park wasn't there embarrassing Veronica.,There wasn't every public park embarrassing Veronica.,semantics,quantifiers,existential_there_quantifiers_2,True,False,False,False,237,-72.0037841796875,-70.10513305664062,0
All cousins of Kathleen weren't there going to Spain.,There weren't all cousins of Kathleen going to Spain.,semantics,quantifiers,existential_there_quantifiers_2,True,False,False,False,238,-70.73570251464844,-68.8499984741211,0
All teenagers are there reacting.,There are all teenagers reacting.,semantics,quantifiers,existential_there_quantifiers_2,True,False,False,False,239,-38.969539642333984,-37.174224853515625,0
Every fish was there upsetting Jennifer.,There was every fish upsetting Jennifer.,semantics,quantifiers,existential_there_quantifiers_2,True,False,False,False,240,-52.308658599853516,-51.8025016784668,0
Every lamp was there wasting away.,There was every lamp wasting away.,semantics,quantifiers,existential_there_quantifiers_2,True,False,False,False,241,-44.008872985839844,-44.75123977661133,1
Each patient was there speaking up.,There was each patient speaking up.,semantics,quantifiers,existential_there_quantifiers_2,True,False,False,False,242,-40.95158767700195,-40.91082763671875,0
Each restaurant isn't there alarming Chad.,There isn't each restaurant alarming Chad.,semantics,quantifiers,existential_there_quantifiers_2,True,False,False,False,243,-57.621612548828125,-60.006649017333984,1
Each school is there discovering every lamp to brighten.,There is each school discovering every lamp to brighten.,semantics,quantifiers,existential_there_quantifiers_2,True,False,False,False,244,-72.00440979003906,-74.32713317871094,1
All children were there begging a friend of Rose to kiss Janet.,There were all children begging a friend of Rose to kiss Janet.,semantics,quantifiers,existential_there_quantifiers_2,True,False,False,False,245,-90.244140625,-87.6546401977539,0
Every cup isn't there bothering Gerald.,There isn't every cup bothering Gerald.,semantics,quantifiers,existential_there_quantifiers_2,True,False,False,False,246,-60.484657287597656,-58.808441162109375,0
Every lake wasn't there confusing Holly.,There wasn't every lake confusing Holly.,semantics,quantifiers,existential_there_quantifiers_2,True,False,False,False,247,-57.641944885253906,-56.644989013671875,0
All pies are there blackening.,There are all pies blackening.,semantics,quantifiers,existential_there_quantifiers_2,True,False,False,False,248,-42.979984283447266,-41.50061798095703,0
Every plate wasn't there hurting Veronica.,There wasn't every plate hurting Veronica.,semantics,quantifiers,existential_there_quantifiers_2,True,False,False,False,249,-63.04634094238281,-60.20301055908203,0
Every bird is there finding some water.,There is every bird finding some water.,semantics,quantifiers,existential_there_quantifiers_2,True,False,False,False,250,-46.07844924926758,-44.16917419433594,0
Most girls are there figuring out who could tour the cafes.,There are most girls figuring out who could tour the cafes.,semantics,quantifiers,existential_there_quantifiers_2,True,False,False,False,251,-72.507080078125,-68.9242935180664,0
Most actors are there wearing glasses.,There are most actors wearing glasses.,semantics,quantifiers,existential_there_quantifiers_2,True,False,False,False,252,-41.881927490234375,-39.690895080566406,0
Most peppers were there going bad.,There were most peppers going bad.,semantics,quantifiers,existential_there_quantifiers_2,True,False,False,False,253,-46.91423797607422,-46.460121154785156,0
Each photograph was there stunning Amelia.,There was each photograph stunning Amelia.,semantics,quantifiers,existential_there_quantifiers_2,True,False,False,False,254,-49.6901969909668,-51.87138748168945,1
All waiters weren't there alarming Nina.,There weren't all waiters alarming Nina.,semantics,quantifiers,existential_there_quantifiers_2,True,False,False,False,255,-68.63441467285156,-68.61322021484375,0
Most men are there boring guys.,There are most men boring guys.,semantics,quantifiers,existential_there_quantifiers_2,True,False,False,False,256,-40.73426055908203,-38.14091491699219,0
Every committee was there succeeding.,There was every committee succeeding.,semantics,quantifiers,existential_there_quantifiers_2,True,False,False,False,257,-39.91116714477539,-39.36573791503906,0
Each book is there annoying Tanya.,There is each book annoying Tanya.,semantics,quantifiers,existential_there_quantifiers_2,True,False,False,False,258,-49.244781494140625,-52.44989776611328,1
All icicles aren't there disappearing.,There aren't all icicles disappearing.,semantics,quantifiers,existential_there_quantifiers_2,True,False,False,False,259,-57.54265213012695,-56.94770050048828,0
All windows aren't there distracting Kristin.,There aren't all windows distracting Kristin.,semantics,quantifiers,existential_there_quantifiers_2,True,False,False,False,260,-60.611846923828125,-56.81129837036133,0
Most trucks weren't there accelerating.,There weren't most trucks accelerating.,semantics,quantifiers,existential_there_quantifiers_2,True,False,False,False,261,-49.99159622192383,-48.47793197631836,0
All grandsons of Aaron were there disappearing.,There were all grandsons of Aaron disappearing.,semantics,quantifiers,existential_there_quantifiers_2,True,False,False,False,262,-70.15534973144531,-66.70950317382812,0
Most senators weren't there fighting.,There weren't most senators fighting.,semantics,quantifiers,existential_there_quantifiers_2,True,False,False,False,263,-46.540748596191406,-45.68498229980469,0
Every book about Harvard University was there confusing that cashier.,There was every book about Harvard University confusing that cashier.,semantics,quantifiers,existential_there_quantifiers_2,True,False,False,False,264,-80.43647766113281,-80.60768127441406,1
All teenagers weren't there considering Julia to sing.,There weren't all teenagers considering Julia to sing.,semantics,quantifiers,existential_there_quantifiers_2,True,False,False,False,265,-64.86727905273438,-65.30552673339844,1
Each cake isn't there distracting every teenager.,There isn't each cake distracting every teenager.,semantics,quantifiers,existential_there_quantifiers_2,True,False,False,False,266,-60.08685302734375,-63.709415435791016,1
Each library isn't there hurting Michael.,There isn't each library hurting Michael.,semantics,quantifiers,existential_there_quantifiers_2,True,False,False,False,267,-53.61381530761719,-55.12313461303711,1
Every grandfather of Deborah wasn't there encouraging Katherine to drink.,There wasn't every grandfather of Deborah encouraging Katherine to drink.,semantics,quantifiers,existential_there_quantifiers_2,True,False,False,False,268,-86.54773712158203,-87.77050018310547,1
Most bananas were there charring.,There were most bananas charring.,semantics,quantifiers,existential_there_quantifiers_2,True,False,False,False,269,-47.903690338134766,-46.417198181152344,0
All reports are there scaring Roger.,There are all reports scaring Roger.,semantics,quantifiers,existential_there_quantifiers_2,True,False,False,False,270,-54.2244987487793,-52.57024383544922,0
Each college campus is there appearing.,There is each college campus appearing.,semantics,quantifiers,existential_there_quantifiers_2,True,False,False,False,271,-45.601070404052734,-45.34651565551758,0
All shows about the Impressionists are there upsetting Thomas.,There are all shows about the Impressionists upsetting Thomas.,semantics,quantifiers,existential_there_quantifiers_2,True,False,False,False,272,-81.41039276123047,-77.6611328125,0
Each muffin wasn't there blackening.,There wasn't each muffin blackening.,semantics,quantifiers,existential_there_quantifiers_2,True,False,False,False,273,-53.506778717041016,-50.65581130981445,0
Every popsicle isn't there worrying every man.,There isn't every popsicle worrying every man.,semantics,quantifiers,existential_there_quantifiers_2,True,False,False,False,274,-67.63500213623047,-67.22933959960938,0
Each play about the Lutherans isn't there bothering Deanna.,There isn't each play about the Lutherans bothering Deanna.,semantics,quantifiers,existential_there_quantifiers_2,True,False,False,False,275,-91.76473999023438,-92.2278060913086,1
Each casserole was there existing.,There was each casserole existing.,semantics,quantifiers,existential_there_quantifiers_2,True,False,False,False,276,-51.475746154785156,-49.82109069824219,0
Each mirror wasn't there confusing that dancer.,There wasn't each mirror confusing that dancer.,semantics,quantifiers,existential_there_quantifiers_2,True,False,False,False,277,-63.143348693847656,-63.85639572143555,1
All eyes were there impressing girls.,There were all eyes impressing girls.,semantics,quantifiers,existential_there_quantifiers_2,True,False,False,False,278,-52.73828125,-50.33318328857422,0
Most pants weren't there twisting.,There weren't most pants twisting.,semantics,quantifiers,existential_there_quantifiers_2,True,False,False,False,279,-45.669586181640625,-46.727691650390625,1
Every shawl is there flattening.,There is every shawl flattening.,semantics,quantifiers,existential_there_quantifiers_2,True,False,False,False,280,-55.706390380859375,-49.44671630859375,0
Most essays aren't there upsetting every company.,There aren't most essays upsetting every company.,semantics,quantifiers,existential_there_quantifiers_2,True,False,False,False,281,-58.50572967529297,-57.05979919433594,0
All grocery stores are there disgusting Melanie.,There are all grocery stores disgusting Melanie.,semantics,quantifiers,existential_there_quantifiers_2,True,False,False,False,282,-60.455787658691406,-58.71686935424805,0
Most windows were there worrying the Impressionists.,There were most windows worrying the Impressionists.,semantics,quantifiers,existential_there_quantifiers_2,True,False,False,False,283,-64.10418701171875,-64.70561218261719,1
All cousins of Noah are there profiting.,There are all cousins of Noah profiting.,semantics,quantifiers,existential_there_quantifiers_2,True,False,False,False,284,-61.923946380615234,-55.934078216552734,0
Most pictures are there vanishing.,There are most pictures vanishing.,semantics,quantifiers,existential_there_quantifiers_2,True,False,False,False,285,-40.087764739990234,-36.15540313720703,0
Most cakes are there blackening.,There are most cakes blackening.,semantics,quantifiers,existential_there_quantifiers_2,True,False,False,False,286,-42.92936706542969,-40.9854850769043,0
All waiters aren't there yawning.,There aren't all waiters yawning.,semantics,quantifiers,existential_there_quantifiers_2,True,False,False,False,287,-54.925933837890625,-54.25664138793945,0
Most eggplants were there wasting away.,There were most eggplants wasting away.,semantics,quantifiers,existential_there_quantifiers_2,True,False,False,False,288,-61.496376037597656,-59.49774932861328,0
Every story about Harvard University wasn't there astounding those patients.,There wasn't every story about Harvard University astounding those patients.,semantics,quantifiers,existential_there_quantifiers_2,True,False,False,False,289,-79.42202758789062,-78.09196472167969,0
Most tomatoes were there going bad.,There were most tomatoes going bad.,semantics,quantifiers,existential_there_quantifiers_2,True,False,False,False,290,-47.089691162109375,-46.37537384033203,0
Every unicycle was there turning.,There was every unicycle turning.,semantics,quantifiers,existential_there_quantifiers_2,True,False,False,False,291,-47.863731384277344,-46.58806610107422,0
All lights aren't there looking like pictures.,There aren't all lights looking like pictures.,semantics,quantifiers,existential_there_quantifiers_2,True,False,False,False,292,-53.57025909423828,-50.18578338623047,0
All cucumbers weren't there disgusting Wendy.,There weren't all cucumbers disgusting Wendy.,semantics,quantifiers,existential_there_quantifiers_2,True,False,False,False,293,-67.76334381103516,-66.96466064453125,0
Every drawing was there vanishing.,There was every drawing vanishing.,semantics,quantifiers,existential_there_quantifiers_2,True,False,False,False,294,-42.79570770263672,-41.023956298828125,0
Each window was there appearing.,There was each window appearing.,semantics,quantifiers,existential_there_quantifiers_2,True,False,False,False,295,-35.03614044189453,-36.2889289855957,1
Each guest is there managing to clean the chair.,There is each guest managing to clean the chair.,semantics,quantifiers,existential_there_quantifiers_2,True,False,False,False,296,-55.874488830566406,-55.301841735839844,0
Every actor is there learning what ripens.,There is every actor learning what ripens.,semantics,quantifiers,existential_there_quantifiers_2,True,False,False,False,297,-54.83411407470703,-58.28534698486328,1
Most pictures of most books were there hurting Kirsten.,There were most pictures of most books hurting Kirsten.,semantics,quantifiers,existential_there_quantifiers_2,True,False,False,False,298,-69.0755844116211,-70.3309555053711,1
Every bike is there existing.,There is every bike existing.,semantics,quantifiers,existential_there_quantifiers_2,True,False,False,False,299,-36.306236267089844,-35.38389205932617,0
All libraries were there failing to help Gary.,There were all libraries failing to help Gary.,semantics,quantifiers,existential_there_quantifiers_2,True,False,False,False,300,-57.760746002197266,-56.66071319580078,0
Each light is there wasting away.,There is each light wasting away.,semantics,quantifiers,existential_there_quantifiers_2,True,False,False,False,301,-38.89067840576172,-39.07299041748047,1
Most girls are there remembering what frays.,There are most girls remembering what frays.,semantics,quantifiers,existential_there_quantifiers_2,True,False,False,False,302,-57.203208923339844,-55.72052001953125,0
All skateboards are there rolling.,There are all skateboards rolling.,semantics,quantifiers,existential_there_quantifiers_2,True,False,False,False,303,-47.34721374511719,-42.913536071777344,0
All shirts were there scaring the child.,There were all shirts scaring the child.,semantics,quantifiers,existential_there_quantifiers_2,True,False,False,False,304,-55.8837890625,-53.573089599609375,0
Most men are there continuing to react.,There are most men continuing to react.,semantics,quantifiers,existential_there_quantifiers_2,True,False,False,False,305,-45.88452911376953,-43.863006591796875,0
Each driver is there studying.,There is each driver studying.,semantics,quantifiers,existential_there_quantifiers_2,True,False,False,False,306,-34.325035095214844,-36.130096435546875,1
Each photograph wasn't there wasting away.,There wasn't each photograph wasting away.,semantics,quantifiers,existential_there_quantifiers_2,True,False,False,False,307,-51.6904411315918,-50.73345947265625,0
All doctors are there spinning around.,There are all doctors spinning around.,semantics,quantifiers,existential_there_quantifiers_2,True,False,False,False,308,-42.674957275390625,-39.93638610839844,0
Every woman was there failing to chat.,There was every woman failing to chat.,semantics,quantifiers,existential_there_quantifiers_2,True,False,False,False,309,-43.49272155761719,-42.944610595703125,0
Every dancer is there stretching.,There is every dancer stretching.,semantics,quantifiers,existential_there_quantifiers_2,True,False,False,False,310,-36.16572952270508,-38.1578369140625,1
Each print of the patient isn't there shocking Raymond.,There isn't each print of the patient shocking Raymond.,semantics,quantifiers,existential_there_quantifiers_2,True,False,False,False,311,-72.64898681640625,-74.1574478149414,1
All movie theaters aren't there impressing libraries.,There aren't all movie theaters impressing libraries.,semantics,quantifiers,existential_there_quantifiers_2,True,False,False,False,312,-72.82659912109375,-70.94659423828125,0
Most teenagers weren't there arguing.,There weren't most teenagers arguing.,semantics,quantifiers,existential_there_quantifiers_2,True,False,False,False,313,-43.229637145996094,-44.847320556640625,1
Every slope wasn't there wasting away.,There wasn't every slope wasting away.,semantics,quantifiers,existential_there_quantifiers_2,True,False,False,False,314,-52.407020568847656,-49.50480651855469,0
All waitresses are there donating.,There are all waitresses donating.,semantics,quantifiers,existential_there_quantifiers_2,True,False,False,False,315,-51.6657829284668,-49.09910583496094,0
Each banana isn't there growing.,There isn't each banana growing.,semantics,quantifiers,existential_there_quantifiers_2,True,False,False,False,316,-43.977020263671875,-44.53841781616211,1
Every hill was there annoying Judy.,There was every hill annoying Judy.,semantics,quantifiers,existential_there_quantifiers_2,True,False,False,False,317,-52.95829772949219,-53.03038787841797,1
Each print of Amanda is there shocking some ladies.,There is each print of Amanda shocking some ladies.,semantics,quantifiers,existential_there_quantifiers_2,True,False,False,False,318,-71.64523315429688,-70.27333068847656,0
Every hat isn't there confusing Renee.,There isn't every hat confusing Renee.,semantics,quantifiers,existential_there_quantifiers_2,True,False,False,False,319,-60.14830780029297,-59.70335388183594,0
Most stairs weren't there appearing.,There weren't most stairs appearing.,semantics,quantifiers,existential_there_quantifiers_2,True,False,False,False,320,-45.20709991455078,-45.475799560546875,1
All peppers are there existing.,There are all peppers existing.,semantics,quantifiers,existential_there_quantifiers_2,True,False,False,False,321,-42.27113342285156,-38.58915710449219,0
Most patients are there saluting.,There are most patients saluting.,semantics,quantifiers,existential_there_quantifiers_2,True,False,False,False,322,-42.91400146484375,-41.038055419921875,0
Each window wasn't there distracting Stephanie.,There wasn't each window distracting Stephanie.,semantics,quantifiers,existential_there_quantifiers_2,True,False,False,False,323,-59.53172302246094,-58.59040069580078,0
All sisters of a boy aren't there corresponding.,There aren't all sisters of a boy corresponding.,semantics,quantifiers,existential_there_quantifiers_2,True,False,False,False,324,-64.31108093261719,-62.134239196777344,0
Most plays about Harvard University were there confusing Randolf.,There were most plays about Harvard University confusing Randolf.,semantics,quantifiers,existential_there_quantifiers_2,True,False,False,False,325,-82.10157775878906,-81.08198547363281,0
Every senator isn't there anticipating Sonia to bake.,There isn't every senator anticipating Sonia to bake.,semantics,quantifiers,existential_there_quantifiers_2,True,False,False,False,326,-74.03343200683594,-74.34159851074219,1
Most friends of Vincent are there failing to blink.,There are most friends of Vincent failing to blink.,semantics,quantifiers,existential_there_quantifiers_2,True,False,False,False,327,-63.01966857910156,-61.110931396484375,0
All grandmothers of Christina aren't there imploring Christina to talk.,There aren't all grandmothers of Christina imploring Christina to talk.,semantics,quantifiers,existential_there_quantifiers_2,True,False,False,False,328,-101.83350372314453,-102.14891052246094,1
All reports about the Borgias are there aggravating some organizations.,There are all reports about the Borgias aggravating some organizations.,semantics,quantifiers,existential_there_quantifiers_2,True,False,False,False,329,-86.01394653320312,-79.06373596191406,0
Most cars aren't there distracting Randolf.,There aren't most cars distracting Randolf.,semantics,quantifiers,existential_there_quantifiers_2,True,False,False,False,330,-67.03166198730469,-65.77012634277344,0
Every chair was there astounding Jill.,There was every chair astounding Jill.,semantics,quantifiers,existential_there_quantifiers_2,True,False,False,False,331,-50.735435485839844,-51.41090393066406,1
All slopes weren't there distracting Sonia.,There weren't all slopes distracting Sonia.,semantics,quantifiers,existential_there_quantifiers_2,True,False,False,False,332,-63.497581481933594,-60.86654281616211,0
Each play about the Lutherans wasn't there disagreeing.,There wasn't each play about the Lutherans disagreeing.,semantics,quantifiers,existential_there_quantifiers_2,True,False,False,False,333,-77.58789825439453,-77.71168518066406,1
Most essays were there confusing that cashier.,There were most essays confusing that cashier.,semantics,quantifiers,existential_there_quantifiers_2,True,False,False,False,334,-62.37995910644531,-62.29793167114258,0
All organizations were there wanting to admire Kathleen.,There were all organizations wanting to admire Kathleen.,semantics,quantifiers,existential_there_quantifiers_2,True,False,False,False,335,-61.04560470581055,-58.13294982910156,0
Most movies about music were there aggravating April.,There were most movies about music aggravating April.,semantics,quantifiers,existential_there_quantifiers_2,True,False,False,False,336,-67.5750732421875,-65.63363647460938,0
Every book about Galileo was there wasting away.,There was every book about Galileo wasting away.,semantics,quantifiers,existential_there_quantifiers_2,True,False,False,False,337,-61.5231819152832,-60.21379852294922,0
Every play wasn't there disagreeing.,There wasn't every play disagreeing.,semantics,quantifiers,existential_there_quantifiers_2,True,False,False,False,338,-49.48683166503906,-48.995567321777344,0
Every pie isn't there blackening.,There isn't every pie blackening.,semantics,quantifiers,existential_there_quantifiers_2,True,False,False,False,339,-47.81221008300781,-47.113807678222656,0
Each door is there boring Stacy.,There is each door boring Stacy.,semantics,quantifiers,existential_there_quantifiers_2,True,False,False,False,340,-48.612030029296875,-50.05183410644531,1
All glaciers aren't there worrying that company.,There aren't all glaciers worrying that company.,semantics,quantifiers,existential_there_quantifiers_2,True,False,False,False,341,-58.55122756958008,-58.136749267578125,0
Every coat wasn't there alarming Kayla.,There wasn't every coat alarming Kayla.,semantics,quantifiers,existential_there_quantifiers_2,True,False,False,False,342,-68.67475891113281,-64.29644775390625,0
All pictures of the drawing are there distracting all customers.,There are all pictures of the drawing distracting all customers.,semantics,quantifiers,existential_there_quantifiers_2,True,False,False,False,343,-67.97754669189453,-61.66731262207031,0
All snakes were there coming here.,There were all snakes coming here.,semantics,quantifiers,existential_there_quantifiers_2,True,False,False,False,344,-41.72237777709961,-39.440643310546875,0
Every skateboard wasn't there disappearing.,There wasn't every skateboard disappearing.,semantics,quantifiers,existential_there_quantifiers_2,True,False,False,False,345,-52.25017166137695,-47.47224426269531,0
Most doors weren't there astounding Marie.,There weren't most doors astounding Marie.,semantics,quantifiers,existential_there_quantifiers_2,True,False,False,False,346,-60.651004791259766,-59.89004135131836,0
Each customer is there continuing to play.,There is each customer continuing to play.,semantics,quantifiers,existential_there_quantifiers_2,True,False,False,False,347,-40.58394241333008,-42.20520782470703,1
Every grandfather of Jeffrey isn't there hurting Ruth.,There isn't every grandfather of Jeffrey hurting Ruth.,semantics,quantifiers,existential_there_quantifiers_2,True,False,False,False,348,-69.50967407226562,-71.39913940429688,1
Every restaurant isn't there bothering Gregory.,There isn't every restaurant bothering Gregory.,semantics,quantifiers,existential_there_quantifiers_2,True,False,False,False,349,-56.842323303222656,-58.13623046875,1
Every car was there appearing.,There was every car appearing.,semantics,quantifiers,existential_there_quantifiers_2,True,False,False,False,350,-32.531410217285156,-32.56428527832031,1
Each grocery store wasn't there confusing Douglas.,There wasn't each grocery store confusing Douglas.,semantics,quantifiers,existential_there_quantifiers_2,True,False,False,False,351,-64.302978515625,-65.22402954101562,1
Each snake is there disturbing Carolyn.,There is each snake disturbing Carolyn.,semantics,quantifiers,existential_there_quantifiers_2,True,False,False,False,352,-56.18476104736328,-57.281394958496094,1
Each senator was there obligating Diana's partners to argue.,There was each senator obligating Diana's partners to argue.,semantics,quantifiers,existential_there_quantifiers_2,True,False,False,False,353,-85.88117980957031,-86.7113265991211,1
Most essays about science are there disagreeing with Janet.,There are most essays about science disagreeing with Janet.,semantics,quantifiers,existential_there_quantifiers_2,True,False,False,False,354,-75.08856201171875,-69.38284301757812,0
Each friend of Angela wasn't there cleaning the malls.,There wasn't each friend of Angela cleaning the malls.,semantics,quantifiers,existential_there_quantifiers_2,True,False,False,False,355,-72.12223052978516,-75.0380859375,1
Each guest is there exercising.,There is each guest exercising.,semantics,quantifiers,existential_there_quantifiers_2,True,False,False,False,356,-36.05186462402344,-35.46018981933594,0
All waiters were there studying.,There were all waiters studying.,semantics,quantifiers,existential_there_quantifiers_2,True,False,False,False,357,-43.86830139160156,-43.21418762207031,0
Each waitress was there anticipating Keith to insult most guys.,There was each waitress anticipating Keith to insult most guys.,semantics,quantifiers,existential_there_quantifiers_2,True,False,False,False,358,-84.50049591064453,-85.79082489013672,1
Most skateboards weren't there astounding Mary.,There weren't most skateboards astounding Mary.,semantics,quantifiers,existential_there_quantifiers_2,True,False,False,False,359,-66.91108703613281,-66.0229721069336,0
Most organizations were there selling these blouses.,There were most organizations selling these blouses.,semantics,quantifiers,existential_there_quantifiers_2,True,False,False,False,360,-57.32382583618164,-57.22334289550781,0
All universities weren't there scaring Meredith.,There weren't all universities scaring Meredith.,semantics,quantifiers,existential_there_quantifiers_2,True,False,False,False,361,-63.610595703125,-62.7868537902832,0
Most universities weren't there persuading Kristin to stand up.,There weren't most universities persuading Kristin to stand up.,semantics,quantifiers,existential_there_quantifiers_2,True,False,False,False,362,-82.06884765625,-82.42182922363281,1
Each horse is there shocking Kayla.,There is each horse shocking Kayla.,semantics,quantifiers,existential_there_quantifiers_2,True,False,False,False,363,-58.032325744628906,-55.91394805908203,0
Each muffin is there baking.,There is each muffin baking.,semantics,quantifiers,existential_there_quantifiers_2,True,False,False,False,364,-41.13941955566406,-39.05693054199219,0
All schools were there praising Peter.,There were all schools praising Peter.,semantics,quantifiers,existential_there_quantifiers_2,True,False,False,False,365,-46.649383544921875,-43.34677505493164,0
All couches were there disgusting Scott.,There were all couches disgusting Scott.,semantics,quantifiers,existential_there_quantifiers_2,True,False,False,False,366,-60.054359436035156,-55.71586227416992,0
Each truck wasn't there looking like every drawing.,There wasn't each truck looking like every drawing.,semantics,quantifiers,existential_there_quantifiers_2,True,False,False,False,367,-62.77861022949219,-62.13552474975586,0
Every adult isn't there kissing Andrea.,There isn't every adult kissing Andrea.,semantics,quantifiers,existential_there_quantifiers_2,True,False,False,False,368,-56.97511672973633,-55.2012939453125,0
Every couch is there distracting schools.,There is every couch distracting schools.,semantics,quantifiers,existential_there_quantifiers_2,True,False,False,False,369,-47.654029846191406,-48.47620391845703,1
Each vase wasn't there confusing Beth.,There wasn't each vase confusing Beth.,semantics,quantifiers,existential_there_quantifiers_2,True,False,False,False,370,-65.63031768798828,-62.68065643310547,0
Each chair is there falling.,There is each chair falling.,semantics,quantifiers,existential_there_quantifiers_2,True,False,False,False,371,-35.23951721191406,-36.40166473388672,1
Most teachers are there ascending that hill.,There are most teachers ascending that hill.,semantics,quantifiers,existential_there_quantifiers_2,True,False,False,False,372,-56.74461364746094,-55.995635986328125,0
Most granddaughters of this lady are there conferring.,There are most granddaughters of this lady conferring.,semantics,quantifiers,existential_there_quantifiers_2,True,False,False,False,373,-80.23380279541016,-73.78923034667969,0
Most cats were there scaring Tamara.,There were most cats scaring Tamara.,semantics,quantifiers,existential_there_quantifiers_2,True,False,False,False,374,-61.64558029174805,-60.248199462890625,0
Every child was there preventing this car from disappearing.,There was every child preventing this car from disappearing.,semantics,quantifiers,existential_there_quantifiers_2,True,False,False,False,375,-64.89359283447266,-61.106204986572266,0
Each drawing was there astounding Larry.,There was each drawing astounding Larry.,semantics,quantifiers,existential_there_quantifiers_2,True,False,False,False,376,-54.08273696899414,-56.34002685546875,1
Each turtle is there embarrassing Sharon.,There is each turtle embarrassing Sharon.,semantics,quantifiers,existential_there_quantifiers_2,True,False,False,False,377,-53.42239761352539,-56.25975799560547,1
Every university wasn't there meeting.,There wasn't every university meeting.,semantics,quantifiers,existential_there_quantifiers_2,True,False,False,False,378,-42.20928192138672,-38.122825622558594,0
All eggplants were there blackening.,There were all eggplants blackening.,semantics,quantifiers,existential_there_quantifiers_2,True,False,False,False,379,-61.08624267578125,-56.87470245361328,0
Every drawing wasn't there aggravating Pamela.,There wasn't every drawing aggravating Pamela.,semantics,quantifiers,existential_there_quantifiers_2,True,False,False,False,380,-65.19447326660156,-63.496864318847656,0
All bananas are there shocking Rose.,There are all bananas shocking Rose.,semantics,quantifiers,existential_there_quantifiers_2,True,False,False,False,381,-54.216121673583984,-49.73701477050781,0
Every father of Walter wasn't there littering.,There wasn't every father of Walter littering.,semantics,quantifiers,existential_there_quantifiers_2,True,False,False,False,382,-63.16702651977539,-61.80302810668945,0
Each sweater was there drying.,There was each sweater drying.,semantics,quantifiers,existential_there_quantifiers_2,True,False,False,False,383,-37.856788635253906,-39.07569122314453,1
All lakes aren't there impressing Lawrence.,There aren't all lakes impressing Lawrence.,semantics,quantifiers,existential_there_quantifiers_2,True,False,False,False,384,-64.59088897705078,-61.413734436035156,0
Every waiter isn't there going to some cafe.,There isn't every waiter going to some cafe.,semantics,quantifiers,existential_there_quantifiers_2,True,False,False,False,385,-59.69464874267578,-59.66923141479492,0
All cousins of Brian aren't there sighing.,There aren't all cousins of Brian sighing.,semantics,quantifiers,existential_there_quantifiers_2,True,False,False,False,386,-68.76692962646484,-66.09515380859375,0
Most closets were there alarming Stephanie.,There were most closets alarming Stephanie.,semantics,quantifiers,existential_there_quantifiers_2,True,False,False,False,387,-60.52244567871094,-59.98918914794922,0
All glasses were there distracting Kristen.,There were all glasses distracting Kristen.,semantics,quantifiers,existential_there_quantifiers_2,True,False,False,False,388,-54.593650817871094,-51.338008880615234,0
Every actress wasn't there thinking Carolyn hides every student.,There wasn't every actress thinking Carolyn hides every student.,semantics,quantifiers,existential_there_quantifiers_2,True,False,False,False,389,-81.57075500488281,-81.99146270751953,1
All waiters were there existing.,There were all waiters existing.,semantics,quantifiers,existential_there_quantifiers_2,True,False,False,False,390,-46.33946228027344,-46.3177490234375,0
Each play wasn't there disturbing Meredith.,There wasn't each play disturbing Meredith.,semantics,quantifiers,existential_there_quantifiers_2,True,False,False,False,391,-57.816978454589844,-58.15180969238281,1
Every pedestrian is there obligating some cashier to examine that newspaper article.,There is every pedestrian obligating some cashier to examine that newspaper article.,semantics,quantifiers,existential_there_quantifiers_2,True,False,False,False,392,-106.22399139404297,-104.71493530273438,0
All windows are there closing.,There are all windows closing.,semantics,quantifiers,existential_there_quantifiers_2,True,False,False,False,393,-35.57783508300781,-31.02106285095215,0
Most tomatoes aren't there impressing customers.,There aren't most tomatoes impressing customers.,semantics,quantifiers,existential_there_quantifiers_2,True,False,False,False,394,-62.46075439453125,-58.05585479736328,0
All lakes are there alarming Irene.,There are all lakes alarming Irene.,semantics,quantifiers,existential_there_quantifiers_2,True,False,False,False,395,-60.261077880859375,-54.31593322753906,0
Most essays weren't there impressing Dan.,There weren't most essays impressing Dan.,semantics,quantifiers,existential_there_quantifiers_2,True,False,False,False,396,-65.0229263305664,-63.25040054321289,0
Each candle isn't there falling.,There isn't each candle falling.,semantics,quantifiers,existential_there_quantifiers_2,True,False,False,False,397,-43.256874084472656,-43.91947937011719,1
All skateboards were there rusting.,There were all skateboards rusting.,semantics,quantifiers,existential_there_quantifiers_2,True,False,False,False,398,-52.657806396484375,-49.53450012207031,0
Most ladders were there distracting Jesus.,There were most ladders distracting Jesus.,semantics,quantifiers,existential_there_quantifiers_2,True,False,False,False,399,-57.917930603027344,-55.85098648071289,0
Every fork was there disturbing Phillip.,There was every fork disturbing Phillip.,semantics,quantifiers,existential_there_quantifiers_2,True,False,False,False,400,-55.04024887084961,-53.5543327331543,0
Every show about Jesus wasn't there shocking Eric.,There wasn't every show about Jesus shocking Eric.,semantics,quantifiers,existential_there_quantifiers_2,True,False,False,False,401,-67.7413330078125,-68.38748168945312,1
Each play wasn't there distracting Gary.,There wasn't each play distracting Gary.,semantics,quantifiers,existential_there_quantifiers_2,True,False,False,False,402,-56.475746154785156,-56.566436767578125,1
Every blouse wasn't there looking like most drawings.,There wasn't every blouse looking like most drawings.,semantics,quantifiers,existential_there_quantifiers_2,True,False,False,False,403,-71.03305053710938,-68.71965026855469,0
Most closets aren't there shocking most pedestrians.,There aren't most closets shocking most pedestrians.,semantics,quantifiers,existential_there_quantifiers_2,True,False,False,False,404,-70.94839477539062,-69.49688720703125,0
Most doors weren't there existing.,There weren't most doors existing.,semantics,quantifiers,existential_there_quantifiers_2,True,False,False,False,405,-47.65050506591797,-45.236412048339844,0
Most rugs aren't there distracting Wendy.,There aren't most rugs distracting Wendy.,semantics,quantifiers,existential_there_quantifiers_2,True,False,False,False,406,-61.97180938720703,-61.46641540527344,0
All mothers of Monica aren't there grinning.,There aren't all mothers of Monica grinning.,semantics,quantifiers,existential_there_quantifiers_2,True,False,False,False,407,-66.87865447998047,-63.782196044921875,0
All carts aren't there falling apart.,There aren't all carts falling apart.,semantics,quantifiers,existential_there_quantifiers_2,True,False,False,False,408,-50.39270782470703,-47.92078399658203,0
Each mushroom wasn't there embarrassing the dancers.,There wasn't each mushroom embarrassing the dancers.,semantics,quantifiers,existential_there_quantifiers_2,True,False,False,False,409,-62.56075668334961,-63.327598571777344,1
Each government was there discovering that legislature to approve.,There was each government discovering that legislature to approve.,semantics,quantifiers,existential_there_quantifiers_2,True,False,False,False,410,-66.49132537841797,-66.11854553222656,0
All legislatures aren't there enticing those fathers of the Borgias to depart.,There aren't all legislatures enticing those fathers of the Borgias to depart.,semantics,quantifiers,existential_there_quantifiers_2,True,False,False,False,411,-107.59260559082031,-106.93507385253906,0
Every popsicle wasn't there evaporating.,There wasn't every popsicle evaporating.,semantics,quantifiers,existential_there_quantifiers_2,True,False,False,False,412,-60.48112487792969,-55.77198028564453,0
All documentaries about the Great Lakes are there scaring Allison.,There are all documentaries about the Great Lakes scaring Allison.,semantics,quantifiers,existential_there_quantifiers_2,True,False,False,False,413,-80.79447174072266,-75.57905578613281,0
Every muffin wasn't there hurting drivers.,There wasn't every muffin hurting drivers.,semantics,quantifiers,existential_there_quantifiers_2,True,False,False,False,414,-59.93183135986328,-57.5634765625,0
Each essay is there aggravating Jodi.,There is each essay aggravating Jodi.,semantics,quantifiers,existential_there_quantifiers_2,True,False,False,False,415,-61.00016403198242,-61.14591979980469,1
Most books are there vanishing.,There are most books vanishing.,semantics,quantifiers,existential_there_quantifiers_2,True,False,False,False,416,-39.31150817871094,-38.79075241088867,0
Every play about Winston Churchill is there stunning this boy.,There is every play about Winston Churchill stunning this boy.,semantics,quantifiers,existential_there_quantifiers_2,True,False,False,False,417,-78.29595947265625,-80.48146057128906,1
All mushrooms weren't there boring a lot of guys.,There weren't all mushrooms boring a lot of guys.,semantics,quantifiers,existential_there_quantifiers_2,True,False,False,False,418,-64.2234115600586,-64.72673034667969,1
Most screens aren't there confusing a lot of children.,There aren't most screens confusing a lot of children.,semantics,quantifiers,existential_there_quantifiers_2,True,False,False,False,419,-59.55717849731445,-60.55682373046875,1
Each photograph was there stunning Stephen.,There was each photograph stunning Stephen.,semantics,quantifiers,existential_there_quantifiers_2,True,False,False,False,420,-50.41388702392578,-52.90454864501953,1
All pictures weren't there embarrassing the Borgias.,There weren't all pictures embarrassing the Borgias.,semantics,quantifiers,existential_there_quantifiers_2,True,False,False,False,421,-69.33380889892578,-68.37901306152344,0
Each shoe isn't there vanishing.,There isn't each shoe vanishing.,semantics,quantifiers,existential_there_quantifiers_2,True,False,False,False,422,-48.40108871459961,-47.898536682128906,0
Every library isn't there failing to break every vase.,There isn't every library failing to break every vase.,semantics,quantifiers,existential_there_quantifiers_2,True,False,False,False,423,-69.92115783691406,-70.56977844238281,1
Each car is there accelerating.,There is each car accelerating.,semantics,quantifiers,existential_there_quantifiers_2,True,False,False,False,424,-37.283355712890625,-37.19071578979492,0
Every sketch was there falling.,There was every sketch falling.,semantics,quantifiers,existential_there_quantifiers_2,True,False,False,False,425,-37.62939453125,-38.241249084472656,1
Each horse wasn't there irritating every student.,There wasn't each horse irritating every student.,semantics,quantifiers,existential_there_quantifiers_2,True,False,False,False,426,-59.449676513671875,-59.56620407104492,1
All jackets aren't there alarming these waitresses.,There aren't all jackets alarming these waitresses.,semantics,quantifiers,existential_there_quantifiers_2,True,False,False,False,427,-76.11882019042969,-74.66163635253906,0
Each lady isn't there helping Danielle.,There isn't each lady helping Danielle.,semantics,quantifiers,existential_there_quantifiers_2,True,False,False,False,428,-55.04899597167969,-55.388336181640625,1
All photographs of many glasses weren't there disturbing Craig.,There weren't all photographs of many glasses disturbing Craig.,semantics,quantifiers,existential_there_quantifiers_2,True,False,False,False,429,-76.42044067382812,-76.0129165649414,0
All students were there sighing.,There were all students sighing.,semantics,quantifiers,existential_there_quantifiers_2,True,False,False,False,430,-43.07341003417969,-40.32431411743164,0
Every cafe isn't there falling.,There isn't every cafe falling.,semantics,quantifiers,existential_there_quantifiers_2,True,False,False,False,431,-43.80995178222656,-44.1346549987793,1
Each teenager was there eating.,There was each teenager eating.,semantics,quantifiers,existential_there_quantifiers_2,True,False,False,False,432,-35.836143493652344,-38.5982666015625,1
Every art gallery wasn't there alarming these patients.,There wasn't every art gallery alarming these patients.,semantics,quantifiers,existential_there_quantifiers_2,True,False,False,False,433,-67.80009460449219,-68.491943359375,1
Each banana isn't there astounding these women.,There isn't each banana astounding these women.,semantics,quantifiers,existential_there_quantifiers_2,True,False,False,False,434,-60.704498291015625,-62.14583969116211,1
Each adult was there grinning.,There was each adult grinning.,semantics,quantifiers,existential_there_quantifiers_2,True,False,False,False,435,-40.00050354003906,-39.23773956298828,0
All shows about Monet aren't there shocking Monica.,There aren't all shows about Monet shocking Monica.,semantics,quantifiers,existential_there_quantifiers_2,True,False,False,False,436,-77.04060363769531,-72.89195251464844,0
All movie theaters were there distracting Becky.,There were all movie theaters distracting Becky.,semantics,quantifiers,existential_there_quantifiers_2,True,False,False,False,437,-64.65940856933594,-62.86571502685547,0
All bicycles were there stopping.,There were all bicycles stopping.,semantics,quantifiers,existential_there_quantifiers_2,True,False,False,False,438,-42.215457916259766,-39.855037689208984,0
All forks aren't there falling.,There aren't all forks falling.,semantics,quantifiers,existential_there_quantifiers_2,True,False,False,False,439,-45.68250274658203,-43.111083984375,0
All commentaries are there annoying Guy.,There are all commentaries annoying Guy.,semantics,quantifiers,existential_there_quantifiers_2,True,False,False,False,440,-62.43179702758789,-61.248146057128906,0
Most eggplants aren't there vanishing.,There aren't most eggplants vanishing.,semantics,quantifiers,existential_there_quantifiers_2,True,False,False,False,441,-66.20133972167969,-63.90386199951172,0
All museums weren't there changing.,There weren't all museums changing.,semantics,quantifiers,existential_there_quantifiers_2,True,False,False,False,442,-45.1929931640625,-43.387367248535156,0
Every movie theater was there existing.,There was every movie theater existing.,semantics,quantifiers,existential_there_quantifiers_2,True,False,False,False,443,-46.82505798339844,-46.78973388671875,0
Most boys weren't there cheering.,There weren't most boys cheering.,semantics,quantifiers,existential_there_quantifiers_2,True,False,False,False,444,-42.87983322143555,-44.488853454589844,1
All fathers of Tiffany aren't there cooking.,There aren't all fathers of Tiffany cooking.,semantics,quantifiers,existential_there_quantifiers_2,True,False,False,False,445,-60.755943298339844,-55.825904846191406,0
All public parks are there disgusting Beverly.,There are all public parks disgusting Beverly.,semantics,quantifiers,existential_there_quantifiers_2,True,False,False,False,446,-65.49920654296875,-61.36856460571289,0
Most pants were there loosening.,There were most pants loosening.,semantics,quantifiers,existential_there_quantifiers_2,True,False,False,False,447,-42.32849884033203,-42.22331237792969,0
All granddaughters of Christine were there forgetting who bother those ladies.,There were all granddaughters of Christine forgetting who bother those ladies.,semantics,quantifiers,existential_there_quantifiers_2,True,False,False,False,448,-105.35298156738281,-99.52420043945312,0
Every screen isn't there appearing.,There isn't every screen appearing.,semantics,quantifiers,existential_there_quantifiers_2,True,False,False,False,449,-40.680450439453125,-40.163047790527344,0
All wheelbarrows aren't there disturbing Frank.,There aren't all wheelbarrows disturbing Frank.,semantics,quantifiers,existential_there_quantifiers_2,True,False,False,False,450,-80.67515563964844,-75.37447357177734,0
Every jacket is there annoying Nancy.,There is every jacket annoying Nancy.,semantics,quantifiers,existential_there_quantifiers_2,True,False,False,False,451,-50.483184814453125,-50.28058624267578,0
Most shawls are there worrying Lisa.,There are most shawls worrying Lisa.,semantics,quantifiers,existential_there_quantifiers_2,True,False,False,False,452,-63.35806655883789,-59.862571716308594,0
Every jacket wasn't there upsetting Angela.,There wasn't every jacket upsetting Angela.,semantics,quantifiers,existential_there_quantifiers_2,True,False,False,False,453,-63.331172943115234,-62.71834182739258,0
Most granddaughters of Adam aren't there urging Dawn to hurt those waitresses.,There aren't most granddaughters of Adam urging Dawn to hurt those waitresses.,semantics,quantifiers,existential_there_quantifiers_2,True,False,False,False,454,-124.68904113769531,-123.11325073242188,0
Most patients are there motivating Jerry's cousins to kiss Kimberley.,There are most patients motivating Jerry's cousins to kiss Kimberley.,semantics,quantifiers,existential_there_quantifiers_2,True,False,False,False,455,-100.65802001953125,-96.85743713378906,0
Every cafe is there aggravating those companies.,There is every cafe aggravating those companies.,semantics,quantifiers,existential_there_quantifiers_2,True,False,False,False,456,-57.56118392944336,-56.91116714477539,0
All hospitals were there pushing Naomi to cough.,There were all hospitals pushing Naomi to cough.,semantics,quantifiers,existential_there_quantifiers_2,True,False,False,False,457,-70.26519775390625,-66.88446044921875,0
All prints of a lot of boys aren't there embarrassing this woman.,There aren't all prints of a lot of boys embarrassing this woman.,semantics,quantifiers,existential_there_quantifiers_2,True,False,False,False,458,-78.93402099609375,-80.65924072265625,1
Each play about the Impressionists isn't there bothering Ella.,There isn't each play about the Impressionists bothering Ella.,semantics,quantifiers,existential_there_quantifiers_2,True,False,False,False,459,-94.23648071289062,-93.88658905029297,0
All casseroles weren't there stunning that man.,There weren't all casseroles stunning that man.,semantics,quantifiers,existential_there_quantifiers_2,True,False,False,False,460,-74.89810943603516,-72.97955322265625,0
All hills are there existing.,There are all hills existing.,semantics,quantifiers,existential_there_quantifiers_2,True,False,False,False,461,-43.40816879272461,-37.61003112792969,0
All stories are there upsetting the Lutherans.,There are all stories upsetting the Lutherans.,semantics,quantifiers,existential_there_quantifiers_2,True,False,False,False,462,-63.3314094543457,-60.13935089111328,0
Every print was there irritating Tammy.,There was every print irritating Tammy.,semantics,quantifiers,existential_there_quantifiers_2,True,False,False,False,463,-56.232452392578125,-55.9013557434082,0
Each picture is there looking like Marie.,There is each picture looking like Marie.,semantics,quantifiers,existential_there_quantifiers_2,True,False,False,False,464,-47.15940475463867,-50.09089660644531,1
Most plays weren't there impressing Bethany.,There weren't most plays impressing Bethany.,semantics,quantifiers,existential_there_quantifiers_2,True,False,False,False,465,-69.80082702636719,-70.96055603027344,1
Most newspaper articles weren't there stunning Allison.,There weren't most newspaper articles stunning Allison.,semantics,quantifiers,existential_there_quantifiers_2,True,False,False,False,466,-66.7231216430664,-67.5025634765625,1
All reports about Jesus are there disturbing every driver.,There are all reports about Jesus disturbing every driver.,semantics,quantifiers,existential_there_quantifiers_2,True,False,False,False,467,-71.16387939453125,-65.231201171875,0
All turtles weren't there upsetting Anna.,There weren't all turtles upsetting Anna.,semantics,quantifiers,existential_there_quantifiers_2,True,False,False,False,468,-61.28309631347656,-59.061431884765625,0
All dishes are there alarming Suzanne.,There are all dishes alarming Suzanne.,semantics,quantifiers,existential_there_quantifiers_2,True,False,False,False,469,-55.546775817871094,-50.287322998046875,0
All public parks aren't there upsetting Ruth.,There aren't all public parks upsetting Ruth.,semantics,quantifiers,existential_there_quantifiers_2,True,False,False,False,470,-66.7997817993164,-64.05680847167969,0
Every projector was there appearing.,There was every projector appearing.,semantics,quantifiers,existential_there_quantifiers_2,True,False,False,False,471,-38.23765182495117,-39.097877502441406,1
Most rivers aren't there freezing.,There aren't most rivers freezing.,semantics,quantifiers,existential_there_quantifiers_2,True,False,False,False,472,-46.962646484375,-44.89494323730469,0
All sisters of Kendra aren't there scaring Melinda.,There aren't all sisters of Kendra scaring Melinda.,semantics,quantifiers,existential_there_quantifiers_2,True,False,False,False,473,-88.95196533203125,-84.44990539550781,0
Every unicycle is there astounding Spain.,There is every unicycle astounding Spain.,semantics,quantifiers,existential_there_quantifiers_2,True,False,False,False,474,-59.64482879638672,-58.49718475341797,0
Each actress wasn't there arguing about Jerry.,There wasn't each actress arguing about Jerry.,semantics,quantifiers,existential_there_quantifiers_2,True,False,False,False,475,-62.597328186035156,-62.79608154296875,1
Most slopes aren't there shocking Phillip.,There aren't most slopes shocking Phillip.,semantics,quantifiers,existential_there_quantifiers_2,True,False,False,False,476,-61.511863708496094,-61.7324333190918,1
All guests weren't there worrying those organizations.,There weren't all guests worrying those organizations.,semantics,quantifiers,existential_there_quantifiers_2,True,False,False,False,477,-60.306541442871094,-56.86200714111328,0
Each mirror isn't there distracting Diana.,There isn't each mirror distracting Diana.,semantics,quantifiers,existential_there_quantifiers_2,True,False,False,False,478,-57.98054504394531,-58.24992370605469,1
Most photographs are there stunning Eva.,There are most photographs stunning Eva.,semantics,quantifiers,existential_there_quantifiers_2,True,False,False,False,479,-49.173736572265625,-48.814308166503906,0
Each scarf was there impressing Florence.,There was each scarf impressing Florence.,semantics,quantifiers,existential_there_quantifiers_2,True,False,False,False,480,-57.53865051269531,-59.34281921386719,1
All cars were there upsetting Beth.,There were all cars upsetting Beth.,semantics,quantifiers,existential_there_quantifiers_2,True,False,False,False,481,-55.358245849609375,-51.15489959716797,0
All pictures of Candice weren't there boring Benjamin.,There weren't all pictures of Candice boring Benjamin.,semantics,quantifiers,existential_there_quantifiers_2,True,False,False,False,482,-77.07109069824219,-74.50663757324219,0
Each cake wasn't there stunning Joseph.,There wasn't each cake stunning Joseph.,semantics,quantifiers,existential_there_quantifiers_2,True,False,False,False,483,-54.93202209472656,-56.902976989746094,1
All malls were there looking like most sketches.,There were all malls looking like most sketches.,semantics,quantifiers,existential_there_quantifiers_2,True,False,False,False,484,-61.93508529663086,-59.382057189941406,0
Every sketch is there boring Brett.,There is every sketch boring Brett.,semantics,quantifiers,existential_there_quantifiers_2,True,False,False,False,485,-50.70433044433594,-51.07613754272461,1
Most books are there disgusting Wayne.,There are most books disgusting Wayne.,semantics,quantifiers,existential_there_quantifiers_2,True,False,False,False,486,-51.30405807495117,-50.09855270385742,0
All women weren't there needing those people to love Ronald.,There weren't all women needing those people to love Ronald.,semantics,quantifiers,existential_there_quantifiers_2,True,False,False,False,487,-76.8709945678711,-73.60920715332031,0
Each child was there begging the guy's lawyer to study.,There was each child begging the guy's lawyer to study.,semantics,quantifiers,existential_there_quantifiers_2,True,False,False,False,488,-72.38520050048828,-73.03595733642578,1
Most teachers aren't there driving to most college campuses.,There aren't most teachers driving to most college campuses.,semantics,quantifiers,existential_there_quantifiers_2,True,False,False,False,489,-68.88392639160156,-69.05288696289062,1
All cucumbers were there blackening.,There were all cucumbers blackening.,semantics,quantifiers,existential_there_quantifiers_2,True,False,False,False,490,-51.26347351074219,-50.37837219238281,0
Most cars weren't there embarrassing a lot of guests.,There weren't most cars embarrassing a lot of guests.,semantics,quantifiers,existential_there_quantifiers_2,True,False,False,False,491,-60.52783966064453,-62.04962158203125,1
Every art gallery isn't there confusing Alicia.,There isn't every art gallery confusing Alicia.,semantics,quantifiers,existential_there_quantifiers_2,True,False,False,False,492,-63.5529899597168,-65.60623168945312,1
Most planes were there falling.,There were most planes falling.,semantics,quantifiers,existential_there_quantifiers_2,True,False,False,False,493,-37.22711944580078,-38.19499588012695,1
Each college campus isn't there worrying Jennifer.,There isn't each college campus worrying Jennifer.,semantics,quantifiers,existential_there_quantifiers_2,True,False,False,False,494,-66.89833068847656,-67.1427993774414,1
Each eggplant isn't there disappearing.,There isn't each eggplant disappearing.,semantics,quantifiers,existential_there_quantifiers_2,True,False,False,False,495,-54.264366149902344,-53.032875061035156,0
Every print of Cynthia wasn't there disturbing Spain.,There wasn't every print of Cynthia disturbing Spain.,semantics,quantifiers,existential_there_quantifiers_2,True,False,False,False,496,-71.59921264648438,-71.38711547851562,0
Most stories are there annoying Michael.,There are most stories annoying Michael.,semantics,quantifiers,existential_there_quantifiers_2,True,False,False,False,497,-48.22121810913086,-47.916099548339844,0
Every public park was there confusing Denise.,There was every public park confusing Denise.,semantics,quantifiers,existential_there_quantifiers_2,True,False,False,False,498,-62.891056060791016,-61.636009216308594,0
All students are there finding these eggplants.,There are all students finding these eggplants.,semantics,quantifiers,existential_there_quantifiers_2,True,False,False,False,499,-62.49232482910156,-59.95353698730469,0
Every screen is there alarming all governments.,There is every screen alarming all governments.,semantics,quantifiers,existential_there_quantifiers_2,True,False,False,False,500,-53.769622802734375,-54.134010314941406,1
Each art gallery is there annoying Christine.,There is each art gallery annoying Christine.,semantics,quantifiers,existential_there_quantifiers_2,True,False,False,False,501,-59.575706481933594,-62.16813659667969,1
Every face was there aggravating many drivers.,There was every face aggravating many drivers.,semantics,quantifiers,existential_there_quantifiers_2,True,False,False,False,502,-57.770687103271484,-57.45884704589844,0
Most mountains weren't there appearing.,There weren't most mountains appearing.,semantics,quantifiers,existential_there_quantifiers_2,True,False,False,False,503,-44.390113830566406,-43.510589599609375,0
Most peppers were there charring.,There were most peppers charring.,semantics,quantifiers,existential_there_quantifiers_2,True,False,False,False,504,-48.350337982177734,-46.47831726074219,0
Each girl wasn't there failing to boycott some art gallery.,There wasn't each girl failing to boycott some art gallery.,semantics,quantifiers,existential_there_quantifiers_2,True,False,False,False,505,-78.78689575195312,-81.84738159179688,1
Most art galleries are there confusing Stephen.,There are most art galleries confusing Stephen.,semantics,quantifiers,existential_there_quantifiers_2,True,False,False,False,506,-58.865150451660156,-57.23408889770508,0
Every bank was there benefiting.,There was every bank benefiting.,semantics,quantifiers,existential_there_quantifiers_2,True,False,False,False,507,-37.979103088378906,-36.979820251464844,0
Every hat is there annoying Jason.,There is every hat annoying Jason.,semantics,quantifiers,existential_there_quantifiers_2,True,False,False,False,508,-50.19975280761719,-50.285640716552734,1
All newspaper articles about Spain were there hurting Janice.,There were all newspaper articles about Spain hurting Janice.,semantics,quantifiers,existential_there_quantifiers_2,True,False,False,False,509,-82.46896362304688,-80.26298522949219,0
Every legislature wasn't there proving to approach Valerie.,There wasn't every legislature proving to approach Valerie.,semantics,quantifiers,existential_there_quantifiers_2,True,False,False,False,510,-73.1635971069336,-72.12770080566406,0
Each dog is there ascending these mountains.,There is each dog ascending these mountains.,semantics,quantifiers,existential_there_quantifiers_2,True,False,False,False,511,-54.84722137451172,-55.46389389038086,1
All documentaries are there stunning the Impressionists.,There are all documentaries stunning the Impressionists.,semantics,quantifiers,existential_there_quantifiers_2,True,False,False,False,512,-68.6964340209961,-67.08401489257812,0
Each plate wasn't there looking like the print.,There wasn't each plate looking like the print.,semantics,quantifiers,existential_there_quantifiers_2,True,False,False,False,513,-56.99607849121094,-55.688636779785156,0
Each picture isn't there embarrassing Kristen.,There isn't each picture embarrassing Kristen.,semantics,quantifiers,existential_there_quantifiers_2,True,False,False,False,514,-54.99962615966797,-57.1439208984375,1
Every movie wasn't there worrying these girls.,There wasn't every movie worrying these girls.,semantics,quantifiers,existential_there_quantifiers_2,True,False,False,False,515,-55.901729583740234,-56.156700134277344,1
All patients aren't there climbing down some steps.,There aren't all patients climbing down some steps.,semantics,quantifiers,existential_there_quantifiers_2,True,False,False,False,516,-58.69340515136719,-57.20957946777344,0
Each person is there writing.,There is each person writing.,semantics,quantifiers,existential_there_quantifiers_2,True,False,False,False,517,-29.297033309936523,-29.50033950805664,1
Each closet was there appearing.,There was each closet appearing.,semantics,quantifiers,existential_there_quantifiers_2,True,False,False,False,518,-37.62939453125,-40.108306884765625,1
Most children are there leaving Richard.,There are most children leaving Richard.,semantics,quantifiers,existential_there_quantifiers_2,True,False,False,False,519,-44.402557373046875,-42.45478439331055,0
All pictures aren't there impressing Mark.,There aren't all pictures impressing Mark.,semantics,quantifiers,existential_there_quantifiers_2,True,False,False,False,520,-61.111717224121094,-59.099666595458984,0
Every newspaper article isn't there impressing all hospitals.,There isn't every newspaper article impressing all hospitals.,semantics,quantifiers,existential_there_quantifiers_2,True,False,False,False,521,-75.92491912841797,-76.5392837524414,1
Each art gallery wasn't there disgusting Cynthia.,There wasn't each art gallery disgusting Cynthia.,semantics,quantifiers,existential_there_quantifiers_2,True,False,False,False,522,-63.81332015991211,-66.66085815429688,1
All art galleries aren't there alarming Martin.,There aren't all art galleries alarming Martin.,semantics,quantifiers,existential_there_quantifiers_2,True,False,False,False,523,-66.19060516357422,-64.1123275756836,0
Each teacher isn't there boycotting that movie theater.,There isn't each teacher boycotting that movie theater.,semantics,quantifiers,existential_there_quantifiers_2,True,False,False,False,524,-72.85147857666016,-75.01605987548828,1
All mouths were there closing.,There were all mouths closing.,semantics,quantifiers,existential_there_quantifiers_2,True,False,False,False,525,-40.8311653137207,-37.71034240722656,0
Every casserole was there falling.,There was every casserole falling.,semantics,quantifiers,existential_there_quantifiers_2,True,False,False,False,526,-49.082115173339844,-48.588226318359375,0
Most tomatoes were there worrying Brian.,There were most tomatoes worrying Brian.,semantics,quantifiers,existential_there_quantifiers_2,True,False,False,False,527,-54.917152404785156,-53.061309814453125,0
Each legislature isn't there begging Rose to depart.,There isn't each legislature begging Rose to depart.,semantics,quantifiers,existential_there_quantifiers_2,True,False,False,False,528,-72.67430114746094,-75.65804290771484,1
Each banana isn't there existing.,There isn't each banana existing.,semantics,quantifiers,existential_there_quantifiers_2,True,False,False,False,529,-45.64455795288086,-46.82436752319336,1
Each vase was there aggravating Carol.,There was each vase aggravating Carol.,semantics,quantifiers,existential_there_quantifiers_2,True,False,False,False,530,-62.345985412597656,-61.47740173339844,0
All cucumbers weren't there bothering some men.,There weren't all cucumbers bothering some men.,semantics,quantifiers,existential_there_quantifiers_2,True,False,False,False,531,-68.03437805175781,-66.12388610839844,0
Most scarves are there wasting away.,There are most scarves wasting away.,semantics,quantifiers,existential_there_quantifiers_2,True,False,False,False,532,-50.22303009033203,-45.50941467285156,0
Each picture wasn't there annoying most teachers.,There wasn't each picture annoying most teachers.,semantics,quantifiers,existential_there_quantifiers_2,True,False,False,False,533,-60.118858337402344,-60.501468658447266,1
Each slope isn't there vanishing.,There isn't each slope vanishing.,semantics,quantifiers,existential_there_quantifiers_2,True,False,False,False,534,-50.17453384399414,-48.309200286865234,0
Most hats are there stunning Cheryl.,There are most hats stunning Cheryl.,semantics,quantifiers,existential_there_quantifiers_2,True,False,False,False,535,-49.12261962890625,-49.33518600463867,1
All chairs aren't there distracting all legislatures.,There aren't all chairs distracting all legislatures.,semantics,quantifiers,existential_there_quantifiers_2,True,False,False,False,536,-66.18295288085938,-63.92052459716797,0
All boxes weren't there annoying the pedestrian.,There weren't all boxes annoying the pedestrian.,semantics,quantifiers,existential_there_quantifiers_2,True,False,False,False,537,-58.99138641357422,-58.512996673583984,0
Most birds aren't there bothering the girls.,There aren't most birds bothering the girls.,semantics,quantifiers,existential_there_quantifiers_2,True,False,False,False,538,-54.072025299072266,-54.35859680175781,1
Each documentary about music is there astounding Stacey.,There is each documentary about music astounding Stacey.,semantics,quantifiers,existential_there_quantifiers_2,True,False,False,False,539,-68.32617950439453,-70.08753967285156,1
All legislatures are there asking Galileo to talk to Becky.,There are all legislatures asking Galileo to talk to Becky.,semantics,quantifiers,existential_there_quantifiers_2,True,False,False,False,540,-81.54884338378906,-79.59736633300781,0
Each waiter isn't there convincing Linda to suffer.,There isn't each waiter convincing Linda to suffer.,semantics,quantifiers,existential_there_quantifiers_2,True,False,False,False,541,-72.36241149902344,-73.99957275390625,1
All glasses are there dropping.,There are all glasses dropping.,semantics,quantifiers,existential_there_quantifiers_2,True,False,False,False,542,-37.964927673339844,-34.89684295654297,0
Each glove wasn't there stretching.,There wasn't each glove stretching.,semantics,quantifiers,existential_there_quantifiers_2,True,False,False,False,543,-44.97580337524414,-43.60960006713867,0
Each cake was there annoying Steve.,There was each cake annoying Steve.,semantics,quantifiers,existential_there_quantifiers_2,True,False,False,False,544,-49.526390075683594,-54.515380859375,1
All eyes were there confusing Bethany.,There were all eyes confusing Bethany.,semantics,quantifiers,existential_there_quantifiers_2,True,False,False,False,545,-57.075340270996094,-54.16621398925781,0
Every cup wasn't there irritating Dana.,There wasn't every cup irritating Dana.,semantics,quantifiers,existential_there_quantifiers_2,True,False,False,False,546,-55.62185287475586,-54.224525451660156,0
Each screen wasn't there falling apart.,There wasn't each screen falling apart.,semantics,quantifiers,existential_there_quantifiers_2,True,False,False,False,547,-47.013668060302734,-46.763973236083984,0
All reports about Galileo weren't there disturbing Tina.,There weren't all reports about Galileo disturbing Tina.,semantics,quantifiers,existential_there_quantifiers_2,True,False,False,False,548,-81.81719970703125,-75.31083679199219,0
All drivers weren't there compelling some governments to disgust the Impressionists.,There weren't all drivers compelling some governments to disgust the Impressionists.,semantics,quantifiers,existential_there_quantifiers_2,True,False,False,False,549,-101.02603149414062,-101.71243286132812,1
All peppers aren't there irritating an adult.,There aren't all peppers irritating an adult.,semantics,quantifiers,existential_there_quantifiers_2,True,False,False,False,550,-61.649620056152344,-60.44736862182617,0
Every photograph of Wayne is there aggravating Alice.,There is every photograph of Wayne aggravating Alice.,semantics,quantifiers,existential_there_quantifiers_2,True,False,False,False,551,-72.34965515136719,-65.98236083984375,0
Each popsicle wasn't there shocking Tammy.,There wasn't each popsicle shocking Tammy.,semantics,quantifiers,existential_there_quantifiers_2,True,False,False,False,552,-73.66921997070312,-70.57894897460938,0
All screens are there disturbing Melanie.,There are all screens disturbing Melanie.,semantics,quantifiers,existential_there_quantifiers_2,True,False,False,False,553,-55.394493103027344,-51.68765640258789,0
Every actor wasn't there arriving at every grocery store.,There wasn't every actor arriving at every grocery store.,semantics,quantifiers,existential_there_quantifiers_2,True,False,False,False,554,-63.22663879394531,-64.37104797363281,1
All slopes were there boring all guests.,There were all slopes boring all guests.,semantics,quantifiers,existential_there_quantifiers_2,True,False,False,False,555,-56.3211669921875,-54.012107849121094,0
All cats were there astounding Laurie.,There were all cats astounding Laurie.,semantics,quantifiers,existential_there_quantifiers_2,True,False,False,False,556,-55.49534225463867,-52.035301208496094,0
Each projector was there upsetting Connie.,There was each projector upsetting Connie.,semantics,quantifiers,existential_there_quantifiers_2,True,False,False,False,557,-57.22844696044922,-58.626319885253906,1
Each report about Monet wasn't there existing.,There wasn't each report about Monet existing.,semantics,quantifiers,existential_there_quantifiers_2,True,False,False,False,558,-65.63578796386719,-66.07707977294922,1
All mouths were there impressing Rose.,There were all mouths impressing Rose.,semantics,quantifiers,existential_there_quantifiers_2,True,False,False,False,559,-62.53618621826172,-59.682472229003906,0
All cucumbers weren't there going bad.,There weren't all cucumbers going bad.,semantics,quantifiers,existential_there_quantifiers_2,True,False,False,False,560,-58.796470642089844,-55.57075500488281,0
Every cake wasn't there wasting away.,There wasn't every cake wasting away.,semantics,quantifiers,existential_there_quantifiers_2,True,False,False,False,561,-49.26123046875,-50.04208755493164,1
Most photographs of that hair weren't there disgusting a lot of libraries.,There weren't most photographs of that hair disgusting a lot of libraries.,semantics,quantifiers,existential_there_quantifiers_2,True,False,False,False,562,-82.9168472290039,-84.02830505371094,1
Most stairs are there boring Alexander.,There are most stairs boring Alexander.,semantics,quantifiers,existential_there_quantifiers_2,True,False,False,False,563,-50.81482696533203,-49.74883270263672,0
Each computer was there disgusting Tara.,There was each computer disgusting Tara.,semantics,quantifiers,existential_there_quantifiers_2,True,False,False,False,564,-52.868736267089844,-54.41259765625,1
Each patient isn't there ordering Christine's tutors to resemble most pictures.,There isn't each patient ordering Christine's tutors to resemble most pictures.,semantics,quantifiers,existential_there_quantifiers_2,True,False,False,False,565,-100.65068817138672,-101.39157104492188,1
Every shawl isn't there disappearing.,There isn't every shawl disappearing.,semantics,quantifiers,existential_there_quantifiers_2,True,False,False,False,566,-56.47646713256836,-55.20201110839844,0
Every association is there hurting that woman.,There is every association hurting that woman.,semantics,quantifiers,existential_there_quantifiers_2,True,False,False,False,567,-51.165611267089844,-53.97968292236328,1
Most grandmothers of Caroline were there upsetting Julie.,There were most grandmothers of Caroline upsetting Julie.,semantics,quantifiers,existential_there_quantifiers_2,True,False,False,False,568,-78.951904296875,-77.02522277832031,0
Every rabbit is there escaping.,There is every rabbit escaping.,semantics,quantifiers,existential_there_quantifiers_2,True,False,False,False,569,-39.19444274902344,-36.90481185913086,0
All plays were there disturbing Ruth.,There were all plays disturbing Ruth.,semantics,quantifiers,existential_there_quantifiers_2,True,False,False,False,570,-54.80514907836914,-51.46592330932617,0
Each nose was there hurting some waitresses.,There was each nose hurting some waitresses.,semantics,quantifiers,existential_there_quantifiers_2,True,False,False,False,571,-64.12142944335938,-65.877685546875,1
Every friend of Kenneth isn't there breaking every mirror.,There isn't every friend of Kenneth breaking every mirror.,semantics,quantifiers,existential_there_quantifiers_2,True,False,False,False,572,-70.40660095214844,-71.29859924316406,1
Most turtles are there falling asleep.,There are most turtles falling asleep.,semantics,quantifiers,existential_there_quantifiers_2,True,False,False,False,573,-42.512718200683594,-39.51985168457031,0
Each drawing wasn't there existing.,There wasn't each drawing existing.,semantics,quantifiers,existential_there_quantifiers_2,True,False,False,False,574,-46.6812858581543,-43.91259002685547,0
Most jackets aren't there twirling.,There aren't most jackets twirling.,semantics,quantifiers,existential_there_quantifiers_2,True,False,False,False,575,-53.929100036621094,-52.1944465637207,0
Every commentary is there alarming many patients.,There is every commentary alarming many patients.,semantics,quantifiers,existential_there_quantifiers_2,True,False,False,False,576,-55.45726013183594,-55.11083221435547,0
All actors were there forgetting about who drinks.,There were all actors forgetting about who drinks.,semantics,quantifiers,existential_there_quantifiers_2,True,False,False,False,577,-58.43609619140625,-57.6083869934082,0
All books weren't there confusing Omar.,There weren't all books confusing Omar.,semantics,quantifiers,existential_there_quantifiers_2,True,False,False,False,578,-57.156089782714844,-54.311439514160156,0
Every book is there scaring Kimberley.,There is every book scaring Kimberley.,semantics,quantifiers,existential_there_quantifiers_2,True,False,False,False,579,-55.333797454833984,-54.64112854003906,0
Most essays are there aggravating Alan.,There are most essays aggravating Alan.,semantics,quantifiers,existential_there_quantifiers_2,True,False,False,False,580,-54.482852935791016,-51.53571319580078,0
All ladders weren't there scaring those libraries.,There weren't all ladders scaring those libraries.,semantics,quantifiers,existential_there_quantifiers_2,True,False,False,False,581,-73.507080078125,-70.39649963378906,0
All eyes aren't there falling.,There aren't all eyes falling.,semantics,quantifiers,existential_there_quantifiers_2,True,False,False,False,582,-41.702247619628906,-39.808990478515625,0
Most coats aren't there boring Daniel.,There aren't most coats boring Daniel.,semantics,quantifiers,existential_there_quantifiers_2,True,False,False,False,583,-56.67924499511719,-57.81272888183594,1
All chairs were there stunning most drivers.,There were all chairs stunning most drivers.,semantics,quantifiers,existential_there_quantifiers_2,True,False,False,False,584,-55.11479568481445,-54.916072845458984,0
All pictures of Carla are there irritating Barbara.,There are all pictures of Carla irritating Barbara.,semantics,quantifiers,existential_there_quantifiers_2,True,False,False,False,585,-71.50086212158203,-63.99013137817383,0
Most muffins are there disappearing.,There are most muffins disappearing.,semantics,quantifiers,existential_there_quantifiers_2,True,False,False,False,586,-46.050315856933594,-41.23662567138672,0
Each face was there appearing.,There was each face appearing.,semantics,quantifiers,existential_there_quantifiers_2,True,False,False,False,587,-35.334373474121094,-36.40202331542969,1
Most documentaries about Galileo were there irritating every teenager.,There were most documentaries about Galileo irritating every teenager.,semantics,quantifiers,existential_there_quantifiers_2,True,False,False,False,588,-82.94879150390625,-79.71070861816406,0
Most women were there annoying Helen.,There were most women annoying Helen.,semantics,quantifiers,existential_there_quantifiers_2,True,False,False,False,589,-50.71540832519531,-51.38383865356445,1
All girls aren't there regretting Julie falls.,There aren't all girls regretting Julie falls.,semantics,quantifiers,existential_there_quantifiers_2,True,False,False,False,590,-73.31800842285156,-69.42295837402344,0
All reports are there looking like sketches.,There are all reports looking like sketches.,semantics,quantifiers,existential_there_quantifiers_2,True,False,False,False,591,-49.565982818603516,-48.600486755371094,0
Every print of every girl was there stunning a lot of ladies.,There was every print of every girl stunning a lot of ladies.,semantics,quantifiers,existential_there_quantifiers_2,True,False,False,False,592,-73.00469970703125,-74.49191284179688,1
All universities were there listening to Travis.,There were all universities listening to Travis.,semantics,quantifiers,existential_there_quantifiers_2,True,False,False,False,593,-52.5314826965332,-50.944644927978516,0
Most mothers of Samuel aren't there learning.,There aren't most mothers of Samuel learning.,semantics,quantifiers,existential_there_quantifiers_2,True,False,False,False,594,-62.26494598388672,-61.52653503417969,0
Each commentary about art was there annoying Rhonda.,There was each commentary about art annoying Rhonda.,semantics,quantifiers,existential_there_quantifiers_2,True,False,False,False,595,-75.52912902832031,-76.49569702148438,1
Each girl was there getting a job.,There was each girl getting a job.,semantics,quantifiers,existential_there_quantifiers_2,True,False,False,False,596,-40.51335525512695,-44.01350402832031,1
Every eggplant is there disappearing.,There is every eggplant disappearing.,semantics,quantifiers,existential_there_quantifiers_2,True,False,False,False,597,-49.83988952636719,-44.781272888183594,0
Each newspaper article is there annoying a man.,There is each newspaper article annoying a man.,semantics,quantifiers,existential_there_quantifiers_2,True,False,False,False,598,-57.80885314941406,-62.42495346069336,1
Each granddaughter of Kirsten is there commissioning Elaine to dislike Robert.,There is each granddaughter of Kirsten commissioning Elaine to dislike Robert.,semantics,quantifiers,existential_there_quantifiers_2,True,False,False,False,599,-102.85993957519531,-100.08589935302734,0
Each boy isn't there failing to irritate Robert.,There isn't each boy failing to irritate Robert.,semantics,quantifiers,existential_there_quantifiers_2,True,False,False,False,600,-68.48112487792969,-70.56568145751953,1
Each cousin of Dennis isn't there murmuring.,There isn't each cousin of Dennis murmuring.,semantics,quantifiers,existential_there_quantifiers_2,True,False,False,False,601,-68.41761016845703,-66.6776123046875,0
Every unicycle is there alarming this dancer.,There is every unicycle alarming this dancer.,semantics,quantifiers,existential_there_quantifiers_2,True,False,False,False,602,-65.75277709960938,-64.78348541259766,0
All photographs of those patients aren't there shocking Mary.,There aren't all photographs of those patients shocking Mary.,semantics,quantifiers,existential_there_quantifiers_2,True,False,False,False,603,-71.58308410644531,-70.48645782470703,0
Every skateboard isn't there disturbing those teenagers.,There isn't every skateboard disturbing those teenagers.,semantics,quantifiers,existential_there_quantifiers_2,True,False,False,False,604,-67.6790771484375,-64.9866943359375,0
All windows were there wasting away.,There were all windows wasting away.,semantics,quantifiers,existential_there_quantifiers_2,True,False,False,False,605,-43.32463073730469,-39.79301452636719,0
Each woman is there expecting Douglas to waste away.,There is each woman expecting Douglas to waste away.,semantics,quantifiers,existential_there_quantifiers_2,True,False,False,False,606,-69.60208129882812,-69.24368286132812,0
Most books about Spain aren't there annoying Diana.,There aren't most books about Spain annoying Diana.,semantics,quantifiers,existential_there_quantifiers_2,True,False,False,False,607,-72.232177734375,-71.80341339111328,0
Most ladies aren't there thinking about some couch.,There aren't most ladies thinking about some couch.,semantics,quantifiers,existential_there_quantifiers_2,True,False,False,False,608,-54.333702087402344,-56.04296112060547,1
Most plays aren't there boring Martha.,There aren't most plays boring Martha.,semantics,quantifiers,existential_there_quantifiers_2,True,False,False,False,609,-56.28201675415039,-57.349998474121094,1
Every brother of the Borgias isn't there walking through the hospitals.,There isn't every brother of the Borgias walking through the hospitals.,semantics,quantifiers,existential_there_quantifiers_2,True,False,False,False,610,-86.14289093017578,-85.84417724609375,0
Each documentary isn't there hurting Gina.,There isn't each documentary hurting Gina.,semantics,quantifiers,existential_there_quantifiers_2,True,False,False,False,611,-58.08518981933594,-59.87287521362305,1
Most malls aren't there disappearing.,There aren't most malls disappearing.,semantics,quantifiers,existential_there_quantifiers_2,True,False,False,False,612,-46.8192253112793,-47.156654357910156,1
Most carriages weren't there impressing Patricia.,There weren't most carriages impressing Patricia.,semantics,quantifiers,existential_there_quantifiers_2,True,False,False,False,613,-75.05189514160156,-76.50869750976562,1
Every river is there upsetting many doctors.,There is every river upsetting many doctors.,semantics,quantifiers,existential_there_quantifiers_2,True,False,False,False,614,-57.22464370727539,-56.21821594238281,0
Most restaurants were there upsetting Theresa.,There were most restaurants upsetting Theresa.,semantics,quantifiers,existential_there_quantifiers_2,True,False,False,False,615,-55.85076141357422,-55.443153381347656,0
Each drawing isn't there hurting Kimberley.,There isn't each drawing hurting Kimberley.,semantics,quantifiers,existential_there_quantifiers_2,True,False,False,False,616,-62.85517120361328,-61.086551666259766,0
Each grandmother of Eva is there wanting James to win.,There is each grandmother of Eva wanting James to win.,semantics,quantifiers,existential_there_quantifiers_2,True,False,False,False,617,-78.803955078125,-80.88162231445312,1
Each skateboard isn't there vanishing.,There isn't each skateboard vanishing.,semantics,quantifiers,existential_there_quantifiers_2,True,False,False,False,618,-54.27639389038086,-50.866371154785156,0
Every closet is there bothering Spain.,There is every closet bothering Spain.,semantics,quantifiers,existential_there_quantifiers_2,True,False,False,False,619,-50.87474822998047,-49.501861572265625,0
Every boy was there eating.,There was every boy eating.,semantics,quantifiers,existential_there_quantifiers_2,True,False,False,False,620,-33.49810791015625,-34.200584411621094,1
Each cousin of Linda isn't there seeming to vaporize.,There isn't each cousin of Linda seeming to vaporize.,semantics,quantifiers,existential_there_quantifiers_2,True,False,False,False,621,-76.65574645996094,-79.57733154296875,1
All cashiers weren't there lifting most socks.,There weren't all cashiers lifting most socks.,semantics,quantifiers,existential_there_quantifiers_2,True,False,False,False,622,-76.49531555175781,-72.65645599365234,0
Each drawing of these forks wasn't there embarrassing Marie.,There wasn't each drawing of these forks embarrassing Marie.,semantics,quantifiers,existential_there_quantifiers_2,True,False,False,False,623,-77.97191619873047,-79.74568176269531,1
Each show about current events isn't there alarming Karen.,There isn't each show about current events alarming Karen.,semantics,quantifiers,existential_there_quantifiers_2,True,False,False,False,624,-77.419189453125,-79.66868591308594,1
Most friends of Grace aren't there discovering who bother Deborah.,There aren't most friends of Grace discovering who bother Deborah.,semantics,quantifiers,existential_there_quantifiers_2,True,False,False,False,625,-89.09860229492188,-86.71530151367188,0
All paintings were there scaring Jennifer.,There were all paintings scaring Jennifer.,semantics,quantifiers,existential_there_quantifiers_2,True,False,False,False,626,-56.05317687988281,-53.175621032714844,0
All documentaries about Spain are there confusing Dennis.,There are all documentaries about Spain confusing Dennis.,semantics,quantifiers,existential_there_quantifiers_2,True,False,False,False,627,-74.31312561035156,-68.82357788085938,0
All hospitals were there motivating every university to like Suzanne.,There were all hospitals motivating every university to like Suzanne.,semantics,quantifiers,existential_there_quantifiers_2,True,False,False,False,628,-85.60594177246094,-81.09049987792969,0
All sons of the student were there obligating Sherry to cheer.,There were all sons of the student obligating Sherry to cheer.,semantics,quantifiers,existential_there_quantifiers_2,True,False,False,False,629,-93.41424560546875,-87.68936157226562,0
Most spotlights weren't there upsetting Tara.,There weren't most spotlights upsetting Tara.,semantics,quantifiers,existential_there_quantifiers_2,True,False,False,False,630,-67.73005676269531,-68.39749145507812,1
All paintings of the waiters are there distracting Todd.,There are all paintings of the waiters distracting Todd.,semantics,quantifiers,existential_there_quantifiers_2,True,False,False,False,631,-78.5253677368164,-73.79349517822266,0
Each spotlight is there stunning the person.,There is each spotlight stunning the person.,semantics,quantifiers,existential_there_quantifiers_2,True,False,False,False,632,-52.48961639404297,-56.108497619628906,1
Most high schools are there looking like these drawings.,There are most high schools looking like these drawings.,semantics,quantifiers,existential_there_quantifiers_2,True,False,False,False,633,-56.18333435058594,-54.6052131652832,0
Every play was there annoying Spain.,There was every play annoying Spain.,semantics,quantifiers,existential_there_quantifiers_2,True,False,False,False,634,-48.41072082519531,-49.54350280761719,1
All legislatures weren't there remembering what conspired.,There weren't all legislatures remembering what conspired.,semantics,quantifiers,existential_there_quantifiers_2,True,False,False,False,635,-71.09854125976562,-71.00987243652344,0
Every actor is there seeing.,There is every actor seeing.,semantics,quantifiers,existential_there_quantifiers_2,True,False,False,False,636,-31.507469177246094,-34.27874755859375,1
All lights aren't there stunning James.,There aren't all lights stunning James.,semantics,quantifiers,existential_there_quantifiers_2,True,False,False,False,637,-55.185333251953125,-53.27234649658203,0
Most screens weren't there stunning every waiter.,There weren't most screens stunning every waiter.,semantics,quantifiers,existential_there_quantifiers_2,True,False,False,False,638,-65.41981506347656,-65.8433837890625,1
Every customer wasn't there helping April.,There wasn't every customer helping April.,semantics,quantifiers,existential_there_quantifiers_2,True,False,False,False,639,-51.90118408203125,-50.422943115234375,0
Most lamps are there looking like some paintings.,There are most lamps looking like some paintings.,semantics,quantifiers,existential_there_quantifiers_2,True,False,False,False,640,-55.61737060546875,-52.901123046875,0
All teenagers were there describing the Impressionists.,There were all teenagers describing the Impressionists.,semantics,quantifiers,existential_there_quantifiers_2,True,False,False,False,641,-61.06977844238281,-58.94602966308594,0
Most candles were there distracting Dana.,There were most candles distracting Dana.,semantics,quantifiers,existential_there_quantifiers_2,True,False,False,False,642,-53.194984436035156,-51.00326919555664,0
Each closet is there existing.,There is each closet existing.,semantics,quantifiers,existential_there_quantifiers_2,True,False,False,False,643,-38.710147857666016,-40.481971740722656,1
Each painting is there looking like the lake.,There is each painting looking like the lake.,semantics,quantifiers,existential_there_quantifiers_2,True,False,False,False,644,-46.480079650878906,-48.94253921508789,1
All banks are there prodding Randolf to insult these schools.,There are all banks prodding Randolf to insult these schools.,semantics,quantifiers,existential_there_quantifiers_2,True,False,False,False,645,-99.2815170288086,-97.26026153564453,0
Every book about Galileo wasn't there scaring Connie.,There wasn't every book about Galileo scaring Connie.,semantics,quantifiers,existential_there_quantifiers_2,True,False,False,False,646,-77.32011413574219,-74.7239761352539,0
Every screen isn't there wasting away.,There isn't every screen wasting away.,semantics,quantifiers,existential_there_quantifiers_2,True,False,False,False,647,-47.567779541015625,-47.37260437011719,0
Each fork wasn't there appearing.,There wasn't each fork appearing.,semantics,quantifiers,existential_there_quantifiers_2,True,False,False,False,648,-47.2795295715332,-45.07564926147461,0
Each car isn't there stunning Patricia.,There isn't each car stunning Patricia.,semantics,quantifiers,existential_there_quantifiers_2,True,False,False,False,649,-56.8563232421875,-55.49289321899414,0
All essays about Spain aren't there disgusting Alice.,There aren't all essays about Spain disgusting Alice.,semantics,quantifiers,existential_there_quantifiers_2,True,False,False,False,650,-75.45248413085938,-72.34357452392578,0
All coats are there falling.,There are all coats falling.,semantics,quantifiers,existential_there_quantifiers_2,True,False,False,False,651,-36.14369201660156,-33.7243766784668,0
All mothers of Elaine weren't there hugging.,There weren't all mothers of Elaine hugging.,semantics,quantifiers,existential_there_quantifiers_2,True,False,False,False,652,-67.83368682861328,-63.799346923828125,0
Most lamps aren't there looking like a painting.,There aren't most lamps looking like a painting.,semantics,quantifiers,existential_there_quantifiers_2,True,False,False,False,653,-59.30158233642578,-58.04343032836914,0
Each skirt wasn't there warping.,There wasn't each skirt warping.,semantics,quantifiers,existential_there_quantifiers_2,True,False,False,False,654,-52.83909606933594,-53.10423278808594,1
All cakes weren't there appearing.,There weren't all cakes appearing.,semantics,quantifiers,existential_there_quantifiers_2,True,False,False,False,655,-45.24009323120117,-42.7330322265625,0
Each boy was there drinking.,There was each boy drinking.,semantics,quantifiers,existential_there_quantifiers_2,True,False,False,False,656,-33.950408935546875,-36.6734733581543,1
All paintings of Donald aren't there disgusting Alexander.,There aren't all paintings of Donald disgusting Alexander.,semantics,quantifiers,existential_there_quantifiers_2,True,False,False,False,657,-73.35714721679688,-70.26203918457031,0
All mirrors weren't there slipping.,There weren't all mirrors slipping.,semantics,quantifiers,existential_there_quantifiers_2,True,False,False,False,658,-47.76762008666992,-44.833831787109375,0
Each car wasn't there worrying some guy.,There wasn't each car worrying some guy.,semantics,quantifiers,existential_there_quantifiers_2,True,False,False,False,659,-55.643402099609375,-55.34291076660156,0
Every teacher wasn't there urging Emily's boyfriend to speak up.,There wasn't every teacher urging Emily's boyfriend to speak up.,semantics,quantifiers,existential_there_quantifiers_2,True,False,False,False,660,-80.13905334472656,-79.26480102539062,0
All sisters of Stacey weren't there liking to mess up a restaurant.,There weren't all sisters of Stacey liking to mess up a restaurant.,semantics,quantifiers,existential_there_quantifiers_2,True,False,False,False,661,-92.06419372558594,-93.02813720703125,1
Every company isn't there prompting Michelle to admire Gerald.,There isn't every company prompting Michelle to admire Gerald.,semantics,quantifiers,existential_there_quantifiers_2,True,False,False,False,662,-80.28376770019531,-81.21951293945312,1
Most tomatoes aren't there upsetting Victoria.,There aren't most tomatoes upsetting Victoria.,semantics,quantifiers,existential_there_quantifiers_2,True,False,False,False,663,-60.4131965637207,-56.887451171875,0
Most apples are there scorching.,There are most apples scorching.,semantics,quantifiers,existential_there_quantifiers_2,True,False,False,False,664,-43.90550231933594,-42.21009826660156,0
Most stairs were there disgusting Lisa.,There were most stairs disgusting Lisa.,semantics,quantifiers,existential_there_quantifiers_2,True,False,False,False,665,-54.280067443847656,-55.89735794067383,1
Every boy wasn't there wanting to talk to all adults.,There wasn't every boy wanting to talk to all adults.,semantics,quantifiers,existential_there_quantifiers_2,True,False,False,False,666,-64.17765808105469,-64.3970947265625,1
Each newspaper article was there aggravating Daniel.,There was each newspaper article aggravating Daniel.,semantics,quantifiers,existential_there_quantifiers_2,True,False,False,False,667,-65.12882232666016,-68.47257232666016,1
Most unicycles aren't there vanishing.,There aren't most unicycles vanishing.,semantics,quantifiers,existential_there_quantifiers_2,True,False,False,False,668,-64.36842346191406,-62.58549499511719,0
Most shows about art weren't there disagreeing with the Clintons.,There weren't most shows about art disagreeing with the Clintons.,semantics,quantifiers,existential_there_quantifiers_2,True,False,False,False,669,-89.82156372070312,-89.7336654663086,0
Most patients are there confusing a lot of waitresses.,There are most patients confusing a lot of waitresses.,semantics,quantifiers,existential_there_quantifiers_2,True,False,False,False,670,-63.79124450683594,-62.936614990234375,0
Every plate wasn't there irritating Samantha.,There wasn't every plate irritating Samantha.,semantics,quantifiers,existential_there_quantifiers_2,True,False,False,False,671,-61.72175979614258,-58.64118194580078,0
All plates aren't there appearing.,There aren't all plates appearing.,semantics,quantifiers,existential_there_quantifiers_2,True,False,False,False,672,-42.73139953613281,-40.862178802490234,0
Each show about the Borgias was there irritating Chad.,There was each show about the Borgias irritating Chad.,semantics,quantifiers,existential_there_quantifiers_2,True,False,False,False,673,-82.73518371582031,-83.65184020996094,1
All college campuses weren't there bothering Tanya.,There weren't all college campuses bothering Tanya.,semantics,quantifiers,existential_there_quantifiers_2,True,False,False,False,674,-74.31062316894531,-72.25157165527344,0
All books about art are there astounding a library.,There are all books about art astounding a library.,semantics,quantifiers,existential_there_quantifiers_2,True,False,False,False,675,-66.73001861572266,-61.098655700683594,0
Every horse was there irritating Lawrence.,There was every horse irritating Lawrence.,semantics,quantifiers,existential_there_quantifiers_2,True,False,False,False,676,-53.39901351928711,-51.31654357910156,0
All movies are there irritating Alicia.,There are all movies irritating Alicia.,semantics,quantifiers,existential_there_quantifiers_2,True,False,False,False,677,-52.5443115234375,-50.12654495239258,0
Each waiter is there investigating who could convince Jessica's cousins to sneeze.,There is each waiter investigating who could convince Jessica's cousins to sneeze.,semantics,quantifiers,existential_there_quantifiers_2,True,False,False,False,678,-121.09449768066406,-122.74873352050781,1
Most socks were there flattening.,There were most socks flattening.,semantics,quantifiers,existential_there_quantifiers_2,True,False,False,False,679,-44.06534194946289,-45.25880432128906,1
All slopes are there distracting David.,There are all slopes distracting David.,semantics,quantifiers,existential_there_quantifiers_2,True,False,False,False,680,-53.84943389892578,-50.896121978759766,0
Every cup is there dropping.,There is every cup dropping.,semantics,quantifiers,existential_there_quantifiers_2,True,False,False,False,681,-35.644065856933594,-34.31886672973633,0
Each college campus wasn't there boring Rose.,There wasn't each college campus boring Rose.,semantics,quantifiers,existential_there_quantifiers_2,True,False,False,False,682,-66.68275451660156,-67.48744201660156,1
Every sister of every person isn't there saying every waiter waved.,There isn't every sister of every person saying every waiter waved.,semantics,quantifiers,existential_there_quantifiers_2,True,False,False,False,683,-86.53875732421875,-86.49320983886719,0
Most commentaries about politics are there shocking Amanda.,There are most commentaries about politics shocking Amanda.,semantics,quantifiers,existential_there_quantifiers_2,True,False,False,False,684,-80.20159149169922,-78.58931732177734,0
Most slopes were there astounding Alicia.,There were most slopes astounding Alicia.,semantics,quantifiers,existential_there_quantifiers_2,True,False,False,False,685,-55.45130157470703,-56.75394058227539,1
Every unicycle isn't there upsetting this school.,There isn't every unicycle upsetting this school.,semantics,quantifiers,existential_there_quantifiers_2,True,False,False,False,686,-67.16361236572266,-70.28472900390625,1
Most actors weren't there climbing up every mountain.,There weren't most actors climbing up every mountain.,semantics,quantifiers,existential_there_quantifiers_2,True,False,False,False,687,-58.19076919555664,-61.196075439453125,1
Every cousin of Cheryl wasn't there passing that mall.,There wasn't every cousin of Cheryl passing that mall.,semantics,quantifiers,existential_there_quantifiers_2,True,False,False,False,688,-76.93106079101562,-75.81049346923828,0
All drawings were there distracting Brett.,There were all drawings distracting Brett.,semantics,quantifiers,existential_there_quantifiers_2,True,False,False,False,689,-54.759883880615234,-52.971031188964844,0
Every candle is there boring Brett.,There is every candle boring Brett.,semantics,quantifiers,existential_there_quantifiers_2,True,False,False,False,690,-52.50062561035156,-51.13819122314453,0
Each art gallery is there distracting Karla.,There is each art gallery distracting Karla.,semantics,quantifiers,existential_there_quantifiers_2,True,False,False,False,691,-64.25159454345703,-64.48328399658203,1
Every school is there believing a lot of guests to hug Roger.,There is every school believing a lot of guests to hug Roger.,semantics,quantifiers,existential_there_quantifiers_2,True,False,False,False,692,-79.77717590332031,-79.54766082763672,0
Every apple isn't there bothering every association.,There isn't every apple bothering every association.,semantics,quantifiers,existential_there_quantifiers_2,True,False,False,False,693,-60.981388092041016,-60.95067596435547,0
Each mirror is there chipping.,There is each mirror chipping.,semantics,quantifiers,existential_there_quantifiers_2,True,False,False,False,694,-38.91277313232422,-39.57134246826172,1
Each carriage isn't there bothering Tammy.,There isn't each carriage bothering Tammy.,semantics,quantifiers,existential_there_quantifiers_2,True,False,False,False,695,-62.68993377685547,-63.095672607421875,1
All hospitals were there confusing Joel.,There were all hospitals confusing Joel.,semantics,quantifiers,existential_there_quantifiers_2,True,False,False,False,696,-56.818145751953125,-53.116851806640625,0
Every cucumber isn't there irritating Edward.,There isn't every cucumber irritating Edward.,semantics,quantifiers,existential_there_quantifiers_2,True,False,False,False,697,-66.13026428222656,-65.54814147949219,0
Most people were there encouraging Allison to kiss most guests.,There were most people encouraging Allison to kiss most guests.,semantics,quantifiers,existential_there_quantifiers_2,True,False,False,False,698,-77.18075561523438,-76.91780090332031,0
Every school is there lying.,There is every school lying.,semantics,quantifiers,existential_there_quantifiers_2,True,False,False,False,699,-32.18257522583008,-32.329803466796875,1
All actors were there criticizing Theresa.,There were all actors criticizing Theresa.,semantics,quantifiers,existential_there_quantifiers_2,True,False,False,False,700,-51.75849914550781,-50.823360443115234,0
All commentaries were there disagreeing.,There were all commentaries disagreeing.,semantics,quantifiers,existential_there_quantifiers_2,True,False,False,False,701,-55.087406158447266,-51.72695541381836,0
All universities were there hiring the Borgias.,There were all universities hiring the Borgias.,semantics,quantifiers,existential_there_quantifiers_2,True,False,False,False,702,-66.0634536743164,-62.763362884521484,0
Each slope wasn't there impressing Matt.,There wasn't each slope impressing Matt.,semantics,quantifiers,existential_there_quantifiers_2,True,False,False,False,703,-66.13194274902344,-63.49903106689453,0
Every face isn't there stunning an actress.,There isn't every face stunning an actress.,semantics,quantifiers,existential_there_quantifiers_2,True,False,False,False,704,-60.26995086669922,-58.72886657714844,0
Each spotlight is there aggravating Theodore.,There is each spotlight aggravating Theodore.,semantics,quantifiers,existential_there_quantifiers_2,True,False,False,False,705,-63.07958984375,-64.08815002441406,1
All icicles aren't there aggravating Tammy.,There aren't all icicles aggravating Tammy.,semantics,quantifiers,existential_there_quantifiers_2,True,False,False,False,706,-77.69830322265625,-77.68682098388672,0
Each teenager was there washing.,There was each teenager washing.,semantics,quantifiers,existential_there_quantifiers_2,True,False,False,False,707,-37.71393966674805,-39.80952453613281,1
Every movie wasn't there stunning the lady.,There wasn't every movie stunning the lady.,semantics,quantifiers,existential_there_quantifiers_2,True,False,False,False,708,-56.49802780151367,-55.667579650878906,0
Every photograph isn't there alarming Christopher.,There isn't every photograph alarming Christopher.,semantics,quantifiers,existential_there_quantifiers_2,True,False,False,False,709,-62.98841857910156,-61.903560638427734,0
Each gate wasn't there worrying John.,There wasn't each gate worrying John.,semantics,quantifiers,existential_there_quantifiers_2,True,False,False,False,710,-57.713905334472656,-56.50144958496094,0
Each popsicle is there falling.,There is each popsicle falling.,semantics,quantifiers,existential_there_quantifiers_2,True,False,False,False,711,-48.506839752197266,-48.96944046020508,1
Each friend of Ruth was there exiting the art galleries.,There was each friend of Ruth exiting the art galleries.,semantics,quantifiers,existential_there_quantifiers_2,True,False,False,False,712,-69.29418182373047,-68.96678161621094,0
Most peppers aren't there going bad.,There aren't most peppers going bad.,semantics,quantifiers,existential_there_quantifiers_2,True,False,False,False,713,-52.44523620605469,-52.024681091308594,0
Most candles are there disappearing.,There are most candles disappearing.,semantics,quantifiers,existential_there_quantifiers_2,True,False,False,False,714,-40.33919906616211,-35.23678207397461,0
Most plates aren't there stunning Monet.,There aren't most plates stunning Monet.,semantics,quantifiers,existential_there_quantifiers_2,True,False,False,False,715,-59.27370834350586,-61.90717315673828,1
Every customer is there laughing.,There is every customer laughing.,semantics,quantifiers,existential_there_quantifiers_2,True,False,False,False,716,-32.37013626098633,-32.26103591918945,0
Every lamp was there fading.,There was every lamp fading.,semantics,quantifiers,existential_there_quantifiers_2,True,False,False,False,717,-38.69744873046875,-38.56765365600586,0
All reports about Galileo weren't there hurting Catherine.,There weren't all reports about Galileo hurting Catherine.,semantics,quantifiers,existential_there_quantifiers_2,True,False,False,False,718,-78.6374740600586,-72.57122802734375,0
All rivers weren't there freezing.,There weren't all rivers freezing.,semantics,quantifiers,existential_there_quantifiers_2,True,False,False,False,719,-47.75149917602539,-44.72132110595703,0
Most documentaries weren't there stunning most doctors.,There weren't most documentaries stunning most doctors.,semantics,quantifiers,existential_there_quantifiers_2,True,False,False,False,720,-63.22731018066406,-65.39252471923828,1
Most bikes weren't there annoying Susan.,There weren't most bikes annoying Susan.,semantics,quantifiers,existential_there_quantifiers_2,True,False,False,False,721,-56.51934051513672,-58.71094512939453,1
All coats were there bothering Melinda.,There were all coats bothering Melinda.,semantics,quantifiers,existential_there_quantifiers_2,True,False,False,False,722,-60.23703384399414,-57.946571350097656,0
Every show about current events was there embarrassing Nicole.,There was every show about current events embarrassing Nicole.,semantics,quantifiers,existential_there_quantifiers_2,True,False,False,False,723,-71.05882263183594,-71.99600219726562,1
All cars aren't there impressing David.,There aren't all cars impressing David.,semantics,quantifiers,existential_there_quantifiers_2,True,False,False,False,724,-63.123714447021484,-59.410552978515625,0
Every bicycle isn't there crashing.,There isn't every bicycle crashing.,semantics,quantifiers,existential_there_quantifiers_2,True,False,False,False,725,-44.50218200683594,-41.74774169921875,0
Each documentary about the Clintons is there upsetting schools.,There is each documentary about the Clintons upsetting schools.,semantics,quantifiers,existential_there_quantifiers_2,True,False,False,False,726,-72.44647216796875,-72.2999496459961,0
Each senator was there finding out who haven't succeeded.,There was each senator finding out who haven't succeeded.,semantics,quantifiers,existential_there_quantifiers_2,True,False,False,False,727,-67.22807312011719,-68.10762023925781,1
Each sketch was there shocking this association.,There was each sketch shocking this association.,semantics,quantifiers,existential_there_quantifiers_2,True,False,False,False,728,-55.00722885131836,-58.90910339355469,1
Most turtles weren't there disappearing.,There weren't most turtles disappearing.,semantics,quantifiers,existential_there_quantifiers_2,True,False,False,False,729,-46.826263427734375,-48.3306770324707,1
All cucumbers aren't there hurting that patient.,There aren't all cucumbers hurting that patient.,semantics,quantifiers,existential_there_quantifiers_2,True,False,False,False,730,-68.02540588378906,-66.83198547363281,0
Every eye was there boring most pedestrians.,There was every eye boring most pedestrians.,semantics,quantifiers,existential_there_quantifiers_2,True,False,False,False,731,-56.067108154296875,-55.96180725097656,0
All essays aren't there bothering Natalie.,There aren't all essays bothering Natalie.,semantics,quantifiers,existential_there_quantifiers_2,True,False,False,False,732,-60.225257873535156,-56.52251434326172,0
Every high school is there upsetting Gregory.,There is every high school upsetting Gregory.,semantics,quantifiers,existential_there_quantifiers_2,True,False,False,False,733,-55.7674560546875,-53.2907829284668,0
Each pie was there distracting Linda.,There was each pie distracting Linda.,semantics,quantifiers,existential_there_quantifiers_2,True,False,False,False,734,-49.80859375,-53.054019927978516,1
Most slopes are there embarrassing Cynthia.,There are most slopes embarrassing Cynthia.,semantics,quantifiers,existential_there_quantifiers_2,True,False,False,False,735,-55.20118713378906,-54.5908203125,0
Most coats were there bothering Rebecca.,There were most coats bothering Rebecca.,semantics,quantifiers,existential_there_quantifiers_2,True,False,False,False,736,-53.4803466796875,-54.2911491394043,1
All cats are there stunning Gina.,There are all cats stunning Gina.,semantics,quantifiers,existential_there_quantifiers_2,True,False,False,False,737,-51.907386779785156,-49.10198211669922,0
Each window was there falling.,There was each window falling.,semantics,quantifiers,existential_there_quantifiers_2,True,False,False,False,738,-36.27271270751953,-37.374794006347656,1
Each horse wasn't there aggravating Amanda.,There wasn't each horse aggravating Amanda.,semantics,quantifiers,existential_there_quantifiers_2,True,False,False,False,739,-62.79655075073242,-61.82392883300781,0
Every projector was there impressing Irene.,There was every projector impressing Irene.,semantics,quantifiers,existential_there_quantifiers_2,True,False,False,False,740,-62.359352111816406,-62.024383544921875,0
All doors weren't there aggravating Kendra.,There weren't all doors aggravating Kendra.,semantics,quantifiers,existential_there_quantifiers_2,True,False,False,False,741,-66.64533996582031,-63.4716682434082,0
Each bike wasn't there confusing a lot of senators.,There wasn't each bike confusing a lot of senators.,semantics,quantifiers,existential_there_quantifiers_2,True,False,False,False,742,-66.76544189453125,-68.99237060546875,1
Most movies about science were there hurting Sarah.,There were most movies about science hurting Sarah.,semantics,quantifiers,existential_there_quantifiers_2,True,False,False,False,743,-63.9623908996582,-60.652626037597656,0
Every picture of Homer wasn't there impressing Elizabeth.,There wasn't every picture of Homer impressing Elizabeth.,semantics,quantifiers,existential_there_quantifiers_2,True,False,False,False,744,-75.95008850097656,-75.7127456665039,0
All glasses were there alarming Kristen.,There were all glasses alarming Kristen.,semantics,quantifiers,existential_there_quantifiers_2,True,False,False,False,745,-55.54441833496094,-52.162445068359375,0
Every father of Lucille isn't there refusing to lift every spotlight.,There isn't every father of Lucille refusing to lift every spotlight.,semantics,quantifiers,existential_there_quantifiers_2,True,False,False,False,746,-88.90910339355469,-90.15251159667969,1
Every teenager is there yelling.,There is every teenager yelling.,semantics,quantifiers,existential_there_quantifiers_2,True,False,False,False,747,-37.336036682128906,-37.08912658691406,0
Every movie about the Great Lakes was there boring Gina.,There was every movie about the Great Lakes boring Gina.,semantics,quantifiers,existential_there_quantifiers_2,True,False,False,False,748,-74.40995788574219,-72.80596923828125,0
Each blouse wasn't there shrinking.,There wasn't each blouse shrinking.,semantics,quantifiers,existential_there_quantifiers_2,True,False,False,False,749,-54.820152282714844,-52.429649353027344,0
All windows aren't there vanishing.,There aren't all windows vanishing.,semantics,quantifiers,existential_there_quantifiers_2,True,False,False,False,750,-48.27458953857422,-43.76026916503906,0
Each cashier is there preventing some screen from shocking Monica.,There is each cashier preventing some screen from shocking Monica.,semantics,quantifiers,existential_there_quantifiers_2,True,False,False,False,751,-89.57036590576172,-87.17025756835938,0
Every convertible is there bothering Carrie.,There is every convertible bothering Carrie.,semantics,quantifiers,existential_there_quantifiers_2,True,False,False,False,752,-53.5723876953125,-53.21392822265625,0
Most cousins of those doctors are there existing.,There are most cousins of those doctors existing.,semantics,quantifiers,existential_there_quantifiers_2,True,False,False,False,753,-57.81455993652344,-56.713645935058594,0
All pies weren't there vanishing.,There weren't all pies vanishing.,semantics,quantifiers,existential_there_quantifiers_2,True,False,False,False,754,-50.866302490234375,-48.84952163696289,0
Each actress is there hiding away.,There is each actress hiding away.,semantics,quantifiers,existential_there_quantifiers_2,True,False,False,False,755,-42.455299377441406,-45.334739685058594,1
All senators are there approaching all cashiers.,There are all senators approaching all cashiers.,semantics,quantifiers,existential_there_quantifiers_2,True,False,False,False,756,-64.72711181640625,-60.72627639770508,0
Each high school is there wasting away.,There is each high school wasting away.,semantics,quantifiers,existential_there_quantifiers_2,True,False,False,False,757,-43.93716049194336,-47.489906311035156,1
Each wheelbarrow was there rusting.,There was each wheelbarrow rusting.,semantics,quantifiers,existential_there_quantifiers_2,True,False,False,False,758,-56.89480209350586,-55.71953582763672,0
Every grocery store was there wasting away.,There was every grocery store wasting away.,semantics,quantifiers,existential_there_quantifiers_2,True,False,False,False,759,-50.85022735595703,-50.64884567260742,0
All pies are there aggravating Renee.,There are all pies aggravating Renee.,semantics,quantifiers,existential_there_quantifiers_2,True,False,False,False,760,-59.980995178222656,-57.78570556640625,0
Each sketch wasn't there existing.,There wasn't each sketch existing.,semantics,quantifiers,existential_there_quantifiers_2,True,False,False,False,761,-47.16741943359375,-45.53341293334961,0
Each shirt is there annoying the teacher.,There is each shirt annoying the teacher.,semantics,quantifiers,existential_there_quantifiers_2,True,False,False,False,762,-49.73814392089844,-53.88688278198242,1
All drawings of all carts weren't there stunning Scott.,There weren't all drawings of all carts stunning Scott.,semantics,quantifiers,existential_there_quantifiers_2,True,False,False,False,763,-76.62077331542969,-78.11459350585938,1
All carts were there bothering Amanda.,There were all carts bothering Amanda.,semantics,quantifiers,existential_there_quantifiers_2,True,False,False,False,764,-57.48155212402344,-54.522762298583984,0
Each guest is there observing Douglas.,There is each guest observing Douglas.,semantics,quantifiers,existential_there_quantifiers_2,True,False,False,False,765,-49.824607849121094,-48.91962432861328,0
Every photograph of Erin is there confusing Michelle.,There is every photograph of Erin confusing Michelle.,semantics,quantifiers,existential_there_quantifiers_2,True,False,False,False,766,-67.43840789794922,-62.86619186401367,0
Each dog is there disappearing.,There is each dog disappearing.,semantics,quantifiers,existential_there_quantifiers_2,True,False,False,False,767,-36.16981506347656,-35.076210021972656,0
Every cat isn't there falling.,There isn't every cat falling.,semantics,quantifiers,existential_there_quantifiers_2,True,False,False,False,768,-40.59529113769531,-40.205650329589844,0
Most waitresses are there investigating who is arguing about Stephen.,There are most waitresses investigating who is arguing about Stephen.,semantics,quantifiers,existential_there_quantifiers_2,True,False,False,False,769,-89.48847961425781,-87.86750793457031,0
All cats aren't there disappearing.,There aren't all cats disappearing.,semantics,quantifiers,existential_there_quantifiers_2,True,False,False,False,770,-45.0123291015625,-41.82478713989258,0
Most boys aren't there spurring Meredith to paint.,There aren't most boys spurring Meredith to paint.,semantics,quantifiers,existential_there_quantifiers_2,True,False,False,False,771,-73.13714599609375,-73.84513092041016,1
Every cake was there appearing.,There was every cake appearing.,semantics,quantifiers,existential_there_quantifiers_2,True,False,False,False,772,-35.27961730957031,-36.26711654663086,1
All skirts aren't there boring Andrew.,There aren't all skirts boring Andrew.,semantics,quantifiers,existential_there_quantifiers_2,True,False,False,False,773,-59.333744049072266,-58.3511962890625,0
Each fork was there disappearing.,There was each fork disappearing.,semantics,quantifiers,existential_there_quantifiers_2,True,False,False,False,774,-40.72505187988281,-41.054710388183594,1
All slopes aren't there distracting Nancy.,There aren't all slopes distracting Nancy.,semantics,quantifiers,existential_there_quantifiers_2,True,False,False,False,775,-60.95784378051758,-58.88473129272461,0
Each newspaper article about travel is there scaring Samantha.,There is each newspaper article about travel scaring Samantha.,semantics,quantifiers,existential_there_quantifiers_2,True,False,False,False,776,-78.46653747558594,-78.25489044189453,0
All cars were there astounding Maria.,There were all cars astounding Maria.,semantics,quantifiers,existential_there_quantifiers_2,True,False,False,False,777,-54.91499710083008,-50.50897979736328,0
All hospitals weren't there badgering Adam to compromise.,There weren't all hospitals badgering Adam to compromise.,semantics,quantifiers,existential_there_quantifiers_2,True,False,False,False,778,-88.25115203857422,-87.22500610351562,0
Every pepper is there wasting away.,There is every pepper wasting away.,semantics,quantifiers,existential_there_quantifiers_2,True,False,False,False,779,-44.405128479003906,-41.47038650512695,0
Most books were there irritating all girls.,There were most books irritating all girls.,semantics,quantifiers,existential_there_quantifiers_2,True,False,False,False,780,-51.09285354614258,-53.10161590576172,1
Every shawl isn't there existing.,There isn't every shawl existing.,semantics,quantifiers,existential_there_quantifiers_2,True,False,False,False,781,-57.337646484375,-56.53240966796875,0
Every window is there upsetting Galileo.,There is every window upsetting Galileo.,semantics,quantifiers,existential_there_quantifiers_2,True,False,False,False,782,-52.29893493652344,-51.16639709472656,0
Each cup wasn't there shattering.,There wasn't each cup shattering.,semantics,quantifiers,existential_there_quantifiers_2,True,False,False,False,783,-45.852176666259766,-44.424598693847656,0
Most slopes are there impressing Richard.,There are most slopes impressing Richard.,semantics,quantifiers,existential_there_quantifiers_2,True,False,False,False,784,-60.037994384765625,-57.49979019165039,0
Every grocery store was there worrying Jodi.,There was every grocery store worrying Jodi.,semantics,quantifiers,existential_there_quantifiers_2,True,False,False,False,785,-63.090850830078125,-62.630638122558594,0
Every shoe is there appearing.,There is every shoe appearing.,semantics,quantifiers,existential_there_quantifiers_2,True,False,False,False,786,-34.5858154296875,-35.16156005859375,1
Each couch is there scaring some pedestrians.,There is each couch scaring some pedestrians.,semantics,quantifiers,existential_there_quantifiers_2,True,False,False,False,787,-58.471397399902344,-58.72526550292969,1
All girls are there collaborating.,There are all girls collaborating.,semantics,quantifiers,existential_there_quantifiers_2,True,False,False,False,788,-39.74528884887695,-34.78202819824219,0
Every book isn't there disturbing Brenda.,There isn't every book disturbing Brenda.,semantics,quantifiers,existential_there_quantifiers_2,True,False,False,False,789,-53.70587921142578,-54.82819366455078,1
All hills weren't there looking like every photograph.,There weren't all hills looking like every photograph.,semantics,quantifiers,existential_there_quantifiers_2,True,False,False,False,790,-65.49156188964844,-63.60855484008789,0
Most peppers aren't there annoying Gina.,There aren't most peppers annoying Gina.,semantics,quantifiers,existential_there_quantifiers_2,True,False,False,False,791,-63.14072799682617,-62.840354919433594,0
Most cakes aren't there disturbing Melinda.,There aren't most cakes disturbing Melinda.,semantics,quantifiers,existential_there_quantifiers_2,True,False,False,False,792,-64.94020080566406,-64.71470642089844,0
Each glacier wasn't there embarrassing Ella.,There wasn't each glacier embarrassing Ella.,semantics,quantifiers,existential_there_quantifiers_2,True,False,False,False,793,-65.18437194824219,-64.92253875732422,0
Most museums are there referencing the actor.,There are most museums referencing the actor.,semantics,quantifiers,existential_there_quantifiers_2,True,False,False,False,794,-49.451316833496094,-47.1052131652832,0
Each pepper isn't there growing.,There isn't each pepper growing.,semantics,quantifiers,existential_there_quantifiers_2,True,False,False,False,795,-44.414127349853516,-43.764984130859375,0
Every documentary was there aggravating Kendra.,There was every documentary aggravating Kendra.,semantics,quantifiers,existential_there_quantifiers_2,True,False,False,False,796,-56.84628677368164,-58.13963317871094,1
Every woman wasn't there managing to alarm Denise.,There wasn't every woman managing to alarm Denise.,semantics,quantifiers,existential_there_quantifiers_2,True,False,False,False,797,-72.61892700195312,-71.68421936035156,0
Each guy was there happening to unfold.,There was each guy happening to unfold.,semantics,quantifiers,existential_there_quantifiers_2,True,False,False,False,798,-44.75608825683594,-47.93772506713867,1
Most mushrooms aren't there alarming Nancy.,There aren't most mushrooms alarming Nancy.,semantics,quantifiers,existential_there_quantifiers_2,True,False,False,False,799,-61.575050354003906,-61.76720428466797,1
Each report about the Borgias is there annoying some companies.,There is each report about the Borgias annoying some companies.,semantics,quantifiers,existential_there_quantifiers_2,True,False,False,False,800,-80.5398178100586,-83.84026336669922,1
All horses are there upsetting Becky.,There are all horses upsetting Becky.,semantics,quantifiers,existential_there_quantifiers_2,True,False,False,False,801,-53.146732330322266,-48.28004837036133,0
Most books weren't there annoying some boy.,There weren't most books annoying some boy.,semantics,quantifiers,existential_there_quantifiers_2,True,False,False,False,802,-57.432350158691406,-60.05980682373047,1
All photographs aren't there alarming Ellen.,There aren't all photographs alarming Ellen.,semantics,quantifiers,existential_there_quantifiers_2,True,False,False,False,803,-59.50556564331055,-57.684452056884766,0
All casseroles are there baking.,There are all casseroles baking.,semantics,quantifiers,existential_there_quantifiers_2,True,False,False,False,804,-55.88740921020508,-48.138671875,0
Every actress was there compelling George's senators to conceal this cup.,There was every actress compelling George's senators to conceal this cup.,semantics,quantifiers,existential_there_quantifiers_2,True,False,False,False,805,-92.27059936523438,-95.38516998291016,1
Most guys were there fixing a lot of windows.,There were most guys fixing a lot of windows.,semantics,quantifiers,existential_there_quantifiers_2,True,False,False,False,806,-50.92577362060547,-53.10957336425781,1
Each woman isn't there discussing many libraries.,There isn't each woman discussing many libraries.,semantics,quantifiers,existential_there_quantifiers_2,True,False,False,False,807,-58.80494689941406,-59.079978942871094,1
All waiters aren't there hiding.,There aren't all waiters hiding.,semantics,quantifiers,existential_there_quantifiers_2,True,False,False,False,808,-50.19581604003906,-50.120487213134766,0
Each book wasn't there disagreeing with Cheryl.,There wasn't each book disagreeing with Cheryl.,semantics,quantifiers,existential_there_quantifiers_2,True,False,False,False,809,-64.37786865234375,-66.58818054199219,1
Each brother of Aaron wasn't there begging some sister of Sheila to ascend these slopes.,There wasn't each brother of Aaron begging some sister of Sheila to ascend these slopes.,semantics,quantifiers,existential_there_quantifiers_2,True,False,False,False,810,-127.80211639404297,-131.72669982910156,1
All cups weren't there aggravating Larry.,There weren't all cups aggravating Larry.,semantics,quantifiers,existential_there_quantifiers_2,True,False,False,False,811,-62.06035614013672,-61.81997299194336,0
All computers were there worrying Dana.,There were all computers worrying Dana.,semantics,quantifiers,existential_there_quantifiers_2,True,False,False,False,812,-53.348297119140625,-51.78312301635742,0
Most forks aren't there looking like the painting.,There aren't most forks looking like the painting.,semantics,quantifiers,existential_there_quantifiers_2,True,False,False,False,813,-59.56780242919922,-57.71522903442383,0
Every gate is there hurting Eric.,There is every gate hurting Eric.,semantics,quantifiers,existential_there_quantifiers_2,True,False,False,False,814,-49.842620849609375,-48.76789093017578,0
All museums are there arguing.,There are all museums arguing.,semantics,quantifiers,existential_there_quantifiers_2,True,False,False,False,815,-39.21656036376953,-36.30731964111328,0
Every glacier was there confusing Martin.,There was every glacier confusing Martin.,semantics,quantifiers,existential_there_quantifiers_2,True,False,False,False,816,-53.16777801513672,-53.35978698730469,1
Most glasses aren't there twisting.,There aren't most glasses twisting.,semantics,quantifiers,existential_there_quantifiers_2,True,False,False,False,817,-44.44034957885742,-44.10748291015625,0
Each library wasn't there succeeding.,There wasn't each library succeeding.,semantics,quantifiers,existential_there_quantifiers_2,True,False,False,False,818,-46.103050231933594,-46.3969841003418,1
Every cashier wasn't there impressing Walter.,There wasn't every cashier impressing Walter.,semantics,quantifiers,existential_there_quantifiers_2,True,False,False,False,819,-71.88480377197266,-70.58694458007812,0
Most reports weren't there shocking Christina.,There weren't most reports shocking Christina.,semantics,quantifiers,existential_there_quantifiers_2,True,False,False,False,820,-57.647491455078125,-58.19169998168945,1
Every report was there winning.,There was every report winning.,semantics,quantifiers,existential_there_quantifiers_2,True,False,False,False,821,-36.35218048095703,-35.71010208129883,0
Each movie theater is there vanishing.,There is each movie theater vanishing.,semantics,quantifiers,existential_there_quantifiers_2,True,False,False,False,822,-49.797401428222656,-50.73979949951172,1
Most apples were there stunning Pamela.,There were most apples stunning Pamela.,semantics,quantifiers,existential_there_quantifiers_2,True,False,False,False,823,-51.93213653564453,-53.597389221191406,1
Every coat was there bothering Marie.,There was every coat bothering Marie.,semantics,quantifiers,existential_there_quantifiers_2,True,False,False,False,824,-55.06140899658203,-52.121055603027344,0
All restaurants were there alarming that adult.,There were all restaurants alarming that adult.,semantics,quantifiers,existential_there_quantifiers_2,True,False,False,False,825,-58.90151596069336,-58.35577392578125,0
Each cafe was there shocking Jodi.,There was each cafe shocking Jodi.,semantics,quantifiers,existential_there_quantifiers_2,True,False,False,False,826,-57.401710510253906,-61.285133361816406,1
Most grandfathers of this child weren't there upsetting Helen.,There weren't most grandfathers of this child upsetting Helen.,semantics,quantifiers,existential_there_quantifiers_2,True,False,False,False,827,-87.383056640625,-88.22268676757812,1
Every sister of Lawrence was there considering Christopher to go to every hill.,There was every sister of Lawrence considering Christopher to go to every hill.,semantics,quantifiers,existential_there_quantifiers_2,True,False,False,False,828,-93.1394271850586,-93.05699920654297,0
Each show about Spain wasn't there embarrassing Kevin.,There wasn't each show about Spain embarrassing Kevin.,semantics,quantifiers,existential_there_quantifiers_2,True,False,False,False,829,-70.80342864990234,-73.23307800292969,1
Every legislature isn't there alarming the Borgias.,There isn't every legislature alarming the Borgias.,semantics,quantifiers,existential_there_quantifiers_2,True,False,False,False,830,-75.34550476074219,-74.54794311523438,0
Each college campus wasn't there appearing.,There wasn't each college campus appearing.,semantics,quantifiers,existential_there_quantifiers_2,True,False,False,False,831,-53.602012634277344,-52.39393615722656,0
Every guy wasn't there learning who hadn't toured every public park.,There wasn't every guy learning who hadn't toured every public park.,semantics,quantifiers,existential_there_quantifiers_2,True,False,False,False,832,-86.05809020996094,-87.11304473876953,1
Every projector was there stunning that customer.,There was every projector stunning that customer.,semantics,quantifiers,existential_there_quantifiers_2,True,False,False,False,833,-54.82575225830078,-56.08229064941406,1
Each banana is there stunning some waiter.,There is each banana stunning some waiter.,semantics,quantifiers,existential_there_quantifiers_2,True,False,False,False,834,-57.17493438720703,-58.860069274902344,1
Most glaciers were there astounding Dennis.,There were most glaciers astounding Dennis.,semantics,quantifiers,existential_there_quantifiers_2,True,False,False,False,835,-57.032649993896484,-57.37628936767578,1
Each coat isn't there worrying Sonia.,There isn't each coat worrying Sonia.,semantics,quantifiers,existential_there_quantifiers_2,True,False,False,False,836,-59.25921630859375,-58.12691116333008,0
Most organizations are there forfeiting.,There are most organizations forfeiting.,semantics,quantifiers,existential_there_quantifiers_2,True,False,False,False,837,-39.91096496582031,-38.37564468383789,0
All spotlights aren't there brightening.,There aren't all spotlights brightening.,semantics,quantifiers,existential_there_quantifiers_2,True,False,False,False,838,-57.296142578125,-56.44452667236328,0
Every picture of Heidi was there distracting Catherine.,There was every picture of Heidi distracting Catherine.,semantics,quantifiers,existential_there_quantifiers_2,True,False,False,False,839,-62.3298454284668,-62.00215148925781,0
Most dishes were there worrying Carmen.,There were most dishes worrying Carmen.,semantics,quantifiers,existential_there_quantifiers_2,True,False,False,False,840,-53.03618621826172,-53.3173713684082,1
Most vases are there distracting Patricia.,There are most vases distracting Patricia.,semantics,quantifiers,existential_there_quantifiers_2,True,False,False,False,841,-61.373573303222656,-56.34696960449219,0
Every essay about Winston Churchill wasn't there annoying Larry.,There wasn't every essay about Winston Churchill annoying Larry.,semantics,quantifiers,existential_there_quantifiers_2,True,False,False,False,842,-79.08432006835938,-83.1938247680664,1
Most bananas aren't there charring.,There aren't most bananas charring.,semantics,quantifiers,existential_there_quantifiers_2,True,False,False,False,843,-53.26387405395508,-51.325653076171875,0
All banks are there continuing to approve.,There are all banks continuing to approve.,semantics,quantifiers,existential_there_quantifiers_2,True,False,False,False,844,-46.58198547363281,-44.57557678222656,0
Most grandfathers of Jeffrey aren't there departing.,There aren't most grandfathers of Jeffrey departing.,semantics,quantifiers,existential_there_quantifiers_2,True,False,False,False,845,-71.5825424194336,-73.88046264648438,1
Each niece of Linda wasn't there boasting about Mary.,There wasn't each niece of Linda boasting about Mary.,semantics,quantifiers,existential_there_quantifiers_2,True,False,False,False,846,-72.15901184082031,-72.85195922851562,1
Each dancer was there muttering.,There was each dancer muttering.,semantics,quantifiers,existential_there_quantifiers_2,True,False,False,False,847,-49.468692779541016,-50.71501922607422,1
All screens aren't there alarming Ruth.,There aren't all screens alarming Ruth.,semantics,quantifiers,existential_there_quantifiers_2,True,False,False,False,848,-59.878726959228516,-58.05801773071289,0
All shoes aren't there looking like this painting.,There aren't all shoes looking like this painting.,semantics,quantifiers,existential_there_quantifiers_2,True,False,False,False,849,-56.95538330078125,-55.58382034301758,0
Every unicycle was there falling.,There was every unicycle falling.,semantics,quantifiers,existential_there_quantifiers_2,True,False,False,False,850,-47.849754333496094,-46.89344787597656,0
Every public park is there astounding Michael.,There is every public park astounding Michael.,semantics,quantifiers,existential_there_quantifiers_2,True,False,False,False,851,-62.417884826660156,-59.08943557739258,0
Each father of Sharon wasn't there doubting Andrew can cough.,There wasn't each father of Sharon doubting Andrew can cough.,semantics,quantifiers,existential_there_quantifiers_2,True,False,False,False,852,-92.66839599609375,-92.92394256591797,1
Most nephews of Carol were there preventing Linda from wasting away.,There were most nephews of Carol preventing Linda from wasting away.,semantics,quantifiers,existential_there_quantifiers_2,True,False,False,False,853,-94.33229064941406,-93.1558837890625,0
Every story about the Impressionists wasn't there disagreeing with Bruce.,There wasn't every story about the Impressionists disagreeing with Bruce.,semantics,quantifiers,existential_there_quantifiers_2,True,False,False,False,854,-93.06515502929688,-87.95648956298828,0
All jackets aren't there disturbing some organizations.,There aren't all jackets disturbing some organizations.,semantics,quantifiers,existential_there_quantifiers_2,True,False,False,False,855,-62.93678283691406,-61.720882415771484,0
All pedestrians weren't there forgetting about what is replying.,There weren't all pedestrians forgetting about what is replying.,semantics,quantifiers,existential_there_quantifiers_2,True,False,False,False,856,-76.58757019042969,-75.25224304199219,0
Each adult was there boasting about Caroline.,There was each adult boasting about Caroline.,semantics,quantifiers,existential_there_quantifiers_2,True,False,False,False,857,-54.00550842285156,-53.90770721435547,0
Every closet wasn't there shutting.,There wasn't every closet shutting.,semantics,quantifiers,existential_there_quantifiers_2,True,False,False,False,858,-46.88653564453125,-46.99367141723633,1
Each painting isn't there disturbing Kendra.,There isn't each painting disturbing Kendra.,semantics,quantifiers,existential_there_quantifiers_2,True,False,False,False,859,-62.20769500732422,-61.293296813964844,0
Every hat was there shocking Charles.,There was every hat shocking Charles.,semantics,quantifiers,existential_there_quantifiers_2,True,False,False,False,860,-50.03961944580078,-51.424766540527344,1
Every guest is there looking like this sketch.,There is every guest looking like this sketch.,semantics,quantifiers,existential_there_quantifiers_2,True,False,False,False,861,-48.27532958984375,-48.36264419555664,1
Most lights are there looking like photographs.,There are most lights looking like photographs.,semantics,quantifiers,existential_there_quantifiers_2,True,False,False,False,862,-47.555320739746094,-44.54011535644531,0
Most hamsters weren't there falling.,There weren't most hamsters falling.,semantics,quantifiers,existential_there_quantifiers_2,True,False,False,False,863,-51.835609436035156,-50.553627014160156,0
Most cups aren't there upsetting Phillip.,There aren't most cups upsetting Phillip.,semantics,quantifiers,existential_there_quantifiers_2,True,False,False,False,864,-59.89141082763672,-59.75841522216797,0
All books about the Balkans aren't there astounding Angela.,There aren't all books about the Balkans astounding Angela.,semantics,quantifiers,existential_there_quantifiers_2,True,False,False,False,865,-83.13822174072266,-78.92489624023438,0
Each movie about the Impressionists is there bothering Cheryl.,There is each movie about the Impressionists bothering Cheryl.,semantics,quantifiers,existential_there_quantifiers_2,True,False,False,False,866,-82.67692565917969,-80.08948516845703,0
All carts were there tipping over.,There were all carts tipping over.,semantics,quantifiers,existential_there_quantifiers_2,True,False,False,False,867,-48.75304412841797,-47.25930404663086,0
All plays were there disturbing some senators.,There were all plays disturbing some senators.,semantics,quantifiers,existential_there_quantifiers_2,True,False,False,False,868,-58.13951873779297,-54.979957580566406,0
Every school wasn't there joking around.,There wasn't every school joking around.,semantics,quantifiers,existential_there_quantifiers_2,True,False,False,False,869,-52.20343780517578,-51.34251403808594,0
All skirts are there warping.,There are all skirts warping.,semantics,quantifiers,existential_there_quantifiers_2,True,False,False,False,870,-48.17589569091797,-44.91787338256836,0
Every mall is there embarrassing Nancy.,There is every mall embarrassing Nancy.,semantics,quantifiers,existential_there_quantifiers_2,True,False,False,False,871,-53.23396301269531,-53.570926666259766,1
Every child was there sitting down.,There was every child sitting down.,semantics,quantifiers,existential_there_quantifiers_2,True,False,False,False,872,-36.95914840698242,-32.02260208129883,0
Most cats weren't there distracting Kendra.,There weren't most cats distracting Kendra.,semantics,quantifiers,existential_there_quantifiers_2,True,False,False,False,873,-62.88739776611328,-60.989723205566406,0
Every painting of Stephen wasn't there stunning that guy.,There wasn't every painting of Stephen stunning that guy.,semantics,quantifiers,existential_there_quantifiers_2,True,False,False,False,874,-72.33600616455078,-73.00559997558594,1
All mountains were there disappearing.,There were all mountains disappearing.,semantics,quantifiers,existential_there_quantifiers_2,True,False,False,False,875,-40.15960693359375,-37.00807189941406,0
Most brothers of Alexander weren't there swallowing.,There weren't most brothers of Alexander swallowing.,semantics,quantifiers,existential_there_quantifiers_2,True,False,False,False,876,-62.565704345703125,-61.34743881225586,0
Each teacher isn't there talking to Galileo.,There isn't each teacher talking to Galileo.,semantics,quantifiers,existential_there_quantifiers_2,True,False,False,False,877,-55.15782928466797,-57.10858917236328,1
Most hospitals are there revealing who should hire those customers.,There are most hospitals revealing who should hire those customers.,semantics,quantifiers,existential_there_quantifiers_2,True,False,False,False,878,-72.05351257324219,-69.53655242919922,0
Most shoes weren't there disappearing.,There weren't most shoes disappearing.,semantics,quantifiers,existential_there_quantifiers_2,True,False,False,False,879,-44.81699752807617,-45.51176452636719,1
Every gate isn't there falling.,There isn't every gate falling.,semantics,quantifiers,existential_there_quantifiers_2,True,False,False,False,880,-44.62498092651367,-42.58760070800781,0
Every show about the Clintons isn't there scaring the teachers.,There isn't every show about the Clintons scaring the teachers.,semantics,quantifiers,existential_there_quantifiers_2,True,False,False,False,881,-81.50770568847656,-81.38945770263672,0
Each shirt was there boring Linda.,There was each shirt boring Linda.,semantics,quantifiers,existential_there_quantifiers_2,True,False,False,False,882,-48.26980209350586,-52.511573791503906,1
Most grandfathers of every woman were there imagining Candice doesn't require Melissa to think about a lot of glasses.,There were most grandfathers of every woman imagining Candice doesn't require Melissa to think about a lot of glasses.,semantics,quantifiers,existential_there_quantifiers_2,True,False,False,False,883,-145.12940979003906,-146.08949279785156,1
All grandsons of the patient weren't there wishing to salute.,There weren't all grandsons of the patient wishing to salute.,semantics,quantifiers,existential_there_quantifiers_2,True,False,False,False,884,-88.31929779052734,-85.83692932128906,0
All newspaper articles aren't there impressing Veronica.,There aren't all newspaper articles impressing Veronica.,semantics,quantifiers,existential_there_quantifiers_2,True,False,False,False,885,-77.908203125,-75.74209594726562,0
Each screen was there impressing Patricia.,There was each screen impressing Patricia.,semantics,quantifiers,existential_there_quantifiers_2,True,False,False,False,886,-57.36689758300781,-58.397220611572266,1
Every play wasn't there embarrassing Robert.,There wasn't every play embarrassing Robert.,semantics,quantifiers,existential_there_quantifiers_2,True,False,False,False,887,-57.09140396118164,-56.66446304321289,0
Most dresses weren't there confusing some waitress.,There weren't most dresses confusing some waitress.,semantics,quantifiers,existential_there_quantifiers_2,True,False,False,False,888,-65.81513977050781,-67.07571411132812,1
All legislatures are there pressing Ann to mess up that library.,There are all legislatures pressing Ann to mess up that library.,semantics,quantifiers,existential_there_quantifiers_2,True,False,False,False,889,-90.99169921875,-90.03140258789062,0
All rabbits were there falling.,There were all rabbits falling.,semantics,quantifiers,existential_there_quantifiers_2,True,False,False,False,890,-38.31959533691406,-37.17353057861328,0
All public parks are there alarming Jane.,There are all public parks alarming Jane.,semantics,quantifiers,existential_there_quantifiers_2,True,False,False,False,891,-62.648956298828125,-57.4540901184082,0
Each eye wasn't there shutting.,There wasn't each eye shutting.,semantics,quantifiers,existential_there_quantifiers_2,True,False,False,False,892,-46.79541015625,-44.80348205566406,0
Every niece of Beth is there looking like some drawings.,There is every niece of Beth looking like some drawings.,semantics,quantifiers,existential_there_quantifiers_2,True,False,False,False,893,-72.38418579101562,-70.73175811767578,0
All cafes are there appearing.,There are all cafes appearing.,semantics,quantifiers,existential_there_quantifiers_2,True,False,False,False,894,-38.777923583984375,-33.535972595214844,0
Each popsicle is there hurting Roger.,There is each popsicle hurting Roger.,semantics,quantifiers,existential_there_quantifiers_2,True,False,False,False,895,-62.02457809448242,-62.12006759643555,1
Each popsicle isn't there evaporating.,There isn't each popsicle evaporating.,semantics,quantifiers,existential_there_quantifiers_2,True,False,False,False,896,-58.670616149902344,-57.45962142944336,0
Every mall isn't there falling.,There isn't every mall falling.,semantics,quantifiers,existential_there_quantifiers_2,True,False,False,False,897,-43.694580078125,-44.16635513305664,1
All tomatoes are there appearing.,There are all tomatoes appearing.,semantics,quantifiers,existential_there_quantifiers_2,True,False,False,False,898,-38.76918029785156,-34.216392517089844,0
Most pictures are there falling.,There are most pictures falling.,semantics,quantifiers,existential_there_quantifiers_2,True,False,False,False,899,-34.7697639465332,-32.58600616455078,0
Every hospital wasn't there protesting.,There wasn't every hospital protesting.,semantics,quantifiers,existential_there_quantifiers_2,True,False,False,False,900,-47.60234451293945,-44.856510162353516,0
Every movie theater wasn't there impressing a man.,There wasn't every movie theater impressing a man.,semantics,quantifiers,existential_there_quantifiers_2,True,False,False,False,901,-68.20841979980469,-66.56797790527344,0
Each truck was there boring Dana.,There was each truck boring Dana.,semantics,quantifiers,existential_there_quantifiers_2,True,False,False,False,902,-51.173797607421875,-50.73328399658203,0
All jackets were there looking like that drawing.,There were all jackets looking like that drawing.,semantics,quantifiers,existential_there_quantifiers_2,True,False,False,False,903,-57.580345153808594,-55.103965759277344,0
Every essay about Winston Churchill was there confusing Stephen.,There was every essay about Winston Churchill confusing Stephen.,semantics,quantifiers,existential_there_quantifiers_2,True,False,False,False,904,-77.58282470703125,-79.30652618408203,1
All cups weren't there scaring Robert.,There weren't all cups scaring Robert.,semantics,quantifiers,existential_there_quantifiers_2,True,False,False,False,905,-59.98213195800781,-59.04972839355469,0
All closets weren't there embarrassing Leslie.,There weren't all closets embarrassing Leslie.,semantics,quantifiers,existential_there_quantifiers_2,True,False,False,False,906,-62.8833122253418,-62.98173522949219,1
Each pie isn't there confusing Bruce.,There isn't each pie confusing Bruce.,semantics,quantifiers,existential_there_quantifiers_2,True,False,False,False,907,-56.15946960449219,-58.79744338989258,1
Most drivers were there lying.,There were most drivers lying.,semantics,quantifiers,existential_there_quantifiers_2,True,False,False,False,908,-34.37477493286133,-35.65073013305664,1
Every father of Anne wasn't there thinking about who discovers who is scratching.,There wasn't every father of Anne thinking about who discovers who is scratching.,semantics,quantifiers,existential_there_quantifiers_2,True,False,False,False,909,-91.08765411376953,-91.46784210205078,1
All scarves weren't there folding.,There weren't all scarves folding.,semantics,quantifiers,existential_there_quantifiers_2,True,False,False,False,910,-54.12743377685547,-49.27582550048828,0
All books about science weren't there confusing Brenda.,There weren't all books about science confusing Brenda.,semantics,quantifiers,existential_there_quantifiers_2,True,False,False,False,911,-73.67473602294922,-67.3463134765625,0
Each play about Spain is there aggravating the boys.,There is each play about Spain aggravating the boys.,semantics,quantifiers,existential_there_quantifiers_2,True,False,False,False,912,-71.55302429199219,-69.73331451416016,0
Every mountain was there confusing Tamara.,There was every mountain confusing Tamara.,semantics,quantifiers,existential_there_quantifiers_2,True,False,False,False,913,-58.19392013549805,-56.874969482421875,0
All commentaries about music weren't there alarming Joseph.,There weren't all commentaries about music alarming Joseph.,semantics,quantifiers,existential_there_quantifiers_2,True,False,False,False,914,-85.27887725830078,-82.61965942382812,0
Every rabbit was there distracting Kathleen.,There was every rabbit distracting Kathleen.,semantics,quantifiers,existential_there_quantifiers_2,True,False,False,False,915,-57.11643600463867,-56.54866027832031,0
Each cucumber wasn't there confusing Monica.,There wasn't each cucumber confusing Monica.,semantics,quantifiers,existential_there_quantifiers_2,True,False,False,False,916,-63.66534423828125,-62.442527770996094,0
Each banana isn't there scaring Lucille.,There isn't each banana scaring Lucille.,semantics,quantifiers,existential_there_quantifiers_2,True,False,False,False,917,-66.54234313964844,-64.49114990234375,0
All people were there enticing Bruce to train.,There were all people enticing Bruce to train.,semantics,quantifiers,existential_there_quantifiers_2,True,False,False,False,918,-61.237152099609375,-58.517364501953125,0
Most children were there boring Alicia.,There were most children boring Alicia.,semantics,quantifiers,existential_there_quantifiers_2,True,False,False,False,919,-48.25360870361328,-50.33238983154297,1
Each muffin isn't there disgusting Jesus.,There isn't each muffin disgusting Jesus.,semantics,quantifiers,existential_there_quantifiers_2,True,False,False,False,920,-59.008663177490234,-59.98953628540039,1
All eyes aren't there astounding some government.,There aren't all eyes astounding some government.,semantics,quantifiers,existential_there_quantifiers_2,True,False,False,False,921,-60.76466751098633,-60.07260513305664,0
Most birds weren't there shocking the association.,There weren't most birds shocking the association.,semantics,quantifiers,existential_there_quantifiers_2,True,False,False,False,922,-57.969032287597656,-60.424964904785156,1
Every documentary was there distracting Leslie.,There was every documentary distracting Leslie.,semantics,quantifiers,existential_there_quantifiers_2,True,False,False,False,923,-51.222808837890625,-53.51319885253906,1
Most skateboards weren't there scaring Naomi.,There weren't most skateboards scaring Naomi.,semantics,quantifiers,existential_there_quantifiers_2,True,False,False,False,924,-71.44224548339844,-70.373046875,0
Most granddaughters of Keith aren't there remembering who sways Tara's ex-wives to win.,There aren't most granddaughters of Keith remembering who sways Tara's ex-wives to win.,semantics,quantifiers,existential_there_quantifiers_2,True,False,False,False,925,-148.65440368652344,-146.51885986328125,0
Each dog is there irritating Patricia.,There is each dog irritating Patricia.,semantics,quantifiers,existential_there_quantifiers_2,True,False,False,False,926,-52.976524353027344,-52.64786148071289,0
Most malls weren't there disturbing the pedestrian.,There weren't most malls disturbing the pedestrian.,semantics,quantifiers,existential_there_quantifiers_2,True,False,False,False,927,-61.26910400390625,-62.952781677246094,1
All cats aren't there shocking Sarah.,There aren't all cats shocking Sarah.,semantics,quantifiers,existential_there_quantifiers_2,True,False,False,False,928,-58.03953552246094,-55.20506286621094,0
Most high schools are there upsetting Dawn.,There are most high schools upsetting Dawn.,semantics,quantifiers,existential_there_quantifiers_2,True,False,False,False,929,-56.62028884887695,-54.50093078613281,0
Every turtle wasn't there looking like that painting.,There wasn't every turtle looking like that painting.,semantics,quantifiers,existential_there_quantifiers_2,True,False,False,False,930,-60.012672424316406,-59.263065338134766,0
All dancers aren't there studying.,There aren't all dancers studying.,semantics,quantifiers,existential_there_quantifiers_2,True,False,False,False,931,-45.27676010131836,-43.897727966308594,0
Each adult is there entreating this granddaughter of this senator to change.,There is each adult entreating this granddaughter of this senator to change.,semantics,quantifiers,existential_there_quantifiers_2,True,False,False,False,932,-89.41546630859375,-88.99288940429688,0
All boys were there encouraging Catherine to like those peppers.,There were all boys encouraging Catherine to like those peppers.,semantics,quantifiers,existential_there_quantifiers_2,True,False,False,False,933,-78.2293701171875,-75.67292022705078,0
All grandfathers of the Impressionists weren't there prodding Sara's ex-girlfriends to leave Kathleen.,There weren't all grandfathers of the Impressionists prodding Sara's ex-girlfriends to leave Kathleen.,semantics,quantifiers,existential_there_quantifiers_2,True,False,False,False,934,-167.28909301757812,-169.1304931640625,1
All companies aren't there obligating Charles's guest to exist.,There aren't all companies obligating Charles's guest to exist.,semantics,quantifiers,existential_there_quantifiers_2,True,False,False,False,935,-88.4693832397461,-86.32234191894531,0
Most restaurants are there shocking Phillip.,There are most restaurants shocking Phillip.,semantics,quantifiers,existential_there_quantifiers_2,True,False,False,False,936,-52.946044921875,-49.475975036621094,0
Every pedestrian is there hiring Sarah.,There is every pedestrian hiring Sarah.,semantics,quantifiers,existential_there_quantifiers_2,True,False,False,False,937,-52.18944549560547,-50.78881072998047,0
Each bicycle isn't there disgusting Jerry.,There isn't each bicycle disgusting Jerry.,semantics,quantifiers,existential_there_quantifiers_2,True,False,False,False,938,-60.266502380371094,-60.97311782836914,1
Most organizations aren't there managing to conspire.,There aren't most organizations managing to conspire.,semantics,quantifiers,existential_there_quantifiers_2,True,False,False,False,939,-67.29329681396484,-67.35691833496094,1
Each face was there boring Natalie.,There was each face boring Natalie.,semantics,quantifiers,existential_there_quantifiers_2,True,False,False,False,940,-49.81202697753906,-51.1136474609375,1
Each river wasn't there alarming Danielle.,There wasn't each river alarming Danielle.,semantics,quantifiers,existential_there_quantifiers_2,True,False,False,False,941,-60.49967956542969,-59.618900299072266,0
Every painting of Stephanie is there disappearing.,There is every painting of Stephanie disappearing.,semantics,quantifiers,existential_there_quantifiers_2,True,False,False,False,942,-54.59899139404297,-51.68408966064453,0
Most doctors are there kissing Amelia.,There are most doctors kissing Amelia.,semantics,quantifiers,existential_there_quantifiers_2,True,False,False,False,943,-51.87947463989258,-48.82501220703125,0
Each school isn't there seeming to complain.,There isn't each school seeming to complain.,semantics,quantifiers,existential_there_quantifiers_2,True,False,False,False,944,-51.105010986328125,-54.55542755126953,1
All mountains weren't there upsetting a company.,There weren't all mountains upsetting a company.,semantics,quantifiers,existential_there_quantifiers_2,True,False,False,False,945,-58.77894592285156,-57.55633544921875,0
Every shirt was there disgusting this teenager.,There was every shirt disgusting this teenager.,semantics,quantifiers,existential_there_quantifiers_2,True,False,False,False,946,-53.738651275634766,-58.08163070678711,1
All gates are there falling.,There are all gates falling.,semantics,quantifiers,existential_there_quantifiers_2,True,False,False,False,947,-37.2274055480957,-36.566383361816406,0
Every print was there stunning Danielle.,There was every print stunning Danielle.,semantics,quantifiers,existential_there_quantifiers_2,True,False,False,False,948,-49.69365692138672,-50.097469329833984,1
Each horse wasn't there looking like this sketch.,There wasn't each horse looking like this sketch.,semantics,quantifiers,existential_there_quantifiers_2,True,False,False,False,949,-57.23630142211914,-58.19727325439453,1
Each book is there worrying a hospital.,There is each book worrying a hospital.,semantics,quantifiers,existential_there_quantifiers_2,True,False,False,False,950,-43.77981948852539,-47.833980560302734,1
Most guys are there learning who exists.,There are most guys learning who exists.,semantics,quantifiers,existential_there_quantifiers_2,True,False,False,False,951,-47.03606414794922,-45.55463790893555,0
All nephews of these ladies weren't there bothering Dawn.,There weren't all nephews of these ladies bothering Dawn.,semantics,quantifiers,existential_there_quantifiers_2,True,False,False,False,952,-76.8293685913086,-78.33746337890625,1
Each cat was there annoying Frank.,There was each cat annoying Frank.,semantics,quantifiers,existential_there_quantifiers_2,True,False,False,False,953,-51.51911926269531,-53.02735137939453,1
All dresses weren't there unfolding.,There weren't all dresses unfolding.,semantics,quantifiers,existential_there_quantifiers_2,True,False,False,False,954,-47.69886016845703,-45.04689025878906,0
Every newspaper article wasn't there disappearing.,There wasn't every newspaper article disappearing.,semantics,quantifiers,existential_there_quantifiers_2,True,False,False,False,955,-54.35565948486328,-53.86228942871094,0
Every bird was there coming here.,There was every bird coming here.,semantics,quantifiers,existential_there_quantifiers_2,True,False,False,False,956,-40.23138427734375,-39.2834587097168,0
Most wheelbarrows weren't there slowing.,There weren't most wheelbarrows slowing.,semantics,quantifiers,existential_there_quantifiers_2,True,False,False,False,957,-69.87495422363281,-66.56497192382812,0
Each art gallery was there appearing.,There was each art gallery appearing.,semantics,quantifiers,existential_there_quantifiers_2,True,False,False,False,958,-43.2989501953125,-44.971343994140625,1
Most chairs were there stunning some school.,There were most chairs stunning some school.,semantics,quantifiers,existential_there_quantifiers_2,True,False,False,False,959,-54.826351165771484,-56.84819793701172,1
Most reports about politics were there disgusting Victoria.,There were most reports about politics disgusting Victoria.,semantics,quantifiers,existential_there_quantifiers_2,True,False,False,False,960,-66.68097686767578,-67.53032684326172,1
All tomatoes are there annoying Christine.,There are all tomatoes annoying Christine.,semantics,quantifiers,existential_there_quantifiers_2,True,False,False,False,961,-56.816444396972656,-54.36738204956055,0
All teachers were there stretching.,There were all teachers stretching.,semantics,quantifiers,existential_there_quantifiers_2,True,False,False,False,962,-38.69416046142578,-36.459251403808594,0
Each actor isn't there arguing about Marla.,There isn't each actor arguing about Marla.,semantics,quantifiers,existential_there_quantifiers_2,True,False,False,False,963,-59.72978210449219,-63.57054138183594,1
All trucks aren't there turning.,There aren't all trucks turning.,semantics,quantifiers,existential_there_quantifiers_2,True,False,False,False,964,-44.5595703125,-41.799560546875,0
Each box is there falling.,There is each box falling.,semantics,quantifiers,existential_there_quantifiers_2,True,False,False,False,965,-32.49121856689453,-33.71809387207031,1
Every fish isn't there disgusting some teenagers.,There isn't every fish disgusting some teenagers.,semantics,quantifiers,existential_there_quantifiers_2,True,False,False,False,966,-60.63775634765625,-60.78036880493164,1
Most grandsons of Candice aren't there yelling.,There aren't most grandsons of Candice yelling.,semantics,quantifiers,existential_there_quantifiers_2,True,False,False,False,967,-81.33853912353516,-80.66645812988281,0
All pedestrians are there winning.,There are all pedestrians winning.,semantics,quantifiers,existential_there_quantifiers_2,True,False,False,False,968,-40.050140380859375,-37.22911071777344,0
Every report about music was there alarming Jacqueline.,There was every report about music alarming Jacqueline.,semantics,quantifiers,existential_there_quantifiers_2,True,False,False,False,969,-73.66627502441406,-75.64337921142578,1
Most shawls aren't there alarming the hospital.,There aren't most shawls alarming the hospital.,semantics,quantifiers,existential_there_quantifiers_2,True,False,False,False,970,-68.77953338623047,-71.5076904296875,1
Every candle isn't there confusing Colleen.,There isn't every candle confusing Colleen.,semantics,quantifiers,existential_there_quantifiers_2,True,False,False,False,971,-62.24891662597656,-61.204044342041016,0
Every newspaper article isn't there stunning Jason.,There isn't every newspaper article stunning Jason.,semantics,quantifiers,existential_there_quantifiers_2,True,False,False,False,972,-65.09857177734375,-67.26081085205078,1
All men weren't there questioning Samuel.,There weren't all men questioning Samuel.,semantics,quantifiers,existential_there_quantifiers_2,True,False,False,False,973,-55.66400909423828,-53.00135803222656,0
All hills weren't there hurting Marla.,There weren't all hills hurting Marla.,semantics,quantifiers,existential_there_quantifiers_2,True,False,False,False,974,-63.393375396728516,-60.5803337097168,0
All projectors weren't there confusing all waitresses.,There weren't all projectors confusing all waitresses.,semantics,quantifiers,existential_there_quantifiers_2,True,False,False,False,975,-85.45571899414062,-83.47019958496094,0
All high schools are there falling.,There are all high schools falling.,semantics,quantifiers,existential_there_quantifiers_2,True,False,False,False,976,-41.88218688964844,-39.975914001464844,0
Each dress isn't there wrinkling.,There isn't each dress wrinkling.,semantics,quantifiers,existential_there_quantifiers_2,True,False,False,False,977,-47.124359130859375,-47.74013137817383,1
Each skateboard was there shocking Mary.,There was each skateboard shocking Mary.,semantics,quantifiers,existential_there_quantifiers_2,True,False,False,False,978,-58.1536750793457,-56.24242401123047,0
Every cart isn't there looking like every photograph.,There isn't every cart looking like every photograph.,semantics,quantifiers,existential_there_quantifiers_2,True,False,False,False,979,-61.4049072265625,-62.128509521484375,1
All reports weren't there alarming Paula.,There weren't all reports alarming Paula.,semantics,quantifiers,existential_there_quantifiers_2,True,False,False,False,980,-58.97917938232422,-58.03321838378906,0
Every painting of Melanie was there looking like a lot of drawings.,There was every painting of Melanie looking like a lot of drawings.,semantics,quantifiers,existential_there_quantifiers_2,True,False,False,False,981,-70.24812316894531,-72.47415924072266,1
Each couch isn't there wasting away.,There isn't each couch wasting away.,semantics,quantifiers,existential_there_quantifiers_2,True,False,False,False,982,-49.136085510253906,-50.27509307861328,1
Every child was there revealing who sells most skirts.,There was every child revealing who sells most skirts.,semantics,quantifiers,existential_there_quantifiers_2,True,False,False,False,983,-72.82988739013672,-69.296875,0
Each movie about art isn't there annoying Joel.,There isn't each movie about art annoying Joel.,semantics,quantifiers,existential_there_quantifiers_2,True,False,False,False,984,-68.00480651855469,-71.48202514648438,1
Each cashier wasn't there alarming Thomas.,There wasn't each cashier alarming Thomas.,semantics,quantifiers,existential_there_quantifiers_2,True,False,False,False,985,-67.93811798095703,-67.04944610595703,0
Most lights were there darkening.,There were most lights darkening.,semantics,quantifiers,existential_there_quantifiers_2,True,False,False,False,986,-43.59731674194336,-43.514347076416016,0
Most steps aren't there worrying all universities.,There aren't most steps worrying all universities.,semantics,quantifiers,existential_there_quantifiers_2,True,False,False,False,987,-59.06474304199219,-60.25856018066406,1
Each story was there impressing Rhonda.,There was each story impressing Rhonda.,semantics,quantifiers,existential_there_quantifiers_2,True,False,False,False,988,-60.119110107421875,-63.860008239746094,1
Most daughters of Jill aren't there buying those bikes.,There aren't most daughters of Jill buying those bikes.,semantics,quantifiers,existential_there_quantifiers_2,True,False,False,False,989,-75.77818298339844,-76.09799194335938,1
All glaciers are there disturbing that girl.,There are all glaciers disturbing that girl.,semantics,quantifiers,existential_there_quantifiers_2,True,False,False,False,990,-55.423526763916016,-54.42511749267578,0
All rivers were there vaporizing.,There were all rivers vaporizing.,semantics,quantifiers,existential_there_quantifiers_2,True,False,False,False,991,-47.68351745605469,-41.40567398071289,0
Each movie theater isn't there stunning Jason.,There isn't each movie theater stunning Jason.,semantics,quantifiers,existential_there_quantifiers_2,True,False,False,False,992,-63.11888885498047,-65.1021728515625,1
Most shows about literature are there boring Christina.,There are most shows about literature boring Christina.,semantics,quantifiers,existential_there_quantifiers_2,True,False,False,False,993,-66.05217742919922,-64.22200012207031,0
Each popsicle wasn't there upsetting Kristin.,There wasn't each popsicle upsetting Kristin.,semantics,quantifiers,existential_there_quantifiers_2,True,False,False,False,994,-73.71524810791016,-71.63633728027344,0
Most pictures were there looking like those photographs.,There were most pictures looking like those photographs.,semantics,quantifiers,existential_there_quantifiers_2,True,False,False,False,995,-51.03896713256836,-51.46684265136719,1
Every library isn't there falling.,There isn't every library falling.,semantics,quantifiers,existential_there_quantifiers_2,True,False,False,False,996,-41.436622619628906,-42.38724899291992,1
Most ladders aren't there irritating some dancer.,There aren't most ladders irritating some dancer.,semantics,quantifiers,existential_there_quantifiers_2,True,False,False,False,997,-71.26030731201172,-69.83365631103516,0
Most vases aren't there wasting away.,There aren't most vases wasting away.,semantics,quantifiers,existential_there_quantifiers_2,True,False,False,False,998,-56.12882614135742,-54.42283630371094,0
Most actors aren't there wearing this shoe.,There aren't most actors wearing this shoe.,semantics,quantifiers,existential_there_quantifiers_2,True,False,False,False,999,-52.17611312866211,-53.80216979980469,1
