sentence_good,sentence_bad,field,linguistics_term,UID,simple_LM_method,one_prefix_method,two_prefix_method,lexically_identical,pair_id,good_prob,bad_prob,correct
Who aren't most hospitals that hadn't talked about most waitresses alarming?,Who aren't most waitresses alarming most hospitals that hadn't talked about?,syntax,island_effects,complex_NP_island,True,False,False,True,0,-100.6711654663086,-102.2350845336914,1
Who hasn't this sister of these dancers who shocked Cheryl attacked?,Who hasn't Cheryl attacked this sister of these dancers who shocked?,syntax,island_effects,complex_NP_island,True,False,False,True,1,-92.74513244628906,-91.67504119873047,0
Who should Lawrence's lawyers who have scared some grandsons of Janice hate?,Who should some grandsons of Janice hate Lawrence's lawyers who have scared?,syntax,island_effects,complex_NP_island,True,False,False,True,2,-123.83635711669922,-119.72340393066406,0
Who hadn't some driver who would fire Jennifer's colleague embarrassed?,Who hadn't Jennifer's colleague embarrassed some driver who would fire?,syntax,island_effects,complex_NP_island,True,False,False,True,3,-93.97516632080078,-92.43353271484375,0
Who haven't these fathers of Gerald who impressed Deborah's tutors loved?,Who haven't Deborah's tutors loved these fathers of Gerald who impressed?,syntax,island_effects,complex_NP_island,True,False,False,True,4,-109.20172119140625,-106.75328063964844,0
Who couldn't nephews of Victoria that did conceal Carmen observe?,Who couldn't Carmen observe nephews of Victoria that did conceal?,syntax,island_effects,complex_NP_island,True,False,False,True,5,-95.45783996582031,-94.74324035644531,0
Who wouldn't all mothers of Florence who disturbed Katherine forget?,Who wouldn't Katherine forget all mothers of Florence who disturbed?,syntax,island_effects,complex_NP_island,True,False,False,True,6,-91.04109954833984,-92.0954360961914,1
Who couldn't some teacher's piano teachers that were criticizing a movie about politics upset?,Who couldn't a movie about politics upset some teacher's piano teachers that were criticizing?,syntax,island_effects,complex_NP_island,True,False,False,True,7,-115.47348022460938,-116.42330932617188,1
Who weren't these people that had hated the dancers admiring?,Who weren't the dancers admiring these people that had hated?,syntax,island_effects,complex_NP_island,True,False,False,True,8,-84.1436767578125,-86.1028823852539,1
Who did this actor that wouldn't astound Anna's dentists disturb?,Who did Anna's dentists disturb this actor that wouldn't astound?,syntax,island_effects,complex_NP_island,True,False,False,True,9,-106.80865478515625,-106.77418518066406,0
Who was Gary's lawyer who could respect Tonya approaching?,Who was Tonya approaching Gary's lawyer who could respect?,syntax,island_effects,complex_NP_island,True,False,False,True,10,-83.4981460571289,-78.07162475585938,0
Who haven't Edward's plumbers that had listened to Tonya's daughters questioned?,Who haven't Tonya's daughters questioned Edward's plumbers that had listened to?,syntax,island_effects,complex_NP_island,True,False,False,True,11,-114.10038757324219,-114.77477264404297,1
What can't a guest who would like some actor argue about?,What can't some actor argue about a guest who would like?,syntax,island_effects,complex_NP_island,True,False,False,True,12,-73.73961639404297,-75.7408218383789,1
Who wasn't that actor's father who can't bore Samuel healing?,Who wasn't Samuel healing that actor's father who can't bore?,syntax,island_effects,complex_NP_island,True,False,False,True,13,-86.17274475097656,-88.0803451538086,1
Who was Andrew's ex-wife who isn't insulting Kevin approaching?,Who was Kevin approaching Andrew's ex-wife who isn't insulting?,syntax,island_effects,complex_NP_island,True,False,False,True,14,-98.0589599609375,-92.95213317871094,0
Who is Bill's nephew that won't attack Janice listening to?,Who is Janice listening to Bill's nephew that won't attack?,syntax,island_effects,complex_NP_island,True,False,False,True,15,-89.10824584960938,-85.86111450195312,0
Who is that cashier who knew that actress's podiatrist thinking about?,Who is that actress's podiatrist thinking about that cashier who knew?,syntax,island_effects,complex_NP_island,True,False,False,True,16,-109.80227661132812,-109.5913314819336,0
Who isn't the cousin of Craig that wasn't talking to Kathleen confusing?,Who isn't Kathleen confusing the cousin of Craig that wasn't talking to?,syntax,island_effects,complex_NP_island,True,False,False,True,17,-89.94615173339844,-91.6129150390625,1
Who hadn't a brother of Renee who was upsetting these actresses' grandmothers described?,Who hadn't these actresses' grandmothers described a brother of Renee who was upsetting?,syntax,island_effects,complex_NP_island,True,False,False,True,18,-121.07611083984375,-118.8841552734375,0
Who hadn't Steven's brothers who had seen Daniel found?,Who hadn't Daniel found Steven's brothers who had seen?,syntax,island_effects,complex_NP_island,True,False,False,True,19,-75.10612487792969,-74.73542785644531,0
What can't a lot of fathers of Monet that liked Anne admire?,What can't Anne admire a lot of fathers of Monet that liked?,syntax,island_effects,complex_NP_island,True,False,False,True,20,-96.84513092041016,-98.01889038085938,1
Who had Joel's dermatologists who did flee from some libraries listened to?,Who had some libraries listened to Joel's dermatologists who did flee from?,syntax,island_effects,complex_NP_island,True,False,False,True,21,-107.91668701171875,-107.43123626708984,0
Who hadn't Lissa's piano teachers who wouldn't return to Meredith's employee cared for?,Who hadn't Meredith's employee cared for Lissa's piano teachers who wouldn't return to?,syntax,island_effects,complex_NP_island,True,False,False,True,22,-124.45671081542969,-123.81565856933594,0
What does Cynthia's grandmother who won't love a patient conceal?,What does a patient conceal Cynthia's grandmother who won't love?,syntax,island_effects,complex_NP_island,True,False,False,True,23,-83.3947982788086,-80.73419952392578,0
Who couldn't a lot of cousins of many actors that were watching this guest observe?,Who couldn't this guest observe a lot of cousins of many actors that were watching?,syntax,island_effects,complex_NP_island,True,False,False,True,24,-98.59678649902344,-100.17561340332031,1
Who are a lot of universities that were talking to a lot of students astounding?,Who are a lot of students astounding a lot of universities that were talking to?,syntax,island_effects,complex_NP_island,True,False,False,True,25,-73.11327362060547,-78.78219604492188,1
Who might Emily's French teachers that weren't watching every senator's associates love?,Who might every senator's associates love Emily's French teachers that weren't watching?,syntax,island_effects,complex_NP_island,True,False,False,True,26,-110.91809844970703,-113.14041137695312,1
Who can't senators that should visit Regina's supervisor kiss?,Who can't Regina's supervisor kiss senators that should visit?,syntax,island_effects,complex_NP_island,True,False,False,True,27,-92.39469909667969,-93.9682388305664,1
Who had some ladies that had hired Omar returned to?,Who had Omar returned to some ladies that had hired?,syntax,island_effects,complex_NP_island,True,False,False,True,28,-70.46798706054688,-71.50250244140625,1
Who hadn't Theodore's nephew that had appreciated every report sounded like?,Who hadn't every report sounded like Theodore's nephew that had appreciated?,syntax,island_effects,complex_NP_island,True,False,False,True,29,-98.62442016601562,-99.6387939453125,1
Who was Brenda's contractor that attacked Regina hugging?,Who was Regina hugging Brenda's contractor that attacked?,syntax,island_effects,complex_NP_island,True,False,False,True,30,-84.80293273925781,-85.71856689453125,1
Who hasn't Holly's plumber who was curing Amanda scared?,Who hasn't Amanda scared Holly's plumber who was curing?,syntax,island_effects,complex_NP_island,True,False,False,True,31,-98.15023803710938,-97.14155578613281,0
Who isn't Diana's partner that isn't distracting Melinda finding?,Who isn't Melinda finding Diana's partner that isn't distracting?,syntax,island_effects,complex_NP_island,True,False,False,True,32,-96.706787109375,-93.5323486328125,0
Who were Florence's oncologists that revealed a lot of boys annoying?,Who were a lot of boys annoying Florence's oncologists that revealed?,syntax,island_effects,complex_NP_island,True,False,False,True,33,-94.87290954589844,-97.93630981445312,1
Who aren't the mothers of Tina who hid the windows bothering?,Who aren't the windows bothering the mothers of Tina who hid?,syntax,island_effects,complex_NP_island,True,False,False,True,34,-89.30343627929688,-89.68611145019531,1
Who would that university that appreciates those schools irritate?,Who would those schools irritate that university that appreciates?,syntax,island_effects,complex_NP_island,True,False,False,True,35,-78.10408782958984,-79.44580841064453,1
Who can't Galileo's sister that doesn't notice Allison observe?,Who can't Allison observe Galileo's sister that doesn't notice?,syntax,island_effects,complex_NP_island,True,False,False,True,36,-88.96737670898438,-87.60104370117188,0
Who wouldn't Noah's lawyer who hadn't disagreed with James observe?,Who wouldn't James observe Noah's lawyer who hadn't disagreed with?,syntax,island_effects,complex_NP_island,True,False,False,True,37,-86.89765930175781,-87.86903381347656,1
Who had ladies who boasted about Danielle astounded?,Who had Danielle astounded ladies who boasted about?,syntax,island_effects,complex_NP_island,True,False,False,True,38,-75.71208190917969,-79.76017761230469,1
Who hasn't some son of Grace who alarmed Tanya's daughter embarrassed?,Who hasn't Tanya's daughter embarrassed some son of Grace who alarmed?,syntax,island_effects,complex_NP_island,True,False,False,True,39,-105.87997436523438,-106.4059066772461,1
What weren't Janice's ex-boyfriends that discovered all dancers discovering?,What weren't all dancers discovering Janice's ex-boyfriends that discovered?,syntax,island_effects,complex_NP_island,True,False,False,True,40,-119.06427001953125,-120.93687438964844,1
Who is a woman who insults this student praising?,Who is this student praising a woman who insults?,syntax,island_effects,complex_NP_island,True,False,False,True,41,-60.29258728027344,-59.93110275268555,0
Who are Gina's best friends that are boasting about the customers hugging?,Who are the customers hugging Gina's best friends that are boasting about?,syntax,island_effects,complex_NP_island,True,False,False,True,42,-88.94588470458984,-91.3563461303711,1
What hasn't Jesus's associate that loved Edward thought about?,What hasn't Edward thought about Jesus's associate that loved?,syntax,island_effects,complex_NP_island,True,False,False,True,43,-77.77200317382812,-76.21768951416016,0
Who isn't the nephew of Ella that praises Mitchell curing?,Who isn't Mitchell curing the nephew of Ella that praises?,syntax,island_effects,complex_NP_island,True,False,False,True,44,-94.78263854980469,-94.09020233154297,0
Who is every waiter who listens to Jennifer's best friend hugging?,Who is Jennifer's best friend hugging every waiter who listens to?,syntax,island_effects,complex_NP_island,True,False,False,True,45,-90.24592590332031,-89.0611572265625,0
Who should that actress who will question Mitchell remember?,Who should Mitchell remember that actress who will question?,syntax,island_effects,complex_NP_island,True,False,False,True,46,-72.61024475097656,-67.35469055175781,0
What has this teacher that can't find Stephanie healed?,What has Stephanie healed this teacher that can't find?,syntax,island_effects,complex_NP_island,True,False,False,True,47,-71.554931640625,-72.36283111572266,1
Who was Gary's dentist who could embarrass Nicole talking about?,Who was Nicole talking about Gary's dentist who could embarrass?,syntax,island_effects,complex_NP_island,True,False,False,True,48,-80.53070831298828,-80.83226013183594,1
Who hadn't some friend of Melissa that has attacked Patrick talked about?,Who hadn't Patrick talked about some friend of Melissa that has attacked?,syntax,island_effects,complex_NP_island,True,False,False,True,49,-90.45767974853516,-88.5533447265625,0
Who hadn't a niece of Guy that remembers Martin worked with?,Who hadn't Martin worked with a niece of Guy that remembers?,syntax,island_effects,complex_NP_island,True,False,False,True,50,-90.07886505126953,-88.7782974243164,0
Who hadn't a lot of waiters that hadn't insulted Vincent listened to?,Who hadn't Vincent listened to a lot of waiters that hadn't insulted?,syntax,island_effects,complex_NP_island,True,False,False,True,51,-95.87094116210938,-93.43339538574219,0
Who aren't Aaron's grandsons that had talked about Patrick's piano teachers hurting?,Who aren't Patrick's piano teachers hurting Aaron's grandsons that had talked about?,syntax,island_effects,complex_NP_island,True,False,False,True,52,-124.16888427734375,-124.61426544189453,1
Who wasn't Dan's boss who listened to those cashiers' daughter astounding?,Who wasn't those cashiers' daughter astounding Dan's boss who listened to?,syntax,island_effects,complex_NP_island,True,False,False,True,53,-109.765625,-111.06794738769531,1
Who hadn't some teacher who wasn't stunning Spain hired?,Who hadn't Spain hired some teacher who wasn't stunning?,syntax,island_effects,complex_NP_island,True,False,False,True,54,-80.67625427246094,-80.59822082519531,0
Who weren't these pedestrians that were distracting some doctors disagreeing with?,Who weren't some doctors disagreeing with these pedestrians that were distracting?,syntax,island_effects,complex_NP_island,True,False,False,True,55,-100.12860107421875,-94.804443359375,0
Who won't all cashiers' father that is irritating Pamela talk about?,Who won't Pamela talk about all cashiers' father that is irritating?,syntax,island_effects,complex_NP_island,True,False,False,True,56,-104.889892578125,-102.96379089355469,0
Who has Wendy's boss that fled from Tiffany argued about?,Who has Tiffany argued about Wendy's boss that fled from?,syntax,island_effects,complex_NP_island,True,False,False,True,57,-90.64823913574219,-90.13298034667969,0
Who isn't some guest that isn't hurting Phillip hiring?,Who isn't Phillip hiring some guest that isn't hurting?,syntax,island_effects,complex_NP_island,True,False,False,True,58,-78.0245361328125,-81.11817932128906,1
Who was Beverly's sister that admired Susan's guest escaping from?,Who was Susan's guest escaping from Beverly's sister that admired?,syntax,island_effects,complex_NP_island,True,False,False,True,59,-98.9218978881836,-94.5257568359375,0
Who had a doctor that should scare Allison kissed?,Who had Allison kissed a doctor that should scare?,syntax,island_effects,complex_NP_island,True,False,False,True,60,-68.04037475585938,-69.51222229003906,1
Who are Marie's ex-boyfriends who weren't hugging the nephews of Keith talking to?,Who are the nephews of Keith talking to Marie's ex-boyfriends who weren't hugging?,syntax,island_effects,complex_NP_island,True,False,False,True,61,-132.50094604492188,-130.35183715820312,0
Who hadn't most schools that hadn't shocked this boy criticized?,Who hadn't this boy criticized most schools that hadn't shocked?,syntax,island_effects,complex_NP_island,True,False,False,True,62,-84.28288269042969,-84.04466247558594,0
Who hasn't Carl's doctor that referenced William sounded like?,Who hasn't William sounded like Carl's doctor that referenced?,syntax,island_effects,complex_NP_island,True,False,False,True,63,-85.126220703125,-81.53915405273438,0
Who haven't these fathers of Julie who weren't investigating Liam's cousins watched?,Who haven't Liam's cousins watched these fathers of Julie who weren't investigating?,syntax,island_effects,complex_NP_island,True,False,False,True,64,-114.20323181152344,-113.89862060546875,0
Who hasn't Karen's hairdresser that would fire Tara concealed?,Who hasn't Tara concealed Karen's hairdresser that would fire?,syntax,island_effects,complex_NP_island,True,False,False,True,65,-112.56920623779297,-107.84713745117188,0
Who couldn't this guy that has kissed some senator alarm?,Who couldn't some senator alarm this guy that has kissed?,syntax,island_effects,complex_NP_island,True,False,False,True,66,-81.09771728515625,-83.30272674560547,1
Who has Theresa's grandmother who respects Thomas's grandmother seen?,Who has Thomas's grandmother seen Theresa's grandmother who respects?,syntax,island_effects,complex_NP_island,True,False,False,True,67,-87.52003479003906,-87.68733215332031,1
Who were Tonya's colleagues who were investigating some ladies discussing?,Who were some ladies discussing Tonya's colleagues who were investigating?,syntax,island_effects,complex_NP_island,True,False,False,True,68,-86.80447387695312,-88.14210510253906,1
What hadn't some cousins of Thomas that are arguing about Eric referenced?,What hadn't Eric referenced some cousins of Thomas that are arguing about?,syntax,island_effects,complex_NP_island,True,False,False,True,69,-99.65320587158203,-98.88007354736328,0
Who hasn't a granddaughter of Andrea that visits Martha astounded?,Who hasn't Martha astounded a granddaughter of Andrea that visits?,syntax,island_effects,complex_NP_island,True,False,False,True,70,-96.44873809814453,-95.87350463867188,0
Who aren't all men who investigated nephews of Lori kissing?,Who aren't nephews of Lori kissing all men who investigated?,syntax,island_effects,complex_NP_island,True,False,False,True,71,-88.07059478759766,-88.1507568359375,1
Who weren't a lot of sisters of Randolf who could praise Steven's dermatologists questioning?,Who weren't Steven's dermatologists questioning a lot of sisters of Randolf who could praise?,syntax,island_effects,complex_NP_island,True,False,False,True,72,-134.55142211914062,-138.95082092285156,1
What wasn't Kevin's mentee that hates William appreciating?,What wasn't William appreciating Kevin's mentee that hates?,syntax,island_effects,complex_NP_island,True,False,False,True,73,-89.04208374023438,-96.66756439208984,1
Who hadn't every woman that concealed Irene's classmates hired?,Who hadn't Irene's classmates hired every woman that concealed?,syntax,island_effects,complex_NP_island,True,False,False,True,74,-95.10177612304688,-92.7144775390625,0
Who has Beth's handyman that was hugging Cheryl loved?,Who has Cheryl loved Beth's handyman that was hugging?,syntax,island_effects,complex_NP_island,True,False,False,True,75,-96.4644775390625,-100.24847412109375,1
What had Melinda's podiatrist that hasn't complained about Marcus's dentists praised?,What had Marcus's dentists praised Melinda's podiatrist that hasn't complained about?,syntax,island_effects,complex_NP_island,True,False,False,True,76,-139.03135681152344,-138.31948852539062,0
Who haven't these teenagers who weren't disagreeing with some teenagers helped?,Who haven't some teenagers helped these teenagers who weren't disagreeing with?,syntax,island_effects,complex_NP_island,True,False,False,True,77,-91.85013580322266,-92.04701232910156,1
Who haven't Roger's ex-girlfriends that do talk to the Borgias concealed?,Who haven't the Borgias concealed Roger's ex-girlfriends that do talk to?,syntax,island_effects,complex_NP_island,True,False,False,True,78,-126.84130859375,-130.27713012695312,1
Who should the grandfather of Daniel who had seen Jerry confuse?,Who should Jerry confuse the grandfather of Daniel who had seen?,syntax,island_effects,complex_NP_island,True,False,False,True,79,-77.99820709228516,-75.5462646484375,0
Who wouldn't Stephen's mother who will like Sarah stun?,Who wouldn't Sarah stun Stephen's mother who will like?,syntax,island_effects,complex_NP_island,True,False,False,True,80,-77.243896484375,-78.98172760009766,1
Who weren't Anna's colleagues who haven't revealed Janice's supervisors boring?,Who weren't Janice's supervisors boring Anna's colleagues who haven't revealed?,syntax,island_effects,complex_NP_island,True,False,False,True,81,-113.751953125,-113.99394226074219,1
Who haven't these ladies' dermatologists who were shocking Valerie's guests hugged?,Who haven't Valerie's guests hugged these ladies' dermatologists who were shocking?,syntax,island_effects,complex_NP_island,True,False,False,True,82,-122.10783386230469,-117.24295043945312,0
What does that guy's spouse that shouldn't forget Theodore like?,What does Theodore like that guy's spouse that shouldn't forget?,syntax,island_effects,complex_NP_island,True,False,False,True,83,-82.13736724853516,-79.87581634521484,0
Who were the Clintons' employees who weren't leaving Sharon's French teachers boring?,Who were Sharon's French teachers boring the Clintons' employees who weren't leaving?,syntax,island_effects,complex_NP_island,True,False,False,True,84,-110.56744384765625,-115.86593627929688,1
Who doesn't that brother of Wayne that wasn't stunning Wayne work with?,Who doesn't Wayne work with that brother of Wayne that wasn't stunning?,syntax,island_effects,complex_NP_island,True,False,False,True,85,-95.96293640136719,-94.75064849853516,0
Who could some guests who talked to these doctors shock?,Who could these doctors shock some guests who talked to?,syntax,island_effects,complex_NP_island,True,False,False,True,86,-71.62068939208984,-76.2667465209961,1
Who would Stephanie's students who talked to Julia like?,Who would Julia like Stephanie's students who talked to?,syntax,island_effects,complex_NP_island,True,False,False,True,87,-71.02976989746094,-72.54987335205078,1
Who didn't Linda's mentor that hasn't referenced Amanda reveal?,Who didn't Amanda reveal Linda's mentor that hasn't referenced?,syntax,island_effects,complex_NP_island,True,False,False,True,88,-93.8233642578125,-90.15003967285156,0
Who hadn't some pedestrians who disagreed with Tonya's sister scared?,Who hadn't Tonya's sister scared some pedestrians who disagreed with?,syntax,island_effects,complex_NP_island,True,False,False,True,89,-93.53179931640625,-100.04345703125,1
Who aren't all guys that can see those hospitals scaring?,Who aren't those hospitals scaring all guys that can see?,syntax,island_effects,complex_NP_island,True,False,False,True,90,-78.09016418457031,-80.26358032226562,1
Who isn't this child who might work with a nephew of a lot of actors complaining about?,Who isn't a nephew of a lot of actors complaining about this child who might work with?,syntax,island_effects,complex_NP_island,True,False,False,True,91,-95.51097869873047,-93.3019790649414,0
Who won't Travis's French teacher that hasn't upset a teenager's plumber approach?,Who won't a teenager's plumber approach Travis's French teacher that hasn't upset?,syntax,island_effects,complex_NP_island,True,False,False,True,92,-115.83621978759766,-112.95106506347656,0
Who hadn't Edward's girlfriend who likes Lissa cared for?,Who hadn't Lissa cared for Edward's girlfriend who likes?,syntax,island_effects,complex_NP_island,True,False,False,True,93,-91.82032775878906,-87.75557708740234,0
Who have all rabbits that couldn't scare Rachel's bosses found?,Who have Rachel's bosses found all rabbits that couldn't scare?,syntax,island_effects,complex_NP_island,True,False,False,True,94,-88.89409637451172,-89.29446411132812,1
Who is Rachelle's brother who has approached that woman helping?,Who is that woman helping Rachelle's brother who has approached?,syntax,island_effects,complex_NP_island,True,False,False,True,95,-85.98526000976562,-84.04032897949219,0
Who had every cousin of Florence who can't astound Mary's ex-husbands hurt?,Who had Mary's ex-husbands hurt every cousin of Florence who can't astound?,syntax,island_effects,complex_NP_island,True,False,False,True,96,-138.82257080078125,-140.78915405273438,1
Who has every friend of Beth that disagrees with the man observed?,Who has the man observed every friend of Beth that disagrees with?,syntax,island_effects,complex_NP_island,True,False,False,True,97,-83.36492919921875,-84.87268829345703,1
Who wouldn't Brett's contractors that couldn't boast about Kayla's supervisor bore?,Who wouldn't Kayla's supervisor bore Brett's contractors that couldn't boast about?,syntax,island_effects,complex_NP_island,True,False,False,True,98,-117.98052978515625,-116.08727264404297,0
Who weren't these grandmothers of Roger that don't bore Michelle's handymen questioning?,Who weren't Michelle's handymen questioning these grandmothers of Roger that don't bore?,syntax,island_effects,complex_NP_island,True,False,False,True,99,-136.74673461914062,-135.46917724609375,0
Who wouldn't every boy's friends who wouldn't observe Linda find?,Who wouldn't Linda find every boy's friends who wouldn't observe?,syntax,island_effects,complex_NP_island,True,False,False,True,100,-83.54695892333984,-82.07949829101562,0
Who doesn't that dancer who forgot Timothy worry?,Who doesn't Timothy worry that dancer who forgot?,syntax,island_effects,complex_NP_island,True,False,False,True,101,-65.92527770996094,-66.31293487548828,1
What shouldn't a grandson of Deborah that sounds like Sonia escape from?,What shouldn't Sonia escape from a grandson of Deborah that sounds like?,syntax,island_effects,complex_NP_island,True,False,False,True,102,-91.8304672241211,-86.3901138305664,0
Who haven't most pedestrians who won't leave the actresses stunned?,Who haven't the actresses stunned most pedestrians who won't leave?,syntax,island_effects,complex_NP_island,True,False,False,True,103,-80.6321029663086,-84.66571044921875,1
What wasn't this waitress who discovered Nina referencing?,What wasn't Nina referencing this waitress who discovered?,syntax,island_effects,complex_NP_island,True,False,False,True,104,-74.61015319824219,-73.67436981201172,0
Who hadn't that father of Walter who sounds like Lawrence's colleagues questioned?,Who hadn't Lawrence's colleagues questioned that father of Walter who sounds like?,syntax,island_effects,complex_NP_island,True,False,False,True,105,-99.27085876464844,-104.23771667480469,1
Who isn't the child that couldn't upset Laura attacking?,Who isn't Laura attacking the child that couldn't upset?,syntax,island_effects,complex_NP_island,True,False,False,True,106,-74.60565185546875,-73.50043487548828,0
Who hadn't Douglas's girlfriend who questioned Joseph disliked?,Who hadn't Joseph disliked Douglas's girlfriend who questioned?,syntax,island_effects,complex_NP_island,True,False,False,True,107,-80.87944030761719,-79.75154113769531,0
Who couldn't Tara's husband that worked with Lissa astound?,Who couldn't Lissa astound Tara's husband that worked with?,syntax,island_effects,complex_NP_island,True,False,False,True,108,-96.88604736328125,-98.88523864746094,1
Who isn't Robert's dentist who has embarrassed some student's nephew healing?,Who isn't some student's nephew healing Robert's dentist who has embarrassed?,syntax,island_effects,complex_NP_island,True,False,False,True,109,-100.37564086914062,-103.10101318359375,1
Who aren't Natalie's electricians that criticized Carolyn's colleagues disturbing?,Who aren't Carolyn's colleagues disturbing Natalie's electricians that criticized?,syntax,island_effects,complex_NP_island,True,False,False,True,110,-110.29462432861328,-114.53604125976562,1
Who couldn't this brother of Janet who has worked with Thomas stun?,Who couldn't Thomas stun this brother of Janet who has worked with?,syntax,island_effects,complex_NP_island,True,False,False,True,111,-88.39291381835938,-91.65164184570312,1
Who hadn't some grandfather of Beverly who was aggravating Nancy watched?,Who hadn't Nancy watched some grandfather of Beverly who was aggravating?,syntax,island_effects,complex_NP_island,True,False,False,True,112,-102.86105346679688,-100.46798706054688,0
Who isn't Carla's podiatrist who insults Paula worrying?,Who isn't Paula worrying Carla's podiatrist who insults?,syntax,island_effects,complex_NP_island,True,False,False,True,113,-115.60798645019531,-112.644287109375,0
Who had Valerie's teacher who helped Bradley bothered?,Who had Bradley bothered Valerie's teacher who helped?,syntax,island_effects,complex_NP_island,True,False,False,True,114,-79.17984771728516,-77.62394714355469,0
Who is Alicia's doctor who isn't hurting Gary listening to?,Who is Gary listening to Alicia's doctor who isn't hurting?,syntax,island_effects,complex_NP_island,True,False,False,True,115,-80.90081787109375,-79.48562622070312,0
Who wouldn't every daughter of Homer that talks about the Great Lakes hurt?,Who wouldn't the Great Lakes hurt every daughter of Homer that talks about?,syntax,island_effects,complex_NP_island,True,False,False,True,116,-97.40869140625,-100.53988647460938,1
Who is some lady that has shocked the niece of Martin stunning?,Who is the niece of Martin stunning some lady that has shocked?,syntax,island_effects,complex_NP_island,True,False,False,True,117,-83.51036071777344,-84.8838119506836,1
Who did Valerie's nieces who hadn't alarmed Claire's father observe?,Who did Claire's father observe Valerie's nieces who hadn't alarmed?,syntax,island_effects,complex_NP_island,True,False,False,True,118,-116.84419250488281,-118.41142272949219,1
Who wasn't Katherine's colleague who did attack that actress discussing?,Who wasn't that actress discussing Katherine's colleague who did attack?,syntax,island_effects,complex_NP_island,True,False,False,True,119,-92.13844299316406,-86.87593841552734,0
Who hadn't Grace's ex-wife that doesn't approach Christine attacked?,Who hadn't Christine attacked Grace's ex-wife that doesn't approach?,syntax,island_effects,complex_NP_island,True,False,False,True,120,-100.71109008789062,-97.95708465576172,0
Who could every museum that hadn't hurt all ladies scare?,Who could all ladies scare every museum that hadn't hurt?,syntax,island_effects,complex_NP_island,True,False,False,True,121,-81.74240112304688,-79.90463256835938,0
Who are Wayne's guests that can't argue about these essays about current events disgusting?,Who are these essays about current events disgusting Wayne's guests that can't argue about?,syntax,island_effects,complex_NP_island,True,False,False,True,122,-106.21762084960938,-112.27798461914062,1
Who isn't every cashier's plumber who did stun Craig noticing?,Who isn't Craig noticing every cashier's plumber who did stun?,syntax,island_effects,complex_NP_island,True,False,False,True,123,-109.33064270019531,-111.40066528320312,1
Who had Valerie's ex-wives that aren't hurting that niece of Edward admired?,Who had that niece of Edward admired Valerie's ex-wives that aren't hurting?,syntax,island_effects,complex_NP_island,True,False,False,True,124,-126.99156951904297,-125.94583129882812,0
Who are Sabrina's guests who hadn't irritated Ronald's ex-boyfriends disturbing?,Who are Ronald's ex-boyfriends disturbing Sabrina's guests who hadn't irritated?,syntax,island_effects,complex_NP_island,True,False,False,True,125,-128.4452667236328,-128.83306884765625,1
Who should Marie's tutors that aggravated Jason find?,Who should Jason find Marie's tutors that aggravated?,syntax,island_effects,complex_NP_island,True,False,False,True,126,-83.4205093383789,-82.65477752685547,0
Who isn't Karen's friend who couldn't confuse Elaine listening to?,Who isn't Elaine listening to Karen's friend who couldn't confuse?,syntax,island_effects,complex_NP_island,True,False,False,True,127,-84.88597869873047,-83.71099853515625,0
Who haven't Phillip's handymen that haven't found Barbara's colleagues escaped from?,Who haven't Barbara's colleagues escaped from Phillip's handymen that haven't found?,syntax,island_effects,complex_NP_island,True,False,False,True,128,-122.71266174316406,-121.43022155761719,0
Who would Kayla's colleague who watched Thomas escape from?,Who would Thomas escape from Kayla's colleague who watched?,syntax,island_effects,complex_NP_island,True,False,False,True,129,-82.53683471679688,-82.60176849365234,1
Who had every student's guest who healed Alice hated?,Who had Alice hated every student's guest who healed?,syntax,island_effects,complex_NP_island,True,False,False,True,130,-83.15248107910156,-80.39381408691406,0
Who hadn't a lot of students' lawyers that investigated William forgotten?,Who hadn't William forgotten a lot of students' lawyers that investigated?,syntax,island_effects,complex_NP_island,True,False,False,True,131,-88.91224670410156,-90.50666809082031,1
Who doesn't Linda's ex-girlfriend who wasn't hiding Linda investigate?,Who doesn't Linda investigate Linda's ex-girlfriend who wasn't hiding?,syntax,island_effects,complex_NP_island,True,False,False,True,132,-101.9891586303711,-100.78338623046875,0
Who aren't dancers' mentors that are embarrassing Becca's grandfathers boring?,Who aren't Becca's grandfathers boring dancers' mentors that are embarrassing?,syntax,island_effects,complex_NP_island,True,False,False,True,133,-118.82562255859375,-116.86597442626953,0
Who has Tammy's mentor that has scared Stacey known?,Who has Stacey known Tammy's mentor that has scared?,syntax,island_effects,complex_NP_island,True,False,False,True,134,-85.53646850585938,-83.99116516113281,0
Who is that driver's French teacher that references Kendra questioning?,Who is Kendra questioning that driver's French teacher that references?,syntax,island_effects,complex_NP_island,True,False,False,True,135,-92.230224609375,-92.15933227539062,0
What have all grandmothers of Benjamin that returned to the Clintons referenced?,What have the Clintons referenced all grandmothers of Benjamin that returned to?,syntax,island_effects,complex_NP_island,True,False,False,True,136,-93.88722229003906,-98.2352294921875,1
Who don't all nephews of Robert who were boring a lot of ladies describe?,Who don't a lot of ladies describe all nephews of Robert who were boring?,syntax,island_effects,complex_NP_island,True,False,False,True,137,-99.34115600585938,-94.36981964111328,0
Who are Sheila's granddaughters that hadn't admired Douglas's handymen investigating?,Who are Douglas's handymen investigating Sheila's granddaughters that hadn't admired?,syntax,island_effects,complex_NP_island,True,False,False,True,138,-134.70477294921875,-128.99337768554688,0
Who aren't Roger's partners who respected the art galleries aggravating?,Who aren't the art galleries aggravating Roger's partners who respected?,syntax,island_effects,complex_NP_island,True,False,False,True,139,-97.8917465209961,-98.86434173583984,1
Who will Karen's lawyer that approached Sally's hairdresser listen to?,Who will Sally's hairdresser listen to Karen's lawyer that approached?,syntax,island_effects,complex_NP_island,True,False,False,True,140,-115.78398132324219,-114.51802062988281,0
Who wasn't Rodney's guest that worked with Nancy returning to?,Who wasn't Nancy returning to Rodney's guest that worked with?,syntax,island_effects,complex_NP_island,True,False,False,True,141,-89.3528823852539,-89.94731140136719,1
Who have some guests who couldn't leave Sherry's daughters talked to?,Who have Sherry's daughters talked to some guests who couldn't leave?,syntax,island_effects,complex_NP_island,True,False,False,True,142,-91.62848663330078,-90.18402099609375,0
Who had Amelia's ex-girlfriend that has admired Angela escaped from?,Who had Angela escaped from Amelia's ex-girlfriend that has admired?,syntax,island_effects,complex_NP_island,True,False,False,True,143,-107.53041076660156,-103.09175109863281,0
Who can those fathers of Kayla that weren't admiring that lady approach?,Who can that lady approach those fathers of Kayla that weren't admiring?,syntax,island_effects,complex_NP_island,True,False,False,True,144,-111.57981872558594,-114.50630187988281,1
Who weren't this cashier's sons who might hide Tracy's guests working with?,Who weren't Tracy's guests working with this cashier's sons who might hide?,syntax,island_effects,complex_NP_island,True,False,False,True,145,-114.48780822753906,-110.58435821533203,0
Who might this grandson of Dawn who remembers the pedestrian conceal?,Who might the pedestrian conceal this grandson of Dawn who remembers?,syntax,island_effects,complex_NP_island,True,False,False,True,146,-89.66466522216797,-91.44769287109375,1
Who had some cousins of Stephanie that forgot Anne's employee thought about?,Who had Anne's employee thought about some cousins of Stephanie that forgot?,syntax,island_effects,complex_NP_island,True,False,False,True,147,-100.38967895507812,-102.8421401977539,1
Who hadn't Jessica's plumbers who aren't hugging Sabrina's senators talked about?,Who hadn't Sabrina's senators talked about Jessica's plumbers who aren't hugging?,syntax,island_effects,complex_NP_island,True,False,False,True,148,-122.6434555053711,-121.65157318115234,0
Who will some actresses' son that wasn't attacking Judy appreciate?,Who will Judy appreciate some actresses' son that wasn't attacking?,syntax,island_effects,complex_NP_island,True,False,False,True,149,-96.07872772216797,-95.32453918457031,0
Who haven't a woman's senators who did attack Kristin's grandsons thought about?,Who haven't Kristin's grandsons thought about a woman's senators who did attack?,syntax,island_effects,complex_NP_island,True,False,False,True,150,-123.87283325195312,-116.91497039794922,0
Who are most drivers who hadn't approached those customers talking about?,Who are those customers talking about most drivers who hadn't approached?,syntax,island_effects,complex_NP_island,True,False,False,True,151,-75.06724548339844,-76.43388366699219,1
Who wasn't Teresa's dentist that admires Cindy arguing about?,Who wasn't Cindy arguing about Teresa's dentist that admires?,syntax,island_effects,complex_NP_island,True,False,False,True,152,-103.97183227539062,-98.65682220458984,0
Who hadn't Derek's boss that knows the Borgias aggravated?,Who hadn't the Borgias aggravated Derek's boss that knows?,syntax,island_effects,complex_NP_island,True,False,False,True,153,-94.68708801269531,-92.7233657836914,0
Who hadn't Edward's grandmother who helped Frank's cousin questioned?,Who hadn't Frank's cousin questioned Edward's grandmother who helped?,syntax,island_effects,complex_NP_island,True,False,False,True,154,-90.44508361816406,-90.13052368164062,0
Who has Jodi's ex-girlfriend that won't heal Cheryl hurt?,Who has Cheryl hurt Jodi's ex-girlfriend that won't heal?,syntax,island_effects,complex_NP_island,True,False,False,True,155,-106.21551513671875,-107.79962921142578,1
Who are Travis's dentists that can't think about nieces of this customer leaving?,Who are nieces of this customer leaving Travis's dentists that can't think about?,syntax,island_effects,complex_NP_island,True,False,False,True,156,-120.1719970703125,-118.32378387451172,0
Who had the girls' tutors who are distracting Sara cared for?,Who had Sara cared for the girls' tutors who are distracting?,syntax,island_effects,complex_NP_island,True,False,False,True,157,-88.89009094238281,-85.0965347290039,0
Who haven't Claire's friends that worked with Mitchell's granddaughters hated?,Who haven't Mitchell's granddaughters hated Claire's friends that worked with?,syntax,island_effects,complex_NP_island,True,False,False,True,158,-109.9829330444336,-115.86517333984375,1
Who don't some actresses that weren't referencing a lot of students discover?,Who don't a lot of students discover some actresses that weren't referencing?,syntax,island_effects,complex_NP_island,True,False,False,True,159,-89.26039123535156,-85.93878173828125,0
Who does every mother of the Impressionists that likes a dish annoy?,Who does a dish annoy every mother of the Impressionists that likes?,syntax,island_effects,complex_NP_island,True,False,False,True,160,-100.86149597167969,-97.32981872558594,0
Who will Melissa's employees who could disagree with a mother of Tiffany work with?,Who will a mother of Tiffany work with Melissa's employees who could disagree with?,syntax,island_effects,complex_NP_island,True,False,False,True,161,-94.62049865722656,-93.85745239257812,0
Who does Craig's boss that kissed Tamara distract?,Who does Tamara distract Craig's boss that kissed?,syntax,island_effects,complex_NP_island,True,False,False,True,162,-87.07757568359375,-88.47296142578125,1
Who has Florence's electrician that might disgust this committee disturbed?,Who has this committee disturbed Florence's electrician that might disgust?,syntax,island_effects,complex_NP_island,True,False,False,True,163,-102.43685150146484,-102.81475830078125,1
What weren't doctors who have discovered those sons of David praising?,What weren't those sons of David praising doctors who have discovered?,syntax,island_effects,complex_NP_island,True,False,False,True,164,-82.35672760009766,-82.13844299316406,0
Who weren't a lot of dancers who have disturbed many sons of Eva embarrassing?,Who weren't many sons of Eva embarrassing a lot of dancers who have disturbed?,syntax,island_effects,complex_NP_island,True,False,False,True,165,-98.50115203857422,-102.08296966552734,1
Who could Patrick's supervisors that haven't hurt Julia return to?,Who could Julia return to Patrick's supervisors that haven't hurt?,syntax,island_effects,complex_NP_island,True,False,False,True,166,-89.1650161743164,-85.25647735595703,0
Who will Martha's guest that has known Rose's employee know?,Who will Rose's employee know Martha's guest that has known?,syntax,island_effects,complex_NP_island,True,False,False,True,167,-87.0792007446289,-87.9923095703125,1
What should Beverly's teacher who is hiding the library criticize?,What should the library criticize Beverly's teacher who is hiding?,syntax,island_effects,complex_NP_island,True,False,False,True,168,-87.10726928710938,-84.57645416259766,0
Who won't most teachers that talked about Elizabeth's ex-boyfriends hug?,Who won't Elizabeth's ex-boyfriends hug most teachers that talked about?,syntax,island_effects,complex_NP_island,True,False,False,True,169,-107.41000366210938,-110.78317260742188,1
Who can't that person who appreciates Dan's colleague disgust?,Who can't Dan's colleague disgust that person who appreciates?,syntax,island_effects,complex_NP_island,True,False,False,True,170,-83.126953125,-83.57479858398438,1
Who haven't most hospitals that wouldn't discuss the drivers' ex-husbands appreciated?,Who haven't the drivers' ex-husbands appreciated most hospitals that wouldn't discuss?,syntax,island_effects,complex_NP_island,True,False,False,True,171,-122.87136840820312,-124.22578430175781,1
Who hadn't the child's ex-boyfriend that had admired Phillip aggravated?,Who hadn't Phillip aggravated the child's ex-boyfriend that had admired?,syntax,island_effects,complex_NP_island,True,False,False,True,172,-117.85868835449219,-115.79724884033203,0
What couldn't a waitress's French teachers that would find George discover?,What couldn't George discover a waitress's French teachers that would find?,syntax,island_effects,complex_NP_island,True,False,False,True,173,-94.16520690917969,-92.83271789550781,0
Who didn't Tamara's grandfather that couldn't notice Heather alarm?,Who didn't Heather alarm Tamara's grandfather that couldn't notice?,syntax,island_effects,complex_NP_island,True,False,False,True,174,-95.261962890625,-95.31604766845703,1
Who hadn't Monica's mothers who shouldn't question Mary's teachers described?,Who hadn't Mary's teachers described Monica's mothers who shouldn't question?,syntax,island_effects,complex_NP_island,True,False,False,True,175,-100.79202270507812,-98.06681823730469,0
Who isn't Jessica's father who hasn't visited Brenda escaping from?,Who isn't Brenda escaping from Jessica's father who hasn't visited?,syntax,island_effects,complex_NP_island,True,False,False,True,176,-89.86807250976562,-85.42314147949219,0
Who might Grace's teachers that have cared for the teenager boast about?,Who might the teenager boast about Grace's teachers that have cared for?,syntax,island_effects,complex_NP_island,True,False,False,True,177,-91.56756591796875,-90.60536193847656,0
Who had Sabrina's friend that hadn't worked with Stephen's grandson worked with?,Who had Stephen's grandson worked with Sabrina's friend that hadn't worked with?,syntax,island_effects,complex_NP_island,True,False,False,True,178,-100.5016098022461,-100.13825988769531,0
What aren't the grandsons of Travis who are healing a lot of nieces of that guest concealing?,What aren't a lot of nieces of that guest concealing the grandsons of Travis who are healing?,syntax,island_effects,complex_NP_island,True,False,False,True,179,-157.32827758789062,-151.18099975585938,0
Who have mothers of a driver who upset Vincent's sisters concealed?,Who have Vincent's sisters concealed mothers of a driver who upset?,syntax,island_effects,complex_NP_island,True,False,False,True,180,-98.69706726074219,-98.69436645507812,0
Who had Sandra's niece that had embarrassed that lady concealed?,Who had that lady concealed Sandra's niece that had embarrassed?,syntax,island_effects,complex_NP_island,True,False,False,True,181,-89.15677642822266,-90.17066955566406,1
Who should some sisters of Helen who were observing Steven attack?,Who should Steven attack some sisters of Helen who were observing?,syntax,island_effects,complex_NP_island,True,False,False,True,182,-86.97853088378906,-89.42505645751953,1
What will Elaine's supervisor who escapes from Aaron's mothers visit?,What will Aaron's mothers visit Elaine's supervisor who escapes from?,syntax,island_effects,complex_NP_island,True,False,False,True,183,-90.98521423339844,-96.92243957519531,1
Who couldn't some fathers of Dennis who have hated this person's supervisor reference?,Who couldn't this person's supervisor reference some fathers of Dennis who have hated?,syntax,island_effects,complex_NP_island,True,False,False,True,184,-108.12429809570312,-111.1775131225586,1
Who might nephews of those adults that have bored George's senators flee from?,Who might George's senators flee from nephews of those adults that have bored?,syntax,island_effects,complex_NP_island,True,False,False,True,185,-110.29727172851562,-107.96441650390625,0
Who was Chad's best friend who hasn't disturbed Michael's mentor boasting about?,Who was Michael's mentor boasting about Chad's best friend who hasn't disturbed?,syntax,island_effects,complex_NP_island,True,False,False,True,186,-102.78263854980469,-99.18246459960938,0
What will Martin's lawyers that should appreciate Kristen's oncologist leave?,What will Kristen's oncologist leave Martin's lawyers that should appreciate?,syntax,island_effects,complex_NP_island,True,False,False,True,187,-110.5941162109375,-107.59774780273438,0
Who would Monet's grandmother that escaped from Diane's teacher aggravate?,Who would Diane's teacher aggravate Monet's grandmother that escaped from?,syntax,island_effects,complex_NP_island,True,False,False,True,188,-103.46138763427734,-109.32117462158203,1
Who didn't the brother of Danielle that hadn't kissed Kirsten impress?,Who didn't Kirsten impress the brother of Danielle that hadn't kissed?,syntax,island_effects,complex_NP_island,True,False,False,True,189,-101.1120376586914,-103.32978820800781,1
Who didn't every teenager who listens to Lucille see?,Who didn't Lucille see every teenager who listens to?,syntax,island_effects,complex_NP_island,True,False,False,True,190,-82.22061157226562,-81.84391784667969,0
Who did the Clintons' ex-wife who questioned the library aggravate?,Who did the library aggravate the Clintons' ex-wife who questioned?,syntax,island_effects,complex_NP_island,True,False,False,True,191,-99.99593353271484,-101.79557800292969,1
What have Carlos's students that can admire Donald's ex-husbands noticed?,What have Donald's ex-husbands noticed Carlos's students that can admire?,syntax,island_effects,complex_NP_island,True,False,False,True,192,-121.79877471923828,-124.98916625976562,1
What is Martha's spouse who revealed Gregory finding?,What is Gregory finding Martha's spouse who revealed?,syntax,island_effects,complex_NP_island,True,False,False,True,193,-75.26592254638672,-74.21869659423828,0
Who have some governments that weren't describing all malls impressed?,Who have all malls impressed some governments that weren't describing?,syntax,island_effects,complex_NP_island,True,False,False,True,194,-86.05520629882812,-90.40275573730469,1
Who can Jill's associates who liked Marie's employees reference?,Who can Marie's employees reference Jill's associates who liked?,syntax,island_effects,complex_NP_island,True,False,False,True,195,-89.96920013427734,-92.21571350097656,1
Who couldn't many guys who can't respect Christopher alarm?,Who couldn't Christopher alarm many guys who can't respect?,syntax,island_effects,complex_NP_island,True,False,False,True,196,-70.91480255126953,-76.01776123046875,1
Who won't many dancers that aren't returning to all teenagers cure?,Who won't all teenagers cure many dancers that aren't returning to?,syntax,island_effects,complex_NP_island,True,False,False,True,197,-86.518310546875,-86.95267486572266,1
Who hasn't George's colleague who isn't hiring Elaine remembered?,Who hasn't Elaine remembered George's colleague who isn't hiring?,syntax,island_effects,complex_NP_island,True,False,False,True,198,-85.90115356445312,-83.56625366210938,0
Who couldn't daughters of Sonia who disliked Carol kiss?,Who couldn't Carol kiss daughters of Sonia who disliked?,syntax,island_effects,complex_NP_island,True,False,False,True,199,-86.28103637695312,-86.67436218261719,1
Who wasn't Nicole's mentor that approaches Barbara questioning?,Who wasn't Barbara questioning Nicole's mentor that approaches?,syntax,island_effects,complex_NP_island,True,False,False,True,200,-90.97306823730469,-88.50170135498047,0
What had Nicole's ex-girlfriends that are fleeing from Jane admired?,What had Jane admired Nicole's ex-girlfriends that are fleeing from?,syntax,island_effects,complex_NP_island,True,False,False,True,201,-110.94789123535156,-115.15150451660156,1
Who isn't a patient's ex-wife who is investigating the waitress returning to?,Who isn't the waitress returning to a patient's ex-wife who is investigating?,syntax,island_effects,complex_NP_island,True,False,False,True,202,-97.08264923095703,-98.06100463867188,1
Who could some teenager's classmates that aren't curing the guest's best friends discover?,Who could the guest's best friends discover some teenager's classmates that aren't curing?,syntax,island_effects,complex_NP_island,True,False,False,True,203,-113.53243255615234,-111.15158081054688,0
Who shouldn't some sister of Carl that doesn't appreciate Kirsten stun?,Who shouldn't Kirsten stun some sister of Carl that doesn't appreciate?,syntax,island_effects,complex_NP_island,True,False,False,True,204,-101.5218734741211,-105.20085144042969,1
Who wasn't every grandfather of this actor who isn't worrying some student discussing?,Who wasn't some student discussing every grandfather of this actor who isn't worrying?,syntax,island_effects,complex_NP_island,True,False,False,True,205,-101.59195709228516,-98.66342163085938,0
Who hadn't the Clintons' cousins that didn't find Diane questioned?,Who hadn't Diane questioned the Clintons' cousins that didn't find?,syntax,island_effects,complex_NP_island,True,False,False,True,206,-93.19255828857422,-93.50880432128906,1
Who haven't Karla's sisters who don't talk about teachers cared for?,Who haven't teachers cared for Karla's sisters who don't talk about?,syntax,island_effects,complex_NP_island,True,False,False,True,207,-90.93858337402344,-91.34481811523438,1
Who were Randolf's doctors who have irritated many boys observing?,Who were many boys observing Randolf's doctors who have irritated?,syntax,island_effects,complex_NP_island,True,False,False,True,208,-97.06356811523438,-96.55862426757812,0
Who didn't this granddaughter of Pamela who isn't working with Janet's employee escape from?,Who didn't Janet's employee escape from this granddaughter of Pamela who isn't working with?,syntax,island_effects,complex_NP_island,True,False,False,True,209,-112.89407348632812,-115.5782241821289,1
Who hadn't those waiters' podiatrist that isn't talking about some ladies alarmed?,Who hadn't some ladies alarmed those waiters' podiatrist that isn't talking about?,syntax,island_effects,complex_NP_island,True,False,False,True,210,-130.3855438232422,-134.31741333007812,1
What isn't that father of Carlos who hadn't forgotten Renee referencing?,What isn't Renee referencing that father of Carlos who hadn't forgotten?,syntax,island_effects,complex_NP_island,True,False,False,True,211,-97.26721954345703,-97.52523803710938,1
Who wasn't every teacher who has distracted Carol's sister revealing?,Who wasn't Carol's sister revealing every teacher who has distracted?,syntax,island_effects,complex_NP_island,True,False,False,True,212,-88.10830688476562,-84.98501586914062,0
Who wouldn't that father of Stephen who concealed many grandsons of Monet attack?,Who wouldn't many grandsons of Monet attack that father of Stephen who concealed?,syntax,island_effects,complex_NP_island,True,False,False,True,213,-126.5312728881836,-128.53762817382812,1
What has some son of Elaine that forgets Charles noticed?,What has Charles noticed some son of Elaine that forgets?,syntax,island_effects,complex_NP_island,True,False,False,True,214,-88.81431579589844,-87.16160583496094,0
Who will that mother of Teresa who fires Sheila shock?,Who will Sheila shock that mother of Teresa who fires?,syntax,island_effects,complex_NP_island,True,False,False,True,215,-85.30146789550781,-85.62684631347656,1
Who will every senator who found the grandmother of Dawn sound like?,Who will the grandmother of Dawn sound like every senator who found?,syntax,island_effects,complex_NP_island,True,False,False,True,216,-87.62501525878906,-89.41848754882812,1
Who weren't Chad's daughters who haven't forgotten Kathleen's dermatologists irritating?,Who weren't Kathleen's dermatologists irritating Chad's daughters who haven't forgotten?,syntax,island_effects,complex_NP_island,True,False,False,True,217,-116.4047622680664,-117.73812866210938,1
Who hadn't Janice's hairdresser who has referenced Todd's granddaughters criticized?,Who hadn't Todd's granddaughters criticized Janice's hairdresser who has referenced?,syntax,island_effects,complex_NP_island,True,False,False,True,218,-149.564697265625,-149.0813751220703,0
Who has Leslie's grandfather that could sound like this newspaper article annoyed?,Who has this newspaper article annoyed Leslie's grandfather that could sound like?,syntax,island_effects,complex_NP_island,True,False,False,True,219,-93.26958465576172,-97.66116333007812,1
Who weren't a lot of cashiers that would return to some patients stunning?,Who weren't some patients stunning a lot of cashiers that would return to?,syntax,island_effects,complex_NP_island,True,False,False,True,220,-87.7055435180664,-93.38839721679688,1
Who can Julie's electrician that disagreed with Becky hide?,Who can Becky hide Julie's electrician that disagreed with?,syntax,island_effects,complex_NP_island,True,False,False,True,221,-92.07201385498047,-95.30870056152344,1
Who would the teenagers that fired Jerry flee from?,Who would Jerry flee from the teenagers that fired?,syntax,island_effects,complex_NP_island,True,False,False,True,222,-73.51237487792969,-70.92330169677734,0
Who are Brad's doctors that were hiring Melissa's nephews criticizing?,Who are Melissa's nephews criticizing Brad's doctors that were hiring?,syntax,island_effects,complex_NP_island,True,False,False,True,223,-99.42732238769531,-95.11834716796875,0
Who hadn't the actress's daughters that didn't scare the dancer argued about?,Who hadn't the dancer argued about the actress's daughters that didn't scare?,syntax,island_effects,complex_NP_island,True,False,False,True,224,-97.27587890625,-93.7371826171875,0
Who isn't Stephanie's boyfriend who approached Rachel admiring?,Who isn't Rachel admiring Stephanie's boyfriend who approached?,syntax,island_effects,complex_NP_island,True,False,False,True,225,-84.37084197998047,-84.6517105102539,1
Who weren't Bethany's cousins that are praising Jacqueline's colleagues annoying?,Who weren't Jacqueline's colleagues annoying Bethany's cousins that are praising?,syntax,island_effects,complex_NP_island,True,False,False,True,226,-121.38337707519531,-126.59305572509766,1
Who wasn't Debra's grandson that hasn't revealed this waitress's boss confusing?,Who wasn't this waitress's boss confusing Debra's grandson that hasn't revealed?,syntax,island_effects,complex_NP_island,True,False,False,True,227,-115.33612823486328,-116.99301147460938,1
Who are guests who couldn't hire these waitresses hiring?,Who are these waitresses hiring guests who couldn't hire?,syntax,island_effects,complex_NP_island,True,False,False,True,228,-82.54418182373047,-85.01365661621094,1
Who are most actors that hugged Denise's supervisors healing?,Who are Denise's supervisors healing most actors that hugged?,syntax,island_effects,complex_NP_island,True,False,False,True,229,-85.351806640625,-89.42667388916016,1
Who isn't that person that had questioned Marla praising?,Who isn't Marla praising that person that had questioned?,syntax,island_effects,complex_NP_island,True,False,False,True,230,-76.34793090820312,-76.30023956298828,0
Who don't Amy's grandfathers who healed Randolf's lawyers describe?,Who don't Randolf's lawyers describe Amy's grandfathers who healed?,syntax,island_effects,complex_NP_island,True,False,False,True,231,-116.40252685546875,-111.9162826538086,0
Who won't some dancers that are questioning Thomas discuss?,Who won't Thomas discuss some dancers that are questioning?,syntax,island_effects,complex_NP_island,True,False,False,True,232,-76.85456848144531,-73.7947006225586,0
Who wasn't a student's granddaughter who had cared for Steve's colleague observing?,Who wasn't Steve's colleague observing a student's granddaughter who had cared for?,syntax,island_effects,complex_NP_island,True,False,False,True,233,-100.97752380371094,-103.36780548095703,1
Who didn't this person that was kissing Steve talk to?,Who didn't Steve talk to this person that was kissing?,syntax,island_effects,complex_NP_island,True,False,False,True,234,-72.15974426269531,-70.33900451660156,0
Who have this waitress's partners who had kissed adults annoyed?,Who have adults annoyed this waitress's partners who had kissed?,syntax,island_effects,complex_NP_island,True,False,False,True,235,-88.62246704101562,-91.89009094238281,1
Who does the dancer that did disgust Alicia distract?,Who does Alicia distract the dancer that did disgust?,syntax,island_effects,complex_NP_island,True,False,False,True,236,-77.21136474609375,-77.61929321289062,1
Who haven't most teenagers that were embarrassing a lot of sons of a lot of pedestrians sounded like?,Who haven't a lot of sons of a lot of pedestrians sounded like most teenagers that were embarrassing?,syntax,island_effects,complex_NP_island,True,False,False,True,237,-110.74763488769531,-106.1634521484375,0
What haven't some adults who remembered most teenagers appreciated?,What haven't most teenagers appreciated some adults who remembered?,syntax,island_effects,complex_NP_island,True,False,False,True,238,-69.03215026855469,-68.50189208984375,0
Who won't Jodi's students who shouldn't love Tamara admire?,Who won't Tamara admire Jodi's students who shouldn't love?,syntax,island_effects,complex_NP_island,True,False,False,True,239,-97.97599029541016,-94.39080047607422,0
Who was a teenager that saw Carlos distracting?,Who was Carlos distracting a teenager that saw?,syntax,island_effects,complex_NP_island,True,False,False,True,240,-56.90388870239258,-62.25312805175781,1
Who could Elaine's plumber that kisses some child's nieces work with?,Who could some child's nieces work with Elaine's plumber that kisses?,syntax,island_effects,complex_NP_island,True,False,False,True,241,-122.59536743164062,-114.5520248413086,0
Who isn't that teenager that returns to every granddaughter of Jodi listening to?,Who isn't every granddaughter of Jodi listening to that teenager that returns to?,syntax,island_effects,complex_NP_island,True,False,False,True,242,-104.5863037109375,-105.36931610107422,1
Who was Larry's ex-husband who hadn't hated Stephanie kissing?,Who was Stephanie kissing Larry's ex-husband who hadn't hated?,syntax,island_effects,complex_NP_island,True,False,False,True,243,-98.2166976928711,-100.48904418945312,1
Who wouldn't Lori's guests who had approached Jennifer's handyman flee from?,Who wouldn't Jennifer's handyman flee from Lori's guests who had approached?,syntax,island_effects,complex_NP_island,True,False,False,True,244,-120.67556762695312,-116.62471008300781,0
Who won't those senators' cousins who had worried Jessica's cousins disturb?,Who won't Jessica's cousins disturb those senators' cousins who had worried?,syntax,island_effects,complex_NP_island,True,False,False,True,245,-110.11847686767578,-111.77473449707031,1
Who wasn't Candice's boss that flees from April worrying?,Who wasn't April worrying Candice's boss that flees from?,syntax,island_effects,complex_NP_island,True,False,False,True,246,-95.77081298828125,-101.35897827148438,1
Who might Ann's hairdresser who can't talk to Karla's plumbers respect?,Who might Karla's plumbers respect Ann's hairdresser who can't talk to?,syntax,island_effects,complex_NP_island,True,False,False,True,247,-128.9351806640625,-130.83648681640625,1
Who weren't Theodore's friends that hadn't disgusted these banks talking to?,Who weren't these banks talking to Theodore's friends that hadn't disgusted?,syntax,island_effects,complex_NP_island,True,False,False,True,248,-97.55026245117188,-95.62480163574219,0
Who had Kristen's podiatrist that admired the skateboard scared?,Who had the skateboard scared Kristen's podiatrist that admired?,syntax,island_effects,complex_NP_island,True,False,False,True,249,-111.56629943847656,-114.98670196533203,1
Who can Keith's dermatologist who complained about Christopher distract?,Who can Christopher distract Keith's dermatologist who complained about?,syntax,island_effects,complex_NP_island,True,False,False,True,250,-89.23160552978516,-93.41962432861328,1
Who will Rose's plumbers that hadn't boasted about Sherry worry?,Who will Sherry worry Rose's plumbers that hadn't boasted about?,syntax,island_effects,complex_NP_island,True,False,False,True,251,-107.8215103149414,-107.69539642333984,0
Who can these dancers that do upset Judy question?,Who can Judy question these dancers that do upset?,syntax,island_effects,complex_NP_island,True,False,False,True,252,-75.61940002441406,-75.45662689208984,0
What might this granddaughter of Kirsten that criticizes Florence complain about?,What might Florence complain about this granddaughter of Kirsten that criticizes?,syntax,island_effects,complex_NP_island,True,False,False,True,253,-103.36851501464844,-101.11410522460938,0
Who hadn't these boys that are confusing Brad left?,Who hadn't Brad left these boys that are confusing?,syntax,island_effects,complex_NP_island,True,False,False,True,254,-75.25601196289062,-71.6213607788086,0
What is Marla's nephew that remembers Janice curing?,What is Janice curing Marla's nephew that remembers?,syntax,island_effects,complex_NP_island,True,False,False,True,255,-90.42586517333984,-88.90193939208984,0
Who might Alan's brothers who disgusted Sandra's electrician hire?,Who might Sandra's electrician hire Alan's brothers who disgusted?,syntax,island_effects,complex_NP_island,True,False,False,True,256,-103.66374206542969,-102.4952392578125,0
Who were these teachers' ex-girlfriends who weren't listening to a teenager's sons worrying?,Who were a teenager's sons worrying these teachers' ex-girlfriends who weren't listening to?,syntax,island_effects,complex_NP_island,True,False,False,True,257,-129.57809448242188,-127.57683563232422,0
Who doesn't some legislature that had irritated Natalie's son alarm?,Who doesn't Natalie's son alarm some legislature that had irritated?,syntax,island_effects,complex_NP_island,True,False,False,True,258,-96.12018585205078,-99.7750244140625,1
Who haven't those nephews of Edward that have watched Beth's dermatologists worked with?,Who haven't Beth's dermatologists worked with those nephews of Edward that have watched?,syntax,island_effects,complex_NP_island,True,False,False,True,259,-124.34493255615234,-124.32537841796875,0
Who might James's girlfriend who aggravated Carla see?,Who might Carla see James's girlfriend who aggravated?,syntax,island_effects,complex_NP_island,True,False,False,True,260,-81.12615203857422,-80.88347625732422,0
Who weren't Timothy's nephews that have discovered those forks confusing?,Who weren't those forks confusing Timothy's nephews that have discovered?,syntax,island_effects,complex_NP_island,True,False,False,True,261,-97.60968017578125,-98.33322143554688,1
What shouldn't Galileo's hairdresser who flees from Marla conceal?,What shouldn't Marla conceal Galileo's hairdresser who flees from?,syntax,island_effects,complex_NP_island,True,False,False,True,262,-121.77769470214844,-124.46421813964844,1
Who isn't every dancer that won't shock Cindy returning to?,Who isn't Cindy returning to every dancer that won't shock?,syntax,island_effects,complex_NP_island,True,False,False,True,263,-86.37543487548828,-81.53761291503906,0
Who didn't the son of the Clintons that visited Angela's nieces admire?,Who didn't Angela's nieces admire the son of the Clintons that visited?,syntax,island_effects,complex_NP_island,True,False,False,True,264,-111.5052261352539,-112.18736267089844,1
Who hadn't Cindy's mentee that would shock Irene praised?,Who hadn't Irene praised Cindy's mentee that would shock?,syntax,island_effects,complex_NP_island,True,False,False,True,265,-106.49186706542969,-102.94246673583984,0
Who will Leslie's niece that was disturbing Renee's nephew hug?,Who will Renee's nephew hug Leslie's niece that was disturbing?,syntax,island_effects,complex_NP_island,True,False,False,True,266,-106.10356903076172,-103.89311981201172,0
Who were Melanie's ex-husbands that did distract Bruce's doctors complaining about?,Who were Bruce's doctors complaining about Melanie's ex-husbands that did distract?,syntax,island_effects,complex_NP_island,True,False,False,True,267,-132.01675415039062,-132.35340881347656,1
Who wasn't a lady that conceals some patient's nephew discussing?,Who wasn't some patient's nephew discussing a lady that conceals?,syntax,island_effects,complex_NP_island,True,False,False,True,268,-95.80953216552734,-93.10914611816406,0
Who had those boys who wouldn't bother Winston Churchill talked to?,Who had Winston Churchill talked to those boys who wouldn't bother?,syntax,island_effects,complex_NP_island,True,False,False,True,269,-82.60029602050781,-79.8529052734375,0
Who hadn't Martin's plumbers who irritated that customer's associates hugged?,Who hadn't that customer's associates hugged Martin's plumbers who irritated?,syntax,island_effects,complex_NP_island,True,False,False,True,270,-114.54557037353516,-109.33055114746094,0
Who would every woman that can't praise Carlos embarrass?,Who would Carlos embarrass every woman that can't praise?,syntax,island_effects,complex_NP_island,True,False,False,True,271,-76.10503387451172,-76.77297973632812,1
Who wasn't Barbara's doctor who hasn't appreciated Lissa helping?,Who wasn't Lissa helping Barbara's doctor who hasn't appreciated?,syntax,island_effects,complex_NP_island,True,False,False,True,272,-98.65412902832031,-94.60369110107422,0
What hadn't Craig's oncologist who describes Lori's colleague insulted?,What hadn't Lori's colleague insulted Craig's oncologist who describes?,syntax,island_effects,complex_NP_island,True,False,False,True,273,-102.73854064941406,-106.64270782470703,1
Who isn't Brad's ex-husband that should listen to Cynthia questioning?,Who isn't Cynthia questioning Brad's ex-husband that should listen to?,syntax,island_effects,complex_NP_island,True,False,False,True,274,-97.62545776367188,-100.74996948242188,1
Who wouldn't most doctors' senators that had hated Phillip complain about?,Who wouldn't Phillip complain about most doctors' senators that had hated?,syntax,island_effects,complex_NP_island,True,False,False,True,275,-101.20979309082031,-99.0634765625,0
Who wasn't Kathleen's spouse who was upsetting Tiffany visiting?,Who wasn't Tiffany visiting Kathleen's spouse who was upsetting?,syntax,island_effects,complex_NP_island,True,False,False,True,276,-91.39799499511719,-90.15518188476562,0
Who hadn't the Impressionists' senators who saw Richard worried?,Who hadn't Richard worried the Impressionists' senators who saw?,syntax,island_effects,complex_NP_island,True,False,False,True,277,-93.83468627929688,-97.10890197753906,1
Who aren't most drivers who were working with Candice's ex-girlfriends complaining about?,Who aren't Candice's ex-girlfriends complaining about most drivers who were working with?,syntax,island_effects,complex_NP_island,True,False,False,True,278,-119.65924835205078,-123.92076110839844,1
Who have these sisters of Steven that haven't hated Barbara's fathers known?,Who have Barbara's fathers known these sisters of Steven that haven't hated?,syntax,island_effects,complex_NP_island,True,False,False,True,279,-109.4875259399414,-109.95259094238281,1
Who might that dancer who should hurt Barbara scare?,Who might Barbara scare that dancer who should hurt?,syntax,island_effects,complex_NP_island,True,False,False,True,280,-73.8929443359375,-72.47570037841797,0
Who can't Elizabeth's daughter that scares all daughters of Laurie question?,Who can't all daughters of Laurie question Elizabeth's daughter that scares?,syntax,island_effects,complex_NP_island,True,False,False,True,281,-102.68267059326172,-105.41360473632812,1
Who is Douglas's contractor that bored Patricia describing?,Who is Patricia describing Douglas's contractor that bored?,syntax,island_effects,complex_NP_island,True,False,False,True,282,-81.06388092041016,-77.36721801757812,0
Who hasn't some student that hadn't impressed Sherry's piano teacher irritated?,Who hasn't Sherry's piano teacher irritated some student that hadn't impressed?,syntax,island_effects,complex_NP_island,True,False,False,True,283,-110.08277130126953,-106.98858642578125,0
What was some woman's student who hadn't healed Florence complaining about?,What was Florence complaining about some woman's student who hadn't healed?,syntax,island_effects,complex_NP_island,True,False,False,True,284,-91.02066040039062,-88.29100799560547,0
Who were many grandmothers of Katherine who wouldn't reference most pedestrians criticizing?,Who were most pedestrians criticizing many grandmothers of Katherine who wouldn't reference?,syntax,island_effects,complex_NP_island,True,False,False,True,285,-113.6501693725586,-106.77503204345703,0
Who weren't some people who did visit Renee's mentors approaching?,Who weren't Renee's mentors approaching some people who did visit?,syntax,island_effects,complex_NP_island,True,False,False,True,286,-92.20909118652344,-90.54454040527344,0
Who has Lucille's ex-boyfriend that fled from Homer listened to?,Who has Homer listened to Lucille's ex-boyfriend that fled from?,syntax,island_effects,complex_NP_island,True,False,False,True,287,-119.7462387084961,-121.63090515136719,1
Who didn't a guest's girlfriend that had cared for the child discover?,Who didn't the child discover a guest's girlfriend that had cared for?,syntax,island_effects,complex_NP_island,True,False,False,True,288,-87.80911254882812,-89.46377563476562,1
Who aren't Jerry's guests who were hiring all cashiers firing?,Who aren't all cashiers firing Jerry's guests who were hiring?,syntax,island_effects,complex_NP_island,True,False,False,True,289,-104.8692398071289,-103.00094604492188,0
Who did many ladies' girlfriend that wouldn't kiss those nephews of the senator investigate?,Who did those nephews of the senator investigate many ladies' girlfriend that wouldn't kiss?,syntax,island_effects,complex_NP_island,True,False,False,True,290,-119.3473892211914,-120.69276428222656,1
Who weren't all men who talked to Stephanie's handymen visiting?,Who weren't Stephanie's handymen visiting all men who talked to?,syntax,island_effects,complex_NP_island,True,False,False,True,291,-98.42984008789062,-97.6631851196289,0
Who are Larry's hairdressers that haven't hated Samuel's students impressing?,Who are Samuel's students impressing Larry's hairdressers that haven't hated?,syntax,island_effects,complex_NP_island,True,False,False,True,292,-127.74320983886719,-129.27523803710938,1
Who are Joel's sisters that hadn't argued about a lot of actresses hurting?,Who are a lot of actresses hurting Joel's sisters that hadn't argued about?,syntax,island_effects,complex_NP_island,True,False,False,True,293,-102.43499755859375,-98.75714874267578,0
Who hadn't the Impressionists' podiatrist that fired Deanna hired?,Who hadn't Deanna hired the Impressionists' podiatrist that fired?,syntax,island_effects,complex_NP_island,True,False,False,True,294,-132.7313690185547,-130.17987060546875,0
Who hadn't Curtis's ex-husband who was talking about Leslie listened to?,Who hadn't Leslie listened to Curtis's ex-husband who was talking about?,syntax,island_effects,complex_NP_island,True,False,False,True,295,-98.4975814819336,-99.60713958740234,1
Who are the waitresses that aren't describing many college campuses aggravating?,Who are many college campuses aggravating the waitresses that aren't describing?,syntax,island_effects,complex_NP_island,True,False,False,True,296,-105.19866943359375,-104.16354370117188,0
Who weren't these children who hadn't discussed a lot of grandsons of Florence curing?,Who weren't a lot of grandsons of Florence curing these children who hadn't discussed?,syntax,island_effects,complex_NP_island,True,False,False,True,297,-117.1956787109375,-114.06858825683594,0
Who won't Carlos's ex-boyfriends who weren't talking about some library stun?,Who won't some library stun Carlos's ex-boyfriends who weren't talking about?,syntax,island_effects,complex_NP_island,True,False,False,True,298,-116.711669921875,-116.31407165527344,0
Who had a waitress that hired Tanya hugged?,Who had Tanya hugged a waitress that hired?,syntax,island_effects,complex_NP_island,True,False,False,True,299,-72.31617736816406,-72.78506469726562,1
Who doesn't Matt's son who returns to Veronica bore?,Who doesn't Veronica bore Matt's son who returns to?,syntax,island_effects,complex_NP_island,True,False,False,True,300,-79.02511596679688,-79.22431182861328,1
Who would Sarah's grandfather who notices Laura dislike?,Who would Laura dislike Sarah's grandfather who notices?,syntax,island_effects,complex_NP_island,True,False,False,True,301,-78.12903594970703,-75.62908935546875,0
Who is that man who wasn't discovering Rachel's lawyer aggravating?,Who is Rachel's lawyer aggravating that man who wasn't discovering?,syntax,island_effects,complex_NP_island,True,False,False,True,302,-85.84645080566406,-86.8926773071289,1
Who are most girls that have hidden the schools praising?,Who are the schools praising most girls that have hidden?,syntax,island_effects,complex_NP_island,True,False,False,True,303,-71.63941955566406,-70.4270248413086,0
Who might this lady that respected Tracy's colleagues leave?,Who might Tracy's colleagues leave this lady that respected?,syntax,island_effects,complex_NP_island,True,False,False,True,304,-82.04501342773438,-81.63505554199219,0
Who aren't these men's partners who worried Judy's nieces boring?,Who aren't Judy's nieces boring these men's partners who worried?,syntax,island_effects,complex_NP_island,True,False,False,True,305,-109.0634765625,-111.98127746582031,1
Who hadn't Elizabeth's French teacher that was boasting about a mother of Gary concealed?,Who hadn't a mother of Gary concealed Elizabeth's French teacher that was boasting about?,syntax,island_effects,complex_NP_island,True,False,False,True,306,-114.07075500488281,-113.18894958496094,0
Who weren't all granddaughters of Margaret who would conceal Tiffany's podiatrists aggravating?,Who weren't Tiffany's podiatrists aggravating all granddaughters of Margaret who would conceal?,syntax,island_effects,complex_NP_island,True,False,False,True,307,-159.53375244140625,-160.3876495361328,1
What has Sherry's oncologist who can't like some sister of Daniel complained about?,What has some sister of Daniel complained about Sherry's oncologist who can't like?,syntax,island_effects,complex_NP_island,True,False,False,True,308,-118.53844451904297,-118.00294494628906,0
Who had this government that distracted Tanya disturbed?,Who had Tanya disturbed this government that distracted?,syntax,island_effects,complex_NP_island,True,False,False,True,309,-72.67330932617188,-73.37423706054688,1
Who does these teachers' girlfriend that isn't kissing Sabrina hurt?,Who does Sabrina hurt these teachers' girlfriend that isn't kissing?,syntax,island_effects,complex_NP_island,True,False,False,True,310,-101.46368408203125,-103.12274169921875,1
Who do Michelle's partners that have talked to Theodore's ex-girlfriends flee from?,Who do Theodore's ex-girlfriends flee from Michelle's partners that have talked to?,syntax,island_effects,complex_NP_island,True,False,False,True,311,-127.33631896972656,-128.01080322265625,1
Who are all guests that don't scare the Impressionists disagreeing with?,Who are the Impressionists disagreeing with all guests that don't scare?,syntax,island_effects,complex_NP_island,True,False,False,True,312,-102.13276672363281,-100.15940856933594,0
Who aren't these banks that haven't referenced the Clintons upsetting?,Who aren't the Clintons upsetting these banks that haven't referenced?,syntax,island_effects,complex_NP_island,True,False,False,True,313,-87.419677734375,-87.32937622070312,0
Who hasn't Mary's partner who had cured every grandson of the Borgias disgusted?,Who hasn't every grandson of the Borgias disgusted Mary's partner who had cured?,syntax,island_effects,complex_NP_island,True,False,False,True,314,-117.86321258544922,-114.98738098144531,0
Who wasn't the organization that was helping some brother of Keith irritating?,Who wasn't some brother of Keith irritating the organization that was helping?,syntax,island_effects,complex_NP_island,True,False,False,True,315,-95.40643310546875,-94.58335876464844,0
Who can Sharon's mothers who left these drivers confuse?,Who can these drivers confuse Sharon's mothers who left?,syntax,island_effects,complex_NP_island,True,False,False,True,316,-80.24627685546875,-78.32011413574219,0
Who could Brian's ex-girlfriends who have bored Judy's mentee alarm?,Who could Judy's mentee alarm Brian's ex-girlfriends who have bored?,syntax,island_effects,complex_NP_island,True,False,False,True,317,-127.86141967773438,-128.38536071777344,1
Who wouldn't Renee's grandmother that hasn't disturbed Heather praise?,Who wouldn't Heather praise Renee's grandmother that hasn't disturbed?,syntax,island_effects,complex_NP_island,True,False,False,True,318,-94.86761474609375,-94.85630798339844,0
Who hasn't Carol's daughter who was appreciating this waiter hurt?,Who hasn't this waiter hurt Carol's daughter who was appreciating?,syntax,island_effects,complex_NP_island,True,False,False,True,319,-93.30531311035156,-92.33320617675781,0
Who was this man that disturbed Erin worrying?,Who was Erin worrying this man that disturbed?,syntax,island_effects,complex_NP_island,True,False,False,True,320,-61.73286819458008,-61.400550842285156,0
Who weren't Jodi's supervisors who can't distract all committees describing?,Who weren't all committees describing Jodi's supervisors who can't distract?,syntax,island_effects,complex_NP_island,True,False,False,True,321,-105.16416931152344,-104.48008728027344,0
Who hasn't every granddaughter of Pamela that cured the cashier worked with?,Who hasn't the cashier worked with every granddaughter of Pamela that cured?,syntax,island_effects,complex_NP_island,True,False,False,True,322,-108.3451919555664,-104.95060729980469,0
Who hadn't many cashiers' hairdresser who hasn't hired Connie revealed?,Who hadn't Connie revealed many cashiers' hairdresser who hasn't hired?,syntax,island_effects,complex_NP_island,True,False,False,True,323,-128.44789123535156,-127.77723693847656,0
Who hasn't every mother of Ruth that isn't working with Jason bored?,Who hasn't Jason bored every mother of Ruth that isn't working with?,syntax,island_effects,complex_NP_island,True,False,False,True,324,-91.04957580566406,-94.68928527832031,1
Who did a lot of grandfathers of Bradley who are disturbing Amelia reveal?,Who did Amelia reveal a lot of grandfathers of Bradley who are disturbing?,syntax,island_effects,complex_NP_island,True,False,False,True,325,-101.91041564941406,-99.22696685791016,0
Who aren't some drivers who aren't hurting a lot of friends of Noah admiring?,Who aren't a lot of friends of Noah admiring some drivers who aren't hurting?,syntax,island_effects,complex_NP_island,True,False,False,True,326,-101.88323974609375,-99.61454772949219,0
Who had adults' teachers that discovered that waitress worked with?,Who had that waitress worked with adults' teachers that discovered?,syntax,island_effects,complex_NP_island,True,False,False,True,327,-82.51668548583984,-79.59829711914062,0
Who did the waiter who hasn't insulted Liam leave?,Who did Liam leave the waiter who hasn't insulted?,syntax,island_effects,complex_NP_island,True,False,False,True,328,-76.87165832519531,-72.7249526977539,0
Who can't Timothy's mentor who has disgusted Lisa hurt?,Who can't Lisa hurt Timothy's mentor who has disgusted?,syntax,island_effects,complex_NP_island,True,False,False,True,329,-85.43017578125,-87.86299133300781,1
Who weren't Allison's bosses that kissed most grandmothers of Carol observing?,Who weren't most grandmothers of Carol observing Allison's bosses that kissed?,syntax,island_effects,complex_NP_island,True,False,False,True,330,-121.09719848632812,-116.43655395507812,0
Who would Alicia's mothers who insulted this senator upset?,Who would this senator upset Alicia's mothers who insulted?,syntax,island_effects,complex_NP_island,True,False,False,True,331,-86.45092010498047,-85.4991683959961,0
Who do a lot of senators who hadn't criticized most patients confuse?,Who do most patients confuse a lot of senators who hadn't criticized?,syntax,island_effects,complex_NP_island,True,False,False,True,332,-88.62644958496094,-85.93280029296875,0
Who was Susan's best friend that could sound like that daughter of Andrea investigating?,Who was that daughter of Andrea investigating Susan's best friend that could sound like?,syntax,island_effects,complex_NP_island,True,False,False,True,333,-99.99412536621094,-98.09945678710938,0
Who don't some sons of David that cared for many nieces of Ella watch?,Who don't many nieces of Ella watch some sons of David that cared for?,syntax,island_effects,complex_NP_island,True,False,False,True,334,-119.54105377197266,-120.39497375488281,1
Who hadn't Sharon's father who hadn't worried Christina disgusted?,Who hadn't Christina disgusted Sharon's father who hadn't worried?,syntax,island_effects,complex_NP_island,True,False,False,True,335,-85.46717834472656,-84.09341430664062,0
Who wasn't Bruce's lawyer who hasn't known Carl discussing?,Who wasn't Carl discussing Bruce's lawyer who hasn't known?,syntax,island_effects,complex_NP_island,True,False,False,True,336,-88.93253326416016,-85.94197082519531,0
Who haven't Gregory's classmates that were worrying the cashier's grandmothers boasted about?,Who haven't the cashier's grandmothers boasted about Gregory's classmates that were worrying?,syntax,island_effects,complex_NP_island,True,False,False,True,337,-121.6013412475586,-121.82730102539062,1
Who weren't some guests' brothers that can't distract many pedestrians insulting?,Who weren't many pedestrians insulting some guests' brothers that can't distract?,syntax,island_effects,complex_NP_island,True,False,False,True,338,-106.06053161621094,-106.81707763671875,1
Who wasn't every girl that wasn't referencing this man arguing about?,Who wasn't this man arguing about every girl that wasn't referencing?,syntax,island_effects,complex_NP_island,True,False,False,True,339,-85.3731460571289,-84.06314086914062,0
What aren't a lot of patients who wouldn't heal a lot of cashiers discovering?,What aren't a lot of cashiers discovering a lot of patients who wouldn't heal?,syntax,island_effects,complex_NP_island,True,False,False,True,340,-89.88703918457031,-87.380126953125,0
Who were Winston Churchill's supervisors that aren't worrying many nephews of Adam praising?,Who were many nephews of Adam praising Winston Churchill's supervisors that aren't worrying?,syntax,island_effects,complex_NP_island,True,False,False,True,341,-121.15928649902344,-115.95172119140625,0
Who do some pedestrians' grandmothers who listened to Jodi's cousins approach?,Who do Jodi's cousins approach some pedestrians' grandmothers who listened to?,syntax,island_effects,complex_NP_island,True,False,False,True,342,-111.42778015136719,-117.455810546875,1
Who hadn't Mitchell's supervisor who could escape from Danielle talked about?,Who hadn't Danielle talked about Mitchell's supervisor who could escape from?,syntax,island_effects,complex_NP_island,True,False,False,True,343,-93.90836334228516,-95.16267395019531,1
Who isn't every granddaughter of Suzanne who wasn't noticing Todd criticizing?,Who isn't Todd criticizing every granddaughter of Suzanne who wasn't noticing?,syntax,island_effects,complex_NP_island,True,False,False,True,344,-100.31513977050781,-100.483642578125,1
Who was Adam's student that can describe John irritating?,Who was John irritating Adam's student that can describe?,syntax,island_effects,complex_NP_island,True,False,False,True,345,-73.73451232910156,-72.68840026855469,0
Who won't a lot of teachers who had embarrassed Daniel talk about?,Who won't Daniel talk about a lot of teachers who had embarrassed?,syntax,island_effects,complex_NP_island,True,False,False,True,346,-74.48597717285156,-73.13168334960938,0
Who wouldn't many teenagers that weren't stunning Dawn conceal?,Who wouldn't Dawn conceal many teenagers that weren't stunning?,syntax,island_effects,complex_NP_island,True,False,False,True,347,-86.73431396484375,-87.40858459472656,1
Who does that government that had described Kirsten impress?,Who does Kirsten impress that government that had described?,syntax,island_effects,complex_NP_island,True,False,False,True,348,-74.96748352050781,-79.25772094726562,1
Who has that waiter that worried Michelle attacked?,Who has Michelle attacked that waiter that worried?,syntax,island_effects,complex_NP_island,True,False,False,True,349,-72.06522369384766,-71.492919921875,0
Who hadn't Julie's grandfather that approached some son of Robert cured?,Who hadn't some son of Robert cured Julie's grandfather that approached?,syntax,island_effects,complex_NP_island,True,False,False,True,350,-99.6838150024414,-100.20761108398438,1
Who aren't a lot of guests who were helping Teresa's contractors disgusting?,Who aren't Teresa's contractors disgusting a lot of guests who were helping?,syntax,island_effects,complex_NP_island,True,False,False,True,351,-96.5617446899414,-103.44995880126953,1
Who aren't Gregory's mothers who hadn't insulted a lot of brothers of Claire escaping from?,Who aren't a lot of brothers of Claire escaping from Gregory's mothers who hadn't insulted?,syntax,island_effects,complex_NP_island,True,False,False,True,352,-124.02827453613281,-116.29946899414062,0
Who hadn't those granddaughters of a child that have forgotten many sons of most guys annoyed?,Who hadn't many sons of most guys annoyed those granddaughters of a child that have forgotten?,syntax,island_effects,complex_NP_island,True,False,False,True,353,-131.6377716064453,-132.69827270507812,1
Who haven't Travis's sisters who were finding many skateboards impressed?,Who haven't many skateboards impressed Travis's sisters who were finding?,syntax,island_effects,complex_NP_island,True,False,False,True,354,-100.07077026367188,-101.52458190917969,1
Who would Gregory's plumber that listens to Elizabeth's grandson aggravate?,Who would Elizabeth's grandson aggravate Gregory's plumber that listens to?,syntax,island_effects,complex_NP_island,True,False,False,True,355,-105.30439758300781,-108.29521942138672,1
Who hadn't Tiffany's son who annoyed Derek admired?,Who hadn't Derek admired Tiffany's son who annoyed?,syntax,island_effects,complex_NP_island,True,False,False,True,356,-86.42788696289062,-86.90237426757812,1
Who couldn't Jane's doctor who wasn't listening to Clyde stun?,Who couldn't Clyde stun Jane's doctor who wasn't listening to?,syntax,island_effects,complex_NP_island,True,False,False,True,357,-87.65006256103516,-89.92263793945312,1
Who were Colleen's friends who could criticize Sherry's piano teachers hugging?,Who were Sherry's piano teachers hugging Colleen's friends who could criticize?,syntax,island_effects,complex_NP_island,True,False,False,True,358,-119.78143310546875,-118.87469482421875,0
Who aren't Phillip's tutors who had irritated the Lutherans returning to?,Who aren't the Lutherans returning to Phillip's tutors who had irritated?,syntax,island_effects,complex_NP_island,True,False,False,True,359,-107.36804962158203,-105.33128356933594,0
Who are grandfathers of Amelia who have revealed these carts hurting?,Who are these carts hurting grandfathers of Amelia who have revealed?,syntax,island_effects,complex_NP_island,True,False,False,True,360,-97.17668914794922,-95.55392456054688,0
What could Robert's podiatrists that loved Florence respect?,What could Florence respect Robert's podiatrists that loved?,syntax,island_effects,complex_NP_island,True,False,False,True,361,-105.40621948242188,-105.03874969482422,0
Who have Meredith's contractors that were stunning the organizations discussed?,Who have the organizations discussed Meredith's contractors that were stunning?,syntax,island_effects,complex_NP_island,True,False,False,True,362,-93.66690063476562,-87.88563537597656,0
Who had some customer's friend that did appreciate Nancy observed?,Who had Nancy observed some customer's friend that did appreciate?,syntax,island_effects,complex_NP_island,True,False,False,True,363,-83.33444213867188,-85.2474594116211,1
Who would the driver who annoyed most universities talk to?,Who would most universities talk to the driver who annoyed?,syntax,island_effects,complex_NP_island,True,False,False,True,364,-75.11268615722656,-68.91047668457031,0
Who won't Margaret's mothers that are hiding Barbara reference?,Who won't Barbara reference Margaret's mothers that are hiding?,syntax,island_effects,complex_NP_island,True,False,False,True,365,-88.18795776367188,-90.41919708251953,1
Who has Carmen's plumber that has hugged Caroline's mother praised?,Who has Caroline's mother praised Carmen's plumber that has hugged?,syntax,island_effects,complex_NP_island,True,False,False,True,366,-99.82747650146484,-99.02710723876953,0
Who did Laura's best friends who didn't alarm the son of Jacqueline disgust?,Who did the son of Jacqueline disgust Laura's best friends who didn't alarm?,syntax,island_effects,complex_NP_island,True,False,False,True,367,-105.35076904296875,-105.47022247314453,1
Who aren't Alexander's supervisors that weren't boring most cousins of Donna annoying?,Who aren't most cousins of Donna annoying Alexander's supervisors that weren't boring?,syntax,island_effects,complex_NP_island,True,False,False,True,368,-118.0392074584961,-116.95592498779297,0
Who had Jacqueline's employees who scared this niece of the Impressionists seen?,Who had this niece of the Impressionists seen Jacqueline's employees who scared?,syntax,island_effects,complex_NP_island,True,False,False,True,369,-120.496337890625,-118.14653015136719,0
Who has that adult who irritated Rhonda left?,Who has Rhonda left that adult who irritated?,syntax,island_effects,complex_NP_island,True,False,False,True,370,-77.93141174316406,-82.08001708984375,1
Who wasn't every woman that discovered Todd embarrassing?,Who wasn't Todd embarrassing every woman that discovered?,syntax,island_effects,complex_NP_island,True,False,False,True,371,-73.43718719482422,-74.34577941894531,1
Who didn't those women that did find Randolf fire?,Who didn't Randolf fire those women that did find?,syntax,island_effects,complex_NP_island,True,False,False,True,372,-81.0452880859375,-85.48359680175781,1
Who wasn't this doctor who does upset every daughter of that woman talking about?,Who wasn't every daughter of that woman talking about this doctor who does upset?,syntax,island_effects,complex_NP_island,True,False,False,True,373,-97.5264663696289,-92.93658447265625,0
Who haven't Brad's friends who shouldn't question a lot of teachers fled from?,Who haven't a lot of teachers fled from Brad's friends who shouldn't question?,syntax,island_effects,complex_NP_island,True,False,False,True,374,-96.95368194580078,-90.56593322753906,0
Who should some friend of Jason who is listening to Jacqueline care for?,Who should Jacqueline care for some friend of Jason who is listening to?,syntax,island_effects,complex_NP_island,True,False,False,True,375,-89.62857818603516,-92.09403991699219,1
Who has Brian's ex-wife who confused Alexander cured?,Who has Alexander cured Brian's ex-wife who confused?,syntax,island_effects,complex_NP_island,True,False,False,True,376,-88.85391235351562,-89.72190856933594,1
Who will every son of a patient that hadn't visited a lot of senators alarm?,Who will a lot of senators alarm every son of a patient that hadn't visited?,syntax,island_effects,complex_NP_island,True,False,False,True,377,-100.43644714355469,-105.45394897460938,1
Who hadn't all grandsons of Walter who disgusted Jill hidden?,Who hadn't Jill hidden all grandsons of Walter who disgusted?,syntax,island_effects,complex_NP_island,True,False,False,True,378,-109.7188720703125,-111.81430053710938,1
Who does the cashier who can't listen to Deborah's French teacher escape from?,Who does Deborah's French teacher escape from the cashier who can't listen to?,syntax,island_effects,complex_NP_island,True,False,False,True,379,-108.14958190917969,-105.67274475097656,0
Who can't newspaper articles that had disturbed Charles sound like?,Who can't Charles sound like newspaper articles that had disturbed?,syntax,island_effects,complex_NP_island,True,False,False,True,380,-86.50587463378906,-84.95112609863281,0
Who can't some girl that questioned Sonia think about?,Who can't Sonia think about some girl that questioned?,syntax,island_effects,complex_NP_island,True,False,False,True,381,-72.37124633789062,-68.60912322998047,0
Who weren't Adam's oncologists who did describe many friends of Colleen talking to?,Who weren't many friends of Colleen talking to Adam's oncologists who did describe?,syntax,island_effects,complex_NP_island,True,False,False,True,382,-128.08395385742188,-126.61778259277344,0
Who had the students that were scaring Kristin found?,Who had Kristin found the students that were scaring?,syntax,island_effects,complex_NP_island,True,False,False,True,383,-72.52554321289062,-76.94486236572266,1
What has Jeffrey's contractor who was referencing Thomas respected?,What has Thomas respected Jeffrey's contractor who was referencing?,syntax,island_effects,complex_NP_island,True,False,False,True,384,-83.6439437866211,-82.81498718261719,0
Who can many guests that bored Pamela reference?,Who can Pamela reference many guests that bored?,syntax,island_effects,complex_NP_island,True,False,False,True,385,-72.5609130859375,-71.43246459960938,0
Who aren't many dancers who shouldn't help Tamara's tutors escaping from?,Who aren't Tamara's tutors escaping from many dancers who shouldn't help?,syntax,island_effects,complex_NP_island,True,False,False,True,386,-109.90118408203125,-106.33124542236328,0
Who was some guy that is referencing Barbara's son talking to?,Who was Barbara's son talking to some guy that is referencing?,syntax,island_effects,complex_NP_island,True,False,False,True,387,-81.19792938232422,-80.26004028320312,0
Who was Patricia's hairdresser who hadn't appreciated music boring?,Who was music boring Patricia's hairdresser who hadn't appreciated?,syntax,island_effects,complex_NP_island,True,False,False,True,388,-103.24903106689453,-104.06221008300781,1
Who hasn't that brother of Timothy who hadn't impressed Natalie referenced?,Who hasn't Natalie referenced that brother of Timothy who hadn't impressed?,syntax,island_effects,complex_NP_island,True,False,False,True,389,-94.70347595214844,-95.09709930419922,1
Who had a lot of granddaughters of Christopher who had worried Susan observed?,Who had Susan observed a lot of granddaughters of Christopher who had worried?,syntax,island_effects,complex_NP_island,True,False,False,True,390,-102.09490966796875,-101.22872924804688,0
Who were these cashiers' mothers who thought about the Lutherans talking to?,Who were the Lutherans talking to these cashiers' mothers who thought about?,syntax,island_effects,complex_NP_island,True,False,False,True,391,-109.60964965820312,-107.17250061035156,0
What had Donna's doctor who admired Katherine argued about?,What had Katherine argued about Donna's doctor who admired?,syntax,island_effects,complex_NP_island,True,False,False,True,392,-83.14488983154297,-79.52751922607422,0
Who isn't Barbara's ex-husband that talks about Heidi firing?,Who isn't Heidi firing Barbara's ex-husband that talks about?,syntax,island_effects,complex_NP_island,True,False,False,True,393,-99.55821228027344,-100.92781066894531,1
Who could some woman who shouldn't worry Heather investigate?,Who could Heather investigate some woman who shouldn't worry?,syntax,island_effects,complex_NP_island,True,False,False,True,394,-72.43497467041016,-71.49229431152344,0
Who hadn't Rachel's father who talks to Sara revealed?,Who hadn't Sara revealed Rachel's father who talks to?,syntax,island_effects,complex_NP_island,True,False,False,True,395,-75.35149383544922,-78.39444732666016,1
Who aren't Mary's sisters that should alarm that adult's bosses firing?,Who aren't that adult's bosses firing Mary's sisters that should alarm?,syntax,island_effects,complex_NP_island,True,False,False,True,396,-111.918701171875,-111.68768310546875,0
Who had most cashiers' husband that has known Alicia's handyman criticized?,Who had Alicia's handyman criticized most cashiers' husband that has known?,syntax,island_effects,complex_NP_island,True,False,False,True,397,-125.78038787841797,-125.6303482055664,0
Who have Heather's partners who watched many sisters of Roger cared for?,Who have many sisters of Roger cared for Heather's partners who watched?,syntax,island_effects,complex_NP_island,True,False,False,True,398,-96.76609802246094,-94.24951171875,0
Who will this guest who can't hurt Carlos stun?,Who will Carlos stun this guest who can't hurt?,syntax,island_effects,complex_NP_island,True,False,False,True,399,-72.63043975830078,-73.64186096191406,1
Who weren't Galileo's teachers that disagreed with Christine's contractors observing?,Who weren't Christine's contractors observing Galileo's teachers that disagreed with?,syntax,island_effects,complex_NP_island,True,False,False,True,400,-107.9951171875,-105.79972839355469,0
Who will a patient who will dislike that cashier confuse?,Who will that cashier confuse a patient who will dislike?,syntax,island_effects,complex_NP_island,True,False,False,True,401,-82.22842407226562,-79.88539123535156,0
Who has Erin's best friend who hadn't boasted about Vanessa described?,Who has Vanessa described Erin's best friend who hadn't boasted about?,syntax,island_effects,complex_NP_island,True,False,False,True,402,-90.62826538085938,-91.5191421508789,1
Who won't the daughter of those dancers that is observing Angela conceal?,Who won't Angela conceal the daughter of those dancers that is observing?,syntax,island_effects,complex_NP_island,True,False,False,True,403,-92.548583984375,-91.8901596069336,0
Who could some friend of Kathleen that wasn't observing the guest remember?,Who could the guest remember some friend of Kathleen that wasn't observing?,syntax,island_effects,complex_NP_island,True,False,False,True,404,-93.05094909667969,-97.68388366699219,1
Who has Martha's grandfather who embarrassed Tanya upset?,Who has Tanya upset Martha's grandfather who embarrassed?,syntax,island_effects,complex_NP_island,True,False,False,True,405,-81.75707244873047,-83.81587219238281,1
Who had these people's sons that weren't returning to Cynthia criticized?,Who had Cynthia criticized these people's sons that weren't returning to?,syntax,island_effects,complex_NP_island,True,False,False,True,406,-90.21148681640625,-90.91127014160156,1
Who shouldn't Stacey's mothers that wouldn't work with Kristin investigate?,Who shouldn't Kristin investigate Stacey's mothers that wouldn't work with?,syntax,island_effects,complex_NP_island,True,False,False,True,407,-101.28614807128906,-102.93333435058594,1
Who would some mothers of Amy who aren't revealing Peter boast about?,Who would Peter boast about some mothers of Amy who aren't revealing?,syntax,island_effects,complex_NP_island,True,False,False,True,408,-95.54228210449219,-93.82685089111328,0
Who might a lot of grandfathers of the people who aren't watching Susan's teacher love?,Who might Susan's teacher love a lot of grandfathers of the people who aren't watching?,syntax,island_effects,complex_NP_island,True,False,False,True,409,-101.57725524902344,-104.17849731445312,1
Who have Gerald's sons who weren't firing some granddaughters of Deborah seen?,Who have some granddaughters of Deborah seen Gerald's sons who weren't firing?,syntax,island_effects,complex_NP_island,True,False,False,True,410,-125.60771179199219,-118.77120208740234,0
Who had Rodney's electricians who disturbed Kendra's ex-girlfriend scared?,Who had Kendra's ex-girlfriend scared Rodney's electricians who disturbed?,syntax,island_effects,complex_NP_island,True,False,False,True,411,-125.52542114257812,-127.16506958007812,1
Who haven't the girls who wouldn't listen to most students returned to?,Who haven't most students returned to the girls who wouldn't listen to?,syntax,island_effects,complex_NP_island,True,False,False,True,412,-76.3150863647461,-72.84686279296875,0
Who shouldn't the pedestrian's senator that shouldn't appreciate Dan approach?,Who shouldn't Dan approach the pedestrian's senator that shouldn't appreciate?,syntax,island_effects,complex_NP_island,True,False,False,True,413,-95.12312316894531,-96.43975830078125,1
Who doesn't Claire's doctor that referenced Martin discuss?,Who doesn't Martin discuss Claire's doctor that referenced?,syntax,island_effects,complex_NP_island,True,False,False,True,414,-80.86886596679688,-80.13172912597656,0
What has Janice's mentor that hadn't found Tamara complained about?,What has Tamara complained about Janice's mentor that hadn't found?,syntax,island_effects,complex_NP_island,True,False,False,True,415,-97.86972045898438,-97.1439208984375,0
Who couldn't Guy's ex-boyfriends who thought about every niece of Elizabeth aggravate?,Who couldn't every niece of Elizabeth aggravate Guy's ex-boyfriends who thought about?,syntax,island_effects,complex_NP_island,True,False,False,True,416,-127.91159057617188,-129.71322631835938,1
Who had every guy's father that cured Debra fired?,Who had Debra fired every guy's father that cured?,syntax,island_effects,complex_NP_island,True,False,False,True,417,-85.39057922363281,-87.32818603515625,1
Who is Heather's grandmother who questions some customer's partner questioning?,Who is some customer's partner questioning Heather's grandmother who questions?,syntax,island_effects,complex_NP_island,True,False,False,True,418,-89.36563873291016,-88.49269104003906,0
Who had Becca's associates that can't work with the customers approached?,Who had the customers approached Becca's associates that can't work with?,syntax,island_effects,complex_NP_island,True,False,False,True,419,-93.20980072021484,-93.28204345703125,1
Who was some association that did distract Winston Churchill astounding?,Who was Winston Churchill astounding some association that did distract?,syntax,island_effects,complex_NP_island,True,False,False,True,420,-85.2427978515625,-88.0183334350586,1
Who had these drivers' teachers that weren't hugging Nancy worked with?,Who had Nancy worked with these drivers' teachers that weren't hugging?,syntax,island_effects,complex_NP_island,True,False,False,True,421,-95.47773742675781,-93.22315979003906,0
What is the teachers' lawyer that would notice Sara's hairdresser referencing?,What is Sara's hairdresser referencing the teachers' lawyer that would notice?,syntax,island_effects,complex_NP_island,True,False,False,True,422,-117.0936050415039,-118.27775573730469,1
Who wasn't some brother of Laura who wasn't disturbing Sarah stunning?,Who wasn't Sarah stunning some brother of Laura who wasn't disturbing?,syntax,island_effects,complex_NP_island,True,False,False,True,423,-93.97370147705078,-95.55755615234375,1
What might every grandmother of Beverly that discusses Samantha hate?,What might Samantha hate every grandmother of Beverly that discusses?,syntax,island_effects,complex_NP_island,True,False,False,True,424,-91.1580810546875,-90.85418701171875,0
Who hadn't the men's piano teacher that upset Kendra listened to?,Who hadn't Kendra listened to the men's piano teacher that upset?,syntax,island_effects,complex_NP_island,True,False,False,True,425,-97.39205932617188,-96.3348617553711,0
Who should Galileo's cousin who discusses Charles work with?,Who should Charles work with Galileo's cousin who discusses?,syntax,island_effects,complex_NP_island,True,False,False,True,426,-81.06985473632812,-77.82899475097656,0
Who don't many sons of James who kissed the Impressionists fire?,Who don't the Impressionists fire many sons of James who kissed?,syntax,island_effects,complex_NP_island,True,False,False,True,427,-99.21829986572266,-104.03341674804688,1
Who doesn't Leslie's associate who returns to Debra question?,Who doesn't Debra question Leslie's associate who returns to?,syntax,island_effects,complex_NP_island,True,False,False,True,428,-85.54881286621094,-89.80574035644531,1
What wasn't the customers' grandfather that hasn't appreciated Valerie's niece curing?,What wasn't Valerie's niece curing the customers' grandfather that hasn't appreciated?,syntax,island_effects,complex_NP_island,True,False,False,True,429,-113.01344299316406,-112.09261322021484,0
Who don't the women who could stun all women boast about?,Who don't all women boast about the women who could stun?,syntax,island_effects,complex_NP_island,True,False,False,True,430,-78.77899932861328,-72.00614929199219,0
Who have most museums that haven't talked to the Lutherans disgusted?,Who have the Lutherans disgusted most museums that haven't talked to?,syntax,island_effects,complex_NP_island,True,False,False,True,431,-93.99942016601562,-96.26496124267578,1
What was these teenagers' mentor that wasn't insulting Brenda talking about?,What was Brenda talking about these teenagers' mentor that wasn't insulting?,syntax,island_effects,complex_NP_island,True,False,False,True,432,-94.97162628173828,-89.52478790283203,0
Who had this actor's mother that noticed most companies fired?,Who had most companies fired this actor's mother that noticed?,syntax,island_effects,complex_NP_island,True,False,False,True,433,-79.18380737304688,-79.28484344482422,1
Who were Rebecca's podiatrists who should return to Carl's plumbers boasting about?,Who were Carl's plumbers boasting about Rebecca's podiatrists who should return to?,syntax,island_effects,complex_NP_island,True,False,False,True,434,-135.31028747558594,-135.34971618652344,1
Who shouldn't Gina's podiatrist that argued about Rose work with?,Who shouldn't Rose work with Gina's podiatrist that argued about?,syntax,island_effects,complex_NP_island,True,False,False,True,435,-114.02395629882812,-110.68623352050781,0
Who couldn't James's niece who argued about that actress attack?,Who couldn't that actress attack James's niece who argued about?,syntax,island_effects,complex_NP_island,True,False,False,True,436,-84.71781158447266,-85.05050659179688,1
What doesn't Veronica's ex-girlfriend who insulted Charles flee from?,What doesn't Charles flee from Veronica's ex-girlfriend who insulted?,syntax,island_effects,complex_NP_island,True,False,False,True,437,-100.19580078125,-95.88330078125,0
Who won't a lot of guests that found Tina hire?,Who won't Tina hire a lot of guests that found?,syntax,island_effects,complex_NP_island,True,False,False,True,438,-70.4357681274414,-67.4903564453125,0
What didn't Leslie's ex-wife that might visit Ellen's student notice?,What didn't Ellen's student notice Leslie's ex-wife that might visit?,syntax,island_effects,complex_NP_island,True,False,False,True,439,-105.66047668457031,-107.95964050292969,1
What had Grace's boss that hasn't referenced Carmen's plumber admired?,What had Carmen's plumber admired Grace's boss that hasn't referenced?,syntax,island_effects,complex_NP_island,True,False,False,True,440,-106.08726501464844,-105.96775817871094,0
Who have all cousins of Elizabeth who can argue about the teachers' dermatologists confused?,Who have the teachers' dermatologists confused all cousins of Elizabeth who can argue about?,syntax,island_effects,complex_NP_island,True,False,False,True,441,-112.01447296142578,-113.78450012207031,1
Who can't every lady's dermatologist that is insulting a lot of people cure?,Who can't a lot of people cure every lady's dermatologist that is insulting?,syntax,island_effects,complex_NP_island,True,False,False,True,442,-101.57614135742188,-97.58653259277344,0
Who can't Lucille's grandsons that hadn't cared for Stacy admire?,Who can't Stacy admire Lucille's grandsons that hadn't cared for?,syntax,island_effects,complex_NP_island,True,False,False,True,443,-117.06405639648438,-115.66698455810547,0
Who aren't a lot of patients that haven't respected Noah's sisters talking to?,Who aren't Noah's sisters talking to a lot of patients that haven't respected?,syntax,island_effects,complex_NP_island,True,False,False,True,444,-92.16250610351562,-92.95062255859375,1
Who haven't those waitresses who were shocking most actresses' partners kissed?,Who haven't most actresses' partners kissed those waitresses who were shocking?,syntax,island_effects,complex_NP_island,True,False,False,True,445,-119.14497375488281,-114.17820739746094,0
Who shouldn't all brothers of Stacey who have hugged Douglas work with?,Who shouldn't Douglas work with all brothers of Stacey who have hugged?,syntax,island_effects,complex_NP_island,True,False,False,True,446,-100.10758972167969,-98.19151306152344,0
What hasn't some cousin of Jesus that flees from some student fled from?,What hasn't some student fled from some cousin of Jesus that flees from?,syntax,island_effects,complex_NP_island,True,False,False,True,447,-105.57659912109375,-105.27735137939453,0
Who doesn't this grandson of Dawn that cared for Ruth's doctor alarm?,Who doesn't Ruth's doctor alarm this grandson of Dawn that cared for?,syntax,island_effects,complex_NP_island,True,False,False,True,448,-104.83722686767578,-108.54656982421875,1
What couldn't Curtis's sister who should hide Raymond appreciate?,What couldn't Raymond appreciate Curtis's sister who should hide?,syntax,island_effects,complex_NP_island,True,False,False,True,449,-88.19099426269531,-85.84783172607422,0
What will Judy's grandmothers that haven't found the mothers of Alexander reveal?,What will the mothers of Alexander reveal Judy's grandmothers that haven't found?,syntax,island_effects,complex_NP_island,True,False,False,True,450,-106.12156677246094,-106.02601623535156,0
Who don't the adult's grandsons who knew the patients notice?,Who don't the patients notice the adult's grandsons who knew?,syntax,island_effects,complex_NP_island,True,False,False,True,451,-93.87057495117188,-95.89033508300781,1
Who couldn't Heather's teachers who aren't leaving Curtis's sons forget?,Who couldn't Curtis's sons forget Heather's teachers who aren't leaving?,syntax,island_effects,complex_NP_island,True,False,False,True,452,-98.76759338378906,-101.03860473632812,1
Who had Sara's senator that hasn't noticed Emily's bosses respected?,Who had Emily's bosses respected Sara's senator that hasn't noticed?,syntax,island_effects,complex_NP_island,True,False,False,True,453,-103.64331817626953,-103.73991394042969,1
What weren't most doctors who were thinking about many men revealing?,What weren't many men revealing most doctors who were thinking about?,syntax,island_effects,complex_NP_island,True,False,False,True,454,-73.09111785888672,-75.17141723632812,1
Who isn't some movie that embarrassed this actress's girlfriend disagreeing with?,Who isn't this actress's girlfriend disagreeing with some movie that embarrassed?,syntax,island_effects,complex_NP_island,True,False,False,True,455,-104.46807098388672,-102.43777465820312,0
Who is Donna's doctor that can leave Douglas's classmate appreciating?,Who is Douglas's classmate appreciating Donna's doctor that can leave?,syntax,island_effects,complex_NP_island,True,False,False,True,456,-94.70166778564453,-95.87779235839844,1
Who aren't the grandmothers of Cheryl that haven't bored James's plumbers irritating?,Who aren't James's plumbers irritating the grandmothers of Cheryl that haven't bored?,syntax,island_effects,complex_NP_island,True,False,False,True,457,-121.6854476928711,-121.1500244140625,0
Who should Julia's associates who forgot Martha work with?,Who should Martha work with Julia's associates who forgot?,syntax,island_effects,complex_NP_island,True,False,False,True,458,-77.36689758300781,-74.79316711425781,0
Who can Gina's cousin that hasn't helped Rachel's ex-boyfriends boast about?,Who can Rachel's ex-boyfriends boast about Gina's cousin that hasn't helped?,syntax,island_effects,complex_NP_island,True,False,False,True,459,-125.19847106933594,-123.09522247314453,0
Who should Tracy's sisters who aren't curing a brother of Christine hide?,Who should a brother of Christine hide Tracy's sisters who aren't curing?,syntax,island_effects,complex_NP_island,True,False,False,True,460,-99.6648178100586,-103.15211486816406,1
Who can Nicole's spouse who will admire most patients' grandsons disturb?,Who can most patients' grandsons disturb Nicole's spouse who will admire?,syntax,island_effects,complex_NP_island,True,False,False,True,461,-121.10692596435547,-117.85130310058594,0
Who don't Diane's mentors who described all men alarm?,Who don't all men alarm Diane's mentors who described?,syntax,island_effects,complex_NP_island,True,False,False,True,462,-82.86190795898438,-82.896728515625,1
What hadn't Patricia's senator who had disagreed with Caroline concealed?,What hadn't Caroline concealed Patricia's senator who had disagreed with?,syntax,island_effects,complex_NP_island,True,False,False,True,463,-90.89395141601562,-95.02820587158203,1
Who don't many banks that hadn't criticized all men's friends upset?,Who don't all men's friends upset many banks that hadn't criticized?,syntax,island_effects,complex_NP_island,True,False,False,True,464,-90.28260803222656,-91.547607421875,1
Who didn't Naomi's mentee that insults Veronica's mentor disturb?,Who didn't Veronica's mentor disturb Naomi's mentee that insults?,syntax,island_effects,complex_NP_island,True,False,False,True,465,-109.81802368164062,-108.14785766601562,0
Who can't Nancy's piano teacher that hadn't disturbed Curtis insult?,Who can't Curtis insult Nancy's piano teacher that hadn't disturbed?,syntax,island_effects,complex_NP_island,True,False,False,True,466,-103.49444580078125,-100.78144073486328,0
Who should Jane's dermatologist who has fired Rachelle find?,Who should Rachelle find Jane's dermatologist who has fired?,syntax,island_effects,complex_NP_island,True,False,False,True,467,-95.46342468261719,-94.11784362792969,0
What did all men that would describe the niece of John heal?,What did the niece of John heal all men that would describe?,syntax,island_effects,complex_NP_island,True,False,False,True,468,-76.66368103027344,-78.32064056396484,1
Who did Heather's contractor that was bothering Douglas's colleagues love?,Who did Douglas's colleagues love Heather's contractor that was bothering?,syntax,island_effects,complex_NP_island,True,False,False,True,469,-94.00659942626953,-96.99374389648438,1
Who hadn't Suzanne's ex-husbands who questioned Jodi watched?,Who hadn't Jodi watched Suzanne's ex-husbands who questioned?,syntax,island_effects,complex_NP_island,True,False,False,True,470,-118.5588150024414,-119.4333724975586,1
Who is Bethany's mentor who doesn't attack that senator attacking?,Who is that senator attacking Bethany's mentor who doesn't attack?,syntax,island_effects,complex_NP_island,True,False,False,True,471,-93.63197326660156,-92.10067749023438,0
Who haven't Florence's employees that can visit Beth's plumbers aggravated?,Who haven't Beth's plumbers aggravated Florence's employees that can visit?,syntax,island_effects,complex_NP_island,True,False,False,True,472,-109.60008239746094,-107.38970184326172,0
Who were Elizabeth's nephews that don't help Elizabeth's classmates hurting?,Who were Elizabeth's classmates hurting Elizabeth's nephews that don't help?,syntax,island_effects,complex_NP_island,True,False,False,True,473,-100.75001525878906,-97.50582885742188,0
Who hasn't that student that hadn't annoyed Sarah attacked?,Who hasn't Sarah attacked that student that hadn't annoyed?,syntax,island_effects,complex_NP_island,True,False,False,True,474,-76.08674621582031,-77.65432739257812,1
What has every waiter that leaves Harvard University discussed?,What has Harvard University discussed every waiter that leaves?,syntax,island_effects,complex_NP_island,True,False,False,True,475,-76.1553726196289,-75.73529052734375,0
Who shouldn't those women who will bother Theodore complain about?,Who shouldn't Theodore complain about those women who will bother?,syntax,island_effects,complex_NP_island,True,False,False,True,476,-73.59468078613281,-71.8702163696289,0
Who has that cousin of Bruce that isn't investigating Melanie attacked?,Who has Melanie attacked that cousin of Bruce that isn't investigating?,syntax,island_effects,complex_NP_island,True,False,False,True,477,-96.05427551269531,-94.60052490234375,0
Who haven't the fathers of Jessica who aren't bothering these teenagers attacked?,Who haven't these teenagers attacked the fathers of Jessica who aren't bothering?,syntax,island_effects,complex_NP_island,True,False,False,True,478,-96.09254455566406,-95.66560363769531,0
Who will Sheila's lawyer that does upset Nina heal?,Who will Nina heal Sheila's lawyer that does upset?,syntax,island_effects,complex_NP_island,True,False,False,True,479,-88.47145080566406,-86.615478515625,0
Who have most mothers of Marie who are observing all boys irritated?,Who have all boys irritated most mothers of Marie who are observing?,syntax,island_effects,complex_NP_island,True,False,False,True,480,-92.81928253173828,-93.57319641113281,1
Who weren't those adults that don't complain about Roger's piano teachers referencing?,Who weren't Roger's piano teachers referencing those adults that don't complain about?,syntax,island_effects,complex_NP_island,True,False,False,True,481,-101.53694152832031,-102.54324340820312,1
Who were all teenagers who can know those teenagers thinking about?,Who were those teenagers thinking about all teenagers who can know?,syntax,island_effects,complex_NP_island,True,False,False,True,482,-64.00565338134766,-65.32926177978516,1
Who had James's husband who should fire this grandmother of Deanna disturbed?,Who had this grandmother of Deanna disturbed James's husband who should fire?,syntax,island_effects,complex_NP_island,True,False,False,True,483,-106.85795593261719,-100.15605926513672,0
Who will that actress that appreciated that man observe?,Who will that man observe that actress that appreciated?,syntax,island_effects,complex_NP_island,True,False,False,True,484,-71.8859634399414,-72.41991424560547,1
Who were Pamela's grandsons that were talking about many sisters of Tracy kissing?,Who were many sisters of Tracy kissing Pamela's grandsons that were talking about?,syntax,island_effects,complex_NP_island,True,False,False,True,485,-119.12005615234375,-116.11991882324219,0
Who aren't most actresses who disturbed Derek's oncologists observing?,Who aren't Derek's oncologists observing most actresses who disturbed?,syntax,island_effects,complex_NP_island,True,False,False,True,486,-109.01496887207031,-105.70755767822266,0
Who has Tara's handyman who admires Naomi's lawyer bothered?,Who has Naomi's lawyer bothered Tara's handyman who admires?,syntax,island_effects,complex_NP_island,True,False,False,True,487,-115.8955078125,-115.01092529296875,0
Who hasn't some lady who hired Curtis's friend fled from?,Who hasn't Curtis's friend fled from some lady who hired?,syntax,island_effects,complex_NP_island,True,False,False,True,488,-92.55134582519531,-90.00105285644531,0
Who hadn't the students who had alarmed Marie alarmed?,Who hadn't Marie alarmed the students who had alarmed?,syntax,island_effects,complex_NP_island,True,False,False,True,489,-72.155029296875,-73.70594787597656,1
Who have Russell's partners who didn't kiss some man's plumbers upset?,Who have some man's plumbers upset Russell's partners who didn't kiss?,syntax,island_effects,complex_NP_island,True,False,False,True,490,-100.42872619628906,-101.25892639160156,1
Who didn't Catherine's electrician that respects Galileo hire?,Who didn't Galileo hire Catherine's electrician that respects?,syntax,island_effects,complex_NP_island,True,False,False,True,491,-95.22265625,-93.8467025756836,0
What were cashiers that had praised many nieces of Michael escaping from?,What were many nieces of Michael escaping from cashiers that had praised?,syntax,island_effects,complex_NP_island,True,False,False,True,492,-120.04925537109375,-118.261474609375,0
Who aren't some drivers who don't love Diana's best friends investigating?,Who aren't Diana's best friends investigating some drivers who don't love?,syntax,island_effects,complex_NP_island,True,False,False,True,493,-89.96467590332031,-87.44025421142578,0
Who is a mother of Renee who hasn't upset Ruth appreciating?,Who is Ruth appreciating a mother of Renee who hasn't upset?,syntax,island_effects,complex_NP_island,True,False,False,True,494,-87.09817504882812,-90.4349365234375,1
Who had cashiers' grandmothers who haven't alarmed a grandmother of Craig fired?,Who had a grandmother of Craig fired cashiers' grandmothers who haven't alarmed?,syntax,island_effects,complex_NP_island,True,False,False,True,495,-121.07230377197266,-114.85183715820312,0
Who could nephews of Noah that distracted Stephen's ex-boyfriends hug?,Who could Stephen's ex-boyfriends hug nephews of Noah that distracted?,syntax,island_effects,complex_NP_island,True,False,False,True,496,-122.3493881225586,-126.65357971191406,1
Who does that nephew of women that visited Robert bore?,Who does Robert bore that nephew of women that visited?,syntax,island_effects,complex_NP_island,True,False,False,True,497,-79.13584899902344,-82.36236572265625,1
Who wasn't Homer's podiatrist that disagreed with Kirsten aggravating?,Who wasn't Kirsten aggravating Homer's podiatrist that disagreed with?,syntax,island_effects,complex_NP_island,True,False,False,True,498,-119.75611877441406,-129.51145935058594,1
Who couldn't Wendy's friend that wasn't irritating Scott know?,Who couldn't Scott know Wendy's friend that wasn't irritating?,syntax,island_effects,complex_NP_island,True,False,False,True,499,-83.76380920410156,-82.3414306640625,0
Who haven't Helen's nieces who don't criticize the hospitals concealed?,Who haven't the hospitals concealed Helen's nieces who don't criticize?,syntax,island_effects,complex_NP_island,True,False,False,True,500,-107.50909423828125,-110.40233612060547,1
Who are those waiters who did listen to Sarah's fathers criticizing?,Who are Sarah's fathers criticizing those waiters who did listen to?,syntax,island_effects,complex_NP_island,True,False,False,True,501,-93.68972778320312,-93.98126983642578,1
Who can many doctors' supervisor that hadn't known all grandsons of Erin care for?,Who can all grandsons of Erin care for many doctors' supervisor that hadn't known?,syntax,island_effects,complex_NP_island,True,False,False,True,502,-132.5606231689453,-126.51602172851562,0
Who was a grandmother of a pedestrian that isn't noticing Brian healing?,Who was Brian healing a grandmother of a pedestrian that isn't noticing?,syntax,island_effects,complex_NP_island,True,False,False,True,503,-88.69949340820312,-95.70329284667969,1
Who hadn't Grace's cousins who impressed Samantha listened to?,Who hadn't Samantha listened to Grace's cousins who impressed?,syntax,island_effects,complex_NP_island,True,False,False,True,504,-83.36869812011719,-81.5347900390625,0
Who hasn't an adult who would investigate Ellen referenced?,Who hasn't Ellen referenced an adult who would investigate?,syntax,island_effects,complex_NP_island,True,False,False,True,505,-72.3062973022461,-74.06946563720703,1
Who hadn't Melanie's nephews who are hiding Carlos observed?,Who hadn't Carlos observed Melanie's nephews who are hiding?,syntax,island_effects,complex_NP_island,True,False,False,True,506,-95.2979507446289,-91.86167907714844,0
Who won't some adult that should hire Denise bore?,Who won't Denise bore some adult that should hire?,syntax,island_effects,complex_NP_island,True,False,False,True,507,-78.81455993652344,-77.33855438232422,0
Who had Patricia's daughters that approached Meredith argued about?,Who had Meredith argued about Patricia's daughters that approached?,syntax,island_effects,complex_NP_island,True,False,False,True,508,-88.88821411132812,-87.0744400024414,0
What will all nephews of that doctor who aren't concealing Stephen return to?,What will Stephen return to all nephews of that doctor who aren't concealing?,syntax,island_effects,complex_NP_island,True,False,False,True,509,-107.13475036621094,-104.62040710449219,0
What wouldn't the man's tutor that describes Tina flee from?,What wouldn't Tina flee from the man's tutor that describes?,syntax,island_effects,complex_NP_island,True,False,False,True,510,-87.04389190673828,-82.74935150146484,0
Who could Alexander's ex-husband that didn't hire Naomi's hairdressers disagree with?,Who could Naomi's hairdressers disagree with Alexander's ex-husband that didn't hire?,syntax,island_effects,complex_NP_island,True,False,False,True,511,-136.71041870117188,-131.88197326660156,0
Who hadn't Carmen's friend who talked to Pamela complained about?,Who hadn't Pamela complained about Carmen's friend who talked to?,syntax,island_effects,complex_NP_island,True,False,False,True,512,-81.10664367675781,-79.20962524414062,0
What weren't women who do love Travis's piano teachers arguing about?,What weren't Travis's piano teachers arguing about women who do love?,syntax,island_effects,complex_NP_island,True,False,False,True,513,-94.79580688476562,-92.54721069335938,0
Who have many waitresses' ex-wives who had left Tanya's friends impressed?,Who have Tanya's friends impressed many waitresses' ex-wives who had left?,syntax,island_effects,complex_NP_island,True,False,False,True,514,-125.32879638671875,-126.89083862304688,1
Who does Danielle's mother who visits Wayne watch?,Who does Wayne watch Danielle's mother who visits?,syntax,island_effects,complex_NP_island,True,False,False,True,515,-73.92945098876953,-73.83184814453125,0
Who did every cashier who escaped from Carol work with?,Who did Carol work with every cashier who escaped from?,syntax,island_effects,complex_NP_island,True,False,False,True,516,-86.68504333496094,-84.40840148925781,0
What aren't these daughters of Marcus who weren't curing Clyde's grandmothers concealing?,What aren't Clyde's grandmothers concealing these daughters of Marcus who weren't curing?,syntax,island_effects,complex_NP_island,True,False,False,True,517,-124.56900024414062,-128.14173889160156,1
Who had the patients that hadn't talked to Homer upset?,Who had Homer upset the patients that hadn't talked to?,syntax,island_effects,complex_NP_island,True,False,False,True,518,-77.30044555664062,-78.82514953613281,1
Who hasn't Carmen's wife who listened to Tiffany cared for?,Who hasn't Tiffany cared for Carmen's wife who listened to?,syntax,island_effects,complex_NP_island,True,False,False,True,519,-82.59852600097656,-80.1688232421875,0
Who was that cashier that was irritating Karla listening to?,Who was Karla listening to that cashier that was irritating?,syntax,island_effects,complex_NP_island,True,False,False,True,520,-87.7458267211914,-87.41139221191406,0
What would that man that hadn't concealed Linda respect?,What would Linda respect that man that hadn't concealed?,syntax,island_effects,complex_NP_island,True,False,False,True,521,-78.31100463867188,-74.66204833984375,0
Who wasn't this dancer who has investigated every library arguing about?,Who wasn't every library arguing about this dancer who has investigated?,syntax,island_effects,complex_NP_island,True,False,False,True,522,-86.6529541015625,-84.91357421875,0
What haven't Brad's granddaughters who had seen Scott's plumbers insulted?,What haven't Scott's plumbers insulted Brad's granddaughters who had seen?,syntax,island_effects,complex_NP_island,True,False,False,True,523,-118.465576171875,-117.82220458984375,0
Who are those sons of Deanna that couldn't escape from Martin's bosses hiring?,Who are Martin's bosses hiring those sons of Deanna that couldn't escape from?,syntax,island_effects,complex_NP_island,True,False,False,True,524,-112.74687194824219,-119.30381774902344,1
Who have most adults that aren't disagreeing with all adults described?,Who have all adults described most adults that aren't disagreeing with?,syntax,island_effects,complex_NP_island,True,False,False,True,525,-86.6484603881836,-88.48077392578125,1
Who has the guest who approached Karla appreciated?,Who has Karla appreciated the guest who approached?,syntax,island_effects,complex_NP_island,True,False,False,True,526,-71.38792419433594,-72.67686462402344,1
What will Florence's granddaughters that weren't admiring Steven reference?,What will Steven reference Florence's granddaughters that weren't admiring?,syntax,island_effects,complex_NP_island,True,False,False,True,527,-115.56825256347656,-113.08050537109375,0
Who didn't this child who isn't upsetting Carmen's plumber hire?,Who didn't Carmen's plumber hire this child who isn't upsetting?,syntax,island_effects,complex_NP_island,True,False,False,True,528,-95.08282470703125,-93.64471435546875,0
Who had that teacher's teacher that references Lori disturbed?,Who had Lori disturbed that teacher's teacher that references?,syntax,island_effects,complex_NP_island,True,False,False,True,529,-84.14678955078125,-80.86063385009766,0
Who hasn't Emily's friend who alarmed the grandmother of Sally seen?,Who hasn't the grandmother of Sally seen Emily's friend who alarmed?,syntax,island_effects,complex_NP_island,True,False,False,True,530,-98.92122650146484,-98.300048828125,0
Who isn't Sandra's senator who respected Tanya discussing?,Who isn't Tanya discussing Sandra's senator who respected?,syntax,island_effects,complex_NP_island,True,False,False,True,531,-87.99458312988281,-86.84080505371094,0
Who could Katherine's employees that won't hire Jill like?,Who could Jill like Katherine's employees that won't hire?,syntax,island_effects,complex_NP_island,True,False,False,True,532,-82.37374877929688,-79.63571166992188,0
What won't many children that remembered Sandra like?,What won't Sandra like many children that remembered?,syntax,island_effects,complex_NP_island,True,False,False,True,533,-65.6364974975586,-63.54857635498047,0
Who isn't Ann's ex-girlfriend who won't irritate Douglas confusing?,Who isn't Douglas confusing Ann's ex-girlfriend who won't irritate?,syntax,island_effects,complex_NP_island,True,False,False,True,534,-98.73257446289062,-98.91055297851562,1
What won't this child who hadn't disliked Victoria's friends conceal?,What won't Victoria's friends conceal this child who hadn't disliked?,syntax,island_effects,complex_NP_island,True,False,False,True,535,-87.60690307617188,-88.81748962402344,1
Who hasn't that cashier who was upsetting Jerry worried?,Who hasn't Jerry worried that cashier who was upsetting?,syntax,island_effects,complex_NP_island,True,False,False,True,536,-84.20219421386719,-84.1439208984375,0
Who isn't Diane's best friend who did bother Roger talking to?,Who isn't Roger talking to Diane's best friend who did bother?,syntax,island_effects,complex_NP_island,True,False,False,True,537,-86.1146240234375,-84.50218963623047,0
What hadn't some grandfathers of Bill that aren't complaining about Scott forgotten?,What hadn't Scott forgotten some grandfathers of Bill that aren't complaining about?,syntax,island_effects,complex_NP_island,True,False,False,True,538,-103.36892700195312,-103.64520263671875,1
Who hadn't Samuel's associate who listens to Carol respected?,Who hadn't Carol respected Samuel's associate who listens to?,syntax,island_effects,complex_NP_island,True,False,False,True,539,-84.87997436523438,-86.65202331542969,1
Who wasn't a niece of Raymond who disturbed Marcus's friend confusing?,Who wasn't Marcus's friend confusing a niece of Raymond who disturbed?,syntax,island_effects,complex_NP_island,True,False,False,True,540,-98.67240905761719,-103.55109405517578,1
Who wasn't that waiter who remembers Tracy firing?,Who wasn't Tracy firing that waiter who remembers?,syntax,island_effects,complex_NP_island,True,False,False,True,541,-77.25358581542969,-78.53250122070312,1
What will a lot of grandfathers of Claire that haven't remembered a lot of cousins of Sabrina love?,What will a lot of cousins of Sabrina love a lot of grandfathers of Claire that haven't remembered?,syntax,island_effects,complex_NP_island,True,False,False,True,542,-129.14414978027344,-129.29006958007812,1
Who would all nephews of Holly that fired Clyde irritate?,Who would Clyde irritate all nephews of Holly that fired?,syntax,island_effects,complex_NP_island,True,False,False,True,543,-95.47299194335938,-94.99598693847656,0
Who was a student that might shock Wendy's colleague boasting about?,Who was Wendy's colleague boasting about a student that might shock?,syntax,island_effects,complex_NP_island,True,False,False,True,544,-92.14881134033203,-90.49557495117188,0
Who won't an organization that hated Donald impress?,Who won't Donald impress an organization that hated?,syntax,island_effects,complex_NP_island,True,False,False,True,545,-66.19007110595703,-68.16673278808594,1
Who isn't the grandson of Sherry who hurt Monica listening to?,Who isn't Monica listening to the grandson of Sherry who hurt?,syntax,island_effects,complex_NP_island,True,False,False,True,546,-93.12457275390625,-90.42922973632812,0
Who could the hospital that doesn't help Frank bother?,Who could Frank bother the hospital that doesn't help?,syntax,island_effects,complex_NP_island,True,False,False,True,547,-67.440185546875,-64.94251251220703,0
What has a child that hadn't left Elaine criticized?,What has Elaine criticized a child that hadn't left?,syntax,island_effects,complex_NP_island,True,False,False,True,548,-69.55079650878906,-68.93608093261719,0
Who hasn't Joseph's student that saw a teacher cared for?,Who hasn't a teacher cared for Joseph's student that saw?,syntax,island_effects,complex_NP_island,True,False,False,True,549,-79.79471588134766,-78.97616577148438,0
Who weren't most fathers of Galileo that aren't escaping from Anna's daughters boring?,Who weren't Anna's daughters boring most fathers of Galileo that aren't escaping from?,syntax,island_effects,complex_NP_island,True,False,False,True,550,-120.56767272949219,-124.47109985351562,1
Who hasn't that teenager who hadn't discussed that documentary about Galileo alarmed?,Who hasn't that documentary about Galileo alarmed that teenager who hadn't discussed?,syntax,island_effects,complex_NP_island,True,False,False,True,551,-96.48896789550781,-96.14358520507812,0
What wouldn't the guest that hadn't talked about Colleen's ex-girlfriend forget?,What wouldn't Colleen's ex-girlfriend forget the guest that hadn't talked about?,syntax,island_effects,complex_NP_island,True,False,False,True,552,-108.8197021484375,-110.49712371826172,1
Who should those children who are kissing Ronald hurt?,Who should Ronald hurt those children who are kissing?,syntax,island_effects,complex_NP_island,True,False,False,True,553,-68.77456665039062,-68.21113586425781,0
Who doesn't Joel's hairdresser that scares the legislature like?,Who doesn't the legislature like Joel's hairdresser that scares?,syntax,island_effects,complex_NP_island,True,False,False,True,554,-104.08784484863281,-104.26400756835938,1
Who have most teenagers who are discussing a lot of drivers distracted?,Who have a lot of drivers distracted most teenagers who are discussing?,syntax,island_effects,complex_NP_island,True,False,False,True,555,-71.80964660644531,-71.9432373046875,1
Who hadn't Jill's handyman that praised Suzanne distracted?,Who hadn't Suzanne distracted Jill's handyman that praised?,syntax,island_effects,complex_NP_island,True,False,False,True,556,-101.33660888671875,-101.6733627319336,1
Who did all patients who investigated Susan aggravate?,Who did Susan aggravate all patients who investigated?,syntax,island_effects,complex_NP_island,True,False,False,True,557,-67.20498657226562,-69.08500671386719,1
Who hasn't a driver who can't bother Sarah argued about?,Who hasn't Sarah argued about a driver who can't bother?,syntax,island_effects,complex_NP_island,True,False,False,True,558,-69.09014892578125,-69.16838836669922,1
Who didn't Peter's podiatrist who discovered people criticize?,Who didn't people criticize Peter's podiatrist who discovered?,syntax,island_effects,complex_NP_island,True,False,False,True,559,-99.45343017578125,-95.52838134765625,0
Who were Rachelle's guests who disliked a lot of daughters of Heather leaving?,Who were a lot of daughters of Heather leaving Rachelle's guests who disliked?,syntax,island_effects,complex_NP_island,True,False,False,True,560,-110.37342834472656,-105.80400085449219,0
Who can't Ann's niece who had boasted about the friend of Kathleen discuss?,Who can't the friend of Kathleen discuss Ann's niece who had boasted about?,syntax,island_effects,complex_NP_island,True,False,False,True,561,-105.45613098144531,-107.65078735351562,1
Who could every actor that doesn't notice this actor aggravate?,Who could this actor aggravate every actor that doesn't notice?,syntax,island_effects,complex_NP_island,True,False,False,True,562,-79.13861083984375,-80.3884506225586,1
What hasn't Margaret's ex-wife that complained about this waitress appreciated?,What hasn't this waitress appreciated Margaret's ex-wife that complained about?,syntax,island_effects,complex_NP_island,True,False,False,True,563,-97.7291259765625,-103.42774200439453,1
Who will every student's lawyer who cared for Sharon's piano teacher find?,Who will Sharon's piano teacher find every student's lawyer who cared for?,syntax,island_effects,complex_NP_island,True,False,False,True,564,-98.09455871582031,-99.41375732421875,1
Who hadn't Michael's dermatologist that notices Michael revealed?,Who hadn't Michael revealed Michael's dermatologist that notices?,syntax,island_effects,complex_NP_island,True,False,False,True,565,-90.37113952636719,-86.35795593261719,0
Who would the children that fled from a teacher discuss?,Who would a teacher discuss the children that fled from?,syntax,island_effects,complex_NP_island,True,False,False,True,566,-67.31200408935547,-67.20374298095703,0
Who can these students that weren't distracting every woman's boss scare?,Who can every woman's boss scare these students that weren't distracting?,syntax,island_effects,complex_NP_island,True,False,False,True,567,-97.6804428100586,-95.30897521972656,0
Who haven't those documentaries about Jesus that weren't distracting a lot of sisters of Gerald sounded like?,Who haven't a lot of sisters of Gerald sounded like those documentaries about Jesus that weren't distracting?,syntax,island_effects,complex_NP_island,True,False,False,True,568,-123.30992889404297,-122.16716003417969,0
Who don't grandfathers of Gary that have disgusted Robert's supervisors impress?,Who don't Robert's supervisors impress grandfathers of Gary that have disgusted?,syntax,island_effects,complex_NP_island,True,False,False,True,569,-118.4801025390625,-116.68903350830078,0
Who wasn't that senator who wouldn't respect Cheryl visiting?,Who wasn't Cheryl visiting that senator who wouldn't respect?,syntax,island_effects,complex_NP_island,True,False,False,True,570,-79.75996398925781,-79.75365447998047,0
Who isn't the girl's ex-boyfriend that stunned Paula hiring?,Who isn't Paula hiring the girl's ex-boyfriend that stunned?,syntax,island_effects,complex_NP_island,True,False,False,True,571,-108.93736267089844,-109.61481475830078,1
Who was Sharon's electrician that questions Beth concealing?,Who was Beth concealing Sharon's electrician that questions?,syntax,island_effects,complex_NP_island,True,False,False,True,572,-94.08932495117188,-93.46121978759766,0
What might Kristin's brothers that shouldn't describe Jesus see?,What might Jesus see Kristin's brothers that shouldn't describe?,syntax,island_effects,complex_NP_island,True,False,False,True,573,-81.86698150634766,-79.59974670410156,0
Who could those sons of Phillip who did reveal the steak stun?,Who could the steak stun those sons of Phillip who did reveal?,syntax,island_effects,complex_NP_island,True,False,False,True,574,-92.86128234863281,-95.47409057617188,1
Who has Carmen's ex-boyfriend that hid Catherine's mentor bothered?,Who has Catherine's mentor bothered Carmen's ex-boyfriend that hid?,syntax,island_effects,complex_NP_island,True,False,False,True,575,-117.20733642578125,-118.32417297363281,1
Who will some patients who admired Nina approach?,Who will Nina approach some patients who admired?,syntax,island_effects,complex_NP_island,True,False,False,True,576,-65.67085266113281,-66.04215240478516,1
Who are the grandmothers of Sharon that are confusing William's mothers referencing?,Who are William's mothers referencing the grandmothers of Sharon that are confusing?,syntax,island_effects,complex_NP_island,True,False,False,True,577,-102.0491943359375,-98.98294067382812,0
Who could a lot of friends of Jesus that shouldn't care for Brenda discover?,Who could Brenda discover a lot of friends of Jesus that shouldn't care for?,syntax,island_effects,complex_NP_island,True,False,False,True,578,-91.45502471923828,-90.56836700439453,0
Who had every pedestrian that discovers Debra attacked?,Who had Debra attacked every pedestrian that discovers?,syntax,island_effects,complex_NP_island,True,False,False,True,579,-78.61677551269531,-80.1405029296875,1
What might the senator that disliked Denise's mentor love?,What might Denise's mentor love the senator that disliked?,syntax,island_effects,complex_NP_island,True,False,False,True,580,-80.75140380859375,-82.48506927490234,1
Who wasn't Rebecca's handyman that disliked Carrie approaching?,Who wasn't Carrie approaching Rebecca's handyman that disliked?,syntax,island_effects,complex_NP_island,True,False,False,True,581,-97.85211181640625,-97.50936889648438,0
Who weren't Sheila's guests that embarrassed Florence's fathers impressing?,Who weren't Florence's fathers impressing Sheila's guests that embarrassed?,syntax,island_effects,complex_NP_island,True,False,False,True,582,-111.35118103027344,-112.36549377441406,1
Who should some grandson of Cynthia who had healed a woman admire?,Who should a woman admire some grandson of Cynthia who had healed?,syntax,island_effects,complex_NP_island,True,False,False,True,583,-87.00525665283203,-87.27182006835938,1
Who would some woman who didn't confuse Tina leave?,Who would Tina leave some woman who didn't confuse?,syntax,island_effects,complex_NP_island,True,False,False,True,584,-68.52836608886719,-67.18743896484375,0
Who has most ladies' ex-husband that could investigate Phillip left?,Who has Phillip left most ladies' ex-husband that could investigate?,syntax,island_effects,complex_NP_island,True,False,False,True,585,-98.09149169921875,-99.00393676757812,1
Who aren't Gina's daughters that won't worry many teenagers boasting about?,Who aren't many teenagers boasting about Gina's daughters that won't worry?,syntax,island_effects,complex_NP_island,True,False,False,True,586,-103.05117797851562,-97.34994506835938,0
Who don't those actors who were worrying cashiers notice?,Who don't cashiers notice those actors who were worrying?,syntax,island_effects,complex_NP_island,True,False,False,True,587,-81.49423217773438,-80.78865051269531,0
Who couldn't some actress who stunned Marla astound?,Who couldn't Marla astound some actress who stunned?,syntax,island_effects,complex_NP_island,True,False,False,True,588,-87.70677185058594,-89.78158569335938,1
What had Kristen's granddaughter that does discuss a father of Jerry disliked?,What had a father of Jerry disliked Kristen's granddaughter that does discuss?,syntax,island_effects,complex_NP_island,True,False,False,True,589,-103.09041595458984,-97.05433654785156,0
Who isn't Tanya's colleague that concealed Donna irritating?,Who isn't Donna irritating Tanya's colleague that concealed?,syntax,island_effects,complex_NP_island,True,False,False,True,590,-91.05072021484375,-91.03471374511719,0
Who had Samantha's mentee who wasn't upsetting Naomi disliked?,Who had Naomi disliked Samantha's mentee who wasn't upsetting?,syntax,island_effects,complex_NP_island,True,False,False,True,591,-97.3428955078125,-95.27791595458984,0
Who might Gregory's partner that questioned Charles hug?,Who might Charles hug Gregory's partner that questioned?,syntax,island_effects,complex_NP_island,True,False,False,True,592,-80.43072509765625,-81.5281982421875,1
Who will Eva's students that hadn't admired Bethany dislike?,Who will Bethany dislike Eva's students that hadn't admired?,syntax,island_effects,complex_NP_island,True,False,False,True,593,-101.18466186523438,-101.20040893554688,1
Who hasn't this library that references Heidi admired?,Who hasn't Heidi admired this library that references?,syntax,island_effects,complex_NP_island,True,False,False,True,594,-74.50535583496094,-70.71048736572266,0
What won't these people who were concealing Guy reference?,What won't Guy reference these people who were concealing?,syntax,island_effects,complex_NP_island,True,False,False,True,595,-75.67973327636719,-75.76687622070312,1
Who hasn't Janet's partner who had disgusted Kayla talked about?,Who hasn't Kayla talked about Janet's partner who had disgusted?,syntax,island_effects,complex_NP_island,True,False,False,True,596,-96.73027801513672,-92.60271453857422,0
Who isn't Joseph's French teacher that bored that cousin of Kimberley approaching?,Who isn't that cousin of Kimberley approaching Joseph's French teacher that bored?,syntax,island_effects,complex_NP_island,True,False,False,True,597,-117.66087341308594,-110.40007781982422,0
Who are most waitresses that are helping many people kissing?,Who are many people kissing most waitresses that are helping?,syntax,island_effects,complex_NP_island,True,False,False,True,598,-74.42195129394531,-75.36686706542969,1
Who has Tracy's handyman that hugs Beverly respected?,Who has Beverly respected Tracy's handyman that hugs?,syntax,island_effects,complex_NP_island,True,False,False,True,599,-96.35237121582031,-94.95970916748047,0
Who was Carol's associate that watched Stephen's tutor concealing?,Who was Stephen's tutor concealing Carol's associate that watched?,syntax,island_effects,complex_NP_island,True,False,False,True,600,-98.60218048095703,-100.46935272216797,1
Who were Lawrence's ex-wives that scared these nephews of Kristin attacking?,Who were these nephews of Kristin attacking Lawrence's ex-wives that scared?,syntax,island_effects,complex_NP_island,True,False,False,True,601,-122.96476745605469,-118.00497436523438,0
Who didn't Anna's doctors who are watching Amy love?,Who didn't Amy love Anna's doctors who are watching?,syntax,island_effects,complex_NP_island,True,False,False,True,602,-73.45638275146484,-73.77700805664062,1
Who would Renee's lawyers who did work with the nephew of Ellen shock?,Who would the nephew of Ellen shock Renee's lawyers who did work with?,syntax,island_effects,complex_NP_island,True,False,False,True,603,-101.14988708496094,-106.26675415039062,1
What are Cheryl's bosses who haven't returned to many adults visiting?,What are many adults visiting Cheryl's bosses who haven't returned to?,syntax,island_effects,complex_NP_island,True,False,False,True,604,-89.78157043457031,-87.52264404296875,0
What have Erin's ex-girlfriends who haven't discovered Matt's French teachers escaped from?,What have Matt's French teachers escaped from Erin's ex-girlfriends who haven't discovered?,syntax,island_effects,complex_NP_island,True,False,False,True,605,-138.4029541015625,-132.70240783691406,0
Who would these actors that worked with Phillip argue about?,Who would Phillip argue about these actors that worked with?,syntax,island_effects,complex_NP_island,True,False,False,True,606,-71.2721939086914,-71.25135040283203,0
Who couldn't those brothers of William who discussed Samuel fire?,Who couldn't Samuel fire those brothers of William who discussed?,syntax,island_effects,complex_NP_island,True,False,False,True,607,-82.87670135498047,-83.94628143310547,1
Who couldn't Adam's best friends that distracted Rodney's handymen dislike?,Who couldn't Rodney's handymen dislike Adam's best friends that distracted?,syntax,island_effects,complex_NP_island,True,False,False,True,608,-108.8245849609375,-111.59107971191406,1
What won't Mary's niece who is referencing Charles's niece leave?,What won't Charles's niece leave Mary's niece who is referencing?,syntax,island_effects,complex_NP_island,True,False,False,True,609,-95.3005599975586,-93.96067810058594,0
Who had Christine's tutor that wouldn't know most grandsons of most doctors remembered?,Who had most grandsons of most doctors remembered Christine's tutor that wouldn't know?,syntax,island_effects,complex_NP_island,True,False,False,True,610,-123.21086883544922,-122.12975311279297,0
Who have Kristin's tutors who appreciated Carrie's senators appreciated?,Who have Carrie's senators appreciated Kristin's tutors who appreciated?,syntax,island_effects,complex_NP_island,True,False,False,True,611,-103.69612121582031,-102.71064758300781,0
Who weren't Peter's contractors that weren't kissing most nieces of Janet escaping from?,Who weren't most nieces of Janet escaping from Peter's contractors that weren't kissing?,syntax,island_effects,complex_NP_island,True,False,False,True,612,-144.59925842285156,-135.68341064453125,0
Who won't Joel's grandmothers who cared for Janet's father notice?,Who won't Janet's father notice Joel's grandmothers who cared for?,syntax,island_effects,complex_NP_island,True,False,False,True,613,-96.15745544433594,-99.78915405273438,1
Who has Eric's contractor that hugs this student's girlfriend disagreed with?,Who has this student's girlfriend disagreed with Eric's contractor that hugs?,syntax,island_effects,complex_NP_island,True,False,False,True,614,-98.17860412597656,-96.14947509765625,0
Who won't Katherine's cousin who hasn't talked about Laura like?,Who won't Laura like Katherine's cousin who hasn't talked about?,syntax,island_effects,complex_NP_island,True,False,False,True,615,-83.01675415039062,-81.3602066040039,0
Who weren't Edward's mentees who are leaving Kayla's tutors irritating?,Who weren't Kayla's tutors irritating Edward's mentees who are leaving?,syntax,island_effects,complex_NP_island,True,False,False,True,616,-112.28445434570312,-114.30204772949219,1
Who should these dancers who worked with Jane's colleague irritate?,Who should Jane's colleague irritate these dancers who worked with?,syntax,island_effects,complex_NP_island,True,False,False,True,617,-84.77037811279297,-86.13592529296875,1
Who weren't those guests who could heal Renee's ex-husbands approaching?,Who weren't Renee's ex-husbands approaching those guests who could heal?,syntax,island_effects,complex_NP_island,True,False,False,True,618,-126.3113784790039,-124.40040588378906,0
Who hadn't Clyde's oncologists who weren't working with that waitress listened to?,Who hadn't that waitress listened to Clyde's oncologists who weren't working with?,syntax,island_effects,complex_NP_island,True,False,False,True,619,-113.16375732421875,-111.45391845703125,0
Who are Melissa's piano teachers that have disagreed with Sharon's ex-girlfriends escaping from?,Who are Sharon's ex-girlfriends escaping from Melissa's piano teachers that have disagreed with?,syntax,island_effects,complex_NP_island,True,False,False,True,620,-132.74502563476562,-134.73887634277344,1
What shouldn't Tammy's podiatrist who forgot Roger conceal?,What shouldn't Roger conceal Tammy's podiatrist who forgot?,syntax,island_effects,complex_NP_island,True,False,False,True,621,-104.12348937988281,-103.63092041015625,0
Who hasn't that waiter who has embarrassed a committee impressed?,Who hasn't a committee impressed that waiter who has embarrassed?,syntax,island_effects,complex_NP_island,True,False,False,True,622,-78.69012451171875,-79.94561767578125,1
Who were grandfathers of Janice that weren't stunning Dan's ex-wives talking to?,Who were Dan's ex-wives talking to grandfathers of Janice that weren't stunning?,syntax,island_effects,complex_NP_island,True,False,False,True,623,-135.34747314453125,-131.48883056640625,0
Who have Alexander's French teachers who alarmed cashiers' tutors hidden?,Who have cashiers' tutors hidden Alexander's French teachers who alarmed?,syntax,island_effects,complex_NP_island,True,False,False,True,624,-115.04426574707031,-116.89625549316406,1
Who hasn't Joel's best friend that hasn't noticed that bird embarrassed?,Who hasn't that bird embarrassed Joel's best friend that hasn't noticed?,syntax,island_effects,complex_NP_island,True,False,False,True,625,-93.00802612304688,-91.85501098632812,0
Who have actresses that haven't concealed Rachelle's French teachers shocked?,Who have Rachelle's French teachers shocked actresses that haven't concealed?,syntax,island_effects,complex_NP_island,True,False,False,True,626,-111.68753814697266,-110.84194946289062,0
Who hasn't Anne's doctor that hires Todd sounded like?,Who hasn't Todd sounded like Anne's doctor that hires?,syntax,island_effects,complex_NP_island,True,False,False,True,627,-86.00830078125,-85.07701110839844,0
Who hadn't men's dermatologist that is firing some guy listened to?,Who hadn't some guy listened to men's dermatologist that is firing?,syntax,island_effects,complex_NP_island,True,False,False,True,628,-98.08240509033203,-95.36829376220703,0
Who might Homer's grandsons that have investigated Mitchell care for?,Who might Mitchell care for Homer's grandsons that have investigated?,syntax,island_effects,complex_NP_island,True,False,False,True,629,-108.27156829833984,-106.43179321289062,0
Who had all fathers of a boy that do disturb Bruce's supervisors distracted?,Who had Bruce's supervisors distracted all fathers of a boy that do disturb?,syntax,island_effects,complex_NP_island,True,False,False,True,630,-114.5588150024414,-116.54342651367188,1
Who would some customer who observes Roger approach?,Who would Roger approach some customer who observes?,syntax,island_effects,complex_NP_island,True,False,False,True,631,-68.06831359863281,-69.02958679199219,1
Who was Jodi's ex-boyfriend who astounded Caroline hurting?,Who was Caroline hurting Jodi's ex-boyfriend who astounded?,syntax,island_effects,complex_NP_island,True,False,False,True,632,-119.78876495361328,-115.13182067871094,0
Who wasn't the guest who approaches Karla helping?,Who wasn't Karla helping the guest who approaches?,syntax,island_effects,complex_NP_island,True,False,False,True,633,-82.53671264648438,-78.43447875976562,0
Who had every lady's piano teachers who shouldn't flee from Daniel stunned?,Who had Daniel stunned every lady's piano teachers who shouldn't flee from?,syntax,island_effects,complex_NP_island,True,False,False,True,634,-100.91620635986328,-104.44108581542969,1
Who hasn't Ellen's mentor who bothered Joel's ex-husband found?,Who hasn't Joel's ex-husband found Ellen's mentor who bothered?,syntax,island_effects,complex_NP_island,True,False,False,True,635,-103.7968521118164,-107.65203857421875,1
Who can't many men who should shock Scott find?,Who can't Scott find many men who should shock?,syntax,island_effects,complex_NP_island,True,False,False,True,636,-72.15959167480469,-67.25076293945312,0
Who is every friend of Julie that wouldn't fire Sally escaping from?,Who is Sally escaping from every friend of Julie that wouldn't fire?,syntax,island_effects,complex_NP_island,True,False,False,True,637,-96.74452209472656,-93.5662841796875,0
Who were all granddaughters of David that criticized all students boasting about?,Who were all students boasting about all granddaughters of David that criticized?,syntax,island_effects,complex_NP_island,True,False,False,True,638,-107.31015014648438,-108.8919677734375,1
Who haven't documentaries that hadn't hurt a lot of pedestrians sounded like?,Who haven't a lot of pedestrians sounded like documentaries that hadn't hurt?,syntax,island_effects,complex_NP_island,True,False,False,True,639,-84.23161315917969,-81.27503967285156,0
Who would most libraries that haven't argued about most drivers' boss irritate?,Who would most drivers' boss irritate most libraries that haven't argued about?,syntax,island_effects,complex_NP_island,True,False,False,True,640,-105.94001770019531,-110.5299072265625,1
Who shouldn't every sister of Frank that noticed all vases bore?,Who shouldn't all vases bore every sister of Frank that noticed?,syntax,island_effects,complex_NP_island,True,False,False,True,641,-102.332763671875,-104.9527587890625,1
Who had Irene's oncologist that was boring boys' sister fled from?,Who had boys' sister fled from Irene's oncologist that was boring?,syntax,island_effects,complex_NP_island,True,False,False,True,642,-114.94793701171875,-109.50798034667969,0
Who had Gregory's hairdressers that have investigated Donald complained about?,Who had Donald complained about Gregory's hairdressers that have investigated?,syntax,island_effects,complex_NP_island,True,False,False,True,643,-109.46525573730469,-108.34858703613281,0
Who had Thomas's senators who haven't respected Liam insulted?,Who had Liam insulted Thomas's senators who haven't respected?,syntax,island_effects,complex_NP_island,True,False,False,True,644,-88.20095825195312,-88.34376525878906,1
Who weren't the girls that helped Keith's plumbers astounding?,Who weren't Keith's plumbers astounding the girls that helped?,syntax,island_effects,complex_NP_island,True,False,False,True,645,-90.31558990478516,-96.15740966796875,1
Who can the guy that wasn't criticizing Maria worry?,Who can Maria worry the guy that wasn't criticizing?,syntax,island_effects,complex_NP_island,True,False,False,True,646,-74.16185760498047,-76.5129165649414,1
Who hadn't Stacey's doctors that are boasting about Suzanne watched?,Who hadn't Suzanne watched Stacey's doctors that are boasting about?,syntax,island_effects,complex_NP_island,True,False,False,True,647,-101.70411682128906,-99.713623046875,0
Who don't these doctors who will dislike Rhonda's sons approach?,Who don't Rhonda's sons approach these doctors who will dislike?,syntax,island_effects,complex_NP_island,True,False,False,True,648,-98.11137390136719,-96.1788330078125,0
Who should most ladies' guest who hadn't investigated Jodi's ex-wives investigate?,Who should Jodi's ex-wives investigate most ladies' guest who hadn't investigated?,syntax,island_effects,complex_NP_island,True,False,False,True,649,-130.70361328125,-133.4896697998047,1
Who was Jill's friend that is bothering Rachel arguing about?,Who was Rachel arguing about Jill's friend that is bothering?,syntax,island_effects,complex_NP_island,True,False,False,True,650,-78.78167724609375,-78.36614990234375,0
Who had those actors who weren't concealing Heidi talked to?,Who had Heidi talked to those actors who weren't concealing?,syntax,island_effects,complex_NP_island,True,False,False,True,651,-83.57632446289062,-81.14657592773438,0
Who hadn't that pedestrian that respects Andrew hidden?,Who hadn't Andrew hidden that pedestrian that respects?,syntax,island_effects,complex_NP_island,True,False,False,True,652,-76.76614379882812,-78.96665954589844,1
Who had an actress who hadn't hurt these mothers of Karla loved?,Who had these mothers of Karla loved an actress who hadn't hurt?,syntax,island_effects,complex_NP_island,True,False,False,True,653,-96.570556640625,-95.51984405517578,0
Who haven't Galileo's sisters who were confusing a lot of mothers of Naomi returned to?,Who haven't a lot of mothers of Naomi returned to Galileo's sisters who were confusing?,syntax,island_effects,complex_NP_island,True,False,False,True,654,-112.16189575195312,-106.6495361328125,0
Who are some girl's senators that shouldn't approach Lisa's ex-wives discovering?,Who are Lisa's ex-wives discovering some girl's senators that shouldn't approach?,syntax,island_effects,complex_NP_island,True,False,False,True,655,-117.05303192138672,-116.53712463378906,0
Who shouldn't most governments that hadn't worried those sisters of Dawn aggravate?,Who shouldn't those sisters of Dawn aggravate most governments that hadn't worried?,syntax,island_effects,complex_NP_island,True,False,False,True,656,-111.08794403076172,-112.01074981689453,1
Who should Thomas's classmates that couldn't astound Sarah talk about?,Who should Sarah talk about Thomas's classmates that couldn't astound?,syntax,island_effects,complex_NP_island,True,False,False,True,657,-95.84706115722656,-92.44886779785156,0
Who are Nina's students who had confused Tammy's sons referencing?,Who are Tammy's sons referencing Nina's students who had confused?,syntax,island_effects,complex_NP_island,True,False,False,True,658,-95.43663024902344,-93.48190307617188,0
Who have many shows about travel that have hurt all ladies disagreed with?,Who have all ladies disagreed with many shows about travel that have hurt?,syntax,island_effects,complex_NP_island,True,False,False,True,659,-93.66172790527344,-90.77365112304688,0
Who had Rachelle's nephews that fired Jessica hated?,Who had Jessica hated Rachelle's nephews that fired?,syntax,island_effects,complex_NP_island,True,False,False,True,660,-90.0250244140625,-89.13677978515625,0
What haven't those cashiers that have complained about cashiers found?,What haven't cashiers found those cashiers that have complained about?,syntax,island_effects,complex_NP_island,True,False,False,True,661,-89.66027069091797,-90.95337677001953,1
Who would a bird that found Marla find?,Who would Marla find a bird that found?,syntax,island_effects,complex_NP_island,True,False,False,True,662,-66.9424057006836,-64.57564544677734,0
Who was Melissa's sister that discussed Eva astounding?,Who was Eva astounding Melissa's sister that discussed?,syntax,island_effects,complex_NP_island,True,False,False,True,663,-77.64993286132812,-76.75962829589844,0
Who wasn't Becky's niece who helped Rebecca impressing?,Who wasn't Rebecca impressing Becky's niece who helped?,syntax,island_effects,complex_NP_island,True,False,False,True,664,-86.93608093261719,-90.27847290039062,1
What didn't some man's dentists who hadn't praised Carrie insult?,What didn't Carrie insult some man's dentists who hadn't praised?,syntax,island_effects,complex_NP_island,True,False,False,True,665,-96.1850814819336,-95.55384826660156,0
Who might the banks that were firing the Clintons annoy?,Who might the Clintons annoy the banks that were firing?,syntax,island_effects,complex_NP_island,True,False,False,True,666,-80.0908432006836,-79.96280670166016,0
Who would that senator that would love some nephews of Ruth distract?,Who would some nephews of Ruth distract that senator that would love?,syntax,island_effects,complex_NP_island,True,False,False,True,667,-95.9795913696289,-91.43722534179688,0
Who are David's colleagues who have complained about some sisters of Florence working with?,Who are some sisters of Florence working with David's colleagues who have complained about?,syntax,island_effects,complex_NP_island,True,False,False,True,668,-98.84834289550781,-93.56687927246094,0
Who would Carolyn's ex-husband who hasn't escaped from the Borgias attack?,Who would the Borgias attack Carolyn's ex-husband who hasn't escaped from?,syntax,island_effects,complex_NP_island,True,False,False,True,669,-113.09469604492188,-117.86571502685547,1
Who hasn't every nephew of Thomas who hadn't irritated some library worked with?,Who hasn't some library worked with every nephew of Thomas who hadn't irritated?,syntax,island_effects,complex_NP_island,True,False,False,True,670,-109.25173950195312,-105.66743469238281,0
What can't some actors that are admiring this guy's podiatrist talk about?,What can't this guy's podiatrist talk about some actors that are admiring?,syntax,island_effects,complex_NP_island,True,False,False,True,671,-117.39082336425781,-114.04302978515625,0
What isn't Emily's handyman who noticed Jane curing?,What isn't Jane curing Emily's handyman who noticed?,syntax,island_effects,complex_NP_island,True,False,False,True,672,-91.73092651367188,-89.73695373535156,0
Who wouldn't a guest who should impress Claire conceal?,Who wouldn't Claire conceal a guest who should impress?,syntax,island_effects,complex_NP_island,True,False,False,True,673,-73.1834945678711,-74.3734130859375,1
Who had the girls who couldn't admire Laurie revealed?,Who had Laurie revealed the girls who couldn't admire?,syntax,island_effects,complex_NP_island,True,False,False,True,674,-66.04346466064453,-65.36375427246094,0
Who wasn't Leslie's grandfather who hasn't hurt this boy criticizing?,Who wasn't this boy criticizing Leslie's grandfather who hasn't hurt?,syntax,island_effects,complex_NP_island,True,False,False,True,675,-91.80813598632812,-87.4859390258789,0
What shouldn't Richard's senator that respects Rachel's granddaughters think about?,What shouldn't Rachel's granddaughters think about Richard's senator that respects?,syntax,island_effects,complex_NP_island,True,False,False,True,676,-114.88098907470703,-112.2674789428711,0
Who wouldn't a lot of teenagers who have attacked some person's colleague hire?,Who wouldn't some person's colleague hire a lot of teenagers who have attacked?,syntax,island_effects,complex_NP_island,True,False,False,True,677,-86.00972747802734,-86.20864868164062,1
Who do Rebecca's daughters who liked Patricia's bosses complain about?,Who do Patricia's bosses complain about Rebecca's daughters who liked?,syntax,island_effects,complex_NP_island,True,False,False,True,678,-96.77362060546875,-95.76301574707031,0
Who hadn't some woman that saw Colleen noticed?,Who hadn't Colleen noticed some woman that saw?,syntax,island_effects,complex_NP_island,True,False,False,True,679,-77.69515228271484,-77.89239501953125,1
Who haven't Cynthia's daughters who aren't referencing Tara's nephews remembered?,Who haven't Tara's nephews remembered Cynthia's daughters who aren't referencing?,syntax,island_effects,complex_NP_island,True,False,False,True,680,-108.04963684082031,-107.81178283691406,0
Who wouldn't Christine's bosses who weren't noticing many committees fire?,Who wouldn't many committees fire Christine's bosses who weren't noticing?,syntax,island_effects,complex_NP_island,True,False,False,True,681,-95.09432983398438,-97.27507019042969,1
Who might most universities that had worked with Lissa upset?,Who might Lissa upset most universities that had worked with?,syntax,island_effects,complex_NP_island,True,False,False,True,682,-80.75220489501953,-83.85413360595703,1
Who was that girl who scares Phillip's sister listening to?,Who was Phillip's sister listening to that girl who scares?,syntax,island_effects,complex_NP_island,True,False,False,True,683,-79.55647277832031,-81.365478515625,1
Who hadn't Marcus's nieces that impressed Dan complained about?,Who hadn't Dan complained about Marcus's nieces that impressed?,syntax,island_effects,complex_NP_island,True,False,False,True,684,-100.68167877197266,-96.90867614746094,0
Who weren't those friends of Matt that insulted the nephews of Sally curing?,Who weren't the nephews of Sally curing those friends of Matt that insulted?,syntax,island_effects,complex_NP_island,True,False,False,True,685,-117.21935272216797,-113.98299407958984,0
Who isn't Galileo's best friend that hasn't embarrassed a boy firing?,Who isn't a boy firing Galileo's best friend that hasn't embarrassed?,syntax,island_effects,complex_NP_island,True,False,False,True,686,-93.24147033691406,-90.57637786865234,0
Who weren't Anne's partners that will conceal Lawrence's classmates curing?,Who weren't Lawrence's classmates curing Anne's partners that will conceal?,syntax,island_effects,complex_NP_island,True,False,False,True,687,-105.89289093017578,-105.46299743652344,0
What shouldn't some girl that has argued about these students argue about?,What shouldn't these students argue about some girl that has argued about?,syntax,island_effects,complex_NP_island,True,False,False,True,688,-77.96571350097656,-81.73936462402344,1
Who was Todd's dermatologist that was healing Daniel irritating?,Who was Daniel irritating Todd's dermatologist that was healing?,syntax,island_effects,complex_NP_island,True,False,False,True,689,-92.16780853271484,-88.9134292602539,0
Who did this child that will hide some senator hurt?,Who did some senator hurt this child that will hide?,syntax,island_effects,complex_NP_island,True,False,False,True,690,-73.39697265625,-75.19036102294922,1
Who had Carolyn's ex-boyfriends that had bothered Stacy respected?,Who had Stacy respected Carolyn's ex-boyfriends that had bothered?,syntax,island_effects,complex_NP_island,True,False,False,True,691,-112.08097839355469,-111.97830200195312,0
Who has Amy's granddaughter that bored Bethany impressed?,Who has Bethany impressed Amy's granddaughter that bored?,syntax,island_effects,complex_NP_island,True,False,False,True,692,-91.48393249511719,-88.13809967041016,0
What had that adult's grandfather that is boasting about Samuel disliked?,What had Samuel disliked that adult's grandfather that is boasting about?,syntax,island_effects,complex_NP_island,True,False,False,True,693,-98.0755844116211,-96.94578552246094,0
Who had most women that noticed these adults upset?,Who had these adults upset most women that noticed?,syntax,island_effects,complex_NP_island,True,False,False,True,694,-64.3401107788086,-68.89280700683594,1
Who hasn't some student that had irritated Steve's contractor aggravated?,Who hasn't Steve's contractor aggravated some student that had irritated?,syntax,island_effects,complex_NP_island,True,False,False,True,695,-96.91492462158203,-97.05899047851562,1
Who had this grandmother of Barbara that isn't talking to Monica noticed?,Who had Monica noticed this grandmother of Barbara that isn't talking to?,syntax,island_effects,complex_NP_island,True,False,False,True,696,-94.83442687988281,-91.68549346923828,0
Who might Kathleen's associate that disturbed Carl leave?,Who might Carl leave Kathleen's associate that disturbed?,syntax,island_effects,complex_NP_island,True,False,False,True,697,-85.2115249633789,-84.5960464477539,0
Who isn't Liam's mentee who respects Lisa curing?,Who isn't Lisa curing Liam's mentee who respects?,syntax,island_effects,complex_NP_island,True,False,False,True,698,-92.04136657714844,-91.72052764892578,0
Who has Renee's hairdresser that hasn't concealed this dancer upset?,Who has this dancer upset Renee's hairdresser that hasn't concealed?,syntax,island_effects,complex_NP_island,True,False,False,True,699,-117.20924377441406,-118.69984436035156,1
Who had Alan's doctor who hadn't disturbed Christopher aggravated?,Who had Christopher aggravated Alan's doctor who hadn't disturbed?,syntax,island_effects,complex_NP_island,True,False,False,True,700,-87.19571685791016,-85.27583312988281,0
Who weren't Douglas's sisters that hadn't found the windows alarming?,Who weren't the windows alarming Douglas's sisters that hadn't found?,syntax,island_effects,complex_NP_island,True,False,False,True,701,-91.16423034667969,-94.81167602539062,1
Who isn't some cousin of Sonia who likes Paula's friend scaring?,Who isn't Paula's friend scaring some cousin of Sonia who likes?,syntax,island_effects,complex_NP_island,True,False,False,True,702,-106.96424865722656,-105.57577514648438,0
Who hadn't Ella's electricians who concealed many waiters' doctor thought about?,Who hadn't many waiters' doctor thought about Ella's electricians who concealed?,syntax,island_effects,complex_NP_island,True,False,False,True,703,-125.25249481201172,-122.30286407470703,0
Who can't Naomi's grandsons who hadn't disgusted Omar's teachers flee from?,Who can't Omar's teachers flee from Naomi's grandsons who hadn't disgusted?,syntax,island_effects,complex_NP_island,True,False,False,True,704,-131.13201904296875,-127.92042541503906,0
Who aren't Suzanne's mentors who bored the Impressionists attacking?,Who aren't the Impressionists attacking Suzanne's mentors who bored?,syntax,island_effects,complex_NP_island,True,False,False,True,705,-107.54049682617188,-102.81194305419922,0
Who might those grandmothers of Randolf that could upset Margaret complain about?,Who might Margaret complain about those grandmothers of Randolf that could upset?,syntax,island_effects,complex_NP_island,True,False,False,True,706,-115.29720306396484,-110.84657287597656,0
Who are some people who weren't kissing most teenagers listening to?,Who are most teenagers listening to some people who weren't kissing?,syntax,island_effects,complex_NP_island,True,False,False,True,707,-75.74139404296875,-71.05903625488281,0
Who should Julie's hairdressers who were fleeing from Robert disturb?,Who should Robert disturb Julie's hairdressers who were fleeing from?,syntax,island_effects,complex_NP_island,True,False,False,True,708,-104.77900695800781,-114.04092407226562,1
Who hadn't Meredith's senators that were disgusting Catherine concealed?,Who hadn't Catherine concealed Meredith's senators that were disgusting?,syntax,island_effects,complex_NP_island,True,False,False,True,709,-104.4358901977539,-100.52076721191406,0
Who did Becca's classmate that forgot every movie about the Lutherans irritate?,Who did every movie about the Lutherans irritate Becca's classmate that forgot?,syntax,island_effects,complex_NP_island,True,False,False,True,710,-122.85157775878906,-126.46646118164062,1
Who haven't many sons of Bradley that had returned to Cindy's handymen confused?,Who haven't Cindy's handymen confused many sons of Bradley that had returned to?,syntax,island_effects,complex_NP_island,True,False,False,True,711,-121.99410247802734,-124.20677185058594,1
Who has some son of James that didn't leave Keith disturbed?,Who has Keith disturbed some son of James that didn't leave?,syntax,island_effects,complex_NP_island,True,False,False,True,712,-85.3739013671875,-86.04118347167969,1
Who hadn't Sheila's dentist that hasn't hired Ronald admired?,Who hadn't Ronald admired Sheila's dentist that hasn't hired?,syntax,island_effects,complex_NP_island,True,False,False,True,713,-95.75472259521484,-95.34169006347656,0
Who do Edward's friends that astounded some teachers argue about?,Who do some teachers argue about Edward's friends that astounded?,syntax,island_effects,complex_NP_island,True,False,False,True,714,-94.51384735107422,-90.70283508300781,0
Who will Rachel's piano teacher that has left Bruce return to?,Who will Bruce return to Rachel's piano teacher that has left?,syntax,island_effects,complex_NP_island,True,False,False,True,715,-86.86681365966797,-85.14266967773438,0
What should a sister of Renee that shouldn't escape from the girl's mother disagree with?,What should the girl's mother disagree with a sister of Renee that shouldn't escape from?,syntax,island_effects,complex_NP_island,True,False,False,True,716,-109.65608978271484,-109.43270874023438,0
Who won't Stacy's supervisor who is hiding Jennifer hate?,Who won't Jennifer hate Stacy's supervisor who is hiding?,syntax,island_effects,complex_NP_island,True,False,False,True,717,-88.27467346191406,-88.43021392822266,1
Who shouldn't every teacher that isn't annoying Alice annoy?,Who shouldn't Alice annoy every teacher that isn't annoying?,syntax,island_effects,complex_NP_island,True,False,False,True,718,-81.74933624267578,-79.59178161621094,0
Who hadn't a senator who complained about some grandmothers of many actresses upset?,Who hadn't some grandmothers of many actresses upset a senator who complained about?,syntax,island_effects,complex_NP_island,True,False,False,True,719,-102.8436508178711,-106.17998504638672,1
Who has that waitress who admired Dana's grandfather listened to?,Who has Dana's grandfather listened to that waitress who admired?,syntax,island_effects,complex_NP_island,True,False,False,True,720,-86.23588562011719,-86.85973358154297,1
Who couldn't every waitress that cared for Jeffrey's girlfriend find?,Who couldn't Jeffrey's girlfriend find every waitress that cared for?,syntax,island_effects,complex_NP_island,True,False,False,True,721,-92.05699157714844,-91.83403015136719,0
Who haven't Cheryl's associates that aren't talking to Caroline's grandmothers cured?,Who haven't Caroline's grandmothers cured Cheryl's associates that aren't talking to?,syntax,island_effects,complex_NP_island,True,False,False,True,722,-109.72638702392578,-110.37342834472656,1
What should Angela's supervisors that are hiding Laurie's supervisors return to?,What should Laurie's supervisors return to Angela's supervisors that are hiding?,syntax,island_effects,complex_NP_island,True,False,False,True,723,-102.85794067382812,-101.08772277832031,0
Who hasn't the daughter of the teacher that was returning to the student watched?,Who hasn't the student watched the daughter of the teacher that was returning to?,syntax,island_effects,complex_NP_island,True,False,False,True,724,-82.219970703125,-83.58078002929688,1
Who haven't Cynthia's grandsons who weren't praising all girls alarmed?,Who haven't all girls alarmed Cynthia's grandsons who weren't praising?,syntax,island_effects,complex_NP_island,True,False,False,True,725,-113.67890167236328,-114.17292785644531,1
What isn't Janice's ex-boyfriend who doesn't argue about Carrie appreciating?,What isn't Carrie appreciating Janice's ex-boyfriend who doesn't argue about?,syntax,island_effects,complex_NP_island,True,False,False,True,726,-119.82150268554688,-123.06791687011719,1
What are many nephews of a senator that hadn't appreciated these nieces of Denise returning to?,What are these nieces of Denise returning to many nephews of a senator that hadn't appreciated?,syntax,island_effects,complex_NP_island,True,False,False,True,727,-134.261474609375,-132.1685791015625,0
Who doesn't Sonia's oncologist that thinks about Brad worry?,Who doesn't Brad worry Sonia's oncologist that thinks about?,syntax,island_effects,complex_NP_island,True,False,False,True,728,-94.50521850585938,-97.70146179199219,1
Who hadn't Cheryl's piano teachers who could dislike Veronica irritated?,Who hadn't Veronica irritated Cheryl's piano teachers who could dislike?,syntax,island_effects,complex_NP_island,True,False,False,True,729,-101.57671356201172,-99.43926239013672,0
What won't Heather's senators that weren't curing some actress discover?,What won't some actress discover Heather's senators that weren't curing?,syntax,island_effects,complex_NP_island,True,False,False,True,730,-102.91494750976562,-103.15621185302734,1
Who shouldn't Tracy's supervisor that can't irritate Tina investigate?,Who shouldn't Tina investigate Tracy's supervisor that can't irritate?,syntax,island_effects,complex_NP_island,True,False,False,True,731,-99.88993072509766,-96.17045593261719,0
What had a lot of cousins of Derek who do respect Amy respected?,What had Amy respected a lot of cousins of Derek who do respect?,syntax,island_effects,complex_NP_island,True,False,False,True,732,-93.20183563232422,-92.50662994384766,0
Who doesn't Lawrence's contractor who can embarrass every driver boast about?,Who doesn't every driver boast about Lawrence's contractor who can embarrass?,syntax,island_effects,complex_NP_island,True,False,False,True,733,-95.45632934570312,-92.95172882080078,0
Who is Margaret's dentist that will irritate Matt listening to?,Who is Matt listening to Margaret's dentist that will irritate?,syntax,island_effects,complex_NP_island,True,False,False,True,734,-86.31645202636719,-82.41007232666016,0
Who haven't senators who won't disturb a lot of teenagers alarmed?,Who haven't a lot of teenagers alarmed senators who won't disturb?,syntax,island_effects,complex_NP_island,True,False,False,True,735,-84.77632141113281,-83.85041809082031,0
Who hasn't a child's friend that insulted Melissa respected?,Who hasn't Melissa respected a child's friend that insulted?,syntax,island_effects,complex_NP_island,True,False,False,True,736,-81.05569458007812,-80.11894989013672,0
Who weren't Brenda's mothers who are upsetting all students questioning?,Who weren't all students questioning Brenda's mothers who are upsetting?,syntax,island_effects,complex_NP_island,True,False,False,True,737,-90.34872436523438,-88.61289978027344,0
Who don't Mary's grandsons that sounded like the students complain about?,Who don't the students complain about Mary's grandsons that sounded like?,syntax,island_effects,complex_NP_island,True,False,False,True,738,-94.83802795410156,-96.43415832519531,1
Who has Christine's grandfather that will disturb Stacy observed?,Who has Stacy observed Christine's grandfather that will disturb?,syntax,island_effects,complex_NP_island,True,False,False,True,739,-85.39189147949219,-85.77140045166016,1
Who had the nephew of Galileo that doesn't talk to a brother of some girls discovered?,Who had a brother of some girls discovered the nephew of Galileo that doesn't talk to?,syntax,island_effects,complex_NP_island,True,False,False,True,740,-103.93022155761719,-102.36677551269531,0
Who were ladies that hadn't found Kendra's colleagues upsetting?,Who were Kendra's colleagues upsetting ladies that hadn't found?,syntax,island_effects,complex_NP_island,True,False,False,True,741,-92.4300308227539,-92.85873413085938,1
Who aren't every guest's oncologists who might argue about granddaughters of this driver escaping from?,Who aren't granddaughters of this driver escaping from every guest's oncologists who might argue about?,syntax,island_effects,complex_NP_island,True,False,False,True,742,-148.34901428222656,-148.3489990234375,0
Who can't Kirsten's colleague who wasn't shocking Jessica's granddaughters insult?,Who can't Jessica's granddaughters insult Kirsten's colleague who wasn't shocking?,syntax,island_effects,complex_NP_island,True,False,False,True,743,-127.14122009277344,-124.56407165527344,0
Who shouldn't Steven's ex-husbands who had worked with Noah sound like?,Who shouldn't Noah sound like Steven's ex-husbands who had worked with?,syntax,island_effects,complex_NP_island,True,False,False,True,744,-114.85017395019531,-116.58194732666016,1
Who is the dancer that kisses Clyde upsetting?,Who is Clyde upsetting the dancer that kisses?,syntax,island_effects,complex_NP_island,True,False,False,True,745,-70.5542221069336,-67.60762023925781,0
Who did this father of Ruth who has concealed Anna's French teachers fire?,Who did Anna's French teachers fire this father of Ruth who has concealed?,syntax,island_effects,complex_NP_island,True,False,False,True,746,-105.4035873413086,-109.48490905761719,1
Who aren't Jerry's partners that would argue about a lot of boys visiting?,Who aren't a lot of boys visiting Jerry's partners that would argue about?,syntax,island_effects,complex_NP_island,True,False,False,True,747,-91.5858154296875,-87.9556884765625,0
Who wasn't an adult's dermatologist who returned to Daniel finding?,Who wasn't Daniel finding an adult's dermatologist who returned to?,syntax,island_effects,complex_NP_island,True,False,False,True,748,-90.64054870605469,-91.33794403076172,1
Who weren't Jane's piano teachers who knew some nieces of the boy observing?,Who weren't some nieces of the boy observing Jane's piano teachers who knew?,syntax,island_effects,complex_NP_island,True,False,False,True,749,-120.97106170654297,-118.13909912109375,0
Who can't every library that listened to Heidi alarm?,Who can't Heidi alarm every library that listened to?,syntax,island_effects,complex_NP_island,True,False,False,True,750,-75.8130874633789,-77.94380187988281,1
Who hasn't every nephew of Joseph who wasn't describing Omar remembered?,Who hasn't Omar remembered every nephew of Joseph who wasn't describing?,syntax,island_effects,complex_NP_island,True,False,False,True,751,-97.46981048583984,-98.43070983886719,1
Who aren't those sons of Margaret that hadn't aggravated Donald's brothers fleeing from?,Who aren't Donald's brothers fleeing from those sons of Margaret that hadn't aggravated?,syntax,island_effects,complex_NP_island,True,False,False,True,752,-116.9908676147461,-114.57473754882812,0
Who are all daughters of Lisa that weren't impressing some teenager's nephews working with?,Who are some teenager's nephews working with all daughters of Lisa that weren't impressing?,syntax,island_effects,complex_NP_island,True,False,False,True,753,-122.62510681152344,-117.6524429321289,0
What hadn't Lisa's grandmothers who hated all mothers of Tanya found?,What hadn't all mothers of Tanya found Lisa's grandmothers who hated?,syntax,island_effects,complex_NP_island,True,False,False,True,754,-109.06531524658203,-106.03788757324219,0
Who had most students who concealed Charles impressed?,Who had Charles impressed most students who concealed?,syntax,island_effects,complex_NP_island,True,False,False,True,755,-64.83511352539062,-67.92703247070312,1
Who wasn't most children's teacher that fired Robert astounding?,Who wasn't Robert astounding most children's teacher that fired?,syntax,island_effects,complex_NP_island,True,False,False,True,756,-87.25702667236328,-87.8257827758789,1
Who has that nephew of Ruth that isn't helping Sabrina's handyman disagreed with?,Who has Sabrina's handyman disagreed with that nephew of Ruth that isn't helping?,syntax,island_effects,complex_NP_island,True,False,False,True,757,-127.90548706054688,-128.58535766601562,1
Who hadn't Florence's employees who hadn't cured Heidi's contractors seen?,Who hadn't Heidi's contractors seen Florence's employees who hadn't cured?,syntax,island_effects,complex_NP_island,True,False,False,True,758,-106.47299194335938,-104.0117416381836,0
What wouldn't Ann's associates that had concealed Joel's husband appreciate?,What wouldn't Joel's husband appreciate Ann's associates that had concealed?,syntax,island_effects,complex_NP_island,True,False,False,True,759,-103.43219757080078,-100.5753402709961,0
Who have senators who remembered the mountains stunned?,Who have the mountains stunned senators who remembered?,syntax,island_effects,complex_NP_island,True,False,False,True,760,-65.30670166015625,-63.82079315185547,0
Who weren't Donna's plumbers that are disgusting those grandmothers of Ruth watching?,Who weren't those grandmothers of Ruth watching Donna's plumbers that are disgusting?,syntax,island_effects,complex_NP_island,True,False,False,True,761,-125.12956237792969,-119.82939147949219,0
Who didn't a lot of men who hadn't hugged Samantha insult?,Who didn't Samantha insult a lot of men who hadn't hugged?,syntax,island_effects,complex_NP_island,True,False,False,True,762,-77.17286682128906,-79.0965347290039,1
Who have adults who haven't healed a lot of cousins of every student disliked?,Who have a lot of cousins of every student disliked adults who haven't healed?,syntax,island_effects,complex_NP_island,True,False,False,True,763,-96.26094055175781,-91.47334289550781,0
Who had that dancer's guest that approached Tiffany admired?,Who had Tiffany admired that dancer's guest that approached?,syntax,island_effects,complex_NP_island,True,False,False,True,764,-84.27903747558594,-83.91802978515625,0
Who will that adult that embarrassed Denise complain about?,Who will Denise complain about that adult that embarrassed?,syntax,island_effects,complex_NP_island,True,False,False,True,765,-77.25286865234375,-75.47434997558594,0
Who might Theresa's electricians who weren't arguing about Jodi bore?,Who might Jodi bore Theresa's electricians who weren't arguing about?,syntax,island_effects,complex_NP_island,True,False,False,True,766,-110.03536987304688,-112.50416564941406,1
Who did the son of Paul who is questioning Holly complain about?,Who did Holly complain about the son of Paul who is questioning?,syntax,island_effects,complex_NP_island,True,False,False,True,767,-81.2533950805664,-78.08293151855469,0
Who is Carolyn's hairdresser who questions April appreciating?,Who is April appreciating Carolyn's hairdresser who questions?,syntax,island_effects,complex_NP_island,True,False,False,True,768,-101.60017395019531,-102.09919738769531,1
What could Jill's best friends who visited Bill like?,What could Bill like Jill's best friends who visited?,syntax,island_effects,complex_NP_island,True,False,False,True,769,-71.76458740234375,-72.01051330566406,1
Who couldn't Amy's mentee that didn't watch Jeffrey reference?,Who couldn't Jeffrey reference Amy's mentee that didn't watch?,syntax,island_effects,complex_NP_island,True,False,False,True,770,-91.56891632080078,-94.84574890136719,1
Who aren't many pedestrians who should help Emily's contractors discussing?,Who aren't Emily's contractors discussing many pedestrians who should help?,syntax,island_effects,complex_NP_island,True,False,False,True,771,-90.196044921875,-88.62916564941406,0
Who hadn't most teachers that praised a driver respected?,Who hadn't a driver respected most teachers that praised?,syntax,island_effects,complex_NP_island,True,False,False,True,772,-77.02459716796875,-76.39114379882812,0
Who wasn't Tanya's contractor who shouldn't visit this actor fleeing from?,Who wasn't this actor fleeing from Tanya's contractor who shouldn't visit?,syntax,island_effects,complex_NP_island,True,False,False,True,773,-101.59318542480469,-98.70126342773438,0
Who doesn't that sister of Winston Churchill who described a dancer listen to?,Who doesn't a dancer listen to that sister of Winston Churchill who described?,syntax,island_effects,complex_NP_island,True,False,False,True,774,-95.9654541015625,-98.19126892089844,1
Who should most waitresses that aren't talking to Gerald's grandmothers work with?,Who should Gerald's grandmothers work with most waitresses that aren't talking to?,syntax,island_effects,complex_NP_island,True,False,False,True,775,-109.29119873046875,-106.45030212402344,0
Who was Aaron's nephew that fires a guest escaping from?,Who was a guest escaping from Aaron's nephew that fires?,syntax,island_effects,complex_NP_island,True,False,False,True,776,-86.6502456665039,-77.44387817382812,0
Who will Tanya's grandsons who are concealing Marcus's supervisor insult?,Who will Marcus's supervisor insult Tanya's grandsons who are concealing?,syntax,island_effects,complex_NP_island,True,False,False,True,777,-126.26142883300781,-124.92921447753906,0
Who does Gerald's spouse that praised Andrea aggravate?,Who does Andrea aggravate Gerald's spouse that praised?,syntax,island_effects,complex_NP_island,True,False,False,True,778,-85.25953674316406,-88.32852172851562,1
Who should a man's contractors who admired Catherine fire?,Who should Catherine fire a man's contractors who admired?,syntax,island_effects,complex_NP_island,True,False,False,True,779,-76.51982116699219,-80.38088989257812,1
What wasn't this child who shouldn't sound like Lucille finding?,What wasn't Lucille finding this child who shouldn't sound like?,syntax,island_effects,complex_NP_island,True,False,False,True,780,-84.42093658447266,-84.5626220703125,1
Who is Karen's girlfriend who disturbed every driver disgusting?,Who is every driver disgusting Karen's girlfriend who disturbed?,syntax,island_effects,complex_NP_island,True,False,False,True,781,-82.50149536132812,-84.09974670410156,1
Who would a pedestrian who shouldn't admire most grandmothers of Russell bother?,Who would most grandmothers of Russell bother a pedestrian who shouldn't admire?,syntax,island_effects,complex_NP_island,True,False,False,True,782,-107.39633178710938,-103.44583129882812,0
Who can all actors who fled from Candice describe?,Who can Candice describe all actors who fled from?,syntax,island_effects,complex_NP_island,True,False,False,True,783,-76.14096069335938,-77.6507797241211,1
Who was that nephew of Diana that didn't work with Elaine visiting?,Who was Elaine visiting that nephew of Diana that didn't work with?,syntax,island_effects,complex_NP_island,True,False,False,True,784,-89.83436584472656,-91.87077331542969,1
Who didn't the child's cousin that upset those hospitals reference?,Who didn't those hospitals reference the child's cousin that upset?,syntax,island_effects,complex_NP_island,True,False,False,True,785,-88.18919372558594,-88.6660385131836,1
Who aren't most doctors who hadn't complained about most daughters of Lissa approaching?,Who aren't most daughters of Lissa approaching most doctors who hadn't complained about?,syntax,island_effects,complex_NP_island,True,False,False,True,786,-109.522705078125,-107.89633178710938,0
Who wasn't these guests' partner who hasn't attacked Elizabeth boasting about?,Who wasn't Elizabeth boasting about these guests' partner who hasn't attacked?,syntax,island_effects,complex_NP_island,True,False,False,True,787,-103.3385238647461,-101.06767272949219,0
Who will Sherry's grandmother who hid Samuel's grandmother worry?,Who will Samuel's grandmother worry Sherry's grandmother who hid?,syntax,island_effects,complex_NP_island,True,False,False,True,788,-91.61260986328125,-95.56059265136719,1
Who did Kristen's ex-boyfriends who discussed a newspaper article about music astound?,Who did a newspaper article about music astound Kristen's ex-boyfriends who discussed?,syntax,island_effects,complex_NP_island,True,False,False,True,789,-131.51446533203125,-127.35530090332031,0
Who had Nina's lawyer that won't appreciate every waiter bored?,Who had every waiter bored Nina's lawyer that won't appreciate?,syntax,island_effects,complex_NP_island,True,False,False,True,790,-91.73347473144531,-93.20777893066406,1
Who hadn't Margaret's sister who helped Naomi annoyed?,Who hadn't Naomi annoyed Margaret's sister who helped?,syntax,island_effects,complex_NP_island,True,False,False,True,791,-75.77200317382812,-78.76084899902344,1
Who will Angela's piano teacher that helped Christopher reveal?,Who will Christopher reveal Angela's piano teacher that helped?,syntax,island_effects,complex_NP_island,True,False,False,True,792,-85.22491455078125,-87.94296264648438,1
Who had this child's podiatrist who doesn't impress Alan noticed?,Who had Alan noticed this child's podiatrist who doesn't impress?,syntax,island_effects,complex_NP_island,True,False,False,True,793,-106.80766296386719,-104.31233215332031,0
Who are the child's dermatologists that can't describe some people shocking?,Who are some people shocking the child's dermatologists that can't describe?,syntax,island_effects,complex_NP_island,True,False,False,True,794,-87.82112121582031,-89.74823760986328,1
Who can't Anne's partners who didn't astound Janice's senator like?,Who can't Janice's senator like Anne's partners who didn't astound?,syntax,island_effects,complex_NP_island,True,False,False,True,795,-111.21590423583984,-105.5994873046875,0
Who aren't Nicole's ex-wives who won't hide many libraries irritating?,Who aren't many libraries irritating Nicole's ex-wives who won't hide?,syntax,island_effects,complex_NP_island,True,False,False,True,796,-109.73200988769531,-108.61907958984375,0
Who aren't Sharon's hairdressers who had discussed Becky's mentors concealing?,Who aren't Becky's mentors concealing Sharon's hairdressers who had discussed?,syntax,island_effects,complex_NP_island,True,False,False,True,797,-132.0343017578125,-131.16165161132812,0
What had Carlos's lawyer who reveals Pamela thought about?,What had Pamela thought about Carlos's lawyer who reveals?,syntax,island_effects,complex_NP_island,True,False,False,True,798,-77.61325073242188,-75.72197723388672,0
What aren't Clyde's classmates who were escaping from those doctors noticing?,What aren't those doctors noticing Clyde's classmates who were escaping from?,syntax,island_effects,complex_NP_island,True,False,False,True,799,-97.64144897460938,-100.03573608398438,1
Who had a lot of drivers' teacher that did notice Linda watched?,Who had Linda watched a lot of drivers' teacher that did notice?,syntax,island_effects,complex_NP_island,True,False,False,True,800,-86.68932342529297,-86.33146667480469,0
Who aren't Theresa's contractors that couldn't aggravate Deborah's sisters disagreeing with?,Who aren't Deborah's sisters disagreeing with Theresa's contractors that couldn't aggravate?,syntax,island_effects,complex_NP_island,True,False,False,True,801,-129.64990234375,-126.93255615234375,0
Who do that guy's best friends who were praising most waiters criticize?,Who do most waiters criticize that guy's best friends who were praising?,syntax,island_effects,complex_NP_island,True,False,False,True,802,-103.12779235839844,-102.65663146972656,0
Who have these doctors who hadn't disturbed Roger's lawyers irritated?,Who have Roger's lawyers irritated these doctors who hadn't disturbed?,syntax,island_effects,complex_NP_island,True,False,False,True,803,-89.70213317871094,-87.9982681274414,0
Who will April's fathers that didn't disgust Renee leave?,Who will Renee leave April's fathers that didn't disgust?,syntax,island_effects,complex_NP_island,True,False,False,True,804,-97.151123046875,-93.16938018798828,0
Who couldn't all waitresses' doctors who aren't scaring Carlos listen to?,Who couldn't Carlos listen to all waitresses' doctors who aren't scaring?,syntax,island_effects,complex_NP_island,True,False,False,True,805,-108.9608154296875,-109.87163543701172,1
Who are a lot of waiters that hadn't bothered the Lutherans helping?,Who are the Lutherans helping a lot of waiters that hadn't bothered?,syntax,island_effects,complex_NP_island,True,False,False,True,806,-97.07352447509766,-96.63909149169922,0
Who aren't most doctors' ex-wives that liked some blouses disturbing?,Who aren't some blouses disturbing most doctors' ex-wives that liked?,syntax,island_effects,complex_NP_island,True,False,False,True,807,-113.88530731201172,-117.52289581298828,1
Who have these grandfathers of some doctor that aren't revealing photographs upset?,Who have photographs upset these grandfathers of some doctor that aren't revealing?,syntax,island_effects,complex_NP_island,True,False,False,True,808,-102.01750946044922,-103.66812133789062,1
Who were Larry's oncologists who hadn't revealed Stacy's fathers attacking?,Who were Stacy's fathers attacking Larry's oncologists who hadn't revealed?,syntax,island_effects,complex_NP_island,True,False,False,True,809,-117.79769897460938,-115.20610809326172,0
Who have some senator's partners that criticized nieces of teachers argued about?,Who have nieces of teachers argued about some senator's partners that criticized?,syntax,island_effects,complex_NP_island,True,False,False,True,810,-119.5326919555664,-119.15451049804688,0
Who weren't Kathleen's French teachers who are curing Lucille's grandsons observing?,Who weren't Lucille's grandsons observing Kathleen's French teachers who are curing?,syntax,island_effects,complex_NP_island,True,False,False,True,811,-136.86209106445312,-135.17361450195312,0
Who are the Borgias' handymen who hadn't admired that waiter's nephews firing?,Who are that waiter's nephews firing the Borgias' handymen who hadn't admired?,syntax,island_effects,complex_NP_island,True,False,False,True,812,-137.2257537841797,-136.38687133789062,0
What can a lot of people's grandfathers that will discuss Bruce argue about?,What can Bruce argue about a lot of people's grandfathers that will discuss?,syntax,island_effects,complex_NP_island,True,False,False,True,813,-92.59554290771484,-88.99161529541016,0
Who isn't a daughter of Jane that shouldn't disturb Sarah investigating?,Who isn't Sarah investigating a daughter of Jane that shouldn't disturb?,syntax,island_effects,complex_NP_island,True,False,False,True,814,-90.61915588378906,-91.86536407470703,1
Who shouldn't those students who couldn't know Jill's bosses remember?,Who shouldn't Jill's bosses remember those students who couldn't know?,syntax,island_effects,complex_NP_island,True,False,False,True,815,-82.4486083984375,-82.05203247070312,0
Who has Rose's French teacher that could aggravate Andrea talked to?,Who has Andrea talked to Rose's French teacher that could aggravate?,syntax,island_effects,complex_NP_island,True,False,False,True,816,-94.26311492919922,-92.54672241210938,0
Who were some girls who bored Janet's grandsons questioning?,Who were Janet's grandsons questioning some girls who bored?,syntax,island_effects,complex_NP_island,True,False,False,True,817,-98.52290344238281,-98.74540710449219,1
Who aren't Scott's contractors that had confused April's fathers impressing?,Who aren't April's fathers impressing Scott's contractors that had confused?,syntax,island_effects,complex_NP_island,True,False,False,True,818,-111.71309661865234,-111.58869934082031,0
Who do Nancy's grandfathers that were hiring those customers return to?,Who do those customers return to Nancy's grandfathers that were hiring?,syntax,island_effects,complex_NP_island,True,False,False,True,819,-96.52255249023438,-91.96359252929688,0
Who can't some woman who discovered Thomas's best friends complain about?,Who can't Thomas's best friends complain about some woman who discovered?,syntax,island_effects,complex_NP_island,True,False,False,True,820,-84.95909881591797,-83.45393371582031,0
Who isn't Julia's boyfriend that sees the bread disgusting?,Who isn't the bread disgusting Julia's boyfriend that sees?,syntax,island_effects,complex_NP_island,True,False,False,True,821,-82.00096130371094,-83.76704406738281,1
Who could John's boss who hugs Laurie discover?,Who could Laurie discover John's boss who hugs?,syntax,island_effects,complex_NP_island,True,False,False,True,822,-76.96675109863281,-75.05741882324219,0
Who hadn't the actress that would stun these teenagers concealed?,Who hadn't these teenagers concealed the actress that would stun?,syntax,island_effects,complex_NP_island,True,False,False,True,823,-87.80595397949219,-87.11711120605469,0
Who aren't the friends of Teresa who hadn't boasted about Sandra's sisters shocking?,Who aren't Sandra's sisters shocking the friends of Teresa who hadn't boasted about?,syntax,island_effects,complex_NP_island,True,False,False,True,824,-114.23039245605469,-114.90021514892578,1
Who had these adults that disagreed with these pedestrians attacked?,Who had these pedestrians attacked these adults that disagreed with?,syntax,island_effects,complex_NP_island,True,False,False,True,825,-75.96955871582031,-79.4297866821289,1
Who were most cashiers who investigated George's tutors leaving?,Who were George's tutors leaving most cashiers who investigated?,syntax,island_effects,complex_NP_island,True,False,False,True,826,-95.66069793701172,-97.43043518066406,1
Who haven't Dan's friends that weren't alarming those schools talked to?,Who haven't those schools talked to Dan's friends that weren't alarming?,syntax,island_effects,complex_NP_island,True,False,False,True,827,-97.38072204589844,-93.55780029296875,0
Who shouldn't those sons of Candice who aggravated those girls hug?,Who shouldn't those girls hug those sons of Candice who aggravated?,syntax,island_effects,complex_NP_island,True,False,False,True,828,-99.9509048461914,-99.45449829101562,0
Who is Carmen's podiatrist that will care for Timothy's student observing?,Who is Timothy's student observing Carmen's podiatrist that will care for?,syntax,island_effects,complex_NP_island,True,False,False,True,829,-116.18934631347656,-116.4393310546875,1
Who wouldn't most sisters of Beth that would astound Rachel's tutors talk to?,Who wouldn't Rachel's tutors talk to most sisters of Beth that would astound?,syntax,island_effects,complex_NP_island,True,False,False,True,830,-122.90632629394531,-121.179443359375,0
Who has Holly's brother that loves this man hurt?,Who has this man hurt Holly's brother that loves?,syntax,island_effects,complex_NP_island,True,False,False,True,831,-71.11803436279297,-72.85095977783203,1
Who couldn't Andrea's cousin that cares for Christopher dislike?,Who couldn't Christopher dislike Andrea's cousin that cares for?,syntax,island_effects,complex_NP_island,True,False,False,True,832,-83.73584747314453,-87.21869659423828,1
Who hadn't Jill's electrician that references Dennis's supervisors distracted?,Who hadn't Dennis's supervisors distracted Jill's electrician that references?,syntax,island_effects,complex_NP_island,True,False,False,True,833,-116.10646057128906,-113.9334716796875,0
What aren't most people's podiatrists who complained about Timothy's plumbers fleeing from?,What aren't Timothy's plumbers fleeing from most people's podiatrists who complained about?,syntax,island_effects,complex_NP_island,True,False,False,True,834,-130.7870330810547,-129.457763671875,0
Who weren't Mary's ex-husbands who fired Kenneth's French teachers disgusting?,Who weren't Kenneth's French teachers disgusting Mary's ex-husbands who fired?,syntax,island_effects,complex_NP_island,True,False,False,True,835,-133.42205810546875,-134.11306762695312,1
Who couldn't that daughter of Claire that is annoying every guest fire?,Who couldn't every guest fire that daughter of Claire that is annoying?,syntax,island_effects,complex_NP_island,True,False,False,True,836,-91.59740447998047,-91.79167938232422,1
Who had that nephew of Linda that observes most guys thought about?,Who had most guys thought about that nephew of Linda that observes?,syntax,island_effects,complex_NP_island,True,False,False,True,837,-87.22355651855469,-87.88908386230469,1
Who weren't Deanna's sisters who were questioning every patient's brothers hiding?,Who weren't every patient's brothers hiding Deanna's sisters who were questioning?,syntax,island_effects,complex_NP_island,True,False,False,True,838,-106.82460021972656,-110.03651428222656,1
Who isn't the customer that didn't work with Meredith disturbing?,Who isn't Meredith disturbing the customer that didn't work with?,syntax,island_effects,complex_NP_island,True,False,False,True,839,-76.02780151367188,-79.69960021972656,1
Who has Diane's mentor that bothered Tamara confused?,Who has Tamara confused Diane's mentor that bothered?,syntax,island_effects,complex_NP_island,True,False,False,True,840,-85.60420227050781,-87.03570556640625,1
What has this guy who sounds like Randolf forgotten?,What has Randolf forgotten this guy who sounds like?,syntax,island_effects,complex_NP_island,True,False,False,True,841,-76.01765441894531,-74.02926635742188,0
Who weren't many fathers of Dan who confused these cousins of Jesus arguing about?,Who weren't these cousins of Jesus arguing about many fathers of Dan who confused?,syntax,island_effects,complex_NP_island,True,False,False,True,842,-113.66357421875,-112.75096893310547,0
Who will Heidi's contractors who haven't shocked Omar's nieces flee from?,Who will Omar's nieces flee from Heidi's contractors who haven't shocked?,syntax,island_effects,complex_NP_island,True,False,False,True,843,-124.76081848144531,-119.82180786132812,0
Who don't this doctor's bosses who have talked to Rachelle's daughters find?,Who don't Rachelle's daughters find this doctor's bosses who have talked to?,syntax,island_effects,complex_NP_island,True,False,False,True,844,-108.02909088134766,-106.8270263671875,0
What has that daughter of those cashiers that healed William escaped from?,What has William escaped from that daughter of those cashiers that healed?,syntax,island_effects,complex_NP_island,True,False,False,True,845,-109.95301818847656,-104.24915313720703,0
What haven't these actresses that are visiting Beverly's employees fled from?,What haven't Beverly's employees fled from these actresses that are visiting?,syntax,island_effects,complex_NP_island,True,False,False,True,846,-101.78434753417969,-99.11534118652344,0
Who hadn't Anne's friends that talked to Gary astounded?,Who hadn't Gary astounded Anne's friends that talked to?,syntax,island_effects,complex_NP_island,True,False,False,True,847,-87.62235260009766,-91.24685668945312,1
Who has that guest's associate that wasn't impressing Charles aggravated?,Who has Charles aggravated that guest's associate that wasn't impressing?,syntax,island_effects,complex_NP_island,True,False,False,True,848,-98.40363311767578,-95.84075164794922,0
Who weren't Kristen's doctors who can worry many doctors confusing?,Who weren't many doctors confusing Kristen's doctors who can worry?,syntax,island_effects,complex_NP_island,True,False,False,True,849,-88.58009338378906,-86.39546966552734,0
Who can some boys' student that watched Homer's handymen shock?,Who can Homer's handymen shock some boys' student that watched?,syntax,island_effects,complex_NP_island,True,False,False,True,850,-113.2751235961914,-115.99983215332031,1
Who do Teresa's mentees who should complain about Jesus's ex-wives distract?,Who do Jesus's ex-wives distract Teresa's mentees who should complain about?,syntax,island_effects,complex_NP_island,True,False,False,True,851,-117.44502258300781,-120.0161361694336,1
Who aren't Alexander's partners that were listening to many teenagers hugging?,Who aren't many teenagers hugging Alexander's partners that were listening to?,syntax,island_effects,complex_NP_island,True,False,False,True,852,-95.69174194335938,-92.61878967285156,0
Who is that teacher who can praise some adult annoying?,Who is some adult annoying that teacher who can praise?,syntax,island_effects,complex_NP_island,True,False,False,True,853,-66.49451446533203,-66.96656036376953,1
Who weren't most nephews of Eric that were discovering a lot of adults hugging?,Who weren't a lot of adults hugging most nephews of Eric that were discovering?,syntax,island_effects,complex_NP_island,True,False,False,True,854,-106.86266326904297,-106.69542694091797,0
Who haven't those waitresses who described reports about Harvard University bored?,Who haven't reports about Harvard University bored those waitresses who described?,syntax,island_effects,complex_NP_island,True,False,False,True,855,-106.01312255859375,-103.74748229980469,0
What don't those guys that referenced this actor's ex-girlfriends love?,What don't this actor's ex-girlfriends love those guys that referenced?,syntax,island_effects,complex_NP_island,True,False,False,True,856,-103.80802917480469,-105.12600708007812,1
Who has the teenager that will find Kirsten annoyed?,Who has Kirsten annoyed the teenager that will find?,syntax,island_effects,complex_NP_island,True,False,False,True,857,-68.45818328857422,-73.46080017089844,1
Who weren't Chad's mentees who alarmed the Borgias discussing?,Who weren't the Borgias discussing Chad's mentees who alarmed?,syntax,island_effects,complex_NP_island,True,False,False,True,858,-104.77027893066406,-102.7364730834961,0
Who are those waiters' employees who are referencing many documentaries about Galileo irritating?,Who are many documentaries about Galileo irritating those waiters' employees who are referencing?,syntax,island_effects,complex_NP_island,True,False,False,True,859,-112.14805603027344,-110.65176391601562,0
What doesn't Richard's guest who thought about Ronald reveal?,What doesn't Ronald reveal Richard's guest who thought about?,syntax,island_effects,complex_NP_island,True,False,False,True,860,-81.6875228881836,-82.25352478027344,1
Who was every teacher that disliked Beth watching?,Who was Beth watching every teacher that disliked?,syntax,island_effects,complex_NP_island,True,False,False,True,861,-66.71414184570312,-65.49610900878906,0
Who have the students that will heal all patients confused?,Who have all patients confused the students that will heal?,syntax,island_effects,complex_NP_island,True,False,False,True,862,-64.1495590209961,-67.0385971069336,1
What has every man that has healed a mother of Anna healed?,What has a mother of Anna healed every man that has healed?,syntax,island_effects,complex_NP_island,True,False,False,True,863,-81.29158782958984,-77.562255859375,0
Who hadn't the nephew of every customer who reveals Renee's grandsons listened to?,Who hadn't Renee's grandsons listened to the nephew of every customer who reveals?,syntax,island_effects,complex_NP_island,True,False,False,True,864,-132.80714416503906,-128.9969482421875,0
Who hasn't every bank that couldn't worry Candice disturbed?,Who hasn't Candice disturbed every bank that couldn't worry?,syntax,island_effects,complex_NP_island,True,False,False,True,865,-83.80774688720703,-82.78550720214844,0
Who aren't these mothers of Todd who did observe those doctors' dentists alarming?,Who aren't those doctors' dentists alarming these mothers of Todd who did observe?,syntax,island_effects,complex_NP_island,True,False,False,True,866,-121.98762512207031,-125.60527038574219,1
Who weren't many guests who don't annoy the girls firing?,Who weren't the girls firing many guests who don't annoy?,syntax,island_effects,complex_NP_island,True,False,False,True,867,-78.72020721435547,-80.08795166015625,1
Who has Julia's dentist that hadn't noticed Derek cured?,Who has Derek cured Julia's dentist that hadn't noticed?,syntax,island_effects,complex_NP_island,True,False,False,True,868,-86.1115951538086,-86.67843627929688,1
Who was a sister of Cheryl that describes Kristen shocking?,Who was Kristen shocking a sister of Cheryl that describes?,syntax,island_effects,complex_NP_island,True,False,False,True,869,-78.93809509277344,-84.75390625,1
Who doesn't Jerry's partner who hadn't alarmed Theresa escape from?,Who doesn't Theresa escape from Jerry's partner who hadn't alarmed?,syntax,island_effects,complex_NP_island,True,False,False,True,870,-93.05577087402344,-89.13219451904297,0
Who weren't all people who bored Sarah's handymen escaping from?,Who weren't Sarah's handymen escaping from all people who bored?,syntax,island_effects,complex_NP_island,True,False,False,True,871,-101.03408813476562,-97.30438995361328,0
Who aren't most guests that complained about women investigating?,Who aren't women investigating most guests that complained about?,syntax,island_effects,complex_NP_island,True,False,False,True,872,-71.92079162597656,-75.03653717041016,1
Who couldn't these cashiers that aren't working with Kristin impress?,Who couldn't Kristin impress these cashiers that aren't working with?,syntax,island_effects,complex_NP_island,True,False,False,True,873,-91.9941635131836,-96.0188980102539,1
Who hasn't some waiter who forgets Matt astounded?,Who hasn't Matt astounded some waiter who forgets?,syntax,island_effects,complex_NP_island,True,False,False,True,874,-89.90773010253906,-90.27046203613281,1
What wouldn't many people that can't discuss Ronald visit?,What wouldn't Ronald visit many people that can't discuss?,syntax,island_effects,complex_NP_island,True,False,False,True,875,-67.55724334716797,-67.48422241210938,0
Who hadn't reports about current events that stunned Leslie sounded like?,Who hadn't Leslie sounded like reports about current events that stunned?,syntax,island_effects,complex_NP_island,True,False,False,True,876,-90.07835388183594,-89.9962158203125,0
Who hasn't John's girlfriend that healed Colleen loved?,Who hasn't Colleen loved John's girlfriend that healed?,syntax,island_effects,complex_NP_island,True,False,False,True,877,-88.28207397460938,-85.24028015136719,0
Who wasn't Samantha's senator who won't fire Roger complaining about?,Who wasn't Roger complaining about Samantha's senator who won't fire?,syntax,island_effects,complex_NP_island,True,False,False,True,878,-95.83311462402344,-91.60389709472656,0
What won't Joel's hairdresser that didn't describe the doctors dislike?,What won't the doctors dislike Joel's hairdresser that didn't describe?,syntax,island_effects,complex_NP_island,True,False,False,True,879,-106.3391342163086,-110.44816589355469,1
Who hadn't that person who was describing Jerry disgusted?,Who hadn't Jerry disgusted that person who was describing?,syntax,island_effects,complex_NP_island,True,False,False,True,880,-69.4386978149414,-71.81414794921875,1
Who was Maria's spouse who wouldn't praise Becca hiding?,Who was Becca hiding Maria's spouse who wouldn't praise?,syntax,island_effects,complex_NP_island,True,False,False,True,881,-89.77957153320312,-89.75260162353516,0
Who have most fathers of Jill who haven't found some waiters' best friends worked with?,Who have some waiters' best friends worked with most fathers of Jill who haven't found?,syntax,island_effects,complex_NP_island,True,False,False,True,882,-123.9581069946289,-118.7894287109375,0
Who haven't a lot of waitresses who can't forget Cynthia's French teachers shocked?,Who haven't Cynthia's French teachers shocked a lot of waitresses who can't forget?,syntax,island_effects,complex_NP_island,True,False,False,True,883,-111.09246826171875,-111.5379409790039,1
Who had Alexander's friend who had investigated Roger approached?,Who had Roger approached Alexander's friend who had investigated?,syntax,island_effects,complex_NP_island,True,False,False,True,884,-75.34119415283203,-72.13153076171875,0
Who doesn't every grandson of Allison that can alarm Russell care for?,Who doesn't Russell care for every grandson of Allison that can alarm?,syntax,island_effects,complex_NP_island,True,False,False,True,885,-100.25587463378906,-94.57050323486328,0
Who are James's granddaughters who can't complain about Gregory's brothers working with?,Who are Gregory's brothers working with James's granddaughters who can't complain about?,syntax,island_effects,complex_NP_island,True,False,False,True,886,-113.24093627929688,-106.56732177734375,0
Who were the brothers of Tracy who hadn't loved Douglas's podiatrists confusing?,Who were Douglas's podiatrists confusing the brothers of Tracy who hadn't loved?,syntax,island_effects,complex_NP_island,True,False,False,True,887,-124.5326919555664,-125.58433532714844,1
Who weren't the dancers who might heal Grace's nephews leaving?,Who weren't Grace's nephews leaving the dancers who might heal?,syntax,island_effects,complex_NP_island,True,False,False,True,888,-92.20695495605469,-89.09030151367188,0
Who had this sister of Stephen that isn't finding Charles talked to?,Who had Charles talked to this sister of Stephen that isn't finding?,syntax,island_effects,complex_NP_island,True,False,False,True,889,-90.12456512451172,-89.21249389648438,0
Who couldn't all customers that liked Joel worry?,Who couldn't Joel worry all customers that liked?,syntax,island_effects,complex_NP_island,True,False,False,True,890,-73.61678314208984,-75.10748291015625,1
What has every lady who had sounded like Elizabeth praised?,What has Elizabeth praised every lady who had sounded like?,syntax,island_effects,complex_NP_island,True,False,False,True,891,-73.26219177246094,-72.76436614990234,0
What is Sally's friend who references some doctor noticing?,What is some doctor noticing Sally's friend who references?,syntax,island_effects,complex_NP_island,True,False,False,True,892,-79.4205322265625,-77.0029525756836,0
Who would Carmen's sister that worked with these teachers disagree with?,Who would these teachers disagree with Carmen's sister that worked with?,syntax,island_effects,complex_NP_island,True,False,False,True,893,-81.97631072998047,-83.30396270751953,1
Who has Marie's ex-boyfriend that disagrees with Rose's electrician worried?,Who has Rose's electrician worried Marie's ex-boyfriend that disagrees with?,syntax,island_effects,complex_NP_island,True,False,False,True,894,-123.66136169433594,-128.20623779296875,1
Who were Donna's teachers that did shock Dan's French teachers curing?,Who were Dan's French teachers curing Donna's teachers that did shock?,syntax,island_effects,complex_NP_island,True,False,False,True,895,-111.54942321777344,-106.62196350097656,0
Who might Donna's husband who isn't attacking Jacqueline see?,Who might Jacqueline see Donna's husband who isn't attacking?,syntax,island_effects,complex_NP_island,True,False,False,True,896,-87.86851501464844,-91.47378540039062,1
Who hasn't Keith's nephew that wasn't hiding Jacqueline noticed?,Who hasn't Jacqueline noticed Keith's nephew that wasn't hiding?,syntax,island_effects,complex_NP_island,True,False,False,True,897,-97.98439025878906,-98.59024047851562,1
Who isn't Michelle's student that wasn't attacking Nina's sister observing?,Who isn't Nina's sister observing Michelle's student that wasn't attacking?,syntax,island_effects,complex_NP_island,True,False,False,True,898,-101.72065734863281,-102.01729583740234,1
Who isn't Janice's boss who has distracted Heather's partner disagreeing with?,Who isn't Heather's partner disagreeing with Janice's boss who has distracted?,syntax,island_effects,complex_NP_island,True,False,False,True,899,-114.73023223876953,-114.5225830078125,0
Who should Amy's guest that didn't conceal Margaret's girlfriend respect?,Who should Margaret's girlfriend respect Amy's guest that didn't conceal?,syntax,island_effects,complex_NP_island,True,False,False,True,900,-100.07162475585938,-102.64273071289062,1
Who weren't Janice's bosses that can investigate some drivers visiting?,Who weren't some drivers visiting Janice's bosses that can investigate?,syntax,island_effects,complex_NP_island,True,False,False,True,901,-98.50963592529297,-99.02435302734375,1
What shouldn't that grandmother of Amy who has admired Alan see?,What shouldn't Alan see that grandmother of Amy who has admired?,syntax,island_effects,complex_NP_island,True,False,False,True,902,-91.6650619506836,-89.99224853515625,0
Who can a nephew of Deanna who investigates those daughters of Claire appreciate?,Who can those daughters of Claire appreciate a nephew of Deanna who investigates?,syntax,island_effects,complex_NP_island,True,False,False,True,903,-109.1701889038086,-109.98811340332031,1
Who will many brothers of Vanessa that had revealed Amelia's plumbers watch?,Who will Amelia's plumbers watch many brothers of Vanessa that had revealed?,syntax,island_effects,complex_NP_island,True,False,False,True,904,-111.42257690429688,-113.77228546142578,1
Who might Gina's brother who isn't disturbing Vincent's ex-boyfriend see?,Who might Vincent's ex-boyfriend see Gina's brother who isn't disturbing?,syntax,island_effects,complex_NP_island,True,False,False,True,905,-121.06763458251953,-119.39015197753906,0
Who haven't some man's supervisors who had criticized the Clintons known?,Who haven't the Clintons known some man's supervisors who had criticized?,syntax,island_effects,complex_NP_island,True,False,False,True,906,-94.66693878173828,-97.111572265625,1
Who weren't Nina's doctors who are revealing Marcus's sisters arguing about?,Who weren't Marcus's sisters arguing about Nina's doctors who are revealing?,syntax,island_effects,complex_NP_island,True,False,False,True,907,-103.37120819091797,-102.34790802001953,0
Who didn't those waitresses that had alarmed Monica watch?,Who didn't Monica watch those waitresses that had alarmed?,syntax,island_effects,complex_NP_island,True,False,False,True,908,-87.06217956542969,-88.23109436035156,1
What hadn't mothers of Jane that had discovered a nephew of Maria concealed?,What hadn't a nephew of Maria concealed mothers of Jane that had discovered?,syntax,island_effects,complex_NP_island,True,False,False,True,909,-105.71208190917969,-102.38203430175781,0
Who are a teenager's oncologists that referenced the Impressionists helping?,Who are the Impressionists helping a teenager's oncologists that referenced?,syntax,island_effects,complex_NP_island,True,False,False,True,910,-102.85626983642578,-109.0555191040039,1
What would a lot of brothers of Brenda that won't flee from George's ex-girlfriend disagree with?,What would George's ex-girlfriend disagree with a lot of brothers of Brenda that won't flee from?,syntax,island_effects,complex_NP_island,True,False,False,True,911,-128.646728515625,-132.04742431640625,1
What had Kathleen's oncologists who haven't discussed Teresa's friend thought about?,What had Teresa's friend thought about Kathleen's oncologists who haven't discussed?,syntax,island_effects,complex_NP_island,True,False,False,True,912,-117.045166015625,-112.07486724853516,0
What wasn't Holly's grandmother who did love Benjamin criticizing?,What wasn't Benjamin criticizing Holly's grandmother who did love?,syntax,island_effects,complex_NP_island,True,False,False,True,913,-86.06549072265625,-81.09015655517578,0
Who shouldn't every association that wasn't annoying Kayla's ex-husbands alarm?,Who shouldn't Kayla's ex-husbands alarm every association that wasn't annoying?,syntax,island_effects,complex_NP_island,True,False,False,True,914,-130.833740234375,-130.34317016601562,0
Who was some woman that notices Brian watching?,Who was Brian watching some woman that notices?,syntax,island_effects,complex_NP_island,True,False,False,True,915,-64.92682647705078,-61.922428131103516,0
Who couldn't all pedestrians that had insulted Cynthia attack?,Who couldn't Cynthia attack all pedestrians that had insulted?,syntax,island_effects,complex_NP_island,True,False,False,True,916,-80.49078369140625,-80.13284301757812,0
Who will those patients that didn't disturb Jessica conceal?,Who will Jessica conceal those patients that didn't disturb?,syntax,island_effects,complex_NP_island,True,False,False,True,917,-81.85444641113281,-81.29623413085938,0
Who haven't Bradley's associates that are embarrassing some teachers sounded like?,Who haven't some teachers sounded like Bradley's associates that are embarrassing?,syntax,island_effects,complex_NP_island,True,False,False,True,918,-96.85282897949219,-94.063720703125,0
Who was some girl's sister that hasn't insulted Jill astounding?,Who was Jill astounding some girl's sister that hasn't insulted?,syntax,island_effects,complex_NP_island,True,False,False,True,919,-88.77275085449219,-90.15718841552734,1
Who will most sisters of Heather who hadn't disliked Melanie annoy?,Who will Melanie annoy most sisters of Heather who hadn't disliked?,syntax,island_effects,complex_NP_island,True,False,False,True,920,-97.10149383544922,-101.37936401367188,1
Who was the adult that hasn't attacked Jill concealing?,Who was Jill concealing the adult that hasn't attacked?,syntax,island_effects,complex_NP_island,True,False,False,True,921,-80.19978332519531,-82.04207611083984,1
Who wasn't some grandson of every dancer that has cared for Melissa healing?,Who wasn't Melissa healing some grandson of every dancer that has cared for?,syntax,island_effects,complex_NP_island,True,False,False,True,922,-102.27251434326172,-105.64656829833984,1
Who can't David's dentist that hasn't talked about Margaret's handyman reveal?,Who can't Margaret's handyman reveal David's dentist that hasn't talked about?,syntax,island_effects,complex_NP_island,True,False,False,True,923,-112.89335632324219,-114.023681640625,1
Who has Phillip's handyman who listens to Kathleen alarmed?,Who has Kathleen alarmed Phillip's handyman who listens to?,syntax,island_effects,complex_NP_island,True,False,False,True,924,-92.283447265625,-94.61766815185547,1
Who has that committee that hasn't concealed Andrew worried?,Who has Andrew worried that committee that hasn't concealed?,syntax,island_effects,complex_NP_island,True,False,False,True,925,-76.16223907470703,-74.50855255126953,0
Who hadn't most teachers that are bothering Bill stunned?,Who hadn't Bill stunned most teachers that are bothering?,syntax,island_effects,complex_NP_island,True,False,False,True,926,-78.79288482666016,-80.71319580078125,1
Who have Rhonda's lawyers who criticized a lot of schools worked with?,Who have a lot of schools worked with Rhonda's lawyers who criticized?,syntax,island_effects,complex_NP_island,True,False,False,True,927,-97.13789367675781,-90.76695251464844,0
Who hadn't Daniel's electrician who observed Sharon healed?,Who hadn't Sharon healed Daniel's electrician who observed?,syntax,island_effects,complex_NP_island,True,False,False,True,928,-92.04292297363281,-93.32252502441406,1
Who haven't Kathleen's ex-wives who would think about all art galleries scared?,Who haven't all art galleries scared Kathleen's ex-wives who would think about?,syntax,island_effects,complex_NP_island,True,False,False,True,929,-113.01187133789062,-113.26248168945312,1
Who don't Katherine's handymen who have hugged the actors respect?,Who don't the actors respect Katherine's handymen who have hugged?,syntax,island_effects,complex_NP_island,True,False,False,True,930,-98.41914367675781,-101.30846405029297,1
Who are the boys that impressed Robert's partners arguing about?,Who are Robert's partners arguing about the boys that impressed?,syntax,island_effects,complex_NP_island,True,False,False,True,931,-82.59498596191406,-78.593505859375,0
Who wasn't that actress who concealed Donald's contractor talking to?,Who wasn't Donald's contractor talking to that actress who concealed?,syntax,island_effects,complex_NP_island,True,False,False,True,932,-90.99205780029297,-94.26249694824219,1
Who could this doctor that has listened to this guest's supervisors astound?,Who could this guest's supervisors astound this doctor that has listened to?,syntax,island_effects,complex_NP_island,True,False,False,True,933,-101.27469635009766,-104.30175018310547,1
Who were Florence's students that had worked with some granddaughters of Tamara escaping from?,Who were some granddaughters of Tamara escaping from Florence's students that had worked with?,syntax,island_effects,complex_NP_island,True,False,False,True,934,-130.318359375,-125.54234313964844,0
Who did this waiter who is leaving every dancer hate?,Who did every dancer hate this waiter who is leaving?,syntax,island_effects,complex_NP_island,True,False,False,True,935,-75.70033264160156,-75.84197235107422,1
Who won't a lot of customers' podiatrists who praised that mother of Alan impress?,Who won't that mother of Alan impress a lot of customers' podiatrists who praised?,syntax,island_effects,complex_NP_island,True,False,False,True,936,-129.1080322265625,-130.6337432861328,1
Who isn't the grandfather of Erin that does kiss Aaron alarming?,Who isn't Aaron alarming the grandfather of Erin that does kiss?,syntax,island_effects,complex_NP_island,True,False,False,True,937,-92.54905700683594,-94.821044921875,1
Who won't a girl that had alarmed Andrew's supervisor reveal?,Who won't Andrew's supervisor reveal a girl that had alarmed?,syntax,island_effects,complex_NP_island,True,False,False,True,938,-87.4683609008789,-88.5097885131836,1
Who did some nieces of James who are alarming Margaret notice?,Who did Margaret notice some nieces of James who are alarming?,syntax,island_effects,complex_NP_island,True,False,False,True,939,-103.4846420288086,-105.98180389404297,1
Who couldn't every driver who cured Sandra escape from?,Who couldn't Sandra escape from every driver who cured?,syntax,island_effects,complex_NP_island,True,False,False,True,940,-81.42838287353516,-76.95980834960938,0
Who don't a lot of companies that weren't disgusting some customers stun?,Who don't some customers stun a lot of companies that weren't disgusting?,syntax,island_effects,complex_NP_island,True,False,False,True,941,-89.28936004638672,-88.685302734375,0
Who can't the Clintons' dermatologists that do disturb Deborah's sister forget?,Who can't Deborah's sister forget the Clintons' dermatologists that do disturb?,syntax,island_effects,complex_NP_island,True,False,False,True,942,-122.73745727539062,-121.4265365600586,0
What isn't a man who hasn't criticized Victoria's daughter appreciating?,What isn't Victoria's daughter appreciating a man who hasn't criticized?,syntax,island_effects,complex_NP_island,True,False,False,True,943,-82.82417297363281,-85.22423553466797,1
Who is Michael's ex-boyfriend who hasn't astounded Alice kissing?,Who is Alice kissing Michael's ex-boyfriend who hasn't astounded?,syntax,island_effects,complex_NP_island,True,False,False,True,944,-113.50146484375,-115.17539978027344,1
What had Mitchell's spouse who referenced Douglas praised?,What had Douglas praised Mitchell's spouse who referenced?,syntax,island_effects,complex_NP_island,True,False,False,True,945,-80.0316162109375,-76.03646850585938,0
Who will Julie's lawyer that will irritate Donald's dentist work with?,Who will Donald's dentist work with Julie's lawyer that will irritate?,syntax,island_effects,complex_NP_island,True,False,False,True,946,-98.95207977294922,-97.41043090820312,0
Who might every son of Lisa who astounded Julie help?,Who might Julie help every son of Lisa who astounded?,syntax,island_effects,complex_NP_island,True,False,False,True,947,-89.23308563232422,-87.85311889648438,0
Who is the friend of Diana who hadn't praised Gregory observing?,Who is Gregory observing the friend of Diana who hadn't praised?,syntax,island_effects,complex_NP_island,True,False,False,True,948,-85.06549072265625,-84.77294921875,0
What will Stephanie's daughters who admired Lawrence discover?,What will Lawrence discover Stephanie's daughters who admired?,syntax,island_effects,complex_NP_island,True,False,False,True,949,-82.41067504882812,-82.27708435058594,0
Who hadn't Ronald's brother who could know Veronica's grandmother sounded like?,Who hadn't Veronica's grandmother sounded like Ronald's brother who could know?,syntax,island_effects,complex_NP_island,True,False,False,True,950,-92.70123291015625,-89.79051208496094,0
Who couldn't Denise's oncologists who haven't aggravated some cousins of Ronald disgust?,Who couldn't some cousins of Ronald disgust Denise's oncologists who haven't aggravated?,syntax,island_effects,complex_NP_island,True,False,False,True,951,-127.39030456542969,-131.89942932128906,1
What does some hospital that conceals Carl's best friend admire?,What does Carl's best friend admire some hospital that conceals?,syntax,island_effects,complex_NP_island,True,False,False,True,952,-91.46253967285156,-88.53150939941406,0
Who hadn't April's brother that could appreciate Kendra hired?,Who hadn't Kendra hired April's brother that could appreciate?,syntax,island_effects,complex_NP_island,True,False,False,True,953,-92.63545227050781,-92.60704803466797,0
Who hasn't the nephew of Catherine that cares for Claire insulted?,Who hasn't Claire insulted the nephew of Catherine that cares for?,syntax,island_effects,complex_NP_island,True,False,False,True,954,-90.37728881835938,-93.80056762695312,1
Who is Brad's mentor that has praised Brian scaring?,Who is Brian scaring Brad's mentor that has praised?,syntax,island_effects,complex_NP_island,True,False,False,True,955,-80.06976318359375,-82.37749481201172,1
Who hadn't most teenagers' girlfriend that returned to Brian's grandsons referenced?,Who hadn't Brian's grandsons referenced most teenagers' girlfriend that returned to?,syntax,island_effects,complex_NP_island,True,False,False,True,956,-124.5296630859375,-128.51446533203125,1
Who might Amy's hairdressers who haven't complained about all granddaughters of the senator boast about?,Who might all granddaughters of the senator boast about Amy's hairdressers who haven't complained about?,syntax,island_effects,complex_NP_island,True,False,False,True,957,-150.88735961914062,-149.3173370361328,0
Who weren't many nephews of that doctor who weren't attacking those sisters of Sonia working with?,Who weren't those sisters of Sonia working with many nephews of that doctor who weren't attacking?,syntax,island_effects,complex_NP_island,True,False,False,True,958,-124.80777740478516,-125.60735321044922,1
Who hasn't this doctor who hurt Valerie impressed?,Who hasn't Valerie impressed this doctor who hurt?,syntax,island_effects,complex_NP_island,True,False,False,True,959,-70.78385925292969,-70.32856750488281,0
What hadn't this adult's guest who had disliked every teenager's doctor boasted about?,What hadn't every teenager's doctor boasted about this adult's guest who had disliked?,syntax,island_effects,complex_NP_island,True,False,False,True,960,-120.08566284179688,-119.22218322753906,0
Who weren't a lot of hospitals that were scaring Alicia's contractors alarming?,Who weren't Alicia's contractors alarming a lot of hospitals that were scaring?,syntax,island_effects,complex_NP_island,True,False,False,True,961,-107.49339294433594,-111.96800231933594,1
Who aren't Nancy's ex-husbands who are boasting about the Impressionists bothering?,Who aren't the Impressionists bothering Nancy's ex-husbands who are boasting about?,syntax,island_effects,complex_NP_island,True,False,False,True,962,-138.7333984375,-140.0992431640625,1
Who couldn't Elizabeth's spouse that would describe Laurie stun?,Who couldn't Laurie stun Elizabeth's spouse that would describe?,syntax,island_effects,complex_NP_island,True,False,False,True,963,-85.74722290039062,-84.6451644897461,0
Who can a lot of hospitals that haven't bothered Sharon alarm?,Who can Sharon alarm a lot of hospitals that haven't bothered?,syntax,island_effects,complex_NP_island,True,False,False,True,964,-80.57957458496094,-82.65299987792969,1
Who should that nephew of Vanessa who helps this granddaughter of Jason hate?,Who should this granddaughter of Jason hate that nephew of Vanessa who helps?,syntax,island_effects,complex_NP_island,True,False,False,True,965,-101.91898345947266,-101.86213684082031,0
Who has Valerie's electrician that criticized Tara hurt?,Who has Tara hurt Valerie's electrician that criticized?,syntax,island_effects,complex_NP_island,True,False,False,True,966,-90.6712417602539,-93.93909454345703,1
Who hadn't a lot of granddaughters of all dancers who weren't leaving this girl's cousin fired?,Who hadn't this girl's cousin fired a lot of granddaughters of all dancers who weren't leaving?,syntax,island_effects,complex_NP_island,True,False,False,True,967,-130.1098175048828,-132.92056274414062,1
What shouldn't many customers who criticized Thomas conceal?,What shouldn't Thomas conceal many customers who criticized?,syntax,island_effects,complex_NP_island,True,False,False,True,968,-70.20702362060547,-75.45518493652344,1
What hadn't Eva's podiatrists that had revealed Todd appreciated?,What hadn't Todd appreciated Eva's podiatrists that had revealed?,syntax,island_effects,complex_NP_island,True,False,False,True,969,-113.96458435058594,-115.49212646484375,1
Who was Donna's ex-wife that should hate Becca's employee confusing?,Who was Becca's employee confusing Donna's ex-wife that should hate?,syntax,island_effects,complex_NP_island,True,False,False,True,970,-114.46107482910156,-117.80931854248047,1
Who is a child that isn't returning to Craig visiting?,Who is Craig visiting a child that isn't returning to?,syntax,island_effects,complex_NP_island,True,False,False,True,971,-64.41677856445312,-68.64545440673828,1
Who can these women that would complain about Lawrence reference?,Who can Lawrence reference these women that would complain about?,syntax,island_effects,complex_NP_island,True,False,False,True,972,-70.2142333984375,-72.15571594238281,1
Who won't Sonia's mentor who couldn't alarm Liam's mentee hug?,Who won't Liam's mentee hug Sonia's mentor who couldn't alarm?,syntax,island_effects,complex_NP_island,True,False,False,True,973,-113.59471130371094,-114.09931945800781,1
Who had all drivers that disagreed with some nephew of Raymond referenced?,Who had some nephew of Raymond referenced all drivers that disagreed with?,syntax,island_effects,complex_NP_island,True,False,False,True,974,-95.06089782714844,-95.39763641357422,1
Who don't Bradley's tutors who won't disagree with Adam's dermatologists worry?,Who don't Adam's dermatologists worry Bradley's tutors who won't disagree with?,syntax,island_effects,complex_NP_island,True,False,False,True,975,-109.365966796875,-114.75607299804688,1
Who hadn't this patient who is concealing this patient disturbed?,Who hadn't this patient disturbed this patient who is concealing?,syntax,island_effects,complex_NP_island,True,False,False,True,976,-88.95408630371094,-86.09381103515625,0
Who can't Meredith's girlfriend that scared Joel's doctors irritate?,Who can't Joel's doctors irritate Meredith's girlfriend that scared?,syntax,island_effects,complex_NP_island,True,False,False,True,977,-107.92071533203125,-110.05574798583984,1
Who are Carla's dentists that hadn't disliked every girl's sisters concealing?,Who are every girl's sisters concealing Carla's dentists that hadn't disliked?,syntax,island_effects,complex_NP_island,True,False,False,True,978,-122.46017456054688,-120.10981750488281,0
Who didn't a lot of brothers of Patrick who can't hug Leslie worry?,Who didn't Leslie worry a lot of brothers of Patrick who can't hug?,syntax,island_effects,complex_NP_island,True,False,False,True,979,-100.17672729492188,-103.52023315429688,1
What had most teachers' handyman who has admired the Borgias described?,What had the Borgias described most teachers' handyman who has admired?,syntax,island_effects,complex_NP_island,True,False,False,True,980,-114.18595886230469,-112.75399017333984,0
What are Marcus's ex-girlfriends who weren't talking about some adults arguing about?,What are some adults arguing about Marcus's ex-girlfriends who weren't talking about?,syntax,island_effects,complex_NP_island,True,False,False,True,981,-110.3631591796875,-107.005859375,0
Who have all guys that have scared waitresses observed?,Who have waitresses observed all guys that have scared?,syntax,island_effects,complex_NP_island,True,False,False,True,982,-79.00433349609375,-79.11267852783203,1
What could those actors that don't dislike Nina's mother criticize?,What could Nina's mother criticize those actors that don't dislike?,syntax,island_effects,complex_NP_island,True,False,False,True,983,-92.3086929321289,-87.82637023925781,0
Who should April's boss who finds most patients flee from?,Who should most patients flee from April's boss who finds?,syntax,island_effects,complex_NP_island,True,False,False,True,984,-86.16902160644531,-79.58460998535156,0
Who hadn't Florence's girlfriend who alarmed Deanna healed?,Who hadn't Deanna healed Florence's girlfriend who alarmed?,syntax,island_effects,complex_NP_island,True,False,False,True,985,-93.0841064453125,-94.23391723632812,1
What hadn't Carrie's boyfriend who had thought about many men escaped from?,What hadn't many men escaped from Carrie's boyfriend who had thought about?,syntax,island_effects,complex_NP_island,True,False,False,True,986,-93.28326416015625,-93.78550720214844,1
Who were the dancers that should respect Denise's partners distracting?,Who were Denise's partners distracting the dancers that should respect?,syntax,island_effects,complex_NP_island,True,False,False,True,987,-86.72386932373047,-86.59114074707031,0
Who don't most senators who are disgusting some museums hurt?,Who don't some museums hurt most senators who are disgusting?,syntax,island_effects,complex_NP_island,True,False,False,True,988,-83.44497680664062,-83.38215637207031,0
Who hadn't that brother of Walter that hates Galileo revealed?,Who hadn't Galileo revealed that brother of Walter that hates?,syntax,island_effects,complex_NP_island,True,False,False,True,989,-88.96591186523438,-90.86349487304688,1
Who were a lot of drivers that do hug a lot of patients visiting?,Who were a lot of patients visiting a lot of drivers that do hug?,syntax,island_effects,complex_NP_island,True,False,False,True,990,-80.02397918701172,-77.74174499511719,0
Who hadn't these people that saw Julie's electricians astounded?,Who hadn't Julie's electricians astounded these people that saw?,syntax,island_effects,complex_NP_island,True,False,False,True,991,-101.75094604492188,-104.47653198242188,1
Who hadn't Rodney's ex-boyfriend who could cure Amy hidden?,Who hadn't Amy hidden Rodney's ex-boyfriend who could cure?,syntax,island_effects,complex_NP_island,True,False,False,True,992,-115.2919921875,-113.44386291503906,0
Who might a lot of patients who couldn't annoy men know?,Who might men know a lot of patients who couldn't annoy?,syntax,island_effects,complex_NP_island,True,False,False,True,993,-67.7125473022461,-68.27812957763672,1
Who had Kristen's tutor that didn't admire Nancy's students cared for?,Who had Nancy's students cared for Kristen's tutor that didn't admire?,syntax,island_effects,complex_NP_island,True,False,False,True,994,-102.94298553466797,-100.0015869140625,0
Who weren't Bill's partners that hid those public parks distracting?,Who weren't those public parks distracting Bill's partners that hid?,syntax,island_effects,complex_NP_island,True,False,False,True,995,-100.29237365722656,-103.07386779785156,1
Who won't Ruth's girlfriend that does disagree with Brian's friend appreciate?,Who won't Brian's friend appreciate Ruth's girlfriend that does disagree with?,syntax,island_effects,complex_NP_island,True,False,False,True,996,-99.22273254394531,-100.06869506835938,1
Who shouldn't that government that forgot a lot of waiters astound?,Who shouldn't a lot of waiters astound that government that forgot?,syntax,island_effects,complex_NP_island,True,False,False,True,997,-92.53816986083984,-94.64171600341797,1
Who hadn't a lot of fathers of Jill that are boasting about the stories about the Balkans bored?,Who hadn't the stories about the Balkans bored a lot of fathers of Jill that are boasting about?,syntax,island_effects,complex_NP_island,True,False,False,True,998,-123.41576385498047,-127.75951385498047,1
Who have Vincent's students who are hiring these patients cured?,Who have these patients cured Vincent's students who are hiring?,syntax,island_effects,complex_NP_island,True,False,False,True,999,-78.53144836425781,-77.02790832519531,0
