sentence_good,sentence_bad,field,linguistics_term,UID,simple_LM_method,one_prefix_method,two_prefix_method,lexically_identical,pair_id,good_prob,bad_prob,correct
A friend of Pamela hasn't attacked one person and Ann hasn't attacked more unsure person.,A friend of Pamela hasn't attacked one unemployed person and Ann hasn't attacked more unsure.,syntax,ellipsis,ellipsis_n_bar_2,True,False,False,False,0,-114.3702621459961,-125.0931396484375,1
Larry talked to five dermatologists and Rose talked to four displeased dermatologists.,Larry talked to five small dermatologists and Rose talked to four displeased.,syntax,ellipsis,ellipsis_n_bar_2,True,False,False,False,1,-145.57046508789062,-123.5177001953125,0
That legislature has three peppers and Charles has at least as many small peppers.,That legislature has three hidden peppers and Charles has at least as many small.,syntax,ellipsis,ellipsis_n_bar_2,True,False,False,False,2,-99.12167358398438,-101.26591491699219,1
A picture does look like four shawls and the photographs of Douglas couldn't look like five red shawls.,A picture does look like four blue shawls and the photographs of Douglas couldn't look like five red.,syntax,ellipsis,ellipsis_n_bar_2,True,False,False,False,3,-127.92896270751953,-126.04120635986328,0
Bill's associate fires a lot of adults and Galileo fires a few old adults.,Bill's associate fires a lot of popular adults and Galileo fires a few old.,syntax,ellipsis,ellipsis_n_bar_2,True,False,False,False,4,-111.69810485839844,-114.16680908203125,1
Melissa's granddaughter complained about four friends of and some people complained about five big friends of.,Melissa's granddaughter complained about four unemployed friends of and some people complained about five big.,syntax,ellipsis,ellipsis_n_bar_2,True,False,False,False,5,-115.85155487060547,-117.8342056274414,1
Roger isn't exploring one college campus and some friend of Dan isn't exploring a lot red college campus.,Roger isn't exploring one smooth college campus and some friend of Dan isn't exploring a lot red.,syntax,ellipsis,ellipsis_n_bar_2,True,False,False,False,6,-150.35116577148438,-144.23219299316406,0
Curtis's boss discussed four sons and Andrew discussed five sick sons.,Curtis's boss discussed four happy sons and Andrew discussed five sick.,syntax,ellipsis,ellipsis_n_bar_2,True,False,False,False,7,-113.4623794555664,-119.16860961914062,1
Robert's best friend helped one dentist and some universities helped more displeased dentist.,Robert's best friend helped one hopeful dentist and some universities helped more displeased.,syntax,ellipsis,ellipsis_n_bar_2,True,False,False,False,8,-111.9155502319336,-116.17498779296875,1
A waitress's mentee isn't climbing down three mountains and Charles isn't climbing down at least as many exposed mountains.,A waitress's mentee isn't climbing down three important mountains and Charles isn't climbing down at least as many exposed.,syntax,ellipsis,ellipsis_n_bar_2,True,False,False,False,9,-161.74325561523438,-165.743896484375,1
Renee helps one girlfriend and Roger helps a few ill girlfriend.,Renee helps one unlucky girlfriend and Roger helps a few ill.,syntax,ellipsis,ellipsis_n_bar_2,True,False,False,False,10,-101.71891784667969,-103.59056091308594,1
That newspaper article about Winston Churchill astounded one waitress and Donald astounded several unemployed waitress.,That newspaper article about Winston Churchill astounded one confident waitress and Donald astounded several unemployed.,syntax,ellipsis,ellipsis_n_bar_2,True,False,False,False,11,-144.985595703125,-144.66854858398438,0
Jodi's plumbers climb down no mountains and the snakes climb down some rough mountains.,Jodi's plumbers climb down no small mountains and the snakes climb down some rough.,syntax,ellipsis,ellipsis_n_bar_2,True,False,False,False,12,-123.11200714111328,-124.62075805664062,1
A lady fixes a lot of bicycles and Bethany's spouse fixes a few concealed bicycles.,A lady fixes a lot of purple bicycles and Bethany's spouse fixes a few concealed.,syntax,ellipsis,ellipsis_n_bar_2,True,False,False,False,13,-119.11286926269531,-125.81405639648438,1
A lot of patients' girlfriend sells one popsicle and Steve sells few concealed popsicle.,A lot of patients' girlfriend sells one red popsicle and Steve sells few concealed.,syntax,ellipsis,ellipsis_n_bar_2,True,False,False,False,14,-122.70521545410156,-121.06167602539062,0
Every guy's nephews research three closets and teenagers' mentees research fewer blue closets.,Every guy's nephews research three new closets and teenagers' mentees research fewer blue.,syntax,ellipsis,ellipsis_n_bar_2,True,False,False,False,15,-158.10572814941406,-152.84454345703125,0
Allison's doctor didn't astound one associate and Vincent's mothers didn't astound a few concealed associate.,Allison's doctor didn't astound one small associate and Vincent's mothers didn't astound a few concealed.,syntax,ellipsis,ellipsis_n_bar_2,True,False,False,False,16,-169.72134399414062,-168.04049682617188,0
A patient's hairdressers wouldn't forget no brothers of and a lot of women's grandson wouldn't forget some serious brothers of.,A patient's hairdressers wouldn't forget no unemployed brothers of and a lot of women's grandson wouldn't forget some serious.,syntax,ellipsis,ellipsis_n_bar_2,True,False,False,False,17,-155.54299926757812,-155.566650390625,1
The Borgias disgusts a few grandfathers of and some committee disgusts a lot determined grandfathers of.,The Borgias disgusts a few uncertain grandfathers of and some committee disgusts a lot determined.,syntax,ellipsis,ellipsis_n_bar_2,True,False,False,False,18,-172.0836181640625,-159.5926055908203,0
Stephen's French teacher hasn't worried one teenager and Roger hasn't worried a lot old teenager.,Stephen's French teacher hasn't worried one important teenager and Roger hasn't worried a lot old.,syntax,ellipsis,ellipsis_n_bar_2,True,False,False,False,19,-125.39468383789062,-126.06886291503906,1
A senator escapes from no plumbers and Sonia escapes from some confident plumbers.,A senator escapes from no concealed plumbers and Sonia escapes from some confident.,syntax,ellipsis,ellipsis_n_bar_2,True,False,False,False,20,-116.71900177001953,-115.421875,0
Suzanne had climbed down one slope and Martha had climbed down three lost slope.,Suzanne had climbed down one smooth slope and Martha had climbed down three lost.,syntax,ellipsis,ellipsis_n_bar_2,True,False,False,False,21,-104.25057220458984,-104.56685638427734,1
Most pedestrians' ex-wife doesn't arrive at one high school and these waiters' son doesn't arrive at two new high school.,Most pedestrians' ex-wife doesn't arrive at one hard high school and these waiters' son doesn't arrive at two new.,syntax,ellipsis,ellipsis_n_bar_2,True,False,False,False,22,-168.02980041503906,-172.08444213867188,1
Dennis wasn't boycotting one college campus and Laurie wasn't boycotting some blue college campus.,Dennis wasn't boycotting one orange college campus and Laurie wasn't boycotting some blue.,syntax,ellipsis,ellipsis_n_bar_2,True,False,False,False,23,-153.54641723632812,-145.2974395751953,0
Holly disgusted one employee and mirrors disgusted some lucky employee.,Holly disgusted one clever employee and mirrors disgusted some lucky.,syntax,ellipsis,ellipsis_n_bar_2,True,False,False,False,24,-110.44700622558594,-113.72215270996094,1
Tonya isn't attacking three brothers and Frank isn't attacking fewer bad brothers.,Tonya isn't attacking three employed brothers and Frank isn't attacking fewer bad.,syntax,ellipsis,ellipsis_n_bar_2,True,False,False,False,25,-114.74127960205078,-122.81358337402344,1
Ellen's partners work with five cashiers and most boys work with four uncertain cashiers.,Ellen's partners work with five big cashiers and most boys work with four uncertain.,syntax,ellipsis,ellipsis_n_bar_2,True,False,False,False,26,-122.74011993408203,-115.25175476074219,0
Homer would confuse four teachers and a mother of Melissa would confuse five clever teachers.,Homer would confuse four hopeful teachers and a mother of Melissa would confuse five clever.,syntax,ellipsis,ellipsis_n_bar_2,True,False,False,False,27,-128.45706176757812,-135.49981689453125,1
Samantha's doctors reference several fathers of and Tara's partners reference a few unconvinced fathers of.,Samantha's doctors reference several ill fathers of and Tara's partners reference a few unconvinced.,syntax,ellipsis,ellipsis_n_bar_2,True,False,False,False,28,-164.5335693359375,-161.36892700195312,0
Brad isn't listening to several grandmothers and Colleen isn't listening to a few upset grandmothers.,Brad isn't listening to several employed grandmothers and Colleen isn't listening to a few upset.,syntax,ellipsis,ellipsis_n_bar_2,True,False,False,False,29,-125.56388854980469,-124.09381103515625,0
Timothy's grandfathers are scanning one piano teacher and a child's fathers are scanning some busy piano teacher.,Timothy's grandfathers are scanning one scared piano teacher and a child's fathers are scanning some busy.,syntax,ellipsis,ellipsis_n_bar_2,True,False,False,False,30,-143.7147979736328,-144.2236328125,1
Nina has disgusted three women and a lot of unicycles had disgusted almost as many unlucky women.,Nina has disgusted three sick women and a lot of unicycles had disgusted almost as many unlucky.,syntax,ellipsis,ellipsis_n_bar_2,True,False,False,False,31,-135.45843505859375,-140.83172607421875,1
Monica's daughters examine one French teacher and all grandfathers of Walter examine several unsure French teacher.,Monica's daughters examine one displeased French teacher and all grandfathers of Walter examine several unsure.,syntax,ellipsis,ellipsis_n_bar_2,True,False,False,False,32,-160.67208862304688,-158.02529907226562,0
Meredith is praising a few fathers of and Barbara is praising several exposed fathers of.,Meredith is praising a few lost fathers of and Barbara is praising several exposed.,syntax,ellipsis,ellipsis_n_bar_2,True,False,False,False,33,-120.81012725830078,-117.55001068115234,0
A lady's contractors bore a lot of grandmothers of and those essays bore a few upset grandmothers of.,A lady's contractors bore a lot of unconvinced grandmothers of and those essays bore a few upset.,syntax,ellipsis,ellipsis_n_bar_2,True,False,False,False,34,-150.84860229492188,-150.24468994140625,0
Alicia's supervisors hadn't found one pedestrian and Benjamin hadn't found a few confident pedestrian.,Alicia's supervisors hadn't found one fast pedestrian and Benjamin hadn't found a few confident.,syntax,ellipsis,ellipsis_n_bar_2,True,False,False,False,35,-132.94195556640625,-130.69583129882812,0
Phillip has irritated one organization and many documentaries about Winston Churchill had irritated a few important organization.,Phillip has irritated one bad organization and many documentaries about Winston Churchill had irritated a few important.,syntax,ellipsis,ellipsis_n_bar_2,True,False,False,False,36,-124.84376525878906,-134.15771484375,1
Winston Churchill is admiring one chair and Linda is admiring five dirty chair.,Winston Churchill is admiring one old chair and Linda is admiring five dirty.,syntax,ellipsis,ellipsis_n_bar_2,True,False,False,False,37,-123.83955383300781,-120.11215209960938,0
Vincent wore one shirt and Matt wore some big shirt.,Vincent wore one hidden shirt and Matt wore some big.,syntax,ellipsis,ellipsis_n_bar_2,True,False,False,False,38,-76.658935546875,-85.38458251953125,1
Linda's French teachers aren't boasting about one show about and Julie isn't boasting about three bad show about.,Linda's French teachers aren't boasting about one good show about and Julie isn't boasting about three bad.,syntax,ellipsis,ellipsis_n_bar_2,True,False,False,False,39,-148.32894897460938,-141.48915100097656,0
The guests observe one friend and Adam's plumbers observe many fast friend.,The guests observe one unsure friend and Adam's plumbers observe many fast.,syntax,ellipsis,ellipsis_n_bar_2,True,False,False,False,40,-113.08292388916016,-119.48751831054688,1
Cousins of a lot of women love one grandson of and Mary's plumbers love three out in the open grandson of.,Cousins of a lot of women love one determined grandson of and Mary's plumbers love three out in the open.,syntax,ellipsis,ellipsis_n_bar_2,True,False,False,False,41,-166.6387176513672,-160.39732360839844,0
That muffin bores three senators and this bicycle bores two unsure senators.,That muffin bores three young senators and this bicycle bores two unsure.,syntax,ellipsis,ellipsis_n_bar_2,True,False,False,False,42,-127.06551361083984,-122.44269561767578,0
Most mothers of Keith would love one actor and all cashiers would love three determined actor.,Most mothers of Keith would love one young actor and all cashiers would love three determined.,syntax,ellipsis,ellipsis_n_bar_2,True,False,False,False,43,-139.30999755859375,-136.63156127929688,0
Most men worried a few grandmothers and Alicia worried a lot sick grandmothers.,Most men worried a few standing grandmothers and Alicia worried a lot sick.,syntax,ellipsis,ellipsis_n_bar_2,True,False,False,False,44,-116.34082794189453,-110.94754791259766,0
Brett's best friend shouldn't impress one ex-wife and Meredith's ex-wives shouldn't impress a few ill ex-wife.,Brett's best friend shouldn't impress one busy ex-wife and Meredith's ex-wives shouldn't impress a few ill.,syntax,ellipsis,ellipsis_n_bar_2,True,False,False,False,45,-161.349609375,-161.33612060546875,0
Craig took one drawing and Christopher's colleague took at least as many concealed drawing.,Craig took one small drawing and Christopher's colleague took at least as many concealed.,syntax,ellipsis,ellipsis_n_bar_2,True,False,False,False,46,-122.48616027832031,-119.86601257324219,0
The pedestrian's nieces climb up three steps and some teenagers climb up fewer black steps.,The pedestrian's nieces climb up three hidden steps and some teenagers climb up fewer black.,syntax,ellipsis,ellipsis_n_bar_2,True,False,False,False,47,-132.4510498046875,-140.9789581298828,1
Lori can't descend one ladder and Aaron can't descend four smooth ladder.,Lori can't descend one black ladder and Aaron can't descend four smooth.,syntax,ellipsis,ellipsis_n_bar_2,True,False,False,False,48,-113.34090423583984,-113.10295104980469,0
Most waiters complain about one grandson and the cousins of Jeffrey complain about a few clever grandson.,Most waiters complain about one good grandson and the cousins of Jeffrey complain about a few clever.,syntax,ellipsis,ellipsis_n_bar_2,True,False,False,False,49,-137.47195434570312,-138.7669219970703,1
Samantha isn't arriving at no glaciers and Tracy isn't arriving at some small glaciers.,Samantha isn't arriving at no concealed glaciers and Tracy isn't arriving at some small.,syntax,ellipsis,ellipsis_n_bar_2,True,False,False,False,50,-120.89253234863281,-120.70594787597656,0
A lot of dancers' French teacher escapes from three brothers of and Eric escapes from at least as many lost brothers of.,A lot of dancers' French teacher escapes from three hidden brothers of and Eric escapes from at least as many lost.,syntax,ellipsis,ellipsis_n_bar_2,True,False,False,False,51,-159.74624633789062,-156.54019165039062,0
Allison is visiting one brother and Brett's brother is visiting a few big brother.,Allison is visiting one unlucky brother and Brett's brother is visiting a few big.,syntax,ellipsis,ellipsis_n_bar_2,True,False,False,False,52,-99.08130645751953,-115.02751159667969,1
A lot of men skate around a few museums and the Borgias skate around several important museums.,A lot of men skate around a few messy museums and the Borgias skate around several important.,syntax,ellipsis,ellipsis_n_bar_2,True,False,False,False,53,-122.07715606689453,-130.3668212890625,1
Lawrence's doctors couldn't kiss three associates and Cynthia couldn't kiss at least as many happy associates.,Lawrence's doctors couldn't kiss three old associates and Cynthia couldn't kiss at least as many happy.,syntax,ellipsis,ellipsis_n_bar_2,True,False,False,False,54,-144.25924682617188,-139.73028564453125,0
Russell's supervisor boasts about three dentists and Julia boasts about almost as many concealed dentists.,Russell's supervisor boasts about three hopeful dentists and Julia boasts about almost as many concealed.,syntax,ellipsis,ellipsis_n_bar_2,True,False,False,False,55,-138.6486053466797,-140.59521484375,1
Brad's electricians haven't bought a few rugs and Kathleen has bought a lot hard rugs.,Brad's electricians haven't bought a few blue rugs and Kathleen has bought a lot hard.,syntax,ellipsis,ellipsis_n_bar_2,True,False,False,False,56,-128.77218627929688,-124.08470153808594,0
Carolyn praises one spouse and Robert's ex-husband praises two scared spouse.,Carolyn praises one good spouse and Robert's ex-husband praises two scared.,syntax,ellipsis,ellipsis_n_bar_2,True,False,False,False,57,-121.56979370117188,-117.08010864257812,0
Sherry had annoyed a few supervisors and some movie about art had annoyed several nice supervisors.,Sherry had annoyed a few bad supervisors and some movie about art had annoyed several nice.,syntax,ellipsis,ellipsis_n_bar_2,True,False,False,False,58,-132.82806396484375,-125.99588775634766,0
The Clintons can admire one best friend and Holly's oncologist can admire several lucky best friend.,The Clintons can admire one lost best friend and Holly's oncologist can admire several lucky.,syntax,ellipsis,ellipsis_n_bar_2,True,False,False,False,59,-165.1343994140625,-161.25314331054688,0
Elaine isn't observing three friends of and Marla isn't observing more delighted friends of.,Elaine isn't observing three old friends of and Marla isn't observing more delighted.,syntax,ellipsis,ellipsis_n_bar_2,True,False,False,False,60,-127.0811996459961,-122.92662048339844,0
Erin's piano teacher is climbing up several ladders and Christine is climbing up a few gray ladders.,Erin's piano teacher is climbing up several smooth ladders and Christine is climbing up a few gray.,syntax,ellipsis,ellipsis_n_bar_2,True,False,False,False,61,-132.0679931640625,-135.84878540039062,1
This painting scared three actresses and that blouse scared more upset actresses.,This painting scared three fast actresses and that blouse scared more upset.,syntax,ellipsis,ellipsis_n_bar_2,True,False,False,False,62,-113.82492065429688,-110.31182861328125,0
Raymond was exiting one public park and a teacher was exiting a few bad public park.,Raymond was exiting one purple public park and a teacher was exiting a few bad.,syntax,ellipsis,ellipsis_n_bar_2,True,False,False,False,63,-120.27942657470703,-121.46705627441406,1
Liam leaves one grandfather and many teachers' father leaves four fast grandfather.,Liam leaves one hidden grandfather and many teachers' father leaves four fast.,syntax,ellipsis,ellipsis_n_bar_2,True,False,False,False,64,-116.75421142578125,-116.10944366455078,0
The children can hug a few cousins and Gregory can hug a lot small cousins.,The children can hug a few busy cousins and Gregory can hug a lot small.,syntax,ellipsis,ellipsis_n_bar_2,True,False,False,False,65,-100.43656158447266,-104.98584747314453,1
Karla's daughters investigate one niece of and Peter's dermatologists investigate at least as many long niece of.,Karla's daughters investigate one serious niece of and Peter's dermatologists investigate at least as many long.,syntax,ellipsis,ellipsis_n_bar_2,True,False,False,False,66,-175.58065795898438,-168.268798828125,0
Every woman talks about one movie theater and Dan's tutor talks about some big movie theater.,Every woman talks about one new movie theater and Dan's tutor talks about some big.,syntax,ellipsis,ellipsis_n_bar_2,True,False,False,False,67,-110.72180938720703,-107.91658020019531,0
Curtis didn't leave few mentors and James didn't leave many displeased mentors.,Curtis didn't leave few determined mentors and James didn't leave many displeased.,syntax,ellipsis,ellipsis_n_bar_2,True,False,False,False,68,-123.60465240478516,-128.15733337402344,1
The Lutherans' daughters scan five grandfathers and these waiters scan four lucky grandfathers.,The Lutherans' daughters scan five busy grandfathers and these waiters scan four lucky.,syntax,ellipsis,ellipsis_n_bar_2,True,False,False,False,69,-151.0532989501953,-150.63796997070312,0
Some computer astounds three ex-boyfriends and Jennifer's dermatologists astounds at least as many displeased ex-boyfriends.,Some computer astounds three excited ex-boyfriends and Jennifer's dermatologists astounds at least as many displeased.,syntax,ellipsis,ellipsis_n_bar_2,True,False,False,False,70,-209.59458923339844,-198.8424072265625,0
These pedestrians aren't arguing about one doctor and Bradley was arguing about some troubled doctor.,These pedestrians aren't arguing about one confident doctor and Bradley was arguing about some troubled.,syntax,ellipsis,ellipsis_n_bar_2,True,False,False,False,71,-115.13429260253906,-118.90994262695312,1
Judy wore four sweaters and Emily wore five big sweaters.,Judy wore four brown sweaters and Emily wore five big.,syntax,ellipsis,ellipsis_n_bar_2,True,False,False,False,72,-93.29747009277344,-93.75067138671875,1
Some man's colleague goes to two schools and Gregory goes to three orange schools.,Some man's colleague goes to two blue schools and Gregory goes to three orange.,syntax,ellipsis,ellipsis_n_bar_2,True,False,False,False,73,-101.60470581054688,-108.232666015625,1
A lady cleans no hospitals and Amelia cleans some hidden hospitals.,A lady cleans no red hospitals and Amelia cleans some hidden.,syntax,ellipsis,ellipsis_n_bar_2,True,False,False,False,74,-108.95457458496094,-108.42161560058594,0
Peter remembers one grandfather and Tanya remembers few concealed grandfather.,Peter remembers one uncertain grandfather and Tanya remembers few concealed.,syntax,ellipsis,ellipsis_n_bar_2,True,False,False,False,75,-106.85050964355469,-107.75651550292969,1
Many dishes hadn't impressed no waiters and some water hadn't impressed some unlucky waiters.,Many dishes hadn't impressed no ill waiters and some water hadn't impressed some unlucky.,syntax,ellipsis,ellipsis_n_bar_2,True,False,False,False,76,-138.58880615234375,-131.47210693359375,0
Jason was passing one museum and that woman was passing several dirty museum.,Jason was passing one messy museum and that woman was passing several dirty.,syntax,ellipsis,ellipsis_n_bar_2,True,False,False,False,77,-100.02798461914062,-99.52020263671875,0
Patricia isn't complaining about one guest and Roger isn't complaining about five uncertain guest.,Patricia isn't complaining about one exposed guest and Roger isn't complaining about five uncertain.,syntax,ellipsis,ellipsis_n_bar_2,True,False,False,False,78,-115.34732055664062,-118.19401550292969,1
Amy has driven to one hospital and Carla has driven to some messy hospital.,Amy has driven to one purple hospital and Carla has driven to some messy.,syntax,ellipsis,ellipsis_n_bar_2,True,False,False,False,79,-98.21766662597656,-109.09605407714844,1
Marie works with five people and Leslie works with four concealed people.,Marie works with five uncertain people and Leslie works with four concealed.,syntax,ellipsis,ellipsis_n_bar_2,True,False,False,False,80,-91.05738067626953,-104.83175659179688,1
Marcus exited one hospital and Heidi exited several concealed hospital.,Marcus exited one white hospital and Heidi exited several concealed.,syntax,ellipsis,ellipsis_n_bar_2,True,False,False,False,81,-113.90926361083984,-116.99756622314453,1
The dishes disturb two daughters of and all plays about Monet disturb three delighted daughters of.,The dishes disturb two lost daughters of and all plays about Monet disturb three delighted.,syntax,ellipsis,ellipsis_n_bar_2,True,False,False,False,82,-145.67430114746094,-147.65533447265625,1
Julia is hugging one best friend and Becca is hugging at least as many excited best friend.,Julia is hugging one content best friend and Becca is hugging at least as many excited.,syntax,ellipsis,ellipsis_n_bar_2,True,False,False,False,83,-131.0947265625,-131.395751953125,1
Michelle conceals three hills and that guy conceals at least as many out in the open hills.,Michelle conceals three black hills and that guy conceals at least as many out in the open.,syntax,ellipsis,ellipsis_n_bar_2,True,False,False,False,84,-130.43251037597656,-131.67633056640625,1
Stacy had respected one doctor and Grace had respected many unsure doctor.,Stacy had respected one lost doctor and Grace had respected many unsure.,syntax,ellipsis,ellipsis_n_bar_2,True,False,False,False,85,-105.82633972167969,-105.75335693359375,0
Women shouldn't appreciate one ex-husband and Becky shouldn't appreciate two long ex-husband.,Women shouldn't appreciate one confident ex-husband and Becky shouldn't appreciate two long.,syntax,ellipsis,ellipsis_n_bar_2,True,False,False,False,86,-118.29277038574219,-109.74822235107422,0
Phillip's ex-girlfriends examine four newspaper articles and Tamara's ex-wives examine five smooth newspaper articles.,Phillip's ex-girlfriends examine four black newspaper articles and Tamara's ex-wives examine five smooth.,syntax,ellipsis,ellipsis_n_bar_2,True,False,False,False,87,-170.97344970703125,-159.83010864257812,0
Meredith wasn't cleaning one nose and Carolyn's ex-boyfriends weren't cleaning three out in the open nose.,Meredith wasn't cleaning one purple nose and Carolyn's ex-boyfriends weren't cleaning three out in the open.,syntax,ellipsis,ellipsis_n_bar_2,True,False,False,False,88,-148.4824676513672,-153.03558349609375,1
Andrea's dentists mess up three malls and Susan's ex-boyfriends mess up fewer green malls.,Andrea's dentists mess up three big malls and Susan's ex-boyfriends mess up fewer green.,syntax,ellipsis,ellipsis_n_bar_2,True,False,False,False,89,-171.08316040039062,-165.13145446777344,0
Beth saw one piano teacher and Kristin saw several content piano teacher.,Beth saw one ill piano teacher and Kristin saw several content.,syntax,ellipsis,ellipsis_n_bar_2,True,False,False,False,90,-106.69795227050781,-105.15948486328125,0
Deanna toured several college campuses and Curtis toured a few concealed college campuses.,Deanna toured several yellow college campuses and Curtis toured a few concealed.,syntax,ellipsis,ellipsis_n_bar_2,True,False,False,False,91,-128.77749633789062,-130.2922821044922,1
Vincent isn't running around three libraries and the Borgias aren't running around almost as many exposed libraries.,Vincent isn't running around three red libraries and the Borgias aren't running around almost as many exposed.,syntax,ellipsis,ellipsis_n_bar_2,True,False,False,False,92,-135.46165466308594,-136.06292724609375,1
Vanessa had a few screens and Linda had several brown screens.,Vanessa had a few out in the open screens and Linda had several brown.,syntax,ellipsis,ellipsis_n_bar_2,True,False,False,False,93,-81.10442352294922,-91.43498229980469,1
Daniel's spouse insults five electricians and Ellen insults four employed electricians.,Daniel's spouse insults five excited electricians and Ellen insults four employed.,syntax,ellipsis,ellipsis_n_bar_2,True,False,False,False,94,-138.15380859375,-136.19664001464844,0
Every waiter shouldn't take a few reports about and Jason shouldn't take several concealed reports about.,Every waiter shouldn't take a few lost reports about and Jason shouldn't take several concealed.,syntax,ellipsis,ellipsis_n_bar_2,True,False,False,False,95,-119.01828002929688,-118.81784057617188,0
The guest liked one waiter and Donald's son liked two small waiter.,The guest liked one standing waiter and Donald's son liked two small.,syntax,ellipsis,ellipsis_n_bar_2,True,False,False,False,96,-101.01004028320312,-101.467529296875,1
Wayne's cousins question one grandmother of and Tonya's best friends question many determined grandmother of.,Wayne's cousins question one old grandmother of and Tonya's best friends question many determined.,syntax,ellipsis,ellipsis_n_bar_2,True,False,False,False,97,-154.35702514648438,-141.5183868408203,0
Elaine isn't irritating a lot of tutors and a lot of plays weren't irritating a few busy tutors.,Elaine isn't irritating a lot of good tutors and a lot of plays weren't irritating a few busy.,syntax,ellipsis,ellipsis_n_bar_2,True,False,False,False,98,-135.23007202148438,-128.3692626953125,0
Some senator hides one boyfriend and Tamara hides few out in the open boyfriend.,Some senator hides one long boyfriend and Tamara hides few out in the open.,syntax,ellipsis,ellipsis_n_bar_2,True,False,False,False,99,-125.71817016601562,-124.5625228881836,0
This bread annoys one man and this wheelbarrow annoys a lot troubled man.,This bread annoys one upset man and this wheelbarrow annoys a lot troubled.,syntax,ellipsis,ellipsis_n_bar_2,True,False,False,False,100,-112.89869689941406,-121.17158508300781,1
Actresses had passed one grocery store and a guy had passed a lot green grocery store.,Actresses had passed one exposed grocery store and a guy had passed a lot green.,syntax,ellipsis,ellipsis_n_bar_2,True,False,False,False,101,-111.70913696289062,-114.48797607421875,1
Gina embarrassed one classmate and some fork embarrassed more troubled classmate.,Gina embarrassed one scared classmate and some fork embarrassed more troubled.,syntax,ellipsis,ellipsis_n_bar_2,True,False,False,False,102,-114.12067413330078,-114.70563507080078,1
Liam is arriving at three lakes and Suzanne's mentee is arriving at fewer old lakes.,Liam is arriving at three rough lakes and Suzanne's mentee is arriving at fewer old.,syntax,ellipsis,ellipsis_n_bar_2,True,False,False,False,103,-133.9837646484375,-132.57814025878906,0
Jodi's friends admire one sock and Sabrina's hairdressers admire a few out in the open sock.,Jodi's friends admire one orange sock and Sabrina's hairdressers admire a few out in the open.,syntax,ellipsis,ellipsis_n_bar_2,True,False,False,False,104,-164.40362548828125,-164.3023223876953,0
Omar's teacher can argue about one grandson and all patients can argue about two exposed grandson.,Omar's teacher can argue about one ill grandson and all patients can argue about two exposed.,syntax,ellipsis,ellipsis_n_bar_2,True,False,False,False,105,-129.30540466308594,-131.8292236328125,1
Laurie's handymen aren't breaking one vase and Martha was breaking more brown vase.,Laurie's handymen aren't breaking one rough vase and Martha was breaking more brown.,syntax,ellipsis,ellipsis_n_bar_2,True,False,False,False,106,-135.43258666992188,-132.3897705078125,0
Those waitresses do explore three glaciers and Scott couldn't explore almost as many popular glaciers.,Those waitresses do explore three gray glaciers and Scott couldn't explore almost as many popular.,syntax,ellipsis,ellipsis_n_bar_2,True,False,False,False,107,-140.9005889892578,-140.79153442382812,0
Becca's classmate fled from one doctor and Stacey fled from few troubled doctor.,Becca's classmate fled from one concealed doctor and Stacey fled from few troubled.,syntax,ellipsis,ellipsis_n_bar_2,True,False,False,False,108,-123.84419250488281,-131.47361755371094,1
This bank hadn't argued about three electricians and these cousins of Frank hadn't argued about at least as many lost electricians.,This bank hadn't argued about three fast electricians and these cousins of Frank hadn't argued about at least as many lost.,syntax,ellipsis,ellipsis_n_bar_2,True,False,False,False,109,-165.7144775390625,-162.6198272705078,0
Tina does like one mall and the granddaughters of Richard do like four yellow mall.,Tina does like one exposed mall and the granddaughters of Richard do like four yellow.,syntax,ellipsis,ellipsis_n_bar_2,True,False,False,False,110,-125.62751770019531,-129.60665893554688,1
Jason's piano teachers distracts one grandmother of and this play about travel distracts three unsure grandmother of.,Jason's piano teachers distracts one big grandmother of and this play about travel distracts three unsure.,syntax,ellipsis,ellipsis_n_bar_2,True,False,False,False,111,-179.19168090820312,-163.63629150390625,0
Alexander wouldn't complain about two ex-girlfriends and Suzanne wouldn't complain about three serious ex-girlfriends.,Alexander wouldn't complain about two bad ex-girlfriends and Suzanne wouldn't complain about three serious.,syntax,ellipsis,ellipsis_n_bar_2,True,False,False,False,112,-126.90013122558594,-119.34098815917969,0
Stephanie's plumber is boycotting a lot of organizations and Larry is boycotting a few important organizations.,Stephanie's plumber is boycotting a lot of bad organizations and Larry is boycotting a few important.,syntax,ellipsis,ellipsis_n_bar_2,True,False,False,False,113,-147.44863891601562,-148.53506469726562,1
These associations forget two brothers and every adult's senators forget three lost brothers.,These associations forget two happy brothers and every adult's senators forget three lost.,syntax,ellipsis,ellipsis_n_bar_2,True,False,False,False,114,-116.25843811035156,-117.44309997558594,1
Melinda's podiatrists annoy one doctor and those cars annoy many exposed doctor.,Melinda's podiatrists annoy one unconvinced doctor and those cars annoy many exposed.,syntax,ellipsis,ellipsis_n_bar_2,True,False,False,False,115,-159.1876220703125,-176.7576904296875,1
Sheila's partners complain about one sister of and Nicole's grandmothers complain about more clever sister of.,Sheila's partners complain about one concealed sister of and Nicole's grandmothers complain about more clever.,syntax,ellipsis,ellipsis_n_bar_2,True,False,False,False,116,-145.21603393554688,-150.2047576904297,1
Some doctor's mentor hires three adults and Holly's colleague hires almost as many troubled adults.,Some doctor's mentor hires three sick adults and Holly's colleague hires almost as many troubled.,syntax,ellipsis,ellipsis_n_bar_2,True,False,False,False,117,-138.6096649169922,-142.28274536132812,1
Melanie dislikes no waiters and John dislikes some fast waiters.,Melanie dislikes no delighted waiters and John dislikes some fast.,syntax,ellipsis,ellipsis_n_bar_2,True,False,False,False,118,-121.26054382324219,-118.90360260009766,0
This granddaughter of Melinda won't embarrass one senator and the adults' dentists won't embarrass more young senator.,This granddaughter of Melinda won't embarrass one lucky senator and the adults' dentists won't embarrass more young.,syntax,ellipsis,ellipsis_n_bar_2,True,False,False,False,119,-153.17169189453125,-155.09326171875,1
Christine does love three plumbers and that person does love fewer clever plumbers.,Christine does love three nice plumbers and that person does love fewer clever.,syntax,ellipsis,ellipsis_n_bar_2,True,False,False,False,120,-120.14720153808594,-117.62825775146484,0
Christina walked through one closet and Christopher walked through four bad closet.,Christina walked through one concealed closet and Christopher walked through four bad.,syntax,ellipsis,ellipsis_n_bar_2,True,False,False,False,121,-93.22331237792969,-101.73390197753906,1
Ella wouldn't dislike one sister and Irene wouldn't dislike a few long sister.,Ella wouldn't dislike one employed sister and Irene wouldn't dislike a few long.,syntax,ellipsis,ellipsis_n_bar_2,True,False,False,False,122,-106.74504089355469,-115.01981353759766,1
John's associate isn't concealing one guest and Allison isn't concealing a lot uncertain guest.,John's associate isn't concealing one smart guest and Allison isn't concealing a lot uncertain.,syntax,ellipsis,ellipsis_n_bar_2,True,False,False,False,123,-134.14749145507812,-132.64608764648438,0
Veronica's plumbers sound like one doctor and many girls sound like several old doctor.,Veronica's plumbers sound like one lucky doctor and many girls sound like several old.,syntax,ellipsis,ellipsis_n_bar_2,True,False,False,False,124,-118.94476318359375,-122.0162124633789,1
Lisa hasn't approached many electricians and the actor's senator hasn't approached few big electricians.,Lisa hasn't approached many standing electricians and the actor's senator hasn't approached few big.,syntax,ellipsis,ellipsis_n_bar_2,True,False,False,False,125,-143.1237335205078,-143.19680786132812,1
Mitchell's contractors are approaching one cousin and Sally isn't approaching at least as many hidden cousin.,Mitchell's contractors are approaching one bad cousin and Sally isn't approaching at least as many hidden.,syntax,ellipsis,ellipsis_n_bar_2,True,False,False,False,126,-133.48614501953125,-137.44970703125,1
William will discover one play and Winston Churchill will discover several popular play.,William will discover one important play and Winston Churchill will discover several popular.,syntax,ellipsis,ellipsis_n_bar_2,True,False,False,False,127,-98.7200927734375,-98.22189331054688,0
Melanie's daughter concealed one granddaughter of and every adult's nieces concealed five small granddaughter of.,Melanie's daughter concealed one long granddaughter of and every adult's nieces concealed five small.,syntax,ellipsis,ellipsis_n_bar_2,True,False,False,False,128,-160.3375701904297,-149.618408203125,0
Becky is arguing about one story and Peter is arguing about five popular story.,Becky is arguing about one long story and Peter is arguing about five popular.,syntax,ellipsis,ellipsis_n_bar_2,True,False,False,False,129,-89.60403442382812,-93.19035339355469,1
Marcus's senator hadn't hurt many nieces and Nicole hadn't hurt few lucky nieces.,Marcus's senator hadn't hurt many unconvinced nieces and Nicole hadn't hurt few lucky.,syntax,ellipsis,ellipsis_n_bar_2,True,False,False,False,130,-151.73899841308594,-155.33383178710938,1
Martin's employees have discussed a few cashiers and every doctor hasn't discussed a lot clever cashiers.,Martin's employees have discussed a few important cashiers and every doctor hasn't discussed a lot clever.,syntax,ellipsis,ellipsis_n_bar_2,True,False,False,False,131,-134.85182189941406,-128.36834716796875,0
Tammy is praising one documentary and Monet is praising many popular documentary.,Tammy is praising one long documentary and Monet is praising many popular.,syntax,ellipsis,ellipsis_n_bar_2,True,False,False,False,132,-105.22816467285156,-106.83552551269531,1
Travis's supervisors remember four nieces of and most waiters remember five unemployed nieces of.,Travis's supervisors remember four smart nieces of and most waiters remember five unemployed.,syntax,ellipsis,ellipsis_n_bar_2,True,False,False,False,133,-179.7532958984375,-160.02682495117188,0
Laurie did like two cucumbers and Benjamin's best friend did like three small cucumbers.,Laurie did like two hidden cucumbers and Benjamin's best friend did like three small.,syntax,ellipsis,ellipsis_n_bar_2,True,False,False,False,134,-118.37786865234375,-125.34607696533203,1
Benjamin discovers one niece and Vincent discovers a lot good niece.,Benjamin discovers one clever niece and Vincent discovers a lot good.,syntax,ellipsis,ellipsis_n_bar_2,True,False,False,False,135,-91.24006652832031,-93.2447738647461,1
Samuel researches one newspaper article and Lucille's son researches four gray newspaper article.,Samuel researches one lost newspaper article and Lucille's son researches four gray.,syntax,ellipsis,ellipsis_n_bar_2,True,False,False,False,136,-140.02163696289062,-132.76438903808594,0
Anne isn't taking one face and Raymond isn't taking at least as many lost face.,Anne isn't taking one important face and Raymond isn't taking at least as many lost.,syntax,ellipsis,ellipsis_n_bar_2,True,False,False,False,137,-108.35529327392578,-112.75588989257812,1
Douglas's electrician flees from three sisters of and Christopher flees from fewer sick sisters of.,Douglas's electrician flees from three fast sisters of and Christopher flees from fewer sick.,syntax,ellipsis,ellipsis_n_bar_2,True,False,False,False,138,-150.13125610351562,-148.30233764648438,0
Carl boasted about one waiter and Sara boasted about more out in the open waiter.,Carl boasted about one unemployed waiter and Sara boasted about more out in the open.,syntax,ellipsis,ellipsis_n_bar_2,True,False,False,False,139,-117.35236358642578,-126.2060546875,1
John was investigating five friends of and Ann was investigating four unconvinced friends of.,John was investigating five good friends of and Ann was investigating four unconvinced.,syntax,ellipsis,ellipsis_n_bar_2,True,False,False,False,140,-117.39425659179688,-110.2593994140625,0
Jason was skated around one college campus and Paul was skated around four gray college campus.,Jason was skated around one yellow college campus and Paul was skated around four gray.,syntax,ellipsis,ellipsis_n_bar_2,True,False,False,False,141,-138.87435913085938,-129.99179077148438,0
A lot of doctors find one restaurant and the girls find many smooth restaurant.,A lot of doctors find one good restaurant and the girls find many smooth.,syntax,ellipsis,ellipsis_n_bar_2,True,False,False,False,142,-92.4016342163086,-89.79120635986328,0
Clyde couldn't drop by one school and every customer's husband couldn't drop by at least as many orange school.,Clyde couldn't drop by one small school and every customer's husband couldn't drop by at least as many orange.,syntax,ellipsis,ellipsis_n_bar_2,True,False,False,False,143,-155.8609619140625,-154.52029418945312,0
Christina bikes to several grocery stores and Cynthia bikes to a few green grocery stores.,Christina bikes to several orange grocery stores and Cynthia bikes to a few green.,syntax,ellipsis,ellipsis_n_bar_2,True,False,False,False,144,-125.39411163330078,-124.25574493408203,0
Carmen forgot three movies and Samuel forgot at least as many long movies.,Carmen forgot three good movies and Samuel forgot at least as many long.,syntax,ellipsis,ellipsis_n_bar_2,True,False,False,False,145,-105.52784729003906,-106.67435455322266,1
Theodore wasn't dropping by two college campuses and that sister of Tracy wasn't dropping by three small college campuses.,Theodore wasn't dropping by two exposed college campuses and that sister of Tracy wasn't dropping by three small.,syntax,ellipsis,ellipsis_n_bar_2,True,False,False,False,146,-155.28030395507812,-152.0224151611328,0
Cindy had irritated many companies and some restaurant had irritated few popular companies.,Cindy had irritated many important companies and some restaurant had irritated few popular.,syntax,ellipsis,ellipsis_n_bar_2,True,False,False,False,147,-108.65478515625,-109.63345336914062,1
A lot of cafes distracted a lot of museums and Alicia distracted a few new museums.,A lot of cafes distracted a lot of popular museums and Alicia distracted a few new.,syntax,ellipsis,ellipsis_n_bar_2,True,False,False,False,148,-113.33383178710938,-113.45965576171875,1
Most cousins of Kayla flee from one grocery store and all women's friends flee from three important grocery store.,Most cousins of Kayla flee from one dirty grocery store and all women's friends flee from three important.,syntax,ellipsis,ellipsis_n_bar_2,True,False,False,False,149,-147.599365234375,-150.80172729492188,1
Debra sells four doors and Douglas's daughter sells five black doors.,Debra sells four rough doors and Douglas's daughter sells five black.,syntax,ellipsis,ellipsis_n_bar_2,True,False,False,False,150,-108.82392120361328,-111.0457534790039,1
Gary messed up few shoes and a woman messed up many new shoes.,Gary messed up few hidden shoes and a woman messed up many new.,syntax,ellipsis,ellipsis_n_bar_2,True,False,False,False,151,-91.80865478515625,-102.70692443847656,1
Carolyn's brother doesn't listen to a lot of customers and most governments don't listen to a few clever customers.,Carolyn's brother doesn't listen to a lot of confident customers and most governments don't listen to a few clever.,syntax,ellipsis,ellipsis_n_bar_2,True,False,False,False,152,-118.00563049316406,-124.81060791015625,1
Matt is ascending three steps and Rachelle is ascending more gray steps.,Matt is ascending three exposed steps and Rachelle is ascending more gray.,syntax,ellipsis,ellipsis_n_bar_2,True,False,False,False,153,-108.16999816894531,-115.19877624511719,1
A cat isn't climbing up one ladder and Rodney isn't climbing up three big ladder.,A cat isn't climbing up one lost ladder and Rodney isn't climbing up three big.,syntax,ellipsis,ellipsis_n_bar_2,True,False,False,False,154,-105.47119903564453,-115.0368423461914,1
Derek might boast about one nephew of and Theodore might boast about a few sick nephew of.,Derek might boast about one unlucky nephew of and Theodore might boast about a few sick.,syntax,ellipsis,ellipsis_n_bar_2,True,False,False,False,155,-124.66194915771484,-123.127685546875,0
Amy's lawyer couldn't like one nephew of and most universities couldn't like three concealed nephew of.,Amy's lawyer couldn't like one clever nephew of and most universities couldn't like three concealed.,syntax,ellipsis,ellipsis_n_bar_2,True,False,False,False,156,-147.59169006347656,-137.74549865722656,0
This dancer did boast about one spouse and Ella did boast about a lot hidden spouse.,This dancer did boast about one clever spouse and Ella did boast about a lot hidden.,syntax,ellipsis,ellipsis_n_bar_2,True,False,False,False,157,-119.96823120117188,-122.2213363647461,1
Every restaurant hadn't bothered one person and Charles's spouse hadn't bothered some confident person.,Every restaurant hadn't bothered one delighted person and Charles's spouse hadn't bothered some confident.,syntax,ellipsis,ellipsis_n_bar_2,True,False,False,False,158,-125.34268951416016,-133.8582305908203,1
Jodi is impressing one brother and Naomi is impressing five nice brother.,Jodi is impressing one young brother and Naomi is impressing five nice.,syntax,ellipsis,ellipsis_n_bar_2,True,False,False,False,159,-116.3845443725586,-115.46826934814453,0
Thomas's ex-girlfriend had three newspaper articles and Heidi had two gray newspaper articles.,Thomas's ex-girlfriend had three small newspaper articles and Heidi had two gray.,syntax,ellipsis,ellipsis_n_bar_2,True,False,False,False,160,-111.55169677734375,-102.0352783203125,0
Jodi's piano teachers escape from three glaciers and Samuel's oncologists escape from more new glaciers.,Jodi's piano teachers escape from three bad glaciers and Samuel's oncologists escape from more new.,syntax,ellipsis,ellipsis_n_bar_2,True,False,False,False,161,-168.54367065429688,-172.15655517578125,1
Kathleen's piano teachers aren't selling five apples and most nieces of Theresa aren't selling four gray apples.,Kathleen's piano teachers aren't selling five rough apples and most nieces of Theresa aren't selling four gray.,syntax,ellipsis,ellipsis_n_bar_2,True,False,False,False,162,-172.39051818847656,-177.44627380371094,1
Connie hadn't bothered many nieces and Jodi hadn't bothered few small nieces.,Connie hadn't bothered many old nieces and Jodi hadn't bothered few small.,syntax,ellipsis,ellipsis_n_bar_2,True,False,False,False,163,-138.18988037109375,-130.094482421875,0
That waiter's grandmothers aren't passing one grocery store and that driver's best friend is passing four important grocery store.,That waiter's grandmothers aren't passing one orange grocery store and that driver's best friend is passing four important.,syntax,ellipsis,ellipsis_n_bar_2,True,False,False,False,164,-157.7984161376953,-155.39498901367188,0
Lori sees three gloves and Natalie sees at least as many hidden gloves.,Lori sees three purple gloves and Natalie sees at least as many hidden.,syntax,ellipsis,ellipsis_n_bar_2,True,False,False,False,165,-113.8050765991211,-116.41923522949219,1
Every nephew of Carol has examined one book about and William's husband has examined more smooth book about.,Every nephew of Carol has examined one purple book about and William's husband has examined more smooth.,syntax,ellipsis,ellipsis_n_bar_2,True,False,False,False,166,-136.74380493164062,-135.56951904296875,0
Diana isn't bothering several senators and that person isn't bothering a few clever senators.,Diana isn't bothering several big senators and that person isn't bothering a few clever.,syntax,ellipsis,ellipsis_n_bar_2,True,False,False,False,167,-113.08995056152344,-116.69715118408203,1
Those books about art hadn't upset one granddaughter of and some cups hadn't upset some upset granddaughter of.,Those books about art hadn't upset one old granddaughter of and some cups hadn't upset some upset.,syntax,ellipsis,ellipsis_n_bar_2,True,False,False,False,168,-159.92965698242188,-148.1145782470703,0
Every bank helps several classmates and Mitchell's lawyer helps a few determined classmates.,Every bank helps several upset classmates and Mitchell's lawyer helps a few determined.,syntax,ellipsis,ellipsis_n_bar_2,True,False,False,False,169,-125.59109497070312,-127.16990661621094,1
Vincent hid four spotlights and a lot of guests hid five green spotlights.,Vincent hid four popular spotlights and a lot of guests hid five green.,syntax,ellipsis,ellipsis_n_bar_2,True,False,False,False,170,-124.92404174804688,-118.27083587646484,0
Eva has healed one ex-girlfriend and every student has healed more uncertain ex-girlfriend.,Eva has healed one ill ex-girlfriend and every student has healed more uncertain.,syntax,ellipsis,ellipsis_n_bar_2,True,False,False,False,171,-123.18853759765625,-116.56343078613281,0
Pamela examines one best friend and this dancer examines two happy best friend.,Pamela examines one fast best friend and this dancer examines two happy.,syntax,ellipsis,ellipsis_n_bar_2,True,False,False,False,172,-119.56246948242188,-118.1729736328125,0
Ladies had brought three prints of and Kayla had brought at least as many big prints of.,Ladies had brought three lost prints of and Kayla had brought at least as many big.,syntax,ellipsis,ellipsis_n_bar_2,True,False,False,False,173,-121.37828063964844,-116.66915893554688,0
Melinda hasn't noticed one employee and Florence hasn't noticed many long employee.,Melinda hasn't noticed one clever employee and Florence hasn't noticed many long.,syntax,ellipsis,ellipsis_n_bar_2,True,False,False,False,174,-109.32589721679688,-108.01101684570312,0
Anna's dentists bores one lady and some banana bores four big lady.,Anna's dentists bores one unemployed lady and some banana bores four big.,syntax,ellipsis,ellipsis_n_bar_2,True,False,False,False,175,-121.66480255126953,-133.05178833007812,1
A lot of friends of Bill had investigated three boys and Gerald's girlfriend had investigated almost as many content boys.,A lot of friends of Bill had investigated three standing boys and Gerald's girlfriend had investigated almost as many content.,syntax,ellipsis,ellipsis_n_bar_2,True,False,False,False,176,-135.1951904296875,-138.86044311523438,1
Gary's wife climbed up one mountain and these nieces of Robert climbed up three bad mountain.,Gary's wife climbed up one hidden mountain and these nieces of Robert climbed up three bad.,syntax,ellipsis,ellipsis_n_bar_2,True,False,False,False,177,-138.19239807128906,-143.2940673828125,1
Every cashier hated few dermatologists and this boy hated many delighted dermatologists.,Every cashier hated few content dermatologists and this boy hated many delighted.,syntax,ellipsis,ellipsis_n_bar_2,True,False,False,False,178,-150.92723083496094,-131.0800323486328,0
Lawrence sounds like a few essays about and some movie sounds like several good essays about.,Lawrence sounds like a few bad essays about and some movie sounds like several good.,syntax,ellipsis,ellipsis_n_bar_2,True,False,False,False,179,-107.06768798828125,-101.88603973388672,0
Amy can't look like a few photographs and Florence can't look like a lot smooth photographs.,Amy can't look like a few exposed photographs and Florence can't look like a lot smooth.,syntax,ellipsis,ellipsis_n_bar_2,True,False,False,False,180,-103.02064514160156,-107.56034088134766,1
Erin arrived at several libraries and Richard's teachers arrived at a few popular libraries.,Erin arrived at several bad libraries and Richard's teachers arrived at a few popular.,syntax,ellipsis,ellipsis_n_bar_2,True,False,False,False,181,-106.92242431640625,-111.1375503540039,1
A projector impresses one senator and that hat impresses more busy senator.,A projector impresses one employed senator and that hat impresses more busy.,syntax,ellipsis,ellipsis_n_bar_2,True,False,False,False,182,-129.93521118164062,-128.65103149414062,0
Kendra's brothers walk through a few museums and Brian's colleagues walk through several bad museums.,Kendra's brothers walk through a few small museums and Brian's colleagues walk through several bad.,syntax,ellipsis,ellipsis_n_bar_2,True,False,False,False,183,-138.01437377929688,-141.28329467773438,1
Allison's colleague isn't disagreeing with three guys and this grandmother of Paul isn't disagreeing with more standing guys.,Allison's colleague isn't disagreeing with three unsure guys and this grandmother of Paul isn't disagreeing with more standing.,syntax,ellipsis,ellipsis_n_bar_2,True,False,False,False,184,-157.9246826171875,-166.0899658203125,1
Joseph was bringing three hills and every waiter was bringing more bad hills.,Joseph was bringing three hard hills and every waiter was bringing more bad.,syntax,ellipsis,ellipsis_n_bar_2,True,False,False,False,185,-105.07707214355469,-104.94126892089844,0
Stacey hadn't talked to one son and those cashiers hadn't talked to four clever son.,Stacey hadn't talked to one old son and those cashiers hadn't talked to four clever.,syntax,ellipsis,ellipsis_n_bar_2,True,False,False,False,186,-120.95710754394531,-121.609130859375,1
These cashiers argue about one niece and Thomas's ex-husbands argue about many sick niece.,These cashiers argue about one excited niece and Thomas's ex-husbands argue about many sick.,syntax,ellipsis,ellipsis_n_bar_2,True,False,False,False,187,-148.80531311035156,-152.36631774902344,1
Carla returned to one cousin and Sandra returned to several unsure cousin.,Carla returned to one nice cousin and Sandra returned to several unsure.,syntax,ellipsis,ellipsis_n_bar_2,True,False,False,False,188,-98.80767822265625,-98.4901123046875,0
Many dancers weren't breaking several planes and Jill's handyman isn't breaking a few orange planes.,Many dancers weren't breaking several red planes and Jill's handyman isn't breaking a few orange.,syntax,ellipsis,ellipsis_n_bar_2,True,False,False,False,189,-138.43008422851562,-137.37255859375,0
Carla was hugging three dancers and Laura was hugging fewer important dancers.,Carla was hugging three unemployed dancers and Laura was hugging fewer important.,syntax,ellipsis,ellipsis_n_bar_2,True,False,False,False,190,-105.73905181884766,-115.66036987304688,1
A lot of friends of Kirsten shocks three sisters and this convertible shocks at least as many small sisters.,A lot of friends of Kirsten shocks three young sisters and this convertible shocks at least as many small.,syntax,ellipsis,ellipsis_n_bar_2,True,False,False,False,191,-136.41725158691406,-134.03115844726562,0
Those teachers' mentee didn't remember three cousins of and Stacy didn't remember more exposed cousins of.,Those teachers' mentee didn't remember three lucky cousins of and Stacy didn't remember more exposed.,syntax,ellipsis,ellipsis_n_bar_2,True,False,False,False,192,-157.7507781982422,-148.55914306640625,0
Some play about current events embarrasses one doctor and the Borgias embarrasses four hidden doctor.,Some play about current events embarrasses one delighted doctor and the Borgias embarrasses four hidden.,syntax,ellipsis,ellipsis_n_bar_2,True,False,False,False,193,-145.028564453125,-148.65426635742188,1
This customer went to one river and Anne went to some hard river.,This customer went to one exposed river and Anne went to some hard.,syntax,ellipsis,ellipsis_n_bar_2,True,False,False,False,194,-83.03985595703125,-89.16511535644531,1
Daniel drops by one library and Liam drops by several popular library.,Daniel drops by one red library and Liam drops by several popular.,syntax,ellipsis,ellipsis_n_bar_2,True,False,False,False,195,-102.420654296875,-107.18663787841797,1
Naomi's handymen have cleaned one high school and Thomas's best friend has cleaned some gray high school.,Naomi's handymen have cleaned one small high school and Thomas's best friend has cleaned some gray.,syntax,ellipsis,ellipsis_n_bar_2,True,False,False,False,196,-148.2855682373047,-142.76553344726562,0
Amy bored three mentees and the libraries bored fewer happy mentees.,Amy bored three lost mentees and the libraries bored fewer happy.,syntax,ellipsis,ellipsis_n_bar_2,True,False,False,False,197,-139.44818115234375,-127.30805206298828,0
Heidi's sister loves a lot of contractors and Dennis loves a few serious contractors.,Heidi's sister loves a lot of nice contractors and Dennis loves a few serious.,syntax,ellipsis,ellipsis_n_bar_2,True,False,False,False,198,-108.83280944824219,-108.54998016357422,0
Laura's podiatrists weren't approaching many granddaughters and most men weren't approaching few scared granddaughters.,Laura's podiatrists weren't approaching many hidden granddaughters and most men weren't approaching few scared.,syntax,ellipsis,ellipsis_n_bar_2,True,False,False,False,199,-180.06048583984375,-176.40960693359375,0
Charles's partners do bring three rugs and Mark's students do bring more purple rugs.,Charles's partners do bring three orange rugs and Mark's students do bring more purple.,syntax,ellipsis,ellipsis_n_bar_2,True,False,False,False,200,-136.84812927246094,-134.75454711914062,0
Douglas's ex-husbands love one sister of and the governments love some exposed sister of.,Douglas's ex-husbands love one happy sister of and the governments love some exposed.,syntax,ellipsis,ellipsis_n_bar_2,True,False,False,False,201,-151.16891479492188,-142.74237060546875,0
The documentary about Monet had stunned a lot of handymen and that drawing of a cucumber had stunned a few unlucky handymen.,The documentary about Monet had stunned a lot of happy handymen and that drawing of a cucumber had stunned a few unlucky.,syntax,ellipsis,ellipsis_n_bar_2,True,False,False,False,202,-181.63424682617188,-171.24172973632812,0
Karen isn't hiring two nieces of and the Lutherans are hiring three concealed nieces of.,Karen isn't hiring two excited nieces of and the Lutherans are hiring three concealed.,syntax,ellipsis,ellipsis_n_bar_2,True,False,False,False,203,-164.88583374023438,-148.14346313476562,0
Anne can't break three unicycles and Martin can't break at least as many rough unicycles.,Anne can't break three red unicycles and Martin can't break at least as many rough.,syntax,ellipsis,ellipsis_n_bar_2,True,False,False,False,204,-131.21731567382812,-121.73716735839844,0
Every guy's oncologists researched one ex-husband and Claire researched at least as many standing ex-husband.,Every guy's oncologists researched one old ex-husband and Claire researched at least as many standing.,syntax,ellipsis,ellipsis_n_bar_2,True,False,False,False,205,-160.4205780029297,-151.8697052001953,0
Timothy's senator isn't questioning one cousin of and Renee isn't questioning a lot employed cousin of.,Timothy's senator isn't questioning one excited cousin of and Renee isn't questioning a lot employed.,syntax,ellipsis,ellipsis_n_bar_2,True,False,False,False,206,-149.94586181640625,-142.55746459960938,0
That grandfather of Irene investigates one university and this guy investigates many popular university.,That grandfather of Irene investigates one good university and this guy investigates many popular.,syntax,ellipsis,ellipsis_n_bar_2,True,False,False,False,207,-116.98219299316406,-118.15106201171875,1
That guest kisses one partner and Mary kisses three long partner.,That guest kisses one young partner and Mary kisses three long.,syntax,ellipsis,ellipsis_n_bar_2,True,False,False,False,208,-96.3534927368164,-93.2962646484375,0
That son of Heidi forgot one play and Karen's cousin forgot few popular play.,That son of Heidi forgot one good play and Karen's cousin forgot few popular.,syntax,ellipsis,ellipsis_n_bar_2,True,False,False,False,209,-122.27635955810547,-123.28719329833984,1
That grocery store aggravates one husband and many teachers aggravates five busy husband.,That grocery store aggravates one lucky husband and many teachers aggravates five busy.,syntax,ellipsis,ellipsis_n_bar_2,True,False,False,False,210,-133.58624267578125,-134.81973266601562,1
Lucille's oncologists see one woman and Heather's nephews see few unemployed woman.,Lucille's oncologists see one popular woman and Heather's nephews see few unemployed.,syntax,ellipsis,ellipsis_n_bar_2,True,False,False,False,211,-141.73133850097656,-141.00271606445312,0
All girls' teacher is discovering one turtle and Chad is discovering a lot red turtle.,All girls' teacher is discovering one purple turtle and Chad is discovering a lot red.,syntax,ellipsis,ellipsis_n_bar_2,True,False,False,False,212,-127.36036682128906,-125.61061096191406,0
Andrea explores one lake and Kendra explores few rough lake.,Andrea explores one out in the open lake and Kendra explores few rough.,syntax,ellipsis,ellipsis_n_bar_2,True,False,False,False,213,-103.14661407470703,-114.26812744140625,1
The picture looked like one tutor and this print looked like five displeased tutor.,The picture looked like one uncertain tutor and this print looked like five displeased.,syntax,ellipsis,ellipsis_n_bar_2,True,False,False,False,214,-103.46638488769531,-106.07731628417969,1
Clyde wouldn't disgust one brother and this ladder wouldn't disgust many confident brother.,Clyde wouldn't disgust one content brother and this ladder wouldn't disgust many confident.,syntax,ellipsis,ellipsis_n_bar_2,True,False,False,False,215,-139.30322265625,-148.483642578125,1
Most cousins of Eric lifted four screens and Marla's ex-husbands lifted five red screens.,Most cousins of Eric lifted four big screens and Marla's ex-husbands lifted five red.,syntax,ellipsis,ellipsis_n_bar_2,True,False,False,False,216,-154.61573791503906,-151.16339111328125,0
Carl disliked three waiters and the waiter disliked almost as many hidden waiters.,Carl disliked three uncertain waiters and the waiter disliked almost as many hidden.,syntax,ellipsis,ellipsis_n_bar_2,True,False,False,False,217,-126.34066772460938,-121.12330627441406,0
Stacy is breaking a few chairs and Ruth is breaking a lot lost chairs.,Stacy is breaking a few red chairs and Ruth is breaking a lot lost.,syntax,ellipsis,ellipsis_n_bar_2,True,False,False,False,218,-102.27874755859375,-104.05133056640625,1
Liam arrives at no rivers and Samantha arrives at some yellow rivers.,Liam arrives at no hard rivers and Samantha arrives at some yellow.,syntax,ellipsis,ellipsis_n_bar_2,True,False,False,False,219,-97.44140625,-102.61872863769531,1
The adult found a few waiters and Vincent found a lot good waiters.,The adult found a few scared waiters and Vincent found a lot good.,syntax,ellipsis,ellipsis_n_bar_2,True,False,False,False,220,-106.30510711669922,-99.366943359375,0
Many paintings look like one casserole and a lot of pictures look like a few hidden casserole.,Many paintings look like one gray casserole and a lot of pictures look like a few hidden.,syntax,ellipsis,ellipsis_n_bar_2,True,False,False,False,221,-110.45082092285156,-107.55852508544922,0
Donald hasn't boycotted few mountains and Kevin hasn't boycotted many concealed mountains.,Donald hasn't boycotted few yellow mountains and Kevin hasn't boycotted many concealed.,syntax,ellipsis,ellipsis_n_bar_2,True,False,False,False,222,-161.19949340820312,-161.59622192382812,1
Kristin can scare three organizations and every documentary can scare two popular organizations.,Kristin can scare three good organizations and every documentary can scare two popular.,syntax,ellipsis,ellipsis_n_bar_2,True,False,False,False,223,-112.72697448730469,-113.01656341552734,1
David runs around two cafes and Ellen runs around three old cafes.,David runs around two brown cafes and Ellen runs around three old.,syntax,ellipsis,ellipsis_n_bar_2,True,False,False,False,224,-99.67401123046875,-95.64924621582031,0
Those girls' sisters aren't walking through one school and Martin was walking through at least as many purple school.,Those girls' sisters aren't walking through one exposed school and Martin was walking through at least as many purple.,syntax,ellipsis,ellipsis_n_bar_2,True,False,False,False,225,-124.21704864501953,-131.2894744873047,1
Every patient's ex-wives should tour one bank and David should tour few red bank.,Every patient's ex-wives should tour one green bank and David should tour few red.,syntax,ellipsis,ellipsis_n_bar_2,True,False,False,False,226,-139.011474609375,-140.419677734375,1
Derek talks about one story about and Sarah's colleague talks about two long story about.,Derek talks about one good story about and Sarah's colleague talks about two long.,syntax,ellipsis,ellipsis_n_bar_2,True,False,False,False,227,-97.06832885742188,-100.09674835205078,1
Gerald's friends can care for one tutor and those grandmothers of these guests can care for a few serious tutor.,Gerald's friends can care for one unlucky tutor and those grandmothers of these guests can care for a few serious.,syntax,ellipsis,ellipsis_n_bar_2,True,False,False,False,228,-139.44679260253906,-146.32342529296875,1
Candice's boyfriend wasn't driving to a few closets and Martin wasn't driving to a lot black closets.,Candice's boyfriend wasn't driving to a few popular closets and Martin wasn't driving to a lot black.,syntax,ellipsis,ellipsis_n_bar_2,True,False,False,False,229,-133.9688720703125,-135.97476196289062,1
Connie criticizes three stories about and Kathleen criticizes fewer good stories about.,Connie criticizes three bad stories about and Kathleen criticizes fewer good.,syntax,ellipsis,ellipsis_n_bar_2,True,False,False,False,230,-122.00230407714844,-122.78108215332031,1
Vincent's plumber wasn't walking through three lakes and Carolyn's daughter wasn't walking through at least as many big lakes.,Vincent's plumber wasn't walking through three hidden lakes and Carolyn's daughter wasn't walking through at least as many big.,syntax,ellipsis,ellipsis_n_bar_2,True,False,False,False,231,-151.45741271972656,-158.21092224121094,1
Some beef doesn't astound no customers and Allison doesn't astound some smart customers.,Some beef doesn't astound no sick customers and Allison doesn't astound some smart.,syntax,ellipsis,ellipsis_n_bar_2,True,False,False,False,232,-134.57627868652344,-137.7994384765625,1
Erin shouldn't forget one guest and Theodore shouldn't forget three hopeful guest.,Erin shouldn't forget one employed guest and Theodore shouldn't forget three hopeful.,syntax,ellipsis,ellipsis_n_bar_2,True,False,False,False,233,-115.64371490478516,-116.68717956542969,1
Susan's associates shouldn't escape from one actress and Brenda's ex-wife shouldn't escape from two exposed actress.,Susan's associates shouldn't escape from one hopeful actress and Brenda's ex-wife shouldn't escape from two exposed.,syntax,ellipsis,ellipsis_n_bar_2,True,False,False,False,234,-141.9679718017578,-144.5415496826172,1
Angela talked about many ex-boyfriends and Carla's podiatrists talked about few big ex-boyfriends.,Angela talked about many nice ex-boyfriends and Carla's podiatrists talked about few big.,syntax,ellipsis,ellipsis_n_bar_2,True,False,False,False,235,-179.69752502441406,-166.29367065429688,0
Beverly's grandmothers ascend three slopes and that dancer's grandsons ascend almost as many lost slopes.,Beverly's grandmothers ascend three smooth slopes and that dancer's grandsons ascend almost as many lost.,syntax,ellipsis,ellipsis_n_bar_2,True,False,False,False,236,-178.2432098388672,-174.3696746826172,0
A lot of muffins astound three sisters of and many skateboards astound two small sisters of.,A lot of muffins astound three busy sisters of and many skateboards astound two small.,syntax,ellipsis,ellipsis_n_bar_2,True,False,False,False,237,-151.51824951171875,-148.80609130859375,0
Christopher is describing a lot of restaurants and Martin is describing a few good restaurants.,Christopher is describing a lot of hidden restaurants and Martin is describing a few good.,syntax,ellipsis,ellipsis_n_bar_2,True,False,False,False,238,-99.45367431640625,-104.89933013916016,1
All women watch one spouse and senators watch at least as many fast spouse.,All women watch one small spouse and senators watch at least as many fast.,syntax,ellipsis,ellipsis_n_bar_2,True,False,False,False,239,-116.35638427734375,-110.19733428955078,0
Steve's grandmothers sounded like one book about and Cynthia sounded like five big book about.,Steve's grandmothers sounded like one black book about and Cynthia sounded like five big.,syntax,ellipsis,ellipsis_n_bar_2,True,False,False,False,240,-120.08346557617188,-117.38053131103516,0
Many forks aggravated one girl and the photographs of the chair aggravated some important girl.,Many forks aggravated one smart girl and the photographs of the chair aggravated some important.,syntax,ellipsis,ellipsis_n_bar_2,True,False,False,False,241,-117.24153900146484,-122.92977905273438,1
This story about current events scared three nephews and these plays about the Great Lakes scared fewer long nephews.,This story about current events scared three troubled nephews and these plays about the Great Lakes scared fewer long.,syntax,ellipsis,ellipsis_n_bar_2,True,False,False,False,242,-159.63116455078125,-160.27349853515625,1
Organizations embarrass four associates and the Great Lakes embarrass five content associates.,Organizations embarrass four lucky associates and the Great Lakes embarrass five content.,syntax,ellipsis,ellipsis_n_bar_2,True,False,False,False,243,-121.89602661132812,-121.16722106933594,0
Some commentary sounded like three boys and Edward sounded like at least as many hidden boys.,Some commentary sounded like three employed boys and Edward sounded like at least as many hidden.,syntax,ellipsis,ellipsis_n_bar_2,True,False,False,False,244,-110.88606262207031,-118.05335998535156,1
Bruce wasn't taking one eggplant and Nicole wasn't taking few black eggplant.,Bruce wasn't taking one gray eggplant and Nicole wasn't taking few black.,syntax,ellipsis,ellipsis_n_bar_2,True,False,False,False,245,-110.11869812011719,-105.55442810058594,0
Sheila's doctor isn't hiding one nose and that senator isn't hiding at least as many lost nose.,Sheila's doctor isn't hiding one out in the open nose and that senator isn't hiding at least as many lost.,syntax,ellipsis,ellipsis_n_bar_2,True,False,False,False,246,-139.02574157714844,-146.31607055664062,1
Liam didn't disturb one niece of and Donna's mentees didn't disturb some hidden niece of.,Liam didn't disturb one unconvinced niece of and Donna's mentees didn't disturb some hidden.,syntax,ellipsis,ellipsis_n_bar_2,True,False,False,False,247,-159.1103515625,-167.41943359375,1
Stacy's associate hasn't passed a lot of grocery stores and the girls' doctor hasn't passed a few white grocery stores.,Stacy's associate hasn't passed a lot of dirty grocery stores and the girls' doctor hasn't passed a few white.,syntax,ellipsis,ellipsis_n_bar_2,True,False,False,False,248,-145.16537475585938,-141.94924926757812,0
This university loved one tutor and Donald loved four nice tutor.,This university loved one upset tutor and Donald loved four nice.,syntax,ellipsis,ellipsis_n_bar_2,True,False,False,False,249,-97.96014404296875,-102.20063781738281,1
This pedestrian does question one employee and Randolf does question four clever employee.,This pedestrian does question one sick employee and Randolf does question four clever.,syntax,ellipsis,ellipsis_n_bar_2,True,False,False,False,250,-133.38778686523438,-133.11399841308594,0
Rodney's husband loved one friend of and Jeffrey loved more sick friend of.,Rodney's husband loved one serious friend of and Jeffrey loved more sick.,syntax,ellipsis,ellipsis_n_bar_2,True,False,False,False,251,-112.93460083007812,-109.00447082519531,0
Adam has run around several closets and Andrew has run around a few big closets.,Adam has run around several brown closets and Andrew has run around a few big.,syntax,ellipsis,ellipsis_n_bar_2,True,False,False,False,252,-110.15808868408203,-106.20765686035156,0
Stacy leaves a few lawyers and Ruth leaves a lot confident lawyers.,Stacy leaves a few good lawyers and Ruth leaves a lot confident.,syntax,ellipsis,ellipsis_n_bar_2,True,False,False,False,253,-101.69286346435547,-97.21528625488281,0
Jacqueline was bothering one senator and a lot of plays are bothering four unlucky senator.,Jacqueline was bothering one unemployed senator and a lot of plays are bothering four unlucky.,syntax,ellipsis,ellipsis_n_bar_2,True,False,False,False,254,-126.1859130859375,-130.44195556640625,1
Samuel isn't taking one mall and Kayla isn't taking several exposed mall.,Samuel isn't taking one bad mall and Kayla isn't taking several exposed.,syntax,ellipsis,ellipsis_n_bar_2,True,False,False,False,255,-109.23958587646484,-109.75071716308594,1
These people have hugged a few ex-girlfriends and Naomi's tutor hadn't hugged several delighted ex-girlfriends.,These people have hugged a few big ex-girlfriends and Naomi's tutor hadn't hugged several delighted.,syntax,ellipsis,ellipsis_n_bar_2,True,False,False,False,256,-142.49899291992188,-133.25538635253906,0
Granddaughters of Colleen are irritating a lot of legislatures and this niece of Margaret isn't irritating a few popular legislatures.,Granddaughters of Colleen are irritating a lot of good legislatures and this niece of Margaret isn't irritating a few popular.,syntax,ellipsis,ellipsis_n_bar_2,True,False,False,False,257,-160.834228515625,-157.81106567382812,0
Most nieces of Bill escape from three cousins and Christine's handymen escape from almost as many nice cousins.,Most nieces of Bill escape from three happy cousins and Christine's handymen escape from almost as many nice.,syntax,ellipsis,ellipsis_n_bar_2,True,False,False,False,258,-162.49362182617188,-167.58937072753906,1
Julia should bore five grandmothers and Renee should bore four fast grandmothers.,Julia should bore five bad grandmothers and Renee should bore four fast.,syntax,ellipsis,ellipsis_n_bar_2,True,False,False,False,259,-128.2350616455078,-121.80860900878906,0
Many jackets did alarm no granddaughters and Daniel did alarm some happy granddaughters.,Many jackets did alarm no troubled granddaughters and Daniel did alarm some happy.,syntax,ellipsis,ellipsis_n_bar_2,True,False,False,False,260,-138.55889892578125,-129.08543395996094,0
Rachelle did disturb one tutor and the Impressionists did disturb four old tutor.,Rachelle did disturb one unemployed tutor and the Impressionists did disturb four old.,syntax,ellipsis,ellipsis_n_bar_2,True,False,False,False,261,-128.84437561035156,-135.55284118652344,1
The hospital does criticize one brother of and those girls might criticize several excited brother of.,The hospital does criticize one clever brother of and those girls might criticize several excited.,syntax,ellipsis,ellipsis_n_bar_2,True,False,False,False,262,-132.22215270996094,-128.33831787109375,0
Michelle cured one girl and Rachelle cured at least as many lucky girl.,Michelle cured one unemployed girl and Rachelle cured at least as many lucky.,syntax,ellipsis,ellipsis_n_bar_2,True,False,False,False,263,-115.79913330078125,-129.06060791015625,1
Brad is ascending one mountain and Tiffany's mentee is ascending several popular mountain.,Brad is ascending one hard mountain and Tiffany's mentee is ascending several popular.,syntax,ellipsis,ellipsis_n_bar_2,True,False,False,False,264,-124.83598327636719,-128.09246826171875,1
Many sisters of Cindy shouldn't discover four wheelbarrows and Gregory shouldn't discover five exposed wheelbarrows.,Many sisters of Cindy shouldn't discover four popular wheelbarrows and Gregory shouldn't discover five exposed.,syntax,ellipsis,ellipsis_n_bar_2,True,False,False,False,265,-160.01708984375,-157.14144897460938,0
The actor's sister hadn't questioned two piano teachers and Dana hadn't questioned three confident piano teachers.,The actor's sister hadn't questioned two smart piano teachers and Dana hadn't questioned three confident.,syntax,ellipsis,ellipsis_n_bar_2,True,False,False,False,266,-142.02268981933594,-136.7489013671875,0
The Lutherans describe three ex-husbands and these fathers of Rhonda describe more young ex-husbands.,The Lutherans describe three hopeful ex-husbands and these fathers of Rhonda describe more young.,syntax,ellipsis,ellipsis_n_bar_2,True,False,False,False,267,-177.19381713867188,-159.39581298828125,0
Travis tours three mountains and Keith tours fewer white mountains.,Travis tours three important mountains and Keith tours fewer white.,syntax,ellipsis,ellipsis_n_bar_2,True,False,False,False,268,-102.91107177734375,-106.38935852050781,1
A lot of waitresses are watching one father of and Martha's senator was watching several busy father of.,A lot of waitresses are watching one scared father of and Martha's senator was watching several busy.,syntax,ellipsis,ellipsis_n_bar_2,True,False,False,False,269,-154.23626708984375,-148.95262145996094,0
That picture looks like one library and that print looks like two dirty library.,That picture looks like one clean library and that print looks like two dirty.,syntax,ellipsis,ellipsis_n_bar_2,True,False,False,False,270,-98.48417663574219,-96.71556854248047,0
That niece of some doctor thinks about three tomatoes and Mary thinks about almost as many brown tomatoes.,That niece of some doctor thinks about three small tomatoes and Mary thinks about almost as many brown.,syntax,ellipsis,ellipsis_n_bar_2,True,False,False,False,271,-129.66786193847656,-128.00918579101562,0
Many actors arrive at one lake and Rodney's contractors arrive at few black lake.,Many actors arrive at one orange lake and Rodney's contractors arrive at few black.,syntax,ellipsis,ellipsis_n_bar_2,True,False,False,False,272,-113.69310760498047,-119.69068908691406,1
Natalie's husband messes up one museum and Timothy messes up three important museum.,Natalie's husband messes up one big museum and Timothy messes up three important.,syntax,ellipsis,ellipsis_n_bar_2,True,False,False,False,273,-127.06261444091797,-127.1796875,1
Every sister of Cindy messes up one mall and every father of Mark messes up a few white mall.,Every sister of Cindy messes up one yellow mall and every father of Mark messes up a few white.,syntax,ellipsis,ellipsis_n_bar_2,True,False,False,False,274,-153.09228515625,-155.98260498046875,1
Brenda cared for one daughter and John cared for four good daughter.,Brenda cared for one ill daughter and John cared for four good.,syntax,ellipsis,ellipsis_n_bar_2,True,False,False,False,275,-83.80030822753906,-95.43492126464844,1
Some guy exits three cafes and Tonya exits two big cafes.,Some guy exits three smooth cafes and Tonya exits two big.,syntax,ellipsis,ellipsis_n_bar_2,True,False,False,False,276,-107.40503692626953,-105.98313903808594,0
Daniel references one dermatologist and Denise references four serious dermatologist.,Daniel references one unsure dermatologist and Denise references four serious.,syntax,ellipsis,ellipsis_n_bar_2,True,False,False,False,277,-148.9741668701172,-131.38954162597656,0
Those museums boast about one child and libraries boast about five smart child.,Those museums boast about one ill child and libraries boast about five smart.,syntax,ellipsis,ellipsis_n_bar_2,True,False,False,False,278,-107.54237365722656,-114.20330810546875,1
Melissa's student has climbed up a few stairs and these drivers had climbed up several bad stairs.,Melissa's student has climbed up a few important stairs and these drivers had climbed up several bad.,syntax,ellipsis,ellipsis_n_bar_2,True,False,False,False,279,-115.308349609375,-122.09115600585938,1
Colleen's brothers impress one nephew and a lot of dancers impress a lot content nephew.,Colleen's brothers impress one exposed nephew and a lot of dancers impress a lot content.,syntax,ellipsis,ellipsis_n_bar_2,True,False,False,False,280,-130.24769592285156,-132.54000854492188,1
John wasn't criticizing one school and Thomas wasn't criticizing a lot dirty school.,John wasn't criticizing one old school and Thomas wasn't criticizing a lot dirty.,syntax,ellipsis,ellipsis_n_bar_2,True,False,False,False,281,-99.01904296875,-98.42657470703125,0
Liam would have three sketches of and Craig would have two green sketches of.,Liam would have three white sketches of and Craig would have two green.,syntax,ellipsis,ellipsis_n_bar_2,True,False,False,False,282,-107.2470932006836,-98.13642120361328,0
The customers astounds one ex-wife and that show about Spain astounds several unemployed ex-wife.,The customers astounds one scared ex-wife and that show about Spain astounds several unemployed.,syntax,ellipsis,ellipsis_n_bar_2,True,False,False,False,283,-160.68016052246094,-157.60345458984375,0
Samuel distracted two sisters and Christina distracted three upset sisters.,Samuel distracted two young sisters and Christina distracted three upset.,syntax,ellipsis,ellipsis_n_bar_2,True,False,False,False,284,-95.59031677246094,-92.00502014160156,0
Theresa's associates lifted a few eyes and some children lifted several out in the open eyes.,Theresa's associates lifted a few rough eyes and some children lifted several out in the open.,syntax,ellipsis,ellipsis_n_bar_2,True,False,False,False,285,-109.96627807617188,-112.30074310302734,1
Every lady's husband distracted one plumber and most scarves distracted a few serious plumber.,Every lady's husband distracted one troubled plumber and most scarves distracted a few serious.,syntax,ellipsis,ellipsis_n_bar_2,True,False,False,False,286,-138.27197265625,-138.56216430664062,1
Peter has arrived at a lot of glaciers and some person has arrived at a few orange glaciers.,Peter has arrived at a lot of yellow glaciers and some person has arrived at a few orange.,syntax,ellipsis,ellipsis_n_bar_2,True,False,False,False,287,-110.22552490234375,-109.80198669433594,0
This guy knows few guests and Patricia's hairdresser knows many nice guests.,This guy knows few content guests and Patricia's hairdresser knows many nice.,syntax,ellipsis,ellipsis_n_bar_2,True,False,False,False,288,-106.0438003540039,-115.68681335449219,1
The boy referenced one story about and Jerry referenced a lot long story about.,The boy referenced one good story about and Jerry referenced a lot long.,syntax,ellipsis,ellipsis_n_bar_2,True,False,False,False,289,-104.2867431640625,-100.57566833496094,0
Adam praised many hairdressers and Sharon praised few serious hairdressers.,Adam praised many sick hairdressers and Sharon praised few serious.,syntax,ellipsis,ellipsis_n_bar_2,True,False,False,False,290,-119.7672348022461,-113.10899353027344,0
Grace hasn't thought about three bikes and Mark hasn't thought about fewer hard bikes.,Grace hasn't thought about three whole bikes and Mark hasn't thought about fewer hard.,syntax,ellipsis,ellipsis_n_bar_2,True,False,False,False,291,-111.15679168701172,-108.4193115234375,0
A play about Harvard University irritates three hairdressers and Harvard University irritates two nice hairdressers.,A play about Harvard University irritates three confident hairdressers and Harvard University irritates two nice.,syntax,ellipsis,ellipsis_n_bar_2,True,False,False,False,292,-156.30270385742188,-154.78599548339844,0
Rose's teacher hasn't talked about five podiatrists and a lot of granddaughters of Catherine hadn't talked about four good podiatrists.,Rose's teacher hasn't talked about five displeased podiatrists and a lot of granddaughters of Catherine hadn't talked about four good.,syntax,ellipsis,ellipsis_n_bar_2,True,False,False,False,293,-216.10826110839844,-192.76548767089844,0
Sherry climbs down one slope and Theresa climbs down three out in the open slope.,Sherry climbs down one important slope and Theresa climbs down three out in the open.,syntax,ellipsis,ellipsis_n_bar_2,True,False,False,False,294,-108.80950164794922,-116.66930389404297,1
Some associations upset one ex-wife and many boxes upset several exposed ex-wife.,Some associations upset one bad ex-wife and many boxes upset several exposed.,syntax,ellipsis,ellipsis_n_bar_2,True,False,False,False,295,-128.78558349609375,-121.30104064941406,0
Every driver's mentors have fixed one unicycle and Carolyn hadn't fixed many yellow unicycle.,Every driver's mentors have fixed one white unicycle and Carolyn hadn't fixed many yellow.,syntax,ellipsis,ellipsis_n_bar_2,True,False,False,False,296,-145.18946838378906,-135.097412109375,0
The actors bore one friend of and these horses bore a few happy friend of.,The actors bore one old friend of and these horses bore a few happy.,syntax,ellipsis,ellipsis_n_bar_2,True,False,False,False,297,-106.25214385986328,-101.84423828125,0
Barbara can approach one doctor and Tina can approach more excited doctor.,Barbara can approach one unsure doctor and Tina can approach more excited.,syntax,ellipsis,ellipsis_n_bar_2,True,False,False,False,298,-94.30815124511719,-103.18672943115234,1
Some fathers of Brett wouldn't break three couches and Daniel wouldn't break almost as many rough couches.,Some fathers of Brett wouldn't break three small couches and Daniel wouldn't break almost as many rough.,syntax,ellipsis,ellipsis_n_bar_2,True,False,False,False,299,-136.75607299804688,-131.79379272460938,0
Scott hates one podiatrist and Veronica hates few determined podiatrist.,Scott hates one good podiatrist and Veronica hates few determined.,syntax,ellipsis,ellipsis_n_bar_2,True,False,False,False,300,-150.40167236328125,-125.24176788330078,0
George breaks one skateboard and Gary breaks some black skateboard.,George breaks one big skateboard and Gary breaks some black.,syntax,ellipsis,ellipsis_n_bar_2,True,False,False,False,301,-96.58715057373047,-90.0546646118164,0
Many people's ex-husbands concealed one husband and Jacqueline concealed several determined husband.,Many people's ex-husbands concealed one clever husband and Jacqueline concealed several determined.,syntax,ellipsis,ellipsis_n_bar_2,True,False,False,False,302,-135.24176025390625,-140.937744140625,1
Heather has listened to two mothers and every man has listened to three scared mothers.,Heather has listened to two unemployed mothers and every man has listened to three scared.,syntax,ellipsis,ellipsis_n_bar_2,True,False,False,False,303,-98.05632781982422,-102.34713745117188,1
Some libraries hadn't insulted three hills and a boy's piano teachers hadn't insulted almost as many orange hills.,Some libraries hadn't insulted three old hills and a boy's piano teachers hadn't insulted almost as many orange.,syntax,ellipsis,ellipsis_n_bar_2,True,False,False,False,304,-161.50729370117188,-158.6187286376953,0
All grandmothers of many cashiers could kiss one electrician and Sally's boyfriend could kiss five hidden electrician.,All grandmothers of many cashiers could kiss one unsure electrician and Sally's boyfriend could kiss five hidden.,syntax,ellipsis,ellipsis_n_bar_2,True,False,False,False,305,-172.2735595703125,-170.32382202148438,0
That gate worries one sister and those friends of Janice worries some long sister.,That gate worries one smart sister and those friends of Janice worries some long.,syntax,ellipsis,ellipsis_n_bar_2,True,False,False,False,306,-123.88407135009766,-125.45591735839844,1
George's sons see one print and Peter's grandsons see several popular print.,George's sons see one concealed print and Peter's grandsons see several popular.,syntax,ellipsis,ellipsis_n_bar_2,True,False,False,False,307,-127.07808685302734,-128.30435180664062,1
Douglas impressed one actress and every woman impressed four hopeful actress.,Douglas impressed one young actress and every woman impressed four hopeful.,syntax,ellipsis,ellipsis_n_bar_2,True,False,False,False,308,-104.35050964355469,-102.23851013183594,0
Galileo has approached five tutors and all men's doctors have approached four unconvinced tutors.,Galileo has approached five long tutors and all men's doctors have approached four unconvinced.,syntax,ellipsis,ellipsis_n_bar_2,True,False,False,False,309,-143.1972198486328,-137.22201538085938,0
Gregory resembles three prints of and all adults' wife resembles more black prints of.,Gregory resembles three brown prints of and all adults' wife resembles more black.,syntax,ellipsis,ellipsis_n_bar_2,True,False,False,False,310,-129.0615234375,-121.86309051513672,0
Debra praises several grandsons and Judy's sister praises a few lucky grandsons.,Debra praises several hidden grandsons and Judy's sister praises a few lucky.,syntax,ellipsis,ellipsis_n_bar_2,True,False,False,False,311,-133.39869689941406,-126.72953033447266,0
Carmen hates one cousin and Holly hates five excited cousin.,Carmen hates one small cousin and Holly hates five excited.,syntax,ellipsis,ellipsis_n_bar_2,True,False,False,False,312,-98.33103942871094,-97.48532104492188,0
Regina's friend wasn't aggravating one mentor and that picture of Matt wasn't aggravating few employed mentor.,Regina's friend wasn't aggravating one exposed mentor and that picture of Matt wasn't aggravating few employed.,syntax,ellipsis,ellipsis_n_bar_2,True,False,False,False,313,-157.6038360595703,-157.91143798828125,1
Michelle knew one student and Kristen knew a lot ill student.,Michelle knew one nice student and Kristen knew a lot ill.,syntax,ellipsis,ellipsis_n_bar_2,True,False,False,False,314,-90.77336883544922,-89.47279357910156,0
Raymond's mothers think about one lawyer and Lucille's contractors think about a few determined lawyer.,Raymond's mothers think about one delighted lawyer and Lucille's contractors think about a few determined.,syntax,ellipsis,ellipsis_n_bar_2,True,False,False,False,315,-128.50013732910156,-138.52203369140625,1
Donna hired one girl and Sally hired four confident girl.,Donna hired one upset girl and Sally hired four confident.,syntax,ellipsis,ellipsis_n_bar_2,True,False,False,False,316,-91.1805648803711,-99.42022705078125,1
This girl's daughter remembers two sons and Donna remembers three small sons.,This girl's daughter remembers two clever sons and Donna remembers three small.,syntax,ellipsis,ellipsis_n_bar_2,True,False,False,False,317,-92.07571411132812,-102.81655883789062,1
The fish were disturbing two doctors and Craig isn't disturbing three unlucky doctors.,The fish were disturbing two young doctors and Craig isn't disturbing three unlucky.,syntax,ellipsis,ellipsis_n_bar_2,True,False,False,False,318,-113.21577453613281,-106.34334564208984,0
Jeffrey describes one guest and every granddaughter of some actor describes five hidden guest.,Jeffrey describes one scared guest and every granddaughter of some actor describes five hidden.,syntax,ellipsis,ellipsis_n_bar_2,True,False,False,False,319,-123.31678771972656,-129.27874755859375,1
Nancy's son disagrees with two ex-wives and Martha disagrees with three young ex-wives.,Nancy's son disagrees with two unsure ex-wives and Martha disagrees with three young.,syntax,ellipsis,ellipsis_n_bar_2,True,False,False,False,320,-120.07502746582031,-122.68009948730469,1
Matt can reveal one school and Lawrence can reveal a few brown school.,Matt can reveal one clean school and Lawrence can reveal a few brown.,syntax,ellipsis,ellipsis_n_bar_2,True,False,False,False,321,-99.78207397460938,-102.44865417480469,1
A guy wasn't exploring one river and Suzanne's ex-wife wasn't exploring at least as many gray river.,A guy wasn't exploring one orange river and Suzanne's ex-wife wasn't exploring at least as many gray.,syntax,ellipsis,ellipsis_n_bar_2,True,False,False,False,322,-145.63699340820312,-146.191162109375,1
Those waiters love one driver and many ladies love four busy driver.,Those waiters love one hidden driver and many ladies love four busy.,syntax,ellipsis,ellipsis_n_bar_2,True,False,False,False,323,-113.35279846191406,-117.12346649169922,1
Rhonda's piano teacher wouldn't sell three mouths and Mitchell's brother wouldn't sell more smooth mouths.,Rhonda's piano teacher wouldn't sell three orange mouths and Mitchell's brother wouldn't sell more smooth.,syntax,ellipsis,ellipsis_n_bar_2,True,False,False,False,324,-138.26568603515625,-142.01138305664062,1
Those ladies forget one movie about and guests forget three good movie about.,Those ladies forget one long movie about and guests forget three good.,syntax,ellipsis,ellipsis_n_bar_2,True,False,False,False,325,-100.11032104492188,-94.95043182373047,0
Lawrence isn't aggravating one ex-girlfriend and all casseroles were aggravating four ill ex-girlfriend.,Lawrence isn't aggravating one exposed ex-girlfriend and all casseroles were aggravating four ill.,syntax,ellipsis,ellipsis_n_bar_2,True,False,False,False,326,-152.6461181640625,-147.12481689453125,0
Keith drops by one lake and William's spouse drops by a few out in the open lake.,Keith drops by one old lake and William's spouse drops by a few out in the open.,syntax,ellipsis,ellipsis_n_bar_2,True,False,False,False,327,-129.806884765625,-130.96536254882812,1
The student's friends think about a lot of plumbers and most waitresses think about a few delighted plumbers.,The student's friends think about a lot of scared plumbers and most waitresses think about a few delighted.,syntax,ellipsis,ellipsis_n_bar_2,True,False,False,False,328,-135.26283264160156,-134.9365234375,0
Catherine kisses few dentists and Travis kisses many nice dentists.,Catherine kisses few excited dentists and Travis kisses many nice.,syntax,ellipsis,ellipsis_n_bar_2,True,False,False,False,329,-109.8490219116211,-110.91708374023438,1
Wendy's handyman hasn't passed three art galleries and Paula hasn't passed two black art galleries.,Wendy's handyman hasn't passed three white art galleries and Paula hasn't passed two black.,syntax,ellipsis,ellipsis_n_bar_2,True,False,False,False,330,-144.58705139160156,-138.0869903564453,0
Many peppers won't scare one son and some sweater won't scare few fast son.,Many peppers won't scare one content son and some sweater won't scare few fast.,syntax,ellipsis,ellipsis_n_bar_2,True,False,False,False,331,-126.03502655029297,-130.73101806640625,1
Guy concealed four glaciers and Aaron's fathers concealed five gray glaciers.,Guy concealed four bad glaciers and Aaron's fathers concealed five gray.,syntax,ellipsis,ellipsis_n_bar_2,True,False,False,False,332,-123.7676010131836,-126.01600646972656,1
Sabrina hadn't argued about one child and Kathleen's oncologist hadn't argued about many important child.,Sabrina hadn't argued about one smart child and Kathleen's oncologist hadn't argued about many important.,syntax,ellipsis,ellipsis_n_bar_2,True,False,False,False,333,-149.74497985839844,-154.34445190429688,1
A lot of planes hadn't worried four mothers of and those friends of Tamara hadn't worried five content mothers of.,A lot of planes hadn't worried four concealed mothers of and those friends of Tamara hadn't worried five content.,syntax,ellipsis,ellipsis_n_bar_2,True,False,False,False,334,-178.29869079589844,-170.73434448242188,0
Those friends of Veronica fire one mother of and these dancers fire two displeased mother of.,Those friends of Veronica fire one unemployed mother of and these dancers fire two displeased.,syntax,ellipsis,ellipsis_n_bar_2,True,False,False,False,335,-136.19851684570312,-136.82693481445312,1
Steve wasn't messing up three cars and a nephew of the waiters wasn't messing up fewer yellow cars.,Steve wasn't messing up three blue cars and a nephew of the waiters wasn't messing up fewer yellow.,syntax,ellipsis,ellipsis_n_bar_2,True,False,False,False,336,-138.99508666992188,-142.7207489013672,1
Kristen observes a lot of classmates and Tammy's tutor observes a few unsure classmates.,Kristen observes a lot of scared classmates and Tammy's tutor observes a few unsure.,syntax,ellipsis,ellipsis_n_bar_2,True,False,False,False,337,-132.5257110595703,-135.29913330078125,1
Rachelle has broken a few screens and the guys haven't broken a lot small screens.,Rachelle has broken a few yellow screens and the guys haven't broken a lot small.,syntax,ellipsis,ellipsis_n_bar_2,True,False,False,False,338,-111.46341705322266,-113.47563934326172,1
The women scan one supervisor and the Lutherans scan a lot determined supervisor.,The women scan one standing supervisor and the Lutherans scan a lot determined.,syntax,ellipsis,ellipsis_n_bar_2,True,False,False,False,339,-120.50074768066406,-123.44470977783203,1
That grandmother of Timothy isn't leaving one doctor and Brad isn't leaving three sick doctor.,That grandmother of Timothy isn't leaving one unemployed doctor and Brad isn't leaving three sick.,syntax,ellipsis,ellipsis_n_bar_2,True,False,False,False,340,-116.07210540771484,-125.04818725585938,1
That dog found four screens and Michael found five lost screens.,That dog found four yellow screens and Michael found five lost.,syntax,ellipsis,ellipsis_n_bar_2,True,False,False,False,341,-90.2621078491211,-88.46195220947266,0
Anne notices one niece of and Alicia notices at least as many smart niece of.,Anne notices one determined niece of and Alicia notices at least as many smart.,syntax,ellipsis,ellipsis_n_bar_2,True,False,False,False,342,-124.33878326416016,-125.38957977294922,1
The commentary about travel can astound one associate and that association can astound few delighted associate.,The commentary about travel can astound one lucky associate and that association can astound few delighted.,syntax,ellipsis,ellipsis_n_bar_2,True,False,False,False,343,-164.899169921875,-166.30584716796875,1
Laura's contractor didn't upset two fathers of and Tiffany's mentors didn't upset three confident fathers of.,Laura's contractor didn't upset two standing fathers of and Tiffany's mentors didn't upset three confident.,syntax,ellipsis,ellipsis_n_bar_2,True,False,False,False,344,-172.03103637695312,-165.57574462890625,0
This actress's grandmothers won't conceal one mountain and Randolf won't conceal several purple mountain.,This actress's grandmothers won't conceal one concealed mountain and Randolf won't conceal several purple.,syntax,ellipsis,ellipsis_n_bar_2,True,False,False,False,345,-151.9403839111328,-152.70059204101562,1
Nancy worked with one woman and Kendra worked with several nice woman.,Nancy worked with one unsure woman and Kendra worked with several nice.,syntax,ellipsis,ellipsis_n_bar_2,True,False,False,False,346,-79.82332611083984,-95.03436279296875,1
Peter's classmates go to one museum and the guests go to a few popular museum.,Peter's classmates go to one big museum and the guests go to a few popular.,syntax,ellipsis,ellipsis_n_bar_2,True,False,False,False,347,-99.76411437988281,-101.715576171875,1
Veronica conceals one window and every boy conceals two lost window.,Veronica conceals one big window and every boy conceals two lost.,syntax,ellipsis,ellipsis_n_bar_2,True,False,False,False,348,-116.7405014038086,-115.08686828613281,0
All brothers of Beth dislike two granddaughters of and the sons of Kenneth dislike three content granddaughters of.,All brothers of Beth dislike two ill granddaughters of and the sons of Kenneth dislike three content.,syntax,ellipsis,ellipsis_n_bar_2,True,False,False,False,349,-173.29534912109375,-151.72592163085938,0
A lot of cashiers boycott one cafe and those senators boycott a lot red cafe.,A lot of cashiers boycott one popular cafe and those senators boycott a lot red.,syntax,ellipsis,ellipsis_n_bar_2,True,False,False,False,350,-128.4879913330078,-130.4403839111328,1
Janice's lawyer watches one teenager and Holly watches many small teenager.,Janice's lawyer watches one bad teenager and Holly watches many small.,syntax,ellipsis,ellipsis_n_bar_2,True,False,False,False,351,-111.929443359375,-113.0341796875,1
Renee is ascending a few slopes and Joseph is ascending a lot lost slopes.,Renee is ascending a few out in the open slopes and Joseph is ascending a lot lost.,syntax,ellipsis,ellipsis_n_bar_2,True,False,False,False,352,-117.6850357055664,-119.75003051757812,1
Tracy can't aggravate a few friends of and all dancers can't aggravate a lot upset friends of.,Tracy can't aggravate a few big friends of and all dancers can't aggravate a lot upset.,syntax,ellipsis,ellipsis_n_bar_2,True,False,False,False,353,-140.51153564453125,-129.9842071533203,0
Phillip hadn't talked about no schools and Deborah hadn't talked about some old schools.,Phillip hadn't talked about no good schools and Deborah hadn't talked about some old.,syntax,ellipsis,ellipsis_n_bar_2,True,False,False,False,354,-101.75257873535156,-101.18042755126953,0
A lot of dancers admire several blouses and these associations admire a few red blouses.,A lot of dancers admire several concealed blouses and these associations admire a few red.,syntax,ellipsis,ellipsis_n_bar_2,True,False,False,False,355,-132.4604034423828,-129.91708374023438,0
Janet attacks three mothers and Mary attacks more standing mothers.,Janet attacks three unemployed mothers and Mary attacks more standing.,syntax,ellipsis,ellipsis_n_bar_2,True,False,False,False,356,-93.25236511230469,-95.48849487304688,1
Thomas's mentors have worried a lot of associates and some lakes have worried a few employed associates.,Thomas's mentors have worried a lot of fast associates and some lakes have worried a few employed.,syntax,ellipsis,ellipsis_n_bar_2,True,False,False,False,357,-138.33856201171875,-141.22837829589844,1
Carmen hasn't kissed two waiters and Bill's mentor hasn't kissed three big waiters.,Carmen hasn't kissed two happy waiters and Bill's mentor hasn't kissed three big.,syntax,ellipsis,ellipsis_n_bar_2,True,False,False,False,358,-139.114990234375,-134.68368530273438,0
Larry's lawyers fixed one window and every lady fixed a few whole window.,Larry's lawyers fixed one broken window and every lady fixed a few whole.,syntax,ellipsis,ellipsis_n_bar_2,True,False,False,False,359,-108.57666015625,-110.84248352050781,1
Becca hadn't helped one nephew of and most boys hadn't helped a lot sick nephew of.,Becca hadn't helped one young nephew of and most boys hadn't helped a lot sick.,syntax,ellipsis,ellipsis_n_bar_2,True,False,False,False,360,-135.42034912109375,-122.81919860839844,0
Karla looks like one painting and some cart looks like a few rough painting.,Karla looks like one popular painting and some cart looks like a few rough.,syntax,ellipsis,ellipsis_n_bar_2,True,False,False,False,361,-102.36654663085938,-104.70760345458984,1
A popsicle was annoying one contractor and that picture was annoying several lucky contractor.,A popsicle was annoying one scared contractor and that picture was annoying several lucky.,syntax,ellipsis,ellipsis_n_bar_2,True,False,False,False,362,-122.14358520507812,-122.50962829589844,1
Daniel cleans one college campus and Brenda's mentor cleans five small college campus.,Daniel cleans one white college campus and Brenda's mentor cleans five small.,syntax,ellipsis,ellipsis_n_bar_2,True,False,False,False,363,-139.2003631591797,-130.84503173828125,0
Those dancers boast about a few handymen and many waiters boast about several out in the open handymen.,Those dancers boast about a few unsure handymen and many waiters boast about several out in the open.,syntax,ellipsis,ellipsis_n_bar_2,True,False,False,False,364,-160.16024780273438,-151.407470703125,0
The Borgias examine three mothers of and Bethany's students examine more troubled mothers of.,The Borgias examine three young mothers of and Bethany's students examine more troubled.,syntax,ellipsis,ellipsis_n_bar_2,True,False,False,False,365,-139.342041015625,-126.0255126953125,0
Leslie's father hugged a few teenagers and Claire's cousin hugged several busy teenagers.,Leslie's father hugged a few big teenagers and Claire's cousin hugged several busy.,syntax,ellipsis,ellipsis_n_bar_2,True,False,False,False,366,-123.07530975341797,-122.12541961669922,0
An actor disturbed three nephews of and some drawing disturbed fewer lucky nephews of.,An actor disturbed three young nephews of and some drawing disturbed fewer lucky.,syntax,ellipsis,ellipsis_n_bar_2,True,False,False,False,367,-142.76492309570312,-124.20238494873047,0
Katherine discussed one woman and Harvard University discussed two big woman.,Katherine discussed one good woman and Harvard University discussed two big.,syntax,ellipsis,ellipsis_n_bar_2,True,False,False,False,368,-92.41080474853516,-97.97235107421875,1
Irene could have one bank and Martha's French teachers could have three rough bank.,Irene could have one red bank and Martha's French teachers could have three rough.,syntax,ellipsis,ellipsis_n_bar_2,True,False,False,False,369,-115.8719482421875,-116.84957885742188,1
Julia annoyed one son of and these women annoyed more concealed son of.,Julia annoyed one serious son of and these women annoyed more concealed.,syntax,ellipsis,ellipsis_n_bar_2,True,False,False,False,370,-118.80410766601562,-110.39273071289062,0
John's dentists appreciate one best friend and the Impressionists appreciate more big best friend.,John's dentists appreciate one bad best friend and the Impressionists appreciate more big.,syntax,ellipsis,ellipsis_n_bar_2,True,False,False,False,371,-128.03762817382812,-125.27386474609375,0
Grace's plumbers see one daughter and Pamela's granddaughters see at least as many unlucky daughter.,Grace's plumbers see one upset daughter and Pamela's granddaughters see at least as many unlucky.,syntax,ellipsis,ellipsis_n_bar_2,True,False,False,False,372,-139.44158935546875,-144.4146270751953,1
Some people bores one daughter of and many girls bores several unsure daughter of.,Some people bores one excited daughter of and many girls bores several unsure.,syntax,ellipsis,ellipsis_n_bar_2,True,False,False,False,373,-124.238525390625,-123.52696990966797,0
Regina's bosses bike to one grocery store and the Clintons bike to some red grocery store.,Regina's bosses bike to one old grocery store and the Clintons bike to some red.,syntax,ellipsis,ellipsis_n_bar_2,True,False,False,False,374,-135.80738830566406,-130.58706665039062,0
Samuel hadn't hugged three girls and Carla hadn't hugged at least as many lucky girls.,Samuel hadn't hugged three clever girls and Carla hadn't hugged at least as many lucky.,syntax,ellipsis,ellipsis_n_bar_2,True,False,False,False,375,-116.12945556640625,-128.61981201171875,1
Current events impress three brothers of and all vases impress fewer bad brothers of.,Current events impress three nice brothers of and all vases impress fewer bad.,syntax,ellipsis,ellipsis_n_bar_2,True,False,False,False,376,-131.02474975585938,-127.07597351074219,0
The horses ascend one hill and all students ascend several brown hill.,The horses ascend one exposed hill and all students ascend several brown.,syntax,ellipsis,ellipsis_n_bar_2,True,False,False,False,377,-108.2509765625,-109.57012939453125,1
The grandfathers of Rachelle conceal one granddaughter of and the Lutherans conceal many displeased granddaughter of.,The grandfathers of Rachelle conceal one upset granddaughter of and the Lutherans conceal many displeased.,syntax,ellipsis,ellipsis_n_bar_2,True,False,False,False,378,-160.89639282226562,-159.1361083984375,0
Most sisters of Carolyn distract few committees and all eggplants distract many important committees.,Most sisters of Carolyn distract few bad committees and all eggplants distract many important.,syntax,ellipsis,ellipsis_n_bar_2,True,False,False,False,379,-146.14105224609375,-146.42837524414062,1
Sally hasn't dropped by one mountain and Carol hasn't dropped by a few red mountain.,Sally hasn't dropped by one yellow mountain and Carol hasn't dropped by a few red.,syntax,ellipsis,ellipsis_n_bar_2,True,False,False,False,380,-115.78807067871094,-118.41129302978516,1
Paula's husband was talking about few actresses and Heidi was talking about many employed actresses.,Paula's husband was talking about few bad actresses and Heidi was talking about many employed.,syntax,ellipsis,ellipsis_n_bar_2,True,False,False,False,381,-116.92403411865234,-118.85850524902344,1
That cousin of Frank shouldn't visit several mentees and all teenagers shouldn't visit a few hidden mentees.,That cousin of Frank shouldn't visit several displeased mentees and all teenagers shouldn't visit a few hidden.,syntax,ellipsis,ellipsis_n_bar_2,True,False,False,False,382,-167.8417205810547,-161.21986389160156,0
Brian has skated around one grocery store and Rhonda's sister has skated around five dirty grocery store.,Brian has skated around one good grocery store and Rhonda's sister has skated around five dirty.,syntax,ellipsis,ellipsis_n_bar_2,True,False,False,False,383,-147.34329223632812,-146.56259155273438,0
Some essay might disagree with many mothers of and those waitresses' girlfriend might disagree with few concealed mothers of.,Some essay might disagree with many old mothers of and those waitresses' girlfriend might disagree with few concealed.,syntax,ellipsis,ellipsis_n_bar_2,True,False,False,False,384,-171.55831909179688,-165.63845825195312,0
Daniel can return to a few ladies and Gerald can return to a lot hopeful ladies.,Daniel can return to a few hidden ladies and Gerald can return to a lot hopeful.,syntax,ellipsis,ellipsis_n_bar_2,True,False,False,False,385,-102.59944152832031,-111.08806610107422,1
A lot of cousins of Tamara are questioning one man and Sara was questioning several delighted man.,A lot of cousins of Tamara are questioning one confident man and Sara was questioning several delighted.,syntax,ellipsis,ellipsis_n_bar_2,True,False,False,False,386,-124.89203643798828,-130.49810791015625,1
Angela's daughters alarm one mother of and the Borgias alarm at least as many unemployed mother of.,Angela's daughters alarm one troubled mother of and the Borgias alarm at least as many unemployed.,syntax,ellipsis,ellipsis_n_bar_2,True,False,False,False,387,-155.51559448242188,-146.566162109375,0
Scott wore no hats and Cynthia wore some gray hats.,Scott wore no bad hats and Cynthia wore some gray.,syntax,ellipsis,ellipsis_n_bar_2,True,False,False,False,388,-85.39937591552734,-88.15164947509766,1
Carla broke one plane and many waiters broke at least as many good plane.,Carla broke one rough plane and many waiters broke at least as many good.,syntax,ellipsis,ellipsis_n_bar_2,True,False,False,False,389,-115.8736801147461,-116.7969970703125,1
Tammy's dermatologists kiss three friends and the doctors kiss at least as many bad friends.,Tammy's dermatologists kiss three exposed friends and the doctors kiss at least as many bad.,syntax,ellipsis,ellipsis_n_bar_2,True,False,False,False,390,-133.33534240722656,-146.86451721191406,1
Those muffins resemble one print and some reports resemble three big print.,Those muffins resemble one smooth print and some reports resemble three big.,syntax,ellipsis,ellipsis_n_bar_2,True,False,False,False,391,-113.31006622314453,-115.49398803710938,1
Todd was hiding no electricians and Kimberley was hiding some big electricians.,Todd was hiding no unsure electricians and Kimberley was hiding some big.,syntax,ellipsis,ellipsis_n_bar_2,True,False,False,False,392,-109.6870346069336,-113.37619018554688,1
Some adults can't reveal one door and Marcus's dentist can't reveal more gray door.,Some adults can't reveal one hidden door and Marcus's dentist can't reveal more gray.,syntax,ellipsis,ellipsis_n_bar_2,True,False,False,False,393,-126.80183410644531,-129.57818603515625,1
Keith went to one school and James's mentors went to many red school.,Keith went to one small school and James's mentors went to many red.,syntax,ellipsis,ellipsis_n_bar_2,True,False,False,False,394,-96.59344482421875,-100.13385009765625,1
Gerald thinks about a few organizations and Bethany's French teacher thinks about a lot bad organizations.,Gerald thinks about a few good organizations and Bethany's French teacher thinks about a lot bad.,syntax,ellipsis,ellipsis_n_bar_2,True,False,False,False,395,-118.9839096069336,-114.89865112304688,0
The Clintons reference four grandfathers and Karla's dentists reference five young grandfathers.,The Clintons reference four concealed grandfathers and Karla's dentists reference five young.,syntax,ellipsis,ellipsis_n_bar_2,True,False,False,False,396,-142.66839599609375,-145.64669799804688,1
Suzanne's friends embarrass one actor and the Borgias embarrass four smart actor.,Suzanne's friends embarrass one employed actor and the Borgias embarrass four smart.,syntax,ellipsis,ellipsis_n_bar_2,True,False,False,False,397,-130.55743408203125,-137.8690948486328,1
Dancers cared for few grandmothers of and the driver cared for many big grandmothers of.,Dancers cared for few long grandmothers of and the driver cared for many big.,syntax,ellipsis,ellipsis_n_bar_2,True,False,False,False,398,-132.89186096191406,-119.9427490234375,0
The actor bikes to one lake and Brett bikes to many black lake.,The actor bikes to one concealed lake and Brett bikes to many black.,syntax,ellipsis,ellipsis_n_bar_2,True,False,False,False,399,-116.55937957763672,-123.67401885986328,1
Some actors didn't dislike one show about and these cousins of Joel didn't dislike four good show about.,Some actors didn't dislike one bad show about and these cousins of Joel didn't dislike four good.,syntax,ellipsis,ellipsis_n_bar_2,True,False,False,False,400,-145.43630981445312,-138.02975463867188,0
Tonya runs around three museums and a doctor runs around more dirty museums.,Tonya runs around three small museums and a doctor runs around more dirty.,syntax,ellipsis,ellipsis_n_bar_2,True,False,False,False,401,-109.38612365722656,-105.70916748046875,0
All museums can't stun a few committees and some teacher can't stun several important committees.,All museums can't stun a few good committees and some teacher can't stun several important.,syntax,ellipsis,ellipsis_n_bar_2,True,False,False,False,402,-126.35739135742188,-124.590576171875,0
Caroline was examining one boss and Rose's classmates are examining four troubled boss.,Caroline was examining one delighted boss and Rose's classmates are examining four troubled.,syntax,ellipsis,ellipsis_n_bar_2,True,False,False,False,403,-116.91261291503906,-118.62030029296875,1
Some photograph looked like many dishes and all sketches of some steak looked like few exposed dishes.,Some photograph looked like many purple dishes and all sketches of some steak looked like few exposed.,syntax,ellipsis,ellipsis_n_bar_2,True,False,False,False,404,-124.98724365234375,-128.996337890625,1
Carmen flees from several mentees and Peter flees from a few unlucky mentees.,Carmen flees from several displeased mentees and Peter flees from a few unlucky.,syntax,ellipsis,ellipsis_n_bar_2,True,False,False,False,405,-143.35411071777344,-137.42889404296875,0
Sandra's nephews had known one spouse and the granddaughters of Lisa had known a few unemployed spouse.,Sandra's nephews had known one good spouse and the granddaughters of Lisa had known a few unemployed.,syntax,ellipsis,ellipsis_n_bar_2,True,False,False,False,406,-145.69949340820312,-139.07510375976562,0
Derek has attacked four senators and that waitress has attacked five hopeful senators.,Derek has attacked four unconvinced senators and that waitress has attacked five hopeful.,syntax,ellipsis,ellipsis_n_bar_2,True,False,False,False,407,-108.18540954589844,-131.11595153808594,1
Leslie was buying one window and some child was buying a few concealed window.,Leslie was buying one important window and some child was buying a few concealed.,syntax,ellipsis,ellipsis_n_bar_2,True,False,False,False,408,-95.74070739746094,-102.89602661132812,1
A newspaper article bored three pedestrians and Jennifer bored fewer clever pedestrians.,A newspaper article bored three determined pedestrians and Jennifer bored fewer clever.,syntax,ellipsis,ellipsis_n_bar_2,True,False,False,False,409,-127.13510131835938,-127.31678771972656,1
Todd is bothering many drivers and these cashiers weren't bothering few displeased drivers.,Todd is bothering many unlucky drivers and these cashiers weren't bothering few displeased.,syntax,ellipsis,ellipsis_n_bar_2,True,False,False,False,410,-123.20306396484375,-127.17147827148438,1
Friends of Christopher hug one grandson of and senators' contractors hug a lot long grandson of.,Friends of Christopher hug one fast grandson of and senators' contractors hug a lot long.,syntax,ellipsis,ellipsis_n_bar_2,True,False,False,False,411,-153.42767333984375,-145.02200317382812,0
April's grandmothers should have four couches and Carmen should have five hidden couches.,April's grandmothers should have four blue couches and Carmen should have five hidden.,syntax,ellipsis,ellipsis_n_bar_2,True,False,False,False,412,-128.11439514160156,-122.60486602783203,0
Some newspaper articles embarrass three grandmothers of and many friends of Lori embarrass two small grandmothers of.,Some newspaper articles embarrass three good grandmothers of and many friends of Lori embarrass two small.,syntax,ellipsis,ellipsis_n_bar_2,True,False,False,False,413,-159.26458740234375,-145.71983337402344,0
Cheryl hadn't messed up a few restaurants and Kristin's contractors hadn't messed up several red restaurants.,Cheryl hadn't messed up a few blue restaurants and Kristin's contractors hadn't messed up several red.,syntax,ellipsis,ellipsis_n_bar_2,True,False,False,False,414,-150.05203247070312,-152.67868041992188,1
Kristen's supervisor runs around four restaurants and the child runs around five hidden restaurants.,Kristen's supervisor runs around four important restaurants and the child runs around five hidden.,syntax,ellipsis,ellipsis_n_bar_2,True,False,False,False,415,-118.07084655761719,-118.685302734375,1
The Balkans have confused three ex-wives and Monica hasn't confused at least as many hidden ex-wives.,The Balkans have confused three smart ex-wives and Monica hasn't confused at least as many hidden.,syntax,ellipsis,ellipsis_n_bar_2,True,False,False,False,416,-150.10533142089844,-142.00515747070312,0
Peter's classmate is talking about one mountain and Keith is talking about few new mountain.,Peter's classmate is talking about one orange mountain and Keith is talking about few new.,syntax,ellipsis,ellipsis_n_bar_2,True,False,False,False,417,-113.68537902832031,-114.13858795166016,1
Some blouses haven't impressed one boyfriend and those dancers' daughters haven't impressed four sick boyfriend.,Some blouses haven't impressed one hidden boyfriend and those dancers' daughters haven't impressed four sick.,syntax,ellipsis,ellipsis_n_bar_2,True,False,False,False,418,-151.46853637695312,-153.25860595703125,1
Ruth hasn't concealed one lady and Kristen hasn't concealed several ill lady.,Ruth hasn't concealed one content lady and Kristen hasn't concealed several ill.,syntax,ellipsis,ellipsis_n_bar_2,True,False,False,False,419,-113.61542510986328,-118.6981201171875,1
Tiffany's colleague doesn't scare three nephews and Lisa doesn't scare fewer unconvinced nephews.,Tiffany's colleague doesn't scare three standing nephews and Lisa doesn't scare fewer unconvinced.,syntax,ellipsis,ellipsis_n_bar_2,True,False,False,False,420,-145.2615966796875,-143.75912475585938,0
Sara hasn't alarmed one woman and the birds had alarmed several unsure woman.,Sara hasn't alarmed one nice woman and the birds had alarmed several unsure.,syntax,ellipsis,ellipsis_n_bar_2,True,False,False,False,421,-109.36268615722656,-110.93238830566406,1
A teacher listened to one woman and some actresses' tutor listened to two hidden woman.,A teacher listened to one lucky woman and some actresses' tutor listened to two hidden.,syntax,ellipsis,ellipsis_n_bar_2,True,False,False,False,422,-114.80931091308594,-120.04327392578125,1
Many sons of Daniel won't examine few hairdressers and Amy won't examine many out in the open hairdressers.,Many sons of Daniel won't examine few old hairdressers and Amy won't examine many out in the open.,syntax,ellipsis,ellipsis_n_bar_2,True,False,False,False,423,-154.26751708984375,-146.83316040039062,0
Sheila insulted one mall and Marie insulted several brown mall.,Sheila insulted one blue mall and Marie insulted several brown.,syntax,ellipsis,ellipsis_n_bar_2,True,False,False,False,424,-109.97044372558594,-107.25247955322266,0
Aaron's mentors impress one bank and a lot of college campuses impress many clean bank.,Aaron's mentors impress one gray bank and a lot of college campuses impress many clean.,syntax,ellipsis,ellipsis_n_bar_2,True,False,False,False,425,-136.83424377441406,-137.761962890625,1
These cousins of most girls were breaking many screens and Helen wasn't breaking few black screens.,These cousins of most girls were breaking many smooth screens and Helen wasn't breaking few black.,syntax,ellipsis,ellipsis_n_bar_2,True,False,False,False,426,-128.89865112304688,-130.80850219726562,1
Some guest hadn't arrived at one mall and Vanessa's podiatrist hadn't arrived at few brown mall.,Some guest hadn't arrived at one old mall and Vanessa's podiatrist hadn't arrived at few brown.,syntax,ellipsis,ellipsis_n_bar_2,True,False,False,False,427,-161.65814208984375,-157.63145446777344,0
Theresa's nephew has watched three bosses and a lot of adults' lawyer has watched at least as many fast bosses.,Theresa's nephew has watched three upset bosses and a lot of adults' lawyer has watched at least as many fast.,syntax,ellipsis,ellipsis_n_bar_2,True,False,False,False,428,-149.13885498046875,-151.61419677734375,1
A waitress does take one cucumber and Florence does take a lot orange cucumber.,A waitress does take one popular cucumber and Florence does take a lot orange.,syntax,ellipsis,ellipsis_n_bar_2,True,False,False,False,429,-107.9585189819336,-110.16708374023438,1
Most grandmothers of Christopher investigate few doctors and Homer's cousins investigate many clever doctors.,Most grandmothers of Christopher investigate few uncertain doctors and Homer's cousins investigate many clever.,syntax,ellipsis,ellipsis_n_bar_2,True,False,False,False,430,-139.083740234375,-147.47201538085938,1
This actress hadn't annoyed one lawyer and some guest hadn't annoyed at least as many content lawyer.,This actress hadn't annoyed one confident lawyer and some guest hadn't annoyed at least as many content.,syntax,ellipsis,ellipsis_n_bar_2,True,False,False,False,431,-136.9404754638672,-135.90296936035156,0
Brenda would tour one mall and that girl's partners would tour several black mall.,Brenda would tour one orange mall and that girl's partners would tour several black.,syntax,ellipsis,ellipsis_n_bar_2,True,False,False,False,432,-131.00570678710938,-131.88108825683594,1
Most rabbits could embarrass few nieces of and every teacher could embarrass many busy nieces of.,Most rabbits could embarrass few displeased nieces of and every teacher could embarrass many busy.,syntax,ellipsis,ellipsis_n_bar_2,True,False,False,False,433,-157.92971801757812,-147.97537231445312,0
Samantha won't go to a lot of schools and Claire won't go to a few hard schools.,Samantha won't go to a lot of bad schools and Claire won't go to a few hard.,syntax,ellipsis,ellipsis_n_bar_2,True,False,False,False,434,-96.77522277832031,-96.99795532226562,1
Lucille cares for a few guys and Steve cares for a lot content guys.,Lucille cares for a few popular guys and Steve cares for a lot content.,syntax,ellipsis,ellipsis_n_bar_2,True,False,False,False,435,-101.76455688476562,-105.64927673339844,1
Many brothers of this doctor think about one doctor and those women think about two fast doctor.,Many brothers of this doctor think about one lucky doctor and those women think about two fast.,syntax,ellipsis,ellipsis_n_bar_2,True,False,False,False,436,-115.24822998046875,-117.08570098876953,1
All waitresses' senators argue about one friend and Katherine's piano teachers argue about a few good friend.,All waitresses' senators argue about one fast friend and Katherine's piano teachers argue about a few good.,syntax,ellipsis,ellipsis_n_bar_2,True,False,False,False,437,-145.12057495117188,-157.20785522460938,1
Walter thinks about three slopes and Emily thinks about more big slopes.,Walter thinks about three orange slopes and Emily thinks about more big.,syntax,ellipsis,ellipsis_n_bar_2,True,False,False,False,438,-101.25070190429688,-97.91046142578125,0
The pedestrian lifts no gloves and Carrie lifts some blue gloves.,The pedestrian lifts no rough gloves and Carrie lifts some blue.,syntax,ellipsis,ellipsis_n_bar_2,True,False,False,False,439,-98.927734375,-99.29754638671875,1
Some girl listens to one brother and Dennis listens to at least as many hidden brother.,Some girl listens to one uncertain brother and Dennis listens to at least as many hidden.,syntax,ellipsis,ellipsis_n_bar_2,True,False,False,False,440,-116.26918029785156,-122.03600311279297,1
The newspaper article confuses one guest and some carriage confuses a lot hopeful guest.,The newspaper article confuses one good guest and some carriage confuses a lot hopeful.,syntax,ellipsis,ellipsis_n_bar_2,True,False,False,False,441,-135.43814086914062,-135.12571716308594,0
Dan's brothers are concealing one commentary about and most dancers are concealing four good commentary about.,Dan's brothers are concealing one long commentary about and most dancers are concealing four good.,syntax,ellipsis,ellipsis_n_bar_2,True,False,False,False,442,-146.57937622070312,-135.32298278808594,0
Chad cleans a lot of college campuses and Jessica cleans a few black college campuses.,Chad cleans a lot of green college campuses and Jessica cleans a few black.,syntax,ellipsis,ellipsis_n_bar_2,True,False,False,False,443,-124.75271606445312,-119.25090026855469,0
Rachelle hadn't appreciated one movie and Ronald hadn't appreciated several popular movie.,Rachelle hadn't appreciated one important movie and Ronald hadn't appreciated several popular.,syntax,ellipsis,ellipsis_n_bar_2,True,False,False,False,444,-121.79251861572266,-124.58377838134766,1
Stephanie's girlfriend cures three dogs and Marie's handyman cures two black dogs.,Stephanie's girlfriend cures three good dogs and Marie's handyman cures two black.,syntax,ellipsis,ellipsis_n_bar_2,True,False,False,False,445,-142.73184204101562,-146.17105102539062,1
Derek didn't observe one boss and all teenagers' son didn't observe five happy boss.,Derek didn't observe one fast boss and all teenagers' son didn't observe five happy.,syntax,ellipsis,ellipsis_n_bar_2,True,False,False,False,446,-135.92337036132812,-135.62112426757812,0
All skateboards had looked like one print of and most granddaughters of Diana had looked like a lot green print of.,All skateboards had looked like one purple print of and most granddaughters of Diana had looked like a lot green.,syntax,ellipsis,ellipsis_n_bar_2,True,False,False,False,447,-162.634765625,-154.24758911132812,0
Sarah's daughter hides three sons of and Stacey hides fewer big sons of.,Sarah's daughter hides three young sons of and Stacey hides fewer big.,syntax,ellipsis,ellipsis_n_bar_2,True,False,False,False,448,-124.1250228881836,-119.67172241210938,0
Emily hadn't questioned three sisters of and Daniel hadn't questioned at least as many serious sisters of.,Emily hadn't questioned three employed sisters of and Daniel hadn't questioned at least as many serious.,syntax,ellipsis,ellipsis_n_bar_2,True,False,False,False,449,-135.05166625976562,-132.09002685546875,0
Christine hasn't driven to one college campus and Jason hasn't driven to more rough college campus.,Christine hasn't driven to one black college campus and Jason hasn't driven to more rough.,syntax,ellipsis,ellipsis_n_bar_2,True,False,False,False,450,-134.4918975830078,-126.55526733398438,0
Some picture could look like three glaciers and a drawing could look like more old glaciers.,Some picture could look like three smooth glaciers and a drawing could look like more old.,syntax,ellipsis,ellipsis_n_bar_2,True,False,False,False,451,-117.83924865722656,-113.90690612792969,0
Grace's ex-girlfriend went to several cafes and Amelia went to a few out in the open cafes.,Grace's ex-girlfriend went to several good cafes and Amelia went to a few out in the open.,syntax,ellipsis,ellipsis_n_bar_2,True,False,False,False,452,-126.44721221923828,-116.59051513671875,0
Winston Churchill conceals few partners and Wayne conceals many out in the open partners.,Winston Churchill conceals few determined partners and Wayne conceals many out in the open.,syntax,ellipsis,ellipsis_n_bar_2,True,False,False,False,453,-138.85501098632812,-147.48202514648438,1
Laura's ex-wives admire no restaurants and women admire some bad restaurants.,Laura's ex-wives admire no hidden restaurants and women admire some bad.,syntax,ellipsis,ellipsis_n_bar_2,True,False,False,False,454,-114.6318359375,-117.87245178222656,1
Mary's father had one river and Gina had four rough river.,Mary's father had one smooth river and Gina had four rough.,syntax,ellipsis,ellipsis_n_bar_2,True,False,False,False,455,-83.96737670898438,-86.64266967773438,1
Every woman hasn't fired one teenager and the patient hasn't fired more big teenager.,Every woman hasn't fired one small teenager and the patient hasn't fired more big.,syntax,ellipsis,ellipsis_n_bar_2,True,False,False,False,456,-109.13633728027344,-109.13064575195312,0
Steve climbed down three hills and Beverly climbed down two smooth hills.,Steve climbed down three popular hills and Beverly climbed down two smooth.,syntax,ellipsis,ellipsis_n_bar_2,True,False,False,False,457,-90.12559509277344,-98.421875,1
Sally hadn't noticed three gloves and Phillip hadn't noticed fewer rough gloves.,Sally hadn't noticed three important gloves and Phillip hadn't noticed fewer rough.,syntax,ellipsis,ellipsis_n_bar_2,True,False,False,False,458,-108.05148315429688,-109.54602813720703,1
The nieces of Tonya appreciate one museum and Julie's podiatrists appreciate few popular museum.,The nieces of Tonya appreciate one dirty museum and Julie's podiatrists appreciate few popular.,syntax,ellipsis,ellipsis_n_bar_2,True,False,False,False,459,-179.8886260986328,-183.11013793945312,1
That driver toured one art gallery and a waitress toured three exposed art gallery.,That driver toured one out in the open art gallery and a waitress toured three exposed.,syntax,ellipsis,ellipsis_n_bar_2,True,False,False,False,460,-119.01018524169922,-123.84488677978516,1
Anna remembered three sisters and Beth remembered more unemployed sisters.,Anna remembered three unsure sisters and Beth remembered more unemployed.,syntax,ellipsis,ellipsis_n_bar_2,True,False,False,False,461,-80.11848449707031,-93.0222396850586,1
Liam hasn't attacked one grandmother and Connie hasn't attacked two unlucky grandmother.,Liam hasn't attacked one clever grandmother and Connie hasn't attacked two unlucky.,syntax,ellipsis,ellipsis_n_bar_2,True,False,False,False,462,-111.90188598632812,-115.20498657226562,1
Douglas's best friends scan one supervisor and Barbara's bosses scan a few unlucky supervisor.,Douglas's best friends scan one lucky supervisor and Barbara's bosses scan a few unlucky.,syntax,ellipsis,ellipsis_n_bar_2,True,False,False,False,463,-135.9097137451172,-137.35580444335938,1
Adam is lifting four books and Sara is lifting five popular books.,Adam is lifting four brown books and Sara is lifting five popular.,syntax,ellipsis,ellipsis_n_bar_2,True,False,False,False,464,-89.72096252441406,-95.13123321533203,1
Every niece of Meredith wasn't researching one best friend and Steven's ex-girlfriend wasn't researching some unconvinced best friend.,Every niece of Meredith wasn't researching one out in the open best friend and Steven's ex-girlfriend wasn't researching some unconvinced.,syntax,ellipsis,ellipsis_n_bar_2,True,False,False,False,465,-172.62979125976562,-181.25372314453125,1
Jacqueline cleaned one dress and Stacey's boyfriend cleaned a few gray dress.,Jacqueline cleaned one brown dress and Stacey's boyfriend cleaned a few gray.,syntax,ellipsis,ellipsis_n_bar_2,True,False,False,False,466,-108.10464477539062,-111.4469223022461,1
Some plates aggravate one ex-girlfriend and some gates aggravate more scared ex-girlfriend.,Some plates aggravate one hopeful ex-girlfriend and some gates aggravate more scared.,syntax,ellipsis,ellipsis_n_bar_2,True,False,False,False,467,-135.23617553710938,-129.72293090820312,0
Noah's handyman wasn't talking to one teacher and that granddaughter of Aaron wasn't talking to a lot standing teacher.,Noah's handyman wasn't talking to one fast teacher and that granddaughter of Aaron wasn't talking to a lot standing.,syntax,ellipsis,ellipsis_n_bar_2,True,False,False,False,468,-151.05224609375,-156.62588500976562,1
Some girls confuses several partners and the doctor's bosses confuses a few hidden partners.,Some girls confuses several content partners and the doctor's bosses confuses a few hidden.,syntax,ellipsis,ellipsis_n_bar_2,True,False,False,False,469,-125.22053527832031,-130.0874481201172,1
Jennifer's girlfriend hugged many granddaughters of and Melanie hugged few unconvinced granddaughters of.,Jennifer's girlfriend hugged many concealed granddaughters of and Melanie hugged few unconvinced.,syntax,ellipsis,ellipsis_n_bar_2,True,False,False,False,470,-169.1922149658203,-153.50552368164062,0
Valerie wasn't healing one lawyer and the waiter wasn't healing at least as many uncertain lawyer.,Valerie wasn't healing one lost lawyer and the waiter wasn't healing at least as many uncertain.,syntax,ellipsis,ellipsis_n_bar_2,True,False,False,False,471,-136.79107666015625,-137.2206268310547,1
Katherine wasn't praising a few grandmothers and Omar wasn't praising several lucky grandmothers.,Katherine wasn't praising a few lost grandmothers and Omar wasn't praising several lucky.,syntax,ellipsis,ellipsis_n_bar_2,True,False,False,False,472,-130.07272338867188,-126.73857879638672,0
Many dancers' spouse didn't exit one art gallery and Meredith didn't exit a lot cheap art gallery.,Many dancers' spouse didn't exit one old art gallery and Meredith didn't exit a lot cheap.,syntax,ellipsis,ellipsis_n_bar_2,True,False,False,False,473,-161.49447631835938,-153.9370574951172,0
Susan isn't watching several hairdressers and a man's mentee isn't watching a few content hairdressers.,Susan isn't watching several uncertain hairdressers and a man's mentee isn't watching a few content.,syntax,ellipsis,ellipsis_n_bar_2,True,False,False,False,474,-152.109375,-147.34030151367188,0
The boys' ex-husbands brought one coat and Angela brought some green coat.,The boys' ex-husbands brought one orange coat and Angela brought some green.,syntax,ellipsis,ellipsis_n_bar_2,True,False,False,False,475,-116.35720825195312,-116.99005889892578,1
The child's bosses aren't descending three hills and that customer was descending almost as many bad hills.,The child's bosses aren't descending three rough hills and that customer was descending almost as many bad.,syntax,ellipsis,ellipsis_n_bar_2,True,False,False,False,476,-132.22967529296875,-130.85646057128906,0
Carlos's lawyer should bore one sister of and every play should bore three unconvinced sister of.,Carlos's lawyer should bore one troubled sister of and every play should bore three unconvinced.,syntax,ellipsis,ellipsis_n_bar_2,True,False,False,False,477,-161.87356567382812,-148.91192626953125,0
Patrick's teacher cleaned one restaurant and sisters of that senator cleaned a lot gray restaurant.,Patrick's teacher cleaned one rough restaurant and sisters of that senator cleaned a lot gray.,syntax,ellipsis,ellipsis_n_bar_2,True,False,False,False,478,-138.03204345703125,-139.89752197265625,1
Some children did scan three oncologists and Tamara did scan more lucky oncologists.,Some children did scan three displeased oncologists and Tamara did scan more lucky.,syntax,ellipsis,ellipsis_n_bar_2,True,False,False,False,479,-154.98550415039062,-147.6887969970703,0
Some lady hasn't admired two nephews of and Samantha hasn't admired three smart nephews of.,Some lady hasn't admired two young nephews of and Samantha hasn't admired three smart.,syntax,ellipsis,ellipsis_n_bar_2,True,False,False,False,480,-142.72608947753906,-126.78231811523438,0
Wendy's plumbers hadn't passed one river and Bill's sons hadn't passed few purple river.,Wendy's plumbers hadn't passed one cheap river and Bill's sons hadn't passed few purple.,syntax,ellipsis,ellipsis_n_bar_2,True,False,False,False,481,-142.33892822265625,-143.2753143310547,1
Patrick approaches one customer and some driver approaches at least as many happy customer.,Patrick approaches one big customer and some driver approaches at least as many happy.,syntax,ellipsis,ellipsis_n_bar_2,True,False,False,False,482,-116.81964111328125,-115.35292053222656,0
Tracy impressed three classmates and the bank impressed almost as many delighted classmates.,Tracy impressed three upset classmates and the bank impressed almost as many delighted.,syntax,ellipsis,ellipsis_n_bar_2,True,False,False,False,483,-114.7485580444336,-117.20973205566406,1
Tiffany was upsetting three actors and Gary was upsetting more content actors.,Tiffany was upsetting three busy actors and Gary was upsetting more content.,syntax,ellipsis,ellipsis_n_bar_2,True,False,False,False,484,-114.0812759399414,-110.20478820800781,0
Katherine explored four grocery stores and Carrie's ex-wives explored five purple grocery stores.,Katherine explored four smooth grocery stores and Carrie's ex-wives explored five purple.,syntax,ellipsis,ellipsis_n_bar_2,True,False,False,False,485,-142.214599609375,-138.74734497070312,0
Bruce conceals one glass and Veronica conceals a few broken glass.,Bruce conceals one hard glass and Veronica conceals a few broken.,syntax,ellipsis,ellipsis_n_bar_2,True,False,False,False,486,-109.80998992919922,-114.31293487548828,1
Sabrina's sisters weren't arriving at one college campus and Martin is arriving at more blue college campus.,Sabrina's sisters weren't arriving at one new college campus and Martin is arriving at more blue.,syntax,ellipsis,ellipsis_n_bar_2,True,False,False,False,487,-142.23828125,-132.63290405273438,0
Carlos will investigate three nephews and some senator will investigate almost as many small nephews.,Carlos will investigate three happy nephews and some senator will investigate almost as many small.,syntax,ellipsis,ellipsis_n_bar_2,True,False,False,False,488,-123.02499389648438,-121.07487487792969,0
Roger had a few banks and children had a lot gray banks.,Roger had a few cheap banks and children had a lot gray.,syntax,ellipsis,ellipsis_n_bar_2,True,False,False,False,489,-80.29374694824219,-80.05848693847656,0
Brian's friend attacks one partner and Stacy attacks several uncertain partner.,Brian's friend attacks one displeased partner and Stacy attacks several uncertain.,syntax,ellipsis,ellipsis_n_bar_2,True,False,False,False,490,-103.31982421875,-111.5541000366211,1
Diana's dentists dislike one actress and some women's employees dislike at least as many popular actress.,Diana's dentists dislike one fast actress and some women's employees dislike at least as many popular.,syntax,ellipsis,ellipsis_n_bar_2,True,False,False,False,491,-136.01919555664062,-142.25572204589844,1
Lawrence's doctors have exited one hill and Diana's ex-husband hadn't exited two red hill.,Lawrence's doctors have exited one black hill and Diana's ex-husband hadn't exited two red.,syntax,ellipsis,ellipsis_n_bar_2,True,False,False,False,492,-153.43463134765625,-151.3467559814453,0
Larry's nephews have two paintings of and most senators have three small paintings of.,Larry's nephews have two big paintings of and most senators have three small.,syntax,ellipsis,ellipsis_n_bar_2,True,False,False,False,493,-109.08941650390625,-102.80565643310547,0
Every senator's classmates haven't questioned three girls and these pedestrians haven't questioned almost as many concealed girls.,Every senator's classmates haven't questioned three good girls and these pedestrians haven't questioned almost as many concealed.,syntax,ellipsis,ellipsis_n_bar_2,True,False,False,False,494,-145.86289978027344,-148.25823974609375,1
That cashier approaches one brother and Karla approaches three fast brother.,That cashier approaches one determined brother and Karla approaches three fast.,syntax,ellipsis,ellipsis_n_bar_2,True,False,False,False,495,-117.77935028076172,-124.15525817871094,1
Many ladders alarm several tutors and a lot of essays alarm a few smart tutors.,Many ladders alarm several busy tutors and a lot of essays alarm a few smart.,syntax,ellipsis,ellipsis_n_bar_2,True,False,False,False,496,-132.2119140625,-128.87112426757812,0
Jesus's employees should know one man and Heidi should know more busy man.,Jesus's employees should know one exposed man and Heidi should know more busy.,syntax,ellipsis,ellipsis_n_bar_2,True,False,False,False,497,-102.97659301757812,-110.16789245605469,1
Sherry could heal four cousins of and Nina could heal five smart cousins of.,Sherry could heal four ill cousins of and Nina could heal five smart.,syntax,ellipsis,ellipsis_n_bar_2,True,False,False,False,498,-127.05337524414062,-122.90192413330078,0
Jacqueline's supervisors had arrived at a lot of rivers and every grandson of Jane had arrived at a few popular rivers.,Jacqueline's supervisors had arrived at a lot of bad rivers and every grandson of Jane had arrived at a few popular.,syntax,ellipsis,ellipsis_n_bar_2,True,False,False,False,499,-143.8679656982422,-143.62619018554688,0
Some lady passed one public park and that senator passed some yellow public park.,Some lady passed one good public park and that senator passed some yellow.,syntax,ellipsis,ellipsis_n_bar_2,True,False,False,False,500,-116.6585693359375,-113.23509216308594,0
Theresa's piano teachers conceal many doctors and a lot of sons of Janet conceal few serious doctors.,Theresa's piano teachers conceal many troubled doctors and a lot of sons of Janet conceal few serious.,syntax,ellipsis,ellipsis_n_bar_2,True,False,False,False,501,-145.3566131591797,-153.2650146484375,1
Clyde was lifting many rivers and Nicole was lifting few red rivers.,Clyde was lifting many rough rivers and Nicole was lifting few red.,syntax,ellipsis,ellipsis_n_bar_2,True,False,False,False,502,-110.48333740234375,-110.27696990966797,0
Many committees would have three slopes and a hospital would have almost as many hidden slopes.,Many committees would have three small slopes and a hospital would have almost as many hidden.,syntax,ellipsis,ellipsis_n_bar_2,True,False,False,False,503,-115.73978424072266,-111.43528747558594,0
Brenda worked with one piano teacher and Amelia worked with five clever piano teacher.,Brenda worked with one bad piano teacher and Amelia worked with five clever.,syntax,ellipsis,ellipsis_n_bar_2,True,False,False,False,504,-105.27284240722656,-103.42700958251953,0
These granddaughters of Monet boast about three senators and most banks boast about at least as many uncertain senators.,These granddaughters of Monet boast about three excited senators and most banks boast about at least as many uncertain.,syntax,ellipsis,ellipsis_n_bar_2,True,False,False,False,505,-145.19638061523438,-151.0108642578125,1
This man knew a few podiatrists and Colleen's supervisor knew several scared podiatrists.,This man knew a few serious podiatrists and Colleen's supervisor knew several scared.,syntax,ellipsis,ellipsis_n_bar_2,True,False,False,False,506,-176.95721435546875,-145.1676788330078,0
The fathers of Derek weren't buying three eyes and a child isn't buying more black eyes.,The fathers of Derek weren't buying three bad eyes and a child isn't buying more black.,syntax,ellipsis,ellipsis_n_bar_2,True,False,False,False,507,-106.83671569824219,-113.4568862915039,1
Rhonda doesn't buy five hospitals and Marla doesn't buy four hard hospitals.,Rhonda doesn't buy five dirty hospitals and Marla doesn't buy four hard.,syntax,ellipsis,ellipsis_n_bar_2,True,False,False,False,508,-113.55372619628906,-117.26819610595703,1
Christine's grandson has alarmed one piano teacher and every actor has alarmed at least as many unemployed piano teacher.,Christine's grandson has alarmed one exposed piano teacher and every actor has alarmed at least as many unemployed.,syntax,ellipsis,ellipsis_n_bar_2,True,False,False,False,509,-159.37240600585938,-152.9186248779297,0
Barbara is healing four senators and Amelia is healing five popular senators.,Barbara is healing four upset senators and Amelia is healing five popular.,syntax,ellipsis,ellipsis_n_bar_2,True,False,False,False,510,-111.32881164550781,-116.27371978759766,1
Bill's dentists have cleaned three windows and those brothers of Beverly have cleaned at least as many brown windows.,Bill's dentists have cleaned three exposed windows and those brothers of Beverly have cleaned at least as many brown.,syntax,ellipsis,ellipsis_n_bar_2,True,False,False,False,511,-147.8707275390625,-157.5323028564453,1
The Impressionists disagreed with a few patients and some reports about the Clintons disagreed with a lot good patients.,The Impressionists disagreed with a few unemployed patients and some reports about the Clintons disagreed with a lot good.,syntax,ellipsis,ellipsis_n_bar_2,True,False,False,False,512,-127.98400115966797,-132.353271484375,1
Sara did reveal a few reports and Naomi did reveal several brown reports.,Sara did reveal a few out in the open reports and Naomi did reveal several brown.,syntax,ellipsis,ellipsis_n_bar_2,True,False,False,False,513,-104.49916076660156,-118.27876281738281,1
The dancer's husband observed a few employees and Natalie observed a lot troubled employees.,The dancer's husband observed a few unemployed employees and Natalie observed a lot troubled.,syntax,ellipsis,ellipsis_n_bar_2,True,False,False,False,514,-110.88265991210938,-113.717529296875,1
The bikes alarm two teachers and Leslie's nieces alarm three hopeful teachers.,The bikes alarm two small teachers and Leslie's nieces alarm three hopeful.,syntax,ellipsis,ellipsis_n_bar_2,True,False,False,False,515,-123.85591125488281,-120.72667694091797,0
Every fish descends one hill and Suzanne descends a lot good hill.,Every fish descends one out in the open hill and Suzanne descends a lot good.,syntax,ellipsis,ellipsis_n_bar_2,True,False,False,False,516,-109.62482452392578,-113.02291870117188,1
These people go to no malls and these nephews of Gregory go to some bad malls.,These people go to no smooth malls and these nephews of Gregory go to some bad.,syntax,ellipsis,ellipsis_n_bar_2,True,False,False,False,517,-121.39078521728516,-122.33926391601562,1
Carlos hadn't criticized a few electricians and a lot of drivers hadn't criticized a lot clever electricians.,Carlos hadn't criticized a few hidden electricians and a lot of drivers hadn't criticized a lot clever.,syntax,ellipsis,ellipsis_n_bar_2,True,False,False,False,518,-140.125244140625,-136.7092742919922,0
Michael's ex-girlfriends leave three high schools and Andrea's lawyers leave more black high schools.,Michael's ex-girlfriends leave three popular high schools and Andrea's lawyers leave more black.,syntax,ellipsis,ellipsis_n_bar_2,True,False,False,False,519,-130.51007080078125,-130.33795166015625,0
Stacey was concealing one doctor and that actor's piano teachers are concealing several ill doctor.,Stacey was concealing one content doctor and that actor's piano teachers are concealing several ill.,syntax,ellipsis,ellipsis_n_bar_2,True,False,False,False,520,-145.02664184570312,-148.25759887695312,1
Phillip's tutor had seen two banks and those mothers of Paula had seen three smooth banks.,Phillip's tutor had seen two important banks and those mothers of Paula had seen three smooth.,syntax,ellipsis,ellipsis_n_bar_2,True,False,False,False,521,-129.50570678710938,-133.5661163330078,1
Tracy's son fired one girlfriend and grandsons of Eva fired several displeased girlfriend.,Tracy's son fired one upset girlfriend and grandsons of Eva fired several displeased.,syntax,ellipsis,ellipsis_n_bar_2,True,False,False,False,522,-133.96392822265625,-136.55621337890625,1
Jessica's grandfathers wear several sweaters and these pedestrians wear a few white sweaters.,Jessica's grandfathers wear several brown sweaters and these pedestrians wear a few white.,syntax,ellipsis,ellipsis_n_bar_2,True,False,False,False,523,-128.9357147216797,-126.3052978515625,0
Steven did admire one glass and some woman did admire a lot white glass.,Steven did admire one lost glass and some woman did admire a lot white.,syntax,ellipsis,ellipsis_n_bar_2,True,False,False,False,524,-110.25814056396484,-111.03776550292969,1
These children's tutor disagrees with three ex-boyfriends and the actress disagrees with more lost ex-boyfriends.,These children's tutor disagrees with three clever ex-boyfriends and the actress disagrees with more lost.,syntax,ellipsis,ellipsis_n_bar_2,True,False,False,False,525,-151.28167724609375,-137.46865844726562,0
Deanna is talking about three cousins of and Samuel is talking about at least as many good cousins of.,Deanna is talking about three upset cousins of and Samuel is talking about at least as many good.,syntax,ellipsis,ellipsis_n_bar_2,True,False,False,False,526,-124.2342300415039,-125.84834289550781,1
The pedestrians' ex-husband had observed one son and most waiters' colleague had observed many busy son.,The pedestrians' ex-husband had observed one uncertain son and most waiters' colleague had observed many busy.,syntax,ellipsis,ellipsis_n_bar_2,True,False,False,False,527,-154.50848388671875,-160.49673461914062,1
Some drawings bore two mothers and a lot of ladies bore three nice mothers.,Some drawings bore two standing mothers and a lot of ladies bore three nice.,syntax,ellipsis,ellipsis_n_bar_2,True,False,False,False,528,-100.6778564453125,-109.20657348632812,1
A lot of dishes have distracted one ex-boyfriend and Sarah's handyman has distracted two hidden ex-boyfriend.,A lot of dishes have distracted one scared ex-boyfriend and Sarah's handyman has distracted two hidden.,syntax,ellipsis,ellipsis_n_bar_2,True,False,False,False,529,-170.70843505859375,-158.1298370361328,0
All actresses were scaring a few governments and some grandmother of Rachelle isn't scaring a lot good governments.,All actresses were scaring a few important governments and some grandmother of Rachelle isn't scaring a lot good.,syntax,ellipsis,ellipsis_n_bar_2,True,False,False,False,530,-161.644287109375,-157.31390380859375,0
Raymond does observe a lot of students and Danielle does observe a few small students.,Raymond does observe a lot of out in the open students and Danielle does observe a few small.,syntax,ellipsis,ellipsis_n_bar_2,True,False,False,False,531,-104.70783996582031,-125.90098571777344,1
Alexander appreciates one nephew of and Melissa appreciates two hidden nephew of.,Alexander appreciates one bad nephew of and Melissa appreciates two hidden.,syntax,ellipsis,ellipsis_n_bar_2,True,False,False,False,532,-121.063720703125,-113.71662902832031,0
Cindy's employee hasn't attacked one supervisor and Gerald hasn't attacked a few busy supervisor.,Cindy's employee hasn't attacked one hopeful supervisor and Gerald hasn't attacked a few busy.,syntax,ellipsis,ellipsis_n_bar_2,True,False,False,False,533,-131.95590209960938,-136.605224609375,1
Holly might boast about three commentaries about and Daniel might boast about more bad commentaries about.,Holly might boast about three long commentaries about and Daniel might boast about more bad.,syntax,ellipsis,ellipsis_n_bar_2,True,False,False,False,534,-150.1405029296875,-132.31216430664062,0
Nicole thought about three associates and Pamela thought about fewer lucky associates.,Nicole thought about three small associates and Pamela thought about fewer lucky.,syntax,ellipsis,ellipsis_n_bar_2,True,False,False,False,535,-103.32743835449219,-103.70880126953125,1
Regina can go to many closets and the waiters can go to few red closets.,Regina can go to many bad closets and the waiters can go to few red.,syntax,ellipsis,ellipsis_n_bar_2,True,False,False,False,536,-119.86329650878906,-119.44767761230469,0
Kenneth drives to one hospital and some sister of Cindy drives to several purple hospital.,Kenneth drives to one good hospital and some sister of Cindy drives to several purple.,syntax,ellipsis,ellipsis_n_bar_2,True,False,False,False,537,-129.52239990234375,-129.43553161621094,0
This teenager ascends one ladder and Frank's daughter ascends more hard ladder.,This teenager ascends one smooth ladder and Frank's daughter ascends more hard.,syntax,ellipsis,ellipsis_n_bar_2,True,False,False,False,538,-123.50421905517578,-123.4813461303711,0
Every patient hadn't returned to one man and Stephen's classmate hadn't returned to some troubled man.,Every patient hadn't returned to one out in the open man and Stephen's classmate hadn't returned to some troubled.,syntax,ellipsis,ellipsis_n_bar_2,True,False,False,False,539,-113.53579711914062,-132.1402587890625,1
Margaret's nieces haven't questioned few customers and Kenneth's teachers haven't questioned many fast customers.,Margaret's nieces haven't questioned few out in the open customers and Kenneth's teachers haven't questioned many fast.,syntax,ellipsis,ellipsis_n_bar_2,True,False,False,False,540,-145.86074829101562,-160.29444885253906,1
Some grandsons of Adam alarms three ladies and some drawing alarms fewer exposed ladies.,Some grandsons of Adam alarms three busy ladies and some drawing alarms fewer exposed.,syntax,ellipsis,ellipsis_n_bar_2,True,False,False,False,541,-138.32058715820312,-141.93128967285156,1
Theodore's best friends aren't annoying one husband and all doctors' wife isn't annoying four big husband.,Theodore's best friends aren't annoying one good husband and all doctors' wife isn't annoying four big.,syntax,ellipsis,ellipsis_n_bar_2,True,False,False,False,542,-135.8421630859375,-135.52398681640625,0
Those women disagree with no daughters and reports disagree with some happy daughters.,Those women disagree with no lost daughters and reports disagree with some happy.,syntax,ellipsis,ellipsis_n_bar_2,True,False,False,False,543,-94.63557434082031,-101.24915313720703,1
Suzanne's grandmother discussed four ex-wives and Gregory discussed five nice ex-wives.,Suzanne's grandmother discussed four hidden ex-wives and Gregory discussed five nice.,syntax,ellipsis,ellipsis_n_bar_2,True,False,False,False,544,-131.2443084716797,-128.80474853515625,0
Stacey talked about one pedestrian and Eric's ex-husband talked about more big pedestrian.,Stacey talked about one excited pedestrian and Eric's ex-husband talked about more big.,syntax,ellipsis,ellipsis_n_bar_2,True,False,False,False,545,-119.33604431152344,-119.87126922607422,1
The cilantro upsets one mentee and these pedestrians upsets few delighted mentee.,The cilantro upsets one long mentee and these pedestrians upsets few delighted.,syntax,ellipsis,ellipsis_n_bar_2,True,False,False,False,546,-162.42703247070312,-147.0690460205078,0
Steven hasn't bored one waiter and Nina hasn't bored few troubled waiter.,Steven hasn't bored one hopeful waiter and Nina hasn't bored few troubled.,syntax,ellipsis,ellipsis_n_bar_2,True,False,False,False,547,-123.56036376953125,-125.36164855957031,1
Paul isn't working with few mothers of and Claire isn't working with many upset mothers of.,Paul isn't working with few young mothers of and Claire isn't working with many upset.,syntax,ellipsis,ellipsis_n_bar_2,True,False,False,False,548,-119.50704956054688,-106.817138671875,0
Tanya wouldn't think about three hamsters and Tracy wouldn't think about more black hamsters.,Tanya wouldn't think about three good hamsters and Tracy wouldn't think about more black.,syntax,ellipsis,ellipsis_n_bar_2,True,False,False,False,549,-112.0459213256836,-108.8661117553711,0
Donna climbs up one ladder and Bruce climbs up few smooth ladder.,Donna climbs up one green ladder and Bruce climbs up few smooth.,syntax,ellipsis,ellipsis_n_bar_2,True,False,False,False,550,-99.41431427001953,-100.22005462646484,1
Beverly isn't going to a few banks and Victoria isn't going to several dirty banks.,Beverly isn't going to a few red banks and Victoria isn't going to several dirty.,syntax,ellipsis,ellipsis_n_bar_2,True,False,False,False,551,-116.03459167480469,-113.99869537353516,0
Cynthia wasn't climbing down a few slopes and some actress's sisters are climbing down several orange slopes.,Cynthia wasn't climbing down a few lost slopes and some actress's sisters are climbing down several orange.,syntax,ellipsis,ellipsis_n_bar_2,True,False,False,False,552,-146.43130493164062,-147.38818359375,1
Theresa hadn't known three granddaughters of and Bruce hadn't known two sick granddaughters of.,Theresa hadn't known three hopeful granddaughters of and Bruce hadn't known two sick.,syntax,ellipsis,ellipsis_n_bar_2,True,False,False,False,553,-136.83795166015625,-123.8869857788086,0
Rachelle looks like one painting and this pepper looks like a lot important painting.,Rachelle looks like one popular painting and this pepper looks like a lot important.,syntax,ellipsis,ellipsis_n_bar_2,True,False,False,False,554,-105.84477996826172,-109.1695785522461,1
The customer's grandson breaks a few couches and this patient breaks several out in the open couches.,The customer's grandson breaks a few bad couches and this patient breaks several out in the open.,syntax,ellipsis,ellipsis_n_bar_2,True,False,False,False,555,-131.27593994140625,-131.0053253173828,0
Emily talks about one ex-husband and Debra talks about a few old ex-husband.,Emily talks about one hopeful ex-husband and Debra talks about a few old.,syntax,ellipsis,ellipsis_n_bar_2,True,False,False,False,556,-101.7884521484375,-99.52841186523438,0
Teresa didn't drive to one bank and Tammy's mother didn't drive to few purple bank.,Teresa didn't drive to one old bank and Tammy's mother didn't drive to few purple.,syntax,ellipsis,ellipsis_n_bar_2,True,False,False,False,557,-127.65240478515625,-124.53688049316406,0
Sharon hasn't worn one shoe and this friend of Brenda hasn't worn four purple shoe.,Sharon hasn't worn one concealed shoe and this friend of Brenda hasn't worn four purple.,syntax,ellipsis,ellipsis_n_bar_2,True,False,False,False,558,-128.0823974609375,-134.21762084960938,1
Some teachers remember one brother of and Cindy's classmates remember some excited brother of.,Some teachers remember one sick brother of and Cindy's classmates remember some excited.,syntax,ellipsis,ellipsis_n_bar_2,True,False,False,False,559,-118.35259246826172,-112.90316772460938,0
Many waitresses conceal one husband and some actor's granddaughters conceal five unlucky husband.,Many waitresses conceal one nice husband and some actor's granddaughters conceal five unlucky.,syntax,ellipsis,ellipsis_n_bar_2,True,False,False,False,560,-152.9469451904297,-156.19189453125,1
Brad wasn't observing few nieces of and Lissa wasn't observing many content nieces of.,Brad wasn't observing few long nieces of and Lissa wasn't observing many content.,syntax,ellipsis,ellipsis_n_bar_2,True,False,False,False,561,-157.63540649414062,-137.10052490234375,0
Some child hugged a few doctors and Meredith hugged several serious doctors.,Some child hugged a few old doctors and Meredith hugged several serious.,syntax,ellipsis,ellipsis_n_bar_2,True,False,False,False,562,-97.42050170898438,-98.75401306152344,1
Scott's supervisor boasts about three guests and Harvard University boasts about at least as many out in the open guests.,Scott's supervisor boasts about three content guests and Harvard University boasts about at least as many out in the open.,syntax,ellipsis,ellipsis_n_bar_2,True,False,False,False,563,-151.12046813964844,-153.71090698242188,1
Stephen's brothers annoy three senators and Judy's mentors annoy two lucky senators.,Stephen's brothers annoy three happy senators and Judy's mentors annoy two lucky.,syntax,ellipsis,ellipsis_n_bar_2,True,False,False,False,564,-133.12985229492188,-134.11448669433594,1
Joseph has criticized one report about and April has criticized many orange report about.,Joseph has criticized one concealed report about and April has criticized many orange.,syntax,ellipsis,ellipsis_n_bar_2,True,False,False,False,565,-115.29519653320312,-110.59223937988281,0
Russell's boyfriend resembles a lot of sketches of and this public park resembles a few hidden sketches of.,Russell's boyfriend resembles a lot of lost sketches of and this public park resembles a few hidden.,syntax,ellipsis,ellipsis_n_bar_2,True,False,False,False,566,-141.83290100097656,-137.6400146484375,0
Ann did boast about one book about and Veronica did boast about some bad book about.,Ann did boast about one red book about and Veronica did boast about some bad.,syntax,ellipsis,ellipsis_n_bar_2,True,False,False,False,567,-106.3538589477539,-104.46864318847656,0
Heidi's handymen haven't forgotten one grandfather of and Lawrence hadn't forgotten four unsure grandfather of.,Heidi's handymen haven't forgotten one content grandfather of and Lawrence hadn't forgotten four unsure.,syntax,ellipsis,ellipsis_n_bar_2,True,False,False,False,568,-167.05018615722656,-159.91494750976562,0
Most committees conceal a few drivers and Becca's partners conceal several bad drivers.,Most committees conceal a few concealed drivers and Becca's partners conceal several bad.,syntax,ellipsis,ellipsis_n_bar_2,True,False,False,False,569,-122.57353210449219,-128.00924682617188,1
Some friends of Steven revealed one screen and Nina revealed at least as many broken screen.,Some friends of Steven revealed one concealed screen and Nina revealed at least as many broken.,syntax,ellipsis,ellipsis_n_bar_2,True,False,False,False,570,-122.87957000732422,-127.8936767578125,1
These granddaughters of Carmen did sound like one woman and Bethany's ex-boyfriend did sound like many smart woman.,These granddaughters of Carmen did sound like one concealed woman and Bethany's ex-boyfriend did sound like many smart.,syntax,ellipsis,ellipsis_n_bar_2,True,False,False,False,571,-153.42442321777344,-165.2165069580078,1
The associations buy no peppers and the children buy some popular peppers.,The associations buy no bad peppers and the children buy some popular.,syntax,ellipsis,ellipsis_n_bar_2,True,False,False,False,572,-95.06155395507812,-94.90541076660156,0
Tara hasn't researched one public park and Melanie hasn't researched few exposed public park.,Tara hasn't researched one green public park and Melanie hasn't researched few exposed.,syntax,ellipsis,ellipsis_n_bar_2,True,False,False,False,573,-137.49807739257812,-135.07989501953125,0
Gina's associates ran around one closet and Raymond ran around three concealed closet.,Gina's associates ran around one old closet and Raymond ran around three concealed.,syntax,ellipsis,ellipsis_n_bar_2,True,False,False,False,574,-113.17562866210938,-112.68385314941406,0
The birds wouldn't irritate one cashier and Kevin wouldn't irritate some happy cashier.,The birds wouldn't irritate one sick cashier and Kevin wouldn't irritate some happy.,syntax,ellipsis,ellipsis_n_bar_2,True,False,False,False,575,-111.90554809570312,-109.49082946777344,0
Gregory had healed one patient and Rebecca had healed a lot important patient.,Gregory had healed one content patient and Rebecca had healed a lot important.,syntax,ellipsis,ellipsis_n_bar_2,True,False,False,False,576,-106.59413146972656,-113.93203735351562,1
This customer isn't helping few adults and Mitchell isn't helping many displeased adults.,This customer isn't helping few standing adults and Mitchell isn't helping many displeased.,syntax,ellipsis,ellipsis_n_bar_2,True,False,False,False,577,-117.6159896850586,-127.1822509765625,1
Dawn is referencing one French teacher and Diane is referencing four delighted French teacher.,Dawn is referencing one old French teacher and Diane is referencing four delighted.,syntax,ellipsis,ellipsis_n_bar_2,True,False,False,False,578,-131.03359985351562,-125.21955108642578,0
A lot of waitresses approach five lawyers and Gerald's mentees approach four good lawyers.,A lot of waitresses approach five nice lawyers and Gerald's mentees approach four good.,syntax,ellipsis,ellipsis_n_bar_2,True,False,False,False,579,-141.19873046875,-143.4755859375,1
Some actors researched one ex-boyfriend and April researched five young ex-boyfriend.,Some actors researched one out in the open ex-boyfriend and April researched five young.,syntax,ellipsis,ellipsis_n_bar_2,True,False,False,False,580,-132.90234375,-129.2828826904297,0
A granddaughter of Leslie has noticed one movie theater and Joseph has noticed five orange movie theater.,A granddaughter of Leslie has noticed one clean movie theater and Joseph has noticed five orange.,syntax,ellipsis,ellipsis_n_bar_2,True,False,False,False,581,-122.29339599609375,-123.63851165771484,1
An actress's classmates admire a few students and Walter's cousins admire several scared students.,An actress's classmates admire a few old students and Walter's cousins admire several scared.,syntax,ellipsis,ellipsis_n_bar_2,True,False,False,False,582,-130.95849609375,-132.51165771484375,1
Martin's senators researched one hairdresser and a lot of grandfathers of Donald researched many determined hairdresser.,Martin's senators researched one troubled hairdresser and a lot of grandfathers of Donald researched many determined.,syntax,ellipsis,ellipsis_n_bar_2,True,False,False,False,583,-172.9013214111328,-165.3866729736328,0
Deanna hasn't complained about a lot of associates and that cashier's podiatrist hasn't complained about a few uncertain associates.,Deanna hasn't complained about a lot of unsure associates and that cashier's podiatrist hasn't complained about a few uncertain.,syntax,ellipsis,ellipsis_n_bar_2,True,False,False,False,584,-176.72158813476562,-182.48443603515625,1
A niece of Martin might break one dish and Tammy's sons might break more purple dish.,A niece of Martin might break one messy dish and Tammy's sons might break more purple.,syntax,ellipsis,ellipsis_n_bar_2,True,False,False,False,585,-127.81472778320312,-129.50021362304688,1
Janice can't climb up a few mountains and a lot of doctors can't climb up several old mountains.,Janice can't climb up a few white mountains and a lot of doctors can't climb up several old.,syntax,ellipsis,ellipsis_n_bar_2,True,False,False,False,586,-119.08763122558594,-119.99032592773438,1
Victoria hasn't healed no nephews of and Galileo hasn't healed some lost nephews of.,Victoria hasn't healed no troubled nephews of and Galileo hasn't healed some lost.,syntax,ellipsis,ellipsis_n_bar_2,True,False,False,False,587,-139.75848388671875,-128.81851196289062,0
A nephew of that woman does approach three granddaughters and Sharon's husband does approach almost as many concealed granddaughters.,A nephew of that woman does approach three small granddaughters and Sharon's husband does approach almost as many concealed.,syntax,ellipsis,ellipsis_n_bar_2,True,False,False,False,588,-170.80487060546875,-159.05517578125,0
Bill has exited four schools and Steven has exited five small schools.,Bill has exited four big schools and Steven has exited five small.,syntax,ellipsis,ellipsis_n_bar_2,True,False,False,False,589,-83.74569702148438,-88.61106872558594,1
Marcus was hiring one pedestrian and Tina was hiring a lot hopeful pedestrian.,Marcus was hiring one delighted pedestrian and Tina was hiring a lot hopeful.,syntax,ellipsis,ellipsis_n_bar_2,True,False,False,False,590,-115.37063598632812,-114.14511108398438,0
Some pedestrian shouldn't conceal one son of and Kathleen shouldn't conceal three displeased son of.,Some pedestrian shouldn't conceal one delighted son of and Kathleen shouldn't conceal three displeased.,syntax,ellipsis,ellipsis_n_bar_2,True,False,False,False,591,-137.42605590820312,-139.82115173339844,1
Donna looks like three sketches of and Mary's spouse looks like almost as many brown sketches of.,Donna looks like three white sketches of and Mary's spouse looks like almost as many brown.,syntax,ellipsis,ellipsis_n_bar_2,True,False,False,False,592,-140.48843383789062,-129.46405029296875,0
Brett descends five steps and Walter descends four hidden steps.,Brett descends five purple steps and Walter descends four hidden.,syntax,ellipsis,ellipsis_n_bar_2,True,False,False,False,593,-113.85574340820312,-122.66883850097656,1
Many girls' dentists aggravate one grandmother and some slopes aggravate four out in the open grandmother.,Many girls' dentists aggravate one clever grandmother and some slopes aggravate four out in the open.,syntax,ellipsis,ellipsis_n_bar_2,True,False,False,False,594,-157.73831176757812,-155.53945922851562,0
Brian confused one son and Melanie confused some old son.,Brian confused one hopeful son and Melanie confused some old.,syntax,ellipsis,ellipsis_n_bar_2,True,False,False,False,595,-88.29280090332031,-98.87809753417969,1
Martha hasn't concealed several cafes and Janet hasn't concealed a few brown cafes.,Martha hasn't concealed several out in the open cafes and Janet hasn't concealed a few brown.,syntax,ellipsis,ellipsis_n_bar_2,True,False,False,False,596,-123.12110900878906,-128.48831176757812,1
That government wouldn't conceal many colleagues and Richard wouldn't conceal few good colleagues.,That government wouldn't conceal many standing colleagues and Richard wouldn't conceal few good.,syntax,ellipsis,ellipsis_n_bar_2,True,False,False,False,597,-110.4752197265625,-118.01317596435547,1
Derek was descending one mountain and Phillip was descending two old mountain.,Derek was descending one important mountain and Phillip was descending two old.,syntax,ellipsis,ellipsis_n_bar_2,True,False,False,False,598,-98.89082336425781,-103.40586853027344,1
Phillip's grandmothers attack one friend of and those doctors attack a few delighted friend of.,Phillip's grandmothers attack one concealed friend of and those doctors attack a few delighted.,syntax,ellipsis,ellipsis_n_bar_2,True,False,False,False,599,-135.76702880859375,-139.67735290527344,1
Kevin's associate worked with one patient and Lissa worked with more uncertain patient.,Kevin's associate worked with one young patient and Lissa worked with more uncertain.,syntax,ellipsis,ellipsis_n_bar_2,True,False,False,False,600,-115.0972900390625,-114.83761596679688,0
Jeffrey wasn't complaining about one show about and Sharon wasn't complaining about some bad show about.,Jeffrey wasn't complaining about one long show about and Sharon wasn't complaining about some bad.,syntax,ellipsis,ellipsis_n_bar_2,True,False,False,False,601,-113.08429718017578,-109.03227996826172,0
Ann bought one hat and Patrick bought a lot cheap hat.,Ann bought one exposed hat and Patrick bought a lot cheap.,syntax,ellipsis,ellipsis_n_bar_2,True,False,False,False,602,-77.39959716796875,-83.95996856689453,1
Most glaciers bother one organization and Joel's cousins bother four important organization.,Most glaciers bother one good organization and Joel's cousins bother four important.,syntax,ellipsis,ellipsis_n_bar_2,True,False,False,False,603,-128.09909057617188,-128.44696044921875,1
Every son of Alan isn't exiting one river and Paula isn't exiting four green river.,Every son of Alan isn't exiting one good river and Paula isn't exiting four green.,syntax,ellipsis,ellipsis_n_bar_2,True,False,False,False,604,-132.05996704101562,-133.47698974609375,1
This child shouldn't mess up one high school and those pedestrians shouldn't mess up more popular high school.,This child shouldn't mess up one yellow high school and those pedestrians shouldn't mess up more popular.,syntax,ellipsis,ellipsis_n_bar_2,True,False,False,False,605,-128.24728393554688,-131.73037719726562,1
Carl's associates climb up one ladder and Derek's employees climb up a lot hard ladder.,Carl's associates climb up one rough ladder and Derek's employees climb up a lot hard.,syntax,ellipsis,ellipsis_n_bar_2,True,False,False,False,606,-121.89691925048828,-125.70077514648438,1
Erin researched three stories about and all actresses researched fewer bad stories about.,Erin researched three good stories about and all actresses researched fewer bad.,syntax,ellipsis,ellipsis_n_bar_2,True,False,False,False,607,-117.85763549804688,-118.88016510009766,1
Many children's handymen do appreciate several waiters and a lady can appreciate a few delighted waiters.,Many children's handymen do appreciate several lost waiters and a lady can appreciate a few delighted.,syntax,ellipsis,ellipsis_n_bar_2,True,False,False,False,608,-153.42724609375,-148.554443359375,0
Alexander aggravated three cashiers and art aggravated at least as many standing cashiers.,Alexander aggravated three determined cashiers and art aggravated at least as many standing.,syntax,ellipsis,ellipsis_n_bar_2,True,False,False,False,609,-126.4840087890625,-126.41272735595703,0
Fathers of April buy one unicycle and Andrew's mentors buy more concealed unicycle.,Fathers of April buy one exposed unicycle and Andrew's mentors buy more concealed.,syntax,ellipsis,ellipsis_n_bar_2,True,False,False,False,610,-151.35675048828125,-145.06716918945312,0
Maria conceals one lawyer and every man conceals a lot hidden lawyer.,Maria conceals one content lawyer and every man conceals a lot hidden.,syntax,ellipsis,ellipsis_n_bar_2,True,False,False,False,611,-113.55427551269531,-116.46424865722656,1
These adults' tutor did wear one shawl and Carolyn did wear two exposed shawl.,These adults' tutor did wear one concealed shawl and Carolyn did wear two exposed.,syntax,ellipsis,ellipsis_n_bar_2,True,False,False,False,612,-134.59239196777344,-134.48031616210938,0
Janet passes three glaciers and Eric passes two gray glaciers.,Janet passes three blue glaciers and Eric passes two gray.,syntax,ellipsis,ellipsis_n_bar_2,True,False,False,False,613,-97.8968505859375,-95.1939697265625,0
Lawrence fixed several convertibles and Barbara fixed a few broken convertibles.,Lawrence fixed several big convertibles and Barbara fixed a few broken.,syntax,ellipsis,ellipsis_n_bar_2,True,False,False,False,614,-125.72242736816406,-114.84161376953125,0
Ella descended one slope and Carla descended at least as many big slope.,Ella descended one hidden slope and Carla descended at least as many big.,syntax,ellipsis,ellipsis_n_bar_2,True,False,False,False,615,-109.5475845336914,-114.65435028076172,1
Janice cures one grandfather of and Nina cures three busy grandfather of.,Janice cures one hopeful grandfather of and Nina cures three busy.,syntax,ellipsis,ellipsis_n_bar_2,True,False,False,False,616,-136.55564880371094,-128.91522216796875,0
Ellen admires one friend and Julie admires many troubled friend.,Ellen admires one exposed friend and Julie admires many troubled.,syntax,ellipsis,ellipsis_n_bar_2,True,False,False,False,617,-96.74714660644531,-105.26402282714844,1
A guy buys one sketch of and Karen's contractor buys four rough sketch of.,A guy buys one purple sketch of and Karen's contractor buys four rough.,syntax,ellipsis,ellipsis_n_bar_2,True,False,False,False,618,-131.85269165039062,-125.32974243164062,0
Curtis's associates break one window and Melinda's teachers break several hard window.,Curtis's associates break one rough window and Melinda's teachers break several hard.,syntax,ellipsis,ellipsis_n_bar_2,True,False,False,False,619,-129.19764709472656,-134.04444885253906,1
Most tomatoes hurt several adults and many women hurt a few ill adults.,Most tomatoes hurt several employed adults and many women hurt a few ill.,syntax,ellipsis,ellipsis_n_bar_2,True,False,False,False,620,-103.86378479003906,-110.63432312011719,1
Many sons of Stacey hated one granddaughter and cashiers hated several exposed granddaughter.,Many sons of Stacey hated one standing granddaughter and cashiers hated several exposed.,syntax,ellipsis,ellipsis_n_bar_2,True,False,False,False,621,-127.17850494384766,-127.29824829101562,1
Heidi dislikes three customers and Lissa's nephew dislikes more hopeful customers.,Heidi dislikes three important customers and Lissa's nephew dislikes more hopeful.,syntax,ellipsis,ellipsis_n_bar_2,True,False,False,False,622,-131.14950561523438,-132.69667053222656,1
Laura's handymen run around one library and Stephen's classmates run around a lot messy library.,Laura's handymen run around one orange library and Stephen's classmates run around a lot messy.,syntax,ellipsis,ellipsis_n_bar_2,True,False,False,False,623,-140.7252197265625,-144.42616271972656,1
Carlos hated one newspaper article about and Colleen hated five white newspaper article about.,Carlos hated one bad newspaper article about and Colleen hated five white.,syntax,ellipsis,ellipsis_n_bar_2,True,False,False,False,624,-139.20492553710938,-121.79509735107422,0
Many prints of this coat are aggravating a lot of sons of and Rhonda is aggravating a few employed sons of.,Many prints of this coat are aggravating a lot of hopeful sons of and Rhonda is aggravating a few employed.,syntax,ellipsis,ellipsis_n_bar_2,True,False,False,False,625,-173.78277587890625,-167.7361297607422,0
Todd fixes one glass and the grandson of Tonya fixes three hidden glass.,Todd fixes one exposed glass and the grandson of Tonya fixes three hidden.,syntax,ellipsis,ellipsis_n_bar_2,True,False,False,False,626,-110.13755798339844,-116.17668914794922,1
Bill can see a few muffins and this daughter of Dana can see a lot purple muffins.,Bill can see a few good muffins and this daughter of Dana can see a lot purple.,syntax,ellipsis,ellipsis_n_bar_2,True,False,False,False,627,-120.11837768554688,-117.4686508178711,0
Clyde referenced one classmate and the Clintons referenced some sick classmate.,Clyde referenced one ill classmate and the Clintons referenced some sick.,syntax,ellipsis,ellipsis_n_bar_2,True,False,False,False,628,-123.01380920410156,-130.8806610107422,1
Governments aren't appreciating one ex-husband and Carrie isn't appreciating at least as many long ex-husband.,Governments aren't appreciating one old ex-husband and Carrie isn't appreciating at least as many long.,syntax,ellipsis,ellipsis_n_bar_2,True,False,False,False,629,-151.60107421875,-142.21337890625,0
Nicole's partner has disliked one mother of and Tina has disliked a lot out in the open mother of.,Nicole's partner has disliked one excited mother of and Tina has disliked a lot out in the open.,syntax,ellipsis,ellipsis_n_bar_2,True,False,False,False,630,-145.34426879882812,-140.61485290527344,0
All cats weren't irritating no guests and those high schools weren't irritating some employed guests.,All cats weren't irritating no delighted guests and those high schools weren't irritating some employed.,syntax,ellipsis,ellipsis_n_bar_2,True,False,False,False,631,-130.09112548828125,-134.39007568359375,1
David won't help one classmate and Scott's ex-girlfriend won't help three unsure classmate.,David won't help one excited classmate and Scott's ex-girlfriend won't help three unsure.,syntax,ellipsis,ellipsis_n_bar_2,True,False,False,False,632,-124.33930969238281,-126.64849090576172,1
The guys' oncologists return to one ex-husband and Andrea's teachers return to many clever ex-husband.,The guys' oncologists return to one unconvinced ex-husband and Andrea's teachers return to many clever.,syntax,ellipsis,ellipsis_n_bar_2,True,False,False,False,633,-147.64541625976562,-160.44427490234375,1
Angela's employee hadn't argued about three doctors and Dennis hadn't argued about more upset doctors.,Angela's employee hadn't argued about three unconvinced doctors and Dennis hadn't argued about more upset.,syntax,ellipsis,ellipsis_n_bar_2,True,False,False,False,634,-128.74337768554688,-146.44436645507812,1
Barbara's mentors sold one college campus and Guy sold some clean college campus.,Barbara's mentors sold one brown college campus and Guy sold some clean.,syntax,ellipsis,ellipsis_n_bar_2,True,False,False,False,635,-126.18792724609375,-118.28135681152344,0
Rodney brought one computer and Valerie brought four orange computer.,Rodney brought one small computer and Valerie brought four orange.,syntax,ellipsis,ellipsis_n_bar_2,True,False,False,False,636,-89.43206787109375,-90.02302551269531,1
Many teenagers return to five libraries and most friends of Andrea return to four clean libraries.,Many teenagers return to five purple libraries and most friends of Andrea return to four clean.,syntax,ellipsis,ellipsis_n_bar_2,True,False,False,False,637,-126.51948547363281,-127.20130157470703,1
Lori isn't breaking one plane and Aaron isn't breaking at least as many new plane.,Lori isn't breaking one green plane and Aaron isn't breaking at least as many new.,syntax,ellipsis,ellipsis_n_bar_2,True,False,False,False,638,-113.67784881591797,-117.81192016601562,1
Many organizations respected one nephew of and Anne respected many hidden nephew of.,Many organizations respected one clever nephew of and Anne respected many hidden.,syntax,ellipsis,ellipsis_n_bar_2,True,False,False,False,639,-121.73823547363281,-115.8362045288086,0
Russell worried one dentist and sketches worried at least as many delighted dentist.,Russell worried one unlucky dentist and sketches worried at least as many delighted.,syntax,ellipsis,ellipsis_n_bar_2,True,False,False,False,640,-124.68243408203125,-126.95154571533203,1
This woman did kiss one pedestrian and the Clintons did kiss three excited pedestrian.,This woman did kiss one big pedestrian and the Clintons did kiss three excited.,syntax,ellipsis,ellipsis_n_bar_2,True,False,False,False,641,-124.04805755615234,-115.25592803955078,0
The Borgias' mothers clean one plate and George's bosses clean a lot out in the open plate.,The Borgias' mothers clean one clean plate and George's bosses clean a lot out in the open.,syntax,ellipsis,ellipsis_n_bar_2,True,False,False,False,642,-136.02552795410156,-140.51171875,1
Peter shocked no actors and some pedestrians shocked some standing actors.,Peter shocked no content actors and some pedestrians shocked some standing.,syntax,ellipsis,ellipsis_n_bar_2,True,False,False,False,643,-106.3291015625,-109.4693374633789,1
Bruce's guests sell one screen and those guys sell several hidden screen.,Bruce's guests sell one important screen and those guys sell several hidden.,syntax,ellipsis,ellipsis_n_bar_2,True,False,False,False,644,-109.05586242675781,-111.654541015625,1
Bethany's best friends clean three couches and Amelia's classmates clean two rough couches.,Bethany's best friends clean three messy couches and Amelia's classmates clean two rough.,syntax,ellipsis,ellipsis_n_bar_2,True,False,False,False,645,-143.00485229492188,-144.10861206054688,1
Many waitresses mess up one school and an actor's mothers mess up two orange school.,Many waitresses mess up one hard school and an actor's mothers mess up two orange.,syntax,ellipsis,ellipsis_n_bar_2,True,False,False,False,646,-130.3352508544922,-132.55496215820312,1
Theodore disturbs several friends of and Martha disturbs a few sick friends of.,Theodore disturbs several displeased friends of and Martha disturbs a few sick.,syntax,ellipsis,ellipsis_n_bar_2,True,False,False,False,647,-114.97428894042969,-118.48710632324219,1
Most chairs hurt four sons and some dogs hurt five confident sons.,Most chairs hurt four hopeful sons and some dogs hurt five confident.,syntax,ellipsis,ellipsis_n_bar_2,True,False,False,False,648,-103.5767822265625,-112.5684585571289,1
Every customer reveals one couch and Matt reveals several purple couch.,Every customer reveals one broken couch and Matt reveals several purple.,syntax,ellipsis,ellipsis_n_bar_2,True,False,False,False,649,-100.30050659179688,-98.92063903808594,0
The Clintons sound like one boss and all waiters sound like many scared boss.,The Clintons sound like one hidden boss and all waiters sound like many scared.,syntax,ellipsis,ellipsis_n_bar_2,True,False,False,False,650,-126.86474609375,-126.99105834960938,1
Stephanie watches one wife and Elaine watches two unconvinced wife.,Stephanie watches one employed wife and Elaine watches two unconvinced.,syntax,ellipsis,ellipsis_n_bar_2,True,False,False,False,651,-108.05128479003906,-113.87873077392578,1
Many brothers of Judy cure one ex-boyfriend and the men cure five young ex-boyfriend.,Many brothers of Judy cure one troubled ex-boyfriend and the men cure five young.,syntax,ellipsis,ellipsis_n_bar_2,True,False,False,False,652,-144.52688598632812,-132.8081512451172,0
An actor hadn't criticized three grocery stores and Sandra hadn't criticized two clean grocery stores.,An actor hadn't criticized three small grocery stores and Sandra hadn't criticized two clean.,syntax,ellipsis,ellipsis_n_bar_2,True,False,False,False,653,-130.00137329101562,-124.8371353149414,0
Every waiter hasn't distracted one actor and those plays had distracted a few popular actor.,Every waiter hasn't distracted one displeased actor and those plays had distracted a few popular.,syntax,ellipsis,ellipsis_n_bar_2,True,False,False,False,654,-126.45559692382812,-136.9642333984375,1
Steve isn't hugging one classmate and Denise isn't hugging a few unconvinced classmate.,Steve isn't hugging one bad classmate and Denise isn't hugging a few unconvinced.,syntax,ellipsis,ellipsis_n_bar_2,True,False,False,False,655,-133.1369171142578,-131.0325469970703,0
The Impressionists' best friend wasn't disgusting one lawyer and the cousins of Carolyn were disgusting a few troubled lawyer.,The Impressionists' best friend wasn't disgusting one concealed lawyer and the cousins of Carolyn were disgusting a few troubled.,syntax,ellipsis,ellipsis_n_bar_2,True,False,False,False,656,-158.95706176757812,-168.32044982910156,1
Alice's cousin might praise two fathers of and Colleen might praise three out in the open fathers of.,Alice's cousin might praise two exposed fathers of and Colleen might praise three out in the open.,syntax,ellipsis,ellipsis_n_bar_2,True,False,False,False,657,-150.14332580566406,-147.205322265625,0
Most actors' handyman approaches one doctor and that cousin of Gary approaches five uncertain doctor.,Most actors' handyman approaches one clever doctor and that cousin of Gary approaches five uncertain.,syntax,ellipsis,ellipsis_n_bar_2,True,False,False,False,658,-154.21580505371094,-158.62474060058594,1
Gary fires four teachers and Maria fires five hidden teachers.,Gary fires four scared teachers and Maria fires five hidden.,syntax,ellipsis,ellipsis_n_bar_2,True,False,False,False,659,-105.49537658691406,-111.0656967163086,1
Kirsten discusses one school and Steven discusses more old school.,Kirsten discusses one purple school and Steven discusses more old.,syntax,ellipsis,ellipsis_n_bar_2,True,False,False,False,660,-92.46412658691406,-102.19251251220703,1
Susan's teachers approach no mentees and all grandsons of Renee approach some young mentees.,Susan's teachers approach no unsure mentees and all grandsons of Renee approach some young.,syntax,ellipsis,ellipsis_n_bar_2,True,False,False,False,661,-172.43203735351562,-168.1439666748047,0
Florence's podiatrists have one screen and Vincent's ex-wives have few exposed screen.,Florence's podiatrists have one yellow screen and Vincent's ex-wives have few exposed.,syntax,ellipsis,ellipsis_n_bar_2,True,False,False,False,662,-159.05145263671875,-159.97366333007812,1
Robert kissed a lot of oncologists and Diane's mothers kissed a few nice oncologists.,Robert kissed a lot of excited oncologists and Diane's mothers kissed a few nice.,syntax,ellipsis,ellipsis_n_bar_2,True,False,False,False,663,-145.77359008789062,-126.24293518066406,0
Some bird was ascending three mountains and Rodney was ascending at least as many old mountains.,Some bird was ascending three small mountains and Rodney was ascending at least as many old.,syntax,ellipsis,ellipsis_n_bar_2,True,False,False,False,664,-119.13258361816406,-117.3253402709961,0
Monet is discovering few bananas and Ellen is discovering many orange bananas.,Monet is discovering few black bananas and Ellen is discovering many orange.,syntax,ellipsis,ellipsis_n_bar_2,True,False,False,False,665,-115.90777587890625,-114.50894927978516,0
Those ladies' handymen fired few lawyers and every teacher fired many content lawyers.,Those ladies' handymen fired few troubled lawyers and every teacher fired many content.,syntax,ellipsis,ellipsis_n_bar_2,True,False,False,False,666,-130.2860565185547,-129.7469482421875,0
Every jacket does upset no daughters and many unicycles won't upset some happy daughters.,Every jacket does upset no smart daughters and many unicycles won't upset some happy.,syntax,ellipsis,ellipsis_n_bar_2,True,False,False,False,667,-130.28192138671875,-134.37045288085938,1
Claire hadn't stunned four nieces and some sisters of the actress hadn't stunned five lost nieces.,Claire hadn't stunned four standing nieces and some sisters of the actress hadn't stunned five lost.,syntax,ellipsis,ellipsis_n_bar_2,True,False,False,False,668,-158.9798583984375,-156.36846923828125,0
Kendra observes one woman and Winston Churchill observes few standing woman.,Kendra observes one ill woman and Winston Churchill observes few standing.,syntax,ellipsis,ellipsis_n_bar_2,True,False,False,False,669,-110.53253936767578,-115.27938079833984,1
These nephews of most men forgot one doctor and Melanie forgot five determined doctor.,These nephews of most men forgot one uncertain doctor and Melanie forgot five determined.,syntax,ellipsis,ellipsis_n_bar_2,True,False,False,False,670,-122.28460693359375,-127.71630859375,1
Allison's colleagues had explored five closets and Bradley had explored four blue closets.,Allison's colleagues had explored five good closets and Bradley had explored four blue.,syntax,ellipsis,ellipsis_n_bar_2,True,False,False,False,671,-125.21692657470703,-125.26344299316406,1
Debra isn't noticing three skirts and Rachel isn't noticing fewer yellow skirts.,Debra isn't noticing three white skirts and Rachel isn't noticing fewer yellow.,syntax,ellipsis,ellipsis_n_bar_2,True,False,False,False,672,-117.43412017822266,-114.79644775390625,0
Rhonda climbed down three slopes and Sonia's sister climbed down almost as many bad slopes.,Rhonda climbed down three hidden slopes and Sonia's sister climbed down almost as many bad.,syntax,ellipsis,ellipsis_n_bar_2,True,False,False,False,673,-134.47576904296875,-130.634033203125,0
Tammy's handymen dislike three schools and William's mothers dislike at least as many small schools.,Tammy's handymen dislike three clean schools and William's mothers dislike at least as many small.,syntax,ellipsis,ellipsis_n_bar_2,True,False,False,False,674,-141.25918579101562,-150.87347412109375,1
All guests' associates had discovered one painting and Stephanie had discovered four hard painting.,All guests' associates had discovered one hidden painting and Stephanie had discovered four hard.,syntax,ellipsis,ellipsis_n_bar_2,True,False,False,False,675,-116.25405883789062,-120.16416931152344,1
Heather had praised one podiatrist and Vincent had praised several concealed podiatrist.,Heather had praised one unemployed podiatrist and Vincent had praised several concealed.,syntax,ellipsis,ellipsis_n_bar_2,True,False,False,False,676,-147.37307739257812,-137.94052124023438,0
These pedestrians' employee works with five hairdressers and William works with four out in the open hairdressers.,These pedestrians' employee works with five employed hairdressers and William works with four out in the open.,syntax,ellipsis,ellipsis_n_bar_2,True,False,False,False,677,-155.61231994628906,-153.25650024414062,0
Kendra's tutors couldn't investigate one ex-boyfriend and Jason couldn't investigate four unlucky ex-boyfriend.,Kendra's tutors couldn't investigate one uncertain ex-boyfriend and Jason couldn't investigate four unlucky.,syntax,ellipsis,ellipsis_n_bar_2,True,False,False,False,678,-162.18869018554688,-152.98532104492188,0
The pedestrians hadn't lifted five glasses and Ella hadn't lifted four concealed glasses.,The pedestrians hadn't lifted five big glasses and Ella hadn't lifted four concealed.,syntax,ellipsis,ellipsis_n_bar_2,True,False,False,False,679,-118.45201110839844,-120.7060775756836,1
Those men disturbed three contractors and some bird disturbed fewer unemployed contractors.,Those men disturbed three smart contractors and some bird disturbed fewer unemployed.,syntax,ellipsis,ellipsis_n_bar_2,True,False,False,False,680,-115.18901062011719,-112.65406036376953,0
These brothers of most men aren't climbing up several hills and Caroline is climbing up a few good hills.,These brothers of most men aren't climbing up several rough hills and Caroline is climbing up a few good.,syntax,ellipsis,ellipsis_n_bar_2,True,False,False,False,681,-129.25820922851562,-128.54327392578125,0
A lot of coats hurt many handymen and some grocery stores hurt few determined handymen.,A lot of coats hurt many out in the open handymen and some grocery stores hurt few determined.,syntax,ellipsis,ellipsis_n_bar_2,True,False,False,False,682,-150.49082946777344,-147.2244110107422,0
Marla's grandfather messes up four forks and John's best friend messes up five orange forks.,Marla's grandfather messes up four black forks and John's best friend messes up five orange.,syntax,ellipsis,ellipsis_n_bar_2,True,False,False,False,683,-137.32798767089844,-138.16622924804688,1
Rodney shouldn't care for three dentists and Eva shouldn't care for at least as many ill dentists.,Rodney shouldn't care for three unlucky dentists and Eva shouldn't care for at least as many ill.,syntax,ellipsis,ellipsis_n_bar_2,True,False,False,False,684,-135.88369750976562,-136.76129150390625,1
A lot of nephews of Karen are criticizing one ex-husband and those brothers of Phillip are criticizing several unsure ex-husband.,A lot of nephews of Karen are criticizing one concealed ex-husband and those brothers of Phillip are criticizing several unsure.,syntax,ellipsis,ellipsis_n_bar_2,True,False,False,False,685,-179.6125946044922,-173.329345703125,0
Mark hadn't toured many public parks and Jerry hadn't toured few orange public parks.,Mark hadn't toured many exposed public parks and Jerry hadn't toured few orange.,syntax,ellipsis,ellipsis_n_bar_2,True,False,False,False,686,-126.08221435546875,-125.11514282226562,0
This nephew of this senator has a lot of slopes and the brother of Julie has a few good slopes.,This nephew of this senator has a lot of black slopes and the brother of Julie has a few good.,syntax,ellipsis,ellipsis_n_bar_2,True,False,False,False,687,-129.84681701660156,-121.73918151855469,0
Those drivers aren't boycotting a few closets and Lissa wasn't boycotting several new closets.,Those drivers aren't boycotting a few red closets and Lissa wasn't boycotting several new.,syntax,ellipsis,ellipsis_n_bar_2,True,False,False,False,688,-152.3349151611328,-145.69338989257812,0
Every eggplant hadn't impressed one father and Katherine's hairdressers hadn't impressed a lot long father.,Every eggplant hadn't impressed one unconvinced father and Katherine's hairdressers hadn't impressed a lot long.,syntax,ellipsis,ellipsis_n_bar_2,True,False,False,False,689,-151.4833526611328,-168.17715454101562,1
Those teachers ascended no stairs and Sara ascended some gray stairs.,Those teachers ascended no smooth stairs and Sara ascended some gray.,syntax,ellipsis,ellipsis_n_bar_2,True,False,False,False,690,-100.16255187988281,-105.23735046386719,1
Liam isn't attacking one sister of and Danielle's students are attacking at least as many standing sister of.,Liam isn't attacking one happy sister of and Danielle's students are attacking at least as many standing.,syntax,ellipsis,ellipsis_n_bar_2,True,False,False,False,691,-148.14146423339844,-142.14288330078125,0
Patrick's handymen tour two museums and some lady's brothers tour three bad museums.,Patrick's handymen tour two big museums and some lady's brothers tour three bad.,syntax,ellipsis,ellipsis_n_bar_2,True,False,False,False,692,-140.54454040527344,-139.8117218017578,0
Bethany fired four patients and Martha fired five unsure patients.,Bethany fired four ill patients and Martha fired five unsure.,syntax,ellipsis,ellipsis_n_bar_2,True,False,False,False,693,-112.06527709960938,-115.58343505859375,1
Many grandmothers of some customers wear four coats and the students wear five old coats.,Many grandmothers of some customers wear four concealed coats and the students wear five old.,syntax,ellipsis,ellipsis_n_bar_2,True,False,False,False,694,-117.75242614746094,-124.91139221191406,1
Omar didn't discover one mentee and Noah didn't discover few fast mentee.,Omar didn't discover one unsure mentee and Noah didn't discover few fast.,syntax,ellipsis,ellipsis_n_bar_2,True,False,False,False,695,-144.0040283203125,-133.71307373046875,0
Kristin was distracting one friend of and Maria was distracting some scared friend of.,Kristin was distracting one content friend of and Maria was distracting some scared.,syntax,ellipsis,ellipsis_n_bar_2,True,False,False,False,696,-114.79602813720703,-116.28602600097656,1
Current events annoy three fathers and Rachel's cousins annoy more long fathers.,Current events annoy three upset fathers and Rachel's cousins annoy more long.,syntax,ellipsis,ellipsis_n_bar_2,True,False,False,False,697,-121.19427490234375,-122.34904479980469,1
Teresa remembers three teachers and Tara remembers at least as many troubled teachers.,Teresa remembers three determined teachers and Tara remembers at least as many troubled.,syntax,ellipsis,ellipsis_n_bar_2,True,False,False,False,698,-111.24876403808594,-120.65594482421875,1
Meredith's friends had dropped by one high school and every father of Denise had dropped by a few black high school.,Meredith's friends had dropped by one orange high school and every father of Denise had dropped by a few black.,syntax,ellipsis,ellipsis_n_bar_2,True,False,False,False,699,-145.08438110351562,-149.27880859375,1
Nina drops by no schools and Jason's husband drops by some orange schools.,Nina drops by no black schools and Jason's husband drops by some orange.,syntax,ellipsis,ellipsis_n_bar_2,True,False,False,False,700,-118.8145751953125,-118.14852142333984,0
Omar's senator might love three actresses and Erin's granddaughters might love at least as many busy actresses.,Omar's senator might love three standing actresses and Erin's granddaughters might love at least as many busy.,syntax,ellipsis,ellipsis_n_bar_2,True,False,False,False,701,-168.76742553710938,-172.27938842773438,1
Sheila's grandfather wasn't escaping from four lakes and Bethany wasn't escaping from five gray lakes.,Sheila's grandfather wasn't escaping from four new lakes and Bethany wasn't escaping from five gray.,syntax,ellipsis,ellipsis_n_bar_2,True,False,False,False,702,-133.36329650878906,-133.9818572998047,1
Those adults' French teachers hurts one guest and the tomato hurts some content guest.,Those adults' French teachers hurts one big guest and the tomato hurts some content.,syntax,ellipsis,ellipsis_n_bar_2,True,False,False,False,703,-138.50521850585938,-135.72430419921875,0
Heidi's wife criticized five fathers and Jeffrey criticized four excited fathers.,Heidi's wife criticized five confident fathers and Jeffrey criticized four excited.,syntax,ellipsis,ellipsis_n_bar_2,True,False,False,False,704,-112.18341064453125,-117.19337463378906,1
The guest's sons bothered one boy and that ice cream bothered three nice boy.,The guest's sons bothered one uncertain boy and that ice cream bothered three nice.,syntax,ellipsis,ellipsis_n_bar_2,True,False,False,False,705,-112.41236114501953,-122.76483154296875,1
Donna hadn't forgotten a few mentees and that senator's tutor hadn't forgotten several busy mentees.,Donna hadn't forgotten a few young mentees and that senator's tutor hadn't forgotten several busy.,syntax,ellipsis,ellipsis_n_bar_2,True,False,False,False,706,-167.15066528320312,-148.9548797607422,0
A lot of teenagers aren't descending one slope and most adults aren't descending a few rough slope.,A lot of teenagers aren't descending one hard slope and most adults aren't descending a few rough.,syntax,ellipsis,ellipsis_n_bar_2,True,False,False,False,707,-118.79269409179688,-123.17741394042969,1
Students impress no cousins of and most ladies impress some upset cousins of.,Students impress no serious cousins of and most ladies impress some upset.,syntax,ellipsis,ellipsis_n_bar_2,True,False,False,False,708,-119.99837493896484,-112.23627471923828,0
Denise discovered one muffin and Meredith discovered four important muffin.,Denise discovered one purple muffin and Meredith discovered four important.,syntax,ellipsis,ellipsis_n_bar_2,True,False,False,False,709,-103.04373931884766,-100.35370635986328,0
A print confused one cousin of and some boys confused a few content cousin of.,A print confused one unconvinced cousin of and some boys confused a few content.,syntax,ellipsis,ellipsis_n_bar_2,True,False,False,False,710,-127.7154769897461,-131.02987670898438,1
Some rug astounded many cousins and those screens astounded few unconvinced cousins.,Some rug astounded many displeased cousins and those screens astounded few unconvinced.,syntax,ellipsis,ellipsis_n_bar_2,True,False,False,False,711,-137.05413818359375,-136.74356079101562,0
Julia is observing one brother of and Marie is observing two smart brother of.,Julia is observing one big brother of and Marie is observing two smart.,syntax,ellipsis,ellipsis_n_bar_2,True,False,False,False,712,-111.4379653930664,-101.73818969726562,0
Becca's niece fixed three carriages and an actor fixed more blue carriages.,Becca's niece fixed three red carriages and an actor fixed more blue.,syntax,ellipsis,ellipsis_n_bar_2,True,False,False,False,713,-113.11456298828125,-110.73825073242188,0
Many gloves alarm one ex-wife and all boxes alarm several small ex-wife.,Many gloves alarm one sick ex-wife and all boxes alarm several small.,syntax,ellipsis,ellipsis_n_bar_2,True,False,False,False,714,-131.60171508789062,-121.72445678710938,0
That show about the Great Lakes astounds a few ex-boyfriends and some painting of Steve astounds a lot lost ex-boyfriends.,That show about the Great Lakes astounds a few unconvinced ex-boyfriends and some painting of Steve astounds a lot lost.,syntax,ellipsis,ellipsis_n_bar_2,True,False,False,False,715,-206.1919708251953,-203.4723358154297,0
Some girls hadn't worn many jackets and that grandson of Nancy hadn't worn few hidden jackets.,Some girls hadn't worn many good jackets and that grandson of Nancy hadn't worn few hidden.,syntax,ellipsis,ellipsis_n_bar_2,True,False,False,False,716,-133.2023162841797,-128.92730712890625,0
Stacy couldn't care for one man and some teenagers' fathers couldn't care for a lot busy man.,Stacy couldn't care for one clever man and some teenagers' fathers couldn't care for a lot busy.,syntax,ellipsis,ellipsis_n_bar_2,True,False,False,False,717,-130.0852813720703,-135.09716796875,1
Steve hasn't found three dishes and Erin hasn't found at least as many clean dishes.,Steve hasn't found three messy dishes and Erin hasn't found at least as many clean.,syntax,ellipsis,ellipsis_n_bar_2,True,False,False,False,718,-106.55986022949219,-113.62055969238281,1
Janice wasn't criticizing one newspaper article and Brad wasn't criticizing three hard newspaper article.,Janice wasn't criticizing one long newspaper article and Brad wasn't criticizing three hard.,syntax,ellipsis,ellipsis_n_bar_2,True,False,False,False,719,-135.8062286376953,-123.50181579589844,0
Sarah dropped by many libraries and some ladies dropped by few old libraries.,Sarah dropped by many green libraries and some ladies dropped by few old.,syntax,ellipsis,ellipsis_n_bar_2,True,False,False,False,720,-107.06900024414062,-105.18653869628906,0
Thomas had noticed three actresses and Pamela had noticed more confident actresses.,Thomas had noticed three content actresses and Pamela had noticed more confident.,syntax,ellipsis,ellipsis_n_bar_2,True,False,False,False,721,-90.00415802001953,-95.67076110839844,1
A lot of actors' doctor criticized one report about and Bruce criticized several green report about.,A lot of actors' doctor criticized one black report about and Bruce criticized several green.,syntax,ellipsis,ellipsis_n_bar_2,True,False,False,False,722,-136.78884887695312,-130.85317993164062,0
The person's nieces arrived at two art galleries and those brothers of Laurie arrived at three important art galleries.,The person's nieces arrived at two bad art galleries and those brothers of Laurie arrived at three important.,syntax,ellipsis,ellipsis_n_bar_2,True,False,False,False,723,-141.93321228027344,-142.12838745117188,1
The fish scare one lady and many prints of Kirsten scare few uncertain lady.,The fish scare one busy lady and many prints of Kirsten scare few uncertain.,syntax,ellipsis,ellipsis_n_bar_2,True,False,False,False,724,-125.89793395996094,-128.013916015625,1
Tamara talks to one father and Craig talks to many young father.,Tamara talks to one confident father and Craig talks to many young.,syntax,ellipsis,ellipsis_n_bar_2,True,False,False,False,725,-84.82322692871094,-93.05442810058594,1
Jane likes one plane and Carolyn likes a few old plane.,Jane likes one big plane and Carolyn likes a few old.,syntax,ellipsis,ellipsis_n_bar_2,True,False,False,False,726,-85.52418518066406,-83.9565658569336,0
Some sister of an adult researches one school and Raymond researches two popular school.,Some sister of an adult researches one white school and Raymond researches two popular.,syntax,ellipsis,ellipsis_n_bar_2,True,False,False,False,727,-120.88092041015625,-124.13414001464844,1
A lot of museums hadn't praised one waiter and Carla's senators hadn't praised a lot nice waiter.,A lot of museums hadn't praised one unconvinced waiter and Carla's senators hadn't praised a lot nice.,syntax,ellipsis,ellipsis_n_bar_2,True,False,False,False,728,-149.42332458496094,-168.6581573486328,1
Douglas hadn't fled from two brothers of and Jennifer hadn't fled from three young brothers of.,Douglas hadn't fled from two employed brothers of and Jennifer hadn't fled from three young.,syntax,ellipsis,ellipsis_n_bar_2,True,False,False,False,729,-121.96379089355469,-123.13801574707031,1
That actor's students shouldn't tour one cafe and Rachelle shouldn't tour five orange cafe.,That actor's students shouldn't tour one important cafe and Rachelle shouldn't tour five orange.,syntax,ellipsis,ellipsis_n_bar_2,True,False,False,False,730,-156.31668090820312,-158.3474884033203,1
That boy was worrying one niece and some glasses aren't worrying some delighted niece.,That boy was worrying one hopeful niece and some glasses aren't worrying some delighted.,syntax,ellipsis,ellipsis_n_bar_2,True,False,False,False,731,-112.05032348632812,-117.39828491210938,1
Carol's supervisors had disturbed one best friend and every sister of these customers had disturbed few exposed best friend.,Carol's supervisors had disturbed one small best friend and every sister of these customers had disturbed few exposed.,syntax,ellipsis,ellipsis_n_bar_2,True,False,False,False,732,-164.82659912109375,-155.88685607910156,0
Samuel had criticized four associates and Edward's colleague had criticized five unconvinced associates.,Samuel had criticized four employed associates and Edward's colleague had criticized five unconvinced.,syntax,ellipsis,ellipsis_n_bar_2,True,False,False,False,733,-126.71180725097656,-130.27294921875,1
Frank wouldn't leave one dermatologist and Janice wouldn't leave two standing dermatologist.,Frank wouldn't leave one excited dermatologist and Janice wouldn't leave two standing.,syntax,ellipsis,ellipsis_n_bar_2,True,False,False,False,734,-143.2917022705078,-128.31146240234375,0
Some nieces of every actress investigated a few granddaughters and Florence investigated a lot busy granddaughters.,Some nieces of every actress investigated a few concealed granddaughters and Florence investigated a lot busy.,syntax,ellipsis,ellipsis_n_bar_2,True,False,False,False,735,-162.42691040039062,-161.27438354492188,0
Reports about art hadn't bored one daughter of and Julie hadn't bored some concealed daughter of.,Reports about art hadn't bored one ill daughter of and Julie hadn't bored some concealed.,syntax,ellipsis,ellipsis_n_bar_2,True,False,False,False,736,-156.73707580566406,-151.6676788330078,0
Brian talks to one grandson of and some person's grandfather talks to a lot serious grandson of.,Brian talks to one unsure grandson of and some person's grandfather talks to a lot serious.,syntax,ellipsis,ellipsis_n_bar_2,True,False,False,False,737,-126.5556869506836,-123.11849212646484,0
Noah can't hide one lake and Jeffrey's fathers can't hide some important lake.,Noah can't hide one new lake and Jeffrey's fathers can't hide some important.,syntax,ellipsis,ellipsis_n_bar_2,True,False,False,False,738,-120.70418548583984,-117.9888687133789,0
This projector did bore one sister of and a lot of glasses did bore more fast sister of.,This projector did bore one unemployed sister of and a lot of glasses did bore more fast.,syntax,ellipsis,ellipsis_n_bar_2,True,False,False,False,739,-147.2181396484375,-143.1815948486328,0
Companies hate several sons and the Clintons hate a few uncertain sons.,Companies hate several clever sons and the Clintons hate a few uncertain.,syntax,ellipsis,ellipsis_n_bar_2,True,False,False,False,740,-111.36692810058594,-118.35769653320312,1
That documentary distracts no dancers and all men distracts some important dancers.,That documentary distracts no bad dancers and all men distracts some important.,syntax,ellipsis,ellipsis_n_bar_2,True,False,False,False,741,-108.56687927246094,-111.013427734375,1
The Impressionists disgusts one association and every candle disgusts more bad association.,The Impressionists disgusts one good association and every candle disgusts more bad.,syntax,ellipsis,ellipsis_n_bar_2,True,False,False,False,742,-132.29586791992188,-129.10743713378906,0
Candice wasn't exploring three mountains and Catherine wasn't exploring at least as many red mountains.,Candice wasn't exploring three cheap mountains and Catherine wasn't exploring at least as many red.,syntax,ellipsis,ellipsis_n_bar_2,True,False,False,False,743,-124.3204345703125,-125.72732543945312,1
These companies upset one man and the cakes upset five exposed man.,These companies upset one clever man and the cakes upset five exposed.,syntax,ellipsis,ellipsis_n_bar_2,True,False,False,False,744,-100.64242553710938,-106.99806213378906,1
Some coat isn't aggravating one electrician and Tiffany isn't aggravating two nice electrician.,Some coat isn't aggravating one content electrician and Tiffany isn't aggravating two nice.,syntax,ellipsis,ellipsis_n_bar_2,True,False,False,False,745,-138.2700958251953,-134.237548828125,0
Kevin's employee was cleaning five turtles and the people aren't cleaning four red turtles.,Kevin's employee was cleaning five exposed turtles and the people aren't cleaning four red.,syntax,ellipsis,ellipsis_n_bar_2,True,False,False,False,746,-120.65937805175781,-127.47975158691406,1
Bruce hasn't exited one restaurant and Renee's nephew hasn't exited a few messy restaurant.,Bruce hasn't exited one white restaurant and Renee's nephew hasn't exited a few messy.,syntax,ellipsis,ellipsis_n_bar_2,True,False,False,False,747,-134.15399169921875,-138.3562774658203,1
A daughter of Marcus remembered two lawyers and that sister of Clyde remembered three fast lawyers.,A daughter of Marcus remembered two unlucky lawyers and that sister of Clyde remembered three fast.,syntax,ellipsis,ellipsis_n_bar_2,True,False,False,False,748,-133.05035400390625,-135.81002807617188,1
Carol's piano teachers remember three mentees and Beth's podiatrists remember at least as many scared mentees.,Carol's piano teachers remember three unemployed mentees and Beth's podiatrists remember at least as many scared.,syntax,ellipsis,ellipsis_n_bar_2,True,False,False,False,749,-204.0005645751953,-190.58705139160156,0
All grandmothers of Becky concealed few lawyers and Kenneth concealed many good lawyers.,All grandmothers of Becky concealed few determined lawyers and Kenneth concealed many good.,syntax,ellipsis,ellipsis_n_bar_2,True,False,False,False,750,-121.61666107177734,-127.74319458007812,1
Children forget two men and the Clintons forget three confident men.,Children forget two smart men and the Clintons forget three confident.,syntax,ellipsis,ellipsis_n_bar_2,True,False,False,False,751,-98.6890869140625,-107.21765899658203,1
Travis has upset no doctors and every car has upset some happy doctors.,Travis has upset no lucky doctors and every car has upset some happy.,syntax,ellipsis,ellipsis_n_bar_2,True,False,False,False,752,-103.11880493164062,-106.99638366699219,1
Some boy's handyman appreciates one hill and Bethany appreciates two purple hill.,Some boy's handyman appreciates one hard hill and Bethany appreciates two purple.,syntax,ellipsis,ellipsis_n_bar_2,True,False,False,False,753,-129.80267333984375,-128.8255157470703,0
Amy would run around a lot of libraries and Susan would run around a few old libraries.,Amy would run around a lot of black libraries and Susan would run around a few old.,syntax,ellipsis,ellipsis_n_bar_2,True,False,False,False,754,-106.78361511230469,-105.67514038085938,0
Melissa forgot one newspaper article and Florence's girlfriend forgot four smooth newspaper article.,Melissa forgot one white newspaper article and Florence's girlfriend forgot four smooth.,syntax,ellipsis,ellipsis_n_bar_2,True,False,False,False,755,-129.96368408203125,-119.99537658691406,0
Robert bothered one podiatrist and Samuel bothered four long podiatrist.,Robert bothered one unemployed podiatrist and Samuel bothered four long.,syntax,ellipsis,ellipsis_n_bar_2,True,False,False,False,756,-143.66859436035156,-126.34484100341797,0
Cynthia had walked through five high schools and David had walked through four out in the open high schools.,Cynthia had walked through five blue high schools and David had walked through four out in the open.,syntax,ellipsis,ellipsis_n_bar_2,True,False,False,False,757,-125.29754638671875,-124.67036437988281,0
Every sister of Phillip could sound like one cafe and Brenda could sound like many important cafe.,Every sister of Phillip could sound like one rough cafe and Brenda could sound like many important.,syntax,ellipsis,ellipsis_n_bar_2,True,False,False,False,758,-128.17034912109375,-130.17388916015625,1
Kirsten's sisters have upset five banks and Alicia hadn't upset four orange banks.,Kirsten's sisters have upset five green banks and Alicia hadn't upset four orange.,syntax,ellipsis,ellipsis_n_bar_2,True,False,False,False,759,-132.5184783935547,-131.29669189453125,0
A lot of teachers annoy one bank and a lot of commentaries annoy a lot purple bank.,A lot of teachers annoy one orange bank and a lot of commentaries annoy a lot purple.,syntax,ellipsis,ellipsis_n_bar_2,True,False,False,False,760,-124.5622787475586,-126.22140502929688,1
Cynthia praised a few books and Stacy praised a lot rough books.,Cynthia praised a few exposed books and Stacy praised a lot rough.,syntax,ellipsis,ellipsis_n_bar_2,True,False,False,False,761,-104.12633514404297,-116.07833099365234,1
Joel hasn't remembered one documentary and Rhonda's electrician hasn't remembered three long documentary.,Joel hasn't remembered one bad documentary and Rhonda's electrician hasn't remembered three long.,syntax,ellipsis,ellipsis_n_bar_2,True,False,False,False,762,-142.88897705078125,-140.4186553955078,0
Sheila hasn't disgusted many women and Tammy hasn't disgusted few uncertain women.,Sheila hasn't disgusted many determined women and Tammy hasn't disgusted few uncertain.,syntax,ellipsis,ellipsis_n_bar_2,True,False,False,False,763,-117.39546966552734,-125.64054870605469,1
Randolf's partner talks to three actors and Jane talks to at least as many exposed actors.,Randolf's partner talks to three bad actors and Jane talks to at least as many exposed.,syntax,ellipsis,ellipsis_n_bar_2,True,False,False,False,764,-135.45159912109375,-136.5616455078125,1
Many fathers of George couldn't sell three slopes and the children couldn't sell almost as many bad slopes.,Many fathers of George couldn't sell three yellow slopes and the children couldn't sell almost as many bad.,syntax,ellipsis,ellipsis_n_bar_2,True,False,False,False,765,-137.8263397216797,-131.4827880859375,0
Jennifer's grandmothers go to two high schools and Alicia's doctors go to three concealed high schools.,Jennifer's grandmothers go to two clean high schools and Alicia's doctors go to three concealed.,syntax,ellipsis,ellipsis_n_bar_2,True,False,False,False,766,-136.48907470703125,-136.21176147460938,0
All pies alarm few pedestrians and all lamps alarm many unconvinced pedestrians.,All pies alarm few busy pedestrians and all lamps alarm many unconvinced.,syntax,ellipsis,ellipsis_n_bar_2,True,False,False,False,767,-133.41592407226562,-131.61647033691406,0
A library talked to three daughters of and Spain talked to at least as many standing daughters of.,A library talked to three ill daughters of and Spain talked to at least as many standing.,syntax,ellipsis,ellipsis_n_bar_2,True,False,False,False,768,-124.63021850585938,-122.29263305664062,0
Some children weren't leaving five grocery stores and Edward wasn't leaving four messy grocery stores.,Some children weren't leaving five clean grocery stores and Edward wasn't leaving four messy.,syntax,ellipsis,ellipsis_n_bar_2,True,False,False,False,769,-117.16239166259766,-115.89537048339844,0
The daughters of Daniel return to a few customers and Chad's best friends return to several scared customers.,The daughters of Daniel return to a few determined customers and Chad's best friends return to several scared.,syntax,ellipsis,ellipsis_n_bar_2,True,False,False,False,770,-127.60226440429688,-133.95077514648438,1
Bradley couldn't break few skateboards and Carrie couldn't break many small skateboards.,Bradley couldn't break few hidden skateboards and Carrie couldn't break many small.,syntax,ellipsis,ellipsis_n_bar_2,True,False,False,False,771,-109.22151947021484,-111.08891296386719,1
Andrea has argued about a few movies and Jacqueline has argued about a lot important movies.,Andrea has argued about a few popular movies and Jacqueline has argued about a lot important.,syntax,ellipsis,ellipsis_n_bar_2,True,False,False,False,772,-97.73298645019531,-102.64623260498047,1
Gina might forget one student and Elizabeth might forget five lucky student.,Gina might forget one clever student and Elizabeth might forget five lucky.,syntax,ellipsis,ellipsis_n_bar_2,True,False,False,False,773,-104.25987243652344,-108.63407897949219,1
A lot of men don't forget one sister and Carol might forget at least as many exposed sister.,A lot of men don't forget one standing sister and Carol might forget at least as many exposed.,syntax,ellipsis,ellipsis_n_bar_2,True,False,False,False,774,-118.4125747680664,-119.86163330078125,1
Elaine shouldn't scan many friends of and every lady shouldn't scan few displeased friends of.,Elaine shouldn't scan many clever friends of and every lady shouldn't scan few displeased.,syntax,ellipsis,ellipsis_n_bar_2,True,False,False,False,775,-140.68104553222656,-137.64425659179688,0
Kevin arrives at three college campuses and Holly's doctor arrives at two hidden college campuses.,Kevin arrives at three important college campuses and Holly's doctor arrives at two hidden.,syntax,ellipsis,ellipsis_n_bar_2,True,False,False,False,776,-127.07946014404297,-120.2702407836914,0
Kristin's senators see one guest and Theresa's dentists see a few standing guest.,Kristin's senators see one sick guest and Theresa's dentists see a few standing.,syntax,ellipsis,ellipsis_n_bar_2,True,False,False,False,777,-136.88519287109375,-138.80162048339844,1
That friend of Gary is bothering a few ex-wives and Kendra is bothering several young ex-wives.,That friend of Gary is bothering a few ill ex-wives and Kendra is bothering several young.,syntax,ellipsis,ellipsis_n_bar_2,True,False,False,False,778,-142.26895141601562,-136.1258544921875,0
David wasn't referencing five girls and Rhonda wasn't referencing four busy girls.,David wasn't referencing five hopeful girls and Rhonda wasn't referencing four busy.,syntax,ellipsis,ellipsis_n_bar_2,True,False,False,False,779,-126.81591033935547,-135.3427276611328,1
That doctor did discuss one movie theater and many grandmothers of Lori did discuss more old movie theater.,That doctor did discuss one smooth movie theater and many grandmothers of Lori did discuss more old.,syntax,ellipsis,ellipsis_n_bar_2,True,False,False,False,780,-151.9449462890625,-153.84567260742188,1
Every father of Melanie would break one couch and Cheryl would break many exposed couch.,Every father of Melanie would break one messy couch and Cheryl would break many exposed.,syntax,ellipsis,ellipsis_n_bar_2,True,False,False,False,781,-115.24887084960938,-118.53765869140625,1
Patricia wasn't boring one partner and Ann's partner wasn't boring some fast partner.,Patricia wasn't boring one clever partner and Ann's partner wasn't boring some fast.,syntax,ellipsis,ellipsis_n_bar_2,True,False,False,False,782,-126.27069854736328,-127.483154296875,1
Karen goes to one cafe and Deanna goes to a few bad cafe.,Karen goes to one rough cafe and Deanna goes to a few bad.,syntax,ellipsis,ellipsis_n_bar_2,True,False,False,False,783,-99.16889953613281,-105.88475036621094,1
Those movie theaters scared four nephews of and Leslie's boyfriend scared five unlucky nephews of.,Those movie theaters scared four small nephews of and Leslie's boyfriend scared five unlucky.,syntax,ellipsis,ellipsis_n_bar_2,True,False,False,False,784,-162.76885986328125,-148.26943969726562,0
Some guest wasn't visiting one friend of and James's husband wasn't visiting two displeased friend of.,Some guest wasn't visiting one small friend of and James's husband wasn't visiting two displeased.,syntax,ellipsis,ellipsis_n_bar_2,True,False,False,False,785,-130.17279052734375,-128.56161499023438,0
That lady hasn't fired one sister and Theresa hasn't fired a few hidden sister.,That lady hasn't fired one long sister and Theresa hasn't fired a few hidden.,syntax,ellipsis,ellipsis_n_bar_2,True,False,False,False,786,-109.66000366210938,-109.03047180175781,0
Todd's classmates biked to one glacier and Eric biked to three white glacier.,Todd's classmates biked to one small glacier and Eric biked to three white.,syntax,ellipsis,ellipsis_n_bar_2,True,False,False,False,787,-136.60302734375,-131.51760864257812,0
Timothy wasn't hugging one father and this adult's French teacher wasn't hugging many long father.,Timothy wasn't hugging one displeased father and this adult's French teacher wasn't hugging many long.,syntax,ellipsis,ellipsis_n_bar_2,True,False,False,False,788,-133.9931640625,-137.02053833007812,1
Every truck isn't worrying one company and Daniel isn't worrying five important company.,Every truck isn't worrying one popular company and Daniel isn't worrying five important.,syntax,ellipsis,ellipsis_n_bar_2,True,False,False,False,789,-111.62010955810547,-113.70399475097656,1
Heather leaves a few children and Sandra leaves a lot out in the open children.,Heather leaves a few content children and Sandra leaves a lot out in the open.,syntax,ellipsis,ellipsis_n_bar_2,True,False,False,False,790,-98.51959228515625,-106.95508575439453,1
Jeffrey's teachers should scare one teacher and these bicycles should scare many sick teacher.,Jeffrey's teachers should scare one unlucky teacher and these bicycles should scare many sick.,syntax,ellipsis,ellipsis_n_bar_2,True,False,False,False,791,-122.31027221679688,-127.05789184570312,1
These sons of Carmen can disgust one grandfather of and all skateboards can disgust many happy grandfather of.,These sons of Carmen can disgust one lost grandfather of and all skateboards can disgust many happy.,syntax,ellipsis,ellipsis_n_bar_2,True,False,False,False,792,-166.71542358398438,-157.45111083984375,0
Winston Churchill doesn't confuse one niece of and all pictures should confuse many lost niece of.,Winston Churchill doesn't confuse one serious niece of and all pictures should confuse many lost.,syntax,ellipsis,ellipsis_n_bar_2,True,False,False,False,793,-149.64877319335938,-137.78482055664062,0
Valerie's grandfather isn't scanning one ex-wife and the lady's associates aren't scanning a few exposed ex-wife.,Valerie's grandfather isn't scanning one scared ex-wife and the lady's associates aren't scanning a few exposed.,syntax,ellipsis,ellipsis_n_bar_2,True,False,False,False,794,-160.71322631835938,-158.51097106933594,0
That boy couldn't resemble five sketches of and these hats couldn't resemble four small sketches of.,That boy couldn't resemble five smooth sketches of and these hats couldn't resemble four small.,syntax,ellipsis,ellipsis_n_bar_2,True,False,False,False,795,-132.954833984375,-129.65603637695312,0
Martha was attacking one ex-husband and Sarah was attacking three displeased ex-husband.,Martha was attacking one fast ex-husband and Sarah was attacking three displeased.,syntax,ellipsis,ellipsis_n_bar_2,True,False,False,False,796,-113.90099334716797,-111.76875305175781,0
Wendy can argue about no adults and Pamela can argue about some upset adults.,Wendy can argue about no lucky adults and Pamela can argue about some upset.,syntax,ellipsis,ellipsis_n_bar_2,True,False,False,False,797,-101.92512512207031,-106.60221862792969,1
Helen biked to one bank and Sandra biked to many concealed bank.,Helen biked to one white bank and Sandra biked to many concealed.,syntax,ellipsis,ellipsis_n_bar_2,True,False,False,False,798,-121.46109008789062,-122.4813232421875,1
Theresa's spouse leaves one associate and Monica leaves four old associate.,Theresa's spouse leaves one small associate and Monica leaves four old.,syntax,ellipsis,ellipsis_n_bar_2,True,False,False,False,799,-113.36885070800781,-110.37689971923828,0
Julie attacks five brothers and all customers' tutor attacks four upset brothers.,Julie attacks five ill brothers and all customers' tutor attacks four upset.,syntax,ellipsis,ellipsis_n_bar_2,True,False,False,False,800,-118.36874389648438,-124.66059875488281,1
These waiters don't remember one guest and Marla's granddaughter will remember a lot hidden guest.,These waiters don't remember one young guest and Marla's granddaughter will remember a lot hidden.,syntax,ellipsis,ellipsis_n_bar_2,True,False,False,False,801,-132.03317260742188,-131.64697265625,0
Gina cleaned three cucumbers and that patient cleaned almost as many purple cucumbers.,Gina cleaned three big cucumbers and that patient cleaned almost as many purple.,syntax,ellipsis,ellipsis_n_bar_2,True,False,False,False,802,-118.38516998291016,-113.60065460205078,0
Tonya examined one brother of and Julia examined at least as many exposed brother of.,Tonya examined one scared brother of and Julia examined at least as many exposed.,syntax,ellipsis,ellipsis_n_bar_2,True,False,False,False,803,-132.34994506835938,-126.062744140625,0
A mother of Paul irritated three men and Donald irritated at least as many smart men.,A mother of Paul irritated three lucky men and Donald irritated at least as many smart.,syntax,ellipsis,ellipsis_n_bar_2,True,False,False,False,804,-117.01011657714844,-125.64266967773438,1
Vanessa's dentist admires no cakes and that government admires some important cakes.,Vanessa's dentist admires no white cakes and that government admires some important.,syntax,ellipsis,ellipsis_n_bar_2,True,False,False,False,805,-126.43470764160156,-126.19755554199219,0
Every cousin of Michael hadn't cared for one student and Homer's teachers hadn't cared for two unconvinced student.,Every cousin of Michael hadn't cared for one old student and Homer's teachers hadn't cared for two unconvinced.,syntax,ellipsis,ellipsis_n_bar_2,True,False,False,False,806,-155.09164428710938,-150.16622924804688,0
Sonia was descending five stairs and Andrew's friends weren't descending four smooth stairs.,Sonia was descending five purple stairs and Andrew's friends weren't descending four smooth.,syntax,ellipsis,ellipsis_n_bar_2,True,False,False,False,807,-116.83265686035156,-123.90552520751953,1
Some sons of Daniel were describing one electrician and Melissa was describing five content electrician.,Some sons of Daniel were describing one sick electrician and Melissa was describing five content.,syntax,ellipsis,ellipsis_n_bar_2,True,False,False,False,808,-143.92486572265625,-133.9622802734375,0
The waitresses discover several contractors and teenagers discover a few determined contractors.,The waitresses discover several big contractors and teenagers discover a few determined.,syntax,ellipsis,ellipsis_n_bar_2,True,False,False,False,809,-117.364501953125,-116.84750366210938,0
Patients disgusts few mothers of and Aaron's sons disgusts many nice mothers of.,Patients disgusts few content mothers of and Aaron's sons disgusts many nice.,syntax,ellipsis,ellipsis_n_bar_2,True,False,False,False,810,-147.26821899414062,-145.99993896484375,0
Nina's daughter had referenced three lawyers and Walter had referenced at least as many lost lawyers.,Nina's daughter had referenced three clever lawyers and Walter had referenced at least as many lost.,syntax,ellipsis,ellipsis_n_bar_2,True,False,False,False,811,-131.27801513671875,-136.18174743652344,1
Danielle's girlfriend can remember four essays about and Kendra can remember five bad essays about.,Danielle's girlfriend can remember four long essays about and Kendra can remember five bad.,syntax,ellipsis,ellipsis_n_bar_2,True,False,False,False,812,-133.74853515625,-129.12039184570312,0
Jessica hasn't scanned few cousins and Barbara hasn't scanned many upset cousins.,Jessica hasn't scanned few delighted cousins and Barbara hasn't scanned many upset.,syntax,ellipsis,ellipsis_n_bar_2,True,False,False,False,813,-118.445068359375,-120.32347106933594,1
The teenager had messed up one chair and Bill had messed up two purple chair.,The teenager had messed up one old chair and Bill had messed up two purple.,syntax,ellipsis,ellipsis_n_bar_2,True,False,False,False,814,-94.62648010253906,-95.37525939941406,1
Some daughter of Helen questions four friends and Curtis's oncologist questions five ill friends.,Some daughter of Helen questions four out in the open friends and Curtis's oncologist questions five ill.,syntax,ellipsis,ellipsis_n_bar_2,True,False,False,False,815,-145.49356079101562,-163.52317810058594,1
Teresa flees from one hospital and Craig flees from at least as many smooth hospital.,Teresa flees from one exposed hospital and Craig flees from at least as many smooth.,syntax,ellipsis,ellipsis_n_bar_2,True,False,False,False,816,-132.13113403320312,-135.12393188476562,1
Most cousins of Veronica examine one father of and these boys examine more bad father of.,Most cousins of Veronica examine one uncertain father of and these boys examine more bad.,syntax,ellipsis,ellipsis_n_bar_2,True,False,False,False,817,-136.7793731689453,-130.19964599609375,0
This dress upset five piano teachers and Katherine upset four concealed piano teachers.,This dress upset five unlucky piano teachers and Katherine upset four concealed.,syntax,ellipsis,ellipsis_n_bar_2,True,False,False,False,818,-128.479248046875,-126.95819091796875,0
Some lady wouldn't impress many supervisors and Tammy's dermatologist wouldn't impress few scared supervisors.,Some lady wouldn't impress many ill supervisors and Tammy's dermatologist wouldn't impress few scared.,syntax,ellipsis,ellipsis_n_bar_2,True,False,False,False,819,-167.511962890625,-163.55166625976562,0
Some guests' cousins were fixing three forks and Christine was fixing more cheap forks.,Some guests' cousins were fixing three hard forks and Christine was fixing more cheap.,syntax,ellipsis,ellipsis_n_bar_2,True,False,False,False,820,-122.57698822021484,-126.11257934570312,1
Regina's girlfriend was shocking no fathers and some scarf was shocking some unemployed fathers.,Regina's girlfriend was shocking no exposed fathers and some scarf was shocking some unemployed.,syntax,ellipsis,ellipsis_n_bar_2,True,False,False,False,821,-135.56497192382812,-131.5652618408203,0
Bruce's mother was looking like three photographs of and every glass was looking like at least as many rough photographs of.,Bruce's mother was looking like three exposed photographs of and every glass was looking like at least as many rough.,syntax,ellipsis,ellipsis_n_bar_2,True,False,False,False,822,-147.26287841796875,-141.82095336914062,0
Melinda could visit three nieces of and Jessica could visit two hopeful nieces of.,Melinda could visit three confident nieces of and Jessica could visit two hopeful.,syntax,ellipsis,ellipsis_n_bar_2,True,False,False,False,823,-147.76119995117188,-132.267578125,0
Kathleen's oncologist had visited one girlfriend and Lisa's brothers had visited some excited girlfriend.,Kathleen's oncologist had visited one fast girlfriend and Lisa's brothers had visited some excited.,syntax,ellipsis,ellipsis_n_bar_2,True,False,False,False,824,-144.42984008789062,-149.5758819580078,1
Those jackets resembled one photograph and Gina resembled some big photograph.,Those jackets resembled one concealed photograph and Gina resembled some big.,syntax,ellipsis,ellipsis_n_bar_2,True,False,False,False,825,-103.30862426757812,-108.08975982666016,1
Renee does disgust three nieces and this government does disgust almost as many scared nieces.,Renee does disgust three clever nieces and this government does disgust almost as many scared.,syntax,ellipsis,ellipsis_n_bar_2,True,False,False,False,826,-154.32398986816406,-146.49517822265625,0
Craig does watch one boyfriend and all cousins of some child don't watch two good boyfriend.,Craig does watch one bad boyfriend and all cousins of some child don't watch two good.,syntax,ellipsis,ellipsis_n_bar_2,True,False,False,False,827,-125.31769561767578,-125.76753234863281,1
A play aggravates three ex-husbands and Sandra's daughters aggravates more clever ex-husbands.,A play aggravates three employed ex-husbands and Sandra's daughters aggravates more clever.,syntax,ellipsis,ellipsis_n_bar_2,True,False,False,False,828,-180.77517700195312,-162.74887084960938,0
Candice sold one face and Sara sold five lost face.,Candice sold one blue face and Sara sold five lost.,syntax,ellipsis,ellipsis_n_bar_2,True,False,False,False,829,-90.8824234008789,-90.633544921875,0
Keith skates around one college campus and Martha skates around a lot cheap college campus.,Keith skates around one red college campus and Martha skates around a lot cheap.,syntax,ellipsis,ellipsis_n_bar_2,True,False,False,False,830,-137.26089477539062,-128.7470245361328,0
All teachers' podiatrists hide no French teachers and the Clintons hide some hopeful French teachers.,All teachers' podiatrists hide no good French teachers and the Clintons hide some hopeful.,syntax,ellipsis,ellipsis_n_bar_2,True,False,False,False,831,-179.64443969726562,-168.73745727539062,0
Robert's daughters love one child and most companies love several old child.,Robert's daughters love one out in the open child and most companies love several old.,syntax,ellipsis,ellipsis_n_bar_2,True,False,False,False,832,-101.01802062988281,-117.16595458984375,1
Beverly's granddaughters return to one classmate and all teachers return to a lot fast classmate.,Beverly's granddaughters return to one young classmate and all teachers return to a lot fast.,syntax,ellipsis,ellipsis_n_bar_2,True,False,False,False,833,-139.259521484375,-129.9534149169922,0
Omar hasn't watched few brothers of and most teachers hadn't watched many excited brothers of.,Omar hasn't watched few exposed brothers of and most teachers hadn't watched many excited.,syntax,ellipsis,ellipsis_n_bar_2,True,False,False,False,834,-136.81610107421875,-140.6837158203125,1
The Lutherans haven't walked through one movie theater and that customer's sons haven't walked through some popular movie theater.,The Lutherans haven't walked through one exposed movie theater and that customer's sons haven't walked through some popular.,syntax,ellipsis,ellipsis_n_bar_2,True,False,False,False,835,-157.18496704101562,-157.29176330566406,1
Grocery stores aggravated four legislatures and some commentary aggravated five important legislatures.,Grocery stores aggravated four bad legislatures and some commentary aggravated five important.,syntax,ellipsis,ellipsis_n_bar_2,True,False,False,False,836,-135.60348510742188,-139.58856201171875,1
Teresa skates around several banks and some son of Barbara skates around a few rough banks.,Teresa skates around several black banks and some son of Barbara skates around a few rough.,syntax,ellipsis,ellipsis_n_bar_2,True,False,False,False,837,-129.93992614746094,-133.3400421142578,1
A lamp was boring one classmate and every grandson of Kayla was boring four clever classmate.,A lamp was boring one smart classmate and every grandson of Kayla was boring four clever.,syntax,ellipsis,ellipsis_n_bar_2,True,False,False,False,838,-133.7715606689453,-137.1283721923828,1
Teresa can't discuss one senator and Stacey can't discuss five unemployed senator.,Teresa can't discuss one delighted senator and Stacey can't discuss five unemployed.,syntax,ellipsis,ellipsis_n_bar_2,True,False,False,False,839,-112.45301818847656,-116.69627380371094,1
A lot of guys' hairdressers bore one senator and students bore few uncertain senator.,A lot of guys' hairdressers bore one scared senator and students bore few uncertain.,syntax,ellipsis,ellipsis_n_bar_2,True,False,False,False,840,-134.54367065429688,-137.08441162109375,1
Russell disturbs three students and every public park disturbs almost as many out in the open students.,Russell disturbs three hopeful students and every public park disturbs almost as many out in the open.,syntax,ellipsis,ellipsis_n_bar_2,True,False,False,False,841,-139.6624755859375,-143.0419921875,1
Rachel criticizes several books about and Scott criticizes a few brown books about.,Rachel criticizes several white books about and Scott criticizes a few brown.,syntax,ellipsis,ellipsis_n_bar_2,True,False,False,False,842,-122.05609893798828,-119.78386688232422,0
Heather's grandfathers skate around one school and most waiters' best friends skate around more blue school.,Heather's grandfathers skate around one small school and most waiters' best friends skate around more blue.,syntax,ellipsis,ellipsis_n_bar_2,True,False,False,False,843,-158.52220153808594,-161.28179931640625,1
Margaret didn't bike to one cafe and a waitress didn't bike to a lot white cafe.,Margaret didn't bike to one concealed cafe and a waitress didn't bike to a lot white.,syntax,ellipsis,ellipsis_n_bar_2,True,False,False,False,844,-124.02462768554688,-130.59371948242188,1
Dawn could fire one podiatrist and many drivers could fire two young podiatrist.,Dawn could fire one fast podiatrist and many drivers could fire two young.,syntax,ellipsis,ellipsis_n_bar_2,True,False,False,False,845,-152.95594787597656,-131.8642578125,0
This high school shocks one ex-husband and every screen shocks two troubled ex-husband.,This high school shocks one delighted ex-husband and every screen shocks two troubled.,syntax,ellipsis,ellipsis_n_bar_2,True,False,False,False,846,-131.55987548828125,-125.71040344238281,0
Angela talks about many hairdressers and Stacy talks about few concealed hairdressers.,Angela talks about many unsure hairdressers and Stacy talks about few concealed.,syntax,ellipsis,ellipsis_n_bar_2,True,False,False,False,847,-123.95113372802734,-120.34917449951172,0
A lot of girls criticize two grandmothers of and the doctors criticize three troubled grandmothers of.,A lot of girls criticize two uncertain grandmothers of and the doctors criticize three troubled.,syntax,ellipsis,ellipsis_n_bar_2,True,False,False,False,848,-133.66165161132812,-122.24484252929688,0
Joseph had praised one son of and Carrie had praised some unlucky son of.,Joseph had praised one bad son of and Carrie had praised some unlucky.,syntax,ellipsis,ellipsis_n_bar_2,True,False,False,False,849,-108.23191833496094,-108.94857788085938,1
A lot of children forgot one cashier and the doctor forgot few good cashier.,A lot of children forgot one hopeful cashier and the doctor forgot few good.,syntax,ellipsis,ellipsis_n_bar_2,True,False,False,False,850,-103.92816162109375,-103.16543579101562,0
Rhonda has visited a lot of mothers of and Deanna has visited a few concealed mothers of.,Rhonda has visited a lot of hidden mothers of and Deanna has visited a few concealed.,syntax,ellipsis,ellipsis_n_bar_2,True,False,False,False,851,-137.18833923339844,-137.76780700683594,1
Sabrina did criticize one brother of and Dana's lawyers did criticize four smart brother of.,Sabrina did criticize one small brother of and Dana's lawyers did criticize four smart.,syntax,ellipsis,ellipsis_n_bar_2,True,False,False,False,852,-147.8721923828125,-139.67218017578125,0
All girls appreciate a few libraries and Tracy's nephews appreciate a lot popular libraries.,All girls appreciate a few purple libraries and Tracy's nephews appreciate a lot popular.,syntax,ellipsis,ellipsis_n_bar_2,True,False,False,False,853,-117.29054260253906,-120.25688171386719,1
Lawrence was kissing a few dermatologists and Phillip's brothers are kissing a lot upset dermatologists.,Lawrence was kissing a few unemployed dermatologists and Phillip's brothers are kissing a lot upset.,syntax,ellipsis,ellipsis_n_bar_2,True,False,False,False,854,-162.42453002929688,-146.46844482421875,0
These sons of April had hated one piano teacher and Heidi had hated four employed piano teacher.,These sons of April had hated one confident piano teacher and Heidi had hated four employed.,syntax,ellipsis,ellipsis_n_bar_2,True,False,False,False,855,-133.71951293945312,-131.12159729003906,0
Jesus hadn't hated one report about and Randolf hadn't hated four hidden report about.,Jesus hadn't hated one brown report about and Randolf hadn't hated four hidden.,syntax,ellipsis,ellipsis_n_bar_2,True,False,False,False,856,-143.2550048828125,-140.12353515625,0
The actor's oncologist dislikes one piano teacher and this company dislikes more unlucky piano teacher.,The actor's oncologist dislikes one ill piano teacher and this company dislikes more unlucky.,syntax,ellipsis,ellipsis_n_bar_2,True,False,False,False,857,-169.11265563964844,-163.66726684570312,0
Patrick's electricians pass one cafe and Melinda's dermatologists pass three blue cafe.,Patrick's electricians pass one concealed cafe and Melinda's dermatologists pass three blue.,syntax,ellipsis,ellipsis_n_bar_2,True,False,False,False,858,-157.14952087402344,-160.79779052734375,1
Wendy's piano teachers hadn't run around one cafe and Karla hadn't run around four hidden cafe.,Wendy's piano teachers hadn't run around one red cafe and Karla hadn't run around four hidden.,syntax,ellipsis,ellipsis_n_bar_2,True,False,False,False,859,-153.7124481201172,-152.32278442382812,0
Victoria wasn't impressing three contractors and Sarah wasn't impressing fewer lost contractors.,Victoria wasn't impressing three unconvinced contractors and Sarah wasn't impressing fewer lost.,syntax,ellipsis,ellipsis_n_bar_2,True,False,False,False,860,-133.25552368164062,-145.06741333007812,1
Douglas's sons praise three grandmothers of and those organizations praise more young grandmothers of.,Douglas's sons praise three busy grandmothers of and those organizations praise more young.,syntax,ellipsis,ellipsis_n_bar_2,True,False,False,False,861,-144.48623657226562,-134.9686279296875,0
A lot of women have cleaned three rugs and Carolyn hadn't cleaned more brown rugs.,A lot of women have cleaned three purple rugs and Carolyn hadn't cleaned more brown.,syntax,ellipsis,ellipsis_n_bar_2,True,False,False,False,862,-112.4918212890625,-109.8945541381836,0
A lot of pies have stunned three cashiers and Monet's lawyers have stunned two lucky cashiers.,A lot of pies have stunned three scared cashiers and Monet's lawyers have stunned two lucky.,syntax,ellipsis,ellipsis_n_bar_2,True,False,False,False,863,-146.97714233398438,-143.00685119628906,0
The stories about Winston Churchill haven't scared one mentor and George has scared two clever mentor.,The stories about Winston Churchill haven't scared one uncertain mentor and George has scared two clever.,syntax,ellipsis,ellipsis_n_bar_2,True,False,False,False,864,-132.7912139892578,-138.9805450439453,1
Pamela hurt one grandfather and many muffins hurt at least as many serious grandfather.,Pamela hurt one smart grandfather and many muffins hurt at least as many serious.,syntax,ellipsis,ellipsis_n_bar_2,True,False,False,False,865,-128.415771484375,-126.54678344726562,0
Andrew discussed a few associates and Christina discussed a lot ill associates.,Andrew discussed a few delighted associates and Christina discussed a lot ill.,syntax,ellipsis,ellipsis_n_bar_2,True,False,False,False,866,-100.02824401855469,-100.5618896484375,1
Suzanne's piano teacher wasn't breaking one wheelbarrow and Rhonda wasn't breaking several purple wheelbarrow.,Suzanne's piano teacher wasn't breaking one popular wheelbarrow and Rhonda wasn't breaking several purple.,syntax,ellipsis,ellipsis_n_bar_2,True,False,False,False,867,-143.81686401367188,-147.7847900390625,1
Todd's teachers alarms one nephew and that movie about Galileo alarms a lot troubled nephew.,Todd's teachers alarms one standing nephew and that movie about Galileo alarms a lot troubled.,syntax,ellipsis,ellipsis_n_bar_2,True,False,False,False,868,-146.028076171875,-147.01507568359375,1
William's senators have respected one senator and this dancer hasn't respected at least as many busy senator.,William's senators have respected one serious senator and this dancer hasn't respected at least as many busy.,syntax,ellipsis,ellipsis_n_bar_2,True,False,False,False,869,-140.6063232421875,-142.27110290527344,1
Susan kisses three guys and the pedestrian kisses more busy guys.,Susan kisses three old guys and the pedestrian kisses more busy.,syntax,ellipsis,ellipsis_n_bar_2,True,False,False,False,870,-95.54304504394531,-99.24101257324219,1
The Impressionists work with three women and these dancers work with at least as many good women.,The Impressionists work with three small women and these dancers work with at least as many good.,syntax,ellipsis,ellipsis_n_bar_2,True,False,False,False,871,-110.28663635253906,-114.46021270751953,1
Beth talked about one movie about and Deanna talked about more good movie about.,Beth talked about one bad movie about and Deanna talked about more good.,syntax,ellipsis,ellipsis_n_bar_2,True,False,False,False,872,-109.98222351074219,-107.25798797607422,0
David isn't stunning one mother of and those stories about art were stunning a few clever mother of.,David isn't stunning one standing mother of and those stories about art were stunning a few clever.,syntax,ellipsis,ellipsis_n_bar_2,True,False,False,False,873,-143.6470489501953,-141.81076049804688,0
Many fathers of David aggravates one plumber and this dress aggravates several lost plumber.,Many fathers of David aggravates one hidden plumber and this dress aggravates several lost.,syntax,ellipsis,ellipsis_n_bar_2,True,False,False,False,874,-143.24864196777344,-142.89419555664062,0
The boy boasted about four patients and this company boasted about five concealed patients.,The boy boasted about four ill patients and this company boasted about five concealed.,syntax,ellipsis,ellipsis_n_bar_2,True,False,False,False,875,-107.19538879394531,-116.70565795898438,1
Alexander might sound like one tutor and Danielle might sound like some uncertain tutor.,Alexander might sound like one unsure tutor and Danielle might sound like some uncertain.,syntax,ellipsis,ellipsis_n_bar_2,True,False,False,False,876,-105.51113891601562,-111.17403411865234,1
Dennis isn't breaking five carts and Becca isn't breaking four purple carts.,Dennis isn't breaking five small carts and Becca isn't breaking four purple.,syntax,ellipsis,ellipsis_n_bar_2,True,False,False,False,877,-115.70072937011719,-113.94644165039062,0
Nancy's grandfathers have one cat and Sonia's students have some brown cat.,Nancy's grandfathers have one rough cat and Sonia's students have some brown.,syntax,ellipsis,ellipsis_n_bar_2,True,False,False,False,878,-102.86116027832031,-110.863525390625,1
Jesus might impress a few senators and that guest might impress several happy senators.,Jesus might impress a few delighted senators and that guest might impress several happy.,syntax,ellipsis,ellipsis_n_bar_2,True,False,False,False,879,-112.68392181396484,-113.45111846923828,1
Derek's mothers had researched one cousin and Curtis had researched several content cousin.,Derek's mothers had researched one uncertain cousin and Curtis had researched several content.,syntax,ellipsis,ellipsis_n_bar_2,True,False,False,False,880,-129.653076171875,-131.71945190429688,1
Those nieces of some actors conceal three hamsters and the Borgias conceal more smooth hamsters.,Those nieces of some actors conceal three out in the open hamsters and the Borgias conceal more smooth.,syntax,ellipsis,ellipsis_n_bar_2,True,False,False,False,881,-161.74420166015625,-173.5406494140625,1
Helen returned to one high school and some actor returned to few purple high school.,Helen returned to one green high school and some actor returned to few purple.,syntax,ellipsis,ellipsis_n_bar_2,True,False,False,False,882,-103.61705017089844,-102.76930236816406,0
Rhonda's sister was observing several French teachers and Kristen was observing a few happy French teachers.,Rhonda's sister was observing several upset French teachers and Kristen was observing a few happy.,syntax,ellipsis,ellipsis_n_bar_2,True,False,False,False,883,-128.9390869140625,-126.51214599609375,0
That mountain astounds many grandmothers and the college campus astounds few displeased grandmothers.,That mountain astounds many sick grandmothers and the college campus astounds few displeased.,syntax,ellipsis,ellipsis_n_bar_2,True,False,False,False,884,-155.31410217285156,-148.78237915039062,0
This dog impresses one bank and every unicycle impresses few yellow bank.,This dog impresses one brown bank and every unicycle impresses few yellow.,syntax,ellipsis,ellipsis_n_bar_2,True,False,False,False,885,-127.29312133789062,-125.76800537109375,0
Derek's nephew boycotted a few high schools and this daughter of Bethany boycotted several gray high schools.,Derek's nephew boycotted a few small high schools and this daughter of Bethany boycotted several gray.,syntax,ellipsis,ellipsis_n_bar_2,True,False,False,False,886,-181.0775146484375,-172.6273651123047,0
Timothy's cousin couldn't escape from a few daughters of and Eva couldn't escape from a lot excited daughters of.,Timothy's cousin couldn't escape from a few unlucky daughters of and Eva couldn't escape from a lot excited.,syntax,ellipsis,ellipsis_n_bar_2,True,False,False,False,887,-136.0502471923828,-132.54505920410156,0
Andrea insults many grocery stores and Carmen insults few green grocery stores.,Andrea insults many dirty grocery stores and Carmen insults few green.,syntax,ellipsis,ellipsis_n_bar_2,True,False,False,False,888,-122.71565246582031,-116.69163513183594,0
Frank wasn't touring one hospital and Monet wasn't touring five concealed hospital.,Frank wasn't touring one yellow hospital and Monet wasn't touring five concealed.,syntax,ellipsis,ellipsis_n_bar_2,True,False,False,False,889,-117.7524642944336,-120.70368194580078,1
Tina's ex-husband descends one ladder and Paul's boss descends at least as many hidden ladder.,Tina's ex-husband descends one lost ladder and Paul's boss descends at least as many hidden.,syntax,ellipsis,ellipsis_n_bar_2,True,False,False,False,890,-151.53456115722656,-152.78077697753906,1
James disturbed one daughter of and Spain disturbed at least as many lost daughter of.,James disturbed one small daughter of and Spain disturbed at least as many lost.,syntax,ellipsis,ellipsis_n_bar_2,True,False,False,False,891,-118.77838134765625,-109.07948303222656,0
April's grandfather scans one grandson of and Liam's sister scans more clever grandson of.,April's grandfather scans one unlucky grandson of and Liam's sister scans more clever.,syntax,ellipsis,ellipsis_n_bar_2,True,False,False,False,892,-138.96519470214844,-137.18466186523438,0
These couches were disgusting no patients and many shows about music were disgusting some old patients.,These couches were disgusting no hopeful patients and many shows about music were disgusting some old.,syntax,ellipsis,ellipsis_n_bar_2,True,False,False,False,893,-131.236572265625,-135.83038330078125,1
That student hadn't watched one hairdresser and Keith's ex-husband hadn't watched two lost hairdresser.,That student hadn't watched one bad hairdresser and Keith's ex-husband hadn't watched two lost.,syntax,ellipsis,ellipsis_n_bar_2,True,False,False,False,894,-149.14627075195312,-136.47476196289062,0
Dawn visited one dentist and the Borgias visited a few lucky dentist.,Dawn visited one content dentist and the Borgias visited a few lucky.,syntax,ellipsis,ellipsis_n_bar_2,True,False,False,False,895,-106.115234375,-112.46653747558594,1
A lot of students research one organization and all doctors research more popular organization.,A lot of students research one good organization and all doctors research more popular.,syntax,ellipsis,ellipsis_n_bar_2,True,False,False,False,896,-96.33710479736328,-96.83023071289062,1
Those waitresses aren't distracting three museums and Jessica was distracting fewer good museums.,Those waitresses aren't distracting three clean museums and Jessica was distracting fewer good.,syntax,ellipsis,ellipsis_n_bar_2,True,False,False,False,897,-135.89508056640625,-140.46144104003906,1
The Lutherans hadn't hurt several classmates and Wayne hadn't hurt a few troubled classmates.,The Lutherans hadn't hurt several lucky classmates and Wayne hadn't hurt a few troubled.,syntax,ellipsis,ellipsis_n_bar_2,True,False,False,False,898,-126.12008666992188,-128.43641662597656,1
Every glacier will resemble one painting of and Marla will resemble a few orange painting of.,Every glacier will resemble one green painting of and Marla will resemble a few orange.,syntax,ellipsis,ellipsis_n_bar_2,True,False,False,False,899,-138.88131713867188,-128.9729461669922,0
A hospital astounded one father of and William astounded several out in the open father of.,A hospital astounded one confident father of and William astounded several out in the open.,syntax,ellipsis,ellipsis_n_bar_2,True,False,False,False,900,-131.86834716796875,-125.97903442382812,0
Those children are bringing four blouses and Kimberley isn't bringing five concealed blouses.,Those children are bringing four out in the open blouses and Kimberley isn't bringing five concealed.,syntax,ellipsis,ellipsis_n_bar_2,True,False,False,False,901,-124.13795471191406,-130.75570678710938,1
Candice's classmates have escaped from three doctors and Brian has escaped from more employed doctors.,Candice's classmates have escaped from three long doctors and Brian has escaped from more employed.,syntax,ellipsis,ellipsis_n_bar_2,True,False,False,False,902,-117.4757308959961,-121.40345764160156,1
Patients disgust four brothers and the Great Lakes disgust five clever brothers.,Patients disgust four scared brothers and the Great Lakes disgust five clever.,syntax,ellipsis,ellipsis_n_bar_2,True,False,False,False,903,-109.37230682373047,-119.75214385986328,1
Rose flees from one waitress and Vincent flees from many confident waitress.,Rose flees from one unlucky waitress and Vincent flees from many confident.,syntax,ellipsis,ellipsis_n_bar_2,True,False,False,False,904,-106.17903137207031,-110.74259948730469,1
Many cashiers cure one waiter and Tonya's associates cure several popular waiter.,Many cashiers cure one ill waiter and Tonya's associates cure several popular.,syntax,ellipsis,ellipsis_n_bar_2,True,False,False,False,905,-133.70040893554688,-137.23248291015625,1
William's supervisors observe three ex-husbands and the Clintons observe more displeased ex-husbands.,William's supervisors observe three small ex-husbands and the Clintons observe more displeased.,syntax,ellipsis,ellipsis_n_bar_2,True,False,False,False,906,-173.0470428466797,-153.0802001953125,0
Tiffany complains about three waiters and Kenneth complains about more smart waiters.,Tiffany complains about three good waiters and Kenneth complains about more smart.,syntax,ellipsis,ellipsis_n_bar_2,True,False,False,False,907,-126.98575592041016,-117.95291137695312,0
Brad has alarmed one dermatologist and Jacqueline has alarmed two scared dermatologist.,Brad has alarmed one serious dermatologist and Jacqueline has alarmed two scared.,syntax,ellipsis,ellipsis_n_bar_2,True,False,False,False,908,-148.27867126464844,-127.43694305419922,0
The senators' teachers are passing one lake and Sharon's French teacher is passing at least as many purple lake.,The senators' teachers are passing one black lake and Sharon's French teacher is passing at least as many purple.,syntax,ellipsis,ellipsis_n_bar_2,True,False,False,False,909,-154.97702026367188,-151.77481079101562,0
Eric hasn't scared three doctors and many plays about literature hadn't scared fewer lost doctors.,Eric hasn't scared three important doctors and many plays about literature hadn't scared fewer lost.,syntax,ellipsis,ellipsis_n_bar_2,True,False,False,False,910,-144.8267059326172,-145.11618041992188,1
Brad hasn't brought one chair and Nina hasn't brought some blue chair.,Brad hasn't brought one important chair and Nina hasn't brought some blue.,syntax,ellipsis,ellipsis_n_bar_2,True,False,False,False,911,-93.74443054199219,-98.70386505126953,1
Chad had healed three doctors and Becca had healed at least as many uncertain doctors.,Chad had healed three clever doctors and Becca had healed at least as many uncertain.,syntax,ellipsis,ellipsis_n_bar_2,True,False,False,False,912,-121.05558013916016,-126.32255554199219,1
Linda does heal no mentors and many waitresses won't heal some unsure mentors.,Linda does heal no hidden mentors and many waitresses won't heal some unsure.,syntax,ellipsis,ellipsis_n_bar_2,True,False,False,False,913,-138.27944946289062,-132.40762329101562,0
That pedestrian hasn't listened to one granddaughter and Ann hasn't listened to two ill granddaughter.,That pedestrian hasn't listened to one good granddaughter and Ann hasn't listened to two ill.,syntax,ellipsis,ellipsis_n_bar_2,True,False,False,False,914,-119.27930450439453,-118.2147216796875,0
Liam's mentor had messed up one chair and Becca had messed up many red chair.,Liam's mentor had messed up one yellow chair and Becca had messed up many red.,syntax,ellipsis,ellipsis_n_bar_2,True,False,False,False,915,-114.86628723144531,-117.36456298828125,1
Jodi was concealing a lot of snakes and Stephanie was concealing a few bad snakes.,Jodi was concealing a lot of black snakes and Stephanie was concealing a few bad.,syntax,ellipsis,ellipsis_n_bar_2,True,False,False,False,916,-116.56741333007812,-117.19757080078125,1
Theresa bikes to one closet and every grandson of Debra bikes to some bad closet.,Theresa bikes to one brown closet and every grandson of Debra bikes to some bad.,syntax,ellipsis,ellipsis_n_bar_2,True,False,False,False,917,-134.3403778076172,-133.56114196777344,0
Marcus did listen to one grandfather and all cousins of David did listen to three employed grandfather.,Marcus did listen to one lucky grandfather and all cousins of David did listen to three employed.,syntax,ellipsis,ellipsis_n_bar_2,True,False,False,False,918,-129.914306640625,-130.00491333007812,1
Curtis had talked about one mentor and David's hairdressers had talked about a lot busy mentor.,Curtis had talked about one unconvinced mentor and David's hairdressers had talked about a lot busy.,syntax,ellipsis,ellipsis_n_bar_2,True,False,False,False,919,-129.51803588867188,-146.7425537109375,1
These granddaughters of Mary should upset one actor and the association should upset a lot unconvinced actor.,These granddaughters of Mary should upset one scared actor and the association should upset a lot unconvinced.,syntax,ellipsis,ellipsis_n_bar_2,True,False,False,False,920,-156.33648681640625,-157.486083984375,1
Martin's teacher is embarrassing a few women and Raymond is embarrassing several uncertain women.,Martin's teacher is embarrassing a few unemployed women and Raymond is embarrassing several uncertain.,syntax,ellipsis,ellipsis_n_bar_2,True,False,False,False,921,-117.3492202758789,-122.28897094726562,1
That cousin of Deborah hasn't argued about three women and Tonya hasn't argued about fewer standing women.,That cousin of Deborah hasn't argued about three young women and Tonya hasn't argued about fewer standing.,syntax,ellipsis,ellipsis_n_bar_2,True,False,False,False,922,-138.91183471679688,-137.62960815429688,0
Jesus wasn't watching one supervisor and Heidi wasn't watching five sick supervisor.,Jesus wasn't watching one concealed supervisor and Heidi wasn't watching five sick.,syntax,ellipsis,ellipsis_n_bar_2,True,False,False,False,923,-106.83039855957031,-108.87643432617188,1
Becky was driving to one high school and Jacqueline was driving to three clean high school.,Becky was driving to one blue high school and Jacqueline was driving to three clean.,syntax,ellipsis,ellipsis_n_bar_2,True,False,False,False,924,-98.37995910644531,-103.61708068847656,1
Chad hasn't approached three cousins of and Sherry hasn't approached fewer hidden cousins of.,Chad hasn't approached three determined cousins of and Sherry hasn't approached fewer hidden.,syntax,ellipsis,ellipsis_n_bar_2,True,False,False,False,925,-144.35848999023438,-141.2401580810547,0
Jennifer couldn't bike to one movie theater and Candice couldn't bike to three important movie theater.,Jennifer couldn't bike to one concealed movie theater and Candice couldn't bike to three important.,syntax,ellipsis,ellipsis_n_bar_2,True,False,False,False,926,-141.3451385498047,-143.34649658203125,1
Every father of Jerry was returning to three contractors and all people's grandfather was returning to fewer fast contractors.,Every father of Jerry was returning to three standing contractors and all people's grandfather was returning to fewer fast.,syntax,ellipsis,ellipsis_n_bar_2,True,False,False,False,927,-148.01275634765625,-145.99884033203125,0
Scott has investigated one mother and Judy has investigated a few lucky mother.,Scott has investigated one hopeful mother and Judy has investigated a few lucky.,syntax,ellipsis,ellipsis_n_bar_2,True,False,False,False,928,-90.56145477294922,-96.6302719116211,1
Some student's lawyers have described one senator and Chad hasn't described many young senator.,Some student's lawyers have described one exposed senator and Chad hasn't described many young.,syntax,ellipsis,ellipsis_n_bar_2,True,False,False,False,929,-113.87307739257812,-118.36705017089844,1
Cindy won't reveal one book and Katherine's hairdressers won't reveal many gray book.,Cindy won't reveal one hard book and Katherine's hairdressers won't reveal many gray.,syntax,ellipsis,ellipsis_n_bar_2,True,False,False,False,930,-124.54718017578125,-128.50294494628906,1
Raymond will bike to one school and Margaret will bike to five green school.,Raymond will bike to one bad school and Margaret will bike to five green.,syntax,ellipsis,ellipsis_n_bar_2,True,False,False,False,931,-107.26544189453125,-112.8023681640625,1
Frank's father is disagreeing with one boy and those sons of Peter weren't disagreeing with several scared boy.,Frank's father is disagreeing with one exposed boy and those sons of Peter weren't disagreeing with several scared.,syntax,ellipsis,ellipsis_n_bar_2,True,False,False,False,932,-133.18136596679688,-144.36587524414062,1
The sister of Marla boycotted one hospital and every driver boycotted a lot old hospital.,The sister of Marla boycotted one small hospital and every driver boycotted a lot old.,syntax,ellipsis,ellipsis_n_bar_2,True,False,False,False,933,-147.56564331054688,-147.5962677001953,1
Benjamin's handymen haven't worked with one dancer and some nephews of Beverly haven't worked with four young dancer.,Benjamin's handymen haven't worked with one determined dancer and some nephews of Beverly haven't worked with four young.,syntax,ellipsis,ellipsis_n_bar_2,True,False,False,False,934,-152.453857421875,-159.63926696777344,1
Some senator's spouse remembers many classmates and Laurie remembers few out in the open classmates.,Some senator's spouse remembers many uncertain classmates and Laurie remembers few out in the open.,syntax,ellipsis,ellipsis_n_bar_2,True,False,False,False,935,-132.61859130859375,-133.955810546875,1
Natalie boasts about one boyfriend and Martin's grandmother boasts about two small boyfriend.,Natalie boasts about one hopeful boyfriend and Martin's grandmother boasts about two small.,syntax,ellipsis,ellipsis_n_bar_2,True,False,False,False,936,-108.06143188476562,-114.61695861816406,1
Dawn isn't investigating one mentor and Tanya isn't investigating four lucky mentor.,Dawn isn't investigating one young mentor and Tanya isn't investigating four lucky.,syntax,ellipsis,ellipsis_n_bar_2,True,False,False,False,937,-117.4158935546875,-113.22120666503906,0
Some grandson of Kenneth would mess up one restaurant and Nina would mess up a lot popular restaurant.,Some grandson of Kenneth would mess up one small restaurant and Nina would mess up a lot popular.,syntax,ellipsis,ellipsis_n_bar_2,True,False,False,False,938,-124.77222442626953,-127.85811614990234,1
Mitchell's guests disgust three dentists and Marcus's nephews disgust more concealed dentists.,Mitchell's guests disgust three delighted dentists and Marcus's nephews disgust more concealed.,syntax,ellipsis,ellipsis_n_bar_2,True,False,False,False,939,-143.51898193359375,-141.24176025390625,0
Brian's dermatologists complain about three classmates and Katherine's supervisors complain about fewer happy classmates.,Brian's dermatologists complain about three fast classmates and Katherine's supervisors complain about fewer happy.,syntax,ellipsis,ellipsis_n_bar_2,True,False,False,False,940,-160.32582092285156,-163.03598022460938,1
Mark wasn't praising one senator and Paul's nephew wasn't praising more nice senator.,Mark wasn't praising one old senator and Paul's nephew wasn't praising more nice.,syntax,ellipsis,ellipsis_n_bar_2,True,False,False,False,941,-117.52951049804688,-116.39425659179688,0
The dancer's plumbers respected one nephew of and Tanya respected four small nephew of.,The dancer's plumbers respected one exposed nephew of and Tanya respected four small.,syntax,ellipsis,ellipsis_n_bar_2,True,False,False,False,942,-139.31260681152344,-135.82791137695312,0
The cups embarrassed few guys and every friend of Mary embarrassed many fast guys.,The cups embarrassed few lost guys and every friend of Mary embarrassed many fast.,syntax,ellipsis,ellipsis_n_bar_2,True,False,False,False,943,-120.04425048828125,-125.57081604003906,1
Some guy's niece kisses one pedestrian and Florence kisses at least as many out in the open pedestrian.,Some guy's niece kisses one hidden pedestrian and Florence kisses at least as many out in the open.,syntax,ellipsis,ellipsis_n_bar_2,True,False,False,False,944,-148.8820343017578,-145.41766357421875,0
A guy hugs few nieces and Gary hugs many standing nieces.,A guy hugs few busy nieces and Gary hugs many standing.,syntax,ellipsis,ellipsis_n_bar_2,True,False,False,False,945,-130.98037719726562,-119.62378692626953,0
James has driven to one mountain and the person's brother has driven to a lot concealed mountain.,James has driven to one white mountain and the person's brother has driven to a lot concealed.,syntax,ellipsis,ellipsis_n_bar_2,True,False,False,False,946,-115.8027114868164,-117.41014099121094,1
All adults reference one piano teacher and the waitresses reference more content piano teacher.,All adults reference one young piano teacher and the waitresses reference more content.,syntax,ellipsis,ellipsis_n_bar_2,True,False,False,False,947,-133.56729125976562,-120.28472900390625,0
Many fathers of Theodore couldn't work with one grandson of and Martha couldn't work with at least as many displeased grandson of.,Many fathers of Theodore couldn't work with one ill grandson of and Martha couldn't work with at least as many displeased.,syntax,ellipsis,ellipsis_n_bar_2,True,False,False,False,948,-159.60513305664062,-154.46783447265625,0
Dana hadn't worn one sock and Cheryl hadn't worn five important sock.,Dana hadn't worn one good sock and Cheryl hadn't worn five important.,syntax,ellipsis,ellipsis_n_bar_2,True,False,False,False,949,-111.6975326538086,-109.0128173828125,0
Lissa is complaining about three stories about and Becky is complaining about at least as many bad stories about.,Lissa is complaining about three good stories about and Becky is complaining about at least as many bad.,syntax,ellipsis,ellipsis_n_bar_2,True,False,False,False,950,-116.24671173095703,-116.1978759765625,0
Becca's nephew could fix a few skateboards and Melissa could fix several smooth skateboards.,Becca's nephew could fix a few purple skateboards and Melissa could fix several smooth.,syntax,ellipsis,ellipsis_n_bar_2,True,False,False,False,951,-122.8826675415039,-123.68022155761719,1
Tiffany's friends love one classmate and some sisters of Marcus love a lot fast classmate.,Tiffany's friends love one lost classmate and some sisters of Marcus love a lot fast.,syntax,ellipsis,ellipsis_n_bar_2,True,False,False,False,952,-134.29981994628906,-133.35537719726562,0
Every carriage irritates three mentors and that sock irritates more hidden mentors.,Every carriage irritates three happy mentors and that sock irritates more hidden.,syntax,ellipsis,ellipsis_n_bar_2,True,False,False,False,953,-130.95556640625,-128.71002197265625,0
That university likes no icicles and that pedestrian likes some green icicles.,That university likes no important icicles and that pedestrian likes some green.,syntax,ellipsis,ellipsis_n_bar_2,True,False,False,False,954,-112.317626953125,-110.46571350097656,0
A lot of girls weren't lifting one picture of and the grandfather of Karen wasn't lifting several small picture of.,A lot of girls weren't lifting one yellow picture of and the grandfather of Karen wasn't lifting several small.,syntax,ellipsis,ellipsis_n_bar_2,True,False,False,False,955,-139.87371826171875,-137.28329467773438,0
Roger did conceal one show about and Matt did conceal several bad show about.,Roger did conceal one good show about and Matt did conceal several bad.,syntax,ellipsis,ellipsis_n_bar_2,True,False,False,False,956,-116.34220886230469,-110.0050048828125,0
Guests' grandsons observe three sons and these dancers' granddaughters observe almost as many happy sons.,Guests' grandsons observe three clever sons and these dancers' granddaughters observe almost as many happy.,syntax,ellipsis,ellipsis_n_bar_2,True,False,False,False,957,-160.07162475585938,-166.1875,1
Beth's associate isn't admiring three public parks and Marla isn't admiring almost as many purple public parks.,Beth's associate isn't admiring three hard public parks and Marla isn't admiring almost as many purple.,syntax,ellipsis,ellipsis_n_bar_2,True,False,False,False,958,-163.1786346435547,-156.96817016601562,0
Some ladies argue about one man and Debra's daughters argue about a few fast man.,Some ladies argue about one unemployed man and Debra's daughters argue about a few fast.,syntax,ellipsis,ellipsis_n_bar_2,True,False,False,False,959,-107.22442626953125,-119.22355651855469,1
Steven should visit one library and Janet should visit five rough library.,Steven should visit one smooth library and Janet should visit five rough.,syntax,ellipsis,ellipsis_n_bar_2,True,False,False,False,960,-102.80116271972656,-107.36653137207031,1
Some movie about Galileo worries several children and some spinach worries a few displeased children.,Some movie about Galileo worries several uncertain children and some spinach worries a few displeased.,syntax,ellipsis,ellipsis_n_bar_2,True,False,False,False,961,-126.42668914794922,-137.630859375,1
Every doctor's nephews shouldn't complain about several contractors and Cindy's ex-husband shouldn't complain about a few exposed contractors.,Every doctor's nephews shouldn't complain about several bad contractors and Cindy's ex-husband shouldn't complain about a few exposed.,syntax,ellipsis,ellipsis_n_bar_2,True,False,False,False,962,-163.43023681640625,-160.5162811279297,0
Judy's dentists lift one sweater and those people lift a few orange sweater.,Judy's dentists lift one white sweater and those people lift a few orange.,syntax,ellipsis,ellipsis_n_bar_2,True,False,False,False,963,-111.7511978149414,-111.03114318847656,0
Gregory hadn't observed three friends of and Veronica hadn't observed almost as many unlucky friends of.,Gregory hadn't observed three bad friends of and Veronica hadn't observed almost as many unlucky.,syntax,ellipsis,ellipsis_n_bar_2,True,False,False,False,964,-129.6876678466797,-126.03994750976562,0
The adult wore one blouse and Julia wore two orange blouse.,The adult wore one rough blouse and Julia wore two orange.,syntax,ellipsis,ellipsis_n_bar_2,True,False,False,False,965,-85.72807312011719,-84.50886535644531,0
Guests reference one story about and Cynthia's plumbers reference few good story about.,Guests reference one bad story about and Cynthia's plumbers reference few good.,syntax,ellipsis,ellipsis_n_bar_2,True,False,False,False,966,-126.81826782226562,-125.79740905761719,0
The Clintons' teacher wouldn't lift one report about and Holly wouldn't lift some lost report about.,The Clintons' teacher wouldn't lift one brown report about and Holly wouldn't lift some lost.,syntax,ellipsis,ellipsis_n_bar_2,True,False,False,False,967,-148.755859375,-142.079345703125,0
That plate was alarming one daughter of and Stacy was alarming a few lucky daughter of.,That plate was alarming one small daughter of and Stacy was alarming a few lucky.,syntax,ellipsis,ellipsis_n_bar_2,True,False,False,False,968,-126.64927673339844,-120.41355895996094,0
Gina's senator is kissing one grandfather of and Rebecca is kissing a lot ill grandfather of.,Gina's senator is kissing one exposed grandfather of and Rebecca is kissing a lot ill.,syntax,ellipsis,ellipsis_n_bar_2,True,False,False,False,969,-146.40481567382812,-137.548095703125,0
Tina's plumber is selling no boxes and Sally is selling some big boxes.,Tina's plumber is selling no popular boxes and Sally is selling some big.,syntax,ellipsis,ellipsis_n_bar_2,True,False,False,False,970,-101.98918914794922,-114.03406524658203,1
Stacy hasn't ascended several steps and David hasn't ascended a few small steps.,Stacy hasn't ascended several rough steps and David hasn't ascended a few small.,syntax,ellipsis,ellipsis_n_bar_2,True,False,False,False,971,-99.30735778808594,-107.1776123046875,1
Kimberley remembered one guest and Christine remembered more hopeful guest.,Kimberley remembered one old guest and Christine remembered more hopeful.,syntax,ellipsis,ellipsis_n_bar_2,True,False,False,False,972,-101.44841003417969,-100.46286010742188,0
Curtis isn't observing one doctor and Christopher's sister isn't observing four standing doctor.,Curtis isn't observing one hidden doctor and Christopher's sister isn't observing four standing.,syntax,ellipsis,ellipsis_n_bar_2,True,False,False,False,973,-130.60763549804688,-136.1140899658203,1
The dresses annoy three doctors and sons of Tonya annoy almost as many exposed doctors.,The dresses annoy three unlucky doctors and sons of Tonya annoy almost as many exposed.,syntax,ellipsis,ellipsis_n_bar_2,True,False,False,False,974,-136.45785522460938,-142.78244018554688,1
Natalie will work with several French teachers and Brian will work with a few long French teachers.,Natalie will work with several lucky French teachers and Brian will work with a few long.,syntax,ellipsis,ellipsis_n_bar_2,True,False,False,False,975,-108.84908294677734,-103.20860290527344,0
Sarah's plumbers are walking through few banks and that child was walking through many concealed banks.,Sarah's plumbers are walking through few blue banks and that child was walking through many concealed.,syntax,ellipsis,ellipsis_n_bar_2,True,False,False,False,976,-124.32254028320312,-127.63362884521484,1
That child was insulting one grandson and Heather was insulting some standing grandson.,That child was insulting one out in the open grandson and Heather was insulting some standing.,syntax,ellipsis,ellipsis_n_bar_2,True,False,False,False,977,-116.37837982177734,-122.36184692382812,1
Stacey hurt five sisters of and these dishes hurt four good sisters of.,Stacey hurt five nice sisters of and these dishes hurt four good.,syntax,ellipsis,ellipsis_n_bar_2,True,False,False,False,978,-122.33341217041016,-117.859619140625,0
Martha's spouse helps one brother and William helps at least as many standing brother.,Martha's spouse helps one happy brother and William helps at least as many standing.,syntax,ellipsis,ellipsis_n_bar_2,True,False,False,False,979,-126.89044189453125,-126.74272155761719,0
Candice wasn't concealing a few piano teachers and Elizabeth wasn't concealing several unlucky piano teachers.,Candice wasn't concealing a few good piano teachers and Elizabeth wasn't concealing several unlucky.,syntax,ellipsis,ellipsis_n_bar_2,True,False,False,False,980,-149.5932159423828,-134.0944366455078,0
Mark insults a few stories about and Ruth's mentee insults a lot bad stories about.,Mark insults a few long stories about and Ruth's mentee insults a lot bad.,syntax,ellipsis,ellipsis_n_bar_2,True,False,False,False,981,-127.80895233154297,-132.81256103515625,1
All schools confused one father and a dish confused more employed father.,All schools confused one confident father and a dish confused more employed.,syntax,ellipsis,ellipsis_n_bar_2,True,False,False,False,982,-106.40690612792969,-109.08169555664062,1
Cars hurt three sisters of and those forks hurt fewer happy sisters of.,Cars hurt three exposed sisters of and those forks hurt fewer happy.,syntax,ellipsis,ellipsis_n_bar_2,True,False,False,False,983,-122.86662292480469,-122.2624282836914,0
A cat worries a few nieces and most grandfathers of Tonya worries several excited nieces.,A cat worries a few delighted nieces and most grandfathers of Tonya worries several excited.,syntax,ellipsis,ellipsis_n_bar_2,True,False,False,False,984,-163.5595245361328,-155.62213134765625,0
Cheryl is escaping from one waiter and Naomi is escaping from four upset waiter.,Cheryl is escaping from one smart waiter and Naomi is escaping from four upset.,syntax,ellipsis,ellipsis_n_bar_2,True,False,False,False,985,-116.92340087890625,-114.35606384277344,0
Erin hadn't approached few nephews and Ellen hadn't approached many scared nephews.,Erin hadn't approached few big nephews and Ellen hadn't approached many scared.,syntax,ellipsis,ellipsis_n_bar_2,True,False,False,False,986,-120.3515853881836,-119.50062561035156,0
Paul's granddaughters help four grandmothers of and Kevin's colleagues help five unsure grandmothers of.,Paul's granddaughters help four displeased grandmothers of and Kevin's colleagues help five unsure.,syntax,ellipsis,ellipsis_n_bar_2,True,False,False,False,987,-174.40174865722656,-163.8094482421875,0
Todd has noticed three mountains and George has noticed more big mountains.,Todd has noticed three gray mountains and George has noticed more big.,syntax,ellipsis,ellipsis_n_bar_2,True,False,False,False,988,-91.01278686523438,-95.15768432617188,1
Cheryl would drop by few movie theaters and Gina would drop by many small movie theaters.,Cheryl would drop by few black movie theaters and Gina would drop by many small.,syntax,ellipsis,ellipsis_n_bar_2,True,False,False,False,989,-140.9128875732422,-132.89132690429688,0
Wendy's dermatologists lift three jackets and Todd's bosses lift fewer out in the open jackets.,Wendy's dermatologists lift three big jackets and Todd's bosses lift fewer out in the open.,syntax,ellipsis,ellipsis_n_bar_2,True,False,False,False,990,-153.58734130859375,-151.61666870117188,0
Kirsten's bosses reference one teenager and many mothers of Ruth reference many smart teenager.,Kirsten's bosses reference one unconvinced teenager and many mothers of Ruth reference many smart.,syntax,ellipsis,ellipsis_n_bar_2,True,False,False,False,991,-143.06622314453125,-155.37066650390625,1
Debra goes to one art gallery and Heidi goes to five brown art gallery.,Debra goes to one purple art gallery and Heidi goes to five brown.,syntax,ellipsis,ellipsis_n_bar_2,True,False,False,False,992,-108.35147094726562,-105.33000183105469,0
All students hadn't disagreed with a few doctors and some mother of Peter hadn't disagreed with a lot popular doctors.,All students hadn't disagreed with a few content doctors and some mother of Peter hadn't disagreed with a lot popular.,syntax,ellipsis,ellipsis_n_bar_2,True,False,False,False,993,-134.4942169189453,-141.64027404785156,1
Julia's hairdressers visit one brother and Florence's senators visit four upset brother.,Julia's hairdressers visit one bad brother and Florence's senators visit four upset.,syntax,ellipsis,ellipsis_n_bar_2,True,False,False,False,994,-129.0205078125,-132.2829132080078,1
Every legislature referenced several senators and Russell referenced a few employed senators.,Every legislature referenced several fast senators and Russell referenced a few employed.,syntax,ellipsis,ellipsis_n_bar_2,True,False,False,False,995,-103.95123291015625,-113.5098876953125,1
Melanie has concealed three ladies and Derek has concealed almost as many standing ladies.,Melanie has concealed three bad ladies and Derek has concealed almost as many standing.,syntax,ellipsis,ellipsis_n_bar_2,True,False,False,False,996,-108.86190795898438,-110.73538970947266,1
Some guys disagree with one senator and Gerald's dermatologists disagree with a lot exposed senator.,Some guys disagree with one unsure senator and Gerald's dermatologists disagree with a lot exposed.,syntax,ellipsis,ellipsis_n_bar_2,True,False,False,False,997,-137.84017944335938,-140.69679260253906,1
The shirts haven't aggravated one partner and Russell has aggravated five unsure partner.,The shirts haven't aggravated one troubled partner and Russell has aggravated five unsure.,syntax,ellipsis,ellipsis_n_bar_2,True,False,False,False,998,-129.3911895751953,-129.35458374023438,0
Noah's piano teacher heals one granddaughter and Vincent heals four nice granddaughter.,Noah's piano teacher heals one confident granddaughter and Vincent heals four nice.,syntax,ellipsis,ellipsis_n_bar_2,True,False,False,False,999,-133.0081787109375,-140.51950073242188,1
