sentence_good,sentence_bad,field,linguistics_term,UID,simple_LM_method,one_prefix_method,two_prefix_method,lexically_identical,pair_id,good_prob,bad_prob,correct
Raymond is selling this sketch.,Raymond is selling this sketches.,morphology,determiner_noun_agreement,determiner_noun_agreement_1,True,True,False,True,0,-40.321449279785156,-45.642181396484375,1
Craig explored that grocery store.,Craig explored that grocery stores.,morphology,determiner_noun_agreement,determiner_noun_agreement_1,True,True,False,True,1,-45.0814094543457,-49.98249816894531,1
Eva has scared these children.,Eva has scared these child.,morphology,determiner_noun_agreement,determiner_noun_agreement_1,True,True,False,True,2,-39.357879638671875,-42.802433013916016,1
Marcus would conceal that pamphlet.,Marcus would conceal that pamphlets.,morphology,determiner_noun_agreement,determiner_noun_agreement_1,True,True,False,True,3,-49.69759750366211,-53.24476623535156,1
Carmen hadn't shocked these customers.,Carmen hadn't shocked these customer.,morphology,determiner_noun_agreement,determiner_noun_agreement_1,True,True,False,True,4,-57.515037536621094,-60.22230911254883,1
The Impressionists were walking through this library.,The Impressionists were walking through this libraries.,morphology,determiner_noun_agreement,determiner_noun_agreement_1,True,True,False,True,5,-52.698951721191406,-55.41293716430664,1
Some men weren't touring those cafes.,Some men weren't touring those cafe.,morphology,determiner_noun_agreement,determiner_noun_agreement_1,True,True,False,True,6,-57.70805740356445,-54.68815612792969,0
Leslie isn't firing that actress.,Leslie isn't firing that actresses.,morphology,determiner_noun_agreement,determiner_noun_agreement_1,True,True,False,True,7,-51.166717529296875,-53.54669952392578,1
Jennifer concealed those cups.,Jennifer concealed those cup.,morphology,determiner_noun_agreement,determiner_noun_agreement_1,True,True,False,True,8,-43.177955627441406,-45.723358154296875,1
A waitress does take those hospitals.,A waitress does take those hospital.,morphology,determiner_noun_agreement,determiner_noun_agreement_1,True,True,False,True,9,-50.855743408203125,-52.09552001953125,1
The man walks through those hospitals.,The man walks through those hospital.,morphology,determiner_noun_agreement,determiner_noun_agreement_1,True,True,False,True,10,-40.40424346923828,-39.327392578125,0
Winston Churchill boycotts these public parks.,Winston Churchill boycotts these public park.,morphology,determiner_noun_agreement,determiner_noun_agreement_1,True,True,False,True,11,-75.59172821044922,-75.01973724365234,0
This sock disturbs that customer.,This sock disturbs that customers.,morphology,determiner_noun_agreement,determiner_noun_agreement_1,True,True,False,True,12,-56.337242126464844,-57.362831115722656,1
William described this movie.,William described this movies.,morphology,determiner_noun_agreement,determiner_noun_agreement_1,True,True,False,True,13,-31.569059371948242,-35.265201568603516,1
Monet dropped by those libraries.,Monet dropped by those library.,morphology,determiner_noun_agreement,determiner_noun_agreement_1,True,True,False,True,14,-56.060890197753906,-54.60652160644531,0
Elaine was biking to this bank.,Elaine was biking to this banks.,morphology,determiner_noun_agreement,determiner_noun_agreement_1,True,True,False,True,15,-54.619140625,-59.50574493408203,1
These senators wear that jacket.,These senators wear that jackets.,morphology,determiner_noun_agreement,determiner_noun_agreement_1,True,True,False,True,16,-46.70713806152344,-48.66261672973633,1
The Lutherans notice that drawing.,The Lutherans notice that drawings.,morphology,determiner_noun_agreement,determiner_noun_agreement_1,True,True,False,True,17,-59.24467468261719,-57.71058654785156,0
Cheryl is hurting that teacher.,Cheryl is hurting that teachers.,morphology,determiner_noun_agreement,determiner_noun_agreement_1,True,True,False,True,18,-51.45309066772461,-53.36030197143555,1
Russell might break those cups.,Russell might break those cup.,morphology,determiner_noun_agreement,determiner_noun_agreement_1,True,True,False,True,19,-43.18488311767578,-46.322017669677734,1
A lot of patients resemble these pictures.,A lot of patients resemble these picture.,morphology,determiner_noun_agreement,determiner_noun_agreement_1,True,True,False,True,20,-41.150177001953125,-45.19190216064453,1
Vanessa can talk to these doctors.,Vanessa can talk to these doctor.,morphology,determiner_noun_agreement,determiner_noun_agreement_1,True,True,False,True,21,-42.936492919921875,-44.71428298950195,1
Janice had worn this shawl.,Janice had worn this shawls.,morphology,determiner_noun_agreement,determiner_noun_agreement_1,True,True,False,True,22,-45.61936950683594,-49.088340759277344,1
A lot of waitresses find those jackets.,A lot of waitresses find those jacket.,morphology,determiner_noun_agreement,determiner_noun_agreement_1,True,True,False,True,23,-58.93907928466797,-59.09990692138672,1
Every dancer hasn't admired this skirt.,Every dancer hasn't admired this skirts.,morphology,determiner_noun_agreement,determiner_noun_agreement_1,True,True,False,True,24,-50.480995178222656,-55.08881378173828,1
The adult doesn't hide those malls.,The adult doesn't hide those mall.,morphology,determiner_noun_agreement,determiner_noun_agreement_1,True,True,False,True,25,-48.522300720214844,-48.83458709716797,1
Samuel criticizes that art gallery.,Samuel criticizes that art galleries.,morphology,determiner_noun_agreement,determiner_noun_agreement_1,True,True,False,True,26,-52.28009033203125,-52.393577575683594,1
A teacher annoyed those senators.,A teacher annoyed those senator.,morphology,determiner_noun_agreement,determiner_noun_agreement_1,True,True,False,True,27,-47.445518493652344,-46.53586959838867,0
A teacher talked to that customer.,A teacher talked to that customers.,morphology,determiner_noun_agreement,determiner_noun_agreement_1,True,True,False,True,28,-40.01924133300781,-41.05279541015625,1
Mark discovered this face.,Mark discovered this faces.,morphology,determiner_noun_agreement,determiner_noun_agreement_1,True,True,False,True,29,-34.21638488769531,-37.761207580566406,1
Carmen toured these restaurants.,Carmen toured these restaurant.,morphology,determiner_noun_agreement,determiner_noun_agreement_1,True,True,False,True,30,-48.63291931152344,-49.43314743041992,1
Eva toured this school.,Eva toured this schools.,morphology,determiner_noun_agreement,determiner_noun_agreement_1,True,True,False,True,31,-38.88880157470703,-44.41693115234375,1
Travis would tour that hospital.,Travis would tour that hospitals.,morphology,determiner_noun_agreement,determiner_noun_agreement_1,True,True,False,True,32,-49.32120895385742,-53.19013977050781,1
Some stories aggravated those libraries.,Some stories aggravated those library.,morphology,determiner_noun_agreement,determiner_noun_agreement_1,True,True,False,True,33,-51.99205780029297,-50.89892578125,0
These cashiers hate that guest.,These cashiers hate that guests.,morphology,determiner_noun_agreement,determiner_noun_agreement_1,True,True,False,True,34,-49.648468017578125,-51.208251953125,1
Heather messed up this dish.,Heather messed up this dishs.,morphology,determiner_noun_agreement,determiner_noun_agreement_1,True,True,False,True,35,-41.383365631103516,-46.48245620727539,1
Alan listened to these guests.,Alan listened to these guest.,morphology,determiner_noun_agreement,determiner_noun_agreement_1,True,True,False,True,36,-36.3707389831543,-40.15798568725586,1
Most children examine this pamphlet.,Most children examine this pamphlets.,morphology,determiner_noun_agreement,determiner_noun_agreement_1,True,True,False,True,37,-44.388572692871094,-49.75369644165039,1
Stacey will know these patients.,Stacey will know these patient.,morphology,determiner_noun_agreement,determiner_noun_agreement_1,True,True,False,True,38,-45.284358978271484,-46.15891647338867,1
Jessica sold this rabbit.,Jessica sold this rabbits.,morphology,determiner_noun_agreement,determiner_noun_agreement_1,True,True,False,True,39,-37.20449447631836,-41.08681869506836,1
Daniel couldn't hate those cashiers.,Daniel couldn't hate those cashier.,morphology,determiner_noun_agreement,determiner_noun_agreement_1,True,True,False,True,40,-49.67155456542969,-46.03448486328125,0
Those ladies kiss those adults.,Those ladies kiss those adult.,morphology,determiner_noun_agreement,determiner_noun_agreement_1,True,True,False,True,41,-41.134521484375,-44.22938537597656,1
Diane works with these waiters.,Diane works with these waiter.,morphology,determiner_noun_agreement,determiner_noun_agreement_1,True,True,False,True,42,-51.640628814697266,-43.69564437866211,0
Most women conceal that blouse.,Most women conceal that blouses.,morphology,determiner_noun_agreement,determiner_noun_agreement_1,True,True,False,True,43,-50.149024963378906,-52.55806350708008,1
Senators can't disagree with that newspaper article.,Senators can't disagree with that newspaper articles.,morphology,determiner_noun_agreement,determiner_noun_agreement_1,True,True,False,True,44,-68.89244079589844,-67.20994567871094,0
Jane has concealed this book.,Jane has concealed this books.,morphology,determiner_noun_agreement,determiner_noun_agreement_1,True,True,False,True,45,-39.03041076660156,-43.79179000854492,1
Marla took this pamphlet.,Marla took this pamphlets.,morphology,determiner_noun_agreement,determiner_noun_agreement_1,True,True,False,True,46,-41.405052185058594,-43.604339599609375,1
The skirt wasn't annoying those dancers.,The skirt wasn't annoying those dancer.,morphology,determiner_noun_agreement,determiner_noun_agreement_1,True,True,False,True,47,-50.575050354003906,-52.25611877441406,1
Most guys conceal this driver.,Most guys conceal this drivers.,morphology,determiner_noun_agreement,determiner_noun_agreement_1,True,True,False,True,48,-47.54515075683594,-49.11808776855469,1
David wasn't lifting those hats.,David wasn't lifting those hat.,morphology,determiner_noun_agreement,determiner_noun_agreement_1,True,True,False,True,49,-42.56598663330078,-44.14350891113281,1
The dancers are driving to those art galleries.,The dancers are driving to those art gallery.,morphology,determiner_noun_agreement,determiner_noun_agreement_1,True,True,False,True,50,-52.44926452636719,-52.13868713378906,0
Tracy might cure those patients.,Tracy might cure those patient.,morphology,determiner_noun_agreement,determiner_noun_agreement_1,True,True,False,True,51,-48.116432189941406,-49.340721130371094,1
Heather cleans that print.,Heather cleans that prints.,morphology,determiner_noun_agreement,determiner_noun_agreement_1,True,True,False,True,52,-45.0770263671875,-45.07113265991211,0
Rose won't reference these movies.,Rose won't reference these movie.,morphology,determiner_noun_agreement,determiner_noun_agreement_1,True,True,False,True,53,-47.17704391479492,-49.288307189941406,1
Many reports irritate these senators.,Many reports irritate these senator.,morphology,determiner_noun_agreement,determiner_noun_agreement_1,True,True,False,True,54,-51.04230499267578,-52.81050109863281,1
Dan couldn't walk through this public park.,Dan couldn't walk through this public parks.,morphology,determiner_noun_agreement,determiner_noun_agreement_1,True,True,False,True,55,-49.95550537109375,-53.879615783691406,1
Rose hated this girl.,Rose hated this girls.,morphology,determiner_noun_agreement,determiner_noun_agreement_1,True,True,False,True,56,-30.57427215576172,-34.35008239746094,1
Melinda hires that teacher.,Melinda hires that teachers.,morphology,determiner_noun_agreement,determiner_noun_agreement_1,True,True,False,True,57,-46.86262512207031,-49.792686462402344,1
Joseph healed these customers.,Joseph healed these customer.,morphology,determiner_noun_agreement,determiner_noun_agreement_1,True,True,False,True,58,-43.4503173828125,-46.00345230102539,1
A door doesn't distract those students.,A door doesn't distract those student.,morphology,determiner_noun_agreement,determiner_noun_agreement_1,True,True,False,True,59,-49.12712097167969,-51.4648551940918,1
Theodore skated around that art gallery.,Theodore skated around that art galleries.,morphology,determiner_noun_agreement,determiner_noun_agreement_1,True,True,False,True,60,-56.53696060180664,-57.759037017822266,1
These tomatoes shock these dancers.,These tomatoes shock these dancer.,morphology,determiner_noun_agreement,determiner_noun_agreement_1,True,True,False,True,61,-50.42451095581055,-54.18389129638672,1
Guys observe these children.,Guys observe these child.,morphology,determiner_noun_agreement,determiner_noun_agreement_1,True,True,False,True,62,-35.16802215576172,-39.100791931152344,1
Some guests flee from those dancers.,Some guests flee from those dancer.,morphology,determiner_noun_agreement,determiner_noun_agreement_1,True,True,False,True,63,-46.81056594848633,-51.89421844482422,1
Linda isn't embarrassing these waitresses.,Linda isn't embarrassing these waitress.,morphology,determiner_noun_agreement,determiner_noun_agreement_1,True,True,False,True,64,-59.76226043701172,-51.51191711425781,0
Walter hides these dancers.,Walter hides these dancer.,morphology,determiner_noun_agreement,determiner_noun_agreement_1,True,True,False,True,65,-37.718936920166016,-42.14369201660156,1
Sharon investigated those waiters.,Sharon investigated those waiter.,morphology,determiner_noun_agreement,determiner_noun_agreement_1,True,True,False,True,66,-54.85206604003906,-47.43035888671875,0
Bradley should explore this high school.,Bradley should explore this high schools.,morphology,determiner_noun_agreement,determiner_noun_agreement_1,True,True,False,True,67,-44.656402587890625,-49.79015350341797,1
Tanya wears these socks.,Tanya wears these sock.,morphology,determiner_noun_agreement,determiner_noun_agreement_1,True,True,False,True,68,-39.99131774902344,-44.007652282714844,1
That cat had bored those ladies.,That cat had bored those lady.,morphology,determiner_noun_agreement,determiner_noun_agreement_1,True,True,False,True,69,-47.81684875488281,-48.4051513671875,1
Stephen had cleaned this bank.,Stephen had cleaned this banks.,morphology,determiner_noun_agreement,determiner_noun_agreement_1,True,True,False,True,70,-39.6191291809082,-45.044559478759766,1
Waiters have left that driver.,Waiters have left that drivers.,morphology,determiner_noun_agreement,determiner_noun_agreement_1,True,True,False,True,71,-47.81614685058594,-52.50190734863281,1
Heather wasn't criticizing these teachers.,Heather wasn't criticizing these teacher.,morphology,determiner_noun_agreement,determiner_noun_agreement_1,True,True,False,True,72,-52.373939514160156,-52.00764465332031,0
Brian wasn't concealing those cafes.,Brian wasn't concealing those cafe.,morphology,determiner_noun_agreement,determiner_noun_agreement_1,True,True,False,True,73,-54.17242431640625,-51.53998947143555,0
Some trucks weren't boring that cashier.,Some trucks weren't boring that cashiers.,morphology,determiner_noun_agreement,determiner_noun_agreement_1,True,True,False,True,74,-57.44413757324219,-61.63145446777344,1
Many eggplants aren't scaring this teacher.,Many eggplants aren't scaring this teachers.,morphology,determiner_noun_agreement,determiner_noun_agreement_1,True,True,False,True,75,-71.82056427001953,-74.40956115722656,1
Children aren't boring this lady.,Children aren't boring this ladies.,morphology,determiner_noun_agreement,determiner_noun_agreement_1,True,True,False,True,76,-45.22629928588867,-48.07568359375,1
Karla hadn't brought these pictures.,Karla hadn't brought these picture.,morphology,determiner_noun_agreement,determiner_noun_agreement_1,True,True,False,True,77,-49.94447326660156,-53.776275634765625,1
Janice hasn't cared for that waitress.,Janice hasn't cared for that waitresses.,morphology,determiner_noun_agreement,determiner_noun_agreement_1,True,True,False,True,78,-53.72031784057617,-61.3975830078125,1
A lot of doctors exit those art galleries.,A lot of doctors exit those art gallery.,morphology,determiner_noun_agreement,determiner_noun_agreement_1,True,True,False,True,79,-58.067291259765625,-56.576171875,0
Thomas should hug this waiter.,Thomas should hug this waiters.,morphology,determiner_noun_agreement,determiner_noun_agreement_1,True,True,False,True,80,-48.505332946777344,-57.77106475830078,1
Candice hasn't attacked that boy.,Candice hasn't attacked that boys.,morphology,determiner_noun_agreement,determiner_noun_agreement_1,True,True,False,True,81,-46.318077087402344,-49.796878814697266,1
Katherine wasn't taking that public park.,Katherine wasn't taking that public parks.,morphology,determiner_noun_agreement,determiner_noun_agreement_1,True,True,False,True,82,-50.04454040527344,-52.815711975097656,1
The Clintons watch those drivers.,The Clintons watch those driver.,morphology,determiner_noun_agreement,determiner_noun_agreement_1,True,True,False,True,83,-51.08454132080078,-51.9979133605957,1
Amelia loves this waiter.,Amelia loves this waiters.,morphology,determiner_noun_agreement,determiner_noun_agreement_1,True,True,False,True,84,-42.89049530029297,-52.360591888427734,1
Caroline hasn't known this boy.,Caroline hasn't known this boys.,morphology,determiner_noun_agreement,determiner_noun_agreement_1,True,True,False,True,85,-40.2032470703125,-44.466026306152344,1
Sheila isn't passing that cafe.,Sheila isn't passing that cafes.,morphology,determiner_noun_agreement,determiner_noun_agreement_1,True,True,False,True,86,-45.23162078857422,-50.2349853515625,1
Claire had cleaned that picture.,Claire had cleaned that pictures.,morphology,determiner_noun_agreement,determiner_noun_agreement_1,True,True,False,True,87,-40.725196838378906,-42.647254943847656,1
The people exit these movie theaters.,The people exit these movie theater.,morphology,determiner_noun_agreement,determiner_noun_agreement_1,True,True,False,True,88,-53.96784210205078,-51.95742416381836,0
Bruce won't mess up that restaurant.,Bruce won't mess up that restaurants.,morphology,determiner_noun_agreement,determiner_noun_agreement_1,True,True,False,True,89,-45.0831413269043,-50.67356872558594,1
Margaret hasn't bought that blouse.,Margaret hasn't bought that blouses.,morphology,determiner_noun_agreement,determiner_noun_agreement_1,True,True,False,True,90,-44.471378326416016,-48.60877990722656,1
Some waitresses remember that driver.,Some waitresses remember that drivers.,morphology,determiner_noun_agreement,determiner_noun_agreement_1,True,True,False,True,91,-54.33637237548828,-56.70747756958008,1
Timothy loved this boy.,Timothy loved this boys.,morphology,determiner_noun_agreement,determiner_noun_agreement_1,True,True,False,True,92,-33.99235153198242,-38.91475296020508,1
A lot of adults help that guy.,A lot of adults help that guys.,morphology,determiner_noun_agreement,determiner_noun_agreement_1,True,True,False,True,93,-42.32940673828125,-42.379676818847656,1
Steven has broken that cup.,Steven has broken that cups.,morphology,determiner_noun_agreement,determiner_noun_agreement_1,True,True,False,True,94,-37.38102722167969,-39.88513946533203,1
Patricia loved those cashiers.,Patricia loved those cashier.,morphology,determiner_noun_agreement,determiner_noun_agreement_1,True,True,False,True,95,-46.765560150146484,-43.77641296386719,0
Many drivers fix that glass.,Many drivers fix that glasses.,morphology,determiner_noun_agreement,determiner_noun_agreement_1,True,True,False,True,96,-47.430198669433594,-48.48741912841797,1
A lot of cashiers mess up that library.,A lot of cashiers mess up that libraries.,morphology,determiner_noun_agreement,determiner_noun_agreement_1,True,True,False,True,97,-56.14972686767578,-58.513832092285156,1
Waitresses drive to that school.,Waitresses drive to that schools.,morphology,determiner_noun_agreement,determiner_noun_agreement_1,True,True,False,True,98,-44.746063232421875,-50.12822341918945,1
Roger should sound like that waitress.,Roger should sound like that waitresses.,morphology,determiner_noun_agreement,determiner_noun_agreement_1,True,True,False,True,99,-48.11547088623047,-53.38058853149414,1
The Impressionists do listen to this waitress.,The Impressionists do listen to this waitresses.,morphology,determiner_noun_agreement,determiner_noun_agreement_1,True,True,False,True,100,-55.750091552734375,-61.71991729736328,1
Theresa bought this drawing.,Theresa bought this drawings.,morphology,determiner_noun_agreement,determiner_noun_agreement_1,True,True,False,True,101,-36.58711242675781,-37.31612014770508,1
The Impressionists walk through this cafe.,The Impressionists walk through this cafes.,morphology,determiner_noun_agreement,determiner_noun_agreement_1,True,True,False,True,102,-51.856910705566406,-56.48545837402344,1
Thomas can boycott these committees.,Thomas can boycott these committee.,morphology,determiner_noun_agreement,determiner_noun_agreement_1,True,True,False,True,103,-49.65202713012695,-50.03227996826172,1
Alan had boasted about those girls.,Alan had boasted about those girl.,morphology,determiner_noun_agreement,determiner_noun_agreement_1,True,True,False,True,104,-44.63990783691406,-48.886600494384766,1
Sally isn't escaping from these boys.,Sally isn't escaping from these boy.,morphology,determiner_noun_agreement,determiner_noun_agreement_1,True,True,False,True,105,-48.57300567626953,-51.37683868408203,1
Jesus can run around this high school.,Jesus can run around this high schools.,morphology,determiner_noun_agreement,determiner_noun_agreement_1,True,True,False,True,106,-42.75086975097656,-46.788818359375,1
Amy wasn't confusing those companies.,Amy wasn't confusing those company.,morphology,determiner_noun_agreement,determiner_noun_agreement_1,True,True,False,True,107,-45.57350540161133,-46.64426803588867,1
Tanya boycotts that university.,Tanya boycotts that universities.,morphology,determiner_noun_agreement,determiner_noun_agreement_1,True,True,False,True,108,-51.91209411621094,-51.096290588378906,0
Roger ran around this school.,Roger ran around this schools.,morphology,determiner_noun_agreement,determiner_noun_agreement_1,True,True,False,True,109,-35.29827117919922,-41.367279052734375,1
These teachers escape from those restaurants.,These teachers escape from those restaurant.,morphology,determiner_noun_agreement,determiner_noun_agreement_1,True,True,False,True,110,-45.33289337158203,-46.99818420410156,1
Maria was talking to this guest.,Maria was talking to this guests.,morphology,determiner_noun_agreement,determiner_noun_agreement_1,True,True,False,True,111,-40.01671600341797,-41.974571228027344,1
Rachel has hugged those boys.,Rachel has hugged those boy.,morphology,determiner_noun_agreement,determiner_noun_agreement_1,True,True,False,True,112,-43.986534118652344,-45.61946487426758,1
The students fire this patient.,The students fire this patients.,morphology,determiner_noun_agreement,determiner_noun_agreement_1,True,True,False,True,113,-40.862525939941406,-43.05931091308594,1
Jennifer helped those guests.,Jennifer helped those guest.,morphology,determiner_noun_agreement,determiner_noun_agreement_1,True,True,False,True,114,-39.215057373046875,-41.18903732299805,1
Some plays disgust this legislature.,Some plays disgust this legislatures.,morphology,determiner_noun_agreement,determiner_noun_agreement_1,True,True,False,True,115,-53.849998474121094,-57.43597412109375,1
Jerry had hidden these cups.,Jerry had hidden these cup.,morphology,determiner_noun_agreement,determiner_noun_agreement_1,True,True,False,True,116,-40.996639251708984,-43.7095947265625,1
Martin has concealed this boy.,Martin has concealed this boys.,morphology,determiner_noun_agreement,determiner_noun_agreement_1,True,True,False,True,117,-39.917236328125,-43.983978271484375,1
That person hadn't bothered those girls.,That person hadn't bothered those girl.,morphology,determiner_noun_agreement,determiner_noun_agreement_1,True,True,False,True,118,-42.127540588378906,-44.45378875732422,1
Carla has hired those patients.,Carla has hired those patient.,morphology,determiner_noun_agreement,determiner_noun_agreement_1,True,True,False,True,119,-44.242427825927734,-43.809967041015625,0
Noah talks about this doctor.,Noah talks about this doctors.,morphology,determiner_noun_agreement,determiner_noun_agreement_1,True,True,False,True,120,-43.20656204223633,-46.59784698486328,1
Rachel ran around those high schools.,Rachel ran around those high school.,morphology,determiner_noun_agreement,determiner_noun_agreement_1,True,True,False,True,121,-45.53246307373047,-43.24245071411133,0
All waiters run around these malls.,All waiters run around these mall.,morphology,determiner_noun_agreement,determiner_noun_agreement_1,True,True,False,True,122,-57.47034454345703,-56.446685791015625,0
All students didn't buy these schools.,All students didn't buy these school.,morphology,determiner_noun_agreement,determiner_noun_agreement_1,True,True,False,True,123,-41.96019744873047,-43.123897552490234,1
Patricia bikes to those malls.,Patricia bikes to those mall.,morphology,determiner_noun_agreement,determiner_noun_agreement_1,True,True,False,True,124,-51.027286529541016,-50.959774017333984,0
Vanessa hadn't taken those grocery stores.,Vanessa hadn't taken those grocery store.,morphology,determiner_noun_agreement,determiner_noun_agreement_1,True,True,False,True,125,-52.79473876953125,-48.300777435302734,0
Bethany walked through this school.,Bethany walked through this schools.,morphology,determiner_noun_agreement,determiner_noun_agreement_1,True,True,False,True,126,-48.876007080078125,-54.36516189575195,1
Patricia had argued about those children.,Patricia had argued about those child.,morphology,determiner_noun_agreement,determiner_noun_agreement_1,True,True,False,True,127,-46.48127746582031,-50.1252326965332,1
Julie did flee from this waitress.,Julie did flee from this waitresses.,morphology,determiner_noun_agreement,determiner_noun_agreement_1,True,True,False,True,128,-51.76783752441406,-58.25054931640625,1
Melinda fired this customer.,Melinda fired this customers.,morphology,determiner_noun_agreement,determiner_noun_agreement_1,True,True,False,True,129,-45.704933166503906,-47.708229064941406,1
The Borgias are biking to these college campuses.,The Borgias are biking to these college campus.,morphology,determiner_noun_agreement,determiner_noun_agreement_1,True,True,False,True,130,-76.6729965209961,-76.95911407470703,1
Marcus will watch that dancer.,Marcus will watch that dancers.,morphology,determiner_noun_agreement,determiner_noun_agreement_1,True,True,False,True,131,-41.74509811401367,-41.163333892822266,0
These waitresses aggravate those guests.,These waitresses aggravate those guest.,morphology,determiner_noun_agreement,determiner_noun_agreement_1,True,True,False,True,132,-60.91734313964844,-61.28900909423828,1
Those teachers sell this shoe.,Those teachers sell this shoes.,morphology,determiner_noun_agreement,determiner_noun_agreement_1,True,True,False,True,133,-43.981388092041016,-41.374027252197266,0
Mark isn't worrying those libraries.,Mark isn't worrying those library.,morphology,determiner_noun_agreement,determiner_noun_agreement_1,True,True,False,True,134,-47.5206298828125,-46.64680099487305,0
Elaine didn't visit that restaurant.,Elaine didn't visit that restaurants.,morphology,determiner_noun_agreement,determiner_noun_agreement_1,True,True,False,True,135,-43.93104553222656,-49.07793426513672,1
Veronica is hugging those boys.,Veronica is hugging those boy.,morphology,determiner_noun_agreement,determiner_noun_agreement_1,True,True,False,True,136,-45.68888473510742,-48.06540298461914,1
Kayla has passed these art galleries.,Kayla has passed these art gallery.,morphology,determiner_noun_agreement,determiner_noun_agreement_1,True,True,False,True,137,-57.157928466796875,-56.26862335205078,0
Janet hasn't attacked these customers.,Janet hasn't attacked these customer.,morphology,determiner_noun_agreement,determiner_noun_agreement_1,True,True,False,True,138,-48.459571838378906,-51.108734130859375,1
The children investigate that waiter.,The children investigate that waiters.,morphology,determiner_noun_agreement,determiner_noun_agreement_1,True,True,False,True,139,-40.45056915283203,-45.12460708618164,1
Margaret has discussed those boys.,Margaret has discussed those boy.,morphology,determiner_noun_agreement,determiner_noun_agreement_1,True,True,False,True,140,-39.520408630371094,-42.82973098754883,1
These hamsters irritated this doctor.,These hamsters irritated this doctors.,morphology,determiner_noun_agreement,determiner_noun_agreement_1,True,True,False,True,141,-56.69627380371094,-57.53211212158203,1
Some banks annoy these doctors.,Some banks annoy these doctor.,morphology,determiner_noun_agreement,determiner_noun_agreement_1,True,True,False,True,142,-47.986000061035156,-50.061893463134766,1
Leslie was firing these adults.,Leslie was firing these adult.,morphology,determiner_noun_agreement,determiner_noun_agreement_1,True,True,False,True,143,-48.45978927612305,-49.04112243652344,1
Teenagers disagreed with that student.,Teenagers disagreed with that students.,morphology,determiner_noun_agreement,determiner_noun_agreement_1,True,True,False,True,144,-48.835838317871094,-47.46791076660156,0
Rachelle had bought that chair.,Rachelle had bought that chairs.,morphology,determiner_noun_agreement,determiner_noun_agreement_1,True,True,False,True,145,-48.64818572998047,-51.850101470947266,1
Some doctor is breaking those couches.,Some doctor is breaking those couch.,morphology,determiner_noun_agreement,determiner_noun_agreement_1,True,True,False,True,146,-49.1396369934082,-47.8250846862793,0
Larry disturbed this waitress.,Larry disturbed this waitresses.,morphology,determiner_noun_agreement,determiner_noun_agreement_1,True,True,False,True,147,-45.067054748535156,-52.54972839355469,1
Julie leaves that cafe.,Julie leaves that cafes.,morphology,determiner_noun_agreement,determiner_noun_agreement_1,True,True,False,True,148,-38.8118896484375,-44.28722381591797,1
Carolyn conceals this boy.,Carolyn conceals this boys.,morphology,determiner_noun_agreement,determiner_noun_agreement_1,True,True,False,True,149,-48.25967025756836,-52.45121765136719,1
Every waiter hasn't driven to that high school.,Every waiter hasn't driven to that high schools.,morphology,determiner_noun_agreement,determiner_noun_agreement_1,True,True,False,True,150,-55.45915222167969,-59.9339485168457,1
Those ladies exit these schools.,Those ladies exit these school.,morphology,determiner_noun_agreement,determiner_noun_agreement_1,True,True,False,True,151,-45.462562561035156,-46.531227111816406,1
Valerie hadn't annoyed this customer.,Valerie hadn't annoyed this customers.,morphology,determiner_noun_agreement,determiner_noun_agreement_1,True,True,False,True,152,-54.40092849731445,-56.60354995727539,1
Marla hadn't forgotten this cashier.,Marla hadn't forgotten this cashiers.,morphology,determiner_noun_agreement,determiner_noun_agreement_1,True,True,False,True,153,-52.29597473144531,-57.408203125,1
Amanda explored those high schools.,Amanda explored those high school.,morphology,determiner_noun_agreement,determiner_noun_agreement_1,True,True,False,True,154,-47.20528793334961,-45.80714797973633,0
Mitchell has investigated this school.,Mitchell has investigated this schools.,morphology,determiner_noun_agreement,determiner_noun_agreement_1,True,True,False,True,155,-40.26735305786133,-44.17959213256836,1
A commentary has stunned these libraries.,A commentary has stunned these library.,morphology,determiner_noun_agreement,determiner_noun_agreement_1,True,True,False,True,156,-52.34040069580078,-52.48125076293945,1
Catherine scanned those books.,Catherine scanned those book.,morphology,determiner_noun_agreement,determiner_noun_agreement_1,True,True,False,True,157,-40.544227600097656,-43.56813049316406,1
Many planes look like that photograph.,Many planes look like that photographs.,morphology,determiner_noun_agreement,determiner_noun_agreement_1,True,True,False,True,158,-45.487945556640625,-45.28908157348633,0
The women break that plate.,The women break that plates.,morphology,determiner_noun_agreement,determiner_noun_agreement_1,True,True,False,True,159,-37.47105407714844,-39.41883087158203,1
Jesus does worry those dancers.,Jesus does worry those dancer.,morphology,determiner_noun_agreement,determiner_noun_agreement_1,True,True,False,True,160,-46.68751907348633,-47.8682746887207,1
Most companies forget these actors.,Most companies forget these actor.,morphology,determiner_noun_agreement,determiner_noun_agreement_1,True,True,False,True,161,-42.16351318359375,-46.080223083496094,1
Stephanie wasn't talking to that teenager.,Stephanie wasn't talking to that teenagers.,morphology,determiner_noun_agreement,determiner_noun_agreement_1,True,True,False,True,162,-48.02960205078125,-51.93280792236328,1
Every lady did hate these brochures.,Every lady did hate these brochure.,morphology,determiner_noun_agreement,determiner_noun_agreement_1,True,True,False,True,163,-55.04341125488281,-52.4603271484375,0
Sabrina resembles this sketch.,Sabrina resembles this sketches.,morphology,determiner_noun_agreement,determiner_noun_agreement_1,True,True,False,True,164,-45.09575653076172,-48.65221405029297,1
Julia might conceal this actress.,Julia might conceal this actresses.,morphology,determiner_noun_agreement,determiner_noun_agreement_1,True,True,False,True,165,-46.88694763183594,-51.48452377319336,1
Benjamin isn't praising these cashiers.,Benjamin isn't praising these cashier.,morphology,determiner_noun_agreement,determiner_noun_agreement_1,True,True,False,True,166,-54.448272705078125,-50.54383087158203,0
Some boys notice this skirt.,Some boys notice this skirts.,morphology,determiner_noun_agreement,determiner_noun_agreement_1,True,True,False,True,167,-40.62223815917969,-42.78174591064453,1
Some documentaries confused those dancers.,Some documentaries confused those dancer.,morphology,determiner_noun_agreement,determiner_noun_agreement_1,True,True,False,True,168,-48.64681625366211,-51.71699142456055,1
Travis approached this doctor.,Travis approached this doctors.,morphology,determiner_noun_agreement,determiner_noun_agreement_1,True,True,False,True,169,-42.02906799316406,-45.14155578613281,1
Donna does scan those newspaper articles.,Donna does scan those newspaper article.,morphology,determiner_noun_agreement,determiner_noun_agreement_1,True,True,False,True,170,-60.894287109375,-61.78715896606445,1
Sheila hasn't forgotten that dancer.,Sheila hasn't forgotten that dancers.,morphology,determiner_noun_agreement,determiner_noun_agreement_1,True,True,False,True,171,-42.529293060302734,-43.90865707397461,1
The Lutherans criticize this restaurant.,The Lutherans criticize this restaurants.,morphology,determiner_noun_agreement,determiner_noun_agreement_1,True,True,False,True,172,-60.51665115356445,-62.12840270996094,1
Many doctors might visit those restaurants.,Many doctors might visit those restaurant.,morphology,determiner_noun_agreement,determiner_noun_agreement_1,True,True,False,True,173,-49.01149368286133,-50.046417236328125,1
Teresa has irritated those boys.,Teresa has irritated those boy.,morphology,determiner_noun_agreement,determiner_noun_agreement_1,True,True,False,True,174,-50.18630599975586,-52.317893981933594,1
Becky had seen those gloves.,Becky had seen those glove.,morphology,determiner_noun_agreement,determiner_noun_agreement_1,True,True,False,True,175,-37.840576171875,-41.47447204589844,1
Veronica might cure these actors.,Veronica might cure these actor.,morphology,determiner_noun_agreement,determiner_noun_agreement_1,True,True,False,True,176,-48.091331481933594,-51.46422576904297,1
Florence is referencing those teachers.,Florence is referencing those teacher.,morphology,determiner_noun_agreement,determiner_noun_agreement_1,True,True,False,True,177,-58.522315979003906,-58.63703536987305,1
Larry hugged that teacher.,Larry hugged that teachers.,morphology,determiner_noun_agreement,determiner_noun_agreement_1,True,True,False,True,178,-39.903724670410156,-44.27513885498047,1
Julie has boasted about these reports.,Julie has boasted about these report.,morphology,determiner_noun_agreement,determiner_noun_agreement_1,True,True,False,True,179,-45.84721755981445,-50.38134765625,1
All schools talk to those actors.,All schools talk to those actor.,morphology,determiner_noun_agreement,determiner_noun_agreement_1,True,True,False,True,180,-43.387062072753906,-47.34178924560547,1
The pedestrians could praise that pamphlet.,The pedestrians could praise that pamphlets.,morphology,determiner_noun_agreement,determiner_noun_agreement_1,True,True,False,True,181,-57.010921478271484,-59.190574645996094,1
Jane wouldn't clean that dog.,Jane wouldn't clean that dogs.,morphology,determiner_noun_agreement,determiner_noun_agreement_1,True,True,False,True,182,-39.85875701904297,-43.82756805419922,1
That student remembered that play.,That student remembered that plays.,morphology,determiner_noun_agreement,determiner_noun_agreement_1,True,True,False,True,183,-39.76313781738281,-40.95199966430664,1
All teenagers cure that patient.,All teenagers cure that patients.,morphology,determiner_noun_agreement,determiner_noun_agreement_1,True,True,False,True,184,-50.00261306762695,-49.029354095458984,0
Prints have looked like those dogs.,Prints have looked like those dog.,morphology,determiner_noun_agreement,determiner_noun_agreement_1,True,True,False,True,185,-46.76312255859375,-49.23760986328125,1
Lori wasn't selling these shirts.,Lori wasn't selling these shirt.,morphology,determiner_noun_agreement,determiner_noun_agreement_1,True,True,False,True,186,-46.91831970214844,-48.577754974365234,1
This woman sees these eyes.,This woman sees these eye.,morphology,determiner_noun_agreement,determiner_noun_agreement_1,True,True,False,True,187,-31.73685073852539,-34.7571907043457,1
April is observing that adult.,April is observing that adults.,morphology,determiner_noun_agreement,determiner_noun_agreement_1,True,True,False,True,188,-45.30941390991211,-41.88054656982422,0
Bradley cleaned that glass.,Bradley cleaned that glasses.,morphology,determiner_noun_agreement,determiner_noun_agreement_1,True,True,False,True,189,-38.670204162597656,-41.37736511230469,1
Every scarf astounds these actors.,Every scarf astounds these actor.,morphology,determiner_noun_agreement,determiner_noun_agreement_1,True,True,False,True,190,-66.22334289550781,-69.25526428222656,1
Todd wasn't concealing those doctors.,Todd wasn't concealing those doctor.,morphology,determiner_noun_agreement,determiner_noun_agreement_1,True,True,False,True,191,-51.24034881591797,-50.86566162109375,0
Christina should drive to that museum.,Christina should drive to that museums.,morphology,determiner_noun_agreement,determiner_noun_agreement_1,True,True,False,True,192,-48.78742218017578,-52.491180419921875,1
Eric wasn't returning to those boys.,Eric wasn't returning to those boy.,morphology,determiner_noun_agreement,determiner_noun_agreement_1,True,True,False,True,193,-44.01130676269531,-46.70244598388672,1
Kendra does hide this rug.,Kendra does hide this rugs.,morphology,determiner_noun_agreement,determiner_noun_agreement_1,True,True,False,True,194,-50.552146911621094,-54.58619689941406,1
These tomatoes irritate those committees.,These tomatoes irritate those committee.,morphology,determiner_noun_agreement,determiner_noun_agreement_1,True,True,False,True,195,-56.33563232421875,-56.38975524902344,1
Matt conceals this actress.,Matt conceals this actresses.,morphology,determiner_noun_agreement,determiner_noun_agreement_1,True,True,False,True,196,-46.33757781982422,-51.661380767822266,1
Larry doesn't hate that play.,Larry doesn't hate that plays.,morphology,determiner_noun_agreement,determiner_noun_agreement_1,True,True,False,True,197,-39.9322624206543,-42.26322937011719,1
This driver wasn't breaking these dishes.,This driver wasn't breaking these dish.,morphology,determiner_noun_agreement,determiner_noun_agreement_1,True,True,False,True,198,-47.33727264404297,-49.585872650146484,1
Many doctors bike to these malls.,Many doctors bike to these mall.,morphology,determiner_noun_agreement,determiner_noun_agreement_1,True,True,False,True,199,-59.00587463378906,-57.57628631591797,0
Monet has these birds.,Monet has these bird.,morphology,determiner_noun_agreement,determiner_noun_agreement_1,True,True,False,True,200,-40.343772888183594,-43.54493713378906,1
The pasta hadn't astounded this library.,The pasta hadn't astounded this libraries.,morphology,determiner_noun_agreement,determiner_noun_agreement_1,True,True,False,True,201,-59.69893264770508,-62.60271072387695,1
Thomas wouldn't watch those boys.,Thomas wouldn't watch those boy.,morphology,determiner_noun_agreement,determiner_noun_agreement_1,True,True,False,True,202,-38.921607971191406,-41.269920349121094,1
Those dancers wear that shoe.,Those dancers wear that shoes.,morphology,determiner_noun_agreement,determiner_noun_agreement_1,True,True,False,True,203,-41.11212158203125,-39.179317474365234,0
Some convertible hasn't hurt these guests.,Some convertible hasn't hurt these guest.,morphology,determiner_noun_agreement,determiner_noun_agreement_1,True,True,False,True,204,-57.7645149230957,-57.481101989746094,0
Carla didn't fix these chairs.,Carla didn't fix these chair.,morphology,determiner_noun_agreement,determiner_noun_agreement_1,True,True,False,True,205,-45.86457824707031,-47.648319244384766,1
Randolf conceals that bird.,Randolf conceals that birds.,morphology,determiner_noun_agreement,determiner_noun_agreement_1,True,True,False,True,206,-55.376258850097656,-58.61405563354492,1
A lot of waiters haven't appreciated these children.,A lot of waiters haven't appreciated these child.,morphology,determiner_noun_agreement,determiner_noun_agreement_1,True,True,False,True,207,-60.417816162109375,-62.87322235107422,1
A lot of drivers return to those restaurants.,A lot of drivers return to those restaurant.,morphology,determiner_noun_agreement,determiner_noun_agreement_1,True,True,False,True,208,-47.184078216552734,-48.7094612121582,1
Margaret saw those senators.,Margaret saw those senator.,morphology,determiner_noun_agreement,determiner_noun_agreement_1,True,True,False,True,209,-41.650150299072266,-41.06101989746094,0
Catherine bought these hamsters.,Catherine bought these hamster.,morphology,determiner_noun_agreement,determiner_noun_agreement_1,True,True,False,True,210,-40.49296569824219,-39.55448532104492,0
Laura heals that patient.,Laura heals that patients.,morphology,determiner_noun_agreement,determiner_noun_agreement_1,True,True,False,True,211,-46.76020050048828,-49.29759216308594,1
Many screens disturb that lady.,Many screens disturb that ladies.,morphology,determiner_noun_agreement,determiner_noun_agreement_1,True,True,False,True,212,-54.00001525878906,-53.95452117919922,0
Stacy had referenced those plays.,Stacy had referenced those play.,morphology,determiner_noun_agreement,determiner_noun_agreement_1,True,True,False,True,213,-54.52408981323242,-55.13045120239258,1
Those actresses aren't escaping from these drivers.,Those actresses aren't escaping from these driver.,morphology,determiner_noun_agreement,determiner_noun_agreement_1,True,True,False,True,214,-55.759727478027344,-58.108890533447266,1
Samuel visits those adults.,Samuel visits those adult.,morphology,determiner_noun_agreement,determiner_noun_agreement_1,True,True,False,True,215,-41.7325325012207,-43.256309509277344,1
Brett complains about this story.,Brett complains about this stories.,morphology,determiner_noun_agreement,determiner_noun_agreement_1,True,True,False,True,216,-39.24269485473633,-44.143455505371094,1
Florence doesn't heal these guests.,Florence doesn't heal these guest.,morphology,determiner_noun_agreement,determiner_noun_agreement_1,True,True,False,True,217,-50.006866455078125,-51.206947326660156,1
All cashiers bother that school.,All cashiers bother that schools.,morphology,determiner_noun_agreement,determiner_noun_agreement_1,True,True,False,True,218,-53.677276611328125,-56.88793182373047,1
Erin would hug those cashiers.,Erin would hug those cashier.,morphology,determiner_noun_agreement,determiner_noun_agreement_1,True,True,False,True,219,-56.431983947753906,-52.09456253051758,0
George described this lady.,George described this ladies.,morphology,determiner_noun_agreement,determiner_noun_agreement_1,True,True,False,True,220,-33.68568420410156,-38.289794921875,1
Many adults do attack this dancer.,Many adults do attack this dancers.,morphology,determiner_noun_agreement,determiner_noun_agreement_1,True,True,False,True,221,-49.02650451660156,-47.7579460144043,0
Some customers could disturb this actor.,Some customers could disturb this actors.,morphology,determiner_noun_agreement,determiner_noun_agreement_1,True,True,False,True,222,-50.2601203918457,-51.063316345214844,1
Katherine discusses this newspaper article.,Katherine discusses this newspaper articles.,morphology,determiner_noun_agreement,determiner_noun_agreement_1,True,True,False,True,223,-56.138423919677734,-57.539188385009766,1
The organization loved these adults.,The organization loved these adult.,morphology,determiner_noun_agreement,determiner_noun_agreement_1,True,True,False,True,224,-37.90190887451172,-42.36802291870117,1
Judy hasn't biked to those malls.,Judy hasn't biked to those mall.,morphology,determiner_noun_agreement,determiner_noun_agreement_1,True,True,False,True,225,-65.3538818359375,-64.64241790771484,0
William criticizes this student.,William criticizes this students.,morphology,determiner_noun_agreement,determiner_noun_agreement_1,True,True,False,True,226,-44.07251739501953,-46.65283966064453,1
Students stuns these organizations.,Students stuns these organization.,morphology,determiner_noun_agreement,determiner_noun_agreement_1,True,True,False,True,227,-47.96468734741211,-50.31199645996094,1
Rodney had researched those hospitals.,Rodney had researched those hospital.,morphology,determiner_noun_agreement,determiner_noun_agreement_1,True,True,False,True,228,-49.956298828125,-51.712921142578125,1
Sherry hasn't talked about that mall.,Sherry hasn't talked about that malls.,morphology,determiner_noun_agreement,determiner_noun_agreement_1,True,True,False,True,229,-46.779640197753906,-49.6004638671875,1
Melissa couldn't question these committees.,Melissa couldn't question these committee.,morphology,determiner_noun_agreement,determiner_noun_agreement_1,True,True,False,True,230,-50.30574035644531,-49.80076599121094,0
All screens aren't looking like this sketch.,All screens aren't looking like this sketches.,morphology,determiner_noun_agreement,determiner_noun_agreement_1,True,True,False,True,231,-55.05548095703125,-58.20602035522461,1
Keith has complained about those waitresses.,Keith has complained about those waitress.,morphology,determiner_noun_agreement,determiner_noun_agreement_1,True,True,False,True,232,-55.4998779296875,-47.215084075927734,0
Alice does boast about this senator.,Alice does boast about this senators.,morphology,determiner_noun_agreement,determiner_noun_agreement_1,True,True,False,True,233,-52.27314758300781,-52.47626495361328,1
Many associations have this shoe.,Many associations have this shoes.,morphology,determiner_noun_agreement,determiner_noun_agreement_1,True,True,False,True,234,-45.32339859008789,-42.490386962890625,0
Jill has sold these public parks.,Jill has sold these public park.,morphology,determiner_noun_agreement,determiner_noun_agreement_1,True,True,False,True,235,-48.70732116699219,-49.5098876953125,1
Sara had healed those boys.,Sara had healed those boy.,morphology,determiner_noun_agreement,determiner_noun_agreement_1,True,True,False,True,236,-42.945030212402344,-46.499534606933594,1
All lakes don't astound those legislatures.,All lakes don't astound those legislature.,morphology,determiner_noun_agreement,determiner_noun_agreement_1,True,True,False,True,237,-69.38675689697266,-69.08901977539062,0
Some college campuses had resembled that photograph.,Some college campuses had resembled that photographs.,morphology,determiner_noun_agreement,determiner_noun_agreement_1,True,True,False,True,238,-68.46249389648438,-66.5121078491211,0
Many grocery stores wouldn't shock these adults.,Many grocery stores wouldn't shock these adult.,morphology,determiner_noun_agreement,determiner_noun_agreement_1,True,True,False,True,239,-67.84982299804688,-70.20499420166016,1
Every waiter was concealing this turtle.,Every waiter was concealing this turtles.,morphology,determiner_noun_agreement,determiner_noun_agreement_1,True,True,False,True,240,-57.94523239135742,-61.57377624511719,1
Joel complains about those drivers.,Joel complains about those driver.,morphology,determiner_noun_agreement,determiner_noun_agreement_1,True,True,False,True,241,-46.740386962890625,-47.627479553222656,1
A dancer walks through that library.,A dancer walks through that libraries.,morphology,determiner_noun_agreement,determiner_noun_agreement_1,True,True,False,True,242,-48.13349914550781,-51.626556396484375,1
Victoria can't care for these drivers.,Victoria can't care for these driver.,morphology,determiner_noun_agreement,determiner_noun_agreement_1,True,True,False,True,243,-47.31234359741211,-49.16712188720703,1
Denise had bored those senators.,Denise had bored those senator.,morphology,determiner_noun_agreement,determiner_noun_agreement_1,True,True,False,True,244,-53.32174301147461,-54.506221771240234,1
Vanessa discovers these drawings.,Vanessa discovers these drawing.,morphology,determiner_noun_agreement,determiner_noun_agreement_1,True,True,False,True,245,-40.96228790283203,-42.3720703125,1
Janet had hidden these libraries.,Janet had hidden these library.,morphology,determiner_noun_agreement,determiner_noun_agreement_1,True,True,False,True,246,-47.35420227050781,-46.295597076416016,0
A lot of actresses distract that teenager.,A lot of actresses distract that teenagers.,morphology,determiner_noun_agreement,determiner_noun_agreement_1,True,True,False,True,247,-53.100276947021484,-52.5837287902832,0
Denise bought these cats.,Denise bought these cat.,morphology,determiner_noun_agreement,determiner_noun_agreement_1,True,True,False,True,248,-39.37746810913086,-41.89838409423828,1
Martha is confusing those universities.,Martha is confusing those university.,morphology,determiner_noun_agreement,determiner_noun_agreement_1,True,True,False,True,249,-52.5181884765625,-55.60303497314453,1
Lori hasn't distracted those drivers.,Lori hasn't distracted those driver.,morphology,determiner_noun_agreement,determiner_noun_agreement_1,True,True,False,True,250,-54.97012710571289,-54.576080322265625,0
Tanya hadn't talked to this teenager.,Tanya hadn't talked to this teenagers.,morphology,determiner_noun_agreement,determiner_noun_agreement_1,True,True,False,True,251,-49.472320556640625,-52.31884765625,1
The pedestrian healed this guest.,The pedestrian healed this guests.,morphology,determiner_noun_agreement,determiner_noun_agreement_1,True,True,False,True,252,-49.20695495605469,-52.14111328125,1
These hills should stun this patient.,These hills should stun this patients.,morphology,determiner_noun_agreement,determiner_noun_agreement_1,True,True,False,True,253,-53.96139907836914,-57.328758239746094,1
Liam is returning to these teenagers.,Liam is returning to these teenager.,morphology,determiner_noun_agreement,determiner_noun_agreement_1,True,True,False,True,254,-43.721519470214844,-48.6843147277832,1
Jessica hadn't cleaned these hospitals.,Jessica hadn't cleaned these hospital.,morphology,determiner_noun_agreement,determiner_noun_agreement_1,True,True,False,True,255,-47.41194152832031,-47.803836822509766,1
A lot of dancers cured this boy.,A lot of dancers cured this boys.,morphology,determiner_noun_agreement,determiner_noun_agreement_1,True,True,False,True,256,-49.457008361816406,-52.04683303833008,1
Tiffany hadn't distracted this patient.,Tiffany hadn't distracted this patients.,morphology,determiner_noun_agreement,determiner_noun_agreement_1,True,True,False,True,257,-60.211585998535156,-64.22727966308594,1
Students sell that rug.,Students sell that rugs.,morphology,determiner_noun_agreement,determiner_noun_agreement_1,True,True,False,True,258,-39.33677673339844,-38.88130187988281,0
Christopher concealed this art gallery.,Christopher concealed this art galleries.,morphology,determiner_noun_agreement,determiner_noun_agreement_1,True,True,False,True,259,-50.463035583496094,-52.73907470703125,1
These guys admired that school.,These guys admired that schools.,morphology,determiner_noun_agreement,determiner_noun_agreement_1,True,True,False,True,260,-38.83021545410156,-41.558048248291016,1
Rugs astound that association.,Rugs astound that associations.,morphology,determiner_noun_agreement,determiner_noun_agreement_1,True,True,False,True,261,-62.25590896606445,-63.32587432861328,1
Robert wasn't scaring these museums.,Robert wasn't scaring these museum.,morphology,determiner_noun_agreement,determiner_noun_agreement_1,True,True,False,True,262,-49.128578186035156,-49.90966033935547,1
Kendra investigates these ladies.,Kendra investigates these lady.,morphology,determiner_noun_agreement,determiner_noun_agreement_1,True,True,False,True,263,-48.26085662841797,-48.851585388183594,1
A lot of ladies arrive at that museum.,A lot of ladies arrive at that museums.,morphology,determiner_noun_agreement,determiner_noun_agreement_1,True,True,False,True,264,-45.55291748046875,-49.00494384765625,1
Some pedestrians drive to this movie theater.,Some pedestrians drive to this movie theaters.,morphology,determiner_noun_agreement,determiner_noun_agreement_1,True,True,False,True,265,-53.61212921142578,-56.202415466308594,1
Tonya hasn't remembered that brochure.,Tonya hasn't remembered that brochures.,morphology,determiner_noun_agreement,determiner_noun_agreement_1,True,True,False,True,266,-54.063232421875,-56.66480255126953,1
Museums hadn't disturbed that patient.,Museums hadn't disturbed that patients.,morphology,determiner_noun_agreement,determiner_noun_agreement_1,True,True,False,True,267,-59.61199951171875,-61.34955596923828,1
Every person left that actress.,Every person left that actresses.,morphology,determiner_noun_agreement,determiner_noun_agreement_1,True,True,False,True,268,-37.053958892822266,-41.668609619140625,1
Sandra should disgust that actor.,Sandra should disgust that actors.,morphology,determiner_noun_agreement,determiner_noun_agreement_1,True,True,False,True,269,-52.16405487060547,-54.56727600097656,1
Amelia is disgusting these ladies.,Amelia is disgusting these lady.,morphology,determiner_noun_agreement,determiner_noun_agreement_1,True,True,False,True,270,-52.89447784423828,-53.641387939453125,1
Carla isn't taking those sketches.,Carla isn't taking those sketch.,morphology,determiner_noun_agreement,determiner_noun_agreement_1,True,True,False,True,271,-48.51736068725586,-48.86368942260742,1
Florence was investigating these actors.,Florence was investigating these actor.,morphology,determiner_noun_agreement,determiner_noun_agreement_1,True,True,False,True,272,-46.19138717651367,-50.567176818847656,1
Many cashiers disagree with those cashiers.,Many cashiers disagree with those cashier.,morphology,determiner_noun_agreement,determiner_noun_agreement_1,True,True,False,True,273,-58.15228271484375,-56.936614990234375,0
These committees argue about this commentary.,These committees argue about this commentaries.,morphology,determiner_noun_agreement,determiner_noun_agreement_1,True,True,False,True,274,-50.80031967163086,-58.72716522216797,1
Brian sees those horses.,Brian sees those horse.,morphology,determiner_noun_agreement,determiner_noun_agreement_1,True,True,False,True,275,-36.50982666015625,-38.488014221191406,1
Candice hasn't explored this art gallery.,Candice hasn't explored this art galleries.,morphology,determiner_noun_agreement,determiner_noun_agreement_1,True,True,False,True,276,-57.05938720703125,-58.880889892578125,1
Aaron walks through those art galleries.,Aaron walks through those art gallery.,morphology,determiner_noun_agreement,determiner_noun_agreement_1,True,True,False,True,277,-53.138893127441406,-51.62267303466797,0
Some books alarm that cashier.,Some books alarm that cashiers.,morphology,determiner_noun_agreement,determiner_noun_agreement_1,True,True,False,True,278,-50.55648422241211,-54.74559020996094,1
Raymond wasn't kissing that guest.,Raymond wasn't kissing that guests.,morphology,determiner_noun_agreement,determiner_noun_agreement_1,True,True,False,True,279,-46.49909210205078,-49.72296142578125,1
Some cashier might boycott that art gallery.,Some cashier might boycott that art galleries.,morphology,determiner_noun_agreement,determiner_noun_agreement_1,True,True,False,True,280,-65.64893341064453,-66.9778823852539,1
Winston Churchill hadn't hidden this adult.,Winston Churchill hadn't hidden this adults.,morphology,determiner_noun_agreement,determiner_noun_agreement_1,True,True,False,True,281,-64.67900085449219,-67.88905334472656,1
Jennifer skates around this public park.,Jennifer skates around this public parks.,morphology,determiner_noun_agreement,determiner_noun_agreement_1,True,True,False,True,282,-55.98613357543945,-58.76060485839844,1
Ruth doesn't flee from those malls.,Ruth doesn't flee from those mall.,morphology,determiner_noun_agreement,determiner_noun_agreement_1,True,True,False,True,283,-52.901615142822266,-52.23929214477539,0
Some waiters have known those guests.,Some waiters have known those guest.,morphology,determiner_noun_agreement,determiner_noun_agreement_1,True,True,False,True,284,-54.99687957763672,-54.75619888305664,0
Patricia thinks about that legislature.,Patricia thinks about that legislatures.,morphology,determiner_noun_agreement,determiner_noun_agreement_1,True,True,False,True,285,-47.714927673339844,-47.95672607421875,1
Every patient shouldn't drive to these schools.,Every patient shouldn't drive to these school.,morphology,determiner_noun_agreement,determiner_noun_agreement_1,True,True,False,True,286,-55.402618408203125,-56.22360610961914,1
Most boys hadn't disagreed with those books.,Most boys hadn't disagreed with those book.,morphology,determiner_noun_agreement,determiner_noun_agreement_1,True,True,False,True,287,-50.834205627441406,-55.524024963378906,1
Mark fled from those guys.,Mark fled from those guy.,morphology,determiner_noun_agreement,determiner_noun_agreement_1,True,True,False,True,288,-39.36079406738281,-43.841796875,1
Grace should break these cups.,Grace should break these cup.,morphology,determiner_noun_agreement,determiner_noun_agreement_1,True,True,False,True,289,-41.83537673950195,-45.26612854003906,1
Carrie passes those restaurants.,Carrie passes those restaurant.,morphology,determiner_noun_agreement,determiner_noun_agreement_1,True,True,False,True,290,-45.22597122192383,-45.4412727355957,1
Anne was returning to these guys.,Anne was returning to these guy.,morphology,determiner_noun_agreement,determiner_noun_agreement_1,True,True,False,True,291,-38.872886657714844,-42.96175003051758,1
Craig could disturb those teenagers.,Craig could disturb those teenager.,morphology,determiner_noun_agreement,determiner_noun_agreement_1,True,True,False,True,292,-47.42831039428711,-50.27945327758789,1
Linda has this rabbit.,Linda has this rabbits.,morphology,determiner_noun_agreement,determiner_noun_agreement_1,True,True,False,True,293,-34.01974868774414,-38.60670471191406,1
Christopher does pass this hospital.,Christopher does pass this hospitals.,morphology,determiner_noun_agreement,determiner_noun_agreement_1,True,True,False,True,294,-42.0461540222168,-46.411251068115234,1
Mitchell wasn't embarrassing these adults.,Mitchell wasn't embarrassing these adult.,morphology,determiner_noun_agreement,determiner_noun_agreement_1,True,True,False,True,295,-48.10209655761719,-50.041664123535156,1
These senators clean these grocery stores.,These senators clean these grocery store.,morphology,determiner_noun_agreement,determiner_noun_agreement_1,True,True,False,True,296,-56.801265716552734,-54.082767486572266,0
Cynthia should complain about those actresses.,Cynthia should complain about those actress.,morphology,determiner_noun_agreement,determiner_noun_agreement_1,True,True,False,True,297,-56.56683349609375,-58.330810546875,1
Curtis hasn't praised these boys.,Curtis hasn't praised these boy.,morphology,determiner_noun_agreement,determiner_noun_agreement_1,True,True,False,True,298,-52.801002502441406,-55.00416564941406,1
Florence listened to that patient.,Florence listened to that patients.,morphology,determiner_noun_agreement,determiner_noun_agreement_1,True,True,False,True,299,-43.84211730957031,-45.16448211669922,1
Jodi might break these chairs.,Jodi might break these chair.,morphology,determiner_noun_agreement,determiner_noun_agreement_1,True,True,False,True,300,-46.47154998779297,-49.241302490234375,1
Sherry forgot that play.,Sherry forgot that plays.,morphology,determiner_noun_agreement,determiner_noun_agreement_1,True,True,False,True,301,-40.2154655456543,-41.96240997314453,1
Clyde hasn't loved these boys.,Clyde hasn't loved these boy.,morphology,determiner_noun_agreement,determiner_noun_agreement_1,True,True,False,True,302,-55.4506950378418,-57.735679626464844,1
A lot of hats aggravate that legislature.,A lot of hats aggravate that legislatures.,morphology,determiner_noun_agreement,determiner_noun_agreement_1,True,True,False,True,303,-58.33026885986328,-58.284339904785156,0
Ellen will look like those prints.,Ellen will look like those print.,morphology,determiner_noun_agreement,determiner_noun_agreement_1,True,True,False,True,304,-43.46278381347656,-46.339012145996094,1
April wasn't examining those reports.,April wasn't examining those report.,morphology,determiner_noun_agreement,determiner_noun_agreement_1,True,True,False,True,305,-47.81010437011719,-52.00154495239258,1
Diana isn't selling that car.,Diana isn't selling that cars.,morphology,determiner_noun_agreement,determiner_noun_agreement_1,True,True,False,True,306,-40.592041015625,-44.97197723388672,1
Christina knew this doctor.,Christina knew this doctors.,morphology,determiner_noun_agreement,determiner_noun_agreement_1,True,True,False,True,307,-38.524871826171875,-41.64483642578125,1
Catherine wouldn't research these universities.,Catherine wouldn't research these university.,morphology,determiner_noun_agreement,determiner_noun_agreement_1,True,True,False,True,308,-52.635459899902344,-54.1397590637207,1
Those customers weren't researching this government.,Those customers weren't researching this governments.,morphology,determiner_noun_agreement,determiner_noun_agreement_1,True,True,False,True,309,-50.078758239746094,-53.53575897216797,1
All doctors know that student.,All doctors know that students.,morphology,determiner_noun_agreement,determiner_noun_agreement_1,True,True,False,True,310,-36.5361213684082,-36.0537109375,0
Tonya has insulted that play.,Tonya has insulted that plays.,morphology,determiner_noun_agreement,determiner_noun_agreement_1,True,True,False,True,311,-51.397884368896484,-53.356449127197266,1
Those documentaries were disagreeing with that lady.,Those documentaries were disagreeing with that ladies.,morphology,determiner_noun_agreement,determiner_noun_agreement_1,True,True,False,True,312,-57.715213775634766,-57.837493896484375,1
An organization had respected that doctor.,An organization had respected that doctors.,morphology,determiner_noun_agreement,determiner_noun_agreement_1,True,True,False,True,313,-47.610145568847656,-48.108192443847656,1
Timothy explores this restaurant.,Timothy explores this restaurants.,morphology,determiner_noun_agreement,determiner_noun_agreement_1,True,True,False,True,314,-43.48851776123047,-47.68626403808594,1
Sarah hires this waiter.,Sarah hires this waiters.,morphology,determiner_noun_agreement,determiner_noun_agreement_1,True,True,False,True,315,-41.34724807739258,-50.15782165527344,1
Kendra exits this art gallery.,Kendra exits this art galleries.,morphology,determiner_noun_agreement,determiner_noun_agreement_1,True,True,False,True,316,-56.23273849487305,-57.87364959716797,1
Natalie concealed this hospital.,Natalie concealed this hospitals.,morphology,determiner_noun_agreement,determiner_noun_agreement_1,True,True,False,True,317,-43.28884506225586,-47.78564453125,1
Amelia was impressing this company.,Amelia was impressing this companies.,morphology,determiner_noun_agreement,determiner_noun_agreement_1,True,True,False,True,318,-51.077056884765625,-57.29832077026367,1
Wendy hadn't scared that bank.,Wendy hadn't scared that banks.,morphology,determiner_noun_agreement,determiner_noun_agreement_1,True,True,False,True,319,-47.956146240234375,-52.884925842285156,1
Mark will cure those guys.,Mark will cure those guy.,morphology,determiner_noun_agreement,determiner_noun_agreement_1,True,True,False,True,320,-37.48265075683594,-40.45880889892578,1
Spain was describing those actors.,Spain was describing those actor.,morphology,determiner_noun_agreement,determiner_noun_agreement_1,True,True,False,True,321,-44.553592681884766,-48.720176696777344,1
Allison talked about those schools.,Allison talked about those school.,morphology,determiner_noun_agreement,determiner_noun_agreement_1,True,True,False,True,322,-38.405609130859375,-40.46676254272461,1
William buys those jackets.,William buys those jacket.,morphology,determiner_noun_agreement,determiner_noun_agreement_1,True,True,False,True,323,-41.664512634277344,-42.103912353515625,1
Timothy escaped from that cashier.,Timothy escaped from that cashiers.,morphology,determiner_noun_agreement,determiner_noun_agreement_1,True,True,False,True,324,-46.59798812866211,-50.55131912231445,1
Susan isn't fixing those couches.,Susan isn't fixing those couch.,morphology,determiner_noun_agreement,determiner_noun_agreement_1,True,True,False,True,325,-50.61763000488281,-47.57840347290039,0
Tonya boasts about this patient.,Tonya boasts about this patients.,morphology,determiner_noun_agreement,determiner_noun_agreement_1,True,True,False,True,326,-46.59113311767578,-50.071754455566406,1
Stephanie talked to those cashiers.,Stephanie talked to those cashier.,morphology,determiner_noun_agreement,determiner_noun_agreement_1,True,True,False,True,327,-49.60797119140625,-45.6540641784668,0
Those children describe those pedestrians.,Those children describe those pedestrian.,morphology,determiner_noun_agreement,determiner_noun_agreement_1,True,True,False,True,328,-44.01575469970703,-48.26886749267578,1
Sara would embarrass that guest.,Sara would embarrass that guests.,morphology,determiner_noun_agreement,determiner_noun_agreement_1,True,True,False,True,329,-46.38384246826172,-49.99030303955078,1
Rebecca complained about that brochure.,Rebecca complained about that brochures.,morphology,determiner_noun_agreement,determiner_noun_agreement_1,True,True,False,True,330,-47.0059700012207,-50.15510559082031,1
Amelia has thought about those horses.,Amelia has thought about those horse.,morphology,determiner_noun_agreement,determiner_noun_agreement_1,True,True,False,True,331,-46.10883331298828,-48.911376953125,1
Those books were astounding that government.,Those books were astounding that governments.,morphology,determiner_noun_agreement,determiner_noun_agreement_1,True,True,False,True,332,-53.19556427001953,-54.154014587402344,1
Most waiters weren't watching that lady.,Most waiters weren't watching that ladies.,morphology,determiner_noun_agreement,determiner_noun_agreement_1,True,True,False,True,333,-56.347633361816406,-59.2620849609375,1
Alan had cleaned that plate.,Alan had cleaned that plates.,morphology,determiner_noun_agreement,determiner_noun_agreement_1,True,True,False,True,334,-39.6322021484375,-43.04738998413086,1
Benjamin cured that turtle.,Benjamin cured that turtles.,morphology,determiner_noun_agreement,determiner_noun_agreement_1,True,True,False,True,335,-45.404296875,-46.78986358642578,1
Melanie isn't scanning those reports.,Melanie isn't scanning those report.,morphology,determiner_noun_agreement,determiner_noun_agreement_1,True,True,False,True,336,-47.56090545654297,-52.41729736328125,1
Beverly is hiding this skirt.,Beverly is hiding this skirts.,morphology,determiner_noun_agreement,determiner_noun_agreement_1,True,True,False,True,337,-49.191139221191406,-52.54867935180664,1
Some waiter should praise that newspaper article.,Some waiter should praise that newspaper articles.,morphology,determiner_noun_agreement,determiner_noun_agreement_1,True,True,False,True,338,-64.63172912597656,-64.39291381835938,0
Janet helped these doctors.,Janet helped these doctor.,morphology,determiner_noun_agreement,determiner_noun_agreement_1,True,True,False,True,339,-40.36145782470703,-41.422454833984375,1
Judy impressed these universities.,Judy impressed these university.,morphology,determiner_noun_agreement,determiner_noun_agreement_1,True,True,False,True,340,-44.61353302001953,-47.04429626464844,1
The Impressionists complain about those children.,The Impressionists complain about those child.,morphology,determiner_noun_agreement,determiner_noun_agreement_1,True,True,False,True,341,-49.891380310058594,-53.48222732543945,1
The Clintons help these guys.,The Clintons help these guy.,morphology,determiner_noun_agreement,determiner_noun_agreement_1,True,True,False,True,342,-50.38362503051758,-53.51846694946289,1
These prints look like those art galleries.,These prints look like those art gallery.,morphology,determiner_noun_agreement,determiner_noun_agreement_1,True,True,False,True,343,-50.252098083496094,-49.639686584472656,0
Every picture looks like those scarves.,Every picture looks like those scarf.,morphology,determiner_noun_agreement,determiner_noun_agreement_1,True,True,False,True,344,-51.39768981933594,-44.7429084777832,0
Claire has researched that print.,Claire has researched that prints.,morphology,determiner_noun_agreement,determiner_noun_agreement_1,True,True,False,True,345,-48.83216094970703,-48.35385513305664,0
Roger isn't watching these teachers.,Roger isn't watching these teacher.,morphology,determiner_noun_agreement,determiner_noun_agreement_1,True,True,False,True,346,-41.760276794433594,-41.976104736328125,1
These patients exit these restaurants.,These patients exit these restaurant.,morphology,determiner_noun_agreement,determiner_noun_agreement_1,True,True,False,True,347,-48.29875564575195,-50.431243896484375,1
Stephanie wasn't talking to these cashiers.,Stephanie wasn't talking to these cashier.,morphology,determiner_noun_agreement,determiner_noun_agreement_1,True,True,False,True,348,-57.59939193725586,-53.38754653930664,0
Amelia was scanning those stories.,Amelia was scanning those story.,morphology,determiner_noun_agreement,determiner_noun_agreement_1,True,True,False,True,349,-51.6567268371582,-54.41477966308594,1
Some actor shouldn't care for those senators.,Some actor shouldn't care for those senator.,morphology,determiner_noun_agreement,determiner_noun_agreement_1,True,True,False,True,350,-54.7913818359375,-54.78047180175781,0
Kristin was embarrassing these waitresses.,Kristin was embarrassing these waitress.,morphology,determiner_noun_agreement,determiner_noun_agreement_1,True,True,False,True,351,-62.58009719848633,-54.894283294677734,0
Every committee should dislike those banks.,Every committee should dislike those bank.,morphology,determiner_noun_agreement,determiner_noun_agreement_1,True,True,False,True,352,-52.76660919189453,-54.39182662963867,1
Ruth couldn't scare these patients.,Ruth couldn't scare these patient.,morphology,determiner_noun_agreement,determiner_noun_agreement_1,True,True,False,True,353,-43.394256591796875,-44.082916259765625,1
Jerry isn't fixing these glasses.,Jerry isn't fixing these glass.,morphology,determiner_noun_agreement,determiner_noun_agreement_1,True,True,False,True,354,-42.245941162109375,-42.698997497558594,1
Katherine hasn't gone to these banks.,Katherine hasn't gone to these bank.,morphology,determiner_noun_agreement,determiner_noun_agreement_1,True,True,False,True,355,-49.20457458496094,-47.246559143066406,0
That report stuns this organization.,That report stuns this organizations.,morphology,determiner_noun_agreement,determiner_noun_agreement_1,True,True,False,True,356,-49.87324523925781,-54.355873107910156,1
Daniel conceals these waitresses.,Daniel conceals these waitress.,morphology,determiner_noun_agreement,determiner_noun_agreement_1,True,True,False,True,357,-60.39892578125,-52.813751220703125,0
Stacey disturbed these doctors.,Stacey disturbed these doctor.,morphology,determiner_noun_agreement,determiner_noun_agreement_1,True,True,False,True,358,-47.02074432373047,-47.488319396972656,1
Some teenagers arrived at that bank.,Some teenagers arrived at that banks.,morphology,determiner_noun_agreement,determiner_noun_agreement_1,True,True,False,True,359,-46.10572814941406,-49.609683990478516,1
Jessica has this glove.,Jessica has this gloves.,morphology,determiner_noun_agreement,determiner_noun_agreement_1,True,True,False,True,360,-34.13396072387695,-36.22540283203125,1
Gerald researches that hospital.,Gerald researches that hospitals.,morphology,determiner_noun_agreement,determiner_noun_agreement_1,True,True,False,True,361,-46.686561584472656,-50.284759521484375,1
Julia might think about this waitress.,Julia might think about this waitresses.,morphology,determiner_noun_agreement,determiner_noun_agreement_1,True,True,False,True,362,-42.76265335083008,-50.73310852050781,1
Some pedestrian had worried that guest.,Some pedestrian had worried that guests.,morphology,determiner_noun_agreement,determiner_noun_agreement_1,True,True,False,True,363,-54.3629150390625,-56.19780349731445,1
Colleen did reveal those skirts.,Colleen did reveal those skirt.,morphology,determiner_noun_agreement,determiner_noun_agreement_1,True,True,False,True,364,-54.67048645019531,-56.76428985595703,1
All cashiers clean that snake.,All cashiers clean that snakes.,morphology,determiner_noun_agreement,determiner_noun_agreement_1,True,True,False,True,365,-50.316429138183594,-53.3145866394043,1
Those companies praise that actress.,Those companies praise that actresses.,morphology,determiner_noun_agreement,determiner_noun_agreement_1,True,True,False,True,366,-48.0577278137207,-50.244998931884766,1
Natalie isn't selling this nose.,Natalie isn't selling this noses.,morphology,determiner_noun_agreement,determiner_noun_agreement_1,True,True,False,True,367,-46.504608154296875,-48.722816467285156,1
Samuel will hurt that actor.,Samuel will hurt that actors.,morphology,determiner_noun_agreement,determiner_noun_agreement_1,True,True,False,True,368,-41.511863708496094,-43.163902282714844,1
Thomas has disturbed this boy.,Thomas has disturbed this boys.,morphology,determiner_noun_agreement,determiner_noun_agreement_1,True,True,False,True,369,-37.80751419067383,-41.57394790649414,1
Sally will pass these grocery stores.,Sally will pass these grocery store.,morphology,determiner_noun_agreement,determiner_noun_agreement_1,True,True,False,True,370,-50.70323181152344,-47.94361877441406,0
That convertible annoyed that company.,That convertible annoyed that companies.,morphology,determiner_noun_agreement,determiner_noun_agreement_1,True,True,False,True,371,-51.9588508605957,-55.42787170410156,1
Most guys see those dresses.,Most guys see those dress.,morphology,determiner_noun_agreement,determiner_noun_agreement_1,True,True,False,True,372,-39.0499267578125,-39.345436096191406,1
Most patients had forgotten those actors.,Most patients had forgotten those actor.,morphology,determiner_noun_agreement,determiner_noun_agreement_1,True,True,False,True,373,-48.47950744628906,-52.544097900390625,1
Most vases alarm that driver.,Most vases alarm that drivers.,morphology,determiner_noun_agreement,determiner_noun_agreement_1,True,True,False,True,374,-52.69270706176758,-55.250911712646484,1
This shirt astounded those senators.,This shirt astounded those senator.,morphology,determiner_noun_agreement,determiner_noun_agreement_1,True,True,False,True,375,-55.94309616088867,-57.417694091796875,1
Laura has attacked this teenager.,Laura has attacked this teenagers.,morphology,determiner_noun_agreement,determiner_noun_agreement_1,True,True,False,True,376,-41.47526168823242,-44.05416488647461,1
This senator might boycott that restaurant.,This senator might boycott that restaurants.,morphology,determiner_noun_agreement,determiner_noun_agreement_1,True,True,False,True,377,-59.154396057128906,-60.322837829589844,1
A lot of actors bother those teachers.,A lot of actors bother those teacher.,morphology,determiner_noun_agreement,determiner_noun_agreement_1,True,True,False,True,378,-48.75382995605469,-49.92203903198242,1
A banana embarrassed those actresses.,A banana embarrassed those actress.,morphology,determiner_noun_agreement,determiner_noun_agreement_1,True,True,False,True,379,-53.20135498046875,-53.25855255126953,1
That cucumber did confuse that boy.,That cucumber did confuse that boys.,morphology,determiner_noun_agreement,determiner_noun_agreement_1,True,True,False,True,380,-51.82589340209961,-56.49546813964844,1
Joseph isn't concealing these students.,Joseph isn't concealing these student.,morphology,determiner_noun_agreement,determiner_noun_agreement_1,True,True,False,True,381,-49.03440856933594,-51.72488784790039,1
Linda isn't discussing those waitresses.,Linda isn't discussing those waitress.,morphology,determiner_noun_agreement,determiner_noun_agreement_1,True,True,False,True,382,-57.43140411376953,-49.806663513183594,0
Carrie would walk through that cafe.,Carrie would walk through that cafes.,morphology,determiner_noun_agreement,determiner_noun_agreement_1,True,True,False,True,383,-48.01463317871094,-54.127708435058594,1
Carl can't drop by this public park.,Carl can't drop by this public parks.,morphology,determiner_noun_agreement,determiner_noun_agreement_1,True,True,False,True,384,-54.2100830078125,-57.82206726074219,1
Guy wears these jackets.,Guy wears these jacket.,morphology,determiner_noun_agreement,determiner_noun_agreement_1,True,True,False,True,385,-36.46143341064453,-36.501243591308594,1
Clyde hadn't admired this cat.,Clyde hadn't admired this cats.,morphology,determiner_noun_agreement,determiner_noun_agreement_1,True,True,False,True,386,-57.58599090576172,-62.4730110168457,1
Anna had annoyed this dancer.,Anna had annoyed this dancers.,morphology,determiner_noun_agreement,determiner_noun_agreement_1,True,True,False,True,387,-45.55158996582031,-46.55840301513672,1
The Clintons attack those ladies.,The Clintons attack those lady.,morphology,determiner_noun_agreement,determiner_noun_agreement_1,True,True,False,True,388,-51.44098663330078,-53.33618927001953,1
Phillip shouldn't walk through those hospitals.,Phillip shouldn't walk through those hospital.,morphology,determiner_noun_agreement,determiner_noun_agreement_1,True,True,False,True,389,-54.329742431640625,-54.62820816040039,1
Sherry will fire these actresses.,Sherry will fire these actress.,morphology,determiner_noun_agreement,determiner_noun_agreement_1,True,True,False,True,390,-48.40777587890625,-49.77260208129883,1
Christina was wearing those dresses.,Christina was wearing those dress.,morphology,determiner_noun_agreement,determiner_noun_agreement_1,True,True,False,True,391,-39.91704177856445,-39.33217239379883,0
Erin talks about this library.,Erin talks about this libraries.,morphology,determiner_noun_agreement,determiner_noun_agreement_1,True,True,False,True,392,-40.54844665527344,-44.06023406982422,1
Many hamsters shock this customer.,Many hamsters shock this customers.,morphology,determiner_noun_agreement,determiner_noun_agreement_1,True,True,False,True,393,-57.105430603027344,-58.17898941040039,1
Pamela was scanning those documentaries.,Pamela was scanning those documentary.,morphology,determiner_noun_agreement,determiner_noun_agreement_1,True,True,False,True,394,-59.724754333496094,-58.98771286010742,0
Steven complains about that commentary.,Steven complains about that commentaries.,morphology,determiner_noun_agreement,determiner_noun_agreement_1,True,True,False,True,395,-46.53472900390625,-53.03913116455078,1
Christine reveals that library.,Christine reveals that libraries.,morphology,determiner_noun_agreement,determiner_noun_agreement_1,True,True,False,True,396,-39.005775451660156,-40.895782470703125,1
Eric explores this library.,Eric explores this libraries.,morphology,determiner_noun_agreement,determiner_noun_agreement_1,True,True,False,True,397,-39.829166412353516,-41.32085418701172,1
Lori hasn't returned to these movie theaters.,Lori hasn't returned to these movie theater.,morphology,determiner_noun_agreement,determiner_noun_agreement_1,True,True,False,True,398,-59.42030715942383,-56.72743606567383,0
Stephen hasn't thought about that brochure.,Stephen hasn't thought about that brochures.,morphology,determiner_noun_agreement,determiner_noun_agreement_1,True,True,False,True,399,-44.85984802246094,-46.94709777832031,1
Many companies help this guest.,Many companies help this guests.,morphology,determiner_noun_agreement,determiner_noun_agreement_1,True,True,False,True,400,-43.34616470336914,-44.70401382446289,1
Some adults had watched these children.,Some adults had watched these child.,morphology,determiner_noun_agreement,determiner_noun_agreement_1,True,True,False,True,401,-43.4142951965332,-46.94859313964844,1
Diana hasn't listened to this student.,Diana hasn't listened to this students.,morphology,determiner_noun_agreement,determiner_noun_agreement_1,True,True,False,True,402,-43.701568603515625,-47.11748123168945,1
Hair shocked this teenager.,Hair shocked this teenagers.,morphology,determiner_noun_agreement,determiner_noun_agreement_1,True,True,False,True,403,-48.16032028198242,-51.93540573120117,1
Laura had complained about these senators.,Laura had complained about these senator.,morphology,determiner_noun_agreement,determiner_noun_agreement_1,True,True,False,True,404,-45.28423309326172,-48.1998291015625,1
Those ladies remember those reports.,Those ladies remember those report.,morphology,determiner_noun_agreement,determiner_noun_agreement_1,True,True,False,True,405,-37.980194091796875,-42.752601623535156,1
Shawls disturb this doctor.,Shawls disturb this doctors.,morphology,determiner_noun_agreement,determiner_noun_agreement_1,True,True,False,True,406,-48.42359924316406,-51.304908752441406,1
Actors dislike those newspaper articles.,Actors dislike those newspaper article.,morphology,determiner_noun_agreement,determiner_noun_agreement_1,True,True,False,True,407,-53.73736572265625,-55.06352615356445,1
All associations weren't talking to these ladies.,All associations weren't talking to these lady.,morphology,determiner_noun_agreement,determiner_noun_agreement_1,True,True,False,True,408,-54.95866012573242,-56.70270919799805,1
Steve skated around those art galleries.,Steve skated around those art gallery.,morphology,determiner_noun_agreement,determiner_noun_agreement_1,True,True,False,True,409,-57.033836364746094,-56.41481018066406,0
Teachers sell that coat.,Teachers sell that coats.,morphology,determiner_noun_agreement,determiner_noun_agreement_1,True,True,False,True,410,-40.96162414550781,-43.4063720703125,1
Bruce leaves these students.,Bruce leaves these student.,morphology,determiner_noun_agreement,determiner_noun_agreement_1,True,True,False,True,411,-38.07391357421875,-42.64457702636719,1
These children discuss these pamphlets.,These children discuss these pamphlet.,morphology,determiner_noun_agreement,determiner_noun_agreement_1,True,True,False,True,412,-41.92842102050781,-41.52519226074219,0
Lori hadn't returned to these guests.,Lori hadn't returned to these guest.,morphology,determiner_noun_agreement,determiner_noun_agreement_1,True,True,False,True,413,-49.77126693725586,-52.67139434814453,1
Mitchell was watching these patients.,Mitchell was watching these patient.,morphology,determiner_noun_agreement,determiner_noun_agreement_1,True,True,False,True,414,-43.93949890136719,-44.2703857421875,1
Phillip fled from this teenager.,Phillip fled from this teenagers.,morphology,determiner_noun_agreement,determiner_noun_agreement_1,True,True,False,True,415,-44.92986297607422,-48.03565979003906,1
All teenagers scared these associations.,All teenagers scared these association.,morphology,determiner_noun_agreement,determiner_noun_agreement_1,True,True,False,True,416,-52.33763122558594,-53.88563537597656,1
The men could find these books.,The men could find these book.,morphology,determiner_noun_agreement,determiner_noun_agreement_1,True,True,False,True,417,-35.27770233154297,-38.68362808227539,1
These rugs bore that guest.,These rugs bore that guests.,morphology,determiner_noun_agreement,determiner_noun_agreement_1,True,True,False,True,418,-48.39366149902344,-49.79465866088867,1
The people hadn't kissed those adults.,The people hadn't kissed those adult.,morphology,determiner_noun_agreement,determiner_noun_agreement_1,True,True,False,True,419,-46.47820281982422,-47.75202178955078,1
That bank would criticize these stories.,That bank would criticize these story.,morphology,determiner_noun_agreement,determiner_noun_agreement_1,True,True,False,True,420,-47.27548599243164,-49.27289581298828,1
Some sketches look like those dancers.,Some sketches look like those dancer.,morphology,determiner_noun_agreement,determiner_noun_agreement_1,True,True,False,True,421,-41.32777786254883,-44.243106842041016,1
Barbara examined that report.,Barbara examined that reports.,morphology,determiner_noun_agreement,determiner_noun_agreement_1,True,True,False,True,422,-40.091312408447266,-39.367977142333984,0
Many customers help those guests.,Many customers help those guest.,morphology,determiner_noun_agreement,determiner_noun_agreement_1,True,True,False,True,423,-45.912376403808594,-46.6772575378418,1
Jesus watched that patient.,Jesus watched that patients.,morphology,determiner_noun_agreement,determiner_noun_agreement_1,True,True,False,True,424,-37.9001579284668,-40.363441467285156,1
Janet could hurt that actor.,Janet could hurt that actors.,morphology,determiner_noun_agreement,determiner_noun_agreement_1,True,True,False,True,425,-45.499759674072266,-47.81358337402344,1
This cashier is fixing this plate.,This cashier is fixing this plates.,morphology,determiner_noun_agreement,determiner_noun_agreement_1,True,True,False,True,426,-46.85509490966797,-51.71030807495117,1
Alan has visited that lady.,Alan has visited that ladies.,morphology,determiner_noun_agreement,determiner_noun_agreement_1,True,True,False,True,427,-38.527347564697266,-40.76628494262695,1
Amy would bring this dog.,Amy would bring this dogs.,morphology,determiner_noun_agreement,determiner_noun_agreement_1,True,True,False,True,428,-36.96077346801758,-40.95799255371094,1
A computer worries that hospital.,A computer worries that hospitals.,morphology,determiner_noun_agreement,determiner_noun_agreement_1,True,True,False,True,429,-42.16949462890625,-44.30363464355469,1
Mark was looking like that sketch.,Mark was looking like that sketches.,morphology,determiner_noun_agreement,determiner_noun_agreement_1,True,True,False,True,430,-41.657386779785156,-42.28036880493164,1
All gloves had hurt these customers.,All gloves had hurt these customer.,morphology,determiner_noun_agreement,determiner_noun_agreement_1,True,True,False,True,431,-52.70515441894531,-54.537193298339844,1
William disgusted this boy.,William disgusted this boys.,morphology,determiner_noun_agreement,determiner_noun_agreement_1,True,True,False,True,432,-39.168182373046875,-43.08721160888672,1
Valerie revealed this shoe.,Valerie revealed this shoes.,morphology,determiner_noun_agreement,determiner_noun_agreement_1,True,True,False,True,433,-42.767799377441406,-42.466522216796875,0
Deborah could fire these senators.,Deborah could fire these senator.,morphology,determiner_noun_agreement,determiner_noun_agreement_1,True,True,False,True,434,-52.718257904052734,-55.77465057373047,1
A waiter didn't wear this glove.,A waiter didn't wear this gloves.,morphology,determiner_noun_agreement,determiner_noun_agreement_1,True,True,False,True,435,-42.99150085449219,-43.398033142089844,1
Caroline describes those customers.,Caroline describes those customer.,morphology,determiner_noun_agreement,determiner_noun_agreement_1,True,True,False,True,436,-43.81897735595703,-44.91313171386719,1
Jeffrey isn't admiring those restaurants.,Jeffrey isn't admiring those restaurant.,morphology,determiner_noun_agreement,determiner_noun_agreement_1,True,True,False,True,437,-54.83406066894531,-54.77992630004883,0
Carl wouldn't buy this glass.,Carl wouldn't buy this glasses.,morphology,determiner_noun_agreement,determiner_noun_agreement_1,True,True,False,True,438,-37.49635314941406,-40.41200256347656,1
Art stuns these governments.,Art stuns these government.,morphology,determiner_noun_agreement,determiner_noun_agreement_1,True,True,False,True,439,-51.15940475463867,-50.94276809692383,0
The waiter approaches these cashiers.,The waiter approaches these cashier.,morphology,determiner_noun_agreement,determiner_noun_agreement_1,True,True,False,True,440,-49.23015594482422,-46.23695755004883,0
Paul cares for those ladies.,Paul cares for those lady.,morphology,determiner_noun_agreement,determiner_noun_agreement_1,True,True,False,True,441,-38.2850456237793,-39.956207275390625,1
The girls break these glasses.,The girls break these glass.,morphology,determiner_noun_agreement,determiner_noun_agreement_1,True,True,False,True,442,-36.59034729003906,-38.51068878173828,1
Nancy has listened to these customers.,Nancy has listened to these customer.,morphology,determiner_noun_agreement,determiner_noun_agreement_1,True,True,False,True,443,-42.49699401855469,-45.823097229003906,1
Some water aggravated those universities.,Some water aggravated those university.,morphology,determiner_noun_agreement,determiner_noun_agreement_1,True,True,False,True,444,-49.870235443115234,-52.019126892089844,1
Marla notices that cup.,Marla notices that cups.,morphology,determiner_noun_agreement,determiner_noun_agreement_1,True,True,False,True,445,-41.75834655761719,-43.686424255371094,1
These senators weren't firing those guys.,These senators weren't firing those guy.,morphology,determiner_noun_agreement,determiner_noun_agreement_1,True,True,False,True,446,-50.59096908569336,-54.000205993652344,1
Rachel admires those jackets.,Rachel admires those jacket.,morphology,determiner_noun_agreement,determiner_noun_agreement_1,True,True,False,True,447,-46.6868896484375,-47.378684997558594,1
Frank shouldn't scan that story.,Frank shouldn't scan that stories.,morphology,determiner_noun_agreement,determiner_noun_agreement_1,True,True,False,True,448,-46.044105529785156,-49.618865966796875,1
Vanessa did explore that museum.,Vanessa did explore that museums.,morphology,determiner_noun_agreement,determiner_noun_agreement_1,True,True,False,True,449,-49.72533416748047,-53.871891021728516,1
The Borgias go to that bank.,The Borgias go to that banks.,morphology,determiner_noun_agreement,determiner_noun_agreement_1,True,True,False,True,450,-46.53888702392578,-49.83113479614258,1
The Borgias wear that shawl.,The Borgias wear that shawls.,morphology,determiner_noun_agreement,determiner_noun_agreement_1,True,True,False,True,451,-52.345767974853516,-52.61432647705078,1
Chad isn't investigating this senator.,Chad isn't investigating this senators.,morphology,determiner_noun_agreement,determiner_noun_agreement_1,True,True,False,True,452,-50.94317626953125,-54.63925552368164,1
Art distracted that government.,Art distracted that governments.,morphology,determiner_noun_agreement,determiner_noun_agreement_1,True,True,False,True,453,-45.80189514160156,-48.65570068359375,1
Anne hasn't upset these guys.,Anne hasn't upset these guy.,morphology,determiner_noun_agreement,determiner_noun_agreement_1,True,True,False,True,454,-43.42987823486328,-46.581790924072266,1
Steve hadn't explored those malls.,Steve hadn't explored those mall.,morphology,determiner_noun_agreement,determiner_noun_agreement_1,True,True,False,True,455,-49.439762115478516,-48.85690689086914,0
That company dislikes this lady.,That company dislikes this ladies.,morphology,determiner_noun_agreement,determiner_noun_agreement_1,True,True,False,True,456,-48.843017578125,-52.412567138671875,1
Rebecca hides this high school.,Rebecca hides this high schools.,morphology,determiner_noun_agreement,determiner_noun_agreement_1,True,True,False,True,457,-40.15623474121094,-44.65251159667969,1
Monet questions those associations.,Monet questions those association.,morphology,determiner_noun_agreement,determiner_noun_agreement_1,True,True,False,True,458,-54.694908142089844,-55.783416748046875,1
Naomi has attacked that senator.,Naomi has attacked that senators.,morphology,determiner_noun_agreement,determiner_noun_agreement_1,True,True,False,True,459,-47.075462341308594,-48.873172760009766,1
Lori has admired these shirts.,Lori has admired these shirt.,morphology,determiner_noun_agreement,determiner_noun_agreement_1,True,True,False,True,460,-45.40067672729492,-47.56230926513672,1
Valerie praises that newspaper article.,Valerie praises that newspaper articles.,morphology,determiner_noun_agreement,determiner_noun_agreement_1,True,True,False,True,461,-55.18889617919922,-55.814903259277344,1
Nancy hurt these drivers.,Nancy hurt these driver.,morphology,determiner_noun_agreement,determiner_noun_agreement_1,True,True,False,True,462,-42.10558319091797,-42.13787078857422,1
The child might conceal these paintings.,The child might conceal these painting.,morphology,determiner_noun_agreement,determiner_noun_agreement_1,True,True,False,True,463,-45.696834564208984,-46.914031982421875,1
Sara kissed this cashier.,Sara kissed this cashiers.,morphology,determiner_noun_agreement,determiner_noun_agreement_1,True,True,False,True,464,-43.97700119018555,-47.8661994934082,1
Linda discussed these teachers.,Linda discussed these teacher.,morphology,determiner_noun_agreement,determiner_noun_agreement_1,True,True,False,True,465,-40.939849853515625,-42.92212677001953,1
Debra sounded like that restaurant.,Debra sounded like that restaurants.,morphology,determiner_noun_agreement,determiner_noun_agreement_1,True,True,False,True,466,-45.22822570800781,-47.891807556152344,1
Kristen drives to that mall.,Kristen drives to that malls.,morphology,determiner_noun_agreement,determiner_noun_agreement_1,True,True,False,True,467,-44.79114532470703,-47.38051223754883,1
Most doors weren't irritating that hospital.,Most doors weren't irritating that hospitals.,morphology,determiner_noun_agreement,determiner_noun_agreement_1,True,True,False,True,468,-55.368865966796875,-58.289695739746094,1
That cucumber does embarrass those legislatures.,That cucumber does embarrass those legislature.,morphology,determiner_noun_agreement,determiner_noun_agreement_1,True,True,False,True,469,-59.36688232421875,-58.87464904785156,0
Some adults hire these actors.,Some adults hire these actor.,morphology,determiner_noun_agreement,determiner_noun_agreement_1,True,True,False,True,470,-43.12039566040039,-47.05453872680664,1
A lot of gloves hurt these ladies.,A lot of gloves hurt these lady.,morphology,determiner_noun_agreement,determiner_noun_agreement_1,True,True,False,True,471,-47.576995849609375,-48.16075134277344,1
A lot of people aren't revealing that book.,A lot of people aren't revealing that books.,morphology,determiner_noun_agreement,determiner_noun_agreement_1,True,True,False,True,472,-42.28327178955078,-43.866661071777344,1
The Clintons had hurt that lady.,The Clintons had hurt that ladies.,morphology,determiner_noun_agreement,determiner_noun_agreement_1,True,True,False,True,473,-54.81098556518555,-57.75714111328125,1
Walter wasn't complaining about that cashier.,Walter wasn't complaining about that cashiers.,morphology,determiner_noun_agreement,determiner_noun_agreement_1,True,True,False,True,474,-46.35076904296875,-50.46287536621094,1
Steven hadn't toured that high school.,Steven hadn't toured that high schools.,morphology,determiner_noun_agreement,determiner_noun_agreement_1,True,True,False,True,475,-47.90070343017578,-52.20901107788086,1
Craig has attacked those dancers.,Craig has attacked those dancer.,morphology,determiner_noun_agreement,determiner_noun_agreement_1,True,True,False,True,476,-43.57884979248047,-46.69203186035156,1
A lot of pedestrians leave that dancer.,A lot of pedestrians leave that dancers.,morphology,determiner_noun_agreement,determiner_noun_agreement_1,True,True,False,True,477,-49.48089599609375,-48.65536880493164,0
Those pedestrians might visit this mall.,Those pedestrians might visit this malls.,morphology,determiner_noun_agreement,determiner_noun_agreement_1,True,True,False,True,478,-54.17809295654297,-58.067718505859375,1
Some rug annoys these guys.,Some rug annoys these guy.,morphology,determiner_noun_agreement,determiner_noun_agreement_1,True,True,False,True,479,-51.765533447265625,-54.093929290771484,1
Becky cared for this customer.,Becky cared for this customers.,morphology,determiner_noun_agreement,determiner_noun_agreement_1,True,True,False,True,480,-41.00312042236328,-42.627281188964844,1
Karen hadn't loved those books.,Karen hadn't loved those book.,morphology,determiner_noun_agreement,determiner_noun_agreement_1,True,True,False,True,481,-47.83848571777344,-51.89586639404297,1
The hospitals referenced these students.,The hospitals referenced these student.,morphology,determiner_noun_agreement,determiner_noun_agreement_1,True,True,False,True,482,-46.288475036621094,-52.36796951293945,1
A lot of girls examined those essays.,A lot of girls examined those essay.,morphology,determiner_noun_agreement,determiner_noun_agreement_1,True,True,False,True,483,-46.772552490234375,-48.042236328125,1
Cheryl sounds like these cashiers.,Cheryl sounds like these cashier.,morphology,determiner_noun_agreement,determiner_noun_agreement_1,True,True,False,True,484,-59.58551025390625,-55.722900390625,0
Tammy hated these doctors.,Tammy hated these doctor.,morphology,determiner_noun_agreement,determiner_noun_agreement_1,True,True,False,True,485,-42.302215576171875,-42.99671173095703,1
Diana breaks this couch.,Diana breaks this couchs.,morphology,determiner_noun_agreement,determiner_noun_agreement_1,True,True,False,True,486,-39.19672393798828,-47.01171875,1
Nancy had aggravated those drivers.,Nancy had aggravated those driver.,morphology,determiner_noun_agreement,determiner_noun_agreement_1,True,True,False,True,487,-48.57120895385742,-49.82280349731445,1
Every documentary worries that legislature.,Every documentary worries that legislatures.,morphology,determiner_noun_agreement,determiner_noun_agreement_1,True,True,False,True,488,-53.27532196044922,-51.856781005859375,0
The man doesn't drop by these malls.,The man doesn't drop by these mall.,morphology,determiner_noun_agreement,determiner_noun_agreement_1,True,True,False,True,489,-48.58006286621094,-47.82231140136719,0
Many guests respect those boys.,Many guests respect those boy.,morphology,determiner_noun_agreement,determiner_noun_agreement_1,True,True,False,True,490,-43.815887451171875,-47.862030029296875,1
Naomi hadn't upset this organization.,Naomi hadn't upset this organizations.,morphology,determiner_noun_agreement,determiner_noun_agreement_1,True,True,False,True,491,-54.25303649902344,-58.97896194458008,1
Todd upset that organization.,Todd upset that organizations.,morphology,determiner_noun_agreement,determiner_noun_agreement_1,True,True,False,True,492,-39.00053405761719,-42.74903106689453,1
Paul appreciates this waitress.,Paul appreciates this waitresses.,morphology,determiner_noun_agreement,determiner_noun_agreement_1,True,True,False,True,493,-44.924808502197266,-52.126686096191406,1
This pie worries these banks.,This pie worries these bank.,morphology,determiner_noun_agreement,determiner_noun_agreement_1,True,True,False,True,494,-48.175453186035156,-49.2273063659668,1
Melanie boycotts this legislature.,Melanie boycotts this legislatures.,morphology,determiner_noun_agreement,determiner_noun_agreement_1,True,True,False,True,495,-51.777549743652344,-54.748565673828125,1
Tamara was working with this guest.,Tamara was working with this guests.,morphology,determiner_noun_agreement,determiner_noun_agreement_1,True,True,False,True,496,-41.0350341796875,-43.826026916503906,1
Bruce exits these malls.,Bruce exits these mall.,morphology,determiner_noun_agreement,determiner_noun_agreement_1,True,True,False,True,497,-45.371742248535156,-45.38169860839844,1
Hospitals distracted these drivers.,Hospitals distracted these driver.,morphology,determiner_noun_agreement,determiner_noun_agreement_1,True,True,False,True,498,-52.471988677978516,-53.22137451171875,1
Lucille hasn't messed up those couches.,Lucille hasn't messed up those couch.,morphology,determiner_noun_agreement,determiner_noun_agreement_1,True,True,False,True,499,-60.05438995361328,-57.383636474609375,0
The lights hurt those customers.,The lights hurt those customer.,morphology,determiner_noun_agreement,determiner_noun_agreement_1,True,True,False,True,500,-40.29714584350586,-41.626800537109375,1
Alice had cared for that patient.,Alice had cared for that patients.,morphology,determiner_noun_agreement,determiner_noun_agreement_1,True,True,False,True,501,-43.02310562133789,-45.067237854003906,1
Some woman questions those children.,Some woman questions those child.,morphology,determiner_noun_agreement,determiner_noun_agreement_1,True,True,False,True,502,-41.28404998779297,-43.57673645019531,1
All waitresses see that drawing.,All waitresses see that drawings.,morphology,determiner_noun_agreement,determiner_noun_agreement_1,True,True,False,True,503,-54.536460876464844,-54.574676513671875,1
Many cashiers forget those customers.,Many cashiers forget those customer.,morphology,determiner_noun_agreement,determiner_noun_agreement_1,True,True,False,True,504,-55.568626403808594,-57.20819091796875,1
These legislatures listened to those actresses.,These legislatures listened to those actress.,morphology,determiner_noun_agreement,determiner_noun_agreement_1,True,True,False,True,505,-52.84615707397461,-55.75316619873047,1
Those committees forget those plays.,Those committees forget those play.,morphology,determiner_noun_agreement,determiner_noun_agreement_1,True,True,False,True,506,-50.5589599609375,-48.589927673339844,0
Raymond wasn't alarming that customer.,Raymond wasn't alarming that customers.,morphology,determiner_noun_agreement,determiner_noun_agreement_1,True,True,False,True,507,-50.558345794677734,-51.730201721191406,1
Girls left these banks.,Girls left these bank.,morphology,determiner_noun_agreement,determiner_noun_agreement_1,True,True,False,True,508,-34.004493713378906,-34.19852066040039,1
A lot of men can skate around that movie theater.,A lot of men can skate around that movie theaters.,morphology,determiner_noun_agreement,determiner_noun_agreement_1,True,True,False,True,509,-56.43765640258789,-58.60734176635742,1
Deborah might question these boys.,Deborah might question these boy.,morphology,determiner_noun_agreement,determiner_noun_agreement_1,True,True,False,True,510,-49.854759216308594,-52.50990676879883,1
Some women broke those cups.,Some women broke those cup.,morphology,determiner_noun_agreement,determiner_noun_agreement_1,True,True,False,True,511,-38.407440185546875,-42.017425537109375,1
Kristin insulted those dancers.,Kristin insulted those dancer.,morphology,determiner_noun_agreement,determiner_noun_agreement_1,True,True,False,True,512,-48.44697570800781,-52.102272033691406,1
Some sketches had looked like this girl.,Some sketches had looked like this girls.,morphology,determiner_noun_agreement,determiner_noun_agreement_1,True,True,False,True,513,-45.304595947265625,-48.68791580200195,1
Pamela hasn't biked to those libraries.,Pamela hasn't biked to those library.,morphology,determiner_noun_agreement,determiner_noun_agreement_1,True,True,False,True,514,-76.7347640991211,-73.97392272949219,0
Ellen can't exit these public parks.,Ellen can't exit these public park.,morphology,determiner_noun_agreement,determiner_noun_agreement_1,True,True,False,True,515,-57.58436965942383,-55.99225997924805,0
Ruth noticed those newspaper articles.,Ruth noticed those newspaper article.,morphology,determiner_noun_agreement,determiner_noun_agreement_1,True,True,False,True,516,-48.65545654296875,-50.78203582763672,1
Most doctors leave these doctors.,Most doctors leave these doctor.,morphology,determiner_noun_agreement,determiner_noun_agreement_1,True,True,False,True,517,-37.513031005859375,-39.948280334472656,1
Stacy has hurt this guest.,Stacy has hurt this guests.,morphology,determiner_noun_agreement,determiner_noun_agreement_1,True,True,False,True,518,-42.67987060546875,-46.06410598754883,1
Carol would admire those movie theaters.,Carol would admire those movie theater.,morphology,determiner_noun_agreement,determiner_noun_agreement_1,True,True,False,True,519,-61.14573669433594,-58.698341369628906,0
Kayla flees from these cafes.,Kayla flees from these cafe.,morphology,determiner_noun_agreement,determiner_noun_agreement_1,True,True,False,True,520,-67.36186981201172,-63.91632080078125,0
Most dancers haven't forgotten this essay.,Most dancers haven't forgotten this essays.,morphology,determiner_noun_agreement,determiner_noun_agreement_1,True,True,False,True,521,-52.61898422241211,-54.33576202392578,1
Customers shouldn't upset these waiters.,Customers shouldn't upset these waiter.,morphology,determiner_noun_agreement,determiner_noun_agreement_1,True,True,False,True,522,-64.78128814697266,-55.665523529052734,0
Wendy appreciates those pamphlets.,Wendy appreciates those pamphlet.,morphology,determiner_noun_agreement,determiner_noun_agreement_1,True,True,False,True,523,-51.59851837158203,-51.91820526123047,1
Victoria boasted about this play.,Victoria boasted about this plays.,morphology,determiner_noun_agreement,determiner_noun_agreement_1,True,True,False,True,524,-43.11701965332031,-45.619964599609375,1
Jacqueline can't scan these essays.,Jacqueline can't scan these essay.,morphology,determiner_noun_agreement,determiner_noun_agreement_1,True,True,False,True,525,-53.76704406738281,-54.563133239746094,1
The Impressionists explore this art gallery.,The Impressionists explore this art galleries.,morphology,determiner_noun_agreement,determiner_noun_agreement_1,True,True,False,True,526,-55.85114288330078,-57.54164123535156,1
Sarah messed up that cafe.,Sarah messed up that cafes.,morphology,determiner_noun_agreement,determiner_noun_agreement_1,True,True,False,True,527,-37.05764389038086,-43.127899169921875,1
Rodney hasn't remembered this art gallery.,Rodney hasn't remembered this art galleries.,morphology,determiner_noun_agreement,determiner_noun_agreement_1,True,True,False,True,528,-52.2307014465332,-54.01237487792969,1
Raymond kissed that guy.,Raymond kissed that guys.,morphology,determiner_noun_agreement,determiner_noun_agreement_1,True,True,False,True,529,-39.60341262817383,-42.38847351074219,1
Ladies hadn't fixed these couches.,Ladies hadn't fixed these couch.,morphology,determiner_noun_agreement,determiner_noun_agreement_1,True,True,False,True,530,-50.64287567138672,-49.389766693115234,0
Guy healed that patient.,Guy healed that patients.,morphology,determiner_noun_agreement,determiner_noun_agreement_1,True,True,False,True,531,-38.1397819519043,-39.45903396606445,1
The Borgias would criticize that story.,The Borgias would criticize that stories.,morphology,determiner_noun_agreement,determiner_noun_agreement_1,True,True,False,True,532,-54.38337707519531,-55.45467758178711,1
Carrie complains about this essay.,Carrie complains about this essays.,morphology,determiner_noun_agreement,determiner_noun_agreement_1,True,True,False,True,533,-43.35388946533203,-45.35858154296875,1
Steve should approach this customer.,Steve should approach this customers.,morphology,determiner_noun_agreement,determiner_noun_agreement_1,True,True,False,True,534,-45.62974166870117,-46.6107292175293,1
The patients didn't skate around those high schools.,The patients didn't skate around those high school.,morphology,determiner_noun_agreement,determiner_noun_agreement_1,True,True,False,True,535,-58.27635955810547,-56.89814758300781,0
Denise bought those prints.,Denise bought those print.,morphology,determiner_noun_agreement,determiner_noun_agreement_1,True,True,False,True,536,-39.754581451416016,-43.3558349609375,1
Susan hadn't hired these guys.,Susan hadn't hired these guy.,morphology,determiner_noun_agreement,determiner_noun_agreement_1,True,True,False,True,537,-41.062686920166016,-43.34857940673828,1
That mushroom is annoying these cashiers.,That mushroom is annoying these cashier.,morphology,determiner_noun_agreement,determiner_noun_agreement_1,True,True,False,True,538,-57.456722259521484,-52.81720733642578,0
Randolf did examine that pamphlet.,Randolf did examine that pamphlets.,morphology,determiner_noun_agreement,determiner_noun_agreement_1,True,True,False,True,539,-60.73854064941406,-64.92366027832031,1
Ellen cared for that teacher.,Ellen cared for that teachers.,morphology,determiner_noun_agreement,determiner_noun_agreement_1,True,True,False,True,540,-39.16741943359375,-43.06306457519531,1
Maria astounded this dancer.,Maria astounded this dancers.,morphology,determiner_noun_agreement,determiner_noun_agreement_1,True,True,False,True,541,-47.466529846191406,-47.273963928222656,0
Holly approaches that pedestrian.,Holly approaches that pedestrians.,morphology,determiner_noun_agreement,determiner_noun_agreement_1,True,True,False,True,542,-52.62699890136719,-48.538543701171875,0
Many waiters investigate these schools.,Many waiters investigate these school.,morphology,determiner_noun_agreement,determiner_noun_agreement_1,True,True,False,True,543,-52.371219635009766,-55.53887939453125,1
Most men explored that school.,Most men explored that schools.,morphology,determiner_noun_agreement,determiner_noun_agreement_1,True,True,False,True,544,-40.88694381713867,-41.2211799621582,1
Ellen wasn't observing these customers.,Ellen wasn't observing these customer.,morphology,determiner_noun_agreement,determiner_noun_agreement_1,True,True,False,True,545,-49.467777252197266,-51.460060119628906,1
Chad isn't concealing those adults.,Chad isn't concealing those adult.,morphology,determiner_noun_agreement,determiner_noun_agreement_1,True,True,False,True,546,-56.542945861816406,-56.72168731689453,1
Those guests bike to this school.,Those guests bike to this schools.,morphology,determiner_noun_agreement,determiner_noun_agreement_1,True,True,False,True,547,-46.03597640991211,-51.45042419433594,1
Most adults hurt these teachers.,Most adults hurt these teacher.,morphology,determiner_noun_agreement,determiner_noun_agreement_1,True,True,False,True,548,-44.381378173828125,-45.46727752685547,1
Paula was listening to those drivers.,Paula was listening to those driver.,morphology,determiner_noun_agreement,determiner_noun_agreement_1,True,True,False,True,549,-41.886474609375,-43.42841339111328,1
Natalie wasn't researching these college campuses.,Natalie wasn't researching these college campus.,morphology,determiner_noun_agreement,determiner_noun_agreement_1,True,True,False,True,550,-60.34405517578125,-59.16930389404297,0
Gregory is attacking this doctor.,Gregory is attacking this doctors.,morphology,determiner_noun_agreement,determiner_noun_agreement_1,True,True,False,True,551,-40.888938903808594,-41.7733268737793,1
Stacy was watching these teachers.,Stacy was watching these teacher.,morphology,determiner_noun_agreement,determiner_noun_agreement_1,True,True,False,True,552,-46.014041900634766,-47.62580490112305,1
Holly wasn't exploring those art galleries.,Holly wasn't exploring those art gallery.,morphology,determiner_noun_agreement,determiner_noun_agreement_1,True,True,False,True,553,-55.75886535644531,-54.996055603027344,0
The Impressionists helped those teenagers.,The Impressionists helped those teenager.,morphology,determiner_noun_agreement,determiner_noun_agreement_1,True,True,False,True,554,-50.242393493652344,-54.22456741333008,1
These universities stunned this association.,These universities stunned this associations.,morphology,determiner_noun_agreement,determiner_noun_agreement_1,True,True,False,True,555,-51.841651916503906,-53.107444763183594,1
All actors know those waitresses.,All actors know those waitress.,morphology,determiner_noun_agreement,determiner_noun_agreement_1,True,True,False,True,556,-55.176239013671875,-46.34794616699219,0
Every woman boycotted those high schools.,Every woman boycotted those high school.,morphology,determiner_noun_agreement,determiner_noun_agreement_1,True,True,False,True,557,-68.88644409179688,-66.57904815673828,0
Nancy cleans this cup.,Nancy cleans this cups.,morphology,determiner_noun_agreement,determiner_noun_agreement_1,True,True,False,True,558,-41.870269775390625,-45.358638763427734,1
Julia is healing these snakes.,Julia is healing these snake.,morphology,determiner_noun_agreement,determiner_noun_agreement_1,True,True,False,True,559,-46.492950439453125,-49.095489501953125,1
Some guys are disagreeing with these essays.,Some guys are disagreeing with these essay.,morphology,determiner_noun_agreement,determiner_noun_agreement_1,True,True,False,True,560,-51.56089782714844,-53.45203399658203,1
These doctors scan this pamphlet.,These doctors scan this pamphlets.,morphology,determiner_noun_agreement,determiner_noun_agreement_1,True,True,False,True,561,-46.336883544921875,-50.08174514770508,1
Walter wasn't talking about those children.,Walter wasn't talking about those child.,morphology,determiner_noun_agreement,determiner_noun_agreement_1,True,True,False,True,562,-38.00994110107422,-41.63034439086914,1
Stephen knew that adult.,Stephen knew that adults.,morphology,determiner_noun_agreement,determiner_noun_agreement_1,True,True,False,True,563,-38.509639739990234,-35.07183837890625,0
This patient was concealing that senator.,This patient was concealing that senators.,morphology,determiner_noun_agreement,determiner_noun_agreement_1,True,True,False,True,564,-51.128265380859375,-52.41053009033203,1
That organization bores those pedestrians.,That organization bores those pedestrian.,morphology,determiner_noun_agreement,determiner_noun_agreement_1,True,True,False,True,565,-57.05597686767578,-62.46806335449219,1
Daniel tours this library.,Daniel tours this libraries.,morphology,determiner_noun_agreement,determiner_noun_agreement_1,True,True,False,True,566,-41.387428283691406,-41.87726593017578,1
Patricia runs around these movie theaters.,Patricia runs around these movie theater.,morphology,determiner_noun_agreement,determiner_noun_agreement_1,True,True,False,True,567,-52.75773620605469,-50.514976501464844,0
Dawn alarmed that driver.,Dawn alarmed that drivers.,morphology,determiner_noun_agreement,determiner_noun_agreement_1,True,True,False,True,568,-49.066802978515625,-51.48505783081055,1
All jackets embarrass this teacher.,All jackets embarrass this teachers.,morphology,determiner_noun_agreement,determiner_noun_agreement_1,True,True,False,True,569,-52.62966537475586,-54.56013107299805,1
Natalie will examine those reports.,Natalie will examine those report.,morphology,determiner_noun_agreement,determiner_noun_agreement_1,True,True,False,True,570,-42.63343811035156,-46.23412322998047,1
James was lifting that cup.,James was lifting that cups.,morphology,determiner_noun_agreement,determiner_noun_agreement_1,True,True,False,True,571,-44.23529815673828,-45.955421447753906,1
Scott healed this driver.,Scott healed this drivers.,morphology,determiner_noun_agreement,determiner_noun_agreement_1,True,True,False,True,572,-40.92646408081055,-43.32301330566406,1
Suzanne has hugged that patient.,Suzanne has hugged that patients.,morphology,determiner_noun_agreement,determiner_noun_agreement_1,True,True,False,True,573,-47.115455627441406,-49.80409240722656,1
Erin wasn't listening to those teachers.,Erin wasn't listening to those teacher.,morphology,determiner_noun_agreement,determiner_noun_agreement_1,True,True,False,True,574,-46.19596481323242,-48.112396240234375,1
Jason should investigate these boys.,Jason should investigate these boy.,morphology,determiner_noun_agreement,determiner_noun_agreement_1,True,True,False,True,575,-41.617218017578125,-44.166709899902344,1
Jane could work with this guy.,Jane could work with this guys.,morphology,determiner_noun_agreement,determiner_noun_agreement_1,True,True,False,True,576,-36.22837829589844,-40.0339469909668,1
Omar toured that public park.,Omar toured that public parks.,morphology,determiner_noun_agreement,determiner_noun_agreement_1,True,True,False,True,577,-54.26872634887695,-56.38380432128906,1
Carts bothered these waitresses.,Carts bothered these waitress.,morphology,determiner_noun_agreement,determiner_noun_agreement_1,True,True,False,True,578,-56.028564453125,-49.198158264160156,0
Becky hid that face.,Becky hid that faces.,morphology,determiner_noun_agreement,determiner_noun_agreement_1,True,True,False,True,579,-35.35350036621094,-39.68463897705078,1
Lori isn't running around these restaurants.,Lori isn't running around these restaurant.,morphology,determiner_noun_agreement,determiner_noun_agreement_1,True,True,False,True,580,-48.964080810546875,-49.544517517089844,1
Liam hasn't healed those cats.,Liam hasn't healed those cat.,morphology,determiner_noun_agreement,determiner_noun_agreement_1,True,True,False,True,581,-50.56024932861328,-52.05137634277344,1
Suzanne is embarrassing that actress.,Suzanne is embarrassing that actresses.,morphology,determiner_noun_agreement,determiner_noun_agreement_1,True,True,False,True,582,-44.96917724609375,-49.843509674072266,1
Ronald explored those schools.,Ronald explored those school.,morphology,determiner_noun_agreement,determiner_noun_agreement_1,True,True,False,True,583,-43.73919677734375,-45.237388610839844,1
A lot of cashiers buy those jackets.,A lot of cashiers buy those jacket.,morphology,determiner_noun_agreement,determiner_noun_agreement_1,True,True,False,True,584,-50.29412841796875,-51.14676284790039,1
The Clintons ran around this public park.,The Clintons ran around this public parks.,morphology,determiner_noun_agreement,determiner_noun_agreement_1,True,True,False,True,585,-59.97543716430664,-63.32319641113281,1
Kirsten stunned that actor.,Kirsten stunned that actors.,morphology,determiner_noun_agreement,determiner_noun_agreement_1,True,True,False,True,586,-50.359657287597656,-52.66954803466797,1
Melissa did wear this hat.,Melissa did wear this hats.,morphology,determiner_noun_agreement,determiner_noun_agreement_1,True,True,False,True,587,-42.95871353149414,-47.61604309082031,1
Peter was observing these girls.,Peter was observing these girl.,morphology,determiner_noun_agreement,determiner_noun_agreement_1,True,True,False,True,588,-38.90378952026367,-43.78185272216797,1
Frank hadn't researched these associations.,Frank hadn't researched these association.,morphology,determiner_noun_agreement,determiner_noun_agreement_1,True,True,False,True,589,-50.411598205566406,-51.15123748779297,1
Christine heals this girl.,Christine heals this girls.,morphology,determiner_noun_agreement,determiner_noun_agreement_1,True,True,False,True,590,-42.566078186035156,-45.8458137512207,1
The Lutherans astounds these pedestrians.,The Lutherans astounds these pedestrian.,morphology,determiner_noun_agreement,determiner_noun_agreement_1,True,True,False,True,591,-75.50456237792969,-78.88542938232422,1
Regina arrived at this art gallery.,Regina arrived at this art galleries.,morphology,determiner_noun_agreement,determiner_noun_agreement_1,True,True,False,True,592,-51.08055877685547,-52.23011016845703,1
All women see this patient.,All women see this patients.,morphology,determiner_noun_agreement,determiner_noun_agreement_1,True,True,False,True,593,-34.453216552734375,-36.393653869628906,1
Those guys hadn't disagreed with this commentary.,Those guys hadn't disagreed with this commentaries.,morphology,determiner_noun_agreement,determiner_noun_agreement_1,True,True,False,True,594,-53.763450622558594,-63.575191497802734,1
Allison didn't visit those museums.,Allison didn't visit those museum.,morphology,determiner_noun_agreement,determiner_noun_agreement_1,True,True,False,True,595,-44.85667419433594,-46.360816955566406,1
Kimberley worried this museum.,Kimberley worried this museums.,morphology,determiner_noun_agreement,determiner_noun_agreement_1,True,True,False,True,596,-50.90845489501953,-56.178916931152344,1
Those forks bother these pedestrians.,Those forks bother these pedestrian.,morphology,determiner_noun_agreement,determiner_noun_agreement_1,True,True,False,True,597,-50.63985824584961,-54.3558235168457,1
Some school isn't helping these pedestrians.,Some school isn't helping these pedestrian.,morphology,determiner_noun_agreement,determiner_noun_agreement_1,True,True,False,True,598,-52.71995544433594,-56.25194549560547,1
Many patients notice this dress.,Many patients notice this dresses.,morphology,determiner_noun_agreement,determiner_noun_agreement_1,True,True,False,True,599,-43.157127380371094,-46.22943878173828,1
Most pedestrians attack this lady.,Most pedestrians attack this ladies.,morphology,determiner_noun_agreement,determiner_noun_agreement_1,True,True,False,True,600,-47.222434997558594,-49.14763641357422,1
Paula should visit those museums.,Paula should visit those museum.,morphology,determiner_noun_agreement,determiner_noun_agreement_1,True,True,False,True,601,-48.06389236450195,-49.913780212402344,1
All actresses visit this student.,All actresses visit this students.,morphology,determiner_noun_agreement,determiner_noun_agreement_1,True,True,False,True,602,-44.303550720214844,-45.06922912597656,1
Catherine drove to those banks.,Catherine drove to those bank.,morphology,determiner_noun_agreement,determiner_noun_agreement_1,True,True,False,True,603,-42.801513671875,-43.05447769165039,1
Jessica helps these boys.,Jessica helps these boy.,morphology,determiner_noun_agreement,determiner_noun_agreement_1,True,True,False,True,604,-39.4123420715332,-42.46743392944336,1
Carrie doesn't annoy this patient.,Carrie doesn't annoy this patients.,morphology,determiner_noun_agreement,determiner_noun_agreement_1,True,True,False,True,605,-46.11061096191406,-49.402320861816406,1
James fired this patient.,James fired this patients.,morphology,determiner_noun_agreement,determiner_noun_agreement_1,True,True,False,True,606,-35.461875915527344,-41.03985595703125,1
Every movie theater aggravated those guys.,Every movie theater aggravated those guy.,morphology,determiner_noun_agreement,determiner_noun_agreement_1,True,True,False,True,607,-56.704994201660156,-59.10139083862305,1
Eric skated around that museum.,Eric skated around that museums.,morphology,determiner_noun_agreement,determiner_noun_agreement_1,True,True,False,True,608,-49.95835494995117,-53.26963424682617,1
Stacy conceals this turtle.,Stacy conceals this turtles.,morphology,determiner_noun_agreement,determiner_noun_agreement_1,True,True,False,True,609,-49.30944061279297,-52.136756896972656,1
A projector could confuse that guest.,A projector could confuse that guests.,morphology,determiner_noun_agreement,determiner_noun_agreement_1,True,True,False,True,610,-54.03959655761719,-57.16791915893555,1
Stacy doesn't leave this guy.,Stacy doesn't leave this guys.,morphology,determiner_noun_agreement,determiner_noun_agreement_1,True,True,False,True,611,-38.128414154052734,-42.9310302734375,1
Some mall wasn't disgusting those universities.,Some mall wasn't disgusting those university.,morphology,determiner_noun_agreement,determiner_noun_agreement_1,True,True,False,True,612,-62.995304107666016,-65.19187927246094,1
Julie might flee from these teachers.,Julie might flee from these teacher.,morphology,determiner_noun_agreement,determiner_noun_agreement_1,True,True,False,True,613,-52.08399963378906,-53.55122375488281,1
Jodi wasn't disgusting those girls.,Jodi wasn't disgusting those girl.,morphology,determiner_noun_agreement,determiner_noun_agreement_1,True,True,False,True,614,-51.778465270996094,-54.57392883300781,1
George isn't bringing this grocery store.,George isn't bringing this grocery stores.,morphology,determiner_noun_agreement,determiner_noun_agreement_1,True,True,False,True,615,-43.736324310302734,-50.76515197753906,1
A boy ran around this museum.,A boy ran around this museums.,morphology,determiner_noun_agreement,determiner_noun_agreement_1,True,True,False,True,616,-41.38970947265625,-46.39528274536133,1
Lori shouldn't break this dish.,Lori shouldn't break this dishs.,morphology,determiner_noun_agreement,determiner_noun_agreement_1,True,True,False,True,617,-45.5631217956543,-51.68998336791992,1
Some cakes embarrass those actresses.,Some cakes embarrass those actress.,morphology,determiner_noun_agreement,determiner_noun_agreement_1,True,True,False,True,618,-52.323585510253906,-54.31986999511719,1
Literature disturbs those universities.,Literature disturbs those university.,morphology,determiner_noun_agreement,determiner_noun_agreement_1,True,True,False,True,619,-54.468231201171875,-57.287384033203125,1
The teachers argue about those guys.,The teachers argue about those guy.,morphology,determiner_noun_agreement,determiner_noun_agreement_1,True,True,False,True,620,-36.9512939453125,-39.68718338012695,1
All pies aren't shocking these dancers.,All pies aren't shocking these dancer.,morphology,determiner_noun_agreement,determiner_noun_agreement_1,True,True,False,True,621,-58.801902770996094,-60.96198272705078,1
Some students weren't disagreeing with these adults.,Some students weren't disagreeing with these adult.,morphology,determiner_noun_agreement,determiner_noun_agreement_1,True,True,False,True,622,-58.04762268066406,-60.960777282714844,1
A woman is looking like those paintings.,A woman is looking like those painting.,morphology,determiner_noun_agreement,determiner_noun_agreement_1,True,True,False,True,623,-40.10422897338867,-40.38465881347656,1
A box alarms these actresses.,A box alarms these actress.,morphology,determiner_noun_agreement,determiner_noun_agreement_1,True,True,False,True,624,-49.93232727050781,-50.802940368652344,1
A lot of ladies can have that pamphlet.,A lot of ladies can have that pamphlets.,morphology,determiner_noun_agreement,determiner_noun_agreement_1,True,True,False,True,625,-45.97337341308594,-48.970237731933594,1
Meredith cured these guys.,Meredith cured these guy.,morphology,determiner_noun_agreement,determiner_noun_agreement_1,True,True,False,True,626,-39.97020721435547,-43.110652923583984,1
Phillip won't think about those students.,Phillip won't think about those student.,morphology,determiner_noun_agreement,determiner_noun_agreement_1,True,True,False,True,627,-44.265464782714844,-48.70414733886719,1
This hat disgusts that boy.,This hat disgusts that boys.,morphology,determiner_noun_agreement,determiner_noun_agreement_1,True,True,False,True,628,-49.03173828125,-52.78296661376953,1
Raymond has forgotten that guy.,Raymond has forgotten that guys.,morphology,determiner_noun_agreement,determiner_noun_agreement_1,True,True,False,True,629,-38.02645492553711,-41.300018310546875,1
Erin hasn't toured these grocery stores.,Erin hasn't toured these grocery store.,morphology,determiner_noun_agreement,determiner_noun_agreement_1,True,True,False,True,630,-64.01837158203125,-59.802162170410156,0
The pies did alarm these students.,The pies did alarm these student.,morphology,determiner_noun_agreement,determiner_noun_agreement_1,True,True,False,True,631,-53.221981048583984,-56.98487091064453,1
Daniel does exit these public parks.,Daniel does exit these public park.,morphology,determiner_noun_agreement,determiner_noun_agreement_1,True,True,False,True,632,-56.94768524169922,-56.06639862060547,0
Theresa is arriving at that hospital.,Theresa is arriving at that hospitals.,morphology,determiner_noun_agreement,determiner_noun_agreement_1,True,True,False,True,633,-40.42024230957031,-45.62303161621094,1
Emily hasn't exited these grocery stores.,Emily hasn't exited these grocery store.,morphology,determiner_noun_agreement,determiner_noun_agreement_1,True,True,False,True,634,-58.115882873535156,-53.36373519897461,0
Sherry is concealing these brochures.,Sherry is concealing these brochure.,morphology,determiner_noun_agreement,determiner_noun_agreement_1,True,True,False,True,635,-54.031700134277344,-53.61027145385742,0
Jeffrey does complain about those reports.,Jeffrey does complain about those report.,morphology,determiner_noun_agreement,determiner_noun_agreement_1,True,True,False,True,636,-51.82236099243164,-56.43145751953125,1
All girls see that pedestrian.,All girls see that pedestrians.,morphology,determiner_noun_agreement,determiner_noun_agreement_1,True,True,False,True,637,-42.94533920288086,-39.35661315917969,0
Those actresses approach that student.,Those actresses approach that students.,morphology,determiner_noun_agreement,determiner_noun_agreement_1,True,True,False,True,638,-46.64875030517578,-45.27265167236328,0
Timothy couldn't disturb that guy.,Timothy couldn't disturb that guys.,morphology,determiner_noun_agreement,determiner_noun_agreement_1,True,True,False,True,639,-44.87096405029297,-48.26940155029297,1
A lot of guys find these guests.,A lot of guys find these guest.,morphology,determiner_noun_agreement,determiner_noun_agreement_1,True,True,False,True,640,-38.33761215209961,-39.66569519042969,1
Many fish can't look like this picture.,Many fish can't look like this pictures.,morphology,determiner_noun_agreement,determiner_noun_agreement_1,True,True,False,True,641,-45.12701416015625,-47.18861389160156,1
Craig drops by these cafes.,Craig drops by these cafe.,morphology,determiner_noun_agreement,determiner_noun_agreement_1,True,True,False,True,642,-54.38287353515625,-50.520206451416016,0
Carlos fired that waitress.,Carlos fired that waitresses.,morphology,determiner_noun_agreement,determiner_noun_agreement_1,True,True,False,True,643,-45.50474548339844,-50.37983703613281,1
Those girls conceal this blouse.,Those girls conceal this blouses.,morphology,determiner_noun_agreement,determiner_noun_agreement_1,True,True,False,True,644,-46.01800537109375,-48.8060188293457,1
The ladies walk through this public park.,The ladies walk through this public parks.,morphology,determiner_noun_agreement,determiner_noun_agreement_1,True,True,False,True,645,-46.82316589355469,-49.31373977661133,1
Irene has hidden those cashiers.,Irene has hidden those cashier.,morphology,determiner_noun_agreement,determiner_noun_agreement_1,True,True,False,True,646,-47.77617645263672,-44.788063049316406,0
Nancy wouldn't describe that driver.,Nancy wouldn't describe that drivers.,morphology,determiner_noun_agreement,determiner_noun_agreement_1,True,True,False,True,647,-44.38823318481445,-48.796630859375,1
A lot of reports didn't disagree with those documentaries.,A lot of reports didn't disagree with those documentary.,morphology,determiner_noun_agreement,determiner_noun_agreement_1,True,True,False,True,648,-56.52678680419922,-55.83395004272461,0
Every projector alarms that teacher.,Every projector alarms that teachers.,morphology,determiner_noun_agreement,determiner_noun_agreement_1,True,True,False,True,649,-54.6400146484375,-55.53390884399414,1
The associations worked with that actor.,The associations worked with that actors.,morphology,determiner_noun_agreement,determiner_noun_agreement_1,True,True,False,True,650,-48.907562255859375,-46.20893859863281,0
Tanya fixed this cup.,Tanya fixed this cups.,morphology,determiner_noun_agreement,determiner_noun_agreement_1,True,True,False,True,651,-43.13875961303711,-46.96104431152344,1
Samuel did sound like this museum.,Samuel did sound like this museums.,morphology,determiner_noun_agreement,determiner_noun_agreement_1,True,True,False,True,652,-45.79071044921875,-49.05255126953125,1
The drawing isn't annoying these waitresses.,The drawing isn't annoying these waitress.,morphology,determiner_noun_agreement,determiner_noun_agreement_1,True,True,False,True,653,-61.54900360107422,-54.17486572265625,0
That fork aggravates this university.,That fork aggravates this universities.,morphology,determiner_noun_agreement,determiner_noun_agreement_1,True,True,False,True,654,-57.348392486572266,-61.40882110595703,1
Amelia has attacked this patient.,Amelia has attacked this patients.,morphology,determiner_noun_agreement,determiner_noun_agreement_1,True,True,False,True,655,-42.33662414550781,-46.753387451171875,1
Margaret praises that student.,Margaret praises that students.,morphology,determiner_noun_agreement,determiner_noun_agreement_1,True,True,False,True,656,-43.08781433105469,-43.028377532958984,0
Dawn could love these essays.,Dawn could love these essay.,morphology,determiner_noun_agreement,determiner_noun_agreement_1,True,True,False,True,657,-49.38856887817383,-50.97190856933594,1
Natalie is finding these hats.,Natalie is finding these hat.,morphology,determiner_noun_agreement,determiner_noun_agreement_1,True,True,False,True,658,-42.761505126953125,-45.24148941040039,1
The Impressionists escape from this library.,The Impressionists escape from this libraries.,morphology,determiner_noun_agreement,determiner_noun_agreement_1,True,True,False,True,659,-50.19419860839844,-51.20505905151367,1
This government dislikes these guys.,This government dislikes these guy.,morphology,determiner_noun_agreement,determiner_noun_agreement_1,True,True,False,True,660,-48.23402404785156,-50.73057556152344,1
Phillip wasn't embarrassing this government.,Phillip wasn't embarrassing this governments.,morphology,determiner_noun_agreement,determiner_noun_agreement_1,True,True,False,True,661,-50.464752197265625,-54.18811798095703,1
Kenneth knew these students.,Kenneth knew these student.,morphology,determiner_noun_agreement,determiner_noun_agreement_1,True,True,False,True,662,-40.293540954589844,-43.59507369995117,1
A lot of lakes disturb that museum.,A lot of lakes disturb that museums.,morphology,determiner_noun_agreement,determiner_noun_agreement_1,True,True,False,True,663,-54.07678985595703,-55.14142608642578,1
Irene was going to that public park.,Irene was going to that public parks.,morphology,determiner_noun_agreement,determiner_noun_agreement_1,True,True,False,True,664,-48.000030517578125,-51.916229248046875,1
Heidi worked with those patients.,Heidi worked with those patient.,morphology,determiner_noun_agreement,determiner_noun_agreement_1,True,True,False,True,665,-40.31953430175781,-41.64262390136719,1
Renee was breaking that glass.,Renee was breaking that glasses.,morphology,determiner_noun_agreement,determiner_noun_agreement_1,True,True,False,True,666,-42.98120880126953,-45.854881286621094,1
Gregory dislikes this adult.,Gregory dislikes this adults.,morphology,determiner_noun_agreement,determiner_noun_agreement_1,True,True,False,True,667,-52.96030044555664,-55.29799270629883,1
Paul isn't taking this painting.,Paul isn't taking this paintings.,morphology,determiner_noun_agreement,determiner_noun_agreement_1,True,True,False,True,668,-37.326847076416016,-42.576072692871094,1
Rose is exiting this bank.,Rose is exiting this banks.,morphology,determiner_noun_agreement,determiner_noun_agreement_1,True,True,False,True,669,-45.230289459228516,-49.00010299682617,1
Lucille wasn't kissing that teenager.,Lucille wasn't kissing that teenagers.,morphology,determiner_noun_agreement,determiner_noun_agreement_1,True,True,False,True,670,-55.33385467529297,-59.00578689575195,1
Ann concealed these guests.,Ann concealed these guest.,morphology,determiner_noun_agreement,determiner_noun_agreement_1,True,True,False,True,671,-39.57774353027344,-42.419769287109375,1
Amanda notices these rabbits.,Amanda notices these rabbit.,morphology,determiner_noun_agreement,determiner_noun_agreement_1,True,True,False,True,672,-42.16652297973633,-45.56920623779297,1
Most pedestrians describe those plays.,Most pedestrians describe those play.,morphology,determiner_noun_agreement,determiner_noun_agreement_1,True,True,False,True,673,-48.72670364379883,-48.09084701538086,0
Guy has escaped from those girls.,Guy has escaped from those girl.,morphology,determiner_noun_agreement,determiner_noun_agreement_1,True,True,False,True,674,-38.0395393371582,-42.22137451171875,1
Naomi returned to this guy.,Naomi returned to this guys.,morphology,determiner_noun_agreement,determiner_noun_agreement_1,True,True,False,True,675,-38.643280029296875,-42.60940170288086,1
Elaine is messing up that glass.,Elaine is messing up that glasses.,morphology,determiner_noun_agreement,determiner_noun_agreement_1,True,True,False,True,676,-47.892852783203125,-50.7291374206543,1
Most banks should look like those drawings.,Most banks should look like those drawing.,morphology,determiner_noun_agreement,determiner_noun_agreement_1,True,True,False,True,677,-49.573822021484375,-51.59977340698242,1
Christopher hasn't hidden that chair.,Christopher hasn't hidden that chairs.,morphology,determiner_noun_agreement,determiner_noun_agreement_1,True,True,False,True,678,-42.75608825683594,-47.01506423950195,1
Florence talked to that doctor.,Florence talked to that doctors.,morphology,determiner_noun_agreement,determiner_noun_agreement_1,True,True,False,True,679,-41.13573455810547,-41.95145797729492,1
Sara had run around this library.,Sara had run around this libraries.,morphology,determiner_noun_agreement,determiner_noun_agreement_1,True,True,False,True,680,-41.30956268310547,-45.211299896240234,1
Helen was biking to these grocery stores.,Helen was biking to these grocery store.,morphology,determiner_noun_agreement,determiner_noun_agreement_1,True,True,False,True,681,-64.39178466796875,-59.597412109375,0
Some children see these drawings.,Some children see these drawing.,morphology,determiner_noun_agreement,determiner_noun_agreement_1,True,True,False,True,682,-36.81465148925781,-40.01744079589844,1
A lot of pictures have annoyed this actress.,A lot of pictures have annoyed this actresses.,morphology,determiner_noun_agreement,determiner_noun_agreement_1,True,True,False,True,683,-51.19699478149414,-55.906333923339844,1
The Clintons hadn't argued about those boys.,The Clintons hadn't argued about those boy.,morphology,determiner_noun_agreement,determiner_noun_agreement_1,True,True,False,True,684,-60.761695861816406,-63.789306640625,1
Mitchell healed that adult.,Mitchell healed that adults.,morphology,determiner_noun_agreement,determiner_noun_agreement_1,True,True,False,True,685,-46.62139129638672,-43.79312515258789,0
Omar doesn't forget these students.,Omar doesn't forget these student.,morphology,determiner_noun_agreement,determiner_noun_agreement_1,True,True,False,True,686,-43.74040985107422,-47.036956787109375,1
Carlos drops by that library.,Carlos drops by that libraries.,morphology,determiner_noun_agreement,determiner_noun_agreement_1,True,True,False,True,687,-52.76581573486328,-54.37764358520508,1
Some children were healing these students.,Some children were healing these student.,morphology,determiner_noun_agreement,determiner_noun_agreement_1,True,True,False,True,688,-48.98072814941406,-53.57306671142578,1
A fish isn't irritating this adult.,A fish isn't irritating this adults.,morphology,determiner_noun_agreement,determiner_noun_agreement_1,True,True,False,True,689,-52.29078674316406,-53.781715393066406,1
Galileo had those glasses.,Galileo had those glass.,morphology,determiner_noun_agreement,determiner_noun_agreement_1,True,True,False,True,690,-41.47792434692383,-43.83032989501953,1
Candice would sound like these waiters.,Candice would sound like these waiter.,morphology,determiner_noun_agreement,determiner_noun_agreement_1,True,True,False,True,691,-57.39739227294922,-49.10333251953125,0
Tamara does tour those restaurants.,Tamara does tour those restaurant.,morphology,determiner_noun_agreement,determiner_noun_agreement_1,True,True,False,True,692,-57.29800796508789,-58.14818572998047,1
Mitchell will boast about those boys.,Mitchell will boast about those boy.,morphology,determiner_noun_agreement,determiner_noun_agreement_1,True,True,False,True,693,-46.29682922363281,-49.61618423461914,1
Nancy does pass those museums.,Nancy does pass those museum.,morphology,determiner_noun_agreement,determiner_noun_agreement_1,True,True,False,True,694,-48.65291976928711,-50.30853271484375,1
Brad liked those grocery stores.,Brad liked those grocery store.,morphology,determiner_noun_agreement,determiner_noun_agreement_1,True,True,False,True,695,-48.446842193603516,-44.69965744018555,0
Carol insults that actor.,Carol insults that actors.,morphology,determiner_noun_agreement,determiner_noun_agreement_1,True,True,False,True,696,-42.70000457763672,-43.80470275878906,1
Thomas knows those guests.,Thomas knows those guest.,morphology,determiner_noun_agreement,determiner_noun_agreement_1,True,True,False,True,697,-34.98933410644531,-35.671913146972656,1
Angela watched this pedestrian.,Angela watched this pedestrians.,morphology,determiner_noun_agreement,determiner_noun_agreement_1,True,True,False,True,698,-46.9213752746582,-43.321929931640625,0
Sally hasn't known that waitress.,Sally hasn't known that waitresses.,morphology,determiner_noun_agreement,determiner_noun_agreement_1,True,True,False,True,699,-43.91327667236328,-50.7113037109375,1
Harvard University didn't hate this adult.,Harvard University didn't hate this adults.,morphology,determiner_noun_agreement,determiner_noun_agreement_1,True,True,False,True,700,-55.917415618896484,-57.56388854980469,1
Anna hadn't fled from these restaurants.,Anna hadn't fled from these restaurant.,morphology,determiner_noun_agreement,determiner_noun_agreement_1,True,True,False,True,701,-51.117645263671875,-50.66130828857422,0
The Impressionists hadn't lifted this sweater.,The Impressionists hadn't lifted this sweaters.,morphology,determiner_noun_agreement,determiner_noun_agreement_1,True,True,False,True,702,-59.597503662109375,-60.79705047607422,1
Allison couldn't listen to this guest.,Allison couldn't listen to this guests.,morphology,determiner_noun_agreement,determiner_noun_agreement_1,True,True,False,True,703,-43.08141326904297,-45.99726104736328,1
All teenagers insult these movie theaters.,All teenagers insult these movie theater.,morphology,determiner_noun_agreement,determiner_noun_agreement_1,True,True,False,True,704,-61.44286346435547,-60.48766326904297,0
The carriage scares those senators.,The carriage scares those senator.,morphology,determiner_noun_agreement,determiner_noun_agreement_1,True,True,False,True,705,-46.74888610839844,-48.023460388183594,1
These students didn't disagree with those children.,These students didn't disagree with those child.,morphology,determiner_noun_agreement,determiner_noun_agreement_1,True,True,False,True,706,-43.690834045410156,-48.1211051940918,1
Children bike to those banks.,Children bike to those bank.,morphology,determiner_noun_agreement,determiner_noun_agreement_1,True,True,False,True,707,-47.275325775146484,-49.46822738647461,1
Alice isn't complaining about that waitress.,Alice isn't complaining about that waitresses.,morphology,determiner_noun_agreement,determiner_noun_agreement_1,True,True,False,True,708,-44.58351135253906,-53.088157653808594,1
Some girls clean this car.,Some girls clean this cars.,morphology,determiner_noun_agreement,determiner_noun_agreement_1,True,True,False,True,709,-37.2369270324707,-39.66918182373047,1
Most waiters could break those couches.,Most waiters could break those couch.,morphology,determiner_noun_agreement,determiner_noun_agreement_1,True,True,False,True,710,-61.54486083984375,-61.78413391113281,1
Bruce questions that cashier.,Bruce questions that cashiers.,morphology,determiner_noun_agreement,determiner_noun_agreement_1,True,True,False,True,711,-42.623695373535156,-46.151161193847656,1
George hated these cashiers.,George hated these cashier.,morphology,determiner_noun_agreement,determiner_noun_agreement_1,True,True,False,True,712,-45.56854248046875,-42.37416076660156,0
Ella concealed these teachers.,Ella concealed these teacher.,morphology,determiner_noun_agreement,determiner_noun_agreement_1,True,True,False,True,713,-49.589805603027344,-51.201820373535156,1
Sheila is bringing this hamster.,Sheila is bringing this hamsters.,morphology,determiner_noun_agreement,determiner_noun_agreement_1,True,True,False,True,714,-43.8460693359375,-45.867210388183594,1
Some doctors boast about those patients.,Some doctors boast about those patient.,morphology,determiner_noun_agreement,determiner_noun_agreement_1,True,True,False,True,715,-42.9117546081543,-44.613121032714844,1
Carla has investigated these boys.,Carla has investigated these boy.,morphology,determiner_noun_agreement,determiner_noun_agreement_1,True,True,False,True,716,-40.920433044433594,-44.22014617919922,1
Those actors have taken those libraries.,Those actors have taken those library.,morphology,determiner_noun_agreement,determiner_noun_agreement_1,True,True,False,True,717,-46.45635223388672,-45.21849822998047,0
Some restaurants irritated that lady.,Some restaurants irritated that ladies.,morphology,determiner_noun_agreement,determiner_noun_agreement_1,True,True,False,True,718,-53.09074401855469,-54.27802276611328,1
Marcus couldn't complain about this teacher.,Marcus couldn't complain about this teachers.,morphology,determiner_noun_agreement,determiner_noun_agreement_1,True,True,False,True,719,-44.38097381591797,-48.32289123535156,1
Carmen isn't boasting about this story.,Carmen isn't boasting about this stories.,morphology,determiner_noun_agreement,determiner_noun_agreement_1,True,True,False,True,720,-50.06486511230469,-54.992347717285156,1
That senator is selling that art gallery.,That senator is selling that art galleries.,morphology,determiner_noun_agreement,determiner_noun_agreement_1,True,True,False,True,721,-52.62040710449219,-54.554176330566406,1
Patrick investigates these girls.,Patrick investigates these girl.,morphology,determiner_noun_agreement,determiner_noun_agreement_1,True,True,False,True,722,-37.308807373046875,-41.071929931640625,1
Lucille has stunned this guest.,Lucille has stunned this guests.,morphology,determiner_noun_agreement,determiner_noun_agreement_1,True,True,False,True,723,-49.20698928833008,-52.97677993774414,1
Most men examine these reports.,Most men examine these report.,morphology,determiner_noun_agreement,determiner_noun_agreement_1,True,True,False,True,724,-37.64031982421875,-41.44108963012695,1
This eye embarrasses these ladies.,This eye embarrasses these lady.,morphology,determiner_noun_agreement,determiner_noun_agreement_1,True,True,False,True,725,-49.67985534667969,-52.40351104736328,1
Ella hasn't healed that boy.,Ella hasn't healed that boys.,morphology,determiner_noun_agreement,determiner_noun_agreement_1,True,True,False,True,726,-48.02972412109375,-51.88560485839844,1
Sabrina wasn't talking about this mall.,Sabrina wasn't talking about this malls.,morphology,determiner_noun_agreement,determiner_noun_agreement_1,True,True,False,True,727,-43.65385437011719,-48.44675064086914,1
Ella argued about those patients.,Ella argued about those patient.,morphology,determiner_noun_agreement,determiner_noun_agreement_1,True,True,False,True,728,-48.792781829833984,-49.51860046386719,1
This girl could arrive at those college campuses.,This girl could arrive at those college campus.,morphology,determiner_noun_agreement,determiner_noun_agreement_1,True,True,False,True,729,-54.26095199584961,-53.802555084228516,0
Cheryl wasn't revealing those ladies.,Cheryl wasn't revealing those lady.,morphology,determiner_noun_agreement,determiner_noun_agreement_1,True,True,False,True,730,-57.28269958496094,-58.51380157470703,1
Jodi boasted about that book.,Jodi boasted about that books.,morphology,determiner_noun_agreement,determiner_noun_agreement_1,True,True,False,True,731,-48.21966552734375,-51.40037536621094,1
Colleen has known that pedestrian.,Colleen has known that pedestrians.,morphology,determiner_noun_agreement,determiner_noun_agreement_1,True,True,False,True,732,-51.89662170410156,-48.40924072265625,0
David wouldn't sell this plate.,David wouldn't sell this plates.,morphology,determiner_noun_agreement,determiner_noun_agreement_1,True,True,False,True,733,-39.043182373046875,-42.279296875,1
This legislature wouldn't help that teenager.,This legislature wouldn't help that teenagers.,morphology,determiner_noun_agreement,determiner_noun_agreement_1,True,True,False,True,734,-51.97460174560547,-53.695823669433594,1
Wayne was driving to this high school.,Wayne was driving to this high schools.,morphology,determiner_noun_agreement,determiner_noun_agreement_1,True,True,False,True,735,-42.55926513671875,-47.798648834228516,1
Dana will discuss this dancer.,Dana will discuss this dancers.,morphology,determiner_noun_agreement,determiner_noun_agreement_1,True,True,False,True,736,-42.16788101196289,-43.295494079589844,1
Candice cared for those teachers.,Candice cared for those teacher.,morphology,determiner_noun_agreement,determiner_noun_agreement_1,True,True,False,True,737,-44.16864013671875,-45.25405502319336,1
Every sketch looks like this brochure.,Every sketch looks like this brochures.,morphology,determiner_noun_agreement,determiner_noun_agreement_1,True,True,False,True,738,-45.19749450683594,-48.52383804321289,1
Most waiters love these documentaries.,Most waiters love these documentary.,morphology,determiner_noun_agreement,determiner_noun_agreement_1,True,True,False,True,739,-57.64229965209961,-58.35603713989258,1
Dancers are researching these pictures.,Dancers are researching these picture.,morphology,determiner_noun_agreement,determiner_noun_agreement_1,True,True,False,True,740,-47.131866455078125,-51.094417572021484,1
Christopher would aggravate these governments.,Christopher would aggravate these government.,morphology,determiner_noun_agreement,determiner_noun_agreement_1,True,True,False,True,741,-51.91966247558594,-52.07322692871094,1
Winston Churchill wasn't criticizing this college campus.,Winston Churchill wasn't criticizing this college campuses.,morphology,determiner_noun_agreement,determiner_noun_agreement_1,True,True,False,True,742,-74.97517395019531,-77.80387878417969,1
Mitchell discussed this teenager.,Mitchell discussed this teenagers.,morphology,determiner_noun_agreement,determiner_noun_agreement_1,True,True,False,True,743,-42.38140106201172,-46.40483093261719,1
Monet fired those waiters.,Monet fired those waiter.,morphology,determiner_noun_agreement,determiner_noun_agreement_1,True,True,False,True,744,-59.395591735839844,-51.120140075683594,0
The chicken shocks those committees.,The chicken shocks those committee.,morphology,determiner_noun_agreement,determiner_noun_agreement_1,True,True,False,True,745,-50.769012451171875,-49.41180419921875,0
The Lutherans approach this adult.,The Lutherans approach this adults.,morphology,determiner_noun_agreement,determiner_noun_agreement_1,True,True,False,True,746,-57.1384162902832,-57.791259765625,1
Carol didn't return to that boy.,Carol didn't return to that boys.,morphology,determiner_noun_agreement,determiner_noun_agreement_1,True,True,False,True,747,-42.86442565917969,-47.30339813232422,1
Jane arrived at these restaurants.,Jane arrived at these restaurant.,morphology,determiner_noun_agreement,determiner_noun_agreement_1,True,True,False,True,748,-37.7032470703125,-38.614845275878906,1
That teacher revealed these teachers.,That teacher revealed these teacher.,morphology,determiner_noun_agreement,determiner_noun_agreement_1,True,True,False,True,749,-40.09205627441406,-40.870460510253906,1
Every book isn't stunning these banks.,Every book isn't stunning these bank.,morphology,determiner_noun_agreement,determiner_noun_agreement_1,True,True,False,True,750,-56.01063537597656,-56.15779113769531,1
Carla isn't messing up those couches.,Carla isn't messing up those couch.,morphology,determiner_noun_agreement,determiner_noun_agreement_1,True,True,False,True,751,-59.64381408691406,-56.48432159423828,0
Lori hasn't exited that grocery store.,Lori hasn't exited that grocery stores.,morphology,determiner_noun_agreement,determiner_noun_agreement_1,True,True,False,True,752,-57.611793518066406,-63.68205261230469,1
Waitresses lift those socks.,Waitresses lift those sock.,morphology,determiner_noun_agreement,determiner_noun_agreement_1,True,True,False,True,753,-47.96513748168945,-52.40361022949219,1
John wasn't shocking this doctor.,John wasn't shocking this doctors.,morphology,determiner_noun_agreement,determiner_noun_agreement_1,True,True,False,True,754,-45.22056579589844,-48.957950592041016,1
Gerald cleans that scarf.,Gerald cleans that scarves.,morphology,determiner_noun_agreement,determiner_noun_agreement_1,True,True,False,True,755,-39.8470458984375,-48.95445251464844,1
Larry wasn't scaring this legislature.,Larry wasn't scaring this legislatures.,morphology,determiner_noun_agreement,determiner_noun_agreement_1,True,True,False,True,756,-52.073089599609375,-55.69655227661133,1
All ladders wouldn't annoy this girl.,All ladders wouldn't annoy this girls.,morphology,determiner_noun_agreement,determiner_noun_agreement_1,True,True,False,True,757,-49.726280212402344,-54.09355163574219,1
The Borgias haven't cared for those children.,The Borgias haven't cared for those child.,morphology,determiner_noun_agreement,determiner_noun_agreement_1,True,True,False,True,758,-52.715431213378906,-57.04198455810547,1
Emily disagrees with that boy.,Emily disagrees with that boys.,morphology,determiner_noun_agreement,determiner_noun_agreement_1,True,True,False,True,759,-39.66124725341797,-43.80567932128906,1
Guy has cleaned these restaurants.,Guy has cleaned these restaurant.,morphology,determiner_noun_agreement,determiner_noun_agreement_1,True,True,False,True,760,-41.47862243652344,-41.53567886352539,1
Ruth looks like that sketch.,Ruth looks like that sketches.,morphology,determiner_noun_agreement,determiner_noun_agreement_1,True,True,False,True,761,-41.61199188232422,-42.960636138916016,1
Every river shocks this boy.,Every river shocks this boys.,morphology,determiner_noun_agreement,determiner_noun_agreement_1,True,True,False,True,762,-47.36273956298828,-50.531494140625,1
The sketch wouldn't look like these cups.,The sketch wouldn't look like these cup.,morphology,determiner_noun_agreement,determiner_noun_agreement_1,True,True,False,True,763,-47.605953216552734,-50.546051025390625,1
The cashiers pass this grocery store.,The cashiers pass this grocery stores.,morphology,determiner_noun_agreement,determiner_noun_agreement_1,True,True,False,True,764,-45.516700744628906,-51.10174560546875,1
Those actors hire those waitresses.,Those actors hire those waitress.,morphology,determiner_noun_agreement,determiner_noun_agreement_1,True,True,False,True,765,-59.61176681518555,-50.15062713623047,0
Catherine might distract that organization.,Catherine might distract that organizations.,morphology,determiner_noun_agreement,determiner_noun_agreement_1,True,True,False,True,766,-48.983070373535156,-53.08694076538086,1
The students scan those documentaries.,The students scan those documentary.,morphology,determiner_noun_agreement,determiner_noun_agreement_1,True,True,False,True,767,-47.39720153808594,-46.95880126953125,0
Carmen hadn't watched these boys.,Carmen hadn't watched these boy.,morphology,determiner_noun_agreement,determiner_noun_agreement_1,True,True,False,True,768,-48.50367736816406,-51.38644790649414,1
Waitresses arrive at these grocery stores.,Waitresses arrive at these grocery store.,morphology,determiner_noun_agreement,determiner_noun_agreement_1,True,True,False,True,769,-57.8336296081543,-53.208778381347656,0
Tammy has broken this cup.,Tammy has broken this cups.,morphology,determiner_noun_agreement,determiner_noun_agreement_1,True,True,False,True,770,-39.69377136230469,-44.87632751464844,1
Most cafes would embarrass those museums.,Most cafes would embarrass those museum.,morphology,determiner_noun_agreement,determiner_noun_agreement_1,True,True,False,True,771,-61.14634704589844,-62.88075256347656,1
Steven can't wear those socks.,Steven can't wear those sock.,morphology,determiner_noun_agreement,determiner_noun_agreement_1,True,True,False,True,772,-33.30603790283203,-39.288597106933594,1
Janet hasn't appreciated that girl.,Janet hasn't appreciated that girls.,morphology,determiner_noun_agreement,determiner_noun_agreement_1,True,True,False,True,773,-46.7872314453125,-50.212867736816406,1
Thomas criticizes that play.,Thomas criticizes that plays.,morphology,determiner_noun_agreement,determiner_noun_agreement_1,True,True,False,True,774,-43.17877960205078,-44.361106872558594,1
A lot of birds should find this grocery store.,A lot of birds should find this grocery stores.,morphology,determiner_noun_agreement,determiner_noun_agreement_1,True,True,False,True,775,-51.045135498046875,-56.735435485839844,1
Every driver was wearing these shawls.,Every driver was wearing these shawl.,morphology,determiner_noun_agreement,determiner_noun_agreement_1,True,True,False,True,776,-52.652069091796875,-51.00328063964844,0
Deanna hadn't hidden those children.,Deanna hadn't hidden those child.,morphology,determiner_noun_agreement,determiner_noun_agreement_1,True,True,False,True,777,-53.10984802246094,-55.86298751831055,1
Paula wasn't escaping from this cashier.,Paula wasn't escaping from this cashiers.,morphology,determiner_noun_agreement,determiner_noun_agreement_1,True,True,False,True,778,-53.16770935058594,-57.788108825683594,1
Every sock stuns these customers.,Every sock stuns these customer.,morphology,determiner_noun_agreement,determiner_noun_agreement_1,True,True,False,True,779,-59.32149887084961,-60.45478057861328,1
Eva has upset this actor.,Eva has upset this actors.,morphology,determiner_noun_agreement,determiner_noun_agreement_1,True,True,False,True,780,-41.000457763671875,-45.1062126159668,1
Beth walked through these restaurants.,Beth walked through these restaurant.,morphology,determiner_noun_agreement,determiner_noun_agreement_1,True,True,False,True,781,-45.99821090698242,-46.30927276611328,1
Kenneth admires that drawing.,Kenneth admires that drawings.,morphology,determiner_noun_agreement,determiner_noun_agreement_1,True,True,False,True,782,-47.85615921020508,-48.024208068847656,1
Tomatoes aggravate those students.,Tomatoes aggravate those student.,morphology,determiner_noun_agreement,determiner_noun_agreement_1,True,True,False,True,783,-49.989479064941406,-53.368629455566406,1
Most cashiers have those rugs.,Most cashiers have those rug.,morphology,determiner_noun_agreement,determiner_noun_agreement_1,True,True,False,True,784,-47.20960998535156,-52.239601135253906,1
Stephanie wasn't breaking that fork.,Stephanie wasn't breaking that forks.,morphology,determiner_noun_agreement,determiner_noun_agreement_1,True,True,False,True,785,-47.89790344238281,-51.24188232421875,1
Matt hates those waiters.,Matt hates those waiter.,morphology,determiner_noun_agreement,determiner_noun_agreement_1,True,True,False,True,786,-48.702178955078125,-39.1204833984375,0
Timothy can't leave those guys.,Timothy can't leave those guy.,morphology,determiner_noun_agreement,determiner_noun_agreement_1,True,True,False,True,787,-39.00184631347656,-41.4237060546875,1
Those doctors hadn't fired that lady.,Those doctors hadn't fired that ladies.,morphology,determiner_noun_agreement,determiner_noun_agreement_1,True,True,False,True,788,-48.34980773925781,-51.29934310913086,1
Steve isn't walking through that grocery store.,Steve isn't walking through that grocery stores.,morphology,determiner_noun_agreement,determiner_noun_agreement_1,True,True,False,True,789,-50.341468811035156,-55.8721923828125,1
Douglas wouldn't bring these cars.,Douglas wouldn't bring these car.,morphology,determiner_noun_agreement,determiner_noun_agreement_1,True,True,False,True,790,-39.36875915527344,-41.968963623046875,1
Brad thought about these blouses.,Brad thought about these blouse.,morphology,determiner_noun_agreement,determiner_noun_agreement_1,True,True,False,True,791,-48.07876205444336,-45.46635818481445,0
The Lutherans clean these forks.,The Lutherans clean these fork.,morphology,determiner_noun_agreement,determiner_noun_agreement_1,True,True,False,True,792,-57.74406433105469,-60.44078063964844,1
Carolyn sells this sweater.,Carolyn sells this sweaters.,morphology,determiner_noun_agreement,determiner_noun_agreement_1,True,True,False,True,793,-44.86233139038086,-48.67060089111328,1
Scott notices that association.,Scott notices that associations.,morphology,determiner_noun_agreement,determiner_noun_agreement_1,True,True,False,True,794,-39.770294189453125,-41.353233337402344,1
Angela references these teachers.,Angela references these teacher.,morphology,determiner_noun_agreement,determiner_noun_agreement_1,True,True,False,True,795,-47.27269744873047,-48.250511169433594,1
The Impressionists conceal these dancers.,The Impressionists conceal these dancer.,morphology,determiner_noun_agreement,determiner_noun_agreement_1,True,True,False,True,796,-52.17470932006836,-57.338645935058594,1
Becky cured those senators.,Becky cured those senator.,morphology,determiner_noun_agreement,determiner_noun_agreement_1,True,True,False,True,797,-45.977806091308594,-45.69157791137695,0
Nina might boycott this cafe.,Nina might boycott this cafes.,morphology,determiner_noun_agreement,determiner_noun_agreement_1,True,True,False,True,798,-50.401031494140625,-55.005859375,1
Becky sells that cafe.,Becky sells that cafes.,morphology,determiner_noun_agreement,determiner_noun_agreement_1,True,True,False,True,799,-40.486083984375,-45.73822021484375,1
Suzanne referenced these boys.,Suzanne referenced these boy.,morphology,determiner_noun_agreement,determiner_noun_agreement_1,True,True,False,True,800,-43.4293212890625,-45.991485595703125,1
Amy is irritating that bank.,Amy is irritating that banks.,morphology,determiner_noun_agreement,determiner_noun_agreement_1,True,True,False,True,801,-45.668216705322266,-48.564697265625,1
Eva examines those plays.,Eva examines those play.,morphology,determiner_noun_agreement,determiner_noun_agreement_1,True,True,False,True,802,-45.437984466552734,-45.03221893310547,0
The lakes have scared that legislature.,The lakes have scared that legislatures.,morphology,determiner_noun_agreement,determiner_noun_agreement_1,True,True,False,True,803,-51.64632034301758,-51.42628479003906,0
Theodore hasn't respected these high schools.,Theodore hasn't respected these high school.,morphology,determiner_noun_agreement,determiner_noun_agreement_1,True,True,False,True,804,-53.741539001464844,-50.88502502441406,0
Omar has listened to these children.,Omar has listened to these child.,morphology,determiner_noun_agreement,determiner_noun_agreement_1,True,True,False,True,805,-40.06612777709961,-44.32001495361328,1
Stephen is talking to those pedestrians.,Stephen is talking to those pedestrian.,morphology,determiner_noun_agreement,determiner_noun_agreement_1,True,True,False,True,806,-42.1373405456543,-47.46403503417969,1
All windows annoy this legislature.,All windows annoy this legislatures.,morphology,determiner_noun_agreement,determiner_noun_agreement_1,True,True,False,True,807,-55.17047882080078,-57.331092834472656,1
Carol did heal that doctor.,Carol did heal that doctors.,morphology,determiner_noun_agreement,determiner_noun_agreement_1,True,True,False,True,808,-49.4805908203125,-50.018089294433594,1
Andrew helps that driver.,Andrew helps that drivers.,morphology,determiner_noun_agreement,determiner_noun_agreement_1,True,True,False,True,809,-38.30748748779297,-40.620765686035156,1
These waitresses are healing these teenagers.,These waitresses are healing these teenager.,morphology,determiner_noun_agreement,determiner_noun_agreement_1,True,True,False,True,810,-61.544471740722656,-65.9698486328125,1
Nina hasn't arrived at that restaurant.,Nina hasn't arrived at that restaurants.,morphology,determiner_noun_agreement,determiner_noun_agreement_1,True,True,False,True,811,-42.55961990356445,-47.84965133666992,1
Tanya does clean this library.,Tanya does clean this libraries.,morphology,determiner_noun_agreement,determiner_noun_agreement_1,True,True,False,True,812,-48.16801452636719,-50.68449401855469,1
A lot of books shouldn't bore these girls.,A lot of books shouldn't bore these girl.,morphology,determiner_noun_agreement,determiner_noun_agreement_1,True,True,False,True,813,-51.801719665527344,-55.372886657714844,1
Heather watches that guest.,Heather watches that guests.,morphology,determiner_noun_agreement,determiner_noun_agreement_1,True,True,False,True,814,-42.070655822753906,-44.98371505737305,1
A lot of convertibles annoy these hospitals.,A lot of convertibles annoy these hospital.,morphology,determiner_noun_agreement,determiner_noun_agreement_1,True,True,False,True,815,-66.39378356933594,-69.12234497070312,1
Russell isn't cleaning this high school.,Russell isn't cleaning this high schools.,morphology,determiner_noun_agreement,determiner_noun_agreement_1,True,True,False,True,816,-45.269630432128906,-50.17512512207031,1
This actor forgets this story.,This actor forgets this stories.,morphology,determiner_noun_agreement,determiner_noun_agreement_1,True,True,False,True,817,-38.89738464355469,-43.81092071533203,1
Some students brought that cat.,Some students brought that cats.,morphology,determiner_noun_agreement,determiner_noun_agreement_1,True,True,False,True,818,-42.44822311401367,-42.028709411621094,0
Kirsten hasn't examined that play.,Kirsten hasn't examined that plays.,morphology,determiner_noun_agreement,determiner_noun_agreement_1,True,True,False,True,819,-50.783050537109375,-51.76097106933594,1
George wouldn't resemble that drawing.,George wouldn't resemble that drawings.,morphology,determiner_noun_agreement,determiner_noun_agreement_1,True,True,False,True,820,-46.682254791259766,-45.890289306640625,0
Tara likes that chair.,Tara likes that chairs.,morphology,determiner_noun_agreement,determiner_noun_agreement_1,True,True,False,True,821,-38.01250457763672,-40.00816345214844,1
Some schools hate those pamphlets.,Some schools hate those pamphlet.,morphology,determiner_noun_agreement,determiner_noun_agreement_1,True,True,False,True,822,-50.23177719116211,-49.227760314941406,0
The guests care for these guys.,The guests care for these guy.,morphology,determiner_noun_agreement,determiner_noun_agreement_1,True,True,False,True,823,-41.619903564453125,-45.63526916503906,1
Nicole couldn't sell those socks.,Nicole couldn't sell those sock.,morphology,determiner_noun_agreement,determiner_noun_agreement_1,True,True,False,True,824,-40.225242614746094,-45.12364196777344,1
Joseph disgusted these actors.,Joseph disgusted these actor.,morphology,determiner_noun_agreement,determiner_noun_agreement_1,True,True,False,True,825,-45.16022491455078,-47.13096618652344,1
Jacqueline could help this teacher.,Jacqueline could help this teachers.,morphology,determiner_noun_agreement,determiner_noun_agreement_1,True,True,False,True,826,-43.4589958190918,-47.624725341796875,1
Some ladders alarm those banks.,Some ladders alarm those bank.,morphology,determiner_noun_agreement,determiner_noun_agreement_1,True,True,False,True,827,-51.75694274902344,-52.36149978637695,1
Charles wouldn't argue about these pedestrians.,Charles wouldn't argue about these pedestrian.,morphology,determiner_noun_agreement,determiner_noun_agreement_1,True,True,False,True,828,-46.99064254760742,-50.8978271484375,1
Melanie didn't see that waitress.,Melanie didn't see that waitresses.,morphology,determiner_noun_agreement,determiner_noun_agreement_1,True,True,False,True,829,-39.24650573730469,-48.06995391845703,1
All paintings will look like that pamphlet.,All paintings will look like that pamphlets.,morphology,determiner_noun_agreement,determiner_noun_agreement_1,True,True,False,True,830,-52.34213638305664,-55.07788848876953,1
Patients skate around that restaurant.,Patients skate around that restaurants.,morphology,determiner_noun_agreement,determiner_noun_agreement_1,True,True,False,True,831,-49.315277099609375,-50.31614685058594,1
Melanie shouldn't tour this library.,Melanie shouldn't tour this libraries.,morphology,determiner_noun_agreement,determiner_noun_agreement_1,True,True,False,True,832,-52.01716613769531,-53.848567962646484,1
Many companies won't love these reports.,Many companies won't love these report.,morphology,determiner_noun_agreement,determiner_noun_agreement_1,True,True,False,True,833,-49.85620880126953,-53.93450164794922,1
Kevin boycotts this art gallery.,Kevin boycotts this art galleries.,morphology,determiner_noun_agreement,determiner_noun_agreement_1,True,True,False,True,834,-54.09205627441406,-55.82727813720703,1
Janet hides those sketches.,Janet hides those sketch.,morphology,determiner_noun_agreement,determiner_noun_agreement_1,True,True,False,True,835,-45.83085250854492,-46.11935806274414,1
The Balkans upset these dancers.,The Balkans upset these dancer.,morphology,determiner_noun_agreement,determiner_noun_agreement_1,True,True,False,True,836,-44.498008728027344,-49.102500915527344,1
Alice hasn't revealed those shoes.,Alice hasn't revealed those shoe.,morphology,determiner_noun_agreement,determiner_noun_agreement_1,True,True,False,True,837,-43.51355743408203,-46.981014251708984,1
Paul doesn't conceal that snake.,Paul doesn't conceal that snakes.,morphology,determiner_noun_agreement,determiner_noun_agreement_1,True,True,False,True,838,-44.016746520996094,-46.896366119384766,1
Tamara isn't praising those teenagers.,Tamara isn't praising those teenager.,morphology,determiner_noun_agreement,determiner_noun_agreement_1,True,True,False,True,839,-52.652320861816406,-56.398193359375,1
Michelle works with that adult.,Michelle works with that adults.,morphology,determiner_noun_agreement,determiner_noun_agreement_1,True,True,False,True,840,-43.62889862060547,-39.791053771972656,0
Rebecca had noticed this student.,Rebecca had noticed this students.,morphology,determiner_noun_agreement,determiner_noun_agreement_1,True,True,False,True,841,-42.04591369628906,-43.93359375,1
Nina heals those waiters.,Nina heals those waiter.,morphology,determiner_noun_agreement,determiner_noun_agreement_1,True,True,False,True,842,-58.514339447021484,-50.98884582519531,0
Every woman reveals that patient.,Every woman reveals that patients.,morphology,determiner_noun_agreement,determiner_noun_agreement_1,True,True,False,True,843,-38.59439468383789,-40.06463623046875,1
All banks couldn't love this patient.,All banks couldn't love this patients.,morphology,determiner_noun_agreement,determiner_noun_agreement_1,True,True,False,True,844,-50.48476028442383,-53.493621826171875,1
Martin sounds like those dancers.,Martin sounds like those dancer.,morphology,determiner_noun_agreement,determiner_noun_agreement_1,True,True,False,True,845,-38.4241943359375,-40.71770095825195,1
Laurie disliked this movie theater.,Laurie disliked this movie theaters.,morphology,determiner_noun_agreement,determiner_noun_agreement_1,True,True,False,True,846,-48.47060012817383,-51.78564453125,1
Carl can't investigate those boys.,Carl can't investigate those boy.,morphology,determiner_noun_agreement,determiner_noun_agreement_1,True,True,False,True,847,-40.47309112548828,-43.73518371582031,1
Kenneth would watch this pedestrian.,Kenneth would watch this pedestrians.,morphology,determiner_noun_agreement,determiner_noun_agreement_1,True,True,False,True,848,-51.72420883178711,-48.46870422363281,0
Katherine was appreciating these grocery stores.,Katherine was appreciating these grocery store.,morphology,determiner_noun_agreement,determiner_noun_agreement_1,True,True,False,True,849,-61.76904296875,-57.262699127197266,0
Eva would flee from these children.,Eva would flee from these child.,morphology,determiner_noun_agreement,determiner_noun_agreement_1,True,True,False,True,850,-45.62936019897461,-49.68644714355469,1
Tanya hasn't fled from that cashier.,Tanya hasn't fled from that cashiers.,morphology,determiner_noun_agreement,determiner_noun_agreement_1,True,True,False,True,851,-53.842803955078125,-57.98381042480469,1
Karla listened to those cashiers.,Karla listened to those cashier.,morphology,determiner_noun_agreement,determiner_noun_agreement_1,True,True,False,True,852,-54.134178161621094,-51.64279556274414,0
Mary conceals these sweaters.,Mary conceals these sweater.,morphology,determiner_noun_agreement,determiner_noun_agreement_1,True,True,False,True,853,-53.119354248046875,-51.539024353027344,0
A lot of skateboards stun that cashier.,A lot of skateboards stun that cashiers.,morphology,determiner_noun_agreement,determiner_noun_agreement_1,True,True,False,True,854,-62.299285888671875,-66.26415252685547,1
Some spinach could worry those senators.,Some spinach could worry those senator.,morphology,determiner_noun_agreement,determiner_noun_agreement_1,True,True,False,True,855,-59.499351501464844,-60.24941635131836,1
Marie left those cashiers.,Marie left those cashier.,morphology,determiner_noun_agreement,determiner_noun_agreement_1,True,True,False,True,856,-39.766693115234375,-37.445945739746094,0
Those drivers discover these children.,Those drivers discover these child.,morphology,determiner_noun_agreement,determiner_noun_agreement_1,True,True,False,True,857,-41.1492919921875,-44.92401885986328,1
Mitchell hadn't broken this chair.,Mitchell hadn't broken this chairs.,morphology,determiner_noun_agreement,determiner_noun_agreement_1,True,True,False,True,858,-42.90936279296875,-48.467559814453125,1
Colleen left this patient.,Colleen left this patients.,morphology,determiner_noun_agreement,determiner_noun_agreement_1,True,True,False,True,859,-37.411415100097656,-41.310054779052734,1
The shawl was confusing this patient.,The shawl was confusing this patients.,morphology,determiner_noun_agreement,determiner_noun_agreement_1,True,True,False,True,860,-51.11085891723633,-56.16657257080078,1
Wendy drove to this college campus.,Wendy drove to this college campuses.,morphology,determiner_noun_agreement,determiner_noun_agreement_1,True,True,False,True,861,-53.38890075683594,-56.4119987487793,1
The patients bike to this school.,The patients bike to this schools.,morphology,determiner_noun_agreement,determiner_noun_agreement_1,True,True,False,True,862,-47.97781753540039,-52.96062469482422,1
That guy isn't escaping from those libraries.,That guy isn't escaping from those library.,morphology,determiner_noun_agreement,determiner_noun_agreement_1,True,True,False,True,863,-50.599815368652344,-47.92086410522461,0
Grace complains about these movies.,Grace complains about these movie.,morphology,determiner_noun_agreement,determiner_noun_agreement_1,True,True,False,True,864,-40.50353240966797,-42.62638854980469,1
Stephen wasn't healing this girl.,Stephen wasn't healing this girls.,morphology,determiner_noun_agreement,determiner_noun_agreement_1,True,True,False,True,865,-45.94925308227539,-50.70611572265625,1
All waitresses care for this waitress.,All waitresses care for this waitresses.,morphology,determiner_noun_agreement,determiner_noun_agreement_1,True,True,False,True,866,-58.53942108154297,-66.43772888183594,1
David flees from this movie theater.,David flees from this movie theaters.,morphology,determiner_noun_agreement,determiner_noun_agreement_1,True,True,False,True,867,-55.907867431640625,-59.045989990234375,1
Erin isn't arriving at those movie theaters.,Erin isn't arriving at those movie theater.,morphology,determiner_noun_agreement,determiner_noun_agreement_1,True,True,False,True,868,-67.44092559814453,-64.91972351074219,0
Some actors have looked like that photograph.,Some actors have looked like that photographs.,morphology,determiner_noun_agreement,determiner_noun_agreement_1,True,True,False,True,869,-46.03394317626953,-45.75813293457031,0
Deanna explores these restaurants.,Deanna explores these restaurant.,morphology,determiner_noun_agreement,determiner_noun_agreement_1,True,True,False,True,870,-49.352210998535156,-50.42864227294922,1
Some waitresses wouldn't kiss these children.,Some waitresses wouldn't kiss these child.,morphology,determiner_noun_agreement,determiner_noun_agreement_1,True,True,False,True,871,-59.321746826171875,-61.6905403137207,1
Kenneth notices this bank.,Kenneth notices this banks.,morphology,determiner_noun_agreement,determiner_noun_agreement_1,True,True,False,True,872,-38.78871154785156,-43.02353286743164,1
The Impressionists research this painting.,The Impressionists research this paintings.,morphology,determiner_noun_agreement,determiner_noun_agreement_1,True,True,False,True,873,-54.57501983642578,-58.267364501953125,1
Some candle disgusts that government.,Some candle disgusts that governments.,morphology,determiner_noun_agreement,determiner_noun_agreement_1,True,True,False,True,874,-58.72006607055664,-60.072654724121094,1
Amy researches these governments.,Amy researches these government.,morphology,determiner_noun_agreement,determiner_noun_agreement_1,True,True,False,True,875,-48.35214614868164,-47.764434814453125,0
A lot of cashiers have described this brochure.,A lot of cashiers have described this brochures.,morphology,determiner_noun_agreement,determiner_noun_agreement_1,True,True,False,True,876,-53.30234146118164,-56.825477600097656,1
The hat aggravates this guest.,The hat aggravates this guests.,morphology,determiner_noun_agreement,determiner_noun_agreement_1,True,True,False,True,877,-52.27704620361328,-54.870574951171875,1
Wayne hid those customers.,Wayne hid those customer.,morphology,determiner_noun_agreement,determiner_noun_agreement_1,True,True,False,True,878,-43.31937789916992,-43.77604293823242,1
Becky visits this customer.,Becky visits this customers.,morphology,determiner_noun_agreement,determiner_noun_agreement_1,True,True,False,True,879,-40.94263458251953,-42.35468292236328,1
Galileo escaped from those movie theaters.,Galileo escaped from those movie theater.,morphology,determiner_noun_agreement,determiner_noun_agreement_1,True,True,False,True,880,-63.12052917480469,-60.7689208984375,0
All teachers should clean this fork.,All teachers should clean this forks.,morphology,determiner_noun_agreement,determiner_noun_agreement_1,True,True,False,True,881,-50.155921936035156,-51.21775817871094,1
Carolyn wasn't noticing these photographs.,Carolyn wasn't noticing these photograph.,morphology,determiner_noun_agreement,determiner_noun_agreement_1,True,True,False,True,882,-50.3611946105957,-50.64003372192383,1
Most doors can astound that student.,Most doors can astound that students.,morphology,determiner_noun_agreement,determiner_noun_agreement_1,True,True,False,True,883,-64.86976623535156,-63.835533142089844,0
A waiter is examining these newspaper articles.,A waiter is examining these newspaper article.,morphology,determiner_noun_agreement,determiner_noun_agreement_1,True,True,False,True,884,-57.25708770751953,-57.96907424926758,1
Every cat could worry that hospital.,Every cat could worry that hospitals.,morphology,determiner_noun_agreement,determiner_noun_agreement_1,True,True,False,True,885,-49.895782470703125,-54.30287551879883,1
Some senator investigates that guest.,Some senator investigates that guests.,morphology,determiner_noun_agreement,determiner_noun_agreement_1,True,True,False,True,886,-46.48881149291992,-49.85204315185547,1
Lisa was hiding this nose.,Lisa was hiding this noses.,morphology,determiner_noun_agreement,determiner_noun_agreement_1,True,True,False,True,887,-39.57650375366211,-43.96702575683594,1
Carlos fled from these grocery stores.,Carlos fled from these grocery store.,morphology,determiner_noun_agreement,determiner_noun_agreement_1,True,True,False,True,888,-54.136322021484375,-50.092403411865234,0
Michael is noticing this actor.,Michael is noticing this actors.,morphology,determiner_noun_agreement,determiner_noun_agreement_1,True,True,False,True,889,-34.448486328125,-38.34986114501953,1
Michelle could clean these books.,Michelle could clean these book.,morphology,determiner_noun_agreement,determiner_noun_agreement_1,True,True,False,True,890,-41.787960052490234,-44.420475006103516,1
Roger escapes from that teacher.,Roger escapes from that teachers.,morphology,determiner_noun_agreement,determiner_noun_agreement_1,True,True,False,True,891,-40.08586502075195,-42.190731048583984,1
These doctors listen to this guy.,These doctors listen to this guys.,morphology,determiner_noun_agreement,determiner_noun_agreement_1,True,True,False,True,892,-36.27748489379883,-40.705169677734375,1
Douglas breaks that couch.,Douglas breaks that couchs.,morphology,determiner_noun_agreement,determiner_noun_agreement_1,True,True,False,True,893,-41.98189926147461,-50.72464370727539,1
Students watch those customers.,Students watch those customer.,morphology,determiner_noun_agreement,determiner_noun_agreement_1,True,True,False,True,894,-36.42689514160156,-38.339210510253906,1
Marcus had boycotted that government.,Marcus had boycotted that governments.,morphology,determiner_noun_agreement,determiner_noun_agreement_1,True,True,False,True,895,-70.29022979736328,-73.18801879882812,1
Brett runs around this restaurant.,Brett runs around this restaurants.,morphology,determiner_noun_agreement,determiner_noun_agreement_1,True,True,False,True,896,-39.801570892333984,-43.666969299316406,1
Melanie isn't touring these restaurants.,Melanie isn't touring these restaurant.,morphology,determiner_noun_agreement,determiner_noun_agreement_1,True,True,False,True,897,-53.298179626464844,-52.743194580078125,0
A lot of waiters conceal that senator.,A lot of waiters conceal that senators.,morphology,determiner_noun_agreement,determiner_noun_agreement_1,True,True,False,True,898,-65.83366394042969,-67.451416015625,1
Those actors discover those waitresses.,Those actors discover those waitress.,morphology,determiner_noun_agreement,determiner_noun_agreement_1,True,True,False,True,899,-55.98698043823242,-47.57509994506836,0
The Impressionists attack this lady.,The Impressionists attack this ladies.,morphology,determiner_noun_agreement,determiner_noun_agreement_1,True,True,False,True,900,-47.61883544921875,-50.77286911010742,1
Most patients conceal those glasses.,Most patients conceal those glass.,morphology,determiner_noun_agreement,determiner_noun_agreement_1,True,True,False,True,901,-47.06572723388672,-49.26106262207031,1
Kathleen shouldn't skate around these college campuses.,Kathleen shouldn't skate around these college campus.,morphology,determiner_noun_agreement,determiner_noun_agreement_1,True,True,False,True,902,-75.67333984375,-75.5860366821289,0
A lot of patients hire that driver.,A lot of patients hire that drivers.,morphology,determiner_noun_agreement,determiner_noun_agreement_1,True,True,False,True,903,-47.81622314453125,-48.943145751953125,1
These boys attack these teachers.,These boys attack these teacher.,morphology,determiner_noun_agreement,determiner_noun_agreement_1,True,True,False,True,904,-39.27060317993164,-41.867286682128906,1
This cashier isn't wearing that skirt.,This cashier isn't wearing that skirts.,morphology,determiner_noun_agreement,determiner_noun_agreement_1,True,True,False,True,905,-48.19361877441406,-52.154884338378906,1
That association won't insult those children.,That association won't insult those child.,morphology,determiner_noun_agreement,determiner_noun_agreement_1,True,True,False,True,906,-53.531036376953125,-57.31901550292969,1
Barbara is worrying this adult.,Barbara is worrying this adults.,morphology,determiner_noun_agreement,determiner_noun_agreement_1,True,True,False,True,907,-44.5177116394043,-45.57887268066406,1
Sandra might conceal these stories.,Sandra might conceal these story.,morphology,determiner_noun_agreement,determiner_noun_agreement_1,True,True,False,True,908,-47.75742721557617,-50.62747573852539,1
The Clintons mess up this mall.,The Clintons mess up this malls.,morphology,determiner_noun_agreement,determiner_noun_agreement_1,True,True,False,True,909,-56.72834014892578,-59.60425567626953,1
A cucumber has astounded those universities.,A cucumber has astounded those university.,morphology,determiner_noun_agreement,determiner_noun_agreement_1,True,True,False,True,910,-58.41751480102539,-60.293540954589844,1
Kendra hasn't listened to that student.,Kendra hasn't listened to that students.,morphology,determiner_noun_agreement,determiner_noun_agreement_1,True,True,False,True,911,-51.56843948364258,-54.419578552246094,1
Ellen discovered these scarves.,Ellen discovered these scarf.,morphology,determiner_noun_agreement,determiner_noun_agreement_1,True,True,False,True,912,-48.8304328918457,-42.0308837890625,0
Wayne cleans these forks.,Wayne cleans these fork.,morphology,determiner_noun_agreement,determiner_noun_agreement_1,True,True,False,True,913,-43.70012664794922,-45.85108947753906,1
The Borgias bike to those banks.,The Borgias bike to those bank.,morphology,determiner_noun_agreement,determiner_noun_agreement_1,True,True,False,True,914,-60.21181869506836,-62.48820495605469,1
These men left that driver.,These men left that drivers.,morphology,determiner_noun_agreement,determiner_noun_agreement_1,True,True,False,True,915,-35.21488952636719,-36.16493225097656,1
Sonia hasn't boycotted that college campus.,Sonia hasn't boycotted that college campuses.,morphology,determiner_noun_agreement,determiner_noun_agreement_1,True,True,False,True,916,-83.34690856933594,-84.22817993164062,1
Russell has scanned those essays.,Russell has scanned those essay.,morphology,determiner_noun_agreement,determiner_noun_agreement_1,True,True,False,True,917,-47.32512664794922,-49.21112060546875,1
A lot of guests have those cats.,A lot of guests have those cat.,morphology,determiner_noun_agreement,determiner_noun_agreement_1,True,True,False,True,918,-38.27320098876953,-42.204795837402344,1
Carmen fired those ladies.,Carmen fired those lady.,morphology,determiner_noun_agreement,determiner_noun_agreement_1,True,True,False,True,919,-43.42927169799805,-44.868385314941406,1
A lot of children bike to this library.,A lot of children bike to this libraries.,morphology,determiner_noun_agreement,determiner_noun_agreement_1,True,True,False,True,920,-50.57635498046875,-53.959564208984375,1
Many waitresses mess up this cafe.,Many waitresses mess up this cafes.,morphology,determiner_noun_agreement,determiner_noun_agreement_1,True,True,False,True,921,-61.73662567138672,-67.01385498046875,1
Tamara had cleaned those schools.,Tamara had cleaned those school.,morphology,determiner_noun_agreement,determiner_noun_agreement_1,True,True,False,True,922,-47.44375991821289,-49.163700103759766,1
Laura did think about those blouses.,Laura did think about those blouse.,morphology,determiner_noun_agreement,determiner_noun_agreement_1,True,True,False,True,923,-49.23694610595703,-45.8232536315918,0
The Borgias wear those shirts.,The Borgias wear those shirt.,morphology,determiner_noun_agreement,determiner_noun_agreement_1,True,True,False,True,924,-46.89360046386719,-48.13592529296875,1
Carlos brought these reports.,Carlos brought these report.,morphology,determiner_noun_agreement,determiner_noun_agreement_1,True,True,False,True,925,-37.257049560546875,-41.074337005615234,1
Mary might listen to these doctors.,Mary might listen to these doctor.,morphology,determiner_noun_agreement,determiner_noun_agreement_1,True,True,False,True,926,-43.0415153503418,-44.10232925415039,1
That pepper worried that school.,That pepper worried that schools.,morphology,determiner_noun_agreement,determiner_noun_agreement_1,True,True,False,True,927,-44.77210235595703,-49.982967376708984,1
Christine was aggravating this company.,Christine was aggravating this companies.,morphology,determiner_noun_agreement,determiner_noun_agreement_1,True,True,False,True,928,-46.29765701293945,-51.868324279785156,1
Pedestrians boycott these banks.,Pedestrians boycott these bank.,morphology,determiner_noun_agreement,determiner_noun_agreement_1,True,True,False,True,929,-56.288719177246094,-57.938961029052734,1
Catherine wasn't referencing this senator.,Catherine wasn't referencing this senators.,morphology,determiner_noun_agreement,determiner_noun_agreement_1,True,True,False,True,930,-58.1999626159668,-61.373722076416016,1
Emily isn't curing that doctor.,Emily isn't curing that doctors.,morphology,determiner_noun_agreement,determiner_noun_agreement_1,True,True,False,True,931,-44.92318344116211,-48.38609313964844,1
All stairs don't disgust these libraries.,All stairs don't disgust these library.,morphology,determiner_noun_agreement,determiner_noun_agreement_1,True,True,False,True,932,-61.334442138671875,-61.26286315917969,0
Ruth hasn't known that pedestrian.,Ruth hasn't known that pedestrians.,morphology,determiner_noun_agreement,determiner_noun_agreement_1,True,True,False,True,933,-47.92303466796875,-43.99048614501953,0
Brad hadn't found those senators.,Brad hadn't found those senator.,morphology,determiner_noun_agreement,determiner_noun_agreement_1,True,True,False,True,934,-49.39470291137695,-49.461116790771484,1
These pedestrians heal that teacher.,These pedestrians heal that teachers.,morphology,determiner_noun_agreement,determiner_noun_agreement_1,True,True,False,True,935,-50.449974060058594,-49.80876922607422,0
Bradley thought about these shoes.,Bradley thought about these shoe.,morphology,determiner_noun_agreement,determiner_noun_agreement_1,True,True,False,True,936,-40.19192123413086,-43.000030517578125,1
That association hates that book.,That association hates that books.,morphology,determiner_noun_agreement,determiner_noun_agreement_1,True,True,False,True,937,-46.40559005737305,-48.561431884765625,1
John isn't hiding this shawl.,John isn't hiding this shawls.,morphology,determiner_noun_agreement,determiner_noun_agreement_1,True,True,False,True,938,-43.048866271972656,-46.486751556396484,1
All patients praise those reports.,All patients praise those report.,morphology,determiner_noun_agreement,determiner_noun_agreement_1,True,True,False,True,939,-46.147682189941406,-49.35289764404297,1
Andrea does mess up those hospitals.,Andrea does mess up those hospital.,morphology,determiner_noun_agreement,determiner_noun_agreement_1,True,True,False,True,940,-52.477989196777344,-53.054805755615234,1
Every scarf embarrasses these banks.,Every scarf embarrasses these bank.,morphology,determiner_noun_agreement,determiner_noun_agreement_1,True,True,False,True,941,-53.09336853027344,-55.045570373535156,1
Irene insulted those books.,Irene insulted those book.,morphology,determiner_noun_agreement,determiner_noun_agreement_1,True,True,False,True,942,-37.46052551269531,-41.145572662353516,1
The mountain doesn't stun that waitress.,The mountain doesn't stun that waitresses.,morphology,determiner_noun_agreement,determiner_noun_agreement_1,True,True,False,True,943,-50.63428497314453,-55.83073425292969,1
Brian has stunned this actress.,Brian has stunned this actresses.,morphology,determiner_noun_agreement,determiner_noun_agreement_1,True,True,False,True,944,-42.93934631347656,-48.69564437866211,1
Some mirror had resembled those photographs.,Some mirror had resembled those photograph.,morphology,determiner_noun_agreement,determiner_noun_agreement_1,True,True,False,True,945,-52.97066879272461,-54.73798751831055,1
Public parks haven't irritated these patients.,Public parks haven't irritated these patient.,morphology,determiner_noun_agreement,determiner_noun_agreement_1,True,True,False,True,946,-60.58784103393555,-62.92768859863281,1
Matt thought about those grocery stores.,Matt thought about those grocery store.,morphology,determiner_noun_agreement,determiner_noun_agreement_1,True,True,False,True,947,-46.28468322753906,-43.056060791015625,0
Many patients talk to those teenagers.,Many patients talk to those teenager.,morphology,determiner_noun_agreement,determiner_noun_agreement_1,True,True,False,True,948,-44.16761016845703,-48.99529266357422,1
Becky wasn't complaining about these guests.,Becky wasn't complaining about these guest.,morphology,determiner_noun_agreement,determiner_noun_agreement_1,True,True,False,True,949,-45.34103775024414,-47.346736907958984,1
Joel buys this face.,Joel buys this faces.,morphology,determiner_noun_agreement,determiner_noun_agreement_1,True,True,False,True,950,-39.695404052734375,-42.98889923095703,1
Wendy discusses those doctors.,Wendy discusses those doctor.,morphology,determiner_noun_agreement,determiner_noun_agreement_1,True,True,False,True,951,-46.94853210449219,-47.235618591308594,1
April hasn't fixed those plates.,April hasn't fixed those plate.,morphology,determiner_noun_agreement,determiner_noun_agreement_1,True,True,False,True,952,-46.34912872314453,-49.76030731201172,1
All blouses shouldn't shock that hospital.,All blouses shouldn't shock that hospitals.,morphology,determiner_noun_agreement,determiner_noun_agreement_1,True,True,False,True,953,-64.00469970703125,-66.59756469726562,1
Those dancers see that brochure.,Those dancers see that brochures.,morphology,determiner_noun_agreement,determiner_noun_agreement_1,True,True,False,True,954,-45.54311752319336,-46.75318145751953,1
Carlos didn't exit that high school.,Carlos didn't exit that high schools.,morphology,determiner_noun_agreement,determiner_noun_agreement_1,True,True,False,True,955,-50.657135009765625,-55.14225769042969,1
A driver revealed these schools.,A driver revealed these school.,morphology,determiner_noun_agreement,determiner_noun_agreement_1,True,True,False,True,956,-41.95233917236328,-42.19756317138672,1
Those organizations weren't aggravating this waitress.,Those organizations weren't aggravating this waitresses.,morphology,determiner_noun_agreement,determiner_noun_agreement_1,True,True,False,True,957,-56.00127029418945,-64.18631744384766,1
Rebecca listens to that student.,Rebecca listens to that students.,morphology,determiner_noun_agreement,determiner_noun_agreement_1,True,True,False,True,958,-43.43431854248047,-45.82239532470703,1
Steven found this college campus.,Steven found this college campuses.,morphology,determiner_noun_agreement,determiner_noun_agreement_1,True,True,False,True,959,-45.88102340698242,-48.203392028808594,1
Joel hadn't lifted that jacket.,Joel hadn't lifted that jackets.,morphology,determiner_noun_agreement,determiner_noun_agreement_1,True,True,False,True,960,-47.82740783691406,-51.27532958984375,1
Caroline can't heal those teenagers.,Caroline can't heal those teenager.,morphology,determiner_noun_agreement,determiner_noun_agreement_1,True,True,False,True,961,-46.370391845703125,-50.617332458496094,1
Irene doesn't respect those cafes.,Irene doesn't respect those cafe.,morphology,determiner_noun_agreement,determiner_noun_agreement_1,True,True,False,True,962,-52.16097640991211,-50.026771545410156,0
Becky wasn't escaping from those art galleries.,Becky wasn't escaping from those art gallery.,morphology,determiner_noun_agreement,determiner_noun_agreement_1,True,True,False,True,963,-56.95096206665039,-56.8475341796875,0
The actors criticize these waitresses.,The actors criticize these waitress.,morphology,determiner_noun_agreement,determiner_noun_agreement_1,True,True,False,True,964,-54.87465286254883,-47.78584289550781,0
James complained about these commentaries.,James complained about these commentary.,morphology,determiner_noun_agreement,determiner_noun_agreement_1,True,True,False,True,965,-55.997344970703125,-45.358314514160156,0
Gloves can confuse that guy.,Gloves can confuse that guys.,morphology,determiner_noun_agreement,determiner_noun_agreement_1,True,True,False,True,966,-48.69686508178711,-52.593849182128906,1
Melissa cared for this waitress.,Melissa cared for this waitresses.,morphology,determiner_noun_agreement,determiner_noun_agreement_1,True,True,False,True,967,-44.0783576965332,-50.156578063964844,1
Marie is investigating these teenagers.,Marie is investigating these teenager.,morphology,determiner_noun_agreement,determiner_noun_agreement_1,True,True,False,True,968,-42.24884033203125,-46.01670455932617,1
Stacy was finding this drawing.,Stacy was finding this drawings.,morphology,determiner_noun_agreement,determiner_noun_agreement_1,True,True,False,True,969,-47.871337890625,-49.479759216308594,1
The Borgias conceal that brochure.,The Borgias conceal that brochures.,morphology,determiner_noun_agreement,determiner_noun_agreement_1,True,True,False,True,970,-57.394287109375,-59.37886047363281,1
Nicole hasn't dropped by this mall.,Nicole hasn't dropped by this malls.,morphology,determiner_noun_agreement,determiner_noun_agreement_1,True,True,False,True,971,-48.61863327026367,-52.190120697021484,1
Drawings won't astound those customers.,Drawings won't astound those customer.,morphology,determiner_noun_agreement,determiner_noun_agreement_1,True,True,False,True,972,-72.00628662109375,-74.53172302246094,1
Every public park aggravates these museums.,Every public park aggravates these museum.,morphology,determiner_noun_agreement,determiner_noun_agreement_1,True,True,False,True,973,-64.80441284179688,-66.02367401123047,1
Michelle listens to this pedestrian.,Michelle listens to this pedestrians.,morphology,determiner_noun_agreement,determiner_noun_agreement_1,True,True,False,True,974,-51.26356506347656,-47.26261901855469,0
Amy messes up these restaurants.,Amy messes up these restaurant.,morphology,determiner_noun_agreement,determiner_noun_agreement_1,True,True,False,True,975,-47.05329132080078,-47.488006591796875,1
Stacy did conceal these pedestrians.,Stacy did conceal these pedestrian.,morphology,determiner_noun_agreement,determiner_noun_agreement_1,True,True,False,True,976,-54.777000427246094,-58.686126708984375,1
Gina admired this skirt.,Gina admired this skirts.,morphology,determiner_noun_agreement,determiner_noun_agreement_1,True,True,False,True,977,-37.49113845825195,-40.86217498779297,1
Brett was skated around this school.,Brett was skated around this schools.,morphology,determiner_noun_agreement,determiner_noun_agreement_1,True,True,False,True,978,-50.78028869628906,-56.012977600097656,1
Todd hadn't seen those plates.,Todd hadn't seen those plate.,morphology,determiner_noun_agreement,determiner_noun_agreement_1,True,True,False,True,979,-38.39662170410156,-42.52635955810547,1
Candice appreciates that patient.,Candice appreciates that patients.,morphology,determiner_noun_agreement,determiner_noun_agreement_1,True,True,False,True,980,-46.215877532958984,-47.30645751953125,1
Most senators run around those hospitals.,Most senators run around those hospital.,morphology,determiner_noun_agreement,determiner_noun_agreement_1,True,True,False,True,981,-50.355838775634766,-51.166473388671875,1
This carriage had resembled those photographs.,This carriage had resembled those photograph.,morphology,determiner_noun_agreement,determiner_noun_agreement_1,True,True,False,True,982,-48.45130920410156,-51.84449768066406,1
April wouldn't return to that patient.,April wouldn't return to that patients.,morphology,determiner_noun_agreement,determiner_noun_agreement_1,True,True,False,True,983,-44.83830642700195,-47.14992141723633,1
Cynthia reveals that glass.,Cynthia reveals that glasses.,morphology,determiner_noun_agreement,determiner_noun_agreement_1,True,True,False,True,984,-45.36066436767578,-47.101226806640625,1
Liam is approaching this cashier.,Liam is approaching this cashiers.,morphology,determiner_noun_agreement,determiner_noun_agreement_1,True,True,False,True,985,-46.950279235839844,-51.64105224609375,1
An adult wasn't listening to that customer.,An adult wasn't listening to that customers.,morphology,determiner_noun_agreement,determiner_noun_agreement_1,True,True,False,True,986,-48.90135955810547,-50.530853271484375,1
Elizabeth wasn't working with these cashiers.,Elizabeth wasn't working with these cashier.,morphology,determiner_noun_agreement,determiner_noun_agreement_1,True,True,False,True,987,-47.57685852050781,-45.315223693847656,0
Barbara has bored that actor.,Barbara has bored that actors.,morphology,determiner_noun_agreement,determiner_noun_agreement_1,True,True,False,True,988,-45.44580841064453,-47.17291259765625,1
Many drivers investigate this government.,Many drivers investigate this governments.,morphology,determiner_noun_agreement,determiner_noun_agreement_1,True,True,False,True,989,-45.12992858886719,-46.50010299682617,1
Elaine was exploring this movie theater.,Elaine was exploring this movie theaters.,morphology,determiner_noun_agreement,determiner_noun_agreement_1,True,True,False,True,990,-50.417877197265625,-53.75139617919922,1
A lot of ladies haven't criticized this commentary.,A lot of ladies haven't criticized this commentaries.,morphology,determiner_noun_agreement,determiner_noun_agreement_1,True,True,False,True,991,-57.50204849243164,-64.60542297363281,1
Danielle investigates those museums.,Danielle investigates those museum.,morphology,determiner_noun_agreement,determiner_noun_agreement_1,True,True,False,True,992,-45.711814880371094,-46.35346984863281,1
Carolyn couldn't fix this dish.,Carolyn couldn't fix this dishs.,morphology,determiner_noun_agreement,determiner_noun_agreement_1,True,True,False,True,993,-47.350502014160156,-53.738426208496094,1
Becky hires this teenager.,Becky hires this teenagers.,morphology,determiner_noun_agreement,determiner_noun_agreement_1,True,True,False,True,994,-41.76892852783203,-45.05772018432617,1
Most gloves disgusted this actress.,Most gloves disgusted this actresses.,morphology,determiner_noun_agreement,determiner_noun_agreement_1,True,True,False,True,995,-58.48107147216797,-62.259063720703125,1
Some pasta had disturbed these museums.,Some pasta had disturbed these museum.,morphology,determiner_noun_agreement,determiner_noun_agreement_1,True,True,False,True,996,-54.05310821533203,-54.8410758972168,1
Those people sound like this art gallery.,Those people sound like this art galleries.,morphology,determiner_noun_agreement,determiner_noun_agreement_1,True,True,False,True,997,-47.210697174072266,-49.291481018066406,1
Many snakes haven't broken these chairs.,Many snakes haven't broken these chair.,morphology,determiner_noun_agreement,determiner_noun_agreement_1,True,True,False,True,998,-51.17804718017578,-53.54819869995117,1
Derek boycotts those schools.,Derek boycotts those school.,morphology,determiner_noun_agreement,determiner_noun_agreement_1,True,True,False,True,999,-51.00402069091797,-51.66883087158203,1
