sentence_good,sentence_bad,field,linguistics_term,UID,simple_LM_method,one_prefix_method,two_prefix_method,lexically_identical,pair_id,good_prob,bad_prob,correct
Todd can't yawn.,Todd can't walk through.,syntax,argument_structure,intransitive,True,False,False,False,0,-32.471439361572266,-30.584522247314453,0
Some guests hadn't left.,Some guests hadn't boasted about.,syntax,argument_structure,intransitive,True,False,False,False,1,-32.33381652832031,-43.69856643676758,1
This niece of Elizabeth protests.,This niece of Elizabeth walks through.,syntax,argument_structure,intransitive,True,False,False,False,2,-42.908042907714844,-49.425209045410156,1
Regina is shouting.,Regina is boasting about.,syntax,argument_structure,intransitive,True,False,False,False,3,-32.59469223022461,-41.39348602294922,1
This guest's plumber complains.,This guest's plumber wore.,syntax,argument_structure,intransitive,True,False,False,False,4,-47.80044937133789,-45.5981330871582,0
Anna's grandmothers aren't benefiting.,Anna's grandmothers aren't arguing about.,syntax,argument_structure,intransitive,True,False,False,False,5,-52.017906188964844,-53.022979736328125,1
Some glaciers are vaporizing.,Some glaciers are scaring.,syntax,argument_structure,intransitive,True,False,False,False,6,-36.239498138427734,-36.28924560546875,1
Stephanie succeeds.,Stephanie boasts about.,syntax,argument_structure,intransitive,True,False,False,False,7,-34.050071716308594,-47.40979766845703,1
Tara's contractors scream.,Tara's contractors drive to.,syntax,argument_structure,intransitive,True,False,False,False,8,-42.0064697265625,-46.41401290893555,1
All gloves weren't crumpling.,All gloves weren't looking like.,syntax,argument_structure,intransitive,True,False,False,False,9,-43.47550964355469,-40.2733154296875,0
Patricia's hairdressers hadn't cooked.,Patricia's hairdressers hadn't gone to.,syntax,argument_structure,intransitive,True,False,False,False,10,-57.512046813964844,-59.76347351074219,1
The spotlights faded.,The spotlights scared.,syntax,argument_structure,intransitive,True,False,False,False,11,-34.42597961425781,-35.528846740722656,1
The muffins were scorching.,The muffins were scaring.,syntax,argument_structure,intransitive,True,False,False,False,12,-32.456607818603516,-32.067203521728516,0
Those friends of Sally were painting.,Those friends of Sally were walking through.,syntax,argument_structure,intransitive,True,False,False,False,13,-43.57018280029297,-47.90808868408203,1
This screen does brighten.,This screen does resemble.,syntax,argument_structure,intransitive,True,False,False,False,14,-41.117820739746094,-35.36225891113281,0
Danielle's podiatrists were succeeding.,Danielle's podiatrists were scaring.,syntax,argument_structure,intransitive,True,False,False,False,15,-73.60491943359375,-72.44085693359375,0
A lot of cashiers should collaborate.,A lot of cashiers should go to.,syntax,argument_structure,intransitive,True,False,False,False,16,-45.29240036010742,-41.161651611328125,0
The pepper blackened.,The pepper resembles.,syntax,argument_structure,intransitive,True,False,False,False,17,-37.52504348754883,-33.99998474121094,0
Some skirts haven't unfolded.,Some skirts haven't scared.,syntax,argument_structure,intransitive,True,False,False,False,18,-40.23268508911133,-40.49774169921875,1
Guy's French teachers die.,Guy's French teachers arrived at.,syntax,argument_structure,intransitive,True,False,False,False,19,-42.57227325439453,-50.072837829589844,1
This shirt crumples.,This shirt scares.,syntax,argument_structure,intransitive,True,False,False,False,20,-38.4557991027832,-29.31216049194336,0
Some cup falls apart.,Some cup resembles.,syntax,argument_structure,intransitive,True,False,False,False,21,-30.054588317871094,-35.36164855957031,1
All grandmothers of Bill hadn't clashed.,All grandmothers of Bill hadn't arrived at.,syntax,argument_structure,intransitive,True,False,False,False,22,-65.43692779541016,-64.95862579345703,0
Some convertible is chipping.,Some convertible is scaring.,syntax,argument_structure,intransitive,True,False,False,False,23,-39.23693084716797,-36.369529724121094,0
Rachelle's partner chuckled.,Rachelle's partner dislikes.,syntax,argument_structure,intransitive,True,False,False,False,24,-47.36781311035156,-47.91534423828125,1
These grandfathers of Ella cooperated.,These grandfathers of Ella boast about.,syntax,argument_structure,intransitive,True,False,False,False,25,-58.4705924987793,-64.38217163085938,1
Most spotlights had dimmed.,Most spotlights had looked like.,syntax,argument_structure,intransitive,True,False,False,False,26,-50.123268127441406,-47.85192108154297,0
Keith learns.,Keith disliked.,syntax,argument_structure,intransitive,True,False,False,False,27,-25.415292739868164,-28.66069793701172,1
Andrea has donated.,Andrea has concealed.,syntax,argument_structure,intransitive,True,False,False,False,28,-31.553993225097656,-32.38294219970703,1
Some sisters of Laurie weren't hunting.,Some sisters of Laurie weren't examining.,syntax,argument_structure,intransitive,True,False,False,False,29,-52.68001937866211,-56.59518051147461,1
Brian argued.,Brian looked like.,syntax,argument_structure,intransitive,True,False,False,False,30,-25.049203872680664,-25.313709259033203,1
Many teachers embrace.,Many teachers respected.,syntax,argument_structure,intransitive,True,False,False,False,31,-33.16426086425781,-30.344684600830078,0
Larry departs.,Larry cured.,syntax,argument_structure,intransitive,True,False,False,False,32,-32.22924041748047,-24.132780075073242,0
That fish chars.,That fish resembles.,syntax,argument_structure,intransitive,True,False,False,False,33,-32.43455505371094,-32.77273941040039,1
Julia's colleagues wave.,Julia's colleagues fled from.,syntax,argument_structure,intransitive,True,False,False,False,34,-41.76610565185547,-49.26266860961914,1
The waitresses haven't fallen asleep.,The waitresses haven't concealed.,syntax,argument_structure,intransitive,True,False,False,False,35,-45.42011260986328,-46.91911315917969,1
Bethany murmured.,Bethany goes to.,syntax,argument_structure,intransitive,True,False,False,False,36,-32.57630157470703,-32.13309097290039,0
Every shawl tightens.,Every shawl scared.,syntax,argument_structure,intransitive,True,False,False,False,37,-44.724483489990234,-36.373619079589844,0
Some wheelbarrow shattered.,Some wheelbarrow looked like.,syntax,argument_structure,intransitive,True,False,False,False,38,-38.79472732543945,-40.384178161621094,1
The dancer's daughters lie.,The dancer's daughters examined.,syntax,argument_structure,intransitive,True,False,False,False,39,-40.64276885986328,-44.3936767578125,1
The companies haven't competed.,The companies haven't concealed.,syntax,argument_structure,intransitive,True,False,False,False,40,-35.781883239746094,-35.10108947753906,0
Kimberley wakes up.,Kimberley returned to.,syntax,argument_structure,intransitive,True,False,False,False,41,-35.74018096923828,-38.57994842529297,1
Some people's tutors were kissing.,Some people's tutors were examining.,syntax,argument_structure,intransitive,True,False,False,False,42,-44.44769287109375,-46.5775146484375,1
Nicole concurred.,Nicole cared for.,syntax,argument_structure,intransitive,True,False,False,False,43,-33.14837646484375,-32.273441314697266,0
The student has blinked.,The student has boasted about.,syntax,argument_structure,intransitive,True,False,False,False,44,-32.907535552978516,-37.923274993896484,1
Donna shouldn't die.,Donna shouldn't argue about.,syntax,argument_structure,intransitive,True,False,False,False,45,-30.729000091552734,-37.85680389404297,1
Lori plays.,Lori cured.,syntax,argument_structure,intransitive,True,False,False,False,46,-28.09139633178711,-30.20882225036621,1
A son of Andrea answered.,A son of Andrea reveals.,syntax,argument_structure,intransitive,True,False,False,False,47,-39.784969329833984,-42.025779724121094,1
Most organizations couldn't debate.,Most organizations couldn't respect.,syntax,argument_structure,intransitive,True,False,False,False,48,-36.170509338378906,-37.92924499511719,1
Helen's associates assemble.,Helen's associates disliked.,syntax,argument_structure,intransitive,True,False,False,False,49,-42.941043853759766,-43.17875671386719,1
Alice littered.,Alice escaped from.,syntax,argument_structure,intransitive,True,False,False,False,50,-25.196002960205078,-27.69497299194336,1
Robert's ex-wives donate.,Robert's ex-wives drive to.,syntax,argument_structure,intransitive,True,False,False,False,51,-46.23357009887695,-49.34402847290039,1
A lot of doctors negotiated.,A lot of doctors go to.,syntax,argument_structure,intransitive,True,False,False,False,52,-31.69232940673828,-29.87894630432129,0
That pepper rotted.,That pepper resembles.,syntax,argument_structure,intransitive,True,False,False,False,53,-38.262489318847656,-34.72956848144531,0
The water melts.,The water resembled.,syntax,argument_structure,intransitive,True,False,False,False,54,-20.027450561523438,-27.743539810180664,1
A child's tutor is protesting.,A child's tutor is concealing.,syntax,argument_structure,intransitive,True,False,False,False,55,-46.781280517578125,-50.54401779174805,1
The lamps hadn't darkened.,The lamps hadn't looked like.,syntax,argument_structure,intransitive,True,False,False,False,56,-37.07360076904297,-35.18269729614258,0
Many adults drink.,Many adults go to.,syntax,argument_structure,intransitive,True,False,False,False,57,-27.3316650390625,-29.16752052307129,1
Kimberley does sit down.,Kimberley does arrive at.,syntax,argument_structure,intransitive,True,False,False,False,58,-43.763511657714844,-49.762290954589844,1
The Borgias won't lie.,The Borgias won't complain about.,syntax,argument_structure,intransitive,True,False,False,False,59,-42.20004653930664,-46.72872543334961,1
A lot of teachers had moved.,A lot of teachers had listened to.,syntax,argument_structure,intransitive,True,False,False,False,60,-31.81625747680664,-34.95688247680664,1
Kendra's granddaughters get fired.,Kendra's granddaughters escape from.,syntax,argument_structure,intransitive,True,False,False,False,61,-59.813804626464844,-61.94234085083008,1
The sock crumples.,The sock scared.,syntax,argument_structure,intransitive,True,False,False,False,62,-41.63689422607422,-31.77643585205078,0
Some nephews of Jodi hadn't murmured.,Some nephews of Jodi hadn't examined.,syntax,argument_structure,intransitive,True,False,False,False,63,-67.69883728027344,-65.21189880371094,0
Robert has saluted.,Robert has gone to.,syntax,argument_structure,intransitive,True,False,False,False,64,-28.984874725341797,-25.213443756103516,0
This shirt wasn't warping.,This shirt wasn't scaring.,syntax,argument_structure,intransitive,True,False,False,False,65,-44.79610061645508,-36.22332000732422,0
This hamster isn't waking up.,This hamster isn't scaring.,syntax,argument_structure,intransitive,True,False,False,False,66,-38.640899658203125,-42.232757568359375,1
That fork chips.,That fork resembles.,syntax,argument_structure,intransitive,True,False,False,False,67,-30.13239288330078,-35.78804397583008,1
Karen isn't answering.,Karen isn't talking about.,syntax,argument_structure,intransitive,True,False,False,False,68,-32.43239974975586,-30.461536407470703,0
A lot of hats tighten.,A lot of hats resembled.,syntax,argument_structure,intransitive,True,False,False,False,69,-37.73048400878906,-37.7706298828125,1
Andrea's nephews have replied.,Andrea's nephews have arrived at.,syntax,argument_structure,intransitive,True,False,False,False,70,-47.952850341796875,-49.282100677490234,1
That spinach charred.,That spinach resembles.,syntax,argument_structure,intransitive,True,False,False,False,71,-37.42816925048828,-37.42264938354492,0
Matt's ex-boyfriend stands up.,Matt's ex-boyfriend arrived at.,syntax,argument_structure,intransitive,True,False,False,False,72,-54.65660858154297,-60.342063903808594,1
Many shoes crumpled.,Many shoes resembled.,syntax,argument_structure,intransitive,True,False,False,False,73,-43.08086395263672,-37.89435577392578,0
Many bicycles should steer.,Many bicycles should scare.,syntax,argument_structure,intransitive,True,False,False,False,74,-42.903289794921875,-41.4011344909668,0
Some grandmothers of Vincent have blinked.,Some grandmothers of Vincent have listened to.,syntax,argument_structure,intransitive,True,False,False,False,75,-64.67707061767578,-62.68904113769531,0
Anna's cousins might smile.,Anna's cousins might admire.,syntax,argument_structure,intransitive,True,False,False,False,76,-39.80039978027344,-43.50189208984375,1
This screen darkened.,This screen scares.,syntax,argument_structure,intransitive,True,False,False,False,77,-31.01569938659668,-30.60897445678711,0
A closet flung open.,A closet looks like.,syntax,argument_structure,intransitive,True,False,False,False,78,-34.201019287109375,-29.057703018188477,0
Wayne is smiling.,Wayne is dropping by.,syntax,argument_structure,intransitive,True,False,False,False,79,-26.004539489746094,-35.712650299072266,1
These windows shut.,These windows scared.,syntax,argument_structure,intransitive,True,False,False,False,80,-26.915525436401367,-31.975467681884766,1
Beverly does cough.,Beverly does lift.,syntax,argument_structure,intransitive,True,False,False,False,81,-36.34994125366211,-38.59373474121094,1
Grace hasn't hunted.,Grace hasn't talked about.,syntax,argument_structure,intransitive,True,False,False,False,82,-32.18159484863281,-32.35003662109375,1
Tracy is sighing.,Tracy is complaining about.,syntax,argument_structure,intransitive,True,False,False,False,83,-31.841876983642578,-32.51721954345703,1
Teachers hadn't surrendered.,Teachers hadn't lifted.,syntax,argument_structure,intransitive,True,False,False,False,84,-34.15460205078125,-36.526885986328125,1
The guests did meet.,The guests did argue about.,syntax,argument_structure,intransitive,True,False,False,False,85,-28.65373992919922,-37.32044219970703,1
Frank's cousins had conspired.,Frank's cousins had returned to.,syntax,argument_structure,intransitive,True,False,False,False,86,-41.185577392578125,-42.97972106933594,1
Some tomatoes aren't charring.,Some tomatoes aren't looking like.,syntax,argument_structure,intransitive,True,False,False,False,87,-45.867244720458984,-39.425018310546875,0
Some skateboard should steer.,Some skateboard should look like.,syntax,argument_structure,intransitive,True,False,False,False,88,-43.90574645996094,-41.94623565673828,0
The Borgias won't change.,The Borgias won't fire.,syntax,argument_structure,intransitive,True,False,False,False,89,-40.832366943359375,-44.427852630615234,1
The mothers of Carolyn scratch.,The mothers of Carolyn cure.,syntax,argument_structure,intransitive,True,False,False,False,90,-43.19105529785156,-44.120582580566406,1
A cousin of some waitresses would hide away.,A cousin of some waitresses would fire.,syntax,argument_structure,intransitive,True,False,False,False,91,-67.6454086303711,-64.81089782714844,0
The grandson of Benjamin washes.,The grandson of Benjamin boasted about.,syntax,argument_structure,intransitive,True,False,False,False,92,-39.43730545043945,-47.23297882080078,1
Jason's supervisors hadn't struggled.,Jason's supervisors hadn't looked like.,syntax,argument_structure,intransitive,True,False,False,False,93,-47.980308532714844,-48.739097595214844,1
Kirsten was answering.,Kirsten was listening to.,syntax,argument_structure,intransitive,True,False,False,False,94,-36.061485290527344,-37.48674774169922,1
Some wheelbarrows are slowing.,Some wheelbarrows are scaring.,syntax,argument_structure,intransitive,True,False,False,False,95,-45.5122184753418,-48.005332946777344,1
Bananas charred.,Bananas look like.,syntax,argument_structure,intransitive,True,False,False,False,96,-37.44264221191406,-33.29114532470703,0
These drivers hadn't wasted away.,These drivers hadn't worked with.,syntax,argument_structure,intransitive,True,False,False,False,97,-44.340850830078125,-40.36774444580078,0
This bike is existing.,This bike is scaring.,syntax,argument_structure,intransitive,True,False,False,False,98,-31.253753662109375,-30.976205825805664,0
The actor's employee murmurs.,The actor's employee boasts about.,syntax,argument_structure,intransitive,True,False,False,False,99,-47.673545837402344,-52.513118743896484,1
Those actresses stretch.,Those actresses look like.,syntax,argument_structure,intransitive,True,False,False,False,100,-33.28738021850586,-30.168865203857422,0
This plane chipped.,This plane looked like.,syntax,argument_structure,intransitive,True,False,False,False,101,-29.910266876220703,-27.80257797241211,0
Wendy hadn't seen.,Wendy hadn't boasted about.,syntax,argument_structure,intransitive,True,False,False,False,102,-32.345157623291016,-43.537017822265625,1
Maria was complaining.,Maria was concealing.,syntax,argument_structure,intransitive,True,False,False,False,103,-23.666519165039062,-32.91664123535156,1
Those governments were coping.,Those governments were talking about.,syntax,argument_structure,intransitive,True,False,False,False,104,-34.01055908203125,-30.288869857788086,0
Some mother of Caroline is yawning.,Some mother of Caroline is arriving at.,syntax,argument_structure,intransitive,True,False,False,False,105,-49.75902557373047,-54.08707046508789,1
Julie replies.,Julie complained about.,syntax,argument_structure,intransitive,True,False,False,False,106,-27.279163360595703,-34.546749114990234,1
Candice's students haven't practiced.,Candice's students haven't cared for.,syntax,argument_structure,intransitive,True,False,False,False,107,-45.303550720214844,-48.3857307434082,1
Some eyes flung open.,Some eyes resemble.,syntax,argument_structure,intransitive,True,False,False,False,108,-33.40752410888672,-28.703292846679688,0
Katherine won't yawn.,Katherine won't drive to.,syntax,argument_structure,intransitive,True,False,False,False,109,-36.500919342041016,-37.208866119384766,1
The Impressionists have changed.,The Impressionists have dropped by.,syntax,argument_structure,intransitive,True,False,False,False,110,-33.53871536254883,-43.779212951660156,1
Some son of Nancy stretched.,Some son of Nancy talked about.,syntax,argument_structure,intransitive,True,False,False,False,111,-46.574127197265625,-46.33763122558594,0
Most shoes do crumple.,Most shoes do look like.,syntax,argument_structure,intransitive,True,False,False,False,112,-46.86631774902344,-34.060150146484375,0
Deborah had wept.,Deborah had concealed.,syntax,argument_structure,intransitive,True,False,False,False,113,-39.55828857421875,-36.16495895385742,0
Sarah's brother exists.,Sarah's brother sounds like.,syntax,argument_structure,intransitive,True,False,False,False,114,-31.864675521850586,-36.27289581298828,1
The blouses can flatten.,The blouses can resemble.,syntax,argument_structure,intransitive,True,False,False,False,115,-39.277469635009766,-39.93547821044922,1
The cucumber had scorched.,The cucumber had scared.,syntax,argument_structure,intransitive,True,False,False,False,116,-36.623931884765625,-37.19879150390625,1
Aaron talked.,Aaron went to.,syntax,argument_structure,intransitive,True,False,False,False,117,-25.76885986328125,-25.058433532714844,0
Christine's friends will interact.,Christine's friends will conceal.,syntax,argument_structure,intransitive,True,False,False,False,118,-42.979736328125,-43.83707809448242,1
Those doors shut.,Those doors look like.,syntax,argument_structure,intransitive,True,False,False,False,119,-24.286182403564453,-28.218656539916992,1
Those daughters of Pamela wouldn't sit down.,Those daughters of Pamela wouldn't dislike.,syntax,argument_structure,intransitive,True,False,False,False,120,-50.97484588623047,-52.414127349853516,1
Andrea was muttering.,Andrea was looking like.,syntax,argument_structure,intransitive,True,False,False,False,121,-32.03498840332031,-32.392337799072266,1
Shawls hadn't soaked.,Shawls hadn't scared.,syntax,argument_structure,intransitive,True,False,False,False,122,-42.903526306152344,-42.12922286987305,0
That closet opens.,That closet looked like.,syntax,argument_structure,intransitive,True,False,False,False,123,-25.849252700805664,-30.068225860595703,1
Most actors boast.,Most actors drive to.,syntax,argument_structure,intransitive,True,False,False,False,124,-31.363014221191406,-35.366756439208984,1
Some banks confer.,Some banks reference.,syntax,argument_structure,intransitive,True,False,False,False,125,-33.39031219482422,-34.72691345214844,1
Some skirt wrinkled.,Some skirt resembles.,syntax,argument_structure,intransitive,True,False,False,False,126,-36.23017883300781,-36.15930938720703,0
Some student's podiatrists had succeeded.,Some student's podiatrists had gone to.,syntax,argument_structure,intransitive,True,False,False,False,127,-76.35075378417969,-78.40005493164062,1
The plane slowed.,The plane looks like.,syntax,argument_structure,intransitive,True,False,False,False,128,-25.75914764404297,-25.26993179321289,0
That grandmother of Anne sits down.,That grandmother of Anne complains about.,syntax,argument_structure,intransitive,True,False,False,False,129,-47.4617919921875,-51.84020233154297,1
All organizations succeed.,All organizations fire.,syntax,argument_structure,intransitive,True,False,False,False,130,-29.608875274658203,-30.5765380859375,1
The lakes would vaporize.,The lakes would scare.,syntax,argument_structure,intransitive,True,False,False,False,131,-38.383575439453125,-32.634674072265625,0
These planes tip over.,These planes scare.,syntax,argument_structure,intransitive,True,False,False,False,132,-35.25654220581055,-30.628219604492188,0
This museum was fighting.,This museum was firing.,syntax,argument_structure,intransitive,True,False,False,False,133,-29.86673355102539,-32.55411911010742,1
Most tomatoes hadn't wasted away.,Most tomatoes hadn't resembled.,syntax,argument_structure,intransitive,True,False,False,False,134,-48.07426452636719,-44.82337951660156,0
Those blouses soaked.,Those blouses resemble.,syntax,argument_structure,intransitive,True,False,False,False,135,-36.461490631103516,-38.84259033203125,1
Ruth's dentists haven't kissed.,Ruth's dentists haven't admired.,syntax,argument_structure,intransitive,True,False,False,False,136,-51.45207977294922,-51.885337829589844,1
That spinach burns.,That spinach resembles.,syntax,argument_structure,intransitive,True,False,False,False,137,-31.989574432373047,-37.42264938354492,1
Alexander hasn't woken up.,Alexander hasn't talked to.,syntax,argument_structure,intransitive,True,False,False,False,138,-32.043312072753906,-31.2992000579834,0
These granddaughters of Eric eat.,These granddaughters of Eric lifted.,syntax,argument_structure,intransitive,True,False,False,False,139,-54.805625915527344,-58.578155517578125,1
Stacy has whispered.,Stacy has concealed.,syntax,argument_structure,intransitive,True,False,False,False,140,-33.50520324707031,-34.51544952392578,1
The bank hadn't debated.,The bank hadn't looked like.,syntax,argument_structure,intransitive,True,False,False,False,141,-33.52299499511719,-32.76483154296875,0
A shoe frayed.,A shoe resembles.,syntax,argument_structure,intransitive,True,False,False,False,142,-34.958641052246094,-32.78504180908203,0
Marcus's plumbers fall asleep.,Marcus's plumbers scare.,syntax,argument_structure,intransitive,True,False,False,False,143,-45.40268325805664,-44.057403564453125,0
These guys' cousins yell.,These guys' cousins scared.,syntax,argument_structure,intransitive,True,False,False,False,144,-41.995399475097656,-41.99505615234375,0
All actors yell.,All actors fire.,syntax,argument_structure,intransitive,True,False,False,False,145,-29.962541580200195,-29.80170440673828,0
Pamela's classmate wasn't sighing.,Pamela's classmate wasn't concealing.,syntax,argument_structure,intransitive,True,False,False,False,146,-65.39594268798828,-65.16665649414062,0
Many girls worry.,Many girls walked through.,syntax,argument_structure,intransitive,True,False,False,False,147,-26.320507049560547,-30.794376373291016,1
Some legislatures negotiated.,Some legislatures talk about.,syntax,argument_structure,intransitive,True,False,False,False,148,-34.8587646484375,-33.28413009643555,0
This candle won't brighten.,This candle won't look like.,syntax,argument_structure,intransitive,True,False,False,False,149,-43.35987854003906,-35.68281936645508,0
A unicycle rolls.,A unicycle scared.,syntax,argument_structure,intransitive,True,False,False,False,150,-38.38463592529297,-39.57549285888672,1
Claire had performed.,Claire had biked to.,syntax,argument_structure,intransitive,True,False,False,False,151,-30.161502838134766,-45.22227478027344,1
Every patient isn't practicing.,Every patient isn't revealing.,syntax,argument_structure,intransitive,True,False,False,False,152,-35.49647521972656,-34.946205139160156,0
A skateboard shattered.,A skateboard resembled.,syntax,argument_structure,intransitive,True,False,False,False,153,-31.68820571899414,-38.82091522216797,1
These lights dimmed.,These lights scare.,syntax,argument_structure,intransitive,True,False,False,False,154,-35.64649963378906,-29.834339141845703,0
Michael isn't blinking.,Michael isn't biking to.,syntax,argument_structure,intransitive,True,False,False,False,155,-28.169527053833008,-39.679588317871094,1
Diane's girlfriend jokes around.,Diane's girlfriend scared.,syntax,argument_structure,intransitive,True,False,False,False,156,-42.436370849609375,-35.530601501464844,0
Timothy's doctors were spinning around.,Timothy's doctors were scaring.,syntax,argument_structure,intransitive,True,False,False,False,157,-49.56424331665039,-49.0672607421875,0
Some mouth will shut.,Some mouth will scare.,syntax,argument_structure,intransitive,True,False,False,False,158,-33.505741119384766,-35.02345275878906,1
Mary is lying.,Mary is curing.,syntax,argument_structure,intransitive,True,False,False,False,159,-22.495609283447266,-29.905105590820312,1
Every cart had maneuvered.,Every cart had resembled.,syntax,argument_structure,intransitive,True,False,False,False,160,-44.309669494628906,-41.919952392578125,0
Most scarves did wrinkle.,Most scarves did resemble.,syntax,argument_structure,intransitive,True,False,False,False,161,-49.95630645751953,-47.65562438964844,0
Phillip has suffered.,Phillip has returned to.,syntax,argument_structure,intransitive,True,False,False,False,162,-31.160743713378906,-34.994346618652344,1
Tammy compromised.,Tammy complained about.,syntax,argument_structure,intransitive,True,False,False,False,163,-29.24141502380371,-34.44038009643555,1
Erin's dermatologists have divorced.,Erin's dermatologists have concealed.,syntax,argument_structure,intransitive,True,False,False,False,164,-52.40923309326172,-55.135093688964844,1
The hospital testifies.,The hospital scared.,syntax,argument_structure,intransitive,True,False,False,False,165,-32.974952697753906,-28.05145263671875,0
This sock shrinks.,This sock resembled.,syntax,argument_structure,intransitive,True,False,False,False,166,-36.71604919433594,-36.73089599609375,1
The ice cream did condense.,The ice cream did scare.,syntax,argument_structure,intransitive,True,False,False,False,167,-39.40190124511719,-35.81499481201172,0
Dawn's oncologists had worried.,Dawn's oncologists had boasted about.,syntax,argument_structure,intransitive,True,False,False,False,168,-68.00626373291016,-75.0941162109375,1
The eye is closing.,The eye is looking like.,syntax,argument_structure,intransitive,True,False,False,False,169,-22.565486907958984,-28.671142578125,1
Tanya's ex-husbands might sigh.,Tanya's ex-husbands might talk about.,syntax,argument_structure,intransitive,True,False,False,False,170,-72.09925079345703,-69.95152282714844,0
Many nieces of Bruce are laughing.,Many nieces of Bruce are going to.,syntax,argument_structure,intransitive,True,False,False,False,171,-63.408607482910156,-67.63555908203125,1
Carmen's electricians haven't swallowed.,Carmen's electricians haven't argued about.,syntax,argument_structure,intransitive,True,False,False,False,172,-61.5875129699707,-67.04480743408203,1
Veronica does shout.,Veronica does drive to.,syntax,argument_structure,intransitive,True,False,False,False,173,-37.41029357910156,-42.978248596191406,1
Alicia salutes.,Alicia boasted about.,syntax,argument_structure,intransitive,True,False,False,False,174,-34.870906829833984,-39.04370880126953,1
That box falls.,That box resembled.,syntax,argument_structure,intransitive,True,False,False,False,175,-24.766368865966797,-34.699405670166016,1
Cindy has murmured.,Cindy has scared.,syntax,argument_structure,intransitive,True,False,False,False,176,-35.03852081298828,-35.69715881347656,1
Larry couldn't lie.,Larry couldn't complain about.,syntax,argument_structure,intransitive,True,False,False,False,177,-26.121015548706055,-30.838722229003906,1
Stephen's associate had seen.,Stephen's associate had lifted.,syntax,argument_structure,intransitive,True,False,False,False,178,-44.276214599609375,-47.77638244628906,1
A lot of hats flattened.,A lot of hats resembled.,syntax,argument_structure,intransitive,True,False,False,False,179,-35.13844680786133,-37.7706298828125,1
A lot of lights dimmed.,A lot of lights resembled.,syntax,argument_structure,intransitive,True,False,False,False,180,-38.34265899658203,-34.963436126708984,0
Linda's senators had reacted.,Linda's senators had fired.,syntax,argument_structure,intransitive,True,False,False,False,181,-48.86491012573242,-45.692222595214844,0
Most icicles were evaporating.,Most icicles were scaring.,syntax,argument_structure,intransitive,True,False,False,False,182,-41.73969650268555,-42.659423828125,1
That box flings open.,That box looks like.,syntax,argument_structure,intransitive,True,False,False,False,183,-36.841861724853516,-26.123321533203125,0
A unicycle slows.,A unicycle looks like.,syntax,argument_structure,intransitive,True,False,False,False,184,-39.03289794921875,-41.364830017089844,1
Becca's brothers profit.,Becca's brothers respect.,syntax,argument_structure,intransitive,True,False,False,False,185,-39.02511215209961,-37.57984924316406,0
Wendy trains.,Wendy respected.,syntax,argument_structure,intransitive,True,False,False,False,186,-26.98780059814453,-29.403478622436523,1
Angela's father doesn't yawn.,Angela's father doesn't drive to.,syntax,argument_structure,intransitive,True,False,False,False,187,-45.359947204589844,-46.21365737915039,1
Candice isn't hunting.,Candice isn't dropping by.,syntax,argument_structure,intransitive,True,False,False,False,188,-32.90523147583008,-42.74565124511719,1
The spinach exists.,The spinach resembled.,syntax,argument_structure,intransitive,True,False,False,False,189,-29.400402069091797,-36.6945686340332,1
Some unicycles had steered.,Some unicycles had scared.,syntax,argument_structure,intransitive,True,False,False,False,190,-50.42081069946289,-50.02833557128906,0
Some scarf might tighten.,Some scarf might resemble.,syntax,argument_structure,intransitive,True,False,False,False,191,-40.580909729003906,-40.5888671875,1
Denise's electricians kiss.,Denise's electricians like.,syntax,argument_structure,intransitive,True,False,False,False,192,-54.038387298583984,-52.45787048339844,0
Marla's ex-girlfriends vanish.,Marla's ex-girlfriends talked to.,syntax,argument_structure,intransitive,True,False,False,False,193,-51.229736328125,-51.342830657958984,1
Vincent's ex-girlfriend learns.,Vincent's ex-girlfriend resembles.,syntax,argument_structure,intransitive,True,False,False,False,194,-47.08769607543945,-51.34910583496094,1
Jerry's bosses argue.,Jerry's bosses arrive at.,syntax,argument_structure,intransitive,True,False,False,False,195,-35.96592712402344,-42.859622955322266,1
Nicole's sons will wake up.,Nicole's sons will dislike.,syntax,argument_structure,intransitive,True,False,False,False,196,-42.42389678955078,-46.571475982666016,1
Gina's granddaughter isn't getting fired.,Gina's granddaughter isn't complaining about.,syntax,argument_structure,intransitive,True,False,False,False,197,-52.062095642089844,-48.86700439453125,0
Rose isn't existing.,Rose isn't concealing.,syntax,argument_structure,intransitive,True,False,False,False,198,-33.6270637512207,-34.89299392700195,1
All shawls did dry.,All shawls did scare.,syntax,argument_structure,intransitive,True,False,False,False,199,-45.216941833496094,-46.82804870605469,1
Ruth succeeds.,Ruth references.,syntax,argument_structure,intransitive,True,False,False,False,200,-27.150909423828125,-28.228519439697266,1
Most eggplants might char.,Most eggplants might resemble.,syntax,argument_structure,intransitive,True,False,False,False,201,-62.52851104736328,-54.785186767578125,0
Those shirts shrink.,Those shirts scare.,syntax,argument_structure,intransitive,True,False,False,False,202,-32.818275451660156,-32.158058166503906,0
Tracy will depart.,Tracy will talk to.,syntax,argument_structure,intransitive,True,False,False,False,203,-31.518630981445312,-31.408781051635742,0
Jason hasn't gotten a job.,Jason hasn't returned to.,syntax,argument_structure,intransitive,True,False,False,False,204,-30.484743118286133,-29.830720901489258,0
A lot of boys can cook.,A lot of boys can find.,syntax,argument_structure,intransitive,True,False,False,False,205,-30.884567260742188,-29.984859466552734,0
A lot of committees hadn't surrendered.,A lot of committees hadn't admired.,syntax,argument_structure,intransitive,True,False,False,False,206,-42.75606155395508,-44.215667724609375,1
Lori hadn't wasted away.,Lori hadn't revealed.,syntax,argument_structure,intransitive,True,False,False,False,207,-43.88653564453125,-38.35388946533203,0
Jennifer washes.,Jennifer talks about.,syntax,argument_structure,intransitive,True,False,False,False,208,-25.92678451538086,-27.274784088134766,1
A door hasn't flung open.,A door hasn't scared.,syntax,argument_structure,intransitive,True,False,False,False,209,-37.894737243652344,-35.69289779663086,0
That book had vanished.,That book had looked like.,syntax,argument_structure,intransitive,True,False,False,False,210,-31.985870361328125,-35.86962127685547,1
Michael will bake.,Michael will argue about.,syntax,argument_structure,intransitive,True,False,False,False,211,-27.98158836364746,-31.17184066772461,1
Some scarf dries.,Some scarf looks like.,syntax,argument_structure,intransitive,True,False,False,False,212,-36.65333938598633,-32.8773078918457,0
William's ex-wives communicate.,William's ex-wives returned to.,syntax,argument_structure,intransitive,True,False,False,False,213,-47.88093948364258,-53.01704406738281,1
Aaron has hunted.,Aaron has lifted.,syntax,argument_structure,intransitive,True,False,False,False,214,-29.989572525024414,-28.6318416595459,0
Charles's dermatologist chuckles.,Charles's dermatologist wore.,syntax,argument_structure,intransitive,True,False,False,False,215,-43.32029724121094,-43.27489471435547,0
This computer cracked.,This computer looks like.,syntax,argument_structure,intransitive,True,False,False,False,216,-29.515687942504883,-29.721797943115234,1
All students' ex-boyfriends cooperate.,All students' ex-boyfriends reference.,syntax,argument_structure,intransitive,True,False,False,False,217,-61.49370574951172,-61.829593658447266,1
The Borgias' daughters fall asleep.,The Borgias' daughters lifted.,syntax,argument_structure,intransitive,True,False,False,False,218,-53.2100830078125,-54.1107292175293,1
This university hadn't replied.,This university hadn't referenced.,syntax,argument_structure,intransitive,True,False,False,False,219,-38.21561050415039,-40.640804290771484,1
The universities donated.,The universities scared.,syntax,argument_structure,intransitive,True,False,False,False,220,-32.195556640625,-34.03450012207031,1
A closet couldn't close.,A closet couldn't scare.,syntax,argument_structure,intransitive,True,False,False,False,221,-35.179725646972656,-36.523223876953125,1
All guys' sisters hug.,All guys' sisters reference.,syntax,argument_structure,intransitive,True,False,False,False,222,-46.018402099609375,-49.696258544921875,1
That lady whispers.,That lady cares for.,syntax,argument_structure,intransitive,True,False,False,False,223,-25.769786834716797,-29.325027465820312,1
All granddaughters of the Clintons have dated.,All granddaughters of the Clintons have found.,syntax,argument_structure,intransitive,True,False,False,False,224,-66.51055908203125,-62.22087097167969,0
Rodney's sons explain everything.,Rodney's sons respected.,syntax,argument_structure,intransitive,True,False,False,False,225,-45.334468841552734,-43.02132034301758,0
The cart can't rust.,The cart can't resemble.,syntax,argument_structure,intransitive,True,False,False,False,226,-38.98082733154297,-37.07469177246094,0
Janet writes.,Janet fires.,syntax,argument_structure,intransitive,True,False,False,False,227,-28.117061614990234,-26.563365936279297,0
The pepper ripened.,The pepper looked like.,syntax,argument_structure,intransitive,True,False,False,False,228,-36.260528564453125,-32.527549743652344,0
Jennifer sat down.,Jennifer disagrees with.,syntax,argument_structure,intransitive,True,False,False,False,229,-22.062583923339844,-30.0290470123291,1
Every mouth has closed.,Every mouth has looked like.,syntax,argument_structure,intransitive,True,False,False,False,230,-28.723262786865234,-35.198509216308594,1
Many patients argued.,Many patients resembled.,syntax,argument_structure,intransitive,True,False,False,False,231,-30.065902709960938,-35.315242767333984,1
Legislatures were assembling.,Legislatures were working with.,syntax,argument_structure,intransitive,True,False,False,False,232,-50.68000411987305,-52.40547561645508,1
A lot of unicycles are rolling.,A lot of unicycles are scaring.,syntax,argument_structure,intransitive,True,False,False,False,233,-46.93128204345703,-48.508392333984375,1
Rachel's mentors were succeeding.,Rachel's mentors were biking to.,syntax,argument_structure,intransitive,True,False,False,False,234,-45.896881103515625,-56.20781707763672,1
Craig fell asleep.,Craig sounded like.,syntax,argument_structure,intransitive,True,False,False,False,235,-24.776851654052734,-27.9335880279541,1
A wheelbarrow rolled.,A wheelbarrow resembled.,syntax,argument_structure,intransitive,True,False,False,False,236,-36.02928924560547,-41.68685531616211,1
Some girls' mentors salute.,Some girls' mentors walk through.,syntax,argument_structure,intransitive,True,False,False,False,237,-46.629905700683594,-47.11708068847656,1
Kathleen can nod.,Kathleen can fire.,syntax,argument_structure,intransitive,True,False,False,False,238,-38.55768585205078,-36.3328742980957,0
A coat shrinks.,A coat resembled.,syntax,argument_structure,intransitive,True,False,False,False,239,-31.564455032348633,-32.32825469970703,1
Holly was muttering.,Holly was dropping by.,syntax,argument_structure,intransitive,True,False,False,False,240,-32.089752197265625,-34.445045471191406,1
The people wouldn't reply.,The people wouldn't conceal.,syntax,argument_structure,intransitive,True,False,False,False,241,-29.027149200439453,-31.53276824951172,1
Many dancers' handymen collaborate.,Many dancers' handymen admire.,syntax,argument_structure,intransitive,True,False,False,False,242,-57.99303436279297,-56.427249908447266,0
Melissa's nieces could respond.,Melissa's nieces could flee from.,syntax,argument_structure,intransitive,True,False,False,False,243,-57.631221771240234,-63.73960876464844,1
Many guys had sighed.,Many guys had arrived at.,syntax,argument_structure,intransitive,True,False,False,False,244,-38.38375473022461,-38.762447357177734,1
Eric can't write.,Eric can't drop by.,syntax,argument_structure,intransitive,True,False,False,False,245,-26.513233184814453,-36.90583419799805,1
Every carriage accelerated.,Every carriage resembled.,syntax,argument_structure,intransitive,True,False,False,False,246,-34.81483840942383,-36.583587646484375,1
Jason yelled.,Jason boasts about.,syntax,argument_structure,intransitive,True,False,False,False,247,-21.93179702758789,-35.15489959716797,1
These pants haven't crumpled.,These pants haven't scared.,syntax,argument_structure,intransitive,True,False,False,False,248,-43.35691833496094,-40.04256057739258,0
Irene's teachers salute.,Irene's teachers escape from.,syntax,argument_structure,intransitive,True,False,False,False,249,-44.690731048583984,-49.170654296875,1
Alan explained everything.,Alan wore.,syntax,argument_structure,intransitive,True,False,False,False,250,-26.59189224243164,-23.8862247467041,0
David's associates shouldn't study.,David's associates shouldn't look like.,syntax,argument_structure,intransitive,True,False,False,False,251,-42.69872283935547,-45.225120544433594,1
Some bicycles shatter.,Some bicycles resembled.,syntax,argument_structure,intransitive,True,False,False,False,252,-34.578224182128906,-36.88960266113281,1
Brad fell.,Brad wears.,syntax,argument_structure,intransitive,True,False,False,False,253,-23.80419921875,-24.615097045898438,1
Every candle has brightened.,Every candle has resembled.,syntax,argument_structure,intransitive,True,False,False,False,254,-33.92446517944336,-38.43473434448242,1
Jackets haven't folded.,Jackets haven't looked like.,syntax,argument_structure,intransitive,True,False,False,False,255,-40.63188171386719,-40.13936996459961,0
All socks were shrinking.,All socks were looking like.,syntax,argument_structure,intransitive,True,False,False,False,256,-35.40336990356445,-35.490081787109375,1
Every truck turned.,Every truck resembled.,syntax,argument_structure,intransitive,True,False,False,False,257,-30.505577087402344,-38.008270263671875,1
This bank can fight.,This bank can argue about.,syntax,argument_structure,intransitive,True,False,False,False,258,-29.077730178833008,-38.014305114746094,1
This brother of Holly sneezed.,This brother of Holly revealed.,syntax,argument_structure,intransitive,True,False,False,False,259,-48.135772705078125,-45.92928695678711,0
Some pepper goes bad.,Some pepper resembles.,syntax,argument_structure,intransitive,True,False,False,False,260,-37.37556838989258,-36.50963592529297,0
A lot of carts had stopped.,A lot of carts had looked like.,syntax,argument_structure,intransitive,True,False,False,False,261,-34.46872329711914,-38.64116668701172,1
The sweater shrinks.,The sweater scares.,syntax,argument_structure,intransitive,True,False,False,False,262,-35.58076095581055,-31.150970458984375,0
Heidi isn't waving.,Heidi isn't fleeing from.,syntax,argument_structure,intransitive,True,False,False,False,263,-34.419307708740234,-42.673885345458984,1
Some window tips over.,Some window looks like.,syntax,argument_structure,intransitive,True,False,False,False,264,-35.57981872558594,-30.815074920654297,0
Dana coughs.,Dana looked like.,syntax,argument_structure,intransitive,True,False,False,False,265,-26.67938232421875,-29.771099090576172,1
Sandra's ex-girlfriend eats.,Sandra's ex-girlfriend drives to.,syntax,argument_structure,intransitive,True,False,False,False,266,-43.28276443481445,-49.970489501953125,1
These nieces of that actress hide away.,These nieces of that actress walk through.,syntax,argument_structure,intransitive,True,False,False,False,267,-69.06181335449219,-70.46072387695312,1
Many carriages steered.,Many carriages looked like.,syntax,argument_structure,intransitive,True,False,False,False,268,-38.808982849121094,-37.903770446777344,0
The Borgias hadn't muttered.,The Borgias hadn't arrived at.,syntax,argument_structure,intransitive,True,False,False,False,269,-47.15790939331055,-47.291500091552734,1
These cashiers' tutor was blinking.,These cashiers' tutor was referencing.,syntax,argument_structure,intransitive,True,False,False,False,270,-61.02606201171875,-64.02600860595703,1
Daughters of Catherine haven't reacted.,Daughters of Catherine haven't arrived at.,syntax,argument_structure,intransitive,True,False,False,False,271,-50.67256546020508,-49.639549255371094,0
The Impressionists scream.,The Impressionists returned to.,syntax,argument_structure,intransitive,True,False,False,False,272,-37.050758361816406,-38.38328552246094,1
Elaine cooperates.,Elaine fired.,syntax,argument_structure,intransitive,True,False,False,False,273,-30.3878173828125,-26.83788299560547,0
All dancers' sisters aren't playing.,All dancers' sisters aren't curing.,syntax,argument_structure,intransitive,True,False,False,False,274,-45.29784393310547,-55.20268249511719,1
This fish comes here.,This fish scares.,syntax,argument_structure,intransitive,True,False,False,False,275,-27.259178161621094,-32.744625091552734,1
Tonya's friends didn't go fishing.,Tonya's friends didn't listen to.,syntax,argument_structure,intransitive,True,False,False,False,276,-48.06007385253906,-44.86638259887695,0
Barbara won't joke around.,Barbara won't go to.,syntax,argument_structure,intransitive,True,False,False,False,277,-37.20243835449219,-30.33753776550293,0
Monica isn't painting.,Monica isn't admiring.,syntax,argument_structure,intransitive,True,False,False,False,278,-31.745708465576172,-38.15967559814453,1
Patricia's teachers escaped.,Patricia's teachers resembled.,syntax,argument_structure,intransitive,True,False,False,False,279,-43.55370330810547,-48.329002380371094,1
All coats flattened.,All coats looked like.,syntax,argument_structure,intransitive,True,False,False,False,280,-31.828155517578125,-30.55935287475586,0
Most glaciers melted.,Most glaciers resemble.,syntax,argument_structure,intransitive,True,False,False,False,281,-34.03602600097656,-35.699676513671875,1
The rivers hadn't evaporated.,The rivers hadn't scared.,syntax,argument_structure,intransitive,True,False,False,False,282,-37.17893600463867,-39.82095718383789,1
Those cakes aren't blackening.,Those cakes aren't scaring.,syntax,argument_structure,intransitive,True,False,False,False,283,-43.28792190551758,-40.390567779541016,0
Brenda can't read.,Brenda can't admire.,syntax,argument_structure,intransitive,True,False,False,False,284,-26.498428344726562,-32.38272476196289,1
Colleen jokes around.,Colleen dropped by.,syntax,argument_structure,intransitive,True,False,False,False,285,-37.95426940917969,-37.85234069824219,0
Samuel won't weep.,Samuel won't cure.,syntax,argument_structure,intransitive,True,False,False,False,286,-31.72428321838379,-34.11359405517578,1
All companies lie.,All companies dislike.,syntax,argument_structure,intransitive,True,False,False,False,287,-27.755956649780273,-29.877700805664062,1
This university is worrying.,This university is talking about.,syntax,argument_structure,intransitive,True,False,False,False,288,-30.201387405395508,-31.44984245300293,1
Every unicycle was rolling.,Every unicycle was scaring.,syntax,argument_structure,intransitive,True,False,False,False,289,-41.40839385986328,-45.19139099121094,1
Alexander hasn't shrugged.,Alexander hasn't fired.,syntax,argument_structure,intransitive,True,False,False,False,290,-33.539825439453125,-28.995521545410156,0
Many blouses did wrinkle.,Many blouses did resemble.,syntax,argument_structure,intransitive,True,False,False,False,291,-51.597999572753906,-48.43513107299805,0
Timothy wouldn't yell.,Timothy wouldn't fire.,syntax,argument_structure,intransitive,True,False,False,False,292,-33.55470657348633,-36.734493255615234,1
Kristin's ex-girlfriends can speak up.,Kristin's ex-girlfriends can sound like.,syntax,argument_structure,intransitive,True,False,False,False,293,-53.97853088378906,-54.616790771484375,1
The wheelbarrows were slowing.,The wheelbarrows were looking like.,syntax,argument_structure,intransitive,True,False,False,False,294,-41.456111907958984,-46.76740264892578,1
Those glaciers melt.,Those glaciers look like.,syntax,argument_structure,intransitive,True,False,False,False,295,-32.81025695800781,-34.0157356262207,1
All glaciers did evaporate.,All glaciers did resemble.,syntax,argument_structure,intransitive,True,False,False,False,296,-43.235511779785156,-44.404197692871094,1
Gerald isn't compromising.,Gerald isn't talking to.,syntax,argument_structure,intransitive,True,False,False,False,297,-34.21991729736328,-30.727581024169922,0
Ella's podiatrists paint.,Ella's podiatrists boasted about.,syntax,argument_structure,intransitive,True,False,False,False,298,-65.39759063720703,-77.52423095703125,1
Gina copes.,Gina resembles.,syntax,argument_structure,intransitive,True,False,False,False,299,-34.217628479003906,-32.401466369628906,0
Karen's girlfriend coughed.,Karen's girlfriend scared.,syntax,argument_structure,intransitive,True,False,False,False,300,-44.751075744628906,-35.470584869384766,0
All sisters of Donna haven't divorced.,All sisters of Donna haven't complained about.,syntax,argument_structure,intransitive,True,False,False,False,301,-52.7792854309082,-59.19229507446289,1
Most shoes aren't drying.,Most shoes aren't scaring.,syntax,argument_structure,intransitive,True,False,False,False,302,-34.59431457519531,-40.25873565673828,1
Angela's girlfriend spoke up.,Angela's girlfriend admires.,syntax,argument_structure,intransitive,True,False,False,False,303,-39.17207336425781,-42.34749221801758,1
Most schools exist.,Most schools boast about.,syntax,argument_structure,intransitive,True,False,False,False,304,-26.414363861083984,-40.019859313964844,1
Bicycles are shattering.,Bicycles are scaring.,syntax,argument_structure,intransitive,True,False,False,False,305,-36.30907440185547,-36.062068939208984,0
Many hats fall.,Many hats resembled.,syntax,argument_structure,intransitive,True,False,False,False,306,-32.258480072021484,-37.47641372680664,1
Linda shouldn't practice.,Linda shouldn't drive to.,syntax,argument_structure,intransitive,True,False,False,False,307,-32.32310104370117,-36.31711959838867,1
Rodney's ex-husbands exercise.,Rodney's ex-husbands resemble.,syntax,argument_structure,intransitive,True,False,False,False,308,-59.857460021972656,-63.52107620239258,1
Kimberley was seeing.,Kimberley was going to.,syntax,argument_structure,intransitive,True,False,False,False,309,-38.877357482910156,-37.35222244262695,0
Veronica's sons should retaliate.,Veronica's sons should sound like.,syntax,argument_structure,intransitive,True,False,False,False,310,-49.099037170410156,-51.262733459472656,1
Many sisters of Florence get a job.,Many sisters of Florence bike to.,syntax,argument_structure,intransitive,True,False,False,False,311,-52.00538635253906,-54.57402038574219,1
Adam's podiatrists get a job.,Adam's podiatrists lifted.,syntax,argument_structure,intransitive,True,False,False,False,312,-70.29502868652344,-67.55007934570312,0
Those scarves stretched.,Those scarves scare.,syntax,argument_structure,intransitive,True,False,False,False,313,-37.410057067871094,-38.43665313720703,1
The gate would open.,The gate would look like.,syntax,argument_structure,intransitive,True,False,False,False,314,-26.990419387817383,-29.057899475097656,1
These eyes weren't opening.,These eyes weren't scaring.,syntax,argument_structure,intransitive,True,False,False,False,315,-31.293542861938477,-37.581974029541016,1
The blouses hadn't shrunk.,The blouses hadn't resembled.,syntax,argument_structure,intransitive,True,False,False,False,316,-38.35542297363281,-42.64784240722656,1
That river has frozen.,That river has resembled.,syntax,argument_structure,intransitive,True,False,False,False,317,-31.809066772460938,-38.83959197998047,1
The teenager's doctors murmur.,The teenager's doctors go to.,syntax,argument_structure,intransitive,True,False,False,False,318,-46.3731689453125,-39.78408432006836,0
Some box closes.,Some box scared.,syntax,argument_structure,intransitive,True,False,False,False,319,-31.300106048583984,-34.47709655761719,1
Some eggplants might bake.,Some eggplants might resemble.,syntax,argument_structure,intransitive,True,False,False,False,320,-51.913455963134766,-53.14887619018555,1
Every committee has reunited.,Every committee has referenced.,syntax,argument_structure,intransitive,True,False,False,False,321,-35.5080680847168,-37.529685974121094,1
A window flings open.,A window resembled.,syntax,argument_structure,intransitive,True,False,False,False,322,-37.30739212036133,-33.10029220581055,0
A lot of cucumbers bake.,A lot of cucumbers resemble.,syntax,argument_structure,intransitive,True,False,False,False,323,-35.84040832519531,-37.61271286010742,1
Those carts rusted.,Those carts scare.,syntax,argument_structure,intransitive,True,False,False,False,324,-38.216529846191406,-33.309730529785156,0
A lot of grandmothers of Gary cry.,A lot of grandmothers of Gary boast about.,syntax,argument_structure,intransitive,True,False,False,False,325,-57.486541748046875,-68.41645812988281,1
Many cars stop.,Many cars resemble.,syntax,argument_structure,intransitive,True,False,False,False,326,-27.552509307861328,-34.58238220214844,1
Tonya's grandson was reading.,Tonya's grandson was examining.,syntax,argument_structure,intransitive,True,False,False,False,327,-46.990455627441406,-50.55925750732422,1
Homer got fired.,Homer escaped from.,syntax,argument_structure,intransitive,True,False,False,False,328,-30.949867248535156,-32.742122650146484,1
A child trains.,A child references.,syntax,argument_structure,intransitive,True,False,False,False,329,-29.445114135742188,-28.85061264038086,0
Larry isn't learning.,Larry isn't fleeing from.,syntax,argument_structure,intransitive,True,False,False,False,330,-26.954504013061523,-37.36857604980469,1
Roger had washed.,Roger had sounded like.,syntax,argument_structure,intransitive,True,False,False,False,331,-27.487478256225586,-32.480655670166016,1
A lot of grandmothers of Martin murmur.,A lot of grandmothers of Martin care for.,syntax,argument_structure,intransitive,True,False,False,False,332,-58.15586853027344,-61.287506103515625,1
A lot of committees reacted.,A lot of committees talk to.,syntax,argument_structure,intransitive,True,False,False,False,333,-36.45970916748047,-37.135108947753906,1
A lot of glasses shattered.,A lot of glasses look like.,syntax,argument_structure,intransitive,True,False,False,False,334,-33.202903747558594,-31.380552291870117,0
All sisters of these patients don't clash.,All sisters of these patients don't scare.,syntax,argument_structure,intransitive,True,False,False,False,335,-57.858985900878906,-55.52557373046875,0
Most patients appear.,Most patients conceal.,syntax,argument_structure,intransitive,True,False,False,False,336,-27.215625762939453,-32.573944091796875,1
Jennifer donates.,Jennifer found.,syntax,argument_structure,intransitive,True,False,False,False,337,-35.65278625488281,-24.54662322998047,0
Katherine's electrician hasn't swallowed.,Katherine's electrician hasn't gone to.,syntax,argument_structure,intransitive,True,False,False,False,338,-58.786617279052734,-57.619232177734375,0
Most grandsons of Patricia murmur.,Most grandsons of Patricia concealed.,syntax,argument_structure,intransitive,True,False,False,False,339,-70.7345962524414,-69.64007568359375,0
All shirts might stretch.,All shirts might scare.,syntax,argument_structure,intransitive,True,False,False,False,340,-36.218048095703125,-37.79515075683594,1
Marcus whispered.,Marcus respects.,syntax,argument_structure,intransitive,True,False,False,False,341,-24.4335994720459,-28.675193786621094,1
Emily might laugh.,Emily might dislike.,syntax,argument_structure,intransitive,True,False,False,False,342,-25.155521392822266,-32.00873565673828,1
Many socks tightened.,Many socks scare.,syntax,argument_structure,intransitive,True,False,False,False,343,-34.823463439941406,-36.534793853759766,1
Becca's doctors married.,Becca's doctors disagree with.,syntax,argument_structure,intransitive,True,False,False,False,344,-36.74974822998047,-44.41709899902344,1
The projectors aren't brightening.,The projectors aren't scaring.,syntax,argument_structure,intransitive,True,False,False,False,345,-48.01404571533203,-50.201072692871094,1
Those guests' associate scratches.,Those guests' associate arrived at.,syntax,argument_structure,intransitive,True,False,False,False,346,-48.32482147216797,-52.17359161376953,1
Most cups fall apart.,Most cups scared.,syntax,argument_structure,intransitive,True,False,False,False,347,-34.19378662109375,-35.0992546081543,1
These grandsons of Dawn wouldn't vanish.,These grandsons of Dawn wouldn't cure.,syntax,argument_structure,intransitive,True,False,False,False,348,-70.03515625,-70.7802734375,1
All closets fling open.,All closets resembled.,syntax,argument_structure,intransitive,True,False,False,False,349,-41.84403610229492,-39.57954406738281,0
This wheelbarrow could steer.,This wheelbarrow could scare.,syntax,argument_structure,intransitive,True,False,False,False,350,-40.21435546875,-42.82875061035156,1
Connie could laugh.,Connie could reveal.,syntax,argument_structure,intransitive,True,False,False,False,351,-29.48419189453125,-34.46335983276367,1
Most sons of Robert competed.,Most sons of Robert walked through.,syntax,argument_structure,intransitive,True,False,False,False,352,-45.41847229003906,-49.43958282470703,1
Gina will die.,Gina will talk about.,syntax,argument_structure,intransitive,True,False,False,False,353,-25.265525817871094,-30.295127868652344,1
Some mouth shuts.,Some mouth looked like.,syntax,argument_structure,intransitive,True,False,False,False,354,-31.11021614074707,-34.52417755126953,1
The skateboard would rust.,The skateboard would resemble.,syntax,argument_structure,intransitive,True,False,False,False,355,-40.767333984375,-37.024139404296875,0
A car dropped.,A car scared.,syntax,argument_structure,intransitive,True,False,False,False,356,-24.078536987304688,-25.054996490478516,1
Every daughter of Kathleen can't stand up.,Every daughter of Kathleen can't listen to.,syntax,argument_structure,intransitive,True,False,False,False,357,-48.75237274169922,-49.98945617675781,1
Those gloves dry.,Those gloves scared.,syntax,argument_structure,intransitive,True,False,False,False,358,-30.941242218017578,-33.55824279785156,1
Grace might nod.,Grace might examine.,syntax,argument_structure,intransitive,True,False,False,False,359,-34.00251388549805,-34.15694808959961,1
Many men yawn.,Many men talk to.,syntax,argument_structure,intransitive,True,False,False,False,360,-30.939062118530273,-27.259262084960938,0
These dancers hadn't blinked.,These dancers hadn't admired.,syntax,argument_structure,intransitive,True,False,False,False,361,-40.18382263183594,-38.24433898925781,0
This cup could fall apart.,This cup could look like.,syntax,argument_structure,intransitive,True,False,False,False,362,-32.68122482299805,-33.08007049560547,1
Carmen wasn't grinning.,Carmen wasn't firing.,syntax,argument_structure,intransitive,True,False,False,False,363,-38.395748138427734,-38.22013854980469,0
Closets aren't closing.,Closets aren't scaring.,syntax,argument_structure,intransitive,True,False,False,False,364,-40.2891731262207,-45.942665100097656,1
Some sons of the Impressionists cough.,Some sons of the Impressionists walk through.,syntax,argument_structure,intransitive,True,False,False,False,365,-55.549278259277344,-56.669288635253906,1
The drivers drink.,The drivers fire.,syntax,argument_structure,intransitive,True,False,False,False,366,-28.142536163330078,-27.1572265625,0
This plane crashes.,This plane looked like.,syntax,argument_structure,intransitive,True,False,False,False,367,-23.988693237304688,-27.80257797241211,1
Many chairs slip.,Many chairs resemble.,syntax,argument_structure,intransitive,True,False,False,False,368,-31.909351348876953,-34.25408935546875,1
Some brothers of a lot of actresses chuckle.,Some brothers of a lot of actresses drove to.,syntax,argument_structure,intransitive,True,False,False,False,369,-53.652442932128906,-56.6940803527832,1
That truck has accelerated.,That truck has looked like.,syntax,argument_structure,intransitive,True,False,False,False,370,-33.53730773925781,-34.011024475097656,1
Timothy wasn't leaving.,Timothy wasn't concealing.,syntax,argument_structure,intransitive,True,False,False,False,371,-29.824569702148438,-38.32267761230469,1
This ice melts.,This ice looked like.,syntax,argument_structure,intransitive,True,False,False,False,372,-24.71453285217285,-31.897445678710938,1
Martin cheers.,Martin fired.,syntax,argument_structure,intransitive,True,False,False,False,373,-22.724628448486328,-22.440303802490234,0
These pies scorch.,These pies resemble.,syntax,argument_structure,intransitive,True,False,False,False,374,-37.796871185302734,-34.81294250488281,0
Some bicycle had slowed.,Some bicycle had looked like.,syntax,argument_structure,intransitive,True,False,False,False,375,-39.42888259887695,-40.17681884765625,1
Marie complained.,Marie cured.,syntax,argument_structure,intransitive,True,False,False,False,376,-24.671295166015625,-25.57286262512207,1
Jason might slump over.,Jason might drive to.,syntax,argument_structure,intransitive,True,False,False,False,377,-37.709346771240234,-33.156742095947266,0
Some library was interacting.,Some library was boasting about.,syntax,argument_structure,intransitive,True,False,False,False,378,-37.738101959228516,-44.394073486328125,1
Companies clashed.,Companies listened to.,syntax,argument_structure,intransitive,True,False,False,False,379,-28.502756118774414,-30.545209884643555,1
Committees interact.,Committees reference.,syntax,argument_structure,intransitive,True,False,False,False,380,-32.9622802734375,-30.94227409362793,0
Bill wasn't nodding.,Bill wasn't escaping from.,syntax,argument_structure,intransitive,True,False,False,False,381,-28.851964950561523,-35.57938003540039,1
Dennis ate.,Dennis dislikes.,syntax,argument_structure,intransitive,True,False,False,False,382,-23.857330322265625,-28.723804473876953,1
Some apples grew.,Some apples look like.,syntax,argument_structure,intransitive,True,False,False,False,383,-27.461830139160156,-29.944265365600586,1
This committee profited.,This committee conceals.,syntax,argument_structure,intransitive,True,False,False,False,384,-34.06001281738281,-38.64846420288086,1
Those teenagers reacted.,Those teenagers talked about.,syntax,argument_structure,intransitive,True,False,False,False,385,-30.649877548217773,-31.55849838256836,1
Adam might compromise.,Adam might admire.,syntax,argument_structure,intransitive,True,False,False,False,386,-30.227201461791992,-32.57488250732422,1
These planes cracked.,These planes look like.,syntax,argument_structure,intransitive,True,False,False,False,387,-29.56450653076172,-29.410335540771484,0
Douglas slumps over.,Douglas conceals.,syntax,argument_structure,intransitive,True,False,False,False,388,-38.53215789794922,-33.48126220703125,0
These drivers were struggling.,These drivers were concealing.,syntax,argument_structure,intransitive,True,False,False,False,389,-31.90096092224121,-41.20020294189453,1
Some girls' senators would flirt.,Some girls' senators would argue about.,syntax,argument_structure,intransitive,True,False,False,False,390,-46.51160430908203,-48.40918731689453,1
The Lutherans complain.,The Lutherans drove to.,syntax,argument_structure,intransitive,True,False,False,False,391,-38.21466827392578,-42.20682907104492,1
That water evaporates.,That water looks like.,syntax,argument_structure,intransitive,True,False,False,False,392,-27.65744972229004,-28.331907272338867,1
Ruth's best friend sees.,Ruth's best friend escapes from.,syntax,argument_structure,intransitive,True,False,False,False,393,-37.39752197265625,-46.48149871826172,1
Those pants will flatten.,Those pants will resemble.,syntax,argument_structure,intransitive,True,False,False,False,394,-39.325077056884766,-38.95236587524414,0
This coat wrinkled.,This coat scares.,syntax,argument_structure,intransitive,True,False,False,False,395,-29.95241928100586,-31.374160766601562,1
Every light dims.,Every light looked like.,syntax,argument_structure,intransitive,True,False,False,False,396,-32.09424591064453,-27.980262756347656,0
The Lutherans' plumbers had flirted.,The Lutherans' plumbers had boasted about.,syntax,argument_structure,intransitive,True,False,False,False,397,-67.74032592773438,-70.91326904296875,1
Those students murmur.,Those students scared.,syntax,argument_structure,intransitive,True,False,False,False,398,-35.48293685913086,-30.448040008544922,0
Sisters of Bill were divorcing.,Sisters of Bill were admiring.,syntax,argument_structure,intransitive,True,False,False,False,399,-52.04651641845703,-50.08415985107422,0
The sisters of Travis haven't coped.,The sisters of Travis haven't disagreed with.,syntax,argument_structure,intransitive,True,False,False,False,400,-61.9847412109375,-58.46719741821289,0
This university conspired.,This university dislikes.,syntax,argument_structure,intransitive,True,False,False,False,401,-33.239200592041016,-34.44265365600586,1
The Clintons didn't cook.,The Clintons didn't reference.,syntax,argument_structure,intransitive,True,False,False,False,402,-40.819766998291016,-43.555118560791016,1
Holly's nephews practice.,Holly's nephews find.,syntax,argument_structure,intransitive,True,False,False,False,403,-43.41206359863281,-41.57746887207031,0
All candles brighten.,All candles scare.,syntax,argument_structure,intransitive,True,False,False,False,404,-39.46595764160156,-33.10985565185547,0
Chad's sisters will react.,Chad's sisters will flee from.,syntax,argument_structure,intransitive,True,False,False,False,405,-49.171302795410156,-55.04442596435547,1
Many blouses warp.,Many blouses scare.,syntax,argument_structure,intransitive,True,False,False,False,406,-43.95637512207031,-40.65119552612305,0
Every school didn't joke around.,Every school didn't argue about.,syntax,argument_structure,intransitive,True,False,False,False,407,-39.44253921508789,-38.43864059448242,0
All boxes are shutting.,All boxes are scaring.,syntax,argument_structure,intransitive,True,False,False,False,408,-29.964248657226562,-31.378093719482422,1
The cucumber scorched.,The cucumber scared.,syntax,argument_structure,intransitive,True,False,False,False,409,-35.66047668457031,-32.71994400024414,0
Those convertibles rust.,Those convertibles resembled.,syntax,argument_structure,intransitive,True,False,False,False,410,-49.627140045166016,-51.048500061035156,1
Marie could cough.,Marie could escape from.,syntax,argument_structure,intransitive,True,False,False,False,411,-30.25373077392578,-33.348358154296875,1
A tomato had grown.,A tomato had scared.,syntax,argument_structure,intransitive,True,False,False,False,412,-33.10294723510742,-37.50201416015625,1
Every convertible maneuvers.,Every convertible looked like.,syntax,argument_structure,intransitive,True,False,False,False,413,-33.747520446777344,-35.56941604614258,1
The people sigh.,The people fled from.,syntax,argument_structure,intransitive,True,False,False,False,414,-26.840110778808594,-27.542984008789062,1
Steven practices.,Steven admires.,syntax,argument_structure,intransitive,True,False,False,False,415,-25.72045135498047,-32.814117431640625,1
Some glove unfolds.,Some glove looked like.,syntax,argument_structure,intransitive,True,False,False,False,416,-34.31684494018555,-34.042110443115234,0
A lake evaporates.,A lake resembles.,syntax,argument_structure,intransitive,True,False,False,False,417,-30.46489715576172,-33.15525817871094,1
That ice vaporized.,That ice looked like.,syntax,argument_structure,intransitive,True,False,False,False,418,-33.16896057128906,-30.537883758544922,0
Becca stands up.,Becca drops by.,syntax,argument_structure,intransitive,True,False,False,False,419,-28.220806121826172,-35.83906173706055,1
A lot of women win.,A lot of women return to.,syntax,argument_structure,intransitive,True,False,False,False,420,-26.739604949951172,-32.20098876953125,1
Monet compromises.,Monet worked with.,syntax,argument_structure,intransitive,True,False,False,False,421,-33.06501770019531,-37.60095977783203,1
Every boy's doctors wouldn't meet.,Every boy's doctors wouldn't respect.,syntax,argument_structure,intransitive,True,False,False,False,422,-46.430442810058594,-48.30329895019531,1
Many icicles condense.,Many icicles looked like.,syntax,argument_structure,intransitive,True,False,False,False,423,-44.45172882080078,-41.723751068115234,0
Tamara's bosses weren't marrying.,Tamara's bosses weren't finding.,syntax,argument_structure,intransitive,True,False,False,False,424,-52.39361572265625,-51.76952362060547,0
All libraries weren't working hard.,All libraries weren't scaring.,syntax,argument_structure,intransitive,True,False,False,False,425,-38.6502571105957,-42.257606506347656,1
That sock has unfolded.,That sock has looked like.,syntax,argument_structure,intransitive,True,False,False,False,426,-35.749839782714844,-34.31569290161133,0
Those glaciers melted.,Those glaciers scared.,syntax,argument_structure,intransitive,True,False,False,False,427,-33.70378494262695,-35.13468551635742,1
Dawn cries.,Dawn talked about.,syntax,argument_structure,intransitive,True,False,False,False,428,-26.065242767333984,-29.053546905517578,1
This window was dropping.,This window was looking like.,syntax,argument_structure,intransitive,True,False,False,False,429,-27.43391227722168,-31.488815307617188,1
Those grandmothers of Winston Churchill communicate.,Those grandmothers of Winston Churchill drive to.,syntax,argument_structure,intransitive,True,False,False,False,430,-68.87673950195312,-71.61843872070312,1
Lissa plays.,Lissa resembles.,syntax,argument_structure,intransitive,True,False,False,False,431,-27.24686050415039,-35.054222106933594,1
Mary's classmates have coped.,Mary's classmates have examined.,syntax,argument_structure,intransitive,True,False,False,False,432,-48.0379638671875,-41.8231315612793,0
People did clash.,People did reference.,syntax,argument_structure,intransitive,True,False,False,False,433,-29.70677947998047,-29.726818084716797,1
This sock stretches.,This sock resembles.,syntax,argument_structure,intransitive,True,False,False,False,434,-32.536319732666016,-33.980796813964844,1
That dancer could smile.,That dancer could reveal.,syntax,argument_structure,intransitive,True,False,False,False,435,-35.351741790771484,-37.52492904663086,1
These sweaters were tightening.,These sweaters were scaring.,syntax,argument_structure,intransitive,True,False,False,False,436,-39.01227569580078,-39.57146453857422,1
Matt should leave.,Matt should like.,syntax,argument_structure,intransitive,True,False,False,False,437,-27.59878921508789,-30.79700469970703,1
A hospital argued.,A hospital listens to.,syntax,argument_structure,intransitive,True,False,False,False,438,-29.924663543701172,-32.7846794128418,1
Sherry's colleagues might embrace.,Sherry's colleagues might talk about.,syntax,argument_structure,intransitive,True,False,False,False,439,-51.54356384277344,-48.884037017822266,0
Connie sneezes.,Connie cured.,syntax,argument_structure,intransitive,True,False,False,False,440,-30.510204315185547,-29.769460678100586,0
Gerald's associates kiss.,Gerald's associates listen to.,syntax,argument_structure,intransitive,True,False,False,False,441,-39.627845764160156,-40.247589111328125,1
Every skateboard tips over.,Every skateboard looks like.,syntax,argument_structure,intransitive,True,False,False,False,442,-40.04499053955078,-35.23268508911133,0
The grandmother of Carrie waves.,The grandmother of Carrie liked.,syntax,argument_structure,intransitive,True,False,False,False,443,-43.10654830932617,-40.42998123168945,0
These cashiers conspired.,These cashiers went to.,syntax,argument_structure,intransitive,True,False,False,False,444,-44.223838806152344,-39.304107666015625,0
Laura got a job.,Laura looked like.,syntax,argument_structure,intransitive,True,False,False,False,445,-25.063400268554688,-26.358501434326172,1
Most waitresses drink.,Most waitresses look like.,syntax,argument_structure,intransitive,True,False,False,False,446,-44.38671875,-45.63447570800781,1
That banana chars.,That banana looks like.,syntax,argument_structure,intransitive,True,False,False,False,447,-33.80646514892578,-29.319683074951172,0
William's grandfathers had conspired.,William's grandfathers had biked to.,syntax,argument_structure,intransitive,True,False,False,False,448,-46.858280181884766,-59.699798583984375,1
Patricia's guests laugh.,Patricia's guests fired.,syntax,argument_structure,intransitive,True,False,False,False,449,-41.40116882324219,-41.97745132446289,1
Nancy's best friend should salute.,Nancy's best friend should complain about.,syntax,argument_structure,intransitive,True,False,False,False,450,-49.72908401489258,-47.22203826904297,0
Spinach can't rot.,Spinach can't look like.,syntax,argument_structure,intransitive,True,False,False,False,451,-41.5160026550293,-41.129478454589844,0
A lot of ladies profited.,A lot of ladies complain about.,syntax,argument_structure,intransitive,True,False,False,False,452,-34.87422180175781,-34.776519775390625,0
Women wake up.,Women listen to.,syntax,argument_structure,intransitive,True,False,False,False,453,-24.313922882080078,-25.10157012939453,1
Every cart appears.,Every cart resembles.,syntax,argument_structure,intransitive,True,False,False,False,454,-33.49290466308594,-36.423336029052734,1
This committee is succeeding.,This committee is boasting about.,syntax,argument_structure,intransitive,True,False,False,False,455,-31.156517028808594,-40.271209716796875,1
Jane should spin around.,Jane should drop by.,syntax,argument_structure,intransitive,True,False,False,False,456,-34.81146240234375,-35.05213165283203,1
The pie burns.,The pie resembles.,syntax,argument_structure,intransitive,True,False,False,False,457,-28.16765594482422,-30.65131950378418,1
Most dishes aren't falling apart.,Most dishes aren't scaring.,syntax,argument_structure,intransitive,True,False,False,False,458,-40.260772705078125,-41.591064453125,1
A person hadn't boasted.,A person hadn't concealed.,syntax,argument_structure,intransitive,True,False,False,False,459,-36.25639343261719,-36.418365478515625,1
A lot of teachers didn't correspond.,A lot of teachers didn't work with.,syntax,argument_structure,intransitive,True,False,False,False,460,-37.92567825317383,-33.968711853027344,0
Most waitresses' hairdressers shouted.,Most waitresses' hairdressers disagree with.,syntax,argument_structure,intransitive,True,False,False,False,461,-69.02767181396484,-75.89180755615234,1
Those blouses had flattened.,Those blouses had looked like.,syntax,argument_structure,intransitive,True,False,False,False,462,-40.206077575683594,-41.19386291503906,1
Eric smiles.,Eric looks like.,syntax,argument_structure,intransitive,True,False,False,False,463,-24.37267303466797,-25.388530731201172,1
A lot of spotlights aren't brightening.,A lot of spotlights aren't looking like.,syntax,argument_structure,intransitive,True,False,False,False,464,-51.57709503173828,-52.97658920288086,1
All unicycles have crashed.,All unicycles have resembled.,syntax,argument_structure,intransitive,True,False,False,False,465,-45.7214241027832,-50.213348388671875,1
Julia's nephews weep.,Julia's nephews talked to.,syntax,argument_structure,intransitive,True,False,False,False,466,-43.268741607666016,-42.64939880371094,0
Derek isn't falling.,Derek isn't referencing.,syntax,argument_structure,intransitive,True,False,False,False,467,-29.037769317626953,-34.46529006958008,1
All carriages rust.,All carriages looked like.,syntax,argument_structure,intransitive,True,False,False,False,468,-39.50587463378906,-34.670291900634766,0
Sandra is cooking.,Sandra is concealing.,syntax,argument_structure,intransitive,True,False,False,False,469,-24.28477668762207,-34.68675994873047,1
That bread burned.,That bread scares.,syntax,argument_structure,intransitive,True,False,False,False,470,-30.080310821533203,-32.443016052246094,1
Walter cries.,Walter biked to.,syntax,argument_structure,intransitive,True,False,False,False,471,-27.67929458618164,-41.76539611816406,1
These unicycles haven't tipped over.,These unicycles haven't scared.,syntax,argument_structure,intransitive,True,False,False,False,472,-52.25965118408203,-52.3597412109375,1
Some companies aren't fighting.,Some companies aren't scaring.,syntax,argument_structure,intransitive,True,False,False,False,473,-30.186763763427734,-38.65346145629883,1
Sheila is writing.,Sheila is finding.,syntax,argument_structure,intransitive,True,False,False,False,474,-26.657634735107422,-29.17054557800293,1
George spoke up.,George scared.,syntax,argument_structure,intransitive,True,False,False,False,475,-23.77324104309082,-23.993122100830078,1
A lot of jackets unfold.,A lot of jackets scare.,syntax,argument_structure,intransitive,True,False,False,False,476,-35.763282775878906,-35.45826721191406,0
William scratched.,William scared.,syntax,argument_structure,intransitive,True,False,False,False,477,-26.486007690429688,-26.35889434814453,0
These sons of Rebecca compete.,These sons of Rebecca drive to.,syntax,argument_structure,intransitive,True,False,False,False,478,-46.76579284667969,-49.63206481933594,1
That banana wouldn't rot.,That banana wouldn't look like.,syntax,argument_structure,intransitive,True,False,False,False,479,-40.10920715332031,-37.11836242675781,0
Socks were soaking.,Socks were scaring.,syntax,argument_structure,intransitive,True,False,False,False,480,-29.585058212280273,-31.98109245300293,1
Some sisters of Katherine have screamed.,Some sisters of Katherine have revealed.,syntax,argument_structure,intransitive,True,False,False,False,481,-52.77877426147461,-51.85923767089844,0
Every guy's brothers scratch.,Every guy's brothers complained about.,syntax,argument_structure,intransitive,True,False,False,False,482,-40.89280700683594,-43.5462646484375,1
Some organization conspired.,Some organization admired.,syntax,argument_structure,intransitive,True,False,False,False,483,-33.9657096862793,-33.17179870605469,0
Kirsten chuckles.,Kirsten flees from.,syntax,argument_structure,intransitive,True,False,False,False,484,-33.26418685913086,-47.13862991333008,1
That blouse had frayed.,That blouse had scared.,syntax,argument_structure,intransitive,True,False,False,False,485,-39.49969482421875,-35.566619873046875,0
That bike maneuvered.,That bike looked like.,syntax,argument_structure,intransitive,True,False,False,False,486,-40.634483337402344,-29.819175720214844,0
Grandsons of Vincent win.,Grandsons of Vincent return to.,syntax,argument_structure,intransitive,True,False,False,False,487,-54.35122299194336,-62.59794235229492,1
Many doctors are cooperating.,Many doctors are fleeing from.,syntax,argument_structure,intransitive,True,False,False,False,488,-30.39232635498047,-37.994239807128906,1
Every child drinks.,Every child admires.,syntax,argument_structure,intransitive,True,False,False,False,489,-25.072071075439453,-35.741859436035156,1
The driver's sisters should confer.,The driver's sisters should lift.,syntax,argument_structure,intransitive,True,False,False,False,490,-48.748870849609375,-47.949954986572266,0
Kevin sighs.,Kevin bikes to.,syntax,argument_structure,intransitive,True,False,False,False,491,-26.45252799987793,-35.952232360839844,1
Amanda's mentors work hard.,Amanda's mentors lift.,syntax,argument_structure,intransitive,True,False,False,False,492,-42.58871078491211,-43.75969696044922,1
Spain should explain everything.,Spain should listen to.,syntax,argument_structure,intransitive,True,False,False,False,493,-33.435890197753906,-32.938255310058594,0
A shoe loosens.,A shoe resembles.,syntax,argument_structure,intransitive,True,False,False,False,494,-34.20794677734375,-32.78504180908203,0
Some association is conspiring.,Some association is firing.,syntax,argument_structure,intransitive,True,False,False,False,495,-35.309139251708984,-33.71582794189453,0
Most associations have approved.,Most associations have respected.,syntax,argument_structure,intransitive,True,False,False,False,496,-33.444488525390625,-35.851165771484375,1
Deanna hasn't played.,Deanna hasn't fired.,syntax,argument_structure,intransitive,True,False,False,False,497,-37.51557922363281,-40.42976379394531,1
Beverly's dermatologist did slump over.,Beverly's dermatologist did complain about.,syntax,argument_structure,intransitive,True,False,False,False,498,-68.37786865234375,-62.72865295410156,0
Every lamp brightens.,Every lamp looked like.,syntax,argument_structure,intransitive,True,False,False,False,499,-37.183719635009766,-30.217363357543945,0
This screen darkens.,This screen scares.,syntax,argument_structure,intransitive,True,False,False,False,500,-38.872833251953125,-30.60897445678711,0
Ruth wasn't speaking up.,Ruth wasn't revealing.,syntax,argument_structure,intransitive,True,False,False,False,501,-33.97712707519531,-35.161170959472656,1
This gate flung open.,This gate scares.,syntax,argument_structure,intransitive,True,False,False,False,502,-33.42705535888672,-32.74208068847656,0
Kristin's colleagues yawn.,Kristin's colleagues resemble.,syntax,argument_structure,intransitive,True,False,False,False,503,-43.727447509765625,-46.37849426269531,1
Jerry's granddaughters escape.,Jerry's granddaughters disagree with.,syntax,argument_structure,intransitive,True,False,False,False,504,-47.52935028076172,-55.107643127441406,1
Patricia is stretching.,Patricia is working with.,syntax,argument_structure,intransitive,True,False,False,False,505,-31.9406681060791,-31.733688354492188,0
Every skirt had twirled.,Every skirt had scared.,syntax,argument_structure,intransitive,True,False,False,False,506,-41.698333740234375,-37.515220642089844,0
These doctors interact.,These doctors argued about.,syntax,argument_structure,intransitive,True,False,False,False,507,-27.696956634521484,-35.36136245727539,1
Victoria protests.,Victoria likes.,syntax,argument_structure,intransitive,True,False,False,False,508,-26.008731842041016,-23.992109298706055,0
Tracy has waved.,Tracy has gone to.,syntax,argument_structure,intransitive,True,False,False,False,509,-35.312103271484375,-31.269241333007812,0
Every child couldn't paint.,Every child couldn't talk about.,syntax,argument_structure,intransitive,True,False,False,False,510,-36.32748031616211,-34.02832794189453,0
A coat would warp.,A coat would resemble.,syntax,argument_structure,intransitive,True,False,False,False,511,-34.43925476074219,-34.18965148925781,0
Catherine's best friends shouldn't hug.,Catherine's best friends shouldn't examine.,syntax,argument_structure,intransitive,True,False,False,False,512,-50.335845947265625,-50.9969596862793,1
Wayne had boasted.,Wayne had disliked.,syntax,argument_structure,intransitive,True,False,False,False,513,-31.28265380859375,-34.16925048828125,1
All eyes weren't shutting.,All eyes weren't scaring.,syntax,argument_structure,intransitive,True,False,False,False,514,-34.2876091003418,-36.09566116333008,1
Benjamin's nieces aren't divorcing.,Benjamin's nieces aren't talking to.,syntax,argument_structure,intransitive,True,False,False,False,515,-66.02948760986328,-61.89088821411133,0
This sister of Samantha is reading.,This sister of Samantha is disagreeing with.,syntax,argument_structure,intransitive,True,False,False,False,516,-44.95072555541992,-62.019134521484375,1
That fish exists.,That fish scares.,syntax,argument_structure,intransitive,True,False,False,False,517,-27.00582504272461,-32.87862014770508,1
Most guests' son is playing.,Most guests' son is walking through.,syntax,argument_structure,intransitive,True,False,False,False,518,-44.004661560058594,-50.206321716308594,1
Omar came here.,Omar wears.,syntax,argument_structure,intransitive,True,False,False,False,519,-29.126174926757812,-30.172378540039062,1
Craig can telephone.,Craig can care for.,syntax,argument_structure,intransitive,True,False,False,False,520,-30.53426742553711,-36.939552307128906,1
Renee's teachers have compromised.,Renee's teachers have walked through.,syntax,argument_structure,intransitive,True,False,False,False,521,-46.88219451904297,-49.26142120361328,1
A lot of cousins of Wendy profited.,A lot of cousins of Wendy returned to.,syntax,argument_structure,intransitive,True,False,False,False,522,-50.89006423950195,-50.278907775878906,0
Kristen performs.,Kristen looked like.,syntax,argument_structure,intransitive,True,False,False,False,523,-32.84911346435547,-31.102611541748047,0
This glove will wrinkle.,This glove will resemble.,syntax,argument_structure,intransitive,True,False,False,False,524,-40.17747116088867,-33.80264663696289,0
Judy shouts.,Judy escaped from.,syntax,argument_structure,intransitive,True,False,False,False,525,-26.671092987060547,-31.087003707885742,1
Sheila's mentees are studying.,Sheila's mentees are listening to.,syntax,argument_structure,intransitive,True,False,False,False,526,-52.5134162902832,-55.29409408569336,1
This lady's sisters donate.,This lady's sisters flee from.,syntax,argument_structure,intransitive,True,False,False,False,527,-42.296382904052734,-48.97575378417969,1
Jesus is coughing.,Jesus is listening to.,syntax,argument_structure,intransitive,True,False,False,False,528,-22.184791564941406,-23.441286087036133,1
Some plate shouldn't slip.,Some plate shouldn't resemble.,syntax,argument_structure,intransitive,True,False,False,False,529,-41.761802673339844,-45.747623443603516,1
Helen's doctors worry.,Helen's doctors talked to.,syntax,argument_structure,intransitive,True,False,False,False,530,-37.64093780517578,-41.99858474731445,1
A lot of daughters of Donald couldn't explain everything.,A lot of daughters of Donald couldn't return to.,syntax,argument_structure,intransitive,True,False,False,False,531,-56.6232795715332,-57.32332229614258,1
Monet copes.,Monet sounds like.,syntax,argument_structure,intransitive,True,False,False,False,532,-38.16929626464844,-32.920047760009766,0
All pants shrink.,All pants looked like.,syntax,argument_structure,intransitive,True,False,False,False,533,-31.674625396728516,-31.90066146850586,1
The bicycles shattered.,The bicycles resemble.,syntax,argument_structure,intransitive,True,False,False,False,534,-30.80170440673828,-33.985233306884766,1
Some cashiers protest.,Some cashiers work with.,syntax,argument_structure,intransitive,True,False,False,False,535,-37.60523986816406,-38.59154510498047,1
That guest's mentors were meeting.,That guest's mentors were complaining about.,syntax,argument_structure,intransitive,True,False,False,False,536,-51.144508361816406,-57.21961975097656,1
Sweaters flatten.,Sweaters scared.,syntax,argument_structure,intransitive,True,False,False,False,537,-36.71843338012695,-32.545475006103516,0
That girl is moving.,That girl is returning to.,syntax,argument_structure,intransitive,True,False,False,False,538,-23.2641658782959,-30.712535858154297,1
Every shirt had tightened.,Every shirt had looked like.,syntax,argument_structure,intransitive,True,False,False,False,539,-34.79529571533203,-35.417205810546875,1
Glaciers do condense.,Glaciers do resemble.,syntax,argument_structure,intransitive,True,False,False,False,540,-48.8837890625,-46.42475128173828,0
Karla's guests grin.,Karla's guests complained about.,syntax,argument_structure,intransitive,True,False,False,False,541,-48.922149658203125,-52.38557434082031,1
Rebecca paints.,Rebecca arrives at.,syntax,argument_structure,intransitive,True,False,False,False,542,-26.859235763549805,-31.46995735168457,1
Allison's plumbers answer.,Allison's plumbers admired.,syntax,argument_structure,intransitive,True,False,False,False,543,-46.68653869628906,-48.85585021972656,1
Every guest's brothers cope.,Every guest's brothers respected.,syntax,argument_structure,intransitive,True,False,False,False,544,-43.295188903808594,-42.113487243652344,0
Most unicycles should crash.,Most unicycles should resemble.,syntax,argument_structure,intransitive,True,False,False,False,545,-48.66826629638672,-50.712730407714844,1
Dan hasn't escaped.,Dan hasn't fired.,syntax,argument_structure,intransitive,True,False,False,False,546,-27.103425979614258,-28.754337310791016,1
Kimberley isn't standing up.,Kimberley isn't driving to.,syntax,argument_structure,intransitive,True,False,False,False,547,-42.82671356201172,-46.533668518066406,1
Some forks drop.,Some forks scare.,syntax,argument_structure,intransitive,True,False,False,False,548,-29.17096710205078,-33.02536392211914,1
Debra has laughed.,Debra has found.,syntax,argument_structure,intransitive,True,False,False,False,549,-34.74114990234375,-31.864315032958984,0
Mitchell sighed.,Mitchell worked with.,syntax,argument_structure,intransitive,True,False,False,False,550,-28.903697967529297,-33.850669860839844,1
Paula compromises.,Paula likes.,syntax,argument_structure,intransitive,True,False,False,False,551,-31.637083053588867,-29.116823196411133,0
This customer's senators weren't worrying.,This customer's senators weren't curing.,syntax,argument_structure,intransitive,True,False,False,False,552,-52.1747932434082,-57.65900421142578,1
Theresa's best friends fought.,Theresa's best friends admire.,syntax,argument_structure,intransitive,True,False,False,False,553,-36.73632049560547,-38.38273620605469,1
Most rivers don't freeze.,Most rivers don't scare.,syntax,argument_structure,intransitive,True,False,False,False,554,-34.63159942626953,-35.88352966308594,1
Some bread is charring.,Some bread is looking like.,syntax,argument_structure,intransitive,True,False,False,False,555,-39.99651336669922,-35.97419738769531,0
This muffin bakes.,This muffin scared.,syntax,argument_structure,intransitive,True,False,False,False,556,-34.376068115234375,-32.013282775878906,0
Thomas is yelling.,Thomas is returning to.,syntax,argument_structure,intransitive,True,False,False,False,557,-26.958232879638672,-28.83111572265625,1
Dawn shouldn't sit down.,Dawn shouldn't resemble.,syntax,argument_structure,intransitive,True,False,False,False,558,-34.598655700683594,-40.230716705322266,1
The Lutherans forfeit.,The Lutherans disliked.,syntax,argument_structure,intransitive,True,False,False,False,559,-40.31034851074219,-39.39148712158203,0
Gregory isn't answering.,Gregory isn't biking to.,syntax,argument_structure,intransitive,True,False,False,False,560,-29.70047378540039,-41.69202423095703,1
That teacher's daughter is shrugging.,That teacher's daughter is revealing.,syntax,argument_structure,intransitive,True,False,False,False,561,-54.03720474243164,-43.792415618896484,0
A lot of waiters stretch.,A lot of waiters arrive at.,syntax,argument_structure,intransitive,True,False,False,False,562,-43.59943389892578,-48.47294616699219,1
Some senators' grandfathers were clashing.,Some senators' grandfathers were boasting about.,syntax,argument_structure,intransitive,True,False,False,False,563,-60.0471076965332,-60.76714324951172,1
Erin did compromise.,Erin did reveal.,syntax,argument_structure,intransitive,True,False,False,False,564,-34.38810729980469,-38.274314880371094,1
That pedestrian hasn't woken up.,That pedestrian hasn't talked to.,syntax,argument_structure,intransitive,True,False,False,False,565,-42.53594207763672,-41.743614196777344,0
Sharon is eating.,Sharon is firing.,syntax,argument_structure,intransitive,True,False,False,False,566,-23.56302261352539,-28.672168731689453,1
Maria hasn't waved.,Maria hasn't scared.,syntax,argument_structure,intransitive,True,False,False,False,567,-31.831295013427734,-29.206064224243164,0
Tamara isn't coughing.,Tamara isn't escaping from.,syntax,argument_structure,intransitive,True,False,False,False,568,-37.3885498046875,-43.81290817260742,1
Lawrence was dying.,Lawrence was revealing.,syntax,argument_structure,intransitive,True,False,False,False,569,-26.654094696044922,-32.243709564208984,1
All lamps vanish.,All lamps resemble.,syntax,argument_structure,intransitive,True,False,False,False,570,-30.986021041870117,-32.25682067871094,1
Anna has fallen asleep.,Anna has examined.,syntax,argument_structure,intransitive,True,False,False,False,571,-25.702306747436523,-28.647724151611328,1
Curtis's students have testified.,Curtis's students have referenced.,syntax,argument_structure,intransitive,True,False,False,False,572,-52.03794479370117,-52.91227722167969,1
The patients communicated.,The patients flee from.,syntax,argument_structure,intransitive,True,False,False,False,573,-29.754859924316406,-37.503143310546875,1
Some men read.,Some men cured.,syntax,argument_structure,intransitive,True,False,False,False,574,-24.05976104736328,-27.12720489501953,1
Eric's dentists yawned.,Eric's dentists walked through.,syntax,argument_structure,intransitive,True,False,False,False,575,-44.53363037109375,-45.986244201660156,1
Helen scratches.,Helen walked through.,syntax,argument_structure,intransitive,True,False,False,False,576,-28.41714096069336,-30.575862884521484,1
All guys would wave.,All guys would drop by.,syntax,argument_structure,intransitive,True,False,False,False,577,-32.12920379638672,-36.433509826660156,1
This skateboard steered.,This skateboard resembled.,syntax,argument_structure,intransitive,True,False,False,False,578,-34.642578125,-39.35834884643555,1
This committee has boasted.,This committee has scared.,syntax,argument_structure,intransitive,True,False,False,False,579,-32.24620056152344,-35.97111511230469,1
Peter wouldn't bake.,Peter wouldn't bike to.,syntax,argument_structure,intransitive,True,False,False,False,580,-31.531692504882812,-38.05400848388672,1
Many governments shouldn't surrender.,Many governments shouldn't work with.,syntax,argument_structure,intransitive,True,False,False,False,581,-36.920326232910156,-39.6617431640625,1
A lot of socks loosen.,A lot of socks resembled.,syntax,argument_structure,intransitive,True,False,False,False,582,-36.86427688598633,-37.82110595703125,1
Winston Churchill's students cheer.,Winston Churchill's students admired.,syntax,argument_structure,intransitive,True,False,False,False,583,-54.66564178466797,-52.43790817260742,0
A scarf had warped.,A scarf had resembled.,syntax,argument_structure,intransitive,True,False,False,False,584,-36.05306625366211,-39.75423049926758,1
This eye closed.,This eye looked like.,syntax,argument_structure,intransitive,True,False,False,False,585,-22.651918411254883,-26.471511840820312,1
That icicle freezes.,That icicle resembles.,syntax,argument_structure,intransitive,True,False,False,False,586,-33.658531188964844,-37.90550231933594,1
The actresses aren't negotiating.,The actresses aren't boasting about.,syntax,argument_structure,intransitive,True,False,False,False,587,-36.656593322753906,-42.71745300292969,1
A cucumber blackened.,A cucumber resembled.,syntax,argument_structure,intransitive,True,False,False,False,588,-36.17097091674805,-37.773277282714844,1
These trucks weren't maneuvering.,These trucks weren't looking like.,syntax,argument_structure,intransitive,True,False,False,False,589,-39.81355285644531,-38.340145111083984,0
Tonya smiles.,Tonya complains about.,syntax,argument_structure,intransitive,True,False,False,False,590,-29.56665802001953,-36.6086540222168,1
That unicycle would roll.,That unicycle would scare.,syntax,argument_structure,intransitive,True,False,False,False,591,-42.78103256225586,-45.27587127685547,1
A lot of pants fray.,A lot of pants resembled.,syntax,argument_structure,intransitive,True,False,False,False,592,-37.46531295776367,-38.196205139160156,1
That mouth had closed.,That mouth had looked like.,syntax,argument_structure,intransitive,True,False,False,False,593,-34.02351379394531,-38.62944412231445,1
All cucumbers bake.,All cucumbers scare.,syntax,argument_structure,intransitive,True,False,False,False,594,-33.86472702026367,-34.564247131347656,1
Every pepper has grown.,Every pepper has looked like.,syntax,argument_structure,intransitive,True,False,False,False,595,-33.99304962158203,-39.12005615234375,1
Roger murmured.,Roger concealed.,syntax,argument_structure,intransitive,True,False,False,False,596,-26.259172439575195,-26.096080780029297,0
This convertible wasn't stopping.,This convertible wasn't looking like.,syntax,argument_structure,intransitive,True,False,False,False,597,-34.26611328125,-40.30397033691406,1
That glass shatters.,That glass scared.,syntax,argument_structure,intransitive,True,False,False,False,598,-30.833415985107422,-29.945600509643555,0
The Impressionists hadn't replied.,The Impressionists hadn't resembled.,syntax,argument_structure,intransitive,True,False,False,False,599,-44.399559020996094,-49.587974548339844,1
Pamela went fishing.,Pamela arrived at.,syntax,argument_structure,intransitive,True,False,False,False,600,-40.69867706298828,-43.93782043457031,1
Most women shouldn't whisper.,Most women shouldn't argue about.,syntax,argument_structure,intransitive,True,False,False,False,601,-36.212440490722656,-37.08595657348633,1
A lot of shirts have folded.,A lot of shirts have scared.,syntax,argument_structure,intransitive,True,False,False,False,602,-37.42964172363281,-38.863670349121094,1
That company surrenders.,That company boasted about.,syntax,argument_structure,intransitive,True,False,False,False,603,-41.47987365722656,-38.114925384521484,0
Customers disappear.,Customers escaped from.,syntax,argument_structure,intransitive,True,False,False,False,604,-27.608745574951172,-35.41252899169922,1
The closet is flinging open.,The closet is looking like.,syntax,argument_structure,intransitive,True,False,False,False,605,-34.101837158203125,-31.33987808227539,0
Monica's doctors have sneezed.,Monica's doctors have cured.,syntax,argument_structure,intransitive,True,False,False,False,606,-49.772850036621094,-44.24554443359375,0
Irene hadn't explained everything.,Irene hadn't admired.,syntax,argument_structure,intransitive,True,False,False,False,607,-35.70713424682617,-35.842132568359375,1
A river melted.,A river looks like.,syntax,argument_structure,intransitive,True,False,False,False,608,-28.206485748291016,-28.746482849121094,1
Tara's father wins.,Tara's father admired.,syntax,argument_structure,intransitive,True,False,False,False,609,-34.58561325073242,-36.64640808105469,1
Melissa's hairdressers hadn't married.,Melissa's hairdressers hadn't talked to.,syntax,argument_structure,intransitive,True,False,False,False,610,-52.33206558227539,-55.27570724487305,1
Daniel was slumping over.,Daniel was scaring.,syntax,argument_structure,intransitive,True,False,False,False,611,-38.75770950317383,-27.61380958557129,0
Eva isn't compromising.,Eva isn't curing.,syntax,argument_structure,intransitive,True,False,False,False,612,-32.846309661865234,-35.077022552490234,1
Caroline writes.,Caroline works with.,syntax,argument_structure,intransitive,True,False,False,False,613,-27.563798904418945,-30.497180938720703,1
Many glaciers were evaporating.,Many glaciers were looking like.,syntax,argument_structure,intransitive,True,False,False,False,614,-39.29486083984375,-40.685970306396484,1
Richard has studied.,Richard has worked with.,syntax,argument_structure,intransitive,True,False,False,False,615,-27.51852798461914,-29.081716537475586,1
This broccoli wasn't rotting.,This broccoli wasn't scaring.,syntax,argument_structure,intransitive,True,False,False,False,616,-40.57927703857422,-43.753475189208984,1
Karla's French teachers reunited.,Karla's French teachers drove to.,syntax,argument_structure,intransitive,True,False,False,False,617,-56.25249481201172,-60.6969108581543,1
Donald works hard.,Donald listened to.,syntax,argument_structure,intransitive,True,False,False,False,618,-28.155914306640625,-28.51141357421875,1
Pork wasn't baking.,Pork wasn't looking like.,syntax,argument_structure,intransitive,True,False,False,False,619,-37.55568313598633,-39.319679260253906,1
Edward wasn't laughing.,Edward wasn't scaring.,syntax,argument_structure,intransitive,True,False,False,False,620,-29.24013900756836,-34.212181091308594,1
Homer hasn't whispered.,Homer hasn't revealed.,syntax,argument_structure,intransitive,True,False,False,False,621,-34.12774658203125,-34.363075256347656,1
Aaron lies.,Aaron disliked.,syntax,argument_structure,intransitive,True,False,False,False,622,-23.59171485900879,-29.262165069580078,1
A lot of brothers of some patient drink.,A lot of brothers of some patient worked with.,syntax,argument_structure,intransitive,True,False,False,False,623,-51.5579948425293,-56.09154510498047,1
Most commentaries about the Balkans will disagree.,Most commentaries about the Balkans will disagree with.,syntax,argument_structure,intransitive,True,False,False,False,624,-65.04144287109375,-70.24520111083984,1
Many students practiced.,Many students concealed.,syntax,argument_structure,intransitive,True,False,False,False,625,-29.890867233276367,-32.88173294067383,1
Naomi cried.,Naomi sounded like.,syntax,argument_structure,intransitive,True,False,False,False,626,-30.308696746826172,-35.91242980957031,1
The Impressionists benefit.,The Impressionists work with.,syntax,argument_structure,intransitive,True,False,False,False,627,-36.034034729003906,-40.191505432128906,1
Every boy goes fishing.,Every boy cares for.,syntax,argument_structure,intransitive,True,False,False,False,628,-27.37430191040039,-28.7911376953125,1
A lamp could dim.,A lamp could resemble.,syntax,argument_structure,intransitive,True,False,False,False,629,-37.64628982543945,-36.493980407714844,0
A spotlight doesn't dim.,A spotlight doesn't look like.,syntax,argument_structure,intransitive,True,False,False,False,630,-41.847869873046875,-34.68632125854492,0
Sherry's boyfriend is compromising.,Sherry's boyfriend is revealing.,syntax,argument_structure,intransitive,True,False,False,False,631,-42.437347412109375,-41.53901672363281,0
An eye closes.,An eye scared.,syntax,argument_structure,intransitive,True,False,False,False,632,-25.452919006347656,-26.45697021484375,1
Alicia shouted.,Alicia finds.,syntax,argument_structure,intransitive,True,False,False,False,633,-28.6529541015625,-29.199790954589844,1
Kayla was sneezing.,Kayla was scaring.,syntax,argument_structure,intransitive,True,False,False,False,634,-34.33550262451172,-35.59294891357422,1
An actor's nieces weren't surrendering.,An actor's nieces weren't listening to.,syntax,argument_structure,intransitive,True,False,False,False,635,-66.78250885009766,-61.2088508605957,0
All fathers of Christopher spin around.,All fathers of Christopher look like.,syntax,argument_structure,intransitive,True,False,False,False,636,-54.5635871887207,-48.70899200439453,0
A lot of convertibles slow.,A lot of convertibles scared.,syntax,argument_structure,intransitive,True,False,False,False,637,-50.758880615234375,-53.555572509765625,1
A lot of shirts warp.,A lot of shirts resemble.,syntax,argument_structure,intransitive,True,False,False,False,638,-36.691776275634766,-35.998600006103516,0
Those governments benefit.,Those governments like.,syntax,argument_structure,intransitive,True,False,False,False,639,-28.814273834228516,-29.059314727783203,1
Katherine's teachers would chuckle.,Katherine's teachers would escape from.,syntax,argument_structure,intransitive,True,False,False,False,640,-50.37968444824219,-54.284210205078125,1
Some car was slowing.,Some car was scaring.,syntax,argument_structure,intransitive,True,False,False,False,641,-30.924781799316406,-34.12079620361328,1
All guys clash.,All guys examine.,syntax,argument_structure,intransitive,True,False,False,False,642,-28.35089683532715,-30.187397003173828,1
Some window had shut.,Some window had scared.,syntax,argument_structure,intransitive,True,False,False,False,643,-34.7158203125,-36.32771301269531,1
These carts slipped.,These carts scared.,syntax,argument_structure,intransitive,True,False,False,False,644,-33.03871154785156,-34.74419403076172,1
April goes fishing.,April wore.,syntax,argument_structure,intransitive,True,False,False,False,645,-29.21424674987793,-24.334327697753906,0
That light had darkened.,That light had resembled.,syntax,argument_structure,intransitive,True,False,False,False,646,-32.577640533447266,-36.340721130371094,1
Many actors have negotiated.,Many actors have looked like.,syntax,argument_structure,intransitive,True,False,False,False,647,-32.91765594482422,-33.150718688964844,1
Ella is wasting away.,Ella is going to.,syntax,argument_structure,intransitive,True,False,False,False,648,-34.914581298828125,-27.15374183654785,0
These couches hadn't cracked.,These couches hadn't looked like.,syntax,argument_structure,intransitive,True,False,False,False,649,-43.872100830078125,-44.92240905761719,1
Some customers' boss answered.,Some customers' boss arrives at.,syntax,argument_structure,intransitive,True,False,False,False,650,-43.82551574707031,-49.30821228027344,1
Benjamin hasn't smiled.,Benjamin hasn't concealed.,syntax,argument_structure,intransitive,True,False,False,False,651,-30.260326385498047,-34.625152587890625,1
Michelle's tutors fight.,Michelle's tutors fled from.,syntax,argument_structure,intransitive,True,False,False,False,652,-40.33447265625,-50.28218078613281,1
A glacier condensed.,A glacier looked like.,syntax,argument_structure,intransitive,True,False,False,False,653,-32.629295349121094,-31.88764190673828,0
Some girl grinned.,Some girl cures.,syntax,argument_structure,intransitive,True,False,False,False,654,-27.11437225341797,-28.683988571166992,1
Some eggplants rot.,Some eggplants scare.,syntax,argument_structure,intransitive,True,False,False,False,655,-47.768497467041016,-46.96628952026367,0
Some ice froze.,Some ice scared.,syntax,argument_structure,intransitive,True,False,False,False,656,-30.010543823242188,-30.503742218017578,1
Stacy's dermatologists couldn't paint.,Stacy's dermatologists couldn't go to.,syntax,argument_structure,intransitive,True,False,False,False,657,-60.36929702758789,-59.2332763671875,0
The mothers of Paula had competed.,The mothers of Paula had disagreed with.,syntax,argument_structure,intransitive,True,False,False,False,658,-46.21278381347656,-50.68174362182617,1
The scarf wrinkled.,The scarf looked like.,syntax,argument_structure,intransitive,True,False,False,False,659,-30.66705322265625,-28.895523071289062,0
This glacier should vaporize.,This glacier should look like.,syntax,argument_structure,intransitive,True,False,False,False,660,-42.70314025878906,-36.05035400390625,0
Laurie's lawyers do divorce.,Laurie's lawyers do bike to.,syntax,argument_structure,intransitive,True,False,False,False,661,-48.48324203491211,-57.55033493041992,1
The lamp fades.,The lamp looks like.,syntax,argument_structure,intransitive,True,False,False,False,662,-25.626123428344727,-25.44255256652832,0
All glaciers weren't evaporating.,All glaciers weren't looking like.,syntax,argument_structure,intransitive,True,False,False,False,663,-43.46657180786133,-44.08513641357422,1
Schools respond.,Schools resemble.,syntax,argument_structure,intransitive,True,False,False,False,664,-28.87557601928711,-31.185894012451172,1
Heather's mentors hug.,Heather's mentors cured.,syntax,argument_structure,intransitive,True,False,False,False,665,-51.326995849609375,-49.892452239990234,0
Colleen approves.,Colleen talked about.,syntax,argument_structure,intransitive,True,False,False,False,666,-30.0098934173584,-35.035728454589844,1
Wayne littered.,Wayne scared.,syntax,argument_structure,intransitive,True,False,False,False,667,-29.37933349609375,-24.983617782592773,0
The Borgias respond.,The Borgias argued about.,syntax,argument_structure,intransitive,True,False,False,False,668,-36.9128303527832,-42.762916564941406,1
Lawrence's grandmothers chatted.,Lawrence's grandmothers find.,syntax,argument_structure,intransitive,True,False,False,False,669,-50.292884826660156,-46.523536682128906,0
Heather isn't sitting down.,Heather isn't listening to.,syntax,argument_structure,intransitive,True,False,False,False,670,-33.637298583984375,-32.96692657470703,0
Renee disappears.,Renee fires.,syntax,argument_structure,intransitive,True,False,False,False,671,-28.391220092773438,-27.39425277709961,0
Many lakes condensed.,Many lakes looked like.,syntax,argument_structure,intransitive,True,False,False,False,672,-36.10002136230469,-34.80059814453125,0
Scott gets a job.,Scott conceals.,syntax,argument_structure,intransitive,True,False,False,False,673,-27.392345428466797,-32.99541473388672,1
This sweater should unfold.,This sweater should look like.,syntax,argument_structure,intransitive,True,False,False,False,674,-35.426841735839844,-32.65680694580078,0
Janice's lawyers aren't conspiring.,Janice's lawyers aren't firing.,syntax,argument_structure,intransitive,True,False,False,False,675,-48.42378616333008,-47.669189453125,0
Waiters' daughters are collaborating.,Waiters' daughters are concealing.,syntax,argument_structure,intransitive,True,False,False,False,676,-56.058528900146484,-60.80140686035156,1
Carolyn's grandfather wouldn't hunt.,Carolyn's grandfather wouldn't escape from.,syntax,argument_structure,intransitive,True,False,False,False,677,-49.815345764160156,-53.4466552734375,1
The sweater was crumpling.,The sweater was scaring.,syntax,argument_structure,intransitive,True,False,False,False,678,-38.57745361328125,-33.23765563964844,0
Some sons of Wayne could see.,Some sons of Wayne could go to.,syntax,argument_structure,intransitive,True,False,False,False,679,-46.3755989074707,-48.582481384277344,1
Some ice hasn't condensed.,Some ice hasn't looked like.,syntax,argument_structure,intransitive,True,False,False,False,680,-41.522216796875,-40.314430236816406,0
Randolf grins.,Randolf respects.,syntax,argument_structure,intransitive,True,False,False,False,681,-40.33861541748047,-37.949440002441406,0
Edward's best friends haven't replied.,Edward's best friends haven't scared.,syntax,argument_structure,intransitive,True,False,False,False,682,-43.14457702636719,-45.947486877441406,1
Wendy's best friends had succeeded.,Wendy's best friends had argued about.,syntax,argument_structure,intransitive,True,False,False,False,683,-45.44903564453125,-53.961875915527344,1
This mirror was dropping.,This mirror was scaring.,syntax,argument_structure,intransitive,True,False,False,False,684,-31.461027145385742,-34.687774658203125,1
Andrew's contractors hadn't hugged.,Andrew's contractors hadn't worked with.,syntax,argument_structure,intransitive,True,False,False,False,685,-50.982460021972656,-49.69392395019531,0
Dawn's hairdressers compromise.,Dawn's hairdressers boasted about.,syntax,argument_structure,intransitive,True,False,False,False,686,-51.98050308227539,-59.25921630859375,1
Jessica's classmates go fishing.,Jessica's classmates admired.,syntax,argument_structure,intransitive,True,False,False,False,687,-42.51765441894531,-40.541748046875,0
Those carriages were accelerating.,Those carriages were looking like.,syntax,argument_structure,intransitive,True,False,False,False,688,-36.824825286865234,-39.66521453857422,1
Some dancers did hug.,Some dancers did walk through.,syntax,argument_structure,intransitive,True,False,False,False,689,-35.97594451904297,-40.179786682128906,1
The Lutherans can't surrender.,The Lutherans can't dislike.,syntax,argument_structure,intransitive,True,False,False,False,690,-41.62843322753906,-46.317474365234375,1
Jill writes.,Jill cares for.,syntax,argument_structure,intransitive,True,False,False,False,691,-25.804357528686523,-30.96920394897461,1
Most teachers reacted.,Most teachers liked.,syntax,argument_structure,intransitive,True,False,False,False,692,-30.135601043701172,-27.08184051513672,0
This spinach grows.,This spinach resembled.,syntax,argument_structure,intransitive,True,False,False,False,693,-29.838088989257812,-39.56572723388672,1
Many brothers of Colleen testified.,Many brothers of Colleen concealed.,syntax,argument_structure,intransitive,True,False,False,False,694,-53.33362579345703,-56.06382369995117,1
The spotlight darkens.,The spotlight looked like.,syntax,argument_structure,intransitive,True,False,False,False,695,-39.286033630371094,-29.48036003112793,0
Drivers cry.,Drivers wore.,syntax,argument_structure,intransitive,True,False,False,False,696,-29.345664978027344,-30.788314819335938,1
Some plate has dropped.,Some plate has looked like.,syntax,argument_structure,intransitive,True,False,False,False,697,-33.08578109741211,-38.44096755981445,1
Lori's employee screams.,Lori's employee cures.,syntax,argument_structure,intransitive,True,False,False,False,698,-44.01333236694336,-43.920379638671875,0
A sock was soaking.,A sock was scaring.,syntax,argument_structure,intransitive,True,False,False,False,699,-33.92890548706055,-36.22705078125,1
Pamela protests.,Pamela disagrees with.,syntax,argument_structure,intransitive,True,False,False,False,700,-38.1585807800293,-42.34956741333008,1
Lucille is waving.,Lucille is listening to.,syntax,argument_structure,intransitive,True,False,False,False,701,-31.25824546813965,-31.333982467651367,1
Those museums have retaliated.,Those museums have fired.,syntax,argument_structure,intransitive,True,False,False,False,702,-37.706214904785156,-33.15596008300781,0
Beverly's ex-girlfriends date.,Beverly's ex-girlfriends examined.,syntax,argument_structure,intransitive,True,False,False,False,703,-51.71958541870117,-57.23480987548828,1
The Impressionists stretch.,The Impressionists disagree with.,syntax,argument_structure,intransitive,True,False,False,False,704,-38.994876861572266,-41.52153778076172,1
Homer should concur.,Homer should like.,syntax,argument_structure,intransitive,True,False,False,False,705,-40.93683624267578,-32.58281326293945,0
All mushrooms wouldn't grow.,All mushrooms wouldn't look like.,syntax,argument_structure,intransitive,True,False,False,False,706,-36.24773406982422,-39.12248992919922,1
The skateboard rusted.,The skateboard scared.,syntax,argument_structure,intransitive,True,False,False,False,707,-35.20059585571289,-32.54502868652344,0
All tomatoes won't ripen.,All tomatoes won't look like.,syntax,argument_structure,intransitive,True,False,False,False,708,-46.66558837890625,-39.46137619018555,0
Andrew yells.,Andrew works with.,syntax,argument_structure,intransitive,True,False,False,False,709,-24.0124568939209,-28.52347183227539,1
Every couch slips.,Every couch scared.,syntax,argument_structure,intransitive,True,False,False,False,710,-29.918657302856445,-30.604808807373047,1
A cake blackens.,A cake resembles.,syntax,argument_structure,intransitive,True,False,False,False,711,-38.42300796508789,-31.17761993408203,0
That dress hasn't soaked.,That dress hasn't looked like.,syntax,argument_structure,intransitive,True,False,False,False,712,-34.90663528442383,-33.04235076904297,0
All grandfathers of Renee competed.,All grandfathers of Renee wore.,syntax,argument_structure,intransitive,True,False,False,False,713,-57.673240661621094,-56.93590545654297,0
Barbara's employees cooperated.,Barbara's employees reveal.,syntax,argument_structure,intransitive,True,False,False,False,714,-43.631568908691406,-42.27901840209961,0
A lot of sons of guys can clash.,A lot of sons of guys can conceal.,syntax,argument_structure,intransitive,True,False,False,False,715,-52.59461975097656,-53.14014434814453,1
All women hide.,All women reveal.,syntax,argument_structure,intransitive,True,False,False,False,716,-24.66302490234375,-26.971275329589844,1
A lot of cousins of Michael benefit.,A lot of cousins of Michael find.,syntax,argument_structure,intransitive,True,False,False,False,717,-49.33051300048828,-46.87821960449219,0
Patrick doesn't sneeze.,Patrick doesn't go to.,syntax,argument_structure,intransitive,True,False,False,False,718,-29.533279418945312,-27.443408966064453,0
Some screens fell apart.,Some screens scare.,syntax,argument_structure,intransitive,True,False,False,False,719,-33.91674041748047,-32.39598846435547,0
Amelia washed.,Amelia wore.,syntax,argument_structure,intransitive,True,False,False,False,720,-27.998573303222656,-26.53137969970703,0
Most mushrooms scorch.,Most mushrooms resemble.,syntax,argument_structure,intransitive,True,False,False,False,721,-38.17167663574219,-35.184078216552734,0
Some cart is crashing.,Some cart is scaring.,syntax,argument_structure,intransitive,True,False,False,False,722,-35.26462173461914,-38.02177429199219,1
That gate opens.,That gate scares.,syntax,argument_structure,intransitive,True,False,False,False,723,-24.116519927978516,-32.392112731933594,1
The gate opens.,The gate resembled.,syntax,argument_structure,intransitive,True,False,False,False,724,-22.683574676513672,-31.862586975097656,1
Most drivers reply.,Most drivers wore.,syntax,argument_structure,intransitive,True,False,False,False,725,-34.03606414794922,-32.593963623046875,0
Many socks will soak.,Many socks will look like.,syntax,argument_structure,intransitive,True,False,False,False,726,-39.931617736816406,-38.714576721191406,0
Kevin comes here.,Kevin disliked.,syntax,argument_structure,intransitive,True,False,False,False,727,-22.11745834350586,-29.552452087402344,1
The coat shrinks.,The coat looked like.,syntax,argument_structure,intransitive,True,False,False,False,728,-31.626537322998047,-26.13739776611328,0
All waiters boasted.,All waiters boast about.,syntax,argument_structure,intransitive,True,False,False,False,729,-42.98381423950195,-50.10074234008789,1
These associations are profiting.,These associations are concealing.,syntax,argument_structure,intransitive,True,False,False,False,730,-35.338191986083984,-39.25354766845703,1
Judy's dentist hasn't baked.,Judy's dentist hasn't biked to.,syntax,argument_structure,intransitive,True,False,False,False,731,-49.364994049072266,-62.09345245361328,1
That glass cracks.,That glass scared.,syntax,argument_structure,intransitive,True,False,False,False,732,-27.776784896850586,-29.945600509643555,1
Those planes aren't crashing.,Those planes aren't looking like.,syntax,argument_structure,intransitive,True,False,False,False,733,-32.14710998535156,-36.859561920166016,1
This driver's fathers forfeit.,This driver's fathers like.,syntax,argument_structure,intransitive,True,False,False,False,734,-47.14567565917969,-41.858055114746094,0
Many cousins of Walter speak up.,Many cousins of Walter argue about.,syntax,argument_structure,intransitive,True,False,False,False,735,-51.55886459350586,-53.163841247558594,1
That plane turns.,That plane scared.,syntax,argument_structure,intransitive,True,False,False,False,736,-26.574155807495117,-28.46106719970703,1
These shawls fray.,These shawls resembled.,syntax,argument_structure,intransitive,True,False,False,False,737,-42.868038177490234,-44.98246765136719,1
A lot of glaciers hadn't frozen.,A lot of glaciers hadn't resembled.,syntax,argument_structure,intransitive,True,False,False,False,738,-43.185630798339844,-48.22901916503906,1
This sweater loosened.,This sweater scared.,syntax,argument_structure,intransitive,True,False,False,False,739,-31.930618286132812,-29.742958068847656,0
Craig's nieces kiss.,Craig's nieces argue about.,syntax,argument_structure,intransitive,True,False,False,False,740,-46.928062438964844,-58.32415771484375,1
This cart stopped.,This cart resembled.,syntax,argument_structure,intransitive,True,False,False,False,741,-27.97946548461914,-35.01676940917969,1
Many dresses loosen.,Many dresses look like.,syntax,argument_structure,intransitive,True,False,False,False,742,-37.4403076171875,-32.0403938293457,0
Stacy suffers.,Stacy cures.,syntax,argument_structure,intransitive,True,False,False,False,743,-29.324270248413086,-29.78874969482422,1
Some tomatoes burn.,Some tomatoes resembled.,syntax,argument_structure,intransitive,True,False,False,False,744,-30.824077606201172,-36.23487854003906,1
Gregory's colleague can wash.,Gregory's colleague can cure.,syntax,argument_structure,intransitive,True,False,False,False,745,-46.27970886230469,-45.98236083984375,0
Homer sighed.,Homer admires.,syntax,argument_structure,intransitive,True,False,False,False,746,-29.551963806152344,-33.796119689941406,1
All guests are hiding away.,All guests are disagreeing with.,syntax,argument_structure,intransitive,True,False,False,False,747,-35.46843338012695,-45.66516876220703,1
The dancers weren't drinking.,The dancers weren't concealing.,syntax,argument_structure,intransitive,True,False,False,False,748,-32.417266845703125,-39.042686462402344,1
Many grandfathers of many ladies weren't muttering.,Many grandfathers of many ladies weren't biking to.,syntax,argument_structure,intransitive,True,False,False,False,749,-68.853759765625,-76.97129821777344,1
Nieces of all men have hugged.,Nieces of all men have dropped by.,syntax,argument_structure,intransitive,True,False,False,False,750,-59.479896545410156,-61.039772033691406,1
All tomatoes had rotted.,All tomatoes had resembled.,syntax,argument_structure,intransitive,True,False,False,False,751,-43.87709045410156,-43.863441467285156,0
Maria waves.,Maria respected.,syntax,argument_structure,intransitive,True,False,False,False,752,-25.17204475402832,-25.955249786376953,1
A horse hadn't wasted away.,A horse hadn't scared.,syntax,argument_structure,intransitive,True,False,False,False,753,-41.383548736572266,-37.313720703125,0
All children practice.,All children fire.,syntax,argument_structure,intransitive,True,False,False,False,754,-26.36916732788086,-26.788347244262695,1
Every window isn't shattering.,Every window isn't looking like.,syntax,argument_structure,intransitive,True,False,False,False,755,-35.82370376586914,-35.555362701416016,0
Kathleen's partners were divorcing.,Kathleen's partners were arguing about.,syntax,argument_structure,intransitive,True,False,False,False,756,-51.739776611328125,-52.77587127685547,1
Victoria's hairdressers chatted.,Victoria's hairdressers dislike.,syntax,argument_structure,intransitive,True,False,False,False,757,-49.50508117675781,-46.5096435546875,0
Charles yawns.,Charles looks like.,syntax,argument_structure,intransitive,True,False,False,False,758,-26.10718536376953,-25.144271850585938,0
Maria's brothers had responded.,Maria's brothers had concealed.,syntax,argument_structure,intransitive,True,False,False,False,759,-40.537261962890625,-40.75444030761719,1
All guests haven't flirted.,All guests haven't gone to.,syntax,argument_structure,intransitive,True,False,False,False,760,-42.81813049316406,-34.84928512573242,0
The actresses mutter.,The actresses sounded like.,syntax,argument_structure,intransitive,True,False,False,False,761,-33.737152099609375,-31.48198699951172,0
Andrew's friend disagreed.,Andrew's friend cared for.,syntax,argument_structure,intransitive,True,False,False,False,762,-33.20545959472656,-38.165748596191406,1
Some drawings of those rivers were appearing.,Some drawings of those rivers were scaring.,syntax,argument_structure,intransitive,True,False,False,False,763,-52.39915466308594,-53.96144104003906,1
Bethany concurred.,Bethany scared.,syntax,argument_structure,intransitive,True,False,False,False,764,-40.01091003417969,-31.83199119567871,0
That jacket was shrinking.,That jacket was scaring.,syntax,argument_structure,intransitive,True,False,False,False,765,-32.5645751953125,-32.684391021728516,1
This lady yawned.,This lady looked like.,syntax,argument_structure,intransitive,True,False,False,False,766,-28.71422576904297,-25.397497177124023,0
Clyde yawns.,Clyde drove to.,syntax,argument_structure,intransitive,True,False,False,False,767,-40.13154602050781,-44.30804443359375,1
That customer didn't yawn.,That customer didn't boast about.,syntax,argument_structure,intransitive,True,False,False,False,768,-40.90560531616211,-44.20686340332031,1
Elizabeth was falling asleep.,Elizabeth was returning to.,syntax,argument_structure,intransitive,True,False,False,False,769,-26.378442764282227,-27.609600067138672,1
Todd wasn't learning.,Todd wasn't walking through.,syntax,argument_structure,intransitive,True,False,False,False,770,-29.506637573242188,-33.49948501586914,1
Most sweaters were twisting.,Most sweaters were looking like.,syntax,argument_structure,intransitive,True,False,False,False,771,-39.436527252197266,-42.20097732543945,1
A lot of jackets frayed.,A lot of jackets scare.,syntax,argument_structure,intransitive,True,False,False,False,772,-42.80499267578125,-35.45826721191406,0
That door should close.,That door should look like.,syntax,argument_structure,intransitive,True,False,False,False,773,-30.822338104248047,-31.394641876220703,1
This actor's best friends weren't sighing.,This actor's best friends weren't lifting.,syntax,argument_structure,intransitive,True,False,False,False,774,-54.846500396728516,-53.23966598510742,0
A boy isn't baking.,A boy isn't curing.,syntax,argument_structure,intransitive,True,False,False,False,775,-33.81566619873047,-37.300636291503906,1
Most tomatoes baked.,Most tomatoes scare.,syntax,argument_structure,intransitive,True,False,False,False,776,-32.22454833984375,-34.08689880371094,1
Kimberley's cousins had struggled.,Kimberley's cousins had escaped from.,syntax,argument_structure,intransitive,True,False,False,False,777,-56.379669189453125,-58.94719314575195,1
Most glaciers do evaporate.,Most glaciers do look like.,syntax,argument_structure,intransitive,True,False,False,False,778,-39.27702713012695,-38.24317932128906,0
Charles's ex-girlfriends weren't conferring.,Charles's ex-girlfriends weren't firing.,syntax,argument_structure,intransitive,True,False,False,False,779,-59.659515380859375,-52.243892669677734,0
Grace's bosses scratch.,Grace's bosses listened to.,syntax,argument_structure,intransitive,True,False,False,False,780,-40.079795837402344,-41.70628356933594,1
Jane couldn't swallow.,Jane couldn't fire.,syntax,argument_structure,intransitive,True,False,False,False,781,-29.273609161376953,-29.417922973632812,1
Most nephews of Cheryl are conspiring.,Most nephews of Cheryl are walking through.,syntax,argument_structure,intransitive,True,False,False,False,782,-62.935420989990234,-64.37225341796875,1
Mark's contractors approve.,Mark's contractors return to.,syntax,argument_structure,intransitive,True,False,False,False,783,-40.757625579833984,-45.14984130859375,1
Kirsten's handymen cope.,Kirsten's handymen look like.,syntax,argument_structure,intransitive,True,False,False,False,784,-56.460994720458984,-56.96504211425781,1
Wendy is learning.,Wendy is escaping from.,syntax,argument_structure,intransitive,True,False,False,False,785,-28.03636932373047,-33.59444046020508,1
Becky paints.,Becky conceals.,syntax,argument_structure,intransitive,True,False,False,False,786,-25.515968322753906,-32.598106384277344,1
Students' employees were benefiting.,Students' employees were listening to.,syntax,argument_structure,intransitive,True,False,False,False,787,-45.91150665283203,-43.72283172607422,0
Patrick's ex-wives boast.,Patrick's ex-wives listen to.,syntax,argument_structure,intransitive,True,False,False,False,788,-47.811641693115234,-48.053977966308594,1
All doctors concur.,All doctors scare.,syntax,argument_structure,intransitive,True,False,False,False,789,-36.039520263671875,-30.55658721923828,0
Sara is sitting down.,Sara is fleeing from.,syntax,argument_structure,intransitive,True,False,False,False,790,-23.289695739746094,-33.58161926269531,1
Some boys assembled.,Some boys referenced.,syntax,argument_structure,intransitive,True,False,False,False,791,-25.687196731567383,-30.300142288208008,1
Jill's mothers vanish.,Jill's mothers found.,syntax,argument_structure,intransitive,True,False,False,False,792,-46.13868713378906,-44.13881301879883,0
Paul hasn't changed.,Paul hasn't respected.,syntax,argument_structure,intransitive,True,False,False,False,793,-25.22866439819336,-32.116539001464844,1
Those women aren't negotiating.,Those women aren't listening to.,syntax,argument_structure,intransitive,True,False,False,False,794,-27.596193313598633,-28.20491600036621,1
Clyde doesn't wash.,Clyde doesn't lift.,syntax,argument_structure,intransitive,True,False,False,False,795,-46.16293716430664,-45.071510314941406,0
Alicia has gotten a job.,Alicia has gone to.,syntax,argument_structure,intransitive,True,False,False,False,796,-36.384765625,-32.38425827026367,0
The brothers of Leslie laugh.,The brothers of Leslie boasted about.,syntax,argument_structure,intransitive,True,False,False,False,797,-42.18190002441406,-50.5709342956543,1
Melissa's oncologists move.,Melissa's oncologists disagreed with.,syntax,argument_structure,intransitive,True,False,False,False,798,-55.47969436645508,-62.616661071777344,1
Sarah's supervisors lie.,Sarah's supervisors reveal.,syntax,argument_structure,intransitive,True,False,False,False,799,-38.19919204711914,-39.68014144897461,1
All fathers of Mitchell have fought.,All fathers of Mitchell have escaped from.,syntax,argument_structure,intransitive,True,False,False,False,800,-50.09599685668945,-55.77399826049805,1
The door hasn't opened.,The door hasn't looked like.,syntax,argument_structure,intransitive,True,False,False,False,801,-23.871402740478516,-30.422866821289062,1
Nicole wasn't dying.,Nicole wasn't listening to.,syntax,argument_structure,intransitive,True,False,False,False,802,-31.78421974182129,-33.395362854003906,1
A lot of cashiers competed.,A lot of cashiers admire.,syntax,argument_structure,intransitive,True,False,False,False,803,-38.8112678527832,-40.58915710449219,1
Those vases cracked.,Those vases looked like.,syntax,argument_structure,intransitive,True,False,False,False,804,-34.944488525390625,-37.13601303100586,1
Florence's ex-girlfriends compete.,Florence's ex-girlfriends liked.,syntax,argument_structure,intransitive,True,False,False,False,805,-58.63911437988281,-55.15879440307617,0
Some museum hadn't communicated.,Some museum hadn't talked to.,syntax,argument_structure,intransitive,True,False,False,False,806,-38.849082946777344,-39.18239974975586,1
Tracy cheered.,Tracy drove to.,syntax,argument_structure,intransitive,True,False,False,False,807,-29.54865264892578,-34.51762771606445,1
These windows wouldn't shut.,These windows wouldn't resemble.,syntax,argument_structure,intransitive,True,False,False,False,808,-35.159934997558594,-39.02690124511719,1
Theodore's daughters have hunted.,Theodore's daughters have escaped from.,syntax,argument_structure,intransitive,True,False,False,False,809,-39.731468200683594,-43.525901794433594,1
Gerald's podiatrist blinked.,Gerald's podiatrist escapes from.,syntax,argument_structure,intransitive,True,False,False,False,810,-64.38340759277344,-69.15309143066406,1
Some men will scream.,Some men will care for.,syntax,argument_structure,intransitive,True,False,False,False,811,-27.617204666137695,-31.946311950683594,1
Many unicycles don't crash.,Many unicycles don't look like.,syntax,argument_structure,intransitive,True,False,False,False,812,-51.091041564941406,-48.51151657104492,0
Those cats can't wake up.,Those cats can't resemble.,syntax,argument_structure,intransitive,True,False,False,False,813,-31.526315689086914,-36.10643005371094,1
Mark won.,Mark flees from.,syntax,argument_structure,intransitive,True,False,False,False,814,-22.774776458740234,-37.93904495239258,1
Nancy is sitting down.,Nancy is arguing about.,syntax,argument_structure,intransitive,True,False,False,False,815,-24.662487030029297,-32.95185089111328,1
Most socks crumple.,Most socks scare.,syntax,argument_structure,intransitive,True,False,False,False,816,-44.553688049316406,-35.46196746826172,0
Lawrence spun around.,Lawrence cures.,syntax,argument_structure,intransitive,True,False,False,False,817,-33.715423583984375,-29.065982818603516,0
Janet's sons sing.,Janet's sons fire.,syntax,argument_structure,intransitive,True,False,False,False,818,-40.12940216064453,-40.21220016479492,1
Those shirts won't shrink.,Those shirts won't scare.,syntax,argument_structure,intransitive,True,False,False,False,819,-38.05281066894531,-38.301029205322266,1
Melinda's tutors exercise.,Melinda's tutors found.,syntax,argument_structure,intransitive,True,False,False,False,820,-45.84630584716797,-45.48989486694336,0
Wayne won.,Wayne looked like.,syntax,argument_structure,intransitive,True,False,False,False,821,-23.447532653808594,-25.57868194580078,1
Some ladies waste away.,Some ladies fire.,syntax,argument_structure,intransitive,True,False,False,False,822,-35.92512512207031,-27.552200317382812,0
Amelia's contractors hunt.,Amelia's contractors admire.,syntax,argument_structure,intransitive,True,False,False,False,823,-46.41279602050781,-48.37738800048828,1
The bike was dropping.,The bike was looking like.,syntax,argument_structure,intransitive,True,False,False,False,824,-28.13885498046875,-33.817195892333984,1
This patient eats.,This patient revealed.,syntax,argument_structure,intransitive,True,False,False,False,825,-25.987335205078125,-28.461170196533203,1
A blouse has frayed.,A blouse has scared.,syntax,argument_structure,intransitive,True,False,False,False,826,-41.320343017578125,-36.87052536010742,0
Jessica's senator slumped over.,Jessica's senator disliked.,syntax,argument_structure,intransitive,True,False,False,False,827,-48.26935577392578,-44.64851379394531,0
That projector was brightening.,That projector was looking like.,syntax,argument_structure,intransitive,True,False,False,False,828,-39.54756546020508,-39.66460418701172,1
The dancer's student cried.,The dancer's student conceals.,syntax,argument_structure,intransitive,True,False,False,False,829,-41.28651428222656,-48.452415466308594,1
That shawl could stretch.,That shawl could resemble.,syntax,argument_structure,intransitive,True,False,False,False,830,-40.111759185791016,-43.81354522705078,1
Patricia escapes.,Patricia liked.,syntax,argument_structure,intransitive,True,False,False,False,831,-29.735919952392578,-29.314903259277344,0
Joseph cooperates.,Joseph cures.,syntax,argument_structure,intransitive,True,False,False,False,832,-27.872760772705078,-26.460742950439453,0
This hat had stretched.,This hat had scared.,syntax,argument_structure,intransitive,True,False,False,False,833,-31.418323516845703,-32.00818634033203,1
These scarves weren't shrinking.,These scarves weren't looking like.,syntax,argument_structure,intransitive,True,False,False,False,834,-46.20650100708008,-47.53349304199219,1
The projectors fade.,The projectors scared.,syntax,argument_structure,intransitive,True,False,False,False,835,-39.197418212890625,-39.97303009033203,1
Todd's handymen practice.,Todd's handymen dropped by.,syntax,argument_structure,intransitive,True,False,False,False,836,-45.68227767944336,-53.53692626953125,1
Matt's handyman vanished.,Matt's handyman likes.,syntax,argument_structure,intransitive,True,False,False,False,837,-45.41968536376953,-46.73860549926758,1
Holly can't smile.,Holly can't reference.,syntax,argument_structure,intransitive,True,False,False,False,838,-28.578279495239258,-35.53828430175781,1
Those icicles vaporize.,Those icicles resembled.,syntax,argument_structure,intransitive,True,False,False,False,839,-42.99014663696289,-42.60316467285156,0
Some couches didn't chip.,Some couches didn't scare.,syntax,argument_structure,intransitive,True,False,False,False,840,-42.04681396484375,-40.18396759033203,0
Some sisters of Jeffrey communicate.,Some sisters of Jeffrey like.,syntax,argument_structure,intransitive,True,False,False,False,841,-51.06680679321289,-46.52520751953125,0
Janet should complain.,Janet should listen to.,syntax,argument_structure,intransitive,True,False,False,False,842,-33.27558898925781,-35.330039978027344,1
A lot of bicycles maneuver.,A lot of bicycles resemble.,syntax,argument_structure,intransitive,True,False,False,False,843,-35.88301086425781,-37.18817138671875,1
Deborah can smile.,Deborah can cure.,syntax,argument_structure,intransitive,True,False,False,False,844,-33.212493896484375,-34.899742126464844,1
Roger hid away.,Roger wears.,syntax,argument_structure,intransitive,True,False,False,False,845,-28.738632202148438,-23.921955108642578,0
The scarves shrank.,The scarves look like.,syntax,argument_structure,intransitive,True,False,False,False,846,-34.732421875,-32.3370361328125,0
Most hats are shrinking.,Most hats are looking like.,syntax,argument_structure,intransitive,True,False,False,False,847,-34.25149154663086,-35.61701202392578,1
Grandfathers of Raymond struggle.,Grandfathers of Raymond conceal.,syntax,argument_structure,intransitive,True,False,False,False,848,-49.923828125,-54.980690002441406,1
Some truck accelerates.,Some truck scared.,syntax,argument_structure,intransitive,True,False,False,False,849,-34.18234634399414,-30.735137939453125,0
Roger blinks.,Roger admires.,syntax,argument_structure,intransitive,True,False,False,False,850,-27.282615661621094,-30.02336311340332,1
Cups tipped over.,Cups resemble.,syntax,argument_structure,intransitive,True,False,False,False,851,-33.543922424316406,-32.112022399902344,0
Julia's brothers can't come here.,Julia's brothers can't talk about.,syntax,argument_structure,intransitive,True,False,False,False,852,-39.668113708496094,-40.3100471496582,1
This guy's nephews are hunting.,This guy's nephews are disagreeing with.,syntax,argument_structure,intransitive,True,False,False,False,853,-43.45622253417969,-60.38678741455078,1
An association couldn't react.,An association couldn't reference.,syntax,argument_structure,intransitive,True,False,False,False,854,-38.3392219543457,-42.20635223388672,1
A lot of people should reply.,A lot of people should escape from.,syntax,argument_structure,intransitive,True,False,False,False,855,-31.866918563842773,-35.20653533935547,1
All dancers didn't flirt.,All dancers didn't walk through.,syntax,argument_structure,intransitive,True,False,False,False,856,-37.436241149902344,-38.158058166503906,1
The pepper shouldn't scorch.,The pepper shouldn't scare.,syntax,argument_structure,intransitive,True,False,False,False,857,-44.51936721801758,-40.75969314575195,0
Stephanie's oncologists win.,Stephanie's oncologists sounded like.,syntax,argument_structure,intransitive,True,False,False,False,858,-61.46159362792969,-70.59463500976562,1
These lakes melt.,These lakes resemble.,syntax,argument_structure,intransitive,True,False,False,False,859,-30.789182662963867,-32.176353454589844,1
Every shirt will shrink.,Every shirt will look like.,syntax,argument_structure,intransitive,True,False,False,False,860,-33.1446533203125,-32.81269073486328,0
Some patient's employees negotiate.,Some patient's employees care for.,syntax,argument_structure,intransitive,True,False,False,False,861,-43.76084899902344,-45.24177551269531,1
The driver sits down.,The driver lifted.,syntax,argument_structure,intransitive,True,False,False,False,862,-24.823192596435547,-27.609020233154297,1
Some carts aren't rusting.,Some carts aren't looking like.,syntax,argument_structure,intransitive,True,False,False,False,863,-41.79133987426758,-39.29220962524414,0
All couches drop.,All couches look like.,syntax,argument_structure,intransitive,True,False,False,False,864,-31.840654373168945,-35.45532989501953,1
Renee's mothers would chat.,Renee's mothers would walk through.,syntax,argument_structure,intransitive,True,False,False,False,865,-48.55335998535156,-50.31983184814453,1
Doctors assembled.,Doctors escaped from.,syntax,argument_structure,intransitive,True,False,False,False,866,-26.403362274169922,-31.486013412475586,1
Those fathers of Brett smile.,Those fathers of Brett referenced.,syntax,argument_structure,intransitive,True,False,False,False,867,-48.33068084716797,-51.75962829589844,1
Ronald wasn't studying.,Ronald wasn't listening to.,syntax,argument_structure,intransitive,True,False,False,False,868,-31.349241256713867,-33.053009033203125,1
Many windows are opening.,Many windows are looking like.,syntax,argument_structure,intransitive,True,False,False,False,869,-32.03468704223633,-38.54890441894531,1
Many lights hadn't darkened.,Many lights hadn't looked like.,syntax,argument_structure,intransitive,True,False,False,False,870,-43.3924560546875,-40.168399810791016,0
Stephanie's grandson hadn't woken up.,Stephanie's grandson hadn't biked to.,syntax,argument_structure,intransitive,True,False,False,False,871,-57.73289489746094,-69.07810974121094,1
Many women joke around.,Many women care for.,syntax,argument_structure,intransitive,True,False,False,False,872,-34.871429443359375,-28.026561737060547,0
Senators profited.,Senators lift.,syntax,argument_structure,intransitive,True,False,False,False,873,-41.37274169921875,-38.51470184326172,0
A lot of coats haven't loosened.,A lot of coats haven't scared.,syntax,argument_structure,intransitive,True,False,False,False,874,-41.19740295410156,-42.00373840332031,1
Connie's dermatologists are flirting.,Connie's dermatologists are walking through.,syntax,argument_structure,intransitive,True,False,False,False,875,-55.55220031738281,-57.129371643066406,1
All women depart.,All women escaped from.,syntax,argument_structure,intransitive,True,False,False,False,876,-27.467525482177734,-31.836694717407227,1
Candles fade.,Candles looked like.,syntax,argument_structure,intransitive,True,False,False,False,877,-31.077075958251953,-30.890798568725586,0
The Clintons' sisters joke around.,The Clintons' sisters bike to.,syntax,argument_structure,intransitive,True,False,False,False,878,-59.103721618652344,-63.409767150878906,1
This pedestrian's podiatrists get fired.,This pedestrian's podiatrists admire.,syntax,argument_structure,intransitive,True,False,False,False,879,-78.2532958984375,-78.61909484863281,1
Michelle's grandson sneezes.,Michelle's grandson boasted about.,syntax,argument_structure,intransitive,True,False,False,False,880,-40.60859298706055,-48.46063995361328,1
A lot of ladies were telephoning.,A lot of ladies were finding.,syntax,argument_structure,intransitive,True,False,False,False,881,-42.9847412109375,-33.41767883300781,0
Many tomatoes grew.,Many tomatoes resembled.,syntax,argument_structure,intransitive,True,False,False,False,882,-31.42015838623047,-39.812721252441406,1
Beverly's employees wouldn't respond.,Beverly's employees wouldn't listen to.,syntax,argument_structure,intransitive,True,False,False,False,883,-51.497833251953125,-52.9547119140625,1
Robert trains.,Robert finds.,syntax,argument_structure,intransitive,True,False,False,False,884,-22.554834365844727,-22.32171630859375,0
Some plane steers.,Some plane looks like.,syntax,argument_structure,intransitive,True,False,False,False,885,-34.576805114746094,-31.4456787109375,0
Some cart isn't crashing.,Some cart isn't scaring.,syntax,argument_structure,intransitive,True,False,False,False,886,-41.75823211669922,-45.01601028442383,1
Daniel's associate can stand up.,Daniel's associate can conceal.,syntax,argument_structure,intransitive,True,False,False,False,887,-42.580013275146484,-47.73223876953125,1
Beef wasn't scorching.,Beef wasn't scaring.,syntax,argument_structure,intransitive,True,False,False,False,888,-42.480594635009766,-42.07518768310547,0
A lot of carriages are stopping.,A lot of carriages are scaring.,syntax,argument_structure,intransitive,True,False,False,False,889,-34.704872131347656,-37.70686340332031,1
Most children aren't competing.,Most children aren't driving to.,syntax,argument_structure,intransitive,True,False,False,False,890,-29.398977279663086,-34.80187225341797,1
Diane isn't blinking.,Diane isn't returning to.,syntax,argument_structure,intransitive,True,False,False,False,891,-33.555259704589844,-34.103580474853516,1
A banana has existed.,A banana has scared.,syntax,argument_structure,intransitive,True,False,False,False,892,-32.67762756347656,-35.47964859008789,1
This report wins.,This report disagreed with.,syntax,argument_structure,intransitive,True,False,False,False,893,-25.498981475830078,-35.673118591308594,1
A scarf dries.,A scarf scared.,syntax,argument_structure,intransitive,True,False,False,False,894,-32.52385711669922,-29.684978485107422,0
The waiters' mentees wouldn't answer.,The waiters' mentees wouldn't argue about.,syntax,argument_structure,intransitive,True,False,False,False,895,-62.30208969116211,-69.54147338867188,1
Julie's granddaughters yell.,Julie's granddaughters go to.,syntax,argument_structure,intransitive,True,False,False,False,896,-53.69715118408203,-54.26908874511719,1
Meredith's employee had practiced.,Meredith's employee had sounded like.,syntax,argument_structure,intransitive,True,False,False,False,897,-46.36189270019531,-50.17058181762695,1
Amy was going fishing.,Amy was listening to.,syntax,argument_structure,intransitive,True,False,False,False,898,-26.86423110961914,-26.07689666748047,0
Most senators' oncologists do embrace.,Most senators' oncologists do fire.,syntax,argument_structure,intransitive,True,False,False,False,899,-76.44827270507812,-72.53610229492188,0
That dress is twisting.,That dress is scaring.,syntax,argument_structure,intransitive,True,False,False,False,900,-29.27695083618164,-30.712337493896484,1
Charles's ex-wives benefited.,Charles's ex-wives talked to.,syntax,argument_structure,intransitive,True,False,False,False,901,-46.572669982910156,-47.0429801940918,1
Kristin's friend isn't eating.,Kristin's friend isn't arriving at.,syntax,argument_structure,intransitive,True,False,False,False,902,-41.20989227294922,-48.005638122558594,1
Stacey's fathers corresponded.,Stacey's fathers disagree with.,syntax,argument_structure,intransitive,True,False,False,False,903,-47.39212417602539,-49.062171936035156,1
The waiter got a job.,The waiter talks to.,syntax,argument_structure,intransitive,True,False,False,False,904,-28.777732849121094,-29.911588668823242,1
This jacket could warp.,This jacket could scare.,syntax,argument_structure,intransitive,True,False,False,False,905,-35.244998931884766,-34.003143310546875,0
Kimberley changes.,Kimberley references.,syntax,argument_structure,intransitive,True,False,False,False,906,-36.830047607421875,-37.781219482421875,1
Some nephew of Stacy hasn't swallowed.,Some nephew of Stacy hasn't worn.,syntax,argument_structure,intransitive,True,False,False,False,907,-55.32017517089844,-53.97004699707031,0
Those museums confer.,Those museums like.,syntax,argument_structure,intransitive,True,False,False,False,908,-34.588401794433594,-29.547487258911133,0
Dana lies.,Dana revealed.,syntax,argument_structure,intransitive,True,False,False,False,909,-26.891809463500977,-31.045949935913086,1
A lot of organizations struggled.,A lot of organizations talked about.,syntax,argument_structure,intransitive,True,False,False,False,910,-37.5361328125,-35.10095977783203,0
Every wheelbarrow was shattering.,Every wheelbarrow was looking like.,syntax,argument_structure,intransitive,True,False,False,False,911,-41.095863342285156,-44.51137924194336,1
All customers fought.,All customers like.,syntax,argument_structure,intransitive,True,False,False,False,912,-29.64121437072754,-26.74221420288086,0
A popsicle would melt.,A popsicle would scare.,syntax,argument_structure,intransitive,True,False,False,False,913,-36.718299865722656,-40.70193862915039,1
Candice won't hide.,Candice won't conceal.,syntax,argument_structure,intransitive,True,False,False,False,914,-32.513710021972656,-35.435829162597656,1
All tomatoes have gone bad.,All tomatoes have looked like.,syntax,argument_structure,intransitive,True,False,False,False,915,-37.837066650390625,-38.03874588012695,1
Barbara's employee had slumped over.,Barbara's employee had resembled.,syntax,argument_structure,intransitive,True,False,False,False,916,-52.61937713623047,-53.85110092163086,1
Lakes had melted.,Lakes had resembled.,syntax,argument_structure,intransitive,True,False,False,False,917,-35.105003356933594,-44.721561431884766,1
Valerie disappeared.,Valerie concealed.,syntax,argument_structure,intransitive,True,False,False,False,918,-30.104446411132812,-33.61903381347656,1
Thomas benefits.,Thomas concealed.,syntax,argument_structure,intransitive,True,False,False,False,919,-26.08036994934082,-27.60558319091797,1
All dresses should shrink.,All dresses should resemble.,syntax,argument_structure,intransitive,True,False,False,False,920,-37.857017517089844,-40.45734405517578,1
That skirt can't shrink.,That skirt can't scare.,syntax,argument_structure,intransitive,True,False,False,False,921,-35.84425354003906,-35.684967041015625,0
Some truck isn't accelerating.,Some truck isn't looking like.,syntax,argument_structure,intransitive,True,False,False,False,922,-36.86188888549805,-39.54017639160156,1
Lucille hasn't played.,Lucille hasn't resembled.,syntax,argument_structure,intransitive,True,False,False,False,923,-32.771156311035156,-43.685951232910156,1
Those waitresses' guests screamed.,Those waitresses' guests examine.,syntax,argument_structure,intransitive,True,False,False,False,924,-58.68212127685547,-59.44467544555664,1
Amanda's associates hadn't muttered.,Amanda's associates hadn't talked about.,syntax,argument_structure,intransitive,True,False,False,False,925,-47.377357482910156,-45.783775329589844,0
That shirt isn't shrinking.,That shirt isn't looking like.,syntax,argument_structure,intransitive,True,False,False,False,926,-34.32967758178711,-35.2056770324707,1
Some tomatoes aren't going bad.,Some tomatoes aren't looking like.,syntax,argument_structure,intransitive,True,False,False,False,927,-37.12205505371094,-39.425018310546875,1
Every icicle condenses.,Every icicle scares.,syntax,argument_structure,intransitive,True,False,False,False,928,-41.05805969238281,-36.301902770996094,0
Sandra practices.,Sandra wore.,syntax,argument_structure,intransitive,True,False,False,False,929,-27.513999938964844,-26.964380264282227,0
Some shawl folded.,Some shawl resembled.,syntax,argument_structure,intransitive,True,False,False,False,930,-38.652000427246094,-44.239601135253906,1
Meredith forfeited.,Meredith walked through.,syntax,argument_structure,intransitive,True,False,False,False,931,-32.010379791259766,-30.03312110900879,0
Samuel's associate talks.,Samuel's associate drives to.,syntax,argument_structure,intransitive,True,False,False,False,932,-42.95118713378906,-49.83177947998047,1
Helen wouldn't fall asleep.,Helen wouldn't arrive at.,syntax,argument_structure,intransitive,True,False,False,False,933,-31.039339065551758,-36.814353942871094,1
Julie's cousins are divorcing.,Julie's cousins are fleeing from.,syntax,argument_structure,intransitive,True,False,False,False,934,-43.97096252441406,-49.34590530395508,1
A lot of skateboards have stopped.,A lot of skateboards have scared.,syntax,argument_structure,intransitive,True,False,False,False,935,-39.192779541015625,-44.06753921508789,1
All bikes shatter.,All bikes looked like.,syntax,argument_structure,intransitive,True,False,False,False,936,-34.763954162597656,-33.10380935668945,0
Carl was wasting away.,Carl was concealing.,syntax,argument_structure,intransitive,True,False,False,False,937,-29.368616104125977,-32.2019157409668,1
Marla can chuckle.,Marla can respect.,syntax,argument_structure,intransitive,True,False,False,False,938,-35.423057556152344,-36.023223876953125,1
John's dentists won't embrace.,John's dentists won't reference.,syntax,argument_structure,intransitive,True,False,False,False,939,-48.55604553222656,-49.66713333129883,1
Homer concurred.,Homer drove to.,syntax,argument_structure,intransitive,True,False,False,False,940,-35.31812286376953,-33.29145050048828,0
A door hasn't shut.,A door hasn't looked like.,syntax,argument_structure,intransitive,True,False,False,False,941,-31.772214889526367,-34.90716552734375,1
Paula can boast.,Paula can wear.,syntax,argument_structure,intransitive,True,False,False,False,942,-33.897518157958984,-29.348005294799805,0
This box closed.,This box resembled.,syntax,argument_structure,intransitive,True,False,False,False,943,-23.076282501220703,-33.771446228027344,1
The pants soaked.,The pants looked like.,syntax,argument_structure,intransitive,True,False,False,False,944,-29.424043655395508,-29.843393325805664,1
The actor's bosses practice.,The actor's bosses concealed.,syntax,argument_structure,intransitive,True,False,False,False,945,-40.94281005859375,-44.934303283691406,1
Every jacket will unfold.,Every jacket will resemble.,syntax,argument_structure,intransitive,True,False,False,False,946,-34.464820861816406,-36.31262969970703,1
Nicole's tutors can't profit.,Nicole's tutors can't find.,syntax,argument_structure,intransitive,True,False,False,False,947,-46.27800750732422,-45.2707405090332,0
Donna's piano teachers cough.,Donna's piano teachers reference.,syntax,argument_structure,intransitive,True,False,False,False,948,-50.25034713745117,-53.46478271484375,1
A plane can chip.,A plane can resemble.,syntax,argument_structure,intransitive,True,False,False,False,949,-32.660057067871094,-35.70880889892578,1
Some bananas grow.,Some bananas resembled.,syntax,argument_structure,intransitive,True,False,False,False,950,-27.227975845336914,-35.878761291503906,1
Jodi responds.,Jodi disagrees with.,syntax,argument_structure,intransitive,True,False,False,False,951,-27.996402740478516,-33.52401351928711,1
Patricia gets fired.,Patricia concealed.,syntax,argument_structure,intransitive,True,False,False,False,952,-32.380001068115234,-33.12101745605469,1
These skirts crumple.,These skirts scared.,syntax,argument_structure,intransitive,True,False,False,False,953,-45.32441711425781,-34.789710998535156,0
Alexander has existed.,Alexander has concealed.,syntax,argument_structure,intransitive,True,False,False,False,954,-24.794357299804688,-28.577056884765625,1
Some dancers had yawned.,Some dancers had found.,syntax,argument_structure,intransitive,True,False,False,False,955,-39.79694366455078,-32.0096435546875,0
Dresses wouldn't stretch.,Dresses wouldn't look like.,syntax,argument_structure,intransitive,True,False,False,False,956,-37.6431884765625,-35.761634826660156,0
Tara's oncologists haven't surrendered.,Tara's oncologists haven't escaped from.,syntax,argument_structure,intransitive,True,False,False,False,957,-64.02348327636719,-69.14349365234375,1
Natalie's mothers struggle.,Natalie's mothers talk about.,syntax,argument_structure,intransitive,True,False,False,False,958,-43.057437896728516,-40.332279205322266,0
Jane has eaten.,Jane has looked like.,syntax,argument_structure,intransitive,True,False,False,False,959,-24.212873458862305,-27.092687606811523,1
Colleen stands up.,Colleen reveals.,syntax,argument_structure,intransitive,True,False,False,False,960,-31.27899932861328,-32.49059295654297,1
Many apples will rot.,Many apples will resemble.,syntax,argument_structure,intransitive,True,False,False,False,961,-39.68450927734375,-40.880226135253906,1
Sarah waves.,Sarah arrives at.,syntax,argument_structure,intransitive,True,False,False,False,962,-23.45374870300293,-26.384632110595703,1
This plane dropped.,This plane resembles.,syntax,argument_structure,intransitive,True,False,False,False,963,-25.504802703857422,-31.1925048828125,1
Carl wasn't eating.,Carl wasn't biking to.,syntax,argument_structure,intransitive,True,False,False,False,964,-26.564956665039062,-40.421897888183594,1
Every shirt didn't flatten.,Every shirt didn't look like.,syntax,argument_structure,intransitive,True,False,False,False,965,-38.550045013427734,-33.53352355957031,0
Some spotlight wasn't brightening.,Some spotlight wasn't looking like.,syntax,argument_structure,intransitive,True,False,False,False,966,-46.809410095214844,-43.64847946166992,0
Many dresses flattened.,Many dresses resembled.,syntax,argument_structure,intransitive,True,False,False,False,967,-35.87855529785156,-36.795047760009766,1
George's contractors assembled.,George's contractors arrive at.,syntax,argument_structure,intransitive,True,False,False,False,968,-38.653221130371094,-45.71556091308594,1
Douglas's dermatologists fought.,Douglas's dermatologists went to.,syntax,argument_structure,intransitive,True,False,False,False,969,-49.58785629272461,-52.303428649902344,1
Julie's hairdressers vanish.,Julie's hairdressers concealed.,syntax,argument_structure,intransitive,True,False,False,False,970,-50.018768310546875,-53.05149841308594,1
Many candles were fading.,Many candles were looking like.,syntax,argument_structure,intransitive,True,False,False,False,971,-33.73155212402344,-37.10789489746094,1
Heidi should bake.,Heidi should talk about.,syntax,argument_structure,intransitive,True,False,False,False,972,-36.248748779296875,-34.21687698364258,0
Some doors could shut.,Some doors could resemble.,syntax,argument_structure,intransitive,True,False,False,False,973,-33.774208068847656,-37.944129943847656,1
Ruth shouldn't weep.,Ruth shouldn't cure.,syntax,argument_structure,intransitive,True,False,False,False,974,-35.63900375366211,-36.28789138793945,1
Most teachers' grandson is waving.,Most teachers' grandson is curing.,syntax,argument_structure,intransitive,True,False,False,False,975,-48.635780334472656,-52.43125915527344,1
Most grandmothers of Angela can't flirt.,Most grandmothers of Angela can't bike to.,syntax,argument_structure,intransitive,True,False,False,False,976,-64.401123046875,-71.81460571289062,1
Some cilantro can go bad.,Some cilantro can resemble.,syntax,argument_structure,intransitive,True,False,False,False,977,-47.416561126708984,-47.85110855102539,1
The mirrors haven't slipped.,The mirrors haven't scared.,syntax,argument_structure,intransitive,True,False,False,False,978,-33.514610290527344,-38.53594207763672,1
Some cars fall apart.,Some cars scared.,syntax,argument_structure,intransitive,True,False,False,False,979,-29.783275604248047,-27.901409149169922,0
Joel's sisters went fishing.,Joel's sisters reference.,syntax,argument_structure,intransitive,True,False,False,False,980,-45.73872375488281,-44.16413497924805,0
Lisa is exercising.,Lisa is concealing.,syntax,argument_structure,intransitive,True,False,False,False,981,-26.879642486572266,-35.83612060546875,1
Some glacier doesn't evaporate.,Some glacier doesn't look like.,syntax,argument_structure,intransitive,True,False,False,False,982,-38.47437286376953,-37.01321792602539,0
Harvard University had fought.,Harvard University had worked with.,syntax,argument_structure,intransitive,True,False,False,False,983,-41.28301239013672,-43.94703674316406,1
Karla telephones.,Karla disliked.,syntax,argument_structure,intransitive,True,False,False,False,984,-34.73162078857422,-37.968467712402344,1
This glacier melts.,This glacier resembled.,syntax,argument_structure,intransitive,True,False,False,False,985,-28.586896896362305,-34.955360412597656,1
This cucumber was charring.,This cucumber was looking like.,syntax,argument_structure,intransitive,True,False,False,False,986,-44.411338806152344,-41.76458740234375,0
Chad wasn't hiding.,Chad wasn't biking to.,syntax,argument_structure,intransitive,True,False,False,False,987,-36.240966796875,-48.27934265136719,1
Lissa hadn't learned.,Lissa hadn't examined.,syntax,argument_structure,intransitive,True,False,False,False,988,-35.54458236694336,-37.220455169677734,1
A glove stretches.,A glove looked like.,syntax,argument_structure,intransitive,True,False,False,False,989,-30.88501739501953,-30.110750198364258,0
The child should hide.,The child should find.,syntax,argument_structure,intransitive,True,False,False,False,990,-26.566612243652344,-25.904041290283203,0
The guest's sons change.,The guest's sons complained about.,syntax,argument_structure,intransitive,True,False,False,False,991,-38.035484313964844,-43.00188446044922,1
Wendy read.,Wendy works with.,syntax,argument_structure,intransitive,True,False,False,False,992,-25.422409057617188,-30.65788459777832,1
Timothy's brothers profit.,Timothy's brothers disagree with.,syntax,argument_structure,intransitive,True,False,False,False,993,-41.67039489746094,-44.384605407714844,1
Connie's ex-girlfriends weren't worrying.,Connie's ex-girlfriends weren't working with.,syntax,argument_structure,intransitive,True,False,False,False,994,-53.955238342285156,-54.74589538574219,1
Most doctors' ex-husbands haven't seen.,Most doctors' ex-husbands haven't talked to.,syntax,argument_structure,intransitive,True,False,False,False,995,-68.45167541503906,-72.6023941040039,1
Nancy played.,Nancy returned to.,syntax,argument_structure,intransitive,True,False,False,False,996,-25.708261489868164,-29.136150360107422,1
The Borgias' lawyers date.,The Borgias' lawyers referenced.,syntax,argument_structure,intransitive,True,False,False,False,997,-51.066444396972656,-55.62744903564453,1
These cousins of Jesus replied.,These cousins of Jesus reference.,syntax,argument_structure,intransitive,True,False,False,False,998,-43.24952697753906,-45.585533142089844,1
Harvard University is clashing.,Harvard University is arguing about.,syntax,argument_structure,intransitive,True,False,False,False,999,-46.99400329589844,-47.13631057739258,1
