sentence_good,sentence_bad,field,linguistics_term,UID,simple_LM_method,one_prefix_method,two_prefix_method,lexically_identical,pair_id,good_prob,bad_prob,correct
Cynthia scans these hard books.,Cynthia scans this hard books.,morphology,determiner_noun_agreement,determiner_noun_agreement_with_adj_2,True,False,True,True,0,-67.32577514648438,-68.03370666503906,1
Donna might hire this serious actress.,Donna might hire these serious actress.,morphology,determiner_noun_agreement,determiner_noun_agreement_with_adj_2,True,False,True,True,1,-59.418025970458984,-63.12287902832031,1
Wendy forgot those upset doctors.,Wendy forgot that upset doctors.,morphology,determiner_noun_agreement,determiner_noun_agreement_with_adj_2,True,False,True,True,2,-49.44606399536133,-47.223812103271484,0
Carlos hasn't fired those uncertain students.,Carlos hasn't fired that uncertain students.,morphology,determiner_noun_agreement,determiner_noun_agreement_with_adj_2,True,False,True,True,3,-61.79878234863281,-60.42548370361328,0
Claire will conceal those hopeful cashiers.,Claire will conceal that hopeful cashiers.,morphology,determiner_noun_agreement,determiner_noun_agreement_with_adj_2,True,False,True,True,4,-67.22689819335938,-67.38372039794922,1
Some actors buy these gray books.,Some actors buy this gray books.,morphology,determiner_noun_agreement,determiner_noun_agreement_with_adj_2,True,False,True,True,5,-50.63642501831055,-51.66348648071289,1
Jerry appreciates this lost report.,Jerry appreciates these lost report.,morphology,determiner_noun_agreement,determiner_noun_agreement_with_adj_2,True,False,True,True,6,-49.51462936401367,-51.50579833984375,1
Deanna reveals these black public parks.,Deanna reveals this black public parks.,morphology,determiner_noun_agreement,determiner_noun_agreement_with_adj_2,True,False,True,True,7,-66.64797973632812,-66.30392456054688,0
Tracy has boasted about those unsure children.,Tracy has boasted about that unsure children.,morphology,determiner_noun_agreement,determiner_noun_agreement_with_adj_2,True,False,True,True,8,-62.7072639465332,-62.186580657958984,0
This eggplant distracts this hopeful girl.,This eggplant distracts these hopeful girl.,morphology,determiner_noun_agreement,determiner_noun_agreement_with_adj_2,True,False,True,True,9,-69.81501770019531,-73.33751678466797,1
That sweater had resembled that out in the open drawing.,That sweater had resembled those out in the open drawing.,morphology,determiner_noun_agreement,determiner_noun_agreement_with_adj_2,True,False,True,True,10,-74.0378646850586,-76.26520538330078,1
Nancy astounded that young pedestrian.,Nancy astounded those young pedestrian.,morphology,determiner_noun_agreement,determiner_noun_agreement_with_adj_2,True,False,True,True,11,-53.681884765625,-56.446502685546875,1
The documentaries can aggravate those busy actors.,The documentaries can aggravate that busy actors.,morphology,determiner_noun_agreement,determiner_noun_agreement_with_adj_2,True,False,True,True,12,-68.92138671875,-69.91887664794922,1
Most senators aren't exiting this popular restaurant.,Most senators aren't exiting these popular restaurant.,morphology,determiner_noun_agreement,determiner_noun_agreement_with_adj_2,True,False,True,True,13,-65.87643432617188,-68.06866455078125,1
Wayne looked like those bad paintings.,Wayne looked like that bad paintings.,morphology,determiner_noun_agreement,determiner_noun_agreement_with_adj_2,True,False,True,True,14,-45.486175537109375,-44.2054557800293,0
Christina loves these popular essays.,Christina loves this popular essays.,morphology,determiner_noun_agreement,determiner_noun_agreement_with_adj_2,True,False,True,True,15,-48.624549865722656,-48.085693359375,0
Katherine hasn't bothered that delighted waiter.,Katherine hasn't bothered those delighted waiter.,morphology,determiner_noun_agreement,determiner_noun_agreement_with_adj_2,True,False,True,True,16,-59.88471984863281,-62.71192932128906,1
A lot of pedestrians had complained about this unconvinced teenager.,A lot of pedestrians had complained about these unconvinced teenager.,morphology,determiner_noun_agreement,determiner_noun_agreement_with_adj_2,True,False,True,True,17,-84.58660888671875,-86.92093658447266,1
This eggplant hasn't resembled that out in the open print.,This eggplant hasn't resembled those out in the open print.,morphology,determiner_noun_agreement,determiner_noun_agreement_with_adj_2,True,False,True,True,18,-79.8744125366211,-82.31737518310547,1
Kathleen cleaned that yellow college campus.,Kathleen cleaned those yellow college campus.,morphology,determiner_noun_agreement,determiner_noun_agreement_with_adj_2,True,False,True,True,19,-66.54719543457031,-67.6651611328125,1
Randolf had healed this young boy.,Randolf had healed these young boy.,morphology,determiner_noun_agreement,determiner_noun_agreement_with_adj_2,True,False,True,True,20,-54.938751220703125,-58.09882354736328,1
Many governments hadn't respected these excited children.,Many governments hadn't respected this excited children.,morphology,determiner_noun_agreement,determiner_noun_agreement_with_adj_2,True,False,True,True,21,-59.89662551879883,-60.28356170654297,1
Cheryl forgot these big waitresses.,Cheryl forgot this big waitresses.,morphology,determiner_noun_agreement,determiner_noun_agreement_with_adj_2,True,False,True,True,22,-69.7642593383789,-67.64602661132812,0
Judy wasn't embarrassing these old students.,Judy wasn't embarrassing this old students.,morphology,determiner_noun_agreement,determiner_noun_agreement_with_adj_2,True,False,True,True,23,-55.03716278076172,-55.01274108886719,0
The waitresses alarm those content dancers.,The waitresses alarm that content dancers.,morphology,determiner_noun_agreement,determiner_noun_agreement_with_adj_2,True,False,True,True,24,-70.67028045654297,-69.6861343383789,0
Most people leave those purple cafes.,Most people leave that purple cafes.,morphology,determiner_noun_agreement,determiner_noun_agreement_with_adj_2,True,False,True,True,25,-51.54979705810547,-50.7620735168457,0
A ladder won't annoy these popular governments.,A ladder won't annoy this popular governments.,morphology,determiner_noun_agreement,determiner_noun_agreement_with_adj_2,True,False,True,True,26,-65.64937591552734,-64.55934143066406,0
Most adults shocks these popular drivers.,Most adults shocks this popular drivers.,morphology,determiner_noun_agreement,determiner_noun_agreement_with_adj_2,True,False,True,True,27,-58.577781677246094,-59.79111099243164,1
Some turtle resembled that small photograph.,Some turtle resembled those small photograph.,morphology,determiner_noun_agreement,determiner_noun_agreement_with_adj_2,True,False,True,True,28,-53.901336669921875,-55.44117736816406,1
A lot of sweaters resemble these yellow pictures.,A lot of sweaters resemble this yellow pictures.,morphology,determiner_noun_agreement,determiner_noun_agreement_with_adj_2,True,False,True,True,29,-62.24168395996094,-63.5479736328125,1
Peter resembled these bad photographs.,Peter resembled this bad photographs.,morphology,determiner_noun_agreement,determiner_noun_agreement_with_adj_2,True,False,True,True,30,-48.68815994262695,-49.293426513671875,1
Galileo sounds like this important essay.,Galileo sounds like these important essay.,morphology,determiner_noun_agreement,determiner_noun_agreement_with_adj_2,True,False,True,True,31,-60.341575622558594,-63.56538009643555,1
Those ladies work with these lucky actors.,Those ladies work with this lucky actors.,morphology,determiner_noun_agreement,determiner_noun_agreement_with_adj_2,True,False,True,True,32,-50.87187194824219,-50.61046600341797,0
All women reveal that exposed painting.,All women reveal those exposed painting.,morphology,determiner_noun_agreement,determiner_noun_agreement_with_adj_2,True,False,True,True,33,-53.320594787597656,-53.857723236083984,1
Sandra had stunned that young teacher.,Sandra had stunned those young teacher.,morphology,determiner_noun_agreement,determiner_noun_agreement_with_adj_2,True,False,True,True,34,-51.64464569091797,-54.74737548828125,1
That plate resembles those big sketches.,That plate resembles that big sketches.,morphology,determiner_noun_agreement,determiner_noun_agreement_with_adj_2,True,False,True,True,35,-53.16111755371094,-52.065711975097656,0
Sarah has discussed that big waitress.,Sarah has discussed those big waitress.,morphology,determiner_noun_agreement,determiner_noun_agreement_with_adj_2,True,False,True,True,36,-48.84968566894531,-52.287654876708984,1
Heather hasn't worked with this content adult.,Heather hasn't worked with these content adult.,morphology,determiner_noun_agreement,determiner_noun_agreement_with_adj_2,True,False,True,True,37,-62.16630172729492,-64.01470184326172,1
Becca hadn't hugged these fast actors.,Becca hadn't hugged this fast actors.,morphology,determiner_noun_agreement,determiner_noun_agreement_with_adj_2,True,False,True,True,38,-64.1701889038086,-65.04068756103516,1
Robert isn't lifting that dirty dress.,Robert isn't lifting those dirty dress.,morphology,determiner_noun_agreement,determiner_noun_agreement_with_adj_2,True,False,True,True,39,-46.55887222290039,-49.23122024536133,1
Linda runs around these exposed grocery stores.,Linda runs around this exposed grocery stores.,morphology,determiner_noun_agreement,determiner_noun_agreement_with_adj_2,True,False,True,True,40,-63.220882415771484,-63.943702697753906,1
Most teachers sound like those ill drivers.,Most teachers sound like that ill drivers.,morphology,determiner_noun_agreement,determiner_noun_agreement_with_adj_2,True,False,True,True,41,-61.11754608154297,-61.088871002197266,0
Wendy isn't escaping from these unemployed dancers.,Wendy isn't escaping from this unemployed dancers.,morphology,determiner_noun_agreement,determiner_noun_agreement_with_adj_2,True,False,True,True,42,-62.923606872558594,-64.30665588378906,1
Homer won't watch that exposed teacher.,Homer won't watch those exposed teacher.,morphology,determiner_noun_agreement,determiner_noun_agreement_with_adj_2,True,False,True,True,43,-59.92595672607422,-60.864498138427734,1
All drivers confuses those ill actresses.,All drivers confuses that ill actresses.,morphology,determiner_noun_agreement,determiner_noun_agreement_with_adj_2,True,False,True,True,44,-71.56791687011719,-70.58460235595703,0
Connie had disturbed that important legislature.,Connie had disturbed those important legislature.,morphology,determiner_noun_agreement,determiner_noun_agreement_with_adj_2,True,False,True,True,45,-55.497291564941406,-57.12443542480469,1
Brad won't visit these gray schools.,Brad won't visit this gray schools.,morphology,determiner_noun_agreement,determiner_noun_agreement_with_adj_2,True,False,True,True,46,-55.48771286010742,-55.319862365722656,0
Joel is finding these red plates.,Joel is finding this red plates.,morphology,determiner_noun_agreement,determiner_noun_agreement_with_adj_2,True,False,True,True,47,-49.84886169433594,-50.61861038208008,1
Winston Churchill criticized that new high school.,Winston Churchill criticized those new high school.,morphology,determiner_noun_agreement,determiner_noun_agreement_with_adj_2,True,False,True,True,48,-60.45652770996094,-60.20398712158203,0
Sherry talked about these dirty hospitals.,Sherry talked about this dirty hospitals.,morphology,determiner_noun_agreement,determiner_noun_agreement_with_adj_2,True,False,True,True,49,-49.71242141723633,-49.693580627441406,0
Many mouths look like this small drawing.,Many mouths look like these small drawing.,morphology,determiner_noun_agreement,determiner_noun_agreement_with_adj_2,True,False,True,True,50,-48.20689392089844,-48.78050994873047,1
Valerie heals those ill rabbits.,Valerie heals that ill rabbits.,morphology,determiner_noun_agreement,determiner_noun_agreement_with_adj_2,True,False,True,True,51,-59.059417724609375,-60.30234909057617,1
Those senators shock that bad guy.,Those senators shock those bad guy.,morphology,determiner_noun_agreement,determiner_noun_agreement_with_adj_2,True,False,True,True,52,-53.693138122558594,-55.169273376464844,1
Diana would heal this sick hamster.,Diana would heal these sick hamster.,morphology,determiner_noun_agreement,determiner_noun_agreement_with_adj_2,True,False,True,True,53,-55.050514221191406,-55.674346923828125,1
Larry cures this sick driver.,Larry cures these sick driver.,morphology,determiner_noun_agreement,determiner_noun_agreement_with_adj_2,True,False,True,True,54,-48.57433319091797,-51.3192024230957,1
This actor might like that determined pedestrian.,This actor might like those determined pedestrian.,morphology,determiner_noun_agreement,determiner_noun_agreement_with_adj_2,True,False,True,True,55,-61.94521713256836,-65.7919692993164,1
This student runs around these red grocery stores.,This student runs around this red grocery stores.,morphology,determiner_noun_agreement,determiner_noun_agreement_with_adj_2,True,False,True,True,56,-60.671897888183594,-59.25030517578125,0
Laura had bought these small books.,Laura had bought this small books.,morphology,determiner_noun_agreement,determiner_noun_agreement_with_adj_2,True,False,True,True,57,-43.10307312011719,-43.06660461425781,0
Those organizations aggravate those busy teenagers.,Those organizations aggravate that busy teenagers.,morphology,determiner_noun_agreement,determiner_noun_agreement_with_adj_2,True,False,True,True,58,-60.416114807128906,-61.02528762817383,1
Melinda liked these green sketches.,Melinda liked this green sketches.,morphology,determiner_noun_agreement,determiner_noun_agreement_with_adj_2,True,False,True,True,59,-48.89817428588867,-49.42742156982422,1
Most children wear those smooth shawls.,Most children wear that smooth shawls.,morphology,determiner_noun_agreement,determiner_noun_agreement_with_adj_2,True,False,True,True,60,-57.542110443115234,-57.04285430908203,0
Many drivers had hidden those good scarves.,Many drivers had hidden that good scarves.,morphology,determiner_noun_agreement,determiner_noun_agreement_with_adj_2,True,False,True,True,61,-66.58514404296875,-66.2335205078125,0
Jill finds this hidden bird.,Jill finds these hidden bird.,morphology,determiner_noun_agreement,determiner_noun_agreement_with_adj_2,True,False,True,True,62,-43.70801544189453,-46.681541442871094,1
Kathleen is cleaning these purple banks.,Kathleen is cleaning this purple banks.,morphology,determiner_noun_agreement,determiner_noun_agreement_with_adj_2,True,False,True,True,63,-60.528255462646484,-60.508243560791016,0
Some picture isn't annoying these upset waitresses.,Some picture isn't annoying this upset waitresses.,morphology,determiner_noun_agreement,determiner_noun_agreement_with_adj_2,True,False,True,True,64,-76.501220703125,-74.37646484375,0
Kendra messes up that bad movie theater.,Kendra messes up those bad movie theater.,morphology,determiner_noun_agreement,determiner_noun_agreement_with_adj_2,True,False,True,True,65,-69.88041687011719,-72.60267639160156,1
Larry bored this bad teenager.,Larry bored these bad teenager.,morphology,determiner_noun_agreement,determiner_noun_agreement_with_adj_2,True,False,True,True,66,-48.9339714050293,-52.13319778442383,1
This waiter hasn't scanned that long book.,This waiter hasn't scanned those long book.,morphology,determiner_noun_agreement,determiner_noun_agreement_with_adj_2,True,False,True,True,67,-54.40413284301758,-57.459835052490234,1
Amy tours those smooth college campuses.,Amy tours that smooth college campuses.,morphology,determiner_noun_agreement,determiner_noun_agreement_with_adj_2,True,False,True,True,68,-70.55286407470703,-67.41448974609375,0
Some movies sound like this lost doctor.,Some movies sound like these lost doctor.,morphology,determiner_noun_agreement,determiner_noun_agreement_with_adj_2,True,False,True,True,69,-54.0267333984375,-55.504608154296875,1
Many patients research those blue sketches.,Many patients research that blue sketches.,morphology,determiner_noun_agreement,determiner_noun_agreement_with_adj_2,True,False,True,True,70,-58.214359283447266,-56.08588790893555,0
Valerie listens to those displeased dancers.,Valerie listens to that displeased dancers.,morphology,determiner_noun_agreement,determiner_noun_agreement_with_adj_2,True,False,True,True,71,-62.34876251220703,-61.786277770996094,0
Every lady didn't disturb those busy teenagers.,Every lady didn't disturb that busy teenagers.,morphology,determiner_noun_agreement,determiner_noun_agreement_with_adj_2,True,False,True,True,72,-57.02208709716797,-57.17877960205078,1
Danielle questioned this out in the open teenager.,Danielle questioned these out in the open teenager.,morphology,determiner_noun_agreement,determiner_noun_agreement_with_adj_2,True,False,True,True,73,-66.01213073730469,-68.30077362060547,1
The drivers watch these nice dancers.,The drivers watch this nice dancers.,morphology,determiner_noun_agreement,determiner_noun_agreement_with_adj_2,True,False,True,True,74,-49.82486343383789,-50.65222930908203,1
Clyde did approach these hidden senators.,Clyde did approach this hidden senators.,morphology,determiner_noun_agreement,determiner_noun_agreement_with_adj_2,True,False,True,True,75,-69.9599380493164,-69.93864440917969,0
The movies disagree with these old children.,The movies disagree with this old children.,morphology,determiner_noun_agreement,determiner_noun_agreement_with_adj_2,True,False,True,True,76,-47.588157653808594,-47.699363708496094,1
Every teacher buys that out in the open grocery store.,Every teacher buys those out in the open grocery store.,morphology,determiner_noun_agreement,determiner_noun_agreement_with_adj_2,True,False,True,True,77,-58.912750244140625,-60.829627990722656,1
Jessica hires this nice guy.,Jessica hires these nice guy.,morphology,determiner_noun_agreement,determiner_noun_agreement_with_adj_2,True,False,True,True,78,-40.78864288330078,-44.240718841552734,1
Dana hadn't lifted this new college campus.,Dana hadn't lifted these new college campus.,morphology,determiner_noun_agreement,determiner_noun_agreement_with_adj_2,True,False,True,True,79,-64.30410766601562,-65.58387756347656,1
A lot of organizations scare these confident senators.,A lot of organizations scare this confident senators.,morphology,determiner_noun_agreement,determiner_noun_agreement_with_adj_2,True,False,True,True,80,-62.737449645996094,-64.64883422851562,1
Lucille might take those bad dishes.,Lucille might take that bad dishes.,morphology,determiner_noun_agreement,determiner_noun_agreement_with_adj_2,True,False,True,True,81,-52.13655090332031,-50.65986251831055,0
Amelia hasn't dropped by those out in the open cafes.,Amelia hasn't dropped by that out in the open cafes.,morphology,determiner_noun_agreement,determiner_noun_agreement_with_adj_2,True,False,True,True,82,-76.96890258789062,-75.64239501953125,0
Meredith won't scan that bad documentary.,Meredith won't scan those bad documentary.,morphology,determiner_noun_agreement,determiner_noun_agreement_with_adj_2,True,False,True,True,83,-54.777793884277344,-58.321895599365234,1
Katherine healed these out in the open snakes.,Katherine healed this out in the open snakes.,morphology,determiner_noun_agreement,determiner_noun_agreement_with_adj_2,True,False,True,True,84,-67.47460174560547,-65.46961975097656,0
Ronald fires this bad customer.,Ronald fires these bad customer.,morphology,determiner_noun_agreement,determiner_noun_agreement_with_adj_2,True,False,True,True,85,-53.35559844970703,-56.12281036376953,1
Danielle wouldn't bring these long pamphlets.,Danielle wouldn't bring this long pamphlets.,morphology,determiner_noun_agreement,determiner_noun_agreement_with_adj_2,True,False,True,True,86,-62.68447494506836,-60.849632263183594,0
Jennifer was hurting that uncertain driver.,Jennifer was hurting those uncertain driver.,morphology,determiner_noun_agreement,determiner_noun_agreement_with_adj_2,True,False,True,True,87,-55.92998504638672,-59.693153381347656,1
Tiffany hasn't worked with this young teenager.,Tiffany hasn't worked with these young teenager.,morphology,determiner_noun_agreement,determiner_noun_agreement_with_adj_2,True,False,True,True,88,-62.53270721435547,-65.106201171875,1
Sabrina was scanning this hard book.,Sabrina was scanning these hard book.,morphology,determiner_noun_agreement,determiner_noun_agreement_with_adj_2,True,False,True,True,89,-53.68468475341797,-57.47520446777344,1
Eric hired that ill student.,Eric hired those ill student.,morphology,determiner_noun_agreement,determiner_noun_agreement_with_adj_2,True,False,True,True,90,-46.0372314453125,-48.33549499511719,1
Liam flees from those determined actors.,Liam flees from that determined actors.,morphology,determiner_noun_agreement,determiner_noun_agreement_with_adj_2,True,False,True,True,91,-66.87083435058594,-67.56258392333984,1
Noah notices that gray restaurant.,Noah notices those gray restaurant.,morphology,determiner_noun_agreement,determiner_noun_agreement_with_adj_2,True,False,True,True,92,-57.43550491333008,-59.81614303588867,1
Those children question those out in the open boys.,Those children question that out in the open boys.,morphology,determiner_noun_agreement,determiner_noun_agreement_with_adj_2,True,False,True,True,93,-61.87647247314453,-60.47486877441406,0
Most children conceal this smart dancer.,Most children conceal these smart dancer.,morphology,determiner_noun_agreement,determiner_noun_agreement_with_adj_2,True,False,True,True,94,-58.32539367675781,-59.08474349975586,1
Most actresses had healed these busy children.,Most actresses had healed this busy children.,morphology,determiner_noun_agreement,determiner_noun_agreement_with_adj_2,True,False,True,True,95,-59.564247131347656,-59.87102508544922,1
Gerald could examine that long essay.,Gerald could examine those long essay.,morphology,determiner_noun_agreement,determiner_noun_agreement_with_adj_2,True,False,True,True,96,-50.611289978027344,-54.197410583496094,1
Lawrence is insulting these popular documentaries.,Lawrence is insulting this popular documentaries.,morphology,determiner_noun_agreement,determiner_noun_agreement_with_adj_2,True,False,True,True,97,-56.99241638183594,-55.331687927246094,0
All boys kiss these big actresses.,All boys kiss this big actresses.,morphology,determiner_noun_agreement,determiner_noun_agreement_with_adj_2,True,False,True,True,98,-49.20606231689453,-48.637451171875,0
Many cashiers were discussing this concealed report.,Many cashiers were discussing these concealed report.,morphology,determiner_noun_agreement,determiner_noun_agreement_with_adj_2,True,False,True,True,99,-65.36053466796875,-67.68934631347656,1
Stacey cleaned this good cafe.,Stacey cleaned these good cafe.,morphology,determiner_noun_agreement,determiner_noun_agreement_with_adj_2,True,False,True,True,100,-49.54971694946289,-50.59245681762695,1
Guys love those small teenagers.,Guys love that small teenagers.,morphology,determiner_noun_agreement,determiner_noun_agreement_with_adj_2,True,False,True,True,101,-44.92706298828125,-45.98729705810547,1
Some guest broke this cheap fork.,Some guest broke these cheap fork.,morphology,determiner_noun_agreement,determiner_noun_agreement_with_adj_2,True,False,True,True,102,-54.72361755371094,-57.47496032714844,1
The Great Lakes might stun those troubled pedestrians.,The Great Lakes might stun that troubled pedestrians.,morphology,determiner_noun_agreement,determiner_noun_agreement_with_adj_2,True,False,True,True,103,-67.10330963134766,-67.59291076660156,1
Elaine had fled from that unlucky girl.,Elaine had fled from those unlucky girl.,morphology,determiner_noun_agreement,determiner_noun_agreement_with_adj_2,True,False,True,True,104,-55.4958610534668,-58.83509826660156,1
Dawn hadn't thought about that lucky waiter.,Dawn hadn't thought about those lucky waiter.,morphology,determiner_noun_agreement,determiner_noun_agreement_with_adj_2,True,False,True,True,105,-58.808223724365234,-60.545406341552734,1
This wheelbarrow annoys this small library.,This wheelbarrow annoys these small library.,morphology,determiner_noun_agreement,determiner_noun_agreement_with_adj_2,True,False,True,True,106,-60.37700271606445,-61.7613639831543,1
Michelle wasn't visiting that concealed mall.,Michelle wasn't visiting those concealed mall.,morphology,determiner_noun_agreement,determiner_noun_agreement_with_adj_2,True,False,True,True,107,-60.55536651611328,-62.19544219970703,1
Some book isn't astounding this messy bank.,Some book isn't astounding these messy bank.,morphology,determiner_noun_agreement,determiner_noun_agreement_with_adj_2,True,False,True,True,108,-66.34928894042969,-68.26444244384766,1
Kristin watches those lost actors.,Kristin watches that lost actors.,morphology,determiner_noun_agreement,determiner_noun_agreement_with_adj_2,True,False,True,True,109,-54.36473846435547,-53.253448486328125,0
Dawn hates this determined patient.,Dawn hates these determined patient.,morphology,determiner_noun_agreement,determiner_noun_agreement_with_adj_2,True,False,True,True,110,-54.32670593261719,-59.176639556884766,1
These people had praised that lucky customer.,These people had praised those lucky customer.,morphology,determiner_noun_agreement,determiner_noun_agreement_with_adj_2,True,False,True,True,111,-54.8133544921875,-54.957862854003906,1
Rodney goes to this new mall.,Rodney goes to these new mall.,morphology,determiner_noun_agreement,determiner_noun_agreement_with_adj_2,True,False,True,True,112,-41.753700256347656,-44.03016662597656,1
Those boys run around those popular public parks.,Those boys run around that popular public parks.,morphology,determiner_noun_agreement,determiner_noun_agreement_with_adj_2,True,False,True,True,113,-61.07573318481445,-60.15032958984375,0
Noah couldn't leave these smart actors.,Noah couldn't leave this smart actors.,morphology,determiner_noun_agreement,determiner_noun_agreement_with_adj_2,True,False,True,True,114,-61.69380187988281,-61.923152923583984,1
Lori should conceal this yellow library.,Lori should conceal these yellow library.,morphology,determiner_noun_agreement,determiner_noun_agreement_with_adj_2,True,False,True,True,115,-59.73009490966797,-61.081298828125,1
The documentary does alarm these displeased actors.,The documentary does alarm this displeased actors.,morphology,determiner_noun_agreement,determiner_noun_agreement_with_adj_2,True,False,True,True,116,-70.86808776855469,-69.9745864868164,0
The Clintons have exited that cheap museum.,The Clintons have exited those cheap museum.,morphology,determiner_noun_agreement,determiner_noun_agreement_with_adj_2,True,False,True,True,117,-67.40113830566406,-68.33538818359375,1
Many doctors go to this messy museum.,Many doctors go to these messy museum.,morphology,determiner_noun_agreement,determiner_noun_agreement_with_adj_2,True,False,True,True,118,-50.7182502746582,-52.78340148925781,1
The committee has taken these bad dogs.,The committee has taken this bad dogs.,morphology,determiner_noun_agreement,determiner_noun_agreement_with_adj_2,True,False,True,True,119,-48.54544448852539,-47.425987243652344,0
Lawrence did watch those unconvinced doctors.,Lawrence did watch that unconvinced doctors.,morphology,determiner_noun_agreement,determiner_noun_agreement_with_adj_2,True,False,True,True,120,-76.90158081054688,-73.97634887695312,0
Wayne should walk through these small libraries.,Wayne should walk through this small libraries.,morphology,determiner_noun_agreement,determiner_noun_agreement_with_adj_2,True,False,True,True,121,-59.473445892333984,-59.64959716796875,1
A waiter hasn't boycotted this popular organization.,A waiter hasn't boycotted these popular organization.,morphology,determiner_noun_agreement,determiner_noun_agreement_with_adj_2,True,False,True,True,122,-82.8671875,-83.74386596679688,1
Most guests can insult this concealed actress.,Most guests can insult these concealed actress.,morphology,determiner_noun_agreement,determiner_noun_agreement_with_adj_2,True,False,True,True,123,-64.40585327148438,-66.7057113647461,1
Some women reference that popular commentary.,Some women reference those popular commentary.,morphology,determiner_noun_agreement,determiner_noun_agreement_with_adj_2,True,False,True,True,124,-53.82014465332031,-56.17330551147461,1
Carrie examines this popular play.,Carrie examines these popular play.,morphology,determiner_noun_agreement,determiner_noun_agreement_with_adj_2,True,False,True,True,125,-49.784793853759766,-50.559593200683594,1
Laurie hadn't cleaned these bad jackets.,Laurie hadn't cleaned this bad jackets.,morphology,determiner_noun_agreement,determiner_noun_agreement_with_adj_2,True,False,True,True,126,-56.14111328125,-58.262733459472656,1
Margaret hasn't concealed those lost ladies.,Margaret hasn't concealed that lost ladies.,morphology,determiner_noun_agreement,determiner_noun_agreement_with_adj_2,True,False,True,True,127,-57.952510833740234,-57.74394226074219,0
Alan hasn't helped those delighted girls.,Alan hasn't helped that delighted girls.,morphology,determiner_noun_agreement,determiner_noun_agreement_with_adj_2,True,False,True,True,128,-52.0303955078125,-52.37769317626953,1
Vanessa hasn't discovered these brown sketches.,Vanessa hasn't discovered this brown sketches.,morphology,determiner_noun_agreement,determiner_noun_agreement_with_adj_2,True,False,True,True,129,-55.32440185546875,-55.723236083984375,1
Liam hasn't insulted that clever student.,Liam hasn't insulted those clever student.,morphology,determiner_noun_agreement,determiner_noun_agreement_with_adj_2,True,False,True,True,130,-56.300323486328125,-58.79972839355469,1
Some customer cleans those old couches.,Some customer cleans that old couches.,morphology,determiner_noun_agreement,determiner_noun_agreement_with_adj_2,True,False,True,True,131,-58.796688079833984,-57.809242248535156,0
Matt would discuss that green college campus.,Matt would discuss those green college campus.,morphology,determiner_noun_agreement,determiner_noun_agreement_with_adj_2,True,False,True,True,132,-60.10675811767578,-63.648887634277344,1
Mitchell bikes to this big art gallery.,Mitchell bikes to these big art gallery.,morphology,determiner_noun_agreement,determiner_noun_agreement_with_adj_2,True,False,True,True,133,-64.96873474121094,-65.78689575195312,1
Marie will research that messy library.,Marie will research those messy library.,morphology,determiner_noun_agreement,determiner_noun_agreement_with_adj_2,True,False,True,True,134,-59.80254364013672,-59.8542366027832,1
The actors break these gray couches.,The actors break this gray couches.,morphology,determiner_noun_agreement,determiner_noun_agreement_with_adj_2,True,False,True,True,135,-55.02235412597656,-54.58360290527344,0
Many students describe these concealed high schools.,Many students describe this concealed high schools.,morphology,determiner_noun_agreement,determiner_noun_agreement_with_adj_2,True,False,True,True,136,-56.84349060058594,-56.122291564941406,0
Every shawl has bothered that big waitress.,Every shawl has bothered those big waitress.,morphology,determiner_noun_agreement,determiner_noun_agreement_with_adj_2,True,False,True,True,137,-66.54973602294922,-70.64002990722656,1
An adult wouldn't clean this concealed cafe.,An adult wouldn't clean these concealed cafe.,morphology,determiner_noun_agreement,determiner_noun_agreement_with_adj_2,True,False,True,True,138,-69.8539047241211,-72.34071350097656,1
That adult remembers those small customers.,That adult remembers that small customers.,morphology,determiner_noun_agreement,determiner_noun_agreement_with_adj_2,True,False,True,True,139,-55.48678207397461,-55.6171875,1
Tara had seen these concealed libraries.,Tara had seen this concealed libraries.,morphology,determiner_noun_agreement,determiner_noun_agreement_with_adj_2,True,False,True,True,140,-55.24945831298828,-54.63725280761719,0
The cilantro irritates these troubled girls.,The cilantro irritates this troubled girls.,morphology,determiner_noun_agreement,determiner_noun_agreement_with_adj_2,True,False,True,True,141,-67.02571105957031,-68.22952270507812,1
Jennifer isn't breaking those brown couches.,Jennifer isn't breaking that brown couches.,morphology,determiner_noun_agreement,determiner_noun_agreement_with_adj_2,True,False,True,True,142,-57.35883331298828,-55.42603302001953,0
Some children have that out in the open print.,Some children have those out in the open print.,morphology,determiner_noun_agreement,determiner_noun_agreement_with_adj_2,True,False,True,True,143,-51.336429595947266,-52.635475158691406,1
A lot of universities took that hidden hat.,A lot of universities took those hidden hat.,morphology,determiner_noun_agreement,determiner_noun_agreement_with_adj_2,True,False,True,True,144,-58.0810546875,-59.33728790283203,1
That eggplant shocks these popular committees.,That eggplant shocks this popular committees.,morphology,determiner_noun_agreement,determiner_noun_agreement_with_adj_2,True,False,True,True,145,-72.37471008300781,-72.89665985107422,1
Sandra appreciated that important college campus.,Sandra appreciated those important college campus.,morphology,determiner_noun_agreement,determiner_noun_agreement_with_adj_2,True,False,True,True,146,-57.12823486328125,-57.333492279052734,1
All doctors love these bad plays.,All doctors love this bad plays.,morphology,determiner_noun_agreement,determiner_noun_agreement_with_adj_2,True,False,True,True,147,-49.16746520996094,-48.180870056152344,0
Tara will bring those white art galleries.,Tara will bring that white art galleries.,morphology,determiner_noun_agreement,determiner_noun_agreement_with_adj_2,True,False,True,True,148,-57.87444305419922,-58.902671813964844,1
Kayla exits those gray art galleries.,Kayla exits that gray art galleries.,morphology,determiner_noun_agreement,determiner_noun_agreement_with_adj_2,True,False,True,True,149,-70.88294982910156,-70.90948486328125,1
Catherine was discussing that popular public park.,Catherine was discussing those popular public park.,morphology,determiner_noun_agreement,determiner_noun_agreement_with_adj_2,True,False,True,True,150,-57.42772674560547,-59.987548828125,1
Some actresses sound like these long commentaries.,Some actresses sound like this long commentaries.,morphology,determiner_noun_agreement,determiner_noun_agreement_with_adj_2,True,False,True,True,151,-67.8118896484375,-66.44241333007812,0
Robert wasn't buying these lost hamsters.,Robert wasn't buying this lost hamsters.,morphology,determiner_noun_agreement,determiner_noun_agreement_with_adj_2,True,False,True,True,152,-57.22679901123047,-57.910125732421875,1
Russell conceals this standing teenager.,Russell conceals these standing teenager.,morphology,determiner_noun_agreement,determiner_noun_agreement_with_adj_2,True,False,True,True,153,-67.50613403320312,-68.91580200195312,1
Every bird had stunned that cheap library.,Every bird had stunned those cheap library.,morphology,determiner_noun_agreement,determiner_noun_agreement_with_adj_2,True,False,True,True,154,-58.255882263183594,-59.659950256347656,1
Carol drives to that bad hospital.,Carol drives to those bad hospital.,morphology,determiner_noun_agreement,determiner_noun_agreement_with_adj_2,True,False,True,True,155,-49.49230194091797,-53.85728454589844,1
Raymond talked to that busy actor.,Raymond talked to those busy actor.,morphology,determiner_noun_agreement,determiner_noun_agreement_with_adj_2,True,False,True,True,156,-53.73554229736328,-55.726043701171875,1
Gary is upsetting this important company.,Gary is upsetting these important company.,morphology,determiner_noun_agreement,determiner_noun_agreement_with_adj_2,True,False,True,True,157,-47.21426010131836,-49.40285873413086,1
A lot of movie theaters embarrass that unemployed student.,A lot of movie theaters embarrass those unemployed student.,morphology,determiner_noun_agreement,determiner_noun_agreement_with_adj_2,True,False,True,True,158,-72.58236694335938,-72.36868286132812,0
Beverly watched that busy dancer.,Beverly watched those busy dancer.,morphology,determiner_noun_agreement,determiner_noun_agreement_with_adj_2,True,False,True,True,159,-53.60725402832031,-53.17278289794922,0
An actress might cure this smart lady.,An actress might cure these smart lady.,morphology,determiner_noun_agreement,determiner_noun_agreement_with_adj_2,True,False,True,True,160,-55.5601806640625,-57.92857360839844,1
Lawrence wouldn't listen to that sick guy.,Lawrence wouldn't listen to those sick guy.,morphology,determiner_noun_agreement,determiner_noun_agreement_with_adj_2,True,False,True,True,161,-47.41332244873047,-51.5212516784668,1
Kathleen referenced these small ladies.,Kathleen referenced this small ladies.,morphology,determiner_noun_agreement,determiner_noun_agreement_with_adj_2,True,False,True,True,162,-58.55657958984375,-60.024757385253906,1
Erin will find those out in the open scarves.,Erin will find that out in the open scarves.,morphology,determiner_noun_agreement,determiner_noun_agreement_with_adj_2,True,False,True,True,163,-70.2553482055664,-67.83092498779297,0
Kristin noticed this important bird.,Kristin noticed these important bird.,morphology,determiner_noun_agreement,determiner_noun_agreement_with_adj_2,True,False,True,True,164,-50.06182098388672,-54.31489181518555,1
Jane did respect those content ladies.,Jane did respect that content ladies.,morphology,determiner_noun_agreement,determiner_noun_agreement_with_adj_2,True,False,True,True,165,-54.282920837402344,-54.45977020263672,1
Liam cured that blue cat.,Liam cured those blue cat.,morphology,determiner_noun_agreement,determiner_noun_agreement_with_adj_2,True,False,True,True,166,-49.44402313232422,-50.363441467285156,1
Brad isn't praising that bad dancer.,Brad isn't praising those bad dancer.,morphology,determiner_noun_agreement,determiner_noun_agreement_with_adj_2,True,False,True,True,167,-53.922767639160156,-55.80821228027344,1
A lot of girls could take these out in the open public parks.,A lot of girls could take this out in the open public parks.,morphology,determiner_noun_agreement,determiner_noun_agreement_with_adj_2,True,False,True,True,168,-70.20513916015625,-69.05806732177734,0
Stacy admired these nice students.,Stacy admired this nice students.,morphology,determiner_noun_agreement,determiner_noun_agreement_with_adj_2,True,False,True,True,169,-51.082847595214844,-52.11265563964844,1
Every story bothers that bad company.,Every story bothers those bad company.,morphology,determiner_noun_agreement,determiner_noun_agreement_with_adj_2,True,False,True,True,170,-48.79112243652344,-49.494239807128906,1
Andrew wasn't healing this upset patient.,Andrew wasn't healing these upset patient.,morphology,determiner_noun_agreement,determiner_noun_agreement_with_adj_2,True,False,True,True,171,-56.469024658203125,-59.39935302734375,1
John conceals that standing lady.,John conceals those standing lady.,morphology,determiner_noun_agreement,determiner_noun_agreement_with_adj_2,True,False,True,True,172,-57.16069030761719,-59.56942367553711,1
That patient was selling these important cups.,That patient was selling this important cups.,morphology,determiner_noun_agreement,determiner_noun_agreement_with_adj_2,True,False,True,True,173,-56.45188522338867,-56.589820861816406,1
Robert has criticized this good driver.,Robert has criticized these good driver.,morphology,determiner_noun_agreement,determiner_noun_agreement_with_adj_2,True,False,True,True,174,-46.87443542480469,-50.02906036376953,1
Jodi had revealed that brown snake.,Jodi had revealed those brown snake.,morphology,determiner_noun_agreement,determiner_noun_agreement_with_adj_2,True,False,True,True,175,-51.72893142700195,-55.755062103271484,1
Most girls see this important turtle.,Most girls see these important turtle.,morphology,determiner_noun_agreement,determiner_noun_agreement_with_adj_2,True,False,True,True,176,-47.654327392578125,-48.98163986206055,1
Kimberley arrived at those red high schools.,Kimberley arrived at that red high schools.,morphology,determiner_noun_agreement,determiner_noun_agreement_with_adj_2,True,False,True,True,177,-68.56689453125,-68.18571472167969,0
Eva criticizes those hidden public parks.,Eva criticizes that hidden public parks.,morphology,determiner_noun_agreement,determiner_noun_agreement_with_adj_2,True,False,True,True,178,-67.53436279296875,-67.94462585449219,1
Christine helps these uncertain ladies.,Christine helps this uncertain ladies.,morphology,determiner_noun_agreement,determiner_noun_agreement_with_adj_2,True,False,True,True,179,-55.047706604003906,-54.284156799316406,0
Veronica has gone to that hard public park.,Veronica has gone to those hard public park.,morphology,determiner_noun_agreement,determiner_noun_agreement_with_adj_2,True,False,True,True,180,-63.01445007324219,-64.40777587890625,1
This photograph looked like this hidden painting.,This photograph looked like these hidden painting.,morphology,determiner_noun_agreement,determiner_noun_agreement_with_adj_2,True,False,True,True,181,-47.228607177734375,-50.353424072265625,1
Guys walk through this small museum.,Guys walk through these small museum.,morphology,determiner_noun_agreement,determiner_noun_agreement_with_adj_2,True,False,True,True,182,-46.12799835205078,-48.69819641113281,1
The Clintons aren't arriving at those concealed banks.,The Clintons aren't arriving at that concealed banks.,morphology,determiner_noun_agreement,determiner_noun_agreement_with_adj_2,True,False,True,True,183,-71.90779876708984,-71.80094909667969,0
That waitress admires these orange pictures.,That waitress admires this orange pictures.,morphology,determiner_noun_agreement,determiner_noun_agreement_with_adj_2,True,False,True,True,184,-62.45477294921875,-62.68485641479492,1
Barbara won't bother this scared adult.,Barbara won't bother these scared adult.,morphology,determiner_noun_agreement,determiner_noun_agreement_with_adj_2,True,False,True,True,185,-57.1291389465332,-59.48807144165039,1
Brenda would admire this concealed brochure.,Brenda would admire these concealed brochure.,morphology,determiner_noun_agreement,determiner_noun_agreement_with_adj_2,True,False,True,True,186,-64.35556030273438,-66.32286071777344,1
Edward wasn't complaining about that hidden senator.,Edward wasn't complaining about those hidden senator.,morphology,determiner_noun_agreement,determiner_noun_agreement_with_adj_2,True,False,True,True,187,-59.633094787597656,-63.07745361328125,1
Some teenagers buy that smooth jacket.,Some teenagers buy those smooth jacket.,morphology,determiner_noun_agreement,determiner_noun_agreement_with_adj_2,True,False,True,True,188,-51.86058807373047,-54.09828186035156,1
Some turtles stun those popular governments.,Some turtles stun that popular governments.,morphology,determiner_noun_agreement,determiner_noun_agreement_with_adj_2,True,False,True,True,189,-61.99583435058594,-63.53010940551758,1
These waiters biked to these new libraries.,These waiters biked to this new libraries.,morphology,determiner_noun_agreement,determiner_noun_agreement_with_adj_2,True,False,True,True,190,-69.08485412597656,-69.38453674316406,1
Grace isn't referencing this good movie.,Grace isn't referencing these good movie.,morphology,determiner_noun_agreement,determiner_noun_agreement_with_adj_2,True,False,True,True,191,-56.21709442138672,-60.24991226196289,1
Jane hadn't questioned that confident student.,Jane hadn't questioned those confident student.,morphology,determiner_noun_agreement,determiner_noun_agreement_with_adj_2,True,False,True,True,192,-54.1080322265625,-55.03168487548828,1
These patients criticize these nice ladies.,These patients criticize this nice ladies.,morphology,determiner_noun_agreement,determiner_noun_agreement_with_adj_2,True,False,True,True,193,-51.966644287109375,-51.34107971191406,0
Rachel reveals those exposed dogs.,Rachel reveals that exposed dogs.,morphology,determiner_noun_agreement,determiner_noun_agreement_with_adj_2,True,False,True,True,194,-51.091064453125,-48.69266891479492,0
These patients look like these lost pictures.,These patients look like this lost pictures.,morphology,determiner_noun_agreement,determiner_noun_agreement_with_adj_2,True,False,True,True,195,-47.97050094604492,-49.244590759277344,1
Some pedestrian references these determined adults.,Some pedestrian references this determined adults.,morphology,determiner_noun_agreement,determiner_noun_agreement_with_adj_2,True,False,True,True,196,-65.81121063232422,-65.92488098144531,1
These pedestrians fire these unsure students.,These pedestrians fire this unsure students.,morphology,determiner_noun_agreement,determiner_noun_agreement_with_adj_2,True,False,True,True,197,-67.26358795166016,-68.18984985351562,1
Chad praised this important book.,Chad praised these important book.,morphology,determiner_noun_agreement,determiner_noun_agreement_with_adj_2,True,False,True,True,198,-45.417388916015625,-49.07965087890625,1
Gary cleans these green rugs.,Gary cleans this green rugs.,morphology,determiner_noun_agreement,determiner_noun_agreement_with_adj_2,True,False,True,True,199,-50.08641052246094,-49.19004440307617,0
Matt wasn't scaring these bad patients.,Matt wasn't scaring this bad patients.,morphology,determiner_noun_agreement,determiner_noun_agreement_with_adj_2,True,False,True,True,200,-52.05303192138672,-51.44628143310547,0
Dawn was thinking about that blue car.,Dawn was thinking about those blue car.,morphology,determiner_noun_agreement,determiner_noun_agreement_with_adj_2,True,False,True,True,201,-43.172035217285156,-46.52233123779297,1
Anna questioned this popular university.,Anna questioned these popular university.,morphology,determiner_noun_agreement,determiner_noun_agreement_with_adj_2,True,False,True,True,202,-46.153114318847656,-47.73170471191406,1
Every girl argued about that red report.,Every girl argued about those red report.,morphology,determiner_noun_agreement,determiner_noun_agreement_with_adj_2,True,False,True,True,203,-52.4697265625,-55.278106689453125,1
Linda complained about that smooth report.,Linda complained about those smooth report.,morphology,determiner_noun_agreement,determiner_noun_agreement_with_adj_2,True,False,True,True,204,-52.30342102050781,-55.94820785522461,1
Bill can't complain about this happy patient.,Bill can't complain about these happy patient.,morphology,determiner_noun_agreement,determiner_noun_agreement_with_adj_2,True,False,True,True,205,-48.8018798828125,-52.803436279296875,1
Eric wasn't exiting these black college campuses.,Eric wasn't exiting this black college campuses.,morphology,determiner_noun_agreement,determiner_noun_agreement_with_adj_2,True,False,True,True,206,-70.09254455566406,-69.32536315917969,0
All doctors observe this fast teenager.,All doctors observe these fast teenager.,morphology,determiner_noun_agreement,determiner_noun_agreement_with_adj_2,True,False,True,True,207,-55.5933952331543,-57.32974624633789,1
Sally hadn't passed this good movie theater.,Sally hadn't passed these good movie theater.,morphology,determiner_noun_agreement,determiner_noun_agreement_with_adj_2,True,False,True,True,208,-58.206825256347656,-61.246070861816406,1
Those universities criticize that popular actress.,Those universities criticize those popular actress.,morphology,determiner_noun_agreement,determiner_noun_agreement_with_adj_2,True,False,True,True,209,-58.838165283203125,-58.5557861328125,0
Craig examines those important movies.,Craig examines that important movies.,morphology,determiner_noun_agreement,determiner_noun_agreement_with_adj_2,True,False,True,True,210,-52.6850471496582,-53.558414459228516,1
That muffin hurts those concealed guys.,That muffin hurts that concealed guys.,morphology,determiner_noun_agreement,determiner_noun_agreement_with_adj_2,True,False,True,True,211,-64.63762664794922,-61.89331817626953,0
Those senators conceal these hard shoes.,Those senators conceal this hard shoes.,morphology,determiner_noun_agreement,determiner_noun_agreement_with_adj_2,True,False,True,True,212,-59.490966796875,-60.407535552978516,1
Students hadn't hurt that standing guest.,Students hadn't hurt those standing guest.,morphology,determiner_noun_agreement,determiner_noun_agreement_with_adj_2,True,False,True,True,213,-58.19279479980469,-59.49066925048828,1
Rachelle breaks those lost forks.,Rachelle breaks that lost forks.,morphology,determiner_noun_agreement,determiner_noun_agreement_with_adj_2,True,False,True,True,214,-65.68775939941406,-65.02178192138672,0
Some senators arrive at those smooth public parks.,Some senators arrive at that smooth public parks.,morphology,determiner_noun_agreement,determiner_noun_agreement_with_adj_2,True,False,True,True,215,-69.63105010986328,-70.06082153320312,1
Deborah couldn't remember this concealed high school.,Deborah couldn't remember these concealed high school.,morphology,determiner_noun_agreement,determiner_noun_agreement_with_adj_2,True,False,True,True,216,-62.800514221191406,-65.86285400390625,1
A lot of actors wouldn't impress those important associations.,A lot of actors wouldn't impress that important associations.,morphology,determiner_noun_agreement,determiner_noun_agreement_with_adj_2,True,False,True,True,217,-61.104339599609375,-62.51850128173828,1
Some patients disagree with that popular guest.,Some patients disagree with those popular guest.,morphology,determiner_noun_agreement,determiner_noun_agreement_with_adj_2,True,False,True,True,218,-54.28193664550781,-56.20527267456055,1
A child listens to that scared adult.,A child listens to those scared adult.,morphology,determiner_noun_agreement,determiner_noun_agreement_with_adj_2,True,False,True,True,219,-50.16471862792969,-52.977378845214844,1
Most trucks weren't looking like that bad painting.,Most trucks weren't looking like those bad painting.,morphology,determiner_noun_agreement,determiner_noun_agreement_with_adj_2,True,False,True,True,220,-55.893638610839844,-58.828582763671875,1
The doctor broke these new plates.,The doctor broke this new plates.,morphology,determiner_noun_agreement,determiner_noun_agreement_with_adj_2,True,False,True,True,221,-42.83132553100586,-42.830230712890625,0
Ronald fixed that lost glass.,Ronald fixed those lost glass.,morphology,determiner_noun_agreement,determiner_noun_agreement_with_adj_2,True,False,True,True,222,-50.157676696777344,-52.80049133300781,1
Donald would wear that bad glove.,Donald would wear those bad glove.,morphology,determiner_noun_agreement,determiner_noun_agreement_with_adj_2,True,False,True,True,223,-46.21796798706055,-49.76639938354492,1
The cucumber isn't boring those scared waitresses.,The cucumber isn't boring that scared waitresses.,morphology,determiner_noun_agreement,determiner_noun_agreement_with_adj_2,True,False,True,True,224,-77.81781768798828,-73.3046875,0
Michelle did bring that white print.,Michelle did bring those white print.,morphology,determiner_noun_agreement,determiner_noun_agreement_with_adj_2,True,False,True,True,225,-47.63793182373047,-49.522682189941406,1
Melanie was wearing these yellow scarves.,Melanie was wearing this yellow scarves.,morphology,determiner_noun_agreement,determiner_noun_agreement_with_adj_2,True,False,True,True,226,-55.967437744140625,-55.48368835449219,0
Many hamsters find this cheap skirt.,Many hamsters find these cheap skirt.,morphology,determiner_noun_agreement,determiner_noun_agreement_with_adj_2,True,False,True,True,227,-54.0718879699707,-54.86327362060547,1
That driver hadn't praised these lost actresses.,That driver hadn't praised this lost actresses.,morphology,determiner_noun_agreement,determiner_noun_agreement_with_adj_2,True,False,True,True,228,-65.77890014648438,-65.74319458007812,0
Every commentary bothers these purple schools.,Every commentary bothers this purple schools.,morphology,determiner_noun_agreement,determiner_noun_agreement_with_adj_2,True,False,True,True,229,-60.90515899658203,-60.46855926513672,0
Mary hadn't described this orange pamphlet.,Mary hadn't described these orange pamphlet.,morphology,determiner_noun_agreement,determiner_noun_agreement_with_adj_2,True,False,True,True,230,-56.15673065185547,-58.75694274902344,1
Some candle hasn't bored this standing boy.,Some candle hasn't bored these standing boy.,morphology,determiner_noun_agreement,determiner_noun_agreement_with_adj_2,True,False,True,True,231,-65.570068359375,-67.58349609375,1
Colleen hadn't distracted this popular legislature.,Colleen hadn't distracted these popular legislature.,morphology,determiner_noun_agreement,determiner_noun_agreement_with_adj_2,True,False,True,True,232,-70.12242126464844,-71.83807373046875,1
Roger boycotts these good universities.,Roger boycotts this good universities.,morphology,determiner_noun_agreement,determiner_noun_agreement_with_adj_2,True,False,True,True,233,-52.077003479003906,-53.209686279296875,1
That adult has worn those out in the open coats.,That adult has worn that out in the open coats.,morphology,determiner_noun_agreement,determiner_noun_agreement_with_adj_2,True,False,True,True,234,-74.35867309570312,-71.1336669921875,0
Harvard University has worked with those important drivers.,Harvard University has worked with that important drivers.,morphology,determiner_noun_agreement,determiner_noun_agreement_with_adj_2,True,False,True,True,235,-60.30124282836914,-60.568634033203125,1
All adults wear these brown sweaters.,All adults wear this brown sweaters.,morphology,determiner_noun_agreement,determiner_noun_agreement_with_adj_2,True,False,True,True,236,-52.620670318603516,-52.87914276123047,1
Heather would complain about this old guest.,Heather would complain about these old guest.,morphology,determiner_noun_agreement,determiner_noun_agreement_with_adj_2,True,False,True,True,237,-51.234413146972656,-54.50088882446289,1
Lisa has discovered those big children.,Lisa has discovered that big children.,morphology,determiner_noun_agreement,determiner_noun_agreement_with_adj_2,True,False,True,True,238,-42.86399841308594,-42.68216323852539,0
The Lutherans haven't returned to those big drivers.,The Lutherans haven't returned to that big drivers.,morphology,determiner_noun_agreement,determiner_noun_agreement_with_adj_2,True,False,True,True,239,-64.86628723144531,-65.13570404052734,1
Angela doesn't buy these new skirts.,Angela doesn't buy this new skirts.,morphology,determiner_noun_agreement,determiner_noun_agreement_with_adj_2,True,False,True,True,240,-50.12452697753906,-50.76899719238281,1
Most dancers sound like these small books.,Most dancers sound like this small books.,morphology,determiner_noun_agreement,determiner_noun_agreement_with_adj_2,True,False,True,True,241,-50.159584045410156,-51.26844787597656,1
Rivers don't upset this good association.,Rivers don't upset these good association.,morphology,determiner_noun_agreement,determiner_noun_agreement_with_adj_2,True,False,True,True,242,-58.04646301269531,-58.884544372558594,1
Joel questions those troubled ladies.,Joel questions that troubled ladies.,morphology,determiner_noun_agreement,determiner_noun_agreement_with_adj_2,True,False,True,True,243,-57.84376907348633,-56.74999237060547,0
Donna had approached that fast teacher.,Donna had approached those fast teacher.,morphology,determiner_noun_agreement,determiner_noun_agreement_with_adj_2,True,False,True,True,244,-57.782501220703125,-60.774925231933594,1
All banks are confusing those popular boys.,All banks are confusing that popular boys.,morphology,determiner_noun_agreement,determiner_noun_agreement_with_adj_2,True,False,True,True,245,-54.091800689697266,-55.531585693359375,1
Melinda is exploring this purple mall.,Melinda is exploring these purple mall.,morphology,determiner_noun_agreement,determiner_noun_agreement_with_adj_2,True,False,True,True,246,-51.870025634765625,-54.039512634277344,1
Alexander breaks this clean glass.,Alexander breaks these clean glass.,morphology,determiner_noun_agreement,determiner_noun_agreement_with_adj_2,True,False,True,True,247,-44.551795959472656,-46.35905456542969,1
The guest hasn't disliked this lost boy.,The guest hasn't disliked these lost boy.,morphology,determiner_noun_agreement,determiner_noun_agreement_with_adj_2,True,False,True,True,248,-58.27252960205078,-61.46527862548828,1
Nicole loves those unemployed children.,Nicole loves that unemployed children.,morphology,determiner_noun_agreement,determiner_noun_agreement_with_adj_2,True,False,True,True,249,-45.943138122558594,-48.077545166015625,1
Many paintings alarm that out in the open actor.,Many paintings alarm those out in the open actor.,morphology,determiner_noun_agreement,determiner_noun_agreement_with_adj_2,True,False,True,True,250,-69.99547576904297,-71.90201568603516,1
The universities criticize those sick ladies.,The universities criticize that sick ladies.,morphology,determiner_noun_agreement,determiner_noun_agreement_with_adj_2,True,False,True,True,251,-56.161468505859375,-57.377723693847656,1
Heidi criticized that bad commentary.,Heidi criticized those bad commentary.,morphology,determiner_noun_agreement,determiner_noun_agreement_with_adj_2,True,False,True,True,252,-49.738739013671875,-51.180564880371094,1
Vanessa wasn't wearing these new blouses.,Vanessa wasn't wearing this new blouses.,morphology,determiner_noun_agreement,determiner_noun_agreement_with_adj_2,True,False,True,True,253,-55.01756286621094,-54.07451629638672,0
Some horse had broken that purple glass.,Some horse had broken those purple glass.,morphology,determiner_noun_agreement,determiner_noun_agreement_with_adj_2,True,False,True,True,254,-51.569549560546875,-53.26598358154297,1
Heidi couldn't pass these concealed banks.,Heidi couldn't pass this concealed banks.,morphology,determiner_noun_agreement,determiner_noun_agreement_with_adj_2,True,False,True,True,255,-62.26957702636719,-60.7718505859375,0
Many banks like that cheap scarf.,Many banks like those cheap scarf.,morphology,determiner_noun_agreement,determiner_noun_agreement_with_adj_2,True,False,True,True,256,-51.80937576293945,-53.099945068359375,1
Aaron disagrees with that long story.,Aaron disagrees with those long story.,morphology,determiner_noun_agreement,determiner_noun_agreement_with_adj_2,True,False,True,True,257,-41.65319061279297,-48.08983612060547,1
Kenneth discovers these new glasses.,Kenneth discovers this new glasses.,morphology,determiner_noun_agreement,determiner_noun_agreement_with_adj_2,True,False,True,True,258,-47.7100830078125,-47.299259185791016,0
That spinach can't annoy these displeased girls.,That spinach can't annoy this displeased girls.,morphology,determiner_noun_agreement,determiner_noun_agreement_with_adj_2,True,False,True,True,259,-65.8540267944336,-65.01638793945312,0
That hospital hasn't sold these green drawings.,That hospital hasn't sold this green drawings.,morphology,determiner_noun_agreement,determiner_noun_agreement_with_adj_2,True,False,True,True,260,-55.65762710571289,-56.14217758178711,1
These waiters bike to those blue cafes.,These waiters bike to that blue cafes.,morphology,determiner_noun_agreement,determiner_noun_agreement_with_adj_2,True,False,True,True,261,-73.07093811035156,-75.09980773925781,1
Catherine had noticed that standing guy.,Catherine had noticed those standing guy.,morphology,determiner_noun_agreement,determiner_noun_agreement_with_adj_2,True,False,True,True,262,-49.63758850097656,-54.758766174316406,1
Dana isn't messing up this concealed glass.,Dana isn't messing up these concealed glass.,morphology,determiner_noun_agreement,determiner_noun_agreement_with_adj_2,True,False,True,True,263,-62.678245544433594,-65.67778015136719,1
Florence wasn't researching these lost photographs.,Florence wasn't researching this lost photographs.,morphology,determiner_noun_agreement,determiner_noun_agreement_with_adj_2,True,False,True,True,264,-61.14520263671875,-62.42845916748047,1
Jesus doesn't remember this rough newspaper article.,Jesus doesn't remember these rough newspaper article.,morphology,determiner_noun_agreement,determiner_noun_agreement_with_adj_2,True,False,True,True,265,-60.68787384033203,-63.274574279785156,1
Many students heal this smart boy.,Many students heal these smart boy.,morphology,determiner_noun_agreement,determiner_noun_agreement_with_adj_2,True,False,True,True,266,-50.99958801269531,-52.65428161621094,1
Susan biked to that important public park.,Susan biked to those important public park.,morphology,determiner_noun_agreement,determiner_noun_agreement_with_adj_2,True,False,True,True,267,-64.91067504882812,-66.77798461914062,1
Mitchell won't watch this busy waitress.,Mitchell won't watch these busy waitress.,morphology,determiner_noun_agreement,determiner_noun_agreement_with_adj_2,True,False,True,True,268,-53.834442138671875,-56.780479431152344,1
Emily could talk to this displeased lady.,Emily could talk to these displeased lady.,morphology,determiner_noun_agreement,determiner_noun_agreement_with_adj_2,True,False,True,True,269,-52.168487548828125,-56.44291687011719,1
Rhonda hides this smooth photograph.,Rhonda hides these smooth photograph.,morphology,determiner_noun_agreement,determiner_noun_agreement_with_adj_2,True,False,True,True,270,-61.29682540893555,-64.09696960449219,1
Many actors are describing that standing patient.,Many actors are describing those standing patient.,morphology,determiner_noun_agreement,determiner_noun_agreement_with_adj_2,True,False,True,True,271,-55.862586975097656,-55.961036682128906,1
These pedestrians escaped from this hidden cafe.,These pedestrians escaped from these hidden cafe.,morphology,determiner_noun_agreement,determiner_noun_agreement_with_adj_2,True,False,True,True,272,-58.19319152832031,-60.14484405517578,1
Derek discovered that good play.,Derek discovered those good play.,morphology,determiner_noun_agreement,determiner_noun_agreement_with_adj_2,True,False,True,True,273,-40.12726974487305,-44.68165588378906,1
Cindy toured that clean movie theater.,Cindy toured those clean movie theater.,morphology,determiner_noun_agreement,determiner_noun_agreement_with_adj_2,True,False,True,True,274,-61.83403396606445,-63.700965881347656,1
A cart might upset this happy pedestrian.,A cart might upset these happy pedestrian.,morphology,determiner_noun_agreement,determiner_noun_agreement_with_adj_2,True,False,True,True,275,-63.11991882324219,-64.65807342529297,1
Those newspaper articles impress these popular universities.,Those newspaper articles impress this popular universities.,morphology,determiner_noun_agreement,determiner_noun_agreement_with_adj_2,True,False,True,True,276,-68.89042663574219,-69.6240005493164,1
Samantha complains about this unemployed waiter.,Samantha complains about these unemployed waiter.,morphology,determiner_noun_agreement,determiner_noun_agreement_with_adj_2,True,False,True,True,277,-55.91278076171875,-58.54851531982422,1
Kenneth breaks these messy couches.,Kenneth breaks this messy couches.,morphology,determiner_noun_agreement,determiner_noun_agreement_with_adj_2,True,False,True,True,278,-56.467010498046875,-56.110008239746094,0
All waiters approached this clever doctor.,All waiters approached these clever doctor.,morphology,determiner_noun_agreement,determiner_noun_agreement_with_adj_2,True,False,True,True,279,-63.550537109375,-66.36506652832031,1
Galileo is looking like this important sketch.,Galileo is looking like these important sketch.,morphology,determiner_noun_agreement,determiner_noun_agreement_with_adj_2,True,False,True,True,280,-64.93543243408203,-67.66438293457031,1
George did care for these displeased customers.,George did care for this displeased customers.,morphology,determiner_noun_agreement,determiner_noun_agreement_with_adj_2,True,False,True,True,281,-60.68074417114258,-58.1262321472168,0
Diana was touring this big cafe.,Diana was touring these big cafe.,morphology,determiner_noun_agreement,determiner_noun_agreement_with_adj_2,True,False,True,True,282,-47.485939025878906,-51.32882308959961,1
Lisa hasn't worked with these scared girls.,Lisa hasn't worked with this scared girls.,morphology,determiner_noun_agreement,determiner_noun_agreement_with_adj_2,True,False,True,True,283,-50.42073059082031,-50.9911994934082,1
Becca tours this good grocery store.,Becca tours these good grocery store.,morphology,determiner_noun_agreement,determiner_noun_agreement_with_adj_2,True,False,True,True,284,-54.03578186035156,-55.29124450683594,1
Denise has appreciated these exposed patients.,Denise has appreciated this exposed patients.,morphology,determiner_noun_agreement,determiner_noun_agreement_with_adj_2,True,False,True,True,285,-55.92235565185547,-56.54279327392578,1
A lot of teachers have these small shoes.,A lot of teachers have this small shoes.,morphology,determiner_noun_agreement,determiner_noun_agreement_with_adj_2,True,False,True,True,286,-44.4057502746582,-44.148406982421875,0
Paul disturbs those exposed hospitals.,Paul disturbs that exposed hospitals.,morphology,determiner_noun_agreement,determiner_noun_agreement_with_adj_2,True,False,True,True,287,-56.94154739379883,-55.41037368774414,0
These students impresses that out in the open patient.,These students impresses those out in the open patient.,morphology,determiner_noun_agreement,determiner_noun_agreement_with_adj_2,True,False,True,True,288,-70.66072082519531,-73.7648696899414,1
This documentary won't disagree with these good customers.,This documentary won't disagree with this good customers.,morphology,determiner_noun_agreement,determiner_noun_agreement_with_adj_2,True,False,True,True,289,-55.75825500488281,-55.08517837524414,0
Carol is passing those gray cafes.,Carol is passing that gray cafes.,morphology,determiner_noun_agreement,determiner_noun_agreement_with_adj_2,True,False,True,True,290,-55.828941345214844,-56.02915954589844,1
Laura hasn't known those displeased drivers.,Laura hasn't known that displeased drivers.,morphology,determiner_noun_agreement,determiner_noun_agreement_with_adj_2,True,False,True,True,291,-62.24864959716797,-58.51837921142578,0
This snake distracts that small bank.,This snake distracts those small bank.,morphology,determiner_noun_agreement,determiner_noun_agreement_with_adj_2,True,False,True,True,292,-56.671878814697266,-59.43439865112305,1
Mitchell has returned to that rough library.,Mitchell has returned to those rough library.,morphology,determiner_noun_agreement,determiner_noun_agreement_with_adj_2,True,False,True,True,293,-57.500186920166016,-56.967350006103516,0
Jeffrey isn't running around this new hospital.,Jeffrey isn't running around these new hospital.,morphology,determiner_noun_agreement,determiner_noun_agreement_with_adj_2,True,False,True,True,294,-50.74156188964844,-55.38935089111328,1
This picture looks like this rough school.,This picture looks like these rough school.,morphology,determiner_noun_agreement,determiner_noun_agreement_with_adj_2,True,False,True,True,295,-44.34510040283203,-47.103477478027344,1
Deborah scans this good documentary.,Deborah scans these good documentary.,morphology,determiner_noun_agreement,determiner_noun_agreement_with_adj_2,True,False,True,True,296,-57.33955764770508,-58.596458435058594,1
Some committees hate that young driver.,Some committees hate those young driver.,morphology,determiner_noun_agreement,determiner_noun_agreement_with_adj_2,True,False,True,True,297,-54.21656799316406,-55.281005859375,1
This committee had alarmed this bad association.,This committee had alarmed these bad association.,morphology,determiner_noun_agreement,determiner_noun_agreement_with_adj_2,True,False,True,True,298,-56.74359130859375,-59.943599700927734,1
Emily broke these white forks.,Emily broke this white forks.,morphology,determiner_noun_agreement,determiner_noun_agreement_with_adj_2,True,False,True,True,299,-44.82424545288086,-45.84205627441406,1
Marie would argue about these bad stories.,Marie would argue about this bad stories.,morphology,determiner_noun_agreement,determiner_noun_agreement_with_adj_2,True,False,True,True,300,-50.53622055053711,-49.1085205078125,0
The woman discovered this red hamster.,The woman discovered these red hamster.,morphology,determiner_noun_agreement,determiner_noun_agreement_with_adj_2,True,False,True,True,301,-46.97323989868164,-47.691009521484375,1
The Impressionists haven't dropped by these orange libraries.,The Impressionists haven't dropped by this orange libraries.,morphology,determiner_noun_agreement,determiner_noun_agreement_with_adj_2,True,False,True,True,302,-71.56340026855469,-70.6427001953125,0
Kathleen scares this dirty museum.,Kathleen scares these dirty museum.,morphology,determiner_noun_agreement,determiner_noun_agreement_with_adj_2,True,False,True,True,303,-57.79698944091797,-57.90283203125,1
Nicole did bother that messy museum.,Nicole did bother those messy museum.,morphology,determiner_noun_agreement,determiner_noun_agreement_with_adj_2,True,False,True,True,304,-58.005699157714844,-58.48560333251953,1
Adam might break those cheap forks.,Adam might break that cheap forks.,morphology,determiner_noun_agreement,determiner_noun_agreement_with_adj_2,True,False,True,True,305,-51.805992126464844,-52.251983642578125,1
Lucille might visit this old art gallery.,Lucille might visit these old art gallery.,morphology,determiner_noun_agreement,determiner_noun_agreement_with_adj_2,True,False,True,True,306,-63.442832946777344,-63.62679672241211,1
Kathleen boasted about those important reports.,Kathleen boasted about that important reports.,morphology,determiner_noun_agreement,determiner_noun_agreement_with_adj_2,True,False,True,True,307,-58.629310607910156,-58.11921691894531,0
Teenagers worries these nice drivers.,Teenagers worries this nice drivers.,morphology,determiner_noun_agreement,determiner_noun_agreement_with_adj_2,True,False,True,True,308,-58.21637725830078,-58.829620361328125,1
Irene brought this hidden nose.,Irene brought these hidden nose.,morphology,determiner_noun_agreement,determiner_noun_agreement_with_adj_2,True,False,True,True,309,-48.0315055847168,-49.61500549316406,1
Many actors can't boast about that nice actor.,Many actors can't boast about those nice actor.,morphology,determiner_noun_agreement,determiner_noun_agreement_with_adj_2,True,False,True,True,310,-54.753173828125,-58.210670471191406,1
George is helping those smart students.,George is helping that smart students.,morphology,determiner_noun_agreement,determiner_noun_agreement_with_adj_2,True,False,True,True,311,-46.62824249267578,-49.27946472167969,1
Jessica has broken that hidden fork.,Jessica has broken those hidden fork.,morphology,determiner_noun_agreement,determiner_noun_agreement_with_adj_2,True,False,True,True,312,-52.34475326538086,-54.55278015136719,1
Vanessa hadn't cured these upset actors.,Vanessa hadn't cured this upset actors.,morphology,determiner_noun_agreement,determiner_noun_agreement_with_adj_2,True,False,True,True,313,-61.604732513427734,-62.113826751708984,1
Jerry wasn't fixing that gray cup.,Jerry wasn't fixing those gray cup.,morphology,determiner_noun_agreement,determiner_noun_agreement_with_adj_2,True,False,True,True,314,-49.941009521484375,-53.2629508972168,1
Some boys did flee from these delighted guys.,Some boys did flee from this delighted guys.,morphology,determiner_noun_agreement,determiner_noun_agreement_with_adj_2,True,False,True,True,315,-61.019676208496094,-60.251747131347656,0
Some dogs find this good movie theater.,Some dogs find these good movie theater.,morphology,determiner_noun_agreement,determiner_noun_agreement_with_adj_2,True,False,True,True,316,-49.55472183227539,-51.823158264160156,1
Lucille hasn't worked with those hidden pedestrians.,Lucille hasn't worked with that hidden pedestrians.,morphology,determiner_noun_agreement,determiner_noun_agreement_with_adj_2,True,False,True,True,317,-61.79255676269531,-60.81646728515625,0
Liam exits those white art galleries.,Liam exits that white art galleries.,morphology,determiner_noun_agreement,determiner_noun_agreement_with_adj_2,True,False,True,True,318,-62.7587776184082,-62.47393798828125,0
Vincent hugs that good pedestrian.,Vincent hugs those good pedestrian.,morphology,determiner_noun_agreement,determiner_noun_agreement_with_adj_2,True,False,True,True,319,-55.62397384643555,-55.158897399902344,0
Katherine would know this nice waiter.,Katherine would know these nice waiter.,morphology,determiner_noun_agreement,determiner_noun_agreement_with_adj_2,True,False,True,True,320,-49.85990905761719,-53.083099365234375,1
Tammy hasn't attacked those displeased guests.,Tammy hasn't attacked that displeased guests.,morphology,determiner_noun_agreement,determiner_noun_agreement_with_adj_2,True,False,True,True,321,-61.62535858154297,-60.807090759277344,0
Mark didn't wear that small shirt.,Mark didn't wear those small shirt.,morphology,determiner_noun_agreement,determiner_noun_agreement_with_adj_2,True,False,True,True,322,-41.60088348388672,-44.88549041748047,1
Many actresses care for those delighted senators.,Many actresses care for that delighted senators.,morphology,determiner_noun_agreement,determiner_noun_agreement_with_adj_2,True,False,True,True,323,-59.090858459472656,-58.83694076538086,0
Becca isn't bringing this old shirt.,Becca isn't bringing these old shirt.,morphology,determiner_noun_agreement,determiner_noun_agreement_with_adj_2,True,False,True,True,324,-48.699947357177734,-50.597984313964844,1
The Impressionists kiss these content actors.,The Impressionists kiss this content actors.,morphology,determiner_noun_agreement,determiner_noun_agreement_with_adj_2,True,False,True,True,325,-62.88823318481445,-64.6828842163086,1
This boy was appreciating this exposed hospital.,This boy was appreciating these exposed hospital.,morphology,determiner_noun_agreement,determiner_noun_agreement_with_adj_2,True,False,True,True,326,-57.302398681640625,-59.467933654785156,1
Kristen wasn't skated around that hard college campus.,Kristen wasn't skated around those hard college campus.,morphology,determiner_noun_agreement,determiner_noun_agreement_with_adj_2,True,False,True,True,327,-73.04735565185547,-75.14692687988281,1
Carlos hadn't broken that new glass.,Carlos hadn't broken those new glass.,morphology,determiner_noun_agreement,determiner_noun_agreement_with_adj_2,True,False,True,True,328,-49.610107421875,-51.23932647705078,1
Michael hasn't fixed this green glass.,Michael hasn't fixed these green glass.,morphology,determiner_noun_agreement,determiner_noun_agreement_with_adj_2,True,False,True,True,329,-44.736019134521484,-46.99730682373047,1
Bethany doesn't hide those rough sweaters.,Bethany doesn't hide that rough sweaters.,morphology,determiner_noun_agreement,determiner_noun_agreement_with_adj_2,True,False,True,True,330,-67.28909301757812,-66.95064544677734,0
Sally isn't questioning those important libraries.,Sally isn't questioning that important libraries.,morphology,determiner_noun_agreement,determiner_noun_agreement_with_adj_2,True,False,True,True,331,-55.88214874267578,-56.0224609375,1
The Impressionists pass this yellow bank.,The Impressionists pass these yellow bank.,morphology,determiner_noun_agreement,determiner_noun_agreement_with_adj_2,True,False,True,True,332,-56.90736770629883,-58.343910217285156,1
That chicken resembles these exposed paintings.,That chicken resembles this exposed paintings.,morphology,determiner_noun_agreement,determiner_noun_agreement_with_adj_2,True,False,True,True,333,-57.473392486572266,-58.444313049316406,1
Martha investigates that nice cashier.,Martha investigates those nice cashier.,morphology,determiner_noun_agreement,determiner_noun_agreement_with_adj_2,True,False,True,True,334,-55.516910552978516,-55.42970275878906,0
Samuel can walk through these big cafes.,Samuel can walk through this big cafes.,morphology,determiner_noun_agreement,determiner_noun_agreement_with_adj_2,True,False,True,True,335,-57.50189208984375,-55.29070281982422,0
These boxes should bother those content ladies.,These boxes should bother that content ladies.,morphology,determiner_noun_agreement,determiner_noun_agreement_with_adj_2,True,False,True,True,336,-60.251556396484375,-61.11293029785156,1
Mitchell flees from that yellow hospital.,Mitchell flees from those yellow hospital.,morphology,determiner_noun_agreement,determiner_noun_agreement_with_adj_2,True,False,True,True,337,-61.061004638671875,-62.55058288574219,1
Samuel wasn't concealing this determined driver.,Samuel wasn't concealing these determined driver.,morphology,determiner_noun_agreement,determiner_noun_agreement_with_adj_2,True,False,True,True,338,-66.75202941894531,-70.76382446289062,1
All senators remember that clean bank.,All senators remember those clean bank.,morphology,determiner_noun_agreement,determiner_noun_agreement_with_adj_2,True,False,True,True,339,-51.521446228027344,-54.22404479980469,1
The Impressionists leave that unconvinced waiter.,The Impressionists leave those unconvinced waiter.,morphology,determiner_noun_agreement,determiner_noun_agreement_with_adj_2,True,False,True,True,340,-77.68829345703125,-79.37409973144531,1
Lucille hasn't questioned that hopeful actor.,Lucille hasn't questioned those hopeful actor.,morphology,determiner_noun_agreement,determiner_noun_agreement_with_adj_2,True,False,True,True,341,-65.57067108154297,-66.73623657226562,1
The Borgias alarms that young boy.,The Borgias alarms those young boy.,morphology,determiner_noun_agreement,determiner_noun_agreement_with_adj_2,True,False,True,True,342,-58.76469421386719,-63.42766571044922,1
That cat shouldn't bother that unlucky adult.,That cat shouldn't bother those unlucky adult.,morphology,determiner_noun_agreement,determiner_noun_agreement_with_adj_2,True,False,True,True,343,-56.80043029785156,-60.65251159667969,1
This drawing embarrassed these nice drivers.,This drawing embarrassed this nice drivers.,morphology,determiner_noun_agreement,determiner_noun_agreement_with_adj_2,True,False,True,True,344,-61.40357208251953,-62.15254211425781,1
Those men haven't complained about these lost senators.,Those men haven't complained about this lost senators.,morphology,determiner_noun_agreement,determiner_noun_agreement_with_adj_2,True,False,True,True,345,-57.149932861328125,-55.766666412353516,0
Every photograph shouldn't look like this scared patient.,Every photograph shouldn't look like these scared patient.,morphology,determiner_noun_agreement,determiner_noun_agreement_with_adj_2,True,False,True,True,346,-63.537109375,-66.13900756835938,1
Tina watched those hopeful guys.,Tina watched that hopeful guys.,morphology,determiner_noun_agreement,determiner_noun_agreement_with_adj_2,True,False,True,True,347,-49.815025329589844,-51.872474670410156,1
Some lady should complain about these important pedestrians.,Some lady should complain about this important pedestrians.,morphology,determiner_noun_agreement,determiner_noun_agreement_with_adj_2,True,False,True,True,348,-59.52714920043945,-58.28428649902344,0
The ladies dislike these yellow pamphlets.,The ladies dislike this yellow pamphlets.,morphology,determiner_noun_agreement,determiner_noun_agreement_with_adj_2,True,False,True,True,349,-56.00275421142578,-56.40336608886719,1
Jill discovered this content girl.,Jill discovered these content girl.,morphology,determiner_noun_agreement,determiner_noun_agreement_with_adj_2,True,False,True,True,350,-46.94773864746094,-49.855892181396484,1
Many customers criticize these blue high schools.,Many customers criticize this blue high schools.,morphology,determiner_noun_agreement,determiner_noun_agreement_with_adj_2,True,False,True,True,351,-64.67977905273438,-63.00202178955078,0
Kirsten was boycotting this bad association.,Kirsten was boycotting these bad association.,morphology,determiner_noun_agreement,determiner_noun_agreement_with_adj_2,True,False,True,True,352,-63.77050018310547,-65.94599151611328,1
Christina hugged those hopeful customers.,Christina hugged that hopeful customers.,morphology,determiner_noun_agreement,determiner_noun_agreement_with_adj_2,True,False,True,True,353,-56.04751205444336,-57.57360076904297,1
Rose attacks that clever dancer.,Rose attacks those clever dancer.,morphology,determiner_noun_agreement,determiner_noun_agreement_with_adj_2,True,False,True,True,354,-54.03727340698242,-55.97113037109375,1
David had noticed this big photograph.,David had noticed these big photograph.,morphology,determiner_noun_agreement,determiner_noun_agreement_with_adj_2,True,False,True,True,355,-42.55378723144531,-46.87245178222656,1
Patrick hasn't distracted that sick lady.,Patrick hasn't distracted those sick lady.,morphology,determiner_noun_agreement,determiner_noun_agreement_with_adj_2,True,False,True,True,356,-48.946739196777344,-52.78797149658203,1
Linda broke that hard couch.,Linda broke those hard couch.,morphology,determiner_noun_agreement,determiner_noun_agreement_with_adj_2,True,False,True,True,357,-45.01713943481445,-47.76400375366211,1
That waiter hasn't confused those out in the open girls.,That waiter hasn't confused that out in the open girls.,morphology,determiner_noun_agreement,determiner_noun_agreement_with_adj_2,True,False,True,True,358,-71.2969741821289,-67.44651794433594,0
A waiter loves this orange book.,A waiter loves these orange book.,morphology,determiner_noun_agreement,determiner_noun_agreement_with_adj_2,True,False,True,True,359,-44.89297103881836,-47.725547790527344,1
Sabrina did think about these brown prints.,Sabrina did think about this brown prints.,morphology,determiner_noun_agreement,determiner_noun_agreement_with_adj_2,True,False,True,True,360,-58.551883697509766,-57.86803436279297,0
Amy might discover those rough schools.,Amy might discover that rough schools.,morphology,determiner_noun_agreement,determiner_noun_agreement_with_adj_2,True,False,True,True,361,-51.877044677734375,-52.58232879638672,1
These boys messed up those exposed libraries.,These boys messed up that exposed libraries.,morphology,determiner_noun_agreement,determiner_noun_agreement_with_adj_2,True,False,True,True,362,-57.373313903808594,-57.72901916503906,1
Larry hates those small guys.,Larry hates that small guys.,morphology,determiner_noun_agreement,determiner_noun_agreement_with_adj_2,True,False,True,True,363,-41.3922119140625,-41.47883987426758,1
Kirsten dislikes that bad restaurant.,Kirsten dislikes those bad restaurant.,morphology,determiner_noun_agreement,determiner_noun_agreement_with_adj_2,True,False,True,True,364,-61.90394592285156,-63.979888916015625,1
Tonya cures these old customers.,Tonya cures this old customers.,morphology,determiner_noun_agreement,determiner_noun_agreement_with_adj_2,True,False,True,True,365,-55.1500129699707,-55.51641082763672,1
Some adult lifts these white shirts.,Some adult lifts this white shirts.,morphology,determiner_noun_agreement,determiner_noun_agreement_with_adj_2,True,False,True,True,366,-49.72492599487305,-50.77295684814453,1
Steve examined these yellow newspaper articles.,Steve examined this yellow newspaper articles.,morphology,determiner_noun_agreement,determiner_noun_agreement_with_adj_2,True,False,True,True,367,-58.00947952270508,-58.590179443359375,1
Amelia won't hire these popular cashiers.,Amelia won't hire this popular cashiers.,morphology,determiner_noun_agreement,determiner_noun_agreement_with_adj_2,True,False,True,True,368,-66.6031265258789,-64.38472747802734,0
All guests had broken this bad dish.,All guests had broken these bad dish.,morphology,determiner_noun_agreement,determiner_noun_agreement_with_adj_2,True,False,True,True,369,-56.711387634277344,-58.60117721557617,1
All stories didn't distract this popular adult.,All stories didn't distract these popular adult.,morphology,determiner_noun_agreement,determiner_noun_agreement_with_adj_2,True,False,True,True,370,-61.96099090576172,-62.9051513671875,1
Cindy knows that troubled driver.,Cindy knows those troubled driver.,morphology,determiner_noun_agreement,determiner_noun_agreement_with_adj_2,True,False,True,True,371,-52.56574249267578,-56.12836837768555,1
Julia does investigate these out in the open doctors.,Julia does investigate this out in the open doctors.,morphology,determiner_noun_agreement,determiner_noun_agreement_with_adj_2,True,False,True,True,372,-65.67066955566406,-64.19168090820312,0
Science stuns these good governments.,Science stuns this good governments.,morphology,determiner_noun_agreement,determiner_noun_agreement_with_adj_2,True,False,True,True,373,-58.46049499511719,-59.46195983886719,1
Winston Churchill couldn't discover that old shoe.,Winston Churchill couldn't discover those old shoe.,morphology,determiner_noun_agreement,determiner_noun_agreement_with_adj_2,True,False,True,True,374,-62.04796600341797,-66.0802993774414,1
Natalie had explored that white movie theater.,Natalie had explored those white movie theater.,morphology,determiner_noun_agreement,determiner_noun_agreement_with_adj_2,True,False,True,True,375,-59.74913787841797,-61.18684387207031,1
Curtis hasn't escaped from that dirty cafe.,Curtis hasn't escaped from those dirty cafe.,morphology,determiner_noun_agreement,determiner_noun_agreement_with_adj_2,True,False,True,True,376,-61.377777099609375,-64.67774963378906,1
Martin hurt these unconvinced customers.,Martin hurt this unconvinced customers.,morphology,determiner_noun_agreement,determiner_noun_agreement_with_adj_2,True,False,True,True,377,-72.12078094482422,-71.77497863769531,0
The Impressionists worry that smart boy.,The Impressionists worry those smart boy.,morphology,determiner_noun_agreement,determiner_noun_agreement_with_adj_2,True,False,True,True,378,-57.37889099121094,-59.341121673583984,1
The Balkans couldn't aggravate this upset senator.,The Balkans couldn't aggravate these upset senator.,morphology,determiner_noun_agreement,determiner_noun_agreement_with_adj_2,True,False,True,True,379,-65.85981750488281,-68.83207702636719,1
Bruce wouldn't resemble those gray prints.,Bruce wouldn't resemble that gray prints.,morphology,determiner_noun_agreement,determiner_noun_agreement_with_adj_2,True,False,True,True,380,-54.26657485961914,-53.48854446411133,0
George hugged that excited doctor.,George hugged those excited doctor.,morphology,determiner_noun_agreement,determiner_noun_agreement_with_adj_2,True,False,True,True,381,-47.498409271240234,-48.55750274658203,1
Janice isn't escaping from that displeased dancer.,Janice isn't escaping from those displeased dancer.,morphology,determiner_noun_agreement,determiner_noun_agreement_with_adj_2,True,False,True,True,382,-69.67617797851562,-73.36038208007812,1
Most waitresses fire those serious adults.,Most waitresses fire that serious adults.,morphology,determiner_noun_agreement,determiner_noun_agreement_with_adj_2,True,False,True,True,383,-69.35453796386719,-71.1773910522461,1
All children won't conceal that hopeful cashier.,All children won't conceal those hopeful cashier.,morphology,determiner_noun_agreement,determiner_noun_agreement_with_adj_2,True,False,True,True,384,-65.49465942382812,-66.4654312133789,1
All cashiers weren't exploring these exposed grocery stores.,All cashiers weren't exploring this exposed grocery stores.,morphology,determiner_noun_agreement,determiner_noun_agreement_with_adj_2,True,False,True,True,385,-79.04766082763672,-81.07781982421875,1
Jessica wasn't thinking about that black print.,Jessica wasn't thinking about those black print.,morphology,determiner_noun_agreement,determiner_noun_agreement_with_adj_2,True,False,True,True,386,-47.63943099975586,-50.5689697265625,1
Donna didn't conceal these big banks.,Donna didn't conceal this big banks.,morphology,determiner_noun_agreement,determiner_noun_agreement_with_adj_2,True,False,True,True,387,-57.435508728027344,-56.640872955322266,0
This lady drove to that messy restaurant.,This lady drove to those messy restaurant.,morphology,determiner_noun_agreement,determiner_noun_agreement_with_adj_2,True,False,True,True,388,-50.103755950927734,-52.07381820678711,1
Roger sounds like those ill boys.,Roger sounds like that ill boys.,morphology,determiner_noun_agreement,determiner_noun_agreement_with_adj_2,True,False,True,True,389,-48.46849060058594,-48.333770751953125,0
Jacqueline hadn't forgotten those young guests.,Jacqueline hadn't forgotten that young guests.,morphology,determiner_noun_agreement,determiner_noun_agreement_with_adj_2,True,False,True,True,390,-54.94794464111328,-55.05915832519531,1
Patients scan this orange brochure.,Patients scan these orange brochure.,morphology,determiner_noun_agreement,determiner_noun_agreement_with_adj_2,True,False,True,True,391,-57.16331481933594,-59.02095031738281,1
That movie theater stunned those old guests.,That movie theater stunned that old guests.,morphology,determiner_noun_agreement,determiner_noun_agreement_with_adj_2,True,False,True,True,392,-63.43785095214844,-64.20626068115234,1
Deborah likes these important dogs.,Deborah likes this important dogs.,morphology,determiner_noun_agreement,determiner_noun_agreement_with_adj_2,True,False,True,True,393,-49.9705924987793,-50.03953552246094,1
Brian talks to these hopeful doctors.,Brian talks to this hopeful doctors.,morphology,determiner_noun_agreement,determiner_noun_agreement_with_adj_2,True,False,True,True,394,-51.19136428833008,-50.71036911010742,0
Some actors had insulted these important essays.,Some actors had insulted this important essays.,morphology,determiner_noun_agreement,determiner_noun_agreement_with_adj_2,True,False,True,True,395,-56.049285888671875,-55.74175262451172,0
The fish astounds those popular legislatures.,The fish astounds that popular legislatures.,morphology,determiner_noun_agreement,determiner_noun_agreement_with_adj_2,True,False,True,True,396,-71.00863647460938,-66.99481201171875,0
Jill would find those brown drawings.,Jill would find that brown drawings.,morphology,determiner_noun_agreement,determiner_noun_agreement_with_adj_2,True,False,True,True,397,-50.38808059692383,-50.74339294433594,1
Most women approached these ill patients.,Most women approached this ill patients.,morphology,determiner_noun_agreement,determiner_noun_agreement_with_adj_2,True,False,True,True,398,-50.01032638549805,-50.83012771606445,1
Renee shouldn't wear that popular skirt.,Renee shouldn't wear those popular skirt.,morphology,determiner_noun_agreement,determiner_noun_agreement_with_adj_2,True,False,True,True,399,-54.93230056762695,-57.582923889160156,1
Kendra talks to that content adult.,Kendra talks to those content adult.,morphology,determiner_noun_agreement,determiner_noun_agreement_with_adj_2,True,False,True,True,400,-61.47236251831055,-62.43403625488281,1
These girls confuse those lost pedestrians.,These girls confuse that lost pedestrians.,morphology,determiner_noun_agreement,determiner_noun_agreement_with_adj_2,True,False,True,True,401,-54.82255935668945,-55.27314758300781,1
Every school hires this busy girl.,Every school hires these busy girl.,morphology,determiner_noun_agreement,determiner_noun_agreement_with_adj_2,True,False,True,True,402,-52.20984649658203,-55.21570587158203,1
Deborah looks like these red sketches.,Deborah looks like this red sketches.,morphology,determiner_noun_agreement,determiner_noun_agreement_with_adj_2,True,False,True,True,403,-49.636985778808594,-49.039154052734375,0
These boxes impress these unconvinced customers.,These boxes impress this unconvinced customers.,morphology,determiner_noun_agreement,determiner_noun_agreement_with_adj_2,True,False,True,True,404,-73.7144546508789,-75.12017822265625,1
Every hamster astounds those hopeful teenagers.,Every hamster astounds that hopeful teenagers.,morphology,determiner_noun_agreement,determiner_noun_agreement_with_adj_2,True,False,True,True,405,-80.18621063232422,-78.13530731201172,0
Doctors are appreciating this concealed library.,Doctors are appreciating these concealed library.,morphology,determiner_noun_agreement,determiner_noun_agreement_with_adj_2,True,False,True,True,406,-60.483551025390625,-60.883968353271484,1
Heidi shocked this standing teacher.,Heidi shocked these standing teacher.,morphology,determiner_noun_agreement,determiner_noun_agreement_with_adj_2,True,False,True,True,407,-54.968597412109375,-57.13695526123047,1
Holly couldn't help that excited doctor.,Holly couldn't help those excited doctor.,morphology,determiner_noun_agreement,determiner_noun_agreement_with_adj_2,True,False,True,True,408,-49.949607849121094,-51.00339889526367,1
These people haven't insulted this smart doctor.,These people haven't insulted these smart doctor.,morphology,determiner_noun_agreement,determiner_noun_agreement_with_adj_2,True,False,True,True,409,-53.183738708496094,-55.25849151611328,1
Forks aggravate that confident guest.,Forks aggravate those confident guest.,morphology,determiner_noun_agreement,determiner_noun_agreement_with_adj_2,True,False,True,True,410,-65.33683013916016,-65.48731231689453,1
Mark flees from this hard high school.,Mark flees from these hard high school.,morphology,determiner_noun_agreement,determiner_noun_agreement_with_adj_2,True,False,True,True,411,-59.17546844482422,-61.643218994140625,1
Many adults exit these dirty art galleries.,Many adults exit this dirty art galleries.,morphology,determiner_noun_agreement,determiner_noun_agreement_with_adj_2,True,False,True,True,412,-66.06875610351562,-68.19224548339844,1
These boys discovered those good patients.,These boys discovered that good patients.,morphology,determiner_noun_agreement,determiner_noun_agreement_with_adj_2,True,False,True,True,413,-44.796531677246094,-45.69442367553711,1
Raymond was going to those messy museums.,Raymond was going to that messy museums.,morphology,determiner_noun_agreement,determiner_noun_agreement_with_adj_2,True,False,True,True,414,-54.01289367675781,-54.8772087097168,1
This teacher drops by those smooth malls.,This teacher drops by that smooth malls.,morphology,determiner_noun_agreement,determiner_noun_agreement_with_adj_2,True,False,True,True,415,-65.11279296875,-65.08586883544922,0
Carmen won't stun these clever actors.,Carmen won't stun this clever actors.,morphology,determiner_noun_agreement,determiner_noun_agreement_with_adj_2,True,False,True,True,416,-65.14218139648438,-67.27021026611328,1
Larry sees that hard rug.,Larry sees those hard rug.,morphology,determiner_noun_agreement,determiner_noun_agreement_with_adj_2,True,False,True,True,417,-43.70667266845703,-46.716522216796875,1
Marie fixed this blue dish.,Marie fixed these blue dish.,morphology,determiner_noun_agreement,determiner_noun_agreement_with_adj_2,True,False,True,True,418,-45.275665283203125,-47.013370513916016,1
Tara approached this concealed student.,Tara approached these concealed student.,morphology,determiner_noun_agreement,determiner_noun_agreement_with_adj_2,True,False,True,True,419,-54.54408645629883,-56.77490234375,1
Kathleen criticizes these rough college campuses.,Kathleen criticizes this rough college campuses.,morphology,determiner_noun_agreement,determiner_noun_agreement_with_adj_2,True,False,True,True,420,-76.88963317871094,-76.53431701660156,0
Brett had found those popular customers.,Brett had found that popular customers.,morphology,determiner_noun_agreement,determiner_noun_agreement_with_adj_2,True,False,True,True,421,-50.58711242675781,-47.889259338378906,0
This student has arrived at those bad cafes.,This student has arrived at that bad cafes.,morphology,determiner_noun_agreement,determiner_noun_agreement_with_adj_2,True,False,True,True,422,-57.25396728515625,-55.67908477783203,0
Many reports aggravate these young senators.,Many reports aggravate this young senators.,morphology,determiner_noun_agreement,determiner_noun_agreement_with_adj_2,True,False,True,True,423,-58.273826599121094,-58.27729415893555,1
Christopher isn't scaring those unlucky teenagers.,Christopher isn't scaring that unlucky teenagers.,morphology,determiner_noun_agreement,determiner_noun_agreement_with_adj_2,True,False,True,True,424,-61.53647994995117,-59.834388732910156,0
Kendra has bored these important waiters.,Kendra has bored this important waiters.,morphology,determiner_noun_agreement,determiner_noun_agreement_with_adj_2,True,False,True,True,425,-70.25640869140625,-68.36383056640625,0
Beverly had healed those unlucky pedestrians.,Beverly had healed that unlucky pedestrians.,morphology,determiner_noun_agreement,determiner_noun_agreement_with_adj_2,True,False,True,True,426,-63.86809539794922,-64.34487915039062,1
William cares for these concealed patients.,William cares for this concealed patients.,morphology,determiner_noun_agreement,determiner_noun_agreement_with_adj_2,True,False,True,True,427,-53.5489616394043,-52.47156524658203,0
Alice drives to these yellow art galleries.,Alice drives to this yellow art galleries.,morphology,determiner_noun_agreement,determiner_noun_agreement_with_adj_2,True,False,True,True,428,-60.64545440673828,-62.02998352050781,1
This waiter hasn't cleaned these dirty shoes.,This waiter hasn't cleaned this dirty shoes.,morphology,determiner_noun_agreement,determiner_noun_agreement_with_adj_2,True,False,True,True,429,-48.837120056152344,-48.79257583618164,0
Sharon had escaped from these content students.,Sharon had escaped from this content students.,morphology,determiner_noun_agreement,determiner_noun_agreement_with_adj_2,True,False,True,True,430,-59.997318267822266,-59.81605529785156,0
A lot of boys boycotted that bad government.,A lot of boys boycotted those bad government.,morphology,determiner_noun_agreement,determiner_noun_agreement_with_adj_2,True,False,True,True,431,-75.69581604003906,-74.59088897705078,0
Beth hasn't sounded like this dirty grocery store.,Beth hasn't sounded like these dirty grocery store.,morphology,determiner_noun_agreement,determiner_noun_agreement_with_adj_2,True,False,True,True,432,-60.67411422729492,-62.15190887451172,1
Some people admire that out in the open sock.,Some people admire those out in the open sock.,morphology,determiner_noun_agreement,determiner_noun_agreement_with_adj_2,True,False,True,True,433,-60.269508361816406,-60.90312194824219,1
These women describe that upset teenager.,These women describe those upset teenager.,morphology,determiner_noun_agreement,determiner_noun_agreement_with_adj_2,True,False,True,True,434,-50.98194885253906,-52.51337814331055,1
Patricia was passing that big library.,Patricia was passing those big library.,morphology,determiner_noun_agreement,determiner_noun_agreement_with_adj_2,True,False,True,True,435,-49.424739837646484,-52.34718322753906,1
Tamara fired these excited teenagers.,Tamara fired this excited teenagers.,morphology,determiner_noun_agreement,determiner_noun_agreement_with_adj_2,True,False,True,True,436,-57.20382308959961,-58.371421813964844,1
These waiters were approaching this busy guy.,These waiters were approaching these busy guy.,morphology,determiner_noun_agreement,determiner_noun_agreement_with_adj_2,True,False,True,True,437,-61.960655212402344,-64.56028747558594,1
Lucille exits this gray restaurant.,Lucille exits these gray restaurant.,morphology,determiner_noun_agreement,determiner_noun_agreement_with_adj_2,True,False,True,True,438,-55.50728225708008,-58.90691375732422,1
Randolf would research those good plays.,Randolf would research that good plays.,morphology,determiner_noun_agreement,determiner_noun_agreement_with_adj_2,True,False,True,True,439,-64.3206558227539,-63.67086410522461,0
Some rugs distract these important adults.,Some rugs distract this important adults.,morphology,determiner_noun_agreement,determiner_noun_agreement_with_adj_2,True,False,True,True,440,-59.76668167114258,-61.45808029174805,1
The waiters research those popular legislatures.,The waiters research that popular legislatures.,morphology,determiner_noun_agreement,determiner_noun_agreement_with_adj_2,True,False,True,True,441,-67.79884338378906,-66.27207946777344,0
Michael conceals this happy waiter.,Michael conceals these happy waiter.,morphology,determiner_noun_agreement,determiner_noun_agreement_with_adj_2,True,False,True,True,442,-59.22388458251953,-59.61578369140625,1
Alan arrives at those bad malls.,Alan arrives at that bad malls.,morphology,determiner_noun_agreement,determiner_noun_agreement_with_adj_2,True,False,True,True,443,-51.193233489990234,-50.55009460449219,0
A lot of prints looked like this clean couch.,A lot of prints looked like these clean couch.,morphology,determiner_noun_agreement,determiner_noun_agreement_with_adj_2,True,False,True,True,444,-56.298667907714844,-59.3798828125,1
Deanna has irritated that bad government.,Deanna has irritated those bad government.,morphology,determiner_noun_agreement,determiner_noun_agreement_with_adj_2,True,False,True,True,445,-60.50591278076172,-62.465309143066406,1
The children are talking to that ill lady.,The children are talking to those ill lady.,morphology,determiner_noun_agreement,determiner_noun_agreement_with_adj_2,True,False,True,True,446,-44.86063766479492,-47.17259216308594,1
Pedestrians describe those new art galleries.,Pedestrians describe that new art galleries.,morphology,determiner_noun_agreement,determiner_noun_agreement_with_adj_2,True,False,True,True,447,-68.07925415039062,-68.97511291503906,1
Senators drive to that brown high school.,Senators drive to those brown high school.,morphology,determiner_noun_agreement,determiner_noun_agreement_with_adj_2,True,False,True,True,448,-67.49143981933594,-68.20704650878906,1
Curtis can bring this rough book.,Curtis can bring these rough book.,morphology,determiner_noun_agreement,determiner_noun_agreement_with_adj_2,True,False,True,True,449,-57.069664001464844,-60.49542236328125,1
Wayne cleans that orange college campus.,Wayne cleans those orange college campus.,morphology,determiner_noun_agreement,determiner_noun_agreement_with_adj_2,True,False,True,True,450,-62.86798858642578,-64.91494750976562,1
Charles isn't biking to this concealed cafe.,Charles isn't biking to these concealed cafe.,morphology,determiner_noun_agreement,determiner_noun_agreement_with_adj_2,True,False,True,True,451,-69.81289672851562,-72.06034851074219,1
A coat did distract those determined doctors.,A coat did distract that determined doctors.,morphology,determiner_noun_agreement,determiner_noun_agreement_with_adj_2,True,False,True,True,452,-69.10218048095703,-68.58563232421875,0
Homer approached that employed student.,Homer approached those employed student.,morphology,determiner_noun_agreement,determiner_noun_agreement_with_adj_2,True,False,True,True,453,-54.68567657470703,-56.45309829711914,1
Nina approached that unsure girl.,Nina approached those unsure girl.,morphology,determiner_noun_agreement,determiner_noun_agreement_with_adj_2,True,False,True,True,454,-50.97532653808594,-52.96721649169922,1
Heidi had bothered this concealed waitress.,Heidi had bothered these concealed waitress.,morphology,determiner_noun_agreement,determiner_noun_agreement_with_adj_2,True,False,True,True,455,-63.2020263671875,-66.11756134033203,1
Tara hadn't described those exposed malls.,Tara hadn't described that exposed malls.,morphology,determiner_noun_agreement,determiner_noun_agreement_with_adj_2,True,False,True,True,456,-63.09578323364258,-63.327476501464844,1
Some drawing looks like those good eyes.,Some drawing looks like that good eyes.,morphology,determiner_noun_agreement,determiner_noun_agreement_with_adj_2,True,False,True,True,457,-47.79998016357422,-46.762779235839844,0
Children hadn't boycotted these exposed libraries.,Children hadn't boycotted this exposed libraries.,morphology,determiner_noun_agreement,determiner_noun_agreement_with_adj_2,True,False,True,True,458,-86.2127685546875,-88.63742065429688,1
Most mirrors were alarming this popular organization.,Most mirrors were alarming these popular organization.,morphology,determiner_noun_agreement,determiner_noun_agreement_with_adj_2,True,False,True,True,459,-60.72340774536133,-61.79824447631836,1
The teachers watch those exposed senators.,The teachers watch that exposed senators.,morphology,determiner_noun_agreement,determiner_noun_agreement_with_adj_2,True,False,True,True,460,-58.09223175048828,-57.43940353393555,0
Russell examines that brown book.,Russell examines those brown book.,morphology,determiner_noun_agreement,determiner_noun_agreement_with_adj_2,True,False,True,True,461,-47.677310943603516,-49.54343032836914,1
A lot of governments boast about those confident guys.,A lot of governments boast about that confident guys.,morphology,determiner_noun_agreement,determiner_noun_agreement_with_adj_2,True,False,True,True,462,-60.978248596191406,-62.28623962402344,1
The drawing is aggravating this exposed adult.,The drawing is aggravating these exposed adult.,morphology,determiner_noun_agreement,determiner_noun_agreement_with_adj_2,True,False,True,True,463,-62.20572280883789,-63.2127571105957,1
Samantha will argue about these confident patients.,Samantha will argue about this confident patients.,morphology,determiner_noun_agreement,determiner_noun_agreement_with_adj_2,True,False,True,True,464,-59.53466796875,-58.55921936035156,0
The slope won't astound that new bank.,The slope won't astound those new bank.,morphology,determiner_noun_agreement,determiner_noun_agreement_with_adj_2,True,False,True,True,465,-63.91415023803711,-66.13516998291016,1
Larry wouldn't mess up those gray banks.,Larry wouldn't mess up that gray banks.,morphology,determiner_noun_agreement,determiner_noun_agreement_with_adj_2,True,False,True,True,466,-54.89574432373047,-53.50540542602539,0
Jesus had worn these cheap coats.,Jesus had worn this cheap coats.,morphology,determiner_noun_agreement,determiner_noun_agreement_with_adj_2,True,False,True,True,467,-46.72761535644531,-47.591827392578125,1
Carol did escape from those good teenagers.,Carol did escape from that good teenagers.,morphology,determiner_noun_agreement,determiner_noun_agreement_with_adj_2,True,False,True,True,468,-59.44491958618164,-59.192909240722656,0
All ladies can go to this popular movie theater.,All ladies can go to these popular movie theater.,morphology,determiner_noun_agreement,determiner_noun_agreement_with_adj_2,True,False,True,True,469,-55.82977294921875,-59.7764892578125,1
Teenagers hire this clever cashier.,Teenagers hire these clever cashier.,morphology,determiner_noun_agreement,determiner_noun_agreement_with_adj_2,True,False,True,True,470,-62.57586669921875,-63.334739685058594,1
Joseph hadn't worked with this content pedestrian.,Joseph hadn't worked with these content pedestrian.,morphology,determiner_noun_agreement,determiner_noun_agreement_with_adj_2,True,False,True,True,471,-59.18927764892578,-60.98741149902344,1
Every pedestrian can't hurt that unconvinced girl.,Every pedestrian can't hurt those unconvinced girl.,morphology,determiner_noun_agreement,determiner_noun_agreement_with_adj_2,True,False,True,True,472,-78.34819030761719,-80.02063751220703,1
Some pants have stunned this blue hospital.,Some pants have stunned these blue hospital.,morphology,determiner_noun_agreement,determiner_noun_agreement_with_adj_2,True,False,True,True,473,-60.37621307373047,-61.88429641723633,1
A lot of organizations love those old pedestrians.,A lot of organizations love that old pedestrians.,morphology,determiner_noun_agreement,determiner_noun_agreement_with_adj_2,True,False,True,True,474,-56.45233154296875,-55.57264709472656,0
Carol shouldn't take those lost pamphlets.,Carol shouldn't take that lost pamphlets.,morphology,determiner_noun_agreement,determiner_noun_agreement_with_adj_2,True,False,True,True,475,-57.924339294433594,-56.349388122558594,0
Douglas hadn't respected those clean grocery stores.,Douglas hadn't respected that clean grocery stores.,morphology,determiner_noun_agreement,determiner_noun_agreement_with_adj_2,True,False,True,True,476,-63.77104949951172,-63.36310577392578,0
A teenager loves these delighted guests.,A teenager loves this delighted guests.,morphology,determiner_noun_agreement,determiner_noun_agreement_with_adj_2,True,False,True,True,477,-50.385101318359375,-49.60204315185547,0
Christopher wouldn't bike to these out in the open hospitals.,Christopher wouldn't bike to this out in the open hospitals.,morphology,determiner_noun_agreement,determiner_noun_agreement_with_adj_2,True,False,True,True,478,-78.48005676269531,-76.70361328125,0
These adults should fire those lost patients.,These adults should fire that lost patients.,morphology,determiner_noun_agreement,determiner_noun_agreement_with_adj_2,True,False,True,True,479,-52.925743103027344,-53.73496627807617,1
Stephanie questions that sick adult.,Stephanie questions those sick adult.,morphology,determiner_noun_agreement,determiner_noun_agreement_with_adj_2,True,False,True,True,480,-60.38977813720703,-64.60299682617188,1
Every cart hasn't impressed these employed teenagers.,Every cart hasn't impressed this employed teenagers.,morphology,determiner_noun_agreement,determiner_noun_agreement_with_adj_2,True,False,True,True,481,-70.17378234863281,-69.67544555664062,0
The gates haven't bothered these exposed waiters.,The gates haven't bothered this exposed waiters.,morphology,determiner_noun_agreement,determiner_noun_agreement_with_adj_2,True,False,True,True,482,-68.47944641113281,-69.18144226074219,1
Donald cleans these new hospitals.,Donald cleans this new hospitals.,morphology,determiner_noun_agreement,determiner_noun_agreement_with_adj_2,True,False,True,True,483,-45.33015441894531,-45.97031021118164,1
Dawn wasn't concealing that new glass.,Dawn wasn't concealing those new glass.,morphology,determiner_noun_agreement,determiner_noun_agreement_with_adj_2,True,False,True,True,484,-59.59136962890625,-61.79902648925781,1
Tamara is wearing these good sweaters.,Tamara is wearing this good sweaters.,morphology,determiner_noun_agreement,determiner_noun_agreement_with_adj_2,True,False,True,True,485,-52.90529251098633,-52.198768615722656,0
A mirror bores this small senator.,A mirror bores these small senator.,morphology,determiner_noun_agreement,determiner_noun_agreement_with_adj_2,True,False,True,True,486,-66.29521179199219,-67.39024353027344,1
Todd didn't talk about these red brochures.,Todd didn't talk about this red brochures.,morphology,determiner_noun_agreement,determiner_noun_agreement_with_adj_2,True,False,True,True,487,-54.2380256652832,-53.08263397216797,0
Some mushrooms were alarming this out in the open library.,Some mushrooms were alarming these out in the open library.,morphology,determiner_noun_agreement,determiner_noun_agreement_with_adj_2,True,False,True,True,488,-71.07716369628906,-71.68128204345703,1
The man can care for those determined ladies.,The man can care for that determined ladies.,morphology,determiner_noun_agreement,determiner_noun_agreement_with_adj_2,True,False,True,True,489,-55.02873992919922,-55.45347595214844,1
Jeffrey has worked with this lost teenager.,Jeffrey has worked with these lost teenager.,morphology,determiner_noun_agreement,determiner_noun_agreement_with_adj_2,True,False,True,True,490,-52.67734146118164,-55.32456970214844,1
Every pedestrian goes to these important public parks.,Every pedestrian goes to this important public parks.,morphology,determiner_noun_agreement,determiner_noun_agreement_with_adj_2,True,False,True,True,491,-60.205406188964844,-59.08652877807617,0
The patients run around that good college campus.,The patients run around those good college campus.,morphology,determiner_noun_agreement,determiner_noun_agreement_with_adj_2,True,False,True,True,492,-61.30051040649414,-62.122352600097656,1
Samantha isn't referencing that exposed teenager.,Samantha isn't referencing those exposed teenager.,morphology,determiner_noun_agreement,determiner_noun_agreement_with_adj_2,True,False,True,True,493,-70.32881164550781,-72.7683334350586,1
Many boys drive to those new banks.,Many boys drive to that new banks.,morphology,determiner_noun_agreement,determiner_noun_agreement_with_adj_2,True,False,True,True,494,-52.0504264831543,-53.361846923828125,1
Some ladies clean these big brochures.,Some ladies clean this big brochures.,morphology,determiner_noun_agreement,determiner_noun_agreement_with_adj_2,True,False,True,True,495,-51.246910095214844,-50.34674072265625,0
Karla hasn't helped this nice girl.,Karla hasn't helped these nice girl.,morphology,determiner_noun_agreement,determiner_noun_agreement_with_adj_2,True,False,True,True,496,-55.040771484375,-58.93852996826172,1
Guests had investigated that busy boy.,Guests had investigated those busy boy.,morphology,determiner_noun_agreement,determiner_noun_agreement_with_adj_2,True,False,True,True,497,-58.49840545654297,-61.261253356933594,1
Brian isn't appreciating these fast waiters.,Brian isn't appreciating this fast waiters.,morphology,determiner_noun_agreement,determiner_noun_agreement_with_adj_2,True,False,True,True,498,-63.662296295166016,-62.150814056396484,0
Lucille observed those young doctors.,Lucille observed that young doctors.,morphology,determiner_noun_agreement,determiner_noun_agreement_with_adj_2,True,False,True,True,499,-51.144527435302734,-49.67843246459961,0
Erin isn't criticizing this purple book.,Erin isn't criticizing these purple book.,morphology,determiner_noun_agreement,determiner_noun_agreement_with_adj_2,True,False,True,True,500,-59.25275421142578,-62.419410705566406,1
All men remembered these exposed pamphlets.,All men remembered this exposed pamphlets.,morphology,determiner_noun_agreement,determiner_noun_agreement_with_adj_2,True,False,True,True,501,-56.132720947265625,-57.35376739501953,1
The Impressionists reference these purple books.,The Impressionists reference this purple books.,morphology,determiner_noun_agreement,determiner_noun_agreement_with_adj_2,True,False,True,True,502,-61.83796691894531,-62.81427764892578,1
Many hospitals buy these gray hospitals.,Many hospitals buy this gray hospitals.,morphology,determiner_noun_agreement,determiner_noun_agreement_with_adj_2,True,False,True,True,503,-54.93125534057617,-55.19620132446289,1
Timothy admires that hard dog.,Timothy admires those hard dog.,morphology,determiner_noun_agreement,determiner_noun_agreement_with_adj_2,True,False,True,True,504,-53.57899475097656,-57.20484924316406,1
Laurie thought about these hard forks.,Laurie thought about this hard forks.,morphology,determiner_noun_agreement,determiner_noun_agreement_with_adj_2,True,False,True,True,505,-54.72077560424805,-55.173980712890625,1
Paul did break these concealed dishes.,Paul did break this concealed dishes.,morphology,determiner_noun_agreement,determiner_noun_agreement_with_adj_2,True,False,True,True,506,-52.21950912475586,-51.786415100097656,0
A lot of adults bike to these hard cafes.,A lot of adults bike to this hard cafes.,morphology,determiner_noun_agreement,determiner_noun_agreement_with_adj_2,True,False,True,True,507,-69.79844665527344,-70.65267181396484,1
Karla was passing those big movie theaters.,Karla was passing that big movie theaters.,morphology,determiner_noun_agreement,determiner_noun_agreement_with_adj_2,True,False,True,True,508,-67.44934844970703,-64.49470520019531,0
Most companies could listen to those popular girls.,Most companies could listen to that popular girls.,morphology,determiner_noun_agreement,determiner_noun_agreement_with_adj_2,True,False,True,True,509,-53.22637176513672,-53.31050109863281,1
A lot of ladies had observed that employed waiter.,A lot of ladies had observed those employed waiter.,morphology,determiner_noun_agreement,determiner_noun_agreement_with_adj_2,True,False,True,True,510,-65.25895690917969,-68.69194030761719,1
All children insult these exposed grocery stores.,All children insult this exposed grocery stores.,morphology,determiner_noun_agreement,determiner_noun_agreement_with_adj_2,True,False,True,True,511,-65.31474304199219,-66.2152328491211,1
Many teenagers buy these bad scarves.,Many teenagers buy this bad scarves.,morphology,determiner_noun_agreement,determiner_noun_agreement_with_adj_2,True,False,True,True,512,-57.57917404174805,-58.35173034667969,1
Jesus shouldn't take this lost brochure.,Jesus shouldn't take these lost brochure.,morphology,determiner_noun_agreement,determiner_noun_agreement_with_adj_2,True,False,True,True,513,-52.23154830932617,-54.87862777709961,1
Most pedestrians return to that cheap art gallery.,Most pedestrians return to those cheap art gallery.,morphology,determiner_noun_agreement,determiner_noun_agreement_with_adj_2,True,False,True,True,514,-66.17558288574219,-65.57806396484375,0
Dennis hadn't discussed those upset customers.,Dennis hadn't discussed that upset customers.,morphology,determiner_noun_agreement,determiner_noun_agreement_with_adj_2,True,False,True,True,515,-55.39744567871094,-53.9627799987793,0
Current events annoy these popular organizations.,Current events annoy this popular organizations.,morphology,determiner_noun_agreement,determiner_noun_agreement_with_adj_2,True,False,True,True,516,-56.075801849365234,-57.815853118896484,1
A lot of pies had distracted this exposed library.,A lot of pies had distracted these exposed library.,morphology,determiner_noun_agreement,determiner_noun_agreement_with_adj_2,True,False,True,True,517,-72.99192810058594,-72.53858947753906,0
Nancy hasn't revealed these out in the open dogs.,Nancy hasn't revealed this out in the open dogs.,morphology,determiner_noun_agreement,determiner_noun_agreement_with_adj_2,True,False,True,True,518,-67.34967041015625,-66.24488830566406,0
Many ladies hug this important girl.,Many ladies hug these important girl.,morphology,determiner_noun_agreement,determiner_noun_agreement_with_adj_2,True,False,True,True,519,-52.400142669677734,-55.22376251220703,1
Children research that out in the open grocery store.,Children research those out in the open grocery store.,morphology,determiner_noun_agreement,determiner_noun_agreement_with_adj_2,True,False,True,True,520,-61.405662536621094,-64.17333221435547,1
Matt hadn't revealed these popular reports.,Matt hadn't revealed this popular reports.,morphology,determiner_noun_agreement,determiner_noun_agreement_with_adj_2,True,False,True,True,521,-53.570945739746094,-52.8175163269043,0
Russell hasn't concealed these confident actresses.,Russell hasn't concealed this confident actresses.,morphology,determiner_noun_agreement,determiner_noun_agreement_with_adj_2,True,False,True,True,522,-61.05830383300781,-61.67396545410156,1
Scott would scan those rough reports.,Scott would scan that rough reports.,morphology,determiner_noun_agreement,determiner_noun_agreement_with_adj_2,True,False,True,True,523,-54.73047637939453,-54.782230377197266,1
Jacqueline hadn't hidden those hopeful doctors.,Jacqueline hadn't hidden that hopeful doctors.,morphology,determiner_noun_agreement,determiner_noun_agreement_with_adj_2,True,False,True,True,524,-69.11774444580078,-70.1499252319336,1
Kayla cures those employed girls.,Kayla cures that employed girls.,morphology,determiner_noun_agreement,determiner_noun_agreement_with_adj_2,True,False,True,True,525,-61.43414306640625,-63.10965347290039,1
Most patients disagree with this important commentary.,Most patients disagree with these important commentary.,morphology,determiner_noun_agreement,determiner_noun_agreement_with_adj_2,True,False,True,True,526,-52.54851531982422,-54.767372131347656,1
These waiters fix those blue chairs.,These waiters fix that blue chairs.,morphology,determiner_noun_agreement,determiner_noun_agreement_with_adj_2,True,False,True,True,527,-54.95366668701172,-57.50849151611328,1
Every association isn't selling that gray high school.,Every association isn't selling those gray high school.,morphology,determiner_noun_agreement,determiner_noun_agreement_with_adj_2,True,False,True,True,528,-67.1812744140625,-69.05384826660156,1
Ellen wasn't attacking that smart guy.,Ellen wasn't attacking those smart guy.,morphology,determiner_noun_agreement,determiner_noun_agreement_with_adj_2,True,False,True,True,529,-52.066490173339844,-54.143898010253906,1
Walter should take that gray art gallery.,Walter should take those gray art gallery.,morphology,determiner_noun_agreement,determiner_noun_agreement_with_adj_2,True,False,True,True,530,-61.88573455810547,-63.486515045166016,1
Some slope has annoyed these clever ladies.,Some slope has annoyed this clever ladies.,morphology,determiner_noun_agreement,determiner_noun_agreement_with_adj_2,True,False,True,True,531,-65.51093292236328,-65.66191864013672,1
Natalie might pass this green mall.,Natalie might pass these green mall.,morphology,determiner_noun_agreement,determiner_noun_agreement_with_adj_2,True,False,True,True,532,-53.27623748779297,-55.70421600341797,1
Men break those gray plates.,Men break that gray plates.,morphology,determiner_noun_agreement,determiner_noun_agreement_with_adj_2,True,False,True,True,533,-47.30134963989258,-48.5721549987793,1
The museums might praise those bad plays.,The museums might praise that bad plays.,morphology,determiner_noun_agreement,determiner_noun_agreement_with_adj_2,True,False,True,True,534,-62.35930633544922,-61.53889083862305,0
Patricia can't know those troubled drivers.,Patricia can't know that troubled drivers.,morphology,determiner_noun_agreement,determiner_noun_agreement_with_adj_2,True,False,True,True,535,-58.95032501220703,-57.47642135620117,0
Emily broke that exposed fork.,Emily broke those exposed fork.,morphology,determiner_noun_agreement,determiner_noun_agreement_with_adj_2,True,False,True,True,536,-50.64180374145508,-53.52239990234375,1
Jason passed that green bank.,Jason passed those green bank.,morphology,determiner_noun_agreement,determiner_noun_agreement_with_adj_2,True,False,True,True,537,-41.977210998535156,-44.916141510009766,1
Jill drove to that white art gallery.,Jill drove to those white art gallery.,morphology,determiner_noun_agreement,determiner_noun_agreement_with_adj_2,True,False,True,True,538,-57.778465270996094,-58.50602722167969,1
The blouse stuns this important library.,The blouse stuns these important library.,morphology,determiner_noun_agreement,determiner_noun_agreement_with_adj_2,True,False,True,True,539,-62.046573638916016,-64.97682189941406,1
The Borgias were examining that black newspaper article.,The Borgias were examining those black newspaper article.,morphology,determiner_noun_agreement,determiner_noun_agreement_with_adj_2,True,False,True,True,540,-72.20526123046875,-72.37127685546875,1
Erin talked about those white college campuses.,Erin talked about that white college campuses.,morphology,determiner_noun_agreement,determiner_noun_agreement_with_adj_2,True,False,True,True,541,-63.47148895263672,-61.403045654296875,0
That waiter exits these big schools.,That waiter exits this big schools.,morphology,determiner_noun_agreement,determiner_noun_agreement_with_adj_2,True,False,True,True,542,-58.189048767089844,-57.05905532836914,0
These people heal this lost cat.,These people heal these lost cat.,morphology,determiner_noun_agreement,determiner_noun_agreement_with_adj_2,True,False,True,True,543,-49.444000244140625,-50.85943603515625,1
Regina had lifted these green shoes.,Regina had lifted this green shoes.,morphology,determiner_noun_agreement,determiner_noun_agreement_with_adj_2,True,False,True,True,544,-47.813899993896484,-49.5376091003418,1
These women see these concealed libraries.,These women see this concealed libraries.,morphology,determiner_noun_agreement,determiner_noun_agreement_with_adj_2,True,False,True,True,545,-50.111717224121094,-50.82883834838867,1
Katherine had arrived at these dirty libraries.,Katherine had arrived at this dirty libraries.,morphology,determiner_noun_agreement,determiner_noun_agreement_with_adj_2,True,False,True,True,546,-58.287193298339844,-57.098358154296875,0
That nose disturbed this determined boy.,That nose disturbed these determined boy.,morphology,determiner_noun_agreement,determiner_noun_agreement_with_adj_2,True,False,True,True,547,-55.47295379638672,-58.93259811401367,1
Florence helped those good actresses.,Florence helped that good actresses.,morphology,determiner_noun_agreement,determiner_noun_agreement_with_adj_2,True,False,True,True,548,-50.7030029296875,-51.61052703857422,1
Those hospitals respect these smart waiters.,Those hospitals respect this smart waiters.,morphology,determiner_noun_agreement,determiner_noun_agreement_with_adj_2,True,False,True,True,549,-67.58964538574219,-67.50654602050781,0
That school upsets that bad patient.,That school upsets those bad patient.,morphology,determiner_noun_agreement,determiner_noun_agreement_with_adj_2,True,False,True,True,550,-55.265254974365234,-57.97911834716797,1
These actors drop by these bad public parks.,These actors drop by this bad public parks.,morphology,determiner_noun_agreement,determiner_noun_agreement_with_adj_2,True,False,True,True,551,-67.04856872558594,-67.23027038574219,1
Guys can kiss this clever boy.,Guys can kiss these clever boy.,morphology,determiner_noun_agreement,determiner_noun_agreement_with_adj_2,True,False,True,True,552,-41.767948150634766,-44.42051696777344,1
Carol won't clean that smooth rug.,Carol won't clean those smooth rug.,morphology,determiner_noun_agreement,determiner_noun_agreement_with_adj_2,True,False,True,True,553,-52.14945983886719,-55.46663284301758,1
A waitress explored those small cafes.,A waitress explored that small cafes.,morphology,determiner_noun_agreement,determiner_noun_agreement_with_adj_2,True,False,True,True,554,-56.0976448059082,-58.67228698730469,1
Monet dislikes those determined teenagers.,Monet dislikes that determined teenagers.,morphology,determiner_noun_agreement,determiner_noun_agreement_with_adj_2,True,False,True,True,555,-70.14604187011719,-69.99380493164062,0
Russell has hired those determined guys.,Russell has hired that determined guys.,morphology,determiner_noun_agreement,determiner_noun_agreement_with_adj_2,True,False,True,True,556,-57.39971923828125,-57.608917236328125,1
Many snakes weren't bothering these bad universities.,Many snakes weren't bothering this bad universities.,morphology,determiner_noun_agreement,determiner_noun_agreement_with_adj_2,True,False,True,True,557,-62.771812438964844,-62.699989318847656,0
Thomas isn't hugging those scared teenagers.,Thomas isn't hugging that scared teenagers.,morphology,determiner_noun_agreement,determiner_noun_agreement_with_adj_2,True,False,True,True,558,-56.027618408203125,-55.69850158691406,0
Dana discovered these concealed pictures.,Dana discovered this concealed pictures.,morphology,determiner_noun_agreement,determiner_noun_agreement_with_adj_2,True,False,True,True,559,-48.87262725830078,-48.2900390625,0
Sarah drops by this red art gallery.,Sarah drops by these red art gallery.,morphology,determiner_noun_agreement,determiner_noun_agreement_with_adj_2,True,False,True,True,560,-60.93437194824219,-62.523582458496094,1
Matt won't hurt this serious lady.,Matt won't hurt these serious lady.,morphology,determiner_noun_agreement,determiner_noun_agreement_with_adj_2,True,False,True,True,561,-45.419189453125,-49.07791519165039,1
All patients approach this standing waiter.,All patients approach these standing waiter.,morphology,determiner_noun_agreement,determiner_noun_agreement_with_adj_2,True,False,True,True,562,-59.55689239501953,-60.74481964111328,1
The women reveal these bad dresses.,The women reveal this bad dresses.,morphology,determiner_noun_agreement,determiner_noun_agreement_with_adj_2,True,False,True,True,563,-48.234153747558594,-49.12739944458008,1
Carrie remembered those ill drivers.,Carrie remembered that ill drivers.,morphology,determiner_noun_agreement,determiner_noun_agreement_with_adj_2,True,False,True,True,564,-53.10188293457031,-53.12603759765625,1
Vincent broke those lost cups.,Vincent broke that lost cups.,morphology,determiner_noun_agreement,determiner_noun_agreement_with_adj_2,True,False,True,True,565,-50.836631774902344,-49.698890686035156,0
Maria hasn't insulted this important commentary.,Maria hasn't insulted these important commentary.,morphology,determiner_noun_agreement,determiner_noun_agreement_with_adj_2,True,False,True,True,566,-53.102783203125,-54.918792724609375,1
Victoria drove to those blue grocery stores.,Victoria drove to that blue grocery stores.,morphology,determiner_noun_agreement,determiner_noun_agreement_with_adj_2,True,False,True,True,567,-55.73065948486328,-55.16879653930664,0
Denise fled from those small drivers.,Denise fled from that small drivers.,morphology,determiner_noun_agreement,determiner_noun_agreement_with_adj_2,True,False,True,True,568,-51.03062438964844,-51.29426574707031,1
These muffins haven't bored those standing guys.,These muffins haven't bored that standing guys.,morphology,determiner_noun_agreement,determiner_noun_agreement_with_adj_2,True,False,True,True,569,-69.11669158935547,-69.01602935791016,0
Many girls hadn't talked to that troubled patient.,Many girls hadn't talked to those troubled patient.,morphology,determiner_noun_agreement,determiner_noun_agreement_with_adj_2,True,False,True,True,570,-58.57183074951172,-60.559967041015625,1
A lot of bicycles didn't annoy this bad museum.,A lot of bicycles didn't annoy these bad museum.,morphology,determiner_noun_agreement,determiner_noun_agreement_with_adj_2,True,False,True,True,571,-62.941917419433594,-65.02005767822266,1
Amy had left these hard public parks.,Amy had left this hard public parks.,morphology,determiner_noun_agreement,determiner_noun_agreement_with_adj_2,True,False,True,True,572,-57.442108154296875,-57.59166717529297,1
Theodore helped this bad patient.,Theodore helped these bad patient.,morphology,determiner_noun_agreement,determiner_noun_agreement_with_adj_2,True,False,True,True,573,-46.026615142822266,-49.27964401245117,1
Donna doesn't boast about those lost reports.,Donna doesn't boast about that lost reports.,morphology,determiner_noun_agreement,determiner_noun_agreement_with_adj_2,True,False,True,True,574,-61.58683776855469,-60.707122802734375,0
Those teenagers break those cheap couches.,Those teenagers break that cheap couches.,morphology,determiner_noun_agreement,determiner_noun_agreement_with_adj_2,True,False,True,True,575,-60.33934020996094,-59.47475051879883,0
Alicia likes those orange coats.,Alicia likes that orange coats.,morphology,determiner_noun_agreement,determiner_noun_agreement_with_adj_2,True,False,True,True,576,-48.00516128540039,-48.461788177490234,1
Ruth shouldn't embarrass those out in the open cashiers.,Ruth shouldn't embarrass that out in the open cashiers.,morphology,determiner_noun_agreement,determiner_noun_agreement_with_adj_2,True,False,True,True,577,-76.57110595703125,-75.16499328613281,0
Many people kiss these displeased patients.,Many people kiss this displeased patients.,morphology,determiner_noun_agreement,determiner_noun_agreement_with_adj_2,True,False,True,True,578,-55.258140563964844,-54.621307373046875,0
Sally boasted about these ill cashiers.,Sally boasted about this ill cashiers.,morphology,determiner_noun_agreement,determiner_noun_agreement_with_adj_2,True,False,True,True,579,-66.70108032226562,-65.87788391113281,0
Many boys explore those cheap schools.,Many boys explore that cheap schools.,morphology,determiner_noun_agreement,determiner_noun_agreement_with_adj_2,True,False,True,True,580,-49.270050048828125,-50.829673767089844,1
Joel is cleaning those messy schools.,Joel is cleaning that messy schools.,morphology,determiner_noun_agreement,determiner_noun_agreement_with_adj_2,True,False,True,True,581,-55.294578552246094,-55.688472747802734,1
A lot of guests hadn't gone to these green grocery stores.,A lot of guests hadn't gone to this green grocery stores.,morphology,determiner_noun_agreement,determiner_noun_agreement_with_adj_2,True,False,True,True,582,-66.9739990234375,-66.00471496582031,0
Jason exits that purple college campus.,Jason exits those purple college campus.,morphology,determiner_noun_agreement,determiner_noun_agreement_with_adj_2,True,False,True,True,583,-63.8681755065918,-65.54426574707031,1
Nina visits this rough bank.,Nina visits these rough bank.,morphology,determiner_noun_agreement,determiner_noun_agreement_with_adj_2,True,False,True,True,584,-45.8174934387207,-48.011695861816406,1
That organization was buying that hard glove.,That organization was buying those hard glove.,morphology,determiner_noun_agreement,determiner_noun_agreement_with_adj_2,True,False,True,True,585,-57.552459716796875,-61.26024627685547,1
Lawrence isn't approaching those serious boys.,Lawrence isn't approaching that serious boys.,morphology,determiner_noun_agreement,determiner_noun_agreement_with_adj_2,True,False,True,True,586,-57.50584411621094,-55.99618148803711,0
These patients will research this important drawing.,These patients will research these important drawing.,morphology,determiner_noun_agreement,determiner_noun_agreement_with_adj_2,True,False,True,True,587,-58.78868103027344,-60.94078826904297,1
Mitchell might resemble these orange pictures.,Mitchell might resemble this orange pictures.,morphology,determiner_noun_agreement,determiner_noun_agreement_with_adj_2,True,False,True,True,588,-59.807003021240234,-60.420555114746094,1
The Great Lakes scare those young senators.,The Great Lakes scare that young senators.,morphology,determiner_noun_agreement,determiner_noun_agreement_with_adj_2,True,False,True,True,589,-55.57854461669922,-57.18696594238281,1
Kristen has those blue plates.,Kristen has that blue plates.,morphology,determiner_noun_agreement,determiner_noun_agreement_with_adj_2,True,False,True,True,590,-42.64524841308594,-44.57817840576172,1
Matt remembered that upset guest.,Matt remembered those upset guest.,morphology,determiner_noun_agreement,determiner_noun_agreement_with_adj_2,True,False,True,True,591,-46.32786560058594,-50.00917053222656,1
Bill noticed these concealed jackets.,Bill noticed this concealed jackets.,morphology,determiner_noun_agreement,determiner_noun_agreement_with_adj_2,True,False,True,True,592,-51.42063522338867,-51.772789001464844,1
Cynthia hasn't found this good drawing.,Cynthia hasn't found these good drawing.,morphology,determiner_noun_agreement,determiner_noun_agreement_with_adj_2,True,False,True,True,593,-59.15486145019531,-62.091835021972656,1
Claire could bike to this exposed high school.,Claire could bike to these exposed high school.,morphology,determiner_noun_agreement,determiner_noun_agreement_with_adj_2,True,False,True,True,594,-70.95865631103516,-72.66114807128906,1
These teenagers weren't revealing this black public park.,These teenagers weren't revealing these black public park.,morphology,determiner_noun_agreement,determiner_noun_agreement_with_adj_2,True,False,True,True,595,-71.94926452636719,-72.38540649414062,1
Most senators concealed those young guys.,Most senators concealed that young guys.,morphology,determiner_noun_agreement,determiner_noun_agreement_with_adj_2,True,False,True,True,596,-54.32215881347656,-56.3449592590332,1
Those teenagers kissed that unconvinced cashier.,Those teenagers kissed those unconvinced cashier.,morphology,determiner_noun_agreement,determiner_noun_agreement_with_adj_2,True,False,True,True,597,-80.71772003173828,-81.13484191894531,1
Daniel should talk to this delighted boy.,Daniel should talk to these delighted boy.,morphology,determiner_noun_agreement,determiner_noun_agreement_with_adj_2,True,False,True,True,598,-47.854217529296875,-51.27412414550781,1
The people cleaned that gray movie theater.,The people cleaned those gray movie theater.,morphology,determiner_noun_agreement,determiner_noun_agreement_with_adj_2,True,False,True,True,599,-57.062530517578125,-58.119815826416016,1
The adults approach those lost teenagers.,The adults approach that lost teenagers.,morphology,determiner_noun_agreement,determiner_noun_agreement_with_adj_2,True,False,True,True,600,-53.973167419433594,-51.470237731933594,0
Christine is dropping by these cheap grocery stores.,Christine is dropping by this cheap grocery stores.,morphology,determiner_noun_agreement,determiner_noun_agreement_with_adj_2,True,False,True,True,601,-62.395511627197266,-60.6636848449707,0
A student approaches that delighted lady.,A student approaches those delighted lady.,morphology,determiner_noun_agreement,determiner_noun_agreement_with_adj_2,True,False,True,True,602,-54.157535552978516,-56.705650329589844,1
The Clintons see those good guests.,The Clintons see that good guests.,morphology,determiner_noun_agreement,determiner_noun_agreement_with_adj_2,True,False,True,True,603,-56.77735900878906,-57.408939361572266,1
Most drawings look like those smart patients.,Most drawings look like that smart patients.,morphology,determiner_noun_agreement,determiner_noun_agreement_with_adj_2,True,False,True,True,604,-53.92314529418945,-54.637733459472656,1
Martin wasn't confusing that important committee.,Martin wasn't confusing those important committee.,morphology,determiner_noun_agreement,determiner_noun_agreement_with_adj_2,True,False,True,True,605,-52.09025573730469,-53.932403564453125,1
All trucks look like this big picture.,All trucks look like these big picture.,morphology,determiner_noun_agreement,determiner_noun_agreement_with_adj_2,True,False,True,True,606,-44.23603820800781,-47.07209014892578,1
All governments hire those exposed actors.,All governments hire that exposed actors.,morphology,determiner_noun_agreement,determiner_noun_agreement_with_adj_2,True,False,True,True,607,-62.04163360595703,-62.73428726196289,1
This hospital will reference those out in the open doctors.,This hospital will reference that out in the open doctors.,morphology,determiner_noun_agreement,determiner_noun_agreement_with_adj_2,True,False,True,True,608,-72.67138671875,-70.43582153320312,0
That rug stuns this good committee.,That rug stuns these good committee.,morphology,determiner_noun_agreement,determiner_noun_agreement_with_adj_2,True,False,True,True,609,-64.02507781982422,-65.44244384765625,1
Pamela could return to these orange grocery stores.,Pamela could return to this orange grocery stores.,morphology,determiner_noun_agreement,determiner_noun_agreement_with_adj_2,True,False,True,True,610,-70.72758483886719,-69.5269775390625,0
Tanya talked to those uncertain waiters.,Tanya talked to that uncertain waiters.,morphology,determiner_noun_agreement,determiner_noun_agreement_with_adj_2,True,False,True,True,611,-63.81528854370117,-61.67267608642578,0
Most drawings look like this green print.,Most drawings look like these green print.,morphology,determiner_noun_agreement,determiner_noun_agreement_with_adj_2,True,False,True,True,612,-47.77543258666992,-48.14292907714844,1
Some waitresses admire this concealed newspaper article.,Some waitresses admire these concealed newspaper article.,morphology,determiner_noun_agreement,determiner_noun_agreement_with_adj_2,True,False,True,True,613,-82.11962890625,-83.97019958496094,1
A lot of guys go to those concealed hospitals.,A lot of guys go to that concealed hospitals.,morphology,determiner_noun_agreement,determiner_noun_agreement_with_adj_2,True,False,True,True,614,-57.27123260498047,-54.90983581542969,0
This adult hadn't sold that soft jacket.,This adult hadn't sold those soft jacket.,morphology,determiner_noun_agreement,determiner_noun_agreement_with_adj_2,True,False,True,True,615,-60.15752410888672,-61.74082565307617,1
Some shoe confuses this yellow bank.,Some shoe confuses these yellow bank.,morphology,determiner_noun_agreement,determiner_noun_agreement_with_adj_2,True,False,True,True,616,-62.926856994628906,-62.990570068359375,1
These women drop by this orange school.,These women drop by these orange school.,morphology,determiner_noun_agreement,determiner_noun_agreement_with_adj_2,True,False,True,True,617,-56.71211242675781,-58.7209587097168,1
These patients approach these smart girls.,These patients approach this smart girls.,morphology,determiner_noun_agreement,determiner_noun_agreement_with_adj_2,True,False,True,True,618,-50.97047424316406,-52.659461975097656,1
That sketch hadn't looked like those out in the open malls.,That sketch hadn't looked like that out in the open malls.,morphology,determiner_noun_agreement,determiner_noun_agreement_with_adj_2,True,False,True,True,619,-76.31623840332031,-72.4499282836914,0
Alicia hadn't shocked these unemployed cashiers.,Alicia hadn't shocked this unemployed cashiers.,morphology,determiner_noun_agreement,determiner_noun_agreement_with_adj_2,True,False,True,True,620,-72.78169250488281,-74.78073120117188,1
The Impressionists drop by this gray mall.,The Impressionists drop by these gray mall.,morphology,determiner_noun_agreement,determiner_noun_agreement_with_adj_2,True,False,True,True,621,-67.00885009765625,-69.646728515625,1
Aaron loved that brown newspaper article.,Aaron loved those brown newspaper article.,morphology,determiner_noun_agreement,determiner_noun_agreement_with_adj_2,True,False,True,True,622,-58.603275299072266,-59.29357147216797,1
Jane examined this bad play.,Jane examined these bad play.,morphology,determiner_noun_agreement,determiner_noun_agreement_with_adj_2,True,False,True,True,623,-45.61133575439453,-47.991607666015625,1
All guys could bore this unemployed dancer.,All guys could bore these unemployed dancer.,morphology,determiner_noun_agreement,determiner_noun_agreement_with_adj_2,True,False,True,True,624,-64.38131713867188,-64.48985290527344,1
Gerald had attacked that employed driver.,Gerald had attacked those employed driver.,morphology,determiner_noun_agreement,determiner_noun_agreement_with_adj_2,True,False,True,True,625,-57.2337646484375,-56.7935791015625,0
The library should like this troubled cashier.,The library should like these troubled cashier.,morphology,determiner_noun_agreement,determiner_noun_agreement_with_adj_2,True,False,True,True,626,-58.815521240234375,-60.73536682128906,1
A lot of trucks bore those confident children.,A lot of trucks bore that confident children.,morphology,determiner_noun_agreement,determiner_noun_agreement_with_adj_2,True,False,True,True,627,-59.508697509765625,-60.963809967041016,1
Those photographs hurt those hopeful patients.,Those photographs hurt that hopeful patients.,morphology,determiner_noun_agreement,determiner_noun_agreement_with_adj_2,True,False,True,True,628,-57.3328857421875,-59.327789306640625,1
Janet appreciated that scared dancer.,Janet appreciated those scared dancer.,morphology,determiner_noun_agreement,determiner_noun_agreement_with_adj_2,True,False,True,True,629,-55.780067443847656,-57.675689697265625,1
Some teenager forgets those ill doctors.,Some teenager forgets that ill doctors.,morphology,determiner_noun_agreement,determiner_noun_agreement_with_adj_2,True,False,True,True,630,-59.677215576171875,-57.35657501220703,0
That patient escapes from those hidden cashiers.,That patient escapes from that hidden cashiers.,morphology,determiner_noun_agreement,determiner_noun_agreement_with_adj_2,True,False,True,True,631,-65.52702331542969,-65.9322280883789,1
A person isn't touring this green restaurant.,A person isn't touring these green restaurant.,morphology,determiner_noun_agreement,determiner_noun_agreement_with_adj_2,True,False,True,True,632,-53.464019775390625,-55.919921875,1
Liam doesn't remember that fast pedestrian.,Liam doesn't remember those fast pedestrian.,morphology,determiner_noun_agreement,determiner_noun_agreement_with_adj_2,True,False,True,True,633,-55.457542419433594,-59.70130157470703,1
Every adult broke that purple plate.,Every adult broke those purple plate.,morphology,determiner_noun_agreement,determiner_noun_agreement_with_adj_2,True,False,True,True,634,-50.77259826660156,-53.83872985839844,1
Ann thought about those good committees.,Ann thought about that good committees.,morphology,determiner_noun_agreement,determiner_noun_agreement_with_adj_2,True,False,True,True,635,-47.62205505371094,-48.07328796386719,1
Ruth will dislike these fast dancers.,Ruth will dislike this fast dancers.,morphology,determiner_noun_agreement,determiner_noun_agreement_with_adj_2,True,False,True,True,636,-59.78108215332031,-60.789371490478516,1
Samantha impressed this troubled customer.,Samantha impressed these troubled customer.,morphology,determiner_noun_agreement,determiner_noun_agreement_with_adj_2,True,False,True,True,637,-53.764835357666016,-57.71802520751953,1
Most doors annoyed that content customer.,Most doors annoyed those content customer.,morphology,determiner_noun_agreement,determiner_noun_agreement_with_adj_2,True,False,True,True,638,-63.93872833251953,-63.360816955566406,0
A lot of cashiers have messed up that rough bank.,A lot of cashiers have messed up those rough bank.,morphology,determiner_noun_agreement,determiner_noun_agreement_with_adj_2,True,False,True,True,639,-63.2751579284668,-65.4002914428711,1
Lisa alarmed those popular organizations.,Lisa alarmed that popular organizations.,morphology,determiner_noun_agreement,determiner_noun_agreement_with_adj_2,True,False,True,True,640,-54.87788391113281,-55.586727142333984,1
This student boasts about those important documentaries.,This student boasts about that important documentaries.,morphology,determiner_noun_agreement,determiner_noun_agreement_with_adj_2,True,False,True,True,641,-57.49182891845703,-58.17945098876953,1
Sarah wasn't passing those messy museums.,Sarah wasn't passing that messy museums.,morphology,determiner_noun_agreement,determiner_noun_agreement_with_adj_2,True,False,True,True,642,-56.744361877441406,-57.626991271972656,1
Sharon helps that young guy.,Sharon helps those young guy.,morphology,determiner_noun_agreement,determiner_noun_agreement_with_adj_2,True,False,True,True,643,-46.2059326171875,-49.88180923461914,1
Those teachers sound like these out in the open malls.,Those teachers sound like this out in the open malls.,morphology,determiner_noun_agreement,determiner_noun_agreement_with_adj_2,True,False,True,True,644,-69.00444030761719,-67.18124389648438,0
Amanda would admire these new dresses.,Amanda would admire this new dresses.,morphology,determiner_noun_agreement,determiner_noun_agreement_with_adj_2,True,False,True,True,645,-46.4973030090332,-46.893089294433594,1
Every waitress hadn't gone to that rough school.,Every waitress hadn't gone to those rough school.,morphology,determiner_noun_agreement,determiner_noun_agreement_with_adj_2,True,False,True,True,646,-52.397518157958984,-55.03123474121094,1
Many patients hire these concealed patients.,Many patients hire this concealed patients.,morphology,determiner_noun_agreement,determiner_noun_agreement_with_adj_2,True,False,True,True,647,-54.375579833984375,-53.72398376464844,0
Todd fired these ill senators.,Todd fired this ill senators.,morphology,determiner_noun_agreement,determiner_noun_agreement_with_adj_2,True,False,True,True,648,-54.410587310791016,-53.762229919433594,0
Many guests fix those whole cups.,Many guests fix that whole cups.,morphology,determiner_noun_agreement,determiner_noun_agreement_with_adj_2,True,False,True,True,649,-52.863014221191406,-54.272186279296875,1
Many senators run around those concealed movie theaters.,Many senators run around that concealed movie theaters.,morphology,determiner_noun_agreement,determiner_noun_agreement_with_adj_2,True,False,True,True,650,-72.45619201660156,-70.65792846679688,0
Alexander appreciates this exposed pamphlet.,Alexander appreciates these exposed pamphlet.,morphology,determiner_noun_agreement,determiner_noun_agreement_with_adj_2,True,False,True,True,651,-55.70795822143555,-54.86826705932617,0
Tamara wasn't visiting that popular art gallery.,Tamara wasn't visiting those popular art gallery.,morphology,determiner_noun_agreement,determiner_noun_agreement_with_adj_2,True,False,True,True,652,-64.99171447753906,-66.01738739013672,1
A guest will fix those out in the open plates.,A guest will fix that out in the open plates.,morphology,determiner_noun_agreement,determiner_noun_agreement_with_adj_2,True,False,True,True,653,-63.973609924316406,-62.988136291503906,0
Some guys explore those popular museums.,Some guys explore that popular museums.,morphology,determiner_noun_agreement,determiner_noun_agreement_with_adj_2,True,False,True,True,654,-50.094932556152344,-50.79136657714844,1
Some sweater stuns this out in the open teenager.,Some sweater stuns these out in the open teenager.,morphology,determiner_noun_agreement,determiner_noun_agreement_with_adj_2,True,False,True,True,655,-76.25700378417969,-79.3167953491211,1
A lot of adults describe these popular guests.,A lot of adults describe this popular guests.,morphology,determiner_noun_agreement,determiner_noun_agreement_with_adj_2,True,False,True,True,656,-54.727596282958984,-55.396427154541016,1
Governments can boast about those uncertain teachers.,Governments can boast about that uncertain teachers.,morphology,determiner_noun_agreement,determiner_noun_agreement_with_adj_2,True,False,True,True,657,-59.78725051879883,-59.01801300048828,0
Naomi has revealed those yellow hospitals.,Naomi has revealed that yellow hospitals.,morphology,determiner_noun_agreement,determiner_noun_agreement_with_adj_2,True,False,True,True,658,-55.91545104980469,-54.19063949584961,0
Jesus didn't exit these white schools.,Jesus didn't exit this white schools.,morphology,determiner_noun_agreement,determiner_noun_agreement_with_adj_2,True,False,True,True,659,-55.64133834838867,-55.52136993408203,0
Valerie hadn't arrived at these old museums.,Valerie hadn't arrived at this old museums.,morphology,determiner_noun_agreement,determiner_noun_agreement_with_adj_2,True,False,True,True,660,-62.507144927978516,-62.95682907104492,1
Holly wouldn't help those smart waiters.,Holly wouldn't help that smart waiters.,morphology,determiner_noun_agreement,determiner_noun_agreement_with_adj_2,True,False,True,True,661,-60.47562789916992,-60.29688262939453,0
All men escape from these uncertain actors.,All men escape from this uncertain actors.,morphology,determiner_noun_agreement,determiner_noun_agreement_with_adj_2,True,False,True,True,662,-54.72970962524414,-53.72345733642578,0
Some college campus hasn't scared these unemployed boys.,Some college campus hasn't scared this unemployed boys.,morphology,determiner_noun_agreement,determiner_noun_agreement_with_adj_2,True,False,True,True,663,-74.35140991210938,-76.37709045410156,1
The guy fires those lucky pedestrians.,The guy fires that lucky pedestrians.,morphology,determiner_noun_agreement,determiner_noun_agreement_with_adj_2,True,False,True,True,664,-55.74705505371094,-54.12839889526367,0
Wayne is concealing that lost blouse.,Wayne is concealing those lost blouse.,morphology,determiner_noun_agreement,determiner_noun_agreement_with_adj_2,True,False,True,True,665,-64.03410339355469,-67.36839294433594,1
Students listen to that happy patient.,Students listen to those happy patient.,morphology,determiner_noun_agreement,determiner_noun_agreement_with_adj_2,True,False,True,True,666,-46.747467041015625,-46.436790466308594,0
Eva will cure these bad dogs.,Eva will cure this bad dogs.,morphology,determiner_noun_agreement,determiner_noun_agreement_with_adj_2,True,False,True,True,667,-43.44135284423828,-43.794029235839844,1
Alicia didn't take those red eyes.,Alicia didn't take that red eyes.,morphology,determiner_noun_agreement,determiner_noun_agreement_with_adj_2,True,False,True,True,668,-49.43010330200195,-48.00215148925781,0
This vase had disgusted these standing customers.,This vase had disgusted this standing customers.,morphology,determiner_noun_agreement,determiner_noun_agreement_with_adj_2,True,False,True,True,669,-73.05635070800781,-72.2769775390625,0
Allison boycotts these good legislatures.,Allison boycotts this good legislatures.,morphology,determiner_noun_agreement,determiner_noun_agreement_with_adj_2,True,False,True,True,670,-58.90121841430664,-59.9575080871582,1
Jennifer can return to these important children.,Jennifer can return to this important children.,morphology,determiner_noun_agreement,determiner_noun_agreement_with_adj_2,True,False,True,True,671,-50.212642669677734,-49.349937438964844,0
Some bananas embarrass these important banks.,Some bananas embarrass this important banks.,morphology,determiner_noun_agreement,determiner_noun_agreement_with_adj_2,True,False,True,True,672,-59.044097900390625,-58.57136535644531,0
The waitress has that important hamster.,The waitress has those important hamster.,morphology,determiner_noun_agreement,determiner_noun_agreement_with_adj_2,True,False,True,True,673,-45.589054107666016,-47.443111419677734,1
Derek healed this hopeful student.,Derek healed these hopeful student.,morphology,determiner_noun_agreement,determiner_noun_agreement_with_adj_2,True,False,True,True,674,-52.58433532714844,-54.348426818847656,1
Sheila hires these troubled customers.,Sheila hires this troubled customers.,morphology,determiner_noun_agreement,determiner_noun_agreement_with_adj_2,True,False,True,True,675,-54.59600830078125,-53.943138122558594,0
Douglas escapes from those upset teenagers.,Douglas escapes from that upset teenagers.,morphology,determiner_noun_agreement,determiner_noun_agreement_with_adj_2,True,False,True,True,676,-56.49165344238281,-56.12186050415039,0
Donna returned to these small guests.,Donna returned to this small guests.,morphology,determiner_noun_agreement,determiner_noun_agreement_with_adj_2,True,False,True,True,677,-50.100738525390625,-49.7794189453125,0
Brian is investigating those bad adults.,Brian is investigating that bad adults.,morphology,determiner_noun_agreement,determiner_noun_agreement_with_adj_2,True,False,True,True,678,-43.04736328125,-43.711605072021484,1
Ellen could go to those popular schools.,Ellen could go to that popular schools.,morphology,determiner_noun_agreement,determiner_noun_agreement_with_adj_2,True,False,True,True,679,-52.21833038330078,-50.34921646118164,0
Men investigate those good museums.,Men investigate that good museums.,morphology,determiner_noun_agreement,determiner_noun_agreement_with_adj_2,True,False,True,True,680,-47.517677307128906,-50.44561767578125,1
Jacqueline talks to this lost waiter.,Jacqueline talks to these lost waiter.,morphology,determiner_noun_agreement,determiner_noun_agreement_with_adj_2,True,False,True,True,681,-63.29391098022461,-65.33740997314453,1
Samantha stunned this bad hospital.,Samantha stunned these bad hospital.,morphology,determiner_noun_agreement,determiner_noun_agreement_with_adj_2,True,False,True,True,682,-50.88066101074219,-55.7906608581543,1
Travel hasn't astounded these uncertain ladies.,Travel hasn't astounded this uncertain ladies.,morphology,determiner_noun_agreement,determiner_noun_agreement_with_adj_2,True,False,True,True,683,-65.08848571777344,-63.60045623779297,0
Kristin should conceal these sick teachers.,Kristin should conceal this sick teachers.,morphology,determiner_noun_agreement,determiner_noun_agreement_with_adj_2,True,False,True,True,684,-61.72645568847656,-62.6623420715332,1
Sally sounded like these dirty museums.,Sally sounded like this dirty museums.,morphology,determiner_noun_agreement,determiner_noun_agreement_with_adj_2,True,False,True,True,685,-51.47540283203125,-53.20735168457031,1
Rodney hasn't arrived at this good school.,Rodney hasn't arrived at these good school.,morphology,determiner_noun_agreement,determiner_noun_agreement_with_adj_2,True,False,True,True,686,-50.393959045410156,-52.2122802734375,1
George could examine those important newspaper articles.,George could examine that important newspaper articles.,morphology,determiner_noun_agreement,determiner_noun_agreement_with_adj_2,True,False,True,True,687,-60.57863235473633,-59.69056701660156,0
Many dancers disagree with these displeased dancers.,Many dancers disagree with this displeased dancers.,morphology,determiner_noun_agreement,determiner_noun_agreement_with_adj_2,True,False,True,True,688,-59.4334831237793,-58.67914962768555,0
Elaine has upset those scared students.,Elaine has upset that scared students.,morphology,determiner_noun_agreement,determiner_noun_agreement_with_adj_2,True,False,True,True,689,-61.01312255859375,-58.828643798828125,0
Elizabeth had discussed these good college campuses.,Elizabeth had discussed this good college campuses.,morphology,determiner_noun_agreement,determiner_noun_agreement_with_adj_2,True,False,True,True,690,-57.87625503540039,-57.16222381591797,0
The icicles alarm that good company.,The icicles alarm those good company.,morphology,determiner_noun_agreement,determiner_noun_agreement_with_adj_2,True,False,True,True,691,-57.018917083740234,-58.148963928222656,1
Most legislatures loved this unemployed teenager.,Most legislatures loved these unemployed teenager.,morphology,determiner_noun_agreement,determiner_noun_agreement_with_adj_2,True,False,True,True,692,-61.455596923828125,-61.12606430053711,0
Politics was shocking these scared teachers.,Politics was shocking this scared teachers.,morphology,determiner_noun_agreement,determiner_noun_agreement_with_adj_2,True,False,True,True,693,-61.675533294677734,-60.275245666503906,0
Todd should lift those out in the open shoes.,Todd should lift that out in the open shoes.,morphology,determiner_noun_agreement,determiner_noun_agreement_with_adj_2,True,False,True,True,694,-62.733978271484375,-60.705448150634766,0
Kevin has biked to that cheap bank.,Kevin has biked to those cheap bank.,morphology,determiner_noun_agreement,determiner_noun_agreement_with_adj_2,True,False,True,True,695,-60.03722381591797,-63.26299285888672,1
Nicole was scaring those employed drivers.,Nicole was scaring that employed drivers.,morphology,determiner_noun_agreement,determiner_noun_agreement_with_adj_2,True,False,True,True,696,-61.87287139892578,-60.7362060546875,0
Some mouth does stun that unlucky waiter.,Some mouth does stun those unlucky waiter.,morphology,determiner_noun_agreement,determiner_noun_agreement_with_adj_2,True,False,True,True,697,-70.8415756225586,-70.45996856689453,0
Samuel drops by this hidden school.,Samuel drops by these hidden school.,morphology,determiner_noun_agreement,determiner_noun_agreement_with_adj_2,True,False,True,True,698,-57.13933563232422,-60.067054748535156,1
Nancy has argued about this serious patient.,Nancy has argued about these serious patient.,morphology,determiner_noun_agreement,determiner_noun_agreement_with_adj_2,True,False,True,True,699,-49.389869689941406,-54.66255569458008,1
Chad boycotted these blue schools.,Chad boycotted this blue schools.,morphology,determiner_noun_agreement,determiner_noun_agreement_with_adj_2,True,False,True,True,700,-75.97808837890625,-77.87245178222656,1
A lot of teachers weren't helping these troubled waiters.,A lot of teachers weren't helping this troubled waiters.,morphology,determiner_noun_agreement,determiner_noun_agreement_with_adj_2,True,False,True,True,701,-75.16954040527344,-74.44873046875,0
The public parks haven't bothered these popular governments.,The public parks haven't bothered this popular governments.,morphology,determiner_noun_agreement,determiner_noun_agreement_with_adj_2,True,False,True,True,702,-65.71446228027344,-65.43448638916016,0
These dancers aren't embarrassing that sick senator.,These dancers aren't embarrassing those sick senator.,morphology,determiner_noun_agreement,determiner_noun_agreement_with_adj_2,True,False,True,True,703,-61.745704650878906,-65.126708984375,1
Those people think about those black hats.,Those people think about that black hats.,morphology,determiner_noun_agreement,determiner_noun_agreement_with_adj_2,True,False,True,True,704,-43.49359893798828,-43.084632873535156,0
Science had disturbed these standing guys.,Science had disturbed this standing guys.,morphology,determiner_noun_agreement,determiner_noun_agreement_with_adj_2,True,False,True,True,705,-57.379791259765625,-57.90480422973633,1
Elizabeth hadn't arrived at this popular cafe.,Elizabeth hadn't arrived at these popular cafe.,morphology,determiner_noun_agreement,determiner_noun_agreement_with_adj_2,True,False,True,True,706,-55.3226318359375,-57.992713928222656,1
Liam boycotted these important universities.,Liam boycotted this important universities.,morphology,determiner_noun_agreement,determiner_noun_agreement_with_adj_2,True,False,True,True,707,-76.67564392089844,-77.404541015625,1
Russell wasn't criticizing this young doctor.,Russell wasn't criticizing these young doctor.,morphology,determiner_noun_agreement,determiner_noun_agreement_with_adj_2,True,False,True,True,708,-51.149620056152344,-54.5786247253418,1
Those teachers heal that sick hamster.,Those teachers heal those sick hamster.,morphology,determiner_noun_agreement,determiner_noun_agreement_with_adj_2,True,False,True,True,709,-62.825775146484375,-62.06294250488281,0
Most waitresses revealed this yellow coat.,Most waitresses revealed these yellow coat.,morphology,determiner_noun_agreement,determiner_noun_agreement_with_adj_2,True,False,True,True,710,-66.21764373779297,-67.93013000488281,1
Omar can't attack these unconvinced teachers.,Omar can't attack this unconvinced teachers.,morphology,determiner_noun_agreement,determiner_noun_agreement_with_adj_2,True,False,True,True,711,-84.49099731445312,-83.51957702636719,0
Every guest fixes that purple glass.,Every guest fixes those purple glass.,morphology,determiner_noun_agreement,determiner_noun_agreement_with_adj_2,True,False,True,True,712,-55.616058349609375,-56.647422790527344,1
Richard should pass these dirty grocery stores.,Richard should pass this dirty grocery stores.,morphology,determiner_noun_agreement,determiner_noun_agreement_with_adj_2,True,False,True,True,713,-57.122074127197266,-57.504180908203125,1
Chad hasn't forgotten this troubled doctor.,Chad hasn't forgotten these troubled doctor.,morphology,determiner_noun_agreement,determiner_noun_agreement_with_adj_2,True,False,True,True,714,-54.2982292175293,-57.94951248168945,1
Those waiters watch those small girls.,Those waiters watch that small girls.,morphology,determiner_noun_agreement,determiner_noun_agreement_with_adj_2,True,False,True,True,715,-54.36133575439453,-56.735939025878906,1
Some fish haven't resembled this white drawing.,Some fish haven't resembled these white drawing.,morphology,determiner_noun_agreement,determiner_noun_agreement_with_adj_2,True,False,True,True,716,-58.1804313659668,-59.05080032348633,1
Marcus listens to these exposed teachers.,Marcus listens to this exposed teachers.,morphology,determiner_noun_agreement,determiner_noun_agreement_with_adj_2,True,False,True,True,717,-57.22527313232422,-57.6481819152832,1
The Lutherans could praise those nice boys.,The Lutherans could praise that nice boys.,morphology,determiner_noun_agreement,determiner_noun_agreement_with_adj_2,True,False,True,True,718,-63.30451202392578,-64.41915130615234,1
The woman visited that old high school.,The woman visited those old high school.,morphology,determiner_noun_agreement,determiner_noun_agreement_with_adj_2,True,False,True,True,719,-44.07927703857422,-44.21174621582031,1
Eva did heal that brown turtle.,Eva did heal those brown turtle.,morphology,determiner_noun_agreement,determiner_noun_agreement_with_adj_2,True,False,True,True,720,-54.478912353515625,-54.16815948486328,0
These people help these clever waitresses.,These people help this clever waitresses.,morphology,determiner_noun_agreement,determiner_noun_agreement_with_adj_2,True,False,True,True,721,-61.43416213989258,-60.79545974731445,0
Homer wasn't describing those hidden guests.,Homer wasn't describing that hidden guests.,morphology,determiner_noun_agreement,determiner_noun_agreement_with_adj_2,True,False,True,True,722,-58.05412673950195,-57.75398254394531,0
Many waiters buy those exposed prints.,Many waiters buy that exposed prints.,morphology,determiner_noun_agreement,determiner_noun_agreement_with_adj_2,True,False,True,True,723,-66.46484375,-67.56999969482422,1
Laurie hadn't returned to this serious driver.,Laurie hadn't returned to these serious driver.,morphology,determiner_noun_agreement,determiner_noun_agreement_with_adj_2,True,False,True,True,724,-56.641475677490234,-61.10475158691406,1
Sandra scanned these small reports.,Sandra scanned this small reports.,morphology,determiner_noun_agreement,determiner_noun_agreement_with_adj_2,True,False,True,True,725,-50.05731201171875,-50.97895050048828,1
A lot of guests appreciate that happy teenager.,A lot of guests appreciate those happy teenager.,morphology,determiner_noun_agreement,determiner_noun_agreement_with_adj_2,True,False,True,True,726,-54.662933349609375,-56.72730255126953,1
These teenagers drop by this white public park.,These teenagers drop by these white public park.,morphology,determiner_noun_agreement,determiner_noun_agreement_with_adj_2,True,False,True,True,727,-67.1644287109375,-68.20208740234375,1
Kirsten is discovering this long play.,Kirsten is discovering these long play.,morphology,determiner_noun_agreement,determiner_noun_agreement_with_adj_2,True,False,True,True,728,-55.840538024902344,-60.141963958740234,1
Stacy has criticized those dirty cafes.,Stacy has criticized that dirty cafes.,morphology,determiner_noun_agreement,determiner_noun_agreement_with_adj_2,True,False,True,True,729,-57.88330078125,-58.33927917480469,1
Kimberley breaks this blue cup.,Kimberley breaks these blue cup.,morphology,determiner_noun_agreement,determiner_noun_agreement_with_adj_2,True,False,True,True,730,-54.88710403442383,-58.102840423583984,1
Those waitresses hadn't visited these delighted dancers.,Those waitresses hadn't visited this delighted dancers.,morphology,determiner_noun_agreement,determiner_noun_agreement_with_adj_2,True,False,True,True,731,-78.48468780517578,-78.41801452636719,0
This cashier reveals this small restaurant.,This cashier reveals these small restaurant.,morphology,determiner_noun_agreement,determiner_noun_agreement_with_adj_2,True,False,True,True,732,-55.114017486572266,-58.482086181640625,1
The women attack these uncertain boys.,The women attack this uncertain boys.,morphology,determiner_noun_agreement,determiner_noun_agreement_with_adj_2,True,False,True,True,733,-50.599266052246094,-50.29127502441406,0
Doctors flee from those exposed banks.,Doctors flee from that exposed banks.,morphology,determiner_noun_agreement,determiner_noun_agreement_with_adj_2,True,False,True,True,734,-56.371238708496094,-56.99152374267578,1
The glacier confuses these popular legislatures.,The glacier confuses this popular legislatures.,morphology,determiner_noun_agreement,determiner_noun_agreement_with_adj_2,True,False,True,True,735,-68.91150665283203,-69.31103515625,1
Carrie saw that cheap shawl.,Carrie saw those cheap shawl.,morphology,determiner_noun_agreement,determiner_noun_agreement_with_adj_2,True,False,True,True,736,-53.53516387939453,-55.97193908691406,1
Maria hasn't loved those excited boys.,Maria hasn't loved that excited boys.,morphology,determiner_noun_agreement,determiner_noun_agreement_with_adj_2,True,False,True,True,737,-50.193843841552734,-49.824649810791016,0
Some women weren't talking to that unconvinced dancer.,Some women weren't talking to those unconvinced dancer.,morphology,determiner_noun_agreement,determiner_noun_agreement_with_adj_2,True,False,True,True,738,-76.31471252441406,-78.50408935546875,1
Janet isn't arriving at this purple restaurant.,Janet isn't arriving at these purple restaurant.,morphology,determiner_noun_agreement,determiner_noun_agreement_with_adj_2,True,False,True,True,739,-61.027565002441406,-64.1258544921875,1
Bruce had fired this troubled adult.,Bruce had fired these troubled adult.,morphology,determiner_noun_agreement,determiner_noun_agreement_with_adj_2,True,False,True,True,740,-52.154823303222656,-56.292884826660156,1
Rose hadn't scared this important government.,Rose hadn't scared these important government.,morphology,determiner_noun_agreement,determiner_noun_agreement_with_adj_2,True,False,True,True,741,-53.757591247558594,-55.319759368896484,1
Every association was insulting those out in the open brochures.,Every association was insulting that out in the open brochures.,morphology,determiner_noun_agreement,determiner_noun_agreement_with_adj_2,True,False,True,True,742,-80.18671417236328,-77.27413940429688,0
Jill doesn't drive to those orange movie theaters.,Jill doesn't drive to that orange movie theaters.,morphology,determiner_noun_agreement,determiner_noun_agreement_with_adj_2,True,False,True,True,743,-69.23240661621094,-66.18671417236328,0
Cucumbers hurt this exposed lady.,Cucumbers hurt these exposed lady.,morphology,determiner_noun_agreement,determiner_noun_agreement_with_adj_2,True,False,True,True,744,-66.2447738647461,-66.04776763916016,0
Stephen had messed up this bad glass.,Stephen had messed up these bad glass.,morphology,determiner_noun_agreement,determiner_noun_agreement_with_adj_2,True,False,True,True,745,-46.3650016784668,-49.23910903930664,1
Dawn was boring those young teachers.,Dawn was boring that young teachers.,morphology,determiner_noun_agreement,determiner_noun_agreement_with_adj_2,True,False,True,True,746,-55.92335510253906,-54.269508361816406,0
Sonia should tour these cheap restaurants.,Sonia should tour this cheap restaurants.,morphology,determiner_noun_agreement,determiner_noun_agreement_with_adj_2,True,False,True,True,747,-57.160606384277344,-57.74384307861328,1
Gina talks about those long plays.,Gina talks about that long plays.,morphology,determiner_noun_agreement,determiner_noun_agreement_with_adj_2,True,False,True,True,748,-47.63960647583008,-44.1702880859375,0
Adam researched this popular government.,Adam researched these popular government.,morphology,determiner_noun_agreement,determiner_noun_agreement_with_adj_2,True,False,True,True,749,-47.91815948486328,-49.13631057739258,1
Tina insults that smart senator.,Tina insults those smart senator.,morphology,determiner_noun_agreement,determiner_noun_agreement_with_adj_2,True,False,True,True,750,-57.75611114501953,-59.396873474121094,1
Steve didn't boast about those old teachers.,Steve didn't boast about that old teachers.,morphology,determiner_noun_agreement,determiner_noun_agreement_with_adj_2,True,False,True,True,751,-50.895225524902344,-49.46166229248047,0
Patrick was concealing this brown fork.,Patrick was concealing these brown fork.,morphology,determiner_noun_agreement,determiner_noun_agreement_with_adj_2,True,False,True,True,752,-58.48361587524414,-61.28160858154297,1
Marie couldn't clean this old jacket.,Marie couldn't clean these old jacket.,morphology,determiner_noun_agreement,determiner_noun_agreement_with_adj_2,True,False,True,True,753,-49.40824890136719,-51.12156295776367,1
Jesus had this gray bank.,Jesus had these gray bank.,morphology,determiner_noun_agreement,determiner_noun_agreement_with_adj_2,True,False,True,True,754,-40.752906799316406,-43.36305236816406,1
Daniel examines this good essay.,Daniel examines these good essay.,morphology,determiner_noun_agreement,determiner_noun_agreement_with_adj_2,True,False,True,True,755,-49.994422912597656,-51.382957458496094,1
Paula does break this yellow cup.,Paula does break these yellow cup.,morphology,determiner_noun_agreement,determiner_noun_agreement_with_adj_2,True,False,True,True,756,-51.60569763183594,-53.19813537597656,1
Homer boycotted that good university.,Homer boycotted those good university.,morphology,determiner_noun_agreement,determiner_noun_agreement_with_adj_2,True,False,True,True,757,-71.96932983398438,-71.67510223388672,0
Dana escaped from those hopeful waitresses.,Dana escaped from that hopeful waitresses.,morphology,determiner_noun_agreement,determiner_noun_agreement_with_adj_2,True,False,True,True,758,-70.92210388183594,-69.1014404296875,0
The children have complained about that long essay.,The children have complained about those long essay.,morphology,determiner_noun_agreement,determiner_noun_agreement_with_adj_2,True,False,True,True,759,-47.72051239013672,-52.48707580566406,1
Beverly can't help that lost waitress.,Beverly can't help those lost waitress.,morphology,determiner_noun_agreement,determiner_noun_agreement_with_adj_2,True,False,True,True,760,-58.7551155090332,-59.96309280395508,1
Elizabeth loves those important drivers.,Elizabeth loves that important drivers.,morphology,determiner_noun_agreement,determiner_noun_agreement_with_adj_2,True,False,True,True,761,-46.054786682128906,-47.74580764770508,1
Susan hadn't passed those out in the open libraries.,Susan hadn't passed that out in the open libraries.,morphology,determiner_noun_agreement,determiner_noun_agreement_with_adj_2,True,False,True,True,762,-65.41776275634766,-63.37113571166992,0
Patricia is breaking this gray chair.,Patricia is breaking these gray chair.,morphology,determiner_noun_agreement,determiner_noun_agreement_with_adj_2,True,False,True,True,763,-48.690101623535156,-52.6059455871582,1
Some men admire these concealed pamphlets.,Some men admire this concealed pamphlets.,morphology,determiner_noun_agreement,determiner_noun_agreement_with_adj_2,True,False,True,True,764,-57.20391082763672,-57.53413391113281,1
Tanya isn't wearing that popular hat.,Tanya isn't wearing those popular hat.,morphology,determiner_noun_agreement,determiner_noun_agreement_with_adj_2,True,False,True,True,765,-49.282440185546875,-52.42353057861328,1
Melanie cared for this smart waitress.,Melanie cared for these smart waitress.,morphology,determiner_noun_agreement,determiner_noun_agreement_with_adj_2,True,False,True,True,766,-52.94933319091797,-55.41752624511719,1
Many dancers hire that lucky adult.,Many dancers hire those lucky adult.,morphology,determiner_noun_agreement,determiner_noun_agreement_with_adj_2,True,False,True,True,767,-60.180885314941406,-61.79245376586914,1
Keith didn't disgust those bad universities.,Keith didn't disgust that bad universities.,morphology,determiner_noun_agreement,determiner_noun_agreement_with_adj_2,True,False,True,True,768,-57.28825378417969,-55.4598388671875,0
Angela cared for this determined student.,Angela cared for these determined student.,morphology,determiner_noun_agreement,determiner_noun_agreement_with_adj_2,True,False,True,True,769,-51.13489532470703,-54.773231506347656,1
Most waitresses aren't wearing that good sock.,Most waitresses aren't wearing those good sock.,morphology,determiner_noun_agreement,determiner_noun_agreement_with_adj_2,True,False,True,True,770,-69.88209533691406,-72.2101058959961,1
Those students bike to that out in the open movie theater.,Those students bike to those out in the open movie theater.,morphology,determiner_noun_agreement,determiner_noun_agreement_with_adj_2,True,False,True,True,771,-81.41429138183594,-82.42432403564453,1
Those women reveal that old student.,Those women reveal those old student.,morphology,determiner_noun_agreement,determiner_noun_agreement_with_adj_2,True,False,True,True,772,-47.06431579589844,-48.30765151977539,1
Some senator hadn't passed these white malls.,Some senator hadn't passed this white malls.,morphology,determiner_noun_agreement,determiner_noun_agreement_with_adj_2,True,False,True,True,773,-62.980674743652344,-62.11383819580078,0
Florence does skate around this red public park.,Florence does skate around these red public park.,morphology,determiner_noun_agreement,determiner_noun_agreement_with_adj_2,True,False,True,True,774,-74.9083480834961,-76.84980010986328,1
Steven hasn't loved these old drivers.,Steven hasn't loved this old drivers.,morphology,determiner_noun_agreement,determiner_noun_agreement_with_adj_2,True,False,True,True,775,-54.12001037597656,-54.83686065673828,1
All adults break this lost plate.,All adults break these lost plate.,morphology,determiner_noun_agreement,determiner_noun_agreement_with_adj_2,True,False,True,True,776,-53.47071838378906,-54.37784194946289,1
Carrie wasn't insulting these content senators.,Carrie wasn't insulting this content senators.,morphology,determiner_noun_agreement,determiner_noun_agreement_with_adj_2,True,False,True,True,777,-68.76327514648438,-68.04896545410156,0
Sheila sees that brown photograph.,Sheila sees those brown photograph.,morphology,determiner_noun_agreement,determiner_noun_agreement_with_adj_2,True,False,True,True,778,-44.24424743652344,-47.70746612548828,1
Every person wasn't researching these red books.,Every person wasn't researching this red books.,morphology,determiner_noun_agreement,determiner_noun_agreement_with_adj_2,True,False,True,True,779,-59.99601745605469,-60.35466766357422,1
Lissa cured those uncertain adults.,Lissa cured that uncertain adults.,morphology,determiner_noun_agreement,determiner_noun_agreement_with_adj_2,True,False,True,True,780,-58.1058464050293,-59.70709991455078,1
Sheila can examine those concealed newspaper articles.,Sheila can examine that concealed newspaper articles.,morphology,determiner_noun_agreement,determiner_noun_agreement_with_adj_2,True,False,True,True,781,-68.55529022216797,-68.4656982421875,0
Gerald was visiting these fast waitresses.,Gerald was visiting this fast waitresses.,morphology,determiner_noun_agreement,determiner_noun_agreement_with_adj_2,True,False,True,True,782,-62.003517150878906,-59.40348815917969,0
Ruth has fled from these dirty restaurants.,Ruth has fled from this dirty restaurants.,morphology,determiner_noun_agreement,determiner_noun_agreement_with_adj_2,True,False,True,True,783,-55.168914794921875,-55.55958557128906,1
Many companies haven't concealed this brown brochure.,Many companies haven't concealed these brown brochure.,morphology,determiner_noun_agreement,determiner_noun_agreement_with_adj_2,True,False,True,True,784,-65.60762023925781,-66.3505630493164,1
A sketch couldn't look like this unsure dancer.,A sketch couldn't look like these unsure dancer.,morphology,determiner_noun_agreement,determiner_noun_agreement_with_adj_2,True,False,True,True,785,-68.69258880615234,-69.81211853027344,1
Larry didn't bike to these cheap banks.,Larry didn't bike to this cheap banks.,morphology,determiner_noun_agreement,determiner_noun_agreement_with_adj_2,True,False,True,True,786,-64.32736206054688,-64.10639953613281,0
Most organizations dislike those delighted girls.,Most organizations dislike that delighted girls.,morphology,determiner_noun_agreement,determiner_noun_agreement_with_adj_2,True,False,True,True,787,-52.271873474121094,-53.09410095214844,1
Sheila had noticed this bad legislature.,Sheila had noticed these bad legislature.,morphology,determiner_noun_agreement,determiner_noun_agreement_with_adj_2,True,False,True,True,788,-50.585350036621094,-53.44010925292969,1
Carmen isn't concealing this good turtle.,Carmen isn't concealing these good turtle.,morphology,determiner_noun_agreement,determiner_noun_agreement_with_adj_2,True,False,True,True,789,-69.06053161621094,-69.18318939208984,1
Bradley has walked through those rough libraries.,Bradley has walked through that rough libraries.,morphology,determiner_noun_agreement,determiner_noun_agreement_with_adj_2,True,False,True,True,790,-56.3742561340332,-56.487342834472656,1
Many doctors pass those hard college campuses.,Many doctors pass that hard college campuses.,morphology,determiner_noun_agreement,determiner_noun_agreement_with_adj_2,True,False,True,True,791,-60.9771728515625,-60.846187591552734,0
Frank isn't listening to these scared adults.,Frank isn't listening to this scared adults.,morphology,determiner_noun_agreement,determiner_noun_agreement_with_adj_2,True,False,True,True,792,-53.443172454833984,-53.364898681640625,0
Leslie doesn't talk about this out in the open book.,Leslie doesn't talk about these out in the open book.,morphology,determiner_noun_agreement,determiner_noun_agreement_with_adj_2,True,False,True,True,793,-58.7366828918457,-62.61516571044922,1
An essay was disagreeing with this sick guest.,An essay was disagreeing with these sick guest.,morphology,determiner_noun_agreement,determiner_noun_agreement_with_adj_2,True,False,True,True,794,-60.208518981933594,-63.217559814453125,1
The governments remember these popular museums.,The governments remember this popular museums.,morphology,determiner_noun_agreement,determiner_noun_agreement_with_adj_2,True,False,True,True,795,-51.04778289794922,-50.545936584472656,0
Many libraries work with that clever actor.,Many libraries work with those clever actor.,morphology,determiner_noun_agreement,determiner_noun_agreement_with_adj_2,True,False,True,True,796,-56.04265213012695,-56.21669387817383,1
Companies disgust this lucky lady.,Companies disgust these lucky lady.,morphology,determiner_noun_agreement,determiner_noun_agreement_with_adj_2,True,False,True,True,797,-52.53398513793945,-52.96989059448242,1
Cynthia wouldn't drop by those yellow banks.,Cynthia wouldn't drop by that yellow banks.,morphology,determiner_noun_agreement,determiner_noun_agreement_with_adj_2,True,False,True,True,798,-70.42183685302734,-70.66169738769531,1
William had cured this displeased patient.,William had cured these displeased patient.,morphology,determiner_noun_agreement,determiner_noun_agreement_with_adj_2,True,False,True,True,799,-51.679908752441406,-55.37653350830078,1
Sherry had insulted that gray mall.,Sherry had insulted those gray mall.,morphology,determiner_noun_agreement,determiner_noun_agreement_with_adj_2,True,False,True,True,800,-55.688690185546875,-58.003807067871094,1
Boys are driving to that clean art gallery.,Boys are driving to those clean art gallery.,morphology,determiner_noun_agreement,determiner_noun_agreement_with_adj_2,True,False,True,True,801,-62.6250114440918,-63.971614837646484,1
Patricia boasted about that determined adult.,Patricia boasted about those determined adult.,morphology,determiner_noun_agreement,determiner_noun_agreement_with_adj_2,True,False,True,True,802,-60.91581726074219,-63.68800354003906,1
Every teenager approached that concealed dancer.,Every teenager approached those concealed dancer.,morphology,determiner_noun_agreement,determiner_noun_agreement_with_adj_2,True,False,True,True,803,-61.01219940185547,-62.48461151123047,1
Christopher was healing that important lady.,Christopher was healing those important lady.,morphology,determiner_noun_agreement,determiner_noun_agreement_with_adj_2,True,False,True,True,804,-51.04816436767578,-55.81357955932617,1
Sandra scanned that important essay.,Sandra scanned those important essay.,morphology,determiner_noun_agreement,determiner_noun_agreement_with_adj_2,True,False,True,True,805,-53.85481262207031,-54.351402282714844,1
Most reports haven't sounded like those lucky waiters.,Most reports haven't sounded like that lucky waiters.,morphology,determiner_noun_agreement,determiner_noun_agreement_with_adj_2,True,False,True,True,806,-68.78352355957031,-68.47531127929688,0
Edward lifts these broken plates.,Edward lifts this broken plates.,morphology,determiner_noun_agreement,determiner_noun_agreement_with_adj_2,True,False,True,True,807,-48.53269577026367,-48.954463958740234,1
The Clintons distract that red hospital.,The Clintons distract those red hospital.,morphology,determiner_noun_agreement,determiner_noun_agreement_with_adj_2,True,False,True,True,808,-65.1902084350586,-65.80899047851562,1
Some tomato worries those small teachers.,Some tomato worries that small teachers.,morphology,determiner_noun_agreement,determiner_noun_agreement_with_adj_2,True,False,True,True,809,-56.348976135253906,-56.48869705200195,1
Sara noticed these white hospitals.,Sara noticed this white hospitals.,morphology,determiner_noun_agreement,determiner_noun_agreement_with_adj_2,True,False,True,True,810,-46.89643478393555,-47.69806671142578,1
Melanie was looking like this green print.,Melanie was looking like these green print.,morphology,determiner_noun_agreement,determiner_noun_agreement_with_adj_2,True,False,True,True,811,-51.16645431518555,-53.49408721923828,1
Some student is praising these popular movies.,Some student is praising this popular movies.,morphology,determiner_noun_agreement,determiner_noun_agreement_with_adj_2,True,False,True,True,812,-51.951942443847656,-52.25470733642578,1
Judy would scare that standing pedestrian.,Judy would scare those standing pedestrian.,morphology,determiner_noun_agreement,determiner_noun_agreement_with_adj_2,True,False,True,True,813,-58.6295051574707,-59.030757904052734,1
Customers leave those hidden waitresses.,Customers leave that hidden waitresses.,morphology,determiner_noun_agreement,determiner_noun_agreement_with_adj_2,True,False,True,True,814,-59.836395263671875,-60.19738006591797,1
Elizabeth dropped by this concealed bank.,Elizabeth dropped by these concealed bank.,morphology,determiner_noun_agreement,determiner_noun_agreement_with_adj_2,True,False,True,True,815,-54.08830261230469,-55.9257698059082,1
Sheila couldn't love this fast driver.,Sheila couldn't love these fast driver.,morphology,determiner_noun_agreement,determiner_noun_agreement_with_adj_2,True,False,True,True,816,-54.80194854736328,-57.553924560546875,1
Irene had those bad turtles.,Irene had that bad turtles.,morphology,determiner_noun_agreement,determiner_noun_agreement_with_adj_2,True,False,True,True,817,-45.69240188598633,-43.36368942260742,0
Timothy hadn't described this popular restaurant.,Timothy hadn't described these popular restaurant.,morphology,determiner_noun_agreement,determiner_noun_agreement_with_adj_2,True,False,True,True,818,-53.76134490966797,-56.20811080932617,1
Omar questioned those fast teachers.,Omar questioned that fast teachers.,morphology,determiner_noun_agreement,determiner_noun_agreement_with_adj_2,True,False,True,True,819,-60.04374694824219,-60.227378845214844,1
A dog scared those old girls.,A dog scared that old girls.,morphology,determiner_noun_agreement,determiner_noun_agreement_with_adj_2,True,False,True,True,820,-42.811031341552734,-45.19329833984375,1
Many senators scan these black newspaper articles.,Many senators scan this black newspaper articles.,morphology,determiner_noun_agreement,determiner_noun_agreement_with_adj_2,True,False,True,True,821,-68.19985961914062,-69.03750610351562,1
Ellen has hired that small teenager.,Ellen has hired those small teenager.,morphology,determiner_noun_agreement,determiner_noun_agreement_with_adj_2,True,False,True,True,822,-51.777034759521484,-55.041595458984375,1
Cheryl reveals these orange brochures.,Cheryl reveals this orange brochures.,morphology,determiner_noun_agreement,determiner_noun_agreement_with_adj_2,True,False,True,True,823,-68.12481689453125,-66.56920623779297,0
Katherine might attack these unemployed waitresses.,Katherine might attack this unemployed waitresses.,morphology,determiner_noun_agreement,determiner_noun_agreement_with_adj_2,True,False,True,True,824,-69.48180389404297,-69.69267272949219,1
Every icicle could embarrass these good universities.,Every icicle could embarrass this good universities.,morphology,determiner_noun_agreement,determiner_noun_agreement_with_adj_2,True,False,True,True,825,-67.67021179199219,-69.11060333251953,1
This girl cures that content actor.,This girl cures those content actor.,morphology,determiner_noun_agreement,determiner_noun_agreement_with_adj_2,True,False,True,True,826,-57.53221893310547,-57.67852783203125,1
Grace hasn't noticed those purple snakes.,Grace hasn't noticed that purple snakes.,morphology,determiner_noun_agreement,determiner_noun_agreement_with_adj_2,True,False,True,True,827,-52.08339309692383,-51.164730072021484,0
Janice is listening to this confident student.,Janice is listening to these confident student.,morphology,determiner_noun_agreement,determiner_noun_agreement_with_adj_2,True,False,True,True,828,-52.118751525878906,-55.38722229003906,1
Mary lifts these popular scarves.,Mary lifts this popular scarves.,morphology,determiner_noun_agreement,determiner_noun_agreement_with_adj_2,True,False,True,True,829,-58.367942810058594,-59.00098419189453,1
These people might talk about those serious waitresses.,These people might talk about that serious waitresses.,morphology,determiner_noun_agreement,determiner_noun_agreement_with_adj_2,True,False,True,True,830,-61.506591796875,-59.2906494140625,0
Dennis is hiding those hopeful guys.,Dennis is hiding that hopeful guys.,morphology,determiner_noun_agreement,determiner_noun_agreement_with_adj_2,True,False,True,True,831,-49.59150695800781,-49.85268020629883,1
The ice cream resembles that important print.,The ice cream resembles those important print.,morphology,determiner_noun_agreement,determiner_noun_agreement_with_adj_2,True,False,True,True,832,-50.04594421386719,-51.94189453125,1
Rachelle doesn't break that hard chair.,Rachelle doesn't break those hard chair.,morphology,determiner_noun_agreement,determiner_noun_agreement_with_adj_2,True,False,True,True,833,-57.1486930847168,-61.20538330078125,1
Amy did dislike that cheap mall.,Amy did dislike those cheap mall.,morphology,determiner_noun_agreement,determiner_noun_agreement_with_adj_2,True,False,True,True,834,-54.06363296508789,-54.80083465576172,1
Many rabbits have embarrassed these uncertain senators.,Many rabbits have embarrassed this uncertain senators.,morphology,determiner_noun_agreement,determiner_noun_agreement_with_adj_2,True,False,True,True,835,-67.8101806640625,-67.11688232421875,0
Most ladies appreciate that popular story.,Most ladies appreciate those popular story.,morphology,determiner_noun_agreement,determiner_noun_agreement_with_adj_2,True,False,True,True,836,-47.66438293457031,-51.01710510253906,1
Melinda can appreciate that unsure guy.,Melinda can appreciate those unsure guy.,morphology,determiner_noun_agreement,determiner_noun_agreement_with_adj_2,True,False,True,True,837,-58.89374542236328,-61.82197570800781,1
David had cleaned those rough hamsters.,David had cleaned that rough hamsters.,morphology,determiner_noun_agreement,determiner_noun_agreement_with_adj_2,True,False,True,True,838,-53.75141906738281,-52.96980285644531,0
Melissa would know those unsure children.,Melissa would know that unsure children.,morphology,determiner_noun_agreement,determiner_noun_agreement_with_adj_2,True,False,True,True,839,-54.38203430175781,-51.425445556640625,0
These ladies hire this serious boy.,These ladies hire these serious boy.,morphology,determiner_noun_agreement,determiner_noun_agreement_with_adj_2,True,False,True,True,840,-49.65234375,-52.65993118286133,1
This bread astounded these concealed customers.,This bread astounded this concealed customers.,morphology,determiner_noun_agreement,determiner_noun_agreement_with_adj_2,True,False,True,True,841,-64.27574157714844,-63.7528076171875,0
The man should insult these sick students.,The man should insult this sick students.,morphology,determiner_noun_agreement,determiner_noun_agreement_with_adj_2,True,False,True,True,842,-52.73921203613281,-53.17643356323242,1
This actor might examine this important documentary.,This actor might examine these important documentary.,morphology,determiner_noun_agreement,determiner_noun_agreement_with_adj_2,True,False,True,True,843,-55.748775482177734,-59.21210861206055,1
Katherine had explored these green restaurants.,Katherine had explored this green restaurants.,morphology,determiner_noun_agreement,determiner_noun_agreement_with_adj_2,True,False,True,True,844,-50.67445373535156,-52.03416061401367,1
These women leave these smooth public parks.,These women leave this smooth public parks.,morphology,determiner_noun_agreement,determiner_noun_agreement_with_adj_2,True,False,True,True,845,-62.336082458496094,-60.75334548950195,0
Margaret didn't find these purple plates.,Margaret didn't find this purple plates.,morphology,determiner_noun_agreement,determiner_noun_agreement_with_adj_2,True,False,True,True,846,-48.66520690917969,-49.61716842651367,1
That nose aggravates these exposed teachers.,That nose aggravates this exposed teachers.,morphology,determiner_noun_agreement,determiner_noun_agreement_with_adj_2,True,False,True,True,847,-63.64137268066406,-65.01628112792969,1
Gregory talked to that popular senator.,Gregory talked to those popular senator.,morphology,determiner_noun_agreement,determiner_noun_agreement_with_adj_2,True,False,True,True,848,-53.17577362060547,-56.37268829345703,1
Melissa attacks these delighted adults.,Melissa attacks this delighted adults.,morphology,determiner_noun_agreement,determiner_noun_agreement_with_adj_2,True,False,True,True,849,-54.980098724365234,-54.160865783691406,0
Some muffin aggravates that good government.,Some muffin aggravates those good government.,morphology,determiner_noun_agreement,determiner_noun_agreement_with_adj_2,True,False,True,True,850,-65.08751678466797,-65.91053771972656,1
That spotlight distracts those good universities.,That spotlight distracts that good universities.,morphology,determiner_noun_agreement,determiner_noun_agreement_with_adj_2,True,False,True,True,851,-65.00114440917969,-64.72505187988281,0
The Borgias conceal those hidden dishes.,The Borgias conceal that hidden dishes.,morphology,determiner_noun_agreement,determiner_noun_agreement_with_adj_2,True,False,True,True,852,-61.631961822509766,-62.512413024902344,1
Some drawings look like this out in the open rug.,Some drawings look like these out in the open rug.,morphology,determiner_noun_agreement,determiner_noun_agreement_with_adj_2,True,False,True,True,853,-53.60611343383789,-56.57447052001953,1
This museum bothers this fast senator.,This museum bothers these fast senator.,morphology,determiner_noun_agreement,determiner_noun_agreement_with_adj_2,True,False,True,True,854,-55.81864547729492,-60.137657165527344,1
All girls wouldn't like these red books.,All girls wouldn't like this red books.,morphology,determiner_noun_agreement,determiner_noun_agreement_with_adj_2,True,False,True,True,855,-48.344703674316406,-47.96709442138672,0
Elizabeth attacked these popular guests.,Elizabeth attacked this popular guests.,morphology,determiner_noun_agreement,determiner_noun_agreement_with_adj_2,True,False,True,True,856,-46.94380187988281,-47.636077880859375,1
Galileo hasn't fixed those hard forks.,Galileo hasn't fixed that hard forks.,morphology,determiner_noun_agreement,determiner_noun_agreement_with_adj_2,True,False,True,True,857,-65.68331146240234,-66.62987518310547,1
Julie leaves that smooth grocery store.,Julie leaves those smooth grocery store.,morphology,determiner_noun_agreement,determiner_noun_agreement_with_adj_2,True,False,True,True,858,-53.05640411376953,-54.000274658203125,1
A lady has helped these nice girls.,A lady has helped this nice girls.,morphology,determiner_noun_agreement,determiner_noun_agreement_with_adj_2,True,False,True,True,859,-45.91697692871094,-45.863521575927734,0
The customers walk through these important museums.,The customers walk through this important museums.,morphology,determiner_noun_agreement,determiner_noun_agreement_with_adj_2,True,False,True,True,860,-53.04807662963867,-52.975704193115234,0
These waitresses forget this clever teacher.,These waitresses forget these clever teacher.,morphology,determiner_noun_agreement,determiner_noun_agreement_with_adj_2,True,False,True,True,861,-62.909767150878906,-63.77153015136719,1
A horse would irritate these hopeful actresses.,A horse would irritate this hopeful actresses.,morphology,determiner_noun_agreement,determiner_noun_agreement_with_adj_2,True,False,True,True,862,-64.40145874023438,-64.01678466796875,0
Alan bikes to those messy high schools.,Alan bikes to that messy high schools.,morphology,determiner_noun_agreement,determiner_noun_agreement_with_adj_2,True,False,True,True,863,-64.40381622314453,-64.74844360351562,1
Most doctors escape from those important malls.,Most doctors escape from that important malls.,morphology,determiner_noun_agreement,determiner_noun_agreement_with_adj_2,True,False,True,True,864,-56.196800231933594,-57.803321838378906,1
Christina was scanning this lost report.,Christina was scanning these lost report.,morphology,determiner_noun_agreement,determiner_noun_agreement_with_adj_2,True,False,True,True,865,-51.511009216308594,-54.307373046875,1
Bill didn't look like those yellow paintings.,Bill didn't look like that yellow paintings.,morphology,determiner_noun_agreement,determiner_noun_agreement_with_adj_2,True,False,True,True,866,-42.623443603515625,-43.35686492919922,1
Ella lifts these gray birds.,Ella lifts this gray birds.,morphology,determiner_noun_agreement,determiner_noun_agreement_with_adj_2,True,False,True,True,867,-48.52934265136719,-50.260955810546875,1
Those actors boycott those new libraries.,Those actors boycott that new libraries.,morphology,determiner_noun_agreement,determiner_noun_agreement_with_adj_2,True,False,True,True,868,-55.77495574951172,-57.60796356201172,1
These guys hadn't passed those popular schools.,These guys hadn't passed that popular schools.,morphology,determiner_noun_agreement,determiner_noun_agreement_with_adj_2,True,False,True,True,869,-53.10210418701172,-52.213897705078125,0
Wendy does know these good customers.,Wendy does know this good customers.,morphology,determiner_noun_agreement,determiner_noun_agreement_with_adj_2,True,False,True,True,870,-51.15577697753906,-52.97380065917969,1
Some icicle astounds that bad university.,Some icicle astounds those bad university.,morphology,determiner_noun_agreement,determiner_noun_agreement_with_adj_2,True,False,True,True,871,-73.08623504638672,-76.26460266113281,1
The lady had concealed this exposed mall.,The lady had concealed these exposed mall.,morphology,determiner_noun_agreement,determiner_noun_agreement_with_adj_2,True,False,True,True,872,-57.77317810058594,-58.12923049926758,1
Jerry leaves these determined waiters.,Jerry leaves this determined waiters.,morphology,determiner_noun_agreement,determiner_noun_agreement_with_adj_2,True,False,True,True,873,-61.85027313232422,-60.6875,0
Many teachers buy these rough hats.,Many teachers buy this rough hats.,morphology,determiner_noun_agreement,determiner_noun_agreement_with_adj_2,True,False,True,True,874,-49.777870178222656,-51.48060607910156,1
Alexander messes up this gray movie theater.,Alexander messes up these gray movie theater.,morphology,determiner_noun_agreement,determiner_noun_agreement_with_adj_2,True,False,True,True,875,-67.36061096191406,-69.5418701171875,1
The Borgias bike to these concealed cafes.,The Borgias bike to this concealed cafes.,morphology,determiner_noun_agreement,determiner_noun_agreement_with_adj_2,True,False,True,True,876,-79.78900146484375,-77.44822692871094,0
This organization had hated those scared customers.,This organization had hated that scared customers.,morphology,determiner_noun_agreement,determiner_noun_agreement_with_adj_2,True,False,True,True,877,-60.052284240722656,-57.71976852416992,0
Some companies insult these concealed books.,Some companies insult this concealed books.,morphology,determiner_noun_agreement,determiner_noun_agreement_with_adj_2,True,False,True,True,878,-59.40123748779297,-59.47388458251953,1
Margaret hasn't irritated those important legislatures.,Margaret hasn't irritated that important legislatures.,morphology,determiner_noun_agreement,determiner_noun_agreement_with_adj_2,True,False,True,True,879,-61.403160095214844,-60.66017150878906,0
Every library dislikes that happy actor.,Every library dislikes those happy actor.,morphology,determiner_noun_agreement,determiner_noun_agreement_with_adj_2,True,False,True,True,880,-68.77308654785156,-70.56668090820312,1
Suzanne had scanned these white brochures.,Suzanne had scanned this white brochures.,morphology,determiner_noun_agreement,determiner_noun_agreement_with_adj_2,True,False,True,True,881,-59.95509338378906,-60.67024612426758,1
Peter hadn't forgotten those troubled teenagers.,Peter hadn't forgotten that troubled teenagers.,morphology,determiner_noun_agreement,determiner_noun_agreement_with_adj_2,True,False,True,True,882,-54.01238250732422,-52.92326354980469,0
Anne won't drive to this small museum.,Anne won't drive to these small museum.,morphology,determiner_noun_agreement,determiner_noun_agreement_with_adj_2,True,False,True,True,883,-52.4525032043457,-55.45779037475586,1
Sweaters bore those upset waiters.,Sweaters bore that upset waiters.,morphology,determiner_noun_agreement,determiner_noun_agreement_with_adj_2,True,False,True,True,884,-68.58531188964844,-68.23605346679688,0
Larry shouldn't confuse that important company.,Larry shouldn't confuse those important company.,morphology,determiner_noun_agreement,determiner_noun_agreement_with_adj_2,True,False,True,True,885,-52.11420440673828,-52.75550079345703,1
Cashiers will disturb this delighted boy.,Cashiers will disturb these delighted boy.,morphology,determiner_noun_agreement,determiner_noun_agreement_with_adj_2,True,False,True,True,886,-59.575408935546875,-61.496421813964844,1
Samuel hadn't biked to those cheap art galleries.,Samuel hadn't biked to that cheap art galleries.,morphology,determiner_noun_agreement,determiner_noun_agreement_with_adj_2,True,False,True,True,887,-76.39729309082031,-76.81334686279297,1
Those dancers admire those concealed photographs.,Those dancers admire that concealed photographs.,morphology,determiner_noun_agreement,determiner_noun_agreement_with_adj_2,True,False,True,True,888,-59.076316833496094,-58.44702911376953,0
Some adults run around that black high school.,Some adults run around those black high school.,morphology,determiner_noun_agreement,determiner_noun_agreement_with_adj_2,True,False,True,True,889,-54.49310302734375,-56.08584976196289,1
Mark cared for those clever ladies.,Mark cared for that clever ladies.,morphology,determiner_noun_agreement,determiner_noun_agreement_with_adj_2,True,False,True,True,890,-47.2696533203125,-47.9289436340332,1
Jill discovered this concealed hat.,Jill discovered these concealed hat.,morphology,determiner_noun_agreement,determiner_noun_agreement_with_adj_2,True,False,True,True,891,-47.023277282714844,-49.821537017822266,1
A blouse irritates those out in the open pedestrians.,A blouse irritates that out in the open pedestrians.,morphology,determiner_noun_agreement,determiner_noun_agreement_with_adj_2,True,False,True,True,892,-75.51336669921875,-72.69156646728516,0
Those waitresses discuss these good public parks.,Those waitresses discuss this good public parks.,morphology,determiner_noun_agreement,determiner_noun_agreement_with_adj_2,True,False,True,True,893,-73.17977905273438,-73.74021911621094,1
Stephen skated around these hidden high schools.,Stephen skated around this hidden high schools.,morphology,determiner_noun_agreement,determiner_noun_agreement_with_adj_2,True,False,True,True,894,-70.65679931640625,-68.61270904541016,0
Deborah wasn't discovering this employed dancer.,Deborah wasn't discovering these employed dancer.,morphology,determiner_noun_agreement,determiner_noun_agreement_with_adj_2,True,False,True,True,895,-68.904052734375,-72.10964965820312,1
Emily cleans this small glass.,Emily cleans these small glass.,morphology,determiner_noun_agreement,determiner_noun_agreement_with_adj_2,True,False,True,True,896,-42.97085952758789,-45.238243103027344,1
A screen worries that fast waiter.,A screen worries those fast waiter.,morphology,determiner_noun_agreement,determiner_noun_agreement_with_adj_2,True,False,True,True,897,-57.20176696777344,-60.90725326538086,1
Those cars annoyed these exposed libraries.,Those cars annoyed this exposed libraries.,morphology,determiner_noun_agreement,determiner_noun_agreement_with_adj_2,True,False,True,True,898,-63.118919372558594,-65.2484130859375,1
Teenagers escape from those yellow libraries.,Teenagers escape from that yellow libraries.,morphology,determiner_noun_agreement,determiner_noun_agreement_with_adj_2,True,False,True,True,899,-61.16342544555664,-61.12283706665039,0
Some patient was hiring those hidden senators.,Some patient was hiring that hidden senators.,morphology,determiner_noun_agreement,determiner_noun_agreement_with_adj_2,True,False,True,True,900,-66.79169464111328,-65.37381744384766,0
Kirsten visited these yellow grocery stores.,Kirsten visited this yellow grocery stores.,morphology,determiner_noun_agreement,determiner_noun_agreement_with_adj_2,True,False,True,True,901,-60.186363220214844,-60.41686248779297,1
Michael brought this orange coat.,Michael brought these orange coat.,morphology,determiner_noun_agreement,determiner_noun_agreement_with_adj_2,True,False,True,True,902,-40.64619827270508,-43.31694793701172,1
Most adults hurts that popular teenager.,Most adults hurts those popular teenager.,morphology,determiner_noun_agreement,determiner_noun_agreement_with_adj_2,True,False,True,True,903,-55.91682434082031,-58.26996612548828,1
Steps aggravated those determined adults.,Steps aggravated that determined adults.,morphology,determiner_noun_agreement,determiner_noun_agreement_with_adj_2,True,False,True,True,904,-60.4810676574707,-60.910064697265625,1
The sweater bothered this important association.,The sweater bothered these important association.,morphology,determiner_noun_agreement,determiner_noun_agreement_with_adj_2,True,False,True,True,905,-60.86343002319336,-61.892127990722656,1
A lot of customers embarrasses those unsure senators.,A lot of customers embarrasses that unsure senators.,morphology,determiner_noun_agreement,determiner_noun_agreement_with_adj_2,True,False,True,True,906,-73.45054626464844,-70.9636459350586,0
A closet impresses that delighted waiter.,A closet impresses those delighted waiter.,morphology,determiner_noun_agreement,determiner_noun_agreement_with_adj_2,True,False,True,True,907,-64.65803527832031,-67.15043640136719,1
The Clintons flee from that uncertain student.,The Clintons flee from those uncertain student.,morphology,determiner_noun_agreement,determiner_noun_agreement_with_adj_2,True,False,True,True,908,-69.87725830078125,-71.53547668457031,1
Galileo had described those smooth books.,Galileo had described that smooth books.,morphology,determiner_noun_agreement,determiner_noun_agreement_with_adj_2,True,False,True,True,909,-70.15172576904297,-70.26590728759766,1
The hamsters shock those bad committees.,The hamsters shock that bad committees.,morphology,determiner_noun_agreement,determiner_noun_agreement_with_adj_2,True,False,True,True,910,-62.188453674316406,-62.75752639770508,1
All guys astound that standing girl.,All guys astound those standing girl.,morphology,determiner_noun_agreement,determiner_noun_agreement_with_adj_2,True,False,True,True,911,-61.159542083740234,-62.248680114746094,1
Deanna wasn't worrying this important waiter.,Deanna wasn't worrying these important waiter.,morphology,determiner_noun_agreement,determiner_noun_agreement_with_adj_2,True,False,True,True,912,-63.42633056640625,-66.83047485351562,1
All senators praise that determined dancer.,All senators praise those determined dancer.,morphology,determiner_noun_agreement,determiner_noun_agreement_with_adj_2,True,False,True,True,913,-65.25531005859375,-64.17758178710938,0
Laura is investigating these determined students.,Laura is investigating this determined students.,morphology,determiner_noun_agreement,determiner_noun_agreement_with_adj_2,True,False,True,True,914,-54.446266174316406,-53.54141616821289,0
Students escape from these hidden banks.,Students escape from this hidden banks.,morphology,determiner_noun_agreement,determiner_noun_agreement_with_adj_2,True,False,True,True,915,-49.34840393066406,-49.05628967285156,0
This sketch distracted that good organization.,This sketch distracted those good organization.,morphology,determiner_noun_agreement,determiner_noun_agreement_with_adj_2,True,False,True,True,916,-57.12417221069336,-55.934234619140625,0
Kristen disagrees with this good doctor.,Kristen disagrees with these good doctor.,morphology,determiner_noun_agreement,determiner_noun_agreement_with_adj_2,True,False,True,True,917,-49.67024612426758,-52.406959533691406,1
Emily doesn't research this small college campus.,Emily doesn't research these small college campus.,morphology,determiner_noun_agreement,determiner_noun_agreement_with_adj_2,True,False,True,True,918,-59.90947723388672,-62.64288330078125,1
Diane wasn't cleaning that out in the open plate.,Diane wasn't cleaning those out in the open plate.,morphology,determiner_noun_agreement,determiner_noun_agreement_with_adj_2,True,False,True,True,919,-58.84459686279297,-61.684478759765625,1
Danielle boasts about those smart children.,Danielle boasts about that smart children.,morphology,determiner_noun_agreement,determiner_noun_agreement_with_adj_2,True,False,True,True,920,-59.86888122558594,-58.9091796875,0
That rug isn't worrying these bad organizations.,That rug isn't worrying this bad organizations.,morphology,determiner_noun_agreement,determiner_noun_agreement_with_adj_2,True,False,True,True,921,-63.054046630859375,-62.92768096923828,0
Many senators didn't visit that rough hospital.,Many senators didn't visit those rough hospital.,morphology,determiner_noun_agreement,determiner_noun_agreement_with_adj_2,True,False,True,True,922,-58.522430419921875,-60.69439697265625,1
Donald isn't attacking these excited waitresses.,Donald isn't attacking this excited waitresses.,morphology,determiner_noun_agreement,determiner_noun_agreement_with_adj_2,True,False,True,True,923,-67.87860870361328,-67.08903503417969,0
Many apples will aggravate those big hospitals.,Many apples will aggravate that big hospitals.,morphology,determiner_noun_agreement,determiner_noun_agreement_with_adj_2,True,False,True,True,924,-61.12046432495117,-62.814208984375,1
Most girls have bothered these ill senators.,Most girls have bothered this ill senators.,morphology,determiner_noun_agreement,determiner_noun_agreement_with_adj_2,True,False,True,True,925,-57.391517639160156,-57.602935791015625,1
Sherry messed up that bad museum.,Sherry messed up those bad museum.,morphology,determiner_noun_agreement,determiner_noun_agreement_with_adj_2,True,False,True,True,926,-49.51007080078125,-52.29177474975586,1
Rhonda criticizes those serious adults.,Rhonda criticizes that serious adults.,morphology,determiner_noun_agreement,determiner_noun_agreement_with_adj_2,True,False,True,True,927,-65.78031921386719,-66.1077651977539,1
Vanessa isn't boasting about those unlucky actresses.,Vanessa isn't boasting about that unlucky actresses.,morphology,determiner_noun_agreement,determiner_noun_agreement_with_adj_2,True,False,True,True,928,-66.08816528320312,-64.74422454833984,0
Rebecca sounds like these uncertain students.,Rebecca sounds like this uncertain students.,morphology,determiner_noun_agreement,determiner_noun_agreement_with_adj_2,True,False,True,True,929,-56.033809661865234,-54.72291564941406,0
Samantha is lifting that hard painting.,Samantha is lifting those hard painting.,morphology,determiner_noun_agreement,determiner_noun_agreement_with_adj_2,True,False,True,True,930,-52.691810607910156,-55.19636154174805,1
These guys wore this white glove.,These guys wore these white glove.,morphology,determiner_noun_agreement,determiner_noun_agreement_with_adj_2,True,False,True,True,931,-41.60757827758789,-43.81002426147461,1
Deborah criticizes this bad cafe.,Deborah criticizes these bad cafe.,morphology,determiner_noun_agreement,determiner_noun_agreement_with_adj_2,True,False,True,True,932,-59.550559997558594,-61.981727600097656,1
Jerry noticed these black forks.,Jerry noticed this black forks.,morphology,determiner_noun_agreement,determiner_noun_agreement_with_adj_2,True,False,True,True,933,-45.70695495605469,-47.1980094909668,1
Carolyn has upset this popular waitress.,Carolyn has upset these popular waitress.,morphology,determiner_noun_agreement,determiner_noun_agreement_with_adj_2,True,False,True,True,934,-52.65386962890625,-55.763153076171875,1
Stephanie lifted those black rugs.,Stephanie lifted that black rugs.,morphology,determiner_noun_agreement,determiner_noun_agreement_with_adj_2,True,False,True,True,935,-55.782012939453125,-54.69176483154297,0
Allison had scanned that long documentary.,Allison had scanned those long documentary.,morphology,determiner_noun_agreement,determiner_noun_agreement_with_adj_2,True,False,True,True,936,-54.8049201965332,-57.879371643066406,1
The senator saw this brown turtle.,The senator saw these brown turtle.,morphology,determiner_noun_agreement,determiner_noun_agreement_with_adj_2,True,False,True,True,937,-48.00508499145508,-50.24530792236328,1
Eva finds those broken forks.,Eva finds that broken forks.,morphology,determiner_noun_agreement,determiner_noun_agreement_with_adj_2,True,False,True,True,938,-46.90304946899414,-46.693092346191406,0
Michael can't care for those hidden children.,Michael can't care for that hidden children.,morphology,determiner_noun_agreement,determiner_noun_agreement_with_adj_2,True,False,True,True,939,-52.77049255371094,-51.093040466308594,0
Bruce had passed those green college campuses.,Bruce had passed that green college campuses.,morphology,determiner_noun_agreement,determiner_noun_agreement_with_adj_2,True,False,True,True,940,-63.001686096191406,-60.4296760559082,0
Lawrence hadn't disturbed this old boy.,Lawrence hadn't disturbed these old boy.,morphology,determiner_noun_agreement,determiner_noun_agreement_with_adj_2,True,False,True,True,941,-48.35234832763672,-50.97551727294922,1
The apple aggravates this hidden library.,The apple aggravates these hidden library.,morphology,determiner_noun_agreement,determiner_noun_agreement_with_adj_2,True,False,True,True,942,-58.33642578125,-59.61018371582031,1
Omar should lift this bad report.,Omar should lift these bad report.,morphology,determiner_noun_agreement,determiner_noun_agreement_with_adj_2,True,False,True,True,943,-60.935611724853516,-62.78803253173828,1
The Borgias hadn't hidden these smooth eyes.,The Borgias hadn't hidden this smooth eyes.,morphology,determiner_noun_agreement,determiner_noun_agreement_with_adj_2,True,False,True,True,944,-66.74125671386719,-66.33590698242188,0
Nicole explores that bad art gallery.,Nicole explores those bad art gallery.,morphology,determiner_noun_agreement,determiner_noun_agreement_with_adj_2,True,False,True,True,945,-56.09123992919922,-56.845977783203125,1
A lot of cashiers are complaining about this good documentary.,A lot of cashiers are complaining about these good documentary.,morphology,determiner_noun_agreement,determiner_noun_agreement_with_adj_2,True,False,True,True,946,-64.32471466064453,-67.0977783203125,1
Ronald might flee from that small school.,Ronald might flee from those small school.,morphology,determiner_noun_agreement,determiner_noun_agreement_with_adj_2,True,False,True,True,947,-58.526588439941406,-61.2888069152832,1
This organization is impressing that unsure actress.,This organization is impressing those unsure actress.,morphology,determiner_noun_agreement,determiner_noun_agreement_with_adj_2,True,False,True,True,948,-66.5358657836914,-68.26533508300781,1
Anna should sell those purple hospitals.,Anna should sell that purple hospitals.,morphology,determiner_noun_agreement,determiner_noun_agreement_with_adj_2,True,False,True,True,949,-53.131500244140625,-53.36219787597656,1
Theresa had loved that out in the open patient.,Theresa had loved those out in the open patient.,morphology,determiner_noun_agreement,determiner_noun_agreement_with_adj_2,True,False,True,True,950,-63.958438873291016,-66.16401672363281,1
Lucille hadn't listened to those clever actresses.,Lucille hadn't listened to that clever actresses.,morphology,determiner_noun_agreement,determiner_noun_agreement_with_adj_2,True,False,True,True,951,-65.00003814697266,-65.41317749023438,1
Timothy runs around those out in the open public parks.,Timothy runs around that out in the open public parks.,morphology,determiner_noun_agreement,determiner_noun_agreement_with_adj_2,True,False,True,True,952,-74.44940185546875,-72.73006439208984,0
Barbara could research this hidden picture.,Barbara could research these hidden picture.,morphology,determiner_noun_agreement,determiner_noun_agreement_with_adj_2,True,False,True,True,953,-60.453712463378906,-64.42924499511719,1
Mary hadn't revealed this black shirt.,Mary hadn't revealed these black shirt.,morphology,determiner_noun_agreement,determiner_noun_agreement_with_adj_2,True,False,True,True,954,-50.21150207519531,-51.90564727783203,1
Erin has worried these exposed customers.,Erin has worried this exposed customers.,morphology,determiner_noun_agreement,determiner_noun_agreement_with_adj_2,True,False,True,True,955,-65.74740600585938,-66.70869445800781,1
Many students kiss this happy doctor.,Many students kiss these happy doctor.,morphology,determiner_noun_agreement,determiner_noun_agreement_with_adj_2,True,False,True,True,956,-51.25617599487305,-52.469112396240234,1
Most students clean this exposed cat.,Most students clean these exposed cat.,morphology,determiner_noun_agreement,determiner_noun_agreement_with_adj_2,True,False,True,True,957,-59.89795684814453,-60.637454986572266,1
All committees help this hidden driver.,All committees help these hidden driver.,morphology,determiner_noun_agreement,determiner_noun_agreement_with_adj_2,True,False,True,True,958,-59.01448059082031,-60.0220947265625,1
These newspaper articles can't worry those hopeful ladies.,These newspaper articles can't worry that hopeful ladies.,morphology,determiner_noun_agreement,determiner_noun_agreement_with_adj_2,True,False,True,True,959,-72.10572814941406,-72.12562561035156,1
These children boast about that exposed boy.,These children boast about those exposed boy.,morphology,determiner_noun_agreement,determiner_noun_agreement_with_adj_2,True,False,True,True,960,-57.216285705566406,-58.74456787109375,1
Lissa hadn't disgusted these sick senators.,Lissa hadn't disgusted this sick senators.,morphology,determiner_noun_agreement,determiner_noun_agreement_with_adj_2,True,False,True,True,961,-66.90572357177734,-66.41018676757812,0
Carl was talking about those red cafes.,Carl was talking about that red cafes.,morphology,determiner_noun_agreement,determiner_noun_agreement_with_adj_2,True,False,True,True,962,-50.83540344238281,-49.58668518066406,0
The art gallery shocks those important governments.,The art gallery shocks that important governments.,morphology,determiner_noun_agreement,determiner_noun_agreement_with_adj_2,True,False,True,True,963,-61.07135772705078,-59.328025817871094,0
Grace isn't returning to those hidden boys.,Grace isn't returning to that hidden boys.,morphology,determiner_noun_agreement,determiner_noun_agreement_with_adj_2,True,False,True,True,964,-57.449981689453125,-57.588348388671875,1
Janice left these young waiters.,Janice left this young waiters.,morphology,determiner_noun_agreement,determiner_noun_agreement_with_adj_2,True,False,True,True,965,-57.724098205566406,-57.220420837402344,0
All actors talk to these standing waiters.,All actors talk to this standing waiters.,morphology,determiner_noun_agreement,determiner_noun_agreement_with_adj_2,True,False,True,True,966,-65.90751647949219,-64.69061279296875,0
Kirsten isn't fixing this messy plate.,Kirsten isn't fixing these messy plate.,morphology,determiner_noun_agreement,determiner_noun_agreement_with_adj_2,True,False,True,True,967,-59.966400146484375,-62.04649353027344,1
Maria wasn't escaping from those unconvinced guests.,Maria wasn't escaping from that unconvinced guests.,morphology,determiner_noun_agreement,determiner_noun_agreement_with_adj_2,True,False,True,True,968,-77.60572814941406,-74.61014556884766,0
A lot of girls visit these gray cafes.,A lot of girls visit this gray cafes.,morphology,determiner_noun_agreement,determiner_noun_agreement_with_adj_2,True,False,True,True,969,-56.668739318847656,-56.65018844604492,0
Vanessa biked to these red high schools.,Vanessa biked to this red high schools.,morphology,determiner_noun_agreement,determiner_noun_agreement_with_adj_2,True,False,True,True,970,-70.09854125976562,-69.59490966796875,0
Some universities disturb this sick actor.,Some universities disturb these sick actor.,morphology,determiner_noun_agreement,determiner_noun_agreement_with_adj_2,True,False,True,True,971,-60.31307601928711,-61.11278533935547,1
Anna can observe these popular pedestrians.,Anna can observe this popular pedestrians.,morphology,determiner_noun_agreement,determiner_noun_agreement_with_adj_2,True,False,True,True,972,-56.92321014404297,-56.654624938964844,0
All drivers should love these ill cashiers.,All drivers should love this ill cashiers.,morphology,determiner_noun_agreement,determiner_noun_agreement_with_adj_2,True,False,True,True,973,-69.39419555664062,-69.90632629394531,1
Kenneth has known this young doctor.,Kenneth has known these young doctor.,morphology,determiner_noun_agreement,determiner_noun_agreement_with_adj_2,True,False,True,True,974,-47.3800163269043,-51.62211227416992,1
Some teenagers fire these delighted girls.,Some teenagers fire this delighted girls.,morphology,determiner_noun_agreement,determiner_noun_agreement_with_adj_2,True,False,True,True,975,-57.692405700683594,-58.100616455078125,1
Monica had loved those displeased waitresses.,Monica had loved that displeased waitresses.,morphology,determiner_noun_agreement,determiner_noun_agreement_with_adj_2,True,False,True,True,976,-73.60847473144531,-69.87637329101562,0
Those companies annoy those delighted waiters.,Those companies annoy that delighted waiters.,morphology,determiner_noun_agreement,determiner_noun_agreement_with_adj_2,True,False,True,True,977,-70.86038970947266,-69.65557861328125,0
Julia was returning to these good actors.,Julia was returning to this good actors.,morphology,determiner_noun_agreement,determiner_noun_agreement_with_adj_2,True,False,True,True,978,-50.78388214111328,-50.836639404296875,1
Wendy would boast about those delighted actresses.,Wendy would boast about that delighted actresses.,morphology,determiner_noun_agreement,determiner_noun_agreement_with_adj_2,True,False,True,True,979,-63.79512023925781,-63.74134063720703,0
Nicole is cleaning those green couches.,Nicole is cleaning that green couches.,morphology,determiner_noun_agreement,determiner_noun_agreement_with_adj_2,True,False,True,True,980,-53.351219177246094,-52.214019775390625,0
The Clintons toured that red high school.,The Clintons toured those red high school.,morphology,determiner_noun_agreement,determiner_noun_agreement_with_adj_2,True,False,True,True,981,-64.31327819824219,-66.17124938964844,1
The waitresses have these hard movie theaters.,The waitresses have this hard movie theaters.,morphology,determiner_noun_agreement,determiner_noun_agreement_with_adj_2,True,False,True,True,982,-66.58008575439453,-66.21000671386719,0
Those actors return to these bad art galleries.,Those actors return to this bad art galleries.,morphology,determiner_noun_agreement,determiner_noun_agreement_with_adj_2,True,False,True,True,983,-61.17538070678711,-60.457759857177734,0
All drawings look like these small skirts.,All drawings look like this small skirts.,morphology,determiner_noun_agreement,determiner_noun_agreement_with_adj_2,True,False,True,True,984,-52.056907653808594,-52.756263732910156,1
The Impressionists visit this rough bank.,The Impressionists visit these rough bank.,morphology,determiner_noun_agreement,determiner_noun_agreement_with_adj_2,True,False,True,True,985,-57.40396499633789,-59.092063903808594,1
Those waitresses weren't cleaning those bad grocery stores.,Those waitresses weren't cleaning that bad grocery stores.,morphology,determiner_noun_agreement,determiner_noun_agreement_with_adj_2,True,False,True,True,986,-75.905029296875,-74.93798065185547,0
Lissa alarmed these nice adults.,Lissa alarmed this nice adults.,morphology,determiner_noun_agreement,determiner_noun_agreement_with_adj_2,True,False,True,True,987,-58.505592346191406,-60.16316604614258,1
The Lutherans sell those white paintings.,The Lutherans sell that white paintings.,morphology,determiner_noun_agreement,determiner_noun_agreement_with_adj_2,True,False,True,True,988,-59.782615661621094,-60.310726165771484,1
Organizations described this small movie theater.,Organizations described these small movie theater.,morphology,determiner_noun_agreement,determiner_noun_agreement_with_adj_2,True,False,True,True,989,-60.1527214050293,-61.08034896850586,1
Some teenagers talk about these smart girls.,Some teenagers talk about this smart girls.,morphology,determiner_noun_agreement,determiner_noun_agreement_with_adj_2,True,False,True,True,990,-47.043373107910156,-47.602115631103516,1
Heidi didn't kiss that nice teenager.,Heidi didn't kiss those nice teenager.,morphology,determiner_noun_agreement,determiner_noun_agreement_with_adj_2,True,False,True,True,991,-51.83543395996094,-53.865570068359375,1
A school insults those good art galleries.,A school insults that good art galleries.,morphology,determiner_noun_agreement,determiner_noun_agreement_with_adj_2,True,False,True,True,992,-61.13300704956055,-63.34195327758789,1
Sandra boasts about this excited teacher.,Sandra boasts about these excited teacher.,morphology,determiner_noun_agreement,determiner_noun_agreement_with_adj_2,True,False,True,True,993,-57.73737716674805,-60.54799270629883,1
Michelle can't argue about those sick children.,Michelle can't argue about that sick children.,morphology,determiner_noun_agreement,determiner_noun_agreement_with_adj_2,True,False,True,True,994,-47.50648880004883,-45.628639221191406,0
Robert isn't disturbing these cheap hospitals.,Robert isn't disturbing this cheap hospitals.,morphology,determiner_noun_agreement,determiner_noun_agreement_with_adj_2,True,False,True,True,995,-51.923553466796875,-51.910667419433594,0
Martha didn't take that red movie theater.,Martha didn't take those red movie theater.,morphology,determiner_noun_agreement,determiner_noun_agreement_with_adj_2,True,False,True,True,996,-56.749412536621094,-59.44371032714844,1
Randolf wasn't leaving this black school.,Randolf wasn't leaving these black school.,morphology,determiner_noun_agreement,determiner_noun_agreement_with_adj_2,True,False,True,True,997,-60.178924560546875,-62.878562927246094,1
The Borgias investigate these happy cashiers.,The Borgias investigate this happy cashiers.,morphology,determiner_noun_agreement,determiner_noun_agreement_with_adj_2,True,False,True,True,998,-69.00637817382812,-69.64260864257812,1
Cheryl brought these important shawls.,Cheryl brought this important shawls.,morphology,determiner_noun_agreement,determiner_noun_agreement_with_adj_2,True,False,True,True,999,-68.23416137695312,-67.39208984375,0
