sentence_good,sentence_bad,field,linguistics_term,UID,simple_LM_method,one_prefix_method,two_prefix_method,lexically_identical,pair_id,good_prob,bad_prob,correct
Every hospital isn't about to tempt Tiffany to reference Matt.,Every hospital isn't fun to tempt Tiffany to reference Matt.,syntax_semantics,control_raising,tough_vs_raising_2,True,False,False,False,0,-85.83551025390625,-88.58967590332031,1
Rachel was apt to talk to Alicia.,Rachel was exciting to talk to Alicia.,syntax_semantics,control_raising,tough_vs_raising_2,True,False,False,False,1,-41.326805114746094,-42.96693801879883,1
This doctor's cousins aren't soon to question Kirsten.,This doctor's cousins aren't interesting to question Kirsten.,syntax_semantics,control_raising,tough_vs_raising_2,True,False,False,False,2,-73.8878402709961,-73.01542663574219,0
Sheila is certain to find Stephen to describe this customer.,Sheila is difficult to find Stephen to describe this customer.,syntax_semantics,control_raising,tough_vs_raising_2,True,False,False,False,3,-74.30087280273438,-68.57347869873047,0
Liam's French teachers were sure to want to aggravate many people.,Liam's French teachers were irritating to want to aggravate many people.,syntax_semantics,control_raising,tough_vs_raising_2,True,False,False,False,4,-88.21184539794922,-90.77120971679688,1
Thomas isn't sure to hug Margaret.,Thomas isn't annoying to hug Margaret.,syntax_semantics,control_raising,tough_vs_raising_2,True,False,False,False,5,-47.61625671386719,-50.71412658691406,1
Carrie is bound to explore some public park.,Carrie is pleasant to explore some public park.,syntax_semantics,control_raising,tough_vs_raising_2,True,False,False,False,6,-54.32569885253906,-54.94392013549805,1
Timothy is about to respect most guys.,Timothy is annoying to respect most guys.,syntax_semantics,control_raising,tough_vs_raising_2,True,False,False,False,7,-53.48731994628906,-57.9642333984375,1
Derek's guest is likely to like to forfeit.,Derek's guest is difficult to like to forfeit.,syntax_semantics,control_raising,tough_vs_raising_2,True,False,False,False,8,-64.3818359375,-63.832271575927734,0
Melinda's guests aren't about to yearn to sit down.,Melinda's guests aren't unpleasant to yearn to sit down.,syntax_semantics,control_raising,tough_vs_raising_2,True,False,False,False,9,-82.97036743164062,-88.14897155761719,1
Mark wasn't certain to climb down the ladder.,Mark wasn't fun to climb down the ladder.,syntax_semantics,control_raising,tough_vs_raising_2,True,False,False,False,10,-47.78466796875,-47.1505012512207,0
Jesus's tutor wasn't soon to remember Dawn.,Jesus's tutor wasn't tough to remember Dawn.,syntax_semantics,control_raising,tough_vs_raising_2,True,False,False,False,11,-70.06612396240234,-67.05729675292969,0
Those organizations were certain to respond.,Those organizations were tough to respond.,syntax_semantics,control_raising,tough_vs_raising_2,True,False,False,False,12,-43.82232666015625,-44.57572937011719,1
Bradley isn't soon to encourage Stephanie to scream.,Bradley isn't hard work to encourage Stephanie to scream.,syntax_semantics,control_raising,tough_vs_raising_2,True,False,False,False,13,-66.56072235107422,-67.11759948730469,1
Tina wasn't sure to conceal what are profiting.,Tina wasn't exciting to conceal what are profiting.,syntax_semantics,control_raising,tough_vs_raising_2,True,False,False,False,14,-69.97427368164062,-77.31328582763672,1
The legislature wasn't unlikely to continue to hug a lot of boys.,The legislature wasn't hard to continue to hug a lot of boys.,syntax_semantics,control_raising,tough_vs_raising_2,True,False,False,False,15,-76.54013061523438,-72.02737426757812,0
Bruce was sure to remember Gerald.,Bruce was annoying to remember Gerald.,syntax_semantics,control_raising,tough_vs_raising_2,True,False,False,False,16,-43.20147705078125,-46.86711883544922,1
Brad's employees aren't likely to retaliate.,Brad's employees aren't irritating to retaliate.,syntax_semantics,control_raising,tough_vs_raising_2,True,False,False,False,17,-53.02696990966797,-58.74153518676758,1
Jennifer isn't apt to walk through a cafe.,Jennifer isn't difficult to walk through a cafe.,syntax_semantics,control_raising,tough_vs_raising_2,True,False,False,False,18,-54.88759994506836,-52.3892822265625,0
Andrea was soon to ascertain Winston Churchill to explore a lot of movie theaters.,Andrea was interesting to ascertain Winston Churchill to explore a lot of movie theaters.,syntax_semantics,control_raising,tough_vs_raising_2,True,False,False,False,19,-93.23096466064453,-93.48841857910156,1
Cheryl's daughter isn't sure to find out who work hard.,Cheryl's daughter isn't irritating to find out who work hard.,syntax_semantics,control_raising,tough_vs_raising_2,True,False,False,False,20,-78.34500122070312,-84.42239379882812,1
Douglas's cousin isn't sure to entreat Danielle to stand up.,Douglas's cousin isn't irritating to entreat Danielle to stand up.,syntax_semantics,control_raising,tough_vs_raising_2,True,False,False,False,21,-81.02932739257812,-87.3631591796875,1
Margaret's nieces aren't unlikely to describe Diana.,Margaret's nieces aren't pleasant to describe Diana.,syntax_semantics,control_raising,tough_vs_raising_2,True,False,False,False,22,-81.72848510742188,-78.7358169555664,0
Brian is about to walk through that high school.,Brian is pleasant to walk through that high school.,syntax_semantics,control_raising,tough_vs_raising_2,True,False,False,False,23,-47.51610565185547,-51.32283020019531,1
Heidi wasn't certain to like to hate Joseph.,Heidi wasn't easy to like to hate Joseph.,syntax_semantics,control_raising,tough_vs_raising_2,True,False,False,False,24,-63.16119384765625,-61.23042297363281,0
Many adults' boss was certain to hide a lot of spotlights.,Many adults' boss was interesting to hide a lot of spotlights.,syntax_semantics,control_raising,tough_vs_raising_2,True,False,False,False,25,-88.58240509033203,-87.08172607421875,0
Bradley was apt to clean that hat.,Bradley was tough to clean that hat.,syntax_semantics,control_raising,tough_vs_raising_2,True,False,False,False,26,-49.171634674072266,-49.2775993347168,1
Every granddaughter of Renee isn't certain to entice Anne to bike to high schools.,Every granddaughter of Renee isn't irritating to entice Anne to bike to high schools.,syntax_semantics,control_raising,tough_vs_raising_2,True,False,False,False,27,-121.6327133178711,-125.4586410522461,1
These plates were certain to scare Andrew.,These plates were exciting to scare Andrew.,syntax_semantics,control_raising,tough_vs_raising_2,True,False,False,False,28,-56.92636489868164,-56.5466194152832,0
Andrew wasn't sure to oblige Vanessa's guests to work hard.,Andrew wasn't exciting to oblige Vanessa's guests to work hard.,syntax_semantics,control_raising,tough_vs_raising_2,True,False,False,False,29,-79.34051513671875,-84.53767395019531,1
Harvard University was soon to praise Valerie.,Harvard University was hard to praise Valerie.,syntax_semantics,control_raising,tough_vs_raising_2,True,False,False,False,30,-66.52598571777344,-64.64898681640625,0
The association isn't apt to cope.,The association isn't hard to cope.,syntax_semantics,control_raising,tough_vs_raising_2,True,False,False,False,31,-41.86747741699219,-38.92559814453125,0
The mothers of Alice were certain to figure out who continued to describe these customers.,The mothers of Alice were boring to figure out who continued to describe these customers.,syntax_semantics,control_raising,tough_vs_raising_2,True,False,False,False,32,-90.91924285888672,-94.98513793945312,1
Timothy wasn't likely to beg Donna to astound that university.,Timothy wasn't exciting to beg Donna to astound that university.,syntax_semantics,control_raising,tough_vs_raising_2,True,False,False,False,33,-92.0115737915039,-97.29920959472656,1
Florence wasn't unlikely to concur.,Florence wasn't hard to concur.,syntax_semantics,control_raising,tough_vs_raising_2,True,False,False,False,34,-58.76134490966797,-54.069183349609375,0
These grandfathers of Janice are likely to compete.,These grandfathers of Janice are unpleasant to compete.,syntax_semantics,control_raising,tough_vs_raising_2,True,False,False,False,35,-65.82650756835938,-73.41651916503906,1
Irene is likely to appreciate Nina.,Irene is unpleasant to appreciate Nina.,syntax_semantics,control_raising,tough_vs_raising_2,True,False,False,False,36,-48.87473678588867,-52.433876037597656,1
Matt wasn't certain to criticize Nancy.,Matt wasn't easy to criticize Nancy.,syntax_semantics,control_raising,tough_vs_raising_2,True,False,False,False,37,-49.6021728515625,-46.74418258666992,0
Janice's supervisors weren't about to yearn to exit every college campus.,Janice's supervisors weren't hard to yearn to exit every college campus.,syntax_semantics,control_raising,tough_vs_raising_2,True,False,False,False,38,-113.40682220458984,-113.22280883789062,0
Becky isn't apt to respect Jason.,Becky isn't pleasant to respect Jason.,syntax_semantics,control_raising,tough_vs_raising_2,True,False,False,False,39,-48.627159118652344,-50.51018524169922,1
Maria was soon to approach Carlos.,Maria was hard to approach Carlos.,syntax_semantics,control_raising,tough_vs_raising_2,True,False,False,False,40,-49.70539093017578,-46.39773941040039,0
The people are bound to seem to hide.,The people are fun to seem to hide.,syntax_semantics,control_raising,tough_vs_raising_2,True,False,False,False,41,-40.67458724975586,-44.04667282104492,1
Diane's mentor is bound to tempt grandfathers of Carl to blink.,Diane's mentor is unpleasant to tempt grandfathers of Carl to blink.,syntax_semantics,control_raising,tough_vs_raising_2,True,False,False,False,42,-98.89677429199219,-102.26439666748047,1
Nancy's electrician wasn't soon to fail to astound Karen.,Nancy's electrician wasn't enjoyable to fail to astound Karen.,syntax_semantics,control_raising,tough_vs_raising_2,True,False,False,False,43,-101.57097625732422,-102.3441162109375,1
Frank is likely to laugh.,Frank is hard to laugh.,syntax_semantics,control_raising,tough_vs_raising_2,True,False,False,False,44,-31.648162841796875,-28.39438247680664,0
Tina isn't bound to exit every movie theater.,Tina isn't hard to exit every movie theater.,syntax_semantics,control_raising,tough_vs_raising_2,True,False,False,False,45,-68.033935546875,-64.3927230834961,0
Becky was sure to scan those books.,Becky was hard work to scan those books.,syntax_semantics,control_raising,tough_vs_raising_2,True,False,False,False,46,-51.9061393737793,-57.38199234008789,1
Leslie wasn't likely to discover the dog to climb down this slope.,Leslie wasn't enjoyable to discover the dog to climb down this slope.,syntax_semantics,control_raising,tough_vs_raising_2,True,False,False,False,47,-71.05467224121094,-81.02790069580078,1
All legislatures were soon to stun Steven.,All legislatures were unpleasant to stun Steven.,syntax_semantics,control_raising,tough_vs_raising_2,True,False,False,False,48,-61.594017028808594,-64.4457015991211,1
Donald's supervisor wasn't sure to mutter.,Donald's supervisor wasn't difficult to mutter.,syntax_semantics,control_raising,tough_vs_raising_2,True,False,False,False,49,-58.25739288330078,-59.61140441894531,1
Angela wasn't soon to litter.,Angela wasn't annoying to litter.,syntax_semantics,control_raising,tough_vs_raising_2,True,False,False,False,50,-49.88578414916992,-48.53292465209961,0
A man wasn't certain to wish to shout.,A man wasn't interesting to wish to shout.,syntax_semantics,control_raising,tough_vs_raising_2,True,False,False,False,51,-50.529720306396484,-52.1806640625,1
Laurie was soon to grin.,Laurie was fun to grin.,syntax_semantics,control_raising,tough_vs_raising_2,True,False,False,False,52,-43.06250762939453,-44.47449493408203,1
These boys aren't likely to confer.,These boys aren't annoying to confer.,syntax_semantics,control_raising,tough_vs_raising_2,True,False,False,False,53,-38.60718536376953,-43.88829803466797,1
Danielle is about to nod.,Danielle is tough to nod.,syntax_semantics,control_raising,tough_vs_raising_2,True,False,False,False,54,-42.33835220336914,-46.33909606933594,1
Samuel isn't apt to turn out to change.,Samuel isn't unpleasant to turn out to change.,syntax_semantics,control_raising,tough_vs_raising_2,True,False,False,False,55,-53.63299560546875,-59.209007263183594,1
Michelle isn't bound to mess up that dress.,Michelle isn't irritating to mess up that dress.,syntax_semantics,control_raising,tough_vs_raising_2,True,False,False,False,56,-53.54013442993164,-57.67524719238281,1
Renee wasn't unlikely to boycott committees.,Renee wasn't hard work to boycott committees.,syntax_semantics,control_raising,tough_vs_raising_2,True,False,False,False,57,-64.6640625,-62.75876998901367,0
Tracy is likely to smile.,Tracy is pleasant to smile.,syntax_semantics,control_raising,tough_vs_raising_2,True,False,False,False,58,-35.98005676269531,-36.352928161621094,1
Kimberley wasn't unlikely to explain those waitresses appear to fix this wheelbarrow.,Kimberley wasn't interesting to explain those waitresses appear to fix this wheelbarrow.,syntax_semantics,control_raising,tough_vs_raising_2,True,False,False,False,59,-121.31404113769531,-122.15377807617188,1
Ellen's hairdresser is about to ascertain the computers to embarrass Renee.,Ellen's hairdresser is exciting to ascertain the computers to embarrass Renee.,syntax_semantics,control_raising,tough_vs_raising_2,True,False,False,False,60,-100.34384155273438,-107.20146942138672,1
A lot of waitresses' French teachers aren't apt to obligate Sonia to smile.,A lot of waitresses' French teachers aren't unpleasant to obligate Sonia to smile.,syntax_semantics,control_raising,tough_vs_raising_2,True,False,False,False,61,-116.55842590332031,-122.33099365234375,1
Todd was soon to commission Guy to weep.,Todd was fun to commission Guy to weep.,syntax_semantics,control_raising,tough_vs_raising_2,True,False,False,False,62,-63.41929626464844,-67.96412658691406,1
Cindy was about to conceal some waitresses.,Cindy was hard work to conceal some waitresses.,syntax_semantics,control_raising,tough_vs_raising_2,True,False,False,False,63,-63.01593017578125,-71.46983337402344,1
Alice wasn't soon to discover all lights to darken.,Alice wasn't annoying to discover all lights to darken.,syntax_semantics,control_raising,tough_vs_raising_2,True,False,False,False,64,-74.1871337890625,-75.9988021850586,1
Dan's bosses were soon to plan to admire Eric.,Dan's bosses were tough to plan to admire Eric.,syntax_semantics,control_raising,tough_vs_raising_2,True,False,False,False,65,-77.61705017089844,-75.4364013671875,0
Nicole's girlfriend isn't certain to figure out who boast about Tonya.,Nicole's girlfriend isn't pleasant to figure out who boast about Tonya.,syntax_semantics,control_raising,tough_vs_raising_2,True,False,False,False,66,-93.1153564453125,-95.41072845458984,1
Amelia wasn't soon to love Lisa.,Amelia wasn't hard to love Lisa.,syntax_semantics,control_raising,tough_vs_raising_2,True,False,False,False,67,-55.19977951049805,-49.879337310791016,0
Theresa's associate is certain to talk.,Theresa's associate is interesting to talk.,syntax_semantics,control_raising,tough_vs_raising_2,True,False,False,False,68,-52.03874206542969,-49.27485656738281,0
Carla was certain to slump over.,Carla was hard to slump over.,syntax_semantics,control_raising,tough_vs_raising_2,True,False,False,False,69,-52.343894958496094,-46.546897888183594,0
Walter is sure to remember who hadn't profited.,Walter is pleasant to remember who hadn't profited.,syntax_semantics,control_raising,tough_vs_raising_2,True,False,False,False,70,-64.25685119628906,-65.50627136230469,1
Mitchell was apt to investigate Dana.,Mitchell was pleasant to investigate Dana.,syntax_semantics,control_raising,tough_vs_raising_2,True,False,False,False,71,-53.30287170410156,-55.416770935058594,1
Craig is sure to predict those guests to benefit.,Craig is exciting to predict those guests to benefit.,syntax_semantics,control_raising,tough_vs_raising_2,True,False,False,False,72,-64.02176666259766,-66.48992919921875,1
Rachel's sons aren't soon to watch Kirsten.,Rachel's sons aren't hard work to watch Kirsten.,syntax_semantics,control_raising,tough_vs_raising_2,True,False,False,False,73,-63.29427719116211,-63.851707458496094,1
Theodore wasn't unlikely to explore the art gallery.,Theodore wasn't irritating to explore the art gallery.,syntax_semantics,control_raising,tough_vs_raising_2,True,False,False,False,74,-62.60527038574219,-63.82666015625,1
Harvard University wasn't apt to learn who skated around all hospitals.,Harvard University wasn't unpleasant to learn who skated around all hospitals.,syntax_semantics,control_raising,tough_vs_raising_2,True,False,False,False,75,-94.75989532470703,-98.89862823486328,1
Katherine's grandmothers weren't about to remember who returns to Lissa.,Katherine's grandmothers weren't tough to remember who returns to Lissa.,syntax_semantics,control_raising,tough_vs_raising_2,True,False,False,False,76,-90.3980941772461,-92.08332824707031,1
Janet was unlikely to leave this lake.,Janet was irritating to leave this lake.,syntax_semantics,control_raising,tough_vs_raising_2,True,False,False,False,77,-50.6041145324707,-52.478519439697266,1
Aaron isn't unlikely to compel Carol's mentors to disagree.,Aaron isn't hard work to compel Carol's mentors to disagree.,syntax_semantics,control_raising,tough_vs_raising_2,True,False,False,False,78,-85.28080749511719,-87.98518371582031,1
Beverly's contractors aren't sure to aggravate Gregory.,Beverly's contractors aren't easy to aggravate Gregory.,syntax_semantics,control_raising,tough_vs_raising_2,True,False,False,False,79,-80.37755584716797,-80.40379333496094,1
Charles wasn't apt to want a lot of governments to debate.,Charles wasn't easy to want a lot of governments to debate.,syntax_semantics,control_raising,tough_vs_raising_2,True,False,False,False,80,-66.93439483642578,-68.05289459228516,1
Heather was bound to wave.,Heather was unpleasant to wave.,syntax_semantics,control_raising,tough_vs_raising_2,True,False,False,False,81,-39.36320114135742,-44.48434829711914,1
Mitchell was sure to prove to sit down.,Mitchell was fun to prove to sit down.,syntax_semantics,control_raising,tough_vs_raising_2,True,False,False,False,82,-53.42756652832031,-55.95823669433594,1
Stacey is certain to notice a lot of lamps.,Stacey is boring to notice a lot of lamps.,syntax_semantics,control_raising,tough_vs_raising_2,True,False,False,False,83,-63.9359130859375,-61.54803466796875,0
Winston Churchill was certain to kiss Eric.,Winston Churchill was tough to kiss Eric.,syntax_semantics,control_raising,tough_vs_raising_2,True,False,False,False,84,-60.28643035888672,-58.98286819458008,0
Dennis isn't likely to care for guys.,Dennis isn't enjoyable to care for guys.,syntax_semantics,control_raising,tough_vs_raising_2,True,False,False,False,85,-53.229164123535156,-60.831825256347656,1
Every patient's friends were bound to fail to donate.,Every patient's friends were annoying to fail to donate.,syntax_semantics,control_raising,tough_vs_raising_2,True,False,False,False,86,-65.10163879394531,-67.34065246582031,1
The muffins are apt to confuse Winston Churchill.,The muffins are boring to confuse Winston Churchill.,syntax_semantics,control_raising,tough_vs_raising_2,True,False,False,False,87,-62.29929733276367,-66.94232177734375,1
Hospitals aren't bound to yearn to reference Brian.,Hospitals aren't hard to yearn to reference Brian.,syntax_semantics,control_raising,tough_vs_raising_2,True,False,False,False,88,-90.89453887939453,-92.15931701660156,1
Stephanie's dentists aren't apt to hug that man.,Stephanie's dentists aren't hard to hug that man.,syntax_semantics,control_raising,tough_vs_raising_2,True,False,False,False,89,-78.66693115234375,-77.770751953125,0
Nina's husband was sure to lie.,Nina's husband was hard to lie.,syntax_semantics,control_raising,tough_vs_raising_2,True,False,False,False,90,-44.85722351074219,-43.66425323486328,0
Andrew's grandson wasn't apt to convince Kendra to escape from Margaret.,Andrew's grandson wasn't tough to convince Kendra to escape from Margaret.,syntax_semantics,control_raising,tough_vs_raising_2,True,False,False,False,91,-87.2379379272461,-89.85453796386719,1
Alexander's girlfriend wasn't certain to want Ronald to complain.,Alexander's girlfriend wasn't enjoyable to want Ronald to complain.,syntax_semantics,control_raising,tough_vs_raising_2,True,False,False,False,92,-77.45713806152344,-80.88844299316406,1
These actors aren't bound to question Melinda.,These actors aren't annoying to question Melinda.,syntax_semantics,control_raising,tough_vs_raising_2,True,False,False,False,93,-59.12921142578125,-62.585365295410156,1
Customers aren't apt to seem to wash.,Customers aren't enjoyable to seem to wash.,syntax_semantics,control_raising,tough_vs_raising_2,True,False,False,False,94,-50.424652099609375,-56.691505432128906,1
This doctor is likely to criticize Amanda.,This doctor is difficult to criticize Amanda.,syntax_semantics,control_raising,tough_vs_raising_2,True,False,False,False,95,-44.98218536376953,-44.30040740966797,0
Regina's sons aren't about to motivate Vincent's guest to heal this boy.,Regina's sons aren't tough to motivate Vincent's guest to heal this boy.,syntax_semantics,control_raising,tough_vs_raising_2,True,False,False,False,96,-102.91158294677734,-104.14289855957031,1
Joel's tutors aren't soon to appreciate that grocery store.,Joel's tutors aren't hard work to appreciate that grocery store.,syntax_semantics,control_raising,tough_vs_raising_2,True,False,False,False,97,-82.46940612792969,-84.37540435791016,1
Kayla is certain to disturb every library.,Kayla is annoying to disturb every library.,syntax_semantics,control_raising,tough_vs_raising_2,True,False,False,False,98,-64.94313049316406,-64.19892120361328,0
Carlos isn't bound to visit Carrie.,Carlos isn't unpleasant to visit Carrie.,syntax_semantics,control_raising,tough_vs_raising_2,True,False,False,False,99,-54.8309326171875,-57.914451599121094,1
Tonya isn't likely to visit the public park.,Tonya isn't annoying to visit the public park.,syntax_semantics,control_raising,tough_vs_raising_2,True,False,False,False,100,-57.620059967041016,-62.68177032470703,1
That teenager was sure to sound like Danielle.,That teenager was boring to sound like Danielle.,syntax_semantics,control_raising,tough_vs_raising_2,True,False,False,False,101,-53.9514045715332,-54.61116409301758,1
Cynthia's colleagues aren't about to hire Lawrence.,Cynthia's colleagues aren't fun to hire Lawrence.,syntax_semantics,control_raising,tough_vs_raising_2,True,False,False,False,102,-73.79981231689453,-78.88528442382812,1
Carmen is about to sell this public park.,Carmen is easy to sell this public park.,syntax_semantics,control_raising,tough_vs_raising_2,True,False,False,False,103,-53.26705551147461,-53.616912841796875,1
Richard was about to look like the sketches.,Richard was boring to look like the sketches.,syntax_semantics,control_raising,tough_vs_raising_2,True,False,False,False,104,-45.014183044433594,-50.213966369628906,1
Galileo was unlikely to wish to sing.,Galileo was unpleasant to wish to sing.,syntax_semantics,control_raising,tough_vs_raising_2,True,False,False,False,105,-61.449440002441406,-59.59586715698242,0
Martin wasn't about to find Erin.,Martin wasn't enjoyable to find Erin.,syntax_semantics,control_raising,tough_vs_raising_2,True,False,False,False,106,-44.771812438964844,-53.887664794921875,1
Vanessa's sisters weren't certain to prod Becky's nephew to stand up.,Vanessa's sisters weren't annoying to prod Becky's nephew to stand up.,syntax_semantics,control_raising,tough_vs_raising_2,True,False,False,False,107,-91.81668090820312,-93.62387084960938,1
Monica is apt to care for Charles.,Monica is fun to care for Charles.,syntax_semantics,control_raising,tough_vs_raising_2,True,False,False,False,108,-50.08284378051758,-53.231834411621094,1
Dan's ex-wives were unlikely to confer.,Dan's ex-wives were exciting to confer.,syntax_semantics,control_raising,tough_vs_raising_2,True,False,False,False,109,-62.51340103149414,-62.22141647338867,0
Adam isn't bound to think about Deanna.,Adam isn't enjoyable to think about Deanna.,syntax_semantics,control_raising,tough_vs_raising_2,True,False,False,False,110,-57.5124626159668,-62.91506576538086,1
Marla wasn't likely to intend to weep.,Marla wasn't enjoyable to intend to weep.,syntax_semantics,control_raising,tough_vs_raising_2,True,False,False,False,111,-54.182655334472656,-62.42893600463867,1
Brett's podiatrist wasn't about to imagine some popsicle hadn't condensed.,Brett's podiatrist wasn't unpleasant to imagine some popsicle hadn't condensed.,syntax_semantics,control_raising,tough_vs_raising_2,True,False,False,False,112,-119.75773620605469,-125.17619323730469,1
Julie is about to prompt hospitals to clash.,Julie is fun to prompt hospitals to clash.,syntax_semantics,control_raising,tough_vs_raising_2,True,False,False,False,113,-62.13753890991211,-71.61396026611328,1
All schools aren't soon to collaborate.,All schools aren't boring to collaborate.,syntax_semantics,control_raising,tough_vs_raising_2,True,False,False,False,114,-49.71861267089844,-49.427162170410156,0
A boy isn't certain to come here.,A boy isn't irritating to come here.,syntax_semantics,control_raising,tough_vs_raising_2,True,False,False,False,115,-39.08172607421875,-42.443111419677734,1
Rodney wasn't about to walk through those museums.,Rodney wasn't difficult to walk through those museums.,syntax_semantics,control_raising,tough_vs_raising_2,True,False,False,False,116,-55.649723052978516,-57.64548873901367,1
All men are about to argue about Lissa.,All men are unpleasant to argue about Lissa.,syntax_semantics,control_raising,tough_vs_raising_2,True,False,False,False,117,-53.56809997558594,-58.706825256347656,1
Sherry wasn't soon to wave.,Sherry wasn't hard to wave.,syntax_semantics,control_raising,tough_vs_raising_2,True,False,False,False,118,-48.27907943725586,-42.32386779785156,0
Steve was unlikely to notice James.,Steve was exciting to notice James.,syntax_semantics,control_raising,tough_vs_raising_2,True,False,False,False,119,-46.7252082824707,-46.142765045166016,0
Kayla's dentist wasn't unlikely to reveal many hamsters.,Kayla's dentist wasn't hard to reveal many hamsters.,syntax_semantics,control_raising,tough_vs_raising_2,True,False,False,False,120,-90.99523162841797,-84.35140228271484,0
Samuel's grandfather isn't soon to declare the Borgias to mutter.,Samuel's grandfather isn't pleasant to declare the Borgias to mutter.,syntax_semantics,control_raising,tough_vs_raising_2,True,False,False,False,121,-93.07199096679688,-91.22420501708984,0
Meredith wasn't bound to oblige John to stun these drivers.,Meredith wasn't annoying to oblige John to stun these drivers.,syntax_semantics,control_raising,tough_vs_raising_2,True,False,False,False,122,-85.00332641601562,-89.61741638183594,1
Amanda is unlikely to commission Naomi to respect Deanna.,Amanda is irritating to commission Naomi to respect Deanna.,syntax_semantics,control_raising,tough_vs_raising_2,True,False,False,False,123,-83.58175659179688,-85.2734603881836,1
That actress's granddaughter was certain to confuse Alan.,That actress's granddaughter was hard to confuse Alan.,syntax_semantics,control_raising,tough_vs_raising_2,True,False,False,False,124,-71.31494140625,-65.61607360839844,0
Rodney's tutors weren't unlikely to regret Denise can't question the waiter.,Rodney's tutors weren't interesting to regret Denise can't question the waiter.,syntax_semantics,control_raising,tough_vs_raising_2,True,False,False,False,125,-104.60609436035156,-103.92839050292969,0
Gregory wasn't apt to compromise.,Gregory wasn't interesting to compromise.,syntax_semantics,control_raising,tough_vs_raising_2,True,False,False,False,126,-42.842647552490234,-46.60786819458008,1
Cynthia wasn't soon to escape from this restaurant.,Cynthia wasn't unpleasant to escape from this restaurant.,syntax_semantics,control_raising,tough_vs_raising_2,True,False,False,False,127,-68.93226623535156,-67.76248168945312,0
Lissa isn't apt to need to help Amelia.,Lissa isn't irritating to need to help Amelia.,syntax_semantics,control_raising,tough_vs_raising_2,True,False,False,False,128,-61.37608337402344,-65.07135009765625,1
Meredith isn't certain to return to Tanya.,Meredith isn't hard work to return to Tanya.,syntax_semantics,control_raising,tough_vs_raising_2,True,False,False,False,129,-55.47006607055664,-59.09640884399414,1
A lot of cashiers are likely to communicate.,A lot of cashiers are pleasant to communicate.,syntax_semantics,control_raising,tough_vs_raising_2,True,False,False,False,130,-45.046844482421875,-50.75246047973633,1
That offspring wasn't soon to fire George.,That offspring wasn't unpleasant to fire George.,syntax_semantics,control_raising,tough_vs_raising_2,True,False,False,False,131,-64.14697265625,-64.4831771850586,1
Every child wasn't unlikely to laugh.,Every child wasn't boring to laugh.,syntax_semantics,control_raising,tough_vs_raising_2,True,False,False,False,132,-46.25613021850586,-43.125640869140625,0
The grandfathers of Rachelle aren't certain to explore Spain.,The grandfathers of Rachelle aren't difficult to explore Spain.,syntax_semantics,control_raising,tough_vs_raising_2,True,False,False,False,133,-84.5267105102539,-82.9571533203125,0
Tiffany isn't unlikely to believe some shawl to flatten.,Tiffany isn't pleasant to believe some shawl to flatten.,syntax_semantics,control_raising,tough_vs_raising_2,True,False,False,False,134,-95.26814270019531,-91.55490112304688,0
Joel wasn't about to intend to wash.,Joel wasn't irritating to intend to wash.,syntax_semantics,control_raising,tough_vs_raising_2,True,False,False,False,135,-55.14443588256836,-59.95264434814453,1
All students' bosses were about to shout.,All students' bosses were annoying to shout.,syntax_semantics,control_raising,tough_vs_raising_2,True,False,False,False,136,-58.039161682128906,-59.604949951171875,1
Diane was apt to resemble that drawing.,Diane was boring to resemble that drawing.,syntax_semantics,control_raising,tough_vs_raising_2,True,False,False,False,137,-55.90840148925781,-60.520973205566406,1
Waitresses weren't unlikely to convince that girl's piano teachers to grin.,Waitresses weren't boring to convince that girl's piano teachers to grin.,syntax_semantics,control_raising,tough_vs_raising_2,True,False,False,False,138,-110.41099548339844,-110.28176879882812,0
The waiter wasn't bound to boycott most grocery stores.,The waiter wasn't difficult to boycott most grocery stores.,syntax_semantics,control_raising,tough_vs_raising_2,True,False,False,False,139,-70.15747833251953,-69.57638549804688,0
Cheryl's supervisors are about to communicate.,Cheryl's supervisors are unpleasant to communicate.,syntax_semantics,control_raising,tough_vs_raising_2,True,False,False,False,140,-63.747520446777344,-68.91658020019531,1
The drivers aren't bound to pass most cafes.,The drivers aren't exciting to pass most cafes.,syntax_semantics,control_raising,tough_vs_raising_2,True,False,False,False,141,-59.27037811279297,-63.83042907714844,1
Russell wasn't unlikely to know some teachers.,Russell wasn't tough to know some teachers.,syntax_semantics,control_raising,tough_vs_raising_2,True,False,False,False,142,-57.26346969604492,-53.512351989746094,0
James was apt to ask George to attack Tonya.,James was unpleasant to ask George to attack Tonya.,syntax_semantics,control_raising,tough_vs_raising_2,True,False,False,False,143,-62.589420318603516,-65.10565948486328,1
A lot of grandmothers of Allison weren't soon to imagine many carts did slow.,A lot of grandmothers of Allison weren't fun to imagine many carts did slow.,syntax_semantics,control_raising,tough_vs_raising_2,True,False,False,False,144,-113.59871673583984,-114.36451721191406,1
Robert wasn't likely to think those bananas blacken.,Robert wasn't annoying to think those bananas blacken.,syntax_semantics,control_raising,tough_vs_raising_2,True,False,False,False,145,-70.61632537841797,-74.04058837890625,1
All nieces of a lot of girls aren't unlikely to conspire.,All nieces of a lot of girls aren't interesting to conspire.,syntax_semantics,control_raising,tough_vs_raising_2,True,False,False,False,146,-91.91287231445312,-88.83572387695312,0
Sandra's French teachers aren't about to doubt a lot of patients insult all rivers.,Sandra's French teachers aren't unpleasant to doubt a lot of patients insult all rivers.,syntax_semantics,control_raising,tough_vs_raising_2,True,False,False,False,147,-114.99079895019531,-118.39431762695312,1
These committees were certain to discover who had cried.,These committees were irritating to discover who had cried.,syntax_semantics,control_raising,tough_vs_raising_2,True,False,False,False,148,-66.16914367675781,-70.00347900390625,1
Lori was certain to clean a restaurant.,Lori was boring to clean a restaurant.,syntax_semantics,control_raising,tough_vs_raising_2,True,False,False,False,149,-54.15958023071289,-52.73198699951172,0
That committee wasn't sure to chat.,That committee wasn't boring to chat.,syntax_semantics,control_raising,tough_vs_raising_2,True,False,False,False,150,-45.83354187011719,-48.40908432006836,1
Sheila isn't certain to listen to a lot of ladies.,Sheila isn't annoying to listen to a lot of ladies.,syntax_semantics,control_raising,tough_vs_raising_2,True,False,False,False,151,-58.670352935791016,-58.46162796020508,0
Carl's classmates weren't about to learn who has researched the documentary.,Carl's classmates weren't boring to learn who has researched the documentary.,syntax_semantics,control_raising,tough_vs_raising_2,True,False,False,False,152,-82.46473693847656,-88.65473175048828,1
Keith's handymen were soon to wonder what had distracted Jodi.,Keith's handymen were fun to wonder what had distracted Jodi.,syntax_semantics,control_raising,tough_vs_raising_2,True,False,False,False,153,-98.89746856689453,-97.8489990234375,0
Todd was certain to compel Melanie's best friends to swallow.,Todd was unpleasant to compel Melanie's best friends to swallow.,syntax_semantics,control_raising,tough_vs_raising_2,True,False,False,False,154,-78.58648681640625,-79.33748626708984,1
The Balkans weren't apt to stun Liam.,The Balkans weren't hard work to stun Liam.,syntax_semantics,control_raising,tough_vs_raising_2,True,False,False,False,155,-59.82371139526367,-64.44417572021484,1
Derek isn't soon to remember what have negotiated.,Derek isn't pleasant to remember what have negotiated.,syntax_semantics,control_raising,tough_vs_raising_2,True,False,False,False,156,-70.34310150146484,-67.93650817871094,0
Patrick isn't bound to complain.,Patrick isn't unpleasant to complain.,syntax_semantics,control_raising,tough_vs_raising_2,True,False,False,False,157,-38.37604522705078,-40.44364929199219,1
Linda isn't certain to say Homer can plan to criticize that waitress.,Linda isn't enjoyable to say Homer can plan to criticize that waitress.,syntax_semantics,control_raising,tough_vs_raising_2,True,False,False,False,158,-93.08546447753906,-98.49445343017578,1
Galileo is certain to implore Jerry to visit the cafes.,Galileo is unpleasant to implore Jerry to visit the cafes.,syntax_semantics,control_raising,tough_vs_raising_2,True,False,False,False,159,-93.3074722290039,-93.34855651855469,1
Robert was likely to attempt to struggle.,Robert was pleasant to attempt to struggle.,syntax_semantics,control_raising,tough_vs_raising_2,True,False,False,False,160,-39.73302459716797,-43.15671157836914,1
Joseph was likely to ascertain Jane to argue about Craig.,Joseph was hard work to ascertain Jane to argue about Craig.,syntax_semantics,control_raising,tough_vs_raising_2,True,False,False,False,161,-68.94164276123047,-75.941650390625,1
A friend of Christine wasn't likely to grin.,A friend of Christine wasn't easy to grin.,syntax_semantics,control_raising,tough_vs_raising_2,True,False,False,False,162,-51.0078125,-51.41194152832031,1
This commentary about current events is likely to distract Bradley.,This commentary about current events is boring to distract Bradley.,syntax_semantics,control_raising,tough_vs_raising_2,True,False,False,False,163,-79.2603988647461,-84.3275146484375,1
Ellen is unlikely to wave.,Ellen is boring to wave.,syntax_semantics,control_raising,tough_vs_raising_2,True,False,False,False,164,-40.903133392333984,-39.443599700927734,0
Kenneth is about to tempt Bill to bore some senator.,Kenneth is annoying to tempt Bill to bore some senator.,syntax_semantics,control_raising,tough_vs_raising_2,True,False,False,False,165,-81.84759521484375,-86.99029541015625,1
Katherine's girlfriend wasn't about to expect Douglas to shout.,Katherine's girlfriend wasn't pleasant to expect Douglas to shout.,syntax_semantics,control_raising,tough_vs_raising_2,True,False,False,False,166,-75.78378295898438,-78.83465576171875,1
Laurie's ex-husband isn't certain to judge this skateboard to steer.,Laurie's ex-husband isn't fun to judge this skateboard to steer.,syntax_semantics,control_raising,tough_vs_raising_2,True,False,False,False,167,-96.44171905517578,-97.66958618164062,1
The cars are likely to bore Victoria.,The cars are tough to bore Victoria.,syntax_semantics,control_raising,tough_vs_raising_2,True,False,False,False,168,-48.37855529785156,-52.05815505981445,1
Theodore's associates weren't bound to admire this pasta.,Theodore's associates weren't enjoyable to admire this pasta.,syntax_semantics,control_raising,tough_vs_raising_2,True,False,False,False,169,-71.49213409423828,-76.67170715332031,1
Those doctors weren't about to wear the shirts.,Those doctors weren't exciting to wear the shirts.,syntax_semantics,control_raising,tough_vs_raising_2,True,False,False,False,170,-52.96739959716797,-57.580848693847656,1
This teacher isn't about to drop by a lot of banks.,This teacher isn't tough to drop by a lot of banks.,syntax_semantics,control_raising,tough_vs_raising_2,True,False,False,False,171,-63.52665710449219,-63.96800994873047,1
Sarah wasn't soon to examine some story.,Sarah wasn't easy to examine some story.,syntax_semantics,control_raising,tough_vs_raising_2,True,False,False,False,172,-53.49589920043945,-50.21437072753906,0
Every association is unlikely to chat.,Every association is enjoyable to chat.,syntax_semantics,control_raising,tough_vs_raising_2,True,False,False,False,173,-45.627994537353516,-48.60487365722656,1
This nucleus was sure to resemble that print.,This nucleus was hard work to resemble that print.,syntax_semantics,control_raising,tough_vs_raising_2,True,False,False,False,174,-64.53422546386719,-68.10517120361328,1
Dan isn't unlikely to neglect to compromise.,Dan isn't exciting to neglect to compromise.,syntax_semantics,control_raising,tough_vs_raising_2,True,False,False,False,175,-56.66856384277344,-56.454994201660156,0
Gina wasn't bound to propose to shock Karla.,Gina wasn't difficult to propose to shock Karla.,syntax_semantics,control_raising,tough_vs_raising_2,True,False,False,False,176,-72.34480285644531,-72.00677490234375,0
Who was unlikely to fire Heidi.,Who was hard work to fire Heidi.,syntax_semantics,control_raising,tough_vs_raising_2,True,False,False,False,177,-51.658836364746094,-50.95199966430664,0
Amanda was bound to stun Julie.,Amanda was boring to stun Julie.,syntax_semantics,control_raising,tough_vs_raising_2,True,False,False,False,178,-52.06206512451172,-55.56562805175781,1
Melanie is bound to hire Jason.,Melanie is pleasant to hire Jason.,syntax_semantics,control_raising,tough_vs_raising_2,True,False,False,False,179,-46.677345275878906,-50.103118896484375,1
Many cashiers aren't about to convince Rebecca to move.,Many cashiers aren't hard work to convince Rebecca to move.,syntax_semantics,control_raising,tough_vs_raising_2,True,False,False,False,180,-73.35555267333984,-78.31769561767578,1
Deborah's podiatrists aren't about to ask James to shrug.,Deborah's podiatrists aren't exciting to ask James to shrug.,syntax_semantics,control_raising,tough_vs_raising_2,True,False,False,False,181,-106.2992172241211,-112.45221710205078,1
Florence's ex-husband wasn't soon to look to blacken.,Florence's ex-husband wasn't pleasant to look to blacken.,syntax_semantics,control_raising,tough_vs_raising_2,True,False,False,False,182,-82.72265625,-79.90095520019531,0
Becky's associates weren't sure to nod.,Becky's associates weren't hard to nod.,syntax_semantics,control_raising,tough_vs_raising_2,True,False,False,False,183,-56.4958610534668,-55.910865783691406,0
Ellen's grandfathers were unlikely to watch Marcus.,Ellen's grandfathers were interesting to watch Marcus.,syntax_semantics,control_raising,tough_vs_raising_2,True,False,False,False,184,-63.235416412353516,-61.45220947265625,0
The door was soon to distract Victoria.,The door was enjoyable to distract Victoria.,syntax_semantics,control_raising,tough_vs_raising_2,True,False,False,False,185,-45.288692474365234,-50.667518615722656,1
Marcus was about to dislike Valerie.,Marcus was unpleasant to dislike Valerie.,syntax_semantics,control_raising,tough_vs_raising_2,True,False,False,False,186,-48.642669677734375,-52.311187744140625,1
Tina's electrician was soon to regret Eric suffered.,Tina's electrician was fun to regret Eric suffered.,syntax_semantics,control_raising,tough_vs_raising_2,True,False,False,False,187,-84.25048065185547,-85.13629913330078,1
Erin wasn't certain to respect Paula.,Erin wasn't enjoyable to respect Paula.,syntax_semantics,control_raising,tough_vs_raising_2,True,False,False,False,188,-56.406532287597656,-60.35398483276367,1
Renee wasn't bound to take a closet.,Renee wasn't unpleasant to take a closet.,syntax_semantics,control_raising,tough_vs_raising_2,True,False,False,False,189,-49.843238830566406,-54.582550048828125,1
Erin's son is soon to predict the Clintons to examine those commentaries.,Erin's son is irritating to predict the Clintons to examine those commentaries.,syntax_semantics,control_raising,tough_vs_raising_2,True,False,False,False,190,-116.46562194824219,-115.35636901855469,0
Sabrina isn't unlikely to attempt to love a lot of students.,Sabrina isn't boring to attempt to love a lot of students.,syntax_semantics,control_raising,tough_vs_raising_2,True,False,False,False,191,-77.569580078125,-77.76187133789062,1
Homer isn't sure to entreat Rachelle to discover that cucumber.,Homer isn't difficult to entreat Rachelle to discover that cucumber.,syntax_semantics,control_raising,tough_vs_raising_2,True,False,False,False,192,-95.80699157714844,-96.46479797363281,1
A government was unlikely to commission Matt's best friend to sigh.,A government was exciting to commission Matt's best friend to sigh.,syntax_semantics,control_raising,tough_vs_raising_2,True,False,False,False,193,-88.62403106689453,-89.35971069335938,1
Marie isn't sure to entreat Steven to ascend the hills.,Marie isn't boring to entreat Steven to ascend the hills.,syntax_semantics,control_raising,tough_vs_raising_2,True,False,False,False,194,-81.80046844482422,-90.00930786132812,1
Liam was unlikely to forget Kristin.,Liam was hard to forget Kristin.,syntax_semantics,control_raising,tough_vs_raising_2,True,False,False,False,195,-58.4479866027832,-52.1004638671875,0
Laurie's hairdresser isn't about to disagree.,Laurie's hairdresser isn't pleasant to disagree.,syntax_semantics,control_raising,tough_vs_raising_2,True,False,False,False,196,-67.6532974243164,-69.28012084960938,1
Nina's best friends weren't certain to communicate.,Nina's best friends weren't easy to communicate.,syntax_semantics,control_raising,tough_vs_raising_2,True,False,False,False,197,-54.161319732666016,-51.80421447753906,0
Ronald wasn't about to imagine Robert is thinking about who had boasted about this waiter.,Ronald wasn't exciting to imagine Robert is thinking about who had boasted about this waiter.,syntax_semantics,control_raising,tough_vs_raising_2,True,False,False,False,198,-101.150390625,-109.05680847167969,1
Emily is certain to cry.,Emily is annoying to cry.,syntax_semantics,control_raising,tough_vs_raising_2,True,False,False,False,199,-37.48112869262695,-35.017486572265625,0
Kirsten was bound to advise the doctor to cheer.,Kirsten was enjoyable to advise the doctor to cheer.,syntax_semantics,control_raising,tough_vs_raising_2,True,False,False,False,200,-62.09119415283203,-68.02020263671875,1
Helen was about to weep.,Helen was easy to weep.,syntax_semantics,control_raising,tough_vs_raising_2,True,False,False,False,201,-34.05165100097656,-35.68998336791992,1
Some legislature is unlikely to interact.,Some legislature is enjoyable to interact.,syntax_semantics,control_raising,tough_vs_raising_2,True,False,False,False,202,-45.8782958984375,-50.456398010253906,1
A lot of nieces of Cheryl are sure to confer.,A lot of nieces of Cheryl are irritating to confer.,syntax_semantics,control_raising,tough_vs_raising_2,True,False,False,False,203,-77.44898986816406,-79.84138488769531,1
Most grandsons of Lawrence are soon to heal most waitresses.,Most grandsons of Lawrence are annoying to heal most waitresses.,syntax_semantics,control_raising,tough_vs_raising_2,True,False,False,False,204,-104.80181884765625,-106.06666564941406,1
Debra isn't likely to attempt to play.,Debra isn't unpleasant to attempt to play.,syntax_semantics,control_raising,tough_vs_raising_2,True,False,False,False,205,-51.62409973144531,-56.56223678588867,1
Teresa is sure to reveal these slopes.,Teresa is fun to reveal these slopes.,syntax_semantics,control_raising,tough_vs_raising_2,True,False,False,False,206,-58.765113830566406,-64.38011169433594,1
Ladies weren't certain to notice Melinda.,Ladies weren't hard work to notice Melinda.,syntax_semantics,control_raising,tough_vs_raising_2,True,False,False,False,207,-56.4619255065918,-61.619205474853516,1
Brett isn't likely to wear this hat.,Brett isn't easy to wear this hat.,syntax_semantics,control_raising,tough_vs_raising_2,True,False,False,False,208,-47.991756439208984,-46.961246490478516,0
Most prints of that cart weren't about to look like these eyes.,Most prints of that cart weren't easy to look like these eyes.,syntax_semantics,control_raising,tough_vs_raising_2,True,False,False,False,209,-75.00871276855469,-74.28024291992188,0
Tiffany's handyman isn't certain to believe Karen to spin around.,Tiffany's handyman isn't enjoyable to believe Karen to spin around.,syntax_semantics,control_raising,tough_vs_raising_2,True,False,False,False,210,-100.80130004882812,-106.760986328125,1
Gary's boyfriend isn't apt to boast about Gregory.,Gary's boyfriend isn't irritating to boast about Gregory.,syntax_semantics,control_raising,tough_vs_raising_2,True,False,False,False,211,-63.02531433105469,-65.43811798095703,1
Monet was likely to hire Winston Churchill.,Monet was irritating to hire Winston Churchill.,syntax_semantics,control_raising,tough_vs_raising_2,True,False,False,False,212,-59.79873275756836,-65.73306274414062,1
Walter wasn't sure to scan the movies.,Walter wasn't tough to scan the movies.,syntax_semantics,control_raising,tough_vs_raising_2,True,False,False,False,213,-52.08538818359375,-53.93037033081055,1
Rachelle's grandfathers were about to clash.,Rachelle's grandfathers were annoying to clash.,syntax_semantics,control_raising,tough_vs_raising_2,True,False,False,False,214,-65.0523910522461,-71.59355163574219,1
Danielle's girlfriend was certain to wonder who left.,Danielle's girlfriend was difficult to wonder who left.,syntax_semantics,control_raising,tough_vs_raising_2,True,False,False,False,215,-66.68690490722656,-62.263370513916016,0
Most grandsons of all pedestrians are unlikely to prod James to resemble many sketches.,Most grandsons of all pedestrians are unpleasant to prod James to resemble many sketches.,syntax_semantics,control_raising,tough_vs_raising_2,True,False,False,False,216,-123.373046875,-126.66072082519531,1
Bradley's best friend was unlikely to disagree with Margaret.,Bradley's best friend was hard to disagree with Margaret.,syntax_semantics,control_raising,tough_vs_raising_2,True,False,False,False,217,-62.78310012817383,-57.60553741455078,0
The Impressionists are apt to communicate.,The Impressionists are hard work to communicate.,syntax_semantics,control_raising,tough_vs_raising_2,True,False,False,False,218,-40.78809356689453,-46.410377502441406,1
A lot of sons of Beverly were likely to drive to every lake.,A lot of sons of Beverly were hard work to drive to every lake.,syntax_semantics,control_raising,tough_vs_raising_2,True,False,False,False,219,-73.74687957763672,-79.75076293945312,1
Veronica's grandson is likely to declare Tina to flee from Becca.,Veronica's grandson is tough to declare Tina to flee from Becca.,syntax_semantics,control_raising,tough_vs_raising_2,True,False,False,False,220,-91.19640350341797,-93.45759582519531,1
Melinda's nephew wasn't soon to believe Tamara to go to this closet.,Melinda's nephew wasn't hard work to believe Tamara to go to this closet.,syntax_semantics,control_raising,tough_vs_raising_2,True,False,False,False,221,-95.7654037475586,-97.23597717285156,1
Vincent wasn't sure to hurt Ronald.,Vincent wasn't irritating to hurt Ronald.,syntax_semantics,control_raising,tough_vs_raising_2,True,False,False,False,222,-44.06321334838867,-49.7310791015625,1
Some organizations were sure to entreat some niece of Diana to cook.,Some organizations were unpleasant to entreat some niece of Diana to cook.,syntax_semantics,control_raising,tough_vs_raising_2,True,False,False,False,223,-90.96366882324219,-95.37144470214844,1
Becca wasn't certain to shrug.,Becca wasn't annoying to shrug.,syntax_semantics,control_raising,tough_vs_raising_2,True,False,False,False,224,-50.624267578125,-50.71711730957031,1
Noah's hairdressers weren't unlikely to sway Marie to know some waiter.,Noah's hairdressers weren't unpleasant to sway Marie to know some waiter.,syntax_semantics,control_raising,tough_vs_raising_2,True,False,False,False,225,-120.31205749511719,-119.26837921142578,0
A patient's dentists were apt to run around the banks.,A patient's dentists were exciting to run around the banks.,syntax_semantics,control_raising,tough_vs_raising_2,True,False,False,False,226,-67.81392669677734,-71.88719177246094,1
Elaine's ex-boyfriends are apt to chat.,Elaine's ex-boyfriends are enjoyable to chat.,syntax_semantics,control_raising,tough_vs_raising_2,True,False,False,False,227,-68.86767578125,-76.3117446899414,1
Melissa is about to look to grow.,Melissa is difficult to look to grow.,syntax_semantics,control_raising,tough_vs_raising_2,True,False,False,False,228,-46.13849639892578,-47.445594787597656,1
Diane isn't about to hide Cindy.,Diane isn't hard to hide Cindy.,syntax_semantics,control_raising,tough_vs_raising_2,True,False,False,False,229,-52.384315490722656,-51.42859649658203,0
Susan's father wasn't apt to judge Ellen to cough.,Susan's father wasn't pleasant to judge Ellen to cough.,syntax_semantics,control_raising,tough_vs_raising_2,True,False,False,False,230,-67.33404541015625,-70.2982177734375,1
Most ladies aren't likely to listen to the waiter.,Most ladies aren't pleasant to listen to the waiter.,syntax_semantics,control_raising,tough_vs_raising_2,True,False,False,False,231,-48.210182189941406,-51.49829864501953,1
Caroline isn't soon to dislike Angela.,Caroline isn't tough to dislike Angela.,syntax_semantics,control_raising,tough_vs_raising_2,True,False,False,False,232,-50.75114440917969,-49.37984085083008,0
Galileo isn't about to like to train.,Galileo isn't pleasant to like to train.,syntax_semantics,control_raising,tough_vs_raising_2,True,False,False,False,233,-60.0244140625,-63.61572265625,1
Donald isn't about to manage to litter.,Donald isn't hard to manage to litter.,syntax_semantics,control_raising,tough_vs_raising_2,True,False,False,False,234,-51.63432312011719,-49.216461181640625,0
Sherry is likely to scan a story.,Sherry is enjoyable to scan a story.,syntax_semantics,control_raising,tough_vs_raising_2,True,False,False,False,235,-48.23041534423828,-55.3450927734375,1
Most friends of Laurie were certain to know Russell.,Most friends of Laurie were tough to know Russell.,syntax_semantics,control_raising,tough_vs_raising_2,True,False,False,False,236,-68.13560485839844,-69.0028305053711,1
Joseph wasn't likely to weep.,Joseph wasn't tough to weep.,syntax_semantics,control_raising,tough_vs_raising_2,True,False,False,False,237,-38.42759704589844,-40.35270690917969,1
Angela's contractors were about to disagree.,Angela's contractors were hard work to disagree.,syntax_semantics,control_raising,tough_vs_raising_2,True,False,False,False,238,-56.02994155883789,-62.24547576904297,1
This pedestrian wasn't about to continue to like those shoes.,This pedestrian wasn't boring to continue to like those shoes.,syntax_semantics,control_raising,tough_vs_raising_2,True,False,False,False,239,-69.21624755859375,-76.1954574584961,1
The teenager wasn't soon to conceal every teenager.,The teenager wasn't hard to conceal every teenager.,syntax_semantics,control_raising,tough_vs_raising_2,True,False,False,False,240,-61.65849304199219,-55.818748474121094,0
Becca wasn't likely to hide some box.,Becca wasn't boring to hide some box.,syntax_semantics,control_raising,tough_vs_raising_2,True,False,False,False,241,-53.69050598144531,-58.83885955810547,1
Chad's guests are apt to like many lakes.,Chad's guests are hard work to like many lakes.,syntax_semantics,control_raising,tough_vs_raising_2,True,False,False,False,242,-65.88557434082031,-71.62064361572266,1
Walter was likely to notice the plate.,Walter was interesting to notice the plate.,syntax_semantics,control_raising,tough_vs_raising_2,True,False,False,False,243,-48.998836517333984,-51.63291549682617,1
Julia was apt to discover the universities to chat.,Julia was enjoyable to discover the universities to chat.,syntax_semantics,control_raising,tough_vs_raising_2,True,False,False,False,244,-62.94431686401367,-67.71998596191406,1
Many commentaries are bound to irritate Rose.,Many commentaries are exciting to irritate Rose.,syntax_semantics,control_raising,tough_vs_raising_2,True,False,False,False,245,-66.95439147949219,-70.98896789550781,1
The Lutherans are unlikely to encourage Sonia to scan most commentaries.,The Lutherans are boring to encourage Sonia to scan most commentaries.,syntax_semantics,control_raising,tough_vs_raising_2,True,False,False,False,246,-98.71808624267578,-103.97518920898438,1
Every daughter of Rebecca was about to badger Sally's grandmother to smile.,Every daughter of Rebecca was tough to badger Sally's grandmother to smile.,syntax_semantics,control_raising,tough_vs_raising_2,True,False,False,False,247,-90.06085205078125,-94.31136322021484,1
Bill wasn't bound to explain Christina shouldn't distract Beth.,Bill wasn't tough to explain Christina shouldn't distract Beth.,syntax_semantics,control_raising,tough_vs_raising_2,True,False,False,False,248,-75.92848205566406,-77.19200897216797,1
Every grandson of this guy wasn't bound to discover all reports.,Every grandson of this guy wasn't enjoyable to discover all reports.,syntax_semantics,control_raising,tough_vs_raising_2,True,False,False,False,249,-70.31166076660156,-77.80597686767578,1
Sally's fathers were certain to compete.,Sally's fathers were tough to compete.,syntax_semantics,control_raising,tough_vs_raising_2,True,False,False,False,250,-53.614593505859375,-53.639015197753906,1
Richard isn't soon to intend to break most couches.,Richard isn't boring to intend to break most couches.,syntax_semantics,control_raising,tough_vs_raising_2,True,False,False,False,251,-74.06600952148438,-74.1454849243164,1
The student's father isn't soon to weep.,The student's father isn't hard work to weep.,syntax_semantics,control_raising,tough_vs_raising_2,True,False,False,False,252,-53.18690490722656,-54.77098846435547,1
Associations weren't certain to chat.,Associations weren't enjoyable to chat.,syntax_semantics,control_raising,tough_vs_raising_2,True,False,False,False,253,-56.219398498535156,-58.7161750793457,1
Catherine was soon to commission Omar to appear.,Catherine was unpleasant to commission Omar to appear.,syntax_semantics,control_raising,tough_vs_raising_2,True,False,False,False,254,-69.80057525634766,-72.55502319335938,1
Many boys' spouse isn't about to fall asleep.,Many boys' spouse isn't boring to fall asleep.,syntax_semantics,control_raising,tough_vs_raising_2,True,False,False,False,255,-66.15959930419922,-68.23513793945312,1
Naomi was certain to embarrass Jesus.,Naomi was enjoyable to embarrass Jesus.,syntax_semantics,control_raising,tough_vs_raising_2,True,False,False,False,256,-52.56025695800781,-54.864013671875,1
Ann is soon to want this mushroom to ripen.,Ann is interesting to want this mushroom to ripen.,syntax_semantics,control_raising,tough_vs_raising_2,True,False,False,False,257,-71.57061004638672,-70.1201171875,0
Some drawing isn't soon to shock Carmen.,Some drawing isn't hard work to shock Carmen.,syntax_semantics,control_raising,tough_vs_raising_2,True,False,False,False,258,-64.71078491210938,-65.88141632080078,1
The Lutherans were about to buy those carriages.,The Lutherans were interesting to buy those carriages.,syntax_semantics,control_raising,tough_vs_raising_2,True,False,False,False,259,-59.102943420410156,-65.73591613769531,1
Ruth wasn't apt to encourage Benjamin to argue.,Ruth wasn't irritating to encourage Benjamin to argue.,syntax_semantics,control_raising,tough_vs_raising_2,True,False,False,False,260,-58.60717010498047,-64.06536865234375,1
Stephen's French teachers were certain to reveal a lot of art galleries.,Stephen's French teachers were fun to reveal a lot of art galleries.,syntax_semantics,control_raising,tough_vs_raising_2,True,False,False,False,261,-84.48038482666016,-84.03008270263672,0
Lori's mothers were sure to believe that lamp to brighten.,Lori's mothers were difficult to believe that lamp to brighten.,syntax_semantics,control_raising,tough_vs_raising_2,True,False,False,False,262,-89.80502319335938,-91.64305877685547,1
Derek isn't certain to cry.,Derek isn't hard work to cry.,syntax_semantics,control_raising,tough_vs_raising_2,True,False,False,False,263,-42.683292388916016,-44.364356994628906,1
George's fathers are unlikely to think about who complain.,George's fathers are hard to think about who complain.,syntax_semantics,control_raising,tough_vs_raising_2,True,False,False,False,264,-68.08554077148438,-63.412986755371094,0
Kenneth's mother isn't apt to go fishing.,Kenneth's mother isn't easy to go fishing.,syntax_semantics,control_raising,tough_vs_raising_2,True,False,False,False,265,-53.28334045410156,-51.58130645751953,0
Alexander was likely to fall.,Alexander was difficult to fall.,syntax_semantics,control_raising,tough_vs_raising_2,True,False,False,False,266,-31.934537887573242,-32.690921783447266,1
Rhonda isn't unlikely to forget what hadn't brightened.,Rhonda isn't enjoyable to forget what hadn't brightened.,syntax_semantics,control_raising,tough_vs_raising_2,True,False,False,False,267,-84.55487060546875,-85.49905395507812,1
Keith wasn't about to attack Allison.,Keith wasn't difficult to attack Allison.,syntax_semantics,control_raising,tough_vs_raising_2,True,False,False,False,268,-48.74440383911133,-51.238487243652344,1
Chad is about to need that child to hire Mitchell.,Chad is fun to need that child to hire Mitchell.,syntax_semantics,control_raising,tough_vs_raising_2,True,False,False,False,269,-71.0392074584961,-75.67324829101562,1
Joel's contractor was soon to force Rhonda to boycott the committees.,Joel's contractor was tough to force Rhonda to boycott the committees.,syntax_semantics,control_raising,tough_vs_raising_2,True,False,False,False,270,-105.52810668945312,-107.24058532714844,1
Women's sisters aren't bound to forget about who was convincing Brenda to slump over.,Women's sisters aren't boring to forget about who was convincing Brenda to slump over.,syntax_semantics,control_raising,tough_vs_raising_2,True,False,False,False,271,-106.36823272705078,-109.18023681640625,1
Denise was soon to induce a lot of guests to fire Curtis.,Denise was irritating to induce a lot of guests to fire Curtis.,syntax_semantics,control_raising,tough_vs_raising_2,True,False,False,False,272,-82.98360443115234,-86.28646087646484,1
Jerry was sure to scare Amanda.,Jerry was hard to scare Amanda.,syntax_semantics,control_raising,tough_vs_raising_2,True,False,False,False,273,-39.60603332519531,-39.72792053222656,1
Patients weren't certain to pass many schools.,Patients weren't irritating to pass many schools.,syntax_semantics,control_raising,tough_vs_raising_2,True,False,False,False,274,-61.3184928894043,-65.75900268554688,1
The mother of Marla wasn't bound to implore Rose to confuse Peter.,The mother of Marla wasn't easy to implore Rose to confuse Peter.,syntax_semantics,control_raising,tough_vs_raising_2,True,False,False,False,275,-95.61351013183594,-95.43110656738281,0
Peter was about to propose to look like the sketches.,Peter was easy to propose to look like the sketches.,syntax_semantics,control_raising,tough_vs_raising_2,True,False,False,False,276,-58.336524963378906,-59.543235778808594,1
Those students aren't unlikely to find out who reveal those casseroles.,Those students aren't unpleasant to find out who reveal those casseroles.,syntax_semantics,control_raising,tough_vs_raising_2,True,False,False,False,277,-85.51905059814453,-87.55194091796875,1
The Borgias weren't bound to boast about Lissa.,The Borgias weren't fun to boast about Lissa.,syntax_semantics,control_raising,tough_vs_raising_2,True,False,False,False,278,-74.44213104248047,-77.28470611572266,1
That offspring is certain to oblige Laura to see Linda.,That offspring is interesting to oblige Laura to see Linda.,syntax_semantics,control_raising,tough_vs_raising_2,True,False,False,False,279,-77.38531494140625,-74.85610961914062,0
That doctor was apt to die.,That doctor was fun to die.,syntax_semantics,control_raising,tough_vs_raising_2,True,False,False,False,280,-36.29592514038086,-35.625,0
The photographs of some ice are certain to alarm Leslie.,The photographs of some ice are pleasant to alarm Leslie.,syntax_semantics,control_raising,tough_vs_raising_2,True,False,False,False,281,-75.14796447753906,-73.6632080078125,0
Sheila was likely to bring that light.,Sheila was boring to bring that light.,syntax_semantics,control_raising,tough_vs_raising_2,True,False,False,False,282,-47.179176330566406,-49.57832717895508,1
A waiter isn't likely to examine some essay.,A waiter isn't easy to examine some essay.,syntax_semantics,control_raising,tough_vs_raising_2,True,False,False,False,283,-56.53404235839844,-55.72722244262695,0
Steve's dermatologists were sure to retaliate.,Steve's dermatologists were easy to retaliate.,syntax_semantics,control_raising,tough_vs_raising_2,True,False,False,False,284,-59.56127166748047,-58.63371276855469,0
Becca wasn't likely to investigate what stretches.,Becca wasn't hard to investigate what stretches.,syntax_semantics,control_raising,tough_vs_raising_2,True,False,False,False,285,-60.6029167175293,-60.50371551513672,0
Melissa isn't apt to appear to donate.,Melissa isn't tough to appear to donate.,syntax_semantics,control_raising,tough_vs_raising_2,True,False,False,False,286,-51.939430236816406,-53.639766693115234,1
These cousins of all pedestrians are apt to work hard.,These cousins of all pedestrians are exciting to work hard.,syntax_semantics,control_raising,tough_vs_raising_2,True,False,False,False,287,-62.815120697021484,-65.87622833251953,1
Some oxen are unlikely to descend ladders.,Some oxen are enjoyable to descend ladders.,syntax_semantics,control_raising,tough_vs_raising_2,True,False,False,False,288,-58.79328155517578,-63.053096771240234,1
That grandson of Samuel is sure to skate around every bank.,That grandson of Samuel is fun to skate around every bank.,syntax_semantics,control_raising,tough_vs_raising_2,True,False,False,False,289,-76.343994140625,-79.76237487792969,1
Stephen's podiatrists weren't bound to disagree with that newspaper article.,Stephen's podiatrists weren't difficult to disagree with that newspaper article.,syntax_semantics,control_raising,tough_vs_raising_2,True,False,False,False,290,-105.73797607421875,-106.15973663330078,1
Sharon was likely to skate around that bank.,Sharon was enjoyable to skate around that bank.,syntax_semantics,control_raising,tough_vs_raising_2,True,False,False,False,291,-60.028404235839844,-65.92870330810547,1
Veronica's boyfriend wasn't certain to consider many pedestrians to escape.,Veronica's boyfriend wasn't irritating to consider many pedestrians to escape.,syntax_semantics,control_raising,tough_vs_raising_2,True,False,False,False,292,-86.76283264160156,-89.80583190917969,1
That axis wasn't bound to embarrass Paul.,That axis wasn't annoying to embarrass Paul.,syntax_semantics,control_raising,tough_vs_raising_2,True,False,False,False,293,-63.21784973144531,-64.68510437011719,1
Kristin's oncologist wasn't apt to discover the teachers to embrace.,Kristin's oncologist wasn't hard work to discover the teachers to embrace.,syntax_semantics,control_raising,tough_vs_raising_2,True,False,False,False,294,-100.03468322753906,-106.82159423828125,1
Clyde wasn't sure to dare Pamela to fall asleep.,Clyde wasn't unpleasant to dare Pamela to fall asleep.,syntax_semantics,control_raising,tough_vs_raising_2,True,False,False,False,295,-78.75518798828125,-82.223876953125,1
Some mothers of Brad aren't sure to chat.,Some mothers of Brad aren't fun to chat.,syntax_semantics,control_raising,tough_vs_raising_2,True,False,False,False,296,-60.86071014404297,-62.312259674072266,1
Jesus is sure to find Carl to leave this waitress.,Jesus is boring to find Carl to leave this waitress.,syntax_semantics,control_raising,tough_vs_raising_2,True,False,False,False,297,-67.05242919921875,-71.04595947265625,1
Rhonda isn't soon to observe Tammy.,Rhonda isn't fun to observe Tammy.,syntax_semantics,control_raising,tough_vs_raising_2,True,False,False,False,298,-66.15666198730469,-65.43855285644531,0
Guy's senators aren't about to explain Laura wasn't passing those museums.,Guy's senators aren't boring to explain Laura wasn't passing those museums.,syntax_semantics,control_raising,tough_vs_raising_2,True,False,False,False,299,-101.0807876586914,-105.67398071289062,1
Christopher was soon to long to approach all waitresses.,Christopher was hard to long to approach all waitresses.,syntax_semantics,control_raising,tough_vs_raising_2,True,False,False,False,300,-80.33518981933594,-78.4140625,0
Melissa was likely to learn who isn't requiring Harvard University to work with Sheila.,Melissa was tough to learn who isn't requiring Harvard University to work with Sheila.,syntax_semantics,control_raising,tough_vs_raising_2,True,False,False,False,301,-101.68354797363281,-102.66513061523438,1
Ladies weren't apt to disagree with Debra.,Ladies weren't hard work to disagree with Debra.,syntax_semantics,control_raising,tough_vs_raising_2,True,False,False,False,302,-58.570091247558594,-65.37410736083984,1
Lawrence is bound to look like many prints.,Lawrence is hard to look like many prints.,syntax_semantics,control_raising,tough_vs_raising_2,True,False,False,False,303,-55.19212341308594,-52.93987274169922,0
The actors' students are certain to entice Winston Churchill's niece to upset Diane.,The actors' students are irritating to entice Winston Churchill's niece to upset Diane.,syntax_semantics,control_raising,tough_vs_raising_2,True,False,False,False,304,-114.80003356933594,-113.2146224975586,0
Brad is apt to love Sabrina.,Brad is difficult to love Sabrina.,syntax_semantics,control_raising,tough_vs_raising_2,True,False,False,False,305,-50.35862731933594,-50.47616958618164,1
Gerald was about to sway Anna to bother Martha.,Gerald was annoying to sway Anna to bother Martha.,syntax_semantics,control_raising,tough_vs_raising_2,True,False,False,False,306,-69.06520080566406,-75.04243469238281,1
Some person was sure to litter.,Some person was unpleasant to litter.,syntax_semantics,control_raising,tough_vs_raising_2,True,False,False,False,307,-46.48627471923828,-49.70236587524414,1
Candice wasn't apt to leave Charles.,Candice wasn't annoying to leave Charles.,syntax_semantics,control_raising,tough_vs_raising_2,True,False,False,False,308,-49.51239776611328,-53.457550048828125,1
Anne's brothers are sure to cope.,Anne's brothers are hard to cope.,syntax_semantics,control_raising,tough_vs_raising_2,True,False,False,False,309,-43.9681282043457,-41.5132942199707,0
This grandson of Gina wasn't soon to wave.,This grandson of Gina wasn't irritating to wave.,syntax_semantics,control_raising,tough_vs_raising_2,True,False,False,False,310,-66.15524291992188,-66.65475463867188,1
Roger's hairdresser isn't likely to sway some guy to study.,Roger's hairdresser isn't pleasant to sway some guy to study.,syntax_semantics,control_raising,tough_vs_raising_2,True,False,False,False,311,-87.42935180664062,-93.19639587402344,1
Valerie wasn't certain to skate around these hills.,Valerie wasn't enjoyable to skate around these hills.,syntax_semantics,control_raising,tough_vs_raising_2,True,False,False,False,312,-69.71369171142578,-73.40254974365234,1
Eva's hairdressers weren't apt to work hard.,Eva's hairdressers weren't boring to work hard.,syntax_semantics,control_raising,tough_vs_raising_2,True,False,False,False,313,-61.31520080566406,-66.4813003540039,1
Cynthia was sure to see libraries.,Cynthia was exciting to see libraries.,syntax_semantics,control_raising,tough_vs_raising_2,True,False,False,False,314,-56.12528991699219,-60.15922546386719,1
Nieces of Craig are about to force all men to respect that library.,Nieces of Craig are irritating to force all men to respect that library.,syntax_semantics,control_raising,tough_vs_raising_2,True,False,False,False,315,-100.93165588378906,-107.28433227539062,1
Most nephews of the Clintons weren't about to explore that public park.,Most nephews of the Clintons weren't boring to explore that public park.,syntax_semantics,control_raising,tough_vs_raising_2,True,False,False,False,316,-94.32157135009766,-102.64727783203125,1
Paul was bound to praise Diana.,Paul was tough to praise Diana.,syntax_semantics,control_raising,tough_vs_raising_2,True,False,False,False,317,-43.616310119628906,-47.269500732421875,1
Julia was certain to oblige Bethany to bother Jeffrey.,Julia was pleasant to oblige Bethany to bother Jeffrey.,syntax_semantics,control_raising,tough_vs_raising_2,True,False,False,False,318,-75.89623260498047,-75.24447631835938,0
Every waiter isn't sure to murmur.,Every waiter isn't easy to murmur.,syntax_semantics,control_raising,tough_vs_raising_2,True,False,False,False,319,-50.111907958984375,-48.81243133544922,0
Bruce was apt to sound like many grocery stores.,Bruce was irritating to sound like many grocery stores.,syntax_semantics,control_raising,tough_vs_raising_2,True,False,False,False,320,-61.78257369995117,-64.37902069091797,1
Current events weren't likely to impress Carolyn.,Current events weren't hard work to impress Carolyn.,syntax_semantics,control_raising,tough_vs_raising_2,True,False,False,False,321,-54.59239959716797,-61.35831832885742,1
Gerald wasn't sure to visit all public parks.,Gerald wasn't irritating to visit all public parks.,syntax_semantics,control_raising,tough_vs_raising_2,True,False,False,False,322,-61.33634948730469,-67.92007446289062,1
A pedestrian wasn't about to have all computers.,A pedestrian wasn't tough to have all computers.,syntax_semantics,control_raising,tough_vs_raising_2,True,False,False,False,323,-58.78849792480469,-60.8381233215332,1
Margaret's tutors weren't soon to wish to hate Ruth.,Margaret's tutors weren't easy to wish to hate Ruth.,syntax_semantics,control_raising,tough_vs_raising_2,True,False,False,False,324,-76.86322021484375,-71.65547180175781,0
Galileo is bound to wonder who hasn't hired a lot of teenagers.,Galileo is annoying to wonder who hasn't hired a lot of teenagers.,syntax_semantics,control_raising,tough_vs_raising_2,True,False,False,False,325,-86.8994140625,-86.84857177734375,0
Wendy's associate is certain to want the actresses to compete.,Wendy's associate is hard work to want the actresses to compete.,syntax_semantics,control_raising,tough_vs_raising_2,True,False,False,False,326,-79.79475402832031,-80.81233215332031,1
Rose wasn't certain to work with Laurie.,Rose wasn't interesting to work with Laurie.,syntax_semantics,control_raising,tough_vs_raising_2,True,False,False,False,327,-51.05137252807617,-51.15879821777344,1
Eva's partners were soon to wear all scarves.,Eva's partners were hard work to wear all scarves.,syntax_semantics,control_raising,tough_vs_raising_2,True,False,False,False,328,-71.24061584472656,-73.24315643310547,1
Helen isn't certain to force Scott to salute.,Helen isn't exciting to force Scott to salute.,syntax_semantics,control_raising,tough_vs_raising_2,True,False,False,False,329,-67.58440399169922,-68.83119201660156,1
Some granddaughter of Angela wasn't soon to investigate who returned to some person.,Some granddaughter of Angela wasn't hard work to investigate who returned to some person.,syntax_semantics,control_raising,tough_vs_raising_2,True,False,False,False,330,-95.44387817382812,-97.082763671875,1
Most teachers' students aren't unlikely to expect the adult to eat.,Most teachers' students aren't hard work to expect the adult to eat.,syntax_semantics,control_raising,tough_vs_raising_2,True,False,False,False,331,-81.40007781982422,-81.89096069335938,1
Katherine isn't apt to return to every adult.,Katherine isn't tough to return to every adult.,syntax_semantics,control_raising,tough_vs_raising_2,True,False,False,False,332,-58.493804931640625,-59.70496368408203,1
Timothy's classmate was likely to clean a lot of peppers.,Timothy's classmate was difficult to clean a lot of peppers.,syntax_semantics,control_raising,tough_vs_raising_2,True,False,False,False,333,-72.2197265625,-71.19973754882812,0
Those children were soon to want to disturb every organization.,Those children were hard to want to disturb every organization.,syntax_semantics,control_raising,tough_vs_raising_2,True,False,False,False,334,-64.20376586914062,-59.909523010253906,0
Some doctor's dermatologist is about to tour grocery stores.,Some doctor's dermatologist is pleasant to tour grocery stores.,syntax_semantics,control_raising,tough_vs_raising_2,True,False,False,False,335,-73.47718811035156,-78.36632537841797,1
Paul isn't apt to commission all children to shrug.,Paul isn't boring to commission all children to shrug.,syntax_semantics,control_raising,tough_vs_raising_2,True,False,False,False,336,-75.5214614868164,-81.18672180175781,1
An actor is likely to refuse to drink.,An actor is enjoyable to refuse to drink.,syntax_semantics,control_raising,tough_vs_raising_2,True,False,False,False,337,-44.531639099121094,-49.998016357421875,1
A lot of schools aren't certain to propose to come here.,A lot of schools aren't irritating to propose to come here.,syntax_semantics,control_raising,tough_vs_raising_2,True,False,False,False,338,-57.958248138427734,-62.289794921875,1
Patricia's mother is soon to talk to Candice.,Patricia's mother is annoying to talk to Candice.,syntax_semantics,control_raising,tough_vs_raising_2,True,False,False,False,339,-57.74274444580078,-56.53627014160156,0
Regina is sure to listen to Douglas.,Regina is irritating to listen to Douglas.,syntax_semantics,control_raising,tough_vs_raising_2,True,False,False,False,340,-48.301109313964844,-51.04249572753906,1
Anne was sure to hide Richard.,Anne was easy to hide Richard.,syntax_semantics,control_raising,tough_vs_raising_2,True,False,False,False,341,-39.66807556152344,-39.27678680419922,0
These octopi are apt to bother Amy.,These octopi are interesting to bother Amy.,syntax_semantics,control_raising,tough_vs_raising_2,True,False,False,False,342,-60.418968200683594,-63.07537078857422,1
Every committee is bound to respond.,Every committee is hard to respond.,syntax_semantics,control_raising,tough_vs_raising_2,True,False,False,False,343,-38.241390228271484,-37.19916534423828,0
Thomas was certain to fire Amelia.,Thomas was unpleasant to fire Amelia.,syntax_semantics,control_raising,tough_vs_raising_2,True,False,False,False,344,-53.53572463989258,-52.63187026977539,0
All books are unlikely to embarrass Gerald.,All books are annoying to embarrass Gerald.,syntax_semantics,control_raising,tough_vs_raising_2,True,False,False,False,345,-52.88978576660156,-53.107906341552734,1
Debra isn't certain to need to donate.,Debra isn't annoying to need to donate.,syntax_semantics,control_raising,tough_vs_raising_2,True,False,False,False,346,-58.77571105957031,-58.62681198120117,0
Some hypotheses were soon to upset Bethany.,Some hypotheses were fun to upset Bethany.,syntax_semantics,control_raising,tough_vs_raising_2,True,False,False,False,347,-63.011783599853516,-63.13349151611328,1
Gerald's supervisor wasn't soon to disgust Nina.,Gerald's supervisor wasn't easy to disgust Nina.,syntax_semantics,control_raising,tough_vs_raising_2,True,False,False,False,348,-68.42009735107422,-64.3810043334961,0
Carl's friends weren't soon to think about who hasn't taken a box.,Carl's friends weren't interesting to think about who hasn't taken a box.,syntax_semantics,control_raising,tough_vs_raising_2,True,False,False,False,349,-82.71055603027344,-81.57118225097656,0
The doctor is soon to manage to criticize Judy.,The doctor is difficult to manage to criticize Judy.,syntax_semantics,control_raising,tough_vs_raising_2,True,False,False,False,350,-58.123573303222656,-52.14457702636719,0
Naomi is about to declare Kevin to approach Benjamin.,Naomi is annoying to declare Kevin to approach Benjamin.,syntax_semantics,control_raising,tough_vs_raising_2,True,False,False,False,351,-68.96714782714844,-76.54022216796875,1
Guys aren't certain to cry.,Guys aren't exciting to cry.,syntax_semantics,control_raising,tough_vs_raising_2,True,False,False,False,352,-39.474708557128906,-39.077919006347656,0
A report isn't certain to confuse a guy.,A report isn't enjoyable to confuse a guy.,syntax_semantics,control_raising,tough_vs_raising_2,True,False,False,False,353,-55.09907531738281,-59.494136810302734,1
Those drivers' podiatrists were sure to spur those companies to reply.,Those drivers' podiatrists were fun to spur those companies to reply.,syntax_semantics,control_raising,tough_vs_raising_2,True,False,False,False,354,-111.45860290527344,-117.43196105957031,1
Renee was about to disturb the Impressionists.,Renee was interesting to disturb the Impressionists.,syntax_semantics,control_raising,tough_vs_raising_2,True,False,False,False,355,-57.16123962402344,-63.62803268432617,1
Margaret was about to propose to examine some commentaries.,Margaret was annoying to propose to examine some commentaries.,syntax_semantics,control_raising,tough_vs_raising_2,True,False,False,False,356,-64.7841796875,-70.93190002441406,1
Kristin isn't likely to complain.,Kristin isn't enjoyable to complain.,syntax_semantics,control_raising,tough_vs_raising_2,True,False,False,False,357,-41.82402038574219,-49.604278564453125,1
Most girls' plumber isn't sure to stun every doctor.,Most girls' plumber isn't fun to stun every doctor.,syntax_semantics,control_raising,tough_vs_raising_2,True,False,False,False,358,-83.60456085205078,-87.70407104492188,1
Suzanne isn't sure to reveal that print.,Suzanne isn't interesting to reveal that print.,syntax_semantics,control_raising,tough_vs_raising_2,True,False,False,False,359,-58.798709869384766,-62.280860900878906,1
Rose wasn't about to prevent the rabbit from existing.,Rose wasn't annoying to prevent the rabbit from existing.,syntax_semantics,control_raising,tough_vs_raising_2,True,False,False,False,360,-64.46185302734375,-69.26641845703125,1
Danielle is bound to intend to love Douglas.,Danielle is tough to intend to love Douglas.,syntax_semantics,control_raising,tough_vs_raising_2,True,False,False,False,361,-62.26875305175781,-65.31565856933594,1
Nicole is bound to kiss Naomi.,Nicole is enjoyable to kiss Naomi.,syntax_semantics,control_raising,tough_vs_raising_2,True,False,False,False,362,-49.32246780395508,-55.32886505126953,1
Donald is certain to annoy Cheryl.,Donald is hard work to annoy Cheryl.,syntax_semantics,control_raising,tough_vs_raising_2,True,False,False,False,363,-52.152313232421875,-52.820892333984375,1
Beth's cousins are certain to advise Rodney to exercise.,Beth's cousins are unpleasant to advise Rodney to exercise.,syntax_semantics,control_raising,tough_vs_raising_2,True,False,False,False,364,-77.70378112792969,-78.86817932128906,1
Cheryl is apt to watch Paul.,Cheryl is fun to watch Paul.,syntax_semantics,control_raising,tough_vs_raising_2,True,False,False,False,365,-52.985328674316406,-52.950843811035156,0
Naomi was certain to cry.,Naomi was difficult to cry.,syntax_semantics,control_raising,tough_vs_raising_2,True,False,False,False,366,-41.179779052734375,-37.202301025390625,0
Todd was certain to motivate Lawrence to argue about Lisa.,Todd was interesting to motivate Lawrence to argue about Lisa.,syntax_semantics,control_raising,tough_vs_raising_2,True,False,False,False,367,-70.18285369873047,-71.36185455322266,1
Kayla was likely to propose to aggravate Larry.,Kayla was tough to propose to aggravate Larry.,syntax_semantics,control_raising,tough_vs_raising_2,True,False,False,False,368,-71.5962142944336,-74.75479888916016,1
Some father of Margaret wasn't bound to sell bread.,Some father of Margaret wasn't boring to sell bread.,syntax_semantics,control_raising,tough_vs_raising_2,True,False,False,False,369,-64.50930786132812,-69.25387573242188,1
Amelia is apt to bring every book.,Amelia is enjoyable to bring every book.,syntax_semantics,control_raising,tough_vs_raising_2,True,False,False,False,370,-48.33590316772461,-54.757415771484375,1
A banana is sure to rot.,A banana is difficult to rot.,syntax_semantics,control_raising,tough_vs_raising_2,True,False,False,False,371,-39.551536560058594,-37.559608459472656,0
Kristin's piano teachers are soon to murmur.,Kristin's piano teachers are exciting to murmur.,syntax_semantics,control_raising,tough_vs_raising_2,True,False,False,False,372,-71.57856750488281,-71.126708984375,0
Who isn't bound to think about the ladder.,Who isn't easy to think about the ladder.,syntax_semantics,control_raising,tough_vs_raising_2,True,False,False,False,373,-47.60398864746094,-44.51786804199219,0
Victoria's grandfather was soon to impress a lot of legislatures.,Victoria's grandfather was difficult to impress a lot of legislatures.,syntax_semantics,control_raising,tough_vs_raising_2,True,False,False,False,374,-71.0856704711914,-68.57887268066406,0
That guest's brother was soon to praise Kristin.,That guest's brother was fun to praise Kristin.,syntax_semantics,control_raising,tough_vs_raising_2,True,False,False,False,375,-73.36227416992188,-72.02357482910156,0
Bruce wasn't soon to sigh.,Bruce wasn't interesting to sigh.,syntax_semantics,control_raising,tough_vs_raising_2,True,False,False,False,376,-45.76953887939453,-45.12234878540039,0
Edward's granddaughters were sure to bring every candle.,Edward's granddaughters were exciting to bring every candle.,syntax_semantics,control_raising,tough_vs_raising_2,True,False,False,False,377,-71.59672546386719,-76.28750610351562,1
Elaine was soon to manage to hide away.,Elaine was boring to manage to hide away.,syntax_semantics,control_raising,tough_vs_raising_2,True,False,False,False,378,-49.33604431152344,-53.700408935546875,1
Tina was certain to discover the driver to escape.,Tina was tough to discover the driver to escape.,syntax_semantics,control_raising,tough_vs_raising_2,True,False,False,False,379,-56.690711975097656,-56.60926818847656,0
Teresa's mother wasn't about to leave Deanna.,Teresa's mother wasn't interesting to leave Deanna.,syntax_semantics,control_raising,tough_vs_raising_2,True,False,False,False,380,-65.39799499511719,-71.00157928466797,1
Robert isn't unlikely to doubt Angela negotiates.,Robert isn't easy to doubt Angela negotiates.,syntax_semantics,control_raising,tough_vs_raising_2,True,False,False,False,381,-67.30415344238281,-61.43268966674805,0
Those granddaughters of Nancy were bound to hide a casserole.,Those granddaughters of Nancy were difficult to hide a casserole.,syntax_semantics,control_raising,tough_vs_raising_2,True,False,False,False,382,-83.67667388916016,-85.72004699707031,1
Jesus isn't certain to bore Matt.,Jesus isn't tough to bore Matt.,syntax_semantics,control_raising,tough_vs_raising_2,True,False,False,False,383,-56.06324005126953,-53.66520690917969,0
The Impressionists aren't soon to attack most teachers.,The Impressionists aren't enjoyable to attack most teachers.,syntax_semantics,control_raising,tough_vs_raising_2,True,False,False,False,384,-70.88793182373047,-72.56639099121094,1
Most senators' boyfriend isn't bound to look like some paintings.,Most senators' boyfriend isn't unpleasant to look like some paintings.,syntax_semantics,control_raising,tough_vs_raising_2,True,False,False,False,385,-80.8586654663086,-85.27388000488281,1
Some waitress isn't soon to boast.,Some waitress isn't hard to boast.,syntax_semantics,control_raising,tough_vs_raising_2,True,False,False,False,386,-54.86976623535156,-47.54381561279297,0
The committees weren't bound to forget about who isn't prodding Rodney to waste away.,The committees weren't pleasant to forget about who isn't prodding Rodney to waste away.,syntax_semantics,control_raising,tough_vs_raising_2,True,False,False,False,387,-106.17005157470703,-109.24175262451172,1
Todd isn't bound to go fishing.,Todd isn't boring to go fishing.,syntax_semantics,control_raising,tough_vs_raising_2,True,False,False,False,388,-41.50186538696289,-44.80152130126953,1
Sherry isn't about to skate around these movie theaters.,Sherry isn't fun to skate around these movie theaters.,syntax_semantics,control_raising,tough_vs_raising_2,True,False,False,False,389,-74.76031494140625,-75.39990234375,1
An organization isn't certain to conspire.,An organization isn't hard work to conspire.,syntax_semantics,control_raising,tough_vs_raising_2,True,False,False,False,390,-53.57440185546875,-57.84418869018555,1
The picture isn't soon to look like some cafe.,The picture isn't enjoyable to look like some cafe.,syntax_semantics,control_raising,tough_vs_raising_2,True,False,False,False,391,-57.863624572753906,-60.87312316894531,1
This play is soon to bother Kristen.,This play is pleasant to bother Kristen.,syntax_semantics,control_raising,tough_vs_raising_2,True,False,False,False,392,-54.18925476074219,-54.8175048828125,1
Dawn isn't bound to hate Melinda.,Dawn isn't exciting to hate Melinda.,syntax_semantics,control_raising,tough_vs_raising_2,True,False,False,False,393,-59.9266471862793,-61.071983337402344,1
Kathleen was sure to break every dish.,Kathleen was interesting to break every dish.,syntax_semantics,control_raising,tough_vs_raising_2,True,False,False,False,394,-53.692832946777344,-58.11004638671875,1
Paula is certain to climb down all steps.,Paula is boring to climb down all steps.,syntax_semantics,control_raising,tough_vs_raising_2,True,False,False,False,395,-56.90799331665039,-56.819313049316406,0
Beth's associates were apt to motivate Naomi to litter.,Beth's associates were interesting to motivate Naomi to litter.,syntax_semantics,control_raising,tough_vs_raising_2,True,False,False,False,396,-81.8602294921875,-85.32382202148438,1
Amy isn't bound to propose to exist.,Amy isn't tough to propose to exist.,syntax_semantics,control_raising,tough_vs_raising_2,True,False,False,False,397,-48.89640808105469,-50.71722412109375,1
Rebecca is soon to induce Liam to shout.,Rebecca is boring to induce Liam to shout.,syntax_semantics,control_raising,tough_vs_raising_2,True,False,False,False,398,-63.99506378173828,-65.38868713378906,1
Thomas isn't bound to approach Gregory.,Thomas isn't exciting to approach Gregory.,syntax_semantics,control_raising,tough_vs_raising_2,True,False,False,False,399,-50.96063232421875,-54.316986083984375,1
Kevin's niece isn't certain to leave some boy.,Kevin's niece isn't difficult to leave some boy.,syntax_semantics,control_raising,tough_vs_raising_2,True,False,False,False,400,-66.25634765625,-63.236663818359375,0
The offspring was sure to discover who sneezes.,The offspring was irritating to discover who sneezes.,syntax_semantics,control_raising,tough_vs_raising_2,True,False,False,False,401,-59.951690673828125,-62.97647476196289,1
Maria wasn't sure to oblige Joel's mothers to cook.,Maria wasn't hard to oblige Joel's mothers to cook.,syntax_semantics,control_raising,tough_vs_raising_2,True,False,False,False,402,-76.80752563476562,-77.54318237304688,1
Many teenagers aren't certain to negotiate.,Many teenagers aren't fun to negotiate.,syntax_semantics,control_raising,tough_vs_raising_2,True,False,False,False,403,-45.34617614746094,-47.57387161254883,1
Colleen isn't about to astound Michelle.,Colleen isn't fun to astound Michelle.,syntax_semantics,control_raising,tough_vs_raising_2,True,False,False,False,404,-68.46652221679688,-73.20014953613281,1
Deanna wasn't bound to beg this grandson of those doctors to compromise.,Deanna wasn't pleasant to beg this grandson of those doctors to compromise.,syntax_semantics,control_raising,tough_vs_raising_2,True,False,False,False,405,-92.82276916503906,-97.12031555175781,1
The girl wasn't sure to flee from all doctors.,The girl wasn't boring to flee from all doctors.,syntax_semantics,control_raising,tough_vs_raising_2,True,False,False,False,406,-57.54756546020508,-64.90641021728516,1
These grandmothers of Alicia weren't bound to find some eye.,These grandmothers of Alicia weren't irritating to find some eye.,syntax_semantics,control_raising,tough_vs_raising_2,True,False,False,False,407,-82.88372802734375,-87.91767883300781,1
A father of Melissa isn't soon to oblige Benjamin's daughter to scratch.,A father of Melissa isn't difficult to oblige Benjamin's daughter to scratch.,syntax_semantics,control_raising,tough_vs_raising_2,True,False,False,False,408,-90.87559509277344,-88.2225341796875,0
Jeffrey wasn't certain to criticize those cashiers.,Jeffrey wasn't fun to criticize those cashiers.,syntax_semantics,control_raising,tough_vs_raising_2,True,False,False,False,409,-65.76347351074219,-68.77944946289062,1
Those reports aren't bound to annoy a lot of actors.,Those reports aren't hard work to annoy a lot of actors.,syntax_semantics,control_raising,tough_vs_raising_2,True,False,False,False,410,-62.35283660888672,-66.32717895507812,1
Travis isn't about to chuckle.,Travis isn't easy to chuckle.,syntax_semantics,control_raising,tough_vs_raising_2,True,False,False,False,411,-46.529762268066406,-44.115638732910156,0
Mitchell's handymen were sure to confer.,Mitchell's handymen were easy to confer.,syntax_semantics,control_raising,tough_vs_raising_2,True,False,False,False,412,-64.5892105102539,-63.58709716796875,0
Ronald isn't likely to leave Carmen.,Ronald isn't tough to leave Carmen.,syntax_semantics,control_raising,tough_vs_raising_2,True,False,False,False,413,-49.60918426513672,-53.265968322753906,1
Sally's daughter was soon to explain many guys fail to wear a sock.,Sally's daughter was annoying to explain many guys fail to wear a sock.,syntax_semantics,control_raising,tough_vs_raising_2,True,False,False,False,414,-98.63346862792969,-98.27780151367188,0
Beth wasn't apt to advise the waiter to look like these pictures.,Beth wasn't tough to advise the waiter to look like these pictures.,syntax_semantics,control_raising,tough_vs_raising_2,True,False,False,False,415,-73.83094787597656,-78.18477630615234,1
Christopher's tutors aren't likely to testify.,Christopher's tutors aren't hard work to testify.,syntax_semantics,control_raising,tough_vs_raising_2,True,False,False,False,416,-56.63286590576172,-61.790626525878906,1
Jason's tutors are about to astound Christopher.,Jason's tutors are tough to astound Christopher.,syntax_semantics,control_raising,tough_vs_raising_2,True,False,False,False,417,-73.94187927246094,-75.09508514404297,1
Stephen's handymen are about to disagree with Janet.,Stephen's handymen are difficult to disagree with Janet.,syntax_semantics,control_raising,tough_vs_raising_2,True,False,False,False,418,-68.92709350585938,-66.81327819824219,0
Andrea's classmates weren't sure to respond.,Andrea's classmates weren't enjoyable to respond.,syntax_semantics,control_raising,tough_vs_raising_2,True,False,False,False,419,-55.21717071533203,-60.37401580810547,1
Sheila is bound to try to walk through every hospital.,Sheila is annoying to try to walk through every hospital.,syntax_semantics,control_raising,tough_vs_raising_2,True,False,False,False,420,-58.964500427246094,-59.91036605834961,1
Jessica isn't bound to fire Sherry.,Jessica isn't enjoyable to fire Sherry.,syntax_semantics,control_raising,tough_vs_raising_2,True,False,False,False,421,-52.992652893066406,-62.444725036621094,1
George isn't sure to hide Brenda.,George isn't fun to hide Brenda.,syntax_semantics,control_raising,tough_vs_raising_2,True,False,False,False,422,-44.25864791870117,-48.215087890625,1
The Clintons' podiatrists weren't bound to chat.,The Clintons' podiatrists weren't easy to chat.,syntax_semantics,control_raising,tough_vs_raising_2,True,False,False,False,423,-93.49580383300781,-91.42465209960938,0
Every fungus was certain to alarm Peter.,Every fungus was tough to alarm Peter.,syntax_semantics,control_raising,tough_vs_raising_2,True,False,False,False,424,-59.264217376708984,-59.7950439453125,1
Some children weren't certain to bore Jacqueline.,Some children weren't interesting to bore Jacqueline.,syntax_semantics,control_raising,tough_vs_raising_2,True,False,False,False,425,-61.111854553222656,-62.35040283203125,1
That senator's electricians weren't likely to break most bicycles.,That senator's electricians weren't fun to break most bicycles.,syntax_semantics,control_raising,tough_vs_raising_2,True,False,False,False,426,-85.86576843261719,-90.53203582763672,1
A lot of guys weren't certain to press Martha to work with Suzanne.,A lot of guys weren't hard to press Martha to work with Suzanne.,syntax_semantics,control_raising,tough_vs_raising_2,True,False,False,False,427,-80.55318450927734,-76.63119506835938,0
That lady's wife is soon to sound like Claire.,That lady's wife is enjoyable to sound like Claire.,syntax_semantics,control_raising,tough_vs_raising_2,True,False,False,False,428,-62.94097900390625,-65.35307312011719,1
Mark is soon to wonder who were predicting a lot of cucumbers to rot.,Mark is hard to wonder who were predicting a lot of cucumbers to rot.,syntax_semantics,control_raising,tough_vs_raising_2,True,False,False,False,429,-92.7706527709961,-87.39363098144531,0
Aaron isn't bound to leave that driver.,Aaron isn't interesting to leave that driver.,syntax_semantics,control_raising,tough_vs_raising_2,True,False,False,False,430,-48.2927131652832,-51.94268798828125,1
Homer is likely to boast.,Homer is easy to boast.,syntax_semantics,control_raising,tough_vs_raising_2,True,False,False,False,431,-38.152435302734375,-36.48286437988281,0
Christopher isn't unlikely to confuse Monica.,Christopher isn't annoying to confuse Monica.,syntax_semantics,control_raising,tough_vs_raising_2,True,False,False,False,432,-54.935306549072266,-53.86094665527344,0
Curtis isn't about to litter.,Curtis isn't annoying to litter.,syntax_semantics,control_raising,tough_vs_raising_2,True,False,False,False,433,-54.238868713378906,-57.33671951293945,1
George isn't bound to convince Jacqueline to change.,George isn't difficult to convince Jacqueline to change.,syntax_semantics,control_raising,tough_vs_raising_2,True,False,False,False,434,-60.78541946411133,-58.462867736816406,0
Carla isn't likely to think William grins.,Carla isn't boring to think William grins.,syntax_semantics,control_raising,tough_vs_raising_2,True,False,False,False,435,-67.4853744506836,-72.83412170410156,1
A teenager isn't unlikely to compel Diane's cousin to wave.,A teenager isn't irritating to compel Diane's cousin to wave.,syntax_semantics,control_raising,tough_vs_raising_2,True,False,False,False,436,-85.24168395996094,-85.10267639160156,0
This patient wasn't about to dislike Gary.,This patient wasn't easy to dislike Gary.,syntax_semantics,control_raising,tough_vs_raising_2,True,False,False,False,437,-52.06656265258789,-51.97711181640625,0
Lissa is about to advise Amanda to break many cars.,Lissa is difficult to advise Amanda to break many cars.,syntax_semantics,control_raising,tough_vs_raising_2,True,False,False,False,438,-74.52536010742188,-76.18478393554688,1
Richard's wife isn't bound to scream.,Richard's wife isn't easy to scream.,syntax_semantics,control_raising,tough_vs_raising_2,True,False,False,False,439,-45.65412139892578,-42.38407897949219,0
David wasn't about to bike to every public park.,David wasn't easy to bike to every public park.,syntax_semantics,control_raising,tough_vs_raising_2,True,False,False,False,440,-67.77649688720703,-69.77523803710938,1
Lisa wasn't unlikely to scream.,Lisa wasn't interesting to scream.,syntax_semantics,control_raising,tough_vs_raising_2,True,False,False,False,441,-43.50653839111328,-41.04335021972656,0
Raymond wasn't soon to fail to murmur.,Raymond wasn't difficult to fail to murmur.,syntax_semantics,control_raising,tough_vs_raising_2,True,False,False,False,442,-59.64093780517578,-56.38794708251953,0
Gary is apt to wave.,Gary is pleasant to wave.,syntax_semantics,control_raising,tough_vs_raising_2,True,False,False,False,443,-38.4213981628418,-39.16551208496094,1
Jennifer is apt to reveal that coat.,Jennifer is difficult to reveal that coat.,syntax_semantics,control_raising,tough_vs_raising_2,True,False,False,False,444,-51.95879364013672,-51.114524841308594,0
The Clintons were unlikely to attack the Borgias.,The Clintons were fun to attack the Borgias.,syntax_semantics,control_raising,tough_vs_raising_2,True,False,False,False,445,-63.12000274658203,-67.06306457519531,1
The Impressionists are likely to attack Karen.,The Impressionists are exciting to attack Karen.,syntax_semantics,control_raising,tough_vs_raising_2,True,False,False,False,446,-51.541954040527344,-60.789710998535156,1
Mary wasn't apt to convince Tina's podiatrist to irritate every doctor.,Mary wasn't tough to convince Tina's podiatrist to irritate every doctor.,syntax_semantics,control_raising,tough_vs_raising_2,True,False,False,False,447,-114.10063171386719,-117.52142333984375,1
Christopher's mentees were bound to encourage Chad to suffer.,Christopher's mentees were hard to encourage Chad to suffer.,syntax_semantics,control_raising,tough_vs_raising_2,True,False,False,False,448,-91.03736877441406,-89.58893585205078,0
Sabrina is unlikely to sigh.,Sabrina is irritating to sigh.,syntax_semantics,control_raising,tough_vs_raising_2,True,False,False,False,449,-48.289878845214844,-44.85015106201172,0
Jeffrey's dermatologists are soon to wave.,Jeffrey's dermatologists are annoying to wave.,syntax_semantics,control_raising,tough_vs_raising_2,True,False,False,False,450,-63.9338493347168,-62.88751983642578,0
Most organizations are soon to neglect to mutter.,Most organizations are irritating to neglect to mutter.,syntax_semantics,control_raising,tough_vs_raising_2,True,False,False,False,451,-65.8546371459961,-63.880615234375,0
Todd wasn't likely to hide ladies.,Todd wasn't exciting to hide ladies.,syntax_semantics,control_raising,tough_vs_raising_2,True,False,False,False,452,-49.319740295410156,-54.981353759765625,1
Rose isn't likely to dislike Julie.,Rose isn't fun to dislike Julie.,syntax_semantics,control_raising,tough_vs_raising_2,True,False,False,False,453,-45.8928337097168,-49.94084548950195,1
The teenagers' spouse isn't apt to refuse to hug every waitress.,The teenagers' spouse isn't irritating to refuse to hug every waitress.,syntax_semantics,control_raising,tough_vs_raising_2,True,False,False,False,454,-87.97163391113281,-93.01837158203125,1
The Impressionists were likely to reference Jacqueline.,The Impressionists were hard to reference Jacqueline.,syntax_semantics,control_raising,tough_vs_raising_2,True,False,False,False,455,-64.4375,-64.60250854492188,1
Thomas is likely to return to Kristen.,Thomas is hard to return to Kristen.,syntax_semantics,control_raising,tough_vs_raising_2,True,False,False,False,456,-44.93355941772461,-45.12821960449219,1
Derek was likely to think the women badger Mitchell to escape.,Derek was annoying to think the women badger Mitchell to escape.,syntax_semantics,control_raising,tough_vs_raising_2,True,False,False,False,457,-86.59860229492188,-88.76933288574219,1
Those sons of the cashier weren't sure to leave Susan.,Those sons of the cashier weren't hard to leave Susan.,syntax_semantics,control_raising,tough_vs_raising_2,True,False,False,False,458,-69.66072082519531,-71.06925964355469,1
Rose wasn't sure to remember Anna.,Rose wasn't boring to remember Anna.,syntax_semantics,control_raising,tough_vs_raising_2,True,False,False,False,459,-42.25305938720703,-49.56429672241211,1
Melinda is unlikely to plan to pass a lot of hospitals.,Melinda is difficult to plan to pass a lot of hospitals.,syntax_semantics,control_raising,tough_vs_raising_2,True,False,False,False,460,-69.49604034423828,-65.33639526367188,0
Many children's grandmothers are certain to collaborate.,Many children's grandmothers are boring to collaborate.,syntax_semantics,control_raising,tough_vs_raising_2,True,False,False,False,461,-56.72696304321289,-59.58053970336914,1
Samuel's piano teachers are apt to wave.,Samuel's piano teachers are irritating to wave.,syntax_semantics,control_raising,tough_vs_raising_2,True,False,False,False,462,-62.76232147216797,-66.97383117675781,1
A lot of cucumbers were likely to rot.,A lot of cucumbers were irritating to rot.,syntax_semantics,control_raising,tough_vs_raising_2,True,False,False,False,463,-46.752899169921875,-52.21996307373047,1
That adult wasn't certain to tempt Suzanne to worry Anna.,That adult wasn't interesting to tempt Suzanne to worry Anna.,syntax_semantics,control_raising,tough_vs_raising_2,True,False,False,False,464,-82.03428649902344,-82.60093688964844,1
Gary's hairdressers aren't likely to nod.,Gary's hairdressers aren't annoying to nod.,syntax_semantics,control_raising,tough_vs_raising_2,True,False,False,False,465,-60.834739685058594,-63.94915771484375,1
Joseph's dermatologists are about to exit every glacier.,Joseph's dermatologists are difficult to exit every glacier.,syntax_semantics,control_raising,tough_vs_raising_2,True,False,False,False,466,-75.81282806396484,-74.74208068847656,0
Cynthia's tutors weren't certain to conspire.,Cynthia's tutors weren't boring to conspire.,syntax_semantics,control_raising,tough_vs_raising_2,True,False,False,False,467,-78.74566650390625,-82.98696899414062,1
Brett isn't certain to tour a lot of public parks.,Brett isn't annoying to tour a lot of public parks.,syntax_semantics,control_raising,tough_vs_raising_2,True,False,False,False,468,-69.19945526123047,-72.04521942138672,1
The adult was soon to fail to sing.,The adult was pleasant to fail to sing.,syntax_semantics,control_raising,tough_vs_raising_2,True,False,False,False,469,-52.70975875854492,-53.9986572265625,1
A woman isn't bound to fire Deborah.,A woman isn't boring to fire Deborah.,syntax_semantics,control_raising,tough_vs_raising_2,True,False,False,False,470,-51.35626220703125,-56.98841094970703,1
Every woman is sure to prefer Anna to admire this cafe.,Every woman is unpleasant to prefer Anna to admire this cafe.,syntax_semantics,control_raising,tough_vs_raising_2,True,False,False,False,471,-74.90829467773438,-77.9951171875,1
Holly is soon to conceal these pedestrians.,Holly is easy to conceal these pedestrians.,syntax_semantics,control_raising,tough_vs_raising_2,True,False,False,False,472,-57.643150329589844,-54.42266845703125,0
Bradley wasn't likely to grin.,Bradley wasn't pleasant to grin.,syntax_semantics,control_raising,tough_vs_raising_2,True,False,False,False,473,-38.26881790161133,-41.046974182128906,1
Grandmothers of Stacy aren't certain to pressure David's bosses to sell the pepper.,Grandmothers of Stacy aren't fun to pressure David's bosses to sell the pepper.,syntax_semantics,control_raising,tough_vs_raising_2,True,False,False,False,474,-119.83273315429688,-121.00205993652344,1
Michelle's contractor isn't likely to discover April to cook.,Michelle's contractor isn't boring to discover April to cook.,syntax_semantics,control_raising,tough_vs_raising_2,True,False,False,False,475,-81.00752258300781,-86.11701965332031,1
Homer isn't sure to arrive at the movie theater.,Homer isn't fun to arrive at the movie theater.,syntax_semantics,control_raising,tough_vs_raising_2,True,False,False,False,476,-60.18243408203125,-62.17511749267578,1
The cousins of Anna weren't unlikely to say Steve is whispering.,The cousins of Anna weren't easy to say Steve is whispering.,syntax_semantics,control_raising,tough_vs_raising_2,True,False,False,False,477,-84.18000793457031,-77.32496643066406,0
Kendra is certain to help Douglas.,Kendra is boring to help Douglas.,syntax_semantics,control_raising,tough_vs_raising_2,True,False,False,False,478,-51.59130859375,-51.56224822998047,0
Tiffany wasn't bound to appreciate these documentaries.,Tiffany wasn't unpleasant to appreciate these documentaries.,syntax_semantics,control_raising,tough_vs_raising_2,True,False,False,False,479,-68.6715087890625,-71.23817443847656,1
Carol is unlikely to chuckle.,Carol is fun to chuckle.,syntax_semantics,control_raising,tough_vs_raising_2,True,False,False,False,480,-44.205020904541016,-42.63194274902344,0
Some children's ex-wife was apt to escape.,Some children's ex-wife was boring to escape.,syntax_semantics,control_raising,tough_vs_raising_2,True,False,False,False,481,-57.35343933105469,-60.082366943359375,1
Meredith is soon to prod Aaron to exercise.,Meredith is boring to prod Aaron to exercise.,syntax_semantics,control_raising,tough_vs_raising_2,True,False,False,False,482,-67.1240005493164,-68.08126831054688,1
Marcus isn't soon to respect Wendy.,Marcus isn't hard work to respect Wendy.,syntax_semantics,control_raising,tough_vs_raising_2,True,False,False,False,483,-54.62830352783203,-55.070159912109375,1
Liam is sure to spur the Clintons to help Connie.,Liam is easy to spur the Clintons to help Connie.,syntax_semantics,control_raising,tough_vs_raising_2,True,False,False,False,484,-82.83158111572266,-80.05259704589844,0
Beth was about to scream.,Beth was difficult to scream.,syntax_semantics,control_raising,tough_vs_raising_2,True,False,False,False,485,-34.978816986083984,-36.716636657714844,1
Chad wasn't unlikely to find Nicole to train.,Chad wasn't hard to find Nicole to train.,syntax_semantics,control_raising,tough_vs_raising_2,True,False,False,False,486,-68.46187591552734,-62.53376388549805,0
Fathers of Nicole are likely to respond.,Fathers of Nicole are boring to respond.,syntax_semantics,control_raising,tough_vs_raising_2,True,False,False,False,487,-59.62877655029297,-66.18869018554688,1
Every dancer was about to see the eggplant.,Every dancer was hard work to see the eggplant.,syntax_semantics,control_raising,tough_vs_raising_2,True,False,False,False,488,-57.652523040771484,-65.72473907470703,1
Becca's piano teachers aren't sure to testify.,Becca's piano teachers aren't exciting to testify.,syntax_semantics,control_raising,tough_vs_raising_2,True,False,False,False,489,-65.49967956542969,-69.53579711914062,1
Lissa's cousins aren't about to annoy all adults.,Lissa's cousins aren't exciting to annoy all adults.,syntax_semantics,control_raising,tough_vs_raising_2,True,False,False,False,490,-74.55607604980469,-77.04914855957031,1
That screen wasn't likely to astound Amelia.,That screen wasn't enjoyable to astound Amelia.,syntax_semantics,control_raising,tough_vs_raising_2,True,False,False,False,491,-69.24391174316406,-75.59851837158203,1
A grandmother of Kathleen wasn't unlikely to complain about Charles.,A grandmother of Kathleen wasn't boring to complain about Charles.,syntax_semantics,control_raising,tough_vs_raising_2,True,False,False,False,492,-70.92539978027344,-71.71377563476562,1
The actresses were soon to conceal Alice.,The actresses were irritating to conceal Alice.,syntax_semantics,control_raising,tough_vs_raising_2,True,False,False,False,493,-52.203582763671875,-55.42191696166992,1
Linda is certain to cure Keith.,Linda is enjoyable to cure Keith.,syntax_semantics,control_raising,tough_vs_raising_2,True,False,False,False,494,-49.88922882080078,-53.51709747314453,1
Cynthia's French teacher is likely to explain Galileo heals Alice.,Cynthia's French teacher is boring to explain Galileo heals Alice.,syntax_semantics,control_raising,tough_vs_raising_2,True,False,False,False,495,-102.66712188720703,-108.45857238769531,1
Many plates aren't sure to resemble that picture.,Many plates aren't irritating to resemble that picture.,syntax_semantics,control_raising,tough_vs_raising_2,True,False,False,False,496,-60.8715934753418,-63.72897720336914,1
Monet was soon to hire Cindy.,Monet was tough to hire Cindy.,syntax_semantics,control_raising,tough_vs_raising_2,True,False,False,False,497,-55.19745635986328,-55.66828155517578,1
Diane was bound to pass a hospital.,Diane was fun to pass a hospital.,syntax_semantics,control_raising,tough_vs_raising_2,True,False,False,False,498,-45.91465759277344,-48.890045166015625,1
Some driver's bosses aren't soon to clean some college campuses.,Some driver's bosses aren't exciting to clean some college campuses.,syntax_semantics,control_raising,tough_vs_raising_2,True,False,False,False,499,-86.53523254394531,-85.98683166503906,0
Teresa's hairdressers aren't soon to appear to heal Catherine.,Teresa's hairdressers aren't hard to appear to heal Catherine.,syntax_semantics,control_raising,tough_vs_raising_2,True,False,False,False,500,-90.07633972167969,-86.0821533203125,0
Monet's ex-wife was sure to reveal Travis.,Monet's ex-wife was pleasant to reveal Travis.,syntax_semantics,control_raising,tough_vs_raising_2,True,False,False,False,501,-73.99907684326172,-78.21336364746094,1
Sheila isn't unlikely to approach Brad.,Sheila isn't easy to approach Brad.,syntax_semantics,control_raising,tough_vs_raising_2,True,False,False,False,502,-58.538490295410156,-53.01065444946289,0
Derek isn't apt to think about some cucumbers.,Derek isn't boring to think about some cucumbers.,syntax_semantics,control_raising,tough_vs_raising_2,True,False,False,False,503,-56.79195785522461,-60.75962448120117,1
Dan's sister isn't likely to reveal some convertible.,Dan's sister isn't fun to reveal some convertible.,syntax_semantics,control_raising,tough_vs_raising_2,True,False,False,False,504,-66.78345489501953,-71.55728149414062,1
Amy is unlikely to beg this friend of Peter to embarrass Colleen.,Amy is unpleasant to beg this friend of Peter to embarrass Colleen.,syntax_semantics,control_raising,tough_vs_raising_2,True,False,False,False,505,-93.17843627929688,-92.59880828857422,0
Brad isn't certain to go to many grocery stores.,Brad isn't difficult to go to many grocery stores.,syntax_semantics,control_raising,tough_vs_raising_2,True,False,False,False,506,-64.49783325195312,-62.190086364746094,0
Colleen was sure to break this bike.,Colleen was enjoyable to break this bike.,syntax_semantics,control_raising,tough_vs_raising_2,True,False,False,False,507,-51.745426177978516,-59.12654113769531,1
Aaron is certain to mess up a lot of high schools.,Aaron is pleasant to mess up a lot of high schools.,syntax_semantics,control_raising,tough_vs_raising_2,True,False,False,False,508,-64.1080322265625,-63.9532356262207,0
Every waiter isn't bound to exit every public park.,Every waiter isn't annoying to exit every public park.,syntax_semantics,control_raising,tough_vs_raising_2,True,False,False,False,509,-69.72921752929688,-72.16020202636719,1
That story about the Clintons wasn't bound to stun Tanya.,That story about the Clintons wasn't interesting to stun Tanya.,syntax_semantics,control_raising,tough_vs_raising_2,True,False,False,False,510,-83.86949157714844,-87.31881713867188,1
Most drivers weren't apt to testify.,Most drivers weren't easy to testify.,syntax_semantics,control_raising,tough_vs_raising_2,True,False,False,False,511,-49.938133239746094,-48.039772033691406,0
Debra is unlikely to think about Heather.,Debra is irritating to think about Heather.,syntax_semantics,control_raising,tough_vs_raising_2,True,False,False,False,512,-55.72865676879883,-53.93111038208008,0
Theresa's employee was certain to prod all children's friend to explain everything.,Theresa's employee was tough to prod all children's friend to explain everything.,syntax_semantics,control_raising,tough_vs_raising_2,True,False,False,False,513,-100.29747009277344,-99.48176574707031,0
Alexander wasn't certain to predict the associations to collaborate.,Alexander wasn't hard work to predict the associations to collaborate.,syntax_semantics,control_raising,tough_vs_raising_2,True,False,False,False,514,-66.71339416503906,-68.642822265625,1
A lot of dishes were about to worry Clyde.,A lot of dishes were hard to worry Clyde.,syntax_semantics,control_raising,tough_vs_raising_2,True,False,False,False,515,-55.797176361083984,-54.110294342041016,0
Martin's teachers are unlikely to discuss Andrew.,Martin's teachers are hard to discuss Andrew.,syntax_semantics,control_raising,tough_vs_raising_2,True,False,False,False,516,-59.36486053466797,-56.70781707763672,0
Some library was soon to order this student to escape.,Some library was enjoyable to order this student to escape.,syntax_semantics,control_raising,tough_vs_raising_2,True,False,False,False,517,-67.01318359375,-71.99261474609375,1
Anna isn't unlikely to sigh.,Anna isn't unpleasant to sigh.,syntax_semantics,control_raising,tough_vs_raising_2,True,False,False,False,518,-47.86864471435547,-43.69691467285156,0
Some lice are bound to aggravate Brett.,Some lice are irritating to aggravate Brett.,syntax_semantics,control_raising,tough_vs_raising_2,True,False,False,False,519,-64.068603515625,-65.20245361328125,1
Some waitress was unlikely to ascend this hill.,Some waitress was easy to ascend this hill.,syntax_semantics,control_raising,tough_vs_raising_2,True,False,False,False,520,-62.08671569824219,-56.09281921386719,0
Some offspring is likely to admire broccoli.,Some offspring is unpleasant to admire broccoli.,syntax_semantics,control_raising,tough_vs_raising_2,True,False,False,False,521,-54.002323150634766,-57.1473388671875,1
Gary's piano teachers aren't about to forget Bill.,Gary's piano teachers aren't pleasant to forget Bill.,syntax_semantics,control_raising,tough_vs_raising_2,True,False,False,False,522,-70.17386627197266,-70.85009765625,1
This hospital wasn't bound to induce Dennis's classmate to love Jacqueline.,This hospital wasn't interesting to induce Dennis's classmate to love Jacqueline.,syntax_semantics,control_raising,tough_vs_raising_2,True,False,False,False,523,-87.997802734375,-90.73298645019531,1
Janet wasn't unlikely to explore those glaciers.,Janet wasn't unpleasant to explore those glaciers.,syntax_semantics,control_raising,tough_vs_raising_2,True,False,False,False,524,-61.25465774536133,-61.58259582519531,1
Suzanne's tutors were likely to alarm the legislatures.,Suzanne's tutors were easy to alarm the legislatures.,syntax_semantics,control_raising,tough_vs_raising_2,True,False,False,False,525,-78.73583984375,-79.45414733886719,1
Many fathers of Alicia are unlikely to impress Guy.,Many fathers of Alicia are hard to impress Guy.,syntax_semantics,control_raising,tough_vs_raising_2,True,False,False,False,526,-68.6449203491211,-65.50591278076172,0
Cynthia is bound to speak up.,Cynthia is irritating to speak up.,syntax_semantics,control_raising,tough_vs_raising_2,True,False,False,False,527,-49.685096740722656,-52.68232727050781,1
Susan is unlikely to appear to criticize many commentaries.,Susan is pleasant to appear to criticize many commentaries.,syntax_semantics,control_raising,tough_vs_raising_2,True,False,False,False,528,-71.99079895019531,-72.83152770996094,1
Danielle wasn't soon to manage to disappear.,Danielle wasn't exciting to manage to disappear.,syntax_semantics,control_raising,tough_vs_raising_2,True,False,False,False,529,-55.78411102294922,-57.11033630371094,1
Brett's employees are bound to research every museum.,Brett's employees are boring to research every museum.,syntax_semantics,control_raising,tough_vs_raising_2,True,False,False,False,530,-66.7757568359375,-72.8725357055664,1
Alan isn't soon to fall.,Alan isn't easy to fall.,syntax_semantics,control_raising,tough_vs_raising_2,True,False,False,False,531,-39.70395278930664,-35.10157775878906,0
Bradley isn't certain to prod Laurie to chuckle.,Bradley isn't easy to prod Laurie to chuckle.,syntax_semantics,control_raising,tough_vs_raising_2,True,False,False,False,532,-71.13351440429688,-66.04756927490234,0
Jesus's girlfriend is sure to exit a hospital.,Jesus's girlfriend is hard to exit a hospital.,syntax_semantics,control_raising,tough_vs_raising_2,True,False,False,False,533,-61.92650604248047,-60.413394927978516,0
Marla's grandmother isn't apt to wear these glasses.,Marla's grandmother isn't irritating to wear these glasses.,syntax_semantics,control_raising,tough_vs_raising_2,True,False,False,False,534,-61.04358673095703,-65.64666748046875,1
Nancy's mothers weren't likely to clash.,Nancy's mothers weren't irritating to clash.,syntax_semantics,control_raising,tough_vs_raising_2,True,False,False,False,535,-60.86838150024414,-67.01412200927734,1
Bruce's sons were sure to manage to worry Keith.,Bruce's sons were annoying to manage to worry Keith.,syntax_semantics,control_raising,tough_vs_raising_2,True,False,False,False,536,-70.775390625,-74.93196105957031,1
Colleen is bound to boycott all rivers.,Colleen is hard work to boycott all rivers.,syntax_semantics,control_raising,tough_vs_raising_2,True,False,False,False,537,-58.535430908203125,-65.26622009277344,1
Samuel is likely to climb up most slopes.,Samuel is hard work to climb up most slopes.,syntax_semantics,control_raising,tough_vs_raising_2,True,False,False,False,538,-58.14631652832031,-61.667259216308594,1
Ann isn't about to mutter.,Ann isn't tough to mutter.,syntax_semantics,control_raising,tough_vs_raising_2,True,False,False,False,539,-45.24305725097656,-44.73469924926758,0
John isn't unlikely to talk to Jesus.,John isn't tough to talk to Jesus.,syntax_semantics,control_raising,tough_vs_raising_2,True,False,False,False,540,-46.99249267578125,-44.20360565185547,0
Samantha is unlikely to talk.,Samantha is fun to talk.,syntax_semantics,control_raising,tough_vs_raising_2,True,False,False,False,541,-39.734153747558594,-37.93166732788086,0
Every customer wasn't likely to investigate what looked like Vincent.,Every customer wasn't fun to investigate what looked like Vincent.,syntax_semantics,control_raising,tough_vs_raising_2,True,False,False,False,542,-74.16118621826172,-78.194091796875,1
John was likely to heal Keith.,John was easy to heal Keith.,syntax_semantics,control_raising,tough_vs_raising_2,True,False,False,False,543,-42.509422302246094,-42.47803497314453,0
Rachel isn't certain to boast.,Rachel isn't fun to boast.,syntax_semantics,control_raising,tough_vs_raising_2,True,False,False,False,544,-43.36681365966797,-43.729736328125,1
Mitchell isn't about to upset Peter.,Mitchell isn't exciting to upset Peter.,syntax_semantics,control_raising,tough_vs_raising_2,True,False,False,False,545,-52.471153259277344,-56.68877410888672,1
Steve is apt to kiss Richard.,Steve is fun to kiss Richard.,syntax_semantics,control_raising,tough_vs_raising_2,True,False,False,False,546,-41.629268646240234,-44.605987548828125,1
Kirsten was likely to urge Beth to argue.,Kirsten was exciting to urge Beth to argue.,syntax_semantics,control_raising,tough_vs_raising_2,True,False,False,False,547,-60.07074737548828,-66.14611053466797,1
Rodney isn't bound to prompt Danielle to attack Allison.,Rodney isn't pleasant to prompt Danielle to attack Allison.,syntax_semantics,control_raising,tough_vs_raising_2,True,False,False,False,548,-77.54766082763672,-81.44074249267578,1
Banks aren't about to confer.,Banks aren't pleasant to confer.,syntax_semantics,control_raising,tough_vs_raising_2,True,False,False,False,549,-44.25153732299805,-47.15556716918945,1
Christine isn't unlikely to talk.,Christine isn't annoying to talk.,syntax_semantics,control_raising,tough_vs_raising_2,True,False,False,False,550,-42.60260009765625,-39.17080307006836,0
Kenneth's electricians aren't certain to laugh.,Kenneth's electricians aren't fun to laugh.,syntax_semantics,control_raising,tough_vs_raising_2,True,False,False,False,551,-65.67908477783203,-65.26122283935547,0
That rug was about to shock Mary.,That rug was interesting to shock Mary.,syntax_semantics,control_raising,tough_vs_raising_2,True,False,False,False,552,-50.21563720703125,-54.10067367553711,1
Liam wasn't likely to happen to blink.,Liam wasn't irritating to happen to blink.,syntax_semantics,control_raising,tough_vs_raising_2,True,False,False,False,553,-49.817806243896484,-55.118736267089844,1
This customer's piano teacher was sure to oblige George to forfeit.,This customer's piano teacher was interesting to oblige George to forfeit.,syntax_semantics,control_raising,tough_vs_raising_2,True,False,False,False,554,-94.10194396972656,-94.8392333984375,1
Samuel's sisters weren't soon to negotiate.,Samuel's sisters weren't hard work to negotiate.,syntax_semantics,control_raising,tough_vs_raising_2,True,False,False,False,555,-60.95362091064453,-60.58761215209961,0
A lot of students weren't about to interact.,A lot of students weren't easy to interact.,syntax_semantics,control_raising,tough_vs_raising_2,True,False,False,False,556,-46.14888000488281,-45.03929138183594,0
Children weren't likely to predict most children to fight.,Children weren't boring to predict most children to fight.,syntax_semantics,control_raising,tough_vs_raising_2,True,False,False,False,557,-66.24887084960938,-73.48774719238281,1
Dan is soon to yearn to scare George.,Dan is hard to yearn to scare George.,syntax_semantics,control_raising,tough_vs_raising_2,True,False,False,False,558,-73.60888671875,-69.41514587402344,0
These dancers' employees aren't soon to pass schools.,These dancers' employees aren't annoying to pass schools.,syntax_semantics,control_raising,tough_vs_raising_2,True,False,False,False,559,-77.62342834472656,-78.42940521240234,1
Paula was bound to happen to lift this water.,Paula was annoying to happen to lift this water.,syntax_semantics,control_raising,tough_vs_raising_2,True,False,False,False,560,-59.99137878417969,-61.692283630371094,1
Raymond wasn't likely to slump over.,Raymond wasn't fun to slump over.,syntax_semantics,control_raising,tough_vs_raising_2,True,False,False,False,561,-49.135005950927734,-52.65681457519531,1
Alicia wasn't bound to conceal Jessica.,Alicia wasn't enjoyable to conceal Jessica.,syntax_semantics,control_raising,tough_vs_raising_2,True,False,False,False,562,-57.08256912231445,-63.50244140625,1
That university was sure to reply.,That university was unpleasant to reply.,syntax_semantics,control_raising,tough_vs_raising_2,True,False,False,False,563,-46.07135009765625,-48.1729621887207,1
Those rugs aren't about to bore Holly.,Those rugs aren't hard to bore Holly.,syntax_semantics,control_raising,tough_vs_raising_2,True,False,False,False,564,-59.26554870605469,-56.12504196166992,0
Jerry's classmates weren't about to insult these dancers.,Jerry's classmates weren't interesting to insult these dancers.,syntax_semantics,control_raising,tough_vs_raising_2,True,False,False,False,565,-69.59427642822266,-72.44879150390625,1
Irene is bound to hide these pants.,Irene is tough to hide these pants.,syntax_semantics,control_raising,tough_vs_raising_2,True,False,False,False,566,-50.446372985839844,-51.407318115234375,1
Richard is apt to question the patients.,Richard is difficult to question the patients.,syntax_semantics,control_raising,tough_vs_raising_2,True,False,False,False,567,-47.35432434082031,-47.18811798095703,0
Margaret wasn't soon to research some college campus.,Margaret wasn't tough to research some college campus.,syntax_semantics,control_raising,tough_vs_raising_2,True,False,False,False,568,-68.15540313720703,-67.51274108886719,0
Those doctors weren't sure to encourage these friends of Brenda to work with that dancer.,Those doctors weren't unpleasant to encourage these friends of Brenda to work with that dancer.,syntax_semantics,control_raising,tough_vs_raising_2,True,False,False,False,569,-97.23914337158203,-102.45636749267578,1
Those people are about to exit some closet.,Those people are hard work to exit some closet.,syntax_semantics,control_raising,tough_vs_raising_2,True,False,False,False,570,-53.329925537109375,-60.20881652832031,1
Some teenager isn't sure to entice Sandra to break these trucks.,Some teenager isn't difficult to entice Sandra to break these trucks.,syntax_semantics,control_raising,tough_vs_raising_2,True,False,False,False,571,-93.58099365234375,-93.0452880859375,0
Some nephew of Dan was apt to descend all steps.,Some nephew of Dan was enjoyable to descend all steps.,syntax_semantics,control_raising,tough_vs_raising_2,True,False,False,False,572,-71.535400390625,-77.2867202758789,1
Becky is apt to go to some mountains.,Becky is hard to go to some mountains.,syntax_semantics,control_raising,tough_vs_raising_2,True,False,False,False,573,-48.46142578125,-46.27687454223633,0
Jill is certain to boast.,Jill is hard to boast.,syntax_semantics,control_raising,tough_vs_raising_2,True,False,False,False,574,-41.69619369506836,-35.37798309326172,0
The Borgias weren't bound to fix those screens.,The Borgias weren't exciting to fix those screens.,syntax_semantics,control_raising,tough_vs_raising_2,True,False,False,False,575,-65.81918334960938,-70.7649154663086,1
Sherry was soon to remember who might divorce.,Sherry was hard work to remember who might divorce.,syntax_semantics,control_raising,tough_vs_raising_2,True,False,False,False,576,-61.5306510925293,-65.87921142578125,1
Most patients weren't likely to grin.,Most patients weren't interesting to grin.,syntax_semantics,control_raising,tough_vs_raising_2,True,False,False,False,577,-47.361202239990234,-52.02849578857422,1
Monica isn't likely to wear most hats.,Monica isn't boring to wear most hats.,syntax_semantics,control_raising,tough_vs_raising_2,True,False,False,False,578,-58.445648193359375,-64.14556121826172,1
Amanda wasn't unlikely to concur.,Amanda wasn't interesting to concur.,syntax_semantics,control_raising,tough_vs_raising_2,True,False,False,False,579,-55.22480773925781,-55.563899993896484,1
Joel wasn't soon to consider some box to shut.,Joel wasn't easy to consider some box to shut.,syntax_semantics,control_raising,tough_vs_raising_2,True,False,False,False,580,-75.40899658203125,-70.72274017333984,0
Sheila wasn't bound to discover most essays.,Sheila wasn't exciting to discover most essays.,syntax_semantics,control_raising,tough_vs_raising_2,True,False,False,False,581,-57.89475631713867,-61.930206298828125,1
Irene is likely to attempt to boast.,Irene is pleasant to attempt to boast.,syntax_semantics,control_raising,tough_vs_raising_2,True,False,False,False,582,-49.35558319091797,-51.271026611328125,1
A student wasn't unlikely to climb up stairs.,A student wasn't hard work to climb up stairs.,syntax_semantics,control_raising,tough_vs_raising_2,True,False,False,False,583,-55.75818634033203,-56.01325607299805,1
Karla's hairdressers aren't apt to work hard.,Karla's hairdressers aren't pleasant to work hard.,syntax_semantics,control_raising,tough_vs_raising_2,True,False,False,False,584,-72.64308166503906,-76.47190856933594,1
Jerry is unlikely to want Derek to climb down many mountains.,Jerry is boring to want Derek to climb down many mountains.,syntax_semantics,control_raising,tough_vs_raising_2,True,False,False,False,585,-77.46279907226562,-77.73539733886719,1
Brett is certain to discover that carriage.,Brett is annoying to discover that carriage.,syntax_semantics,control_raising,tough_vs_raising_2,True,False,False,False,586,-56.47812271118164,-58.52040100097656,1
Cheryl isn't unlikely to want some glacier to evaporate.,Cheryl isn't interesting to want some glacier to evaporate.,syntax_semantics,control_raising,tough_vs_raising_2,True,False,False,False,587,-86.51251220703125,-85.36070251464844,0
An organization was bound to cope.,An organization was tough to cope.,syntax_semantics,control_raising,tough_vs_raising_2,True,False,False,False,588,-40.992706298828125,-43.285736083984375,1
Nicole's cousin is certain to love Erin.,Nicole's cousin is irritating to love Erin.,syntax_semantics,control_raising,tough_vs_raising_2,True,False,False,False,589,-61.573211669921875,-60.18193054199219,0
Janet was certain to know Gerald.,Janet was unpleasant to know Gerald.,syntax_semantics,control_raising,tough_vs_raising_2,True,False,False,False,590,-49.202083587646484,-49.023162841796875,0
Raymond's father was soon to boast.,Raymond's father was pleasant to boast.,syntax_semantics,control_raising,tough_vs_raising_2,True,False,False,False,591,-50.289466857910156,-49.622745513916016,0
Grace is about to love many teenagers.,Grace is irritating to love many teenagers.,syntax_semantics,control_raising,tough_vs_raising_2,True,False,False,False,592,-48.47709655761719,-54.20317077636719,1
Jennifer's ex-girlfriend isn't bound to forget about who is crying.,Jennifer's ex-girlfriend isn't pleasant to forget about who is crying.,syntax_semantics,control_raising,tough_vs_raising_2,True,False,False,False,593,-76.72467041015625,-76.21963500976562,0
Most waitresses are likely to joke around.,Most waitresses are difficult to joke around.,syntax_semantics,control_raising,tough_vs_raising_2,True,False,False,False,594,-59.45503234863281,-60.625701904296875,1
Melinda wasn't likely to entice Jerry to exist.,Melinda wasn't exciting to entice Jerry to exist.,syntax_semantics,control_raising,tough_vs_raising_2,True,False,False,False,595,-72.14582061767578,-77.99837493896484,1
Lisa is sure to concur.,Lisa is irritating to concur.,syntax_semantics,control_raising,tough_vs_raising_2,True,False,False,False,596,-48.55359649658203,-50.104469299316406,1
Vincent's granddaughter wasn't apt to fail to forget David.,Vincent's granddaughter wasn't exciting to fail to forget David.,syntax_semantics,control_raising,tough_vs_raising_2,True,False,False,False,597,-73.06190490722656,-79.16033935546875,1
Martha's colleague was about to sell these doors.,Martha's colleague was difficult to sell these doors.,syntax_semantics,control_raising,tough_vs_raising_2,True,False,False,False,598,-61.026023864746094,-62.61326217651367,1
Theodore isn't unlikely to upset most hospitals.,Theodore isn't pleasant to upset most hospitals.,syntax_semantics,control_raising,tough_vs_raising_2,True,False,False,False,599,-67.04544067382812,-66.07491302490234,0
Monica wasn't soon to beg Gary to lift the banana.,Monica wasn't interesting to beg Gary to lift the banana.,syntax_semantics,control_raising,tough_vs_raising_2,True,False,False,False,600,-85.01579284667969,-85.89312744140625,1
Helen wasn't bound to slump over.,Helen wasn't difficult to slump over.,syntax_semantics,control_raising,tough_vs_raising_2,True,False,False,False,601,-49.87371063232422,-50.397613525390625,1
A pedestrian was about to take these dishes.,A pedestrian was easy to take these dishes.,syntax_semantics,control_raising,tough_vs_raising_2,True,False,False,False,602,-49.44532012939453,-51.54762268066406,1
Sara wasn't soon to investigate Rodney.,Sara wasn't pleasant to investigate Rodney.,syntax_semantics,control_raising,tough_vs_raising_2,True,False,False,False,603,-53.20697021484375,-54.188453674316406,1
Valerie wasn't apt to know Rose.,Valerie wasn't pleasant to know Rose.,syntax_semantics,control_raising,tough_vs_raising_2,True,False,False,False,604,-52.600765228271484,-53.85536575317383,1
The unicycle wasn't soon to resemble these paintings.,The unicycle wasn't interesting to resemble these paintings.,syntax_semantics,control_raising,tough_vs_raising_2,True,False,False,False,605,-72.09205627441406,-69.70654296875,0
Anne wasn't likely to refuse to shrug.,Anne wasn't hard to refuse to shrug.,syntax_semantics,control_raising,tough_vs_raising_2,True,False,False,False,606,-51.77771759033203,-51.94474411010742,1
Every synopsis is soon to worry Dana.,Every synopsis is easy to worry Dana.,syntax_semantics,control_raising,tough_vs_raising_2,True,False,False,False,607,-56.3868408203125,-51.064064025878906,0
Winston Churchill's cousin was apt to litter.,Winston Churchill's cousin was hard to litter.,syntax_semantics,control_raising,tough_vs_raising_2,True,False,False,False,608,-65.78634643554688,-63.755653381347656,0
Vincent's father was likely to prompt some girls to hunt.,Vincent's father was hard to prompt some girls to hunt.,syntax_semantics,control_raising,tough_vs_raising_2,True,False,False,False,609,-75.05136108398438,-72.62400817871094,0
That pedestrian's ex-husbands weren't soon to go to Spain.,That pedestrian's ex-husbands weren't hard work to go to Spain.,syntax_semantics,control_raising,tough_vs_raising_2,True,False,False,False,610,-96.01630401611328,-98.07916259765625,1
Daniel's ex-girlfriends were bound to sway this university to correspond.,Daniel's ex-girlfriends were hard to sway this university to correspond.,syntax_semantics,control_raising,tough_vs_raising_2,True,False,False,False,611,-97.60536193847656,-97.03690338134766,0
Dawn was bound to laugh.,Dawn was interesting to laugh.,syntax_semantics,control_raising,tough_vs_raising_2,True,False,False,False,612,-37.69404983520508,-40.67005157470703,1
Brett is about to admire Aaron.,Brett is tough to admire Aaron.,syntax_semantics,control_raising,tough_vs_raising_2,True,False,False,False,613,-46.46208572387695,-48.93429183959961,1
A lot of screens weren't certain to stun Sara.,A lot of screens weren't difficult to stun Sara.,syntax_semantics,control_raising,tough_vs_raising_2,True,False,False,False,614,-65.17533874511719,-62.91130447387695,0
The waitresses' colleagues aren't about to neglect to wash.,The waitresses' colleagues aren't enjoyable to neglect to wash.,syntax_semantics,control_raising,tough_vs_raising_2,True,False,False,False,615,-85.03226470947266,-90.15992736816406,1
Some girl was certain to question Christina.,Some girl was annoying to question Christina.,syntax_semantics,control_raising,tough_vs_raising_2,True,False,False,False,616,-55.712913513183594,-54.765647888183594,0
William wasn't likely to find these glaciers to melt.,William wasn't hard to find these glaciers to melt.,syntax_semantics,control_raising,tough_vs_raising_2,True,False,False,False,617,-63.288734436035156,-64.08895111083984,1
Michelle was apt to sway Homer's grandmother to have all doors.,Michelle was fun to sway Homer's grandmother to have all doors.,syntax_semantics,control_raising,tough_vs_raising_2,True,False,False,False,618,-85.23524475097656,-87.49568939208984,1
Wayne is sure to boast.,Wayne is fun to boast.,syntax_semantics,control_raising,tough_vs_raising_2,True,False,False,False,619,-42.81343078613281,-43.23823165893555,1
Timothy is bound to shrug.,Timothy is irritating to shrug.,syntax_semantics,control_raising,tough_vs_raising_2,True,False,False,False,620,-41.6015625,-42.76572799682617,1
Grace's nephews aren't soon to regret Thomas approached Katherine.,Grace's nephews aren't easy to regret Thomas approached Katherine.,syntax_semantics,control_raising,tough_vs_raising_2,True,False,False,False,621,-86.82131958007812,-83.70970916748047,0
A driver's best friends were soon to reply.,A driver's best friends were unpleasant to reply.,syntax_semantics,control_raising,tough_vs_raising_2,True,False,False,False,622,-53.98634719848633,-57.61738967895508,1
Many children aren't about to communicate.,Many children aren't enjoyable to communicate.,syntax_semantics,control_raising,tough_vs_raising_2,True,False,False,False,623,-41.11271667480469,-45.846160888671875,1
Regina was soon to wish to cheer.,Regina was hard to wish to cheer.,syntax_semantics,control_raising,tough_vs_raising_2,True,False,False,False,624,-51.905147552490234,-49.548797607421875,0
Edward isn't likely to bother John.,Edward isn't difficult to bother John.,syntax_semantics,control_raising,tough_vs_raising_2,True,False,False,False,625,-41.709068298339844,-42.96322250366211,1
Carol is certain to conceal Sandra.,Carol is pleasant to conceal Sandra.,syntax_semantics,control_raising,tough_vs_raising_2,True,False,False,False,626,-52.66832733154297,-51.72583770751953,0
Heidi is certain to break the car.,Heidi is irritating to break the car.,syntax_semantics,control_raising,tough_vs_raising_2,True,False,False,False,627,-47.81719207763672,-46.28968048095703,0
That lady wasn't bound to cry.,That lady wasn't annoying to cry.,syntax_semantics,control_raising,tough_vs_raising_2,True,False,False,False,628,-39.18873596191406,-40.25907897949219,1
Tammy is bound to hug those men.,Tammy is hard to hug those men.,syntax_semantics,control_raising,tough_vs_raising_2,True,False,False,False,629,-53.476417541503906,-51.64579772949219,0
That pedestrian's daughters are unlikely to sell many pictures.,That pedestrian's daughters are enjoyable to sell many pictures.,syntax_semantics,control_raising,tough_vs_raising_2,True,False,False,False,630,-78.15774536132812,-80.2505874633789,1
Beverly isn't sure to boast.,Beverly isn't tough to boast.,syntax_semantics,control_raising,tough_vs_raising_2,True,False,False,False,631,-45.47871398925781,-47.45127868652344,1
Dennis wasn't certain to arrive at the public park.,Dennis wasn't easy to arrive at the public park.,syntax_semantics,control_raising,tough_vs_raising_2,True,False,False,False,632,-57.798072814941406,-56.57490539550781,0
Some documentaries are about to shock Carmen.,Some documentaries are enjoyable to shock Carmen.,syntax_semantics,control_raising,tough_vs_raising_2,True,False,False,False,633,-56.64594650268555,-63.136695861816406,1
Alan was unlikely to explain most adults upset Samuel.,Alan was exciting to explain most adults upset Samuel.,syntax_semantics,control_raising,tough_vs_raising_2,True,False,False,False,634,-74.655029296875,-76.05793762207031,1
Every teenager isn't apt to beg Brian to sigh.,Every teenager isn't hard work to beg Brian to sigh.,syntax_semantics,control_raising,tough_vs_raising_2,True,False,False,False,635,-71.59194946289062,-80.35072326660156,1
April wasn't sure to flee from the bank.,April wasn't irritating to flee from the bank.,syntax_semantics,control_raising,tough_vs_raising_2,True,False,False,False,636,-53.252342224121094,-60.14630126953125,1
The child isn't apt to scream.,The child isn't tough to scream.,syntax_semantics,control_raising,tough_vs_raising_2,True,False,False,False,637,-37.72612762451172,-37.72184753417969,0
James is soon to tour that closet.,James is easy to tour that closet.,syntax_semantics,control_raising,tough_vs_raising_2,True,False,False,False,638,-55.9920539855957,-52.82725143432617,0
Most public parks were bound to bore Gregory.,Most public parks were easy to bore Gregory.,syntax_semantics,control_raising,tough_vs_raising_2,True,False,False,False,639,-69.60850524902344,-69.24421691894531,0
Most waiters' lawyers are sure to look to bother Alicia.,Most waiters' lawyers are annoying to look to bother Alicia.,syntax_semantics,control_raising,tough_vs_raising_2,True,False,False,False,640,-87.92173767089844,-91.06539916992188,1
George wasn't about to intend to practice.,George wasn't exciting to intend to practice.,syntax_semantics,control_raising,tough_vs_raising_2,True,False,False,False,641,-47.66111755371094,-52.05894470214844,1
Most legislatures weren't likely to badger Katherine to fire Jesus.,Most legislatures weren't easy to badger Katherine to fire Jesus.,syntax_semantics,control_raising,tough_vs_raising_2,True,False,False,False,642,-97.01026916503906,-97.92900085449219,1
Theodore was bound to mess up a fork.,Theodore was irritating to mess up a fork.,syntax_semantics,control_raising,tough_vs_raising_2,True,False,False,False,643,-54.86346435546875,-60.286197662353516,1
Rhonda's ex-girlfriends aren't certain to happen to know Janet.,Rhonda's ex-girlfriends aren't boring to happen to know Janet.,syntax_semantics,control_raising,tough_vs_raising_2,True,False,False,False,644,-90.72712707519531,-94.05331420898438,1
Rose's niece isn't unlikely to anticipate some actresses to flirt.,Rose's niece isn't irritating to anticipate some actresses to flirt.,syntax_semantics,control_raising,tough_vs_raising_2,True,False,False,False,645,-87.21966552734375,-85.85874938964844,0
Some nephews of that guest weren't certain to flirt.,Some nephews of that guest weren't tough to flirt.,syntax_semantics,control_raising,tough_vs_raising_2,True,False,False,False,646,-78.00791931152344,-77.16596221923828,0
Alice's brothers weren't apt to obligate Sherry to cure the turtles.,Alice's brothers weren't hard to obligate Sherry to cure the turtles.,syntax_semantics,control_raising,tough_vs_raising_2,True,False,False,False,647,-102.91897583007812,-101.91812133789062,0
Jodi was about to research a sketch.,Jodi was irritating to research a sketch.,syntax_semantics,control_raising,tough_vs_raising_2,True,False,False,False,648,-53.50993347167969,-60.471031188964844,1
Deanna wasn't soon to laugh.,Deanna wasn't enjoyable to laugh.,syntax_semantics,control_raising,tough_vs_raising_2,True,False,False,False,649,-50.12169647216797,-52.36977767944336,1
Nina is certain to bother Paula.,Nina is hard to bother Paula.,syntax_semantics,control_raising,tough_vs_raising_2,True,False,False,False,650,-47.038414001464844,-40.884056091308594,0
Martin isn't apt to fail to study.,Martin isn't hard to fail to study.,syntax_semantics,control_raising,tough_vs_raising_2,True,False,False,False,651,-46.4910888671875,-45.46431350708008,0
Homer's dentists weren't certain to collaborate.,Homer's dentists weren't tough to collaborate.,syntax_semantics,control_raising,tough_vs_raising_2,True,False,False,False,652,-67.36404418945312,-67.25213623046875,0
Leslie isn't soon to descend a mountain.,Leslie isn't hard to descend a mountain.,syntax_semantics,control_raising,tough_vs_raising_2,True,False,False,False,653,-58.01628875732422,-53.36542510986328,0
Rodney's grandfathers aren't apt to wonder what reacted.,Rodney's grandfathers aren't unpleasant to wonder what reacted.,syntax_semantics,control_raising,tough_vs_raising_2,True,False,False,False,654,-74.02486419677734,-78.91986083984375,1
Aaron is sure to listen to Ruth.,Aaron is hard to listen to Ruth.,syntax_semantics,control_raising,tough_vs_raising_2,True,False,False,False,655,-42.363128662109375,-40.70282745361328,0
Every dancer isn't unlikely to cry.,Every dancer isn't enjoyable to cry.,syntax_semantics,control_raising,tough_vs_raising_2,True,False,False,False,656,-47.372650146484375,-48.426048278808594,1
These adults aren't unlikely to mutter.,These adults aren't unpleasant to mutter.,syntax_semantics,control_raising,tough_vs_raising_2,True,False,False,False,657,-53.13520812988281,-52.064430236816406,0
Beverly's daughters weren't soon to praise Kenneth.,Beverly's daughters weren't hard to praise Kenneth.,syntax_semantics,control_raising,tough_vs_raising_2,True,False,False,False,658,-77.00516510009766,-74.25372314453125,0
Kayla isn't apt to commission some waiter to fire Andrea.,Kayla isn't tough to commission some waiter to fire Andrea.,syntax_semantics,control_raising,tough_vs_raising_2,True,False,False,False,659,-93.17755126953125,-95.16344451904297,1
Carl's father is sure to observe Vincent.,Carl's father is boring to observe Vincent.,syntax_semantics,control_raising,tough_vs_raising_2,True,False,False,False,660,-55.66478729248047,-59.61473846435547,1
Every son of a lot of guests was sure to talk.,Every son of a lot of guests was hard to talk.,syntax_semantics,control_raising,tough_vs_raising_2,True,False,False,False,661,-53.91160202026367,-54.46394348144531,1
Ellen's mothers weren't bound to respond.,Ellen's mothers weren't annoying to respond.,syntax_semantics,control_raising,tough_vs_raising_2,True,False,False,False,662,-55.49803924560547,-58.43540573120117,1
Michael's friends are sure to fail to heal this snake.,Michael's friends are enjoyable to fail to heal this snake.,syntax_semantics,control_raising,tough_vs_raising_2,True,False,False,False,663,-62.99617385864258,-69.98350524902344,1
The Borgias were certain to compromise.,The Borgias were exciting to compromise.,syntax_semantics,control_raising,tough_vs_raising_2,True,False,False,False,664,-47.912635803222656,-50.91117858886719,1
Helen is certain to descend these mountains.,Helen is easy to descend these mountains.,syntax_semantics,control_raising,tough_vs_raising_2,True,False,False,False,665,-51.47675323486328,-46.6480712890625,0
Every child isn't bound to see these peppers.,Every child isn't hard work to see these peppers.,syntax_semantics,control_raising,tough_vs_raising_2,True,False,False,False,666,-55.676780700683594,-59.42995071411133,1
All museums aren't soon to hire Phillip.,All museums aren't easy to hire Phillip.,syntax_semantics,control_raising,tough_vs_raising_2,True,False,False,False,667,-59.71458053588867,-55.33570098876953,0
Linda's mothers are soon to litter.,Linda's mothers are pleasant to litter.,syntax_semantics,control_raising,tough_vs_raising_2,True,False,False,False,668,-55.20513153076172,-53.55290603637695,0
Christopher's piano teachers weren't soon to walk through this public park.,Christopher's piano teachers weren't difficult to walk through this public park.,syntax_semantics,control_raising,tough_vs_raising_2,True,False,False,False,669,-86.21417236328125,-82.6651611328125,0
Monica wasn't about to boast about Dana.,Monica wasn't fun to boast about Dana.,syntax_semantics,control_raising,tough_vs_raising_2,True,False,False,False,670,-56.97383499145508,-59.79499435424805,1
Rhonda's electrician isn't apt to happen to compete.,Rhonda's electrician isn't tough to happen to compete.,syntax_semantics,control_raising,tough_vs_raising_2,True,False,False,False,671,-76.63377380371094,-79.32028198242188,1
Sisters of Helen are bound to retaliate.,Sisters of Helen are pleasant to retaliate.,syntax_semantics,control_raising,tough_vs_raising_2,True,False,False,False,672,-56.34657669067383,-60.163665771484375,1
Susan was about to describe David.,Susan was pleasant to describe David.,syntax_semantics,control_raising,tough_vs_raising_2,True,False,False,False,673,-37.878578186035156,-42.18437957763672,1
Adam isn't certain to drop by all museums.,Adam isn't annoying to drop by all museums.,syntax_semantics,control_raising,tough_vs_raising_2,True,False,False,False,674,-63.636260986328125,-64.166748046875,1
The offspring wasn't sure to escape.,The offspring wasn't pleasant to escape.,syntax_semantics,control_raising,tough_vs_raising_2,True,False,False,False,675,-43.14411544799805,-45.68744659423828,1
Cheryl's electricians aren't sure to interact.,Cheryl's electricians aren't enjoyable to interact.,syntax_semantics,control_raising,tough_vs_raising_2,True,False,False,False,676,-79.44805908203125,-82.61270904541016,1
Tammy was certain to hope to write.,Tammy was interesting to hope to write.,syntax_semantics,control_raising,tough_vs_raising_2,True,False,False,False,677,-56.08183288574219,-54.5744743347168,0
Martin isn't bound to slump over.,Martin isn't fun to slump over.,syntax_semantics,control_raising,tough_vs_raising_2,True,False,False,False,678,-49.4425163269043,-52.248130798339844,1
Phillip's granddaughter isn't apt to motivate Erin to perform.,Phillip's granddaughter isn't pleasant to motivate Erin to perform.,syntax_semantics,control_raising,tough_vs_raising_2,True,False,False,False,679,-84.84503173828125,-88.11570739746094,1
That nephew of Kristin is about to leave George.,That nephew of Kristin is easy to leave George.,syntax_semantics,control_raising,tough_vs_raising_2,True,False,False,False,680,-63.41114044189453,-65.01544189453125,1
Margaret is soon to prevent Mark from irritating the guy.,Margaret is difficult to prevent Mark from irritating the guy.,syntax_semantics,control_raising,tough_vs_raising_2,True,False,False,False,681,-74.90289306640625,-70.26158142089844,0
A doctor's senators were unlikely to interact.,A doctor's senators were boring to interact.,syntax_semantics,control_raising,tough_vs_raising_2,True,False,False,False,682,-59.071380615234375,-61.24250030517578,1
Most brothers of Stacy were soon to confer.,Most brothers of Stacy were exciting to confer.,syntax_semantics,control_raising,tough_vs_raising_2,True,False,False,False,683,-62.02782440185547,-65.58047485351562,1
Kenneth's sons aren't apt to question Becca.,Kenneth's sons aren't unpleasant to question Becca.,syntax_semantics,control_raising,tough_vs_raising_2,True,False,False,False,684,-70.64326477050781,-74.7857894897461,1
Kirsten's French teacher is apt to urge Julia to examine the plays.,Kirsten's French teacher is hard to urge Julia to examine the plays.,syntax_semantics,control_raising,tough_vs_raising_2,True,False,False,False,685,-91.5975341796875,-90.04345703125,0
Eric's supervisor isn't apt to yearn to murmur.,Eric's supervisor isn't enjoyable to yearn to murmur.,syntax_semantics,control_raising,tough_vs_raising_2,True,False,False,False,686,-86.86602783203125,-93.44004821777344,1
Roger was unlikely to praise Mary.,Roger was annoying to praise Mary.,syntax_semantics,control_raising,tough_vs_raising_2,True,False,False,False,687,-45.71540069580078,-46.42255401611328,1
David's ex-wives aren't about to reply.,David's ex-wives aren't hard work to reply.,syntax_semantics,control_raising,tough_vs_raising_2,True,False,False,False,688,-58.065162658691406,-64.8149642944336,1
This glove wasn't about to annoy Catherine.,This glove wasn't annoying to annoy Catherine.,syntax_semantics,control_raising,tough_vs_raising_2,True,False,False,False,689,-55.49821472167969,-59.21063995361328,1
Grandmothers of Galileo aren't certain to dislike these adults.,Grandmothers of Galileo aren't pleasant to dislike these adults.,syntax_semantics,control_raising,tough_vs_raising_2,True,False,False,False,690,-87.4464111328125,-87.72148132324219,1
Kirsten wasn't unlikely to complain.,Kirsten wasn't pleasant to complain.,syntax_semantics,control_raising,tough_vs_raising_2,True,False,False,False,691,-46.72105407714844,-44.834556579589844,0
Sonia's grandson isn't soon to prod Jodi to drive to some lake.,Sonia's grandson isn't hard work to prod Jodi to drive to some lake.,syntax_semantics,control_raising,tough_vs_raising_2,True,False,False,False,692,-98.8060531616211,-99.21381378173828,1
Pamphlets about politics are about to hurt Laurie.,Pamphlets about politics are tough to hurt Laurie.,syntax_semantics,control_raising,tough_vs_raising_2,True,False,False,False,693,-77.30860900878906,-77.88127136230469,1
That waitress's supervisors are about to grin.,That waitress's supervisors are irritating to grin.,syntax_semantics,control_raising,tough_vs_raising_2,True,False,False,False,694,-64.37120056152344,-66.73736572265625,1
Colleen was sure to shout.,Colleen was easy to shout.,syntax_semantics,control_raising,tough_vs_raising_2,True,False,False,False,695,-43.372982025146484,-41.494625091552734,0
Craig is certain to implore Katherine to admire chicken.,Craig is unpleasant to implore Katherine to admire chicken.,syntax_semantics,control_raising,tough_vs_raising_2,True,False,False,False,696,-82.2637710571289,-80.58645629882812,0
Katherine was apt to expect the skirts to wrinkle.,Katherine was difficult to expect the skirts to wrinkle.,syntax_semantics,control_raising,tough_vs_raising_2,True,False,False,False,697,-69.06572723388672,-69.89704895019531,1
The nephews of Ann are unlikely to fix a lot of glasses.,The nephews of Ann are tough to fix a lot of glasses.,syntax_semantics,control_raising,tough_vs_raising_2,True,False,False,False,698,-79.21389770507812,-78.85635375976562,0
Alan isn't about to dislike Walter.,Alan isn't exciting to dislike Walter.,syntax_semantics,control_raising,tough_vs_raising_2,True,False,False,False,699,-48.363006591796875,-51.47977066040039,1
Some bank wasn't unlikely to testify.,Some bank wasn't hard to testify.,syntax_semantics,control_raising,tough_vs_raising_2,True,False,False,False,700,-48.79926681518555,-43.74140930175781,0
Samuel was likely to mutter.,Samuel was boring to mutter.,syntax_semantics,control_raising,tough_vs_raising_2,True,False,False,False,701,-42.86265563964844,-46.1434326171875,1
These dancers weren't certain to appear to collaborate.,These dancers weren't exciting to appear to collaborate.,syntax_semantics,control_raising,tough_vs_raising_2,True,False,False,False,702,-60.291900634765625,-61.94366455078125,1
Those students weren't apt to intend to argue about current events.,Those students weren't hard work to intend to argue about current events.,syntax_semantics,control_raising,tough_vs_raising_2,True,False,False,False,703,-72.42962646484375,-78.40391540527344,1
Wendy isn't apt to regret some girls suffer.,Wendy isn't hard to regret some girls suffer.,syntax_semantics,control_raising,tough_vs_raising_2,True,False,False,False,704,-64.13015747070312,-62.199058532714844,0
Students' fathers weren't sure to figure out who wasn't climbing down many hills.,Students' fathers weren't irritating to figure out who wasn't climbing down many hills.,syntax_semantics,control_raising,tough_vs_raising_2,True,False,False,False,705,-95.08919525146484,-103.16000366210938,1
Those offspring aren't certain to criticize Naomi.,Those offspring aren't hard to criticize Naomi.,syntax_semantics,control_raising,tough_vs_raising_2,True,False,False,False,706,-60.939456939697266,-58.16663360595703,0
Alan's ex-girlfriends aren't unlikely to drop by movie theaters.,Alan's ex-girlfriends aren't enjoyable to drop by movie theaters.,syntax_semantics,control_raising,tough_vs_raising_2,True,False,False,False,707,-90.05656433105469,-89.95712280273438,0
James's spouse isn't unlikely to require Larry to grin.,James's spouse isn't hard work to require Larry to grin.,syntax_semantics,control_raising,tough_vs_raising_2,True,False,False,False,708,-78.47114562988281,-82.71031188964844,1
All drivers were certain to cooperate.,All drivers were easy to cooperate.,syntax_semantics,control_raising,tough_vs_raising_2,True,False,False,False,709,-44.855430603027344,-41.84033203125,0
Christina's oncologists were unlikely to hope to depart.,Christina's oncologists were enjoyable to hope to depart.,syntax_semantics,control_raising,tough_vs_raising_2,True,False,False,False,710,-86.2415771484375,-87.72091674804688,1
Wayne wasn't unlikely to like that ice.,Wayne wasn't pleasant to like that ice.,syntax_semantics,control_raising,tough_vs_raising_2,True,False,False,False,711,-59.90766143798828,-54.890472412109375,0
Derek's sister isn't about to complain about all customers.,Derek's sister isn't tough to complain about all customers.,syntax_semantics,control_raising,tough_vs_raising_2,True,False,False,False,712,-68.72463989257812,-69.98841857910156,1
A restaurant isn't bound to impress Lori.,A restaurant isn't exciting to impress Lori.,syntax_semantics,control_raising,tough_vs_raising_2,True,False,False,False,713,-57.060638427734375,-58.432159423828125,1
Many grandfathers of actresses are unlikely to reply.,Many grandfathers of actresses are irritating to reply.,syntax_semantics,control_raising,tough_vs_raising_2,True,False,False,False,714,-68.83082580566406,-70.61459350585938,1
A grandfather of Noah was bound to discover every shirt.,A grandfather of Noah was fun to discover every shirt.,syntax_semantics,control_raising,tough_vs_raising_2,True,False,False,False,715,-65.85200500488281,-69.91993713378906,1
Some man isn't certain to hug Edward.,Some man isn't boring to hug Edward.,syntax_semantics,control_raising,tough_vs_raising_2,True,False,False,False,716,-55.89222717285156,-56.74674606323242,1
Peter was certain to learn who shocks Susan.,Peter was fun to learn who shocks Susan.,syntax_semantics,control_raising,tough_vs_raising_2,True,False,False,False,717,-66.21922302246094,-64.51023864746094,0
The Lutherans are apt to care for Kimberley.,The Lutherans are annoying to care for Kimberley.,syntax_semantics,control_raising,tough_vs_raising_2,True,False,False,False,718,-62.72510528564453,-68.72828674316406,1
Debra was about to conceal Paul.,Debra was enjoyable to conceal Paul.,syntax_semantics,control_raising,tough_vs_raising_2,True,False,False,False,719,-48.112060546875,-57.97084045410156,1
Rebecca is bound to sound like some senator.,Rebecca is hard to sound like some senator.,syntax_semantics,control_raising,tough_vs_raising_2,True,False,False,False,720,-58.695518493652344,-55.88606262207031,0
Most patients' electrician is certain to oblige Carolyn to drop by the cafes.,Most patients' electrician is easy to oblige Carolyn to drop by the cafes.,syntax_semantics,control_raising,tough_vs_raising_2,True,False,False,False,721,-115.27395629882812,-110.34007263183594,0
Some waiters weren't sure to disagree.,Some waiters weren't boring to disagree.,syntax_semantics,control_raising,tough_vs_raising_2,True,False,False,False,722,-55.51756286621094,-61.54991912841797,1
Ronald's ex-wives aren't unlikely to bother to react.,Ronald's ex-wives aren't fun to bother to react.,syntax_semantics,control_raising,tough_vs_raising_2,True,False,False,False,723,-79.4814453125,-76.75863647460938,0
Marla is certain to hire Teresa.,Marla is easy to hire Teresa.,syntax_semantics,control_raising,tough_vs_raising_2,True,False,False,False,724,-53.322349548339844,-47.691219329833984,0
Elizabeth isn't unlikely to like to talk to Jennifer.,Elizabeth isn't unpleasant to like to talk to Jennifer.,syntax_semantics,control_raising,tough_vs_raising_2,True,False,False,False,725,-60.862178802490234,-57.882362365722656,0
Those drivers' hairdresser was apt to expect Tonya to wave.,Those drivers' hairdresser was irritating to expect Tonya to wave.,syntax_semantics,control_raising,tough_vs_raising_2,True,False,False,False,726,-97.81287384033203,-102.41252899169922,1
These grandfathers of Carolyn were sure to cry.,These grandfathers of Carolyn were boring to cry.,syntax_semantics,control_raising,tough_vs_raising_2,True,False,False,False,727,-63.36569595336914,-68.91033172607422,1
Lisa isn't unlikely to turn out to learn.,Lisa isn't irritating to turn out to learn.,syntax_semantics,control_raising,tough_vs_raising_2,True,False,False,False,728,-56.74130630493164,-56.633304595947266,0
Deanna isn't soon to know who concealed Stacy.,Deanna isn't boring to know who concealed Stacy.,syntax_semantics,control_raising,tough_vs_raising_2,True,False,False,False,729,-77.45069885253906,-77.36862182617188,0
Susan is soon to plan to escape.,Susan is boring to plan to escape.,syntax_semantics,control_raising,tough_vs_raising_2,True,False,False,False,730,-44.43882751464844,-45.55921173095703,1
Todd is certain to dislike Renee.,Todd is annoying to dislike Renee.,syntax_semantics,control_raising,tough_vs_raising_2,True,False,False,False,731,-53.82188034057617,-52.713661193847656,0
Douglas's ex-wives were apt to predict those drivers to surrender.,Douglas's ex-wives were irritating to predict those drivers to surrender.,syntax_semantics,control_raising,tough_vs_raising_2,True,False,False,False,732,-88.52023315429688,-91.4034423828125,1
Most men were likely to explain Larry couldn't nod.,Most men were unpleasant to explain Larry couldn't nod.,syntax_semantics,control_raising,tough_vs_raising_2,True,False,False,False,733,-70.33769989013672,-74.58875274658203,1
Many schools were certain to cope.,Many schools were enjoyable to cope.,syntax_semantics,control_raising,tough_vs_raising_2,True,False,False,False,734,-41.28887939453125,-44.150352478027344,1
Lucille was sure to need to respect Spain.,Lucille was irritating to need to respect Spain.,syntax_semantics,control_raising,tough_vs_raising_2,True,False,False,False,735,-57.767093658447266,-61.342811584472656,1
Donna was bound to escape from these dancers.,Donna was exciting to escape from these dancers.,syntax_semantics,control_raising,tough_vs_raising_2,True,False,False,False,736,-55.671905517578125,-61.49271774291992,1
Keith was apt to find out who is getting a job.,Keith was tough to find out who is getting a job.,syntax_semantics,control_raising,tough_vs_raising_2,True,False,False,False,737,-56.97404861450195,-55.50411605834961,0
Katherine isn't apt to try to scratch.,Katherine isn't annoying to try to scratch.,syntax_semantics,control_raising,tough_vs_raising_2,True,False,False,False,738,-51.58697509765625,-53.373329162597656,1
Sara's dentists weren't unlikely to negotiate.,Sara's dentists weren't easy to negotiate.,syntax_semantics,control_raising,tough_vs_raising_2,True,False,False,False,739,-61.185340881347656,-55.99995040893555,0
Christine's partner was bound to annoy the museum.,Christine's partner was pleasant to annoy the museum.,syntax_semantics,control_raising,tough_vs_raising_2,True,False,False,False,740,-63.51396179199219,-67.31815338134766,1
The people were likely to remember Anne.,The people were exciting to remember Anne.,syntax_semantics,control_raising,tough_vs_raising_2,True,False,False,False,741,-43.84109115600586,-48.99921417236328,1
Michael is about to worry Alice.,Michael is boring to worry Alice.,syntax_semantics,control_raising,tough_vs_raising_2,True,False,False,False,742,-43.73153305053711,-45.36394500732422,1
Michelle was likely to find universities to have eyes.,Michelle was boring to find universities to have eyes.,syntax_semantics,control_raising,tough_vs_raising_2,True,False,False,False,743,-64.37071228027344,-67.96456146240234,1
Noah was unlikely to find Linda.,Noah was tough to find Linda.,syntax_semantics,control_raising,tough_vs_raising_2,True,False,False,False,744,-54.87651824951172,-53.25297927856445,0
The people aren't likely to long to alarm some people.,The people aren't tough to long to alarm some people.,syntax_semantics,control_raising,tough_vs_raising_2,True,False,False,False,745,-62.96201705932617,-66.6231460571289,1
Those analyses weren't apt to irritate Catherine.,Those analyses weren't hard work to irritate Catherine.,syntax_semantics,control_raising,tough_vs_raising_2,True,False,False,False,746,-68.64581298828125,-74.34785461425781,1
Alice was about to pressure Kristin to astound most associations.,Alice was unpleasant to pressure Kristin to astound most associations.,syntax_semantics,control_raising,tough_vs_raising_2,True,False,False,False,747,-96.31752014160156,-102.05255126953125,1
That driver's piano teachers weren't about to figure out what confuses Janet.,That driver's piano teachers weren't fun to figure out what confuses Janet.,syntax_semantics,control_raising,tough_vs_raising_2,True,False,False,False,748,-101.55128479003906,-103.01466369628906,1
Daniel wasn't about to discover most skirts to distract Theresa.,Daniel wasn't fun to discover most skirts to distract Theresa.,syntax_semantics,control_raising,tough_vs_raising_2,True,False,False,False,749,-82.2214126586914,-85.477783203125,1
Grace is soon to question Lissa.,Grace is fun to question Lissa.,syntax_semantics,control_raising,tough_vs_raising_2,True,False,False,False,750,-57.038063049316406,-59.248939514160156,1
Karla is bound to bring the cilantro.,Karla is exciting to bring the cilantro.,syntax_semantics,control_raising,tough_vs_raising_2,True,False,False,False,751,-59.033729553222656,-64.13490295410156,1
Daniel was likely to encourage Walter to work with most men.,Daniel was unpleasant to encourage Walter to work with most men.,syntax_semantics,control_raising,tough_vs_raising_2,True,False,False,False,752,-66.61182403564453,-70.0418701171875,1
That adult's nephew was unlikely to believe Richard to dislike Matt.,That adult's nephew was pleasant to believe Richard to dislike Matt.,syntax_semantics,control_raising,tough_vs_raising_2,True,False,False,False,753,-95.95588684082031,-96.873291015625,1
Sherry is apt to encourage some patients to disagree.,Sherry is exciting to encourage some patients to disagree.,syntax_semantics,control_raising,tough_vs_raising_2,True,False,False,False,754,-58.94896697998047,-64.43790435791016,1
This driver wasn't soon to prompt an analysis to worry Heidi.,This driver wasn't easy to prompt an analysis to worry Heidi.,syntax_semantics,control_raising,tough_vs_raising_2,True,False,False,False,755,-89.47901916503906,-84.31674194335938,0
All ladies aren't unlikely to anticipate Brett to forfeit.,All ladies aren't pleasant to anticipate Brett to forfeit.,syntax_semantics,control_raising,tough_vs_raising_2,True,False,False,False,756,-76.14614868164062,-74.859619140625,0
Naomi was certain to admire gates.,Naomi was hard work to admire gates.,syntax_semantics,control_raising,tough_vs_raising_2,True,False,False,False,757,-57.28345489501953,-58.94564437866211,1
Jane's senator is apt to know who hasn't concealed Lori.,Jane's senator is pleasant to know who hasn't concealed Lori.,syntax_semantics,control_raising,tough_vs_raising_2,True,False,False,False,758,-83.66071319580078,-87.48063659667969,1
That brochure about Jesus isn't apt to bother Noah.,That brochure about Jesus isn't irritating to bother Noah.,syntax_semantics,control_raising,tough_vs_raising_2,True,False,False,False,759,-76.4893798828125,-80.06598663330078,1
Ann's dermatologist was apt to buy those planes.,Ann's dermatologist was pleasant to buy those planes.,syntax_semantics,control_raising,tough_vs_raising_2,True,False,False,False,760,-69.23269653320312,-71.42398834228516,1
Some people weren't soon to chuckle.,Some people weren't exciting to chuckle.,syntax_semantics,control_raising,tough_vs_raising_2,True,False,False,False,761,-47.90956115722656,-46.3599853515625,0
Stephanie wasn't likely to mess up every cup.,Stephanie wasn't tough to mess up every cup.,syntax_semantics,control_raising,tough_vs_raising_2,True,False,False,False,762,-64.76132202148438,-69.81741333007812,1
Adam was likely to doubt Larry was commissioning Jill to exist.,Adam was enjoyable to doubt Larry was commissioning Jill to exist.,syntax_semantics,control_raising,tough_vs_raising_2,True,False,False,False,763,-86.01652526855469,-93.76931762695312,1
Melinda isn't likely to clean a hat.,Melinda isn't interesting to clean a hat.,syntax_semantics,control_raising,tough_vs_raising_2,True,False,False,False,764,-52.63087463378906,-56.276771545410156,1
Eric was apt to threaten to see Andrea.,Eric was tough to threaten to see Andrea.,syntax_semantics,control_raising,tough_vs_raising_2,True,False,False,False,765,-51.658382415771484,-52.71849822998047,1
Some men are likely to prove to cry.,Some men are hard work to prove to cry.,syntax_semantics,control_raising,tough_vs_raising_2,True,False,False,False,766,-42.2088623046875,-50.110469818115234,1
A lot of offspring aren't about to sound like many students.,A lot of offspring aren't irritating to sound like many students.,syntax_semantics,control_raising,tough_vs_raising_2,True,False,False,False,767,-66.82234191894531,-70.65603637695312,1
Jill wasn't about to reference Pamela.,Jill wasn't enjoyable to reference Pamela.,syntax_semantics,control_raising,tough_vs_raising_2,True,False,False,False,768,-58.46121597290039,-64.51344299316406,1
Teresa wasn't apt to want to wake up.,Teresa wasn't pleasant to want to wake up.,syntax_semantics,control_raising,tough_vs_raising_2,True,False,False,False,769,-50.90243148803711,-53.15483856201172,1
Colleen's ex-boyfriends weren't apt to testify.,Colleen's ex-boyfriends weren't irritating to testify.,syntax_semantics,control_raising,tough_vs_raising_2,True,False,False,False,770,-76.97467803955078,-83.36481475830078,1
Nina isn't about to prod Brian's mentees to waste away.,Nina isn't pleasant to prod Brian's mentees to waste away.,syntax_semantics,control_raising,tough_vs_raising_2,True,False,False,False,771,-102.3123779296875,-105.9259262084961,1
Adam isn't bound to threaten to complain.,Adam isn't enjoyable to threaten to complain.,syntax_semantics,control_raising,tough_vs_raising_2,True,False,False,False,772,-49.51081848144531,-54.76690673828125,1
Carla isn't about to know Samuel.,Carla isn't enjoyable to know Samuel.,syntax_semantics,control_raising,tough_vs_raising_2,True,False,False,False,773,-48.96894454956055,-57.568382263183594,1
Most peppers were likely to rot.,Most peppers were unpleasant to rot.,syntax_semantics,control_raising,tough_vs_raising_2,True,False,False,False,774,-48.86116027832031,-53.86205291748047,1
Joel is likely to escape from Randolf.,Joel is hard to escape from Randolf.,syntax_semantics,control_raising,tough_vs_raising_2,True,False,False,False,775,-63.09368133544922,-61.85682678222656,0
All grandfathers of Kevin were bound to hide this bicycle.,All grandfathers of Kevin were annoying to hide this bicycle.,syntax_semantics,control_raising,tough_vs_raising_2,True,False,False,False,776,-78.78123474121094,-83.90782165527344,1
Some niece of Veronica isn't sure to watch Rodney.,Some niece of Veronica isn't hard work to watch Rodney.,syntax_semantics,control_raising,tough_vs_raising_2,True,False,False,False,777,-65.9159927368164,-72.78765869140625,1
Liam's dermatologist wasn't certain to threaten to tour some restaurants.,Liam's dermatologist wasn't pleasant to threaten to tour some restaurants.,syntax_semantics,control_raising,tough_vs_raising_2,True,False,False,False,778,-90.75604248046875,-91.60104370117188,1
That drawing was soon to shock Judy.,That drawing was hard to shock Judy.,syntax_semantics,control_raising,tough_vs_raising_2,True,False,False,False,779,-55.99707794189453,-52.778602600097656,0
Marcus's ex-boyfriends are sure to smile.,Marcus's ex-boyfriends are irritating to smile.,syntax_semantics,control_raising,tough_vs_raising_2,True,False,False,False,780,-65.02534484863281,-66.19377136230469,1
Vincent's employees aren't soon to cope.,Vincent's employees aren't hard work to cope.,syntax_semantics,control_raising,tough_vs_raising_2,True,False,False,False,781,-57.85176467895508,-58.092350006103516,1
Tammy isn't about to talk to George.,Tammy isn't interesting to talk to George.,syntax_semantics,control_raising,tough_vs_raising_2,True,False,False,False,782,-47.29812240600586,-49.87416458129883,1
Some nuclei weren't unlikely to resemble most paintings.,Some nuclei weren't pleasant to resemble most paintings.,syntax_semantics,control_raising,tough_vs_raising_2,True,False,False,False,783,-74.8311538696289,-73.75187683105469,0
Brenda isn't about to try to argue.,Brenda isn't pleasant to try to argue.,syntax_semantics,control_raising,tough_vs_raising_2,True,False,False,False,784,-43.81489562988281,-46.083717346191406,1
Michelle's bosses were certain to clash.,Michelle's bosses were enjoyable to clash.,syntax_semantics,control_raising,tough_vs_raising_2,True,False,False,False,785,-58.65574645996094,-61.51911926269531,1
Steven isn't about to expect all men to complain about Melanie.,Steven isn't annoying to expect all men to complain about Melanie.,syntax_semantics,control_raising,tough_vs_raising_2,True,False,False,False,786,-73.83248901367188,-76.26366424560547,1
Tina was sure to work with Tracy.,Tina was pleasant to work with Tracy.,syntax_semantics,control_raising,tough_vs_raising_2,True,False,False,False,787,-47.54999542236328,-51.0406494140625,1
Victoria was soon to intend to dislike the waiters.,Victoria was easy to intend to dislike the waiters.,syntax_semantics,control_raising,tough_vs_raising_2,True,False,False,False,788,-68.53173065185547,-66.11503601074219,0
Becca is unlikely to go fishing.,Becca is fun to go fishing.,syntax_semantics,control_raising,tough_vs_raising_2,True,False,False,False,789,-43.96251678466797,-39.47875213623047,0
Daniel wasn't likely to wish to perform.,Daniel wasn't unpleasant to wish to perform.,syntax_semantics,control_raising,tough_vs_raising_2,True,False,False,False,790,-46.26335525512695,-49.54475402832031,1
Roger's students aren't apt to forget Carl.,Roger's students aren't tough to forget Carl.,syntax_semantics,control_raising,tough_vs_raising_2,True,False,False,False,791,-60.204769134521484,-61.88221740722656,1
The people aren't sure to investigate Paul.,The people aren't interesting to investigate Paul.,syntax_semantics,control_raising,tough_vs_raising_2,True,False,False,False,792,-47.14241409301758,-51.75395202636719,1
Florence was likely to drive to this closet.,Florence was annoying to drive to this closet.,syntax_semantics,control_raising,tough_vs_raising_2,True,False,False,False,793,-57.7978515625,-60.0682487487793,1
A grandson of Dawn isn't bound to annoy Amelia.,A grandson of Dawn isn't boring to annoy Amelia.,syntax_semantics,control_raising,tough_vs_raising_2,True,False,False,False,794,-71.02316284179688,-74.69219970703125,1
Denise's fathers were soon to doubt the adult hasn't admired Barbara.,Denise's fathers were difficult to doubt the adult hasn't admired Barbara.,syntax_semantics,control_raising,tough_vs_raising_2,True,False,False,False,795,-108.06571197509766,-106.07847595214844,0
The library is about to confuse a lot of actors.,The library is exciting to confuse a lot of actors.,syntax_semantics,control_raising,tough_vs_raising_2,True,False,False,False,796,-50.317562103271484,-56.23245620727539,1
Jill's brothers aren't soon to litter.,Jill's brothers aren't hard work to litter.,syntax_semantics,control_raising,tough_vs_raising_2,True,False,False,False,797,-60.874542236328125,-60.12096405029297,0
Gregory's lawyers are apt to confer.,Gregory's lawyers are annoying to confer.,syntax_semantics,control_raising,tough_vs_raising_2,True,False,False,False,798,-53.94341278076172,-58.21488952636719,1
Carla was apt to kiss Eva.,Carla was fun to kiss Eva.,syntax_semantics,control_raising,tough_vs_raising_2,True,False,False,False,799,-46.73176574707031,-46.51277542114258,0
Stacy was likely to clean those grocery stores.,Stacy was exciting to clean those grocery stores.,syntax_semantics,control_raising,tough_vs_raising_2,True,False,False,False,800,-60.4864616394043,-63.87157440185547,1
Some boys weren't bound to go fishing.,Some boys weren't tough to go fishing.,syntax_semantics,control_raising,tough_vs_raising_2,True,False,False,False,801,-38.75774383544922,-39.59498596191406,1
Guy wasn't unlikely to run around a museum.,Guy wasn't unpleasant to run around a museum.,syntax_semantics,control_raising,tough_vs_raising_2,True,False,False,False,802,-54.31508255004883,-53.96602249145508,0
The bank wasn't soon to hope to investigate Emily.,The bank wasn't interesting to hope to investigate Emily.,syntax_semantics,control_raising,tough_vs_raising_2,True,False,False,False,803,-63.89812088012695,-64.25303649902344,1
Those children were likely to persuade Peter to scream.,Those children were boring to persuade Peter to scream.,syntax_semantics,control_raising,tough_vs_raising_2,True,False,False,False,804,-60.13888168334961,-64.78550720214844,1
Curtis wasn't likely to grin.,Curtis wasn't interesting to grin.,syntax_semantics,control_raising,tough_vs_raising_2,True,False,False,False,805,-48.54833221435547,-53.51490783691406,1
Dennis's mothers are apt to boast.,Dennis's mothers are fun to boast.,syntax_semantics,control_raising,tough_vs_raising_2,True,False,False,False,806,-50.308841705322266,-53.747825622558594,1
The sister of these waiters isn't certain to shock some libraries.,The sister of these waiters isn't interesting to shock some libraries.,syntax_semantics,control_raising,tough_vs_raising_2,True,False,False,False,807,-90.65337371826172,-92.1267318725586,1
Deborah is bound to climb up that mountain.,Deborah is easy to climb up that mountain.,syntax_semantics,control_raising,tough_vs_raising_2,True,False,False,False,808,-50.226402282714844,-49.50983428955078,0
Some pedestrian is sure to remember Joseph.,Some pedestrian is irritating to remember Joseph.,syntax_semantics,control_raising,tough_vs_raising_2,True,False,False,False,809,-53.08559799194336,-56.04917907714844,1
A lot of patients' contractors weren't bound to hurt Homer.,A lot of patients' contractors weren't boring to hurt Homer.,syntax_semantics,control_raising,tough_vs_raising_2,True,False,False,False,810,-71.13356018066406,-74.89672088623047,1
All teachers are unlikely to respond.,All teachers are difficult to respond.,syntax_semantics,control_raising,tough_vs_raising_2,True,False,False,False,811,-41.22761535644531,-37.5120735168457,0
Maria was sure to prevent Janice from skated around all art galleries.,Maria was hard to prevent Janice from skated around all art galleries.,syntax_semantics,control_raising,tough_vs_raising_2,True,False,False,False,812,-102.3423843383789,-100.7852783203125,0
Jeffrey wasn't certain to skate around that high school.,Jeffrey wasn't interesting to skate around that high school.,syntax_semantics,control_raising,tough_vs_raising_2,True,False,False,False,813,-61.35319137573242,-63.580078125,1
Emily isn't unlikely to remember Lissa.,Emily isn't interesting to remember Lissa.,syntax_semantics,control_raising,tough_vs_raising_2,True,False,False,False,814,-59.00164031982422,-55.00479507446289,0
Noah isn't bound to drive to most art galleries.,Noah isn't enjoyable to drive to most art galleries.,syntax_semantics,control_raising,tough_vs_raising_2,True,False,False,False,815,-79.4566650390625,-84.29468536376953,1
Some dancers weren't sure to flirt.,Some dancers weren't difficult to flirt.,syntax_semantics,control_raising,tough_vs_raising_2,True,False,False,False,816,-48.93828582763672,-49.77643585205078,1
Denise's podiatrists are likely to consider most guests to debate.,Denise's podiatrists are exciting to consider most guests to debate.,syntax_semantics,control_raising,tough_vs_raising_2,True,False,False,False,817,-104.95352172851562,-112.43660736083984,1
Kristin is apt to leave Naomi.,Kristin is boring to leave Naomi.,syntax_semantics,control_raising,tough_vs_raising_2,True,False,False,False,818,-49.621795654296875,-52.621376037597656,1
That waitress was apt to take that ice.,That waitress was unpleasant to take that ice.,syntax_semantics,control_raising,tough_vs_raising_2,True,False,False,False,819,-52.24128341674805,-54.08938980102539,1
Heather wasn't likely to obligate George's nephew to upset Eric.,Heather wasn't boring to obligate George's nephew to upset Eric.,syntax_semantics,control_raising,tough_vs_raising_2,True,False,False,False,820,-94.24230194091797,-101.14527893066406,1
Most sisters of every boy were unlikely to wonder who begs Joel to notice Janet.,Most sisters of every boy were hard work to wonder who begs Joel to notice Janet.,syntax_semantics,control_raising,tough_vs_raising_2,True,False,False,False,821,-113.99754333496094,-115.49771118164062,1
Lucille isn't certain to bring mushrooms.,Lucille isn't hard work to bring mushrooms.,syntax_semantics,control_raising,tough_vs_raising_2,True,False,False,False,822,-56.8643798828125,-60.23539352416992,1
Suzanne's podiatrist wasn't likely to fix this window.,Suzanne's podiatrist wasn't interesting to fix this window.,syntax_semantics,control_raising,tough_vs_raising_2,True,False,False,False,823,-88.9072265625,-94.73579406738281,1
Elizabeth is bound to flee from Laurie.,Elizabeth is difficult to flee from Laurie.,syntax_semantics,control_raising,tough_vs_raising_2,True,False,False,False,824,-50.155128479003906,-50.901123046875,1
Beth isn't sure to push Deborah to question some child.,Beth isn't interesting to push Deborah to question some child.,syntax_semantics,control_raising,tough_vs_raising_2,True,False,False,False,825,-77.61238098144531,-82.41422271728516,1
Keith wasn't sure to sigh.,Keith wasn't pleasant to sigh.,syntax_semantics,control_raising,tough_vs_raising_2,True,False,False,False,826,-42.141212463378906,-44.72565460205078,1
A dish isn't likely to disturb every woman.,A dish isn't easy to disturb every woman.,syntax_semantics,control_raising,tough_vs_raising_2,True,False,False,False,827,-55.454193115234375,-54.18193817138672,0
Danielle wasn't soon to consider most girls to break every skateboard.,Danielle wasn't annoying to consider most girls to break every skateboard.,syntax_semantics,control_raising,tough_vs_raising_2,True,False,False,False,828,-91.46279907226562,-91.06660461425781,0
A lot of alumni were soon to bring cilantro.,A lot of alumni were irritating to bring cilantro.,syntax_semantics,control_raising,tough_vs_raising_2,True,False,False,False,829,-67.47209167480469,-69.35598754882812,1
Benjamin's dentist isn't apt to prevent those committees from joking around.,Benjamin's dentist isn't enjoyable to prevent those committees from joking around.,syntax_semantics,control_raising,tough_vs_raising_2,True,False,False,False,830,-92.72893524169922,-97.90481567382812,1
Monet wasn't bound to disturb David.,Monet wasn't easy to disturb David.,syntax_semantics,control_raising,tough_vs_raising_2,True,False,False,False,831,-51.385955810546875,-50.70551300048828,0
Caroline was sure to care for Diane.,Caroline was irritating to care for Diane.,syntax_semantics,control_raising,tough_vs_raising_2,True,False,False,False,832,-49.10430145263672,-51.647430419921875,1
The girls' lawyer isn't bound to cure every actress.,The girls' lawyer isn't annoying to cure every actress.,syntax_semantics,control_raising,tough_vs_raising_2,True,False,False,False,833,-71.17884826660156,-73.40046691894531,1
Clyde isn't apt to drive to a school.,Clyde isn't easy to drive to a school.,syntax_semantics,control_raising,tough_vs_raising_2,True,False,False,False,834,-64.08250427246094,-64.59137725830078,1
Keith isn't likely to like Jennifer.,Keith isn't easy to like Jennifer.,syntax_semantics,control_raising,tough_vs_raising_2,True,False,False,False,835,-48.04583740234375,-47.26398468017578,0
Libraries are likely to motivate Debra's grandmother to know Melissa.,Libraries are tough to motivate Debra's grandmother to know Melissa.,syntax_semantics,control_raising,tough_vs_raising_2,True,False,False,False,836,-89.587646484375,-94.16649627685547,1
Erin wasn't unlikely to explore the hospitals.,Erin wasn't tough to explore the hospitals.,syntax_semantics,control_raising,tough_vs_raising_2,True,False,False,False,837,-60.70827865600586,-59.579246520996094,0
That friend of Martha was about to discuss Todd.,That friend of Martha was enjoyable to discuss Todd.,syntax_semantics,control_raising,tough_vs_raising_2,True,False,False,False,838,-58.990943908691406,-67.31495666503906,1
Regina is unlikely to alarm a bank.,Regina is exciting to alarm a bank.,syntax_semantics,control_raising,tough_vs_raising_2,True,False,False,False,839,-56.203407287597656,-58.81662368774414,1
The driver is about to fix that computer.,The driver is fun to fix that computer.,syntax_semantics,control_raising,tough_vs_raising_2,True,False,False,False,840,-42.634559631347656,-51.061187744140625,1
Janice is about to laugh.,Janice is annoying to laugh.,syntax_semantics,control_raising,tough_vs_raising_2,True,False,False,False,841,-35.93500900268555,-37.3441162109375,1
Some spotlights were bound to resemble a lot of paintings.,Some spotlights were fun to resemble a lot of paintings.,syntax_semantics,control_raising,tough_vs_raising_2,True,False,False,False,842,-70.07162475585938,-70.80555725097656,1
Adam isn't certain to threaten to wake up.,Adam isn't irritating to threaten to wake up.,syntax_semantics,control_raising,tough_vs_raising_2,True,False,False,False,843,-52.61347198486328,-53.10871124267578,1
Kimberley isn't bound to shrug.,Kimberley isn't easy to shrug.,syntax_semantics,control_raising,tough_vs_raising_2,True,False,False,False,844,-58.27349090576172,-53.84757995605469,0
Stephen was likely to prove to heal Derek.,Stephen was pleasant to prove to heal Derek.,syntax_semantics,control_raising,tough_vs_raising_2,True,False,False,False,845,-56.380760192871094,-62.01432800292969,1
Some dancers were certain to cope.,Some dancers were irritating to cope.,syntax_semantics,control_raising,tough_vs_raising_2,True,False,False,False,846,-44.6940803527832,-46.01628494262695,1
Cynthia wasn't likely to learn what bothers Kathleen.,Cynthia wasn't hard to learn what bothers Kathleen.,syntax_semantics,control_raising,tough_vs_raising_2,True,False,False,False,847,-72.8302001953125,-72.7868881225586,0
Kenneth's mother wasn't about to return to a lot of doctors.,Kenneth's mother wasn't tough to return to a lot of doctors.,syntax_semantics,control_raising,tough_vs_raising_2,True,False,False,False,848,-69.42044830322266,-70.48250579833984,1
This government is soon to interact.,This government is fun to interact.,syntax_semantics,control_raising,tough_vs_raising_2,True,False,False,False,849,-41.23663330078125,-41.33921432495117,1
Stephen's ex-boyfriend isn't likely to examine these movies.,Stephen's ex-boyfriend isn't irritating to examine these movies.,syntax_semantics,control_raising,tough_vs_raising_2,True,False,False,False,850,-79.01033020019531,-83.81309509277344,1
A lot of associations aren't about to badger Gina to run around the museums.,A lot of associations aren't annoying to badger Gina to run around the museums.,syntax_semantics,control_raising,tough_vs_raising_2,True,False,False,False,851,-96.09544372558594,-99.15027618408203,1
Many girls weren't unlikely to react.,Many girls weren't easy to react.,syntax_semantics,control_raising,tough_vs_raising_2,True,False,False,False,852,-47.813758850097656,-42.96884536743164,0
Veronica was certain to attack Matt.,Veronica was difficult to attack Matt.,syntax_semantics,control_raising,tough_vs_raising_2,True,False,False,False,853,-54.5018196105957,-51.57513427734375,0
Samantha isn't certain to spur those students to astound Nicole.,Samantha isn't easy to spur those students to astound Nicole.,syntax_semantics,control_raising,tough_vs_raising_2,True,False,False,False,854,-100.57820129394531,-96.89735412597656,0
Claire isn't sure to wish to weep.,Claire isn't unpleasant to wish to weep.,syntax_semantics,control_raising,tough_vs_raising_2,True,False,False,False,855,-50.56291961669922,-53.29644012451172,1
The Borgias were about to boycott every public park.,The Borgias were hard work to boycott every public park.,syntax_semantics,control_raising,tough_vs_raising_2,True,False,False,False,856,-64.60540771484375,-73.33377075195312,1
Maria was apt to anticipate Tiffany to alarm the boys.,Maria was boring to anticipate Tiffany to alarm the boys.,syntax_semantics,control_raising,tough_vs_raising_2,True,False,False,False,857,-73.01083374023438,-79.246826171875,1
All children aren't sure to react.,All children aren't difficult to react.,syntax_semantics,control_raising,tough_vs_raising_2,True,False,False,False,858,-42.30713653564453,-41.77593231201172,0
Craig's handymen were sure to flirt.,Craig's handymen were hard to flirt.,syntax_semantics,control_raising,tough_vs_raising_2,True,False,False,False,859,-61.261802673339844,-59.439292907714844,0
Gerald is likely to convince most teenagers to investigate Janet.,Gerald is annoying to convince most teenagers to investigate Janet.,syntax_semantics,control_raising,tough_vs_raising_2,True,False,False,False,860,-73.13394165039062,-77.79486083984375,1
Vanessa wasn't certain to notice Christine.,Vanessa wasn't annoying to notice Christine.,syntax_semantics,control_raising,tough_vs_raising_2,True,False,False,False,861,-53.37260437011719,-53.62416076660156,1
An actor wasn't bound to propose to drive to these banks.,An actor wasn't unpleasant to propose to drive to these banks.,syntax_semantics,control_raising,tough_vs_raising_2,True,False,False,False,862,-71.07757568359375,-74.35395812988281,1
That driver was sure to clean some cup.,That driver was boring to clean some cup.,syntax_semantics,control_raising,tough_vs_raising_2,True,False,False,False,863,-54.36494064331055,-55.68644714355469,1
Florence's granddaughters were soon to alarm Kimberley.,Florence's granddaughters were difficult to alarm Kimberley.,syntax_semantics,control_raising,tough_vs_raising_2,True,False,False,False,864,-82.33653259277344,-83.4884033203125,1
Sherry isn't certain to reveal who shouldn't order Janet's contractors to sit down.,Sherry isn't exciting to reveal who shouldn't order Janet's contractors to sit down.,syntax_semantics,control_raising,tough_vs_raising_2,True,False,False,False,865,-109.83953857421875,-113.1847915649414,1
Meredith was apt to return to Sarah.,Meredith was interesting to return to Sarah.,syntax_semantics,control_raising,tough_vs_raising_2,True,False,False,False,866,-46.658203125,-49.14082336425781,1
Wendy's granddaughters are likely to fail to evaporate.,Wendy's granddaughters are hard to fail to evaporate.,syntax_semantics,control_raising,tough_vs_raising_2,True,False,False,False,867,-70.14837646484375,-69.43464660644531,0
Tonya's granddaughter isn't likely to annoy Julia.,Tonya's granddaughter isn't enjoyable to annoy Julia.,syntax_semantics,control_raising,tough_vs_raising_2,True,False,False,False,868,-70.17497253417969,-77.51246643066406,1
Stephanie's partner was sure to talk about Wendy.,Stephanie's partner was tough to talk about Wendy.,syntax_semantics,control_raising,tough_vs_raising_2,True,False,False,False,869,-63.206336975097656,-65.61006164550781,1
The peppers weren't bound to rot.,The peppers weren't difficult to rot.,syntax_semantics,control_raising,tough_vs_raising_2,True,False,False,False,870,-48.21284484863281,-48.80968475341797,1
That guest's sisters weren't bound to collaborate.,That guest's sisters weren't tough to collaborate.,syntax_semantics,control_raising,tough_vs_raising_2,True,False,False,False,871,-66.36924743652344,-68.0353775024414,1
Beverly wasn't about to astound many teachers.,Beverly wasn't pleasant to astound many teachers.,syntax_semantics,control_raising,tough_vs_raising_2,True,False,False,False,872,-72.90686798095703,-74.74809265136719,1
Colleen is bound to take a bird.,Colleen is hard to take a bird.,syntax_semantics,control_raising,tough_vs_raising_2,True,False,False,False,873,-49.93201446533203,-49.08656311035156,0
Danielle isn't about to prefer Wayne to remember Danielle.,Danielle isn't difficult to prefer Wayne to remember Danielle.,syntax_semantics,control_raising,tough_vs_raising_2,True,False,False,False,874,-77.84840393066406,-78.7820816040039,1
Grace wasn't apt to require Melinda to wash.,Grace wasn't hard work to require Melinda to wash.,syntax_semantics,control_raising,tough_vs_raising_2,True,False,False,False,875,-67.11262512207031,-73.41032409667969,1
All scarves weren't bound to hurt Richard.,All scarves weren't boring to hurt Richard.,syntax_semantics,control_raising,tough_vs_raising_2,True,False,False,False,876,-61.598201751708984,-65.29750061035156,1
John's bosses are soon to collaborate.,John's bosses are interesting to collaborate.,syntax_semantics,control_raising,tough_vs_raising_2,True,False,False,False,877,-50.018924713134766,-49.450660705566406,0
Brian is soon to reveal who walk through every restaurant.,Brian is easy to reveal who walk through every restaurant.,syntax_semantics,control_raising,tough_vs_raising_2,True,False,False,False,878,-74.92282104492188,-69.32559204101562,0
Brenda's boyfriend wasn't certain to descend a lot of steps.,Brenda's boyfriend wasn't fun to descend a lot of steps.,syntax_semantics,control_raising,tough_vs_raising_2,True,False,False,False,879,-77.94221496582031,-76.78428649902344,0
Becky was unlikely to conceal Beverly.,Becky was hard to conceal Beverly.,syntax_semantics,control_raising,tough_vs_raising_2,True,False,False,False,880,-51.362911224365234,-46.03599166870117,0
David wasn't certain to escape.,David wasn't enjoyable to escape.,syntax_semantics,control_raising,tough_vs_raising_2,True,False,False,False,881,-37.7747802734375,-43.431434631347656,1
George wasn't bound to boycott the grocery store.,George wasn't enjoyable to boycott the grocery store.,syntax_semantics,control_raising,tough_vs_raising_2,True,False,False,False,882,-52.973487854003906,-58.75362014770508,1
Richard's electrician was sure to skate around most lakes.,Richard's electrician was fun to skate around most lakes.,syntax_semantics,control_raising,tough_vs_raising_2,True,False,False,False,883,-80.19979858398438,-82.29281616210938,1
Ruth's associate isn't soon to flee from Andrea.,Ruth's associate isn't annoying to flee from Andrea.,syntax_semantics,control_raising,tough_vs_raising_2,True,False,False,False,884,-75.727294921875,-77.15396118164062,1
A lot of grandsons of Dan are about to escape from every movie theater.,A lot of grandsons of Dan are annoying to escape from every movie theater.,syntax_semantics,control_raising,tough_vs_raising_2,True,False,False,False,885,-92.80804443359375,-99.44387817382812,1
Natalie's tutors weren't bound to cope.,Natalie's tutors weren't easy to cope.,syntax_semantics,control_raising,tough_vs_raising_2,True,False,False,False,886,-58.52825927734375,-55.30726623535156,0
Angela isn't sure to regret some cafe isn't impressing Kathleen.,Angela isn't exciting to regret some cafe isn't impressing Kathleen.,syntax_semantics,control_raising,tough_vs_raising_2,True,False,False,False,887,-93.45623016357422,-97.4098129272461,1
The mothers of Ruth were apt to escape from Clyde.,The mothers of Ruth were interesting to escape from Clyde.,syntax_semantics,control_raising,tough_vs_raising_2,True,False,False,False,888,-64.6007308959961,-69.03459167480469,1
The ladies aren't sure to entice patients to cope.,The ladies aren't exciting to entice patients to cope.,syntax_semantics,control_raising,tough_vs_raising_2,True,False,False,False,889,-68.1884765625,-72.42174530029297,1
Angela's brothers weren't likely to know Jane.,Angela's brothers weren't hard to know Jane.,syntax_semantics,control_raising,tough_vs_raising_2,True,False,False,False,890,-57.64787292480469,-58.46095275878906,1
Jeffrey isn't soon to resemble this photograph.,Jeffrey isn't hard to resemble this photograph.,syntax_semantics,control_raising,tough_vs_raising_2,True,False,False,False,891,-56.869300842285156,-52.24959945678711,0
Wendy wasn't about to joke around.,Wendy wasn't tough to joke around.,syntax_semantics,control_raising,tough_vs_raising_2,True,False,False,False,892,-44.36328125,-45.99300765991211,1
John wasn't soon to sway Alicia to talk about Rachelle.,John wasn't tough to sway Alicia to talk about Rachelle.,syntax_semantics,control_raising,tough_vs_raising_2,True,False,False,False,893,-84.25166320800781,-85.78315734863281,1
Renee's partners are sure to prevent science from irritating Stephanie.,Renee's partners are interesting to prevent science from irritating Stephanie.,syntax_semantics,control_raising,tough_vs_raising_2,True,False,False,False,894,-91.08834075927734,-92.08397674560547,1
Charles isn't likely to chuckle.,Charles isn't hard to chuckle.,syntax_semantics,control_raising,tough_vs_raising_2,True,False,False,False,895,-39.4463996887207,-38.96751403808594,0
The hospitals aren't soon to entice Todd's partner to study.,The hospitals aren't exciting to entice Todd's partner to study.,syntax_semantics,control_raising,tough_vs_raising_2,True,False,False,False,896,-88.39700317382812,-89.21419525146484,1
Every waiter was soon to talk to Susan.,Every waiter was tough to talk to Susan.,syntax_semantics,control_raising,tough_vs_raising_2,True,False,False,False,897,-48.36186218261719,-48.771202087402344,1
Some cashiers are soon to ascend the ladder.,Some cashiers are tough to ascend the ladder.,syntax_semantics,control_raising,tough_vs_raising_2,True,False,False,False,898,-60.06809616088867,-60.64133071899414,1
Stephanie isn't bound to tempt that woman to die.,Stephanie isn't hard work to tempt that woman to die.,syntax_semantics,control_raising,tough_vs_raising_2,True,False,False,False,899,-69.7232666015625,-76.56170654296875,1
Stephanie's brothers weren't bound to try to disgust some actor.,Stephanie's brothers weren't boring to try to disgust some actor.,syntax_semantics,control_raising,tough_vs_raising_2,True,False,False,False,900,-88.47201538085938,-93.04176330566406,1
Every actor is apt to observe Beverly.,Every actor is interesting to observe Beverly.,syntax_semantics,control_raising,tough_vs_raising_2,True,False,False,False,901,-54.27541732788086,-54.94153594970703,1
Carol is unlikely to hide couches.,Carol is unpleasant to hide couches.,syntax_semantics,control_raising,tough_vs_raising_2,True,False,False,False,902,-58.62818145751953,-59.33781051635742,1
Nancy wasn't about to believe Guy to protest.,Nancy wasn't unpleasant to believe Guy to protest.,syntax_semantics,control_raising,tough_vs_raising_2,True,False,False,False,903,-59.19677734375,-63.12157440185547,1
A lot of students aren't soon to bike to the high school.,A lot of students aren't enjoyable to bike to the high school.,syntax_semantics,control_raising,tough_vs_raising_2,True,False,False,False,904,-64.22730255126953,-65.04855346679688,1
Benjamin's classmates weren't soon to smile.,Benjamin's classmates weren't tough to smile.,syntax_semantics,control_raising,tough_vs_raising_2,True,False,False,False,905,-54.877784729003906,-52.48760986328125,0
Martin isn't apt to descend the ladder.,Martin isn't boring to descend the ladder.,syntax_semantics,control_raising,tough_vs_raising_2,True,False,False,False,906,-51.08883285522461,-55.76719284057617,1
Every dancer was about to mutter.,Every dancer was tough to mutter.,syntax_semantics,control_raising,tough_vs_raising_2,True,False,False,False,907,-47.704315185546875,-48.91078186035156,1
Jeffrey's guest isn't sure to sway Mary to sigh.,Jeffrey's guest isn't annoying to sway Mary to sigh.,syntax_semantics,control_raising,tough_vs_raising_2,True,False,False,False,908,-78.31381225585938,-82.14694213867188,1
A lot of pants were about to irritate Donna.,A lot of pants were unpleasant to irritate Donna.,syntax_semantics,control_raising,tough_vs_raising_2,True,False,False,False,909,-58.87478256225586,-65.3093032836914,1
This association wasn't sure to realize who talk.,This association wasn't boring to realize who talk.,syntax_semantics,control_raising,tough_vs_raising_2,True,False,False,False,910,-61.88121795654297,-65.53857421875,1
The teachers were likely to nod.,The teachers were irritating to nod.,syntax_semantics,control_raising,tough_vs_raising_2,True,False,False,False,911,-42.03144073486328,-45.82075119018555,1
Kimberley isn't sure to look to discuss Carol.,Kimberley isn't hard work to look to discuss Carol.,syntax_semantics,control_raising,tough_vs_raising_2,True,False,False,False,912,-73.74342346191406,-81.71015930175781,1
Aaron was likely to nod.,Aaron was tough to nod.,syntax_semantics,control_raising,tough_vs_raising_2,True,False,False,False,913,-39.6947135925293,-38.90829086303711,0
Sheila's ex-girlfriends aren't certain to clash.,Sheila's ex-girlfriends aren't irritating to clash.,syntax_semantics,control_raising,tough_vs_raising_2,True,False,False,False,914,-72.32440185546875,-74.51104736328125,1
April is likely to lie.,April is unpleasant to lie.,syntax_semantics,control_raising,tough_vs_raising_2,True,False,False,False,915,-37.226444244384766,-40.60622787475586,1
Nicole's podiatrists are bound to chat.,Nicole's podiatrists are pleasant to chat.,syntax_semantics,control_raising,tough_vs_raising_2,True,False,False,False,916,-78.15399169921875,-80.4426040649414,1
The Borgias weren't sure to communicate.,The Borgias weren't hard work to communicate.,syntax_semantics,control_raising,tough_vs_raising_2,True,False,False,False,917,-51.48649597167969,-56.40081024169922,1
Some grandfathers of Larry weren't certain to find some cakes to disturb this committee.,Some grandfathers of Larry weren't pleasant to find some cakes to disturb this committee.,syntax_semantics,control_raising,tough_vs_raising_2,True,False,False,False,918,-109.11976623535156,-108.30560302734375,0
Noah's best friend wasn't likely to refuse to aggravate some guy.,Noah's best friend wasn't difficult to refuse to aggravate some guy.,syntax_semantics,control_raising,tough_vs_raising_2,True,False,False,False,919,-92.39427185058594,-94.607177734375,1
Stacey wasn't unlikely to admire Stephanie.,Stacey wasn't easy to admire Stephanie.,syntax_semantics,control_raising,tough_vs_raising_2,True,False,False,False,920,-58.576812744140625,-53.19200897216797,0
Drivers are likely to negotiate.,Drivers are fun to negotiate.,syntax_semantics,control_raising,tough_vs_raising_2,True,False,False,False,921,-35.920745849609375,-41.46702575683594,1
Marcus isn't soon to chuckle.,Marcus isn't easy to chuckle.,syntax_semantics,control_raising,tough_vs_raising_2,True,False,False,False,922,-48.26328659057617,-41.68382263183594,0
Jodi's fathers were bound to smile.,Jodi's fathers were interesting to smile.,syntax_semantics,control_raising,tough_vs_raising_2,True,False,False,False,923,-57.54127502441406,-59.85809326171875,1
Benjamin was unlikely to explore a grocery store.,Benjamin was difficult to explore a grocery store.,syntax_semantics,control_raising,tough_vs_raising_2,True,False,False,False,924,-51.8900146484375,-48.926422119140625,0
Douglas wasn't certain to lift some cats.,Douglas wasn't exciting to lift some cats.,syntax_semantics,control_raising,tough_vs_raising_2,True,False,False,False,925,-57.520423889160156,-60.730323791503906,1
Homer was about to require Judy to reference Susan.,Homer was difficult to require Judy to reference Susan.,syntax_semantics,control_raising,tough_vs_raising_2,True,False,False,False,926,-76.1131362915039,-76.75808715820312,1
Nicole isn't bound to skate around the cafes.,Nicole isn't easy to skate around the cafes.,syntax_semantics,control_raising,tough_vs_raising_2,True,False,False,False,927,-62.89243698120117,-59.34556198120117,0
Maria isn't bound to smile.,Maria isn't boring to smile.,syntax_semantics,control_raising,tough_vs_raising_2,True,False,False,False,928,-38.118202209472656,-39.96430969238281,1
Maria isn't certain to encourage every organization to take a lot of books.,Maria isn't pleasant to encourage every organization to take a lot of books.,syntax_semantics,control_raising,tough_vs_raising_2,True,False,False,False,929,-77.77571868896484,-78.5470199584961,1
Some son of this senator was apt to escape from that pedestrian.,Some son of this senator was unpleasant to escape from that pedestrian.,syntax_semantics,control_raising,tough_vs_raising_2,True,False,False,False,930,-74.4155502319336,-76.37129974365234,1
Carl is soon to ask Stacey's daughter to find Elizabeth.,Carl is interesting to ask Stacey's daughter to find Elizabeth.,syntax_semantics,control_raising,tough_vs_raising_2,True,False,False,False,931,-74.26451110839844,-73.15302276611328,0
Elaine isn't about to continue to flee from Jerry.,Elaine isn't boring to continue to flee from Jerry.,syntax_semantics,control_raising,tough_vs_raising_2,True,False,False,False,932,-67.27223205566406,-74.82635498046875,1
Tracy's ex-girlfriends aren't apt to examine every play.,Tracy's ex-girlfriends aren't enjoyable to examine every play.,syntax_semantics,control_raising,tough_vs_raising_2,True,False,False,False,933,-77.60601806640625,-84.06342315673828,1
Every goose is soon to bore Janet.,Every goose is unpleasant to bore Janet.,syntax_semantics,control_raising,tough_vs_raising_2,True,False,False,False,934,-56.7728385925293,-58.549015045166016,1
Monica wasn't bound to entice Cheryl to observe many boys.,Monica wasn't hard work to entice Cheryl to observe many boys.,syntax_semantics,control_raising,tough_vs_raising_2,True,False,False,False,935,-90.97056579589844,-97.65890502929688,1
Naomi is apt to press Carol to bother Alice.,Naomi is irritating to press Carol to bother Alice.,syntax_semantics,control_raising,tough_vs_raising_2,True,False,False,False,936,-71.13356018066406,-74.10977172851562,1
Tammy's supervisor was apt to conceal what could flatten.,Tammy's supervisor was interesting to conceal what could flatten.,syntax_semantics,control_raising,tough_vs_raising_2,True,False,False,False,937,-83.66972351074219,-86.40105438232422,1
Sheila isn't about to think about Deborah.,Sheila isn't tough to think about Deborah.,syntax_semantics,control_raising,tough_vs_raising_2,True,False,False,False,938,-50.3802604675293,-53.26201248168945,1
Sandra's supervisor was unlikely to discover what are bothering Carlos.,Sandra's supervisor was tough to discover what are bothering Carlos.,syntax_semantics,control_raising,tough_vs_raising_2,True,False,False,False,939,-84.346435546875,-84.9612808227539,1
Sarah is about to advise Brenda to lie.,Sarah is irritating to advise Brenda to lie.,syntax_semantics,control_raising,tough_vs_raising_2,True,False,False,False,940,-57.52302169799805,-59.317710876464844,1
Brett wasn't likely to fall.,Brett wasn't tough to fall.,syntax_semantics,control_raising,tough_vs_raising_2,True,False,False,False,941,-37.17997741699219,-37.95634078979492,1
Many ladies weren't sure to think some committee reacts.,Many ladies weren't interesting to think some committee reacts.,syntax_semantics,control_raising,tough_vs_raising_2,True,False,False,False,942,-69.20487976074219,-74.49076080322266,1
Valerie is sure to push many guys to kiss every dancer.,Valerie is exciting to push many guys to kiss every dancer.,syntax_semantics,control_raising,tough_vs_raising_2,True,False,False,False,943,-88.72050476074219,-91.59019470214844,1
Valerie is certain to talk about Douglas.,Valerie is enjoyable to talk about Douglas.,syntax_semantics,control_raising,tough_vs_raising_2,True,False,False,False,944,-55.04738235473633,-56.58537673950195,1
Patricia was unlikely to turn out to twirl.,Patricia was pleasant to turn out to twirl.,syntax_semantics,control_raising,tough_vs_raising_2,True,False,False,False,945,-60.70964431762695,-58.347042083740234,0
Grace's friend was sure to talk.,Grace's friend was difficult to talk.,syntax_semantics,control_raising,tough_vs_raising_2,True,False,False,False,946,-41.86711502075195,-42.65578842163086,1
The person's grandfathers are likely to think Florence embarrassed Florence.,The person's grandfathers are difficult to think Florence embarrassed Florence.,syntax_semantics,control_raising,tough_vs_raising_2,True,False,False,False,947,-80.78517150878906,-82.42489624023438,1
Teresa is about to fail to complain about Florence.,Teresa is irritating to fail to complain about Florence.,syntax_semantics,control_raising,tough_vs_raising_2,True,False,False,False,948,-58.35188674926758,-62.595726013183594,1
Connie is certain to litter.,Connie is interesting to litter.,syntax_semantics,control_raising,tough_vs_raising_2,True,False,False,False,949,-46.2293701171875,-45.294071197509766,0
Stacy's guests weren't sure to hire every waiter.,Stacy's guests weren't enjoyable to hire every waiter.,syntax_semantics,control_raising,tough_vs_raising_2,True,False,False,False,950,-70.4139404296875,-75.02031707763672,1
Every commentary is certain to annoy Holly.,Every commentary is irritating to annoy Holly.,syntax_semantics,control_raising,tough_vs_raising_2,True,False,False,False,951,-55.0584831237793,-54.989295959472656,0
Bethany's employees are soon to exit a lot of mountains.,Bethany's employees are hard work to exit a lot of mountains.,syntax_semantics,control_raising,tough_vs_raising_2,True,False,False,False,952,-83.0699691772461,-86.12261962890625,1
Rhonda is sure to insult Stephanie.,Rhonda is enjoyable to insult Stephanie.,syntax_semantics,control_raising,tough_vs_raising_2,True,False,False,False,953,-57.32988739013672,-63.20111846923828,1
These guys' sons are apt to remember Deanna.,These guys' sons are interesting to remember Deanna.,syntax_semantics,control_raising,tough_vs_raising_2,True,False,False,False,954,-64.24201965332031,-66.6331558227539,1
Linda isn't unlikely to prefer that sweater to tighten.,Linda isn't boring to prefer that sweater to tighten.,syntax_semantics,control_raising,tough_vs_raising_2,True,False,False,False,955,-78.01464080810547,-76.07978057861328,0
That dancer's mothers aren't likely to reply.,That dancer's mothers aren't hard work to reply.,syntax_semantics,control_raising,tough_vs_raising_2,True,False,False,False,956,-59.794246673583984,-67.34225463867188,1
Beth is likely to examine all plays.,Beth is unpleasant to examine all plays.,syntax_semantics,control_raising,tough_vs_raising_2,True,False,False,False,957,-49.87583923339844,-56.20615768432617,1
Rebecca is unlikely to descend a lot of mountains.,Rebecca is fun to descend a lot of mountains.,syntax_semantics,control_raising,tough_vs_raising_2,True,False,False,False,958,-63.453216552734375,-61.62522888183594,0
Vincent's oncologist was about to discover Frank.,Vincent's oncologist was pleasant to discover Frank.,syntax_semantics,control_raising,tough_vs_raising_2,True,False,False,False,959,-75.16358947753906,-79.60137939453125,1
This synopsis wasn't unlikely to irritate Dana.,This synopsis wasn't irritating to irritate Dana.,syntax_semantics,control_raising,tough_vs_raising_2,True,False,False,False,960,-66.50407409667969,-67.06004333496094,1
These museums were about to hurt Veronica.,These museums were easy to hurt Veronica.,syntax_semantics,control_raising,tough_vs_raising_2,True,False,False,False,961,-52.83983612060547,-52.485809326171875,0
Diana isn't bound to notice Rebecca.,Diana isn't difficult to notice Rebecca.,syntax_semantics,control_raising,tough_vs_raising_2,True,False,False,False,962,-49.617862701416016,-49.11292266845703,0
Sharon's partners were unlikely to prod the customers to blink.,Sharon's partners were fun to prod the customers to blink.,syntax_semantics,control_raising,tough_vs_raising_2,True,False,False,False,963,-89.38687133789062,-87.33782958984375,0
Some girl is certain to worry Paul.,Some girl is easy to worry Paul.,syntax_semantics,control_raising,tough_vs_raising_2,True,False,False,False,964,-49.99074172973633,-44.391361236572266,0
Teresa is sure to bring some windows.,Teresa is unpleasant to bring some windows.,syntax_semantics,control_raising,tough_vs_raising_2,True,False,False,False,965,-50.93682098388672,-55.151302337646484,1
A school was unlikely to compete.,A school was boring to compete.,syntax_semantics,control_raising,tough_vs_raising_2,True,False,False,False,966,-40.93769836425781,-41.90314483642578,1
A lot of drivers are soon to clash.,A lot of drivers are irritating to clash.,syntax_semantics,control_raising,tough_vs_raising_2,True,False,False,False,967,-46.936100006103516,-48.00856018066406,1
Rachel is soon to command Nina's mothers to hide away.,Rachel is exciting to command Nina's mothers to hide away.,syntax_semantics,control_raising,tough_vs_raising_2,True,False,False,False,968,-72.2319564819336,-74.17256164550781,1
Some child is sure to boycott public parks.,Some child is easy to boycott public parks.,syntax_semantics,control_raising,tough_vs_raising_2,True,False,False,False,969,-59.961097717285156,-59.277366638183594,0
Ruth wasn't likely to fail to slump over.,Ruth wasn't fun to fail to slump over.,syntax_semantics,control_raising,tough_vs_raising_2,True,False,False,False,970,-57.6694221496582,-63.49136734008789,1
Deanna was apt to hide some plates.,Deanna was interesting to hide some plates.,syntax_semantics,control_raising,tough_vs_raising_2,True,False,False,False,971,-58.7271728515625,-59.124698638916016,1
Dan wasn't about to explore every public park.,Dan wasn't hard work to explore every public park.,syntax_semantics,control_raising,tough_vs_raising_2,True,False,False,False,972,-54.303314208984375,-60.653507232666016,1
The Clintons are about to boast about some actress.,The Clintons are fun to boast about some actress.,syntax_semantics,control_raising,tough_vs_raising_2,True,False,False,False,973,-64.8729019165039,-69.22088623046875,1
Gregory's student wasn't soon to ascend this mountain.,Gregory's student wasn't pleasant to ascend this mountain.,syntax_semantics,control_raising,tough_vs_raising_2,True,False,False,False,974,-75.38420867919922,-74.7156982421875,0
Jerry wasn't likely to reveal Rhonda.,Jerry wasn't tough to reveal Rhonda.,syntax_semantics,control_raising,tough_vs_raising_2,True,False,False,False,975,-58.3402099609375,-61.49705123901367,1
Lori's ex-girlfriend was unlikely to attack that boy.,Lori's ex-girlfriend was hard work to attack that boy.,syntax_semantics,control_raising,tough_vs_raising_2,True,False,False,False,976,-72.86548614501953,-77.08790588378906,1
Naomi is apt to induce a hospital to fall.,Naomi is hard work to induce a hospital to fall.,syntax_semantics,control_raising,tough_vs_raising_2,True,False,False,False,977,-61.14274215698242,-64.36649322509766,1
Mark is about to conceal Carrie.,Mark is pleasant to conceal Carrie.,syntax_semantics,control_raising,tough_vs_raising_2,True,False,False,False,978,-46.07374954223633,-48.93705749511719,1
Douglas is certain to prompt those museums to upset Valerie.,Douglas is unpleasant to prompt those museums to upset Valerie.,syntax_semantics,control_raising,tough_vs_raising_2,True,False,False,False,979,-85.20051574707031,-86.23834991455078,1
Many actresses are apt to push Heather to cough.,Many actresses are easy to push Heather to cough.,syntax_semantics,control_raising,tough_vs_raising_2,True,False,False,False,980,-67.25333404541016,-64.4976806640625,0
Martha's grandmothers are soon to wave.,Martha's grandmothers are fun to wave.,syntax_semantics,control_raising,tough_vs_raising_2,True,False,False,False,981,-57.044193267822266,-55.263431549072266,0
That story is bound to aggravate every girl.,That story is enjoyable to aggravate every girl.,syntax_semantics,control_raising,tough_vs_raising_2,True,False,False,False,982,-54.839599609375,-59.67762756347656,1
Sara wasn't apt to forget about who would attempt to bore Helen.,Sara wasn't interesting to forget about who would attempt to bore Helen.,syntax_semantics,control_raising,tough_vs_raising_2,True,False,False,False,983,-83.32178497314453,-87.59069061279297,1
Kathleen wasn't about to need Eric to sing.,Kathleen wasn't difficult to need Eric to sing.,syntax_semantics,control_raising,tough_vs_raising_2,True,False,False,False,984,-67.149658203125,-68.73008728027344,1
Every man is bound to ask a lot of drivers to disagree with a lot of actresses.,Every man is fun to ask a lot of drivers to disagree with a lot of actresses.,syntax_semantics,control_raising,tough_vs_raising_2,True,False,False,False,985,-83.73814392089844,-83.09619140625,0
Claire was likely to find some socks.,Claire was enjoyable to find some socks.,syntax_semantics,control_raising,tough_vs_raising_2,True,False,False,False,986,-48.28602600097656,-55.04652404785156,1
Jerry was sure to wish to boast about Janet.,Jerry was enjoyable to wish to boast about Janet.,syntax_semantics,control_raising,tough_vs_raising_2,True,False,False,False,987,-55.881446838378906,-62.255096435546875,1
The people are sure to confer.,The people are exciting to confer.,syntax_semantics,control_raising,tough_vs_raising_2,True,False,False,False,988,-36.996856689453125,-40.218894958496094,1
Naomi was unlikely to climb down these hills.,Naomi was fun to climb down these hills.,syntax_semantics,control_raising,tough_vs_raising_2,True,False,False,False,989,-58.015655517578125,-54.87092590332031,0
Those women are unlikely to collaborate.,Those women are pleasant to collaborate.,syntax_semantics,control_raising,tough_vs_raising_2,True,False,False,False,990,-40.39389419555664,-42.148529052734375,1
Michelle is sure to discover Gregory.,Michelle is hard work to discover Gregory.,syntax_semantics,control_raising,tough_vs_raising_2,True,False,False,False,991,-45.506561279296875,-52.30485153198242,1
Jerry's sister wasn't sure to lift every photograph.,Jerry's sister wasn't easy to lift every photograph.,syntax_semantics,control_raising,tough_vs_raising_2,True,False,False,False,992,-59.1983642578125,-60.0357666015625,1
Most governments were bound to pressure Rodney to alarm Melanie.,Most governments were difficult to pressure Rodney to alarm Melanie.,syntax_semantics,control_raising,tough_vs_raising_2,True,False,False,False,993,-85.36764526367188,-87.21939086914062,1
Helen was soon to tour this hill.,Helen was hard to tour this hill.,syntax_semantics,control_raising,tough_vs_raising_2,True,False,False,False,994,-51.0732536315918,-49.56558609008789,0
Frank isn't about to cry.,Frank isn't enjoyable to cry.,syntax_semantics,control_raising,tough_vs_raising_2,True,False,False,False,995,-33.43156814575195,-41.560001373291016,1
A lot of cashiers are unlikely to chat.,A lot of cashiers are hard to chat.,syntax_semantics,control_raising,tough_vs_raising_2,True,False,False,False,996,-51.31024169921875,-46.49547576904297,0
Bradley is soon to compromise.,Bradley is unpleasant to compromise.,syntax_semantics,control_raising,tough_vs_raising_2,True,False,False,False,997,-40.1786994934082,-40.19194030761719,1
Brad wasn't unlikely to declare Regina to hate Allison.,Brad wasn't unpleasant to declare Regina to hate Allison.,syntax_semantics,control_raising,tough_vs_raising_2,True,False,False,False,998,-80.08329010009766,-78.27436828613281,0
Amelia's plumbers were sure to reveal who is dropping by libraries.,Amelia's plumbers were interesting to reveal who is dropping by libraries.,syntax_semantics,control_raising,tough_vs_raising_2,True,False,False,False,999,-103.86524963378906,-105.90953063964844,1
