sentence_good,sentence_bad,field,linguistics_term,UID,simple_LM_method,one_prefix_method,two_prefix_method,lexically_identical,pair_id,good_prob,bad_prob,correct
Brian had questioned an association that can astound Diana.,Brian had questioned who an association can astound Diana.,syntax,filler_gap_dependency,wh_questions_subject_gap,True,False,False,False,0,-83.0499267578125,-83.0258560180664,0
Leslie remembered some guest that has bothered women.,Leslie remembered who some guest has bothered women.,syntax,filler_gap_dependency,wh_questions_subject_gap,True,False,False,False,1,-71.57785034179688,-70.80128479003906,0
Deanna discovers all essays that hadn't bored Elaine.,Deanna discovers who all essays hadn't bored Elaine.,syntax,filler_gap_dependency,wh_questions_subject_gap,True,False,False,False,2,-89.40284729003906,-93.05050659179688,1
The woman hadn't thought about those screens that aren't worrying Andrew.,The woman hadn't thought about who those screens aren't worrying Andrew.,syntax,filler_gap_dependency,wh_questions_subject_gap,True,False,False,False,3,-82.58375549316406,-86.80610656738281,1
Phillip sees some teeth that are upsetting Kendra.,Phillip sees who some teeth are upsetting Kendra.,syntax,filler_gap_dependency,wh_questions_subject_gap,True,False,False,False,4,-73.39901733398438,-79.80000305175781,1
Cheryl thought about some dog that upset Sandra.,Cheryl thought about who some dog upset Sandra.,syntax,filler_gap_dependency,wh_questions_subject_gap,True,False,False,False,5,-73.38374328613281,-80.06917572021484,1
Christine remembered those pamphlets that can't irritate men.,Christine remembered who those pamphlets can't irritate men.,syntax,filler_gap_dependency,wh_questions_subject_gap,True,False,False,False,6,-76.08842468261719,-78.85507202148438,1
Rebecca knew all alumni that have helped a boy.,Rebecca knew who all alumni have helped a boy.,syntax,filler_gap_dependency,wh_questions_subject_gap,True,False,False,False,7,-70.30301666259766,-68.00994873046875,0
Tammy notices a coat that hurt Tiffany.,Tammy notices who a coat hurt Tiffany.,syntax,filler_gap_dependency,wh_questions_subject_gap,True,False,False,False,8,-64.53436279296875,-71.93711853027344,1
Leslie thinks about the phenomenon that annoys a lot of dancers.,Leslie thinks about who the phenomenon annoys a lot of dancers.,syntax,filler_gap_dependency,wh_questions_subject_gap,True,False,False,False,9,-78.321533203125,-82.40167236328125,1
Omar forgets most commentaries that haven't embarrassed Wendy.,Omar forgets who most commentaries haven't embarrassed Wendy.,syntax,filler_gap_dependency,wh_questions_subject_gap,True,False,False,False,10,-108.96623229980469,-108.17845153808594,0
Bethany remembers this waiter that is approaching Amanda.,Bethany remembers who this waiter is approaching Amanda.,syntax,filler_gap_dependency,wh_questions_subject_gap,True,False,False,False,11,-80.875732421875,-78.92343139648438,0
Sabrina is researching a story that confused Mark.,Sabrina is researching who a story confused Mark.,syntax,filler_gap_dependency,wh_questions_subject_gap,True,False,False,False,12,-61.10575866699219,-70.14511108398438,1
Vanessa forgot a boy that hasn't investigated Carl.,Vanessa forgot who a boy hasn't investigated Carl.,syntax,filler_gap_dependency,wh_questions_subject_gap,True,False,False,False,13,-68.97036743164062,-70.8687973022461,1
Elaine questions most adults that didn't observe Lisa.,Elaine questions who most adults didn't observe Lisa.,syntax,filler_gap_dependency,wh_questions_subject_gap,True,False,False,False,14,-79.38507843017578,-79.13328552246094,0
Samuel sees those cups that scared many patients.,Samuel sees who those cups scared many patients.,syntax,filler_gap_dependency,wh_questions_subject_gap,True,False,False,False,15,-71.30435180664062,-76.4899673461914,1
Steve shouldn't investigate these universities that shouldn't irritate that teacher.,Steve shouldn't investigate who these universities shouldn't irritate that teacher.,syntax,filler_gap_dependency,wh_questions_subject_gap,True,False,False,False,16,-87.66754913330078,-93.3718032836914,1
Tammy shouldn't think about a blouse that resembled drawings.,Tammy shouldn't think about what a blouse resembled drawings.,syntax,filler_gap_dependency,wh_questions_subject_gap,True,False,False,False,17,-78.45166015625,-77.6948471069336,0
Connie has remembered the report that can't disgust Sheila.,Connie has remembered who the report can't disgust Sheila.,syntax,filler_gap_dependency,wh_questions_subject_gap,True,False,False,False,18,-83.79873657226562,-86.76350402832031,1
Alicia has researched this means that will upset Bruce.,Alicia has researched who this means will upset Bruce.,syntax,filler_gap_dependency,wh_questions_subject_gap,True,False,False,False,19,-75.52442932128906,-84.89916229248047,1
Monica thinks about a picture that won't shock Scott.,Monica thinks about who a picture won't shock Scott.,syntax,filler_gap_dependency,wh_questions_subject_gap,True,False,False,False,20,-70.18299865722656,-81.3111572265625,1
Girls are questioning this child that had researched those restaurants.,Girls are questioning what this child had researched those restaurants.,syntax,filler_gap_dependency,wh_questions_subject_gap,True,False,False,False,21,-80.51160430908203,-81.39888763427734,1
Omar had thought about that fork that hurts Clyde.,Omar had thought about who that fork hurts Clyde.,syntax,filler_gap_dependency,wh_questions_subject_gap,True,False,False,False,22,-78.17312622070312,-84.0241928100586,1
Frank does discover a carriage that is distracting Sherry.,Frank does discover who a carriage is distracting Sherry.,syntax,filler_gap_dependency,wh_questions_subject_gap,True,False,False,False,23,-76.71961975097656,-81.36701965332031,1
Paula is researching most associations that aren't irritating Kimberley.,Paula is researching who most associations aren't irritating Kimberley.,syntax,filler_gap_dependency,wh_questions_subject_gap,True,False,False,False,24,-90.5045166015625,-93.63043212890625,1
Mark isn't investigating a lot of teachers that talked to Ronald.,Mark isn't investigating who a lot of teachers talked to Ronald.,syntax,filler_gap_dependency,wh_questions_subject_gap,True,False,False,False,25,-75.5006103515625,-80.06556701660156,1
Veronica saw a lot of mirrors that haven't scared Claire.,Veronica saw who a lot of mirrors haven't scared Claire.,syntax,filler_gap_dependency,wh_questions_subject_gap,True,False,False,False,26,-85.37800598144531,-88.36091613769531,1
The waiter should think about some gates that were boring Gregory.,The waiter should think about who some gates were boring Gregory.,syntax,filler_gap_dependency,wh_questions_subject_gap,True,False,False,False,27,-77.37052917480469,-81.83319091796875,1
Sabrina had researched many oases that aren't looking like that sketch.,Sabrina had researched what many oases aren't looking like that sketch.,syntax,filler_gap_dependency,wh_questions_subject_gap,True,False,False,False,28,-100.61001586914062,-101.23758697509766,1
Many universities forget the women that hadn't described Deborah.,Many universities forget who the women hadn't described Deborah.,syntax,filler_gap_dependency,wh_questions_subject_gap,True,False,False,False,29,-69.12342834472656,-72.31404876708984,1
Martin remembers this pamphlet that will confuse every adult.,Martin remembers who this pamphlet will confuse every adult.,syntax,filler_gap_dependency,wh_questions_subject_gap,True,False,False,False,30,-77.93584442138672,-80.89730834960938,1
A lot of waiters remembered the customers that resemble those pictures.,A lot of waiters remembered what the customers resemble those pictures.,syntax,filler_gap_dependency,wh_questions_subject_gap,True,False,False,False,31,-82.34322357177734,-80.360107421875,0
Laura couldn't discover a lot of companies that hire that guy.,Laura couldn't discover who a lot of companies hire that guy.,syntax,filler_gap_dependency,wh_questions_subject_gap,True,False,False,False,32,-72.05380249023438,-78.02877807617188,1
Martha forgets a waiter that hadn't loved all plays.,Martha forgets what a waiter hadn't loved all plays.,syntax,filler_gap_dependency,wh_questions_subject_gap,True,False,False,False,33,-80.50286865234375,-82.09896850585938,1
Vincent hadn't noticed these candles that weren't irritating Steve.,Vincent hadn't noticed who these candles weren't irritating Steve.,syntax,filler_gap_dependency,wh_questions_subject_gap,True,False,False,False,34,-80.55889892578125,-83.04083251953125,1
Grace investigates patients that confuse Laura.,Grace investigates who patients confuse Laura.,syntax,filler_gap_dependency,wh_questions_subject_gap,True,False,False,False,35,-65.5676498413086,-73.02005004882812,1
A senator won't remember many teenagers that haven't concealed Ella.,A senator won't remember who many teenagers haven't concealed Ella.,syntax,filler_gap_dependency,wh_questions_subject_gap,True,False,False,False,36,-85.23665618896484,-85.77491760253906,1
The Borgias forget the doctor that isn't hiding most coats.,The Borgias forget what the doctor isn't hiding most coats.,syntax,filler_gap_dependency,wh_questions_subject_gap,True,False,False,False,37,-91.41357421875,-95.79094696044922,1
That student hadn't known all offspring that love most drivers.,That student hadn't known who all offspring love most drivers.,syntax,filler_gap_dependency,wh_questions_subject_gap,True,False,False,False,38,-85.55445861816406,-84.98573303222656,0
Sara questioned many dancers that drive to every hill.,Sara questioned what many dancers drive to every hill.,syntax,filler_gap_dependency,wh_questions_subject_gap,True,False,False,False,39,-74.17361450195312,-76.7343521118164,1
Guy can't discover those trucks that couldn't worry Thomas.,Guy can't discover who those trucks couldn't worry Thomas.,syntax,filler_gap_dependency,wh_questions_subject_gap,True,False,False,False,40,-75.63999938964844,-78.76983642578125,1
Andrea had remembered the mountains that haven't aggravated all children.,Andrea had remembered who the mountains haven't aggravated all children.,syntax,filler_gap_dependency,wh_questions_subject_gap,True,False,False,False,41,-80.57955169677734,-83.64360046386719,1
Melinda had thought about some geese that embarrass Eric.,Melinda had thought about who some geese embarrass Eric.,syntax,filler_gap_dependency,wh_questions_subject_gap,True,False,False,False,42,-77.25739288330078,-85.03301239013672,1
Meredith was questioning a pedestrian that stunned most patients.,Meredith was questioning who a pedestrian stunned most patients.,syntax,filler_gap_dependency,wh_questions_subject_gap,True,False,False,False,43,-82.85784149169922,-87.05873107910156,1
Jane sees some mirror that shocks Katherine.,Jane sees who some mirror shocks Katherine.,syntax,filler_gap_dependency,wh_questions_subject_gap,True,False,False,False,44,-69.84852600097656,-75.43742370605469,1
The Lutherans forget that patient that wasn't returning to the Borgias.,The Lutherans forget who that patient wasn't returning to the Borgias.,syntax,filler_gap_dependency,wh_questions_subject_gap,True,False,False,False,45,-92.20901489257812,-92.67465209960938,1
These people see the sketches that aren't disgusting Sherry.,These people see who the sketches aren't disgusting Sherry.,syntax,filler_gap_dependency,wh_questions_subject_gap,True,False,False,False,46,-66.95571899414062,-73.29952239990234,1
Some ladies notice ladies that annoys Clyde.,Some ladies notice who ladies annoys Clyde.,syntax,filler_gap_dependency,wh_questions_subject_gap,True,False,False,False,47,-68.43948364257812,-73.14700317382812,1
Winston Churchill was questioning many governments that worried Rose.,Winston Churchill was questioning who many governments worried Rose.,syntax,filler_gap_dependency,wh_questions_subject_gap,True,False,False,False,48,-84.09536743164062,-89.29364013671875,1
Douglas was investigating some guys that won't reference a lot of children.,Douglas was investigating who some guys won't reference a lot of children.,syntax,filler_gap_dependency,wh_questions_subject_gap,True,False,False,False,49,-81.81317901611328,-90.35009765625,1
Every man notices these convertibles that resemble every sketch.,Every man notices what these convertibles resemble every sketch.,syntax,filler_gap_dependency,wh_questions_subject_gap,True,False,False,False,50,-85.10718536376953,-85.394287109375,1
Some company hadn't forgotten these students that aren't cleaning every couch.,Some company hadn't forgotten what these students aren't cleaning every couch.,syntax,filler_gap_dependency,wh_questions_subject_gap,True,False,False,False,51,-87.51634216308594,-84.79183959960938,0
Nancy investigated drivers that have arrived at that hospital.,Nancy investigated what drivers have arrived at that hospital.,syntax,filler_gap_dependency,wh_questions_subject_gap,True,False,False,False,52,-66.54080963134766,-67.40573120117188,1
All women discover a student that couldn't like the grocery stores.,All women discover what a student couldn't like the grocery stores.,syntax,filler_gap_dependency,wh_questions_subject_gap,True,False,False,False,53,-76.10102844238281,-75.42315673828125,0
Rose remembered a lot of cafes that couldn't aggravate Kristin.,Rose remembered who a lot of cafes couldn't aggravate Kristin.,syntax,filler_gap_dependency,wh_questions_subject_gap,True,False,False,False,54,-89.29187774658203,-90.52300262451172,1
Cynthia isn't researching the synopsis that was impressing Kimberley.,Cynthia isn't researching who the synopsis was impressing Kimberley.,syntax,filler_gap_dependency,wh_questions_subject_gap,True,False,False,False,55,-106.53228759765625,-109.3130874633789,1
Meredith does forget a doctor that was admiring every art gallery.,Meredith does forget what a doctor was admiring every art gallery.,syntax,filler_gap_dependency,wh_questions_subject_gap,True,False,False,False,56,-89.37657165527344,-89.7496337890625,1
Timothy isn't investigating the children that fire Linda.,Timothy isn't investigating who the children fire Linda.,syntax,filler_gap_dependency,wh_questions_subject_gap,True,False,False,False,57,-68.71856689453125,-74.59529113769531,1
Todd researched these hills that will aggravate Laura.,Todd researched who these hills will aggravate Laura.,syntax,filler_gap_dependency,wh_questions_subject_gap,True,False,False,False,58,-80.26797485351562,-88.2860107421875,1
Stacy hasn't questioned universities that insult many lakes.,Stacy hasn't questioned what universities insult many lakes.,syntax,filler_gap_dependency,wh_questions_subject_gap,True,False,False,False,59,-87.80060577392578,-87.08583068847656,0
Sonia could question that waiter that returned to a cafe.,Sonia could question what that waiter returned to a cafe.,syntax,filler_gap_dependency,wh_questions_subject_gap,True,False,False,False,60,-80.64208221435547,-78.63764953613281,0
Brett hasn't seen most pies that confused the waiter.,Brett hasn't seen who most pies confused the waiter.,syntax,filler_gap_dependency,wh_questions_subject_gap,True,False,False,False,61,-76.33692932128906,-81.49794006347656,1
The committees forget some lady that was visiting this girl.,The committees forget who some lady was visiting this girl.,syntax,filler_gap_dependency,wh_questions_subject_gap,True,False,False,False,62,-76.43873596191406,-75.95750427246094,0
Gina hasn't noticed these drawings that looked like Curtis.,Gina hasn't noticed who these drawings looked like Curtis.,syntax,filler_gap_dependency,wh_questions_subject_gap,True,False,False,False,63,-71.1640853881836,-75.93461608886719,1
Cashiers investigate that waitress that hasn't fled from Laura.,Cashiers investigate who that waitress hasn't fled from Laura.,syntax,filler_gap_dependency,wh_questions_subject_gap,True,False,False,False,64,-85.54170989990234,-88.46078491210938,1
Janet forgot every story that bored Barbara.,Janet forgot who every story bored Barbara.,syntax,filler_gap_dependency,wh_questions_subject_gap,True,False,False,False,65,-65.886962890625,-70.85124969482422,1
Colleen questions some woman that didn't buy that mouth.,Colleen questions what some woman didn't buy that mouth.,syntax,filler_gap_dependency,wh_questions_subject_gap,True,False,False,False,66,-73.63359832763672,-76.30901336669922,1
Many men remember that teacher that wasn't discussing Sherry.,Many men remember who that teacher wasn't discussing Sherry.,syntax,filler_gap_dependency,wh_questions_subject_gap,True,False,False,False,67,-72.38331604003906,-74.71904754638672,1
April could question some boy that has scanned the play.,April could question what some boy has scanned the play.,syntax,filler_gap_dependency,wh_questions_subject_gap,True,False,False,False,68,-77.72643280029297,-74.72499084472656,0
Some drivers investigate some guests that are lifting the fork.,Some drivers investigate what some guests are lifting the fork.,syntax,filler_gap_dependency,wh_questions_subject_gap,True,False,False,False,69,-75.08366394042969,-78.60755157470703,1
Most guys question a lot of women that tour the banks.,Most guys question what a lot of women tour the banks.,syntax,filler_gap_dependency,wh_questions_subject_gap,True,False,False,False,70,-72.7610855102539,-72.46366882324219,0
The people have known a lot of guys that stunned some child.,The people have known who a lot of guys stunned some child.,syntax,filler_gap_dependency,wh_questions_subject_gap,True,False,False,False,71,-66.60812377929688,-71.61807250976562,1
These companies remember the child that would descend hills.,These companies remember what the child would descend hills.,syntax,filler_gap_dependency,wh_questions_subject_gap,True,False,False,False,72,-74.7339096069336,-73.18447875976562,0
Spain remembered many synopses that astounded Kenneth.,Spain remembered who many synopses astounded Kenneth.,syntax,filler_gap_dependency,wh_questions_subject_gap,True,False,False,False,73,-94.20184326171875,-93.49761962890625,0
Wayne didn't research these malls that aren't confusing Diane.,Wayne didn't research who these malls aren't confusing Diane.,syntax,filler_gap_dependency,wh_questions_subject_gap,True,False,False,False,74,-92.25041198730469,-95.96192932128906,1
Jennifer investigates every government that isn't stunning Suzanne.,Jennifer investigates who every government isn't stunning Suzanne.,syntax,filler_gap_dependency,wh_questions_subject_gap,True,False,False,False,75,-81.06752014160156,-89.772216796875,1
Amanda investigates most banks that fired Theresa.,Amanda investigates who most banks fired Theresa.,syntax,filler_gap_dependency,wh_questions_subject_gap,True,False,False,False,76,-73.33594512939453,-80.77488708496094,1
Roger can remember the customer that isn't climbing up many steps.,Roger can remember what the customer isn't climbing up many steps.,syntax,filler_gap_dependency,wh_questions_subject_gap,True,False,False,False,77,-74.55601501464844,-76.16329956054688,1
All dancers think about this picture that alarms Janet.,All dancers think about who this picture alarms Janet.,syntax,filler_gap_dependency,wh_questions_subject_gap,True,False,False,False,78,-73.58320617675781,-78.01580810546875,1
Beverly knew the woman that hadn't questioned the Lutherans.,Beverly knew who the woman hadn't questioned the Lutherans.,syntax,filler_gap_dependency,wh_questions_subject_gap,True,False,False,False,79,-74.87853240966797,-73.91696166992188,0
Mark knew an adult that fired the pedestrian.,Mark knew who an adult fired the pedestrian.,syntax,filler_gap_dependency,wh_questions_subject_gap,True,False,False,False,80,-68.89237213134766,-66.55108642578125,0
Andrea hadn't noticed the actress that cures that fish.,Andrea hadn't noticed what the actress cures that fish.,syntax,filler_gap_dependency,wh_questions_subject_gap,True,False,False,False,81,-79.51620483398438,-79.63888549804688,1
Those waitresses could know most cashiers that haven't listened to Amelia.,Those waitresses could know who most cashiers haven't listened to Amelia.,syntax,filler_gap_dependency,wh_questions_subject_gap,True,False,False,False,82,-108.283935546875,-107.98771667480469,0
Rachelle won't know those students that shouldn't drop by many museums.,Rachelle won't know what those students shouldn't drop by many museums.,syntax,filler_gap_dependency,wh_questions_subject_gap,True,False,False,False,83,-94.76309204101562,-93.45626831054688,0
Kendra noticed wheelbarrows that hurt Tanya.,Kendra noticed who wheelbarrows hurt Tanya.,syntax,filler_gap_dependency,wh_questions_subject_gap,True,False,False,False,84,-80.51306915283203,-83.07044982910156,1
Jacqueline questioned a lot of alumni that aren't climbing up a lot of slopes.,Jacqueline questioned what a lot of alumni aren't climbing up a lot of slopes.,syntax,filler_gap_dependency,wh_questions_subject_gap,True,False,False,False,85,-97.51387023925781,-97.15267944335938,0
Paul should know many guests that fire William.,Paul should know who many guests fire William.,syntax,filler_gap_dependency,wh_questions_subject_gap,True,False,False,False,86,-66.263916015625,-66.59703063964844,1
A dancer discovers a lot of eyes that might upset Kirsten.,A dancer discovers who a lot of eyes might upset Kirsten.,syntax,filler_gap_dependency,wh_questions_subject_gap,True,False,False,False,87,-80.31036376953125,-87.4549331665039,1
Grace remembered a story that is stunning Tamara.,Grace remembered who a story is stunning Tamara.,syntax,filler_gap_dependency,wh_questions_subject_gap,True,False,False,False,88,-72.41397094726562,-74.85689544677734,1
Sabrina investigates every customer that drops by movie theaters.,Sabrina investigates what every customer drops by movie theaters.,syntax,filler_gap_dependency,wh_questions_subject_gap,True,False,False,False,89,-88.07308959960938,-91.03578186035156,1
Jason remembers a lot of college campuses that impressed Todd.,Jason remembers who a lot of college campuses impressed Todd.,syntax,filler_gap_dependency,wh_questions_subject_gap,True,False,False,False,90,-79.56913757324219,-86.92127990722656,1
Judy has forgotten many ladies that haven't run around those movie theaters.,Judy has forgotten what many ladies haven't run around those movie theaters.,syntax,filler_gap_dependency,wh_questions_subject_gap,True,False,False,False,91,-86.94883728027344,-88.73597717285156,1
The girls questioned that doctor that astounded Patricia.,The girls questioned who that doctor astounded Patricia.,syntax,filler_gap_dependency,wh_questions_subject_gap,True,False,False,False,92,-71.01304626464844,-71.9822998046875,1
Women question some universities that had bought some photographs.,Women question what some universities had bought some photographs.,syntax,filler_gap_dependency,wh_questions_subject_gap,True,False,False,False,93,-66.92156219482422,-67.36136627197266,1
Most doctors shouldn't question these alumni that hadn't discovered some college campus.,Most doctors shouldn't question what these alumni hadn't discovered some college campus.,syntax,filler_gap_dependency,wh_questions_subject_gap,True,False,False,False,94,-98.8357162475586,-98.3550796508789,0
Emily researched the essay that has alarmed the association.,Emily researched what the essay has alarmed the association.,syntax,filler_gap_dependency,wh_questions_subject_gap,True,False,False,False,95,-75.78947448730469,-78.60173034667969,1
Martha wasn't thinking about that picture that bothers Veronica.,Martha wasn't thinking about who that picture bothers Veronica.,syntax,filler_gap_dependency,wh_questions_subject_gap,True,False,False,False,96,-73.1875,-78.85621643066406,1
Some pedestrians remember every high school that disturbed Pamela.,Some pedestrians remember who every high school disturbed Pamela.,syntax,filler_gap_dependency,wh_questions_subject_gap,True,False,False,False,97,-80.41041564941406,-83.02285766601562,1
Irene doesn't remember many students that shouldn't bother Marcus.,Irene doesn't remember who many students shouldn't bother Marcus.,syntax,filler_gap_dependency,wh_questions_subject_gap,True,False,False,False,98,-73.61333465576172,-72.47459411621094,0
Some drivers investigated a lot of hospitals that can criticize Helen.,Some drivers investigated who a lot of hospitals can criticize Helen.,syntax,filler_gap_dependency,wh_questions_subject_gap,True,False,False,False,99,-77.47514343261719,-88.45965576171875,1
The Borgias investigated these adults that annoyed Wendy.,The Borgias investigated who these adults annoyed Wendy.,syntax,filler_gap_dependency,wh_questions_subject_gap,True,False,False,False,100,-83.49282836914062,-89.63310241699219,1
Cindy forgot a commentary that is impressing Jesus.,Cindy forgot who a commentary is impressing Jesus.,syntax,filler_gap_dependency,wh_questions_subject_gap,True,False,False,False,101,-74.54210662841797,-79.2325439453125,1
Noah had researched that library that concealed many movies.,Noah had researched what that library concealed many movies.,syntax,filler_gap_dependency,wh_questions_subject_gap,True,False,False,False,102,-84.6191177368164,-90.56187438964844,1
Carol questions that alumnus that lifted this vase.,Carol questions what that alumnus lifted this vase.,syntax,filler_gap_dependency,wh_questions_subject_gap,True,False,False,False,103,-91.01640319824219,-87.9750747680664,0
The actors research a lot of restaurants that could aggravate George.,The actors research who a lot of restaurants could aggravate George.,syntax,filler_gap_dependency,wh_questions_subject_gap,True,False,False,False,104,-80.01211547851562,-88.53392791748047,1
Andrea researched a lot of stories that are irritating Naomi.,Andrea researched who a lot of stories are irritating Naomi.,syntax,filler_gap_dependency,wh_questions_subject_gap,True,False,False,False,105,-73.36515808105469,-82.65826416015625,1
Mitchell hasn't thought about some bicycle that isn't disturbing some universities.,Mitchell hasn't thought about what some bicycle isn't disturbing some universities.,syntax,filler_gap_dependency,wh_questions_subject_gap,True,False,False,False,106,-89.30998229980469,-93.67276000976562,1
A lot of drivers remember most brochures that weren't impressing that student.,A lot of drivers remember who most brochures weren't impressing that student.,syntax,filler_gap_dependency,wh_questions_subject_gap,True,False,False,False,107,-93.52412414550781,-95.50650024414062,1
Cashiers aren't thinking about the plays that aren't disagreeing with some senators.,Cashiers aren't thinking about who the plays aren't disagreeing with some senators.,syntax,filler_gap_dependency,wh_questions_subject_gap,True,False,False,False,108,-104.06062316894531,-105.3805160522461,1
Laurie remembered most lakes that are disgusting Elizabeth.,Laurie remembered who most lakes are disgusting Elizabeth.,syntax,filler_gap_dependency,wh_questions_subject_gap,True,False,False,False,109,-78.74627685546875,-80.60458374023438,1
Edward had thought about a blouse that has resembled all prints.,Edward had thought about what a blouse has resembled all prints.,syntax,filler_gap_dependency,wh_questions_subject_gap,True,False,False,False,110,-84.52851867675781,-85.52757263183594,1
The woman had researched the essay that isn't upsetting Tracy.,The woman had researched who the essay isn't upsetting Tracy.,syntax,filler_gap_dependency,wh_questions_subject_gap,True,False,False,False,111,-75.20460510253906,-82.91107940673828,1
Liam had thought about a lot of bikes that will disturb a cashier.,Liam had thought about who a lot of bikes will disturb a cashier.,syntax,filler_gap_dependency,wh_questions_subject_gap,True,False,False,False,112,-87.16815185546875,-94.43905639648438,1
Michael knew a patient that bought a lot of college campuses.,Michael knew what a patient bought a lot of college campuses.,syntax,filler_gap_dependency,wh_questions_subject_gap,True,False,False,False,113,-75.72648620605469,-73.68501281738281,0
Those pedestrians see the mushroom that distracts Linda.,Those pedestrians see who the mushroom distracts Linda.,syntax,filler_gap_dependency,wh_questions_subject_gap,True,False,False,False,114,-77.30805206298828,-79.93795013427734,1
The Impressionists research photographs that have irritated Bill.,The Impressionists research who photographs have irritated Bill.,syntax,filler_gap_dependency,wh_questions_subject_gap,True,False,False,False,115,-79.33707427978516,-84.18489074707031,1
Stacey knows a lot of waiters that confused Eric.,Stacey knows who a lot of waiters confused Eric.,syntax,filler_gap_dependency,wh_questions_subject_gap,True,False,False,False,116,-77.61992645263672,-80.63038635253906,1
The girls investigate the museums that will disgust Carol.,The girls investigate who the museums will disgust Carol.,syntax,filler_gap_dependency,wh_questions_subject_gap,True,False,False,False,117,-72.26844787597656,-78.4613037109375,1
The students know the lady that approaches Jane.,The students know who the lady approaches Jane.,syntax,filler_gap_dependency,wh_questions_subject_gap,True,False,False,False,118,-60.52330780029297,-57.20209503173828,0
Keith can research the book that wasn't upsetting most committees.,Keith can research what the book wasn't upsetting most committees.,syntax,filler_gap_dependency,wh_questions_subject_gap,True,False,False,False,119,-83.95718383789062,-90.22481536865234,1
Christopher does remember some college campus that hadn't shocked Sarah.,Christopher does remember who some college campus hadn't shocked Sarah.,syntax,filler_gap_dependency,wh_questions_subject_gap,True,False,False,False,120,-88.45347595214844,-94.22388458251953,1
Alice has thought about some door that hadn't shocked Samuel.,Alice has thought about who some door hadn't shocked Samuel.,syntax,filler_gap_dependency,wh_questions_subject_gap,True,False,False,False,121,-77.1895751953125,-83.19700622558594,1
Todd had investigated many customers that do help Catherine.,Todd had investigated who many customers do help Catherine.,syntax,filler_gap_dependency,wh_questions_subject_gap,True,False,False,False,122,-69.53263854980469,-78.64395904541016,1
Danielle researched most governments that upset Andrew.,Danielle researched who most governments upset Andrew.,syntax,filler_gap_dependency,wh_questions_subject_gap,True,False,False,False,123,-82.21336364746094,-87.96090698242188,1
Many senators see that child that will love Dennis.,Many senators see who that child will love Dennis.,syntax,filler_gap_dependency,wh_questions_subject_gap,True,False,False,False,124,-69.59696960449219,-66.37002563476562,0
Angela notices every cactus that shocked those patients.,Angela notices who every cactus shocked those patients.,syntax,filler_gap_dependency,wh_questions_subject_gap,True,False,False,False,125,-76.25811004638672,-79.33177185058594,1
These adults see many spotlights that irritate Ella.,These adults see who many spotlights irritate Ella.,syntax,filler_gap_dependency,wh_questions_subject_gap,True,False,False,False,126,-83.06083679199219,-88.22068786621094,1
Susan noticed this teenager that wasn't buying cats.,Susan noticed what this teenager wasn't buying cats.,syntax,filler_gap_dependency,wh_questions_subject_gap,True,False,False,False,127,-67.54899597167969,-66.39981842041016,0
Monet couldn't notice that legislature that hired those senators.,Monet couldn't notice who that legislature hired those senators.,syntax,filler_gap_dependency,wh_questions_subject_gap,True,False,False,False,128,-89.66847229003906,-90.02949523925781,1
Patricia remembers every teenager that shouldn't approach Dennis.,Patricia remembers who every teenager shouldn't approach Dennis.,syntax,filler_gap_dependency,wh_questions_subject_gap,True,False,False,False,129,-78.139404296875,-77.78857421875,0
Jill should research that hill that hasn't bored Dana.,Jill should research who that hill hasn't bored Dana.,syntax,filler_gap_dependency,wh_questions_subject_gap,True,False,False,False,130,-91.89289855957031,-98.7593994140625,1
Vanessa forgot all offspring that had investigated Raymond.,Vanessa forgot who all offspring had investigated Raymond.,syntax,filler_gap_dependency,wh_questions_subject_gap,True,False,False,False,131,-74.18812561035156,-78.23562622070312,1
Drivers won't notice that box that hurts Carolyn.,Drivers won't notice who that box hurts Carolyn.,syntax,filler_gap_dependency,wh_questions_subject_gap,True,False,False,False,132,-67.041259765625,-72.31149291992188,1
Monet was noticing every person that had disliked that school.,Monet was noticing what every person had disliked that school.,syntax,filler_gap_dependency,wh_questions_subject_gap,True,False,False,False,133,-82.63484191894531,-83.15869903564453,1
Most men discover this mountain that bothered people.,Most men discover who this mountain bothered people.,syntax,filler_gap_dependency,wh_questions_subject_gap,True,False,False,False,134,-58.2374267578125,-64.54522705078125,1
Alice couldn't think about that steak that had bothered Rachelle.,Alice couldn't think about who that steak had bothered Rachelle.,syntax,filler_gap_dependency,wh_questions_subject_gap,True,False,False,False,135,-83.58887481689453,-87.42684173583984,1
Colleen forgot all men that biked to some malls.,Colleen forgot what all men biked to some malls.,syntax,filler_gap_dependency,wh_questions_subject_gap,True,False,False,False,136,-84.90255737304688,-88.32176208496094,1
Allison isn't noticing some chair that wasn't annoying Lucille.,Allison isn't noticing who some chair wasn't annoying Lucille.,syntax,filler_gap_dependency,wh_questions_subject_gap,True,False,False,False,137,-85.75462341308594,-92.17888641357422,1
A lot of actresses knew a girl that was fixing that chair.,A lot of actresses knew what a girl was fixing that chair.,syntax,filler_gap_dependency,wh_questions_subject_gap,True,False,False,False,138,-71.06504821777344,-71.50849151611328,1
Clyde hasn't discovered many museums that respected every hill.,Clyde hasn't discovered what many museums respected every hill.,syntax,filler_gap_dependency,wh_questions_subject_gap,True,False,False,False,139,-88.82855224609375,-94.41947937011719,1
Most guys forget some analyses that haven't boasted about some guys.,Most guys forget who some analyses haven't boasted about some guys.,syntax,filler_gap_dependency,wh_questions_subject_gap,True,False,False,False,140,-87.8814697265625,-89.31004333496094,1
Donald has known the men that can confuse Andrew.,Donald has known who the men can confuse Andrew.,syntax,filler_gap_dependency,wh_questions_subject_gap,True,False,False,False,141,-70.98773193359375,-74.21094512939453,1
Theresa thinks about the museum that praised Eric.,Theresa thinks about who the museum praised Eric.,syntax,filler_gap_dependency,wh_questions_subject_gap,True,False,False,False,142,-66.16929626464844,-68.87495422363281,1
Wayne researched some cafe that alarmed Walter.,Wayne researched who some cafe alarmed Walter.,syntax,filler_gap_dependency,wh_questions_subject_gap,True,False,False,False,143,-75.6978988647461,-86.952880859375,1
That teacher thinks about many screens that won't annoy Keith.,That teacher thinks about who many screens won't annoy Keith.,syntax,filler_gap_dependency,wh_questions_subject_gap,True,False,False,False,144,-79.04483795166016,-81.91548156738281,1
Douglas didn't know all cashiers that didn't sell these cars.,Douglas didn't know what all cashiers didn't sell these cars.,syntax,filler_gap_dependency,wh_questions_subject_gap,True,False,False,False,145,-77.51994323730469,-80.40098571777344,1
Veronica is discovering pictures that weren't distracting Ronald.,Veronica is discovering who pictures weren't distracting Ronald.,syntax,filler_gap_dependency,wh_questions_subject_gap,True,False,False,False,146,-83.73289489746094,-88.13880920410156,1
Bethany hasn't forgotten some essays that might worry Stacey.,Bethany hasn't forgotten who some essays might worry Stacey.,syntax,filler_gap_dependency,wh_questions_subject_gap,True,False,False,False,147,-93.05571746826172,-97.97129821777344,1
Diana remembers the newspaper article that embarrasses Elaine.,Diana remembers who the newspaper article embarrasses Elaine.,syntax,filler_gap_dependency,wh_questions_subject_gap,True,False,False,False,148,-86.54600524902344,-91.98651885986328,1
William isn't discovering most sheep that are disgusting Stephen.,William isn't discovering who most sheep are disgusting Stephen.,syntax,filler_gap_dependency,wh_questions_subject_gap,True,False,False,False,149,-79.77874755859375,-81.58375549316406,1
Those doctors notice that projector that didn't look like some picture.,Those doctors notice what that projector didn't look like some picture.,syntax,filler_gap_dependency,wh_questions_subject_gap,True,False,False,False,150,-78.71427917480469,-78.28315734863281,0
Carmen researches this cafe that has alarmed Paula.,Carmen researches who this cafe has alarmed Paula.,syntax,filler_gap_dependency,wh_questions_subject_gap,True,False,False,False,151,-82.78257751464844,-87.26790618896484,1
Valerie researches this drawing that had stunned Sherry.,Valerie researches who this drawing had stunned Sherry.,syntax,filler_gap_dependency,wh_questions_subject_gap,True,False,False,False,152,-91.56437683105469,-96.01879119873047,1
Claire wasn't investigating the waiter that is ascending that ladder.,Claire wasn't investigating what the waiter is ascending that ladder.,syntax,filler_gap_dependency,wh_questions_subject_gap,True,False,False,False,153,-80.80586242675781,-82.43243408203125,1
Katherine discovered this pedestrian that can bother this organization.,Katherine discovered what this pedestrian can bother this organization.,syntax,filler_gap_dependency,wh_questions_subject_gap,True,False,False,False,154,-76.69390106201172,-78.09616088867188,1
Jodi would see that spotlight that did distract Bill.,Jodi would see who that spotlight did distract Bill.,syntax,filler_gap_dependency,wh_questions_subject_gap,True,False,False,False,155,-80.22451782226562,-79.76419067382812,0
Martha knew a lot of girls that didn't scan a lot of stories.,Martha knew what a lot of girls didn't scan a lot of stories.,syntax,filler_gap_dependency,wh_questions_subject_gap,True,False,False,False,156,-71.38724517822266,-70.55848693847656,0
Regina isn't discovering this horse that scares Heidi.,Regina isn't discovering who this horse scares Heidi.,syntax,filler_gap_dependency,wh_questions_subject_gap,True,False,False,False,157,-74.45466613769531,-78.91797637939453,1
Samantha might think about most offspring that are ascending a lot of stairs.,Samantha might think about what most offspring are ascending a lot of stairs.,syntax,filler_gap_dependency,wh_questions_subject_gap,True,False,False,False,158,-92.32494354248047,-92.27372741699219,0
Carla hadn't thought about every hypothesis that could astound Matt.,Carla hadn't thought about who every hypothesis could astound Matt.,syntax,filler_gap_dependency,wh_questions_subject_gap,True,False,False,False,159,-91.43325805664062,-97.38821411132812,1
Homer shouldn't notice a lot of bikes that should worry Carrie.,Homer shouldn't notice who a lot of bikes should worry Carrie.,syntax,filler_gap_dependency,wh_questions_subject_gap,True,False,False,False,160,-86.3763198852539,-93.53294372558594,1
Marie will investigate some libraries that talked about Beverly.,Marie will investigate who some libraries talked about Beverly.,syntax,filler_gap_dependency,wh_questions_subject_gap,True,False,False,False,161,-74.19766235351562,-80.76615905761719,1
Steven has remembered every essay that hadn't disagreed with Brad.,Steven has remembered who every essay hadn't disagreed with Brad.,syntax,filler_gap_dependency,wh_questions_subject_gap,True,False,False,False,162,-78.6871337890625,-82.17349243164062,1
Walter notices some student that has approached Melanie.,Walter notices who some student has approached Melanie.,syntax,filler_gap_dependency,wh_questions_subject_gap,True,False,False,False,163,-72.30707550048828,-73.92839050292969,1
Rachelle has discovered these pamphlets that aren't hurting Victoria.,Rachelle has discovered who these pamphlets aren't hurting Victoria.,syntax,filler_gap_dependency,wh_questions_subject_gap,True,False,False,False,164,-88.34102630615234,-91.95379638671875,1
Some governments had remembered the offspring that had helped Tracy.,Some governments had remembered who the offspring had helped Tracy.,syntax,filler_gap_dependency,wh_questions_subject_gap,True,False,False,False,165,-73.63162231445312,-76.67753601074219,1
Sara had investigated an association that wouldn't help every driver.,Sara had investigated who an association wouldn't help every driver.,syntax,filler_gap_dependency,wh_questions_subject_gap,True,False,False,False,166,-71.46939086914062,-79.66990661621094,1
An actor has forgotten many dancers that haven't discussed Allison.,An actor has forgotten who many dancers haven't discussed Allison.,syntax,filler_gap_dependency,wh_questions_subject_gap,True,False,False,False,167,-78.9119873046875,-80.19788360595703,1
Diana wasn't noticing that mountain that had scared Linda.,Diana wasn't noticing who that mountain had scared Linda.,syntax,filler_gap_dependency,wh_questions_subject_gap,True,False,False,False,168,-77.06327819824219,-82.3701171875,1
That cashier couldn't see the library that isn't impressing Becca.,That cashier couldn't see who the library isn't impressing Becca.,syntax,filler_gap_dependency,wh_questions_subject_gap,True,False,False,False,169,-89.17289733886719,-92.47988891601562,1
Ellen remembered these boys that would discover some closet.,Ellen remembered what these boys would discover some closet.,syntax,filler_gap_dependency,wh_questions_subject_gap,True,False,False,False,170,-71.72434997558594,-67.16597747802734,0
These boys should notice those cashiers that notice this sock.,These boys should notice what those cashiers notice this sock.,syntax,filler_gap_dependency,wh_questions_subject_gap,True,False,False,False,171,-87.27626037597656,-84.31307983398438,0
Some schools would know a customer that hadn't observed the driver.,Some schools would know who a customer hadn't observed the driver.,syntax,filler_gap_dependency,wh_questions_subject_gap,True,False,False,False,172,-71.04168701171875,-73.2593002319336,1
Many patients think about that truck that irritates Emily.,Many patients think about who that truck irritates Emily.,syntax,filler_gap_dependency,wh_questions_subject_gap,True,False,False,False,173,-73.51611328125,-78.61974334716797,1
Tammy hadn't remembered the theses that irritate that bank.,Tammy hadn't remembered what the theses irritate that bank.,syntax,filler_gap_dependency,wh_questions_subject_gap,True,False,False,False,174,-95.48796081542969,-96.14691925048828,1
Those people question the teacher that returned to some lakes.,Those people question what the teacher returned to some lakes.,syntax,filler_gap_dependency,wh_questions_subject_gap,True,False,False,False,175,-68.92529296875,-68.78717803955078,0
The Impressionists do question this company that wasn't concealing Omar.,The Impressionists do question who this company wasn't concealing Omar.,syntax,filler_gap_dependency,wh_questions_subject_gap,True,False,False,False,176,-95.84394073486328,-100.39193725585938,1
The Borgias discover a stimulus that has resembled many drawings.,The Borgias discover what a stimulus has resembled many drawings.,syntax,filler_gap_dependency,wh_questions_subject_gap,True,False,False,False,177,-85.31190490722656,-88.91453552246094,1
Those teachers see many jackets that shocked the student.,Those teachers see who many jackets shocked the student.,syntax,filler_gap_dependency,wh_questions_subject_gap,True,False,False,False,178,-73.28328704833984,-75.19505310058594,1
Joseph hadn't known every person that hasn't irritated Diana.,Joseph hadn't known who every person hasn't irritated Diana.,syntax,filler_gap_dependency,wh_questions_subject_gap,True,False,False,False,179,-76.4935531616211,-80.05140686035156,1
Cashiers question libraries that scared David.,Cashiers question who libraries scared David.,syntax,filler_gap_dependency,wh_questions_subject_gap,True,False,False,False,180,-72.7125244140625,-75.4994888305664,1
Paula remembers boys that are complaining about Larry.,Paula remembers who boys are complaining about Larry.,syntax,filler_gap_dependency,wh_questions_subject_gap,True,False,False,False,181,-67.07014465332031,-66.5801010131836,0
Homer noticed the cat that wasn't irritating Scott.,Homer noticed who the cat wasn't irritating Scott.,syntax,filler_gap_dependency,wh_questions_subject_gap,True,False,False,False,182,-67.71914672851562,-72.91336059570312,1
Kendra wasn't discovering many adults that didn't cure a lot of fish.,Kendra wasn't discovering what many adults didn't cure a lot of fish.,syntax,filler_gap_dependency,wh_questions_subject_gap,True,False,False,False,183,-87.63162231445312,-91.18534851074219,1
Kristen saw this actor that approaches Ellen.,Kristen saw who this actor approaches Ellen.,syntax,filler_gap_dependency,wh_questions_subject_gap,True,False,False,False,184,-67.73957824707031,-70.95736694335938,1
Marcus investigated these drivers that resemble a picture.,Marcus investigated what these drivers resemble a picture.,syntax,filler_gap_dependency,wh_questions_subject_gap,True,False,False,False,185,-68.66046142578125,-70.52935791015625,1
A woman hasn't investigated every man that hasn't referenced these guys.,A woman hasn't investigated who every man hasn't referenced these guys.,syntax,filler_gap_dependency,wh_questions_subject_gap,True,False,False,False,186,-79.74893951416016,-85.3858871459961,1
Carol has seen the foot that doesn't bother Kenneth.,Carol has seen who the foot doesn't bother Kenneth.,syntax,filler_gap_dependency,wh_questions_subject_gap,True,False,False,False,187,-65.95596313476562,-75.36283874511719,1
Marcus thinks about these coats that have upset schools.,Marcus thinks about what these coats have upset schools.,syntax,filler_gap_dependency,wh_questions_subject_gap,True,False,False,False,188,-73.77569580078125,-75.07550048828125,1
All pedestrians question all women that listen to Jason.,All pedestrians question who all women listen to Jason.,syntax,filler_gap_dependency,wh_questions_subject_gap,True,False,False,False,189,-70.04640197753906,-71.59580993652344,1
A lot of waitresses think about that fish that was distracting Emily.,A lot of waitresses think about who that fish was distracting Emily.,syntax,filler_gap_dependency,wh_questions_subject_gap,True,False,False,False,190,-92.0491943359375,-96.25237274169922,1
Amanda discovers these casseroles that haven't scared Nancy.,Amanda discovers who these casseroles haven't scared Nancy.,syntax,filler_gap_dependency,wh_questions_subject_gap,True,False,False,False,191,-86.49844360351562,-89.83616638183594,1
Sharon thought about a skateboard that isn't hurting Carla.,Sharon thought about who a skateboard isn't hurting Carla.,syntax,filler_gap_dependency,wh_questions_subject_gap,True,False,False,False,192,-78.90423583984375,-85.98553466796875,1
These waitresses see most malls that would annoy Alice.,These waitresses see who most malls would annoy Alice.,syntax,filler_gap_dependency,wh_questions_subject_gap,True,False,False,False,193,-98.91513061523438,-95.74725341796875,0
Sara couldn't investigate this government that isn't stunning Dana.,Sara couldn't investigate who this government isn't stunning Dana.,syntax,filler_gap_dependency,wh_questions_subject_gap,True,False,False,False,194,-83.86337280273438,-88.27194213867188,1
Erin notices these fungi that have distracted Carla.,Erin notices who these fungi have distracted Carla.,syntax,filler_gap_dependency,wh_questions_subject_gap,True,False,False,False,195,-81.72610473632812,-83.14918518066406,1
The Borgias notice these legislatures that haven't bored Aaron.,The Borgias notice who these legislatures haven't bored Aaron.,syntax,filler_gap_dependency,wh_questions_subject_gap,True,False,False,False,196,-96.24053192138672,-98.56065368652344,1
People research many bases that are irritating every teenager.,People research who many bases are irritating every teenager.,syntax,filler_gap_dependency,wh_questions_subject_gap,True,False,False,False,197,-75.46785736083984,-77.75274658203125,1
These men research these college campuses that would distract Mark.,These men research who these college campuses would distract Mark.,syntax,filler_gap_dependency,wh_questions_subject_gap,True,False,False,False,198,-89.10484313964844,-92.59069061279297,1
Christine notices every alumnus that has cured this customer.,Christine notices who every alumnus has cured this customer.,syntax,filler_gap_dependency,wh_questions_subject_gap,True,False,False,False,199,-92.52159118652344,-93.3366470336914,1
Laura has seen all pies that impressed Sheila.,Laura has seen who all pies impressed Sheila.,syntax,filler_gap_dependency,wh_questions_subject_gap,True,False,False,False,200,-67.85441589355469,-74.16643524169922,1
Tina saw many windows that couldn't aggravate William.,Tina saw who many windows couldn't aggravate William.,syntax,filler_gap_dependency,wh_questions_subject_gap,True,False,False,False,201,-75.91227722167969,-79.48574829101562,1
Todd is researching every painting that astounds all guys.,Todd is researching who every painting astounds all guys.,syntax,filler_gap_dependency,wh_questions_subject_gap,True,False,False,False,202,-86.64656066894531,-92.46183776855469,1
Clyde has questioned the hospital that wasn't worrying Beverly.,Clyde has questioned who the hospital wasn't worrying Beverly.,syntax,filler_gap_dependency,wh_questions_subject_gap,True,False,False,False,203,-86.30171203613281,-88.53179931640625,1
Samuel was researching that diagnosis that wouldn't stun a lot of ladies.,Samuel was researching who that diagnosis wouldn't stun a lot of ladies.,syntax,filler_gap_dependency,wh_questions_subject_gap,True,False,False,False,204,-93.71753692626953,-93.46334075927734,0
This guest hasn't investigated a lot of drivers that clean many shirts.,This guest hasn't investigated what a lot of drivers clean many shirts.,syntax,filler_gap_dependency,wh_questions_subject_gap,True,False,False,False,205,-86.781982421875,-91.33415222167969,1
Julia was investigating many pedestrians that did see a college campus.,Julia was investigating what many pedestrians did see a college campus.,syntax,filler_gap_dependency,wh_questions_subject_gap,True,False,False,False,206,-81.01201629638672,-85.89520263671875,1
Most pedestrians think about a school that knows Patricia.,Most pedestrians think about who a school knows Patricia.,syntax,filler_gap_dependency,wh_questions_subject_gap,True,False,False,False,207,-68.2379379272461,-76.74641418457031,1
Jesus sees all trucks that have disturbed Tina.,Jesus sees who all trucks have disturbed Tina.,syntax,filler_gap_dependency,wh_questions_subject_gap,True,False,False,False,208,-70.0457992553711,-75.49254608154297,1
All waiters research most newspaper articles that didn't bore Susan.,All waiters research who most newspaper articles didn't bore Susan.,syntax,filler_gap_dependency,wh_questions_subject_gap,True,False,False,False,209,-109.55768585205078,-111.60635375976562,1
Susan discovered most synopses that described Lawrence.,Susan discovered who most synopses described Lawrence.,syntax,filler_gap_dependency,wh_questions_subject_gap,True,False,False,False,210,-87.75235748291016,-87.66732025146484,0
Carl would notice most gates that were hurting Catherine.,Carl would notice who most gates were hurting Catherine.,syntax,filler_gap_dependency,wh_questions_subject_gap,True,False,False,False,211,-75.01547241210938,-73.82533264160156,0
Some actresses forgot many men that fled from Curtis.,Some actresses forgot who many men fled from Curtis.,syntax,filler_gap_dependency,wh_questions_subject_gap,True,False,False,False,212,-72.95362854003906,-71.33969116210938,0
Andrew saw the turtles that haven't looked like prints.,Andrew saw what the turtles haven't looked like prints.,syntax,filler_gap_dependency,wh_questions_subject_gap,True,False,False,False,213,-66.03411865234375,-63.51094436645508,0
Walter should question that waitress that had respected many cashiers.,Walter should question who that waitress had respected many cashiers.,syntax,filler_gap_dependency,wh_questions_subject_gap,True,False,False,False,214,-97.52403259277344,-94.7372817993164,0
Danielle knows this patient that hasn't disgusted a lot of governments.,Danielle knows what this patient hasn't disgusted a lot of governments.,syntax,filler_gap_dependency,wh_questions_subject_gap,True,False,False,False,215,-89.93879699707031,-86.99151611328125,0
Marie can discover these unicycles that distracted Heather.,Marie can discover who these unicycles distracted Heather.,syntax,filler_gap_dependency,wh_questions_subject_gap,True,False,False,False,216,-83.34698486328125,-86.53836059570312,1
All guys knew all guests that drive to those lakes.,All guys knew what all guests drive to those lakes.,syntax,filler_gap_dependency,wh_questions_subject_gap,True,False,False,False,217,-75.23751068115234,-76.31321716308594,1
Most teachers are discovering that rabbit that shouldn't ascend many mountains.,Most teachers are discovering what that rabbit shouldn't ascend many mountains.,syntax,filler_gap_dependency,wh_questions_subject_gap,True,False,False,False,218,-90.10792541503906,-94.85591125488281,1
April shouldn't think about that beef that worries Kimberley.,April shouldn't think about who that beef worries Kimberley.,syntax,filler_gap_dependency,wh_questions_subject_gap,True,False,False,False,219,-77.96949005126953,-82.48625946044922,1
This person doesn't forget some actress that isn't breaking most screens.,This person doesn't forget what some actress isn't breaking most screens.,syntax,filler_gap_dependency,wh_questions_subject_gap,True,False,False,False,220,-84.99468994140625,-86.99913024902344,1
A lot of waitresses discover some companies that scare Dawn.,A lot of waitresses discover who some companies scare Dawn.,syntax,filler_gap_dependency,wh_questions_subject_gap,True,False,False,False,221,-87.5646743774414,-93.73023986816406,1
Sabrina had questioned every pedestrian that references Denise.,Sabrina had questioned who every pedestrian references Denise.,syntax,filler_gap_dependency,wh_questions_subject_gap,True,False,False,False,222,-84.85157012939453,-85.95668029785156,1
Carolyn was noticing these patients that had talked to Allison.,Carolyn was noticing who these patients had talked to Allison.,syntax,filler_gap_dependency,wh_questions_subject_gap,True,False,False,False,223,-70.29826354980469,-71.90853881835938,1
Tanya can forget a lot of brochures that have disgusted Beth.,Tanya can forget who a lot of brochures have disgusted Beth.,syntax,filler_gap_dependency,wh_questions_subject_gap,True,False,False,False,224,-83.41617584228516,-88.45478820800781,1
Many guests question these libraries that confused these senators.,Many guests question who these libraries confused these senators.,syntax,filler_gap_dependency,wh_questions_subject_gap,True,False,False,False,225,-81.71139526367188,-83.66658020019531,1
Brett could see the fish that hadn't ascended every hill.,Brett could see what the fish hadn't ascended every hill.,syntax,filler_gap_dependency,wh_questions_subject_gap,True,False,False,False,226,-73.35531616210938,-74.26893615722656,1
Derek thinks about those windows that confuse some legislature.,Derek thinks about what those windows confuse some legislature.,syntax,filler_gap_dependency,wh_questions_subject_gap,True,False,False,False,227,-77.6346664428711,-80.83778381347656,1
Bethany knew a lot of women that haven't hated Donna.,Bethany knew who a lot of women haven't hated Donna.,syntax,filler_gap_dependency,wh_questions_subject_gap,True,False,False,False,228,-80.93726348876953,-82.25552368164062,1
Roger researches this movie that bothered that doctor.,Roger researches who this movie bothered that doctor.,syntax,filler_gap_dependency,wh_questions_subject_gap,True,False,False,False,229,-71.05599975585938,-76.71319580078125,1
Curtis remembered a brochure that couldn't resemble these drawings.,Curtis remembered what a brochure couldn't resemble these drawings.,syntax,filler_gap_dependency,wh_questions_subject_gap,True,False,False,False,230,-86.8343276977539,-85.89936828613281,0
That guy saw every thesis that does look like some painting.,That guy saw what every thesis does look like some painting.,syntax,filler_gap_dependency,wh_questions_subject_gap,True,False,False,False,231,-68.56098175048828,-69.60176849365234,1
Tonya might forget this boy that forgets Victoria.,Tonya might forget who this boy forgets Victoria.,syntax,filler_gap_dependency,wh_questions_subject_gap,True,False,False,False,232,-78.47689056396484,-78.17103576660156,0
Margaret was researching that bank that did shock Gary.,Margaret was researching who that bank did shock Gary.,syntax,filler_gap_dependency,wh_questions_subject_gap,True,False,False,False,233,-75.14659881591797,-78.71573638916016,1
Stacy is thinking about many axes that shock Craig.,Stacy is thinking about who many axes shock Craig.,syntax,filler_gap_dependency,wh_questions_subject_gap,True,False,False,False,234,-78.87496948242188,-83.25104522705078,1
Eva can discover these waiters that hadn't looked like all prints.,Eva can discover what these waiters hadn't looked like all prints.,syntax,filler_gap_dependency,wh_questions_subject_gap,True,False,False,False,235,-94.98126220703125,-92.03079223632812,0
Tracy researched a university that hadn't forgotten Rachel.,Tracy researched who a university hadn't forgotten Rachel.,syntax,filler_gap_dependency,wh_questions_subject_gap,True,False,False,False,236,-71.75605773925781,-80.8686752319336,1
Margaret hasn't thought about some ox that does disgust this lady.,Margaret hasn't thought about who some ox does disgust this lady.,syntax,filler_gap_dependency,wh_questions_subject_gap,True,False,False,False,237,-85.62057495117188,-94.3260726928711,1
Veronica remembers some alumni that hadn't complained about Travis.,Veronica remembers who some alumni hadn't complained about Travis.,syntax,filler_gap_dependency,wh_questions_subject_gap,True,False,False,False,238,-84.4623031616211,-89.58863830566406,1
These guests research organizations that have listened to this doctor.,These guests research who organizations have listened to this doctor.,syntax,filler_gap_dependency,wh_questions_subject_gap,True,False,False,False,239,-66.45877075195312,-70.5858154296875,1
A teacher hasn't researched all essays that wouldn't impress Wendy.,A teacher hasn't researched who all essays wouldn't impress Wendy.,syntax,filler_gap_dependency,wh_questions_subject_gap,True,False,False,False,240,-84.4984130859375,-89.5242919921875,1
Carol had noticed the offspring that talks to Colleen.,Carol had noticed who the offspring talks to Colleen.,syntax,filler_gap_dependency,wh_questions_subject_gap,True,False,False,False,241,-76.70398712158203,-81.89817810058594,1
Renee can't research the hill that couldn't irritate every library.,Renee can't research what the hill couldn't irritate every library.,syntax,filler_gap_dependency,wh_questions_subject_gap,True,False,False,False,242,-94.3001708984375,-94.4526596069336,1
Children question the guest that wasn't cleaning these rugs.,Children question what the guest wasn't cleaning these rugs.,syntax,filler_gap_dependency,wh_questions_subject_gap,True,False,False,False,243,-77.3477783203125,-77.252197265625,0
Amanda was thinking about those tomatoes that shouldn't worry Brad.,Amanda was thinking about who those tomatoes shouldn't worry Brad.,syntax,filler_gap_dependency,wh_questions_subject_gap,True,False,False,False,244,-77.37496185302734,-81.76638793945312,1
Janice could remember the teenagers that disagreed with Steven.,Janice could remember who the teenagers disagreed with Steven.,syntax,filler_gap_dependency,wh_questions_subject_gap,True,False,False,False,245,-75.55819702148438,-72.23906707763672,0
Wayne had investigated dancers that had hurt Sheila.,Wayne had investigated who dancers had hurt Sheila.,syntax,filler_gap_dependency,wh_questions_subject_gap,True,False,False,False,246,-72.75019836425781,-79.67536926269531,1
Kathleen noticed every bicycle that scared Kathleen.,Kathleen noticed who every bicycle scared Kathleen.,syntax,filler_gap_dependency,wh_questions_subject_gap,True,False,False,False,247,-76.61380004882812,-81.0545883178711,1
Carla isn't investigating these waiters that have examined every movie.,Carla isn't investigating what these waiters have examined every movie.,syntax,filler_gap_dependency,wh_questions_subject_gap,True,False,False,False,248,-94.1706314086914,-89.61410522460938,0
All teenagers question a lot of legislatures that buy a box.,All teenagers question what a lot of legislatures buy a box.,syntax,filler_gap_dependency,wh_questions_subject_gap,True,False,False,False,249,-78.76130676269531,-82.93766784667969,1
Stacy discovers the gate that aggravated Travis.,Stacy discovers who the gate aggravated Travis.,syntax,filler_gap_dependency,wh_questions_subject_gap,True,False,False,False,250,-73.4368896484375,-77.382080078125,1
Kathleen hadn't questioned these museums that have helped Melanie.,Kathleen hadn't questioned who these museums have helped Melanie.,syntax,filler_gap_dependency,wh_questions_subject_gap,True,False,False,False,251,-84.74436950683594,-83.91604614257812,0
Martha noticed every bank that respects Patrick.,Martha noticed who every bank respects Patrick.,syntax,filler_gap_dependency,wh_questions_subject_gap,True,False,False,False,252,-70.90505981445312,-73.18917083740234,1
This girl sees this man that was taking these planes.,This girl sees what this man was taking these planes.,syntax,filler_gap_dependency,wh_questions_subject_gap,True,False,False,False,253,-59.46009826660156,-58.60846710205078,0
Doctors research that synthesis that aggravates Alice.,Doctors research who that synthesis aggravates Alice.,syntax,filler_gap_dependency,wh_questions_subject_gap,True,False,False,False,254,-70.98453521728516,-78.62297821044922,1
Most students know this dancer that talks about Aaron.,Most students know who this dancer talks about Aaron.,syntax,filler_gap_dependency,wh_questions_subject_gap,True,False,False,False,255,-62.834877014160156,-59.849945068359375,0
Deborah is noticing the grocery stores that resemble every painting.,Deborah is noticing what the grocery stores resemble every painting.,syntax,filler_gap_dependency,wh_questions_subject_gap,True,False,False,False,256,-85.72795867919922,-85.49468994140625,0
A lot of girls thought about a lake that doesn't bother these adults.,A lot of girls thought about who a lake doesn't bother these adults.,syntax,filler_gap_dependency,wh_questions_subject_gap,True,False,False,False,257,-74.0963134765625,-78.60159301757812,1
Walter should notice the woman that fled from the driver.,Walter should notice who the woman fled from the driver.,syntax,filler_gap_dependency,wh_questions_subject_gap,True,False,False,False,258,-67.61563873291016,-67.35903930664062,0
Thomas isn't questioning some guy that broke the skateboard.,Thomas isn't questioning what some guy broke the skateboard.,syntax,filler_gap_dependency,wh_questions_subject_gap,True,False,False,False,259,-67.59939575195312,-72.5980224609375,1
Patricia investigated some museum that insulted every newspaper article.,Patricia investigated what some museum insulted every newspaper article.,syntax,filler_gap_dependency,wh_questions_subject_gap,True,False,False,False,260,-88.40278625488281,-95.0451431274414,1
A hospital knows a person that had every skateboard.,A hospital knows what a person had every skateboard.,syntax,filler_gap_dependency,wh_questions_subject_gap,True,False,False,False,261,-61.78127670288086,-61.86354446411133,1
All guests hadn't forgotten the doctor that doesn't think about all mushrooms.,All guests hadn't forgotten what the doctor doesn't think about all mushrooms.,syntax,filler_gap_dependency,wh_questions_subject_gap,True,False,False,False,262,-80.47605895996094,-77.131591796875,0
That senator remembered some doctors that hurt Jeffrey.,That senator remembered who some doctors hurt Jeffrey.,syntax,filler_gap_dependency,wh_questions_subject_gap,True,False,False,False,263,-70.17147064208984,-74.41525268554688,1
Some people investigate some woman that left Jessica.,Some people investigate who some woman left Jessica.,syntax,filler_gap_dependency,wh_questions_subject_gap,True,False,False,False,264,-57.33898162841797,-61.34202575683594,1
All guests haven't researched this basis that has embarrassed the Borgias.,All guests haven't researched who this basis has embarrassed the Borgias.,syntax,filler_gap_dependency,wh_questions_subject_gap,True,False,False,False,265,-103.83056640625,-108.28243255615234,1
These children research all commentaries that hadn't alarmed Susan.,These children research who all commentaries hadn't alarmed Susan.,syntax,filler_gap_dependency,wh_questions_subject_gap,True,False,False,False,266,-93.45714569091797,-95.47574615478516,1
Matt can forget a teacher that isn't kissing Heidi.,Matt can forget who a teacher isn't kissing Heidi.,syntax,filler_gap_dependency,wh_questions_subject_gap,True,False,False,False,267,-72.94937896728516,-75.19720458984375,1
Colleen had forgotten this teacher that is stunning Carl.,Colleen had forgotten who this teacher is stunning Carl.,syntax,filler_gap_dependency,wh_questions_subject_gap,True,False,False,False,268,-78.27241516113281,-80.12471771240234,1
Timothy was thinking about all shirts that hurt Brett.,Timothy was thinking about who all shirts hurt Brett.,syntax,filler_gap_dependency,wh_questions_subject_gap,True,False,False,False,269,-70.52008056640625,-76.43386840820312,1
These actors question most actors that aren't looking like that print.,These actors question what most actors aren't looking like that print.,syntax,filler_gap_dependency,wh_questions_subject_gap,True,False,False,False,270,-87.5386734008789,-84.4219970703125,0
Heidi hadn't researched this public park that looked like some sketches.,Heidi hadn't researched what this public park looked like some sketches.,syntax,filler_gap_dependency,wh_questions_subject_gap,True,False,False,False,271,-92.12158203125,-98.12249755859375,1
This customer hadn't researched these mountains that shocked Sara.,This customer hadn't researched who these mountains shocked Sara.,syntax,filler_gap_dependency,wh_questions_subject_gap,True,False,False,False,272,-80.3487548828125,-87.12324523925781,1
Lori hasn't thought about a girl that should care for Becky.,Lori hasn't thought about who a girl should care for Becky.,syntax,filler_gap_dependency,wh_questions_subject_gap,True,False,False,False,273,-74.7391586303711,-76.0494613647461,1
Laurie does discover some chicken that confuses Patricia.,Laurie does discover who some chicken confuses Patricia.,syntax,filler_gap_dependency,wh_questions_subject_gap,True,False,False,False,274,-90.03849792480469,-93.45811462402344,1
Many cashiers investigate many actresses that might attack some waitress.,Many cashiers investigate who many actresses might attack some waitress.,syntax,filler_gap_dependency,wh_questions_subject_gap,True,False,False,False,275,-90.54922485351562,-96.62187957763672,1
A lot of guests discover every tooth that hasn't impressed John.,A lot of guests discover who every tooth hasn't impressed John.,syntax,filler_gap_dependency,wh_questions_subject_gap,True,False,False,False,276,-81.78211975097656,-84.73283386230469,1
That driver remembered all art galleries that do resemble some painting.,That driver remembered what all art galleries do resemble some painting.,syntax,filler_gap_dependency,wh_questions_subject_gap,True,False,False,False,277,-95.28851318359375,-94.83064270019531,0
Phillip has seen these screens that haven't disgusted every driver.,Phillip has seen who these screens haven't disgusted every driver.,syntax,filler_gap_dependency,wh_questions_subject_gap,True,False,False,False,278,-82.52855682373047,-87.94673156738281,1
A lot of teenagers think about the museum that will respect Tracy.,A lot of teenagers think about who the museum will respect Tracy.,syntax,filler_gap_dependency,wh_questions_subject_gap,True,False,False,False,279,-72.98280334472656,-77.59613037109375,1
Elaine isn't investigating some patient that isn't insulting Jacqueline.,Elaine isn't investigating who some patient isn't insulting Jacqueline.,syntax,filler_gap_dependency,wh_questions_subject_gap,True,False,False,False,280,-85.8609619140625,-92.51435852050781,1
Holly can't question this customer that confused Tammy.,Holly can't question who this customer confused Tammy.,syntax,filler_gap_dependency,wh_questions_subject_gap,True,False,False,False,281,-77.79448699951172,-80.21609497070312,1
Many teachers notice a lot of lamps that embarrassed Dennis.,Many teachers notice who a lot of lamps embarrassed Dennis.,syntax,filler_gap_dependency,wh_questions_subject_gap,True,False,False,False,282,-77.8642578125,-83.65738677978516,1
Carl investigated an alumnus that escaped from Chad.,Carl investigated who an alumnus escaped from Chad.,syntax,filler_gap_dependency,wh_questions_subject_gap,True,False,False,False,283,-78.2098388671875,-83.91217041015625,1
Beth forgets this man that hurt Lisa.,Beth forgets who this man hurt Lisa.,syntax,filler_gap_dependency,wh_questions_subject_gap,True,False,False,False,284,-63.16907501220703,-66.15904235839844,1
Charles won't see some chair that disgusted these students.,Charles won't see who some chair disgusted these students.,syntax,filler_gap_dependency,wh_questions_subject_gap,True,False,False,False,285,-75.53739929199219,-77.31065368652344,1
Noah isn't investigating the museums that hadn't forgotten Janice.,Noah isn't investigating who the museums hadn't forgotten Janice.,syntax,filler_gap_dependency,wh_questions_subject_gap,True,False,False,False,286,-87.36143493652344,-95.08084869384766,1
Dancers investigate every university that hurts this girl.,Dancers investigate who every university hurts this girl.,syntax,filler_gap_dependency,wh_questions_subject_gap,True,False,False,False,287,-70.09483337402344,-77.33056640625,1
Wayne forgets the men that insult Rebecca.,Wayne forgets who the men insult Rebecca.,syntax,filler_gap_dependency,wh_questions_subject_gap,True,False,False,False,288,-69.72703552246094,-75.58544158935547,1
Peter hasn't thought about many screens that can't annoy teachers.,Peter hasn't thought about who many screens can't annoy teachers.,syntax,filler_gap_dependency,wh_questions_subject_gap,True,False,False,False,289,-80.71556854248047,-85.2263412475586,1
Nina has remembered all boys that talk to Patricia.,Nina has remembered who all boys talk to Patricia.,syntax,filler_gap_dependency,wh_questions_subject_gap,True,False,False,False,290,-66.76432037353516,-70.66574096679688,1
Randolf has remembered that hill that shocks this teenager.,Randolf has remembered who that hill shocks this teenager.,syntax,filler_gap_dependency,wh_questions_subject_gap,True,False,False,False,291,-91.368896484375,-95.33740234375,1
Samantha did see some beef that couldn't disturb Samantha.,Samantha did see who some beef couldn't disturb Samantha.,syntax,filler_gap_dependency,wh_questions_subject_gap,True,False,False,False,292,-73.10929870605469,-75.84700012207031,1
Gerald wasn't questioning that cashier that has climbed down a lot of stairs.,Gerald wasn't questioning what that cashier has climbed down a lot of stairs.,syntax,filler_gap_dependency,wh_questions_subject_gap,True,False,False,False,293,-91.09561157226562,-90.58780670166016,0
The cashiers know some person that hadn't hidden those teenagers.,The cashiers know who some person hadn't hidden those teenagers.,syntax,filler_gap_dependency,wh_questions_subject_gap,True,False,False,False,294,-80.95695495605469,-84.29588317871094,1
The Impressionists know this teacher that would take a library.,The Impressionists know what this teacher would take a library.,syntax,filler_gap_dependency,wh_questions_subject_gap,True,False,False,False,295,-68.47322082519531,-66.51795959472656,0
Douglas forgot some plays that wouldn't worry Paul.,Douglas forgot who some plays wouldn't worry Paul.,syntax,filler_gap_dependency,wh_questions_subject_gap,True,False,False,False,296,-73.98036193847656,-77.4528579711914,1
Deborah researched high schools that do bore most girls.,Deborah researched who high schools do bore most girls.,syntax,filler_gap_dependency,wh_questions_subject_gap,True,False,False,False,297,-90.63041687011719,-93.83955383300781,1
The women think about that glove that worried all guests.,The women think about who that glove worried all guests.,syntax,filler_gap_dependency,wh_questions_subject_gap,True,False,False,False,298,-74.32267761230469,-76.48977661132812,1
Chad knows an actor that can't wear every sweater.,Chad knows what an actor can't wear every sweater.,syntax,filler_gap_dependency,wh_questions_subject_gap,True,False,False,False,299,-69.23200988769531,-70.20537567138672,1
All pedestrians research most pamphlets that should disturb Tara.,All pedestrians research who most pamphlets should disturb Tara.,syntax,filler_gap_dependency,wh_questions_subject_gap,True,False,False,False,300,-86.86282348632812,-89.83740234375,1
Mitchell questions some children that hadn't insulted Dawn.,Mitchell questions who some children hadn't insulted Dawn.,syntax,filler_gap_dependency,wh_questions_subject_gap,True,False,False,False,301,-78.91928100585938,-79.20204162597656,1
All guys discover all grocery stores that impress Amy.,All guys discover who all grocery stores impress Amy.,syntax,filler_gap_dependency,wh_questions_subject_gap,True,False,False,False,302,-80.69456481933594,-81.08476257324219,1
Catherine thought about every mushroom that resembled a lot of drawings.,Catherine thought about what every mushroom resembled a lot of drawings.,syntax,filler_gap_dependency,wh_questions_subject_gap,True,False,False,False,303,-76.78779602050781,-80.26083374023438,1
The doctors see these waitresses that weren't disturbing Chad.,The doctors see who these waitresses weren't disturbing Chad.,syntax,filler_gap_dependency,wh_questions_subject_gap,True,False,False,False,304,-85.17105102539062,-87.768798828125,1
Rebecca noticed some bikes that shouldn't annoy Ruth.,Rebecca noticed who some bikes shouldn't annoy Ruth.,syntax,filler_gap_dependency,wh_questions_subject_gap,True,False,False,False,305,-73.24980163574219,-79.58811950683594,1
Kirsten has questioned these customers that hurt that waiter.,Kirsten has questioned who these customers hurt that waiter.,syntax,filler_gap_dependency,wh_questions_subject_gap,True,False,False,False,306,-78.0274887084961,-80.09000396728516,1
These teenagers question this teenager that discusses Emily.,These teenagers question who this teenager discusses Emily.,syntax,filler_gap_dependency,wh_questions_subject_gap,True,False,False,False,307,-78.37135314941406,-77.11279296875,0
A lot of doctors haven't known the dancers that research Winston Churchill.,A lot of doctors haven't known who the dancers research Winston Churchill.,syntax,filler_gap_dependency,wh_questions_subject_gap,True,False,False,False,308,-79.49832153320312,-80.79986572265625,1
A lot of customers forget those teenagers that sold those pies.,A lot of customers forget what those teenagers sold those pies.,syntax,filler_gap_dependency,wh_questions_subject_gap,True,False,False,False,309,-75.60331726074219,-75.48775482177734,0
Lisa has known those customers that alarm Jason.,Lisa has known who those customers alarm Jason.,syntax,filler_gap_dependency,wh_questions_subject_gap,True,False,False,False,310,-70.21256256103516,-73.33200073242188,1
Jennifer is investigating these boys that can't praise Beverly.,Jennifer is investigating who these boys can't praise Beverly.,syntax,filler_gap_dependency,wh_questions_subject_gap,True,False,False,False,311,-81.95807647705078,-84.18348693847656,1
Sally is noticing every pie that hurts Lori.,Sally is noticing who every pie hurts Lori.,syntax,filler_gap_dependency,wh_questions_subject_gap,True,False,False,False,312,-71.48429870605469,-77.41436767578125,1
Karla thought about all governments that weren't referencing Claire.,Karla thought about who all governments weren't referencing Claire.,syntax,filler_gap_dependency,wh_questions_subject_gap,True,False,False,False,313,-86.51094055175781,-93.45230102539062,1
Those actresses notice that glacier that bores that dancer.,Those actresses notice who that glacier bores that dancer.,syntax,filler_gap_dependency,wh_questions_subject_gap,True,False,False,False,314,-90.73541259765625,-94.4061279296875,1
A boy remembered the actresses that haven't sold the shoe.,A boy remembered what the actresses haven't sold the shoe.,syntax,filler_gap_dependency,wh_questions_subject_gap,True,False,False,False,315,-73.90958404541016,-71.45402526855469,0
Many guests discover this fish that should scare Karla.,Many guests discover who this fish should scare Karla.,syntax,filler_gap_dependency,wh_questions_subject_gap,True,False,False,False,316,-82.14263916015625,-84.63916015625,1
The Clintons investigate this museum that disgusted Peter.,The Clintons investigate who this museum disgusted Peter.,syntax,filler_gap_dependency,wh_questions_subject_gap,True,False,False,False,317,-71.87462615966797,-77.807861328125,1
Gary remembered the brochure that disturbed Jeffrey.,Gary remembered who the brochure disturbed Jeffrey.,syntax,filler_gap_dependency,wh_questions_subject_gap,True,False,False,False,318,-71.85655212402344,-72.66572570800781,1
Beth has discovered those malls that were impressing Laurie.,Beth has discovered who those malls were impressing Laurie.,syntax,filler_gap_dependency,wh_questions_subject_gap,True,False,False,False,319,-90.76847839355469,-91.40504455566406,1
Aaron has known all children that haven't examined some newspaper articles.,Aaron has known what all children haven't examined some newspaper articles.,syntax,filler_gap_dependency,wh_questions_subject_gap,True,False,False,False,320,-84.5909652709961,-90.1721420288086,1
Most drivers think about the glacier that might shock Candice.,Most drivers think about who the glacier might shock Candice.,syntax,filler_gap_dependency,wh_questions_subject_gap,True,False,False,False,321,-78.68110656738281,-83.44930267333984,1
The Lutherans question some person that couldn't go to all malls.,The Lutherans question what some person couldn't go to all malls.,syntax,filler_gap_dependency,wh_questions_subject_gap,True,False,False,False,322,-87.47362518310547,-89.70326232910156,1
Sharon would discover this foot that did alarm Jodi.,Sharon would discover who this foot did alarm Jodi.,syntax,filler_gap_dependency,wh_questions_subject_gap,True,False,False,False,323,-83.25775146484375,-83.41741943359375,1
Amanda wasn't discovering those geese that weren't finding a car.,Amanda wasn't discovering what those geese weren't finding a car.,syntax,filler_gap_dependency,wh_questions_subject_gap,True,False,False,False,324,-79.95716857910156,-79.21574401855469,0
Beth has researched most universities that shouldn't hurt a driver.,Beth has researched who most universities shouldn't hurt a driver.,syntax,filler_gap_dependency,wh_questions_subject_gap,True,False,False,False,325,-81.20455932617188,-88.39643859863281,1
Denise hadn't noticed some mountains that do distract Paul.,Denise hadn't noticed who some mountains do distract Paul.,syntax,filler_gap_dependency,wh_questions_subject_gap,True,False,False,False,326,-80.906005859375,-87.4925537109375,1
Karen should see all women that had distracted all waitresses.,Karen should see who all women had distracted all waitresses.,syntax,filler_gap_dependency,wh_questions_subject_gap,True,False,False,False,327,-91.87320709228516,-93.96037292480469,1
Those universities remember every closet that isn't aggravating Joseph.,Those universities remember who every closet isn't aggravating Joseph.,syntax,filler_gap_dependency,wh_questions_subject_gap,True,False,False,False,328,-85.75077819824219,-87.90519714355469,1
Theresa notices all lice that hadn't upset Nina.,Theresa notices who all lice hadn't upset Nina.,syntax,filler_gap_dependency,wh_questions_subject_gap,True,False,False,False,329,-83.54682159423828,-85.22312927246094,1
Melanie investigates all ladies that weren't hiring Thomas.,Melanie investigates who all ladies weren't hiring Thomas.,syntax,filler_gap_dependency,wh_questions_subject_gap,True,False,False,False,330,-71.20195007324219,-77.02607727050781,1
Scott didn't forget a lady that hasn't resembled this painting.,Scott didn't forget what a lady hasn't resembled this painting.,syntax,filler_gap_dependency,wh_questions_subject_gap,True,False,False,False,331,-76.16564178466797,-75.7896957397461,0
That actress will forget the drivers that weren't disturbing Holly.,That actress will forget who the drivers weren't disturbing Holly.,syntax,filler_gap_dependency,wh_questions_subject_gap,True,False,False,False,332,-80.9723892211914,-84.81807708740234,1
Diane isn't noticing the girls that aggravated Aaron.,Diane isn't noticing who the girls aggravated Aaron.,syntax,filler_gap_dependency,wh_questions_subject_gap,True,False,False,False,333,-72.55097961425781,-75.17385864257812,1
Cheryl investigated those universities that should bore every girl.,Cheryl investigated who those universities should bore every girl.,syntax,filler_gap_dependency,wh_questions_subject_gap,True,False,False,False,334,-89.12271118164062,-95.95257568359375,1
Sabrina didn't discover some coat that hurt David.,Sabrina didn't discover who some coat hurt David.,syntax,filler_gap_dependency,wh_questions_subject_gap,True,False,False,False,335,-68.18938446044922,-74.87421417236328,1
Nicole saw the projectors that aren't disgusting Samuel.,Nicole saw who the projectors aren't disgusting Samuel.,syntax,filler_gap_dependency,wh_questions_subject_gap,True,False,False,False,336,-84.16781616210938,-87.1148681640625,1
Stephen saw all photographs that hurt Michael.,Stephen saw who all photographs hurt Michael.,syntax,filler_gap_dependency,wh_questions_subject_gap,True,False,False,False,337,-61.94898223876953,-65.32846069335938,1
Heidi should question a guy that annoyed Jason.,Heidi should question who a guy annoyed Jason.,syntax,filler_gap_dependency,wh_questions_subject_gap,True,False,False,False,338,-69.66224670410156,-72.18502044677734,1
Tiffany didn't remember a story that is annoying Lawrence.,Tiffany didn't remember who a story is annoying Lawrence.,syntax,filler_gap_dependency,wh_questions_subject_gap,True,False,False,False,339,-76.1925048828125,-80.66339874267578,1
Edward would know those pedestrians that weren't scanning a report.,Edward would know what those pedestrians weren't scanning a report.,syntax,filler_gap_dependency,wh_questions_subject_gap,True,False,False,False,340,-78.15695190429688,-77.83102416992188,0
Rachelle should know every dancer that could hide these guests.,Rachelle should know who every dancer could hide these guests.,syntax,filler_gap_dependency,wh_questions_subject_gap,True,False,False,False,341,-90.54425048828125,-87.75265502929688,0
Sheila thought about the nose that might worry Tracy.,Sheila thought about who the nose might worry Tracy.,syntax,filler_gap_dependency,wh_questions_subject_gap,True,False,False,False,342,-69.17477416992188,-74.28189849853516,1
Kirsten researches that hypothesis that hasn't scared Susan.,Kirsten researches who that hypothesis hasn't scared Susan.,syntax,filler_gap_dependency,wh_questions_subject_gap,True,False,False,False,343,-83.84213256835938,-89.53084564208984,1
Valerie hadn't investigated some children that climb up all steps.,Valerie hadn't investigated what some children climb up all steps.,syntax,filler_gap_dependency,wh_questions_subject_gap,True,False,False,False,344,-91.41620635986328,-94.60591888427734,1
Nina isn't noticing all college campuses that haven't bothered Tiffany.,Nina isn't noticing who all college campuses haven't bothered Tiffany.,syntax,filler_gap_dependency,wh_questions_subject_gap,True,False,False,False,345,-99.97305297851562,-103.96961212158203,1
The actresses question many legislatures that were annoying Lori.,The actresses question who many legislatures were annoying Lori.,syntax,filler_gap_dependency,wh_questions_subject_gap,True,False,False,False,346,-86.64274597167969,-87.54948425292969,1
Cheryl had researched this museum that referenced Scott.,Cheryl had researched who this museum referenced Scott.,syntax,filler_gap_dependency,wh_questions_subject_gap,True,False,False,False,347,-85.99405670166016,-95.427978515625,1
Andrew remembered some malls that confuse Michael.,Andrew remembered who some malls confuse Michael.,syntax,filler_gap_dependency,wh_questions_subject_gap,True,False,False,False,348,-72.85079193115234,-79.58043670654297,1
Those drivers discover a lot of media that haven't astounded Steve.,Those drivers discover who a lot of media haven't astounded Steve.,syntax,filler_gap_dependency,wh_questions_subject_gap,True,False,False,False,349,-84.3055419921875,-91.28673553466797,1
Cynthia had discovered women that would investigate Barbara.,Cynthia had discovered who women would investigate Barbara.,syntax,filler_gap_dependency,wh_questions_subject_gap,True,False,False,False,350,-75.38880157470703,-77.06338500976562,1
That dancer thinks about many apples that distract the companies.,That dancer thinks about what many apples distract the companies.,syntax,filler_gap_dependency,wh_questions_subject_gap,True,False,False,False,351,-77.55757141113281,-78.85453796386719,1
Alice has forgotten the theses that are discussing Lucille.,Alice has forgotten who the theses are discussing Lucille.,syntax,filler_gap_dependency,wh_questions_subject_gap,True,False,False,False,352,-87.71719360351562,-87.14390563964844,0
Alicia forgot the waitresses that admire this lake.,Alicia forgot what the waitresses admire this lake.,syntax,filler_gap_dependency,wh_questions_subject_gap,True,False,False,False,353,-85.95502471923828,-85.53309631347656,0
George should investigate that boy that ascends the steps.,George should investigate what that boy ascends the steps.,syntax,filler_gap_dependency,wh_questions_subject_gap,True,False,False,False,354,-75.66703796386719,-77.06884002685547,1
Every child notices that actress that didn't listen to Ella.,Every child notices who that actress didn't listen to Ella.,syntax,filler_gap_dependency,wh_questions_subject_gap,True,False,False,False,355,-68.80518341064453,-70.10176086425781,1
Jane thinks about most scarves that resembled that sketch.,Jane thinks about what most scarves resembled that sketch.,syntax,filler_gap_dependency,wh_questions_subject_gap,True,False,False,False,356,-80.38261413574219,-77.93122863769531,0
Wayne couldn't think about a lot of means that wouldn't alarm Todd.,Wayne couldn't think about who a lot of means wouldn't alarm Todd.,syntax,filler_gap_dependency,wh_questions_subject_gap,True,False,False,False,357,-83.11782836914062,-91.41395568847656,1
Colleen doesn't know every offspring that disagrees with some patients.,Colleen doesn't know who every offspring disagrees with some patients.,syntax,filler_gap_dependency,wh_questions_subject_gap,True,False,False,False,358,-80.50260925292969,-84.23981475830078,1
Some actors know people that leave Vincent.,Some actors know who people leave Vincent.,syntax,filler_gap_dependency,wh_questions_subject_gap,True,False,False,False,359,-56.931644439697266,-56.81940841674805,0
Many senators know the senator that looked like the drawing.,Many senators know what the senator looked like the drawing.,syntax,filler_gap_dependency,wh_questions_subject_gap,True,False,False,False,360,-68.28958129882812,-64.46287536621094,0
Sara noticed most icicles that stunned Eric.,Sara noticed who most icicles stunned Eric.,syntax,filler_gap_dependency,wh_questions_subject_gap,True,False,False,False,361,-73.59477233886719,-76.0428466796875,1
Alicia has seen a lot of drivers that investigated Pamela.,Alicia has seen who a lot of drivers investigated Pamela.,syntax,filler_gap_dependency,wh_questions_subject_gap,True,False,False,False,362,-76.04623413085938,-84.57426452636719,1
Wayne knew all guests that haven't disgusted many drivers.,Wayne knew who all guests haven't disgusted many drivers.,syntax,filler_gap_dependency,wh_questions_subject_gap,True,False,False,False,363,-83.5877914428711,-83.56491088867188,0
Pamela didn't notice governments that are boasting about Rose.,Pamela didn't notice who governments are boasting about Rose.,syntax,filler_gap_dependency,wh_questions_subject_gap,True,False,False,False,364,-90.95027923583984,-94.08519744873047,1
Valerie is questioning the men that aren't selling the mountains.,Valerie is questioning what the men aren't selling the mountains.,syntax,filler_gap_dependency,wh_questions_subject_gap,True,False,False,False,365,-77.3798828125,-79.44451904296875,1
Melinda questioned an offspring that isn't confusing Anna.,Melinda questioned who an offspring isn't confusing Anna.,syntax,filler_gap_dependency,wh_questions_subject_gap,True,False,False,False,366,-76.99164581298828,-80.8888931274414,1
Gerald investigated many hospitals that work with Colleen.,Gerald investigated who many hospitals work with Colleen.,syntax,filler_gap_dependency,wh_questions_subject_gap,True,False,False,False,367,-73.8271255493164,-79.2359619140625,1
Stacy thinks about those cafes that resemble every print.,Stacy thinks about what those cafes resemble every print.,syntax,filler_gap_dependency,wh_questions_subject_gap,True,False,False,False,368,-80.06737518310547,-78.81411743164062,0
Rose remembers some teacher that has argued about Veronica.,Rose remembers who some teacher has argued about Veronica.,syntax,filler_gap_dependency,wh_questions_subject_gap,True,False,False,False,369,-77.94285583496094,-78.53634643554688,1
April thinks about these hills that irritated an organization.,April thinks about what these hills irritated an organization.,syntax,filler_gap_dependency,wh_questions_subject_gap,True,False,False,False,370,-75.77894592285156,-77.81048583984375,1
Kendra knew these actors that do hug Sandra.,Kendra knew who these actors do hug Sandra.,syntax,filler_gap_dependency,wh_questions_subject_gap,True,False,False,False,371,-79.33131408691406,-78.42137145996094,0
Carmen thought about that analysis that should annoy Jane.,Carmen thought about who that analysis should annoy Jane.,syntax,filler_gap_dependency,wh_questions_subject_gap,True,False,False,False,372,-78.09551239013672,-80.93138122558594,1
Tiffany sees a cafe that hurts Lori.,Tiffany sees who a cafe hurts Lori.,syntax,filler_gap_dependency,wh_questions_subject_gap,True,False,False,False,373,-67.13336181640625,-78.57304382324219,1
Dana forgot these newspaper articles that look like every sketch.,Dana forgot what these newspaper articles look like every sketch.,syntax,filler_gap_dependency,wh_questions_subject_gap,True,False,False,False,374,-81.19160461425781,-83.80323028564453,1
This teacher remembered many theses that conceal many men.,This teacher remembered who many theses conceal many men.,syntax,filler_gap_dependency,wh_questions_subject_gap,True,False,False,False,375,-84.24897766113281,-84.35169219970703,1
The Borgias discover a lot of eyes that distract Sharon.,The Borgias discover who a lot of eyes distract Sharon.,syntax,filler_gap_dependency,wh_questions_subject_gap,True,False,False,False,376,-81.84895324707031,-90.47268676757812,1
Liam isn't discovering the company that has forgotten Roger.,Liam isn't discovering who the company has forgotten Roger.,syntax,filler_gap_dependency,wh_questions_subject_gap,True,False,False,False,377,-71.79657745361328,-75.48750305175781,1
Todd shouldn't know pedestrians that complained about that pedestrian.,Todd shouldn't know who pedestrians complained about that pedestrian.,syntax,filler_gap_dependency,wh_questions_subject_gap,True,False,False,False,378,-80.70574951171875,-78.2471923828125,0
The man researched those series that aren't bothering some dancer.,The man researched who those series aren't bothering some dancer.,syntax,filler_gap_dependency,wh_questions_subject_gap,True,False,False,False,379,-80.69813537597656,-85.46900177001953,1
Theresa hadn't noticed the couches that weren't irritating Tanya.,Theresa hadn't noticed who the couches weren't irritating Tanya.,syntax,filler_gap_dependency,wh_questions_subject_gap,True,False,False,False,380,-86.90545654296875,-88.8492202758789,1
Denise was questioning that patient that hadn't hugged Jerry.,Denise was questioning who that patient hadn't hugged Jerry.,syntax,filler_gap_dependency,wh_questions_subject_gap,True,False,False,False,381,-77.23435974121094,-79.45037841796875,1
Becca remembers a lot of boys that returned to Noah.,Becca remembers who a lot of boys returned to Noah.,syntax,filler_gap_dependency,wh_questions_subject_gap,True,False,False,False,382,-71.46350860595703,-75.0918960571289,1
Craig might notice every cashier that wasn't climbing down these slopes.,Craig might notice what every cashier wasn't climbing down these slopes.,syntax,filler_gap_dependency,wh_questions_subject_gap,True,False,False,False,383,-93.27091217041016,-97.52023315429688,1
Adam is noticing the cars that do distract this hospital.,Adam is noticing what the cars do distract this hospital.,syntax,filler_gap_dependency,wh_questions_subject_gap,True,False,False,False,384,-74.52627563476562,-73.57150268554688,0
All legislatures forget most children that lifted every turtle.,All legislatures forget what most children lifted every turtle.,syntax,filler_gap_dependency,wh_questions_subject_gap,True,False,False,False,385,-86.660400390625,-83.78572845458984,0
Bradley was researching the crises that astounded Monet.,Bradley was researching who the crises astounded Monet.,syntax,filler_gap_dependency,wh_questions_subject_gap,True,False,False,False,386,-84.01791381835938,-87.19192504882812,1
A lot of actors have forgotten the pedestrian that cleans this fork.,A lot of actors have forgotten what the pedestrian cleans this fork.,syntax,filler_gap_dependency,wh_questions_subject_gap,True,False,False,False,387,-79.50347900390625,-81.93557739257812,1
Some actresses question some legislature that criticized some cashiers.,Some actresses question who some legislature criticized some cashiers.,syntax,filler_gap_dependency,wh_questions_subject_gap,True,False,False,False,388,-92.2131118774414,-90.7596206665039,0
The Clintons notice every glass that should irritate the Lutherans.,The Clintons notice who every glass should irritate the Lutherans.,syntax,filler_gap_dependency,wh_questions_subject_gap,True,False,False,False,389,-87.40461730957031,-91.03215026855469,1
Beverly doesn't notice these vases that embarrass Matt.,Beverly doesn't notice who these vases embarrass Matt.,syntax,filler_gap_dependency,wh_questions_subject_gap,True,False,False,False,390,-82.15621948242188,-84.73855590820312,1
Russell has seen all lice that don't look like pictures.,Russell has seen what all lice don't look like pictures.,syntax,filler_gap_dependency,wh_questions_subject_gap,True,False,False,False,391,-71.51777648925781,-76.33537292480469,1
A lot of customers could notice that woman that is leaving Suzanne.,A lot of customers could notice who that woman is leaving Suzanne.,syntax,filler_gap_dependency,wh_questions_subject_gap,True,False,False,False,392,-75.89823150634766,-75.59434509277344,0
Barbara investigated every cashier that hadn't worn a lot of glasses.,Barbara investigated what every cashier hadn't worn a lot of glasses.,syntax,filler_gap_dependency,wh_questions_subject_gap,True,False,False,False,393,-86.82540893554688,-93.54109191894531,1
Grace hadn't noticed that pie that didn't resemble this print.,Grace hadn't noticed what that pie didn't resemble this print.,syntax,filler_gap_dependency,wh_questions_subject_gap,True,False,False,False,394,-80.78117370605469,-83.62078857421875,1
Carol had thought about these deer that embarrassed Dennis.,Carol had thought about who these deer embarrassed Dennis.,syntax,filler_gap_dependency,wh_questions_subject_gap,True,False,False,False,395,-77.58056640625,-82.96212005615234,1
These women see some mountains that hadn't looked like some picture.,These women see what some mountains hadn't looked like some picture.,syntax,filler_gap_dependency,wh_questions_subject_gap,True,False,False,False,396,-70.92076110839844,-73.37364196777344,1
Roger did think about fish that hurt Diana.,Roger did think about who fish hurt Diana.,syntax,filler_gap_dependency,wh_questions_subject_gap,True,False,False,False,397,-60.172401428222656,-64.23416137695312,1
Every customer questions many men that shouldn't worry Ruth.,Every customer questions who many men shouldn't worry Ruth.,syntax,filler_gap_dependency,wh_questions_subject_gap,True,False,False,False,398,-76.53583526611328,-75.70864868164062,0
These doctors know teachers that can't climb down the hills.,These doctors know what teachers can't climb down the hills.,syntax,filler_gap_dependency,wh_questions_subject_gap,True,False,False,False,399,-67.73300170898438,-62.3103141784668,0
Those legislatures forget some synopsis that hasn't irritated Katherine.,Those legislatures forget who some synopsis hasn't irritated Katherine.,syntax,filler_gap_dependency,wh_questions_subject_gap,True,False,False,False,400,-97.41555786132812,-99.67537689208984,1
Steve has noticed this student that could disgust Eric.,Steve has noticed who this student could disgust Eric.,syntax,filler_gap_dependency,wh_questions_subject_gap,True,False,False,False,401,-75.00563049316406,-75.75191497802734,1
Every guy thinks about every river that wouldn't confuse Craig.,Every guy thinks about who every river wouldn't confuse Craig.,syntax,filler_gap_dependency,wh_questions_subject_gap,True,False,False,False,402,-73.98938751220703,-77.43971252441406,1
Maria questions this senator that cleaned those college campuses.,Maria questions what this senator cleaned those college campuses.,syntax,filler_gap_dependency,wh_questions_subject_gap,True,False,False,False,403,-91.67088317871094,-90.19696044921875,0
Natalie remembers all banks that were appreciating Ellen.,Natalie remembers who all banks were appreciating Ellen.,syntax,filler_gap_dependency,wh_questions_subject_gap,True,False,False,False,404,-76.39306640625,-80.97509765625,1
Deanna hadn't remembered some alumnus that skated around closets.,Deanna hadn't remembered what some alumnus skated around closets.,syntax,filler_gap_dependency,wh_questions_subject_gap,True,False,False,False,405,-109.70452117919922,-108.0580825805664,0
Alan thinks about these hills that stunned Kathleen.,Alan thinks about who these hills stunned Kathleen.,syntax,filler_gap_dependency,wh_questions_subject_gap,True,False,False,False,406,-72.91045379638672,-77.95838928222656,1
Phillip has investigated most actors that shouldn't pass some grocery stores.,Phillip has investigated what most actors shouldn't pass some grocery stores.,syntax,filler_gap_dependency,wh_questions_subject_gap,True,False,False,False,407,-92.59840393066406,-98.93773651123047,1
Wayne thinks about those glaciers that would shock every guest.,Wayne thinks about who those glaciers would shock every guest.,syntax,filler_gap_dependency,wh_questions_subject_gap,True,False,False,False,408,-82.27202606201172,-83.87679290771484,1
The waitress forgot some boys that irritates every girl.,The waitress forgot who some boys irritates every girl.,syntax,filler_gap_dependency,wh_questions_subject_gap,True,False,False,False,409,-67.3389892578125,-71.98941040039062,1
Edward saw that tomato that might resemble those paintings.,Edward saw what that tomato might resemble those paintings.,syntax,filler_gap_dependency,wh_questions_subject_gap,True,False,False,False,410,-70.31381225585938,-70.93254852294922,1
The guy does think about some rivers that have astounded Amanda.,The guy does think about who some rivers have astounded Amanda.,syntax,filler_gap_dependency,wh_questions_subject_gap,True,False,False,False,411,-77.96073913574219,-84.02281951904297,1
Lissa questions every government that irritated Brian.,Lissa questions who every government irritated Brian.,syntax,filler_gap_dependency,wh_questions_subject_gap,True,False,False,False,412,-75.0303726196289,-75.67105102539062,1
Some hospital knows dancers that aren't scanning those stories.,Some hospital knows what dancers aren't scanning those stories.,syntax,filler_gap_dependency,wh_questions_subject_gap,True,False,False,False,413,-78.84675598144531,-76.17364501953125,0
A lot of customers remember this waiter that has gone to this art gallery.,A lot of customers remember what this waiter has gone to this art gallery.,syntax,filler_gap_dependency,wh_questions_subject_gap,True,False,False,False,414,-82.59793090820312,-81.63119506835938,0
Claire can't discover a lot of brochures that did aggravate Dana.,Claire can't discover who a lot of brochures did aggravate Dana.,syntax,filler_gap_dependency,wh_questions_subject_gap,True,False,False,False,415,-92.32560729980469,-99.9669189453125,1
Bradley can see the eggplants that do resemble that picture.,Bradley can see what the eggplants do resemble that picture.,syntax,filler_gap_dependency,wh_questions_subject_gap,True,False,False,False,416,-87.45669555664062,-89.5383071899414,1
Karen discovered stories that are disagreeing with Melanie.,Karen discovered who stories are disagreeing with Melanie.,syntax,filler_gap_dependency,wh_questions_subject_gap,True,False,False,False,417,-70.16307067871094,-74.63145446777344,1
The Impressionists noticed those scarves that hurt Heather.,The Impressionists noticed who those scarves hurt Heather.,syntax,filler_gap_dependency,wh_questions_subject_gap,True,False,False,False,418,-84.38188171386719,-91.57625579833984,1
Dan can't remember these restaurants that hurt James.,Dan can't remember who these restaurants hurt James.,syntax,filler_gap_dependency,wh_questions_subject_gap,True,False,False,False,419,-64.18843078613281,-67.46017456054688,1
Christina is discovering some blouse that wouldn't resemble every picture.,Christina is discovering what some blouse wouldn't resemble every picture.,syntax,filler_gap_dependency,wh_questions_subject_gap,True,False,False,False,420,-88.41714477539062,-93.23596954345703,1
Kevin should question an alumnus that isn't breaking the cup.,Kevin should question what an alumnus isn't breaking the cup.,syntax,filler_gap_dependency,wh_questions_subject_gap,True,False,False,False,421,-89.0594711303711,-87.35089111328125,0
Clyde investigated some actor that could exit a lot of high schools.,Clyde investigated what some actor could exit a lot of high schools.,syntax,filler_gap_dependency,wh_questions_subject_gap,True,False,False,False,422,-92.3758316040039,-101.10294342041016,1
The adult thought about some customer that can hurt Marie.,The adult thought about who some customer can hurt Marie.,syntax,filler_gap_dependency,wh_questions_subject_gap,True,False,False,False,423,-72.2828598022461,-74.89476776123047,1
Those men questioned the actress that won't disturb Curtis.,Those men questioned who the actress won't disturb Curtis.,syntax,filler_gap_dependency,wh_questions_subject_gap,True,False,False,False,424,-74.57211303710938,-78.4895248413086,1
Todd discovered that glass that irritates Spain.,Todd discovered what that glass irritates Spain.,syntax,filler_gap_dependency,wh_questions_subject_gap,True,False,False,False,425,-67.95716857910156,-76.7851333618164,1
Mary remembered these synopses that aggravated Joel.,Mary remembered who these synopses aggravated Joel.,syntax,filler_gap_dependency,wh_questions_subject_gap,True,False,False,False,426,-92.15333557128906,-91.18974304199219,0
Rebecca thinks about some child that notices Lawrence.,Rebecca thinks about who some child notices Lawrence.,syntax,filler_gap_dependency,wh_questions_subject_gap,True,False,False,False,427,-66.6857681274414,-68.11812591552734,1
Denise might research a lot of newspaper articles that hurt this senator.,Denise might research who a lot of newspaper articles hurt this senator.,syntax,filler_gap_dependency,wh_questions_subject_gap,True,False,False,False,428,-96.01728057861328,-104.3758316040039,1
Tina hadn't known some child that concealed Sara.,Tina hadn't known who some child concealed Sara.,syntax,filler_gap_dependency,wh_questions_subject_gap,True,False,False,False,429,-74.10269165039062,-74.51622009277344,1
Carol remembered some senator that was aggravating Ruth.,Carol remembered who some senator was aggravating Ruth.,syntax,filler_gap_dependency,wh_questions_subject_gap,True,False,False,False,430,-79.81744384765625,-80.57252502441406,1
Brenda remembered all documentaries that upset Tracy.,Brenda remembered who all documentaries upset Tracy.,syntax,filler_gap_dependency,wh_questions_subject_gap,True,False,False,False,431,-69.84235382080078,-75.82189178466797,1
Karla hadn't known some dancer that visited a lot of actors.,Karla hadn't known who some dancer visited a lot of actors.,syntax,filler_gap_dependency,wh_questions_subject_gap,True,False,False,False,432,-86.5215835571289,-88.56964111328125,1
Christopher isn't thinking about a basis that annoyed Susan.,Christopher isn't thinking about who a basis annoyed Susan.,syntax,filler_gap_dependency,wh_questions_subject_gap,True,False,False,False,433,-70.46464538574219,-75.34210205078125,1
Sandra had remembered an offspring that returned to Carlos.,Sandra had remembered who an offspring returned to Carlos.,syntax,filler_gap_dependency,wh_questions_subject_gap,True,False,False,False,434,-71.79551696777344,-77.31791687011719,1
Most waiters hadn't investigated this senator that couldn't complain about Heather.,Most waiters hadn't investigated who this senator couldn't complain about Heather.,syntax,filler_gap_dependency,wh_questions_subject_gap,True,False,False,False,435,-99.39498901367188,-101.88774108886719,1
The senators think about that fork that hadn't distracted Carlos.,The senators think about who that fork hadn't distracted Carlos.,syntax,filler_gap_dependency,wh_questions_subject_gap,True,False,False,False,436,-84.54821014404297,-86.3444595336914,1
Keith remembers some report that did annoy an association.,Keith remembers what some report did annoy an association.,syntax,filler_gap_dependency,wh_questions_subject_gap,True,False,False,False,437,-75.33894348144531,-78.77241516113281,1
Janet could investigate a lot of adults that aren't insulting the library.,Janet could investigate what a lot of adults aren't insulting the library.,syntax,filler_gap_dependency,wh_questions_subject_gap,True,False,False,False,438,-87.07734680175781,-91.1123046875,1
Leslie investigates that library that didn't confuse many people.,Leslie investigates who that library didn't confuse many people.,syntax,filler_gap_dependency,wh_questions_subject_gap,True,False,False,False,439,-77.32579040527344,-80.35076141357422,1
Bradley should question every cashier that cleaned every shirt.,Bradley should question what every cashier cleaned every shirt.,syntax,filler_gap_dependency,wh_questions_subject_gap,True,False,False,False,440,-84.22450256347656,-86.68206024169922,1
Alan hasn't investigated a guest that wasn't revealing many skateboards.,Alan hasn't investigated what a guest wasn't revealing many skateboards.,syntax,filler_gap_dependency,wh_questions_subject_gap,True,False,False,False,441,-90.39111328125,-96.1365966796875,1
Some guests saw the closets that weren't confusing Steven.,Some guests saw who the closets weren't confusing Steven.,syntax,filler_gap_dependency,wh_questions_subject_gap,True,False,False,False,442,-75.20179748535156,-80.57097625732422,1
Dana hasn't seen this eye that shocked Lawrence.,Dana hasn't seen who this eye shocked Lawrence.,syntax,filler_gap_dependency,wh_questions_subject_gap,True,False,False,False,443,-63.14142608642578,-71.55754089355469,1
Catherine does notice all mice that weren't impressing Rose.,Catherine does notice who all mice weren't impressing Rose.,syntax,filler_gap_dependency,wh_questions_subject_gap,True,False,False,False,444,-91.10347747802734,-96.86664581298828,1
The Clintons don't investigate the legislatures that hadn't appreciated Theresa.,The Clintons don't investigate who the legislatures hadn't appreciated Theresa.,syntax,filler_gap_dependency,wh_questions_subject_gap,True,False,False,False,445,-84.49880981445312,-93.10305786132812,1
Claire thinks about that blouse that should alarm the student.,Claire thinks about who that blouse should alarm the student.,syntax,filler_gap_dependency,wh_questions_subject_gap,True,False,False,False,446,-79.90172576904297,-79.63856506347656,0
Tara wouldn't forget an actor that hadn't aggravated Ann.,Tara wouldn't forget who an actor hadn't aggravated Ann.,syntax,filler_gap_dependency,wh_questions_subject_gap,True,False,False,False,447,-80.2790756225586,-80.67637634277344,1
Gina had remembered hospitals that did help Janice.,Gina had remembered who hospitals did help Janice.,syntax,filler_gap_dependency,wh_questions_subject_gap,True,False,False,False,448,-75.39559936523438,-78.12973022460938,1
Barbara had seen a lot of sweaters that do embarrass some pedestrian.,Barbara had seen who a lot of sweaters do embarrass some pedestrian.,syntax,filler_gap_dependency,wh_questions_subject_gap,True,False,False,False,449,-90.13477325439453,-96.7685775756836,1
Bradley questioned many guests that have shocked Jill.,Bradley questioned who many guests have shocked Jill.,syntax,filler_gap_dependency,wh_questions_subject_gap,True,False,False,False,450,-72.75453186035156,-74.60377502441406,1
Many patients will think about some pedestrian that has taken some paintings.,Many patients will think about what some pedestrian has taken some paintings.,syntax,filler_gap_dependency,wh_questions_subject_gap,True,False,False,False,451,-80.17221069335938,-83.15911102294922,1
George thinks about many books that could confuse Anne.,George thinks about who many books could confuse Anne.,syntax,filler_gap_dependency,wh_questions_subject_gap,True,False,False,False,452,-65.07637023925781,-70.47454833984375,1
Every company did know every teacher that went to many libraries.,Every company did know what every teacher went to many libraries.,syntax,filler_gap_dependency,wh_questions_subject_gap,True,False,False,False,453,-75.53839874267578,-73.73085021972656,0
Galileo shouldn't see a mouth that hurts Allison.,Galileo shouldn't see who a mouth hurts Allison.,syntax,filler_gap_dependency,wh_questions_subject_gap,True,False,False,False,454,-73.67988586425781,-80.7031021118164,1
Emily remembers many dancers that have aggravated Kayla.,Emily remembers who many dancers have aggravated Kayla.,syntax,filler_gap_dependency,wh_questions_subject_gap,True,False,False,False,455,-81.32307434082031,-83.32888793945312,1
Andrea hasn't questioned this customer that does love Craig.,Andrea hasn't questioned who this customer does love Craig.,syntax,filler_gap_dependency,wh_questions_subject_gap,True,False,False,False,456,-78.15425109863281,-73.87413024902344,0
Donald does remember this closet that isn't embarrassing Carla.,Donald does remember who this closet isn't embarrassing Carla.,syntax,filler_gap_dependency,wh_questions_subject_gap,True,False,False,False,457,-78.65419006347656,-81.27301788330078,1
The person hasn't investigated some committee that had talked to Tonya.,The person hasn't investigated who some committee had talked to Tonya.,syntax,filler_gap_dependency,wh_questions_subject_gap,True,False,False,False,458,-79.38084411621094,-84.5220947265625,1
Those boys know this man that sounded like Valerie.,Those boys know who this man sounded like Valerie.,syntax,filler_gap_dependency,wh_questions_subject_gap,True,False,False,False,459,-55.20907974243164,-56.28279113769531,1
Kenneth investigates a legislature that was annoying Dana.,Kenneth investigates who a legislature was annoying Dana.,syntax,filler_gap_dependency,wh_questions_subject_gap,True,False,False,False,460,-82.89939880371094,-91.61811065673828,1
Thomas forgets the waitress that buys the sketch.,Thomas forgets what the waitress buys the sketch.,syntax,filler_gap_dependency,wh_questions_subject_gap,True,False,False,False,461,-64.11510467529297,-65.33756256103516,1
Sherry can't notice some pedestrians that are appreciating Florence.,Sherry can't notice who some pedestrians are appreciating Florence.,syntax,filler_gap_dependency,wh_questions_subject_gap,True,False,False,False,462,-86.38633728027344,-87.63182830810547,1
Marcus discovers those boxes that will bore Larry.,Marcus discovers who those boxes will bore Larry.,syntax,filler_gap_dependency,wh_questions_subject_gap,True,False,False,False,463,-72.11891174316406,-76.33680725097656,1
All ladies investigate a lot of students that don't scan a lot of essays.,All ladies investigate what a lot of students don't scan a lot of essays.,syntax,filler_gap_dependency,wh_questions_subject_gap,True,False,False,False,464,-79.71566009521484,-83.42304992675781,1
Those women hadn't questioned these cashiers that leave the dancers.,Those women hadn't questioned who these cashiers leave the dancers.,syntax,filler_gap_dependency,wh_questions_subject_gap,True,False,False,False,465,-83.83201599121094,-84.43172454833984,1
This person isn't researching this grocery store that alarms Karen.,This person isn't researching who this grocery store alarms Karen.,syntax,filler_gap_dependency,wh_questions_subject_gap,True,False,False,False,466,-79.50518798828125,-79.9101791381836,1
Ann remembered every commentary that shocked Ella.,Ann remembered who every commentary shocked Ella.,syntax,filler_gap_dependency,wh_questions_subject_gap,True,False,False,False,467,-68.07920837402344,-72.15264892578125,1
Every waiter discovers these analyses that can irritate Adam.,Every waiter discovers who these analyses can irritate Adam.,syntax,filler_gap_dependency,wh_questions_subject_gap,True,False,False,False,468,-85.59959411621094,-86.87906646728516,1
Jill researches those bases that had aggravated Chad.,Jill researches who those bases had aggravated Chad.,syntax,filler_gap_dependency,wh_questions_subject_gap,True,False,False,False,469,-84.46133422851562,-89.12403106689453,1
All teenagers couldn't question these boys that bored Joseph.,All teenagers couldn't question who these boys bored Joseph.,syntax,filler_gap_dependency,wh_questions_subject_gap,True,False,False,False,470,-81.0694580078125,-81.29640197753906,1
Some person didn't investigate every lady that wasn't listening to some pedestrians.,Some person didn't investigate who every lady wasn't listening to some pedestrians.,syntax,filler_gap_dependency,wh_questions_subject_gap,True,False,False,False,471,-85.25428771972656,-89.88986206054688,1
Timothy discovers that library that remembers Amy.,Timothy discovers who that library remembers Amy.,syntax,filler_gap_dependency,wh_questions_subject_gap,True,False,False,False,472,-64.75616455078125,-71.60491180419922,1
Marcus remembered the student that had messed up every rug.,Marcus remembered what the student had messed up every rug.,syntax,filler_gap_dependency,wh_questions_subject_gap,True,False,False,False,473,-76.8621826171875,-75.45321655273438,0
These pedestrians think about a lot of horses that haven't looked like these pictures.,These pedestrians think about what a lot of horses haven't looked like these pictures.,syntax,filler_gap_dependency,wh_questions_subject_gap,True,False,False,False,474,-75.45382690429688,-75.91038513183594,1
Eva might notice those boxes that are disgusting Randolf.,Eva might notice who those boxes are disgusting Randolf.,syntax,filler_gap_dependency,wh_questions_subject_gap,True,False,False,False,475,-85.951416015625,-91.78944396972656,1
Some student wasn't thinking about most candles that disturb April.,Some student wasn't thinking about who most candles disturb April.,syntax,filler_gap_dependency,wh_questions_subject_gap,True,False,False,False,476,-84.50923919677734,-85.66653442382812,1
Todd discovers those phenomena that haven't alarmed Marie.,Todd discovers who those phenomena haven't alarmed Marie.,syntax,filler_gap_dependency,wh_questions_subject_gap,True,False,False,False,477,-85.26403045654297,-86.64189910888672,1
Curtis had seen these snakes that couldn't impress Monet.,Curtis had seen who these snakes couldn't impress Monet.,syntax,filler_gap_dependency,wh_questions_subject_gap,True,False,False,False,478,-86.89179229736328,-89.24325561523438,1
Most associations know that teacher that isn't watching Brenda.,Most associations know who that teacher isn't watching Brenda.,syntax,filler_gap_dependency,wh_questions_subject_gap,True,False,False,False,479,-70.6795883178711,-70.16111755371094,0
Girls question this waitress that hasn't discussed Carlos.,Girls question who this waitress hasn't discussed Carlos.,syntax,filler_gap_dependency,wh_questions_subject_gap,True,False,False,False,480,-71.68417358398438,-72.470947265625,1
Cynthia forgot this offspring that cleans every cup.,Cynthia forgot what this offspring cleans every cup.,syntax,filler_gap_dependency,wh_questions_subject_gap,True,False,False,False,481,-85.44718933105469,-85.25296783447266,0
Every cashier forgot a lot of men that hadn't argued about many documentaries.,Every cashier forgot what a lot of men hadn't argued about many documentaries.,syntax,filler_gap_dependency,wh_questions_subject_gap,True,False,False,False,482,-88.22152709960938,-89.4759292602539,1
Adam could research most high schools that would bother Stacey.,Adam could research who most high schools would bother Stacey.,syntax,filler_gap_dependency,wh_questions_subject_gap,True,False,False,False,483,-87.31753540039062,-90.56481170654297,1
Waiters discover some stories that won't disgust Christina.,Waiters discover who some stories won't disgust Christina.,syntax,filler_gap_dependency,wh_questions_subject_gap,True,False,False,False,484,-87.17518615722656,-93.78983306884766,1
Carolyn will investigate a dancer that did descend that mountain.,Carolyn will investigate what a dancer did descend that mountain.,syntax,filler_gap_dependency,wh_questions_subject_gap,True,False,False,False,485,-84.28356170654297,-83.63662719726562,0
Some doctors weren't thinking about the thesis that hadn't concealed Deanna.,Some doctors weren't thinking about who the thesis hadn't concealed Deanna.,syntax,filler_gap_dependency,wh_questions_subject_gap,True,False,False,False,486,-87.84323120117188,-94.213134765625,1
Jane has forgotten teachers that haven't distracted Amanda.,Jane has forgotten who teachers haven't distracted Amanda.,syntax,filler_gap_dependency,wh_questions_subject_gap,True,False,False,False,487,-73.50675964355469,-68.36585998535156,0
Alicia had discovered pasta that isn't aggravating Melinda.,Alicia had discovered who pasta isn't aggravating Melinda.,syntax,filler_gap_dependency,wh_questions_subject_gap,True,False,False,False,488,-91.61522674560547,-94.23283386230469,1
Karla didn't remember this pedestrian that is taking some book.,Karla didn't remember what this pedestrian is taking some book.,syntax,filler_gap_dependency,wh_questions_subject_gap,True,False,False,False,489,-80.60857391357422,-79.77938842773438,0
Sarah investigates many actresses that aren't noticing Diana.,Sarah investigates who many actresses aren't noticing Diana.,syntax,filler_gap_dependency,wh_questions_subject_gap,True,False,False,False,490,-78.76339721679688,-84.69479370117188,1
Natalie thought about bread that would confuse Ronald.,Natalie thought about who bread would confuse Ronald.,syntax,filler_gap_dependency,wh_questions_subject_gap,True,False,False,False,491,-67.76276397705078,-72.40543365478516,1
Every committee remembered every senator that does praise Denise.,Every committee remembered who every senator does praise Denise.,syntax,filler_gap_dependency,wh_questions_subject_gap,True,False,False,False,492,-85.48529815673828,-83.55838012695312,0
Alexander wasn't noticing every vase that upsets customers.,Alexander wasn't noticing who every vase upsets customers.,syntax,filler_gap_dependency,wh_questions_subject_gap,True,False,False,False,493,-82.481201171875,-88.76288604736328,1
Brad did investigate some person that wears the blouses.,Brad did investigate what some person wears the blouses.,syntax,filler_gap_dependency,wh_questions_subject_gap,True,False,False,False,494,-76.10127258300781,-81.44024658203125,1
Kimberley shouldn't question every boy that talked about Dawn.,Kimberley shouldn't question who every boy talked about Dawn.,syntax,filler_gap_dependency,wh_questions_subject_gap,True,False,False,False,495,-81.26832580566406,-82.08313751220703,1
Douglas hadn't seen the turtle that distracted Winston Churchill.,Douglas hadn't seen who the turtle distracted Winston Churchill.,syntax,filler_gap_dependency,wh_questions_subject_gap,True,False,False,False,496,-71.24710083007812,-76.93841552734375,1
A lot of drivers think about media that had disgusted Connie.,A lot of drivers think about who media had disgusted Connie.,syntax,filler_gap_dependency,wh_questions_subject_gap,True,False,False,False,497,-82.06364440917969,-85.80209350585938,1
Jessica should question the cashier that isn't escaping from all guys.,Jessica should question who the cashier isn't escaping from all guys.,syntax,filler_gap_dependency,wh_questions_subject_gap,True,False,False,False,498,-82.81051635742188,-86.65382385253906,1
All libraries remember a woman that hadn't disliked Ronald.,All libraries remember who a woman hadn't disliked Ronald.,syntax,filler_gap_dependency,wh_questions_subject_gap,True,False,False,False,499,-75.77681732177734,-78.78233337402344,1
Those actresses question guests that have discussed all hospitals.,Those actresses question what guests have discussed all hospitals.,syntax,filler_gap_dependency,wh_questions_subject_gap,True,False,False,False,500,-75.15687561035156,-73.0602035522461,0
Most drivers researched a lot of drawings that disturbed Stacey.,Most drivers researched who a lot of drawings disturbed Stacey.,syntax,filler_gap_dependency,wh_questions_subject_gap,True,False,False,False,501,-80.98960876464844,-91.93171691894531,1
Sally notices those art galleries that will bore Donald.,Sally notices who those art galleries will bore Donald.,syntax,filler_gap_dependency,wh_questions_subject_gap,True,False,False,False,502,-83.66385650634766,-86.16329956054688,1
Randolf is discovering every couch that confused Suzanne.,Randolf is discovering who every couch confused Suzanne.,syntax,filler_gap_dependency,wh_questions_subject_gap,True,False,False,False,503,-87.2520980834961,-92.03583526611328,1
Linda can't investigate this offspring that descends the slope.,Linda can't investigate what this offspring descends the slope.,syntax,filler_gap_dependency,wh_questions_subject_gap,True,False,False,False,504,-82.7900390625,-84.37566375732422,1
Heather wouldn't know some actress that hadn't hurt Larry.,Heather wouldn't know who some actress hadn't hurt Larry.,syntax,filler_gap_dependency,wh_questions_subject_gap,True,False,False,False,505,-76.04180145263672,-77.42880249023438,1
Ellen saw those deer that stunned this waitress.,Ellen saw who those deer stunned this waitress.,syntax,filler_gap_dependency,wh_questions_subject_gap,True,False,False,False,506,-73.6148452758789,-78.53663635253906,1
The ladies question some teachers that are aggravating Todd.,The ladies question who some teachers are aggravating Todd.,syntax,filler_gap_dependency,wh_questions_subject_gap,True,False,False,False,507,-78.14592742919922,-78.95836639404297,1
Leslie notices the chairs that wouldn't resemble the pictures.,Leslie notices what the chairs wouldn't resemble the pictures.,syntax,filler_gap_dependency,wh_questions_subject_gap,True,False,False,False,508,-69.71128845214844,-72.67279052734375,1
Gina hasn't noticed an icicle that isn't shocking Mary.,Gina hasn't noticed who an icicle isn't shocking Mary.,syntax,filler_gap_dependency,wh_questions_subject_gap,True,False,False,False,509,-80.90945434570312,-86.35431671142578,1
Many students noticed many bikes that shouldn't annoy Laura.,Many students noticed who many bikes shouldn't annoy Laura.,syntax,filler_gap_dependency,wh_questions_subject_gap,True,False,False,False,510,-76.96971893310547,-80.11541748046875,1
Those drivers hadn't thought about all mountains that have aggravated Andrew.,Those drivers hadn't thought about who all mountains have aggravated Andrew.,syntax,filler_gap_dependency,wh_questions_subject_gap,True,False,False,False,511,-89.82258605957031,-94.76292419433594,1
Amelia can question some doctors that impress these adults.,Amelia can question who some doctors impress these adults.,syntax,filler_gap_dependency,wh_questions_subject_gap,True,False,False,False,512,-78.9288330078125,-78.88350677490234,0
Ladies question these adults that can't embarrass Samuel.,Ladies question who these adults can't embarrass Samuel.,syntax,filler_gap_dependency,wh_questions_subject_gap,True,False,False,False,513,-73.8724594116211,-75.45274353027344,1
The Impressionists don't see the pie that wasn't annoying some girls.,The Impressionists don't see who the pie wasn't annoying some girls.,syntax,filler_gap_dependency,wh_questions_subject_gap,True,False,False,False,514,-84.46583557128906,-88.06886291503906,1
Some children remembered most malls that should astound Angela.,Some children remembered who most malls should astound Angela.,syntax,filler_gap_dependency,wh_questions_subject_gap,True,False,False,False,515,-91.16907501220703,-90.11675262451172,0
Some customer thinks about a synthesis that can disturb Melanie.,Some customer thinks about who a synthesis can disturb Melanie.,syntax,filler_gap_dependency,wh_questions_subject_gap,True,False,False,False,516,-75.45884704589844,-80.20664978027344,1
Karla remembers some mountains that shouldn't scare many children.,Karla remembers who some mountains shouldn't scare many children.,syntax,filler_gap_dependency,wh_questions_subject_gap,True,False,False,False,517,-83.29266357421875,-88.8692626953125,1
Dana can't investigate most drivers that are annoying Nina.,Dana can't investigate who most drivers are annoying Nina.,syntax,filler_gap_dependency,wh_questions_subject_gap,True,False,False,False,518,-80.91606140136719,-83.85975646972656,1
Elizabeth hadn't researched every pamphlet that disturbs Kirsten.,Elizabeth hadn't researched who every pamphlet disturbs Kirsten.,syntax,filler_gap_dependency,wh_questions_subject_gap,True,False,False,False,519,-90.56504821777344,-100.33352661132812,1
Vanessa shouldn't discover most couches that didn't disturb Randolf.,Vanessa shouldn't discover who most couches didn't disturb Randolf.,syntax,filler_gap_dependency,wh_questions_subject_gap,True,False,False,False,520,-105.7286376953125,-106.42826843261719,1
Carmen hasn't discovered the species that alarmed Gary.,Carmen hasn't discovered who the species alarmed Gary.,syntax,filler_gap_dependency,wh_questions_subject_gap,True,False,False,False,521,-73.67874145507812,-78.25202941894531,1
A waitress couldn't investigate the students that don't describe Bradley.,A waitress couldn't investigate who the students don't describe Bradley.,syntax,filler_gap_dependency,wh_questions_subject_gap,True,False,False,False,522,-77.93612670898438,-80.7631607055664,1
Jill had seen the louse that did astound Anna.,Jill had seen who the louse did astound Anna.,syntax,filler_gap_dependency,wh_questions_subject_gap,True,False,False,False,523,-82.5462646484375,-84.82683563232422,1
Wendy has investigated most cashiers that weren't confusing Dawn.,Wendy has investigated who most cashiers weren't confusing Dawn.,syntax,filler_gap_dependency,wh_questions_subject_gap,True,False,False,False,524,-89.49038696289062,-99.258544921875,1
Ann wasn't thinking about the mall that scared Wendy.,Ann wasn't thinking about who the mall scared Wendy.,syntax,filler_gap_dependency,wh_questions_subject_gap,True,False,False,False,525,-65.4847412109375,-71.07157897949219,1
Allison researches a bank that insulted every teacher.,Allison researches who a bank insulted every teacher.,syntax,filler_gap_dependency,wh_questions_subject_gap,True,False,False,False,526,-76.37158966064453,-81.57597351074219,1
All girls think about every screen that isn't upsetting Wendy.,All girls think about who every screen isn't upsetting Wendy.,syntax,filler_gap_dependency,wh_questions_subject_gap,True,False,False,False,527,-73.96780395507812,-77.35545349121094,1
Joseph forgets this thesis that hasn't shocked Stephanie.,Joseph forgets who this thesis hasn't shocked Stephanie.,syntax,filler_gap_dependency,wh_questions_subject_gap,True,False,False,False,528,-76.71446228027344,-77.85195922851562,1
Douglas thinks about every carriage that won't impress Aaron.,Douglas thinks about who every carriage won't impress Aaron.,syntax,filler_gap_dependency,wh_questions_subject_gap,True,False,False,False,529,-77.99462127685547,-84.04710388183594,1
These libraries remembered every alumnus that knew Joseph.,These libraries remembered who every alumnus knew Joseph.,syntax,filler_gap_dependency,wh_questions_subject_gap,True,False,False,False,530,-87.6076889038086,-85.47225952148438,0
The cashiers forget all reports that haven't scared Ruth.,The cashiers forget who all reports haven't scared Ruth.,syntax,filler_gap_dependency,wh_questions_subject_gap,True,False,False,False,531,-84.3044662475586,-87.14579772949219,1
Linda is investigating that guest that describes Brett.,Linda is investigating who that guest describes Brett.,syntax,filler_gap_dependency,wh_questions_subject_gap,True,False,False,False,532,-72.25584411621094,-74.78718566894531,1
Many customers think about many plates that had hurt April.,Many customers think about who many plates had hurt April.,syntax,filler_gap_dependency,wh_questions_subject_gap,True,False,False,False,533,-71.33573913574219,-76.00101470947266,1
Gina isn't investigating some dancers that descend many slopes.,Gina isn't investigating what some dancers descend many slopes.,syntax,filler_gap_dependency,wh_questions_subject_gap,True,False,False,False,534,-89.46083068847656,-93.90689086914062,1
Jennifer remembers this girl that was visiting Bill.,Jennifer remembers who this girl was visiting Bill.,syntax,filler_gap_dependency,wh_questions_subject_gap,True,False,False,False,535,-62.48548126220703,-62.587745666503906,1
Candice hasn't forgotten the brochures that bother Carl.,Candice hasn't forgotten who the brochures bother Carl.,syntax,filler_gap_dependency,wh_questions_subject_gap,True,False,False,False,536,-69.37238311767578,-74.32275390625,1
This child is investigating a customer that might stun Guy.,This child is investigating who a customer might stun Guy.,syntax,filler_gap_dependency,wh_questions_subject_gap,True,False,False,False,537,-74.97518920898438,-82.02934265136719,1
That waiter wasn't questioning those waiters that hadn't talked to William.,That waiter wasn't questioning who those waiters hadn't talked to William.,syntax,filler_gap_dependency,wh_questions_subject_gap,True,False,False,False,538,-90.2894287109375,-91.61522674560547,1
Sherry knows this man that goes to these hills.,Sherry knows what this man goes to these hills.,syntax,filler_gap_dependency,wh_questions_subject_gap,True,False,False,False,539,-60.317298889160156,-57.03616714477539,0
Chad has investigated those committees that haven't sold a turtle.,Chad has investigated what those committees haven't sold a turtle.,syntax,filler_gap_dependency,wh_questions_subject_gap,True,False,False,False,540,-76.60607147216797,-82.5023193359375,1
Florence hadn't discovered many waitresses that wouldn't care for Rebecca.,Florence hadn't discovered who many waitresses wouldn't care for Rebecca.,syntax,filler_gap_dependency,wh_questions_subject_gap,True,False,False,False,541,-93.24359130859375,-97.06110382080078,1
Debra was researching a print that couldn't scare this child.,Debra was researching who a print couldn't scare this child.,syntax,filler_gap_dependency,wh_questions_subject_gap,True,False,False,False,542,-78.22463989257812,-86.31752014160156,1
Samantha thinks about that vase that had astounded Janice.,Samantha thinks about who that vase had astounded Janice.,syntax,filler_gap_dependency,wh_questions_subject_gap,True,False,False,False,543,-87.37696838378906,-87.45285034179688,1
Most legislatures remembered all hospitals that like Tara.,Most legislatures remembered who all hospitals like Tara.,syntax,filler_gap_dependency,wh_questions_subject_gap,True,False,False,False,544,-74.39250183105469,-74.5218276977539,1
Keith will research the hypothesis that is astounding some dancer.,Keith will research who the hypothesis is astounding some dancer.,syntax,filler_gap_dependency,wh_questions_subject_gap,True,False,False,False,545,-79.90963745117188,-86.28611755371094,1
The adults think about the window that was astounding Alexander.,The adults think about who the window was astounding Alexander.,syntax,filler_gap_dependency,wh_questions_subject_gap,True,False,False,False,546,-69.66349792480469,-75.70067596435547,1
The Lutherans notice every icicle that distracted Michelle.,The Lutherans notice who every icicle distracted Michelle.,syntax,filler_gap_dependency,wh_questions_subject_gap,True,False,False,False,547,-87.50318908691406,-88.87159729003906,1
Michelle isn't noticing the eggplants that distract Brenda.,Michelle isn't noticing who the eggplants distract Brenda.,syntax,filler_gap_dependency,wh_questions_subject_gap,True,False,False,False,548,-85.01573944091797,-91.91352081298828,1
Most libraries know this actress that isn't scaring a library.,Most libraries know what this actress isn't scaring a library.,syntax,filler_gap_dependency,wh_questions_subject_gap,True,False,False,False,549,-80.62562561035156,-79.82075500488281,0
Jacqueline did question many doctors that weren't criticizing Catherine.,Jacqueline did question who many doctors weren't criticizing Catherine.,syntax,filler_gap_dependency,wh_questions_subject_gap,True,False,False,False,550,-82.99248504638672,-83.85240936279297,1
Dawn hasn't seen these pedestrians that do forget these people.,Dawn hasn't seen who these pedestrians do forget these people.,syntax,filler_gap_dependency,wh_questions_subject_gap,True,False,False,False,551,-80.86589050292969,-83.46458435058594,1
That customer couldn't see girls that bores those students.,That customer couldn't see who girls bores those students.,syntax,filler_gap_dependency,wh_questions_subject_gap,True,False,False,False,552,-80.06358337402344,-79.29339599609375,0
Craig shouldn't remember the alumnus that should return to Denise.,Craig shouldn't remember who the alumnus should return to Denise.,syntax,filler_gap_dependency,wh_questions_subject_gap,True,False,False,False,553,-86.96875762939453,-87.03999328613281,1
Tanya investigates many committees that have disturbed all waiters.,Tanya investigates who many committees have disturbed all waiters.,syntax,filler_gap_dependency,wh_questions_subject_gap,True,False,False,False,554,-85.44792175292969,-95.28995513916016,1
Diana saw these hospitals that haven't upset some cashier.,Diana saw who these hospitals haven't upset some cashier.,syntax,filler_gap_dependency,wh_questions_subject_gap,True,False,False,False,555,-80.16193389892578,-83.92289733886719,1
This pedestrian discovered these coats that impress Naomi.,This pedestrian discovered who these coats impress Naomi.,syntax,filler_gap_dependency,wh_questions_subject_gap,True,False,False,False,556,-75.80332946777344,-81.58621978759766,1
Nancy has noticed this gate that hasn't embarrassed Erin.,Nancy has noticed who this gate hasn't embarrassed Erin.,syntax,filler_gap_dependency,wh_questions_subject_gap,True,False,False,False,557,-80.2129135131836,-82.83198547363281,1
Kathleen didn't research some means that do upset Sonia.,Kathleen didn't research who some means do upset Sonia.,syntax,filler_gap_dependency,wh_questions_subject_gap,True,False,False,False,558,-85.43702697753906,-93.08375549316406,1
Samantha has questioned a legislature that wasn't criticizing Clyde.,Samantha has questioned who a legislature wasn't criticizing Clyde.,syntax,filler_gap_dependency,wh_questions_subject_gap,True,False,False,False,559,-87.93710327148438,-89.0317153930664,1
A man can't know a lot of cashiers that sound like many waiters.,A man can't know who a lot of cashiers sound like many waiters.,syntax,filler_gap_dependency,wh_questions_subject_gap,True,False,False,False,560,-91.38426208496094,-92.96273040771484,1
The Borgias think about a scarf that bothered many pedestrians.,The Borgias think about who a scarf bothered many pedestrians.,syntax,filler_gap_dependency,wh_questions_subject_gap,True,False,False,False,561,-86.299072265625,-97.55724334716797,1
Pamela hasn't seen most shirts that have irritated Michelle.,Pamela hasn't seen who most shirts have irritated Michelle.,syntax,filler_gap_dependency,wh_questions_subject_gap,True,False,False,False,562,-86.27334594726562,-88.16641235351562,1
Wayne questioned those men that wouldn't watch Cindy.,Wayne questioned who those men wouldn't watch Cindy.,syntax,filler_gap_dependency,wh_questions_subject_gap,True,False,False,False,563,-69.17184448242188,-70.50409698486328,1
Patricia sees those malls that were aggravating these actors.,Patricia sees who those malls were aggravating these actors.,syntax,filler_gap_dependency,wh_questions_subject_gap,True,False,False,False,564,-82.75220489501953,-83.28073120117188,1
Tara has researched this ellipsis that might bore Tina.,Tara has researched who this ellipsis might bore Tina.,syntax,filler_gap_dependency,wh_questions_subject_gap,True,False,False,False,565,-92.99638366699219,-98.47059631347656,1
Some university wouldn't forget some teachers that appreciated this mountain.,Some university wouldn't forget what some teachers appreciated this mountain.,syntax,filler_gap_dependency,wh_questions_subject_gap,True,False,False,False,566,-83.65785217285156,-82.1959228515625,0
Connie thinks about those lakes that disturb Allison.,Connie thinks about who those lakes disturb Allison.,syntax,filler_gap_dependency,wh_questions_subject_gap,True,False,False,False,567,-74.82686614990234,-81.62861633300781,1
Tonya did question the organization that has hated William.,Tonya did question who the organization has hated William.,syntax,filler_gap_dependency,wh_questions_subject_gap,True,False,False,False,568,-73.75275421142578,-76.92533874511719,1
Kendra will discover carriages that aren't impressing Anne.,Kendra will discover who carriages aren't impressing Anne.,syntax,filler_gap_dependency,wh_questions_subject_gap,True,False,False,False,569,-94.70945739746094,-93.29646301269531,0
Christine should see most banks that resemble all drawings.,Christine should see what most banks resemble all drawings.,syntax,filler_gap_dependency,wh_questions_subject_gap,True,False,False,False,570,-78.79292297363281,-79.68354797363281,1
Some waiters forget a lot of analyses that weren't discussing Gerald.,Some waiters forget who a lot of analyses weren't discussing Gerald.,syntax,filler_gap_dependency,wh_questions_subject_gap,True,False,False,False,571,-96.77983856201172,-99.07167053222656,1
Kristen was thinking about birds that didn't astound Randolf.,Kristen was thinking about who birds didn't astound Randolf.,syntax,filler_gap_dependency,wh_questions_subject_gap,True,False,False,False,572,-95.90038299560547,-100.8287353515625,1
Sherry could know the girl that knew Homer.,Sherry could know who the girl knew Homer.,syntax,filler_gap_dependency,wh_questions_subject_gap,True,False,False,False,573,-64.74346923828125,-60.74834442138672,0
Linda questioned this alumnus that isn't revealing Connie.,Linda questioned who this alumnus isn't revealing Connie.,syntax,filler_gap_dependency,wh_questions_subject_gap,True,False,False,False,574,-90.63856506347656,-90.86576843261719,1
This girl didn't forget a lot of women that cared for Monica.,This girl didn't forget who a lot of women cared for Monica.,syntax,filler_gap_dependency,wh_questions_subject_gap,True,False,False,False,575,-65.34074401855469,-66.19924926757812,1
Steve can see this fish that has scared this customer.,Steve can see who this fish has scared this customer.,syntax,filler_gap_dependency,wh_questions_subject_gap,True,False,False,False,576,-69.49628448486328,-71.08326721191406,1
Donna wasn't questioning every person that had upset many legislatures.,Donna wasn't questioning what every person had upset many legislatures.,syntax,filler_gap_dependency,wh_questions_subject_gap,True,False,False,False,577,-86.4727783203125,-90.25248718261719,1
Kendra questioned guests that investigate Patricia.,Kendra questioned who guests investigate Patricia.,syntax,filler_gap_dependency,wh_questions_subject_gap,True,False,False,False,578,-73.30318450927734,-73.17167663574219,0
Cindy was discovering some essay that might scare Lucille.,Cindy was discovering who some essay might scare Lucille.,syntax,filler_gap_dependency,wh_questions_subject_gap,True,False,False,False,579,-81.93181610107422,-89.1724853515625,1
Timothy thought about a lot of drawings that irritated Christopher.,Timothy thought about who a lot of drawings irritated Christopher.,syntax,filler_gap_dependency,wh_questions_subject_gap,True,False,False,False,580,-70.61589050292969,-78.58462524414062,1
All dancers forgot a brochure that irritates Patricia.,All dancers forgot who a brochure irritates Patricia.,syntax,filler_gap_dependency,wh_questions_subject_gap,True,False,False,False,581,-84.15543365478516,-89.90364074707031,1
All children see the waiter that has concealed Kirsten.,All children see who the waiter has concealed Kirsten.,syntax,filler_gap_dependency,wh_questions_subject_gap,True,False,False,False,582,-71.14348602294922,-71.91327667236328,1
Jerry questioned guys that visited Diana.,Jerry questioned who guys visited Diana.,syntax,filler_gap_dependency,wh_questions_subject_gap,True,False,False,False,583,-61.545021057128906,-61.3678092956543,0
The men have remembered dancers that broke those bicycles.,The men have remembered what dancers broke those bicycles.,syntax,filler_gap_dependency,wh_questions_subject_gap,True,False,False,False,584,-70.60865020751953,-67.10101318359375,0
Jerry wouldn't research some hospital that wouldn't confuse Erin.,Jerry wouldn't research who some hospital wouldn't confuse Erin.,syntax,filler_gap_dependency,wh_questions_subject_gap,True,False,False,False,585,-81.0900650024414,-86.27775573730469,1
Those guests see all cups that weren't embarrassing Stephanie.,Those guests see who all cups weren't embarrassing Stephanie.,syntax,filler_gap_dependency,wh_questions_subject_gap,True,False,False,False,586,-76.96468353271484,-79.554931640625,1
Edward has questioned that doctor that has hugged Brett.,Edward has questioned who that doctor has hugged Brett.,syntax,filler_gap_dependency,wh_questions_subject_gap,True,False,False,False,587,-75.68177795410156,-73.1116714477539,0
Those people think about some window that can't shock a man.,Those people think about who some window can't shock a man.,syntax,filler_gap_dependency,wh_questions_subject_gap,True,False,False,False,588,-71.10802459716797,-74.93342590332031,1
An adult didn't discover this gate that resembled those prints.,An adult didn't discover what this gate resembled those prints.,syntax,filler_gap_dependency,wh_questions_subject_gap,True,False,False,False,589,-81.82093811035156,-80.89990234375,0
All people knew cashiers that are descending the hills.,All people knew what cashiers are descending the hills.,syntax,filler_gap_dependency,wh_questions_subject_gap,True,False,False,False,590,-73.2287368774414,-71.25930786132812,0
Samuel investigated a woman that had bored Karla.,Samuel investigated who a woman had bored Karla.,syntax,filler_gap_dependency,wh_questions_subject_gap,True,False,False,False,591,-74.77156066894531,-80.54086303710938,1
Gerald investigates alumni that did see a hospital.,Gerald investigates what alumni did see a hospital.,syntax,filler_gap_dependency,wh_questions_subject_gap,True,False,False,False,592,-70.8446044921875,-73.7242431640625,1
The senator would investigate this guy that hasn't worn some shawls.,The senator would investigate what this guy hasn't worn some shawls.,syntax,filler_gap_dependency,wh_questions_subject_gap,True,False,False,False,593,-86.17977142333984,-89.1109848022461,1
Liam did forget all women that were observing Tracy.,Liam did forget who all women were observing Tracy.,syntax,filler_gap_dependency,wh_questions_subject_gap,True,False,False,False,594,-77.39512634277344,-80.27704620361328,1
Monica has noticed this fungus that alarms Richard.,Monica has noticed who this fungus alarms Richard.,syntax,filler_gap_dependency,wh_questions_subject_gap,True,False,False,False,595,-76.505859375,-80.67572021484375,1
David shouldn't know some doctors that are thinking about some guests.,David shouldn't know who some doctors are thinking about some guests.,syntax,filler_gap_dependency,wh_questions_subject_gap,True,False,False,False,596,-72.91857147216797,-70.37185668945312,0
A lot of legislatures forget the guy that thinks about Brenda.,A lot of legislatures forget who the guy thinks about Brenda.,syntax,filler_gap_dependency,wh_questions_subject_gap,True,False,False,False,597,-68.4105453491211,-71.05425262451172,1
Some dancer discovered many pants that confused Amanda.,Some dancer discovered who many pants confused Amanda.,syntax,filler_gap_dependency,wh_questions_subject_gap,True,False,False,False,598,-71.04200744628906,-78.37153625488281,1
A man noticed that car that stuns Karen.,A man noticed who that car stuns Karen.,syntax,filler_gap_dependency,wh_questions_subject_gap,True,False,False,False,599,-73.79428100585938,-76.78416442871094,1
Those actresses notice the plane that couldn't disturb Carol.,Those actresses notice who the plane couldn't disturb Carol.,syntax,filler_gap_dependency,wh_questions_subject_gap,True,False,False,False,600,-77.82978820800781,-80.44456481933594,1
Larry researched the stimuli that resembled these sketches.,Larry researched what the stimuli resembled these sketches.,syntax,filler_gap_dependency,wh_questions_subject_gap,True,False,False,False,601,-77.73255157470703,-80.47349548339844,1
Timothy is noticing a lot of screens that are irritating Susan.,Timothy is noticing who a lot of screens are irritating Susan.,syntax,filler_gap_dependency,wh_questions_subject_gap,True,False,False,False,602,-80.04218292236328,-89.20417785644531,1
Leslie knows the woman that is admiring Regina.,Leslie knows who the woman is admiring Regina.,syntax,filler_gap_dependency,wh_questions_subject_gap,True,False,False,False,603,-64.84376525878906,-62.05716323852539,0
Janice can question some driver that wasn't discussing Homer.,Janice can question who some driver wasn't discussing Homer.,syntax,filler_gap_dependency,wh_questions_subject_gap,True,False,False,False,604,-86.27204895019531,-89.93191528320312,1
Jessica discovers those closets that have embarrassed these legislatures.,Jessica discovers what those closets have embarrassed these legislatures.,syntax,filler_gap_dependency,wh_questions_subject_gap,True,False,False,False,605,-89.03669738769531,-92.21086883544922,1
A lot of dancers hadn't noticed the ox that has broken a computer.,A lot of dancers hadn't noticed what the ox has broken a computer.,syntax,filler_gap_dependency,wh_questions_subject_gap,True,False,False,False,606,-80.79810333251953,-82.55326843261719,1
Kimberley wouldn't discover that company that has some candles.,Kimberley wouldn't discover what that company has some candles.,syntax,filler_gap_dependency,wh_questions_subject_gap,True,False,False,False,607,-79.3341064453125,-79.22508239746094,0
The man hasn't questioned this company that would worry Jane.,The man hasn't questioned who this company would worry Jane.,syntax,filler_gap_dependency,wh_questions_subject_gap,True,False,False,False,608,-67.75332641601562,-69.2599105834961,1
Brian can't investigate these children that can't admire Sarah.,Brian can't investigate who these children can't admire Sarah.,syntax,filler_gap_dependency,wh_questions_subject_gap,True,False,False,False,609,-72.74076843261719,-75.89030456542969,1
Some ladies forget that pamphlet that isn't irritating Jeffrey.,Some ladies forget who that pamphlet isn't irritating Jeffrey.,syntax,filler_gap_dependency,wh_questions_subject_gap,True,False,False,False,610,-81.28746032714844,-83.22454833984375,1
Diana has thought about some deer that confused the library.,Diana has thought about what some deer confused the library.,syntax,filler_gap_dependency,wh_questions_subject_gap,True,False,False,False,611,-69.06494140625,-74.76060485839844,1
Some organizations know this senator that kisses Gina.,Some organizations know who this senator kisses Gina.,syntax,filler_gap_dependency,wh_questions_subject_gap,True,False,False,False,612,-76.67887115478516,-71.92340087890625,0
Many dancers haven't forgotten this woman that hated Kendra.,Many dancers haven't forgotten who this woman hated Kendra.,syntax,filler_gap_dependency,wh_questions_subject_gap,True,False,False,False,613,-76.82867431640625,-72.72113037109375,0
Those drivers investigate some government that wasn't hurting Clyde.,Those drivers investigate who some government wasn't hurting Clyde.,syntax,filler_gap_dependency,wh_questions_subject_gap,True,False,False,False,614,-79.21477508544922,-86.00736999511719,1
Lawrence hadn't known many actresses that have described Adam.,Lawrence hadn't known who many actresses have described Adam.,syntax,filler_gap_dependency,wh_questions_subject_gap,True,False,False,False,615,-77.859375,-76.96400451660156,0
Sherry is researching some books that hadn't impressed George.,Sherry is researching who some books hadn't impressed George.,syntax,filler_gap_dependency,wh_questions_subject_gap,True,False,False,False,616,-74.45700073242188,-83.69900512695312,1
Tracy investigated the actress that hadn't broken a bicycle.,Tracy investigated what the actress hadn't broken a bicycle.,syntax,filler_gap_dependency,wh_questions_subject_gap,True,False,False,False,617,-74.87882232666016,-78.67897033691406,1
Martha won't remember all alumni that hadn't fled from patients.,Martha won't remember who all alumni hadn't fled from patients.,syntax,filler_gap_dependency,wh_questions_subject_gap,True,False,False,False,618,-86.47087097167969,-89.12178039550781,1
Galileo hasn't known some girls that haven't fired Heather.,Galileo hasn't known who some girls haven't fired Heather.,syntax,filler_gap_dependency,wh_questions_subject_gap,True,False,False,False,619,-85.81879425048828,-87.20268249511719,1
Some senator investigated this lady that wasn't irritating some guy.,Some senator investigated who this lady wasn't irritating some guy.,syntax,filler_gap_dependency,wh_questions_subject_gap,True,False,False,False,620,-80.9755859375,-87.87655639648438,1
John questions a man that sold a lot of glaciers.,John questions what a man sold a lot of glaciers.,syntax,filler_gap_dependency,wh_questions_subject_gap,True,False,False,False,621,-63.977088928222656,-65.36798095703125,1
Meredith has noticed the banks that took all windows.,Meredith has noticed what the banks took all windows.,syntax,filler_gap_dependency,wh_questions_subject_gap,True,False,False,False,622,-65.22621154785156,-67.92988586425781,1
The actor knows those pedestrians that reveal the eye.,The actor knows what those pedestrians reveal the eye.,syntax,filler_gap_dependency,wh_questions_subject_gap,True,False,False,False,623,-66.21366882324219,-63.002559661865234,0
Victoria notices some organization that loves guys.,Victoria notices who some organization loves guys.,syntax,filler_gap_dependency,wh_questions_subject_gap,True,False,False,False,624,-61.524200439453125,-67.90325164794922,1
Helen does know a guest that embarrassed Elaine.,Helen does know who a guest embarrassed Elaine.,syntax,filler_gap_dependency,wh_questions_subject_gap,True,False,False,False,625,-70.7569808959961,-72.1456069946289,1
Many waitresses think about a lot of closets that weren't disturbing Laura.,Many waitresses think about who a lot of closets weren't disturbing Laura.,syntax,filler_gap_dependency,wh_questions_subject_gap,True,False,False,False,626,-96.63749694824219,-103.5784912109375,1
Amy does forget some pedestrian that shouldn't dislike this mall.,Amy does forget what some pedestrian shouldn't dislike this mall.,syntax,filler_gap_dependency,wh_questions_subject_gap,True,False,False,False,627,-87.31757354736328,-88.9759521484375,1
Nina had known these men that explored a closet.,Nina had known what these men explored a closet.,syntax,filler_gap_dependency,wh_questions_subject_gap,True,False,False,False,628,-71.57069396972656,-71.85250091552734,1
Timothy hasn't thought about the cups that scared the libraries.,Timothy hasn't thought about what the cups scared the libraries.,syntax,filler_gap_dependency,wh_questions_subject_gap,True,False,False,False,629,-77.72821044921875,-80.27547454833984,1
Leslie hasn't seen a fork that disgusted Connie.,Leslie hasn't seen who a fork disgusted Connie.,syntax,filler_gap_dependency,wh_questions_subject_gap,True,False,False,False,630,-67.89341735839844,-72.52011108398438,1
Diana hasn't known every boy that can't alarm Florence.,Diana hasn't known who every boy can't alarm Florence.,syntax,filler_gap_dependency,wh_questions_subject_gap,True,False,False,False,631,-74.6832046508789,-77.87230682373047,1
Some drivers see these guys that have worked with Tammy.,Some drivers see who these guys have worked with Tammy.,syntax,filler_gap_dependency,wh_questions_subject_gap,True,False,False,False,632,-66.62242889404297,-69.65239715576172,1
This guest hadn't noticed most doors that are bothering Stacey.,This guest hadn't noticed who most doors are bothering Stacey.,syntax,filler_gap_dependency,wh_questions_subject_gap,True,False,False,False,633,-90.29694366455078,-90.97521209716797,1
Jessica thought about paralyses that disgust Christine.,Jessica thought about who paralyses disgust Christine.,syntax,filler_gap_dependency,wh_questions_subject_gap,True,False,False,False,634,-84.0860824584961,-82.64906311035156,0
Every teacher forgot a child that hid most cups.,Every teacher forgot what a child hid most cups.,syntax,filler_gap_dependency,wh_questions_subject_gap,True,False,False,False,635,-72.82881927490234,-72.89551544189453,1
Brad thought about most bikes that will irritate those organizations.,Brad thought about what most bikes will irritate those organizations.,syntax,filler_gap_dependency,wh_questions_subject_gap,True,False,False,False,636,-86.88516998291016,-86.5056381225586,0
Amanda has seen all students that did observe Lawrence.,Amanda has seen who all students did observe Lawrence.,syntax,filler_gap_dependency,wh_questions_subject_gap,True,False,False,False,637,-70.33428955078125,-75.03772735595703,1
April could discover all projectors that couldn't annoy Jennifer.,April could discover who all projectors couldn't annoy Jennifer.,syntax,filler_gap_dependency,wh_questions_subject_gap,True,False,False,False,638,-93.54946899414062,-96.50070190429688,1
Rebecca knew this patient that had water.,Rebecca knew what this patient had water.,syntax,filler_gap_dependency,wh_questions_subject_gap,True,False,False,False,639,-53.27879333496094,-50.448394775390625,0
Stephen isn't researching pamphlets that haven't bothered Margaret.,Stephen isn't researching who pamphlets haven't bothered Margaret.,syntax,filler_gap_dependency,wh_questions_subject_gap,True,False,False,False,640,-82.18059539794922,-83.70655822753906,1
Linda can't notice the fork that astounds Randolf.,Linda can't notice who the fork astounds Randolf.,syntax,filler_gap_dependency,wh_questions_subject_gap,True,False,False,False,641,-95.70600891113281,-97.77169799804688,1
Jason does forget many girls that can't exit the high schools.,Jason does forget what many girls can't exit the high schools.,syntax,filler_gap_dependency,wh_questions_subject_gap,True,False,False,False,642,-81.85779571533203,-82.06959533691406,1
Every teenager does remember some public parks that had worried Ronald.,Every teenager does remember who some public parks had worried Ronald.,syntax,filler_gap_dependency,wh_questions_subject_gap,True,False,False,False,643,-93.33758544921875,-98.49331665039062,1
Jane remembers this newspaper article that hadn't disagreed with that child.,Jane remembers who this newspaper article hadn't disagreed with that child.,syntax,filler_gap_dependency,wh_questions_subject_gap,True,False,False,False,644,-84.92681884765625,-87.81770324707031,1
Wendy remembers an essay that has disturbed Wendy.,Wendy remembers who an essay has disturbed Wendy.,syntax,filler_gap_dependency,wh_questions_subject_gap,True,False,False,False,645,-68.47596740722656,-75.17423248291016,1
Brad had forgotten those cashiers that aren't skated around that grocery store.,Brad had forgotten what those cashiers aren't skated around that grocery store.,syntax,filler_gap_dependency,wh_questions_subject_gap,True,False,False,False,646,-99.85797119140625,-101.84965515136719,1
Some drivers investigate a child that messed up those pants.,Some drivers investigate what a child messed up those pants.,syntax,filler_gap_dependency,wh_questions_subject_gap,True,False,False,False,647,-67.98019409179688,-71.48704528808594,1
This government knows these actresses that care for Carlos.,This government knows who these actresses care for Carlos.,syntax,filler_gap_dependency,wh_questions_subject_gap,True,False,False,False,648,-68.94940185546875,-65.29413604736328,0
This dancer investigated those adults that weren't touring some libraries.,This dancer investigated what those adults weren't touring some libraries.,syntax,filler_gap_dependency,wh_questions_subject_gap,True,False,False,False,649,-85.41751861572266,-91.54112243652344,1
Melissa questions most boys that aren't concealing Kendra.,Melissa questions who most boys aren't concealing Kendra.,syntax,filler_gap_dependency,wh_questions_subject_gap,True,False,False,False,650,-94.01600646972656,-91.25926208496094,0
Pamela thinks about that water that irritated Bradley.,Pamela thinks about who that water irritated Bradley.,syntax,filler_gap_dependency,wh_questions_subject_gap,True,False,False,False,651,-75.26608276367188,-79.67237854003906,1
The government forgets some teacher that knew Naomi.,The government forgets who some teacher knew Naomi.,syntax,filler_gap_dependency,wh_questions_subject_gap,True,False,False,False,652,-68.51596069335938,-68.24095916748047,0
Katherine hadn't questioned a lot of guys that wouldn't hate Becky.,Katherine hadn't questioned who a lot of guys wouldn't hate Becky.,syntax,filler_gap_dependency,wh_questions_subject_gap,True,False,False,False,653,-82.15387725830078,-84.6763916015625,1
Janet is questioning the men that were arguing about Edward.,Janet is questioning who the men were arguing about Edward.,syntax,filler_gap_dependency,wh_questions_subject_gap,True,False,False,False,654,-69.21418762207031,-72.8987045288086,1
Alexander was questioning some libraries that dislike Tracy.,Alexander was questioning who some libraries dislike Tracy.,syntax,filler_gap_dependency,wh_questions_subject_gap,True,False,False,False,655,-77.4401626586914,-81.68891906738281,1
Elizabeth thinks about every shoe that disturbs Diana.,Elizabeth thinks about who every shoe disturbs Diana.,syntax,filler_gap_dependency,wh_questions_subject_gap,True,False,False,False,656,-72.81068420410156,-75.95436096191406,1
Amy hadn't known many students that revealed Kirsten.,Amy hadn't known who many students revealed Kirsten.,syntax,filler_gap_dependency,wh_questions_subject_gap,True,False,False,False,657,-75.05745697021484,-75.2477035522461,1
Stacey discovers every actor that had left Amanda.,Stacey discovers who every actor had left Amanda.,syntax,filler_gap_dependency,wh_questions_subject_gap,True,False,False,False,658,-72.2359619140625,-74.83929443359375,1
Allison thought about this print that scared some committee.,Allison thought about what this print scared some committee.,syntax,filler_gap_dependency,wh_questions_subject_gap,True,False,False,False,659,-72.57901000976562,-76.13104248046875,1
Richard forgets a movie that isn't aggravating Becky.,Richard forgets who a movie isn't aggravating Becky.,syntax,filler_gap_dependency,wh_questions_subject_gap,True,False,False,False,660,-73.57556915283203,-77.40548706054688,1
Ladies forgot some offspring that walk through every hill.,Ladies forgot what some offspring walk through every hill.,syntax,filler_gap_dependency,wh_questions_subject_gap,True,False,False,False,661,-74.68383026123047,-80.3666000366211,1
Rebecca won't remember most stories that were bothering Steven.,Rebecca won't remember who most stories were bothering Steven.,syntax,filler_gap_dependency,wh_questions_subject_gap,True,False,False,False,662,-74.58564758300781,-73.29846954345703,0
Those cashiers research that photograph that is astounding Veronica.,Those cashiers research who that photograph is astounding Veronica.,syntax,filler_gap_dependency,wh_questions_subject_gap,True,False,False,False,663,-91.82351684570312,-95.6270751953125,1
Carla saw this fish that were finding the projector.,Carla saw what this fish were finding the projector.,syntax,filler_gap_dependency,wh_questions_subject_gap,True,False,False,False,664,-65.65380859375,-69.069091796875,1
Judy thinks about all diagnoses that have disturbed a lot of teenagers.,Judy thinks about who all diagnoses have disturbed a lot of teenagers.,syntax,filler_gap_dependency,wh_questions_subject_gap,True,False,False,False,665,-88.41862487792969,-89.53256225585938,1
Jill had forgotten the essays that disturbed Tara.,Jill had forgotten who the essays disturbed Tara.,syntax,filler_gap_dependency,wh_questions_subject_gap,True,False,False,False,666,-68.60005950927734,-72.14195251464844,1
Lissa researches this essay that bothers these ladies.,Lissa researches who this essay bothers these ladies.,syntax,filler_gap_dependency,wh_questions_subject_gap,True,False,False,False,667,-81.28181457519531,-84.63435363769531,1
Jodi knew that lady that did alarm Jerry.,Jodi knew who that lady did alarm Jerry.,syntax,filler_gap_dependency,wh_questions_subject_gap,True,False,False,False,668,-72.56144714355469,-71.659912109375,0
William thinks about this library that did take a lot of mouths.,William thinks about what this library did take a lot of mouths.,syntax,filler_gap_dependency,wh_questions_subject_gap,True,False,False,False,669,-72.47571563720703,-74.08891296386719,1
Guy did investigate the companies that have confused Patricia.,Guy did investigate who the companies have confused Patricia.,syntax,filler_gap_dependency,wh_questions_subject_gap,True,False,False,False,670,-76.09552001953125,-81.26311492919922,1
Ann hadn't investigated the university that wasn't bothering Jesus.,Ann hadn't investigated who the university wasn't bothering Jesus.,syntax,filler_gap_dependency,wh_questions_subject_gap,True,False,False,False,671,-72.8484878540039,-79.57351684570312,1
Brenda has seen that hospital that hasn't described Kristin.,Brenda has seen who that hospital hasn't described Kristin.,syntax,filler_gap_dependency,wh_questions_subject_gap,True,False,False,False,672,-77.81153869628906,-80.71039581298828,1
Valerie is discovering all glaciers that did distract Derek.,Valerie is discovering who all glaciers did distract Derek.,syntax,filler_gap_dependency,wh_questions_subject_gap,True,False,False,False,673,-94.197021484375,-98.50819396972656,1
This waitress investigates a lot of universities that listen to Eva.,This waitress investigates who a lot of universities listen to Eva.,syntax,filler_gap_dependency,wh_questions_subject_gap,True,False,False,False,674,-72.84139251708984,-83.404541015625,1
Sonia isn't questioning every alumnus that has hugged Laura.,Sonia isn't questioning who every alumnus has hugged Laura.,syntax,filler_gap_dependency,wh_questions_subject_gap,True,False,False,False,675,-95.748291015625,-96.52581787109375,1
Bethany thought about that hypothesis that annoyed some university.,Bethany thought about what that hypothesis annoyed some university.,syntax,filler_gap_dependency,wh_questions_subject_gap,True,False,False,False,676,-86.61752319335938,-88.0179443359375,1
Carrie had noticed some box that is aggravating Cynthia.,Carrie had noticed who some box is aggravating Cynthia.,syntax,filler_gap_dependency,wh_questions_subject_gap,True,False,False,False,677,-79.34441375732422,-86.6663818359375,1
Gerald noticed some couch that has irritated Elaine.,Gerald noticed who some couch has irritated Elaine.,syntax,filler_gap_dependency,wh_questions_subject_gap,True,False,False,False,678,-75.54283142089844,-77.7353744506836,1
Mary might investigate this guy that toured these malls.,Mary might investigate what this guy toured these malls.,syntax,filler_gap_dependency,wh_questions_subject_gap,True,False,False,False,679,-76.89462280273438,-79.17816162109375,1
Allison forgot every driver that had referenced most essays.,Allison forgot what every driver had referenced most essays.,syntax,filler_gap_dependency,wh_questions_subject_gap,True,False,False,False,680,-82.59495544433594,-82.3389892578125,0
A lot of patients remember these art galleries that look like this photograph.,A lot of patients remember what these art galleries look like this photograph.,syntax,filler_gap_dependency,wh_questions_subject_gap,True,False,False,False,681,-78.20911407470703,-79.14607238769531,1
All cashiers see most shirts that hadn't annoyed Carmen.,All cashiers see who most shirts hadn't annoyed Carmen.,syntax,filler_gap_dependency,wh_questions_subject_gap,True,False,False,False,682,-94.06129455566406,-97.44833374023438,1
Caroline knew these men that scanned every movie.,Caroline knew what these men scanned every movie.,syntax,filler_gap_dependency,wh_questions_subject_gap,True,False,False,False,683,-67.78465270996094,-62.06951141357422,0
Julia does research this stimulus that annoyed Kristen.,Julia does research who this stimulus annoyed Kristen.,syntax,filler_gap_dependency,wh_questions_subject_gap,True,False,False,False,684,-74.28263854980469,-81.84439086914062,1
The customers remember stories that upset Donald.,The customers remember who stories upset Donald.,syntax,filler_gap_dependency,wh_questions_subject_gap,True,False,False,False,685,-57.92069625854492,-64.28387451171875,1
Katherine doesn't discover this photograph that hasn't distracted Raymond.,Katherine doesn't discover who this photograph hasn't distracted Raymond.,syntax,filler_gap_dependency,wh_questions_subject_gap,True,False,False,False,686,-82.1438980102539,-84.8886947631836,1
Some library has forgotten that teenager that can clean all lakes.,Some library has forgotten what that teenager can clean all lakes.,syntax,filler_gap_dependency,wh_questions_subject_gap,True,False,False,False,687,-85.920166015625,-83.96290588378906,0
Joel forgets a guy that broke every carriage.,Joel forgets what a guy broke every carriage.,syntax,filler_gap_dependency,wh_questions_subject_gap,True,False,False,False,688,-70.97128295898438,-71.81642150878906,1
Susan knows these patients that are annoying Tanya.,Susan knows who these patients are annoying Tanya.,syntax,filler_gap_dependency,wh_questions_subject_gap,True,False,False,False,689,-65.07890319824219,-65.27767944335938,1
Hospitals remember most malls that haven't alarmed the Borgias.,Hospitals remember who most malls haven't alarmed the Borgias.,syntax,filler_gap_dependency,wh_questions_subject_gap,True,False,False,False,690,-110.97079467773438,-108.4343490600586,0
Tiffany isn't investigating that guy that is referencing Edward.,Tiffany isn't investigating who that guy is referencing Edward.,syntax,filler_gap_dependency,wh_questions_subject_gap,True,False,False,False,691,-84.88246154785156,-87.05001831054688,1
Bruce isn't noticing that drawing that has stunned Gregory.,Bruce isn't noticing who that drawing has stunned Gregory.,syntax,filler_gap_dependency,wh_questions_subject_gap,True,False,False,False,692,-81.48812866210938,-86.24745178222656,1
Those dancers see these cups that couldn't aggravate Meredith.,Those dancers see who these cups couldn't aggravate Meredith.,syntax,filler_gap_dependency,wh_questions_subject_gap,True,False,False,False,693,-83.0445785522461,-86.02815246582031,1
Those dancers remember some grocery stores that weren't irritating Tara.,Those dancers remember who some grocery stores weren't irritating Tara.,syntax,filler_gap_dependency,wh_questions_subject_gap,True,False,False,False,694,-92.14008331298828,-96.80097961425781,1
Daniel investigates a lot of legislatures that stunned Valerie.,Daniel investigates who a lot of legislatures stunned Valerie.,syntax,filler_gap_dependency,wh_questions_subject_gap,True,False,False,False,695,-75.649169921875,-87.59513854980469,1
Many patients forget all patients that hadn't complained about Janet.,Many patients forget who all patients hadn't complained about Janet.,syntax,filler_gap_dependency,wh_questions_subject_gap,True,False,False,False,696,-76.17825317382812,-77.98316955566406,1
Phillip knows these drivers that do shock Connie.,Phillip knows who these drivers do shock Connie.,syntax,filler_gap_dependency,wh_questions_subject_gap,True,False,False,False,697,-74.55207824707031,-73.21385192871094,0
Maria investigates these banks that weren't astounding Jacqueline.,Maria investigates who these banks weren't astounding Jacqueline.,syntax,filler_gap_dependency,wh_questions_subject_gap,True,False,False,False,698,-83.4736099243164,-91.34956359863281,1
Most senators investigate a lot of universities that upset Dana.,Most senators investigate who a lot of universities upset Dana.,syntax,filler_gap_dependency,wh_questions_subject_gap,True,False,False,False,699,-78.19326782226562,-86.93289184570312,1
Stephanie saw a lot of bicycles that hurt Amanda.,Stephanie saw who a lot of bicycles hurt Amanda.,syntax,filler_gap_dependency,wh_questions_subject_gap,True,False,False,False,700,-70.80928802490234,-81.06525421142578,1
Most women know every woman that won't argue about Bill.,Most women know who every woman won't argue about Bill.,syntax,filler_gap_dependency,wh_questions_subject_gap,True,False,False,False,701,-63.614280700683594,-61.71875,0
Some pedestrians discover many grocery stores that stunned Alicia.,Some pedestrians discover who many grocery stores stunned Alicia.,syntax,filler_gap_dependency,wh_questions_subject_gap,True,False,False,False,702,-90.83229064941406,-93.07649230957031,1
The Lutherans know many adults that escaped from Donna.,The Lutherans know who many adults escaped from Donna.,syntax,filler_gap_dependency,wh_questions_subject_gap,True,False,False,False,703,-72.95684814453125,-71.12794494628906,0
Daniel had known some children that were hiring Mitchell.,Daniel had known who some children were hiring Mitchell.,syntax,filler_gap_dependency,wh_questions_subject_gap,True,False,False,False,704,-68.18479919433594,-71.17485046386719,1
Organizations remember every teenager that has attacked Lori.,Organizations remember who every teenager has attacked Lori.,syntax,filler_gap_dependency,wh_questions_subject_gap,True,False,False,False,705,-84.15797424316406,-81.71815490722656,0
The Clintons investigate these offspring that weren't firing Keith.,The Clintons investigate who these offspring weren't firing Keith.,syntax,filler_gap_dependency,wh_questions_subject_gap,True,False,False,False,706,-81.1533203125,-86.45004272460938,1
Some customers haven't remembered a teenager that worked with Alice.,Some customers haven't remembered who a teenager worked with Alice.,syntax,filler_gap_dependency,wh_questions_subject_gap,True,False,False,False,707,-69.23739624023438,-71.30372619628906,1
The Impressionists see a lot of ladies that admire most cafes.,The Impressionists see what a lot of ladies admire most cafes.,syntax,filler_gap_dependency,wh_questions_subject_gap,True,False,False,False,708,-84.40676879882812,-88.61190795898438,1
Donald discovers the report that hadn't hurt Rhonda.,Donald discovers who the report hadn't hurt Rhonda.,syntax,filler_gap_dependency,wh_questions_subject_gap,True,False,False,False,709,-83.72499084472656,-87.02116394042969,1
Christopher could remember the driver that remembers Janice.,Christopher could remember who the driver remembers Janice.,syntax,filler_gap_dependency,wh_questions_subject_gap,True,False,False,False,710,-65.47315979003906,-64.86443328857422,0
Holly researched all mountains that won't bore Carmen.,Holly researched who all mountains won't bore Carmen.,syntax,filler_gap_dependency,wh_questions_subject_gap,True,False,False,False,711,-83.07365417480469,-89.81793212890625,1
Vincent wasn't researching most bases that didn't irritate Homer.,Vincent wasn't researching who most bases didn't irritate Homer.,syntax,filler_gap_dependency,wh_questions_subject_gap,True,False,False,False,712,-87.95182037353516,-93.29044342041016,1
Ruth investigated the university that isn't boasting about Andrea.,Ruth investigated who the university isn't boasting about Andrea.,syntax,filler_gap_dependency,wh_questions_subject_gap,True,False,False,False,713,-80.51521301269531,-88.23439025878906,1
Angela was questioning those children that found this wheelbarrow.,Angela was questioning what those children found this wheelbarrow.,syntax,filler_gap_dependency,wh_questions_subject_gap,True,False,False,False,714,-77.31657409667969,-78.61376190185547,1
Robert thought about that mirror that had hurt many drivers.,Robert thought about who that mirror had hurt many drivers.,syntax,filler_gap_dependency,wh_questions_subject_gap,True,False,False,False,715,-67.60831451416016,-70.80644226074219,1
The waiters couldn't research those high schools that haven't resembled these paintings.,The waiters couldn't research what those high schools haven't resembled these paintings.,syntax,filler_gap_dependency,wh_questions_subject_gap,True,False,False,False,716,-103.98164367675781,-106.92224884033203,1
Ronald sees that shoe that doesn't upset Carol.,Ronald sees who that shoe doesn't upset Carol.,syntax,filler_gap_dependency,wh_questions_subject_gap,True,False,False,False,717,-69.52838134765625,-73.72925567626953,1
A lot of children research college campuses that have shocked Joseph.,A lot of children research who college campuses have shocked Joseph.,syntax,filler_gap_dependency,wh_questions_subject_gap,True,False,False,False,718,-83.13325500488281,-88.67422485351562,1
Heather knows this offspring that irritated Helen.,Heather knows who this offspring irritated Helen.,syntax,filler_gap_dependency,wh_questions_subject_gap,True,False,False,False,719,-69.83756256103516,-71.953857421875,1
Bethany questions some hospital that likes Paula.,Bethany questions who some hospital likes Paula.,syntax,filler_gap_dependency,wh_questions_subject_gap,True,False,False,False,720,-81.761474609375,-79.37521362304688,0
These cashiers know a lot of guests that aggravate Stephanie.,These cashiers know who a lot of guests aggravate Stephanie.,syntax,filler_gap_dependency,wh_questions_subject_gap,True,False,False,False,721,-84.08150482177734,-87.1043472290039,1
Matt noticed some muffin that bored Michael.,Matt noticed who some muffin bored Michael.,syntax,filler_gap_dependency,wh_questions_subject_gap,True,False,False,False,722,-68.35888671875,-72.53077697753906,1
Children question this actor that looked like a lot of pictures.,Children question what this actor looked like a lot of pictures.,syntax,filler_gap_dependency,wh_questions_subject_gap,True,False,False,False,723,-63.32257843017578,-65.08935546875,1
Those cashiers couldn't question dancers that aren't admiring a lot of women.,Those cashiers couldn't question who dancers aren't admiring a lot of women.,syntax,filler_gap_dependency,wh_questions_subject_gap,True,False,False,False,724,-99.32223510742188,-98.19918823242188,0
The Lutherans don't notice some committees that should admire Joel.,The Lutherans don't notice who some committees should admire Joel.,syntax,filler_gap_dependency,wh_questions_subject_gap,True,False,False,False,725,-86.13818359375,-87.23689270019531,1
Becky has discovered the plays that shouldn't bother every patient.,Becky has discovered who the plays shouldn't bother every patient.,syntax,filler_gap_dependency,wh_questions_subject_gap,True,False,False,False,726,-76.87372589111328,-81.45130920410156,1
All cashiers question every lady that climbed up the ladder.,All cashiers question what every lady climbed up the ladder.,syntax,filler_gap_dependency,wh_questions_subject_gap,True,False,False,False,727,-83.21936798095703,-85.83404541015625,1
The Impressionists research all prints that aggravate Stephanie.,The Impressionists research who all prints aggravate Stephanie.,syntax,filler_gap_dependency,wh_questions_subject_gap,True,False,False,False,728,-89.56759643554688,-95.25435638427734,1
Heidi has forgotten the reports that disturbed all doctors.,Heidi has forgotten who the reports disturbed all doctors.,syntax,filler_gap_dependency,wh_questions_subject_gap,True,False,False,False,729,-67.77540588378906,-71.77881622314453,1
Valerie thought about those mouths that can't disgust Jessica.,Valerie thought about who those mouths can't disgust Jessica.,syntax,filler_gap_dependency,wh_questions_subject_gap,True,False,False,False,730,-89.23202514648438,-93.65008544921875,1
All doctors research prints that disgust Stacey.,All doctors research who prints disgust Stacey.,syntax,filler_gap_dependency,wh_questions_subject_gap,True,False,False,False,731,-73.41007995605469,-78.29766845703125,1
Michelle had investigated some actress that forgot Sally.,Michelle had investigated who some actress forgot Sally.,syntax,filler_gap_dependency,wh_questions_subject_gap,True,False,False,False,732,-70.94569396972656,-78.16566467285156,1
That person has noticed a teenager that talked about Colleen.,That person has noticed who a teenager talked about Colleen.,syntax,filler_gap_dependency,wh_questions_subject_gap,True,False,False,False,733,-65.13188934326172,-66.59539031982422,1
Brad knows some students that revealed some computer.,Brad knows what some students revealed some computer.,syntax,filler_gap_dependency,wh_questions_subject_gap,True,False,False,False,734,-67.4764633178711,-68.04576110839844,1
Douglas has remembered the museum that could talk to Timothy.,Douglas has remembered who the museum could talk to Timothy.,syntax,filler_gap_dependency,wh_questions_subject_gap,True,False,False,False,735,-71.42080688476562,-74.988525390625,1
Jacqueline does see many stairs that are worrying Nancy.,Jacqueline does see who many stairs are worrying Nancy.,syntax,filler_gap_dependency,wh_questions_subject_gap,True,False,False,False,736,-77.54287719726562,-77.95109558105469,1
These dancers know all alumni that appreciated Stephanie.,These dancers know who all alumni appreciated Stephanie.,syntax,filler_gap_dependency,wh_questions_subject_gap,True,False,False,False,737,-77.56829833984375,-78.68791198730469,1
Kristin hadn't questioned this senator that would wear many shirts.,Kristin hadn't questioned what this senator would wear many shirts.,syntax,filler_gap_dependency,wh_questions_subject_gap,True,False,False,False,738,-91.15130615234375,-88.97205352783203,0
Some adult couldn't forget a guy that shouldn't stun Mitchell.,Some adult couldn't forget who a guy shouldn't stun Mitchell.,syntax,filler_gap_dependency,wh_questions_subject_gap,True,False,False,False,739,-88.96449279785156,-92.23334503173828,1
Brad remembered many senators that scanned some documentaries.,Brad remembered what many senators scanned some documentaries.,syntax,filler_gap_dependency,wh_questions_subject_gap,True,False,False,False,740,-78.80693054199219,-75.537109375,0
These people discover these teeth that upset Clyde.,These people discover who these teeth upset Clyde.,syntax,filler_gap_dependency,wh_questions_subject_gap,True,False,False,False,741,-63.34086608886719,-66.885009765625,1
Bethany noticed these waitresses that brought some ice.,Bethany noticed what these waitresses brought some ice.,syntax,filler_gap_dependency,wh_questions_subject_gap,True,False,False,False,742,-91.45403289794922,-92.78248596191406,1
Joseph didn't investigate every association that has helped some teacher.,Joseph didn't investigate who every association has helped some teacher.,syntax,filler_gap_dependency,wh_questions_subject_gap,True,False,False,False,743,-79.72684478759766,-84.60368347167969,1
Claire investigated these senators that won't tour every river.,Claire investigated what these senators won't tour every river.,syntax,filler_gap_dependency,wh_questions_subject_gap,True,False,False,False,744,-86.30618286132812,-88.84986877441406,1
Craig discovered that school that hasn't taken most sweaters.,Craig discovered what that school hasn't taken most sweaters.,syntax,filler_gap_dependency,wh_questions_subject_gap,True,False,False,False,745,-76.05560302734375,-79.25398254394531,1
The Impressionists didn't discover many organizations that scared Steven.,The Impressionists didn't discover who many organizations scared Steven.,syntax,filler_gap_dependency,wh_questions_subject_gap,True,False,False,False,746,-84.98600769042969,-86.28851318359375,1
Diana can't research a sketch that was upsetting Christina.,Diana can't research who a sketch was upsetting Christina.,syntax,filler_gap_dependency,wh_questions_subject_gap,True,False,False,False,747,-82.11444091796875,-91.4659423828125,1
Vincent has forgotten the boy that will criticize Carl.,Vincent has forgotten who the boy will criticize Carl.,syntax,filler_gap_dependency,wh_questions_subject_gap,True,False,False,False,748,-65.98177337646484,-67.46088409423828,1
Bradley questioned most companies that listened to Patricia.,Bradley questioned who most companies listened to Patricia.,syntax,filler_gap_dependency,wh_questions_subject_gap,True,False,False,False,749,-71.91909790039062,-72.6351318359375,1
Raymond had seen the window that has looked like many sketches.,Raymond had seen what the window has looked like many sketches.,syntax,filler_gap_dependency,wh_questions_subject_gap,True,False,False,False,750,-73.22492980957031,-73.36349487304688,1
Theodore forgets this lady that isn't thinking about the cats.,Theodore forgets what this lady isn't thinking about the cats.,syntax,filler_gap_dependency,wh_questions_subject_gap,True,False,False,False,751,-75.02336120605469,-77.06361389160156,1
Jacqueline knew this doctor that wasn't irritating Carrie.,Jacqueline knew who this doctor wasn't irritating Carrie.,syntax,filler_gap_dependency,wh_questions_subject_gap,True,False,False,False,752,-77.09220886230469,-77.21592712402344,1
The girl is questioning that teacher that isn't running around this hospital.,The girl is questioning what that teacher isn't running around this hospital.,syntax,filler_gap_dependency,wh_questions_subject_gap,True,False,False,False,753,-70.21096801757812,-73.74929809570312,1
Robert questions a teacher that should attack Gary.,Robert questions who a teacher should attack Gary.,syntax,filler_gap_dependency,wh_questions_subject_gap,True,False,False,False,754,-66.48108673095703,-66.54168701171875,1
Christina has noticed that fish that hadn't embarrassed Julia.,Christina has noticed who that fish hadn't embarrassed Julia.,syntax,filler_gap_dependency,wh_questions_subject_gap,True,False,False,False,755,-78.77049255371094,-86.02220916748047,1
Guy discovered that patient that is arguing about Anne.,Guy discovered who that patient is arguing about Anne.,syntax,filler_gap_dependency,wh_questions_subject_gap,True,False,False,False,756,-67.47423553466797,-67.66658020019531,1
Edward shouldn't investigate those children that can drop by the hospital.,Edward shouldn't investigate what those children can drop by the hospital.,syntax,filler_gap_dependency,wh_questions_subject_gap,True,False,False,False,757,-76.29425811767578,-76.79539489746094,1
Joseph won't research an oasis that shocks Becky.,Joseph won't research who an oasis shocks Becky.,syntax,filler_gap_dependency,wh_questions_subject_gap,True,False,False,False,758,-88.5286636352539,-93.5168685913086,1
Christine remembers some adult that climbed up some steps.,Christine remembers what some adult climbed up some steps.,syntax,filler_gap_dependency,wh_questions_subject_gap,True,False,False,False,759,-76.56800079345703,-78.19242095947266,1
Carl is discovering every chair that hadn't confused Nicole.,Carl is discovering who every chair hadn't confused Nicole.,syntax,filler_gap_dependency,wh_questions_subject_gap,True,False,False,False,760,-80.57744598388672,-85.8992919921875,1
Rodney can think about the candle that has irritated Paula.,Rodney can think about who the candle has irritated Paula.,syntax,filler_gap_dependency,wh_questions_subject_gap,True,False,False,False,761,-76.6800765991211,-79.09810638427734,1
Ann had investigated the guest that cares for every cashier.,Ann had investigated who the guest cares for every cashier.,syntax,filler_gap_dependency,wh_questions_subject_gap,True,False,False,False,762,-78.10984802246094,-83.54978942871094,1
Guy noticed that fish that disturbed most committees.,Guy noticed what that fish disturbed most committees.,syntax,filler_gap_dependency,wh_questions_subject_gap,True,False,False,False,763,-69.97438049316406,-73.55632019042969,1
The Borgias investigate most ladies that could bore Mary.,The Borgias investigate who most ladies could bore Mary.,syntax,filler_gap_dependency,wh_questions_subject_gap,True,False,False,False,764,-89.72000122070312,-92.90016174316406,1
All men see all convertibles that worry a lot of customers.,All men see who all convertibles worry a lot of customers.,syntax,filler_gap_dependency,wh_questions_subject_gap,True,False,False,False,765,-81.34764099121094,-80.91777801513672,0
Christine noticed that bread that hadn't disgusted Beth.,Christine noticed who that bread hadn't disgusted Beth.,syntax,filler_gap_dependency,wh_questions_subject_gap,True,False,False,False,766,-74.59331512451172,-80.78488159179688,1
Ronald remembers the waiter that wasn't annoying Carmen.,Ronald remembers who the waiter wasn't annoying Carmen.,syntax,filler_gap_dependency,wh_questions_subject_gap,True,False,False,False,767,-70.35301208496094,-74.60966491699219,1
Actresses question a lady that works with Denise.,Actresses question who a lady works with Denise.,syntax,filler_gap_dependency,wh_questions_subject_gap,True,False,False,False,768,-73.9263916015625,-75.90960693359375,1
Suzanne hasn't known those patients that might reveal the report.,Suzanne hasn't known what those patients might reveal the report.,syntax,filler_gap_dependency,wh_questions_subject_gap,True,False,False,False,769,-78.24067687988281,-79.76136016845703,1
Those customers forget these alumni that worked with Alicia.,Those customers forget who these alumni worked with Alicia.,syntax,filler_gap_dependency,wh_questions_subject_gap,True,False,False,False,770,-75.31402587890625,-76.82136535644531,1
Carla saw the cilantro that annoyed Harvard University.,Carla saw what the cilantro annoyed Harvard University.,syntax,filler_gap_dependency,wh_questions_subject_gap,True,False,False,False,771,-80.23312377929688,-79.77920532226562,0
Anna hasn't researched this bank that does work with Danielle.,Anna hasn't researched who this bank does work with Danielle.,syntax,filler_gap_dependency,wh_questions_subject_gap,True,False,False,False,772,-75.8670654296875,-82.00459289550781,1
Nancy is noticing the mountains that had astounded Galileo.,Nancy is noticing who the mountains had astounded Galileo.,syntax,filler_gap_dependency,wh_questions_subject_gap,True,False,False,False,773,-80.54457092285156,-85.7482681274414,1
Elizabeth thinks about a cactus that won't irritate Kirsten.,Elizabeth thinks about who a cactus won't irritate Kirsten.,syntax,filler_gap_dependency,wh_questions_subject_gap,True,False,False,False,774,-78.01427459716797,-83.5115966796875,1
Keith didn't discover this door that had aggravated Paula.,Keith didn't discover who this door had aggravated Paula.,syntax,filler_gap_dependency,wh_questions_subject_gap,True,False,False,False,775,-73.93243408203125,-77.23937225341797,1
Dawn sees most feet that aggravated Michelle.,Dawn sees who most feet aggravated Michelle.,syntax,filler_gap_dependency,wh_questions_subject_gap,True,False,False,False,776,-78.3802490234375,-79.93136596679688,1
Most cashiers haven't seen this print that was astounding Dana.,Most cashiers haven't seen who this print was astounding Dana.,syntax,filler_gap_dependency,wh_questions_subject_gap,True,False,False,False,777,-92.69693756103516,-99.64310455322266,1
Andrew isn't investigating the adults that weren't escaping from Marla.,Andrew isn't investigating who the adults weren't escaping from Marla.,syntax,filler_gap_dependency,wh_questions_subject_gap,True,False,False,False,778,-81.1402359008789,-90.28739166259766,1
Chad would think about some library that knows Holly.,Chad would think about who some library knows Holly.,syntax,filler_gap_dependency,wh_questions_subject_gap,True,False,False,False,779,-73.36820983886719,-80.54411315917969,1
Angela investigated many associations that hadn't hired Kevin.,Angela investigated who many associations hadn't hired Kevin.,syntax,filler_gap_dependency,wh_questions_subject_gap,True,False,False,False,780,-74.58978271484375,-79.27276611328125,1
The dancers haven't investigated this guest that climbed down a slope.,The dancers haven't investigated what this guest climbed down a slope.,syntax,filler_gap_dependency,wh_questions_subject_gap,True,False,False,False,781,-82.49198913574219,-84.26097106933594,1
Some guests discover a lot of synopses that were annoying Naomi.,Some guests discover who a lot of synopses were annoying Naomi.,syntax,filler_gap_dependency,wh_questions_subject_gap,True,False,False,False,782,-95.8251953125,-103.10746765136719,1
Allison is questioning that doctor that might break some unicycle.,Allison is questioning what that doctor might break some unicycle.,syntax,filler_gap_dependency,wh_questions_subject_gap,True,False,False,False,783,-82.69279479980469,-83.25902557373047,1
Gary notices stimuli that aren't worrying all schools.,Gary notices what stimuli aren't worrying all schools.,syntax,filler_gap_dependency,wh_questions_subject_gap,True,False,False,False,784,-80.43659210205078,-82.21038055419922,1
Some museums forget this newspaper article that upsets Harvard University.,Some museums forget what this newspaper article upsets Harvard University.,syntax,filler_gap_dependency,wh_questions_subject_gap,True,False,False,False,785,-90.72381591796875,-96.95819091796875,1
Jennifer has noticed this cactus that wasn't hurting Carrie.,Jennifer has noticed who this cactus wasn't hurting Carrie.,syntax,filler_gap_dependency,wh_questions_subject_gap,True,False,False,False,786,-81.73020935058594,-84.62360382080078,1
George wouldn't discover the window that disgusts this waitress.,George wouldn't discover who the window disgusts this waitress.,syntax,filler_gap_dependency,wh_questions_subject_gap,True,False,False,False,787,-83.53904724121094,-88.35591125488281,1
Pedestrians see a snake that irritated Carl.,Pedestrians see who a snake irritated Carl.,syntax,filler_gap_dependency,wh_questions_subject_gap,True,False,False,False,788,-76.00418090820312,-81.76178741455078,1
Many patients discover many actors that fixed this chair.,Many patients discover what many actors fixed this chair.,syntax,filler_gap_dependency,wh_questions_subject_gap,True,False,False,False,789,-71.72232055664062,-73.92478942871094,1
All children notice most windows that scared a lot of guests.,All children notice who most windows scared a lot of guests.,syntax,filler_gap_dependency,wh_questions_subject_gap,True,False,False,False,790,-77.08831787109375,-78.82044982910156,1
Those drivers research this school that disliked Dan.,Those drivers research who this school disliked Dan.,syntax,filler_gap_dependency,wh_questions_subject_gap,True,False,False,False,791,-74.65104675292969,-80.33480072021484,1
Carol can't think about a cake that looked like every photograph.,Carol can't think about what a cake looked like every photograph.,syntax,filler_gap_dependency,wh_questions_subject_gap,True,False,False,False,792,-74.05659484863281,-72.53892517089844,0
Some child remembered the museum that worried Jennifer.,Some child remembered who the museum worried Jennifer.,syntax,filler_gap_dependency,wh_questions_subject_gap,True,False,False,False,793,-68.61764526367188,-71.447998046875,1
Benjamin thinks about the door that looked like that print.,Benjamin thinks about what the door looked like that print.,syntax,filler_gap_dependency,wh_questions_subject_gap,True,False,False,False,794,-65.45077514648438,-64.51057434082031,0
Donna wouldn't investigate companies that aren't worrying Emily.,Donna wouldn't investigate who companies aren't worrying Emily.,syntax,filler_gap_dependency,wh_questions_subject_gap,True,False,False,False,795,-83.03607940673828,-83.89725494384766,1
The actresses research the closet that was impressing some guy.,The actresses research who the closet was impressing some guy.,syntax,filler_gap_dependency,wh_questions_subject_gap,True,False,False,False,796,-88.46329498291016,-90.81420135498047,1
The Clintons question some actor that disagrees with Suzanne.,The Clintons question who some actor disagrees with Suzanne.,syntax,filler_gap_dependency,wh_questions_subject_gap,True,False,False,False,797,-74.32771301269531,-79.28971862792969,1
The guy hadn't thought about some broccoli that wouldn't hurt that guest.,The guy hadn't thought about who some broccoli wouldn't hurt that guest.,syntax,filler_gap_dependency,wh_questions_subject_gap,True,False,False,False,798,-75.28382110595703,-83.20629119873047,1
Veronica discovers a lot of socks that hadn't distracted Mark.,Veronica discovers who a lot of socks hadn't distracted Mark.,syntax,filler_gap_dependency,wh_questions_subject_gap,True,False,False,False,799,-85.84124755859375,-91.29576110839844,1
Caroline isn't discovering some diagnosis that shocked Jerry.,Caroline isn't discovering who some diagnosis shocked Jerry.,syntax,filler_gap_dependency,wh_questions_subject_gap,True,False,False,False,800,-74.977783203125,-81.62492370605469,1
That dancer forgets all pamphlets that don't distract many libraries.,That dancer forgets what all pamphlets don't distract many libraries.,syntax,filler_gap_dependency,wh_questions_subject_gap,True,False,False,False,801,-94.83262634277344,-101.16850280761719,1
Debra thinks about every plane that embarrassed Gerald.,Debra thinks about who every plane embarrassed Gerald.,syntax,filler_gap_dependency,wh_questions_subject_gap,True,False,False,False,802,-75.15072631835938,-81.61497497558594,1
Many waitresses notice most hats that can upset Tiffany.,Many waitresses notice who most hats can upset Tiffany.,syntax,filler_gap_dependency,wh_questions_subject_gap,True,False,False,False,803,-97.55611419677734,-97.93621063232422,1
Stacey sees all cakes that shocked Brad.,Stacey sees who all cakes shocked Brad.,syntax,filler_gap_dependency,wh_questions_subject_gap,True,False,False,False,804,-70.24078369140625,-79.41370391845703,1
Wayne would question a waitress that couldn't talk about Alicia.,Wayne would question who a waitress couldn't talk about Alicia.,syntax,filler_gap_dependency,wh_questions_subject_gap,True,False,False,False,805,-74.10518646240234,-77.14006805419922,1
Gregory wouldn't discover these turtles that annoyed most museums.,Gregory wouldn't discover what these turtles annoyed most museums.,syntax,filler_gap_dependency,wh_questions_subject_gap,True,False,False,False,806,-87.55467224121094,-87.58840942382812,1
Most girls investigate this child that was running around some mountains.,Most girls investigate what this child was running around some mountains.,syntax,filler_gap_dependency,wh_questions_subject_gap,True,False,False,False,807,-74.78443145751953,-73.61985778808594,0
Tiffany notices this library that stunned Rachelle.,Tiffany notices who this library stunned Rachelle.,syntax,filler_gap_dependency,wh_questions_subject_gap,True,False,False,False,808,-87.54986572265625,-91.28140258789062,1
Brett knows many people that praised Tonya.,Brett knows who many people praised Tonya.,syntax,filler_gap_dependency,wh_questions_subject_gap,True,False,False,False,809,-66.2254638671875,-64.27854919433594,0
These teenagers think about some bread that hasn't bored Gerald.,These teenagers think about who some bread hasn't bored Gerald.,syntax,filler_gap_dependency,wh_questions_subject_gap,True,False,False,False,810,-79.28107452392578,-83.92900085449219,1
Many students discovered those windows that don't stun the waitress.,Many students discovered who those windows don't stun the waitress.,syntax,filler_gap_dependency,wh_questions_subject_gap,True,False,False,False,811,-80.68006896972656,-88.69935607910156,1
Regina discovers this face that hurts Natalie.,Regina discovers who this face hurts Natalie.,syntax,filler_gap_dependency,wh_questions_subject_gap,True,False,False,False,812,-63.95516586303711,-66.60646057128906,1
Mark researches those synopses that might praise Melanie.,Mark researches who those synopses might praise Melanie.,syntax,filler_gap_dependency,wh_questions_subject_gap,True,False,False,False,813,-96.88734436035156,-100.70127868652344,1
Most teachers noticed these guests that help James.,Most teachers noticed who these guests help James.,syntax,filler_gap_dependency,wh_questions_subject_gap,True,False,False,False,814,-64.99409484863281,-68.91508483886719,1
Jesus can discover those people that would break most cups.,Jesus can discover what those people would break most cups.,syntax,filler_gap_dependency,wh_questions_subject_gap,True,False,False,False,815,-73.12367248535156,-72.41029357910156,0
Vanessa did question the guys that escaped from Stephen.,Vanessa did question who the guys escaped from Stephen.,syntax,filler_gap_dependency,wh_questions_subject_gap,True,False,False,False,816,-71.56986999511719,-71.73914337158203,1
Curtis does see every movie theater that should distract these associations.,Curtis does see what every movie theater should distract these associations.,syntax,filler_gap_dependency,wh_questions_subject_gap,True,False,False,False,817,-94.53044128417969,-96.4781265258789,1
Andrea researched this documentary that was upsetting a dancer.,Andrea researched who this documentary was upsetting a dancer.,syntax,filler_gap_dependency,wh_questions_subject_gap,True,False,False,False,818,-72.49266052246094,-77.76868438720703,1
Tara investigated those patients that scanned this report.,Tara investigated what those patients scanned this report.,syntax,filler_gap_dependency,wh_questions_subject_gap,True,False,False,False,819,-70.3453140258789,-72.64143371582031,1
The students remember many commentaries that embarrassed this dancer.,The students remember who many commentaries embarrassed this dancer.,syntax,filler_gap_dependency,wh_questions_subject_gap,True,False,False,False,820,-91.40739440917969,-91.60566711425781,1
Some teachers hadn't questioned some offspring that hadn't cured Susan.,Some teachers hadn't questioned who some offspring hadn't cured Susan.,syntax,filler_gap_dependency,wh_questions_subject_gap,True,False,False,False,821,-88.75727844238281,-92.5953140258789,1
Nina does investigate guests that wouldn't skate around every hill.,Nina does investigate what guests wouldn't skate around every hill.,syntax,filler_gap_dependency,wh_questions_subject_gap,True,False,False,False,822,-87.24380493164062,-92.48158264160156,1
Kirsten discovers some sketch that hurts Scott.,Kirsten discovers who some sketch hurts Scott.,syntax,filler_gap_dependency,wh_questions_subject_gap,True,False,False,False,823,-72.52513122558594,-75.4375,1
Carol knows that doctor that is concealing every screen.,Carol knows what that doctor is concealing every screen.,syntax,filler_gap_dependency,wh_questions_subject_gap,True,False,False,False,824,-78.60324096679688,-76.22438049316406,0
All hospitals had remembered those movies that stun many students.,All hospitals had remembered who those movies stun many students.,syntax,filler_gap_dependency,wh_questions_subject_gap,True,False,False,False,825,-87.68510437011719,-92.89533996582031,1
Rose wouldn't notice the dogs that scare Bradley.,Rose wouldn't notice who the dogs scare Bradley.,syntax,filler_gap_dependency,wh_questions_subject_gap,True,False,False,False,826,-67.18923950195312,-68.92584228515625,1
Homer should discover a lot of oxen that irritate Ellen.,Homer should discover who a lot of oxen irritate Ellen.,syntax,filler_gap_dependency,wh_questions_subject_gap,True,False,False,False,827,-81.3597183227539,-85.41072082519531,1
Heidi questioned all people that were bothering Carlos.,Heidi questioned who all people were bothering Carlos.,syntax,filler_gap_dependency,wh_questions_subject_gap,True,False,False,False,828,-65.33084106445312,-68.4532470703125,1
Douglas hadn't questioned many doctors that were listening to Alicia.,Douglas hadn't questioned who many doctors were listening to Alicia.,syntax,filler_gap_dependency,wh_questions_subject_gap,True,False,False,False,829,-80.02300262451172,-80.42970275878906,1
Nicole saw the cucumber that would distract Denise.,Nicole saw who the cucumber would distract Denise.,syntax,filler_gap_dependency,wh_questions_subject_gap,True,False,False,False,830,-73.0191650390625,-75.49092864990234,1
Erin hasn't forgotten some ladies that aren't driving to some hospital.,Erin hasn't forgotten what some ladies aren't driving to some hospital.,syntax,filler_gap_dependency,wh_questions_subject_gap,True,False,False,False,831,-90.38638305664062,-90.51067352294922,1
Many doctors question some universities that embarrassed Maria.,Many doctors question who some universities embarrassed Maria.,syntax,filler_gap_dependency,wh_questions_subject_gap,True,False,False,False,832,-75.2769775390625,-77.26873016357422,1
All dancers aren't noticing some books that do annoy Beth.,All dancers aren't noticing who some books do annoy Beth.,syntax,filler_gap_dependency,wh_questions_subject_gap,True,False,False,False,833,-83.37667846679688,-89.56837463378906,1
Charles discovered some boys that aren't disagreeing with Meredith.,Charles discovered who some boys aren't disagreeing with Meredith.,syntax,filler_gap_dependency,wh_questions_subject_gap,True,False,False,False,834,-83.77082824707031,-83.23307037353516,0
Most waitresses couldn't notice a committee that can't appreciate many mountains.,Most waitresses couldn't notice what a committee can't appreciate many mountains.,syntax,filler_gap_dependency,wh_questions_subject_gap,True,False,False,False,835,-101.55793762207031,-99.83854675292969,0
These boys notice the turtle that hadn't distracted the Lutherans.,These boys notice who the turtle hadn't distracted the Lutherans.,syntax,filler_gap_dependency,wh_questions_subject_gap,True,False,False,False,836,-84.82925415039062,-88.12539672851562,1
Winston Churchill hasn't investigated most people that are hiring Tracy.,Winston Churchill hasn't investigated who most people are hiring Tracy.,syntax,filler_gap_dependency,wh_questions_subject_gap,True,False,False,False,837,-86.26142883300781,-91.64715576171875,1
Andrea forgot every lady that wasn't driving to a mountain.,Andrea forgot what every lady wasn't driving to a mountain.,syntax,filler_gap_dependency,wh_questions_subject_gap,True,False,False,False,838,-78.302978515625,-80.10446166992188,1
Samuel would investigate a lot of men that didn't explore the Great Lakes.,Samuel would investigate what a lot of men didn't explore the Great Lakes.,syntax,filler_gap_dependency,wh_questions_subject_gap,True,False,False,False,839,-81.71222686767578,-86.16526794433594,1
Vincent thinks about the skirt that scared Amy.,Vincent thinks about who the skirt scared Amy.,syntax,filler_gap_dependency,wh_questions_subject_gap,True,False,False,False,840,-61.69021987915039,-68.18431091308594,1
Bruce forgets the dancer that walks through a cafe.,Bruce forgets what the dancer walks through a cafe.,syntax,filler_gap_dependency,wh_questions_subject_gap,True,False,False,False,841,-73.9145278930664,-70.68290710449219,0
Debra wouldn't know those teenagers that distracted Alicia.,Debra wouldn't know who those teenagers distracted Alicia.,syntax,filler_gap_dependency,wh_questions_subject_gap,True,False,False,False,842,-82.60095977783203,-79.03033447265625,0
Debra knows some waiters that weren't investigating Tracy.,Debra knows who some waiters weren't investigating Tracy.,syntax,filler_gap_dependency,wh_questions_subject_gap,True,False,False,False,843,-85.87018585205078,-82.24320220947266,0
A lot of associations remember some malls that had embarrassed Julie.,A lot of associations remember who some malls had embarrassed Julie.,syntax,filler_gap_dependency,wh_questions_subject_gap,True,False,False,False,844,-87.22189331054688,-88.15878295898438,1
Many teachers know this waiter that didn't love Roger.,Many teachers know who this waiter didn't love Roger.,syntax,filler_gap_dependency,wh_questions_subject_gap,True,False,False,False,845,-68.66690063476562,-65.64116668701172,0
The Borgias questioned all teenagers that upsets Pamela.,The Borgias questioned who all teenagers upsets Pamela.,syntax,filler_gap_dependency,wh_questions_subject_gap,True,False,False,False,846,-87.12698364257812,-94.62051391601562,1
All drivers remember some cashiers that astound Amy.,All drivers remember who some cashiers astound Amy.,syntax,filler_gap_dependency,wh_questions_subject_gap,True,False,False,False,847,-88.79045867919922,-90.42254638671875,1
Becky can't question every man that is talking to Cheryl.,Becky can't question who every man is talking to Cheryl.,syntax,filler_gap_dependency,wh_questions_subject_gap,True,False,False,False,848,-71.8837661743164,-70.12366485595703,0
Sandra has investigated the teenager that can't confuse the Clintons.,Sandra has investigated who the teenager can't confuse the Clintons.,syntax,filler_gap_dependency,wh_questions_subject_gap,True,False,False,False,849,-76.32325744628906,-81.26220703125,1
Some women were noticing most museums that knew the Lutherans.,Some women were noticing who most museums knew the Lutherans.,syntax,filler_gap_dependency,wh_questions_subject_gap,True,False,False,False,850,-79.0512924194336,-80.31189727783203,1
A lot of cashiers know this driver that resembles every drawing.,A lot of cashiers know what this driver resembles every drawing.,syntax,filler_gap_dependency,wh_questions_subject_gap,True,False,False,False,851,-87.05538177490234,-84.74090576171875,0
That doctor had investigated these waiters that hadn't investigated Monet.,That doctor had investigated who these waiters hadn't investigated Monet.,syntax,filler_gap_dependency,wh_questions_subject_gap,True,False,False,False,852,-99.48368835449219,-100.36318969726562,1
Steve had remembered some people that took the computer.,Steve had remembered what some people took the computer.,syntax,filler_gap_dependency,wh_questions_subject_gap,True,False,False,False,853,-59.12262725830078,-59.55095672607422,1
Women discover the offspring that hadn't visited every mall.,Women discover what the offspring hadn't visited every mall.,syntax,filler_gap_dependency,wh_questions_subject_gap,True,False,False,False,854,-71.17312622070312,-73.50752258300781,1
Aaron questioned teenagers that weren't describing some movie theaters.,Aaron questioned what teenagers weren't describing some movie theaters.,syntax,filler_gap_dependency,wh_questions_subject_gap,True,False,False,False,855,-85.92399597167969,-85.39349365234375,0
Edward wouldn't notice many students that climb up the mountain.,Edward wouldn't notice what many students climb up the mountain.,syntax,filler_gap_dependency,wh_questions_subject_gap,True,False,False,False,856,-71.67224884033203,-69.14077758789062,0
That boy hadn't remembered some essays that bored Melissa.,That boy hadn't remembered who some essays bored Melissa.,syntax,filler_gap_dependency,wh_questions_subject_gap,True,False,False,False,857,-76.79716491699219,-80.36665344238281,1
Banks forgot those synopses that wouldn't disturb Richard.,Banks forgot who those synopses wouldn't disturb Richard.,syntax,filler_gap_dependency,wh_questions_subject_gap,True,False,False,False,858,-96.71534729003906,-98.5993881225586,1
Rhonda discovered every driver that appreciates Joel.,Rhonda discovered who every driver appreciates Joel.,syntax,filler_gap_dependency,wh_questions_subject_gap,True,False,False,False,859,-80.20309448242188,-84.86054992675781,1
Charles forgot every report that aggravated the people.,Charles forgot who every report aggravated the people.,syntax,filler_gap_dependency,wh_questions_subject_gap,True,False,False,False,860,-65.57475280761719,-66.7755126953125,1
Wayne forgets this woman that wasn't wearing some dresses.,Wayne forgets what this woman wasn't wearing some dresses.,syntax,filler_gap_dependency,wh_questions_subject_gap,True,False,False,False,861,-73.78590393066406,-76.79524230957031,1
This waiter hadn't known these guys that exited a mall.,This waiter hadn't known what these guys exited a mall.,syntax,filler_gap_dependency,wh_questions_subject_gap,True,False,False,False,862,-79.31129455566406,-78.772705078125,0
Laura questions some teenager that hasn't praised Naomi.,Laura questions who some teenager hasn't praised Naomi.,syntax,filler_gap_dependency,wh_questions_subject_gap,True,False,False,False,863,-80.17407989501953,-78.8382568359375,0
Charles hadn't questioned some woman that hasn't resembled a sketch.,Charles hadn't questioned what some woman hasn't resembled a sketch.,syntax,filler_gap_dependency,wh_questions_subject_gap,True,False,False,False,864,-84.55655670166016,-86.24555969238281,1
Anna isn't discovering most forks that confuse Jesus.,Anna isn't discovering who most forks confuse Jesus.,syntax,filler_gap_dependency,wh_questions_subject_gap,True,False,False,False,865,-78.12416076660156,-82.55876159667969,1
Some men question the universities that won't hire Anna.,Some men question who the universities won't hire Anna.,syntax,filler_gap_dependency,wh_questions_subject_gap,True,False,False,False,866,-73.26163482666016,-77.59110260009766,1
Debra hasn't discovered many series that stunned Gregory.,Debra hasn't discovered who many series stunned Gregory.,syntax,filler_gap_dependency,wh_questions_subject_gap,True,False,False,False,867,-77.39016723632812,-82.97846984863281,1
These adults discover a library that hadn't bored Jessica.,These adults discover who a library hadn't bored Jessica.,syntax,filler_gap_dependency,wh_questions_subject_gap,True,False,False,False,868,-77.68995666503906,-85.43709564208984,1
Melanie can't notice many cups that aren't confusing Allison.,Melanie can't notice who many cups aren't confusing Allison.,syntax,filler_gap_dependency,wh_questions_subject_gap,True,False,False,False,869,-83.33132934570312,-85.32552337646484,1
The children notice some mouse that distracts Sally.,The children notice who some mouse distracts Sally.,syntax,filler_gap_dependency,wh_questions_subject_gap,True,False,False,False,870,-72.65660858154297,-75.25564575195312,1
Pamela discovered many media that had disturbed Joel.,Pamela discovered who many media had disturbed Joel.,syntax,filler_gap_dependency,wh_questions_subject_gap,True,False,False,False,871,-76.70906829833984,-82.44743347167969,1
The Lutherans haven't questioned a lot of museums that remember Lisa.,The Lutherans haven't questioned who a lot of museums remember Lisa.,syntax,filler_gap_dependency,wh_questions_subject_gap,True,False,False,False,872,-82.3603515625,-86.87898254394531,1
Douglas noticed cucumbers that annoy Holly.,Douglas noticed who cucumbers annoy Holly.,syntax,filler_gap_dependency,wh_questions_subject_gap,True,False,False,False,873,-69.70365905761719,-75.38014221191406,1
Some guests might notice the species that aggravated that teenager.,Some guests might notice who the species aggravated that teenager.,syntax,filler_gap_dependency,wh_questions_subject_gap,True,False,False,False,874,-83.18103790283203,-87.74375915527344,1
Ella forgot that man that wasn't listening to Rebecca.,Ella forgot who that man wasn't listening to Rebecca.,syntax,filler_gap_dependency,wh_questions_subject_gap,True,False,False,False,875,-64.71429443359375,-66.58476257324219,1
The customers hadn't investigated that driver that was annoying Joseph.,The customers hadn't investigated who that driver was annoying Joseph.,syntax,filler_gap_dependency,wh_questions_subject_gap,True,False,False,False,876,-84.91694641113281,-87.80326843261719,1
The teacher wouldn't notice a lot of bicycles that haven't confused Spain.,The teacher wouldn't notice what a lot of bicycles haven't confused Spain.,syntax,filler_gap_dependency,wh_questions_subject_gap,True,False,False,False,877,-80.83365631103516,-83.44302368164062,1
Some teacher investigated schools that could irritate those teenagers.,Some teacher investigated who schools could irritate those teenagers.,syntax,filler_gap_dependency,wh_questions_subject_gap,True,False,False,False,878,-77.98094940185547,-82.0520248413086,1
An adult isn't researching every museum that fired all waiters.,An adult isn't researching who every museum fired all waiters.,syntax,filler_gap_dependency,wh_questions_subject_gap,True,False,False,False,879,-93.39750671386719,-96.33914184570312,1
Jane was discovering many pies that didn't alarm Laura.,Jane was discovering who many pies didn't alarm Laura.,syntax,filler_gap_dependency,wh_questions_subject_gap,True,False,False,False,880,-74.43313598632812,-78.17962646484375,1
Carol researches a diagnosis that alarmed Jerry.,Carol researches who a diagnosis alarmed Jerry.,syntax,filler_gap_dependency,wh_questions_subject_gap,True,False,False,False,881,-74.71482849121094,-76.88279724121094,1
Many guests investigate that waitress that was taking some carriage.,Many guests investigate what that waitress was taking some carriage.,syntax,filler_gap_dependency,wh_questions_subject_gap,True,False,False,False,882,-83.22417449951172,-80.91212463378906,0
Becca knew drivers that are skated around a river.,Becca knew what drivers are skated around a river.,syntax,filler_gap_dependency,wh_questions_subject_gap,True,False,False,False,883,-83.38323974609375,-78.65618896484375,0
Sarah is discovering the muffin that isn't annoying Marcus.,Sarah is discovering who the muffin isn't annoying Marcus.,syntax,filler_gap_dependency,wh_questions_subject_gap,True,False,False,False,884,-77.23716735839844,-79.47848510742188,1
Margaret hadn't noticed rice that bores Gina.,Margaret hadn't noticed who rice bores Gina.,syntax,filler_gap_dependency,wh_questions_subject_gap,True,False,False,False,885,-77.82424926757812,-80.08824157714844,1
Wayne had remembered some man that was appreciating a lot of teachers.,Wayne had remembered who some man was appreciating a lot of teachers.,syntax,filler_gap_dependency,wh_questions_subject_gap,True,False,False,False,886,-85.10249328613281,-85.79862976074219,1
Some government has known an alumnus that cares for Lissa.,Some government has known who an alumnus cares for Lissa.,syntax,filler_gap_dependency,wh_questions_subject_gap,True,False,False,False,887,-89.72254943847656,-93.30274963378906,1
Barbara knew all children that fixed some window.,Barbara knew what all children fixed some window.,syntax,filler_gap_dependency,wh_questions_subject_gap,True,False,False,False,888,-69.24649047851562,-70.99089050292969,1
Becca researched that phenomenon that does disgust Valerie.,Becca researched who that phenomenon does disgust Valerie.,syntax,filler_gap_dependency,wh_questions_subject_gap,True,False,False,False,889,-91.35010528564453,-91.61878967285156,1
Mark researches this ellipsis that is impressing some association.,Mark researches what this ellipsis is impressing some association.,syntax,filler_gap_dependency,wh_questions_subject_gap,True,False,False,False,890,-96.58200073242188,-101.57656860351562,1
Cynthia can't investigate this child that is observing all actors.,Cynthia can't investigate who this child is observing all actors.,syntax,filler_gap_dependency,wh_questions_subject_gap,True,False,False,False,891,-88.74433898925781,-89.6141357421875,1
Carol had thought about that means that isn't worrying Grace.,Carol had thought about who that means isn't worrying Grace.,syntax,filler_gap_dependency,wh_questions_subject_gap,True,False,False,False,892,-76.40623474121094,-81.20172119140625,1
Tamara would forget every newspaper article that resembles some paintings.,Tamara would forget what every newspaper article resembles some paintings.,syntax,filler_gap_dependency,wh_questions_subject_gap,True,False,False,False,893,-88.68720245361328,-89.63343811035156,1
Thomas had known the waiter that didn't think about some windows.,Thomas had known what the waiter didn't think about some windows.,syntax,filler_gap_dependency,wh_questions_subject_gap,True,False,False,False,894,-69.62614440917969,-68.80107879638672,0
Monica notices these dresses that aren't upsetting Deborah.,Monica notices who these dresses aren't upsetting Deborah.,syntax,filler_gap_dependency,wh_questions_subject_gap,True,False,False,False,895,-79.51304626464844,-82.16911315917969,1
This waiter wasn't noticing these eyes that were upsetting Bill.,This waiter wasn't noticing who these eyes were upsetting Bill.,syntax,filler_gap_dependency,wh_questions_subject_gap,True,False,False,False,896,-76.12742614746094,-77.4073486328125,1
Most ladies notice all waitresses that couldn't complain about current events.,Most ladies notice what all waitresses couldn't complain about current events.,syntax,filler_gap_dependency,wh_questions_subject_gap,True,False,False,False,897,-98.52069091796875,-98.05104064941406,0
Amy will think about some dancers that found this computer.,Amy will think about what some dancers found this computer.,syntax,filler_gap_dependency,wh_questions_subject_gap,True,False,False,False,898,-66.37294006347656,-69.32919311523438,1
Some man investigates the committee that has referenced Kirsten.,Some man investigates who the committee has referenced Kirsten.,syntax,filler_gap_dependency,wh_questions_subject_gap,True,False,False,False,899,-79.59720611572266,-86.89459228515625,1
Michael hadn't seen every snake that can alarm Pamela.,Michael hadn't seen who every snake can alarm Pamela.,syntax,filler_gap_dependency,wh_questions_subject_gap,True,False,False,False,900,-75.97319030761719,-80.08618927001953,1
Those teenagers discover that door that could confuse some committee.,Those teenagers discover what that door could confuse some committee.,syntax,filler_gap_dependency,wh_questions_subject_gap,True,False,False,False,901,-79.69065856933594,-80.53688049316406,1
Most dancers research a basis that had scared Lisa.,Most dancers research who a basis had scared Lisa.,syntax,filler_gap_dependency,wh_questions_subject_gap,True,False,False,False,902,-80.68895721435547,-86.4193115234375,1
Brian hadn't noticed the fish that shouldn't worry Peter.,Brian hadn't noticed who the fish shouldn't worry Peter.,syntax,filler_gap_dependency,wh_questions_subject_gap,True,False,False,False,903,-68.48078918457031,-73.12359619140625,1
Susan discovers the mouse that is upsetting Christopher.,Susan discovers who the mouse is upsetting Christopher.,syntax,filler_gap_dependency,wh_questions_subject_gap,True,False,False,False,904,-62.81035614013672,-67.89471435546875,1
This teacher couldn't question that boy that wasn't fixing planes.,This teacher couldn't question what that boy wasn't fixing planes.,syntax,filler_gap_dependency,wh_questions_subject_gap,True,False,False,False,905,-75.82909393310547,-75.90486145019531,1
Some pedestrian investigates a child that hasn't watched Denise.,Some pedestrian investigates who a child hasn't watched Denise.,syntax,filler_gap_dependency,wh_questions_subject_gap,True,False,False,False,906,-75.8198471069336,-83.15829467773438,1
Melinda hadn't investigated some woman that is touring some public park.,Melinda hadn't investigated what some woman is touring some public park.,syntax,filler_gap_dependency,wh_questions_subject_gap,True,False,False,False,907,-95.67225646972656,-100.12694549560547,1
Tonya knew the child that hadn't upset the Borgias.,Tonya knew who the child hadn't upset the Borgias.,syntax,filler_gap_dependency,wh_questions_subject_gap,True,False,False,False,908,-81.61019897460938,-80.88516998291016,0
The Lutherans investigate a lot of actresses that bought some book.,The Lutherans investigate what a lot of actresses bought some book.,syntax,filler_gap_dependency,wh_questions_subject_gap,True,False,False,False,909,-76.89381408691406,-80.41303253173828,1
Deanna does forget that actress that is walking through all lakes.,Deanna does forget what that actress is walking through all lakes.,syntax,filler_gap_dependency,wh_questions_subject_gap,True,False,False,False,910,-89.94377136230469,-91.52943420410156,1
Mary would research some brochures that hadn't disagreed with Larry.,Mary would research who some brochures hadn't disagreed with Larry.,syntax,filler_gap_dependency,wh_questions_subject_gap,True,False,False,False,911,-83.86819458007812,-91.00325012207031,1
Janet won't remember all teachers that talk to Kendra.,Janet won't remember who all teachers talk to Kendra.,syntax,filler_gap_dependency,wh_questions_subject_gap,True,False,False,False,912,-76.80615234375,-75.48474884033203,0
Travis was investigating those teachers that aren't referencing Sharon.,Travis was investigating who those teachers aren't referencing Sharon.,syntax,filler_gap_dependency,wh_questions_subject_gap,True,False,False,False,913,-82.86740112304688,-84.65745544433594,1
Cheryl has discovered that computer that isn't impressing Stephanie.,Cheryl has discovered who that computer isn't impressing Stephanie.,syntax,filler_gap_dependency,wh_questions_subject_gap,True,False,False,False,914,-90.85840606689453,-96.38813781738281,1
All senators discover this chicken that has aggravated Nicole.,All senators discover who this chicken has aggravated Nicole.,syntax,filler_gap_dependency,wh_questions_subject_gap,True,False,False,False,915,-84.77083587646484,-85.48651123046875,1
Some boys haven't seen stairs that will scare Carol.,Some boys haven't seen who stairs will scare Carol.,syntax,filler_gap_dependency,wh_questions_subject_gap,True,False,False,False,916,-69.15385437011719,-70.96407318115234,1
Kathleen hadn't forgotten a synopsis that hasn't aggravated Wayne.,Kathleen hadn't forgotten who a synopsis hasn't aggravated Wayne.,syntax,filler_gap_dependency,wh_questions_subject_gap,True,False,False,False,917,-97.64707946777344,-102.2262191772461,1
Michael was thinking about every ladder that annoyed Edward.,Michael was thinking about who every ladder annoyed Edward.,syntax,filler_gap_dependency,wh_questions_subject_gap,True,False,False,False,918,-68.586181640625,-73.62155151367188,1
Jason wasn't thinking about some stimulus that isn't scaring Danielle.,Jason wasn't thinking about who some stimulus isn't scaring Danielle.,syntax,filler_gap_dependency,wh_questions_subject_gap,True,False,False,False,919,-86.21113586425781,-92.15965270996094,1
Steven is questioning every government that can sell this bank.,Steven is questioning what every government can sell this bank.,syntax,filler_gap_dependency,wh_questions_subject_gap,True,False,False,False,920,-70.3829116821289,-72.09991455078125,1
People forget the play that hadn't shocked Sally.,People forget who the play hadn't shocked Sally.,syntax,filler_gap_dependency,wh_questions_subject_gap,True,False,False,False,921,-66.48863220214844,-72.8458480834961,1
Some senator investigates some women that do heal Allison.,Some senator investigates who some women do heal Allison.,syntax,filler_gap_dependency,wh_questions_subject_gap,True,False,False,False,922,-79.81742858886719,-85.9971923828125,1
Jerry notices the coat that bored Aaron.,Jerry notices who the coat bored Aaron.,syntax,filler_gap_dependency,wh_questions_subject_gap,True,False,False,False,923,-62.813720703125,-67.28703308105469,1
Many doctors see all guests that have lifted this library.,Many doctors see what all guests have lifted this library.,syntax,filler_gap_dependency,wh_questions_subject_gap,True,False,False,False,924,-70.45173645019531,-72.2047119140625,1
That customer discovers many snakes that climbed down those ladders.,That customer discovers what many snakes climbed down those ladders.,syntax,filler_gap_dependency,wh_questions_subject_gap,True,False,False,False,925,-80.35983276367188,-79.56060028076172,0
Legislatures know a lot of doctors that broke the windows.,Legislatures know what a lot of doctors broke the windows.,syntax,filler_gap_dependency,wh_questions_subject_gap,True,False,False,False,926,-88.31912994384766,-87.81640625,0
Paula hadn't thought about most banks that can't listen to Brenda.,Paula hadn't thought about who most banks can't listen to Brenda.,syntax,filler_gap_dependency,wh_questions_subject_gap,True,False,False,False,927,-83.0235595703125,-88.247802734375,1
Eric was discovering every shoe that upset a government.,Eric was discovering what every shoe upset a government.,syntax,filler_gap_dependency,wh_questions_subject_gap,True,False,False,False,928,-72.398681640625,-77.97380065917969,1
Robert thinks about some ellipses that hadn't alarmed some man.,Robert thinks about who some ellipses hadn't alarmed some man.,syntax,filler_gap_dependency,wh_questions_subject_gap,True,False,False,False,929,-94.02742004394531,-99.38101959228516,1
Some actresses notice some adults that hadn't climbed down some mountain.,Some actresses notice what some adults hadn't climbed down some mountain.,syntax,filler_gap_dependency,wh_questions_subject_gap,True,False,False,False,930,-86.2334213256836,-91.17033386230469,1
All pedestrians think about some spinach that resembles this sketch.,All pedestrians think about what some spinach resembles this sketch.,syntax,filler_gap_dependency,wh_questions_subject_gap,True,False,False,False,931,-78.25743865966797,-83.20064544677734,1
All dancers discovered the children that had complained about Marla.,All dancers discovered who the children had complained about Marla.,syntax,filler_gap_dependency,wh_questions_subject_gap,True,False,False,False,932,-72.12858581542969,-76.70188903808594,1
Janet didn't see cats that should disturb Carl.,Janet didn't see who cats should disturb Carl.,syntax,filler_gap_dependency,wh_questions_subject_gap,True,False,False,False,933,-68.5345458984375,-71.11972045898438,1
Many actors think about every school that won't hate Beverly.,Many actors think about who every school won't hate Beverly.,syntax,filler_gap_dependency,wh_questions_subject_gap,True,False,False,False,934,-75.7248764038086,-81.05004119873047,1
Sonia discovered a drawing that wouldn't bother Clyde.,Sonia discovered who a drawing wouldn't bother Clyde.,syntax,filler_gap_dependency,wh_questions_subject_gap,True,False,False,False,935,-70.49578857421875,-77.57318878173828,1
Curtis wasn't investigating those committees that hadn't impressed Grace.,Curtis wasn't investigating who those committees hadn't impressed Grace.,syntax,filler_gap_dependency,wh_questions_subject_gap,True,False,False,False,936,-88.98593139648438,-95.87718200683594,1
These waitresses forget many stories that were hurting Elaine.,These waitresses forget who many stories were hurting Elaine.,syntax,filler_gap_dependency,wh_questions_subject_gap,True,False,False,False,937,-88.40411376953125,-86.76824188232422,0
A lot of committees remember some teenagers that were concealing Sharon.,A lot of committees remember who some teenagers were concealing Sharon.,syntax,filler_gap_dependency,wh_questions_subject_gap,True,False,False,False,938,-90.40868377685547,-90.82707214355469,1
Nancy forgot every lady that was healing Jesus.,Nancy forgot who every lady was healing Jesus.,syntax,filler_gap_dependency,wh_questions_subject_gap,True,False,False,False,939,-69.26799011230469,-72.37078094482422,1
Cheryl doesn't see a shoe that looked like a drawing.,Cheryl doesn't see what a shoe looked like a drawing.,syntax,filler_gap_dependency,wh_questions_subject_gap,True,False,False,False,940,-70.03643798828125,-73.27902221679688,1
Monica should forget many girls that kissed that teenager.,Monica should forget who many girls kissed that teenager.,syntax,filler_gap_dependency,wh_questions_subject_gap,True,False,False,False,941,-81.03888702392578,-78.41987609863281,0
Laurie discovered those trucks that stun Carrie.,Laurie discovered who those trucks stun Carrie.,syntax,filler_gap_dependency,wh_questions_subject_gap,True,False,False,False,942,-80.94268798828125,-88.86280822753906,1
The women hadn't questioned a committee that would help Nina.,The women hadn't questioned who a committee would help Nina.,syntax,filler_gap_dependency,wh_questions_subject_gap,True,False,False,False,943,-68.33763122558594,-70.00812530517578,1
Margaret discovers that deer that does disturb Scott.,Margaret discovers who that deer does disturb Scott.,syntax,filler_gap_dependency,wh_questions_subject_gap,True,False,False,False,944,-68.80303955078125,-72.2118911743164,1
Homer has thought about that synopsis that insulted Donna.,Homer has thought about who that synopsis insulted Donna.,syntax,filler_gap_dependency,wh_questions_subject_gap,True,False,False,False,945,-84.72954559326172,-85.60121154785156,1
Margaret hadn't discovered many lamps that didn't embarrass Lissa.,Margaret hadn't discovered who many lamps didn't embarrass Lissa.,syntax,filler_gap_dependency,wh_questions_subject_gap,True,False,False,False,946,-88.0597915649414,-93.80209350585938,1
Timothy had researched the rivers that haven't embarrassed this school.,Timothy had researched what the rivers haven't embarrassed this school.,syntax,filler_gap_dependency,wh_questions_subject_gap,True,False,False,False,947,-89.3591079711914,-94.05052185058594,1
Janet saw that chicken that hasn't impressed the teacher.,Janet saw who that chicken hasn't impressed the teacher.,syntax,filler_gap_dependency,wh_questions_subject_gap,True,False,False,False,948,-73.00543212890625,-76.8926773071289,1
Gary forgot a dancer that insults Phillip.,Gary forgot who a dancer insults Phillip.,syntax,filler_gap_dependency,wh_questions_subject_gap,True,False,False,False,949,-66.76171875,-69.48457336425781,1
Most teachers see every screen that does impress Christopher.,Most teachers see who every screen does impress Christopher.,syntax,filler_gap_dependency,wh_questions_subject_gap,True,False,False,False,950,-75.7098159790039,-80.1100082397461,1
Nicole was discovering a lot of mountains that didn't shock a boy.,Nicole was discovering who a lot of mountains didn't shock a boy.,syntax,filler_gap_dependency,wh_questions_subject_gap,True,False,False,False,951,-76.80546569824219,-86.82408905029297,1
Teachers question the person that will forget many stories.,Teachers question what the person will forget many stories.,syntax,filler_gap_dependency,wh_questions_subject_gap,True,False,False,False,952,-64.53176879882812,-64.56855773925781,1
Carolyn discovered a lot of skirts that aggravate Amanda.,Carolyn discovered who a lot of skirts aggravate Amanda.,syntax,filler_gap_dependency,wh_questions_subject_gap,True,False,False,False,953,-75.5347671508789,-82.19654846191406,1
These teachers remember the alumni that were kissing this teenager.,These teachers remember who the alumni were kissing this teenager.,syntax,filler_gap_dependency,wh_questions_subject_gap,True,False,False,False,954,-73.31188201904297,-73.0228271484375,0
Pamela was discovering a box that has worried Marla.,Pamela was discovering who a box has worried Marla.,syntax,filler_gap_dependency,wh_questions_subject_gap,True,False,False,False,955,-86.7174301147461,-94.91992950439453,1
Roger forgot children that disgusts Andrea.,Roger forgot who children disgusts Andrea.,syntax,filler_gap_dependency,wh_questions_subject_gap,True,False,False,False,956,-73.12922668457031,-73.47317504882812,1
Janice doesn't forget this synopsis that hasn't described Martin.,Janice doesn't forget who this synopsis hasn't described Martin.,syntax,filler_gap_dependency,wh_questions_subject_gap,True,False,False,False,957,-82.85806274414062,-82.49029541015625,0
Lori forgot some guest that hasn't fired Eric.,Lori forgot who some guest hasn't fired Eric.,syntax,filler_gap_dependency,wh_questions_subject_gap,True,False,False,False,958,-73.6444320678711,-76.51741027832031,1
This actor can question the libraries that had resembled the print.,This actor can question what the libraries had resembled the print.,syntax,filler_gap_dependency,wh_questions_subject_gap,True,False,False,False,959,-81.13775634765625,-81.58377075195312,1
A lot of actresses question the lady that cleaned those forks.,A lot of actresses question what the lady cleaned those forks.,syntax,filler_gap_dependency,wh_questions_subject_gap,True,False,False,False,960,-75.86700439453125,-78.07249450683594,1
Teresa notices pants that resembled those drawings.,Teresa notices what pants resembled those drawings.,syntax,filler_gap_dependency,wh_questions_subject_gap,True,False,False,False,961,-72.26899719238281,-71.2515869140625,0
Patrick notices that screen that is worrying Melissa.,Patrick notices who that screen is worrying Melissa.,syntax,filler_gap_dependency,wh_questions_subject_gap,True,False,False,False,962,-65.07878112792969,-70.69820404052734,1
The Clintons hadn't discovered that scarf that embarrasses Mark.,The Clintons hadn't discovered who that scarf embarrasses Mark.,syntax,filler_gap_dependency,wh_questions_subject_gap,True,False,False,False,963,-87.06478881835938,-95.15791320800781,1
Carl won't question this museum that has disliked Frank.,Carl won't question who this museum has disliked Frank.,syntax,filler_gap_dependency,wh_questions_subject_gap,True,False,False,False,964,-77.30780792236328,-76.28585815429688,0
Grace should see most couches that haven't distracted Ronald.,Grace should see who most couches haven't distracted Ronald.,syntax,filler_gap_dependency,wh_questions_subject_gap,True,False,False,False,965,-87.39014434814453,-85.50106811523438,0
Stacy wouldn't see the waitress that scared Mark.,Stacy wouldn't see who the waitress scared Mark.,syntax,filler_gap_dependency,wh_questions_subject_gap,True,False,False,False,966,-66.55770874023438,-70.19932556152344,1
Nicole remembered every glacier that has impressed all universities.,Nicole remembered what every glacier has impressed all universities.,syntax,filler_gap_dependency,wh_questions_subject_gap,True,False,False,False,967,-87.42200469970703,-87.81356048583984,1
Tracy had known most alumni that will upset Marcus.,Tracy had known who most alumni will upset Marcus.,syntax,filler_gap_dependency,wh_questions_subject_gap,True,False,False,False,968,-79.6077880859375,-80.38972473144531,1
All pedestrians notice the teenager that climbs down that slope.,All pedestrians notice what the teenager climbs down that slope.,syntax,filler_gap_dependency,wh_questions_subject_gap,True,False,False,False,969,-83.94624328613281,-81.38009643554688,0
Most teenagers weren't questioning some patient that had returned to Beverly.,Most teenagers weren't questioning who some patient had returned to Beverly.,syntax,filler_gap_dependency,wh_questions_subject_gap,True,False,False,False,970,-86.905517578125,-90.80720520019531,1
Amelia thinks about those prints that stun every hospital.,Amelia thinks about what those prints stun every hospital.,syntax,filler_gap_dependency,wh_questions_subject_gap,True,False,False,False,971,-80.32406616210938,-83.143310546875,1
Carmen questioned every customer that hadn't aggravated the Clintons.,Carmen questioned who every customer hadn't aggravated the Clintons.,syntax,filler_gap_dependency,wh_questions_subject_gap,True,False,False,False,972,-86.57390594482422,-88.24746704101562,1
Danielle hadn't noticed every museum that scared James.,Danielle hadn't noticed who every museum scared James.,syntax,filler_gap_dependency,wh_questions_subject_gap,True,False,False,False,973,-79.02302551269531,-84.72313690185547,1
Kathleen shouldn't see those restaurants that had worried the cashier.,Kathleen shouldn't see who those restaurants had worried the cashier.,syntax,filler_gap_dependency,wh_questions_subject_gap,True,False,False,False,974,-88.53044891357422,-91.4602279663086,1
Carl does question children that hadn't seen these socks.,Carl does question what children hadn't seen these socks.,syntax,filler_gap_dependency,wh_questions_subject_gap,True,False,False,False,975,-69.77842712402344,-69.5538101196289,0
Heather thinks about the spotlight that hasn't worried Carmen.,Heather thinks about who the spotlight hasn't worried Carmen.,syntax,filler_gap_dependency,wh_questions_subject_gap,True,False,False,False,976,-77.56095886230469,-80.61817932128906,1
Jacqueline questioned those associations that liked these chairs.,Jacqueline questioned what those associations liked these chairs.,syntax,filler_gap_dependency,wh_questions_subject_gap,True,False,False,False,977,-73.92729187011719,-72.17794799804688,0
Most girls won't question some actors that don't clean a screen.,Most girls won't question what some actors don't clean a screen.,syntax,filler_gap_dependency,wh_questions_subject_gap,True,False,False,False,978,-78.2105712890625,-81.03109741210938,1
Diana wouldn't know most adults that wouldn't disturb a museum.,Diana wouldn't know what most adults wouldn't disturb a museum.,syntax,filler_gap_dependency,wh_questions_subject_gap,True,False,False,False,979,-79.96380615234375,-78.34892272949219,0
Theodore questions every waitress that hadn't criticized the hills.,Theodore questions what every waitress hadn't criticized the hills.,syntax,filler_gap_dependency,wh_questions_subject_gap,True,False,False,False,980,-87.76852416992188,-89.00218963623047,1
Timothy can't think about this museum that shouldn't have all coats.,Timothy can't think about what this museum shouldn't have all coats.,syntax,filler_gap_dependency,wh_questions_subject_gap,True,False,False,False,981,-79.1801528930664,-82.59752655029297,1
Actors forget every driver that hadn't broken a lot of bikes.,Actors forget what every driver hadn't broken a lot of bikes.,syntax,filler_gap_dependency,wh_questions_subject_gap,True,False,False,False,982,-76.57899475097656,-79.34921264648438,1
Christina was researching every legislature that shouldn't fire the waiter.,Christina was researching who every legislature shouldn't fire the waiter.,syntax,filler_gap_dependency,wh_questions_subject_gap,True,False,False,False,983,-84.47140502929688,-89.44440460205078,1
Winston Churchill researches this cafe that alarms Kendra.,Winston Churchill researches who this cafe alarms Kendra.,syntax,filler_gap_dependency,wh_questions_subject_gap,True,False,False,False,984,-92.63385009765625,-95.44915771484375,1
Some girls haven't questioned a waitress that had disliked William.,Some girls haven't questioned who a waitress had disliked William.,syntax,filler_gap_dependency,wh_questions_subject_gap,True,False,False,False,985,-77.03973388671875,-76.55731201171875,0
Janet investigated some schools that aren't worrying Tamara.,Janet investigated who some schools aren't worrying Tamara.,syntax,filler_gap_dependency,wh_questions_subject_gap,True,False,False,False,986,-83.83193969726562,-90.25321197509766,1
Deanna forgot the boy that isn't complaining about Theresa.,Deanna forgot who the boy isn't complaining about Theresa.,syntax,filler_gap_dependency,wh_questions_subject_gap,True,False,False,False,987,-73.72813415527344,-76.48868560791016,1
Karla is discovering a lot of bananas that distract every teenager.,Karla is discovering who a lot of bananas distract every teenager.,syntax,filler_gap_dependency,wh_questions_subject_gap,True,False,False,False,988,-85.80193328857422,-98.5008544921875,1
Phillip thinks about those crises that were stunning the Borgias.,Phillip thinks about who those crises were stunning the Borgias.,syntax,filler_gap_dependency,wh_questions_subject_gap,True,False,False,False,989,-99.47006225585938,-97.965087890625,0
Janice can see all mountains that are embarrassing Barbara.,Janice can see who all mountains are embarrassing Barbara.,syntax,filler_gap_dependency,wh_questions_subject_gap,True,False,False,False,990,-75.05242156982422,-80.24163055419922,1
Most people shouldn't see most rabbits that couldn't embarrass a teenager.,Most people shouldn't see who most rabbits couldn't embarrass a teenager.,syntax,filler_gap_dependency,wh_questions_subject_gap,True,False,False,False,991,-78.25192260742188,-77.38375854492188,0
Liam wouldn't research the university that had respected some museums.,Liam wouldn't research what the university had respected some museums.,syntax,filler_gap_dependency,wh_questions_subject_gap,True,False,False,False,992,-89.6065444946289,-93.82135009765625,1
Many waiters investigate the university that fires these adults.,Many waiters investigate who the university fires these adults.,syntax,filler_gap_dependency,wh_questions_subject_gap,True,False,False,False,993,-84.42764282226562,-89.16571044921875,1
Linda is thinking about some men that criticize Beth.,Linda is thinking about who some men criticize Beth.,syntax,filler_gap_dependency,wh_questions_subject_gap,True,False,False,False,994,-66.27068328857422,-68.2704086303711,1
The Borgias discover gloves that were disgusting Donna.,The Borgias discover who gloves were disgusting Donna.,syntax,filler_gap_dependency,wh_questions_subject_gap,True,False,False,False,995,-83.67573547363281,-87.01239013671875,1
Monica saw every dancer that wouldn't look like every print.,Monica saw what every dancer wouldn't look like every print.,syntax,filler_gap_dependency,wh_questions_subject_gap,True,False,False,False,996,-82.93638610839844,-80.7171859741211,0
Valerie questions a library that listened to Beth.,Valerie questions who a library listened to Beth.,syntax,filler_gap_dependency,wh_questions_subject_gap,True,False,False,False,997,-74.15322875976562,-80.78875732421875,1
Jane wasn't researching the means that wasn't distracting Larry.,Jane wasn't researching who the means wasn't distracting Larry.,syntax,filler_gap_dependency,wh_questions_subject_gap,True,False,False,False,998,-74.41686248779297,-83.05459594726562,1
Rose will notice some cake that was bothering a student.,Rose will notice who some cake was bothering a student.,syntax,filler_gap_dependency,wh_questions_subject_gap,True,False,False,False,999,-72.71351623535156,-75.4873046875,1
