sentence_good,sentence_bad,field,linguistics_term,UID,simple_LM_method,one_prefix_method,two_prefix_method,lexically_identical,pair_id,good_prob,bad_prob,correct
A niece of most senators hasn't descended most slopes.,A niece of most senators haven't descended most slopes.,morphology,subject_verb_agreement,distractor_agreement_relational_noun,True,True,False,False,0,-88.44073486328125,-85.939453125,0
The sketch of those trucks hasn't hurt Alan.,The sketch of those trucks haven't hurt Alan.,morphology,subject_verb_agreement,distractor_agreement_relational_noun,True,True,False,False,1,-68.75257873535156,-68.69628143310547,0
A newspaper article about the Borgias has disagreed with Marcus.,A newspaper article about the Borgias have disagreed with Marcus.,morphology,subject_verb_agreement,distractor_agreement_relational_noun,True,True,False,False,2,-73.85313415527344,-74.83047485351562,1
The niece of most guests has cleaned every college campus.,The niece of most guests have cleaned every college campus.,morphology,subject_verb_agreement,distractor_agreement_relational_noun,True,True,False,False,3,-70.1812744140625,-67.83036041259766,0
A sketch of lights doesn't appear.,A sketch of lights don't appear.,morphology,subject_verb_agreement,distractor_agreement_relational_noun,True,True,False,False,4,-44.2006721496582,-43.4482307434082,0
The movies about Galileo were astounding Melanie.,The movies about Galileo was astounding Melanie.,morphology,subject_verb_agreement,distractor_agreement_relational_noun,True,True,False,False,5,-66.04122161865234,-63.589271545410156,0
A cousin of a lot of dancers anticipates Naomi to aggravate Angela.,A cousin of a lot of dancers anticipate Naomi to aggravate Angela.,morphology,subject_verb_agreement,distractor_agreement_relational_noun,True,True,False,False,6,-95.13882446289062,-92.6165771484375,0
A movie about the Impressionists hasn't scared Harvard University.,A movie about the Impressionists haven't scared Harvard University.,morphology,subject_verb_agreement,distractor_agreement_relational_noun,True,True,False,False,7,-79.721435546875,-76.94639587402344,0
The pamphlets about Galileo are winning.,The pamphlets about Galileo is winning.,morphology,subject_verb_agreement,distractor_agreement_relational_noun,True,True,False,False,8,-53.66741180419922,-52.080291748046875,0
The daughter of those senators works with Patrick.,The daughter of those senators work with Patrick.,morphology,subject_verb_agreement,distractor_agreement_relational_noun,True,True,False,False,9,-57.054203033447266,-54.99188232421875,0
A story about the Balkans doesn't irritate a person.,A story about the Balkans don't irritate a person.,morphology,subject_verb_agreement,distractor_agreement_relational_noun,True,True,False,False,10,-54.518436431884766,-54.493133544921875,0
The sisters of Timothy judge Randolf to weep.,The sisters of Timothy judges Randolf to weep.,morphology,subject_verb_agreement,distractor_agreement_relational_noun,True,True,False,False,11,-75.84915924072266,-76.31524658203125,1
The daughter of the Lutherans hasn't argued about that waitress.,The daughter of the Lutherans haven't argued about that waitress.,morphology,subject_verb_agreement,distractor_agreement_relational_noun,True,True,False,False,12,-81.26467895507812,-80.24122619628906,0
A nephew of senators is wanting to murmur.,A nephew of senators were wanting to murmur.,morphology,subject_verb_agreement,distractor_agreement_relational_noun,True,True,False,False,13,-59.88609313964844,-58.67744064331055,0
The prints of that high school are impressing Helen.,The prints of that high school was impressing Helen.,morphology,subject_verb_agreement,distractor_agreement_relational_noun,True,True,False,False,14,-70.6950454711914,-70.62709045410156,0
A report about the Impressionists has won.,A report about the Impressionists have won.,morphology,subject_verb_agreement,distractor_agreement_relational_noun,True,True,False,False,15,-53.03857421875,-50.421722412109375,0
The grandsons of Douglas chuckle.,The grandsons of Douglas chuckles.,morphology,subject_verb_agreement,distractor_agreement_relational_noun,True,True,False,False,16,-52.59056091308594,-50.73887634277344,0
The mothers of Mary seem to shrink.,The mothers of Mary seems to shrink.,morphology,subject_verb_agreement,distractor_agreement_relational_noun,True,True,False,False,17,-45.116458892822266,-44.40693283081055,0
The books about Winston Churchill do look like paintings.,The books about Winston Churchill does look like paintings.,morphology,subject_verb_agreement,distractor_agreement_relational_noun,True,True,False,False,18,-60.870723724365234,-58.274208068847656,0
The sketches of some dancer do bore these girls.,The sketches of some dancer does bore these girls.,morphology,subject_verb_agreement,distractor_agreement_relational_noun,True,True,False,False,19,-68.88275146484375,-69.30620574951172,1
The daughter of most actresses is observing Christina.,The daughter of most actresses were observing Christina.,morphology,subject_verb_agreement,distractor_agreement_relational_noun,True,True,False,False,20,-60.207923889160156,-60.911930084228516,1
A story about the Lutherans hasn't won.,A story about the Lutherans haven't won.,morphology,subject_verb_agreement,distractor_agreement_relational_noun,True,True,False,False,21,-54.63557434082031,-53.52668380737305,0
The friends of every person do fix some cups.,The friends of every person does fix some cups.,morphology,subject_verb_agreement,distractor_agreement_relational_noun,True,True,False,False,22,-63.34136199951172,-62.43561553955078,0
A father of guys was passing most college campuses.,A father of guys are passing most college campuses.,morphology,subject_verb_agreement,distractor_agreement_relational_noun,True,True,False,False,23,-65.404296875,-63.724342346191406,0
The commentaries about music do disgust Kayla.,The commentaries about music does disgust Kayla.,morphology,subject_verb_agreement,distractor_agreement_relational_noun,True,True,False,False,24,-69.35585021972656,-68.3617935180664,0
The grandfathers of Diana drink.,The grandfathers of Diana drinks.,morphology,subject_verb_agreement,distractor_agreement_relational_noun,True,True,False,False,25,-43.37963104248047,-43.10459899902344,0
The daughters of Wayne don't exit art galleries.,The daughters of Wayne doesn't exit art galleries.,morphology,subject_verb_agreement,distractor_agreement_relational_noun,True,True,False,False,26,-62.23867416381836,-63.399295806884766,1
The pamphlets about art aggravate Sherry.,The pamphlets about art aggravates Sherry.,morphology,subject_verb_agreement,distractor_agreement_relational_noun,True,True,False,False,27,-65.08089447021484,-63.91228485107422,0
A granddaughter of the Impressionists wasn't lifting a convertible.,A granddaughter of the Impressionists aren't lifting a convertible.,morphology,subject_verb_agreement,distractor_agreement_relational_noun,True,True,False,False,28,-76.00133514404297,-73.69426727294922,0
The granddaughters of Walter have boasted about a teenager.,The granddaughters of Walter has boasted about a teenager.,morphology,subject_verb_agreement,distractor_agreement_relational_noun,True,True,False,False,29,-69.72798156738281,-67.57472229003906,0
The reports about art are scaring Melissa.,The reports about art was scaring Melissa.,morphology,subject_verb_agreement,distractor_agreement_relational_noun,True,True,False,False,30,-63.299720764160156,-62.32164001464844,0
A brochure about the Balkans doesn't impress Erin.,A brochure about the Balkans don't impress Erin.,morphology,subject_verb_agreement,distractor_agreement_relational_noun,True,True,False,False,31,-68.23170471191406,-67.73887634277344,0
The sons of Victoria long to waste away.,The sons of Victoria longs to waste away.,morphology,subject_verb_agreement,distractor_agreement_relational_noun,True,True,False,False,32,-53.53924560546875,-59.60574722290039,1
The report about the Impressionists hasn't sounded like Joel.,The report about the Impressionists haven't sounded like Joel.,morphology,subject_verb_agreement,distractor_agreement_relational_noun,True,True,False,False,33,-73.36378479003906,-70.16804504394531,0
The commentaries about politics have bothered this senator.,The commentaries about politics has bothered this senator.,morphology,subject_verb_agreement,distractor_agreement_relational_noun,True,True,False,False,34,-61.77145004272461,-61.19123077392578,0
A son of some actors spurs the actress to aggravate the child.,A son of some actors spur the actress to aggravate the child.,morphology,subject_verb_agreement,distractor_agreement_relational_noun,True,True,False,False,35,-82.18043518066406,-76.68223571777344,0
The shows about Monet weren't scaring Liam.,The shows about Monet wasn't scaring Liam.,morphology,subject_verb_agreement,distractor_agreement_relational_noun,True,True,False,False,36,-76.87263488769531,-76.0302505493164,0
The granddaughters of Michelle do shrug.,The granddaughters of Michelle does shrug.,morphology,subject_verb_agreement,distractor_agreement_relational_noun,True,True,False,False,37,-59.273258209228516,-60.068607330322266,1
The painting of a lot of sweaters resembles some drawings.,The painting of a lot of sweaters resemble some drawings.,morphology,subject_verb_agreement,distractor_agreement_relational_noun,True,True,False,False,38,-64.38648986816406,-63.983673095703125,0
The pamphlets about Winston Churchill have resembled those photographs.,The pamphlets about Winston Churchill has resembled those photographs.,morphology,subject_verb_agreement,distractor_agreement_relational_noun,True,True,False,False,39,-74.58551025390625,-73.01594543457031,0
The drawing of these pants exists.,The drawing of these pants exist.,morphology,subject_verb_agreement,distractor_agreement_relational_noun,True,True,False,False,40,-45.365135192871094,-42.65327453613281,0
The grandsons of Theodore are pressuring Steven's supervisors to flee from Maria.,The grandsons of Theodore is pressuring Steven's supervisors to flee from Maria.,morphology,subject_verb_agreement,distractor_agreement_relational_noun,True,True,False,False,41,-108.05899047851562,-104.87757110595703,0
The granddaughters of Amanda hug Noah.,The granddaughters of Amanda hugs Noah.,morphology,subject_verb_agreement,distractor_agreement_relational_noun,True,True,False,False,42,-60.9864616394043,-58.66459655761719,0
The plays about Harvard University weren't worrying Douglas.,The plays about Harvard University wasn't worrying Douglas.,morphology,subject_verb_agreement,distractor_agreement_relational_noun,True,True,False,False,43,-73.69512939453125,-69.99565124511719,0
The stories about literature have irritated Clyde.,The stories about literature has irritated Clyde.,morphology,subject_verb_agreement,distractor_agreement_relational_noun,True,True,False,False,44,-57.69184494018555,-57.694854736328125,1
A story about the Impressionists worries all teachers.,A story about the Impressionists worry all teachers.,morphology,subject_verb_agreement,distractor_agreement_relational_noun,True,True,False,False,45,-61.18122863769531,-62.78364944458008,1
The print of all tomatoes hasn't shocked Barbara.,The print of all tomatoes haven't shocked Barbara.,morphology,subject_verb_agreement,distractor_agreement_relational_noun,True,True,False,False,46,-72.8074951171875,-70.87120056152344,0
A pamphlet about the Borgias aggravates Helen.,A pamphlet about the Borgias aggravate Helen.,morphology,subject_verb_agreement,distractor_agreement_relational_noun,True,True,False,False,47,-69.16117095947266,-69.49440002441406,1
The mother of those dancers has researched those documentaries.,The mother of those dancers have researched those documentaries.,morphology,subject_verb_agreement,distractor_agreement_relational_noun,True,True,False,False,48,-62.27278137207031,-60.165565490722656,0
The mothers of Cheryl do bake.,The mothers of Cheryl does bake.,morphology,subject_verb_agreement,distractor_agreement_relational_noun,True,True,False,False,49,-53.13780975341797,-53.574867248535156,1
The paintings of Donna have upset every guest.,The paintings of Donna has upset every guest.,morphology,subject_verb_agreement,distractor_agreement_relational_noun,True,True,False,False,50,-62.82579040527344,-60.71683120727539,0
A book about the Impressionists does resemble every photograph.,A book about the Impressionists do resemble every photograph.,morphology,subject_verb_agreement,distractor_agreement_relational_noun,True,True,False,False,51,-71.37167358398438,-69.7585220336914,0
The brochure about the Impressionists doesn't disturb that girl.,The brochure about the Impressionists don't disturb that girl.,morphology,subject_verb_agreement,distractor_agreement_relational_noun,True,True,False,False,52,-75.26465606689453,-72.65872192382812,0
The sons of a guy do fail to eat.,The sons of a guy does fail to eat.,morphology,subject_verb_agreement,distractor_agreement_relational_noun,True,True,False,False,53,-54.03254699707031,-52.62451171875,0
The mother of the pedestrians isn't arriving at some closets.,The mother of the pedestrians weren't arriving at some closets.,morphology,subject_verb_agreement,distractor_agreement_relational_noun,True,True,False,False,54,-69.13977813720703,-68.09962463378906,0
The report about the Impressionists doesn't disagree with Rose.,The report about the Impressionists don't disagree with Rose.,morphology,subject_verb_agreement,distractor_agreement_relational_noun,True,True,False,False,55,-71.3169174194336,-67.23745727539062,0
The nieces of Gerald were crying.,The nieces of Gerald was crying.,morphology,subject_verb_agreement,distractor_agreement_relational_noun,True,True,False,False,56,-53.58491897583008,-51.24809646606445,0
The reports about Jesus have disappeared.,The reports about Jesus has disappeared.,morphology,subject_verb_agreement,distractor_agreement_relational_noun,True,True,False,False,57,-39.846046447753906,-38.90680694580078,0
A daughter of a lot of waiters speaks up.,A daughter of a lot of waiters speak up.,morphology,subject_verb_agreement,distractor_agreement_relational_noun,True,True,False,False,58,-59.959190368652344,-52.251922607421875,0
The nieces of Rachel discover this nose.,The nieces of Rachel discovers this nose.,morphology,subject_verb_agreement,distractor_agreement_relational_noun,True,True,False,False,59,-65.09254455566406,-63.81730651855469,0
The essays about Spain were disgusting Laurie.,The essays about Spain is disgusting Laurie.,morphology,subject_verb_agreement,distractor_agreement_relational_noun,True,True,False,False,60,-64.44207000732422,-59.946502685546875,0
The father of many pedestrians washes.,The father of many pedestrians wash.,morphology,subject_verb_agreement,distractor_agreement_relational_noun,True,True,False,False,61,-46.83256912231445,-46.87750244140625,1
A painting of most photographs wasn't hurting Becky.,A painting of most photographs weren't hurting Becky.,morphology,subject_verb_agreement,distractor_agreement_relational_noun,True,True,False,False,62,-67.57967376708984,-67.71231079101562,1
A sister of some children doesn't swallow.,A sister of some children don't swallow.,morphology,subject_verb_agreement,distractor_agreement_relational_noun,True,True,False,False,63,-50.34739685058594,-47.59534454345703,0
The newspaper articles about Harvard University do disturb Brian.,The newspaper articles about Harvard University does disturb Brian.,morphology,subject_verb_agreement,distractor_agreement_relational_noun,True,True,False,False,64,-66.87318420410156,-67.04510498046875,1
The prints of this icicle upset Stacy.,The prints of this icicle upsets Stacy.,morphology,subject_verb_agreement,distractor_agreement_relational_noun,True,True,False,False,65,-70.55998229980469,-72.8557357788086,1
The book about the Lutherans does sound like Guy.,The book about the Lutherans do sound like Guy.,morphology,subject_verb_agreement,distractor_agreement_relational_noun,True,True,False,False,66,-65.98001098632812,-65.58895111083984,0
The grandmothers of Heather aren't obliging Kathleen to walk through every cafe.,The grandmothers of Heather isn't obliging Kathleen to walk through every cafe.,morphology,subject_verb_agreement,distractor_agreement_relational_noun,True,True,False,False,67,-100.64855194091797,-97.15089416503906,0
A father of these patients intends to embarrass Gary.,A father of these patients intend to embarrass Gary.,morphology,subject_verb_agreement,distractor_agreement_relational_noun,True,True,False,False,68,-63.90594482421875,-63.06724548339844,0
A grandson of most doctors hasn't believed Wayne to walk through a public park.,A grandson of most doctors haven't believed Wayne to walk through a public park.,morphology,subject_verb_agreement,distractor_agreement_relational_noun,True,True,False,False,69,-94.1422119140625,-91.17426300048828,0
The painting of a lot of eggplants has worried Spain.,The painting of a lot of eggplants have worried Spain.,morphology,subject_verb_agreement,distractor_agreement_relational_noun,True,True,False,False,70,-78.02511596679688,-77.48721313476562,0
The nieces of the girl negotiate.,The nieces of the girl negotiates.,morphology,subject_verb_agreement,distractor_agreement_relational_noun,True,True,False,False,71,-52.03484344482422,-52.135005950927734,1
The grandmothers of Jennifer do regret Daniel will threaten to go to this art gallery.,The grandmothers of Jennifer does regret Daniel will threaten to go to this art gallery.,morphology,subject_verb_agreement,distractor_agreement_relational_noun,True,True,False,False,72,-103.75714111328125,-101.31982421875,0
The granddaughters of Anna do describe Gerald.,The granddaughters of Anna does describe Gerald.,morphology,subject_verb_agreement,distractor_agreement_relational_noun,True,True,False,False,73,-64.20904541015625,-65.32118225097656,1
The report about the Great Lakes is astounding Todd.,The report about the Great Lakes are astounding Todd.,morphology,subject_verb_agreement,distractor_agreement_relational_noun,True,True,False,False,74,-61.165775299072266,-63.00220489501953,1
The shows about Spain do aggravate Christina.,The shows about Spain does aggravate Christina.,morphology,subject_verb_agreement,distractor_agreement_relational_noun,True,True,False,False,75,-68.93229675292969,-68.09522247314453,0
The photograph of jackets hasn't resembled some print.,The photograph of jackets haven't resembled some print.,morphology,subject_verb_agreement,distractor_agreement_relational_noun,True,True,False,False,76,-67.9793701171875,-66.59648132324219,0
The story about the Clintons doesn't hurt Rose.,The story about the Clintons don't hurt Rose.,morphology,subject_verb_agreement,distractor_agreement_relational_noun,True,True,False,False,77,-54.71082305908203,-55.182918548583984,1
The cousins of Martin are worrying that guest.,The cousins of Martin is worrying that guest.,morphology,subject_verb_agreement,distractor_agreement_relational_noun,True,True,False,False,78,-58.60478591918945,-57.87767028808594,0
The son of some waitresses wasn't wondering who begged Julia to practice.,The son of some waitresses weren't wondering who begged Julia to practice.,morphology,subject_verb_agreement,distractor_agreement_relational_noun,True,True,False,False,79,-95.73097229003906,-92.57633972167969,0
A granddaughter of the pedestrians isn't leaving.,A granddaughter of the pedestrians aren't leaving.,morphology,subject_verb_agreement,distractor_agreement_relational_noun,True,True,False,False,80,-55.977455139160156,-53.54281997680664,0
The commentary about the Impressionists hurts Joel.,The commentary about the Impressionists hurt Joel.,morphology,subject_verb_agreement,distractor_agreement_relational_noun,True,True,False,False,81,-61.829254150390625,-61.19899368286133,0
A daughter of most pedestrians knows Lisa.,A daughter of most pedestrians know Lisa.,morphology,subject_verb_agreement,distractor_agreement_relational_noun,True,True,False,False,82,-59.28446578979492,-56.52517318725586,0
A newspaper article about the Balkans isn't bothering a teacher.,A newspaper article about the Balkans weren't bothering a teacher.,morphology,subject_verb_agreement,distractor_agreement_relational_noun,True,True,False,False,83,-62.77642059326172,-64.45115661621094,1
The documentary about the Clintons doesn't upset Lawrence.,The documentary about the Clintons don't upset Lawrence.,morphology,subject_verb_agreement,distractor_agreement_relational_noun,True,True,False,False,84,-60.745201110839844,-60.520835876464844,0
The brochures about Galileo were vanishing.,The brochures about Galileo was vanishing.,morphology,subject_verb_agreement,distractor_agreement_relational_noun,True,True,False,False,85,-52.855323791503906,-51.135902404785156,0
The newspaper articles about Galileo appear.,The newspaper articles about Galileo appears.,morphology,subject_verb_agreement,distractor_agreement_relational_noun,True,True,False,False,86,-44.939998626708984,-43.796302795410156,0
The picture of many college campuses does look like drawings.,The picture of many college campuses do look like drawings.,morphology,subject_verb_agreement,distractor_agreement_relational_noun,True,True,False,False,87,-62.92156982421875,-60.20683288574219,0
The show about the Borgias hasn't annoyed Mark.,The show about the Borgias haven't annoyed Mark.,morphology,subject_verb_agreement,distractor_agreement_relational_noun,True,True,False,False,88,-76.76762390136719,-75.53543090820312,0
The brochures about Winston Churchill don't win.,The brochures about Winston Churchill doesn't win.,morphology,subject_verb_agreement,distractor_agreement_relational_noun,True,True,False,False,89,-56.028053283691406,-54.99864959716797,0
A commentary about the Clintons doesn't disagree.,A commentary about the Clintons don't disagree.,morphology,subject_verb_agreement,distractor_agreement_relational_noun,True,True,False,False,90,-47.93147277832031,-46.938987731933594,0
The essays about Spain hurt Brenda.,The essays about Spain hurts Brenda.,morphology,subject_verb_agreement,distractor_agreement_relational_noun,True,True,False,False,91,-57.5622673034668,-56.95027160644531,0
The daughters of Charles do think about what darkens.,The daughters of Charles does think about what darkens.,morphology,subject_verb_agreement,distractor_agreement_relational_noun,True,True,False,False,92,-64.7723388671875,-66.84213256835938,1
The print of many doctors hasn't upset Wendy.,The print of many doctors haven't upset Wendy.,morphology,subject_verb_agreement,distractor_agreement_relational_noun,True,True,False,False,93,-67.05506134033203,-66.19367980957031,0
The pictures of Cindy don't waste away.,The pictures of Cindy doesn't waste away.,morphology,subject_verb_agreement,distractor_agreement_relational_noun,True,True,False,False,94,-44.61216735839844,-44.77592468261719,1
The grandson of the teachers isn't singing.,The grandson of the teachers weren't singing.,morphology,subject_verb_agreement,distractor_agreement_relational_noun,True,True,False,False,95,-48.48211669921875,-46.41399383544922,0
The nephew of many waiters learns.,The nephew of many waiters learn.,morphology,subject_verb_agreement,distractor_agreement_relational_noun,True,True,False,False,96,-51.893524169921875,-48.17760467529297,0
The reports about politics don't stun libraries.,The reports about politics doesn't stun libraries.,morphology,subject_verb_agreement,distractor_agreement_relational_noun,True,True,False,False,97,-63.411277770996094,-62.66790008544922,0
A daughter of these actors does dare Randolf to discover this mountain.,A daughter of these actors do dare Randolf to discover this mountain.,morphology,subject_verb_agreement,distractor_agreement_relational_noun,True,True,False,False,98,-105.32345581054688,-100.02729797363281,0
The plays about Spain don't bother Holly.,The plays about Spain doesn't bother Holly.,morphology,subject_verb_agreement,distractor_agreement_relational_noun,True,True,False,False,99,-64.40045928955078,-63.6514892578125,0
The essays about Jesus weren't shocking Monet.,The essays about Jesus wasn't shocking Monet.,morphology,subject_verb_agreement,distractor_agreement_relational_noun,True,True,False,False,100,-70.38330078125,-67.26039123535156,0
A story about the Impressionists bothers Scott.,A story about the Impressionists bother Scott.,morphology,subject_verb_agreement,distractor_agreement_relational_noun,True,True,False,False,101,-59.36787033081055,-59.590763092041016,1
The commentaries about politics do distract Carol.,The commentaries about politics does distract Carol.,morphology,subject_verb_agreement,distractor_agreement_relational_noun,True,True,False,False,102,-61.844215393066406,-61.82221984863281,0
The commentary about the Clintons hasn't irritated Cindy.,The commentary about the Clintons haven't irritated Cindy.,morphology,subject_verb_agreement,distractor_agreement_relational_noun,True,True,False,False,103,-65.34603118896484,-64.31106567382812,0
A drawing of many peppers doesn't hurt Lisa.,A drawing of many peppers don't hurt Lisa.,morphology,subject_verb_agreement,distractor_agreement_relational_noun,True,True,False,False,104,-68.0186996459961,-66.17986297607422,0
The daughter of those women anticipates a jacket to shrink.,The daughter of those women anticipate a jacket to shrink.,morphology,subject_verb_agreement,distractor_agreement_relational_noun,True,True,False,False,105,-70.0177230834961,-65.64503479003906,0
The daughters of Bruce don't beg Aaron to compromise.,The daughters of Bruce doesn't beg Aaron to compromise.,morphology,subject_verb_agreement,distractor_agreement_relational_noun,True,True,False,False,106,-70.7913818359375,-71.28245544433594,1
The books about Galileo are annoying Sandra.,The books about Galileo is annoying Sandra.,morphology,subject_verb_agreement,distractor_agreement_relational_noun,True,True,False,False,107,-60.54498291015625,-58.77016067504883,0
A commentary about the Balkans hasn't alarmed many ladies.,A commentary about the Balkans haven't alarmed many ladies.,morphology,subject_verb_agreement,distractor_agreement_relational_noun,True,True,False,False,108,-70.01836395263672,-67.9518814086914,0
The pictures of Walter do disturb Mary.,The pictures of Walter does disturb Mary.,morphology,subject_verb_agreement,distractor_agreement_relational_noun,True,True,False,False,109,-50.33032989501953,-51.79059982299805,1
The book about the Lutherans wastes away.,The book about the Lutherans waste away.,morphology,subject_verb_agreement,distractor_agreement_relational_noun,True,True,False,False,110,-56.94519805908203,-54.75788116455078,0
The book about the Great Lakes worries Theresa.,The book about the Great Lakes worry Theresa.,morphology,subject_verb_agreement,distractor_agreement_relational_noun,True,True,False,False,111,-58.640228271484375,-55.971580505371094,0
A pamphlet about the Lutherans does alarm Nicole.,A pamphlet about the Lutherans do alarm Nicole.,morphology,subject_verb_agreement,distractor_agreement_relational_noun,True,True,False,False,112,-75.60588073730469,-72.78558349609375,0
A painting of some horses has disturbed Steven.,A painting of some horses have disturbed Steven.,morphology,subject_verb_agreement,distractor_agreement_relational_noun,True,True,False,False,113,-65.15255737304688,-64.23088836669922,0
The picture of the shirts isn't astounding Frank.,The picture of the shirts weren't astounding Frank.,morphology,subject_verb_agreement,distractor_agreement_relational_noun,True,True,False,False,114,-63.45769500732422,-63.036983489990234,0
The fathers of Anne depart.,The fathers of Anne departs.,morphology,subject_verb_agreement,distractor_agreement_relational_noun,True,True,False,False,115,-41.233314514160156,-42.50746536254883,1
A movie about the Great Lakes embarrasses Jacqueline.,A movie about the Great Lakes embarrass Jacqueline.,morphology,subject_verb_agreement,distractor_agreement_relational_noun,True,True,False,False,116,-65.0609359741211,-60.56317901611328,0
The print of all teenagers doesn't look like this photograph.,The print of all teenagers don't look like this photograph.,morphology,subject_verb_agreement,distractor_agreement_relational_noun,True,True,False,False,117,-59.20121383666992,-57.828060150146484,0
The photographs of Florence haven't disappeared.,The photographs of Florence hasn't disappeared.,morphology,subject_verb_agreement,distractor_agreement_relational_noun,True,True,False,False,118,-41.49519348144531,-41.374000549316406,0
The nieces of Ellen do regret some guy isn't spinning around.,The nieces of Ellen does regret some guy isn't spinning around.,morphology,subject_verb_agreement,distractor_agreement_relational_noun,True,True,False,False,119,-96.4381103515625,-95.25065612792969,0
The grandfather of most drivers hasn't failed to fire Eric.,The grandfather of most drivers haven't failed to fire Eric.,morphology,subject_verb_agreement,distractor_agreement_relational_noun,True,True,False,False,120,-77.04182434082031,-74.17994689941406,0
The plays about art have alarmed Mitchell.,The plays about art has alarmed Mitchell.,morphology,subject_verb_agreement,distractor_agreement_relational_noun,True,True,False,False,121,-66.38982391357422,-64.86019897460938,0
The grandsons of Janet speak up.,The grandsons of Janet speaks up.,morphology,subject_verb_agreement,distractor_agreement_relational_noun,True,True,False,False,122,-55.43889617919922,-58.92705535888672,1
A pamphlet about the Balkans hasn't astounded Monica.,A pamphlet about the Balkans haven't astounded Monica.,morphology,subject_verb_agreement,distractor_agreement_relational_noun,True,True,False,False,123,-71.75110626220703,-68.90769958496094,0
The grandmothers of James don't boycott the lake.,The grandmothers of James doesn't boycott the lake.,morphology,subject_verb_agreement,distractor_agreement_relational_noun,True,True,False,False,124,-62.094818115234375,-62.52761459350586,1
The grandson of a lot of customers is cleaning a restaurant.,The grandson of a lot of customers were cleaning a restaurant.,morphology,subject_verb_agreement,distractor_agreement_relational_noun,True,True,False,False,125,-58.210205078125,-57.13188934326172,0
The drawings of this spinach are appearing.,The drawings of this spinach was appearing.,morphology,subject_verb_agreement,distractor_agreement_relational_noun,True,True,False,False,126,-49.265342712402344,-50.5369987487793,1
The movies about Monet aren't impressing a driver.,The movies about Monet wasn't impressing a driver.,morphology,subject_verb_agreement,distractor_agreement_relational_noun,True,True,False,False,127,-70.99384307861328,-71.51930236816406,1
The nieces of Tanya don't boycott committees.,The nieces of Tanya doesn't boycott committees.,morphology,subject_verb_agreement,distractor_agreement_relational_noun,True,True,False,False,128,-72.54409790039062,-74.4314193725586,1
A brother of most drivers doesn't study.,A brother of most drivers don't study.,morphology,subject_verb_agreement,distractor_agreement_relational_noun,True,True,False,False,129,-56.15446853637695,-50.128807067871094,0
The stories about Galileo do hurt Caroline.,The stories about Galileo does hurt Caroline.,morphology,subject_verb_agreement,distractor_agreement_relational_noun,True,True,False,False,130,-59.958946228027344,-57.28529357910156,0
The grandmothers of Emily don't propose to play.,The grandmothers of Emily doesn't propose to play.,morphology,subject_verb_agreement,distractor_agreement_relational_noun,True,True,False,False,131,-58.512718200683594,-58.2260856628418,0
The plays about travel confuse Veronica.,The plays about travel confuses Veronica.,morphology,subject_verb_agreement,distractor_agreement_relational_noun,True,True,False,False,132,-60.948726654052734,-64.70347595214844,1
The documentaries about Monet were distracting most universities.,The documentaries about Monet is distracting most universities.,morphology,subject_verb_agreement,distractor_agreement_relational_noun,True,True,False,False,133,-72.24896240234375,-69.15341186523438,0
The grandmother of a lot of dancers replies.,The grandmother of a lot of dancers reply.,morphology,subject_verb_agreement,distractor_agreement_relational_noun,True,True,False,False,134,-49.07334518432617,-50.57202911376953,1
The photographs of Marie are boring Winston Churchill.,The photographs of Marie is boring Winston Churchill.,morphology,subject_verb_agreement,distractor_agreement_relational_noun,True,True,False,False,135,-63.73128890991211,-61.54669189453125,0
A granddaughter of the Impressionists flees from Sabrina.,A granddaughter of the Impressionists flee from Sabrina.,morphology,subject_verb_agreement,distractor_agreement_relational_noun,True,True,False,False,136,-69.8017349243164,-64.21932983398438,0
A commentary about the Impressionists hasn't embarrassed Jane.,A commentary about the Impressionists haven't embarrassed Jane.,morphology,subject_verb_agreement,distractor_agreement_relational_noun,True,True,False,False,137,-72.50692749023438,-69.59866333007812,0
The story about the Lutherans doesn't sound like Wayne.,The story about the Lutherans don't sound like Wayne.,morphology,subject_verb_agreement,distractor_agreement_relational_noun,True,True,False,False,138,-65.59529113769531,-65.8006362915039,1
A documentary about the Lutherans does bore Frank.,A documentary about the Lutherans do bore Frank.,morphology,subject_verb_agreement,distractor_agreement_relational_noun,True,True,False,False,139,-70.17366027832031,-69.33720397949219,0
The newspaper articles about Jesus resemble some drawing.,The newspaper articles about Jesus resembles some drawing.,morphology,subject_verb_agreement,distractor_agreement_relational_noun,True,True,False,False,140,-58.30180740356445,-58.60350036621094,1
The commentaries about science are embarrassing Alicia.,The commentaries about science is embarrassing Alicia.,morphology,subject_verb_agreement,distractor_agreement_relational_noun,True,True,False,False,141,-62.016326904296875,-60.13925552368164,0
The newspaper article about the Borgias doesn't worry Carl.,The newspaper article about the Borgias don't worry Carl.,morphology,subject_verb_agreement,distractor_agreement_relational_noun,True,True,False,False,142,-76.95135498046875,-73.49991607666016,0
A granddaughter of a lot of girls was wanting to practice.,A granddaughter of a lot of girls were wanting to practice.,morphology,subject_verb_agreement,distractor_agreement_relational_noun,True,True,False,False,143,-53.966468811035156,-52.65141296386719,0
The sketch of scarves wastes away.,The sketch of scarves waste away.,morphology,subject_verb_agreement,distractor_agreement_relational_noun,True,True,False,False,144,-51.16694641113281,-50.66545104980469,0
The commentary about the Impressionists disgusts all drivers.,The commentary about the Impressionists disgust all drivers.,morphology,subject_verb_agreement,distractor_agreement_relational_noun,True,True,False,False,145,-73.81132507324219,-69.69142150878906,0
The newspaper article about the Borgias distracts Diana.,The newspaper article about the Borgias distract Diana.,morphology,subject_verb_agreement,distractor_agreement_relational_noun,True,True,False,False,146,-68.75009155273438,-70.07954406738281,1
The mothers of Melissa don't urge Valerie to win.,The mothers of Melissa doesn't urge Valerie to win.,morphology,subject_verb_agreement,distractor_agreement_relational_noun,True,True,False,False,147,-67.93151092529297,-67.82354736328125,0
The movies about science weren't distracting Stephanie.,The movies about science wasn't distracting Stephanie.,morphology,subject_verb_agreement,distractor_agreement_relational_noun,True,True,False,False,148,-64.46296691894531,-61.47792053222656,0
The documentaries about Spain don't astound Anna.,The documentaries about Spain doesn't astound Anna.,morphology,subject_verb_agreement,distractor_agreement_relational_noun,True,True,False,False,149,-67.08969116210938,-66.64375305175781,0
A story about the Lutherans is annoying a lot of boys.,A story about the Lutherans are annoying a lot of boys.,morphology,subject_verb_agreement,distractor_agreement_relational_noun,True,True,False,False,150,-71.30994415283203,-70.36463928222656,0
The movie about the Impressionists isn't annoying every guy.,The movie about the Impressionists weren't annoying every guy.,morphology,subject_verb_agreement,distractor_agreement_relational_noun,True,True,False,False,151,-72.17865753173828,-71.4679183959961,0
The report about the Lutherans does stun Andrew.,The report about the Lutherans do stun Andrew.,morphology,subject_verb_agreement,distractor_agreement_relational_noun,True,True,False,False,152,-74.31658935546875,-74.50228881835938,1
The friend of many doctors was motivating Jennifer to die.,The friend of many doctors are motivating Jennifer to die.,morphology,subject_verb_agreement,distractor_agreement_relational_noun,True,True,False,False,153,-66.92686462402344,-64.88177490234375,0
The drawings of Carlos were upsetting the Clintons.,The drawings of Carlos is upsetting the Clintons.,morphology,subject_verb_agreement,distractor_agreement_relational_noun,True,True,False,False,154,-62.42100524902344,-58.40079879760742,0
A grandmother of those actresses does mutter.,A grandmother of those actresses do mutter.,morphology,subject_verb_agreement,distractor_agreement_relational_noun,True,True,False,False,155,-64.65260314941406,-60.024356842041016,0
The friend of the teenagers was firing Lawrence.,The friend of the teenagers were firing Lawrence.,morphology,subject_verb_agreement,distractor_agreement_relational_noun,True,True,False,False,156,-52.874114990234375,-52.48362731933594,0
A pamphlet about the Great Lakes irritates Emily.,A pamphlet about the Great Lakes irritate Emily.,morphology,subject_verb_agreement,distractor_agreement_relational_noun,True,True,False,False,157,-63.5415153503418,-64.298095703125,1
The essay about the Clintons was boring Todd.,The essay about the Clintons were boring Todd.,morphology,subject_verb_agreement,distractor_agreement_relational_noun,True,True,False,False,158,-62.62986373901367,-63.45502853393555,1
The commentaries about Monet were winning.,The commentaries about Monet was winning.,morphology,subject_verb_agreement,distractor_agreement_relational_noun,True,True,False,False,159,-52.497337341308594,-50.39241409301758,0
A photograph of unicycles does upset Vincent.,A photograph of unicycles do upset Vincent.,morphology,subject_verb_agreement,distractor_agreement_relational_noun,True,True,False,False,160,-69.58135223388672,-66.39295959472656,0
The pictures of Erin don't embarrass Eric.,The pictures of Erin doesn't embarrass Eric.,morphology,subject_verb_agreement,distractor_agreement_relational_noun,True,True,False,False,161,-54.77156066894531,-55.340728759765625,1
The plays about science don't confuse Sharon.,The plays about science doesn't confuse Sharon.,morphology,subject_verb_agreement,distractor_agreement_relational_noun,True,True,False,False,162,-61.59246826171875,-61.01034927368164,0
The documentary about the Impressionists wasn't astounding Cynthia.,The documentary about the Impressionists aren't astounding Cynthia.,morphology,subject_verb_agreement,distractor_agreement_relational_noun,True,True,False,False,163,-74.52891540527344,-73.05270385742188,0
The drawings of some cake shock doctors.,The drawings of some cake shocks doctors.,morphology,subject_verb_agreement,distractor_agreement_relational_noun,True,True,False,False,164,-59.847450256347656,-63.13088607788086,1
The grandmothers of Larry do yearn to explore this hill.,The grandmothers of Larry does yearn to explore this hill.,morphology,subject_verb_agreement,distractor_agreement_relational_noun,True,True,False,False,165,-77.12785339355469,-76.52906799316406,0
The daughters of Christine do study.,The daughters of Christine does study.,morphology,subject_verb_agreement,distractor_agreement_relational_noun,True,True,False,False,166,-42.61919021606445,-45.061832427978516,1
The report about the Borgias hasn't impressed Jane.,The report about the Borgias haven't impressed Jane.,morphology,subject_verb_agreement,distractor_agreement_relational_noun,True,True,False,False,167,-73.291259765625,-71.55712890625,0
The sons of Noah have boycotted a cafe.,The sons of Noah has boycotted a cafe.,morphology,subject_verb_agreement,distractor_agreement_relational_noun,True,True,False,False,168,-68.59713745117188,-69.32001495361328,1
The brochures about Galileo do resemble that print.,The brochures about Galileo does resemble that print.,morphology,subject_verb_agreement,distractor_agreement_relational_noun,True,True,False,False,169,-68.37054443359375,-66.81831359863281,0
A print of many carts exists.,A print of many carts exist.,morphology,subject_verb_agreement,distractor_agreement_relational_noun,True,True,False,False,170,-48.46356201171875,-45.51310729980469,0
The grandfather of most drivers doesn't look to debate.,The grandfather of most drivers don't look to debate.,morphology,subject_verb_agreement,distractor_agreement_relational_noun,True,True,False,False,171,-65.412353515625,-60.50667953491211,0
The newspaper article about current events impresses Brett.,The newspaper article about current events impress Brett.,morphology,subject_verb_agreement,distractor_agreement_relational_noun,True,True,False,False,172,-63.52023696899414,-63.34068298339844,0
The stories about art don't disturb Jill.,The stories about art doesn't disturb Jill.,morphology,subject_verb_agreement,distractor_agreement_relational_noun,True,True,False,False,173,-52.41050720214844,-51.27975082397461,0
The brochures about science are disgusting Emily.,The brochures about science is disgusting Emily.,morphology,subject_verb_agreement,distractor_agreement_relational_noun,True,True,False,False,174,-62.426063537597656,-60.59339904785156,0
The essays about Galileo do irritate Jeffrey.,The essays about Galileo does irritate Jeffrey.,morphology,subject_verb_agreement,distractor_agreement_relational_noun,True,True,False,False,175,-66.70668029785156,-65.92108154296875,0
The cousins of Scott help Cynthia.,The cousins of Scott helps Cynthia.,morphology,subject_verb_agreement,distractor_agreement_relational_noun,True,True,False,False,176,-50.62680435180664,-51.168678283691406,1
The paintings of every sketch do look like Erin.,The paintings of every sketch does look like Erin.,morphology,subject_verb_agreement,distractor_agreement_relational_noun,True,True,False,False,177,-65.77466583251953,-62.029300689697266,0
The photograph of some pies does impress Tonya.,The photograph of some pies do impress Tonya.,morphology,subject_verb_agreement,distractor_agreement_relational_noun,True,True,False,False,178,-70.25665283203125,-69.17012023925781,0
The sisters of Bradley aren't neglecting to astound Anne.,The sisters of Bradley isn't neglecting to astound Anne.,morphology,subject_verb_agreement,distractor_agreement_relational_noun,True,True,False,False,179,-78.6243896484375,-77.77557373046875,0
A mother of all senators doesn't find Thomas.,A mother of all senators don't find Thomas.,morphology,subject_verb_agreement,distractor_agreement_relational_noun,True,True,False,False,180,-61.666717529296875,-57.67969512939453,0
A niece of these waiters hasn't bothered to disturb Carol.,A niece of these waiters haven't bothered to disturb Carol.,morphology,subject_verb_agreement,distractor_agreement_relational_noun,True,True,False,False,181,-78.49919128417969,-74.7590103149414,0
The father of these customers has intended to compromise.,The father of these customers have intended to compromise.,morphology,subject_verb_agreement,distractor_agreement_relational_noun,True,True,False,False,182,-55.816162109375,-52.939754486083984,0
The sister of those men doesn't scare Grace.,The sister of those men don't scare Grace.,morphology,subject_verb_agreement,distractor_agreement_relational_noun,True,True,False,False,183,-59.11739730834961,-57.2340202331543,0
A commentary about the Balkans scares Joel.,A commentary about the Balkans scare Joel.,morphology,subject_verb_agreement,distractor_agreement_relational_noun,True,True,False,False,184,-56.33204650878906,-56.53691482543945,1
The painting of most stairs does disappear.,The painting of most stairs do disappear.,morphology,subject_verb_agreement,distractor_agreement_relational_noun,True,True,False,False,185,-53.04690170288086,-52.41859436035156,0
The show about current events disgusts Liam.,The show about current events disgust Liam.,morphology,subject_verb_agreement,distractor_agreement_relational_noun,True,True,False,False,186,-67.85206604003906,-62.91234588623047,0
The grandson of some waiters doesn't lie.,The grandson of some waiters don't lie.,morphology,subject_verb_agreement,distractor_agreement_relational_noun,True,True,False,False,187,-57.19896697998047,-53.28632736206055,0
A friend of the guests hasn't disagreed with a waiter.,A friend of the guests haven't disagreed with a waiter.,morphology,subject_verb_agreement,distractor_agreement_relational_noun,True,True,False,False,188,-64.05891418457031,-61.381431579589844,0
The cousins of Tamara do cheer.,The cousins of Tamara does cheer.,morphology,subject_verb_agreement,distractor_agreement_relational_noun,True,True,False,False,189,-48.53662109375,-49.59693145751953,1
The show about current events hasn't astounded Rachelle.,The show about current events haven't astounded Rachelle.,morphology,subject_verb_agreement,distractor_agreement_relational_noun,True,True,False,False,190,-76.25332641601562,-74.33184051513672,0
The prints of some teenager do hurt Naomi.,The prints of some teenager does hurt Naomi.,morphology,subject_verb_agreement,distractor_agreement_relational_noun,True,True,False,False,191,-71.56277465820312,-70.66885375976562,0
The grandfather of boys falls.,The grandfather of boys fall.,morphology,subject_verb_agreement,distractor_agreement_relational_noun,True,True,False,False,192,-36.03786849975586,-35.29290008544922,0
A print of all turtles doesn't disgust most drivers.,A print of all turtles don't disgust most drivers.,morphology,subject_verb_agreement,distractor_agreement_relational_noun,True,True,False,False,193,-78.307373046875,-75.4075927734375,0
The nephews of Anne haven't ascended the slope.,The nephews of Anne hasn't ascended the slope.,morphology,subject_verb_agreement,distractor_agreement_relational_noun,True,True,False,False,194,-69.78627014160156,-67.97960662841797,0
The granddaughters of David haven't joked around.,The granddaughters of David hasn't joked around.,morphology,subject_verb_agreement,distractor_agreement_relational_noun,True,True,False,False,195,-64.97506713867188,-62.433536529541016,0
The grandmothers of Claire are criticizing Jesus.,The grandmothers of Claire was criticizing Jesus.,morphology,subject_verb_agreement,distractor_agreement_relational_noun,True,True,False,False,196,-52.655433654785156,-52.51988983154297,0
The paintings of the guest disturb Rachel.,The paintings of the guest disturbs Rachel.,morphology,subject_verb_agreement,distractor_agreement_relational_noun,True,True,False,False,197,-56.51464080810547,-54.87104034423828,0
A son of women hasn't disliked that restaurant.,A son of women haven't disliked that restaurant.,morphology,subject_verb_agreement,distractor_agreement_relational_noun,True,True,False,False,198,-58.139686584472656,-57.881168365478516,0
The drawing of some couches isn't astounding that customer.,The drawing of some couches weren't astounding that customer.,morphology,subject_verb_agreement,distractor_agreement_relational_noun,True,True,False,False,199,-74.08889770507812,-74.84260559082031,1
The pictures of Sharon have resembled those prints.,The pictures of Sharon has resembled those prints.,morphology,subject_verb_agreement,distractor_agreement_relational_noun,True,True,False,False,200,-58.27777862548828,-56.91092300415039,0
The prints of Deborah were annoying the patients.,The prints of Deborah was annoying the patients.,morphology,subject_verb_agreement,distractor_agreement_relational_noun,True,True,False,False,201,-65.25386810302734,-62.746490478515625,0
The commentaries about Winston Churchill are boring Regina.,The commentaries about Winston Churchill was boring Regina.,morphology,subject_verb_agreement,distractor_agreement_relational_noun,True,True,False,False,202,-69.35536193847656,-65.93313598632812,0
The granddaughters of Douglas expect this organization to reply.,The granddaughters of Douglas expects this organization to reply.,morphology,subject_verb_agreement,distractor_agreement_relational_noun,True,True,False,False,203,-74.77391052246094,-73.18606567382812,0
The friends of Jill aren't explaining most waiters hadn't urged Renee to play.,The friends of Jill wasn't explaining most waiters hadn't urged Renee to play.,morphology,subject_verb_agreement,distractor_agreement_relational_noun,True,True,False,False,204,-113.73178100585938,-111.93354797363281,0
The essays about Harvard University do astound Phillip.,The essays about Harvard University does astound Phillip.,morphology,subject_verb_agreement,distractor_agreement_relational_noun,True,True,False,False,205,-66.52696990966797,-65.05720520019531,0
The grandsons of Lawrence aren't regretting Andrea doubts Allison does stand up.,The grandsons of Lawrence wasn't regretting Andrea doubts Allison does stand up.,morphology,subject_verb_agreement,distractor_agreement_relational_noun,True,True,False,False,206,-124.13530731201172,-124.26158142089844,1
The documentaries about music aren't boring Tammy.,The documentaries about music wasn't boring Tammy.,morphology,subject_verb_agreement,distractor_agreement_relational_noun,True,True,False,False,207,-57.484893798828125,-56.822792053222656,0
The reports about Spain alarm Eva.,The reports about Spain alarms Eva.,morphology,subject_verb_agreement,distractor_agreement_relational_noun,True,True,False,False,208,-60.7027587890625,-62.355499267578125,1
A niece of a lot of waitresses slumps over.,A niece of a lot of waitresses slump over.,morphology,subject_verb_agreement,distractor_agreement_relational_noun,True,True,False,False,209,-68.4271240234375,-67.18858337402344,0
The prints of Judy don't waste away.,The prints of Judy doesn't waste away.,morphology,subject_verb_agreement,distractor_agreement_relational_noun,True,True,False,False,210,-52.574859619140625,-51.42828369140625,0
The story about the Borgias wasn't shocking the actress.,The story about the Borgias weren't shocking the actress.,morphology,subject_verb_agreement,distractor_agreement_relational_noun,True,True,False,False,211,-74.44979858398438,-75.14976501464844,1
A friend of many senators hasn't disagreed.,A friend of many senators haven't disagreed.,morphology,subject_verb_agreement,distractor_agreement_relational_noun,True,True,False,False,212,-55.407691955566406,-53.09419250488281,0
The newspaper article about the Impressionists has shocked Paula.,The newspaper article about the Impressionists have shocked Paula.,morphology,subject_verb_agreement,distractor_agreement_relational_noun,True,True,False,False,213,-70.15554809570312,-69.02381896972656,0
The grandmother of the Borgias murmurs.,The grandmother of the Borgias murmur.,morphology,subject_verb_agreement,distractor_agreement_relational_noun,True,True,False,False,214,-52.04792785644531,-52.64006805419922,1
The cousin of these ladies has suffered.,The cousin of these ladies have suffered.,morphology,subject_verb_agreement,distractor_agreement_relational_noun,True,True,False,False,215,-42.33634948730469,-38.89984130859375,0
The painting of all hats has alarmed Chad.,The painting of all hats have alarmed Chad.,morphology,subject_verb_agreement,distractor_agreement_relational_noun,True,True,False,False,216,-66.01593780517578,-65.30195617675781,0
The book about the Impressionists doesn't disagree.,The book about the Impressionists don't disagree.,morphology,subject_verb_agreement,distractor_agreement_relational_noun,True,True,False,False,217,-54.65528869628906,-51.82406234741211,0
The stories about Winston Churchill are embarrassing some teenager.,The stories about Winston Churchill was embarrassing some teenager.,morphology,subject_verb_agreement,distractor_agreement_relational_noun,True,True,False,False,218,-68.6716079711914,-64.72714233398438,0
A nephew of those drivers doesn't paint.,A nephew of those drivers don't paint.,morphology,subject_verb_agreement,distractor_agreement_relational_noun,True,True,False,False,219,-57.482139587402344,-52.49646759033203,0
The grandmothers of Kristen do forget about what weren't profiting.,The grandmothers of Kristen does forget about what weren't profiting.,morphology,subject_verb_agreement,distractor_agreement_relational_noun,True,True,False,False,220,-82.51730346679688,-83.85627746582031,1
The cousins of every woman aren't investigating Todd.,The cousins of every woman wasn't investigating Todd.,morphology,subject_verb_agreement,distractor_agreement_relational_noun,True,True,False,False,221,-64.84645080566406,-62.76537322998047,0
A sketch of all ladies doesn't vanish.,A sketch of all ladies don't vanish.,morphology,subject_verb_agreement,distractor_agreement_relational_noun,True,True,False,False,222,-54.85099792480469,-54.586517333984375,0
The paintings of Melanie don't exist.,The paintings of Melanie doesn't exist.,morphology,subject_verb_agreement,distractor_agreement_relational_noun,True,True,False,False,223,-46.6577033996582,-45.2389030456543,0
The pamphlets about Galileo weren't winning.,The pamphlets about Galileo isn't winning.,morphology,subject_verb_agreement,distractor_agreement_relational_noun,True,True,False,False,224,-60.53234100341797,-57.241493225097656,0
The photographs of Matt have vanished.,The photographs of Matt has vanished.,morphology,subject_verb_agreement,distractor_agreement_relational_noun,True,True,False,False,225,-43.73023986816406,-41.3411750793457,0
The documentary about the Great Lakes disgusts Tiffany.,The documentary about the Great Lakes disgust Tiffany.,morphology,subject_verb_agreement,distractor_agreement_relational_noun,True,True,False,False,226,-66.29051971435547,-61.9201545715332,0
The grandson of most adults has scared Vincent.,The grandson of most adults have scared Vincent.,morphology,subject_verb_agreement,distractor_agreement_relational_noun,True,True,False,False,227,-64.16033935546875,-62.23828125,0
The plays about literature astound Catherine.,The plays about literature astounds Catherine.,morphology,subject_verb_agreement,distractor_agreement_relational_noun,True,True,False,False,228,-60.34637451171875,-63.348785400390625,1
A picture of shirts doesn't appear.,A picture of shirts don't appear.,morphology,subject_verb_agreement,distractor_agreement_relational_noun,True,True,False,False,229,-43.16383743286133,-42.47353744506836,0
The friends of April order some woman to see.,The friends of April orders some woman to see.,morphology,subject_verb_agreement,distractor_agreement_relational_noun,True,True,False,False,230,-62.166568756103516,-66.3967514038086,1
A drawing of most slopes doesn't stun Gary.,A drawing of most slopes don't stun Gary.,morphology,subject_verb_agreement,distractor_agreement_relational_noun,True,True,False,False,231,-76.80990600585938,-75.34324645996094,0
The paintings of a library don't distract Margaret.,The paintings of a library doesn't distract Margaret.,morphology,subject_verb_agreement,distractor_agreement_relational_noun,True,True,False,False,232,-60.71913146972656,-59.910247802734375,0
The cousins of William whisper.,The cousins of William whispers.,morphology,subject_verb_agreement,distractor_agreement_relational_noun,True,True,False,False,233,-39.412628173828125,-38.03495788574219,0
A father of men prompts Richard to sell the book.,A father of men prompt Richard to sell the book.,morphology,subject_verb_agreement,distractor_agreement_relational_noun,True,True,False,False,234,-63.28841781616211,-65.63873291015625,1
The daughter of most children wasn't spurring Theresa to fall asleep.,The daughter of most children weren't spurring Theresa to fall asleep.,morphology,subject_verb_agreement,distractor_agreement_relational_noun,True,True,False,False,235,-80.28449249267578,-79.52420043945312,0
A report about the Impressionists confuses Stacey.,A report about the Impressionists confuse Stacey.,morphology,subject_verb_agreement,distractor_agreement_relational_noun,True,True,False,False,236,-69.95454406738281,-65.0623779296875,0
The show about the Great Lakes doesn't upset Anna.,The show about the Great Lakes don't upset Anna.,morphology,subject_verb_agreement,distractor_agreement_relational_noun,True,True,False,False,237,-65.85031127929688,-65.12800598144531,0
The paintings of this mirror don't waste away.,The paintings of this mirror doesn't waste away.,morphology,subject_verb_agreement,distractor_agreement_relational_noun,True,True,False,False,238,-49.97051239013672,-48.9085807800293,0
The brother of those girls is talking.,The brother of those girls are talking.,morphology,subject_verb_agreement,distractor_agreement_relational_noun,True,True,False,False,239,-40.239402770996094,-37.15170669555664,0
The mother of many adults has learned.,The mother of many adults have learned.,morphology,subject_verb_agreement,distractor_agreement_relational_noun,True,True,False,False,240,-38.91449737548828,-36.4559326171875,0
The grandmother of teenagers is reading.,The grandmother of teenagers were reading.,morphology,subject_verb_agreement,distractor_agreement_relational_noun,True,True,False,False,241,-36.40458679199219,-36.645896911621094,1
The pictures of some apple don't distract some guests.,The pictures of some apple doesn't distract some guests.,morphology,subject_verb_agreement,distractor_agreement_relational_noun,True,True,False,False,242,-65.33135223388672,-65.09814453125,0
The brochures about politics have alarmed a lot of teenagers.,The brochures about politics has alarmed a lot of teenagers.,morphology,subject_verb_agreement,distractor_agreement_relational_noun,True,True,False,False,243,-65.65272521972656,-65.35173034667969,0
The sketch of the Borgias has annoyed Colleen.,The sketch of the Borgias have annoyed Colleen.,morphology,subject_verb_agreement,distractor_agreement_relational_noun,True,True,False,False,244,-74.35177612304688,-75.03089904785156,1
A play about the Impressionists has confused Suzanne.,A play about the Impressionists have confused Suzanne.,morphology,subject_verb_agreement,distractor_agreement_relational_noun,True,True,False,False,245,-71.7264633178711,-70.03511810302734,0
The documentaries about music don't hurt Lucille.,The documentaries about music doesn't hurt Lucille.,morphology,subject_verb_agreement,distractor_agreement_relational_noun,True,True,False,False,246,-58.18463134765625,-56.257171630859375,0
The brothers of Bill hate Timothy.,The brothers of Bill hates Timothy.,morphology,subject_verb_agreement,distractor_agreement_relational_noun,True,True,False,False,247,-47.5056266784668,-44.673431396484375,0
The newspaper article about the Lutherans exists.,The newspaper article about the Lutherans exist.,morphology,subject_verb_agreement,distractor_agreement_relational_noun,True,True,False,False,248,-49.95174789428711,-50.2548828125,1
The movies about Galileo haven't distracted Amy.,The movies about Galileo hasn't distracted Amy.,morphology,subject_verb_agreement,distractor_agreement_relational_noun,True,True,False,False,249,-66.64991760253906,-64.43780517578125,0
A newspaper article about the Impressionists astounds Ann.,A newspaper article about the Impressionists astound Ann.,morphology,subject_verb_agreement,distractor_agreement_relational_noun,True,True,False,False,250,-69.37953186035156,-67.58256530761719,0
The commentary about the Borgias wins.,The commentary about the Borgias win.,morphology,subject_verb_agreement,distractor_agreement_relational_noun,True,True,False,False,251,-50.52663040161133,-49.301780700683594,0
An essay about the Borgias hasn't bothered Beth.,An essay about the Borgias haven't bothered Beth.,morphology,subject_verb_agreement,distractor_agreement_relational_noun,True,True,False,False,252,-74.67172241210938,-73.11272430419922,0
The granddaughters of Thomas have messed up this high school.,The granddaughters of Thomas has messed up this high school.,morphology,subject_verb_agreement,distractor_agreement_relational_noun,True,True,False,False,253,-67.53271484375,-67.13658142089844,0
The essay about current events has shocked the Impressionists.,The essay about current events have shocked the Impressionists.,morphology,subject_verb_agreement,distractor_agreement_relational_noun,True,True,False,False,254,-69.84056091308594,-69.46783447265625,0
The sister of these dancers has swallowed.,The sister of these dancers have swallowed.,morphology,subject_verb_agreement,distractor_agreement_relational_noun,True,True,False,False,255,-49.228641510009766,-45.92937469482422,0
The photographs of Beverly look like Bill.,The photographs of Beverly looks like Bill.,morphology,subject_verb_agreement,distractor_agreement_relational_noun,True,True,False,False,256,-50.23896026611328,-49.160438537597656,0
The photograph of all patients isn't bothering the customer.,The photograph of all patients aren't bothering the customer.,morphology,subject_verb_agreement,distractor_agreement_relational_noun,True,True,False,False,257,-56.62843322753906,-56.0692138671875,0
The pamphlets about Harvard University do distract every library.,The pamphlets about Harvard University does distract every library.,morphology,subject_verb_agreement,distractor_agreement_relational_noun,True,True,False,False,258,-73.4921875,-72.12185668945312,0
A daughter of students struggles.,A daughter of students struggle.,morphology,subject_verb_agreement,distractor_agreement_relational_noun,True,True,False,False,259,-37.463706970214844,-36.00444793701172,0
The book about current events hasn't scared Michelle.,The book about current events haven't scared Michelle.,morphology,subject_verb_agreement,distractor_agreement_relational_noun,True,True,False,False,260,-63.02988815307617,-62.21961212158203,0
The brothers of Frank aren't healing Sonia.,The brothers of Frank wasn't healing Sonia.,morphology,subject_verb_agreement,distractor_agreement_relational_noun,True,True,False,False,261,-66.4834976196289,-64.14306640625,0
The shows about Winston Churchill do hurt Andrew.,The shows about Winston Churchill does hurt Andrew.,morphology,subject_verb_agreement,distractor_agreement_relational_noun,True,True,False,False,262,-67.71005249023438,-65.63520812988281,0
The drawing of schools does scare Ellen.,The drawing of schools do scare Ellen.,morphology,subject_verb_agreement,distractor_agreement_relational_noun,True,True,False,False,263,-61.7811164855957,-61.14442443847656,0
The pamphlets about Galileo are wasting away.,The pamphlets about Galileo is wasting away.,morphology,subject_verb_agreement,distractor_agreement_relational_noun,True,True,False,False,264,-59.45515441894531,-58.891326904296875,0
The report about the Lutherans impresses Jerry.,The report about the Lutherans impress Jerry.,morphology,subject_verb_agreement,distractor_agreement_relational_noun,True,True,False,False,265,-68.31752014160156,-66.79548645019531,0
A book about the Lutherans does resemble some print.,A book about the Lutherans do resemble some print.,morphology,subject_verb_agreement,distractor_agreement_relational_noun,True,True,False,False,266,-73.28741455078125,-72.88082122802734,0
The daughter of some waiters wasn't sneezing.,The daughter of some waiters aren't sneezing.,morphology,subject_verb_agreement,distractor_agreement_relational_noun,True,True,False,False,267,-65.55955505371094,-62.0679817199707,0
A mother of many teenagers hasn't tempted Frank to get a job.,A mother of many teenagers haven't tempted Frank to get a job.,morphology,subject_verb_agreement,distractor_agreement_relational_noun,True,True,False,False,268,-73.26970672607422,-71.71942138671875,0
The brothers of Daniel have broken the plate.,The brothers of Daniel has broken the plate.,morphology,subject_verb_agreement,distractor_agreement_relational_noun,True,True,False,False,269,-49.150062561035156,-48.81255340576172,0
The reports about Jesus were winning.,The reports about Jesus is winning.,morphology,subject_verb_agreement,distractor_agreement_relational_noun,True,True,False,False,270,-41.01817321777344,-40.78073501586914,0
A painting of all guys hasn't aggravated Matt.,A painting of all guys haven't aggravated Matt.,morphology,subject_verb_agreement,distractor_agreement_relational_noun,True,True,False,False,271,-73.24693298339844,-72.03462982177734,0
The prints of this pork aren't distracting Denise.,The prints of this pork wasn't distracting Denise.,morphology,subject_verb_agreement,distractor_agreement_relational_noun,True,True,False,False,272,-70.54275512695312,-69.97732543945312,0
The nieces of some boy are wasting away.,The nieces of some boy is wasting away.,morphology,subject_verb_agreement,distractor_agreement_relational_noun,True,True,False,False,273,-62.08710479736328,-61.29345703125,0
The friend of many ladies doubts some cart hadn't tipped over.,The friend of many ladies doubt some cart hadn't tipped over.,morphology,subject_verb_agreement,distractor_agreement_relational_noun,True,True,False,False,274,-88.96525573730469,-86.04032135009766,0
The drawings of a movie theater embarrass Candice.,The drawings of a movie theater embarrasses Candice.,morphology,subject_verb_agreement,distractor_agreement_relational_noun,True,True,False,False,275,-63.887115478515625,-64.51190185546875,1
The nieces of Alexander do yell.,The nieces of Alexander does yell.,morphology,subject_verb_agreement,distractor_agreement_relational_noun,True,True,False,False,276,-58.234371185302734,-58.343143463134766,1
The cousins of Michael haven't listened to Amanda.,The cousins of Michael hasn't listened to Amanda.,morphology,subject_verb_agreement,distractor_agreement_relational_noun,True,True,False,False,277,-53.577491760253906,-52.01838302612305,0
The granddaughter of the Impressionists doesn't depart.,The granddaughter of the Impressionists don't depart.,morphology,subject_verb_agreement,distractor_agreement_relational_noun,True,True,False,False,278,-58.3791618347168,-55.80339431762695,0
The stories about travel embarrass Michael.,The stories about travel embarrasses Michael.,morphology,subject_verb_agreement,distractor_agreement_relational_noun,True,True,False,False,279,-50.117271423339844,-52.5495491027832,1
The fathers of every senator entice Monet to hide steps.,The fathers of every senator entices Monet to hide steps.,morphology,subject_verb_agreement,distractor_agreement_relational_noun,True,True,False,False,280,-88.29573059082031,-92.29961395263672,1
The sons of Frank entreat the companies to explain everything.,The sons of Frank entreats the companies to explain everything.,morphology,subject_verb_agreement,distractor_agreement_relational_noun,True,True,False,False,281,-75.48908996582031,-75.81645965576172,1
The brochures about Harvard University do annoy this dancer.,The brochures about Harvard University does annoy this dancer.,morphology,subject_verb_agreement,distractor_agreement_relational_noun,True,True,False,False,282,-72.4048843383789,-71.60235595703125,0
The daughters of Galileo were needing to lift the stairs.,The daughters of Galileo was needing to lift the stairs.,morphology,subject_verb_agreement,distractor_agreement_relational_noun,True,True,False,False,283,-61.54848098754883,-61.46149444580078,0
The grandmother of the Clintons complains about Robert.,The grandmother of the Clintons complain about Robert.,morphology,subject_verb_agreement,distractor_agreement_relational_noun,True,True,False,False,284,-53.24570846557617,-53.89091491699219,1
The books about music haven't scared Scott.,The books about music hasn't scared Scott.,morphology,subject_verb_agreement,distractor_agreement_relational_noun,True,True,False,False,285,-60.005836486816406,-58.90303039550781,0
A son of all drivers hasn't concealed who is lifting the apples.,A son of all drivers haven't concealed who is lifting the apples.,morphology,subject_verb_agreement,distractor_agreement_relational_noun,True,True,False,False,286,-88.8963851928711,-86.48776245117188,0
The grandfather of the Borgias cares for Naomi.,The grandfather of the Borgias care for Naomi.,morphology,subject_verb_agreement,distractor_agreement_relational_noun,True,True,False,False,287,-60.088478088378906,-58.27679443359375,0
The daughter of many drivers has anticipated a lot of students to bake.,The daughter of many drivers have anticipated a lot of students to bake.,morphology,subject_verb_agreement,distractor_agreement_relational_noun,True,True,False,False,288,-77.18173217773438,-73.56904602050781,0
The prints of Rachel have impressed Kendra.,The prints of Rachel has impressed Kendra.,morphology,subject_verb_agreement,distractor_agreement_relational_noun,True,True,False,False,289,-63.50220489501953,-61.51647186279297,0
The movies about Spain don't disgust Harvard University.,The movies about Spain doesn't disgust Harvard University.,morphology,subject_verb_agreement,distractor_agreement_relational_noun,True,True,False,False,290,-68.92520904541016,-69.49563598632812,1
The nephews of Vincent do dare Dennis to examine a story.,The nephews of Vincent does dare Dennis to examine a story.,morphology,subject_verb_agreement,distractor_agreement_relational_noun,True,True,False,False,291,-80.65576171875,-82.02139282226562,1
A show about the Impressionists was disagreeing.,A show about the Impressionists are disagreeing.,morphology,subject_verb_agreement,distractor_agreement_relational_noun,True,True,False,False,292,-61.14350891113281,-58.29365539550781,0
A movie about the Lutherans doesn't bore Thomas.,A movie about the Lutherans don't bore Thomas.,morphology,subject_verb_agreement,distractor_agreement_relational_noun,True,True,False,False,293,-70.84845733642578,-69.44365692138672,0
The niece of women sells many projectors.,The niece of women sell many projectors.,morphology,subject_verb_agreement,distractor_agreement_relational_noun,True,True,False,False,294,-55.618927001953125,-55.9056282043457,1
The newspaper articles about art don't distract Joel.,The newspaper articles about art doesn't distract Joel.,morphology,subject_verb_agreement,distractor_agreement_relational_noun,True,True,False,False,295,-64.01476287841797,-62.523353576660156,0
The paintings of Beverly have disgusted that woman.,The paintings of Beverly has disgusted that woman.,morphology,subject_verb_agreement,distractor_agreement_relational_noun,True,True,False,False,296,-65.59187316894531,-64.52810668945312,0
The book about the Borgias does embarrass Michael.,The book about the Borgias do embarrass Michael.,morphology,subject_verb_agreement,distractor_agreement_relational_noun,True,True,False,False,297,-70.4867935180664,-68.57994079589844,0
An essay about current events doesn't shock Rose.,An essay about current events don't shock Rose.,morphology,subject_verb_agreement,distractor_agreement_relational_noun,True,True,False,False,298,-68.90109252929688,-67.58710479736328,0
The newspaper article about the Great Lakes is hurting Elaine.,The newspaper article about the Great Lakes are hurting Elaine.,morphology,subject_verb_agreement,distractor_agreement_relational_noun,True,True,False,False,299,-63.671897888183594,-64.45914459228516,1
The granddaughters of Stacy weren't departing.,The granddaughters of Stacy wasn't departing.,morphology,subject_verb_agreement,distractor_agreement_relational_noun,True,True,False,False,300,-64.03706359863281,-62.41844940185547,0
The books about politics stun Leslie.,The books about politics stuns Leslie.,morphology,subject_verb_agreement,distractor_agreement_relational_noun,True,True,False,False,301,-57.31442642211914,-59.051666259765625,1
The daughters of Melanie do motivate the nephews of Sandra to benefit.,The daughters of Melanie does motivate the nephews of Sandra to benefit.,morphology,subject_verb_agreement,distractor_agreement_relational_noun,True,True,False,False,302,-85.47079467773438,-86.28997802734375,1
The prints of every vase aggravate Nina.,The prints of every vase aggravates Nina.,morphology,subject_verb_agreement,distractor_agreement_relational_noun,True,True,False,False,303,-70.55317687988281,-68.68781280517578,0
The grandmother of the Impressionists was getting fired.,The grandmother of the Impressionists were getting fired.,morphology,subject_verb_agreement,distractor_agreement_relational_noun,True,True,False,False,304,-53.97834396362305,-52.04112243652344,0
A report about current events was stunning Teresa.,A report about current events are stunning Teresa.,morphology,subject_verb_agreement,distractor_agreement_relational_noun,True,True,False,False,305,-64.06390380859375,-61.94267272949219,0
A book about the Borgias is disgusting these committees.,A book about the Borgias were disgusting these committees.,morphology,subject_verb_agreement,distractor_agreement_relational_noun,True,True,False,False,306,-77.60885620117188,-78.65629577636719,1
The reports about Galileo aren't disappearing.,The reports about Galileo wasn't disappearing.,morphology,subject_verb_agreement,distractor_agreement_relational_noun,True,True,False,False,307,-52.97517395019531,-51.664703369140625,0
The sketch of a lot of jackets doesn't upset organizations.,The sketch of a lot of jackets don't upset organizations.,morphology,subject_verb_agreement,distractor_agreement_relational_noun,True,True,False,False,308,-72.7120361328125,-70.55062103271484,0
The grandsons of Grace don't sit down.,The grandsons of Grace doesn't sit down.,morphology,subject_verb_agreement,distractor_agreement_relational_noun,True,True,False,False,309,-55.91716766357422,-55.58079147338867,0
A friend of teachers isn't worrying many guys.,A friend of teachers weren't worrying many guys.,morphology,subject_verb_agreement,distractor_agreement_relational_noun,True,True,False,False,310,-61.76430892944336,-61.48295593261719,0
The pamphlets about Monet disappear.,The pamphlets about Monet disappears.,morphology,subject_verb_agreement,distractor_agreement_relational_noun,True,True,False,False,311,-53.548152923583984,-52.18825912475586,0
The shows about Galileo weren't disturbing those women.,The shows about Galileo isn't disturbing those women.,morphology,subject_verb_agreement,distractor_agreement_relational_noun,True,True,False,False,312,-73.78842163085938,-70.25052642822266,0
The mothers of Jacqueline observe every actress.,The mothers of Jacqueline observes every actress.,morphology,subject_verb_agreement,distractor_agreement_relational_noun,True,True,False,False,313,-61.031375885009766,-57.95322036743164,0
A cousin of most waiters doesn't order Cynthia to bake.,A cousin of most waiters don't order Cynthia to bake.,morphology,subject_verb_agreement,distractor_agreement_relational_noun,True,True,False,False,314,-87.68753051757812,-82.16710662841797,0
The grandfathers of Bethany have compelled that organization to like Steven.,The grandfathers of Bethany has compelled that organization to like Steven.,morphology,subject_verb_agreement,distractor_agreement_relational_noun,True,True,False,False,315,-86.32708740234375,-83.40104675292969,0
The newspaper article about current events has aggravated most associations.,The newspaper article about current events have aggravated most associations.,morphology,subject_verb_agreement,distractor_agreement_relational_noun,True,True,False,False,316,-70.1064224243164,-69.90174865722656,0
The friends of Jacqueline haven't respected Travis.,The friends of Jacqueline hasn't respected Travis.,morphology,subject_verb_agreement,distractor_agreement_relational_noun,True,True,False,False,317,-61.325565338134766,-59.59040832519531,0
The photograph of some drivers upsets Walter.,The photograph of some drivers upset Walter.,morphology,subject_verb_agreement,distractor_agreement_relational_noun,True,True,False,False,318,-64.98606872558594,-57.587547302246094,0
The photographs of Bill disappear.,The photographs of Bill disappears.,morphology,subject_verb_agreement,distractor_agreement_relational_noun,True,True,False,False,319,-38.10801696777344,-36.43915557861328,0
The books about Jesus have wasted away.,The books about Jesus has wasted away.,morphology,subject_verb_agreement,distractor_agreement_relational_noun,True,True,False,False,320,-47.09674072265625,-46.20441436767578,0
The paintings of an art gallery impress Rodney.,The paintings of an art gallery impresses Rodney.,morphology,subject_verb_agreement,distractor_agreement_relational_noun,True,True,False,False,321,-57.66815948486328,-58.58329772949219,1
The commentaries about Harvard University aggravate Cindy.,The commentaries about Harvard University aggravates Cindy.,morphology,subject_verb_agreement,distractor_agreement_relational_noun,True,True,False,False,322,-65.56553649902344,-66.02203369140625,1
The documentary about the Clintons sounds like these senators.,The documentary about the Clintons sound like these senators.,morphology,subject_verb_agreement,distractor_agreement_relational_noun,True,True,False,False,323,-57.50215530395508,-58.60755157470703,1
A niece of most waitresses isn't motivating Heather to talk about Janet.,A niece of most waitresses aren't motivating Heather to talk about Janet.,morphology,subject_verb_agreement,distractor_agreement_relational_noun,True,True,False,False,324,-98.6668930053711,-97.15811157226562,0
An essay about the Impressionists does sound like Gary.,An essay about the Impressionists do sound like Gary.,morphology,subject_verb_agreement,distractor_agreement_relational_noun,True,True,False,False,325,-69.17144775390625,-68.34986114501953,0
The commentary about the Balkans hasn't stunned Wendy.,The commentary about the Balkans haven't stunned Wendy.,morphology,subject_verb_agreement,distractor_agreement_relational_noun,True,True,False,False,326,-65.6725082397461,-63.68192672729492,0
The daughter of all girls hasn't forgotten what was vaporizing.,The daughter of all girls haven't forgotten what was vaporizing.,morphology,subject_verb_agreement,distractor_agreement_relational_noun,True,True,False,False,327,-66.75970458984375,-64.70060729980469,0
The essays about literature bother Carolyn.,The essays about literature bothers Carolyn.,morphology,subject_verb_agreement,distractor_agreement_relational_noun,True,True,False,False,328,-54.25562286376953,-55.21192932128906,1
The cousin of a lot of adults heals Heather.,The cousin of a lot of adults heal Heather.,morphology,subject_verb_agreement,distractor_agreement_relational_noun,True,True,False,False,329,-60.39691925048828,-58.5523796081543,0
The paintings of some skirt do bore Tanya.,The paintings of some skirt does bore Tanya.,morphology,subject_verb_agreement,distractor_agreement_relational_noun,True,True,False,False,330,-71.6107406616211,-72.60516357421875,1
The grandmothers of Gary aren't managing to shock many teenagers.,The grandmothers of Gary isn't managing to shock many teenagers.,morphology,subject_verb_agreement,distractor_agreement_relational_noun,True,True,False,False,331,-81.63673400878906,-79.32218170166016,0
The reports about music stun Susan.,The reports about music stuns Susan.,morphology,subject_verb_agreement,distractor_agreement_relational_noun,True,True,False,False,332,-57.93180847167969,-60.10155487060547,1
The granddaughter of a lot of adults arrives at Harvard University.,The granddaughter of a lot of adults arrive at Harvard University.,morphology,subject_verb_agreement,distractor_agreement_relational_noun,True,True,False,False,333,-54.71870803833008,-53.77574157714844,0
The prints of Erin were confusing every company.,The prints of Erin is confusing every company.,morphology,subject_verb_agreement,distractor_agreement_relational_noun,True,True,False,False,334,-65.973876953125,-62.06028747558594,0
The documentary about the Clintons distracts Susan.,The documentary about the Clintons distract Susan.,morphology,subject_verb_agreement,distractor_agreement_relational_noun,True,True,False,False,335,-56.029930114746094,-58.07960510253906,1
The sons of Beverly don't fail to buy those mushrooms.,The sons of Beverly doesn't fail to buy those mushrooms.,morphology,subject_verb_agreement,distractor_agreement_relational_noun,True,True,False,False,336,-70.10186004638672,-69.33193969726562,0
The sisters of Theodore forget about what don't open.,The sisters of Theodore forgets about what don't open.,morphology,subject_verb_agreement,distractor_agreement_relational_noun,True,True,False,False,337,-67.54889678955078,-69.00949096679688,1
A niece of most guests watches Derek.,A niece of most guests watch Derek.,morphology,subject_verb_agreement,distractor_agreement_relational_noun,True,True,False,False,338,-61.01564025878906,-55.30299377441406,0
The grandmother of these cashiers wasn't motivating Tara's guests to weep.,The grandmother of these cashiers aren't motivating Tara's guests to weep.,morphology,subject_verb_agreement,distractor_agreement_relational_noun,True,True,False,False,339,-102.374755859375,-98.99664306640625,0
The pamphlets about art don't irritate Alice.,The pamphlets about art doesn't irritate Alice.,morphology,subject_verb_agreement,distractor_agreement_relational_noun,True,True,False,False,340,-61.352210998535156,-60.3875846862793,0
The report about the Clintons resembles a print.,The report about the Clintons resemble a print.,morphology,subject_verb_agreement,distractor_agreement_relational_noun,True,True,False,False,341,-55.85563659667969,-55.699214935302734,0
The mother of the Impressionists swallows.,The mother of the Impressionists swallow.,morphology,subject_verb_agreement,distractor_agreement_relational_noun,True,True,False,False,342,-48.371681213378906,-45.73347473144531,0
The picture of all candles hasn't alarmed some universities.,The picture of all candles haven't alarmed some universities.,morphology,subject_verb_agreement,distractor_agreement_relational_noun,True,True,False,False,343,-72.71810913085938,-71.92451477050781,0
The photographs of Sheila haven't bored Erin.,The photographs of Sheila hasn't bored Erin.,morphology,subject_verb_agreement,distractor_agreement_relational_noun,True,True,False,False,344,-63.55343246459961,-61.82776641845703,0
The friends of Homer do distract every hospital.,The friends of Homer does distract every hospital.,morphology,subject_verb_agreement,distractor_agreement_relational_noun,True,True,False,False,345,-62.886802673339844,-63.10905456542969,1
The show about the Great Lakes was scaring Julia.,The show about the Great Lakes are scaring Julia.,morphology,subject_verb_agreement,distractor_agreement_relational_noun,True,True,False,False,346,-68.45732116699219,-67.53514862060547,0
The movies about Harvard University haven't astounded Kevin.,The movies about Harvard University hasn't astounded Kevin.,morphology,subject_verb_agreement,distractor_agreement_relational_noun,True,True,False,False,347,-69.86264038085938,-69.27285766601562,0
The granddaughters of every customer don't fire a waitress.,The granddaughters of every customer doesn't fire a waitress.,morphology,subject_verb_agreement,distractor_agreement_relational_noun,True,True,False,False,348,-75.5899887084961,-74.22056579589844,0
The photographs of Alexander resemble all sketches.,The photographs of Alexander resembles all sketches.,morphology,subject_verb_agreement,distractor_agreement_relational_noun,True,True,False,False,349,-53.65226745605469,-53.1256103515625,0
The picture of those cucumbers astounds Kayla.,The picture of those cucumbers astound Kayla.,morphology,subject_verb_agreement,distractor_agreement_relational_noun,True,True,False,False,350,-68.09808349609375,-64.75935363769531,0
A print of the dresses astounds Regina.,A print of the dresses astound Regina.,morphology,subject_verb_agreement,distractor_agreement_relational_noun,True,True,False,False,351,-62.12860107421875,-58.0316276550293,0
A pamphlet about the Borgias aggravates most hospitals.,A pamphlet about the Borgias aggravate most hospitals.,morphology,subject_verb_agreement,distractor_agreement_relational_noun,True,True,False,False,352,-69.79841613769531,-71.47234344482422,1
The nieces of an adult arrive at these malls.,The nieces of an adult arrives at these malls.,morphology,subject_verb_agreement,distractor_agreement_relational_noun,True,True,False,False,353,-66.02237701416016,-64.96315002441406,0
The grandfathers of Rose reveal these wheelbarrows.,The grandfathers of Rose reveals these wheelbarrows.,morphology,subject_verb_agreement,distractor_agreement_relational_noun,True,True,False,False,354,-74.9462890625,-73.72613525390625,0
The drawing of the carriages astounds Anne.,The drawing of the carriages astound Anne.,morphology,subject_verb_agreement,distractor_agreement_relational_noun,True,True,False,False,355,-63.980133056640625,-62.40612030029297,0
The reports about art do aggravate Janice.,The reports about art does aggravate Janice.,morphology,subject_verb_agreement,distractor_agreement_relational_noun,True,True,False,False,356,-67.35382080078125,-64.67991638183594,0
The pamphlets about Galileo appear.,The pamphlets about Galileo appears.,morphology,subject_verb_agreement,distractor_agreement_relational_noun,True,True,False,False,357,-47.94140625,-47.600074768066406,0
A print of some high schools vanishes.,A print of some high schools vanish.,morphology,subject_verb_agreement,distractor_agreement_relational_noun,True,True,False,False,358,-51.98113250732422,-47.59580993652344,0
The show about the Balkans is worrying Stacey.,The show about the Balkans were worrying Stacey.,morphology,subject_verb_agreement,distractor_agreement_relational_noun,True,True,False,False,359,-65.1854019165039,-68.1111831665039,1
A granddaughter of the Impressionists isn't revealing the cake.,A granddaughter of the Impressionists weren't revealing the cake.,morphology,subject_verb_agreement,distractor_agreement_relational_noun,True,True,False,False,360,-72.71735382080078,-71.35320281982422,0
The story about the Great Lakes hasn't shocked Beverly.,The story about the Great Lakes haven't shocked Beverly.,morphology,subject_verb_agreement,distractor_agreement_relational_noun,True,True,False,False,361,-69.01153564453125,-67.2308349609375,0
The grandfathers of the dancer convince Spain to dislike Samantha.,The grandfathers of the dancer convinces Spain to dislike Samantha.,morphology,subject_verb_agreement,distractor_agreement_relational_noun,True,True,False,False,362,-82.3150634765625,-81.7196044921875,0
The mothers of Karla do see the Borgias.,The mothers of Karla does see the Borgias.,morphology,subject_verb_agreement,distractor_agreement_relational_noun,True,True,False,False,363,-69.66535949707031,-72.37095642089844,1
The sister of patients sits down.,The sister of patients sit down.,morphology,subject_verb_agreement,distractor_agreement_relational_noun,True,True,False,False,364,-42.321990966796875,-39.43040466308594,0
The brother of some customers does go fishing.,The brother of some customers do go fishing.,morphology,subject_verb_agreement,distractor_agreement_relational_noun,True,True,False,False,365,-56.31927490234375,-52.97620391845703,0
The sisters of a woman were intending to protest.,The sisters of a woman is intending to protest.,morphology,subject_verb_agreement,distractor_agreement_relational_noun,True,True,False,False,366,-49.39316940307617,-49.0825309753418,0
The sketch of a lot of turtles doesn't embarrass Laura.,The sketch of a lot of turtles don't embarrass Laura.,morphology,subject_verb_agreement,distractor_agreement_relational_noun,True,True,False,False,367,-71.1524429321289,-68.5394058227539,0
The sketches of that hair aren't hurting Martin.,The sketches of that hair wasn't hurting Martin.,morphology,subject_verb_agreement,distractor_agreement_relational_noun,True,True,False,False,368,-68.72016143798828,-66.46279907226562,0
The granddaughters of Becca try to disagree.,The granddaughters of Becca tries to disagree.,morphology,subject_verb_agreement,distractor_agreement_relational_noun,True,True,False,False,369,-62.405391693115234,-58.26464080810547,0
The drawings of this dress bore Gerald.,The drawings of this dress bores Gerald.,morphology,subject_verb_agreement,distractor_agreement_relational_noun,True,True,False,False,370,-54.405372619628906,-62.97142791748047,1
The pictures of some mouth distract a university.,The pictures of some mouth distracts a university.,morphology,subject_verb_agreement,distractor_agreement_relational_noun,True,True,False,False,371,-64.56537628173828,-60.9580078125,0
The grandmothers of Diana do scratch.,The grandmothers of Diana does scratch.,morphology,subject_verb_agreement,distractor_agreement_relational_noun,True,True,False,False,372,-49.999664306640625,-50.553985595703125,1
The book about the Great Lakes doesn't hurt Douglas.,The book about the Great Lakes don't hurt Douglas.,morphology,subject_verb_agreement,distractor_agreement_relational_noun,True,True,False,False,373,-58.12690734863281,-58.09529113769531,0
A sister of the men was breaking the wheelbarrows.,A sister of the men were breaking the wheelbarrows.,morphology,subject_verb_agreement,distractor_agreement_relational_noun,True,True,False,False,374,-66.42245483398438,-64.93215942382812,0
The books about travel aren't alarming this government.,The books about travel isn't alarming this government.,morphology,subject_verb_agreement,distractor_agreement_relational_noun,True,True,False,False,375,-66.40351104736328,-63.59442138671875,0
The movie about the Balkans does worry Angela.,The movie about the Balkans do worry Angela.,morphology,subject_verb_agreement,distractor_agreement_relational_noun,True,True,False,False,376,-65.39535522460938,-64.24600219726562,0
The grandmothers of Vanessa do approach Maria.,The grandmothers of Vanessa does approach Maria.,morphology,subject_verb_agreement,distractor_agreement_relational_noun,True,True,False,False,377,-62.46477508544922,-61.455955505371094,0
The shows about literature don't stun Victoria.,The shows about literature doesn't stun Victoria.,morphology,subject_verb_agreement,distractor_agreement_relational_noun,True,True,False,False,378,-69.577880859375,-68.73228454589844,0
A friend of teenagers doesn't force Kevin to perform.,A friend of teenagers don't force Kevin to perform.,morphology,subject_verb_agreement,distractor_agreement_relational_noun,True,True,False,False,379,-65.06011962890625,-63.51911163330078,0
The grandmothers of Roger are compromising.,The grandmothers of Roger is compromising.,morphology,subject_verb_agreement,distractor_agreement_relational_noun,True,True,False,False,380,-50.17736053466797,-48.187652587890625,0
The sons of Vincent haven't convinced Alice to astound Natalie.,The sons of Vincent hasn't convinced Alice to astound Natalie.,morphology,subject_verb_agreement,distractor_agreement_relational_noun,True,True,False,False,381,-82.0549087524414,-81.20512390136719,0
The shows about Monet don't confuse Andrea.,The shows about Monet doesn't confuse Andrea.,morphology,subject_verb_agreement,distractor_agreement_relational_noun,True,True,False,False,382,-68.12545776367188,-67.76353454589844,0
The commentaries about travel impress Helen.,The commentaries about travel impresses Helen.,morphology,subject_verb_agreement,distractor_agreement_relational_noun,True,True,False,False,383,-54.67981719970703,-55.9787712097168,1
The plays about Spain do irritate this guest.,The plays about Spain does irritate this guest.,morphology,subject_verb_agreement,distractor_agreement_relational_noun,True,True,False,False,384,-71.23953247070312,-71.78266906738281,1
The father of many students is whispering.,The father of many students are whispering.,morphology,subject_verb_agreement,distractor_agreement_relational_noun,True,True,False,False,385,-42.13771057128906,-40.842350006103516,0
A nephew of many people doesn't bake.,A nephew of many people don't bake.,morphology,subject_verb_agreement,distractor_agreement_relational_noun,True,True,False,False,386,-51.24778366088867,-47.913780212402344,0
The sister of all teenagers doesn't lift a lot of skirts.,The sister of all teenagers don't lift a lot of skirts.,morphology,subject_verb_agreement,distractor_agreement_relational_noun,True,True,False,False,387,-68.35859680175781,-65.87791442871094,0
The shows about politics haven't aggravated Joel.,The shows about politics hasn't aggravated Joel.,morphology,subject_verb_agreement,distractor_agreement_relational_noun,True,True,False,False,388,-68.59403991699219,-67.68472290039062,0
A book about the Great Lakes doesn't astound Suzanne.,A book about the Great Lakes don't astound Suzanne.,morphology,subject_verb_agreement,distractor_agreement_relational_noun,True,True,False,False,389,-70.26490783691406,-69.50042724609375,0
The play about the Clintons has disagreed.,The play about the Clintons have disagreed.,morphology,subject_verb_agreement,distractor_agreement_relational_noun,True,True,False,False,390,-49.80278396606445,-49.06732940673828,0
The grandfather of the Clintons responds.,The grandfather of the Clintons respond.,morphology,subject_verb_agreement,distractor_agreement_relational_noun,True,True,False,False,391,-39.898414611816406,-40.52653503417969,1
A daughter of all doctors was imploring Kimberley to read.,A daughter of all doctors were imploring Kimberley to read.,morphology,subject_verb_agreement,distractor_agreement_relational_noun,True,True,False,False,392,-79.41682434082031,-79.32186889648438,0
The nieces of Wendy do look like many photographs.,The nieces of Wendy does look like many photographs.,morphology,subject_verb_agreement,distractor_agreement_relational_noun,True,True,False,False,393,-69.91448974609375,-68.49061584472656,0
The prints of Randolf were wasting away.,The prints of Randolf was wasting away.,morphology,subject_verb_agreement,distractor_agreement_relational_noun,True,True,False,False,394,-66.8553466796875,-66.19437408447266,0
The play about the Balkans hasn't disgusted Deanna.,The play about the Balkans haven't disgusted Deanna.,morphology,subject_verb_agreement,distractor_agreement_relational_noun,True,True,False,False,395,-77.79664611816406,-75.89034271240234,0
A drawing of most prints hasn't looked like every hamster.,A drawing of most prints haven't looked like every hamster.,morphology,subject_verb_agreement,distractor_agreement_relational_noun,True,True,False,False,396,-75.73119354248047,-74.32003784179688,0
A cousin of pedestrians has gone fishing.,A cousin of pedestrians have gone fishing.,morphology,subject_verb_agreement,distractor_agreement_relational_noun,True,True,False,False,397,-51.08200454711914,-49.745750427246094,0
The sisters of Alan do win.,The sisters of Alan does win.,morphology,subject_verb_agreement,distractor_agreement_relational_noun,True,True,False,False,398,-44.93186950683594,-45.02855682373047,1
A commentary about the Borgias does scare some cashiers.,A commentary about the Borgias do scare some cashiers.,morphology,subject_verb_agreement,distractor_agreement_relational_noun,True,True,False,False,399,-80.97623443603516,-79.6746826171875,0
A movie about the Clintons isn't winning.,A movie about the Clintons weren't winning.,morphology,subject_verb_agreement,distractor_agreement_relational_noun,True,True,False,False,400,-48.66554260253906,-48.588592529296875,0
The pictures of Douglas do annoy Dana.,The pictures of Douglas does annoy Dana.,morphology,subject_verb_agreement,distractor_agreement_relational_noun,True,True,False,False,401,-57.192832946777344,-58.57780456542969,1
A pamphlet about the Borgias has bothered Samantha.,A pamphlet about the Borgias have bothered Samantha.,morphology,subject_verb_agreement,distractor_agreement_relational_noun,True,True,False,False,402,-74.06805419921875,-74.23057556152344,1
The pamphlets about Galileo haven't sounded like Roger.,The pamphlets about Galileo hasn't sounded like Roger.,morphology,subject_verb_agreement,distractor_agreement_relational_noun,True,True,False,False,403,-70.30982971191406,-68.45028686523438,0
The sister of the Impressionists appears to exit this lake.,The sister of the Impressionists appear to exit this lake.,morphology,subject_verb_agreement,distractor_agreement_relational_noun,True,True,False,False,404,-67.59861755371094,-66.97348022460938,0
The granddaughters of Curtis haven't fixed most couches.,The granddaughters of Curtis hasn't fixed most couches.,morphology,subject_verb_agreement,distractor_agreement_relational_noun,True,True,False,False,405,-84.77037048339844,-82.5677719116211,0
The paintings of the spotlight astound these women.,The paintings of the spotlight astounds these women.,morphology,subject_verb_agreement,distractor_agreement_relational_noun,True,True,False,False,406,-64.02268981933594,-65.86642456054688,1
An essay about the Borgias does scare some waiter.,An essay about the Borgias do scare some waiter.,morphology,subject_verb_agreement,distractor_agreement_relational_noun,True,True,False,False,407,-81.98382568359375,-80.75011444091797,0
The cousins of Tanya aren't biking to this mall.,The cousins of Tanya wasn't biking to this mall.,morphology,subject_verb_agreement,distractor_agreement_relational_noun,True,True,False,False,408,-67.63917541503906,-67.30110168457031,0
A daughter of some people hasn't disagreed.,A daughter of some people haven't disagreed.,morphology,subject_verb_agreement,distractor_agreement_relational_noun,True,True,False,False,409,-53.35358428955078,-50.20828628540039,0
A cousin of some boys was biking to some hills.,A cousin of some boys are biking to some hills.,morphology,subject_verb_agreement,distractor_agreement_relational_noun,True,True,False,False,410,-66.14915466308594,-63.36211395263672,0
The picture of these jackets does disturb Carlos.,The picture of these jackets do disturb Carlos.,morphology,subject_verb_agreement,distractor_agreement_relational_noun,True,True,False,False,411,-63.534912109375,-60.548004150390625,0
A movie about the Balkans bothers most boys.,A movie about the Balkans bother most boys.,morphology,subject_verb_agreement,distractor_agreement_relational_noun,True,True,False,False,412,-62.24541091918945,-63.61098861694336,1
The drawings of every snake have embarrassed Stacey.,The drawings of every snake has embarrassed Stacey.,morphology,subject_verb_agreement,distractor_agreement_relational_noun,True,True,False,False,413,-68.81243896484375,-67.18608093261719,0
The movie about the Balkans does aggravate Bethany.,The movie about the Balkans do aggravate Bethany.,morphology,subject_verb_agreement,distractor_agreement_relational_noun,True,True,False,False,414,-65.20511627197266,-67.31742858886719,1
The sons of Jesus prod the Borgias to concur.,The sons of Jesus prods the Borgias to concur.,morphology,subject_verb_agreement,distractor_agreement_relational_noun,True,True,False,False,415,-80.7840576171875,-82.71098327636719,1
The sons of Victoria are suffering.,The sons of Victoria was suffering.,morphology,subject_verb_agreement,distractor_agreement_relational_noun,True,True,False,False,416,-32.544158935546875,-34.28180694580078,1
A son of many boys wasn't compelling Becky's associates to conspire.,A son of many boys weren't compelling Becky's associates to conspire.,morphology,subject_verb_agreement,distractor_agreement_relational_noun,True,True,False,False,417,-100.33572387695312,-98.72832489013672,0
A son of the Clintons jokes around.,A son of the Clintons joke around.,morphology,subject_verb_agreement,distractor_agreement_relational_noun,True,True,False,False,418,-48.44978332519531,-46.528099060058594,0
A newspaper article about the Impressionists does annoy Larry.,A newspaper article about the Impressionists do annoy Larry.,morphology,subject_verb_agreement,distractor_agreement_relational_noun,True,True,False,False,419,-74.32304382324219,-72.16159057617188,0
The mothers of Suzanne doubt Robert commanded Marie's nephew to bike to those closets.,The mothers of Suzanne doubts Robert commanded Marie's nephew to bike to those closets.,morphology,subject_verb_agreement,distractor_agreement_relational_noun,True,True,False,False,420,-123.1004638671875,-124.70641326904297,1
A daughter of the pedestrians hasn't discovered who is shrugging.,A daughter of the pedestrians haven't discovered who is shrugging.,morphology,subject_verb_agreement,distractor_agreement_relational_noun,True,True,False,False,421,-84.59213256835938,-81.54678344726562,0
The paintings of Christine don't disappear.,The paintings of Christine doesn't disappear.,morphology,subject_verb_agreement,distractor_agreement_relational_noun,True,True,False,False,422,-48.077640533447266,-45.44965744018555,0
The grandsons of Tiffany haven't required Lisa's brother to irritate this association.,The grandsons of Tiffany hasn't required Lisa's brother to irritate this association.,morphology,subject_verb_agreement,distractor_agreement_relational_noun,True,True,False,False,423,-110.43915557861328,-106.9499740600586,0
The drawings of Homer look like many sketches.,The drawings of Homer looks like many sketches.,morphology,subject_verb_agreement,distractor_agreement_relational_noun,True,True,False,False,424,-50.347782135009766,-51.03947067260742,1
A sister of most men hasn't want to hide.,A sister of most men haven't want to hide.,morphology,subject_verb_agreement,distractor_agreement_relational_noun,True,True,False,False,425,-59.27029037475586,-58.148380279541016,0
The paintings of Connie appear.,The paintings of Connie appears.,morphology,subject_verb_agreement,distractor_agreement_relational_noun,True,True,False,False,426,-42.248390197753906,-41.70331573486328,0
The painting of these cars doesn't vanish.,The painting of these cars don't vanish.,morphology,subject_verb_agreement,distractor_agreement_relational_noun,True,True,False,False,427,-51.77720642089844,-50.54971694946289,0
A story about the Balkans isn't distracting Omar.,A story about the Balkans aren't distracting Omar.,morphology,subject_verb_agreement,distractor_agreement_relational_noun,True,True,False,False,428,-62.200557708740234,-62.577674865722656,1
The grandfathers of Gina haven't forgotten about who hasn't escaped from James.,The grandfathers of Gina hasn't forgotten about who hasn't escaped from James.,morphology,subject_verb_agreement,distractor_agreement_relational_noun,True,True,False,False,429,-85.35743713378906,-83.57260131835938,0
The brother of cashiers hasn't sneezed.,The brother of cashiers haven't sneezed.,morphology,subject_verb_agreement,distractor_agreement_relational_noun,True,True,False,False,430,-56.79188919067383,-55.76126480102539,0
The drawings of Tanya don't bore Noah.,The drawings of Tanya doesn't bore Noah.,morphology,subject_verb_agreement,distractor_agreement_relational_noun,True,True,False,False,431,-61.517311096191406,-61.82738494873047,1
The father of the Impressionists hasn't hurt every guy.,The father of the Impressionists haven't hurt every guy.,morphology,subject_verb_agreement,distractor_agreement_relational_noun,True,True,False,False,432,-66.29690551757812,-65.02037048339844,0
The stories about Galileo have disturbed Victoria.,The stories about Galileo has disturbed Victoria.,morphology,subject_verb_agreement,distractor_agreement_relational_noun,True,True,False,False,433,-57.353118896484375,-56.52373123168945,0
The nieces of that lady don't ascertain all legislatures to testify.,The nieces of that lady doesn't ascertain all legislatures to testify.,morphology,subject_verb_agreement,distractor_agreement_relational_noun,True,True,False,False,434,-93.4996337890625,-92.35212707519531,0
A drawing of all steps was looking like that drawing.,A drawing of all steps are looking like that drawing.,morphology,subject_verb_agreement,distractor_agreement_relational_noun,True,True,False,False,435,-63.030086517333984,-60.96488952636719,0
The nieces of Angela don't annoy Carl.,The nieces of Angela doesn't annoy Carl.,morphology,subject_verb_agreement,distractor_agreement_relational_noun,True,True,False,False,436,-68.36812591552734,-67.17620086669922,0
The stories about music have stunned Elizabeth.,The stories about music has stunned Elizabeth.,morphology,subject_verb_agreement,distractor_agreement_relational_noun,True,True,False,False,437,-50.99175262451172,-49.011192321777344,0
The newspaper articles about Monet disappear.,The newspaper articles about Monet disappears.,morphology,subject_verb_agreement,distractor_agreement_relational_noun,True,True,False,False,438,-49.74336242675781,-47.59868240356445,0
A grandson of most pedestrians is seeming to marry.,A grandson of most pedestrians are seeming to marry.,morphology,subject_verb_agreement,distractor_agreement_relational_noun,True,True,False,False,439,-61.1751594543457,-57.75457000732422,0
The books about Monet aren't vanishing.,The books about Monet wasn't vanishing.,morphology,subject_verb_agreement,distractor_agreement_relational_noun,True,True,False,False,440,-57.12188720703125,-57.274658203125,1
The book about the Impressionists doesn't vanish.,The book about the Impressionists don't vanish.,morphology,subject_verb_agreement,distractor_agreement_relational_noun,True,True,False,False,441,-55.93194580078125,-54.34505081176758,0
The movie about the Great Lakes shocks Carol.,The movie about the Great Lakes shock Carol.,morphology,subject_verb_agreement,distractor_agreement_relational_noun,True,True,False,False,442,-61.872100830078125,-58.181671142578125,0
The sons of Dennis don't explain everything.,The sons of Dennis doesn't explain everything.,morphology,subject_verb_agreement,distractor_agreement_relational_noun,True,True,False,False,443,-50.244178771972656,-50.27536392211914,1
The report about the Borgias wasn't confusing Clyde.,The report about the Borgias weren't confusing Clyde.,morphology,subject_verb_agreement,distractor_agreement_relational_noun,True,True,False,False,444,-81.8296127319336,-81.91183471679688,1
The fathers of Sheila research art.,The fathers of Sheila researches art.,morphology,subject_verb_agreement,distractor_agreement_relational_noun,True,True,False,False,445,-52.72918701171875,-55.34265899658203,1
The nephews of Stephen do resemble these paintings.,The nephews of Stephen does resemble these paintings.,morphology,subject_verb_agreement,distractor_agreement_relational_noun,True,True,False,False,446,-63.151676177978516,-62.578369140625,0
The cousins of Naomi do admire the eye.,The cousins of Naomi does admire the eye.,morphology,subject_verb_agreement,distractor_agreement_relational_noun,True,True,False,False,447,-55.97615432739258,-57.122501373291016,1
A sister of these adults does worry Aaron.,A sister of these adults do worry Aaron.,morphology,subject_verb_agreement,distractor_agreement_relational_noun,True,True,False,False,448,-69.93136596679688,-66.12704467773438,0
The grandmother of men threatens to write.,The grandmother of men threaten to write.,morphology,subject_verb_agreement,distractor_agreement_relational_noun,True,True,False,False,449,-44.28628158569336,-45.898807525634766,1
The movie about the Great Lakes distracts Florence.,The movie about the Great Lakes distract Florence.,morphology,subject_verb_agreement,distractor_agreement_relational_noun,True,True,False,False,450,-59.63423156738281,-60.7151985168457,1
A drawing of a lot of carts has embarrassed many museums.,A drawing of a lot of carts have embarrassed many museums.,morphology,subject_verb_agreement,distractor_agreement_relational_noun,True,True,False,False,451,-76.65696716308594,-76.76008605957031,1
The paintings of Joel were looking like all prints.,The paintings of Joel was looking like all prints.,morphology,subject_verb_agreement,distractor_agreement_relational_noun,True,True,False,False,452,-65.69815063476562,-62.74050521850586,0
The shows about Spain were alarming that person.,The shows about Spain was alarming that person.,morphology,subject_verb_agreement,distractor_agreement_relational_noun,True,True,False,False,453,-65.45635986328125,-63.034847259521484,0
The paintings of the restaurant shock Donald.,The paintings of the restaurant shocks Donald.,morphology,subject_verb_agreement,distractor_agreement_relational_noun,True,True,False,False,454,-58.633148193359375,-61.30856704711914,1
The photograph of these glasses wasn't irritating Homer.,The photograph of these glasses aren't irritating Homer.,morphology,subject_verb_agreement,distractor_agreement_relational_noun,True,True,False,False,455,-67.16606903076172,-65.18529510498047,0
The movies about literature alarm Bruce.,The movies about literature alarms Bruce.,morphology,subject_verb_agreement,distractor_agreement_relational_noun,True,True,False,False,456,-58.748416900634766,-60.79669952392578,1
A drawing of these mushrooms hasn't annoyed a lady.,A drawing of these mushrooms haven't annoyed a lady.,morphology,subject_verb_agreement,distractor_agreement_relational_noun,True,True,False,False,457,-73.5406265258789,-72.80551147460938,0
The paintings of this broccoli don't stun Roger.,The paintings of this broccoli doesn't stun Roger.,morphology,subject_verb_agreement,distractor_agreement_relational_noun,True,True,False,False,458,-71.7669677734375,-70.92540740966797,0
The sister of some guys doesn't think Stacy can't wear many pants.,The sister of some guys don't think Stacy can't wear many pants.,morphology,subject_verb_agreement,distractor_agreement_relational_noun,True,True,False,False,459,-87.61141204833984,-83.91866302490234,0
The prints of Denise look like most drawings.,The prints of Denise looks like most drawings.,morphology,subject_verb_agreement,distractor_agreement_relational_noun,True,True,False,False,460,-61.8143310546875,-60.76847839355469,0
The newspaper articles about Monet were boring Robert.,The newspaper articles about Monet was boring Robert.,morphology,subject_verb_agreement,distractor_agreement_relational_noun,True,True,False,False,461,-67.68190002441406,-65.404052734375,0
A movie about the Borgias doesn't sound like Katherine.,A movie about the Borgias don't sound like Katherine.,morphology,subject_verb_agreement,distractor_agreement_relational_noun,True,True,False,False,462,-70.69049072265625,-69.86329650878906,0
The essays about science do disgust that legislature.,The essays about science does disgust that legislature.,morphology,subject_verb_agreement,distractor_agreement_relational_noun,True,True,False,False,463,-67.19882202148438,-66.63978576660156,0
The brochure about the Impressionists isn't upsetting Caroline.,The brochure about the Impressionists weren't upsetting Caroline.,morphology,subject_verb_agreement,distractor_agreement_relational_noun,True,True,False,False,464,-79.15836334228516,-78.87783813476562,0
The sisters of Tammy clean a lake.,The sisters of Tammy cleans a lake.,morphology,subject_verb_agreement,distractor_agreement_relational_noun,True,True,False,False,465,-53.314361572265625,-52.436973571777344,0
A book about current events hasn't aggravated Christina.,A book about current events haven't aggravated Christina.,morphology,subject_verb_agreement,distractor_agreement_relational_noun,True,True,False,False,466,-68.77960205078125,-66.75147247314453,0
The photograph of the dogs has impressed Judy.,The photograph of the dogs have impressed Judy.,morphology,subject_verb_agreement,distractor_agreement_relational_noun,True,True,False,False,467,-56.13941955566406,-56.38578796386719,1
The movies about Galileo haven't won.,The movies about Galileo hasn't won.,morphology,subject_verb_agreement,distractor_agreement_relational_noun,True,True,False,False,468,-52.88438034057617,-50.48588943481445,0
The picture of most students doesn't alarm Amelia.,The picture of most students don't alarm Amelia.,morphology,subject_verb_agreement,distractor_agreement_relational_noun,True,True,False,False,469,-64.91576385498047,-60.739280700683594,0
A movie about current events disturbs a lot of senators.,A movie about current events disturb a lot of senators.,morphology,subject_verb_agreement,distractor_agreement_relational_noun,True,True,False,False,470,-64.26586151123047,-66.862060546875,1
The friends of Carl aren't approaching Guy.,The friends of Carl isn't approaching Guy.,morphology,subject_verb_agreement,distractor_agreement_relational_noun,True,True,False,False,471,-58.37965393066406,-55.44214630126953,0
The pictures of some skirt alarm that adult.,The pictures of some skirt alarms that adult.,morphology,subject_verb_agreement,distractor_agreement_relational_noun,True,True,False,False,472,-65.75614929199219,-64.90342712402344,0
The grandfathers of every guest entreat Angela to get a job.,The grandfathers of every guest entreats Angela to get a job.,morphology,subject_verb_agreement,distractor_agreement_relational_noun,True,True,False,False,473,-81.03378295898438,-78.47647857666016,0
The commentaries about music stun those companies.,The commentaries about music stuns those companies.,morphology,subject_verb_agreement,distractor_agreement_relational_noun,True,True,False,False,474,-63.62459182739258,-65.85999298095703,1
The mothers of some adult have healed Patricia.,The mothers of some adult has healed Patricia.,morphology,subject_verb_agreement,distractor_agreement_relational_noun,True,True,False,False,475,-59.294456481933594,-61.158042907714844,1
A sketch of most computers falls.,A sketch of most computers fall.,morphology,subject_verb_agreement,distractor_agreement_relational_noun,True,True,False,False,476,-47.778167724609375,-46.28837585449219,0
The documentary about the Lutherans distracts James.,The documentary about the Lutherans distract James.,morphology,subject_verb_agreement,distractor_agreement_relational_noun,True,True,False,False,477,-62.29627990722656,-63.316436767578125,1
The essays about art have astounded Theresa.,The essays about art has astounded Theresa.,morphology,subject_verb_agreement,distractor_agreement_relational_noun,True,True,False,False,478,-61.52799987792969,-60.868988037109375,0
The granddaughters of Cindy induce some child to forfeit.,The granddaughters of Cindy induces some child to forfeit.,morphology,subject_verb_agreement,distractor_agreement_relational_noun,True,True,False,False,479,-79.34268188476562,-79.60242462158203,1
The mothers of Monica were attacking Victoria.,The mothers of Monica is attacking Victoria.,morphology,subject_verb_agreement,distractor_agreement_relational_noun,True,True,False,False,480,-58.74381637573242,-58.14313888549805,0
The books about Winston Churchill do distract Sally.,The books about Winston Churchill does distract Sally.,morphology,subject_verb_agreement,distractor_agreement_relational_noun,True,True,False,False,481,-66.78080749511719,-65.39808654785156,0
The grandmother of a lot of actresses wasn't discovering who hadn't responded.,The grandmother of a lot of actresses weren't discovering who hadn't responded.,morphology,subject_verb_agreement,distractor_agreement_relational_noun,True,True,False,False,482,-79.60073852539062,-77.89373779296875,0
The reports about Galileo aren't falling.,The reports about Galileo isn't falling.,morphology,subject_verb_agreement,distractor_agreement_relational_noun,True,True,False,False,483,-52.573524475097656,-49.54298400878906,0
The reports about literature do impress Omar.,The reports about literature does impress Omar.,morphology,subject_verb_agreement,distractor_agreement_relational_noun,True,True,False,False,484,-63.31413269042969,-63.20494079589844,0
A commentary about the Borgias was boring Colleen.,A commentary about the Borgias are boring Colleen.,morphology,subject_verb_agreement,distractor_agreement_relational_noun,True,True,False,False,485,-72.87940979003906,-72.56858825683594,0
The grandfathers of Gary don't hunt.,The grandfathers of Gary doesn't hunt.,morphology,subject_verb_agreement,distractor_agreement_relational_noun,True,True,False,False,486,-52.6744499206543,-53.27998352050781,1
The mother of the Impressionists doesn't annoy Dan.,The mother of the Impressionists don't annoy Dan.,morphology,subject_verb_agreement,distractor_agreement_relational_noun,True,True,False,False,487,-66.10557556152344,-64.25444030761719,0
The show about the Lutherans does disgust Marla.,The show about the Lutherans do disgust Marla.,morphology,subject_verb_agreement,distractor_agreement_relational_noun,True,True,False,False,488,-83.69367980957031,-82.67692565917969,0
The play about the Borgias has won.,The play about the Borgias have won.,morphology,subject_verb_agreement,distractor_agreement_relational_noun,True,True,False,False,489,-57.03089904785156,-56.57396697998047,0
The paintings of Danielle weren't aggravating Galileo.,The paintings of Danielle isn't aggravating Galileo.,morphology,subject_verb_agreement,distractor_agreement_relational_noun,True,True,False,False,490,-71.41099548339844,-68.32997131347656,0
The drawings of Mary do bore the Borgias.,The drawings of Mary does bore the Borgias.,morphology,subject_verb_agreement,distractor_agreement_relational_noun,True,True,False,False,491,-67.66883087158203,-68.7750015258789,1
The show about the Great Lakes aggravates Michael.,The show about the Great Lakes aggravate Michael.,morphology,subject_verb_agreement,distractor_agreement_relational_noun,True,True,False,False,492,-61.56684875488281,-63.3333625793457,1
The prints of Pamela vanish.,The prints of Pamela vanishes.,morphology,subject_verb_agreement,distractor_agreement_relational_noun,True,True,False,False,493,-45.487701416015625,-45.25748062133789,0
A granddaughter of a lot of teachers isn't judging Carla to complain.,A granddaughter of a lot of teachers weren't judging Carla to complain.,morphology,subject_verb_agreement,distractor_agreement_relational_noun,True,True,False,False,494,-85.90936279296875,-85.42510986328125,0
A cousin of ladies wonders who is running around all public parks.,A cousin of ladies wonder who is running around all public parks.,morphology,subject_verb_agreement,distractor_agreement_relational_noun,True,True,False,False,495,-81.89266967773438,-75.75376892089844,0
The shows about Galileo do disturb some university.,The shows about Galileo does disturb some university.,morphology,subject_verb_agreement,distractor_agreement_relational_noun,True,True,False,False,496,-76.34208679199219,-74.22714233398438,0
The friends of that child have irritated Allison.,The friends of that child has irritated Allison.,morphology,subject_verb_agreement,distractor_agreement_relational_noun,True,True,False,False,497,-58.68305969238281,-57.74232482910156,0
The pamphlets about Monet have sounded like public parks.,The pamphlets about Monet has sounded like public parks.,morphology,subject_verb_agreement,distractor_agreement_relational_noun,True,True,False,False,498,-76.03282928466797,-75.62973022460938,0
A painting of those bikes is scaring Laura.,A painting of those bikes are scaring Laura.,morphology,subject_verb_agreement,distractor_agreement_relational_noun,True,True,False,False,499,-71.20736694335938,-68.98521423339844,0
The paintings of a guy are scaring Homer.,The paintings of a guy is scaring Homer.,morphology,subject_verb_agreement,distractor_agreement_relational_noun,True,True,False,False,500,-63.079811096191406,-60.419559478759766,0
The pictures of this picture have vanished.,The pictures of this picture has vanished.,morphology,subject_verb_agreement,distractor_agreement_relational_noun,True,True,False,False,501,-32.8203010559082,-30.832653045654297,0
The print of those projectors confuses Tara.,The print of those projectors confuse Tara.,morphology,subject_verb_agreement,distractor_agreement_relational_noun,True,True,False,False,502,-67.21488952636719,-63.43517303466797,0
The sketches of some slope weren't shocking Barbara.,The sketches of some slope isn't shocking Barbara.,morphology,subject_verb_agreement,distractor_agreement_relational_noun,True,True,False,False,503,-76.56497192382812,-74.01919555664062,0
A commentary about the Clintons does irritate Marla.,A commentary about the Clintons do irritate Marla.,morphology,subject_verb_agreement,distractor_agreement_relational_noun,True,True,False,False,504,-69.3438720703125,-68.15177917480469,0
The photograph of actresses does hurt Cynthia.,The photograph of actresses do hurt Cynthia.,morphology,subject_verb_agreement,distractor_agreement_relational_noun,True,True,False,False,505,-60.480342864990234,-59.96654510498047,0
The books about literature scare Michael.,The books about literature scares Michael.,morphology,subject_verb_agreement,distractor_agreement_relational_noun,True,True,False,False,506,-51.125389099121094,-50.20993423461914,0
The books about music hurt Becca.,The books about music hurts Becca.,morphology,subject_verb_agreement,distractor_agreement_relational_noun,True,True,False,False,507,-54.87873458862305,-54.89030838012695,1
The mothers of Joel have attacked Bethany.,The mothers of Joel has attacked Bethany.,morphology,subject_verb_agreement,distractor_agreement_relational_noun,True,True,False,False,508,-56.28246307373047,-56.67278289794922,1
The son of most customers hasn't thought Jacqueline isn't biking to these cafes.,The son of most customers haven't thought Jacqueline isn't biking to these cafes.,morphology,subject_verb_agreement,distractor_agreement_relational_noun,True,True,False,False,509,-103.34048461914062,-101.06842041015625,0
The grandmothers of Stephanie do upset Ellen.,The grandmothers of Stephanie does upset Ellen.,morphology,subject_verb_agreement,distractor_agreement_relational_noun,True,True,False,False,510,-60.80012893676758,-60.63567352294922,0
The shows about Harvard University have upset those guests.,The shows about Harvard University has upset those guests.,morphology,subject_verb_agreement,distractor_agreement_relational_noun,True,True,False,False,511,-67.64762115478516,-65.76670837402344,0
The daughter of those girls has studied.,The daughter of those girls have studied.,morphology,subject_verb_agreement,distractor_agreement_relational_noun,True,True,False,False,512,-39.88470458984375,-37.2862548828125,0
The brother of those adults does forget Kristen.,The brother of those adults do forget Kristen.,morphology,subject_verb_agreement,distractor_agreement_relational_noun,True,True,False,False,513,-61.386348724365234,-57.458316802978516,0
The nephew of guys does clean a movie theater.,The nephew of guys do clean a movie theater.,morphology,subject_verb_agreement,distractor_agreement_relational_noun,True,True,False,False,514,-65.43953704833984,-62.23303985595703,0
The commentaries about art bother Galileo.,The commentaries about art bothers Galileo.,morphology,subject_verb_agreement,distractor_agreement_relational_noun,True,True,False,False,515,-57.6380729675293,-58.39476776123047,1
The book about the Clintons does disturb the hospital.,The book about the Clintons do disturb the hospital.,morphology,subject_verb_agreement,distractor_agreement_relational_noun,True,True,False,False,516,-59.24094009399414,-57.943504333496094,0
The fathers of Cindy do fail to clean many reports.,The fathers of Cindy does fail to clean many reports.,morphology,subject_verb_agreement,distractor_agreement_relational_noun,True,True,False,False,517,-74.73759460449219,-76.15392303466797,1
The movie about the Balkans isn't irritating Tammy.,The movie about the Balkans aren't irritating Tammy.,morphology,subject_verb_agreement,distractor_agreement_relational_noun,True,True,False,False,518,-65.77543640136719,-66.6003189086914,1
The fathers of George were scanning that report.,The fathers of George was scanning that report.,morphology,subject_verb_agreement,distractor_agreement_relational_noun,True,True,False,False,519,-59.961429595947266,-59.611328125,0
The newspaper article about the Lutherans doesn't appear.,The newspaper article about the Lutherans don't appear.,morphology,subject_verb_agreement,distractor_agreement_relational_noun,True,True,False,False,520,-58.95644760131836,-58.834842681884766,0
The painting of the Lutherans does bother Matt.,The painting of the Lutherans do bother Matt.,morphology,subject_verb_agreement,distractor_agreement_relational_noun,True,True,False,False,521,-69.39379119873047,-67.49591064453125,0
The sister of all cashiers forces Andrea's best friend to cry.,The sister of all cashiers force Andrea's best friend to cry.,morphology,subject_verb_agreement,distractor_agreement_relational_noun,True,True,False,False,522,-86.4853744506836,-86.70922088623047,1
The drawings of Ruth were hurting that lady.,The drawings of Ruth is hurting that lady.,morphology,subject_verb_agreement,distractor_agreement_relational_noun,True,True,False,False,523,-60.24529266357422,-56.69215393066406,0
The prints of Carrie do scare a patient.,The prints of Carrie does scare a patient.,morphology,subject_verb_agreement,distractor_agreement_relational_noun,True,True,False,False,524,-64.46913146972656,-63.289947509765625,0
The brochures about literature are impressing Ellen.,The brochures about literature is impressing Ellen.,morphology,subject_verb_agreement,distractor_agreement_relational_noun,True,True,False,False,525,-64.63258361816406,-63.47184753417969,0
The paintings of a gate haven't worried that hospital.,The paintings of a gate hasn't worried that hospital.,morphology,subject_verb_agreement,distractor_agreement_relational_noun,True,True,False,False,526,-69.01326751708984,-69.02011108398438,1
A picture of those carriages does impress a woman.,A picture of those carriages do impress a woman.,morphology,subject_verb_agreement,distractor_agreement_relational_noun,True,True,False,False,527,-60.96898651123047,-59.24810028076172,0
The friends of Ruth weren't hugging Scott.,The friends of Ruth wasn't hugging Scott.,morphology,subject_verb_agreement,distractor_agreement_relational_noun,True,True,False,False,528,-58.6981201171875,-56.41068649291992,0
The drawings of every sketch haven't impressed Holly.,The drawings of every sketch hasn't impressed Holly.,morphology,subject_verb_agreement,distractor_agreement_relational_noun,True,True,False,False,529,-67.55706787109375,-66.01551055908203,0
The nephew of most adults is arriving at this high school.,The nephew of most adults are arriving at this high school.,morphology,subject_verb_agreement,distractor_agreement_relational_noun,True,True,False,False,530,-57.55019760131836,-56.205631256103516,0
The nieces of Rachel have sat down.,The nieces of Rachel has sat down.,morphology,subject_verb_agreement,distractor_agreement_relational_noun,True,True,False,False,531,-57.341896057128906,-56.00007629394531,0
The grandfathers of Charles have escaped.,The grandfathers of Charles has escaped.,morphology,subject_verb_agreement,distractor_agreement_relational_noun,True,True,False,False,532,-43.96881103515625,-43.11831283569336,0
The fathers of Becky haven't left a lot of glaciers.,The fathers of Becky hasn't left a lot of glaciers.,morphology,subject_verb_agreement,distractor_agreement_relational_noun,True,True,False,False,533,-71.79166412353516,-70.07113647460938,0
The grandsons of Julia haven't obliged Veronica to reveal Dennis.,The grandsons of Julia hasn't obliged Veronica to reveal Dennis.,morphology,subject_verb_agreement,distractor_agreement_relational_noun,True,True,False,False,534,-96.39254760742188,-94.32902526855469,0
The reports about Spain don't astound Richard.,The reports about Spain doesn't astound Richard.,morphology,subject_verb_agreement,distractor_agreement_relational_noun,True,True,False,False,535,-67.40218353271484,-67.66511535644531,1
The prints of a skirt were looking like every sketch.,The prints of a skirt is looking like every sketch.,morphology,subject_verb_agreement,distractor_agreement_relational_noun,True,True,False,False,536,-64.32858276367188,-61.31057357788086,0
The paintings of Ruth do disgust some university.,The paintings of Ruth does disgust some university.,morphology,subject_verb_agreement,distractor_agreement_relational_noun,True,True,False,False,537,-71.19739532470703,-69.72897338867188,0
The story about the Balkans has irritated Roger.,The story about the Balkans have irritated Roger.,morphology,subject_verb_agreement,distractor_agreement_relational_noun,True,True,False,False,538,-57.93712615966797,-58.13300323486328,1
The grandson of many adults believes Liam to clean chairs.,The grandson of many adults believe Liam to clean chairs.,morphology,subject_verb_agreement,distractor_agreement_relational_noun,True,True,False,False,539,-76.808349609375,-73.91781616210938,0
The granddaughter of the Borgias coughs.,The granddaughter of the Borgias cough.,morphology,subject_verb_agreement,distractor_agreement_relational_noun,True,True,False,False,540,-53.71849822998047,-51.72672653198242,0
The drawings of every chair are disappearing.,The drawings of every chair is disappearing.,morphology,subject_verb_agreement,distractor_agreement_relational_noun,True,True,False,False,541,-45.386356353759766,-43.61431121826172,0
The books about politics don't distract Roger.,The books about politics doesn't distract Roger.,morphology,subject_verb_agreement,distractor_agreement_relational_noun,True,True,False,False,542,-57.649131774902344,-56.902320861816406,0
The reports about Harvard University haven't stunned Kevin.,The reports about Harvard University hasn't stunned Kevin.,morphology,subject_verb_agreement,distractor_agreement_relational_noun,True,True,False,False,543,-62.985565185546875,-62.60887145996094,0
A drawing of most unicycles confuses Gerald.,A drawing of most unicycles confuse Gerald.,morphology,subject_verb_agreement,distractor_agreement_relational_noun,True,True,False,False,544,-76.05226135253906,-74.64708709716797,0
The pamphlets about Harvard University upset Dennis.,The pamphlets about Harvard University upsets Dennis.,morphology,subject_verb_agreement,distractor_agreement_relational_noun,True,True,False,False,545,-60.114139556884766,-66.06034088134766,1
The mother of those teenagers hasn't screamed.,The mother of those teenagers haven't screamed.,morphology,subject_verb_agreement,distractor_agreement_relational_noun,True,True,False,False,546,-50.97475814819336,-49.51318359375,0
A painting of some forks does hurt Randolf.,A painting of some forks do hurt Randolf.,morphology,subject_verb_agreement,distractor_agreement_relational_noun,True,True,False,False,547,-81.48025512695312,-80.80972290039062,0
The stories about Spain don't bore a lot of pedestrians.,The stories about Spain doesn't bore a lot of pedestrians.,morphology,subject_verb_agreement,distractor_agreement_relational_noun,True,True,False,False,548,-62.15652847290039,-62.30934143066406,1
The pamphlets about Harvard University aren't disgusting Suzanne.,The pamphlets about Harvard University wasn't disgusting Suzanne.,morphology,subject_verb_agreement,distractor_agreement_relational_noun,True,True,False,False,549,-76.13565063476562,-74.20533752441406,0
A newspaper article about the Impressionists hasn't disappeared.,A newspaper article about the Impressionists haven't disappeared.,morphology,subject_verb_agreement,distractor_agreement_relational_noun,True,True,False,False,550,-61.605506896972656,-58.135128021240234,0
The brochures about Monet have fallen.,The brochures about Monet has fallen.,morphology,subject_verb_agreement,distractor_agreement_relational_noun,True,True,False,False,551,-51.000518798828125,-49.867881774902344,0
A father of adults observes Sally.,A father of adults observe Sally.,morphology,subject_verb_agreement,distractor_agreement_relational_noun,True,True,False,False,552,-51.48118591308594,-51.77889633178711,1
The brothers of David implore Wendy to conceal Theodore.,The brothers of David implores Wendy to conceal Theodore.,morphology,subject_verb_agreement,distractor_agreement_relational_noun,True,True,False,False,553,-76.50757598876953,-76.01761627197266,0
The friends of Raymond don't imagine Robert hadn't compelled Denise to wear those scarves.,The friends of Raymond doesn't imagine Robert hadn't compelled Denise to wear those scarves.,morphology,subject_verb_agreement,distractor_agreement_relational_noun,True,True,False,False,554,-111.70980834960938,-113.59261322021484,1
The granddaughters of Bill don't spin around.,The granddaughters of Bill doesn't spin around.,morphology,subject_verb_agreement,distractor_agreement_relational_noun,True,True,False,False,555,-62.84138107299805,-62.766510009765625,0
The prints of Naomi do irritate Tiffany.,The prints of Naomi does irritate Tiffany.,morphology,subject_verb_agreement,distractor_agreement_relational_noun,True,True,False,False,556,-63.96263122558594,-64.74059295654297,1
The documentaries about Spain do disgust Sally.,The documentaries about Spain does disgust Sally.,morphology,subject_verb_agreement,distractor_agreement_relational_noun,True,True,False,False,557,-64.84066009521484,-64.50420379638672,0
A picture of those turtles doesn't worry Charles.,A picture of those turtles don't worry Charles.,morphology,subject_verb_agreement,distractor_agreement_relational_noun,True,True,False,False,558,-64.1834487915039,-59.52845764160156,0
The grandfathers of Ella scare Steven.,The grandfathers of Ella scares Steven.,morphology,subject_verb_agreement,distractor_agreement_relational_noun,True,True,False,False,559,-59.146522521972656,-58.267112731933594,0
The grandsons of Carol were disappearing.,The grandsons of Carol is disappearing.,morphology,subject_verb_agreement,distractor_agreement_relational_noun,True,True,False,False,560,-54.324806213378906,-50.97949981689453,0
The print of all sweaters does irritate these ladies.,The print of all sweaters do irritate these ladies.,morphology,subject_verb_agreement,distractor_agreement_relational_noun,True,True,False,False,561,-67.82928466796875,-64.33634948730469,0
The cousins of Diana don't sing.,The cousins of Diana doesn't sing.,morphology,subject_verb_agreement,distractor_agreement_relational_noun,True,True,False,False,562,-45.509193420410156,-46.63496017456055,1
A mother of a lot of drivers wasn't requiring every legislature to appreciate some high school.,A mother of a lot of drivers weren't requiring every legislature to appreciate some high school.,morphology,subject_verb_agreement,distractor_agreement_relational_noun,True,True,False,False,563,-101.56074523925781,-99.81678771972656,0
The paintings of this light stun the company.,The paintings of this light stuns the company.,morphology,subject_verb_agreement,distractor_agreement_relational_noun,True,True,False,False,564,-58.234458923339844,-58.21464538574219,0
The sister of doctors writes.,The sister of doctors write.,morphology,subject_verb_agreement,distractor_agreement_relational_noun,True,True,False,False,565,-35.794219970703125,-37.616912841796875,1
A show about the Clintons doesn't astound Homer.,A show about the Clintons don't astound Homer.,morphology,subject_verb_agreement,distractor_agreement_relational_noun,True,True,False,False,566,-70.43318176269531,-69.33981323242188,0
A report about current events hasn't bored Heidi.,A report about current events haven't bored Heidi.,morphology,subject_verb_agreement,distractor_agreement_relational_noun,True,True,False,False,567,-68.01390075683594,-65.8700180053711,0
The newspaper articles about Harvard University aren't embarrassing Beverly.,The newspaper articles about Harvard University isn't embarrassing Beverly.,morphology,subject_verb_agreement,distractor_agreement_relational_noun,True,True,False,False,568,-72.1917953491211,-68.90432739257812,0
A documentary about the Impressionists disturbs Paul.,A documentary about the Impressionists disturb Paul.,morphology,subject_verb_agreement,distractor_agreement_relational_noun,True,True,False,False,569,-58.99480056762695,-60.04917907714844,1
The pictures of every student weren't disturbing Katherine.,The pictures of every student wasn't disturbing Katherine.,morphology,subject_verb_agreement,distractor_agreement_relational_noun,True,True,False,False,570,-64.13589477539062,-61.34364318847656,0
The grandfathers of Carmen do oblige every museum to debate.,The grandfathers of Carmen does oblige every museum to debate.,morphology,subject_verb_agreement,distractor_agreement_relational_noun,True,True,False,False,571,-84.32431030273438,-83.43844604492188,0
The movies about Galileo have shocked Galileo.,The movies about Galileo has shocked Galileo.,morphology,subject_verb_agreement,distractor_agreement_relational_noun,True,True,False,False,572,-62.09089279174805,-60.70359802246094,0
The pamphlet about the Clintons vanishes.,The pamphlet about the Clintons vanish.,morphology,subject_verb_agreement,distractor_agreement_relational_noun,True,True,False,False,573,-51.289161682128906,-45.489601135253906,0
The son of all actresses fails to fall apart.,The son of all actresses fail to fall apart.,morphology,subject_verb_agreement,distractor_agreement_relational_noun,True,True,False,False,574,-53.872589111328125,-52.40083694458008,0
The reports about travel were distracting that child.,The reports about travel is distracting that child.,morphology,subject_verb_agreement,distractor_agreement_relational_noun,True,True,False,False,575,-59.51729202270508,-57.426239013671875,0
The fathers of Stacey have said most universities hadn't worked with the guys.,The fathers of Stacey has said most universities hadn't worked with the guys.,morphology,subject_verb_agreement,distractor_agreement_relational_noun,True,True,False,False,576,-90.7265853881836,-89.16590118408203,0
The movies about politics don't aggravate Amanda.,The movies about politics doesn't aggravate Amanda.,morphology,subject_verb_agreement,distractor_agreement_relational_noun,True,True,False,False,577,-61.50719451904297,-60.19750213623047,0
The sketch of all stairs appears.,The sketch of all stairs appear.,morphology,subject_verb_agreement,distractor_agreement_relational_noun,True,True,False,False,578,-45.887977600097656,-45.00910949707031,0
The brothers of Rodney don't resemble every print.,The brothers of Rodney doesn't resemble every print.,morphology,subject_verb_agreement,distractor_agreement_relational_noun,True,True,False,False,579,-65.48820495605469,-65.31927490234375,0
A sister of these cashiers is slumping over.,A sister of these cashiers were slumping over.,morphology,subject_verb_agreement,distractor_agreement_relational_noun,True,True,False,False,580,-67.38619995117188,-64.18472290039062,0
The sketches of Vanessa don't distract many legislatures.,The sketches of Vanessa doesn't distract many legislatures.,morphology,subject_verb_agreement,distractor_agreement_relational_noun,True,True,False,False,581,-72.43529510498047,-71.33241271972656,0
The newspaper article about the Borgias does sound like Vanessa.,The newspaper article about the Borgias do sound like Vanessa.,morphology,subject_verb_agreement,distractor_agreement_relational_noun,True,True,False,False,582,-73.63322448730469,-72.73371887207031,0
The essays about Spain stun those drivers.,The essays about Spain stuns those drivers.,morphology,subject_verb_agreement,distractor_agreement_relational_noun,True,True,False,False,583,-66.31903839111328,-69.18842315673828,1
The nephews of Kirsten do regret a lot of libraries learn who persuades these offspring to discuss James.,The nephews of Kirsten does regret a lot of libraries learn who persuades these offspring to discuss James.,morphology,subject_verb_agreement,distractor_agreement_relational_noun,True,True,False,False,584,-145.39991760253906,-144.20321655273438,0
A story about the Great Lakes was disgusting a lot of adults.,A story about the Great Lakes are disgusting a lot of adults.,morphology,subject_verb_agreement,distractor_agreement_relational_noun,True,True,False,False,585,-64.36216735839844,-62.789642333984375,0
The daughters of Suzanne hide.,The daughters of Suzanne hides.,morphology,subject_verb_agreement,distractor_agreement_relational_noun,True,True,False,False,586,-41.513282775878906,-41.777679443359375,1
The drawing of most actresses does worry Andrea.,The drawing of most actresses do worry Andrea.,morphology,subject_verb_agreement,distractor_agreement_relational_noun,True,True,False,False,587,-72.57830810546875,-69.26634979248047,0
The print of the slopes exists.,The print of the slopes exist.,morphology,subject_verb_agreement,distractor_agreement_relational_noun,True,True,False,False,588,-41.55487823486328,-40.820648193359375,0
The movie about the Balkans worries Galileo.,The movie about the Balkans worry Galileo.,morphology,subject_verb_agreement,distractor_agreement_relational_noun,True,True,False,False,589,-61.28730010986328,-59.88772201538086,0
The fathers of Barbara do believe Teresa to get fired.,The fathers of Barbara does believe Teresa to get fired.,morphology,subject_verb_agreement,distractor_agreement_relational_noun,True,True,False,False,590,-75.54473114013672,-78.12255859375,1
The brother of some girls is going fishing.,The brother of some girls were going fishing.,morphology,subject_verb_agreement,distractor_agreement_relational_noun,True,True,False,False,591,-48.96687316894531,-47.057281494140625,0
The newspaper article about the Lutherans was annoying waitresses.,The newspaper article about the Lutherans are annoying waitresses.,morphology,subject_verb_agreement,distractor_agreement_relational_noun,True,True,False,False,592,-76.221923828125,-73.74452209472656,0
The drawings of Becca don't impress Jill.,The drawings of Becca doesn't impress Jill.,morphology,subject_verb_agreement,distractor_agreement_relational_noun,True,True,False,False,593,-62.32001876831055,-61.16259002685547,0
The granddaughters of Roger have run around the lake.,The granddaughters of Roger has run around the lake.,morphology,subject_verb_agreement,distractor_agreement_relational_noun,True,True,False,False,594,-62.73689270019531,-61.091609954833984,0
A brochure about the Lutherans has appeared.,A brochure about the Lutherans have appeared.,morphology,subject_verb_agreement,distractor_agreement_relational_noun,True,True,False,False,595,-56.890594482421875,-56.343299865722656,0
The granddaughters of Dawn weren't arguing about Pamela.,The granddaughters of Dawn wasn't arguing about Pamela.,morphology,subject_verb_agreement,distractor_agreement_relational_noun,True,True,False,False,596,-73.44043731689453,-71.75152587890625,0
A photograph of some cafes is appearing.,A photograph of some cafes are appearing.,morphology,subject_verb_agreement,distractor_agreement_relational_noun,True,True,False,False,597,-49.181705474853516,-46.99335479736328,0
The daughters of Stacey do confuse Carlos.,The daughters of Stacey does confuse Carlos.,morphology,subject_verb_agreement,distractor_agreement_relational_noun,True,True,False,False,598,-62.097320556640625,-61.70771026611328,0
The paintings of that skirt worry Sheila.,The paintings of that skirt worries Sheila.,morphology,subject_verb_agreement,distractor_agreement_relational_noun,True,True,False,False,599,-65.68911743164062,-61.522247314453125,0
The picture of these art galleries has irritated Kendra.,The picture of these art galleries have irritated Kendra.,morphology,subject_verb_agreement,distractor_agreement_relational_noun,True,True,False,False,600,-67.00614166259766,-65.47535705566406,0
The essay about the Great Lakes confuses Brett.,The essay about the Great Lakes confuse Brett.,morphology,subject_verb_agreement,distractor_agreement_relational_noun,True,True,False,False,601,-66.70782470703125,-64.43443298339844,0
A documentary about current events astounds Bradley.,A documentary about current events astound Bradley.,morphology,subject_verb_agreement,distractor_agreement_relational_noun,True,True,False,False,602,-62.988914489746094,-55.801666259765625,0
The grandmothers of Brenda depart.,The grandmothers of Brenda departs.,morphology,subject_verb_agreement,distractor_agreement_relational_noun,True,True,False,False,603,-44.52693557739258,-46.18125915527344,1
The grandsons of that guy don't realize who sounds like Amy.,The grandsons of that guy doesn't realize who sounds like Amy.,morphology,subject_verb_agreement,distractor_agreement_relational_noun,True,True,False,False,604,-79.28953552246094,-78.24742889404297,0
The story about the Borgias has alarmed all banks.,The story about the Borgias have alarmed all banks.,morphology,subject_verb_agreement,distractor_agreement_relational_noun,True,True,False,False,605,-70.14857482910156,-71.1372299194336,1
The drawings of the doctor haven't confused Martin.,The drawings of the doctor hasn't confused Martin.,morphology,subject_verb_agreement,distractor_agreement_relational_noun,True,True,False,False,606,-62.75348663330078,-61.04374694824219,0
The nephews of Rodney weren't vanishing.,The nephews of Rodney isn't vanishing.,morphology,subject_verb_agreement,distractor_agreement_relational_noun,True,True,False,False,607,-55.90229415893555,-52.86920928955078,0
The grandmothers of Chad weren't aggravating Kayla.,The grandmothers of Chad wasn't aggravating Kayla.,morphology,subject_verb_agreement,distractor_agreement_relational_noun,True,True,False,False,608,-69.70450592041016,-68.09195709228516,0
The sketches of some mouth are wasting away.,The sketches of some mouth is wasting away.,morphology,subject_verb_agreement,distractor_agreement_relational_noun,True,True,False,False,609,-57.80878829956055,-57.471805572509766,0
The nephew of most cashiers wasn't talking.,The nephew of most cashiers aren't talking.,morphology,subject_verb_agreement,distractor_agreement_relational_noun,True,True,False,False,610,-62.782073974609375,-59.775638580322266,0
The movies about literature confuse Jacqueline.,The movies about literature confuses Jacqueline.,morphology,subject_verb_agreement,distractor_agreement_relational_noun,True,True,False,False,611,-57.96440887451172,-59.0872802734375,1
The fathers of Lissa do complain about Liam.,The fathers of Lissa does complain about Liam.,morphology,subject_verb_agreement,distractor_agreement_relational_noun,True,True,False,False,612,-68.3027572631836,-69.96146392822266,1
A niece of a lot of cashiers implores Matt to ascend a lot of steps.,A niece of a lot of cashiers implore Matt to ascend a lot of steps.,morphology,subject_verb_agreement,distractor_agreement_relational_noun,True,True,False,False,613,-101.9530029296875,-99.36679077148438,0
The essays about Jesus are irritating Brett.,The essays about Jesus is irritating Brett.,morphology,subject_verb_agreement,distractor_agreement_relational_noun,True,True,False,False,614,-60.181800842285156,-57.662208557128906,0
The grandmothers of Catherine don't urge Galileo to exercise.,The grandmothers of Catherine doesn't urge Galileo to exercise.,morphology,subject_verb_agreement,distractor_agreement_relational_noun,True,True,False,False,615,-72.68539428710938,-72.65545654296875,0
A son of the teachers helps Nina.,A son of the teachers help Nina.,morphology,subject_verb_agreement,distractor_agreement_relational_noun,True,True,False,False,616,-52.79025650024414,-49.7869873046875,0
The reports about science have stunned Sharon.,The reports about science has stunned Sharon.,morphology,subject_verb_agreement,distractor_agreement_relational_noun,True,True,False,False,617,-54.86346435546875,-53.93505096435547,0
The paintings of Emily have confused a bank.,The paintings of Emily has confused a bank.,morphology,subject_verb_agreement,distractor_agreement_relational_noun,True,True,False,False,618,-62.49523162841797,-60.928184509277344,0
A daughter of all dancers motivates Carrie to see every hat.,A daughter of all dancers motivate Carrie to see every hat.,morphology,subject_verb_agreement,distractor_agreement_relational_noun,True,True,False,False,619,-82.769775390625,-79.97058868408203,0
The daughter of many adults hasn't suffered.,The daughter of many adults haven't suffered.,morphology,subject_verb_agreement,distractor_agreement_relational_noun,True,True,False,False,620,-48.406002044677734,-46.49116516113281,0
The pictures of Leslie haven't bored Debra.,The pictures of Leslie hasn't bored Debra.,morphology,subject_verb_agreement,distractor_agreement_relational_noun,True,True,False,False,621,-64.78854370117188,-62.781578063964844,0
The brother of children yells.,The brother of children yell.,morphology,subject_verb_agreement,distractor_agreement_relational_noun,True,True,False,False,622,-36.715274810791016,-38.33026885986328,1
The stories about Jesus win.,The stories about Jesus wins.,morphology,subject_verb_agreement,distractor_agreement_relational_noun,True,True,False,False,623,-32.935420989990234,-31.153549194335938,0
The photographs of Lisa don't aggravate Becky.,The photographs of Lisa doesn't aggravate Becky.,morphology,subject_verb_agreement,distractor_agreement_relational_noun,True,True,False,False,624,-62.67149353027344,-61.125797271728516,0
A grandfather of a lot of teachers doesn't fire Matt.,A grandfather of a lot of teachers don't fire Matt.,morphology,subject_verb_agreement,distractor_agreement_relational_noun,True,True,False,False,625,-71.19495391845703,-68.18253326416016,0
The paintings of every fork weren't upsetting Beverly.,The paintings of every fork wasn't upsetting Beverly.,morphology,subject_verb_agreement,distractor_agreement_relational_noun,True,True,False,False,626,-78.51277160644531,-76.36825561523438,0
The sons of Edward litter.,The sons of Edward litters.,morphology,subject_verb_agreement,distractor_agreement_relational_noun,True,True,False,False,627,-37.15673828125,-39.631343841552734,1
The grandson of the Impressionists has ordered Tara to reference Veronica.,The grandson of the Impressionists have ordered Tara to reference Veronica.,morphology,subject_verb_agreement,distractor_agreement_relational_noun,True,True,False,False,628,-84.8174819946289,-82.65948486328125,0
The shows about Galileo aren't hurting these teachers.,The shows about Galileo wasn't hurting these teachers.,morphology,subject_verb_agreement,distractor_agreement_relational_noun,True,True,False,False,629,-72.23941040039062,-69.673828125,0
The documentaries about Monet don't annoy that customer.,The documentaries about Monet doesn't annoy that customer.,morphology,subject_verb_agreement,distractor_agreement_relational_noun,True,True,False,False,630,-70.04804992675781,-68.05093383789062,0
A painting of all paintings doesn't resemble sketches.,A painting of all paintings don't resemble sketches.,morphology,subject_verb_agreement,distractor_agreement_relational_noun,True,True,False,False,631,-59.75898742675781,-58.68223571777344,0
A sister of many cashiers works hard.,A sister of many cashiers work hard.,morphology,subject_verb_agreement,distractor_agreement_relational_noun,True,True,False,False,632,-54.400230407714844,-50.034828186035156,0
A son of most doctors wasn't looking to insult Suzanne.,A son of most doctors aren't looking to insult Suzanne.,morphology,subject_verb_agreement,distractor_agreement_relational_noun,True,True,False,False,633,-74.5499496459961,-72.4278564453125,0
A picture of those mouths irritates some organizations.,A picture of those mouths irritate some organizations.,morphology,subject_verb_agreement,distractor_agreement_relational_noun,True,True,False,False,634,-63.43684387207031,-62.06882095336914,0
The pamphlets about Monet don't scare Mark.,The pamphlets about Monet doesn't scare Mark.,morphology,subject_verb_agreement,distractor_agreement_relational_noun,True,True,False,False,635,-70.99382019042969,-70.89878845214844,0
The reports about politics haven't confused some committee.,The reports about politics hasn't confused some committee.,morphology,subject_verb_agreement,distractor_agreement_relational_noun,True,True,False,False,636,-68.92437744140625,-67.97984313964844,0
The commentaries about Spain distract that patient.,The commentaries about Spain distracts that patient.,morphology,subject_verb_agreement,distractor_agreement_relational_noun,True,True,False,False,637,-68.45703125,-64.81617736816406,0
A grandmother of the men does appreciate Winston Churchill.,A grandmother of the men do appreciate Winston Churchill.,morphology,subject_verb_agreement,distractor_agreement_relational_noun,True,True,False,False,638,-62.71338653564453,-60.459693908691406,0
The grandsons of Nicole haven't neglected to assemble.,The grandsons of Nicole hasn't neglected to assemble.,morphology,subject_verb_agreement,distractor_agreement_relational_noun,True,True,False,False,639,-71.62251281738281,-69.31995391845703,0
The essay about the Great Lakes has confused Bradley.,The essay about the Great Lakes have confused Bradley.,morphology,subject_verb_agreement,distractor_agreement_relational_noun,True,True,False,False,640,-69.42320251464844,-70.1149673461914,1
The grandmothers of Gary are shouting.,The grandmothers of Gary is shouting.,morphology,subject_verb_agreement,distractor_agreement_relational_noun,True,True,False,False,641,-47.12248229980469,-46.362022399902344,0
A granddaughter of most students says Beth shouldn't refuse to complain about Dana.,A granddaughter of most students say Beth shouldn't refuse to complain about Dana.,morphology,subject_verb_agreement,distractor_agreement_relational_noun,True,True,False,False,642,-96.17803192138672,-92.90333557128906,0
The sisters of Liam don't arrive at the lake.,The sisters of Liam doesn't arrive at the lake.,morphology,subject_verb_agreement,distractor_agreement_relational_noun,True,True,False,False,643,-55.47882843017578,-56.79857635498047,1
The commentary about the Great Lakes was embarrassing Beth.,The commentary about the Great Lakes were embarrassing Beth.,morphology,subject_verb_agreement,distractor_agreement_relational_noun,True,True,False,False,644,-65.3192367553711,-67.33097076416016,1
The granddaughters of Deborah don't love Christina.,The granddaughters of Deborah doesn't love Christina.,morphology,subject_verb_agreement,distractor_agreement_relational_noun,True,True,False,False,645,-63.31692886352539,-63.32311248779297,1
A nephew of ladies doesn't see.,A nephew of ladies don't see.,morphology,subject_verb_agreement,distractor_agreement_relational_noun,True,True,False,False,646,-45.257572174072266,-41.83949661254883,0
A commentary about the Borgias was impressing Victoria.,A commentary about the Borgias are impressing Victoria.,morphology,subject_verb_agreement,distractor_agreement_relational_noun,True,True,False,False,647,-70.8389892578125,-71.01885223388672,1
The daughter of the Borgias hasn't appeared to slow.,The daughter of the Borgias haven't appeared to slow.,morphology,subject_verb_agreement,distractor_agreement_relational_noun,True,True,False,False,648,-69.15538024902344,-68.19281005859375,0
The sons of Homer do attack Stacey.,The sons of Homer does attack Stacey.,morphology,subject_verb_agreement,distractor_agreement_relational_noun,True,True,False,False,649,-59.980499267578125,-61.087059020996094,1
The nephews of Paula aren't forgetting who respond.,The nephews of Paula wasn't forgetting who respond.,morphology,subject_verb_agreement,distractor_agreement_relational_noun,True,True,False,False,650,-72.43194580078125,-72.22984313964844,0
The mothers of Bruce implore those doctors to surrender.,The mothers of Bruce implores those doctors to surrender.,morphology,subject_verb_agreement,distractor_agreement_relational_noun,True,True,False,False,651,-71.98607635498047,-72.22433471679688,1
The sons of Aaron haven't disliked every hill.,The sons of Aaron hasn't disliked every hill.,morphology,subject_verb_agreement,distractor_agreement_relational_noun,True,True,False,False,652,-65.36470794677734,-63.59751892089844,0
The father of many patients does stun Omar.,The father of many patients do stun Omar.,morphology,subject_verb_agreement,distractor_agreement_relational_noun,True,True,False,False,653,-61.178367614746094,-60.06255340576172,0
The documentaries about politics are irritating Deanna.,The documentaries about politics is irritating Deanna.,morphology,subject_verb_agreement,distractor_agreement_relational_noun,True,True,False,False,654,-61.49118423461914,-60.231361389160156,0
A daughter of those actors compels Patricia to talk to every person.,A daughter of those actors compel Patricia to talk to every person.,morphology,subject_verb_agreement,distractor_agreement_relational_noun,True,True,False,False,655,-85.504638671875,-77.16619873046875,0
A drawing of the Borgias was upsetting Regina.,A drawing of the Borgias were upsetting Regina.,morphology,subject_verb_agreement,distractor_agreement_relational_noun,True,True,False,False,656,-74.41283416748047,-75.77204895019531,1
The paintings of a coat do disgust Dana.,The paintings of a coat does disgust Dana.,morphology,subject_verb_agreement,distractor_agreement_relational_noun,True,True,False,False,657,-70.17205810546875,-69.28353118896484,0
The movie about the Borgias hasn't irritated Kenneth.,The movie about the Borgias haven't irritated Kenneth.,morphology,subject_verb_agreement,distractor_agreement_relational_noun,True,True,False,False,658,-75.97552490234375,-74.31613159179688,0
The play about the Borgias isn't winning.,The play about the Borgias aren't winning.,morphology,subject_verb_agreement,distractor_agreement_relational_noun,True,True,False,False,659,-62.706871032714844,-62.5038948059082,0
The daughter of these teenagers hasn't answered.,The daughter of these teenagers haven't answered.,morphology,subject_verb_agreement,distractor_agreement_relational_noun,True,True,False,False,660,-47.851409912109375,-46.67240905761719,0
The documentaries about science hurt a lot of guys.,The documentaries about science hurts a lot of guys.,morphology,subject_verb_agreement,distractor_agreement_relational_noun,True,True,False,False,661,-57.00187683105469,-55.49436950683594,0
The photographs of David do disappear.,The photographs of David does disappear.,morphology,subject_verb_agreement,distractor_agreement_relational_noun,True,True,False,False,662,-41.80284118652344,-42.03874206542969,1
The grandfathers of Matt do shout.,The grandfathers of Matt does shout.,morphology,subject_verb_agreement,distractor_agreement_relational_noun,True,True,False,False,663,-55.68159866333008,-55.371177673339844,0
The drawing of those doors distracts Kayla.,The drawing of those doors distract Kayla.,morphology,subject_verb_agreement,distractor_agreement_relational_noun,True,True,False,False,664,-63.8258056640625,-62.74213409423828,0
A brochure about the Impressionists distracts Holly.,A brochure about the Impressionists distract Holly.,morphology,subject_verb_agreement,distractor_agreement_relational_noun,True,True,False,False,665,-72.86640930175781,-70.81810760498047,0
The newspaper articles about Winston Churchill do disappear.,The newspaper articles about Winston Churchill does disappear.,morphology,subject_verb_agreement,distractor_agreement_relational_noun,True,True,False,False,666,-55.07721710205078,-53.662940979003906,0
The essays about science were embarrassing Jeffrey.,The essays about science is embarrassing Jeffrey.,morphology,subject_verb_agreement,distractor_agreement_relational_noun,True,True,False,False,667,-61.75162124633789,-57.37704086303711,0
The grandmothers of James disappear.,The grandmothers of James disappears.,morphology,subject_verb_agreement,distractor_agreement_relational_noun,True,True,False,False,668,-44.078636169433594,-41.641510009765625,0
The brothers of some waitress do forfeit.,The brothers of some waitress does forfeit.,morphology,subject_verb_agreement,distractor_agreement_relational_noun,True,True,False,False,669,-61.61426544189453,-61.505157470703125,0
A father of some senators hasn't joked around.,A father of some senators haven't joked around.,morphology,subject_verb_agreement,distractor_agreement_relational_noun,True,True,False,False,670,-65.43606567382812,-63.30133819580078,0
A brother of those patients doesn't eat.,A brother of those patients don't eat.,morphology,subject_verb_agreement,distractor_agreement_relational_noun,True,True,False,False,671,-48.53319549560547,-44.87042236328125,0
The shows about Spain embarrass Sara.,The shows about Spain embarrasses Sara.,morphology,subject_verb_agreement,distractor_agreement_relational_noun,True,True,False,False,672,-60.787841796875,-62.48991775512695,1
An essay about the Great Lakes was confusing Galileo.,An essay about the Great Lakes are confusing Galileo.,morphology,subject_verb_agreement,distractor_agreement_relational_noun,True,True,False,False,673,-67.8590087890625,-65.86689758300781,0
The shows about Galileo don't distract all patients.,The shows about Galileo doesn't distract all patients.,morphology,subject_verb_agreement,distractor_agreement_relational_noun,True,True,False,False,674,-69.60464477539062,-67.45999908447266,0
The drawings of Donna resemble the photograph.,The drawings of Donna resembles the photograph.,morphology,subject_verb_agreement,distractor_agreement_relational_noun,True,True,False,False,675,-53.28815460205078,-50.53005599975586,0
A nephew of many students hasn't expected the guys to blink.,A nephew of many students haven't expected the guys to blink.,morphology,subject_verb_agreement,distractor_agreement_relational_noun,True,True,False,False,676,-75.45355987548828,-72.43656158447266,0
The pamphlet about the Great Lakes upsets this school.,The pamphlet about the Great Lakes upset this school.,morphology,subject_verb_agreement,distractor_agreement_relational_noun,True,True,False,False,677,-63.52458953857422,-60.21502685546875,0
The paintings of that report haven't stunned the actor.,The paintings of that report hasn't stunned the actor.,morphology,subject_verb_agreement,distractor_agreement_relational_noun,True,True,False,False,678,-67.87110137939453,-65.56481170654297,0
A daughter of the Lutherans was referencing Rodney.,A daughter of the Lutherans are referencing Rodney.,morphology,subject_verb_agreement,distractor_agreement_relational_noun,True,True,False,False,679,-68.53441619873047,-68.18551635742188,0
The fathers of Marie haven't protested.,The fathers of Marie hasn't protested.,morphology,subject_verb_agreement,distractor_agreement_relational_noun,True,True,False,False,680,-53.53413391113281,-52.68532180786133,0
A print of books has aggravated Caroline.,A print of books have aggravated Caroline.,morphology,subject_verb_agreement,distractor_agreement_relational_noun,True,True,False,False,681,-53.531490325927734,-52.66059875488281,0
A grandson of a lot of teenagers does alarm Marie.,A grandson of a lot of teenagers do alarm Marie.,morphology,subject_verb_agreement,distractor_agreement_relational_noun,True,True,False,False,682,-72.92546844482422,-68.74594116210938,0
The commentaries about literature haven't annoyed Grace.,The commentaries about literature hasn't annoyed Grace.,morphology,subject_verb_agreement,distractor_agreement_relational_noun,True,True,False,False,683,-66.81901550292969,-66.71965026855469,0
The documentaries about politics don't scare these men.,The documentaries about politics doesn't scare these men.,morphology,subject_verb_agreement,distractor_agreement_relational_noun,True,True,False,False,684,-58.712310791015625,-58.267005920410156,0
The friend of most actors hasn't dared Connie's ex-wife to bake.,The friend of most actors haven't dared Connie's ex-wife to bake.,morphology,subject_verb_agreement,distractor_agreement_relational_noun,True,True,False,False,685,-97.60843658447266,-95.1648941040039,0
The cousins of Kendra have nodded.,The cousins of Kendra has nodded.,morphology,subject_verb_agreement,distractor_agreement_relational_noun,True,True,False,False,686,-48.92236328125,-47.82047653198242,0
The drawings of Melinda aren't aggravating that bank.,The drawings of Melinda wasn't aggravating that bank.,morphology,subject_verb_agreement,distractor_agreement_relational_noun,True,True,False,False,687,-72.0387191772461,-70.03573608398438,0
The shows about Monet aren't hurting these cashiers.,The shows about Monet wasn't hurting these cashiers.,morphology,subject_verb_agreement,distractor_agreement_relational_noun,True,True,False,False,688,-79.88310241699219,-80.99295043945312,1
The book about the Impressionists hasn't aggravated Tanya.,The book about the Impressionists haven't aggravated Tanya.,morphology,subject_verb_agreement,distractor_agreement_relational_noun,True,True,False,False,689,-79.62773132324219,-76.89934539794922,0
The grandsons of Victoria have blinked.,The grandsons of Victoria has blinked.,morphology,subject_verb_agreement,distractor_agreement_relational_noun,True,True,False,False,690,-52.57525634765625,-53.254310607910156,1
The grandmother of the Impressionists does forget who praises every teacher.,The grandmother of the Impressionists do forget who praises every teacher.,morphology,subject_verb_agreement,distractor_agreement_relational_noun,True,True,False,False,691,-88.61497497558594,-84.70806121826172,0
The nephew of some ladies does stand up.,The nephew of some ladies do stand up.,morphology,subject_verb_agreement,distractor_agreement_relational_noun,True,True,False,False,692,-52.32756423950195,-50.64502716064453,0
The pictures of Linda aren't stunning Jodi.,The pictures of Linda isn't stunning Jodi.,morphology,subject_verb_agreement,distractor_agreement_relational_noun,True,True,False,False,693,-63.23149490356445,-60.93693161010742,0
The cousin of a lot of customers has cooked.,The cousin of a lot of customers have cooked.,morphology,subject_verb_agreement,distractor_agreement_relational_noun,True,True,False,False,694,-49.72785949707031,-47.210105895996094,0
The friend of guests disturbs Victoria.,The friend of guests disturb Victoria.,morphology,subject_verb_agreement,distractor_agreement_relational_noun,True,True,False,False,695,-50.17880630493164,-50.50489044189453,1
The movies about Jesus do impress Gerald.,The movies about Jesus does impress Gerald.,morphology,subject_verb_agreement,distractor_agreement_relational_noun,True,True,False,False,696,-58.620384216308594,-57.99906921386719,0
A sister of a lot of patients doesn't confuse these drivers.,A sister of a lot of patients don't confuse these drivers.,morphology,subject_verb_agreement,distractor_agreement_relational_noun,True,True,False,False,697,-66.40078735351562,-63.24333190917969,0
The cousin of a lot of children wasn't researching most glaciers.,The cousin of a lot of children aren't researching most glaciers.,morphology,subject_verb_agreement,distractor_agreement_relational_noun,True,True,False,False,698,-73.57630920410156,-71.90631103515625,0
A story about the Impressionists hasn't upset some customers.,A story about the Impressionists haven't upset some customers.,morphology,subject_verb_agreement,distractor_agreement_relational_noun,True,True,False,False,699,-72.44027709960938,-69.69867706298828,0
A book about the Borgias was stunning adults.,A book about the Borgias are stunning adults.,morphology,subject_verb_agreement,distractor_agreement_relational_noun,True,True,False,False,700,-66.40489959716797,-63.139625549316406,0
The nephews of Connie haven't descended some ladders.,The nephews of Connie hasn't descended some ladders.,morphology,subject_verb_agreement,distractor_agreement_relational_noun,True,True,False,False,701,-75.79620361328125,-74.26026916503906,0
A pamphlet about the Lutherans doesn't appear.,A pamphlet about the Lutherans don't appear.,morphology,subject_verb_agreement,distractor_agreement_relational_noun,True,True,False,False,702,-58.260833740234375,-57.80339050292969,0
The play about the Lutherans bothers Walter.,The play about the Lutherans bother Walter.,morphology,subject_verb_agreement,distractor_agreement_relational_noun,True,True,False,False,703,-69.73725891113281,-69.46770477294922,0
The grandmothers of Peter weren't imagining that adult hugged Mary.,The grandmothers of Peter wasn't imagining that adult hugged Mary.,morphology,subject_verb_agreement,distractor_agreement_relational_noun,True,True,False,False,704,-83.585205078125,-81.48674774169922,0
A nephew of the patients has blinked.,A nephew of the patients have blinked.,morphology,subject_verb_agreement,distractor_agreement_relational_noun,True,True,False,False,705,-47.28569030761719,-47.320369720458984,1
A book about current events impresses Becky.,A book about current events impress Becky.,morphology,subject_verb_agreement,distractor_agreement_relational_noun,True,True,False,False,706,-58.31538391113281,-56.154239654541016,0
The grandfathers of Heidi don't plan to shock Randolf.,The grandfathers of Heidi doesn't plan to shock Randolf.,morphology,subject_verb_agreement,distractor_agreement_relational_noun,True,True,False,False,707,-86.9432144165039,-87.52830505371094,1
The sisters of Rebecca want all pies to blacken.,The sisters of Rebecca wants all pies to blacken.,morphology,subject_verb_agreement,distractor_agreement_relational_noun,True,True,False,False,708,-77.8931884765625,-77.72190856933594,0
The sons of Scott have prevented every ladder from boring Sara.,The sons of Scott has prevented every ladder from boring Sara.,morphology,subject_verb_agreement,distractor_agreement_relational_noun,True,True,False,False,709,-86.02479553222656,-86.04190826416016,1
A sister of all girls doesn't implore Diana to fall asleep.,A sister of all girls don't implore Diana to fall asleep.,morphology,subject_verb_agreement,distractor_agreement_relational_noun,True,True,False,False,710,-79.23590087890625,-76.38822174072266,0
A granddaughter of most boys doesn't concur.,A granddaughter of most boys don't concur.,morphology,subject_verb_agreement,distractor_agreement_relational_noun,True,True,False,False,711,-62.649925231933594,-59.83587646484375,0
The grandmother of most customers was commissioning Veronica to disgust all patients.,The grandmother of most customers were commissioning Veronica to disgust all patients.,morphology,subject_verb_agreement,distractor_agreement_relational_noun,True,True,False,False,712,-100.72236633300781,-98.35006713867188,0
A report about the Balkans has annoyed Paul.,A report about the Balkans have annoyed Paul.,morphology,subject_verb_agreement,distractor_agreement_relational_noun,True,True,False,False,713,-60.57206344604492,-61.073001861572266,1
The niece of a lot of actresses has forgotten who consider a library to respect Joseph.,The niece of a lot of actresses have forgotten who consider a library to respect Joseph.,morphology,subject_verb_agreement,distractor_agreement_relational_noun,True,True,False,False,714,-101.20488739013672,-98.28335571289062,0
A picture of some reports is distracting many governments.,A picture of some reports are distracting many governments.,morphology,subject_verb_agreement,distractor_agreement_relational_noun,True,True,False,False,715,-65.2693099975586,-64.2361068725586,0
The newspaper articles about Monet aren't boring this actress.,The newspaper articles about Monet isn't boring this actress.,morphology,subject_verb_agreement,distractor_agreement_relational_noun,True,True,False,False,716,-72.72721099853516,-70.60005950927734,0
The books about Monet disappear.,The books about Monet disappears.,morphology,subject_verb_agreement,distractor_agreement_relational_noun,True,True,False,False,717,-46.96809387207031,-45.623077392578125,0
The commentaries about literature haven't hurt Mark.,The commentaries about literature hasn't hurt Mark.,morphology,subject_verb_agreement,distractor_agreement_relational_noun,True,True,False,False,718,-61.71916198730469,-60.99903106689453,0
The plays about art annoy a senator.,The plays about art annoys a senator.,morphology,subject_verb_agreement,distractor_agreement_relational_noun,True,True,False,False,719,-64.47693634033203,-63.50307083129883,0
A brochure about the Lutherans worries Bill.,A brochure about the Lutherans worry Bill.,morphology,subject_verb_agreement,distractor_agreement_relational_noun,True,True,False,False,720,-68.65953063964844,-69.6567153930664,1
The granddaughters of Eva have explained these libraries aren't tempting Carolyn to reveal Ellen.,The granddaughters of Eva has explained these libraries aren't tempting Carolyn to reveal Ellen.,morphology,subject_verb_agreement,distractor_agreement_relational_noun,True,True,False,False,721,-126.30154418945312,-125.74136352539062,0
A movie about the Clintons doesn't stun Thomas.,A movie about the Clintons don't stun Thomas.,morphology,subject_verb_agreement,distractor_agreement_relational_noun,True,True,False,False,722,-62.70365524291992,-62.22578048706055,0
The movies about Galileo do upset Tamara.,The movies about Galileo does upset Tamara.,morphology,subject_verb_agreement,distractor_agreement_relational_noun,True,True,False,False,723,-66.67039489746094,-66.142578125,0
A grandson of most senators forgets who did break some couch.,A grandson of most senators forget who did break some couch.,morphology,subject_verb_agreement,distractor_agreement_relational_noun,True,True,False,False,724,-86.48976135253906,-86.23204040527344,0
A grandmother of most women exists.,A grandmother of most women exist.,morphology,subject_verb_agreement,distractor_agreement_relational_noun,True,True,False,False,725,-40.18836212158203,-37.943328857421875,0
The movie about the Clintons does disagree.,The movie about the Clintons do disagree.,morphology,subject_verb_agreement,distractor_agreement_relational_noun,True,True,False,False,726,-47.268287658691406,-47.03508377075195,0
The essay about current events has irritated Martin.,The essay about current events have irritated Martin.,morphology,subject_verb_agreement,distractor_agreement_relational_noun,True,True,False,False,727,-65.62496185302734,-64.90699768066406,0
The daughters of Amy haven't lifted the mall.,The daughters of Amy hasn't lifted the mall.,morphology,subject_verb_agreement,distractor_agreement_relational_noun,True,True,False,False,728,-61.08782196044922,-59.111167907714844,0
The fathers of Kayla aren't hunting.,The fathers of Kayla wasn't hunting.,morphology,subject_verb_agreement,distractor_agreement_relational_noun,True,True,False,False,729,-53.91551971435547,-55.726436614990234,1
A father of those girls does observe Becky.,A father of those girls do observe Becky.,morphology,subject_verb_agreement,distractor_agreement_relational_noun,True,True,False,False,730,-63.05955123901367,-59.32328414916992,0
The documentaries about politics don't bore Bradley.,The documentaries about politics doesn't bore Bradley.,morphology,subject_verb_agreement,distractor_agreement_relational_noun,True,True,False,False,731,-61.03826141357422,-61.39897155761719,1
A story about the Clintons was shocking Brenda.,A story about the Clintons are shocking Brenda.,morphology,subject_verb_agreement,distractor_agreement_relational_noun,True,True,False,False,732,-54.610992431640625,-55.33132553100586,1
The grandmothers of Ronald describe Colleen.,The grandmothers of Ronald describes Colleen.,morphology,subject_verb_agreement,distractor_agreement_relational_noun,True,True,False,False,733,-55.42050552368164,-54.363277435302734,0
A book about the Great Lakes does impress Karla.,A book about the Great Lakes do impress Karla.,morphology,subject_verb_agreement,distractor_agreement_relational_noun,True,True,False,False,734,-68.03632354736328,-66.97410583496094,0
The stories about travel weren't alarming Rodney.,The stories about travel wasn't alarming Rodney.,morphology,subject_verb_agreement,distractor_agreement_relational_noun,True,True,False,False,735,-65.94677734375,-63.85564422607422,0
The essay about the Clintons upsets Noah.,The essay about the Clintons upset Noah.,morphology,subject_verb_agreement,distractor_agreement_relational_noun,True,True,False,False,736,-64.42845916748047,-56.44524383544922,0
The nieces of Phillip do cough.,The nieces of Phillip does cough.,morphology,subject_verb_agreement,distractor_agreement_relational_noun,True,True,False,False,737,-56.602935791015625,-59.200782775878906,1
A sister of many boys doesn't appear to clash.,A sister of many boys don't appear to clash.,morphology,subject_verb_agreement,distractor_agreement_relational_noun,True,True,False,False,738,-61.91563415527344,-59.26085662841797,0
The essay about the Balkans has aggravated Brian.,The essay about the Balkans have aggravated Brian.,morphology,subject_verb_agreement,distractor_agreement_relational_noun,True,True,False,False,739,-66.1740493774414,-66.46247863769531,1
The documentaries about Monet haven't won.,The documentaries about Monet hasn't won.,morphology,subject_verb_agreement,distractor_agreement_relational_noun,True,True,False,False,740,-51.68114471435547,-51.056026458740234,0
A grandson of these men presses Omar to listen to Clyde.,A grandson of these men press Omar to listen to Clyde.,morphology,subject_verb_agreement,distractor_agreement_relational_noun,True,True,False,False,741,-80.2313232421875,-76.40485382080078,0
The pamphlets about art do annoy Ann.,The pamphlets about art does annoy Ann.,morphology,subject_verb_agreement,distractor_agreement_relational_noun,True,True,False,False,742,-66.80523681640625,-66.85356140136719,1
The sketches of chicken astound Veronica.,The sketches of chicken astounds Veronica.,morphology,subject_verb_agreement,distractor_agreement_relational_noun,True,True,False,False,743,-59.17679214477539,-63.1636962890625,1
The sketches of Kayla have resembled this painting.,The sketches of Kayla has resembled this painting.,morphology,subject_verb_agreement,distractor_agreement_relational_noun,True,True,False,False,744,-60.95647430419922,-60.060203552246094,0
The pamphlets about music have alarmed every pedestrian.,The pamphlets about music has alarmed every pedestrian.,morphology,subject_verb_agreement,distractor_agreement_relational_noun,True,True,False,False,745,-70.1976547241211,-68.3363037109375,0
The photographs of this fish shock Rhonda.,The photographs of this fish shocks Rhonda.,morphology,subject_verb_agreement,distractor_agreement_relational_noun,True,True,False,False,746,-62.87187576293945,-65.2309341430664,1
A painting of some carriages wasn't scaring David.,A painting of some carriages weren't scaring David.,morphology,subject_verb_agreement,distractor_agreement_relational_noun,True,True,False,False,747,-75.86370086669922,-75.00906372070312,0
The pamphlet about current events doesn't worry a university.,The pamphlet about current events don't worry a university.,morphology,subject_verb_agreement,distractor_agreement_relational_noun,True,True,False,False,748,-65.64177703857422,-61.797950744628906,0
The book about the Great Lakes was embarrassing Deborah.,The book about the Great Lakes were embarrassing Deborah.,morphology,subject_verb_agreement,distractor_agreement_relational_noun,True,True,False,False,749,-63.99803924560547,-66.1496810913086,1
The books about art don't disgust all children.,The books about art doesn't disgust all children.,morphology,subject_verb_agreement,distractor_agreement_relational_noun,True,True,False,False,750,-63.35030746459961,-62.05720520019531,0
The pamphlets about science haven't aggravated Ronald.,The pamphlets about science hasn't aggravated Ronald.,morphology,subject_verb_agreement,distractor_agreement_relational_noun,True,True,False,False,751,-73.109375,-71.92687225341797,0
The sons of Leslie aren't wanting Melanie to think about some shawls.,The sons of Leslie wasn't wanting Melanie to think about some shawls.,morphology,subject_verb_agreement,distractor_agreement_relational_noun,True,True,False,False,752,-90.31033325195312,-89.5610580444336,0
A niece of these pedestrians is investigating what wasn't closing.,A niece of these pedestrians were investigating what wasn't closing.,morphology,subject_verb_agreement,distractor_agreement_relational_noun,True,True,False,False,753,-75.46371459960938,-72.37867736816406,0
The drawings of this water haven't disturbed Catherine.,The drawings of this water hasn't disturbed Catherine.,morphology,subject_verb_agreement,distractor_agreement_relational_noun,True,True,False,False,754,-61.19637680053711,-61.63219451904297,1
The grandfathers of Meredith aren't scanning the commentaries.,The grandfathers of Meredith wasn't scanning the commentaries.,morphology,subject_verb_agreement,distractor_agreement_relational_noun,True,True,False,False,755,-73.74345397949219,-71.65703582763672,0
The grandson of all adults has worried Walter.,The grandson of all adults have worried Walter.,morphology,subject_verb_agreement,distractor_agreement_relational_noun,True,True,False,False,756,-59.062034606933594,-57.828208923339844,0
The grandfather of the Lutherans doesn't investigate what are benefiting.,The grandfather of the Lutherans don't investigate what are benefiting.,morphology,subject_verb_agreement,distractor_agreement_relational_noun,True,True,False,False,757,-81.68315124511719,-79.96875,0
The commentaries about Spain aren't embarrassing a lot of waiters.,The commentaries about Spain isn't embarrassing a lot of waiters.,morphology,subject_verb_agreement,distractor_agreement_relational_noun,True,True,False,False,758,-73.66510009765625,-71.98322296142578,0
The pictures of every eggplant were bothering Dennis.,The pictures of every eggplant was bothering Dennis.,morphology,subject_verb_agreement,distractor_agreement_relational_noun,True,True,False,False,759,-70.82522583007812,-67.73780822753906,0
The sketch of the Borgias has stunned Joseph.,The sketch of the Borgias have stunned Joseph.,morphology,subject_verb_agreement,distractor_agreement_relational_noun,True,True,False,False,760,-69.22586822509766,-70.22490692138672,1
The brother of some waitresses learns.,The brother of some waitresses learn.,morphology,subject_verb_agreement,distractor_agreement_relational_noun,True,True,False,False,761,-54.924835205078125,-52.04166030883789,0
The books about Spain don't bore doctors.,The books about Spain doesn't bore doctors.,morphology,subject_verb_agreement,distractor_agreement_relational_noun,True,True,False,False,762,-56.45005416870117,-57.2020263671875,1
A sketch of all pies does resemble some print.,A sketch of all pies do resemble some print.,morphology,subject_verb_agreement,distractor_agreement_relational_noun,True,True,False,False,763,-71.23975372314453,-70.39706420898438,0
A book about the Great Lakes is alarming that guest.,A book about the Great Lakes are alarming that guest.,morphology,subject_verb_agreement,distractor_agreement_relational_noun,True,True,False,False,764,-63.662872314453125,-64.53038787841797,1
A cousin of these guys fails to break this skateboard.,A cousin of these guys fail to break this skateboard.,morphology,subject_verb_agreement,distractor_agreement_relational_noun,True,True,False,False,765,-66.97695922851562,-64.41954803466797,0
The documentaries about Galileo do scare John.,The documentaries about Galileo does scare John.,morphology,subject_verb_agreement,distractor_agreement_relational_noun,True,True,False,False,766,-64.45467376708984,-63.05792236328125,0
The movies about music alarm the pedestrians.,The movies about music alarms the pedestrians.,morphology,subject_verb_agreement,distractor_agreement_relational_noun,True,True,False,False,767,-55.08256912231445,-53.705387115478516,0
The grandmother of some doctors was suffering.,The grandmother of some doctors are suffering.,morphology,subject_verb_agreement,distractor_agreement_relational_noun,True,True,False,False,768,-42.208011627197266,-40.878150939941406,0
The mothers of Linda explain most teachers wave.,The mothers of Linda explains most teachers wave.,morphology,subject_verb_agreement,distractor_agreement_relational_noun,True,True,False,False,769,-70.64492797851562,-70.21891784667969,0
The nieces of James have murmured.,The nieces of James has murmured.,morphology,subject_verb_agreement,distractor_agreement_relational_noun,True,True,False,False,770,-56.83277893066406,-55.80022430419922,0
The painting of those vases was disturbing Rachelle.,The painting of those vases were disturbing Rachelle.,morphology,subject_verb_agreement,distractor_agreement_relational_noun,True,True,False,False,771,-69.55904388427734,-68.8764877319336,0
A pamphlet about current events does shock Brian.,A pamphlet about current events do shock Brian.,morphology,subject_verb_agreement,distractor_agreement_relational_noun,True,True,False,False,772,-69.35254669189453,-68.54269409179688,0
The commentaries about Galileo don't disgust Lori.,The commentaries about Galileo doesn't disgust Lori.,morphology,subject_verb_agreement,distractor_agreement_relational_noun,True,True,False,False,773,-71.51908111572266,-70.94203186035156,0
The mothers of Natalie do flee from Chad.,The mothers of Natalie does flee from Chad.,morphology,subject_verb_agreement,distractor_agreement_relational_noun,True,True,False,False,774,-62.661922454833984,-62.61962890625,0
The grandmother of many waiters does win.,The grandmother of many waiters do win.,morphology,subject_verb_agreement,distractor_agreement_relational_noun,True,True,False,False,775,-56.37623596191406,-52.812156677246094,0
The newspaper article about the Lutherans does shock Theodore.,The newspaper article about the Lutherans do shock Theodore.,morphology,subject_verb_agreement,distractor_agreement_relational_noun,True,True,False,False,776,-76.20909118652344,-75.80488586425781,0
A book about the Balkans doesn't bother Andrea.,A book about the Balkans don't bother Andrea.,morphology,subject_verb_agreement,distractor_agreement_relational_noun,True,True,False,False,777,-57.955101013183594,-57.55070495605469,0
A cousin of a lot of cashiers has helped Ronald.,A cousin of a lot of cashiers have helped Ronald.,morphology,subject_verb_agreement,distractor_agreement_relational_noun,True,True,False,False,778,-67.44326782226562,-65.77525329589844,0
The drawings of a photograph have looked like the woman.,The drawings of a photograph has looked like the woman.,morphology,subject_verb_agreement,distractor_agreement_relational_noun,True,True,False,False,779,-53.703800201416016,-52.637779235839844,0
The sons of Suzanne haven't donated.,The sons of Suzanne hasn't donated.,morphology,subject_verb_agreement,distractor_agreement_relational_noun,True,True,False,False,780,-52.019683837890625,-50.48309326171875,0
The painting of a lot of skirts has distracted Connie.,The painting of a lot of skirts have distracted Connie.,morphology,subject_verb_agreement,distractor_agreement_relational_noun,True,True,False,False,781,-72.3364486694336,-71.17024230957031,0
The brothers of Travis weren't revealing Melanie.,The brothers of Travis isn't revealing Melanie.,morphology,subject_verb_agreement,distractor_agreement_relational_noun,True,True,False,False,782,-63.08030700683594,-61.152000427246094,0
The daughter of most actresses isn't escaping.,The daughter of most actresses aren't escaping.,morphology,subject_verb_agreement,distractor_agreement_relational_noun,True,True,False,False,783,-55.06088638305664,-53.1636848449707,0
The fathers of Victoria aren't convincing Alice's student to heal Douglas.,The fathers of Victoria isn't convincing Alice's student to heal Douglas.,morphology,subject_verb_agreement,distractor_agreement_relational_noun,True,True,False,False,784,-92.54548645019531,-93.64646911621094,1
The pictures of Martha don't disgust Anne.,The pictures of Martha doesn't disgust Anne.,morphology,subject_verb_agreement,distractor_agreement_relational_noun,True,True,False,False,785,-58.20226287841797,-58.548255920410156,1
A pamphlet about current events doesn't irritate Melanie.,A pamphlet about current events don't irritate Melanie.,morphology,subject_verb_agreement,distractor_agreement_relational_noun,True,True,False,False,786,-65.79695129394531,-63.63420104980469,0
The paintings of a pie were vanishing.,The paintings of a pie was vanishing.,morphology,subject_verb_agreement,distractor_agreement_relational_noun,True,True,False,False,787,-48.94572448730469,-45.973388671875,0
A book about the Clintons does impress most committees.,A book about the Clintons do impress most committees.,morphology,subject_verb_agreement,distractor_agreement_relational_noun,True,True,False,False,788,-68.7757568359375,-68.52083587646484,0
A daughter of the Impressionists whispers.,A daughter of the Impressionists whisper.,morphology,subject_verb_agreement,distractor_agreement_relational_noun,True,True,False,False,789,-50.72420120239258,-49.486690521240234,0
The paintings of Matt weren't wasting away.,The paintings of Matt isn't wasting away.,morphology,subject_verb_agreement,distractor_agreement_relational_noun,True,True,False,False,790,-52.484798431396484,-51.72825241088867,0
The nephews of Guy were donating.,The nephews of Guy is donating.,morphology,subject_verb_agreement,distractor_agreement_relational_noun,True,True,False,False,791,-49.0091552734375,-44.80258560180664,0
The essays about science do scare Becca.,The essays about science does scare Becca.,morphology,subject_verb_agreement,distractor_agreement_relational_noun,True,True,False,False,792,-62.83698272705078,-61.98639678955078,0
The friends of Lawrence do try to stun Christine.,The friends of Lawrence does try to stun Christine.,morphology,subject_verb_agreement,distractor_agreement_relational_noun,True,True,False,False,793,-62.440452575683594,-64.4676513671875,1
The cousins of Alice have won.,The cousins of Alice has won.,morphology,subject_verb_agreement,distractor_agreement_relational_noun,True,True,False,False,794,-40.19141387939453,-41.16499328613281,1
The sisters of Adam haven't broken most computers.,The sisters of Adam hasn't broken most computers.,morphology,subject_verb_agreement,distractor_agreement_relational_noun,True,True,False,False,795,-66.30057525634766,-62.81964111328125,0
A nephew of many guests laughs.,A nephew of many guests laugh.,morphology,subject_verb_agreement,distractor_agreement_relational_noun,True,True,False,False,796,-41.78997802734375,-41.16154479980469,0
An essay about the Great Lakes has upset Randolf.,An essay about the Great Lakes have upset Randolf.,morphology,subject_verb_agreement,distractor_agreement_relational_noun,True,True,False,False,797,-78.56171417236328,-78.56985473632812,1
The niece of the waiters does concur.,The niece of the waiters do concur.,morphology,subject_verb_agreement,distractor_agreement_relational_noun,True,True,False,False,798,-57.38662338256836,-55.64324951171875,0
The sons of Paul aren't drinking.,The sons of Paul wasn't drinking.,morphology,subject_verb_agreement,distractor_agreement_relational_noun,True,True,False,False,799,-44.527225494384766,-43.55480194091797,0
The paintings of Becca have alarmed Donald.,The paintings of Becca has alarmed Donald.,morphology,subject_verb_agreement,distractor_agreement_relational_noun,True,True,False,False,800,-62.479915618896484,-60.94296646118164,0
The pictures of a gate haven't existed.,The pictures of a gate hasn't existed.,morphology,subject_verb_agreement,distractor_agreement_relational_noun,True,True,False,False,801,-44.91136932373047,-44.88666534423828,0
The nieces of Russell dare Carolyn to pass most movie theaters.,The nieces of Russell dares Carolyn to pass most movie theaters.,morphology,subject_verb_agreement,distractor_agreement_relational_noun,True,True,False,False,802,-100.7134780883789,-104.3832778930664,1
The photographs of a sock weren't confusing Sandra.,The photographs of a sock isn't confusing Sandra.,morphology,subject_verb_agreement,distractor_agreement_relational_noun,True,True,False,False,803,-67.48388671875,-61.929473876953125,0
The prints of every painting haven't looked like a rabbit.,The prints of every painting hasn't looked like a rabbit.,morphology,subject_verb_agreement,distractor_agreement_relational_noun,True,True,False,False,804,-58.98406982421875,-59.748592376708984,1
A painting of pants was existing.,A painting of pants are existing.,morphology,subject_verb_agreement,distractor_agreement_relational_noun,True,True,False,False,805,-47.16838073730469,-46.0416259765625,0
A movie about the Clintons does win.,A movie about the Clintons do win.,morphology,subject_verb_agreement,distractor_agreement_relational_noun,True,True,False,False,806,-45.194129943847656,-45.21753692626953,1
The books about Jesus weren't irritating some dancers.,The books about Jesus isn't irritating some dancers.,morphology,subject_verb_agreement,distractor_agreement_relational_noun,True,True,False,False,807,-70.20625305175781,-66.78443145751953,0
The drawing of all doctors hasn't vanished.,The drawing of all doctors haven't vanished.,morphology,subject_verb_agreement,distractor_agreement_relational_noun,True,True,False,False,808,-53.93319320678711,-53.66736602783203,0
The prints of Matt don't annoy the guy.,The prints of Matt doesn't annoy the guy.,morphology,subject_verb_agreement,distractor_agreement_relational_noun,True,True,False,False,809,-57.795467376708984,-55.634342193603516,0
The granddaughters of Nina don't hope to talk to Regina.,The granddaughters of Nina doesn't hope to talk to Regina.,morphology,subject_verb_agreement,distractor_agreement_relational_noun,True,True,False,False,810,-75.62765502929688,-75.64247131347656,1
The mother of these patients has seemed to get a job.,The mother of these patients have seemed to get a job.,morphology,subject_verb_agreement,distractor_agreement_relational_noun,True,True,False,False,811,-50.731788635253906,-48.54644775390625,0
The pictures of Vincent don't bore Mary.,The pictures of Vincent doesn't bore Mary.,morphology,subject_verb_agreement,distractor_agreement_relational_noun,True,True,False,False,812,-52.84457778930664,-52.71835708618164,0
The fathers of Jessica have seen.,The fathers of Jessica has seen.,morphology,subject_verb_agreement,distractor_agreement_relational_noun,True,True,False,False,813,-43.22700500488281,-43.81224822998047,1
The pictures of Thomas disturb Lawrence.,The pictures of Thomas disturbs Lawrence.,morphology,subject_verb_agreement,distractor_agreement_relational_noun,True,True,False,False,814,-50.45293426513672,-48.204750061035156,0
The commentaries about Monet do hurt those boys.,The commentaries about Monet does hurt those boys.,morphology,subject_verb_agreement,distractor_agreement_relational_noun,True,True,False,False,815,-68.77681732177734,-67.781982421875,0
The essay about the Great Lakes doesn't hurt Jacqueline.,The essay about the Great Lakes don't hurt Jacqueline.,morphology,subject_verb_agreement,distractor_agreement_relational_noun,True,True,False,False,816,-67.69010925292969,-67.32975006103516,0
The sons of Allison haven't wasted away.,The sons of Allison hasn't wasted away.,morphology,subject_verb_agreement,distractor_agreement_relational_noun,True,True,False,False,817,-56.03815460205078,-54.134342193603516,0
The report about the Balkans annoys Carmen.,The report about the Balkans annoy Carmen.,morphology,subject_verb_agreement,distractor_agreement_relational_noun,True,True,False,False,818,-61.98048400878906,-58.600425720214844,0
A show about the Clintons sounds like most documentaries.,A show about the Clintons sound like most documentaries.,morphology,subject_verb_agreement,distractor_agreement_relational_noun,True,True,False,False,819,-61.195980072021484,-61.74652862548828,1
A sketch of waitresses has resembled most sketches.,A sketch of waitresses have resembled most sketches.,morphology,subject_verb_agreement,distractor_agreement_relational_noun,True,True,False,False,820,-73.99649047851562,-70.81033325195312,0
The pamphlets about travel weren't embarrassing a bank.,The pamphlets about travel wasn't embarrassing a bank.,morphology,subject_verb_agreement,distractor_agreement_relational_noun,True,True,False,False,821,-69.86174011230469,-68.63456726074219,0
The nieces of George don't continue to stand up.,The nieces of George doesn't continue to stand up.,morphology,subject_verb_agreement,distractor_agreement_relational_noun,True,True,False,False,822,-63.43852996826172,-64.03645324707031,1
The sketches of Jesus don't worry Tara.,The sketches of Jesus doesn't worry Tara.,morphology,subject_verb_agreement,distractor_agreement_relational_noun,True,True,False,False,823,-54.18548583984375,-55.64020538330078,1
The pictures of every waiter don't hurt this adult.,The pictures of every waiter doesn't hurt this adult.,morphology,subject_verb_agreement,distractor_agreement_relational_noun,True,True,False,False,824,-62.46094512939453,-59.427703857421875,0
The commentaries about Winston Churchill have shocked Kimberley.,The commentaries about Winston Churchill has shocked Kimberley.,morphology,subject_verb_agreement,distractor_agreement_relational_noun,True,True,False,False,825,-66.34025573730469,-63.83207702636719,0
The prints of the skateboard exist.,The prints of the skateboard exists.,morphology,subject_verb_agreement,distractor_agreement_relational_noun,True,True,False,False,826,-44.59334182739258,-45.73650360107422,1
The prints of this drawing look like Stacy.,The prints of this drawing looks like Stacy.,morphology,subject_verb_agreement,distractor_agreement_relational_noun,True,True,False,False,827,-52.52709197998047,-51.70119857788086,0
The sisters of Amy aren't disappearing.,The sisters of Amy wasn't disappearing.,morphology,subject_verb_agreement,distractor_agreement_relational_noun,True,True,False,False,828,-50.389793395996094,-50.372894287109375,0
A granddaughter of most guys hasn't muttered.,A granddaughter of most guys haven't muttered.,morphology,subject_verb_agreement,distractor_agreement_relational_noun,True,True,False,False,829,-61.801658630371094,-58.898529052734375,0
The grandfathers of Guy were selling all dresses.,The grandfathers of Guy was selling all dresses.,morphology,subject_verb_agreement,distractor_agreement_relational_noun,True,True,False,False,830,-62.5490608215332,-59.080360412597656,0
A photograph of some restaurants alarms Alan.,A photograph of some restaurants alarm Alan.,morphology,subject_verb_agreement,distractor_agreement_relational_noun,True,True,False,False,831,-65.11206817626953,-60.191314697265625,0
The nephew of most doctors does refuse to care for Jodi.,The nephew of most doctors do refuse to care for Jodi.,morphology,subject_verb_agreement,distractor_agreement_relational_noun,True,True,False,False,832,-75.31005859375,-73.31281280517578,0
The grandfathers of every driver have failed to see.,The grandfathers of every driver has failed to see.,morphology,subject_verb_agreement,distractor_agreement_relational_noun,True,True,False,False,833,-58.8588981628418,-57.038658142089844,0
The fathers of Kathleen have practiced.,The fathers of Kathleen has practiced.,morphology,subject_verb_agreement,distractor_agreement_relational_noun,True,True,False,False,834,-46.718406677246094,-45.604976654052734,0
The sisters of Cheryl were ascertaining the woman to see.,The sisters of Cheryl was ascertaining the woman to see.,morphology,subject_verb_agreement,distractor_agreement_relational_noun,True,True,False,False,835,-66.32547760009766,-64.34737396240234,0
The fathers of Grace have yelled.,The fathers of Grace has yelled.,morphology,subject_verb_agreement,distractor_agreement_relational_noun,True,True,False,False,836,-45.874473571777344,-45.98775100708008,1
The brother of most teenagers vanishes.,The brother of most teenagers vanish.,morphology,subject_verb_agreement,distractor_agreement_relational_noun,True,True,False,False,837,-50.15143966674805,-44.15934371948242,0
A granddaughter of most teenagers boycotts all legislatures.,A granddaughter of most teenagers boycott all legislatures.,morphology,subject_verb_agreement,distractor_agreement_relational_noun,True,True,False,False,838,-71.36052703857422,-69.95211029052734,0
A brother of a lot of guests remembers who is falling.,A brother of a lot of guests remember who is falling.,morphology,subject_verb_agreement,distractor_agreement_relational_noun,True,True,False,False,839,-61.69623565673828,-60.853755950927734,0
A pamphlet about the Balkans shocks John.,A pamphlet about the Balkans shock John.,morphology,subject_verb_agreement,distractor_agreement_relational_noun,True,True,False,False,840,-61.90032958984375,-58.65113830566406,0
A book about current events hasn't embarrassed Spain.,A book about current events haven't embarrassed Spain.,morphology,subject_verb_agreement,distractor_agreement_relational_noun,True,True,False,False,841,-65.05726623535156,-63.438026428222656,0
A father of a lot of children has prevented all dishes from disappearing.,A father of a lot of children have prevented all dishes from disappearing.,morphology,subject_verb_agreement,distractor_agreement_relational_noun,True,True,False,False,842,-70.24393463134766,-69.30127716064453,0
The show about the Lutherans doesn't sound like Mitchell.,The show about the Lutherans don't sound like Mitchell.,morphology,subject_verb_agreement,distractor_agreement_relational_noun,True,True,False,False,843,-71.2051010131836,-71.45050811767578,1
The pamphlets about Galileo are impressing legislatures.,The pamphlets about Galileo was impressing legislatures.,morphology,subject_verb_agreement,distractor_agreement_relational_noun,True,True,False,False,844,-70.47703552246094,-70.75264739990234,1
A commentary about the Impressionists stuns this guy.,A commentary about the Impressionists stun this guy.,morphology,subject_verb_agreement,distractor_agreement_relational_noun,True,True,False,False,845,-67.98286437988281,-64.5025405883789,0
The drawings of some sketch upset that school.,The drawings of some sketch upsets that school.,morphology,subject_verb_agreement,distractor_agreement_relational_noun,True,True,False,False,846,-60.849220275878906,-56.49388885498047,0
The prints of a sketch were looking like all customers.,The prints of a sketch is looking like all customers.,morphology,subject_verb_agreement,distractor_agreement_relational_noun,True,True,False,False,847,-69.57356262207031,-65.41001892089844,0
The pictures of Lori were disturbing Richard.,The pictures of Lori is disturbing Richard.,morphology,subject_verb_agreement,distractor_agreement_relational_noun,True,True,False,False,848,-55.614051818847656,-51.969390869140625,0
The pictures of some car astound James.,The pictures of some car astounds James.,morphology,subject_verb_agreement,distractor_agreement_relational_noun,True,True,False,False,849,-56.632354736328125,-60.44905090332031,1
A print of all high schools hasn't distracted Kevin.,A print of all high schools haven't distracted Kevin.,morphology,subject_verb_agreement,distractor_agreement_relational_noun,True,True,False,False,850,-67.65771484375,-66.34664154052734,0
The reports about Monet aren't falling.,The reports about Monet wasn't falling.,morphology,subject_verb_agreement,distractor_agreement_relational_noun,True,True,False,False,851,-54.203529357910156,-53.373878479003906,0
The brother of all women hasn't walked through that hill.,The brother of all women haven't walked through that hill.,morphology,subject_verb_agreement,distractor_agreement_relational_noun,True,True,False,False,852,-59.16978454589844,-57.810821533203125,0
A story about the Balkans wasn't embarrassing Ella.,A story about the Balkans aren't embarrassing Ella.,morphology,subject_verb_agreement,distractor_agreement_relational_noun,True,True,False,False,853,-64.44988250732422,-64.67103576660156,1
The niece of some children does exit those glaciers.,The niece of some children do exit those glaciers.,morphology,subject_verb_agreement,distractor_agreement_relational_noun,True,True,False,False,854,-71.78373718261719,-70.58097839355469,0
The cousins of Ellen haven't visited Heidi.,The cousins of Ellen hasn't visited Heidi.,morphology,subject_verb_agreement,distractor_agreement_relational_noun,True,True,False,False,855,-57.13282012939453,-56.264892578125,0
A print of many eyes does vanish.,A print of many eyes do vanish.,morphology,subject_verb_agreement,distractor_agreement_relational_noun,True,True,False,False,856,-51.781944274902344,-50.59233474731445,0
The plays about literature aren't confusing a cashier.,The plays about literature wasn't confusing a cashier.,morphology,subject_verb_agreement,distractor_agreement_relational_noun,True,True,False,False,857,-73.69342041015625,-74.21154022216797,1
The nieces of Florence were laughing.,The nieces of Florence was laughing.,morphology,subject_verb_agreement,distractor_agreement_relational_noun,True,True,False,False,858,-50.619110107421875,-50.0311279296875,0
The books about Spain haven't aggravated Tiffany.,The books about Spain hasn't aggravated Tiffany.,morphology,subject_verb_agreement,distractor_agreement_relational_noun,True,True,False,False,859,-67.20057678222656,-67.04936218261719,0
The print of all photographs exists.,The print of all photographs exist.,morphology,subject_verb_agreement,distractor_agreement_relational_noun,True,True,False,False,860,-34.95121765136719,-34.40912628173828,0
The pamphlets about Winston Churchill don't fall.,The pamphlets about Winston Churchill doesn't fall.,morphology,subject_verb_agreement,distractor_agreement_relational_noun,True,True,False,False,861,-58.79413986206055,-57.55137634277344,0
The pictures of some hat were scaring Marcus.,The pictures of some hat is scaring Marcus.,morphology,subject_verb_agreement,distractor_agreement_relational_noun,True,True,False,False,862,-64.68709564208984,-63.764312744140625,0
The drawing of many men hasn't upset Ella.,The drawing of many men haven't upset Ella.,morphology,subject_verb_agreement,distractor_agreement_relational_noun,True,True,False,False,863,-67.37836456298828,-66.80516052246094,0
The fathers of Leslie have learned.,The fathers of Leslie has learned.,morphology,subject_verb_agreement,distractor_agreement_relational_noun,True,True,False,False,864,-43.159664154052734,-42.909324645996094,0
The paintings of Judy aren't hurting Dawn.,The paintings of Judy wasn't hurting Dawn.,morphology,subject_verb_agreement,distractor_agreement_relational_noun,True,True,False,False,865,-65.76469421386719,-62.79139709472656,0
The book about the Clintons hasn't sounded like the museums.,The book about the Clintons haven't sounded like the museums.,morphology,subject_verb_agreement,distractor_agreement_relational_noun,True,True,False,False,866,-64.4315414428711,-63.486480712890625,0
A drawing of the movie theaters hasn't worried Heather.,A drawing of the movie theaters haven't worried Heather.,morphology,subject_verb_agreement,distractor_agreement_relational_noun,True,True,False,False,867,-70.73025512695312,-70.06033325195312,0
A father of a lot of ladies heals Meredith.,A father of a lot of ladies heal Meredith.,morphology,subject_verb_agreement,distractor_agreement_relational_noun,True,True,False,False,868,-64.47776794433594,-62.857444763183594,0
The show about the Borgias wasn't astounding Julia.,The show about the Borgias weren't astounding Julia.,morphology,subject_verb_agreement,distractor_agreement_relational_noun,True,True,False,False,869,-80.25218963623047,-79.97774505615234,0
The documentary about the Balkans hasn't confused April.,The documentary about the Balkans haven't confused April.,morphology,subject_verb_agreement,distractor_agreement_relational_noun,True,True,False,False,870,-61.85951614379883,-60.2825927734375,0
The newspaper articles about science are irritating Sandra.,The newspaper articles about science was irritating Sandra.,morphology,subject_verb_agreement,distractor_agreement_relational_noun,True,True,False,False,871,-58.067665100097656,-59.91535949707031,1
The grandmothers of Karla weren't compelling Beth to praise every essay.,The grandmothers of Karla isn't compelling Beth to praise every essay.,morphology,subject_verb_agreement,distractor_agreement_relational_noun,True,True,False,False,872,-107.14418029785156,-101.7733154296875,0
The shows about Winston Churchill aren't alarming Bethany.,The shows about Winston Churchill isn't alarming Bethany.,morphology,subject_verb_agreement,distractor_agreement_relational_noun,True,True,False,False,873,-78.501708984375,-74.71965026855469,0
The grandmothers of Janice have trained.,The grandmothers of Janice has trained.,morphology,subject_verb_agreement,distractor_agreement_relational_noun,True,True,False,False,874,-48.92726135253906,-46.78541946411133,0
A print of many wheelbarrows wasn't upsetting Homer.,A print of many wheelbarrows aren't upsetting Homer.,morphology,subject_verb_agreement,distractor_agreement_relational_noun,True,True,False,False,875,-89.16136169433594,-85.7412109375,0
The play about current events does impress Sheila.,The play about current events do impress Sheila.,morphology,subject_verb_agreement,distractor_agreement_relational_noun,True,True,False,False,876,-65.24174499511719,-64.09617614746094,0
A nephew of these senators hasn't scared Sally.,A nephew of these senators haven't scared Sally.,morphology,subject_verb_agreement,distractor_agreement_relational_noun,True,True,False,False,877,-68.95111083984375,-68.13340759277344,0
The plays about travel don't shock Kirsten.,The plays about travel doesn't shock Kirsten.,morphology,subject_verb_agreement,distractor_agreement_relational_noun,True,True,False,False,878,-69.17160034179688,-68.31157684326172,0
A picture of all photographs doesn't look like those lights.,A picture of all photographs don't look like those lights.,morphology,subject_verb_agreement,distractor_agreement_relational_noun,True,True,False,False,879,-55.09413528442383,-54.09256362915039,0
The stories about travel astound Steve.,The stories about travel astounds Steve.,morphology,subject_verb_agreement,distractor_agreement_relational_noun,True,True,False,False,880,-51.527992248535156,-54.11293411254883,1
The movie about the Borgias wasn't embarrassing Eva.,The movie about the Borgias weren't embarrassing Eva.,morphology,subject_verb_agreement,distractor_agreement_relational_noun,True,True,False,False,881,-77.37593841552734,-77.53145599365234,1
The granddaughter of all senators leaves Eric.,The granddaughter of all senators leave Eric.,morphology,subject_verb_agreement,distractor_agreement_relational_noun,True,True,False,False,882,-57.94645309448242,-57.57992935180664,0
The niece of the Clintons isn't talking about all libraries.,The niece of the Clintons weren't talking about all libraries.,morphology,subject_verb_agreement,distractor_agreement_relational_noun,True,True,False,False,883,-63.40997314453125,-63.021209716796875,0
The brother of adults hasn't climbed down these slopes.,The brother of adults haven't climbed down these slopes.,morphology,subject_verb_agreement,distractor_agreement_relational_noun,True,True,False,False,884,-67.15362548828125,-66.40055847167969,0
A sister of many guys wasn't getting fired.,A sister of many guys weren't getting fired.,morphology,subject_verb_agreement,distractor_agreement_relational_noun,True,True,False,False,885,-54.388885498046875,-53.62762451171875,0
The cousin of the women doesn't commission Lawrence's student to confuse guys.,The cousin of the women don't commission Lawrence's student to confuse guys.,morphology,subject_verb_agreement,distractor_agreement_relational_noun,True,True,False,False,886,-98.67506408691406,-99.51331329345703,1
The fathers of Matt fall asleep.,The fathers of Matt falls asleep.,morphology,subject_verb_agreement,distractor_agreement_relational_noun,True,True,False,False,887,-44.5865478515625,-44.539058685302734,0
The mothers of Eva were revealing some cat.,The mothers of Eva is revealing some cat.,morphology,subject_verb_agreement,distractor_agreement_relational_noun,True,True,False,False,888,-61.48604965209961,-59.104705810546875,0
A photograph of the grocery stores does appear.,A photograph of the grocery stores do appear.,morphology,subject_verb_agreement,distractor_agreement_relational_noun,True,True,False,False,889,-47.8756103515625,-47.13136291503906,0
The paintings of Matt do impress Pamela.,The paintings of Matt does impress Pamela.,morphology,subject_verb_agreement,distractor_agreement_relational_noun,True,True,False,False,890,-58.92047119140625,-59.20479202270508,1
The print of those gloves does resemble some sketch.,The print of those gloves do resemble some sketch.,morphology,subject_verb_agreement,distractor_agreement_relational_noun,True,True,False,False,891,-66.13058471679688,-65.88275909423828,0
The movies about literature do worry libraries.,The movies about literature does worry libraries.,morphology,subject_verb_agreement,distractor_agreement_relational_noun,True,True,False,False,892,-63.155372619628906,-64.97281646728516,1
The prints of Galileo aren't distracting many patients.,The prints of Galileo isn't distracting many patients.,morphology,subject_verb_agreement,distractor_agreement_relational_noun,True,True,False,False,893,-65.90705108642578,-64.97480773925781,0
The pamphlets about art were scaring the Lutherans.,The pamphlets about art was scaring the Lutherans.,morphology,subject_verb_agreement,distractor_agreement_relational_noun,True,True,False,False,894,-70.590087890625,-70.80078887939453,1
The sketches of some bird have upset Beverly.,The sketches of some bird has upset Beverly.,morphology,subject_verb_agreement,distractor_agreement_relational_noun,True,True,False,False,895,-68.12948608398438,-67.46067810058594,0
The pamphlets about literature haven't bothered Candice.,The pamphlets about literature hasn't bothered Candice.,morphology,subject_verb_agreement,distractor_agreement_relational_noun,True,True,False,False,896,-67.58812713623047,-67.08906555175781,0
The fathers of Rhonda aren't spurring Lawrence's plumbers to complain about Lawrence.,The fathers of Rhonda wasn't spurring Lawrence's plumbers to complain about Lawrence.,morphology,subject_verb_agreement,distractor_agreement_relational_noun,True,True,False,False,897,-114.86373901367188,-116.22932434082031,1
The mothers of a customer have continued to hide this box.,The mothers of a customer has continued to hide this box.,morphology,subject_verb_agreement,distractor_agreement_relational_noun,True,True,False,False,898,-66.04744720458984,-64.29387664794922,0
The sketch of these pictures alarms April.,The sketch of these pictures alarm April.,morphology,subject_verb_agreement,distractor_agreement_relational_noun,True,True,False,False,899,-60.02324676513672,-58.42854309082031,0
The shows about art alarm Chad.,The shows about art alarms Chad.,morphology,subject_verb_agreement,distractor_agreement_relational_noun,True,True,False,False,900,-59.82206726074219,-62.391326904296875,1
The painting of eyes isn't falling.,The painting of eyes weren't falling.,morphology,subject_verb_agreement,distractor_agreement_relational_noun,True,True,False,False,901,-43.9439697265625,-43.32928466796875,0
The niece of some men is advising Barbara to climb up hills.,The niece of some men were advising Barbara to climb up hills.,morphology,subject_verb_agreement,distractor_agreement_relational_noun,True,True,False,False,902,-80.85748291015625,-79.4605712890625,0
The pictures of Carrie resemble some sketch.,The pictures of Carrie resembles some sketch.,morphology,subject_verb_agreement,distractor_agreement_relational_noun,True,True,False,False,903,-56.46021270751953,-54.5008544921875,0
The sister of a lot of drivers responds.,The sister of a lot of drivers respond.,morphology,subject_verb_agreement,distractor_agreement_relational_noun,True,True,False,False,904,-46.83176803588867,-45.07931137084961,0
A pamphlet about the Lutherans vanishes.,A pamphlet about the Lutherans vanish.,morphology,subject_verb_agreement,distractor_agreement_relational_noun,True,True,False,False,905,-57.521671295166016,-52.67430114746094,0
The granddaughter of the cashiers longs to insult Kirsten.,The granddaughter of the cashiers long to insult Kirsten.,morphology,subject_verb_agreement,distractor_agreement_relational_noun,True,True,False,False,906,-84.74684143066406,-76.45417785644531,0
The report about the Clintons doesn't impress some lady.,The report about the Clintons don't impress some lady.,morphology,subject_verb_agreement,distractor_agreement_relational_noun,True,True,False,False,907,-65.59925842285156,-65.45801544189453,0
A daughter of all teenagers doesn't hurt a child.,A daughter of all teenagers don't hurt a child.,morphology,subject_verb_agreement,distractor_agreement_relational_noun,True,True,False,False,908,-52.300209045410156,-50.3109245300293,0
The shows about Spain bore this senator.,The shows about Spain bores this senator.,morphology,subject_verb_agreement,distractor_agreement_relational_noun,True,True,False,False,909,-66.23648071289062,-69.4810562133789,1
The paintings of Jill do scare most organizations.,The paintings of Jill does scare most organizations.,morphology,subject_verb_agreement,distractor_agreement_relational_noun,True,True,False,False,910,-71.54745483398438,-70.50077819824219,0
The nephews of John haven't taken all hamsters.,The nephews of John hasn't taken all hamsters.,morphology,subject_verb_agreement,distractor_agreement_relational_noun,True,True,False,False,911,-64.9898452758789,-62.37297821044922,0
A friend of these teenagers is training.,A friend of these teenagers are training.,morphology,subject_verb_agreement,distractor_agreement_relational_noun,True,True,False,False,912,-44.290313720703125,-42.09707260131836,0
A friend of the customers has pressed Stephen to fire James.,A friend of the customers have pressed Stephen to fire James.,morphology,subject_verb_agreement,distractor_agreement_relational_noun,True,True,False,False,913,-76.60148620605469,-75.82276916503906,0
The fathers of Joseph do prod some nephews of Bruce to argue.,The fathers of Joseph does prod some nephews of Bruce to argue.,morphology,subject_verb_agreement,distractor_agreement_relational_noun,True,True,False,False,914,-94.24415588378906,-94.66194915771484,1
The movie about the Balkans does aggravate these libraries.,The movie about the Balkans do aggravate these libraries.,morphology,subject_verb_agreement,distractor_agreement_relational_noun,True,True,False,False,915,-66.4031753540039,-68.60441589355469,1
The niece of many ladies attempts to change.,The niece of many ladies attempt to change.,morphology,subject_verb_agreement,distractor_agreement_relational_noun,True,True,False,False,916,-46.09146499633789,-46.62570571899414,1
The brochures about Harvard University were irritating Tracy.,The brochures about Harvard University is irritating Tracy.,morphology,subject_verb_agreement,distractor_agreement_relational_noun,True,True,False,False,917,-70.07594299316406,-67.33190155029297,0
A movie about the Clintons isn't worrying Martin.,A movie about the Clintons weren't worrying Martin.,morphology,subject_verb_agreement,distractor_agreement_relational_noun,True,True,False,False,918,-62.652523040771484,-62.68153762817383,1
The nephews of Tonya do pressure Rachel's sisters to insult a grocery store.,The nephews of Tonya does pressure Rachel's sisters to insult a grocery store.,morphology,subject_verb_agreement,distractor_agreement_relational_noun,True,True,False,False,919,-111.45147705078125,-111.4071044921875,0
The photograph of most movie theaters hasn't appeared.,The photograph of most movie theaters haven't appeared.,morphology,subject_verb_agreement,distractor_agreement_relational_noun,True,True,False,False,920,-55.453365325927734,-53.7669792175293,0
A picture of many drivers does alarm Samantha.,A picture of many drivers do alarm Samantha.,morphology,subject_verb_agreement,distractor_agreement_relational_noun,True,True,False,False,921,-67.47209167480469,-63.368194580078125,0
The newspaper articles about Galileo have bothered Craig.,The newspaper articles about Galileo has bothered Craig.,morphology,subject_verb_agreement,distractor_agreement_relational_noun,True,True,False,False,922,-63.81462097167969,-62.71943283081055,0
The pamphlet about the Clintons appears.,The pamphlet about the Clintons appear.,morphology,subject_verb_agreement,distractor_agreement_relational_noun,True,True,False,False,923,-42.074729919433594,-41.039161682128906,0
The nephews of Cynthia don't shout.,The nephews of Cynthia doesn't shout.,morphology,subject_verb_agreement,distractor_agreement_relational_noun,True,True,False,False,924,-53.48292922973633,-54.12134552001953,1
The photographs of a painting have looked like many couches.,The photographs of a painting has looked like many couches.,morphology,subject_verb_agreement,distractor_agreement_relational_noun,True,True,False,False,925,-60.60375213623047,-60.19004821777344,0
The shows about literature haven't aggravated Kristin.,The shows about literature hasn't aggravated Kristin.,morphology,subject_verb_agreement,distractor_agreement_relational_noun,True,True,False,False,926,-75.8088150024414,-75.80146026611328,0
The pictures of that jacket haven't disgusted Laurie.,The pictures of that jacket hasn't disgusted Laurie.,morphology,subject_verb_agreement,distractor_agreement_relational_noun,True,True,False,False,927,-68.757568359375,-67.58457946777344,0
The fathers of Samuel have found a guy to get a job.,The fathers of Samuel has found a guy to get a job.,morphology,subject_verb_agreement,distractor_agreement_relational_noun,True,True,False,False,928,-61.3570671081543,-62.25812530517578,1
The play about the Impressionists has alarmed Andrew.,The play about the Impressionists have alarmed Andrew.,morphology,subject_verb_agreement,distractor_agreement_relational_noun,True,True,False,False,929,-68.31121063232422,-66.04065704345703,0
The photographs of Becca aren't astounding Sherry.,The photographs of Becca wasn't astounding Sherry.,morphology,subject_verb_agreement,distractor_agreement_relational_noun,True,True,False,False,930,-72.61486053466797,-70.53296661376953,0
A movie about the Borgias hasn't hurt Adam.,A movie about the Borgias haven't hurt Adam.,morphology,subject_verb_agreement,distractor_agreement_relational_noun,True,True,False,False,931,-70.7504653930664,-69.09396362304688,0
The photograph of some movie theaters isn't alarming a lot of museums.,The photograph of some movie theaters weren't alarming a lot of museums.,morphology,subject_verb_agreement,distractor_agreement_relational_noun,True,True,False,False,932,-73.61746215820312,-75.61457061767578,1
The drawing of newspaper articles was bothering Stephanie.,The drawing of newspaper articles were bothering Stephanie.,morphology,subject_verb_agreement,distractor_agreement_relational_noun,True,True,False,False,933,-60.80528259277344,-61.420257568359375,1
A son of all actresses hasn't muttered.,A son of all actresses haven't muttered.,morphology,subject_verb_agreement,distractor_agreement_relational_noun,True,True,False,False,934,-56.44363021850586,-54.99381637573242,0
The paintings of Eva do impress Kristen.,The paintings of Eva does impress Kristen.,morphology,subject_verb_agreement,distractor_agreement_relational_noun,True,True,False,False,935,-58.22792053222656,-59.465667724609375,1
A newspaper article about the Borgias vanishes.,A newspaper article about the Borgias vanish.,morphology,subject_verb_agreement,distractor_agreement_relational_noun,True,True,False,False,936,-58.6165771484375,-56.76691818237305,0
The prints of Candice weren't wasting away.,The prints of Candice isn't wasting away.,morphology,subject_verb_agreement,distractor_agreement_relational_noun,True,True,False,False,937,-61.52178955078125,-59.12980651855469,0
The brothers of Candice have forgotten about what slow.,The brothers of Candice has forgotten about what slow.,morphology,subject_verb_agreement,distractor_agreement_relational_noun,True,True,False,False,938,-66.09396362304688,-64.65721893310547,0
A cousin of most dancers does shout.,A cousin of most dancers do shout.,morphology,subject_verb_agreement,distractor_agreement_relational_noun,True,True,False,False,939,-61.186370849609375,-58.059539794921875,0
The story about the Balkans aggravates the organization.,The story about the Balkans aggravate the organization.,morphology,subject_verb_agreement,distractor_agreement_relational_noun,True,True,False,False,940,-55.67905807495117,-56.59123229980469,1
The nephews of Edward aren't running around a grocery store.,The nephews of Edward wasn't running around a grocery store.,morphology,subject_verb_agreement,distractor_agreement_relational_noun,True,True,False,False,941,-62.01927947998047,-61.535797119140625,0
The niece of a lot of actresses is appreciating Clyde.,The niece of a lot of actresses were appreciating Clyde.,morphology,subject_verb_agreement,distractor_agreement_relational_noun,True,True,False,False,942,-68.97834777832031,-67.53520965576172,0
The essay about the Balkans does alarm Charles.,The essay about the Balkans do alarm Charles.,morphology,subject_verb_agreement,distractor_agreement_relational_noun,True,True,False,False,943,-69.15582275390625,-66.8798828125,0
The fathers of Patricia haven't anticipated Irene to flee from Becca.,The fathers of Patricia hasn't anticipated Irene to flee from Becca.,morphology,subject_verb_agreement,distractor_agreement_relational_noun,True,True,False,False,944,-93.06002807617188,-92.59721374511719,0
The report about the Impressionists has sounded like Catherine.,The report about the Impressionists have sounded like Catherine.,morphology,subject_verb_agreement,distractor_agreement_relational_noun,True,True,False,False,945,-66.17570495605469,-64.21513366699219,0
The reports about Monet aren't appearing.,The reports about Monet isn't appearing.,morphology,subject_verb_agreement,distractor_agreement_relational_noun,True,True,False,False,946,-54.73288345336914,-54.01512908935547,0
A pamphlet about the Clintons doesn't exist.,A pamphlet about the Clintons don't exist.,morphology,subject_verb_agreement,distractor_agreement_relational_noun,True,True,False,False,947,-47.0001335144043,-47.110191345214844,1
A brother of many adults doesn't fail to bake.,A brother of many adults don't fail to bake.,morphology,subject_verb_agreement,distractor_agreement_relational_noun,True,True,False,False,948,-62.226497650146484,-59.128231048583984,0
A play about the Lutherans isn't hurting girls.,A play about the Lutherans weren't hurting girls.,morphology,subject_verb_agreement,distractor_agreement_relational_noun,True,True,False,False,949,-71.4775390625,-70.82595825195312,0
The pamphlets about art aren't bothering Steve.,The pamphlets about art isn't bothering Steve.,morphology,subject_verb_agreement,distractor_agreement_relational_noun,True,True,False,False,950,-63.66436004638672,-62.50495910644531,0
The brochures about Jesus weren't alarming Victoria.,The brochures about Jesus wasn't alarming Victoria.,morphology,subject_verb_agreement,distractor_agreement_relational_noun,True,True,False,False,951,-68.85665893554688,-66.04022216796875,0
The paintings of Joseph don't hurt Rachel.,The paintings of Joseph doesn't hurt Rachel.,morphology,subject_verb_agreement,distractor_agreement_relational_noun,True,True,False,False,952,-54.708457946777344,-53.640533447265625,0
A father of those waiters has appeared to help Ronald.,A father of those waiters have appeared to help Ronald.,morphology,subject_verb_agreement,distractor_agreement_relational_noun,True,True,False,False,953,-73.30730438232422,-69.56258392333984,0
The brochure about the Clintons aggravates every museum.,The brochure about the Clintons aggravate every museum.,morphology,subject_verb_agreement,distractor_agreement_relational_noun,True,True,False,False,954,-71.16886901855469,-72.60020446777344,1
The paintings of April don't fall.,The paintings of April doesn't fall.,morphology,subject_verb_agreement,distractor_agreement_relational_noun,True,True,False,False,955,-44.40800476074219,-44.31299591064453,0
A show about the Clintons bothers Sonia.,A show about the Clintons bother Sonia.,morphology,subject_verb_agreement,distractor_agreement_relational_noun,True,True,False,False,956,-62.37531661987305,-62.42583465576172,1
A grandfather of some waitresses has stunned Rose.,A grandfather of some waitresses have stunned Rose.,morphology,subject_verb_agreement,distractor_agreement_relational_noun,True,True,False,False,957,-73.79285430908203,-71.0552978515625,0
A niece of those actresses has figured out who hadn't declared some light to dim.,A niece of those actresses have figured out who hadn't declared some light to dim.,morphology,subject_verb_agreement,distractor_agreement_relational_noun,True,True,False,False,958,-106.09723663330078,-103.07722473144531,0
The brochures about art do impress the actress.,The brochures about art does impress the actress.,morphology,subject_verb_agreement,distractor_agreement_relational_noun,True,True,False,False,959,-63.48849868774414,-62.0296630859375,0
The sketch of eyes hasn't appeared.,The sketch of eyes haven't appeared.,morphology,subject_verb_agreement,distractor_agreement_relational_noun,True,True,False,False,960,-44.50318145751953,-43.59996795654297,0
The daughters of every adult have persuaded Deanna to praise Anna.,The daughters of every adult has persuaded Deanna to praise Anna.,morphology,subject_verb_agreement,distractor_agreement_relational_noun,True,True,False,False,961,-81.94636535644531,-80.26034545898438,0
A daughter of most actors has worried Tina.,A daughter of most actors have worried Tina.,morphology,subject_verb_agreement,distractor_agreement_relational_noun,True,True,False,False,962,-63.46771240234375,-60.623897552490234,0
A print of a lot of senators hasn't confused Denise.,A print of a lot of senators haven't confused Denise.,morphology,subject_verb_agreement,distractor_agreement_relational_noun,True,True,False,False,963,-72.71451568603516,-70.95124816894531,0
A book about the Impressionists shocks Bethany.,A book about the Impressionists shock Bethany.,morphology,subject_verb_agreement,distractor_agreement_relational_noun,True,True,False,False,964,-65.54400634765625,-63.416080474853516,0
The friends of Grace are donating.,The friends of Grace is donating.,morphology,subject_verb_agreement,distractor_agreement_relational_noun,True,True,False,False,965,-39.42478942871094,-38.459861755371094,0
The prints of that print weren't alarming Lawrence.,The prints of that print isn't alarming Lawrence.,morphology,subject_verb_agreement,distractor_agreement_relational_noun,True,True,False,False,966,-69.30033111572266,-67.48078918457031,0
The picture of most women hasn't impressed the Borgias.,The picture of most women haven't impressed the Borgias.,morphology,subject_verb_agreement,distractor_agreement_relational_noun,True,True,False,False,967,-76.10826110839844,-73.96527099609375,0
A grandmother of all patients was managing to alarm Frank.,A grandmother of all patients are managing to alarm Frank.,morphology,subject_verb_agreement,distractor_agreement_relational_noun,True,True,False,False,968,-76.87577819824219,-75.24051666259766,0
The granddaughter of most teachers describes Rhonda.,The granddaughter of most teachers describe Rhonda.,morphology,subject_verb_agreement,distractor_agreement_relational_noun,True,True,False,False,969,-64.38095092773438,-61.501529693603516,0
The nephews of Beverly are urging Spain to surrender.,The nephews of Beverly is urging Spain to surrender.,morphology,subject_verb_agreement,distractor_agreement_relational_noun,True,True,False,False,970,-66.44046783447266,-63.106353759765625,0
The newspaper article about the Impressionists has shocked this museum.,The newspaper article about the Impressionists have shocked this museum.,morphology,subject_verb_agreement,distractor_agreement_relational_noun,True,True,False,False,971,-69.85315704345703,-68.4813003540039,0
A father of the Clintons discovers Guy to criticize those stories.,A father of the Clintons discover Guy to criticize those stories.,morphology,subject_verb_agreement,distractor_agreement_relational_noun,True,True,False,False,972,-74.30848693847656,-74.90380859375,1
The prints of some hat were wasting away.,The prints of some hat was wasting away.,morphology,subject_verb_agreement,distractor_agreement_relational_noun,True,True,False,False,973,-59.36228942871094,-58.640594482421875,0
The nieces of Randolf don't waste away.,The nieces of Randolf doesn't waste away.,morphology,subject_verb_agreement,distractor_agreement_relational_noun,True,True,False,False,974,-68.05924987792969,-69.4232177734375,1
A grandfather of these ladies does lie.,A grandfather of these ladies do lie.,morphology,subject_verb_agreement,distractor_agreement_relational_noun,True,True,False,False,975,-49.45197296142578,-47.14605712890625,0
The prints of every eggplant scare those schools.,The prints of every eggplant scares those schools.,morphology,subject_verb_agreement,distractor_agreement_relational_noun,True,True,False,False,976,-72.9856185913086,-70.9745864868164,0
The commentary about current events annoys Kirsten.,The commentary about current events annoy Kirsten.,morphology,subject_verb_agreement,distractor_agreement_relational_noun,True,True,False,False,977,-61.230194091796875,-57.97578430175781,0
A book about current events confuses a lot of actresses.,A book about current events confuse a lot of actresses.,morphology,subject_verb_agreement,distractor_agreement_relational_noun,True,True,False,False,978,-64.4906234741211,-59.520118713378906,0
The sketches of some window worry Stephanie.,The sketches of some window worries Stephanie.,morphology,subject_verb_agreement,distractor_agreement_relational_noun,True,True,False,False,979,-63.575721740722656,-62.23668670654297,0
The nephews of Alan exercise.,The nephews of Alan exercises.,morphology,subject_verb_agreement,distractor_agreement_relational_noun,True,True,False,False,980,-41.727806091308594,-42.114837646484375,1
The commentaries about Monet aren't astounding Travis.,The commentaries about Monet isn't astounding Travis.,morphology,subject_verb_agreement,distractor_agreement_relational_noun,True,True,False,False,981,-75.28150177001953,-72.31074523925781,0
The cousins of Jason haven't realized who believed Cindy to research some college campuses.,The cousins of Jason hasn't realized who believed Cindy to research some college campuses.,morphology,subject_verb_agreement,distractor_agreement_relational_noun,True,True,False,False,982,-107.25343322753906,-105.25411224365234,0
The pamphlets about Jesus are appearing.,The pamphlets about Jesus is appearing.,morphology,subject_verb_agreement,distractor_agreement_relational_noun,True,True,False,False,983,-44.776344299316406,-43.56222152709961,0
A picture of steps bothers Todd.,A picture of steps bother Todd.,morphology,subject_verb_agreement,distractor_agreement_relational_noun,True,True,False,False,984,-52.099700927734375,-51.484859466552734,0
The show about the Clintons has disagreed.,The show about the Clintons have disagreed.,morphology,subject_verb_agreement,distractor_agreement_relational_noun,True,True,False,False,985,-47.65675735473633,-47.29048156738281,0
A brother of all waiters wasn't praising Marie.,A brother of all waiters aren't praising Marie.,morphology,subject_verb_agreement,distractor_agreement_relational_noun,True,True,False,False,986,-68.76057434082031,-66.40618896484375,0
The prints of this ice shock Dana.,The prints of this ice shocks Dana.,morphology,subject_verb_agreement,distractor_agreement_relational_noun,True,True,False,False,987,-60.99214172363281,-63.17011260986328,1
The mother of most drivers has praised Veronica.,The mother of most drivers have praised Veronica.,morphology,subject_verb_agreement,distractor_agreement_relational_noun,True,True,False,False,988,-61.25627517700195,-57.52994155883789,0
The newspaper article about the Lutherans has looked like some sketch.,The newspaper article about the Lutherans have looked like some sketch.,morphology,subject_verb_agreement,distractor_agreement_relational_noun,True,True,False,False,989,-73.73450469970703,-72.91759490966797,0
The grandmothers of Galileo haven't visited many lakes.,The grandmothers of Galileo hasn't visited many lakes.,morphology,subject_verb_agreement,distractor_agreement_relational_noun,True,True,False,False,990,-64.42450714111328,-63.55649948120117,0
The cousins of Tanya walk through those lakes.,The cousins of Tanya walks through those lakes.,morphology,subject_verb_agreement,distractor_agreement_relational_noun,True,True,False,False,991,-59.65443420410156,-57.36284637451172,0
The drawings of Jane are appearing.,The drawings of Jane is appearing.,morphology,subject_verb_agreement,distractor_agreement_relational_noun,True,True,False,False,992,-40.99406814575195,-40.52311706542969,0
An essay about the Clintons has alarmed these boys.,An essay about the Clintons have alarmed these boys.,morphology,subject_verb_agreement,distractor_agreement_relational_noun,True,True,False,False,993,-61.844932556152344,-61.91774368286133,1
The newspaper articles about Winston Churchill win.,The newspaper articles about Winston Churchill wins.,morphology,subject_verb_agreement,distractor_agreement_relational_noun,True,True,False,False,994,-48.38298034667969,-47.55881118774414,0
The stories about Spain aggravate Carl.,The stories about Spain aggravates Carl.,morphology,subject_verb_agreement,distractor_agreement_relational_noun,True,True,False,False,995,-57.49754333496094,-56.98628234863281,0
The drawings of Guy weren't scaring Bruce.,The drawings of Guy wasn't scaring Bruce.,morphology,subject_verb_agreement,distractor_agreement_relational_noun,True,True,False,False,996,-66.34515380859375,-64.0371322631836,0
The newspaper articles about Jesus don't look like every drawing.,The newspaper articles about Jesus doesn't look like every drawing.,morphology,subject_verb_agreement,distractor_agreement_relational_noun,True,True,False,False,997,-62.81435012817383,-60.8291015625,0
A picture of many bikes has impressed Grace.,A picture of many bikes have impressed Grace.,morphology,subject_verb_agreement,distractor_agreement_relational_noun,True,True,False,False,998,-62.809898376464844,-60.26918029785156,0
A cousin of some teachers hasn't attacked the Borgias.,A cousin of some teachers haven't attacked the Borgias.,morphology,subject_verb_agreement,distractor_agreement_relational_noun,True,True,False,False,999,-80.57707214355469,-78.73435974121094,0
