sentence_good,sentence_bad,field,linguistics_term,UID,simple_LM_method,one_prefix_method,two_prefix_method,lexically_identical,pair_id,good_prob,bad_prob,correct
Every hospital isn't about to tempt Tiffany to reference Matt.,Every hospital isn't fun to tempt Tiffany to reference Matt.,syntax_semantics,control_raising,tough_vs_raising_2,True,False,False,False,0,-75.49447631835938,-79.17491149902344,1
Rachel was apt to talk to Alicia.,Rachel was exciting to talk to Alicia.,syntax_semantics,control_raising,tough_vs_raising_2,True,False,False,False,1,-39.27067565917969,-38.965431213378906,0
This doctor's cousins aren't soon to question Kirsten.,This doctor's cousins aren't interesting to question Kirsten.,syntax_semantics,control_raising,tough_vs_raising_2,True,False,False,False,2,-66.95911407470703,-65.88423919677734,0
Sheila is certain to find Stephen to describe this customer.,Sheila is difficult to find Stephen to describe this customer.,syntax_semantics,control_raising,tough_vs_raising_2,True,False,False,False,3,-70.31318664550781,-66.43730163574219,0
Liam's French teachers were sure to want to aggravate many people.,Liam's French teachers were irritating to want to aggravate many people.,syntax_semantics,control_raising,tough_vs_raising_2,True,False,False,False,4,-80.95574951171875,-88.67791748046875,1
Thomas isn't sure to hug Margaret.,Thomas isn't annoying to hug Margaret.,syntax_semantics,control_raising,tough_vs_raising_2,True,False,False,False,5,-39.029090881347656,-43.550270080566406,1
Carrie is bound to explore some public park.,Carrie is pleasant to explore some public park.,syntax_semantics,control_raising,tough_vs_raising_2,True,False,False,False,6,-56.87849044799805,-59.0772705078125,1
Timothy is about to respect most guys.,Timothy is annoying to respect most guys.,syntax_semantics,control_raising,tough_vs_raising_2,True,False,False,False,7,-45.23920440673828,-51.751686096191406,1
Derek's guest is likely to like to forfeit.,Derek's guest is difficult to like to forfeit.,syntax_semantics,control_raising,tough_vs_raising_2,True,False,False,False,8,-62.29138946533203,-66.90630340576172,1
Melinda's guests aren't about to yearn to sit down.,Melinda's guests aren't unpleasant to yearn to sit down.,syntax_semantics,control_raising,tough_vs_raising_2,True,False,False,False,9,-68.53446960449219,-75.73336791992188,1
Mark wasn't certain to climb down the ladder.,Mark wasn't fun to climb down the ladder.,syntax_semantics,control_raising,tough_vs_raising_2,True,False,False,False,10,-42.127769470214844,-40.83857345581055,0
Jesus's tutor wasn't soon to remember Dawn.,Jesus's tutor wasn't tough to remember Dawn.,syntax_semantics,control_raising,tough_vs_raising_2,True,False,False,False,11,-59.24998474121094,-57.38383483886719,0
Those organizations were certain to respond.,Those organizations were tough to respond.,syntax_semantics,control_raising,tough_vs_raising_2,True,False,False,False,12,-32.951820373535156,-32.698951721191406,0
Bradley isn't soon to encourage Stephanie to scream.,Bradley isn't hard work to encourage Stephanie to scream.,syntax_semantics,control_raising,tough_vs_raising_2,True,False,False,False,13,-61.006317138671875,-65.80675506591797,1
Tina wasn't sure to conceal what are profiting.,Tina wasn't exciting to conceal what are profiting.,syntax_semantics,control_raising,tough_vs_raising_2,True,False,False,False,14,-65.62513732910156,-70.08341217041016,1
The legislature wasn't unlikely to continue to hug a lot of boys.,The legislature wasn't hard to continue to hug a lot of boys.,syntax_semantics,control_raising,tough_vs_raising_2,True,False,False,False,15,-70.04401397705078,-65.404052734375,0
Bruce was sure to remember Gerald.,Bruce was annoying to remember Gerald.,syntax_semantics,control_raising,tough_vs_raising_2,True,False,False,False,16,-33.52203369140625,-38.504852294921875,1
Brad's employees aren't likely to retaliate.,Brad's employees aren't irritating to retaliate.,syntax_semantics,control_raising,tough_vs_raising_2,True,False,False,False,17,-36.93788146972656,-47.369041442871094,1
Jennifer isn't apt to walk through a cafe.,Jennifer isn't difficult to walk through a cafe.,syntax_semantics,control_raising,tough_vs_raising_2,True,False,False,False,18,-42.13174057006836,-38.135223388671875,0
Andrea was soon to ascertain Winston Churchill to explore a lot of movie theaters.,Andrea was interesting to ascertain Winston Churchill to explore a lot of movie theaters.,syntax_semantics,control_raising,tough_vs_raising_2,True,False,False,False,19,-91.3633804321289,-90.73209381103516,0
Cheryl's daughter isn't sure to find out who work hard.,Cheryl's daughter isn't irritating to find out who work hard.,syntax_semantics,control_raising,tough_vs_raising_2,True,False,False,False,20,-69.49113464355469,-78.07610321044922,1
Douglas's cousin isn't sure to entreat Danielle to stand up.,Douglas's cousin isn't irritating to entreat Danielle to stand up.,syntax_semantics,control_raising,tough_vs_raising_2,True,False,False,False,21,-79.88581848144531,-86.69087982177734,1
Margaret's nieces aren't unlikely to describe Diana.,Margaret's nieces aren't pleasant to describe Diana.,syntax_semantics,control_raising,tough_vs_raising_2,True,False,False,False,22,-68.23860168457031,-69.1405029296875,1
Brian is about to walk through that high school.,Brian is pleasant to walk through that high school.,syntax_semantics,control_raising,tough_vs_raising_2,True,False,False,False,23,-36.91274642944336,-43.838783264160156,1
Heidi wasn't certain to like to hate Joseph.,Heidi wasn't easy to like to hate Joseph.,syntax_semantics,control_raising,tough_vs_raising_2,True,False,False,False,24,-62.74567794799805,-60.14500045776367,0
Many adults' boss was certain to hide a lot of spotlights.,Many adults' boss was interesting to hide a lot of spotlights.,syntax_semantics,control_raising,tough_vs_raising_2,True,False,False,False,25,-73.75214385986328,-76.02668762207031,1
Bradley was apt to clean that hat.,Bradley was tough to clean that hat.,syntax_semantics,control_raising,tough_vs_raising_2,True,False,False,False,26,-49.188995361328125,-46.568946838378906,0
Every granddaughter of Renee isn't certain to entice Anne to bike to high schools.,Every granddaughter of Renee isn't irritating to entice Anne to bike to high schools.,syntax_semantics,control_raising,tough_vs_raising_2,True,False,False,False,27,-103.53599548339844,-106.83831787109375,1
These plates were certain to scare Andrew.,These plates were exciting to scare Andrew.,syntax_semantics,control_raising,tough_vs_raising_2,True,False,False,False,28,-51.381988525390625,-52.839385986328125,1
Andrew wasn't sure to oblige Vanessa's guests to work hard.,Andrew wasn't exciting to oblige Vanessa's guests to work hard.,syntax_semantics,control_raising,tough_vs_raising_2,True,False,False,False,29,-67.7923355102539,-72.70968627929688,1
Harvard University was soon to praise Valerie.,Harvard University was hard to praise Valerie.,syntax_semantics,control_raising,tough_vs_raising_2,True,False,False,False,30,-50.476959228515625,-49.926204681396484,0
The association isn't apt to cope.,The association isn't hard to cope.,syntax_semantics,control_raising,tough_vs_raising_2,True,False,False,False,31,-42.577938079833984,-35.73712921142578,0
The mothers of Alice were certain to figure out who continued to describe these customers.,The mothers of Alice were boring to figure out who continued to describe these customers.,syntax_semantics,control_raising,tough_vs_raising_2,True,False,False,False,32,-86.51377868652344,-90.27101135253906,1
Timothy wasn't likely to beg Donna to astound that university.,Timothy wasn't exciting to beg Donna to astound that university.,syntax_semantics,control_raising,tough_vs_raising_2,True,False,False,False,33,-86.47154998779297,-90.71917724609375,1
Florence wasn't unlikely to concur.,Florence wasn't hard to concur.,syntax_semantics,control_raising,tough_vs_raising_2,True,False,False,False,34,-52.02606201171875,-47.412025451660156,0
These grandfathers of Janice are likely to compete.,These grandfathers of Janice are unpleasant to compete.,syntax_semantics,control_raising,tough_vs_raising_2,True,False,False,False,35,-56.68665313720703,-67.76919555664062,1
Irene is likely to appreciate Nina.,Irene is unpleasant to appreciate Nina.,syntax_semantics,control_raising,tough_vs_raising_2,True,False,False,False,36,-47.569515228271484,-56.914337158203125,1
Matt wasn't certain to criticize Nancy.,Matt wasn't easy to criticize Nancy.,syntax_semantics,control_raising,tough_vs_raising_2,True,False,False,False,37,-43.0185546875,-39.398067474365234,0
Janice's supervisors weren't about to yearn to exit every college campus.,Janice's supervisors weren't hard to yearn to exit every college campus.,syntax_semantics,control_raising,tough_vs_raising_2,True,False,False,False,38,-97.1704330444336,-99.04185485839844,1
Becky isn't apt to respect Jason.,Becky isn't pleasant to respect Jason.,syntax_semantics,control_raising,tough_vs_raising_2,True,False,False,False,39,-46.047916412353516,-46.83205795288086,1
Maria was soon to approach Carlos.,Maria was hard to approach Carlos.,syntax_semantics,control_raising,tough_vs_raising_2,True,False,False,False,40,-39.34740447998047,-37.792423248291016,0
The people are bound to seem to hide.,The people are fun to seem to hide.,syntax_semantics,control_raising,tough_vs_raising_2,True,False,False,False,41,-36.9776725769043,-43.11681365966797,1
Diane's mentor is bound to tempt grandfathers of Carl to blink.,Diane's mentor is unpleasant to tempt grandfathers of Carl to blink.,syntax_semantics,control_raising,tough_vs_raising_2,True,False,False,False,42,-96.0691146850586,-104.15330505371094,1
Nancy's electrician wasn't soon to fail to astound Karen.,Nancy's electrician wasn't enjoyable to fail to astound Karen.,syntax_semantics,control_raising,tough_vs_raising_2,True,False,False,False,43,-89.62647247314453,-91.27584838867188,1
Frank is likely to laugh.,Frank is hard to laugh.,syntax_semantics,control_raising,tough_vs_raising_2,True,False,False,False,44,-23.45534896850586,-23.153942108154297,0
Tina isn't bound to exit every movie theater.,Tina isn't hard to exit every movie theater.,syntax_semantics,control_raising,tough_vs_raising_2,True,False,False,False,45,-62.086456298828125,-59.00607681274414,0
Becky was sure to scan those books.,Becky was hard work to scan those books.,syntax_semantics,control_raising,tough_vs_raising_2,True,False,False,False,46,-39.23289489746094,-47.80144500732422,1
Leslie wasn't likely to discover the dog to climb down this slope.,Leslie wasn't enjoyable to discover the dog to climb down this slope.,syntax_semantics,control_raising,tough_vs_raising_2,True,False,False,False,47,-76.32722473144531,-79.362548828125,1
All legislatures were soon to stun Steven.,All legislatures were unpleasant to stun Steven.,syntax_semantics,control_raising,tough_vs_raising_2,True,False,False,False,48,-56.2638053894043,-60.84917068481445,1
Donald's supervisor wasn't sure to mutter.,Donald's supervisor wasn't difficult to mutter.,syntax_semantics,control_raising,tough_vs_raising_2,True,False,False,False,49,-48.795494079589844,-50.28399658203125,1
Angela wasn't soon to litter.,Angela wasn't annoying to litter.,syntax_semantics,control_raising,tough_vs_raising_2,True,False,False,False,50,-47.184791564941406,-47.26533889770508,1
A man wasn't certain to wish to shout.,A man wasn't interesting to wish to shout.,syntax_semantics,control_raising,tough_vs_raising_2,True,False,False,False,51,-52.347251892089844,-54.089202880859375,1
Laurie was soon to grin.,Laurie was fun to grin.,syntax_semantics,control_raising,tough_vs_raising_2,True,False,False,False,52,-43.413753509521484,-43.240440368652344,0
These boys aren't likely to confer.,These boys aren't annoying to confer.,syntax_semantics,control_raising,tough_vs_raising_2,True,False,False,False,53,-39.53273391723633,-45.17026901245117,1
Danielle is about to nod.,Danielle is tough to nod.,syntax_semantics,control_raising,tough_vs_raising_2,True,False,False,False,54,-31.986988067626953,-35.89414596557617,1
Samuel isn't apt to turn out to change.,Samuel isn't unpleasant to turn out to change.,syntax_semantics,control_raising,tough_vs_raising_2,True,False,False,False,55,-52.99977493286133,-57.20166015625,1
Michelle isn't bound to mess up that dress.,Michelle isn't irritating to mess up that dress.,syntax_semantics,control_raising,tough_vs_raising_2,True,False,False,False,56,-47.4737434387207,-50.52619934082031,1
Renee wasn't unlikely to boycott committees.,Renee wasn't hard work to boycott committees.,syntax_semantics,control_raising,tough_vs_raising_2,True,False,False,False,57,-53.653907775878906,-58.578208923339844,1
Tracy is likely to smile.,Tracy is pleasant to smile.,syntax_semantics,control_raising,tough_vs_raising_2,True,False,False,False,58,-28.349428176879883,-33.82704544067383,1
Kimberley wasn't unlikely to explain those waitresses appear to fix this wheelbarrow.,Kimberley wasn't interesting to explain those waitresses appear to fix this wheelbarrow.,syntax_semantics,control_raising,tough_vs_raising_2,True,False,False,False,59,-114.76192474365234,-114.220703125,0
Ellen's hairdresser is about to ascertain the computers to embarrass Renee.,Ellen's hairdresser is exciting to ascertain the computers to embarrass Renee.,syntax_semantics,control_raising,tough_vs_raising_2,True,False,False,False,60,-96.86347961425781,-103.11956787109375,1
A lot of waitresses' French teachers aren't apt to obligate Sonia to smile.,A lot of waitresses' French teachers aren't unpleasant to obligate Sonia to smile.,syntax_semantics,control_raising,tough_vs_raising_2,True,False,False,False,61,-108.03994750976562,-111.98839569091797,1
Todd was soon to commission Guy to weep.,Todd was fun to commission Guy to weep.,syntax_semantics,control_raising,tough_vs_raising_2,True,False,False,False,62,-54.49488067626953,-55.508243560791016,1
Cindy was about to conceal some waitresses.,Cindy was hard work to conceal some waitresses.,syntax_semantics,control_raising,tough_vs_raising_2,True,False,False,False,63,-62.24908447265625,-68.61243438720703,1
Alice wasn't soon to discover all lights to darken.,Alice wasn't annoying to discover all lights to darken.,syntax_semantics,control_raising,tough_vs_raising_2,True,False,False,False,64,-62.780670166015625,-62.19317626953125,0
Dan's bosses were soon to plan to admire Eric.,Dan's bosses were tough to plan to admire Eric.,syntax_semantics,control_raising,tough_vs_raising_2,True,False,False,False,65,-65.96360778808594,-66.60238647460938,1
Nicole's girlfriend isn't certain to figure out who boast about Tonya.,Nicole's girlfriend isn't pleasant to figure out who boast about Tonya.,syntax_semantics,control_raising,tough_vs_raising_2,True,False,False,False,66,-84.05775451660156,-85.10519409179688,1
Amelia wasn't soon to love Lisa.,Amelia wasn't hard to love Lisa.,syntax_semantics,control_raising,tough_vs_raising_2,True,False,False,False,67,-50.914268493652344,-47.82830047607422,0
Theresa's associate is certain to talk.,Theresa's associate is interesting to talk.,syntax_semantics,control_raising,tough_vs_raising_2,True,False,False,False,68,-51.1492805480957,-49.84770965576172,0
Carla was certain to slump over.,Carla was hard to slump over.,syntax_semantics,control_raising,tough_vs_raising_2,True,False,False,False,69,-48.877845764160156,-46.02260208129883,0
Walter is sure to remember who hadn't profited.,Walter is pleasant to remember who hadn't profited.,syntax_semantics,control_raising,tough_vs_raising_2,True,False,False,False,70,-57.84724044799805,-62.14483642578125,1
Mitchell was apt to investigate Dana.,Mitchell was pleasant to investigate Dana.,syntax_semantics,control_raising,tough_vs_raising_2,True,False,False,False,71,-51.61579132080078,-53.36131286621094,1
Craig is sure to predict those guests to benefit.,Craig is exciting to predict those guests to benefit.,syntax_semantics,control_raising,tough_vs_raising_2,True,False,False,False,72,-54.2657470703125,-56.90843200683594,1
Rachel's sons aren't soon to watch Kirsten.,Rachel's sons aren't hard work to watch Kirsten.,syntax_semantics,control_raising,tough_vs_raising_2,True,False,False,False,73,-54.362098693847656,-58.88475799560547,1
Theodore wasn't unlikely to explore the art gallery.,Theodore wasn't irritating to explore the art gallery.,syntax_semantics,control_raising,tough_vs_raising_2,True,False,False,False,74,-61.48719024658203,-63.6773567199707,1
Harvard University wasn't apt to learn who skated around all hospitals.,Harvard University wasn't unpleasant to learn who skated around all hospitals.,syntax_semantics,control_raising,tough_vs_raising_2,True,False,False,False,75,-85.06136322021484,-89.37165832519531,1
Katherine's grandmothers weren't about to remember who returns to Lissa.,Katherine's grandmothers weren't tough to remember who returns to Lissa.,syntax_semantics,control_raising,tough_vs_raising_2,True,False,False,False,76,-81.22174835205078,-83.36140441894531,1
Janet was unlikely to leave this lake.,Janet was irritating to leave this lake.,syntax_semantics,control_raising,tough_vs_raising_2,True,False,False,False,77,-45.90967559814453,-53.729774475097656,1
Aaron isn't unlikely to compel Carol's mentors to disagree.,Aaron isn't hard work to compel Carol's mentors to disagree.,syntax_semantics,control_raising,tough_vs_raising_2,True,False,False,False,78,-67.84803009033203,-74.1317138671875,1
Beverly's contractors aren't sure to aggravate Gregory.,Beverly's contractors aren't easy to aggravate Gregory.,syntax_semantics,control_raising,tough_vs_raising_2,True,False,False,False,79,-76.7283935546875,-77.77304077148438,1
Charles wasn't apt to want a lot of governments to debate.,Charles wasn't easy to want a lot of governments to debate.,syntax_semantics,control_raising,tough_vs_raising_2,True,False,False,False,80,-62.32073974609375,-59.23784637451172,0
Heather was bound to wave.,Heather was unpleasant to wave.,syntax_semantics,control_raising,tough_vs_raising_2,True,False,False,False,81,-41.954559326171875,-45.820472717285156,1
Mitchell was sure to prove to sit down.,Mitchell was fun to prove to sit down.,syntax_semantics,control_raising,tough_vs_raising_2,True,False,False,False,82,-49.40031814575195,-51.36890411376953,1
Stacey is certain to notice a lot of lamps.,Stacey is boring to notice a lot of lamps.,syntax_semantics,control_raising,tough_vs_raising_2,True,False,False,False,83,-56.37821578979492,-59.21519088745117,1
Winston Churchill was certain to kiss Eric.,Winston Churchill was tough to kiss Eric.,syntax_semantics,control_raising,tough_vs_raising_2,True,False,False,False,84,-60.61962890625,-57.90177917480469,0
Dennis isn't likely to care for guys.,Dennis isn't enjoyable to care for guys.,syntax_semantics,control_raising,tough_vs_raising_2,True,False,False,False,85,-45.39892578125,-51.1766242980957,1
Every patient's friends were bound to fail to donate.,Every patient's friends were annoying to fail to donate.,syntax_semantics,control_raising,tough_vs_raising_2,True,False,False,False,86,-57.17265319824219,-61.0826416015625,1
The muffins are apt to confuse Winston Churchill.,The muffins are boring to confuse Winston Churchill.,syntax_semantics,control_raising,tough_vs_raising_2,True,False,False,False,87,-57.695556640625,-60.44855499267578,1
Hospitals aren't bound to yearn to reference Brian.,Hospitals aren't hard to yearn to reference Brian.,syntax_semantics,control_raising,tough_vs_raising_2,True,False,False,False,88,-76.84347534179688,-78.09135437011719,1
Stephanie's dentists aren't apt to hug that man.,Stephanie's dentists aren't hard to hug that man.,syntax_semantics,control_raising,tough_vs_raising_2,True,False,False,False,89,-73.98271179199219,-70.93506622314453,0
Nina's husband was sure to lie.,Nina's husband was hard to lie.,syntax_semantics,control_raising,tough_vs_raising_2,True,False,False,False,90,-42.39917755126953,-42.564605712890625,1
Andrew's grandson wasn't apt to convince Kendra to escape from Margaret.,Andrew's grandson wasn't tough to convince Kendra to escape from Margaret.,syntax_semantics,control_raising,tough_vs_raising_2,True,False,False,False,91,-81.43099975585938,-79.50338745117188,0
Alexander's girlfriend wasn't certain to want Ronald to complain.,Alexander's girlfriend wasn't enjoyable to want Ronald to complain.,syntax_semantics,control_raising,tough_vs_raising_2,True,False,False,False,92,-69.13761901855469,-73.06160736083984,1
These actors aren't bound to question Melinda.,These actors aren't annoying to question Melinda.,syntax_semantics,control_raising,tough_vs_raising_2,True,False,False,False,93,-54.529457092285156,-57.67268371582031,1
Customers aren't apt to seem to wash.,Customers aren't enjoyable to seem to wash.,syntax_semantics,control_raising,tough_vs_raising_2,True,False,False,False,94,-44.213134765625,-48.68740463256836,1
This doctor is likely to criticize Amanda.,This doctor is difficult to criticize Amanda.,syntax_semantics,control_raising,tough_vs_raising_2,True,False,False,False,95,-42.632591247558594,-44.40780258178711,1
Regina's sons aren't about to motivate Vincent's guest to heal this boy.,Regina's sons aren't tough to motivate Vincent's guest to heal this boy.,syntax_semantics,control_raising,tough_vs_raising_2,True,False,False,False,96,-94.9676513671875,-96.98605346679688,1
Joel's tutors aren't soon to appreciate that grocery store.,Joel's tutors aren't hard work to appreciate that grocery store.,syntax_semantics,control_raising,tough_vs_raising_2,True,False,False,False,97,-70.2137451171875,-73.99874877929688,1
Kayla is certain to disturb every library.,Kayla is annoying to disturb every library.,syntax_semantics,control_raising,tough_vs_raising_2,True,False,False,False,98,-52.39266586303711,-54.82777404785156,1
Carlos isn't bound to visit Carrie.,Carlos isn't unpleasant to visit Carrie.,syntax_semantics,control_raising,tough_vs_raising_2,True,False,False,False,99,-49.40406036376953,-55.495758056640625,1
Tonya isn't likely to visit the public park.,Tonya isn't annoying to visit the public park.,syntax_semantics,control_raising,tough_vs_raising_2,True,False,False,False,100,-45.95016098022461,-51.514686584472656,1
That teenager was sure to sound like Danielle.,That teenager was boring to sound like Danielle.,syntax_semantics,control_raising,tough_vs_raising_2,True,False,False,False,101,-48.348663330078125,-53.415557861328125,1
Cynthia's colleagues aren't about to hire Lawrence.,Cynthia's colleagues aren't fun to hire Lawrence.,syntax_semantics,control_raising,tough_vs_raising_2,True,False,False,False,102,-66.79730224609375,-69.23283386230469,1
Carmen is about to sell this public park.,Carmen is easy to sell this public park.,syntax_semantics,control_raising,tough_vs_raising_2,True,False,False,False,103,-56.82923889160156,-56.10321807861328,0
Richard was about to look like the sketches.,Richard was boring to look like the sketches.,syntax_semantics,control_raising,tough_vs_raising_2,True,False,False,False,104,-38.53968048095703,-45.09789276123047,1
Galileo was unlikely to wish to sing.,Galileo was unpleasant to wish to sing.,syntax_semantics,control_raising,tough_vs_raising_2,True,False,False,False,105,-51.88243865966797,-57.664215087890625,1
Martin wasn't about to find Erin.,Martin wasn't enjoyable to find Erin.,syntax_semantics,control_raising,tough_vs_raising_2,True,False,False,False,106,-37.268096923828125,-42.22389602661133,1
Vanessa's sisters weren't certain to prod Becky's nephew to stand up.,Vanessa's sisters weren't annoying to prod Becky's nephew to stand up.,syntax_semantics,control_raising,tough_vs_raising_2,True,False,False,False,107,-89.5452880859375,-90.99960327148438,1
Monica is apt to care for Charles.,Monica is fun to care for Charles.,syntax_semantics,control_raising,tough_vs_raising_2,True,False,False,False,108,-48.1723518371582,-46.61634063720703,0
Dan's ex-wives were unlikely to confer.,Dan's ex-wives were exciting to confer.,syntax_semantics,control_raising,tough_vs_raising_2,True,False,False,False,109,-54.650753021240234,-58.1721305847168,1
Adam isn't bound to think about Deanna.,Adam isn't enjoyable to think about Deanna.,syntax_semantics,control_raising,tough_vs_raising_2,True,False,False,False,110,-40.58373260498047,-41.660980224609375,1
Marla wasn't likely to intend to weep.,Marla wasn't enjoyable to intend to weep.,syntax_semantics,control_raising,tough_vs_raising_2,True,False,False,False,111,-55.53717041015625,-61.13334655761719,1
Brett's podiatrist wasn't about to imagine some popsicle hadn't condensed.,Brett's podiatrist wasn't unpleasant to imagine some popsicle hadn't condensed.,syntax_semantics,control_raising,tough_vs_raising_2,True,False,False,False,112,-97.97727966308594,-105.06278991699219,1
Julie is about to prompt hospitals to clash.,Julie is fun to prompt hospitals to clash.,syntax_semantics,control_raising,tough_vs_raising_2,True,False,False,False,113,-60.87278747558594,-68.21843719482422,1
All schools aren't soon to collaborate.,All schools aren't boring to collaborate.,syntax_semantics,control_raising,tough_vs_raising_2,True,False,False,False,114,-43.47661209106445,-42.00030517578125,0
A boy isn't certain to come here.,A boy isn't irritating to come here.,syntax_semantics,control_raising,tough_vs_raising_2,True,False,False,False,115,-37.364444732666016,-43.68659210205078,1
Rodney wasn't about to walk through those museums.,Rodney wasn't difficult to walk through those museums.,syntax_semantics,control_raising,tough_vs_raising_2,True,False,False,False,116,-54.71543884277344,-55.53054428100586,1
All men are about to argue about Lissa.,All men are unpleasant to argue about Lissa.,syntax_semantics,control_raising,tough_vs_raising_2,True,False,False,False,117,-47.39122772216797,-56.27518081665039,1
Sherry wasn't soon to wave.,Sherry wasn't hard to wave.,syntax_semantics,control_raising,tough_vs_raising_2,True,False,False,False,118,-47.21006774902344,-41.51193618774414,0
Steve was unlikely to notice James.,Steve was exciting to notice James.,syntax_semantics,control_raising,tough_vs_raising_2,True,False,False,False,119,-34.48039245605469,-37.26569747924805,1
Kayla's dentist wasn't unlikely to reveal many hamsters.,Kayla's dentist wasn't hard to reveal many hamsters.,syntax_semantics,control_raising,tough_vs_raising_2,True,False,False,False,120,-75.16251373291016,-71.69667053222656,0
Samuel's grandfather isn't soon to declare the Borgias to mutter.,Samuel's grandfather isn't pleasant to declare the Borgias to mutter.,syntax_semantics,control_raising,tough_vs_raising_2,True,False,False,False,121,-93.96302795410156,-94.36305236816406,1
Meredith wasn't bound to oblige John to stun these drivers.,Meredith wasn't annoying to oblige John to stun these drivers.,syntax_semantics,control_raising,tough_vs_raising_2,True,False,False,False,122,-83.00658416748047,-85.07063293457031,1
Amanda is unlikely to commission Naomi to respect Deanna.,Amanda is irritating to commission Naomi to respect Deanna.,syntax_semantics,control_raising,tough_vs_raising_2,True,False,False,False,123,-76.68982696533203,-85.31726837158203,1
That actress's granddaughter was certain to confuse Alan.,That actress's granddaughter was hard to confuse Alan.,syntax_semantics,control_raising,tough_vs_raising_2,True,False,False,False,124,-63.54303741455078,-62.13393783569336,0
Rodney's tutors weren't unlikely to regret Denise can't question the waiter.,Rodney's tutors weren't interesting to regret Denise can't question the waiter.,syntax_semantics,control_raising,tough_vs_raising_2,True,False,False,False,125,-99.12040710449219,-98.5785903930664,0
Gregory wasn't apt to compromise.,Gregory wasn't interesting to compromise.,syntax_semantics,control_raising,tough_vs_raising_2,True,False,False,False,126,-43.156795501708984,-41.80432891845703,0
Cynthia wasn't soon to escape from this restaurant.,Cynthia wasn't unpleasant to escape from this restaurant.,syntax_semantics,control_raising,tough_vs_raising_2,True,False,False,False,127,-60.81517791748047,-65.16819763183594,1
Lissa isn't apt to need to help Amelia.,Lissa isn't irritating to need to help Amelia.,syntax_semantics,control_raising,tough_vs_raising_2,True,False,False,False,128,-60.20672607421875,-62.14159393310547,1
Meredith isn't certain to return to Tanya.,Meredith isn't hard work to return to Tanya.,syntax_semantics,control_raising,tough_vs_raising_2,True,False,False,False,129,-53.450355529785156,-59.815650939941406,1
A lot of cashiers are likely to communicate.,A lot of cashiers are pleasant to communicate.,syntax_semantics,control_raising,tough_vs_raising_2,True,False,False,False,130,-40.05421447753906,-47.45238494873047,1
That offspring wasn't soon to fire George.,That offspring wasn't unpleasant to fire George.,syntax_semantics,control_raising,tough_vs_raising_2,True,False,False,False,131,-56.50030517578125,-58.39640808105469,1
Every child wasn't unlikely to laugh.,Every child wasn't boring to laugh.,syntax_semantics,control_raising,tough_vs_raising_2,True,False,False,False,132,-43.05385208129883,-39.10564041137695,0
The grandfathers of Rachelle aren't certain to explore Spain.,The grandfathers of Rachelle aren't difficult to explore Spain.,syntax_semantics,control_raising,tough_vs_raising_2,True,False,False,False,133,-77.77580261230469,-75.83706665039062,0
Tiffany isn't unlikely to believe some shawl to flatten.,Tiffany isn't pleasant to believe some shawl to flatten.,syntax_semantics,control_raising,tough_vs_raising_2,True,False,False,False,134,-81.95182037353516,-83.51178741455078,1
Joel wasn't about to intend to wash.,Joel wasn't irritating to intend to wash.,syntax_semantics,control_raising,tough_vs_raising_2,True,False,False,False,135,-49.29991149902344,-57.035743713378906,1
All students' bosses were about to shout.,All students' bosses were annoying to shout.,syntax_semantics,control_raising,tough_vs_raising_2,True,False,False,False,136,-48.32676696777344,-54.42906951904297,1
Diane was apt to resemble that drawing.,Diane was boring to resemble that drawing.,syntax_semantics,control_raising,tough_vs_raising_2,True,False,False,False,137,-57.37653732299805,-60.226436614990234,1
Waitresses weren't unlikely to convince that girl's piano teachers to grin.,Waitresses weren't boring to convince that girl's piano teachers to grin.,syntax_semantics,control_raising,tough_vs_raising_2,True,False,False,False,138,-96.30740356445312,-94.63681030273438,0
The waiter wasn't bound to boycott most grocery stores.,The waiter wasn't difficult to boycott most grocery stores.,syntax_semantics,control_raising,tough_vs_raising_2,True,False,False,False,139,-67.04452514648438,-65.34154510498047,0
Cheryl's supervisors are about to communicate.,Cheryl's supervisors are unpleasant to communicate.,syntax_semantics,control_raising,tough_vs_raising_2,True,False,False,False,140,-55.94954299926758,-64.30552673339844,1
The drivers aren't bound to pass most cafes.,The drivers aren't exciting to pass most cafes.,syntax_semantics,control_raising,tough_vs_raising_2,True,False,False,False,141,-55.47847366333008,-59.31499099731445,1
Russell wasn't unlikely to know some teachers.,Russell wasn't tough to know some teachers.,syntax_semantics,control_raising,tough_vs_raising_2,True,False,False,False,142,-46.61053466796875,-43.51140594482422,0
James was apt to ask George to attack Tonya.,James was unpleasant to ask George to attack Tonya.,syntax_semantics,control_raising,tough_vs_raising_2,True,False,False,False,143,-57.488189697265625,-61.621498107910156,1
A lot of grandmothers of Allison weren't soon to imagine many carts did slow.,A lot of grandmothers of Allison weren't fun to imagine many carts did slow.,syntax_semantics,control_raising,tough_vs_raising_2,True,False,False,False,144,-112.27253723144531,-110.0450439453125,0
Robert wasn't likely to think those bananas blacken.,Robert wasn't annoying to think those bananas blacken.,syntax_semantics,control_raising,tough_vs_raising_2,True,False,False,False,145,-61.36775207519531,-64.52754211425781,1
All nieces of a lot of girls aren't unlikely to conspire.,All nieces of a lot of girls aren't interesting to conspire.,syntax_semantics,control_raising,tough_vs_raising_2,True,False,False,False,146,-79.56153869628906,-79.41453552246094,0
Sandra's French teachers aren't about to doubt a lot of patients insult all rivers.,Sandra's French teachers aren't unpleasant to doubt a lot of patients insult all rivers.,syntax_semantics,control_raising,tough_vs_raising_2,True,False,False,False,147,-103.82721710205078,-109.64891815185547,1
These committees were certain to discover who had cried.,These committees were irritating to discover who had cried.,syntax_semantics,control_raising,tough_vs_raising_2,True,False,False,False,148,-55.94269561767578,-63.03260803222656,1
Lori was certain to clean a restaurant.,Lori was boring to clean a restaurant.,syntax_semantics,control_raising,tough_vs_raising_2,True,False,False,False,149,-46.71125030517578,-51.442291259765625,1
That committee wasn't sure to chat.,That committee wasn't boring to chat.,syntax_semantics,control_raising,tough_vs_raising_2,True,False,False,False,150,-38.426246643066406,-42.776763916015625,1
Sheila isn't certain to listen to a lot of ladies.,Sheila isn't annoying to listen to a lot of ladies.,syntax_semantics,control_raising,tough_vs_raising_2,True,False,False,False,151,-55.714012145996094,-56.549869537353516,1
Carl's classmates weren't about to learn who has researched the documentary.,Carl's classmates weren't boring to learn who has researched the documentary.,syntax_semantics,control_raising,tough_vs_raising_2,True,False,False,False,152,-72.6435546875,-75.90565490722656,1
Keith's handymen were soon to wonder what had distracted Jodi.,Keith's handymen were fun to wonder what had distracted Jodi.,syntax_semantics,control_raising,tough_vs_raising_2,True,False,False,False,153,-79.18135070800781,-79.38448333740234,1
Todd was certain to compel Melanie's best friends to swallow.,Todd was unpleasant to compel Melanie's best friends to swallow.,syntax_semantics,control_raising,tough_vs_raising_2,True,False,False,False,154,-64.63798522949219,-71.29682922363281,1
The Balkans weren't apt to stun Liam.,The Balkans weren't hard work to stun Liam.,syntax_semantics,control_raising,tough_vs_raising_2,True,False,False,False,155,-62.54641342163086,-66.03073120117188,1
Derek isn't soon to remember what have negotiated.,Derek isn't pleasant to remember what have negotiated.,syntax_semantics,control_raising,tough_vs_raising_2,True,False,False,False,156,-68.63333129882812,-65.9461669921875,0
Patrick isn't bound to complain.,Patrick isn't unpleasant to complain.,syntax_semantics,control_raising,tough_vs_raising_2,True,False,False,False,157,-29.715145111083984,-33.75712966918945,1
Linda isn't certain to say Homer can plan to criticize that waitress.,Linda isn't enjoyable to say Homer can plan to criticize that waitress.,syntax_semantics,control_raising,tough_vs_raising_2,True,False,False,False,158,-94.81428527832031,-99.65930938720703,1
Galileo is certain to implore Jerry to visit the cafes.,Galileo is unpleasant to implore Jerry to visit the cafes.,syntax_semantics,control_raising,tough_vs_raising_2,True,False,False,False,159,-86.83345794677734,-90.23304748535156,1
Robert was likely to attempt to struggle.,Robert was pleasant to attempt to struggle.,syntax_semantics,control_raising,tough_vs_raising_2,True,False,False,False,160,-31.876548767089844,-40.14652633666992,1
Joseph was likely to ascertain Jane to argue about Craig.,Joseph was hard work to ascertain Jane to argue about Craig.,syntax_semantics,control_raising,tough_vs_raising_2,True,False,False,False,161,-63.395042419433594,-71.31733703613281,1
A friend of Christine wasn't likely to grin.,A friend of Christine wasn't easy to grin.,syntax_semantics,control_raising,tough_vs_raising_2,True,False,False,False,162,-54.13932418823242,-53.192649841308594,0
This commentary about current events is likely to distract Bradley.,This commentary about current events is boring to distract Bradley.,syntax_semantics,control_raising,tough_vs_raising_2,True,False,False,False,163,-64.876220703125,-74.49551391601562,1
Ellen is unlikely to wave.,Ellen is boring to wave.,syntax_semantics,control_raising,tough_vs_raising_2,True,False,False,False,164,-35.2674446105957,-39.98889923095703,1
Kenneth is about to tempt Bill to bore some senator.,Kenneth is annoying to tempt Bill to bore some senator.,syntax_semantics,control_raising,tough_vs_raising_2,True,False,False,False,165,-76.79994201660156,-85.31427001953125,1
Katherine's girlfriend wasn't about to expect Douglas to shout.,Katherine's girlfriend wasn't pleasant to expect Douglas to shout.,syntax_semantics,control_raising,tough_vs_raising_2,True,False,False,False,166,-67.82676696777344,-72.83174896240234,1
Laurie's ex-husband isn't certain to judge this skateboard to steer.,Laurie's ex-husband isn't fun to judge this skateboard to steer.,syntax_semantics,control_raising,tough_vs_raising_2,True,False,False,False,167,-96.01080322265625,-93.86080932617188,0
The cars are likely to bore Victoria.,The cars are tough to bore Victoria.,syntax_semantics,control_raising,tough_vs_raising_2,True,False,False,False,168,-43.8389778137207,-45.60088348388672,1
Theodore's associates weren't bound to admire this pasta.,Theodore's associates weren't enjoyable to admire this pasta.,syntax_semantics,control_raising,tough_vs_raising_2,True,False,False,False,169,-71.73560333251953,-74.45655822753906,1
Those doctors weren't about to wear the shirts.,Those doctors weren't exciting to wear the shirts.,syntax_semantics,control_raising,tough_vs_raising_2,True,False,False,False,170,-46.77410125732422,-51.780174255371094,1
This teacher isn't about to drop by a lot of banks.,This teacher isn't tough to drop by a lot of banks.,syntax_semantics,control_raising,tough_vs_raising_2,True,False,False,False,171,-57.4296875,-59.4951286315918,1
Sarah wasn't soon to examine some story.,Sarah wasn't easy to examine some story.,syntax_semantics,control_raising,tough_vs_raising_2,True,False,False,False,172,-46.536712646484375,-42.63090515136719,0
Every association is unlikely to chat.,Every association is enjoyable to chat.,syntax_semantics,control_raising,tough_vs_raising_2,True,False,False,False,173,-36.32735061645508,-36.29867172241211,0
This nucleus was sure to resemble that print.,This nucleus was hard work to resemble that print.,syntax_semantics,control_raising,tough_vs_raising_2,True,False,False,False,174,-55.08649444580078,-63.84752655029297,1
Dan isn't unlikely to neglect to compromise.,Dan isn't exciting to neglect to compromise.,syntax_semantics,control_raising,tough_vs_raising_2,True,False,False,False,175,-45.29402160644531,-44.52007293701172,0
Gina wasn't bound to propose to shock Karla.,Gina wasn't difficult to propose to shock Karla.,syntax_semantics,control_raising,tough_vs_raising_2,True,False,False,False,176,-73.2992935180664,-69.06588745117188,0
Who was unlikely to fire Heidi.,Who was hard work to fire Heidi.,syntax_semantics,control_raising,tough_vs_raising_2,True,False,False,False,177,-39.54108810424805,-46.19434356689453,1
Amanda was bound to stun Julie.,Amanda was boring to stun Julie.,syntax_semantics,control_raising,tough_vs_raising_2,True,False,False,False,178,-49.91472625732422,-56.71626281738281,1
Melanie is bound to hire Jason.,Melanie is pleasant to hire Jason.,syntax_semantics,control_raising,tough_vs_raising_2,True,False,False,False,179,-45.61436462402344,-50.06072998046875,1
Many cashiers aren't about to convince Rebecca to move.,Many cashiers aren't hard work to convince Rebecca to move.,syntax_semantics,control_raising,tough_vs_raising_2,True,False,False,False,180,-62.63477325439453,-68.61883544921875,1
Deborah's podiatrists aren't about to ask James to shrug.,Deborah's podiatrists aren't exciting to ask James to shrug.,syntax_semantics,control_raising,tough_vs_raising_2,True,False,False,False,181,-77.73876953125,-82.13616943359375,1
Florence's ex-husband wasn't soon to look to blacken.,Florence's ex-husband wasn't pleasant to look to blacken.,syntax_semantics,control_raising,tough_vs_raising_2,True,False,False,False,182,-81.32395935058594,-82.79635620117188,1
Becky's associates weren't sure to nod.,Becky's associates weren't hard to nod.,syntax_semantics,control_raising,tough_vs_raising_2,True,False,False,False,183,-50.31717300415039,-50.87940216064453,1
Ellen's grandfathers were unlikely to watch Marcus.,Ellen's grandfathers were interesting to watch Marcus.,syntax_semantics,control_raising,tough_vs_raising_2,True,False,False,False,184,-62.48997497558594,-62.06447982788086,0
The door was soon to distract Victoria.,The door was enjoyable to distract Victoria.,syntax_semantics,control_raising,tough_vs_raising_2,True,False,False,False,185,-46.59490203857422,-49.926109313964844,1
Marcus was about to dislike Valerie.,Marcus was unpleasant to dislike Valerie.,syntax_semantics,control_raising,tough_vs_raising_2,True,False,False,False,186,-38.770198822021484,-44.985008239746094,1
Tina's electrician was soon to regret Eric suffered.,Tina's electrician was fun to regret Eric suffered.,syntax_semantics,control_raising,tough_vs_raising_2,True,False,False,False,187,-78.60737609863281,-80.21236419677734,1
Erin wasn't certain to respect Paula.,Erin wasn't enjoyable to respect Paula.,syntax_semantics,control_raising,tough_vs_raising_2,True,False,False,False,188,-49.33209228515625,-52.34157180786133,1
Renee wasn't bound to take a closet.,Renee wasn't unpleasant to take a closet.,syntax_semantics,control_raising,tough_vs_raising_2,True,False,False,False,189,-48.252933502197266,-52.84113693237305,1
Erin's son is soon to predict the Clintons to examine those commentaries.,Erin's son is irritating to predict the Clintons to examine those commentaries.,syntax_semantics,control_raising,tough_vs_raising_2,True,False,False,False,190,-85.80717468261719,-92.09832763671875,1
Sabrina isn't unlikely to attempt to love a lot of students.,Sabrina isn't boring to attempt to love a lot of students.,syntax_semantics,control_raising,tough_vs_raising_2,True,False,False,False,191,-66.35083770751953,-66.45903015136719,1
Homer isn't sure to entreat Rachelle to discover that cucumber.,Homer isn't difficult to entreat Rachelle to discover that cucumber.,syntax_semantics,control_raising,tough_vs_raising_2,True,False,False,False,192,-90.66956329345703,-88.89930725097656,0
A government was unlikely to commission Matt's best friend to sigh.,A government was exciting to commission Matt's best friend to sigh.,syntax_semantics,control_raising,tough_vs_raising_2,True,False,False,False,193,-79.45292663574219,-83.58049011230469,1
Marie isn't sure to entreat Steven to ascend the hills.,Marie isn't boring to entreat Steven to ascend the hills.,syntax_semantics,control_raising,tough_vs_raising_2,True,False,False,False,194,-70.92611694335938,-73.82063293457031,1
Liam was unlikely to forget Kristin.,Liam was hard to forget Kristin.,syntax_semantics,control_raising,tough_vs_raising_2,True,False,False,False,195,-47.677303314208984,-46.31074523925781,0
Laurie's hairdresser isn't about to disagree.,Laurie's hairdresser isn't pleasant to disagree.,syntax_semantics,control_raising,tough_vs_raising_2,True,False,False,False,196,-59.564613342285156,-62.64216232299805,1
Nina's best friends weren't certain to communicate.,Nina's best friends weren't easy to communicate.,syntax_semantics,control_raising,tough_vs_raising_2,True,False,False,False,197,-53.74365234375,-48.508785247802734,0
Ronald wasn't about to imagine Robert is thinking about who had boasted about this waiter.,Ronald wasn't exciting to imagine Robert is thinking about who had boasted about this waiter.,syntax_semantics,control_raising,tough_vs_raising_2,True,False,False,False,198,-101.74640655517578,-107.62399291992188,1
Emily is certain to cry.,Emily is annoying to cry.,syntax_semantics,control_raising,tough_vs_raising_2,True,False,False,False,199,-26.026330947875977,-27.229358673095703,1
Kirsten was bound to advise the doctor to cheer.,Kirsten was enjoyable to advise the doctor to cheer.,syntax_semantics,control_raising,tough_vs_raising_2,True,False,False,False,200,-68.73423767089844,-71.94993591308594,1
Helen was about to weep.,Helen was easy to weep.,syntax_semantics,control_raising,tough_vs_raising_2,True,False,False,False,201,-30.316518783569336,-31.676742553710938,1
Some legislature is unlikely to interact.,Some legislature is enjoyable to interact.,syntax_semantics,control_raising,tough_vs_raising_2,True,False,False,False,202,-36.595672607421875,-42.657073974609375,1
A lot of nieces of Cheryl are sure to confer.,A lot of nieces of Cheryl are irritating to confer.,syntax_semantics,control_raising,tough_vs_raising_2,True,False,False,False,203,-71.57628631591797,-77.50067138671875,1
Most grandsons of Lawrence are soon to heal most waitresses.,Most grandsons of Lawrence are annoying to heal most waitresses.,syntax_semantics,control_raising,tough_vs_raising_2,True,False,False,False,204,-82.32882690429688,-85.92398071289062,1
Debra isn't likely to attempt to play.,Debra isn't unpleasant to attempt to play.,syntax_semantics,control_raising,tough_vs_raising_2,True,False,False,False,205,-40.76206970214844,-50.010986328125,1
Teresa is sure to reveal these slopes.,Teresa is fun to reveal these slopes.,syntax_semantics,control_raising,tough_vs_raising_2,True,False,False,False,206,-49.10533142089844,-52.59453582763672,1
Ladies weren't certain to notice Melinda.,Ladies weren't hard work to notice Melinda.,syntax_semantics,control_raising,tough_vs_raising_2,True,False,False,False,207,-59.53932189941406,-66.06678009033203,1
Brett isn't likely to wear this hat.,Brett isn't easy to wear this hat.,syntax_semantics,control_raising,tough_vs_raising_2,True,False,False,False,208,-46.15732955932617,-44.972015380859375,0
Most prints of that cart weren't about to look like these eyes.,Most prints of that cart weren't easy to look like these eyes.,syntax_semantics,control_raising,tough_vs_raising_2,True,False,False,False,209,-72.46709442138672,-71.27734375,0
Tiffany's handyman isn't certain to believe Karen to spin around.,Tiffany's handyman isn't enjoyable to believe Karen to spin around.,syntax_semantics,control_raising,tough_vs_raising_2,True,False,False,False,210,-91.88543701171875,-94.5019302368164,1
Gary's boyfriend isn't apt to boast about Gregory.,Gary's boyfriend isn't irritating to boast about Gregory.,syntax_semantics,control_raising,tough_vs_raising_2,True,False,False,False,211,-59.33332443237305,-62.80333709716797,1
Monet was likely to hire Winston Churchill.,Monet was irritating to hire Winston Churchill.,syntax_semantics,control_raising,tough_vs_raising_2,True,False,False,False,212,-51.93916320800781,-61.02721405029297,1
Walter wasn't sure to scan the movies.,Walter wasn't tough to scan the movies.,syntax_semantics,control_raising,tough_vs_raising_2,True,False,False,False,213,-46.78133010864258,-50.144371032714844,1
Rachelle's grandfathers were about to clash.,Rachelle's grandfathers were annoying to clash.,syntax_semantics,control_raising,tough_vs_raising_2,True,False,False,False,214,-53.87763595581055,-60.87940979003906,1
Danielle's girlfriend was certain to wonder who left.,Danielle's girlfriend was difficult to wonder who left.,syntax_semantics,control_raising,tough_vs_raising_2,True,False,False,False,215,-57.26572036743164,-57.19148635864258,0
Most grandsons of all pedestrians are unlikely to prod James to resemble many sketches.,Most grandsons of all pedestrians are unpleasant to prod James to resemble many sketches.,syntax_semantics,control_raising,tough_vs_raising_2,True,False,False,False,216,-103.28570556640625,-110.08148193359375,1
Bradley's best friend was unlikely to disagree with Margaret.,Bradley's best friend was hard to disagree with Margaret.,syntax_semantics,control_raising,tough_vs_raising_2,True,False,False,False,217,-58.66379928588867,-55.6737174987793,0
The Impressionists are apt to communicate.,The Impressionists are hard work to communicate.,syntax_semantics,control_raising,tough_vs_raising_2,True,False,False,False,218,-40.379310607910156,-47.147216796875,1
A lot of sons of Beverly were likely to drive to every lake.,A lot of sons of Beverly were hard work to drive to every lake.,syntax_semantics,control_raising,tough_vs_raising_2,True,False,False,False,219,-78.16696166992188,-86.84759521484375,1
Veronica's grandson is likely to declare Tina to flee from Becca.,Veronica's grandson is tough to declare Tina to flee from Becca.,syntax_semantics,control_raising,tough_vs_raising_2,True,False,False,False,220,-85.70693969726562,-89.36373901367188,1
Melinda's nephew wasn't soon to believe Tamara to go to this closet.,Melinda's nephew wasn't hard work to believe Tamara to go to this closet.,syntax_semantics,control_raising,tough_vs_raising_2,True,False,False,False,221,-91.38153076171875,-97.81959533691406,1
Vincent wasn't sure to hurt Ronald.,Vincent wasn't irritating to hurt Ronald.,syntax_semantics,control_raising,tough_vs_raising_2,True,False,False,False,222,-56.291748046875,-62.76783752441406,1
Some organizations were sure to entreat some niece of Diana to cook.,Some organizations were unpleasant to entreat some niece of Diana to cook.,syntax_semantics,control_raising,tough_vs_raising_2,True,False,False,False,223,-83.1663818359375,-91.11090087890625,1
Becca wasn't certain to shrug.,Becca wasn't annoying to shrug.,syntax_semantics,control_raising,tough_vs_raising_2,True,False,False,False,224,-48.21162796020508,-50.30303192138672,1
Noah's hairdressers weren't unlikely to sway Marie to know some waiter.,Noah's hairdressers weren't unpleasant to sway Marie to know some waiter.,syntax_semantics,control_raising,tough_vs_raising_2,True,False,False,False,225,-110.06888580322266,-115.24024963378906,1
A patient's dentists were apt to run around the banks.,A patient's dentists were exciting to run around the banks.,syntax_semantics,control_raising,tough_vs_raising_2,True,False,False,False,226,-59.272430419921875,-62.478267669677734,1
Elaine's ex-boyfriends are apt to chat.,Elaine's ex-boyfriends are enjoyable to chat.,syntax_semantics,control_raising,tough_vs_raising_2,True,False,False,False,227,-64.4478759765625,-65.3878173828125,1
Melissa is about to look to grow.,Melissa is difficult to look to grow.,syntax_semantics,control_raising,tough_vs_raising_2,True,False,False,False,228,-38.607078552246094,-42.316558837890625,1
Diane isn't about to hide Cindy.,Diane isn't hard to hide Cindy.,syntax_semantics,control_raising,tough_vs_raising_2,True,False,False,False,229,-49.229522705078125,-49.182708740234375,0
Susan's father wasn't apt to judge Ellen to cough.,Susan's father wasn't pleasant to judge Ellen to cough.,syntax_semantics,control_raising,tough_vs_raising_2,True,False,False,False,230,-65.52845764160156,-66.3176040649414,1
Most ladies aren't likely to listen to the waiter.,Most ladies aren't pleasant to listen to the waiter.,syntax_semantics,control_raising,tough_vs_raising_2,True,False,False,False,231,-48.202354431152344,-53.13624572753906,1
Caroline isn't soon to dislike Angela.,Caroline isn't tough to dislike Angela.,syntax_semantics,control_raising,tough_vs_raising_2,True,False,False,False,232,-55.831398010253906,-49.868648529052734,0
Galileo isn't about to like to train.,Galileo isn't pleasant to like to train.,syntax_semantics,control_raising,tough_vs_raising_2,True,False,False,False,233,-52.92926025390625,-57.44227600097656,1
Donald isn't about to manage to litter.,Donald isn't hard to manage to litter.,syntax_semantics,control_raising,tough_vs_raising_2,True,False,False,False,234,-42.496917724609375,-41.293182373046875,0
Sherry is likely to scan a story.,Sherry is enjoyable to scan a story.,syntax_semantics,control_raising,tough_vs_raising_2,True,False,False,False,235,-45.04613494873047,-50.4866828918457,1
Most friends of Laurie were certain to know Russell.,Most friends of Laurie were tough to know Russell.,syntax_semantics,control_raising,tough_vs_raising_2,True,False,False,False,236,-58.71515655517578,-59.789913177490234,1
Joseph wasn't likely to weep.,Joseph wasn't tough to weep.,syntax_semantics,control_raising,tough_vs_raising_2,True,False,False,False,237,-31.432422637939453,-32.34698486328125,1
Angela's contractors were about to disagree.,Angela's contractors were hard work to disagree.,syntax_semantics,control_raising,tough_vs_raising_2,True,False,False,False,238,-52.612674713134766,-63.058021545410156,1
This pedestrian wasn't about to continue to like those shoes.,This pedestrian wasn't boring to continue to like those shoes.,syntax_semantics,control_raising,tough_vs_raising_2,True,False,False,False,239,-67.0428237915039,-69.68064880371094,1
The teenager wasn't soon to conceal every teenager.,The teenager wasn't hard to conceal every teenager.,syntax_semantics,control_raising,tough_vs_raising_2,True,False,False,False,240,-58.15637969970703,-53.440696716308594,0
Becca wasn't likely to hide some box.,Becca wasn't boring to hide some box.,syntax_semantics,control_raising,tough_vs_raising_2,True,False,False,False,241,-54.540626525878906,-58.11219787597656,1
Chad's guests are apt to like many lakes.,Chad's guests are hard work to like many lakes.,syntax_semantics,control_raising,tough_vs_raising_2,True,False,False,False,242,-60.28319549560547,-69.6570816040039,1
Walter was likely to notice the plate.,Walter was interesting to notice the plate.,syntax_semantics,control_raising,tough_vs_raising_2,True,False,False,False,243,-41.365928649902344,-44.909969329833984,1
Julia was apt to discover the universities to chat.,Julia was enjoyable to discover the universities to chat.,syntax_semantics,control_raising,tough_vs_raising_2,True,False,False,False,244,-60.11515808105469,-59.71921920776367,0
Many commentaries are bound to irritate Rose.,Many commentaries are exciting to irritate Rose.,syntax_semantics,control_raising,tough_vs_raising_2,True,False,False,False,245,-53.456390380859375,-59.54052734375,1
The Lutherans are unlikely to encourage Sonia to scan most commentaries.,The Lutherans are boring to encourage Sonia to scan most commentaries.,syntax_semantics,control_raising,tough_vs_raising_2,True,False,False,False,246,-87.63155364990234,-96.23249816894531,1
Every daughter of Rebecca was about to badger Sally's grandmother to smile.,Every daughter of Rebecca was tough to badger Sally's grandmother to smile.,syntax_semantics,control_raising,tough_vs_raising_2,True,False,False,False,247,-90.72462463378906,-95.47359466552734,1
Bill wasn't bound to explain Christina shouldn't distract Beth.,Bill wasn't tough to explain Christina shouldn't distract Beth.,syntax_semantics,control_raising,tough_vs_raising_2,True,False,False,False,248,-73.00794982910156,-71.5643539428711,0
Every grandson of this guy wasn't bound to discover all reports.,Every grandson of this guy wasn't enjoyable to discover all reports.,syntax_semantics,control_raising,tough_vs_raising_2,True,False,False,False,249,-70.86447143554688,-73.06201171875,1
Sally's fathers were certain to compete.,Sally's fathers were tough to compete.,syntax_semantics,control_raising,tough_vs_raising_2,True,False,False,False,250,-54.049049377441406,-54.14946365356445,1
Richard isn't soon to intend to break most couches.,Richard isn't boring to intend to break most couches.,syntax_semantics,control_raising,tough_vs_raising_2,True,False,False,False,251,-63.40613555908203,-60.579246520996094,0
The student's father isn't soon to weep.,The student's father isn't hard work to weep.,syntax_semantics,control_raising,tough_vs_raising_2,True,False,False,False,252,-51.73959732055664,-56.09909439086914,1
Associations weren't certain to chat.,Associations weren't enjoyable to chat.,syntax_semantics,control_raising,tough_vs_raising_2,True,False,False,False,253,-48.42867660522461,-48.84175109863281,1
Catherine was soon to commission Omar to appear.,Catherine was unpleasant to commission Omar to appear.,syntax_semantics,control_raising,tough_vs_raising_2,True,False,False,False,254,-65.52041625976562,-71.81145477294922,1
Many boys' spouse isn't about to fall asleep.,Many boys' spouse isn't boring to fall asleep.,syntax_semantics,control_raising,tough_vs_raising_2,True,False,False,False,255,-48.7209587097168,-52.67018508911133,1
Naomi was certain to embarrass Jesus.,Naomi was enjoyable to embarrass Jesus.,syntax_semantics,control_raising,tough_vs_raising_2,True,False,False,False,256,-46.58436965942383,-49.3948860168457,1
Ann is soon to want this mushroom to ripen.,Ann is interesting to want this mushroom to ripen.,syntax_semantics,control_raising,tough_vs_raising_2,True,False,False,False,257,-52.543853759765625,-52.830345153808594,1
Some drawing isn't soon to shock Carmen.,Some drawing isn't hard work to shock Carmen.,syntax_semantics,control_raising,tough_vs_raising_2,True,False,False,False,258,-60.64469528198242,-64.05084228515625,1
The Lutherans were about to buy those carriages.,The Lutherans were interesting to buy those carriages.,syntax_semantics,control_raising,tough_vs_raising_2,True,False,False,False,259,-60.72343444824219,-65.87030029296875,1
Ruth wasn't apt to encourage Benjamin to argue.,Ruth wasn't irritating to encourage Benjamin to argue.,syntax_semantics,control_raising,tough_vs_raising_2,True,False,False,False,260,-65.92111206054688,-67.96347045898438,1
Stephen's French teachers were certain to reveal a lot of art galleries.,Stephen's French teachers were fun to reveal a lot of art galleries.,syntax_semantics,control_raising,tough_vs_raising_2,True,False,False,False,261,-67.7384033203125,-67.51778411865234,0
Lori's mothers were sure to believe that lamp to brighten.,Lori's mothers were difficult to believe that lamp to brighten.,syntax_semantics,control_raising,tough_vs_raising_2,True,False,False,False,262,-76.72549438476562,-77.35198211669922,1
Derek isn't certain to cry.,Derek isn't hard work to cry.,syntax_semantics,control_raising,tough_vs_raising_2,True,False,False,False,263,-42.69096374511719,-49.06181335449219,1
George's fathers are unlikely to think about who complain.,George's fathers are hard to think about who complain.,syntax_semantics,control_raising,tough_vs_raising_2,True,False,False,False,264,-53.52989196777344,-51.953338623046875,0
Kenneth's mother isn't apt to go fishing.,Kenneth's mother isn't easy to go fishing.,syntax_semantics,control_raising,tough_vs_raising_2,True,False,False,False,265,-53.41414260864258,-49.00855255126953,0
Alexander was likely to fall.,Alexander was difficult to fall.,syntax_semantics,control_raising,tough_vs_raising_2,True,False,False,False,266,-20.87533187866211,-23.67218780517578,1
Rhonda isn't unlikely to forget what hadn't brightened.,Rhonda isn't enjoyable to forget what hadn't brightened.,syntax_semantics,control_raising,tough_vs_raising_2,True,False,False,False,267,-65.5224380493164,-67.38745880126953,1
Keith wasn't about to attack Allison.,Keith wasn't difficult to attack Allison.,syntax_semantics,control_raising,tough_vs_raising_2,True,False,False,False,268,-40.77803039550781,-41.35847091674805,1
Chad is about to need that child to hire Mitchell.,Chad is fun to need that child to hire Mitchell.,syntax_semantics,control_raising,tough_vs_raising_2,True,False,False,False,269,-67.74946594238281,-71.38778686523438,1
Joel's contractor was soon to force Rhonda to boycott the committees.,Joel's contractor was tough to force Rhonda to boycott the committees.,syntax_semantics,control_raising,tough_vs_raising_2,True,False,False,False,270,-89.80095672607422,-91.42472839355469,1
Women's sisters aren't bound to forget about who was convincing Brenda to slump over.,Women's sisters aren't boring to forget about who was convincing Brenda to slump over.,syntax_semantics,control_raising,tough_vs_raising_2,True,False,False,False,271,-96.52836608886719,-98.34569549560547,1
Denise was soon to induce a lot of guests to fire Curtis.,Denise was irritating to induce a lot of guests to fire Curtis.,syntax_semantics,control_raising,tough_vs_raising_2,True,False,False,False,272,-77.28811645507812,-82.14730834960938,1
Jerry was sure to scare Amanda.,Jerry was hard to scare Amanda.,syntax_semantics,control_raising,tough_vs_raising_2,True,False,False,False,273,-35.722984313964844,-36.26654052734375,1
Patients weren't certain to pass many schools.,Patients weren't irritating to pass many schools.,syntax_semantics,control_raising,tough_vs_raising_2,True,False,False,False,274,-53.0257568359375,-56.64415740966797,1
The mother of Marla wasn't bound to implore Rose to confuse Peter.,The mother of Marla wasn't easy to implore Rose to confuse Peter.,syntax_semantics,control_raising,tough_vs_raising_2,True,False,False,False,275,-91.63441467285156,-88.14576721191406,0
Peter was about to propose to look like the sketches.,Peter was easy to propose to look like the sketches.,syntax_semantics,control_raising,tough_vs_raising_2,True,False,False,False,276,-52.888755798339844,-51.61265182495117,0
Those students aren't unlikely to find out who reveal those casseroles.,Those students aren't unpleasant to find out who reveal those casseroles.,syntax_semantics,control_raising,tough_vs_raising_2,True,False,False,False,277,-76.14142608642578,-80.84098815917969,1
The Borgias weren't bound to boast about Lissa.,The Borgias weren't fun to boast about Lissa.,syntax_semantics,control_raising,tough_vs_raising_2,True,False,False,False,278,-72.42109680175781,-72.37324523925781,0
That offspring is certain to oblige Laura to see Linda.,That offspring is interesting to oblige Laura to see Linda.,syntax_semantics,control_raising,tough_vs_raising_2,True,False,False,False,279,-69.79609680175781,-69.62100219726562,0
That doctor was apt to die.,That doctor was fun to die.,syntax_semantics,control_raising,tough_vs_raising_2,True,False,False,False,280,-36.072391510009766,-37.31359100341797,1
The photographs of some ice are certain to alarm Leslie.,The photographs of some ice are pleasant to alarm Leslie.,syntax_semantics,control_raising,tough_vs_raising_2,True,False,False,False,281,-77.56988525390625,-78.0814208984375,1
Sheila was likely to bring that light.,Sheila was boring to bring that light.,syntax_semantics,control_raising,tough_vs_raising_2,True,False,False,False,282,-41.40129089355469,-49.07081604003906,1
A waiter isn't likely to examine some essay.,A waiter isn't easy to examine some essay.,syntax_semantics,control_raising,tough_vs_raising_2,True,False,False,False,283,-57.16609573364258,-56.109527587890625,0
Steve's dermatologists were sure to retaliate.,Steve's dermatologists were easy to retaliate.,syntax_semantics,control_raising,tough_vs_raising_2,True,False,False,False,284,-45.25347900390625,-46.257659912109375,1
Becca wasn't likely to investigate what stretches.,Becca wasn't hard to investigate what stretches.,syntax_semantics,control_raising,tough_vs_raising_2,True,False,False,False,285,-58.39452362060547,-57.67280197143555,0
Melissa isn't apt to appear to donate.,Melissa isn't tough to appear to donate.,syntax_semantics,control_raising,tough_vs_raising_2,True,False,False,False,286,-53.58623504638672,-51.07110595703125,0
These cousins of all pedestrians are apt to work hard.,These cousins of all pedestrians are exciting to work hard.,syntax_semantics,control_raising,tough_vs_raising_2,True,False,False,False,287,-62.184513092041016,-63.00261306762695,1
Some oxen are unlikely to descend ladders.,Some oxen are enjoyable to descend ladders.,syntax_semantics,control_raising,tough_vs_raising_2,True,False,False,False,288,-56.88938903808594,-63.53401565551758,1
That grandson of Samuel is sure to skate around every bank.,That grandson of Samuel is fun to skate around every bank.,syntax_semantics,control_raising,tough_vs_raising_2,True,False,False,False,289,-65.90868377685547,-70.11726379394531,1
Stephen's podiatrists weren't bound to disagree with that newspaper article.,Stephen's podiatrists weren't difficult to disagree with that newspaper article.,syntax_semantics,control_raising,tough_vs_raising_2,True,False,False,False,290,-72.3183822631836,-71.90491485595703,0
Sharon was likely to skate around that bank.,Sharon was enjoyable to skate around that bank.,syntax_semantics,control_raising,tough_vs_raising_2,True,False,False,False,291,-53.51659393310547,-59.233646392822266,1
Veronica's boyfriend wasn't certain to consider many pedestrians to escape.,Veronica's boyfriend wasn't irritating to consider many pedestrians to escape.,syntax_semantics,control_raising,tough_vs_raising_2,True,False,False,False,292,-83.80696105957031,-89.55510711669922,1
That axis wasn't bound to embarrass Paul.,That axis wasn't annoying to embarrass Paul.,syntax_semantics,control_raising,tough_vs_raising_2,True,False,False,False,293,-54.569618225097656,-56.68217086791992,1
Kristin's oncologist wasn't apt to discover the teachers to embrace.,Kristin's oncologist wasn't hard work to discover the teachers to embrace.,syntax_semantics,control_raising,tough_vs_raising_2,True,False,False,False,294,-87.16752624511719,-91.47101593017578,1
Clyde wasn't sure to dare Pamela to fall asleep.,Clyde wasn't unpleasant to dare Pamela to fall asleep.,syntax_semantics,control_raising,tough_vs_raising_2,True,False,False,False,295,-71.47533416748047,-78.3539047241211,1
Some mothers of Brad aren't sure to chat.,Some mothers of Brad aren't fun to chat.,syntax_semantics,control_raising,tough_vs_raising_2,True,False,False,False,296,-57.305145263671875,-59.44750213623047,1
Jesus is sure to find Carl to leave this waitress.,Jesus is boring to find Carl to leave this waitress.,syntax_semantics,control_raising,tough_vs_raising_2,True,False,False,False,297,-59.88606262207031,-66.55327606201172,1
Rhonda isn't soon to observe Tammy.,Rhonda isn't fun to observe Tammy.,syntax_semantics,control_raising,tough_vs_raising_2,True,False,False,False,298,-58.494773864746094,-52.740509033203125,0
Guy's senators aren't about to explain Laura wasn't passing those museums.,Guy's senators aren't boring to explain Laura wasn't passing those museums.,syntax_semantics,control_raising,tough_vs_raising_2,True,False,False,False,299,-93.14552307128906,-97.31535339355469,1
Christopher was soon to long to approach all waitresses.,Christopher was hard to long to approach all waitresses.,syntax_semantics,control_raising,tough_vs_raising_2,True,False,False,False,300,-68.00887298583984,-66.86375427246094,0
Melissa was likely to learn who isn't requiring Harvard University to work with Sheila.,Melissa was tough to learn who isn't requiring Harvard University to work with Sheila.,syntax_semantics,control_raising,tough_vs_raising_2,True,False,False,False,301,-91.59506225585938,-92.21211242675781,1
Ladies weren't apt to disagree with Debra.,Ladies weren't hard work to disagree with Debra.,syntax_semantics,control_raising,tough_vs_raising_2,True,False,False,False,302,-57.393775939941406,-65.32060241699219,1
Lawrence is bound to look like many prints.,Lawrence is hard to look like many prints.,syntax_semantics,control_raising,tough_vs_raising_2,True,False,False,False,303,-53.8994140625,-53.137420654296875,0
The actors' students are certain to entice Winston Churchill's niece to upset Diane.,The actors' students are irritating to entice Winston Churchill's niece to upset Diane.,syntax_semantics,control_raising,tough_vs_raising_2,True,False,False,False,304,-105.31700134277344,-108.90070343017578,1
Brad is apt to love Sabrina.,Brad is difficult to love Sabrina.,syntax_semantics,control_raising,tough_vs_raising_2,True,False,False,False,305,-38.75434494018555,-37.798805236816406,0
Gerald was about to sway Anna to bother Martha.,Gerald was annoying to sway Anna to bother Martha.,syntax_semantics,control_raising,tough_vs_raising_2,True,False,False,False,306,-71.37545013427734,-75.6700439453125,1
Some person was sure to litter.,Some person was unpleasant to litter.,syntax_semantics,control_raising,tough_vs_raising_2,True,False,False,False,307,-39.01925277709961,-42.85833740234375,1
Candice wasn't apt to leave Charles.,Candice wasn't annoying to leave Charles.,syntax_semantics,control_raising,tough_vs_raising_2,True,False,False,False,308,-48.866485595703125,-50.146636962890625,1
Anne's brothers are sure to cope.,Anne's brothers are hard to cope.,syntax_semantics,control_raising,tough_vs_raising_2,True,False,False,False,309,-35.34311294555664,-32.57524108886719,0
This grandson of Gina wasn't soon to wave.,This grandson of Gina wasn't irritating to wave.,syntax_semantics,control_raising,tough_vs_raising_2,True,False,False,False,310,-61.448692321777344,-64.53120422363281,1
Roger's hairdresser isn't likely to sway some guy to study.,Roger's hairdresser isn't pleasant to sway some guy to study.,syntax_semantics,control_raising,tough_vs_raising_2,True,False,False,False,311,-71.18799591064453,-77.584716796875,1
Valerie wasn't certain to skate around these hills.,Valerie wasn't enjoyable to skate around these hills.,syntax_semantics,control_raising,tough_vs_raising_2,True,False,False,False,312,-59.08317184448242,-61.121360778808594,1
Eva's hairdressers weren't apt to work hard.,Eva's hairdressers weren't boring to work hard.,syntax_semantics,control_raising,tough_vs_raising_2,True,False,False,False,313,-53.52414321899414,-53.11961364746094,0
Cynthia was sure to see libraries.,Cynthia was exciting to see libraries.,syntax_semantics,control_raising,tough_vs_raising_2,True,False,False,False,314,-49.270294189453125,-51.13221740722656,1
Nieces of Craig are about to force all men to respect that library.,Nieces of Craig are irritating to force all men to respect that library.,syntax_semantics,control_raising,tough_vs_raising_2,True,False,False,False,315,-92.44120788574219,-103.39628601074219,1
Most nephews of the Clintons weren't about to explore that public park.,Most nephews of the Clintons weren't boring to explore that public park.,syntax_semantics,control_raising,tough_vs_raising_2,True,False,False,False,316,-77.38417053222656,-82.24652099609375,1
Paul was bound to praise Diana.,Paul was tough to praise Diana.,syntax_semantics,control_raising,tough_vs_raising_2,True,False,False,False,317,-35.237083435058594,-36.724090576171875,1
Julia was certain to oblige Bethany to bother Jeffrey.,Julia was pleasant to oblige Bethany to bother Jeffrey.,syntax_semantics,control_raising,tough_vs_raising_2,True,False,False,False,318,-75.16913604736328,-78.07369232177734,1
Every waiter isn't sure to murmur.,Every waiter isn't easy to murmur.,syntax_semantics,control_raising,tough_vs_raising_2,True,False,False,False,319,-48.20341110229492,-48.36784362792969,1
Bruce was apt to sound like many grocery stores.,Bruce was irritating to sound like many grocery stores.,syntax_semantics,control_raising,tough_vs_raising_2,True,False,False,False,320,-48.577606201171875,-50.40717315673828,1
Current events weren't likely to impress Carolyn.,Current events weren't hard work to impress Carolyn.,syntax_semantics,control_raising,tough_vs_raising_2,True,False,False,False,321,-48.680992126464844,-58.400665283203125,1
Gerald wasn't sure to visit all public parks.,Gerald wasn't irritating to visit all public parks.,syntax_semantics,control_raising,tough_vs_raising_2,True,False,False,False,322,-58.5085563659668,-67.85768127441406,1
A pedestrian wasn't about to have all computers.,A pedestrian wasn't tough to have all computers.,syntax_semantics,control_raising,tough_vs_raising_2,True,False,False,False,323,-54.3146858215332,-57.3448371887207,1
Margaret's tutors weren't soon to wish to hate Ruth.,Margaret's tutors weren't easy to wish to hate Ruth.,syntax_semantics,control_raising,tough_vs_raising_2,True,False,False,False,324,-82.4148941040039,-77.59709167480469,0
Galileo is bound to wonder who hasn't hired a lot of teenagers.,Galileo is annoying to wonder who hasn't hired a lot of teenagers.,syntax_semantics,control_raising,tough_vs_raising_2,True,False,False,False,325,-75.05329895019531,-78.49439239501953,1
Wendy's associate is certain to want the actresses to compete.,Wendy's associate is hard work to want the actresses to compete.,syntax_semantics,control_raising,tough_vs_raising_2,True,False,False,False,326,-74.08389282226562,-79.3089370727539,1
Rose wasn't certain to work with Laurie.,Rose wasn't interesting to work with Laurie.,syntax_semantics,control_raising,tough_vs_raising_2,True,False,False,False,327,-41.812538146972656,-41.179901123046875,0
Eva's partners were soon to wear all scarves.,Eva's partners were hard work to wear all scarves.,syntax_semantics,control_raising,tough_vs_raising_2,True,False,False,False,328,-58.51953887939453,-64.46095275878906,1
Helen isn't certain to force Scott to salute.,Helen isn't exciting to force Scott to salute.,syntax_semantics,control_raising,tough_vs_raising_2,True,False,False,False,329,-62.25746536254883,-64.32565307617188,1
Some granddaughter of Angela wasn't soon to investigate who returned to some person.,Some granddaughter of Angela wasn't hard work to investigate who returned to some person.,syntax_semantics,control_raising,tough_vs_raising_2,True,False,False,False,330,-90.52577209472656,-96.23788452148438,1
Most teachers' students aren't unlikely to expect the adult to eat.,Most teachers' students aren't hard work to expect the adult to eat.,syntax_semantics,control_raising,tough_vs_raising_2,True,False,False,False,331,-61.7291374206543,-69.38715362548828,1
Katherine isn't apt to return to every adult.,Katherine isn't tough to return to every adult.,syntax_semantics,control_raising,tough_vs_raising_2,True,False,False,False,332,-58.16890335083008,-54.95018005371094,0
Timothy's classmate was likely to clean a lot of peppers.,Timothy's classmate was difficult to clean a lot of peppers.,syntax_semantics,control_raising,tough_vs_raising_2,True,False,False,False,333,-68.46951293945312,-70.152099609375,1
Those children were soon to want to disturb every organization.,Those children were hard to want to disturb every organization.,syntax_semantics,control_raising,tough_vs_raising_2,True,False,False,False,334,-59.096744537353516,-56.572593688964844,0
Some doctor's dermatologist is about to tour grocery stores.,Some doctor's dermatologist is pleasant to tour grocery stores.,syntax_semantics,control_raising,tough_vs_raising_2,True,False,False,False,335,-60.286720275878906,-67.03631591796875,1
Paul isn't apt to commission all children to shrug.,Paul isn't boring to commission all children to shrug.,syntax_semantics,control_raising,tough_vs_raising_2,True,False,False,False,336,-64.22215270996094,-64.06340789794922,0
An actor is likely to refuse to drink.,An actor is enjoyable to refuse to drink.,syntax_semantics,control_raising,tough_vs_raising_2,True,False,False,False,337,-39.581275939941406,-48.92786407470703,1
A lot of schools aren't certain to propose to come here.,A lot of schools aren't irritating to propose to come here.,syntax_semantics,control_raising,tough_vs_raising_2,True,False,False,False,338,-61.344024658203125,-68.13304138183594,1
Patricia's mother is soon to talk to Candice.,Patricia's mother is annoying to talk to Candice.,syntax_semantics,control_raising,tough_vs_raising_2,True,False,False,False,339,-53.9526252746582,-59.16931915283203,1
Regina is sure to listen to Douglas.,Regina is irritating to listen to Douglas.,syntax_semantics,control_raising,tough_vs_raising_2,True,False,False,False,340,-39.91994094848633,-50.59995651245117,1
Anne was sure to hide Richard.,Anne was easy to hide Richard.,syntax_semantics,control_raising,tough_vs_raising_2,True,False,False,False,341,-35.40867614746094,-36.01726150512695,1
These octopi are apt to bother Amy.,These octopi are interesting to bother Amy.,syntax_semantics,control_raising,tough_vs_raising_2,True,False,False,False,342,-63.55175018310547,-63.978424072265625,1
Every committee is bound to respond.,Every committee is hard to respond.,syntax_semantics,control_raising,tough_vs_raising_2,True,False,False,False,343,-30.894163131713867,-29.813322067260742,0
Thomas was certain to fire Amelia.,Thomas was unpleasant to fire Amelia.,syntax_semantics,control_raising,tough_vs_raising_2,True,False,False,False,344,-40.44423294067383,-43.33694839477539,1
All books are unlikely to embarrass Gerald.,All books are annoying to embarrass Gerald.,syntax_semantics,control_raising,tough_vs_raising_2,True,False,False,False,345,-48.51968765258789,-52.392452239990234,1
Debra isn't certain to need to donate.,Debra isn't annoying to need to donate.,syntax_semantics,control_raising,tough_vs_raising_2,True,False,False,False,346,-46.565284729003906,-49.648109436035156,1
Some hypotheses were soon to upset Bethany.,Some hypotheses were fun to upset Bethany.,syntax_semantics,control_raising,tough_vs_raising_2,True,False,False,False,347,-58.83012771606445,-58.97534942626953,1
Gerald's supervisor wasn't soon to disgust Nina.,Gerald's supervisor wasn't easy to disgust Nina.,syntax_semantics,control_raising,tough_vs_raising_2,True,False,False,False,348,-76.54313659667969,-73.16889953613281,0
Carl's friends weren't soon to think about who hasn't taken a box.,Carl's friends weren't interesting to think about who hasn't taken a box.,syntax_semantics,control_raising,tough_vs_raising_2,True,False,False,False,349,-70.99315643310547,-69.0018539428711,0
The doctor is soon to manage to criticize Judy.,The doctor is difficult to manage to criticize Judy.,syntax_semantics,control_raising,tough_vs_raising_2,True,False,False,False,350,-59.22677993774414,-55.793663024902344,0
Naomi is about to declare Kevin to approach Benjamin.,Naomi is annoying to declare Kevin to approach Benjamin.,syntax_semantics,control_raising,tough_vs_raising_2,True,False,False,False,351,-67.3088607788086,-74.90766906738281,1
Guys aren't certain to cry.,Guys aren't exciting to cry.,syntax_semantics,control_raising,tough_vs_raising_2,True,False,False,False,352,-37.74370574951172,-39.19924545288086,1
A report isn't certain to confuse a guy.,A report isn't enjoyable to confuse a guy.,syntax_semantics,control_raising,tough_vs_raising_2,True,False,False,False,353,-45.16781234741211,-48.39687728881836,1
Those drivers' podiatrists were sure to spur those companies to reply.,Those drivers' podiatrists were fun to spur those companies to reply.,syntax_semantics,control_raising,tough_vs_raising_2,True,False,False,False,354,-81.88198852539062,-85.62194061279297,1
Renee was about to disturb the Impressionists.,Renee was interesting to disturb the Impressionists.,syntax_semantics,control_raising,tough_vs_raising_2,True,False,False,False,355,-50.648536682128906,-56.90904998779297,1
Margaret was about to propose to examine some commentaries.,Margaret was annoying to propose to examine some commentaries.,syntax_semantics,control_raising,tough_vs_raising_2,True,False,False,False,356,-67.27142333984375,-72.53997039794922,1
Kristin isn't likely to complain.,Kristin isn't enjoyable to complain.,syntax_semantics,control_raising,tough_vs_raising_2,True,False,False,False,357,-32.920188903808594,-39.707069396972656,1
Most girls' plumber isn't sure to stun every doctor.,Most girls' plumber isn't fun to stun every doctor.,syntax_semantics,control_raising,tough_vs_raising_2,True,False,False,False,358,-69.54174041748047,-71.16472625732422,1
Suzanne isn't sure to reveal that print.,Suzanne isn't interesting to reveal that print.,syntax_semantics,control_raising,tough_vs_raising_2,True,False,False,False,359,-49.5086669921875,-53.90787887573242,1
Rose wasn't about to prevent the rabbit from existing.,Rose wasn't annoying to prevent the rabbit from existing.,syntax_semantics,control_raising,tough_vs_raising_2,True,False,False,False,360,-55.727813720703125,-58.50932312011719,1
Danielle is bound to intend to love Douglas.,Danielle is tough to intend to love Douglas.,syntax_semantics,control_raising,tough_vs_raising_2,True,False,False,False,361,-55.78513717651367,-55.307865142822266,0
Nicole is bound to kiss Naomi.,Nicole is enjoyable to kiss Naomi.,syntax_semantics,control_raising,tough_vs_raising_2,True,False,False,False,362,-44.88475036621094,-49.46625518798828,1
Donald is certain to annoy Cheryl.,Donald is hard work to annoy Cheryl.,syntax_semantics,control_raising,tough_vs_raising_2,True,False,False,False,363,-39.547569274902344,-46.247589111328125,1
Beth's cousins are certain to advise Rodney to exercise.,Beth's cousins are unpleasant to advise Rodney to exercise.,syntax_semantics,control_raising,tough_vs_raising_2,True,False,False,False,364,-74.51907348632812,-79.94302368164062,1
Cheryl is apt to watch Paul.,Cheryl is fun to watch Paul.,syntax_semantics,control_raising,tough_vs_raising_2,True,False,False,False,365,-51.79206085205078,-48.03504943847656,0
Naomi was certain to cry.,Naomi was difficult to cry.,syntax_semantics,control_raising,tough_vs_raising_2,True,False,False,False,366,-36.756282806396484,-34.37872314453125,0
Todd was certain to motivate Lawrence to argue about Lisa.,Todd was interesting to motivate Lawrence to argue about Lisa.,syntax_semantics,control_raising,tough_vs_raising_2,True,False,False,False,367,-61.59266662597656,-62.59728240966797,1
Kayla was likely to propose to aggravate Larry.,Kayla was tough to propose to aggravate Larry.,syntax_semantics,control_raising,tough_vs_raising_2,True,False,False,False,368,-63.3270263671875,-65.99366760253906,1
Some father of Margaret wasn't bound to sell bread.,Some father of Margaret wasn't boring to sell bread.,syntax_semantics,control_raising,tough_vs_raising_2,True,False,False,False,369,-63.06096649169922,-64.75172424316406,1
Amelia is apt to bring every book.,Amelia is enjoyable to bring every book.,syntax_semantics,control_raising,tough_vs_raising_2,True,False,False,False,370,-50.34782791137695,-52.67357635498047,1
A banana is sure to rot.,A banana is difficult to rot.,syntax_semantics,control_raising,tough_vs_raising_2,True,False,False,False,371,-35.81145477294922,-37.43132019042969,1
Kristin's piano teachers are soon to murmur.,Kristin's piano teachers are exciting to murmur.,syntax_semantics,control_raising,tough_vs_raising_2,True,False,False,False,372,-61.205909729003906,-62.10982894897461,1
Who isn't bound to think about the ladder.,Who isn't easy to think about the ladder.,syntax_semantics,control_raising,tough_vs_raising_2,True,False,False,False,373,-37.80274963378906,-32.78062438964844,0
Victoria's grandfather was soon to impress a lot of legislatures.,Victoria's grandfather was difficult to impress a lot of legislatures.,syntax_semantics,control_raising,tough_vs_raising_2,True,False,False,False,374,-59.07386779785156,-59.57963943481445,1
That guest's brother was soon to praise Kristin.,That guest's brother was fun to praise Kristin.,syntax_semantics,control_raising,tough_vs_raising_2,True,False,False,False,375,-60.03266143798828,-62.30016326904297,1
Bruce wasn't soon to sigh.,Bruce wasn't interesting to sigh.,syntax_semantics,control_raising,tough_vs_raising_2,True,False,False,False,376,-35.9005126953125,-36.127159118652344,1
Edward's granddaughters were sure to bring every candle.,Edward's granddaughters were exciting to bring every candle.,syntax_semantics,control_raising,tough_vs_raising_2,True,False,False,False,377,-59.13483428955078,-64.37712097167969,1
Elaine was soon to manage to hide away.,Elaine was boring to manage to hide away.,syntax_semantics,control_raising,tough_vs_raising_2,True,False,False,False,378,-56.607421875,-59.03750991821289,1
Tina was certain to discover the driver to escape.,Tina was tough to discover the driver to escape.,syntax_semantics,control_raising,tough_vs_raising_2,True,False,False,False,379,-55.09268569946289,-54.86001205444336,0
Teresa's mother wasn't about to leave Deanna.,Teresa's mother wasn't interesting to leave Deanna.,syntax_semantics,control_raising,tough_vs_raising_2,True,False,False,False,380,-57.58690643310547,-62.168540954589844,1
Robert isn't unlikely to doubt Angela negotiates.,Robert isn't easy to doubt Angela negotiates.,syntax_semantics,control_raising,tough_vs_raising_2,True,False,False,False,381,-57.524940490722656,-53.197837829589844,0
Those granddaughters of Nancy were bound to hide a casserole.,Those granddaughters of Nancy were difficult to hide a casserole.,syntax_semantics,control_raising,tough_vs_raising_2,True,False,False,False,382,-73.68683624267578,-75.27965545654297,1
Jesus isn't certain to bore Matt.,Jesus isn't tough to bore Matt.,syntax_semantics,control_raising,tough_vs_raising_2,True,False,False,False,383,-43.10619354248047,-41.4728889465332,0
The Impressionists aren't soon to attack most teachers.,The Impressionists aren't enjoyable to attack most teachers.,syntax_semantics,control_raising,tough_vs_raising_2,True,False,False,False,384,-65.45748901367188,-66.77815246582031,1
Most senators' boyfriend isn't bound to look like some paintings.,Most senators' boyfriend isn't unpleasant to look like some paintings.,syntax_semantics,control_raising,tough_vs_raising_2,True,False,False,False,385,-72.26322174072266,-77.73202514648438,1
Some waitress isn't soon to boast.,Some waitress isn't hard to boast.,syntax_semantics,control_raising,tough_vs_raising_2,True,False,False,False,386,-48.784400939941406,-42.62529754638672,0
The committees weren't bound to forget about who isn't prodding Rodney to waste away.,The committees weren't pleasant to forget about who isn't prodding Rodney to waste away.,syntax_semantics,control_raising,tough_vs_raising_2,True,False,False,False,387,-103.18973541259766,-105.91673278808594,1
Todd isn't bound to go fishing.,Todd isn't boring to go fishing.,syntax_semantics,control_raising,tough_vs_raising_2,True,False,False,False,388,-34.56071090698242,-35.81139373779297,1
Sherry isn't about to skate around these movie theaters.,Sherry isn't fun to skate around these movie theaters.,syntax_semantics,control_raising,tough_vs_raising_2,True,False,False,False,389,-62.94009780883789,-63.019371032714844,1
An organization isn't certain to conspire.,An organization isn't hard work to conspire.,syntax_semantics,control_raising,tough_vs_raising_2,True,False,False,False,390,-46.078285217285156,-53.244537353515625,1
The picture isn't soon to look like some cafe.,The picture isn't enjoyable to look like some cafe.,syntax_semantics,control_raising,tough_vs_raising_2,True,False,False,False,391,-56.374610900878906,-56.42008972167969,1
This play is soon to bother Kristen.,This play is pleasant to bother Kristen.,syntax_semantics,control_raising,tough_vs_raising_2,True,False,False,False,392,-48.644195556640625,-52.82936096191406,1
Dawn isn't bound to hate Melinda.,Dawn isn't exciting to hate Melinda.,syntax_semantics,control_raising,tough_vs_raising_2,True,False,False,False,393,-53.93846893310547,-53.873046875,0
Kathleen was sure to break every dish.,Kathleen was interesting to break every dish.,syntax_semantics,control_raising,tough_vs_raising_2,True,False,False,False,394,-51.914188385009766,-57.53777313232422,1
Paula is certain to climb down all steps.,Paula is boring to climb down all steps.,syntax_semantics,control_raising,tough_vs_raising_2,True,False,False,False,395,-51.38741683959961,-55.94914627075195,1
Beth's associates were apt to motivate Naomi to litter.,Beth's associates were interesting to motivate Naomi to litter.,syntax_semantics,control_raising,tough_vs_raising_2,True,False,False,False,396,-76.2110595703125,-79.30072784423828,1
Amy isn't bound to propose to exist.,Amy isn't tough to propose to exist.,syntax_semantics,control_raising,tough_vs_raising_2,True,False,False,False,397,-42.842445373535156,-42.01099395751953,0
Rebecca is soon to induce Liam to shout.,Rebecca is boring to induce Liam to shout.,syntax_semantics,control_raising,tough_vs_raising_2,True,False,False,False,398,-66.86084747314453,-73.75582122802734,1
Thomas isn't bound to approach Gregory.,Thomas isn't exciting to approach Gregory.,syntax_semantics,control_raising,tough_vs_raising_2,True,False,False,False,399,-45.329429626464844,-45.75238037109375,1
Kevin's niece isn't certain to leave some boy.,Kevin's niece isn't difficult to leave some boy.,syntax_semantics,control_raising,tough_vs_raising_2,True,False,False,False,400,-53.998374938964844,-52.71262741088867,0
The offspring was sure to discover who sneezes.,The offspring was irritating to discover who sneezes.,syntax_semantics,control_raising,tough_vs_raising_2,True,False,False,False,401,-58.093650817871094,-62.05592346191406,1
Maria wasn't sure to oblige Joel's mothers to cook.,Maria wasn't hard to oblige Joel's mothers to cook.,syntax_semantics,control_raising,tough_vs_raising_2,True,False,False,False,402,-65.86039733886719,-67.64244079589844,1
Many teenagers aren't certain to negotiate.,Many teenagers aren't fun to negotiate.,syntax_semantics,control_raising,tough_vs_raising_2,True,False,False,False,403,-39.554718017578125,-39.45182800292969,0
Colleen isn't about to astound Michelle.,Colleen isn't fun to astound Michelle.,syntax_semantics,control_raising,tough_vs_raising_2,True,False,False,False,404,-56.449928283691406,-58.27214431762695,1
Deanna wasn't bound to beg this grandson of those doctors to compromise.,Deanna wasn't pleasant to beg this grandson of those doctors to compromise.,syntax_semantics,control_raising,tough_vs_raising_2,True,False,False,False,405,-89.0908203125,-90.18266296386719,1
The girl wasn't sure to flee from all doctors.,The girl wasn't boring to flee from all doctors.,syntax_semantics,control_raising,tough_vs_raising_2,True,False,False,False,406,-55.964088439941406,-60.021400451660156,1
These grandmothers of Alicia weren't bound to find some eye.,These grandmothers of Alicia weren't irritating to find some eye.,syntax_semantics,control_raising,tough_vs_raising_2,True,False,False,False,407,-72.22940063476562,-77.97722625732422,1
A father of Melissa isn't soon to oblige Benjamin's daughter to scratch.,A father of Melissa isn't difficult to oblige Benjamin's daughter to scratch.,syntax_semantics,control_raising,tough_vs_raising_2,True,False,False,False,408,-90.49931335449219,-87.87478637695312,0
Jeffrey wasn't certain to criticize those cashiers.,Jeffrey wasn't fun to criticize those cashiers.,syntax_semantics,control_raising,tough_vs_raising_2,True,False,False,False,409,-60.40489959716797,-61.00210189819336,1
Those reports aren't bound to annoy a lot of actors.,Those reports aren't hard work to annoy a lot of actors.,syntax_semantics,control_raising,tough_vs_raising_2,True,False,False,False,410,-57.22703170776367,-64.62445831298828,1
Travis isn't about to chuckle.,Travis isn't easy to chuckle.,syntax_semantics,control_raising,tough_vs_raising_2,True,False,False,False,411,-40.470977783203125,-38.8548583984375,0
Mitchell's handymen were sure to confer.,Mitchell's handymen were easy to confer.,syntax_semantics,control_raising,tough_vs_raising_2,True,False,False,False,412,-60.141700744628906,-59.959381103515625,0
Ronald isn't likely to leave Carmen.,Ronald isn't tough to leave Carmen.,syntax_semantics,control_raising,tough_vs_raising_2,True,False,False,False,413,-44.23286056518555,-47.04771041870117,1
Sally's daughter was soon to explain many guys fail to wear a sock.,Sally's daughter was annoying to explain many guys fail to wear a sock.,syntax_semantics,control_raising,tough_vs_raising_2,True,False,False,False,414,-92.60909271240234,-94.86843872070312,1
Beth wasn't apt to advise the waiter to look like these pictures.,Beth wasn't tough to advise the waiter to look like these pictures.,syntax_semantics,control_raising,tough_vs_raising_2,True,False,False,False,415,-78.06433868408203,-75.88150024414062,0
Christopher's tutors aren't likely to testify.,Christopher's tutors aren't hard work to testify.,syntax_semantics,control_raising,tough_vs_raising_2,True,False,False,False,416,-42.39045715332031,-53.03999328613281,1
Jason's tutors are about to astound Christopher.,Jason's tutors are tough to astound Christopher.,syntax_semantics,control_raising,tough_vs_raising_2,True,False,False,False,417,-56.91242599487305,-60.26327133178711,1
Stephen's handymen are about to disagree with Janet.,Stephen's handymen are difficult to disagree with Janet.,syntax_semantics,control_raising,tough_vs_raising_2,True,False,False,False,418,-54.069053649902344,-54.97206497192383,1
Andrea's classmates weren't sure to respond.,Andrea's classmates weren't enjoyable to respond.,syntax_semantics,control_raising,tough_vs_raising_2,True,False,False,False,419,-53.91495895385742,-60.30089569091797,1
Sheila is bound to try to walk through every hospital.,Sheila is annoying to try to walk through every hospital.,syntax_semantics,control_raising,tough_vs_raising_2,True,False,False,False,420,-58.93473434448242,-62.48438262939453,1
Jessica isn't bound to fire Sherry.,Jessica isn't enjoyable to fire Sherry.,syntax_semantics,control_raising,tough_vs_raising_2,True,False,False,False,421,-45.74302673339844,-49.736663818359375,1
George isn't sure to hide Brenda.,George isn't fun to hide Brenda.,syntax_semantics,control_raising,tough_vs_raising_2,True,False,False,False,422,-39.211669921875,-40.9872932434082,1
The Clintons' podiatrists weren't bound to chat.,The Clintons' podiatrists weren't easy to chat.,syntax_semantics,control_raising,tough_vs_raising_2,True,False,False,False,423,-67.21394348144531,-63.78044509887695,0
Every fungus was certain to alarm Peter.,Every fungus was tough to alarm Peter.,syntax_semantics,control_raising,tough_vs_raising_2,True,False,False,False,424,-55.47515106201172,-56.35297775268555,1
Some children weren't certain to bore Jacqueline.,Some children weren't interesting to bore Jacqueline.,syntax_semantics,control_raising,tough_vs_raising_2,True,False,False,False,425,-56.277488708496094,-56.83547592163086,1
That senator's electricians weren't likely to break most bicycles.,That senator's electricians weren't fun to break most bicycles.,syntax_semantics,control_raising,tough_vs_raising_2,True,False,False,False,426,-69.50068664550781,-73.44307708740234,1
A lot of guys weren't certain to press Martha to work with Suzanne.,A lot of guys weren't hard to press Martha to work with Suzanne.,syntax_semantics,control_raising,tough_vs_raising_2,True,False,False,False,427,-81.56771850585938,-77.88602447509766,0
That lady's wife is soon to sound like Claire.,That lady's wife is enjoyable to sound like Claire.,syntax_semantics,control_raising,tough_vs_raising_2,True,False,False,False,428,-54.29069519042969,-61.21453857421875,1
Mark is soon to wonder who were predicting a lot of cucumbers to rot.,Mark is hard to wonder who were predicting a lot of cucumbers to rot.,syntax_semantics,control_raising,tough_vs_raising_2,True,False,False,False,429,-78.73748779296875,-76.02166748046875,0
Aaron isn't bound to leave that driver.,Aaron isn't interesting to leave that driver.,syntax_semantics,control_raising,tough_vs_raising_2,True,False,False,False,430,-41.27439498901367,-42.85744094848633,1
Homer is likely to boast.,Homer is easy to boast.,syntax_semantics,control_raising,tough_vs_raising_2,True,False,False,False,431,-35.45626449584961,-35.186798095703125,0
Christopher isn't unlikely to confuse Monica.,Christopher isn't annoying to confuse Monica.,syntax_semantics,control_raising,tough_vs_raising_2,True,False,False,False,432,-41.69732666015625,-42.3605842590332,1
Curtis isn't about to litter.,Curtis isn't annoying to litter.,syntax_semantics,control_raising,tough_vs_raising_2,True,False,False,False,433,-46.0198974609375,-48.98969268798828,1
George isn't bound to convince Jacqueline to change.,George isn't difficult to convince Jacqueline to change.,syntax_semantics,control_raising,tough_vs_raising_2,True,False,False,False,434,-50.106224060058594,-47.65983963012695,0
Carla isn't likely to think William grins.,Carla isn't boring to think William grins.,syntax_semantics,control_raising,tough_vs_raising_2,True,False,False,False,435,-65.85372924804688,-66.51814270019531,1
A teenager isn't unlikely to compel Diane's cousin to wave.,A teenager isn't irritating to compel Diane's cousin to wave.,syntax_semantics,control_raising,tough_vs_raising_2,True,False,False,False,436,-74.81975555419922,-78.00971984863281,1
This patient wasn't about to dislike Gary.,This patient wasn't easy to dislike Gary.,syntax_semantics,control_raising,tough_vs_raising_2,True,False,False,False,437,-48.43236541748047,-48.09416961669922,0
Lissa is about to advise Amanda to break many cars.,Lissa is difficult to advise Amanda to break many cars.,syntax_semantics,control_raising,tough_vs_raising_2,True,False,False,False,438,-72.67219543457031,-73.78646850585938,1
Richard's wife isn't bound to scream.,Richard's wife isn't easy to scream.,syntax_semantics,control_raising,tough_vs_raising_2,True,False,False,False,439,-39.48712921142578,-36.8981819152832,0
David wasn't about to bike to every public park.,David wasn't easy to bike to every public park.,syntax_semantics,control_raising,tough_vs_raising_2,True,False,False,False,440,-59.745758056640625,-58.470088958740234,0
Lisa wasn't unlikely to scream.,Lisa wasn't interesting to scream.,syntax_semantics,control_raising,tough_vs_raising_2,True,False,False,False,441,-33.88397216796875,-32.60064697265625,0
Raymond wasn't soon to fail to murmur.,Raymond wasn't difficult to fail to murmur.,syntax_semantics,control_raising,tough_vs_raising_2,True,False,False,False,442,-63.838356018066406,-59.982566833496094,0
Gary is apt to wave.,Gary is pleasant to wave.,syntax_semantics,control_raising,tough_vs_raising_2,True,False,False,False,443,-31.836578369140625,-33.06858444213867,1
Jennifer is apt to reveal that coat.,Jennifer is difficult to reveal that coat.,syntax_semantics,control_raising,tough_vs_raising_2,True,False,False,False,444,-42.36101531982422,-39.04487228393555,0
The Clintons were unlikely to attack the Borgias.,The Clintons were fun to attack the Borgias.,syntax_semantics,control_raising,tough_vs_raising_2,True,False,False,False,445,-57.02592849731445,-62.172454833984375,1
The Impressionists are likely to attack Karen.,The Impressionists are exciting to attack Karen.,syntax_semantics,control_raising,tough_vs_raising_2,True,False,False,False,446,-51.03403854370117,-58.26694107055664,1
Mary wasn't apt to convince Tina's podiatrist to irritate every doctor.,Mary wasn't tough to convince Tina's podiatrist to irritate every doctor.,syntax_semantics,control_raising,tough_vs_raising_2,True,False,False,False,447,-94.23169708251953,-91.64701843261719,0
Christopher's mentees were bound to encourage Chad to suffer.,Christopher's mentees were hard to encourage Chad to suffer.,syntax_semantics,control_raising,tough_vs_raising_2,True,False,False,False,448,-66.28311157226562,-66.04779052734375,0
Sabrina is unlikely to sigh.,Sabrina is irritating to sigh.,syntax_semantics,control_raising,tough_vs_raising_2,True,False,False,False,449,-37.171142578125,-41.528255462646484,1
Jeffrey's dermatologists are soon to wave.,Jeffrey's dermatologists are annoying to wave.,syntax_semantics,control_raising,tough_vs_raising_2,True,False,False,False,450,-55.0306396484375,-59.04907989501953,1
Most organizations are soon to neglect to mutter.,Most organizations are irritating to neglect to mutter.,syntax_semantics,control_raising,tough_vs_raising_2,True,False,False,False,451,-52.518524169921875,-52.294090270996094,0
Todd wasn't likely to hide ladies.,Todd wasn't exciting to hide ladies.,syntax_semantics,control_raising,tough_vs_raising_2,True,False,False,False,452,-41.64005661010742,-46.000831604003906,1
Rose isn't likely to dislike Julie.,Rose isn't fun to dislike Julie.,syntax_semantics,control_raising,tough_vs_raising_2,True,False,False,False,453,-38.77469253540039,-39.261138916015625,1
The teenagers' spouse isn't apt to refuse to hug every waitress.,The teenagers' spouse isn't irritating to refuse to hug every waitress.,syntax_semantics,control_raising,tough_vs_raising_2,True,False,False,False,454,-81.93678283691406,-84.58935546875,1
The Impressionists were likely to reference Jacqueline.,The Impressionists were hard to reference Jacqueline.,syntax_semantics,control_raising,tough_vs_raising_2,True,False,False,False,455,-57.14479064941406,-59.36294937133789,1
Thomas is likely to return to Kristen.,Thomas is hard to return to Kristen.,syntax_semantics,control_raising,tough_vs_raising_2,True,False,False,False,456,-35.59998321533203,-38.52522277832031,1
Derek was likely to think the women badger Mitchell to escape.,Derek was annoying to think the women badger Mitchell to escape.,syntax_semantics,control_raising,tough_vs_raising_2,True,False,False,False,457,-89.74478149414062,-94.81092834472656,1
Those sons of the cashier weren't sure to leave Susan.,Those sons of the cashier weren't hard to leave Susan.,syntax_semantics,control_raising,tough_vs_raising_2,True,False,False,False,458,-67.24149322509766,-69.63330078125,1
Rose wasn't sure to remember Anna.,Rose wasn't boring to remember Anna.,syntax_semantics,control_raising,tough_vs_raising_2,True,False,False,False,459,-36.49561309814453,-38.85255813598633,1
Melinda is unlikely to plan to pass a lot of hospitals.,Melinda is difficult to plan to pass a lot of hospitals.,syntax_semantics,control_raising,tough_vs_raising_2,True,False,False,False,460,-65.77851867675781,-64.72297668457031,0
Many children's grandmothers are certain to collaborate.,Many children's grandmothers are boring to collaborate.,syntax_semantics,control_raising,tough_vs_raising_2,True,False,False,False,461,-50.430908203125,-55.01422882080078,1
Samuel's piano teachers are apt to wave.,Samuel's piano teachers are irritating to wave.,syntax_semantics,control_raising,tough_vs_raising_2,True,False,False,False,462,-62.115234375,-66.8900146484375,1
A lot of cucumbers were likely to rot.,A lot of cucumbers were irritating to rot.,syntax_semantics,control_raising,tough_vs_raising_2,True,False,False,False,463,-43.814369201660156,-49.84972381591797,1
That adult wasn't certain to tempt Suzanne to worry Anna.,That adult wasn't interesting to tempt Suzanne to worry Anna.,syntax_semantics,control_raising,tough_vs_raising_2,True,False,False,False,464,-82.5235824584961,-84.15907287597656,1
Gary's hairdressers aren't likely to nod.,Gary's hairdressers aren't annoying to nod.,syntax_semantics,control_raising,tough_vs_raising_2,True,False,False,False,465,-50.38592529296875,-55.838932037353516,1
Joseph's dermatologists are about to exit every glacier.,Joseph's dermatologists are difficult to exit every glacier.,syntax_semantics,control_raising,tough_vs_raising_2,True,False,False,False,466,-59.50163650512695,-60.40495681762695,1
Cynthia's tutors weren't certain to conspire.,Cynthia's tutors weren't boring to conspire.,syntax_semantics,control_raising,tough_vs_raising_2,True,False,False,False,467,-69.96837615966797,-71.54820251464844,1
Brett isn't certain to tour a lot of public parks.,Brett isn't annoying to tour a lot of public parks.,syntax_semantics,control_raising,tough_vs_raising_2,True,False,False,False,468,-63.76871871948242,-66.14839172363281,1
The adult was soon to fail to sing.,The adult was pleasant to fail to sing.,syntax_semantics,control_raising,tough_vs_raising_2,True,False,False,False,469,-49.206722259521484,-51.3591423034668,1
A woman isn't bound to fire Deborah.,A woman isn't boring to fire Deborah.,syntax_semantics,control_raising,tough_vs_raising_2,True,False,False,False,470,-49.88604736328125,-51.970436096191406,1
Every woman is sure to prefer Anna to admire this cafe.,Every woman is unpleasant to prefer Anna to admire this cafe.,syntax_semantics,control_raising,tough_vs_raising_2,True,False,False,False,471,-66.06262969970703,-74.46587371826172,1
Holly is soon to conceal these pedestrians.,Holly is easy to conceal these pedestrians.,syntax_semantics,control_raising,tough_vs_raising_2,True,False,False,False,472,-61.97441864013672,-57.064910888671875,0
Bradley wasn't likely to grin.,Bradley wasn't pleasant to grin.,syntax_semantics,control_raising,tough_vs_raising_2,True,False,False,False,473,-38.800655364990234,-42.15436553955078,1
Grandmothers of Stacy aren't certain to pressure David's bosses to sell the pepper.,Grandmothers of Stacy aren't fun to pressure David's bosses to sell the pepper.,syntax_semantics,control_raising,tough_vs_raising_2,True,False,False,False,474,-114.26260375976562,-115.13719940185547,1
Michelle's contractor isn't likely to discover April to cook.,Michelle's contractor isn't boring to discover April to cook.,syntax_semantics,control_raising,tough_vs_raising_2,True,False,False,False,475,-68.04833221435547,-72.96134948730469,1
Homer isn't sure to arrive at the movie theater.,Homer isn't fun to arrive at the movie theater.,syntax_semantics,control_raising,tough_vs_raising_2,True,False,False,False,476,-54.5244140625,-56.17631530761719,1
The cousins of Anna weren't unlikely to say Steve is whispering.,The cousins of Anna weren't easy to say Steve is whispering.,syntax_semantics,control_raising,tough_vs_raising_2,True,False,False,False,477,-83.77141571044922,-79.00680541992188,0
Kendra is certain to help Douglas.,Kendra is boring to help Douglas.,syntax_semantics,control_raising,tough_vs_raising_2,True,False,False,False,478,-47.7218017578125,-54.372596740722656,1
Tiffany wasn't bound to appreciate these documentaries.,Tiffany wasn't unpleasant to appreciate these documentaries.,syntax_semantics,control_raising,tough_vs_raising_2,True,False,False,False,479,-63.81578063964844,-68.5837631225586,1
Carol is unlikely to chuckle.,Carol is fun to chuckle.,syntax_semantics,control_raising,tough_vs_raising_2,True,False,False,False,480,-35.82413864135742,-35.21316909790039,0
Some children's ex-wife was apt to escape.,Some children's ex-wife was boring to escape.,syntax_semantics,control_raising,tough_vs_raising_2,True,False,False,False,481,-58.79602813720703,-61.36107635498047,1
Meredith is soon to prod Aaron to exercise.,Meredith is boring to prod Aaron to exercise.,syntax_semantics,control_raising,tough_vs_raising_2,True,False,False,False,482,-65.10745239257812,-69.29898071289062,1
Marcus isn't soon to respect Wendy.,Marcus isn't hard work to respect Wendy.,syntax_semantics,control_raising,tough_vs_raising_2,True,False,False,False,483,-44.12646484375,-47.115684509277344,1
Liam is sure to spur the Clintons to help Connie.,Liam is easy to spur the Clintons to help Connie.,syntax_semantics,control_raising,tough_vs_raising_2,True,False,False,False,484,-66.67475891113281,-67.42855834960938,1
Beth was about to scream.,Beth was difficult to scream.,syntax_semantics,control_raising,tough_vs_raising_2,True,False,False,False,485,-33.63091278076172,-35.870033264160156,1
Chad wasn't unlikely to find Nicole to train.,Chad wasn't hard to find Nicole to train.,syntax_semantics,control_raising,tough_vs_raising_2,True,False,False,False,486,-62.474220275878906,-56.36084747314453,0
Fathers of Nicole are likely to respond.,Fathers of Nicole are boring to respond.,syntax_semantics,control_raising,tough_vs_raising_2,True,False,False,False,487,-45.42023468017578,-54.10862731933594,1
Every dancer was about to see the eggplant.,Every dancer was hard work to see the eggplant.,syntax_semantics,control_raising,tough_vs_raising_2,True,False,False,False,488,-47.3468017578125,-57.5272331237793,1
Becca's piano teachers aren't sure to testify.,Becca's piano teachers aren't exciting to testify.,syntax_semantics,control_raising,tough_vs_raising_2,True,False,False,False,489,-60.50740051269531,-66.40814208984375,1
Lissa's cousins aren't about to annoy all adults.,Lissa's cousins aren't exciting to annoy all adults.,syntax_semantics,control_raising,tough_vs_raising_2,True,False,False,False,490,-65.1136703491211,-68.59608459472656,1
That screen wasn't likely to astound Amelia.,That screen wasn't enjoyable to astound Amelia.,syntax_semantics,control_raising,tough_vs_raising_2,True,False,False,False,491,-58.2697639465332,-62.86817169189453,1
A grandmother of Kathleen wasn't unlikely to complain about Charles.,A grandmother of Kathleen wasn't boring to complain about Charles.,syntax_semantics,control_raising,tough_vs_raising_2,True,False,False,False,492,-68.03865051269531,-67.8840103149414,0
The actresses were soon to conceal Alice.,The actresses were irritating to conceal Alice.,syntax_semantics,control_raising,tough_vs_raising_2,True,False,False,False,493,-51.84394836425781,-57.01844024658203,1
Linda is certain to cure Keith.,Linda is enjoyable to cure Keith.,syntax_semantics,control_raising,tough_vs_raising_2,True,False,False,False,494,-49.870574951171875,-54.870872497558594,1
Cynthia's French teacher is likely to explain Galileo heals Alice.,Cynthia's French teacher is boring to explain Galileo heals Alice.,syntax_semantics,control_raising,tough_vs_raising_2,True,False,False,False,495,-96.5155029296875,-104.62946319580078,1
Many plates aren't sure to resemble that picture.,Many plates aren't irritating to resemble that picture.,syntax_semantics,control_raising,tough_vs_raising_2,True,False,False,False,496,-50.195770263671875,-56.380062103271484,1
Monet was soon to hire Cindy.,Monet was tough to hire Cindy.,syntax_semantics,control_raising,tough_vs_raising_2,True,False,False,False,497,-50.99321746826172,-50.39064025878906,0
Diane was bound to pass a hospital.,Diane was fun to pass a hospital.,syntax_semantics,control_raising,tough_vs_raising_2,True,False,False,False,498,-46.8304328918457,-49.620880126953125,1
Some driver's bosses aren't soon to clean some college campuses.,Some driver's bosses aren't exciting to clean some college campuses.,syntax_semantics,control_raising,tough_vs_raising_2,True,False,False,False,499,-75.66210174560547,-74.64838409423828,0
Teresa's hairdressers aren't soon to appear to heal Catherine.,Teresa's hairdressers aren't hard to appear to heal Catherine.,syntax_semantics,control_raising,tough_vs_raising_2,True,False,False,False,500,-86.96989440917969,-83.42638397216797,0
Monet's ex-wife was sure to reveal Travis.,Monet's ex-wife was pleasant to reveal Travis.,syntax_semantics,control_raising,tough_vs_raising_2,True,False,False,False,501,-67.90080261230469,-73.66677856445312,1
Sheila isn't unlikely to approach Brad.,Sheila isn't easy to approach Brad.,syntax_semantics,control_raising,tough_vs_raising_2,True,False,False,False,502,-55.44207763671875,-48.52583694458008,0
Derek isn't apt to think about some cucumbers.,Derek isn't boring to think about some cucumbers.,syntax_semantics,control_raising,tough_vs_raising_2,True,False,False,False,503,-59.89592742919922,-58.16438293457031,0
Dan's sister isn't likely to reveal some convertible.,Dan's sister isn't fun to reveal some convertible.,syntax_semantics,control_raising,tough_vs_raising_2,True,False,False,False,504,-57.54537582397461,-60.826759338378906,1
Amy is unlikely to beg this friend of Peter to embarrass Colleen.,Amy is unpleasant to beg this friend of Peter to embarrass Colleen.,syntax_semantics,control_raising,tough_vs_raising_2,True,False,False,False,505,-79.83815002441406,-87.54190063476562,1
Brad isn't certain to go to many grocery stores.,Brad isn't difficult to go to many grocery stores.,syntax_semantics,control_raising,tough_vs_raising_2,True,False,False,False,506,-45.54754638671875,-43.39647674560547,0
Colleen was sure to break this bike.,Colleen was enjoyable to break this bike.,syntax_semantics,control_raising,tough_vs_raising_2,True,False,False,False,507,-43.949493408203125,-50.81182098388672,1
Aaron is certain to mess up a lot of high schools.,Aaron is pleasant to mess up a lot of high schools.,syntax_semantics,control_raising,tough_vs_raising_2,True,False,False,False,508,-49.742767333984375,-51.60871887207031,1
Every waiter isn't bound to exit every public park.,Every waiter isn't annoying to exit every public park.,syntax_semantics,control_raising,tough_vs_raising_2,True,False,False,False,509,-64.38272094726562,-67.405029296875,1
That story about the Clintons wasn't bound to stun Tanya.,That story about the Clintons wasn't interesting to stun Tanya.,syntax_semantics,control_raising,tough_vs_raising_2,True,False,False,False,510,-70.6489486694336,-72.26458740234375,1
Most drivers weren't apt to testify.,Most drivers weren't easy to testify.,syntax_semantics,control_raising,tough_vs_raising_2,True,False,False,False,511,-42.89643096923828,-39.45387268066406,0
Debra is unlikely to think about Heather.,Debra is irritating to think about Heather.,syntax_semantics,control_raising,tough_vs_raising_2,True,False,False,False,512,-41.28163146972656,-47.46288299560547,1
Theresa's employee was certain to prod all children's friend to explain everything.,Theresa's employee was tough to prod all children's friend to explain everything.,syntax_semantics,control_raising,tough_vs_raising_2,True,False,False,False,513,-98.33099365234375,-99.43238830566406,1
Alexander wasn't certain to predict the associations to collaborate.,Alexander wasn't hard work to predict the associations to collaborate.,syntax_semantics,control_raising,tough_vs_raising_2,True,False,False,False,514,-59.35799026489258,-64.62715148925781,1
A lot of dishes were about to worry Clyde.,A lot of dishes were hard to worry Clyde.,syntax_semantics,control_raising,tough_vs_raising_2,True,False,False,False,515,-61.98930358886719,-59.68791961669922,0
Martin's teachers are unlikely to discuss Andrew.,Martin's teachers are hard to discuss Andrew.,syntax_semantics,control_raising,tough_vs_raising_2,True,False,False,False,516,-48.17203140258789,-47.031429290771484,0
Some library was soon to order this student to escape.,Some library was enjoyable to order this student to escape.,syntax_semantics,control_raising,tough_vs_raising_2,True,False,False,False,517,-57.672637939453125,-59.44409942626953,1
Anna isn't unlikely to sigh.,Anna isn't unpleasant to sigh.,syntax_semantics,control_raising,tough_vs_raising_2,True,False,False,False,518,-36.47367858886719,-38.84009552001953,1
Some lice are bound to aggravate Brett.,Some lice are irritating to aggravate Brett.,syntax_semantics,control_raising,tough_vs_raising_2,True,False,False,False,519,-60.08311462402344,-62.85973358154297,1
Some waitress was unlikely to ascend this hill.,Some waitress was easy to ascend this hill.,syntax_semantics,control_raising,tough_vs_raising_2,True,False,False,False,520,-50.17340087890625,-49.37749481201172,0
Some offspring is likely to admire broccoli.,Some offspring is unpleasant to admire broccoli.,syntax_semantics,control_raising,tough_vs_raising_2,True,False,False,False,521,-46.958717346191406,-54.674415588378906,1
Gary's piano teachers aren't about to forget Bill.,Gary's piano teachers aren't pleasant to forget Bill.,syntax_semantics,control_raising,tough_vs_raising_2,True,False,False,False,522,-60.707176208496094,-64.64126586914062,1
This hospital wasn't bound to induce Dennis's classmate to love Jacqueline.,This hospital wasn't interesting to induce Dennis's classmate to love Jacqueline.,syntax_semantics,control_raising,tough_vs_raising_2,True,False,False,False,523,-94.30931091308594,-96.4216079711914,1
Janet wasn't unlikely to explore those glaciers.,Janet wasn't unpleasant to explore those glaciers.,syntax_semantics,control_raising,tough_vs_raising_2,True,False,False,False,524,-57.96409225463867,-60.146812438964844,1
Suzanne's tutors were likely to alarm the legislatures.,Suzanne's tutors were easy to alarm the legislatures.,syntax_semantics,control_raising,tough_vs_raising_2,True,False,False,False,525,-70.44517517089844,-71.72412109375,1
Many fathers of Alicia are unlikely to impress Guy.,Many fathers of Alicia are hard to impress Guy.,syntax_semantics,control_raising,tough_vs_raising_2,True,False,False,False,526,-63.93324279785156,-66.27762603759766,1
Cynthia is bound to speak up.,Cynthia is irritating to speak up.,syntax_semantics,control_raising,tough_vs_raising_2,True,False,False,False,527,-43.49201202392578,-49.951507568359375,1
Susan is unlikely to appear to criticize many commentaries.,Susan is pleasant to appear to criticize many commentaries.,syntax_semantics,control_raising,tough_vs_raising_2,True,False,False,False,528,-54.11102294921875,-63.019561767578125,1
Danielle wasn't soon to manage to disappear.,Danielle wasn't exciting to manage to disappear.,syntax_semantics,control_raising,tough_vs_raising_2,True,False,False,False,529,-51.67301940917969,-50.99746322631836,0
Brett's employees are bound to research every museum.,Brett's employees are boring to research every museum.,syntax_semantics,control_raising,tough_vs_raising_2,True,False,False,False,530,-64.76808166503906,-70.7979736328125,1
Alan isn't soon to fall.,Alan isn't easy to fall.,syntax_semantics,control_raising,tough_vs_raising_2,True,False,False,False,531,-29.68951416015625,-25.094633102416992,0
Bradley isn't certain to prod Laurie to chuckle.,Bradley isn't easy to prod Laurie to chuckle.,syntax_semantics,control_raising,tough_vs_raising_2,True,False,False,False,532,-69.5230941772461,-65.02043151855469,0
Jesus's girlfriend is sure to exit a hospital.,Jesus's girlfriend is hard to exit a hospital.,syntax_semantics,control_raising,tough_vs_raising_2,True,False,False,False,533,-49.62892150878906,-51.5861701965332,1
Marla's grandmother isn't apt to wear these glasses.,Marla's grandmother isn't irritating to wear these glasses.,syntax_semantics,control_raising,tough_vs_raising_2,True,False,False,False,534,-60.06260681152344,-63.048954010009766,1
Nancy's mothers weren't likely to clash.,Nancy's mothers weren't irritating to clash.,syntax_semantics,control_raising,tough_vs_raising_2,True,False,False,False,535,-57.29988098144531,-65.51626586914062,1
Bruce's sons were sure to manage to worry Keith.,Bruce's sons were annoying to manage to worry Keith.,syntax_semantics,control_raising,tough_vs_raising_2,True,False,False,False,536,-62.723201751708984,-67.02832794189453,1
Colleen is bound to boycott all rivers.,Colleen is hard work to boycott all rivers.,syntax_semantics,control_raising,tough_vs_raising_2,True,False,False,False,537,-55.68360137939453,-64.42613220214844,1
Samuel is likely to climb up most slopes.,Samuel is hard work to climb up most slopes.,syntax_semantics,control_raising,tough_vs_raising_2,True,False,False,False,538,-53.07548522949219,-62.92132568359375,1
Ann isn't about to mutter.,Ann isn't tough to mutter.,syntax_semantics,control_raising,tough_vs_raising_2,True,False,False,False,539,-35.90306091308594,-37.04413986206055,1
John isn't unlikely to talk to Jesus.,John isn't tough to talk to Jesus.,syntax_semantics,control_raising,tough_vs_raising_2,True,False,False,False,540,-39.333404541015625,-37.072662353515625,0
Samantha is unlikely to talk.,Samantha is fun to talk.,syntax_semantics,control_raising,tough_vs_raising_2,True,False,False,False,541,-38.71569061279297,-37.534461975097656,0
Every customer wasn't likely to investigate what looked like Vincent.,Every customer wasn't fun to investigate what looked like Vincent.,syntax_semantics,control_raising,tough_vs_raising_2,True,False,False,False,542,-65.0504150390625,-65.2757568359375,1
John was likely to heal Keith.,John was easy to heal Keith.,syntax_semantics,control_raising,tough_vs_raising_2,True,False,False,False,543,-36.319435119628906,-35.91329574584961,0
Rachel isn't certain to boast.,Rachel isn't fun to boast.,syntax_semantics,control_raising,tough_vs_raising_2,True,False,False,False,544,-33.04853820800781,-31.783733367919922,0
Mitchell isn't about to upset Peter.,Mitchell isn't exciting to upset Peter.,syntax_semantics,control_raising,tough_vs_raising_2,True,False,False,False,545,-49.197025299072266,-53.10435104370117,1
Steve is apt to kiss Richard.,Steve is fun to kiss Richard.,syntax_semantics,control_raising,tough_vs_raising_2,True,False,False,False,546,-39.34736633300781,-37.154884338378906,0
Kirsten was likely to urge Beth to argue.,Kirsten was exciting to urge Beth to argue.,syntax_semantics,control_raising,tough_vs_raising_2,True,False,False,False,547,-65.75273895263672,-71.91432189941406,1
Rodney isn't bound to prompt Danielle to attack Allison.,Rodney isn't pleasant to prompt Danielle to attack Allison.,syntax_semantics,control_raising,tough_vs_raising_2,True,False,False,False,548,-76.41934204101562,-80.52627563476562,1
Banks aren't about to confer.,Banks aren't pleasant to confer.,syntax_semantics,control_raising,tough_vs_raising_2,True,False,False,False,549,-40.97108459472656,-44.528350830078125,1
Christine isn't unlikely to talk.,Christine isn't annoying to talk.,syntax_semantics,control_raising,tough_vs_raising_2,True,False,False,False,550,-36.65569305419922,-36.55241012573242,0
Kenneth's electricians aren't certain to laugh.,Kenneth's electricians aren't fun to laugh.,syntax_semantics,control_raising,tough_vs_raising_2,True,False,False,False,551,-52.96841812133789,-50.50973892211914,0
That rug was about to shock Mary.,That rug was interesting to shock Mary.,syntax_semantics,control_raising,tough_vs_raising_2,True,False,False,False,552,-47.39406204223633,-50.870140075683594,1
Liam wasn't likely to happen to blink.,Liam wasn't irritating to happen to blink.,syntax_semantics,control_raising,tough_vs_raising_2,True,False,False,False,553,-51.153289794921875,-58.21879196166992,1
This customer's piano teacher was sure to oblige George to forfeit.,This customer's piano teacher was interesting to oblige George to forfeit.,syntax_semantics,control_raising,tough_vs_raising_2,True,False,False,False,554,-85.04682922363281,-90.84474182128906,1
Samuel's sisters weren't soon to negotiate.,Samuel's sisters weren't hard work to negotiate.,syntax_semantics,control_raising,tough_vs_raising_2,True,False,False,False,555,-56.6656494140625,-63.33495330810547,1
A lot of students weren't about to interact.,A lot of students weren't easy to interact.,syntax_semantics,control_raising,tough_vs_raising_2,True,False,False,False,556,-45.688560485839844,-45.26393127441406,0
Children weren't likely to predict most children to fight.,Children weren't boring to predict most children to fight.,syntax_semantics,control_raising,tough_vs_raising_2,True,False,False,False,557,-57.005157470703125,-60.576637268066406,1
Dan is soon to yearn to scare George.,Dan is hard to yearn to scare George.,syntax_semantics,control_raising,tough_vs_raising_2,True,False,False,False,558,-55.590232849121094,-56.187774658203125,1
These dancers' employees aren't soon to pass schools.,These dancers' employees aren't annoying to pass schools.,syntax_semantics,control_raising,tough_vs_raising_2,True,False,False,False,559,-67.06330871582031,-68.29045104980469,1
Paula was bound to happen to lift this water.,Paula was annoying to happen to lift this water.,syntax_semantics,control_raising,tough_vs_raising_2,True,False,False,False,560,-55.08439636230469,-58.585758209228516,1
Raymond wasn't likely to slump over.,Raymond wasn't fun to slump over.,syntax_semantics,control_raising,tough_vs_raising_2,True,False,False,False,561,-50.53612518310547,-52.130043029785156,1
Alicia wasn't bound to conceal Jessica.,Alicia wasn't enjoyable to conceal Jessica.,syntax_semantics,control_raising,tough_vs_raising_2,True,False,False,False,562,-60.732765197753906,-65.31857299804688,1
That university was sure to reply.,That university was unpleasant to reply.,syntax_semantics,control_raising,tough_vs_raising_2,True,False,False,False,563,-37.02801513671875,-43.386383056640625,1
Those rugs aren't about to bore Holly.,Those rugs aren't hard to bore Holly.,syntax_semantics,control_raising,tough_vs_raising_2,True,False,False,False,564,-56.55535888671875,-55.39484405517578,0
Jerry's classmates weren't about to insult these dancers.,Jerry's classmates weren't interesting to insult these dancers.,syntax_semantics,control_raising,tough_vs_raising_2,True,False,False,False,565,-60.20447540283203,-62.852874755859375,1
Irene is bound to hide these pants.,Irene is tough to hide these pants.,syntax_semantics,control_raising,tough_vs_raising_2,True,False,False,False,566,-48.843528747558594,-48.705039978027344,0
Richard is apt to question the patients.,Richard is difficult to question the patients.,syntax_semantics,control_raising,tough_vs_raising_2,True,False,False,False,567,-36.389530181884766,-32.86241149902344,0
Margaret wasn't soon to research some college campus.,Margaret wasn't tough to research some college campus.,syntax_semantics,control_raising,tough_vs_raising_2,True,False,False,False,568,-65.82042694091797,-64.54131317138672,0
Those doctors weren't sure to encourage these friends of Brenda to work with that dancer.,Those doctors weren't unpleasant to encourage these friends of Brenda to work with that dancer.,syntax_semantics,control_raising,tough_vs_raising_2,True,False,False,False,569,-89.57635498046875,-99.88630676269531,1
Those people are about to exit some closet.,Those people are hard work to exit some closet.,syntax_semantics,control_raising,tough_vs_raising_2,True,False,False,False,570,-45.9389533996582,-53.546295166015625,1
Some teenager isn't sure to entice Sandra to break these trucks.,Some teenager isn't difficult to entice Sandra to break these trucks.,syntax_semantics,control_raising,tough_vs_raising_2,True,False,False,False,571,-78.9345703125,-78.23080444335938,0
Some nephew of Dan was apt to descend all steps.,Some nephew of Dan was enjoyable to descend all steps.,syntax_semantics,control_raising,tough_vs_raising_2,True,False,False,False,572,-69.157470703125,-71.86237335205078,1
Becky is apt to go to some mountains.,Becky is hard to go to some mountains.,syntax_semantics,control_raising,tough_vs_raising_2,True,False,False,False,573,-44.96746826171875,-40.99904251098633,0
Jill is certain to boast.,Jill is hard to boast.,syntax_semantics,control_raising,tough_vs_raising_2,True,False,False,False,574,-38.973270416259766,-35.27574157714844,0
The Borgias weren't bound to fix those screens.,The Borgias weren't exciting to fix those screens.,syntax_semantics,control_raising,tough_vs_raising_2,True,False,False,False,575,-65.90426635742188,-67.69493103027344,1
Sherry was soon to remember who might divorce.,Sherry was hard work to remember who might divorce.,syntax_semantics,control_raising,tough_vs_raising_2,True,False,False,False,576,-64.11399841308594,-67.2532958984375,1
Most patients weren't likely to grin.,Most patients weren't interesting to grin.,syntax_semantics,control_raising,tough_vs_raising_2,True,False,False,False,577,-38.69097900390625,-44.61473083496094,1
Monica isn't likely to wear most hats.,Monica isn't boring to wear most hats.,syntax_semantics,control_raising,tough_vs_raising_2,True,False,False,False,578,-47.418251037597656,-51.0301513671875,1
Amanda wasn't unlikely to concur.,Amanda wasn't interesting to concur.,syntax_semantics,control_raising,tough_vs_raising_2,True,False,False,False,579,-48.85455322265625,-48.47146224975586,0
Joel wasn't soon to consider some box to shut.,Joel wasn't easy to consider some box to shut.,syntax_semantics,control_raising,tough_vs_raising_2,True,False,False,False,580,-67.82394409179688,-63.85100555419922,0
Sheila wasn't bound to discover most essays.,Sheila wasn't exciting to discover most essays.,syntax_semantics,control_raising,tough_vs_raising_2,True,False,False,False,581,-58.3873291015625,-58.258758544921875,0
Irene is likely to attempt to boast.,Irene is pleasant to attempt to boast.,syntax_semantics,control_raising,tough_vs_raising_2,True,False,False,False,582,-49.738739013671875,-56.401634216308594,1
A student wasn't unlikely to climb up stairs.,A student wasn't hard work to climb up stairs.,syntax_semantics,control_raising,tough_vs_raising_2,True,False,False,False,583,-54.63490295410156,-58.331092834472656,1
Karla's hairdressers aren't apt to work hard.,Karla's hairdressers aren't pleasant to work hard.,syntax_semantics,control_raising,tough_vs_raising_2,True,False,False,False,584,-60.06684112548828,-61.71076202392578,1
Jerry is unlikely to want Derek to climb down many mountains.,Jerry is boring to want Derek to climb down many mountains.,syntax_semantics,control_raising,tough_vs_raising_2,True,False,False,False,585,-66.74369812011719,-73.2380599975586,1
Brett is certain to discover that carriage.,Brett is annoying to discover that carriage.,syntax_semantics,control_raising,tough_vs_raising_2,True,False,False,False,586,-55.1005859375,-59.36711883544922,1
Cheryl isn't unlikely to want some glacier to evaporate.,Cheryl isn't interesting to want some glacier to evaporate.,syntax_semantics,control_raising,tough_vs_raising_2,True,False,False,False,587,-73.02180480957031,-74.06684112548828,1
An organization was bound to cope.,An organization was tough to cope.,syntax_semantics,control_raising,tough_vs_raising_2,True,False,False,False,588,-36.64435577392578,-35.39845275878906,0
Nicole's cousin is certain to love Erin.,Nicole's cousin is irritating to love Erin.,syntax_semantics,control_raising,tough_vs_raising_2,True,False,False,False,589,-56.42289733886719,-61.05767822265625,1
Janet was certain to know Gerald.,Janet was unpleasant to know Gerald.,syntax_semantics,control_raising,tough_vs_raising_2,True,False,False,False,590,-48.87721252441406,-54.51211929321289,1
Raymond's father was soon to boast.,Raymond's father was pleasant to boast.,syntax_semantics,control_raising,tough_vs_raising_2,True,False,False,False,591,-51.03574752807617,-54.235469818115234,1
Grace is about to love many teenagers.,Grace is irritating to love many teenagers.,syntax_semantics,control_raising,tough_vs_raising_2,True,False,False,False,592,-43.41819763183594,-50.992774963378906,1
Jennifer's ex-girlfriend isn't bound to forget about who is crying.,Jennifer's ex-girlfriend isn't pleasant to forget about who is crying.,syntax_semantics,control_raising,tough_vs_raising_2,True,False,False,False,593,-63.49274444580078,-65.63784790039062,1
Most waitresses are likely to joke around.,Most waitresses are difficult to joke around.,syntax_semantics,control_raising,tough_vs_raising_2,True,False,False,False,594,-45.67536163330078,-47.56109619140625,1
Melinda wasn't likely to entice Jerry to exist.,Melinda wasn't exciting to entice Jerry to exist.,syntax_semantics,control_raising,tough_vs_raising_2,True,False,False,False,595,-65.54376220703125,-69.67100524902344,1
Lisa is sure to concur.,Lisa is irritating to concur.,syntax_semantics,control_raising,tough_vs_raising_2,True,False,False,False,596,-28.792163848876953,-36.465301513671875,1
Vincent's granddaughter wasn't apt to fail to forget David.,Vincent's granddaughter wasn't exciting to fail to forget David.,syntax_semantics,control_raising,tough_vs_raising_2,True,False,False,False,597,-78.40376281738281,-79.3736572265625,1
Martha's colleague was about to sell these doors.,Martha's colleague was difficult to sell these doors.,syntax_semantics,control_raising,tough_vs_raising_2,True,False,False,False,598,-55.52825164794922,-61.20437240600586,1
Theodore isn't unlikely to upset most hospitals.,Theodore isn't pleasant to upset most hospitals.,syntax_semantics,control_raising,tough_vs_raising_2,True,False,False,False,599,-64.13792419433594,-65.6545639038086,1
Monica wasn't soon to beg Gary to lift the banana.,Monica wasn't interesting to beg Gary to lift the banana.,syntax_semantics,control_raising,tough_vs_raising_2,True,False,False,False,600,-75.21441650390625,-75.40825653076172,1
Helen wasn't bound to slump over.,Helen wasn't difficult to slump over.,syntax_semantics,control_raising,tough_vs_raising_2,True,False,False,False,601,-47.769100189208984,-47.94579315185547,1
A pedestrian was about to take these dishes.,A pedestrian was easy to take these dishes.,syntax_semantics,control_raising,tough_vs_raising_2,True,False,False,False,602,-47.87742614746094,-46.937862396240234,0
Sara wasn't soon to investigate Rodney.,Sara wasn't pleasant to investigate Rodney.,syntax_semantics,control_raising,tough_vs_raising_2,True,False,False,False,603,-56.04908752441406,-56.575923919677734,1
Valerie wasn't apt to know Rose.,Valerie wasn't pleasant to know Rose.,syntax_semantics,control_raising,tough_vs_raising_2,True,False,False,False,604,-51.0390625,-49.97893524169922,0
The unicycle wasn't soon to resemble these paintings.,The unicycle wasn't interesting to resemble these paintings.,syntax_semantics,control_raising,tough_vs_raising_2,True,False,False,False,605,-65.46612548828125,-63.56142044067383,0
Anne wasn't likely to refuse to shrug.,Anne wasn't hard to refuse to shrug.,syntax_semantics,control_raising,tough_vs_raising_2,True,False,False,False,606,-44.00775146484375,-43.07795715332031,0
Every synopsis is soon to worry Dana.,Every synopsis is easy to worry Dana.,syntax_semantics,control_raising,tough_vs_raising_2,True,False,False,False,607,-56.89490509033203,-50.63551330566406,0
Winston Churchill's cousin was apt to litter.,Winston Churchill's cousin was hard to litter.,syntax_semantics,control_raising,tough_vs_raising_2,True,False,False,False,608,-66.0040512084961,-63.000091552734375,0
Vincent's father was likely to prompt some girls to hunt.,Vincent's father was hard to prompt some girls to hunt.,syntax_semantics,control_raising,tough_vs_raising_2,True,False,False,False,609,-71.73876190185547,-75.18138885498047,1
That pedestrian's ex-husbands weren't soon to go to Spain.,That pedestrian's ex-husbands weren't hard work to go to Spain.,syntax_semantics,control_raising,tough_vs_raising_2,True,False,False,False,610,-85.66331481933594,-90.84022521972656,1
Daniel's ex-girlfriends were bound to sway this university to correspond.,Daniel's ex-girlfriends were hard to sway this university to correspond.,syntax_semantics,control_raising,tough_vs_raising_2,True,False,False,False,611,-80.59141540527344,-79.53971862792969,0
Dawn was bound to laugh.,Dawn was interesting to laugh.,syntax_semantics,control_raising,tough_vs_raising_2,True,False,False,False,612,-39.759521484375,-38.098819732666016,0
Brett is about to admire Aaron.,Brett is tough to admire Aaron.,syntax_semantics,control_raising,tough_vs_raising_2,True,False,False,False,613,-46.7574348449707,-48.34458541870117,1
A lot of screens weren't certain to stun Sara.,A lot of screens weren't difficult to stun Sara.,syntax_semantics,control_raising,tough_vs_raising_2,True,False,False,False,614,-67.37102508544922,-64.88157653808594,0
The waitresses' colleagues aren't about to neglect to wash.,The waitresses' colleagues aren't enjoyable to neglect to wash.,syntax_semantics,control_raising,tough_vs_raising_2,True,False,False,False,615,-79.43645477294922,-83.85728454589844,1
Some girl was certain to question Christina.,Some girl was annoying to question Christina.,syntax_semantics,control_raising,tough_vs_raising_2,True,False,False,False,616,-47.32256317138672,-48.521942138671875,1
William wasn't likely to find these glaciers to melt.,William wasn't hard to find these glaciers to melt.,syntax_semantics,control_raising,tough_vs_raising_2,True,False,False,False,617,-54.65903854370117,-53.00053405761719,0
Michelle was apt to sway Homer's grandmother to have all doors.,Michelle was fun to sway Homer's grandmother to have all doors.,syntax_semantics,control_raising,tough_vs_raising_2,True,False,False,False,618,-80.93116760253906,-81.05622863769531,1
Wayne is sure to boast.,Wayne is fun to boast.,syntax_semantics,control_raising,tough_vs_raising_2,True,False,False,False,619,-35.35740661621094,-36.333595275878906,1
Timothy is bound to shrug.,Timothy is irritating to shrug.,syntax_semantics,control_raising,tough_vs_raising_2,True,False,False,False,620,-37.473419189453125,-43.226924896240234,1
Grace's nephews aren't soon to regret Thomas approached Katherine.,Grace's nephews aren't easy to regret Thomas approached Katherine.,syntax_semantics,control_raising,tough_vs_raising_2,True,False,False,False,621,-91.05870056152344,-87.6455307006836,0
A driver's best friends were soon to reply.,A driver's best friends were unpleasant to reply.,syntax_semantics,control_raising,tough_vs_raising_2,True,False,False,False,622,-48.79283142089844,-57.307552337646484,1
Many children aren't about to communicate.,Many children aren't enjoyable to communicate.,syntax_semantics,control_raising,tough_vs_raising_2,True,False,False,False,623,-34.38237380981445,-39.03250503540039,1
Regina was soon to wish to cheer.,Regina was hard to wish to cheer.,syntax_semantics,control_raising,tough_vs_raising_2,True,False,False,False,624,-47.75627136230469,-47.36932373046875,0
Edward isn't likely to bother John.,Edward isn't difficult to bother John.,syntax_semantics,control_raising,tough_vs_raising_2,True,False,False,False,625,-36.51416015625,-36.52547836303711,1
Carol is certain to conceal Sandra.,Carol is pleasant to conceal Sandra.,syntax_semantics,control_raising,tough_vs_raising_2,True,False,False,False,626,-49.60621643066406,-51.535560607910156,1
Heidi is certain to break the car.,Heidi is irritating to break the car.,syntax_semantics,control_raising,tough_vs_raising_2,True,False,False,False,627,-45.107566833496094,-49.95448303222656,1
That lady wasn't bound to cry.,That lady wasn't annoying to cry.,syntax_semantics,control_raising,tough_vs_raising_2,True,False,False,False,628,-39.41376495361328,-41.51780319213867,1
Tammy is bound to hug those men.,Tammy is hard to hug those men.,syntax_semantics,control_raising,tough_vs_raising_2,True,False,False,False,629,-44.6180534362793,-43.9322395324707,0
That pedestrian's daughters are unlikely to sell many pictures.,That pedestrian's daughters are enjoyable to sell many pictures.,syntax_semantics,control_raising,tough_vs_raising_2,True,False,False,False,630,-66.72488403320312,-73.43683624267578,1
Beverly isn't sure to boast.,Beverly isn't tough to boast.,syntax_semantics,control_raising,tough_vs_raising_2,True,False,False,False,631,-44.05003356933594,-45.48738098144531,1
Dennis wasn't certain to arrive at the public park.,Dennis wasn't easy to arrive at the public park.,syntax_semantics,control_raising,tough_vs_raising_2,True,False,False,False,632,-56.410282135009766,-53.747474670410156,0
Some documentaries are about to shock Carmen.,Some documentaries are enjoyable to shock Carmen.,syntax_semantics,control_raising,tough_vs_raising_2,True,False,False,False,633,-51.22441101074219,-56.937679290771484,1
Alan was unlikely to explain most adults upset Samuel.,Alan was exciting to explain most adults upset Samuel.,syntax_semantics,control_raising,tough_vs_raising_2,True,False,False,False,634,-65.6343002319336,-69.98794555664062,1
Every teenager isn't apt to beg Brian to sigh.,Every teenager isn't hard work to beg Brian to sigh.,syntax_semantics,control_raising,tough_vs_raising_2,True,False,False,False,635,-69.14372253417969,-73.91170501708984,1
April wasn't sure to flee from the bank.,April wasn't irritating to flee from the bank.,syntax_semantics,control_raising,tough_vs_raising_2,True,False,False,False,636,-42.36882781982422,-48.78040313720703,1
The child isn't apt to scream.,The child isn't tough to scream.,syntax_semantics,control_raising,tough_vs_raising_2,True,False,False,False,637,-40.70301055908203,-38.38671875,0
James is soon to tour that closet.,James is easy to tour that closet.,syntax_semantics,control_raising,tough_vs_raising_2,True,False,False,False,638,-43.4355583190918,-42.822303771972656,0
Most public parks were bound to bore Gregory.,Most public parks were easy to bore Gregory.,syntax_semantics,control_raising,tough_vs_raising_2,True,False,False,False,639,-58.410648345947266,-55.295230865478516,0
Most waiters' lawyers are sure to look to bother Alicia.,Most waiters' lawyers are annoying to look to bother Alicia.,syntax_semantics,control_raising,tough_vs_raising_2,True,False,False,False,640,-77.2855224609375,-82.92135620117188,1
George wasn't about to intend to practice.,George wasn't exciting to intend to practice.,syntax_semantics,control_raising,tough_vs_raising_2,True,False,False,False,641,-40.00173568725586,-44.90547561645508,1
Most legislatures weren't likely to badger Katherine to fire Jesus.,Most legislatures weren't easy to badger Katherine to fire Jesus.,syntax_semantics,control_raising,tough_vs_raising_2,True,False,False,False,642,-88.4219970703125,-88.98274230957031,1
Theodore was bound to mess up a fork.,Theodore was irritating to mess up a fork.,syntax_semantics,control_raising,tough_vs_raising_2,True,False,False,False,643,-55.47639465332031,-60.414451599121094,1
Rhonda's ex-girlfriends aren't certain to happen to know Janet.,Rhonda's ex-girlfriends aren't boring to happen to know Janet.,syntax_semantics,control_raising,tough_vs_raising_2,True,False,False,False,644,-78.309326171875,-79.05741882324219,1
Rose's niece isn't unlikely to anticipate some actresses to flirt.,Rose's niece isn't irritating to anticipate some actresses to flirt.,syntax_semantics,control_raising,tough_vs_raising_2,True,False,False,False,645,-77.44721221923828,-80.7272720336914,1
Some nephews of that guest weren't certain to flirt.,Some nephews of that guest weren't tough to flirt.,syntax_semantics,control_raising,tough_vs_raising_2,True,False,False,False,646,-72.17113494873047,-72.2899398803711,1
Alice's brothers weren't apt to obligate Sherry to cure the turtles.,Alice's brothers weren't hard to obligate Sherry to cure the turtles.,syntax_semantics,control_raising,tough_vs_raising_2,True,False,False,False,647,-83.01188659667969,-80.12015533447266,0
Jodi was about to research a sketch.,Jodi was irritating to research a sketch.,syntax_semantics,control_raising,tough_vs_raising_2,True,False,False,False,648,-48.478309631347656,-55.42168426513672,1
Deanna wasn't soon to laugh.,Deanna wasn't enjoyable to laugh.,syntax_semantics,control_raising,tough_vs_raising_2,True,False,False,False,649,-40.290184020996094,-39.8523063659668,0
Nina is certain to bother Paula.,Nina is hard to bother Paula.,syntax_semantics,control_raising,tough_vs_raising_2,True,False,False,False,650,-46.57372283935547,-44.30781555175781,0
Martin isn't apt to fail to study.,Martin isn't hard to fail to study.,syntax_semantics,control_raising,tough_vs_raising_2,True,False,False,False,651,-41.20574951171875,-36.235260009765625,0
Homer's dentists weren't certain to collaborate.,Homer's dentists weren't tough to collaborate.,syntax_semantics,control_raising,tough_vs_raising_2,True,False,False,False,652,-62.84052658081055,-61.473846435546875,0
Leslie isn't soon to descend a mountain.,Leslie isn't hard to descend a mountain.,syntax_semantics,control_raising,tough_vs_raising_2,True,False,False,False,653,-55.64552688598633,-50.32391357421875,0
Rodney's grandfathers aren't apt to wonder what reacted.,Rodney's grandfathers aren't unpleasant to wonder what reacted.,syntax_semantics,control_raising,tough_vs_raising_2,True,False,False,False,654,-72.37385559082031,-75.51658630371094,1
Aaron is sure to listen to Ruth.,Aaron is hard to listen to Ruth.,syntax_semantics,control_raising,tough_vs_raising_2,True,False,False,False,655,-32.00173568725586,-32.32485580444336,1
Every dancer isn't unlikely to cry.,Every dancer isn't enjoyable to cry.,syntax_semantics,control_raising,tough_vs_raising_2,True,False,False,False,656,-43.67051696777344,-43.295066833496094,0
These adults aren't unlikely to mutter.,These adults aren't unpleasant to mutter.,syntax_semantics,control_raising,tough_vs_raising_2,True,False,False,False,657,-47.81084442138672,-49.71989440917969,1
Beverly's daughters weren't soon to praise Kenneth.,Beverly's daughters weren't hard to praise Kenneth.,syntax_semantics,control_raising,tough_vs_raising_2,True,False,False,False,658,-70.90770721435547,-68.10514831542969,0
Kayla isn't apt to commission some waiter to fire Andrea.,Kayla isn't tough to commission some waiter to fire Andrea.,syntax_semantics,control_raising,tough_vs_raising_2,True,False,False,False,659,-85.23220825195312,-83.01351928710938,0
Carl's father is sure to observe Vincent.,Carl's father is boring to observe Vincent.,syntax_semantics,control_raising,tough_vs_raising_2,True,False,False,False,660,-49.177452087402344,-55.91107940673828,1
Every son of a lot of guests was sure to talk.,Every son of a lot of guests was hard to talk.,syntax_semantics,control_raising,tough_vs_raising_2,True,False,False,False,661,-51.24646759033203,-52.37065887451172,1
Ellen's mothers weren't bound to respond.,Ellen's mothers weren't annoying to respond.,syntax_semantics,control_raising,tough_vs_raising_2,True,False,False,False,662,-48.684139251708984,-52.25739288330078,1
Michael's friends are sure to fail to heal this snake.,Michael's friends are enjoyable to fail to heal this snake.,syntax_semantics,control_raising,tough_vs_raising_2,True,False,False,False,663,-56.583457946777344,-63.71492004394531,1
The Borgias were certain to compromise.,The Borgias were exciting to compromise.,syntax_semantics,control_raising,tough_vs_raising_2,True,False,False,False,664,-50.953330993652344,-53.055877685546875,1
Helen is certain to descend these mountains.,Helen is easy to descend these mountains.,syntax_semantics,control_raising,tough_vs_raising_2,True,False,False,False,665,-45.27785110473633,-42.671791076660156,0
Every child isn't bound to see these peppers.,Every child isn't hard work to see these peppers.,syntax_semantics,control_raising,tough_vs_raising_2,True,False,False,False,666,-52.107826232910156,-59.07590866088867,1
All museums aren't soon to hire Phillip.,All museums aren't easy to hire Phillip.,syntax_semantics,control_raising,tough_vs_raising_2,True,False,False,False,667,-59.23699951171875,-52.24264907836914,0
Linda's mothers are soon to litter.,Linda's mothers are pleasant to litter.,syntax_semantics,control_raising,tough_vs_raising_2,True,False,False,False,668,-52.628662109375,-55.36473083496094,1
Christopher's piano teachers weren't soon to walk through this public park.,Christopher's piano teachers weren't difficult to walk through this public park.,syntax_semantics,control_raising,tough_vs_raising_2,True,False,False,False,669,-74.9031753540039,-71.03252410888672,0
Monica wasn't about to boast about Dana.,Monica wasn't fun to boast about Dana.,syntax_semantics,control_raising,tough_vs_raising_2,True,False,False,False,670,-51.98571014404297,-55.055381774902344,1
Rhonda's electrician isn't apt to happen to compete.,Rhonda's electrician isn't tough to happen to compete.,syntax_semantics,control_raising,tough_vs_raising_2,True,False,False,False,671,-65.88780212402344,-62.565242767333984,0
Sisters of Helen are bound to retaliate.,Sisters of Helen are pleasant to retaliate.,syntax_semantics,control_raising,tough_vs_raising_2,True,False,False,False,672,-53.41658401489258,-60.50979995727539,1
Susan was about to describe David.,Susan was pleasant to describe David.,syntax_semantics,control_raising,tough_vs_raising_2,True,False,False,False,673,-28.20724868774414,-35.493263244628906,1
Adam isn't certain to drop by all museums.,Adam isn't annoying to drop by all museums.,syntax_semantics,control_raising,tough_vs_raising_2,True,False,False,False,674,-51.362640380859375,-53.13859176635742,1
The offspring wasn't sure to escape.,The offspring wasn't pleasant to escape.,syntax_semantics,control_raising,tough_vs_raising_2,True,False,False,False,675,-40.02735900878906,-44.06201934814453,1
Cheryl's electricians aren't sure to interact.,Cheryl's electricians aren't enjoyable to interact.,syntax_semantics,control_raising,tough_vs_raising_2,True,False,False,False,676,-59.456260681152344,-65.61170959472656,1
Tammy was certain to hope to write.,Tammy was interesting to hope to write.,syntax_semantics,control_raising,tough_vs_raising_2,True,False,False,False,677,-44.300758361816406,-43.772682189941406,0
Martin isn't bound to slump over.,Martin isn't fun to slump over.,syntax_semantics,control_raising,tough_vs_raising_2,True,False,False,False,678,-38.972652435302734,-38.11132049560547,0
Phillip's granddaughter isn't apt to motivate Erin to perform.,Phillip's granddaughter isn't pleasant to motivate Erin to perform.,syntax_semantics,control_raising,tough_vs_raising_2,True,False,False,False,679,-71.5703353881836,-72.83140563964844,1
That nephew of Kristin is about to leave George.,That nephew of Kristin is easy to leave George.,syntax_semantics,control_raising,tough_vs_raising_2,True,False,False,False,680,-52.21579360961914,-56.783653259277344,1
Margaret is soon to prevent Mark from irritating the guy.,Margaret is difficult to prevent Mark from irritating the guy.,syntax_semantics,control_raising,tough_vs_raising_2,True,False,False,False,681,-72.3333740234375,-70.50960540771484,0
A doctor's senators were unlikely to interact.,A doctor's senators were boring to interact.,syntax_semantics,control_raising,tough_vs_raising_2,True,False,False,False,682,-54.3722038269043,-62.965599060058594,1
Most brothers of Stacy were soon to confer.,Most brothers of Stacy were exciting to confer.,syntax_semantics,control_raising,tough_vs_raising_2,True,False,False,False,683,-57.43636703491211,-60.979576110839844,1
Kenneth's sons aren't apt to question Becca.,Kenneth's sons aren't unpleasant to question Becca.,syntax_semantics,control_raising,tough_vs_raising_2,True,False,False,False,684,-63.6863899230957,-67.99252319335938,1
Kirsten's French teacher is apt to urge Julia to examine the plays.,Kirsten's French teacher is hard to urge Julia to examine the plays.,syntax_semantics,control_raising,tough_vs_raising_2,True,False,False,False,685,-93.97225189208984,-92.42362213134766,0
Eric's supervisor isn't apt to yearn to murmur.,Eric's supervisor isn't enjoyable to yearn to murmur.,syntax_semantics,control_raising,tough_vs_raising_2,True,False,False,False,686,-75.39054107666016,-75.5924072265625,1
Roger was unlikely to praise Mary.,Roger was annoying to praise Mary.,syntax_semantics,control_raising,tough_vs_raising_2,True,False,False,False,687,-34.81386184692383,-38.50261688232422,1
David's ex-wives aren't about to reply.,David's ex-wives aren't hard work to reply.,syntax_semantics,control_raising,tough_vs_raising_2,True,False,False,False,688,-49.96546173095703,-59.37305450439453,1
This glove wasn't about to annoy Catherine.,This glove wasn't annoying to annoy Catherine.,syntax_semantics,control_raising,tough_vs_raising_2,True,False,False,False,689,-54.824893951416016,-58.51283264160156,1
Grandmothers of Galileo aren't certain to dislike these adults.,Grandmothers of Galileo aren't pleasant to dislike these adults.,syntax_semantics,control_raising,tough_vs_raising_2,True,False,False,False,690,-74.93299865722656,-77.27531433105469,1
Kirsten wasn't unlikely to complain.,Kirsten wasn't pleasant to complain.,syntax_semantics,control_raising,tough_vs_raising_2,True,False,False,False,691,-48.8751220703125,-48.87281799316406,0
Sonia's grandson isn't soon to prod Jodi to drive to some lake.,Sonia's grandson isn't hard work to prod Jodi to drive to some lake.,syntax_semantics,control_raising,tough_vs_raising_2,True,False,False,False,692,-98.21625518798828,-103.26213073730469,1
Pamphlets about politics are about to hurt Laurie.,Pamphlets about politics are tough to hurt Laurie.,syntax_semantics,control_raising,tough_vs_raising_2,True,False,False,False,693,-68.88817596435547,-73.17188262939453,1
That waitress's supervisors are about to grin.,That waitress's supervisors are irritating to grin.,syntax_semantics,control_raising,tough_vs_raising_2,True,False,False,False,694,-53.44805145263672,-62.825294494628906,1
Colleen was sure to shout.,Colleen was easy to shout.,syntax_semantics,control_raising,tough_vs_raising_2,True,False,False,False,695,-37.32683181762695,-38.09593963623047,1
Craig is certain to implore Katherine to admire chicken.,Craig is unpleasant to implore Katherine to admire chicken.,syntax_semantics,control_raising,tough_vs_raising_2,True,False,False,False,696,-70.04705810546875,-72.9023666381836,1
Katherine was apt to expect the skirts to wrinkle.,Katherine was difficult to expect the skirts to wrinkle.,syntax_semantics,control_raising,tough_vs_raising_2,True,False,False,False,697,-69.64466857910156,-68.51789855957031,0
The nephews of Ann are unlikely to fix a lot of glasses.,The nephews of Ann are tough to fix a lot of glasses.,syntax_semantics,control_raising,tough_vs_raising_2,True,False,False,False,698,-71.03551483154297,-70.7833480834961,0
Alan isn't about to dislike Walter.,Alan isn't exciting to dislike Walter.,syntax_semantics,control_raising,tough_vs_raising_2,True,False,False,False,699,-39.68244171142578,-42.53310012817383,1
Some bank wasn't unlikely to testify.,Some bank wasn't hard to testify.,syntax_semantics,control_raising,tough_vs_raising_2,True,False,False,False,700,-42.14097213745117,-38.62714385986328,0
Samuel was likely to mutter.,Samuel was boring to mutter.,syntax_semantics,control_raising,tough_vs_raising_2,True,False,False,False,701,-42.502708435058594,-48.110504150390625,1
These dancers weren't certain to appear to collaborate.,These dancers weren't exciting to appear to collaborate.,syntax_semantics,control_raising,tough_vs_raising_2,True,False,False,False,702,-58.933998107910156,-59.17371368408203,1
Those students weren't apt to intend to argue about current events.,Those students weren't hard work to intend to argue about current events.,syntax_semantics,control_raising,tough_vs_raising_2,True,False,False,False,703,-68.00428009033203,-75.51993560791016,1
Wendy isn't apt to regret some girls suffer.,Wendy isn't hard to regret some girls suffer.,syntax_semantics,control_raising,tough_vs_raising_2,True,False,False,False,704,-65.38331604003906,-60.23025894165039,0
Students' fathers weren't sure to figure out who wasn't climbing down many hills.,Students' fathers weren't irritating to figure out who wasn't climbing down many hills.,syntax_semantics,control_raising,tough_vs_raising_2,True,False,False,False,705,-84.51747131347656,-91.74185943603516,1
Those offspring aren't certain to criticize Naomi.,Those offspring aren't hard to criticize Naomi.,syntax_semantics,control_raising,tough_vs_raising_2,True,False,False,False,706,-53.31371307373047,-49.91802215576172,0
Alan's ex-girlfriends aren't unlikely to drop by movie theaters.,Alan's ex-girlfriends aren't enjoyable to drop by movie theaters.,syntax_semantics,control_raising,tough_vs_raising_2,True,False,False,False,707,-71.08622741699219,-73.03260040283203,1
James's spouse isn't unlikely to require Larry to grin.,James's spouse isn't hard work to require Larry to grin.,syntax_semantics,control_raising,tough_vs_raising_2,True,False,False,False,708,-67.23286437988281,-75.38465881347656,1
All drivers were certain to cooperate.,All drivers were easy to cooperate.,syntax_semantics,control_raising,tough_vs_raising_2,True,False,False,False,709,-36.25788879394531,-33.532867431640625,0
Christina's oncologists were unlikely to hope to depart.,Christina's oncologists were enjoyable to hope to depart.,syntax_semantics,control_raising,tough_vs_raising_2,True,False,False,False,710,-70.0733413696289,-73.02587890625,1
Wayne wasn't unlikely to like that ice.,Wayne wasn't pleasant to like that ice.,syntax_semantics,control_raising,tough_vs_raising_2,True,False,False,False,711,-55.67287063598633,-55.154964447021484,0
Derek's sister isn't about to complain about all customers.,Derek's sister isn't tough to complain about all customers.,syntax_semantics,control_raising,tough_vs_raising_2,True,False,False,False,712,-63.10340118408203,-65.68228912353516,1
A restaurant isn't bound to impress Lori.,A restaurant isn't exciting to impress Lori.,syntax_semantics,control_raising,tough_vs_raising_2,True,False,False,False,713,-48.432159423828125,-49.53964614868164,1
Many grandfathers of actresses are unlikely to reply.,Many grandfathers of actresses are irritating to reply.,syntax_semantics,control_raising,tough_vs_raising_2,True,False,False,False,714,-55.596893310546875,-63.98896026611328,1
A grandfather of Noah was bound to discover every shirt.,A grandfather of Noah was fun to discover every shirt.,syntax_semantics,control_raising,tough_vs_raising_2,True,False,False,False,715,-62.77093505859375,-65.50440216064453,1
Some man isn't certain to hug Edward.,Some man isn't boring to hug Edward.,syntax_semantics,control_raising,tough_vs_raising_2,True,False,False,False,716,-50.83354187011719,-51.06184387207031,1
Peter was certain to learn who shocks Susan.,Peter was fun to learn who shocks Susan.,syntax_semantics,control_raising,tough_vs_raising_2,True,False,False,False,717,-58.333038330078125,-56.39942932128906,0
The Lutherans are apt to care for Kimberley.,The Lutherans are annoying to care for Kimberley.,syntax_semantics,control_raising,tough_vs_raising_2,True,False,False,False,718,-60.46084976196289,-65.1003646850586,1
Debra was about to conceal Paul.,Debra was enjoyable to conceal Paul.,syntax_semantics,control_raising,tough_vs_raising_2,True,False,False,False,719,-42.893402099609375,-51.61017990112305,1
Rebecca is bound to sound like some senator.,Rebecca is hard to sound like some senator.,syntax_semantics,control_raising,tough_vs_raising_2,True,False,False,False,720,-59.12649917602539,-60.45547103881836,1
Most patients' electrician is certain to oblige Carolyn to drop by the cafes.,Most patients' electrician is easy to oblige Carolyn to drop by the cafes.,syntax_semantics,control_raising,tough_vs_raising_2,True,False,False,False,721,-104.7501220703125,-101.74542236328125,0
Some waiters weren't sure to disagree.,Some waiters weren't boring to disagree.,syntax_semantics,control_raising,tough_vs_raising_2,True,False,False,False,722,-39.697120666503906,-42.365909576416016,1
Ronald's ex-wives aren't unlikely to bother to react.,Ronald's ex-wives aren't fun to bother to react.,syntax_semantics,control_raising,tough_vs_raising_2,True,False,False,False,723,-68.93179321289062,-67.97542572021484,0
Marla is certain to hire Teresa.,Marla is easy to hire Teresa.,syntax_semantics,control_raising,tough_vs_raising_2,True,False,False,False,724,-48.89032745361328,-45.85688781738281,0
Elizabeth isn't unlikely to like to talk to Jennifer.,Elizabeth isn't unpleasant to like to talk to Jennifer.,syntax_semantics,control_raising,tough_vs_raising_2,True,False,False,False,725,-50.70241928100586,-55.74102783203125,1
Those drivers' hairdresser was apt to expect Tonya to wave.,Those drivers' hairdresser was irritating to expect Tonya to wave.,syntax_semantics,control_raising,tough_vs_raising_2,True,False,False,False,726,-90.17154693603516,-94.2447509765625,1
These grandfathers of Carolyn were sure to cry.,These grandfathers of Carolyn were boring to cry.,syntax_semantics,control_raising,tough_vs_raising_2,True,False,False,False,727,-56.225563049316406,-61.914306640625,1
Lisa isn't unlikely to turn out to learn.,Lisa isn't irritating to turn out to learn.,syntax_semantics,control_raising,tough_vs_raising_2,True,False,False,False,728,-43.33317565917969,-46.04444122314453,1
Deanna isn't soon to know who concealed Stacy.,Deanna isn't boring to know who concealed Stacy.,syntax_semantics,control_raising,tough_vs_raising_2,True,False,False,False,729,-71.00265502929688,-67.11258697509766,0
Susan is soon to plan to escape.,Susan is boring to plan to escape.,syntax_semantics,control_raising,tough_vs_raising_2,True,False,False,False,730,-34.29571533203125,-39.13093566894531,1
Todd is certain to dislike Renee.,Todd is annoying to dislike Renee.,syntax_semantics,control_raising,tough_vs_raising_2,True,False,False,False,731,-43.56888961791992,-45.58031463623047,1
Douglas's ex-wives were apt to predict those drivers to surrender.,Douglas's ex-wives were irritating to predict those drivers to surrender.,syntax_semantics,control_raising,tough_vs_raising_2,True,False,False,False,732,-91.33812713623047,-96.81348419189453,1
Most men were likely to explain Larry couldn't nod.,Most men were unpleasant to explain Larry couldn't nod.,syntax_semantics,control_raising,tough_vs_raising_2,True,False,False,False,733,-64.56534576416016,-72.04222106933594,1
Many schools were certain to cope.,Many schools were enjoyable to cope.,syntax_semantics,control_raising,tough_vs_raising_2,True,False,False,False,734,-31.97320556640625,-34.8109130859375,1
Lucille was sure to need to respect Spain.,Lucille was irritating to need to respect Spain.,syntax_semantics,control_raising,tough_vs_raising_2,True,False,False,False,735,-53.96826171875,-60.51905822753906,1
Donna was bound to escape from these dancers.,Donna was exciting to escape from these dancers.,syntax_semantics,control_raising,tough_vs_raising_2,True,False,False,False,736,-52.43741989135742,-55.00065994262695,1
Keith was apt to find out who is getting a job.,Keith was tough to find out who is getting a job.,syntax_semantics,control_raising,tough_vs_raising_2,True,False,False,False,737,-43.447959899902344,-41.61977767944336,0
Katherine isn't apt to try to scratch.,Katherine isn't annoying to try to scratch.,syntax_semantics,control_raising,tough_vs_raising_2,True,False,False,False,738,-50.38444519042969,-49.212196350097656,0
Sara's dentists weren't unlikely to negotiate.,Sara's dentists weren't easy to negotiate.,syntax_semantics,control_raising,tough_vs_raising_2,True,False,False,False,739,-56.886497497558594,-52.08600616455078,0
Christine's partner was bound to annoy the museum.,Christine's partner was pleasant to annoy the museum.,syntax_semantics,control_raising,tough_vs_raising_2,True,False,False,False,740,-59.65802001953125,-63.99336624145508,1
The people were likely to remember Anne.,The people were exciting to remember Anne.,syntax_semantics,control_raising,tough_vs_raising_2,True,False,False,False,741,-39.40245819091797,-41.553855895996094,1
Michael is about to worry Alice.,Michael is boring to worry Alice.,syntax_semantics,control_raising,tough_vs_raising_2,True,False,False,False,742,-37.570587158203125,-42.79944610595703,1
Michelle was likely to find universities to have eyes.,Michelle was boring to find universities to have eyes.,syntax_semantics,control_raising,tough_vs_raising_2,True,False,False,False,743,-51.6895866394043,-59.20832824707031,1
Noah was unlikely to find Linda.,Noah was tough to find Linda.,syntax_semantics,control_raising,tough_vs_raising_2,True,False,False,False,744,-46.688690185546875,-44.8890266418457,0
The people aren't likely to long to alarm some people.,The people aren't tough to long to alarm some people.,syntax_semantics,control_raising,tough_vs_raising_2,True,False,False,False,745,-61.37848663330078,-64.6065673828125,1
Those analyses weren't apt to irritate Catherine.,Those analyses weren't hard work to irritate Catherine.,syntax_semantics,control_raising,tough_vs_raising_2,True,False,False,False,746,-63.68185043334961,-70.0233154296875,1
Alice was about to pressure Kristin to astound most associations.,Alice was unpleasant to pressure Kristin to astound most associations.,syntax_semantics,control_raising,tough_vs_raising_2,True,False,False,False,747,-80.18843078613281,-86.01991271972656,1
That driver's piano teachers weren't about to figure out what confuses Janet.,That driver's piano teachers weren't fun to figure out what confuses Janet.,syntax_semantics,control_raising,tough_vs_raising_2,True,False,False,False,748,-92.59849548339844,-94.18247985839844,1
Daniel wasn't about to discover most skirts to distract Theresa.,Daniel wasn't fun to discover most skirts to distract Theresa.,syntax_semantics,control_raising,tough_vs_raising_2,True,False,False,False,749,-76.05282592773438,-77.33747100830078,1
Grace is soon to question Lissa.,Grace is fun to question Lissa.,syntax_semantics,control_raising,tough_vs_raising_2,True,False,False,False,750,-53.09459686279297,-52.66197967529297,0
Karla is bound to bring the cilantro.,Karla is exciting to bring the cilantro.,syntax_semantics,control_raising,tough_vs_raising_2,True,False,False,False,751,-47.66065216064453,-52.3436393737793,1
Daniel was likely to encourage Walter to work with most men.,Daniel was unpleasant to encourage Walter to work with most men.,syntax_semantics,control_raising,tough_vs_raising_2,True,False,False,False,752,-57.11988067626953,-66.25386047363281,1
That adult's nephew was unlikely to believe Richard to dislike Matt.,That adult's nephew was pleasant to believe Richard to dislike Matt.,syntax_semantics,control_raising,tough_vs_raising_2,True,False,False,False,753,-83.55729675292969,-87.14839172363281,1
Sherry is apt to encourage some patients to disagree.,Sherry is exciting to encourage some patients to disagree.,syntax_semantics,control_raising,tough_vs_raising_2,True,False,False,False,754,-57.8418083190918,-59.2347297668457,1
This driver wasn't soon to prompt an analysis to worry Heidi.,This driver wasn't easy to prompt an analysis to worry Heidi.,syntax_semantics,control_raising,tough_vs_raising_2,True,False,False,False,755,-86.11646270751953,-82.3389663696289,0
All ladies aren't unlikely to anticipate Brett to forfeit.,All ladies aren't pleasant to anticipate Brett to forfeit.,syntax_semantics,control_raising,tough_vs_raising_2,True,False,False,False,756,-70.35255432128906,-71.83151245117188,1
Naomi was certain to admire gates.,Naomi was hard work to admire gates.,syntax_semantics,control_raising,tough_vs_raising_2,True,False,False,False,757,-51.70154571533203,-57.9761962890625,1
Jane's senator is apt to know who hasn't concealed Lori.,Jane's senator is pleasant to know who hasn't concealed Lori.,syntax_semantics,control_raising,tough_vs_raising_2,True,False,False,False,758,-78.4488525390625,-80.55789184570312,1
That brochure about Jesus isn't apt to bother Noah.,That brochure about Jesus isn't irritating to bother Noah.,syntax_semantics,control_raising,tough_vs_raising_2,True,False,False,False,759,-70.08722686767578,-74.640869140625,1
Ann's dermatologist was apt to buy those planes.,Ann's dermatologist was pleasant to buy those planes.,syntax_semantics,control_raising,tough_vs_raising_2,True,False,False,False,760,-61.14730453491211,-63.35479736328125,1
Some people weren't soon to chuckle.,Some people weren't exciting to chuckle.,syntax_semantics,control_raising,tough_vs_raising_2,True,False,False,False,761,-42.3150634765625,-41.849151611328125,0
Stephanie wasn't likely to mess up every cup.,Stephanie wasn't tough to mess up every cup.,syntax_semantics,control_raising,tough_vs_raising_2,True,False,False,False,762,-59.72032165527344,-62.30278015136719,1
Adam was likely to doubt Larry was commissioning Jill to exist.,Adam was enjoyable to doubt Larry was commissioning Jill to exist.,syntax_semantics,control_raising,tough_vs_raising_2,True,False,False,False,763,-77.98355102539062,-85.88380432128906,1
Melinda isn't likely to clean a hat.,Melinda isn't interesting to clean a hat.,syntax_semantics,control_raising,tough_vs_raising_2,True,False,False,False,764,-46.23353958129883,-51.40882873535156,1
Eric was apt to threaten to see Andrea.,Eric was tough to threaten to see Andrea.,syntax_semantics,control_raising,tough_vs_raising_2,True,False,False,False,765,-49.27659225463867,-47.09988784790039,0
Some men are likely to prove to cry.,Some men are hard work to prove to cry.,syntax_semantics,control_raising,tough_vs_raising_2,True,False,False,False,766,-37.29954528808594,-48.93853759765625,1
A lot of offspring aren't about to sound like many students.,A lot of offspring aren't irritating to sound like many students.,syntax_semantics,control_raising,tough_vs_raising_2,True,False,False,False,767,-63.72210693359375,-68.18388366699219,1
Jill wasn't about to reference Pamela.,Jill wasn't enjoyable to reference Pamela.,syntax_semantics,control_raising,tough_vs_raising_2,True,False,False,False,768,-52.911468505859375,-57.40565872192383,1
Teresa wasn't apt to want to wake up.,Teresa wasn't pleasant to want to wake up.,syntax_semantics,control_raising,tough_vs_raising_2,True,False,False,False,769,-51.994171142578125,-53.46521759033203,1
Colleen's ex-boyfriends weren't apt to testify.,Colleen's ex-boyfriends weren't irritating to testify.,syntax_semantics,control_raising,tough_vs_raising_2,True,False,False,False,770,-70.75431823730469,-75.07443237304688,1
Nina isn't about to prod Brian's mentees to waste away.,Nina isn't pleasant to prod Brian's mentees to waste away.,syntax_semantics,control_raising,tough_vs_raising_2,True,False,False,False,771,-85.8934326171875,-91.6604232788086,1
Adam isn't bound to threaten to complain.,Adam isn't enjoyable to threaten to complain.,syntax_semantics,control_raising,tough_vs_raising_2,True,False,False,False,772,-41.527793884277344,-46.85255432128906,1
Carla isn't about to know Samuel.,Carla isn't enjoyable to know Samuel.,syntax_semantics,control_raising,tough_vs_raising_2,True,False,False,False,773,-45.03432083129883,-50.54179000854492,1
Most peppers were likely to rot.,Most peppers were unpleasant to rot.,syntax_semantics,control_raising,tough_vs_raising_2,True,False,False,False,774,-36.3609733581543,-42.743125915527344,1
Joel is likely to escape from Randolf.,Joel is hard to escape from Randolf.,syntax_semantics,control_raising,tough_vs_raising_2,True,False,False,False,775,-51.86723327636719,-52.544673919677734,1
All grandfathers of Kevin were bound to hide this bicycle.,All grandfathers of Kevin were annoying to hide this bicycle.,syntax_semantics,control_raising,tough_vs_raising_2,True,False,False,False,776,-69.76164245605469,-75.92835235595703,1
Some niece of Veronica isn't sure to watch Rodney.,Some niece of Veronica isn't hard work to watch Rodney.,syntax_semantics,control_raising,tough_vs_raising_2,True,False,False,False,777,-63.24471664428711,-72.97227478027344,1
Liam's dermatologist wasn't certain to threaten to tour some restaurants.,Liam's dermatologist wasn't pleasant to threaten to tour some restaurants.,syntax_semantics,control_raising,tough_vs_raising_2,True,False,False,False,778,-86.33672332763672,-89.59905242919922,1
That drawing was soon to shock Judy.,That drawing was hard to shock Judy.,syntax_semantics,control_raising,tough_vs_raising_2,True,False,False,False,779,-53.690887451171875,-50.73863983154297,0
Marcus's ex-boyfriends are sure to smile.,Marcus's ex-boyfriends are irritating to smile.,syntax_semantics,control_raising,tough_vs_raising_2,True,False,False,False,780,-48.86688232421875,-57.075469970703125,1
Vincent's employees aren't soon to cope.,Vincent's employees aren't hard work to cope.,syntax_semantics,control_raising,tough_vs_raising_2,True,False,False,False,781,-54.346744537353516,-54.91719436645508,1
Tammy isn't about to talk to George.,Tammy isn't interesting to talk to George.,syntax_semantics,control_raising,tough_vs_raising_2,True,False,False,False,782,-44.171852111816406,-46.26079177856445,1
Some nuclei weren't unlikely to resemble most paintings.,Some nuclei weren't pleasant to resemble most paintings.,syntax_semantics,control_raising,tough_vs_raising_2,True,False,False,False,783,-64.82368469238281,-65.8598861694336,1
Brenda isn't about to try to argue.,Brenda isn't pleasant to try to argue.,syntax_semantics,control_raising,tough_vs_raising_2,True,False,False,False,784,-42.25617980957031,-48.53417205810547,1
Michelle's bosses were certain to clash.,Michelle's bosses were enjoyable to clash.,syntax_semantics,control_raising,tough_vs_raising_2,True,False,False,False,785,-50.345008850097656,-52.263675689697266,1
Steven isn't about to expect all men to complain about Melanie.,Steven isn't annoying to expect all men to complain about Melanie.,syntax_semantics,control_raising,tough_vs_raising_2,True,False,False,False,786,-58.08854675292969,-63.21571350097656,1
Tina was sure to work with Tracy.,Tina was pleasant to work with Tracy.,syntax_semantics,control_raising,tough_vs_raising_2,True,False,False,False,787,-42.69981002807617,-46.6863899230957,1
Victoria was soon to intend to dislike the waiters.,Victoria was easy to intend to dislike the waiters.,syntax_semantics,control_raising,tough_vs_raising_2,True,False,False,False,788,-55.054542541503906,-51.81907272338867,0
Becca is unlikely to go fishing.,Becca is fun to go fishing.,syntax_semantics,control_raising,tough_vs_raising_2,True,False,False,False,789,-39.80162048339844,-41.438812255859375,1
Daniel wasn't likely to wish to perform.,Daniel wasn't unpleasant to wish to perform.,syntax_semantics,control_raising,tough_vs_raising_2,True,False,False,False,790,-40.291831970214844,-47.760372161865234,1
Roger's students aren't apt to forget Carl.,Roger's students aren't tough to forget Carl.,syntax_semantics,control_raising,tough_vs_raising_2,True,False,False,False,791,-53.16069793701172,-52.697940826416016,0
The people aren't sure to investigate Paul.,The people aren't interesting to investigate Paul.,syntax_semantics,control_raising,tough_vs_raising_2,True,False,False,False,792,-47.193321228027344,-50.64902114868164,1
Florence was likely to drive to this closet.,Florence was annoying to drive to this closet.,syntax_semantics,control_raising,tough_vs_raising_2,True,False,False,False,793,-56.18798065185547,-60.456668853759766,1
A grandson of Dawn isn't bound to annoy Amelia.,A grandson of Dawn isn't boring to annoy Amelia.,syntax_semantics,control_raising,tough_vs_raising_2,True,False,False,False,794,-66.70335388183594,-69.26216125488281,1
Denise's fathers were soon to doubt the adult hasn't admired Barbara.,Denise's fathers were difficult to doubt the adult hasn't admired Barbara.,syntax_semantics,control_raising,tough_vs_raising_2,True,False,False,False,795,-91.0155258178711,-92.31939697265625,1
The library is about to confuse a lot of actors.,The library is exciting to confuse a lot of actors.,syntax_semantics,control_raising,tough_vs_raising_2,True,False,False,False,796,-48.56830596923828,-50.739105224609375,1
Jill's brothers aren't soon to litter.,Jill's brothers aren't hard work to litter.,syntax_semantics,control_raising,tough_vs_raising_2,True,False,False,False,797,-58.17774200439453,-62.73180389404297,1
Gregory's lawyers are apt to confer.,Gregory's lawyers are annoying to confer.,syntax_semantics,control_raising,tough_vs_raising_2,True,False,False,False,798,-52.28723907470703,-55.65789031982422,1
Carla was apt to kiss Eva.,Carla was fun to kiss Eva.,syntax_semantics,control_raising,tough_vs_raising_2,True,False,False,False,799,-50.88459396362305,-49.47248840332031,0
Stacy was likely to clean those grocery stores.,Stacy was exciting to clean those grocery stores.,syntax_semantics,control_raising,tough_vs_raising_2,True,False,False,False,800,-45.73169708251953,-50.87797164916992,1
Some boys weren't bound to go fishing.,Some boys weren't tough to go fishing.,syntax_semantics,control_raising,tough_vs_raising_2,True,False,False,False,801,-44.85395431518555,-44.557228088378906,0
Guy wasn't unlikely to run around a museum.,Guy wasn't unpleasant to run around a museum.,syntax_semantics,control_raising,tough_vs_raising_2,True,False,False,False,802,-48.20486068725586,-51.21486282348633,1
The bank wasn't soon to hope to investigate Emily.,The bank wasn't interesting to hope to investigate Emily.,syntax_semantics,control_raising,tough_vs_raising_2,True,False,False,False,803,-66.19342041015625,-65.80280303955078,0
Those children were likely to persuade Peter to scream.,Those children were boring to persuade Peter to scream.,syntax_semantics,control_raising,tough_vs_raising_2,True,False,False,False,804,-54.74182891845703,-60.51393127441406,1
Curtis wasn't likely to grin.,Curtis wasn't interesting to grin.,syntax_semantics,control_raising,tough_vs_raising_2,True,False,False,False,805,-45.70874786376953,-47.9553337097168,1
Dennis's mothers are apt to boast.,Dennis's mothers are fun to boast.,syntax_semantics,control_raising,tough_vs_raising_2,True,False,False,False,806,-53.000301361083984,-52.85785675048828,0
The sister of these waiters isn't certain to shock some libraries.,The sister of these waiters isn't interesting to shock some libraries.,syntax_semantics,control_raising,tough_vs_raising_2,True,False,False,False,807,-84.22543334960938,-83.55752563476562,0
Deborah is bound to climb up that mountain.,Deborah is easy to climb up that mountain.,syntax_semantics,control_raising,tough_vs_raising_2,True,False,False,False,808,-48.998863220214844,-47.51789093017578,0
Some pedestrian is sure to remember Joseph.,Some pedestrian is irritating to remember Joseph.,syntax_semantics,control_raising,tough_vs_raising_2,True,False,False,False,809,-47.08202362060547,-55.78070068359375,1
A lot of patients' contractors weren't bound to hurt Homer.,A lot of patients' contractors weren't boring to hurt Homer.,syntax_semantics,control_raising,tough_vs_raising_2,True,False,False,False,810,-74.54380798339844,-78.47511291503906,1
All teachers are unlikely to respond.,All teachers are difficult to respond.,syntax_semantics,control_raising,tough_vs_raising_2,True,False,False,False,811,-29.774669647216797,-28.8172607421875,0
Maria was sure to prevent Janice from skated around all art galleries.,Maria was hard to prevent Janice from skated around all art galleries.,syntax_semantics,control_raising,tough_vs_raising_2,True,False,False,False,812,-82.0464096069336,-82.68780517578125,1
Jeffrey wasn't certain to skate around that high school.,Jeffrey wasn't interesting to skate around that high school.,syntax_semantics,control_raising,tough_vs_raising_2,True,False,False,False,813,-60.099754333496094,-59.122982025146484,0
Emily isn't unlikely to remember Lissa.,Emily isn't interesting to remember Lissa.,syntax_semantics,control_raising,tough_vs_raising_2,True,False,False,False,814,-46.46257781982422,-42.803260803222656,0
Noah isn't bound to drive to most art galleries.,Noah isn't enjoyable to drive to most art galleries.,syntax_semantics,control_raising,tough_vs_raising_2,True,False,False,False,815,-65.67161560058594,-67.37445068359375,1
Some dancers weren't sure to flirt.,Some dancers weren't difficult to flirt.,syntax_semantics,control_raising,tough_vs_raising_2,True,False,False,False,816,-44.37940979003906,-46.792213439941406,1
Denise's podiatrists are likely to consider most guests to debate.,Denise's podiatrists are exciting to consider most guests to debate.,syntax_semantics,control_raising,tough_vs_raising_2,True,False,False,False,817,-82.0159912109375,-88.4793701171875,1
Kristin is apt to leave Naomi.,Kristin is boring to leave Naomi.,syntax_semantics,control_raising,tough_vs_raising_2,True,False,False,False,818,-43.89651870727539,-48.805503845214844,1
That waitress was apt to take that ice.,That waitress was unpleasant to take that ice.,syntax_semantics,control_raising,tough_vs_raising_2,True,False,False,False,819,-50.62198257446289,-54.111732482910156,1
Heather wasn't likely to obligate George's nephew to upset Eric.,Heather wasn't boring to obligate George's nephew to upset Eric.,syntax_semantics,control_raising,tough_vs_raising_2,True,False,False,False,820,-88.59452819824219,-92.76101684570312,1
Most sisters of every boy were unlikely to wonder who begs Joel to notice Janet.,Most sisters of every boy were hard work to wonder who begs Joel to notice Janet.,syntax_semantics,control_raising,tough_vs_raising_2,True,False,False,False,821,-105.3726577758789,-113.09153747558594,1
Lucille isn't certain to bring mushrooms.,Lucille isn't hard work to bring mushrooms.,syntax_semantics,control_raising,tough_vs_raising_2,True,False,False,False,822,-47.851341247558594,-52.313507080078125,1
Suzanne's podiatrist wasn't likely to fix this window.,Suzanne's podiatrist wasn't interesting to fix this window.,syntax_semantics,control_raising,tough_vs_raising_2,True,False,False,False,823,-69.09525299072266,-72.65263366699219,1
Elizabeth is bound to flee from Laurie.,Elizabeth is difficult to flee from Laurie.,syntax_semantics,control_raising,tough_vs_raising_2,True,False,False,False,824,-40.56550598144531,-40.57001876831055,1
Beth isn't sure to push Deborah to question some child.,Beth isn't interesting to push Deborah to question some child.,syntax_semantics,control_raising,tough_vs_raising_2,True,False,False,False,825,-70.5880126953125,-74.45995330810547,1
Keith wasn't sure to sigh.,Keith wasn't pleasant to sigh.,syntax_semantics,control_raising,tough_vs_raising_2,True,False,False,False,826,-30.831016540527344,-36.901206970214844,1
A dish isn't likely to disturb every woman.,A dish isn't easy to disturb every woman.,syntax_semantics,control_raising,tough_vs_raising_2,True,False,False,False,827,-45.488773345947266,-46.9499626159668,1
Danielle wasn't soon to consider most girls to break every skateboard.,Danielle wasn't annoying to consider most girls to break every skateboard.,syntax_semantics,control_raising,tough_vs_raising_2,True,False,False,False,828,-86.04505920410156,-86.00820922851562,0
A lot of alumni were soon to bring cilantro.,A lot of alumni were irritating to bring cilantro.,syntax_semantics,control_raising,tough_vs_raising_2,True,False,False,False,829,-64.41252136230469,-70.62696075439453,1
Benjamin's dentist isn't apt to prevent those committees from joking around.,Benjamin's dentist isn't enjoyable to prevent those committees from joking around.,syntax_semantics,control_raising,tough_vs_raising_2,True,False,False,False,830,-94.34879302978516,-96.4996337890625,1
Monet wasn't bound to disturb David.,Monet wasn't easy to disturb David.,syntax_semantics,control_raising,tough_vs_raising_2,True,False,False,False,831,-48.166297912597656,-46.05181884765625,0
Caroline was sure to care for Diane.,Caroline was irritating to care for Diane.,syntax_semantics,control_raising,tough_vs_raising_2,True,False,False,False,832,-45.971046447753906,-52.09662628173828,1
The girls' lawyer isn't bound to cure every actress.,The girls' lawyer isn't annoying to cure every actress.,syntax_semantics,control_raising,tough_vs_raising_2,True,False,False,False,833,-68.12216186523438,-72.32317352294922,1
Clyde isn't apt to drive to a school.,Clyde isn't easy to drive to a school.,syntax_semantics,control_raising,tough_vs_raising_2,True,False,False,False,834,-56.90160369873047,-52.31904220581055,0
Keith isn't likely to like Jennifer.,Keith isn't easy to like Jennifer.,syntax_semantics,control_raising,tough_vs_raising_2,True,False,False,False,835,-37.06550598144531,-35.67089080810547,0
Libraries are likely to motivate Debra's grandmother to know Melissa.,Libraries are tough to motivate Debra's grandmother to know Melissa.,syntax_semantics,control_raising,tough_vs_raising_2,True,False,False,False,836,-79.88215637207031,-83.13764953613281,1
Erin wasn't unlikely to explore the hospitals.,Erin wasn't tough to explore the hospitals.,syntax_semantics,control_raising,tough_vs_raising_2,True,False,False,False,837,-52.32745361328125,-50.14885711669922,0
That friend of Martha was about to discuss Todd.,That friend of Martha was enjoyable to discuss Todd.,syntax_semantics,control_raising,tough_vs_raising_2,True,False,False,False,838,-54.785736083984375,-63.305809020996094,1
Regina is unlikely to alarm a bank.,Regina is exciting to alarm a bank.,syntax_semantics,control_raising,tough_vs_raising_2,True,False,False,False,839,-48.31102752685547,-54.58336639404297,1
The driver is about to fix that computer.,The driver is fun to fix that computer.,syntax_semantics,control_raising,tough_vs_raising_2,True,False,False,False,840,-39.238433837890625,-44.668216705322266,1
Janice is about to laugh.,Janice is annoying to laugh.,syntax_semantics,control_raising,tough_vs_raising_2,True,False,False,False,841,-31.404926300048828,-37.484031677246094,1
Some spotlights were bound to resemble a lot of paintings.,Some spotlights were fun to resemble a lot of paintings.,syntax_semantics,control_raising,tough_vs_raising_2,True,False,False,False,842,-56.0364990234375,-55.56099319458008,0
Adam isn't certain to threaten to wake up.,Adam isn't irritating to threaten to wake up.,syntax_semantics,control_raising,tough_vs_raising_2,True,False,False,False,843,-40.84369659423828,-44.111019134521484,1
Kimberley isn't bound to shrug.,Kimberley isn't easy to shrug.,syntax_semantics,control_raising,tough_vs_raising_2,True,False,False,False,844,-47.47111511230469,-41.774810791015625,0
Stephen was likely to prove to heal Derek.,Stephen was pleasant to prove to heal Derek.,syntax_semantics,control_raising,tough_vs_raising_2,True,False,False,False,845,-49.315574645996094,-56.77467346191406,1
Some dancers were certain to cope.,Some dancers were irritating to cope.,syntax_semantics,control_raising,tough_vs_raising_2,True,False,False,False,846,-37.7337646484375,-42.74782943725586,1
Cynthia wasn't likely to learn what bothers Kathleen.,Cynthia wasn't hard to learn what bothers Kathleen.,syntax_semantics,control_raising,tough_vs_raising_2,True,False,False,False,847,-68.06163787841797,-65.92929077148438,0
Kenneth's mother wasn't about to return to a lot of doctors.,Kenneth's mother wasn't tough to return to a lot of doctors.,syntax_semantics,control_raising,tough_vs_raising_2,True,False,False,False,848,-61.087764739990234,-63.694217681884766,1
This government is soon to interact.,This government is fun to interact.,syntax_semantics,control_raising,tough_vs_raising_2,True,False,False,False,849,-36.175926208496094,-36.82518005371094,1
Stephen's ex-boyfriend isn't likely to examine these movies.,Stephen's ex-boyfriend isn't irritating to examine these movies.,syntax_semantics,control_raising,tough_vs_raising_2,True,False,False,False,850,-62.03126525878906,-69.60589599609375,1
A lot of associations aren't about to badger Gina to run around the museums.,A lot of associations aren't annoying to badger Gina to run around the museums.,syntax_semantics,control_raising,tough_vs_raising_2,True,False,False,False,851,-102.42744445800781,-104.31488037109375,1
Many girls weren't unlikely to react.,Many girls weren't easy to react.,syntax_semantics,control_raising,tough_vs_raising_2,True,False,False,False,852,-40.867557525634766,-36.78666687011719,0
Veronica was certain to attack Matt.,Veronica was difficult to attack Matt.,syntax_semantics,control_raising,tough_vs_raising_2,True,False,False,False,853,-48.81532287597656,-46.18790817260742,0
Samantha isn't certain to spur those students to astound Nicole.,Samantha isn't easy to spur those students to astound Nicole.,syntax_semantics,control_raising,tough_vs_raising_2,True,False,False,False,854,-86.80804443359375,-83.28711700439453,0
Claire isn't sure to wish to weep.,Claire isn't unpleasant to wish to weep.,syntax_semantics,control_raising,tough_vs_raising_2,True,False,False,False,855,-51.03186798095703,-58.184303283691406,1
The Borgias were about to boycott every public park.,The Borgias were hard work to boycott every public park.,syntax_semantics,control_raising,tough_vs_raising_2,True,False,False,False,856,-70.7222900390625,-78.72818756103516,1
Maria was apt to anticipate Tiffany to alarm the boys.,Maria was boring to anticipate Tiffany to alarm the boys.,syntax_semantics,control_raising,tough_vs_raising_2,True,False,False,False,857,-67.32879638671875,-71.8396224975586,1
All children aren't sure to react.,All children aren't difficult to react.,syntax_semantics,control_raising,tough_vs_raising_2,True,False,False,False,858,-35.06867980957031,-34.438453674316406,0
Craig's handymen were sure to flirt.,Craig's handymen were hard to flirt.,syntax_semantics,control_raising,tough_vs_raising_2,True,False,False,False,859,-48.11097717285156,-49.94572448730469,1
Gerald is likely to convince most teenagers to investigate Janet.,Gerald is annoying to convince most teenagers to investigate Janet.,syntax_semantics,control_raising,tough_vs_raising_2,True,False,False,False,860,-73.50144958496094,-80.32279968261719,1
Vanessa wasn't certain to notice Christine.,Vanessa wasn't annoying to notice Christine.,syntax_semantics,control_raising,tough_vs_raising_2,True,False,False,False,861,-51.39767837524414,-53.18867874145508,1
An actor wasn't bound to propose to drive to these banks.,An actor wasn't unpleasant to propose to drive to these banks.,syntax_semantics,control_raising,tough_vs_raising_2,True,False,False,False,862,-74.43472290039062,-78.13294219970703,1
That driver was sure to clean some cup.,That driver was boring to clean some cup.,syntax_semantics,control_raising,tough_vs_raising_2,True,False,False,False,863,-46.99999237060547,-54.017822265625,1
Florence's granddaughters were soon to alarm Kimberley.,Florence's granddaughters were difficult to alarm Kimberley.,syntax_semantics,control_raising,tough_vs_raising_2,True,False,False,False,864,-81.52116394042969,-81.65000915527344,1
Sherry isn't certain to reveal who shouldn't order Janet's contractors to sit down.,Sherry isn't exciting to reveal who shouldn't order Janet's contractors to sit down.,syntax_semantics,control_raising,tough_vs_raising_2,True,False,False,False,865,-105.68482971191406,-106.48486328125,1
Meredith was apt to return to Sarah.,Meredith was interesting to return to Sarah.,syntax_semantics,control_raising,tough_vs_raising_2,True,False,False,False,866,-46.83546447753906,-47.908145904541016,1
Wendy's granddaughters are likely to fail to evaporate.,Wendy's granddaughters are hard to fail to evaporate.,syntax_semantics,control_raising,tough_vs_raising_2,True,False,False,False,867,-66.5022964477539,-70.14886474609375,1
Tonya's granddaughter isn't likely to annoy Julia.,Tonya's granddaughter isn't enjoyable to annoy Julia.,syntax_semantics,control_raising,tough_vs_raising_2,True,False,False,False,868,-55.705989837646484,-63.56006622314453,1
Stephanie's partner was sure to talk about Wendy.,Stephanie's partner was tough to talk about Wendy.,syntax_semantics,control_raising,tough_vs_raising_2,True,False,False,False,869,-57.382652282714844,-60.487213134765625,1
The peppers weren't bound to rot.,The peppers weren't difficult to rot.,syntax_semantics,control_raising,tough_vs_raising_2,True,False,False,False,870,-46.545692443847656,-45.47509765625,0
That guest's sisters weren't bound to collaborate.,That guest's sisters weren't tough to collaborate.,syntax_semantics,control_raising,tough_vs_raising_2,True,False,False,False,871,-58.648406982421875,-58.543601989746094,0
Beverly wasn't about to astound many teachers.,Beverly wasn't pleasant to astound many teachers.,syntax_semantics,control_raising,tough_vs_raising_2,True,False,False,False,872,-66.40361022949219,-68.54863739013672,1
Colleen is bound to take a bird.,Colleen is hard to take a bird.,syntax_semantics,control_raising,tough_vs_raising_2,True,False,False,False,873,-41.83028030395508,-41.58149719238281,0
Danielle isn't about to prefer Wayne to remember Danielle.,Danielle isn't difficult to prefer Wayne to remember Danielle.,syntax_semantics,control_raising,tough_vs_raising_2,True,False,False,False,874,-66.36430358886719,-66.71808624267578,1
Grace wasn't apt to require Melinda to wash.,Grace wasn't hard work to require Melinda to wash.,syntax_semantics,control_raising,tough_vs_raising_2,True,False,False,False,875,-68.94760131835938,-73.48577880859375,1
All scarves weren't bound to hurt Richard.,All scarves weren't boring to hurt Richard.,syntax_semantics,control_raising,tough_vs_raising_2,True,False,False,False,876,-53.83745574951172,-57.10376739501953,1
John's bosses are soon to collaborate.,John's bosses are interesting to collaborate.,syntax_semantics,control_raising,tough_vs_raising_2,True,False,False,False,877,-42.5244255065918,-44.69518280029297,1
Brian is soon to reveal who walk through every restaurant.,Brian is easy to reveal who walk through every restaurant.,syntax_semantics,control_raising,tough_vs_raising_2,True,False,False,False,878,-58.553367614746094,-55.88117218017578,0
Brenda's boyfriend wasn't certain to descend a lot of steps.,Brenda's boyfriend wasn't fun to descend a lot of steps.,syntax_semantics,control_raising,tough_vs_raising_2,True,False,False,False,879,-68.7078857421875,-67.95706176757812,0
Becky was unlikely to conceal Beverly.,Becky was hard to conceal Beverly.,syntax_semantics,control_raising,tough_vs_raising_2,True,False,False,False,880,-46.871971130371094,-45.36308288574219,0
David wasn't certain to escape.,David wasn't enjoyable to escape.,syntax_semantics,control_raising,tough_vs_raising_2,True,False,False,False,881,-30.674829483032227,-32.37685012817383,1
George wasn't bound to boycott the grocery store.,George wasn't enjoyable to boycott the grocery store.,syntax_semantics,control_raising,tough_vs_raising_2,True,False,False,False,882,-47.15155029296875,-49.731266021728516,1
Richard's electrician was sure to skate around most lakes.,Richard's electrician was fun to skate around most lakes.,syntax_semantics,control_raising,tough_vs_raising_2,True,False,False,False,883,-65.48663330078125,-67.35259246826172,1
Ruth's associate isn't soon to flee from Andrea.,Ruth's associate isn't annoying to flee from Andrea.,syntax_semantics,control_raising,tough_vs_raising_2,True,False,False,False,884,-73.26045227050781,-73.19583129882812,0
A lot of grandsons of Dan are about to escape from every movie theater.,A lot of grandsons of Dan are annoying to escape from every movie theater.,syntax_semantics,control_raising,tough_vs_raising_2,True,False,False,False,885,-81.77095031738281,-89.1977767944336,1
Natalie's tutors weren't bound to cope.,Natalie's tutors weren't easy to cope.,syntax_semantics,control_raising,tough_vs_raising_2,True,False,False,False,886,-55.332183837890625,-51.039180755615234,0
Angela isn't sure to regret some cafe isn't impressing Kathleen.,Angela isn't exciting to regret some cafe isn't impressing Kathleen.,syntax_semantics,control_raising,tough_vs_raising_2,True,False,False,False,887,-91.90602111816406,-97.43269348144531,1
The mothers of Ruth were apt to escape from Clyde.,The mothers of Ruth were interesting to escape from Clyde.,syntax_semantics,control_raising,tough_vs_raising_2,True,False,False,False,888,-67.29182434082031,-68.22518920898438,1
The ladies aren't sure to entice patients to cope.,The ladies aren't exciting to entice patients to cope.,syntax_semantics,control_raising,tough_vs_raising_2,True,False,False,False,889,-58.72951889038086,-62.07805633544922,1
Angela's brothers weren't likely to know Jane.,Angela's brothers weren't hard to know Jane.,syntax_semantics,control_raising,tough_vs_raising_2,True,False,False,False,890,-55.01466751098633,-54.12712097167969,0
Jeffrey isn't soon to resemble this photograph.,Jeffrey isn't hard to resemble this photograph.,syntax_semantics,control_raising,tough_vs_raising_2,True,False,False,False,891,-54.116214752197266,-50.55832290649414,0
Wendy wasn't about to joke around.,Wendy wasn't tough to joke around.,syntax_semantics,control_raising,tough_vs_raising_2,True,False,False,False,892,-47.794158935546875,-48.87494659423828,1
John wasn't soon to sway Alicia to talk about Rachelle.,John wasn't tough to sway Alicia to talk about Rachelle.,syntax_semantics,control_raising,tough_vs_raising_2,True,False,False,False,893,-74.16703796386719,-72.84204864501953,0
Renee's partners are sure to prevent science from irritating Stephanie.,Renee's partners are interesting to prevent science from irritating Stephanie.,syntax_semantics,control_raising,tough_vs_raising_2,True,False,False,False,894,-74.90728759765625,-81.11212158203125,1
Charles isn't likely to chuckle.,Charles isn't hard to chuckle.,syntax_semantics,control_raising,tough_vs_raising_2,True,False,False,False,895,-30.62464141845703,-29.204910278320312,0
The hospitals aren't soon to entice Todd's partner to study.,The hospitals aren't exciting to entice Todd's partner to study.,syntax_semantics,control_raising,tough_vs_raising_2,True,False,False,False,896,-78.71542358398438,-78.51483917236328,0
Every waiter was soon to talk to Susan.,Every waiter was tough to talk to Susan.,syntax_semantics,control_raising,tough_vs_raising_2,True,False,False,False,897,-48.0555419921875,-49.466888427734375,1
Some cashiers are soon to ascend the ladder.,Some cashiers are tough to ascend the ladder.,syntax_semantics,control_raising,tough_vs_raising_2,True,False,False,False,898,-49.895301818847656,-48.184288024902344,0
Stephanie isn't bound to tempt that woman to die.,Stephanie isn't hard work to tempt that woman to die.,syntax_semantics,control_raising,tough_vs_raising_2,True,False,False,False,899,-66.84414672851562,-73.4188232421875,1
Stephanie's brothers weren't bound to try to disgust some actor.,Stephanie's brothers weren't boring to try to disgust some actor.,syntax_semantics,control_raising,tough_vs_raising_2,True,False,False,False,900,-84.99311828613281,-86.36015319824219,1
Every actor is apt to observe Beverly.,Every actor is interesting to observe Beverly.,syntax_semantics,control_raising,tough_vs_raising_2,True,False,False,False,901,-52.09342575073242,-51.1885986328125,0
Carol is unlikely to hide couches.,Carol is unpleasant to hide couches.,syntax_semantics,control_raising,tough_vs_raising_2,True,False,False,False,902,-43.83295440673828,-50.229698181152344,1
Nancy wasn't about to believe Guy to protest.,Nancy wasn't unpleasant to believe Guy to protest.,syntax_semantics,control_raising,tough_vs_raising_2,True,False,False,False,903,-62.37666702270508,-70.68345642089844,1
A lot of students aren't soon to bike to the high school.,A lot of students aren't enjoyable to bike to the high school.,syntax_semantics,control_raising,tough_vs_raising_2,True,False,False,False,904,-67.56468200683594,-66.70442962646484,0
Benjamin's classmates weren't soon to smile.,Benjamin's classmates weren't tough to smile.,syntax_semantics,control_raising,tough_vs_raising_2,True,False,False,False,905,-56.53752136230469,-55.50666809082031,0
Martin isn't apt to descend the ladder.,Martin isn't boring to descend the ladder.,syntax_semantics,control_raising,tough_vs_raising_2,True,False,False,False,906,-45.653831481933594,-45.42816925048828,0
Every dancer was about to mutter.,Every dancer was tough to mutter.,syntax_semantics,control_raising,tough_vs_raising_2,True,False,False,False,907,-42.5606689453125,-45.558349609375,1
Jeffrey's guest isn't sure to sway Mary to sigh.,Jeffrey's guest isn't annoying to sway Mary to sigh.,syntax_semantics,control_raising,tough_vs_raising_2,True,False,False,False,908,-76.11985778808594,-81.15958404541016,1
A lot of pants were about to irritate Donna.,A lot of pants were unpleasant to irritate Donna.,syntax_semantics,control_raising,tough_vs_raising_2,True,False,False,False,909,-62.64091491699219,-66.48104858398438,1
This association wasn't sure to realize who talk.,This association wasn't boring to realize who talk.,syntax_semantics,control_raising,tough_vs_raising_2,True,False,False,False,910,-57.64386749267578,-59.09513854980469,1
The teachers were likely to nod.,The teachers were irritating to nod.,syntax_semantics,control_raising,tough_vs_raising_2,True,False,False,False,911,-37.7700080871582,-46.55961608886719,1
Kimberley isn't sure to look to discuss Carol.,Kimberley isn't hard work to look to discuss Carol.,syntax_semantics,control_raising,tough_vs_raising_2,True,False,False,False,912,-59.09162139892578,-69.94828796386719,1
Aaron was likely to nod.,Aaron was tough to nod.,syntax_semantics,control_raising,tough_vs_raising_2,True,False,False,False,913,-26.365087509155273,-29.10704803466797,1
Sheila's ex-girlfriends aren't certain to clash.,Sheila's ex-girlfriends aren't irritating to clash.,syntax_semantics,control_raising,tough_vs_raising_2,True,False,False,False,914,-67.18156433105469,-71.03797149658203,1
April is likely to lie.,April is unpleasant to lie.,syntax_semantics,control_raising,tough_vs_raising_2,True,False,False,False,915,-20.439504623413086,-29.667144775390625,1
Nicole's podiatrists are bound to chat.,Nicole's podiatrists are pleasant to chat.,syntax_semantics,control_raising,tough_vs_raising_2,True,False,False,False,916,-58.16410827636719,-57.904518127441406,0
The Borgias weren't sure to communicate.,The Borgias weren't hard work to communicate.,syntax_semantics,control_raising,tough_vs_raising_2,True,False,False,False,917,-50.6429557800293,-59.66643524169922,1
Some grandfathers of Larry weren't certain to find some cakes to disturb this committee.,Some grandfathers of Larry weren't pleasant to find some cakes to disturb this committee.,syntax_semantics,control_raising,tough_vs_raising_2,True,False,False,False,918,-106.8174057006836,-109.51800537109375,1
Noah's best friend wasn't likely to refuse to aggravate some guy.,Noah's best friend wasn't difficult to refuse to aggravate some guy.,syntax_semantics,control_raising,tough_vs_raising_2,True,False,False,False,919,-79.80267333984375,-80.8672866821289,1
Stacey wasn't unlikely to admire Stephanie.,Stacey wasn't easy to admire Stephanie.,syntax_semantics,control_raising,tough_vs_raising_2,True,False,False,False,920,-55.75384521484375,-49.888729095458984,0
Drivers are likely to negotiate.,Drivers are fun to negotiate.,syntax_semantics,control_raising,tough_vs_raising_2,True,False,False,False,921,-30.232906341552734,-33.703285217285156,1
Marcus isn't soon to chuckle.,Marcus isn't easy to chuckle.,syntax_semantics,control_raising,tough_vs_raising_2,True,False,False,False,922,-35.72987365722656,-28.88443374633789,0
Jodi's fathers were bound to smile.,Jodi's fathers were interesting to smile.,syntax_semantics,control_raising,tough_vs_raising_2,True,False,False,False,923,-50.21505355834961,-53.158382415771484,1
Benjamin was unlikely to explore a grocery store.,Benjamin was difficult to explore a grocery store.,syntax_semantics,control_raising,tough_vs_raising_2,True,False,False,False,924,-55.19047546386719,-53.04964065551758,0
Douglas wasn't certain to lift some cats.,Douglas wasn't exciting to lift some cats.,syntax_semantics,control_raising,tough_vs_raising_2,True,False,False,False,925,-55.70671463012695,-58.06081771850586,1
Homer was about to require Judy to reference Susan.,Homer was difficult to require Judy to reference Susan.,syntax_semantics,control_raising,tough_vs_raising_2,True,False,False,False,926,-70.9768295288086,-71.742919921875,1
Nicole isn't bound to skate around the cafes.,Nicole isn't easy to skate around the cafes.,syntax_semantics,control_raising,tough_vs_raising_2,True,False,False,False,927,-55.9554557800293,-51.34636688232422,0
Maria isn't bound to smile.,Maria isn't boring to smile.,syntax_semantics,control_raising,tough_vs_raising_2,True,False,False,False,928,-29.29147720336914,-29.433338165283203,1
Maria isn't certain to encourage every organization to take a lot of books.,Maria isn't pleasant to encourage every organization to take a lot of books.,syntax_semantics,control_raising,tough_vs_raising_2,True,False,False,False,929,-60.92311096191406,-65.22320556640625,1
Some son of this senator was apt to escape from that pedestrian.,Some son of this senator was unpleasant to escape from that pedestrian.,syntax_semantics,control_raising,tough_vs_raising_2,True,False,False,False,930,-72.70240020751953,-76.85629272460938,1
Carl is soon to ask Stacey's daughter to find Elizabeth.,Carl is interesting to ask Stacey's daughter to find Elizabeth.,syntax_semantics,control_raising,tough_vs_raising_2,True,False,False,False,931,-64.50170135498047,-64.48942565917969,0
Elaine isn't about to continue to flee from Jerry.,Elaine isn't boring to continue to flee from Jerry.,syntax_semantics,control_raising,tough_vs_raising_2,True,False,False,False,932,-63.77461242675781,-68.47125244140625,1
Tracy's ex-girlfriends aren't apt to examine every play.,Tracy's ex-girlfriends aren't enjoyable to examine every play.,syntax_semantics,control_raising,tough_vs_raising_2,True,False,False,False,933,-74.62168884277344,-76.21697998046875,1
Every goose is soon to bore Janet.,Every goose is unpleasant to bore Janet.,syntax_semantics,control_raising,tough_vs_raising_2,True,False,False,False,934,-53.819923400878906,-56.73705291748047,1
Monica wasn't bound to entice Cheryl to observe many boys.,Monica wasn't hard work to entice Cheryl to observe many boys.,syntax_semantics,control_raising,tough_vs_raising_2,True,False,False,False,935,-81.89263916015625,-86.12547302246094,1
Naomi is apt to press Carol to bother Alice.,Naomi is irritating to press Carol to bother Alice.,syntax_semantics,control_raising,tough_vs_raising_2,True,False,False,False,936,-73.93336486816406,-77.00352478027344,1
Tammy's supervisor was apt to conceal what could flatten.,Tammy's supervisor was interesting to conceal what could flatten.,syntax_semantics,control_raising,tough_vs_raising_2,True,False,False,False,937,-74.17832946777344,-76.14350128173828,1
Sheila isn't about to think about Deborah.,Sheila isn't tough to think about Deborah.,syntax_semantics,control_raising,tough_vs_raising_2,True,False,False,False,938,-43.48834228515625,-46.14714813232422,1
Sandra's supervisor was unlikely to discover what are bothering Carlos.,Sandra's supervisor was tough to discover what are bothering Carlos.,syntax_semantics,control_raising,tough_vs_raising_2,True,False,False,False,939,-85.21614074707031,-84.233642578125,0
Sarah is about to advise Brenda to lie.,Sarah is irritating to advise Brenda to lie.,syntax_semantics,control_raising,tough_vs_raising_2,True,False,False,False,940,-46.944210052490234,-56.216224670410156,1
Brett wasn't likely to fall.,Brett wasn't tough to fall.,syntax_semantics,control_raising,tough_vs_raising_2,True,False,False,False,941,-41.06853103637695,-42.57379913330078,1
Many ladies weren't sure to think some committee reacts.,Many ladies weren't interesting to think some committee reacts.,syntax_semantics,control_raising,tough_vs_raising_2,True,False,False,False,942,-67.86804962158203,-72.21546173095703,1
Valerie is sure to push many guys to kiss every dancer.,Valerie is exciting to push many guys to kiss every dancer.,syntax_semantics,control_raising,tough_vs_raising_2,True,False,False,False,943,-71.93836975097656,-77.87541961669922,1
Valerie is certain to talk about Douglas.,Valerie is enjoyable to talk about Douglas.,syntax_semantics,control_raising,tough_vs_raising_2,True,False,False,False,944,-44.88888168334961,-46.3446044921875,1
Patricia was unlikely to turn out to twirl.,Patricia was pleasant to turn out to twirl.,syntax_semantics,control_raising,tough_vs_raising_2,True,False,False,False,945,-57.50443649291992,-61.24748992919922,1
Grace's friend was sure to talk.,Grace's friend was difficult to talk.,syntax_semantics,control_raising,tough_vs_raising_2,True,False,False,False,946,-42.462093353271484,-44.282371520996094,1
The person's grandfathers are likely to think Florence embarrassed Florence.,The person's grandfathers are difficult to think Florence embarrassed Florence.,syntax_semantics,control_raising,tough_vs_raising_2,True,False,False,False,947,-77.85450744628906,-80.03327941894531,1
Teresa is about to fail to complain about Florence.,Teresa is irritating to fail to complain about Florence.,syntax_semantics,control_raising,tough_vs_raising_2,True,False,False,False,948,-57.909202575683594,-67.22038269042969,1
Connie is certain to litter.,Connie is interesting to litter.,syntax_semantics,control_raising,tough_vs_raising_2,True,False,False,False,949,-42.436302185058594,-44.097660064697266,1
Stacy's guests weren't sure to hire every waiter.,Stacy's guests weren't enjoyable to hire every waiter.,syntax_semantics,control_raising,tough_vs_raising_2,True,False,False,False,950,-62.645965576171875,-71.72755432128906,1
Every commentary is certain to annoy Holly.,Every commentary is irritating to annoy Holly.,syntax_semantics,control_raising,tough_vs_raising_2,True,False,False,False,951,-52.82855987548828,-56.816646575927734,1
Bethany's employees are soon to exit a lot of mountains.,Bethany's employees are hard work to exit a lot of mountains.,syntax_semantics,control_raising,tough_vs_raising_2,True,False,False,False,952,-69.25345611572266,-76.11113739013672,1
Rhonda is sure to insult Stephanie.,Rhonda is enjoyable to insult Stephanie.,syntax_semantics,control_raising,tough_vs_raising_2,True,False,False,False,953,-45.4737548828125,-53.2526969909668,1
These guys' sons are apt to remember Deanna.,These guys' sons are interesting to remember Deanna.,syntax_semantics,control_raising,tough_vs_raising_2,True,False,False,False,954,-58.962257385253906,-59.887245178222656,1
Linda isn't unlikely to prefer that sweater to tighten.,Linda isn't boring to prefer that sweater to tighten.,syntax_semantics,control_raising,tough_vs_raising_2,True,False,False,False,955,-70.61299133300781,-67.997802734375,0
That dancer's mothers aren't likely to reply.,That dancer's mothers aren't hard work to reply.,syntax_semantics,control_raising,tough_vs_raising_2,True,False,False,False,956,-51.583351135253906,-62.102901458740234,1
Beth is likely to examine all plays.,Beth is unpleasant to examine all plays.,syntax_semantics,control_raising,tough_vs_raising_2,True,False,False,False,957,-48.07611846923828,-56.36115264892578,1
Rebecca is unlikely to descend a lot of mountains.,Rebecca is fun to descend a lot of mountains.,syntax_semantics,control_raising,tough_vs_raising_2,True,False,False,False,958,-58.85432434082031,-60.208831787109375,1
Vincent's oncologist was about to discover Frank.,Vincent's oncologist was pleasant to discover Frank.,syntax_semantics,control_raising,tough_vs_raising_2,True,False,False,False,959,-69.17864990234375,-75.31395721435547,1
This synopsis wasn't unlikely to irritate Dana.,This synopsis wasn't irritating to irritate Dana.,syntax_semantics,control_raising,tough_vs_raising_2,True,False,False,False,960,-64.06476593017578,-64.22083282470703,1
These museums were about to hurt Veronica.,These museums were easy to hurt Veronica.,syntax_semantics,control_raising,tough_vs_raising_2,True,False,False,False,961,-51.949951171875,-52.359893798828125,1
Diana isn't bound to notice Rebecca.,Diana isn't difficult to notice Rebecca.,syntax_semantics,control_raising,tough_vs_raising_2,True,False,False,False,962,-51.12741470336914,-47.931304931640625,0
Sharon's partners were unlikely to prod the customers to blink.,Sharon's partners were fun to prod the customers to blink.,syntax_semantics,control_raising,tough_vs_raising_2,True,False,False,False,963,-81.66627502441406,-83.90586853027344,1
Some girl is certain to worry Paul.,Some girl is easy to worry Paul.,syntax_semantics,control_raising,tough_vs_raising_2,True,False,False,False,964,-46.06631851196289,-43.67549514770508,0
Teresa is sure to bring some windows.,Teresa is unpleasant to bring some windows.,syntax_semantics,control_raising,tough_vs_raising_2,True,False,False,False,965,-44.38356399536133,-55.64931869506836,1
A school was unlikely to compete.,A school was boring to compete.,syntax_semantics,control_raising,tough_vs_raising_2,True,False,False,False,966,-33.36648941040039,-39.053306579589844,1
A lot of drivers are soon to clash.,A lot of drivers are irritating to clash.,syntax_semantics,control_raising,tough_vs_raising_2,True,False,False,False,967,-47.860015869140625,-50.81475067138672,1
Rachel is soon to command Nina's mothers to hide away.,Rachel is exciting to command Nina's mothers to hide away.,syntax_semantics,control_raising,tough_vs_raising_2,True,False,False,False,968,-67.63511657714844,-72.00735473632812,1
Some child is sure to boycott public parks.,Some child is easy to boycott public parks.,syntax_semantics,control_raising,tough_vs_raising_2,True,False,False,False,969,-49.98445129394531,-51.52044677734375,1
Ruth wasn't likely to fail to slump over.,Ruth wasn't fun to fail to slump over.,syntax_semantics,control_raising,tough_vs_raising_2,True,False,False,False,970,-59.66135787963867,-62.46234130859375,1
Deanna was apt to hide some plates.,Deanna was interesting to hide some plates.,syntax_semantics,control_raising,tough_vs_raising_2,True,False,False,False,971,-47.91376495361328,-49.29249954223633,1
Dan wasn't about to explore every public park.,Dan wasn't hard work to explore every public park.,syntax_semantics,control_raising,tough_vs_raising_2,True,False,False,False,972,-50.4693489074707,-58.7805061340332,1
The Clintons are about to boast about some actress.,The Clintons are fun to boast about some actress.,syntax_semantics,control_raising,tough_vs_raising_2,True,False,False,False,973,-56.480342864990234,-62.07886505126953,1
Gregory's student wasn't soon to ascend this mountain.,Gregory's student wasn't pleasant to ascend this mountain.,syntax_semantics,control_raising,tough_vs_raising_2,True,False,False,False,974,-65.44369506835938,-66.52177429199219,1
Jerry wasn't likely to reveal Rhonda.,Jerry wasn't tough to reveal Rhonda.,syntax_semantics,control_raising,tough_vs_raising_2,True,False,False,False,975,-45.21250534057617,-47.45817565917969,1
Lori's ex-girlfriend was unlikely to attack that boy.,Lori's ex-girlfriend was hard work to attack that boy.,syntax_semantics,control_raising,tough_vs_raising_2,True,False,False,False,976,-72.77005004882812,-79.14747619628906,1
Naomi is apt to induce a hospital to fall.,Naomi is hard work to induce a hospital to fall.,syntax_semantics,control_raising,tough_vs_raising_2,True,False,False,False,977,-62.06338119506836,-66.87849426269531,1
Mark is about to conceal Carrie.,Mark is pleasant to conceal Carrie.,syntax_semantics,control_raising,tough_vs_raising_2,True,False,False,False,978,-35.81842041015625,-44.16881561279297,1
Douglas is certain to prompt those museums to upset Valerie.,Douglas is unpleasant to prompt those museums to upset Valerie.,syntax_semantics,control_raising,tough_vs_raising_2,True,False,False,False,979,-86.23143768310547,-91.90284729003906,1
Many actresses are apt to push Heather to cough.,Many actresses are easy to push Heather to cough.,syntax_semantics,control_raising,tough_vs_raising_2,True,False,False,False,980,-64.52790832519531,-61.553916931152344,0
Martha's grandmothers are soon to wave.,Martha's grandmothers are fun to wave.,syntax_semantics,control_raising,tough_vs_raising_2,True,False,False,False,981,-51.08489227294922,-52.80615234375,1
That story is bound to aggravate every girl.,That story is enjoyable to aggravate every girl.,syntax_semantics,control_raising,tough_vs_raising_2,True,False,False,False,982,-47.47572326660156,-51.70001983642578,1
Sara wasn't apt to forget about who would attempt to bore Helen.,Sara wasn't interesting to forget about who would attempt to bore Helen.,syntax_semantics,control_raising,tough_vs_raising_2,True,False,False,False,983,-82.9234848022461,-80.57408142089844,0
Kathleen wasn't about to need Eric to sing.,Kathleen wasn't difficult to need Eric to sing.,syntax_semantics,control_raising,tough_vs_raising_2,True,False,False,False,984,-66.53799438476562,-69.35444641113281,1
Every man is bound to ask a lot of drivers to disagree with a lot of actresses.,Every man is fun to ask a lot of drivers to disagree with a lot of actresses.,syntax_semantics,control_raising,tough_vs_raising_2,True,False,False,False,985,-78.7203598022461,-79.60147094726562,1
Claire was likely to find some socks.,Claire was enjoyable to find some socks.,syntax_semantics,control_raising,tough_vs_raising_2,True,False,False,False,986,-42.7537841796875,-48.91396713256836,1
Jerry was sure to wish to boast about Janet.,Jerry was enjoyable to wish to boast about Janet.,syntax_semantics,control_raising,tough_vs_raising_2,True,False,False,False,987,-51.497581481933594,-55.779296875,1
The people are sure to confer.,The people are exciting to confer.,syntax_semantics,control_raising,tough_vs_raising_2,True,False,False,False,988,-33.889400482177734,-38.14724349975586,1
Naomi was unlikely to climb down these hills.,Naomi was fun to climb down these hills.,syntax_semantics,control_raising,tough_vs_raising_2,True,False,False,False,989,-50.3316650390625,-51.088134765625,1
Those women are unlikely to collaborate.,Those women are pleasant to collaborate.,syntax_semantics,control_raising,tough_vs_raising_2,True,False,False,False,990,-30.450849533081055,-35.73160171508789,1
Michelle is sure to discover Gregory.,Michelle is hard work to discover Gregory.,syntax_semantics,control_raising,tough_vs_raising_2,True,False,False,False,991,-36.6190185546875,-45.005455017089844,1
Jerry's sister wasn't sure to lift every photograph.,Jerry's sister wasn't easy to lift every photograph.,syntax_semantics,control_raising,tough_vs_raising_2,True,False,False,False,992,-56.3345947265625,-57.78056335449219,1
Most governments were bound to pressure Rodney to alarm Melanie.,Most governments were difficult to pressure Rodney to alarm Melanie.,syntax_semantics,control_raising,tough_vs_raising_2,True,False,False,False,993,-77.094482421875,-78.96208953857422,1
Helen was soon to tour this hill.,Helen was hard to tour this hill.,syntax_semantics,control_raising,tough_vs_raising_2,True,False,False,False,994,-43.043243408203125,-42.72489929199219,0
Frank isn't about to cry.,Frank isn't enjoyable to cry.,syntax_semantics,control_raising,tough_vs_raising_2,True,False,False,False,995,-28.02963638305664,-32.89263916015625,1
A lot of cashiers are unlikely to chat.,A lot of cashiers are hard to chat.,syntax_semantics,control_raising,tough_vs_raising_2,True,False,False,False,996,-44.339599609375,-43.6158447265625,0
Bradley is soon to compromise.,Bradley is unpleasant to compromise.,syntax_semantics,control_raising,tough_vs_raising_2,True,False,False,False,997,-34.74040603637695,-39.76609802246094,1
Brad wasn't unlikely to declare Regina to hate Allison.,Brad wasn't unpleasant to declare Regina to hate Allison.,syntax_semantics,control_raising,tough_vs_raising_2,True,False,False,False,998,-69.80230712890625,-73.92680358886719,1
Amelia's plumbers were sure to reveal who is dropping by libraries.,Amelia's plumbers were interesting to reveal who is dropping by libraries.,syntax_semantics,control_raising,tough_vs_raising_2,True,False,False,False,999,-91.36398315429688,-92.69994354248047,1
