sentence_good,sentence_bad,field,linguistics_term,UID,simple_LM_method,one_prefix_method,two_prefix_method,lexically_identical,pair_id,good_prob,bad_prob,correct
Who had the patients' cleaning those banks upset.,Who had the patients' cleaning upset those banks.,syntax,island_effects,sentential_subject_island,True,False,False,True,0,-68.20362091064453,-65.83943176269531,0
Who has the waitress's observing Christine bothered.,Who has the waitress's observing bothered Christine.,syntax,island_effects,sentential_subject_island,True,False,False,True,1,-68.04339599609375,-66.93135070800781,0
Who have a lot of adults' scanning this play disagreed with.,Who have a lot of adults' scanning disagreed with this play.,syntax,island_effects,sentential_subject_island,True,False,False,True,2,-78.90106201171875,-74.00228881835938,0
Who have many women's touring Spain embarrassed.,Who have many women's touring embarrassed Spain.,syntax,island_effects,sentential_subject_island,True,False,False,True,3,-63.70757293701172,-63.97902297973633,1
Who should pedestrians' curing Deanna scare.,Who should pedestrians' curing scare Deanna.,syntax,island_effects,sentential_subject_island,True,False,False,True,4,-77.31942749023438,-74.91488647460938,0
Who are a lot of guys' kissing Heather aggravating.,Who are a lot of guys' kissing aggravating Heather.,syntax,island_effects,sentential_subject_island,True,False,False,True,5,-71.34577941894531,-71.50591278076172,1
Who should a woman's selling the bank distract.,Who should a woman's selling distract the bank.,syntax,island_effects,sentential_subject_island,True,False,False,True,6,-61.16767501831055,-59.43081283569336,0
Who will a lot of waiters' attacking Claire irritate.,Who will a lot of waiters' attacking irritate Claire.,syntax,island_effects,sentential_subject_island,True,False,False,True,7,-79.02680969238281,-81.09909057617188,1
Who have these girls' complaining about Phillip aggravated.,Who have these girls' complaining about aggravated Phillip.,syntax,island_effects,sentential_subject_island,True,False,False,True,8,-70.27122497558594,-67.50428771972656,0
Who had most girls' kissing a lady annoyed.,Who had most girls' kissing annoyed a lady.,syntax,island_effects,sentential_subject_island,True,False,False,True,9,-67.38330078125,-71.36280822753906,1
Who would those carriages' shocking Sara worry.,Who would those carriages' shocking worry Sara.,syntax,island_effects,sentential_subject_island,True,False,False,True,10,-82.92539978027344,-79.4072265625,0
Who should all shoes' boring Judy impress.,Who should all shoes' boring impress Judy.,syntax,island_effects,sentential_subject_island,True,False,False,True,11,-73.16694641113281,-71.44728088378906,0
Who have all senators' admiring William distracted.,Who have all senators' admiring distracted William.,syntax,island_effects,sentential_subject_island,True,False,False,True,12,-71.88414764404297,-73.08842468261719,1
Who should many guests' thinking about Leslie scare.,Who should many guests' thinking about scare Leslie.,syntax,island_effects,sentential_subject_island,True,False,False,True,13,-73.60249328613281,-69.26655578613281,0
Who had every museum's boasting about Dana impressed.,Who had every museum's boasting about impressed Dana.,syntax,island_effects,sentential_subject_island,True,False,False,True,14,-76.73069763183594,-77.72539520263672,1
Who have governments' selling the hospital confused.,Who have governments' selling confused the hospital.,syntax,island_effects,sentential_subject_island,True,False,False,True,15,-65.9859619140625,-67.42188262939453,1
Who were a lot of students' embarrassing Becky disgusting.,Who were a lot of students' embarrassing disgusting Becky.,syntax,island_effects,sentential_subject_island,True,False,False,True,16,-73.75086212158203,-70.82518005371094,0
Who will all ladders' irritating most boys embarrass.,Who will all ladders' irritating embarrass most boys.,syntax,island_effects,sentential_subject_island,True,False,False,True,17,-85.25704956054688,-85.05172729492188,0
Who had all ladies' running around Harvard University astounded.,Who had all ladies' running around astounded Harvard University.,syntax,island_effects,sentential_subject_island,True,False,False,True,18,-75.98988342285156,-78.66708374023438,1
Who are many mushrooms' distracting those girls alarming.,Who are many mushrooms' distracting alarming those girls.,syntax,island_effects,sentential_subject_island,True,False,False,True,19,-82.14783477783203,-83.09687805175781,1
Who have the people's walking through Harvard University embarrassed.,Who have the people's walking through embarrassed Harvard University.,syntax,island_effects,sentential_subject_island,True,False,False,True,20,-70.20875549316406,-71.87994384765625,1
Who were these guests' escaping from Tanya shocking.,Who were these guests' escaping from shocking Tanya.,syntax,island_effects,sentential_subject_island,True,False,False,True,21,-77.47455596923828,-75.85244750976562,0
Who had all rabbits' finding Carrie annoyed.,Who had all rabbits' finding annoyed Carrie.,syntax,island_effects,sentential_subject_island,True,False,False,True,22,-73.01118469238281,-71.84628295898438,0
Who have children' investigating Joel alarmed.,Who have children' investigating alarmed Joel.,syntax,island_effects,sentential_subject_island,True,False,False,True,23,-64.25022888183594,-62.7996826171875,0
Who did the man's healing Melinda hurt.,Who did the man's healing hurt Melinda.,syntax,island_effects,sentential_subject_island,True,False,False,True,24,-60.089927673339844,-58.62981414794922,0
Who did students' leaving Jennifer astound.,Who did students' leaving astound Jennifer.,syntax,island_effects,sentential_subject_island,True,False,False,True,25,-65.96549987792969,-64.44923400878906,0
Who would the waiters' questioning Joel upset.,Who would the waiters' questioning upset Joel.,syntax,island_effects,sentential_subject_island,True,False,False,True,26,-73.30332946777344,-72.77503204345703,0
Who is some waitress's researching some universities disturbing.,Who is some waitress's researching disturbing some universities.,syntax,island_effects,sentential_subject_island,True,False,False,True,27,-75.81571960449219,-75.16544342041016,0
Who has a girl's lifting that report sounded like.,Who has a girl's lifting sounded like that report.,syntax,island_effects,sentential_subject_island,True,False,False,True,28,-65.50525665283203,-63.08073043823242,0
Who had some lady's passing this school worried.,Who had some lady's passing worried this school.,syntax,island_effects,sentential_subject_island,True,False,False,True,29,-62.78263473510742,-65.79137420654297,1
Who was this dancer's exploring those hospitals disturbing.,Who was this dancer's exploring disturbing those hospitals.,syntax,island_effects,sentential_subject_island,True,False,False,True,30,-75.09832763671875,-74.64605712890625,0
Who were these pedestrians' cleaning many libraries astounding.,Who were these pedestrians' cleaning astounding many libraries.,syntax,island_effects,sentential_subject_island,True,False,False,True,31,-84.27217102050781,-82.9764633178711,0
Who were those governments' talking about Jason astounding.,Who were those governments' talking about astounding Jason.,syntax,island_effects,sentential_subject_island,True,False,False,True,32,-73.59121704101562,-73.98381042480469,1
Who had many teenagers' lifting that school disturbed.,Who had many teenagers' lifting disturbed that school.,syntax,island_effects,sentential_subject_island,True,False,False,True,33,-71.77159118652344,-73.17237854003906,1
Who should this boy's aggravating Curtis worry.,Who should this boy's aggravating worry Curtis.,syntax,island_effects,sentential_subject_island,True,False,False,True,34,-66.34169006347656,-64.65345764160156,0
Who were those teachers' hugging Brett bothering.,Who were those teachers' hugging bothering Brett.,syntax,island_effects,sentential_subject_island,True,False,False,True,35,-70.40679168701172,-70.9487075805664,1
Who have those guests' walking through some libraries astounded.,Who have those guests' walking through astounded some libraries.,syntax,island_effects,sentential_subject_island,True,False,False,True,36,-80.23196411132812,-80.4017562866211,1
Who had the projector's confusing Sandra worried.,Who had the projector's confusing worried Sandra.,syntax,island_effects,sentential_subject_island,True,False,False,True,37,-73.60201263427734,-74.99140930175781,1
Who was some committee's taking the hospitals upsetting.,Who was some committee's taking upsetting the hospitals.,syntax,island_effects,sentential_subject_island,True,False,False,True,38,-72.18891906738281,-71.39900207519531,0
Who were most patients' revealing Douglas impressing.,Who were most patients' revealing impressing Douglas.,syntax,island_effects,sentential_subject_island,True,False,False,True,39,-76.54619598388672,-76.34123992919922,0
Who has this actress's cleaning those schools worried.,Who has this actress's cleaning worried those schools.,syntax,island_effects,sentential_subject_island,True,False,False,True,40,-76.0791244506836,-75.24948120117188,0
Who are many customers' concealing Sonia worrying.,Who are many customers' concealing worrying Sonia.,syntax,island_effects,sentential_subject_island,True,False,False,True,41,-74.89112854003906,-76.07855224609375,1
Who have all senators' complaining about Mary irritated.,Who have all senators' complaining about irritated Mary.,syntax,island_effects,sentential_subject_island,True,False,False,True,42,-72.25350952148438,-70.69705200195312,0
Who have the drivers' listening to Jodi scared.,Who have the drivers' listening to scared Jodi.,syntax,island_effects,sentential_subject_island,True,False,False,True,43,-65.41470336914062,-67.74457550048828,1
Who was a dancer's concealing Homer shocking.,Who was a dancer's concealing shocking Homer.,syntax,island_effects,sentential_subject_island,True,False,False,True,44,-66.56393432617188,-64.92635345458984,0
Who could those children' approaching Natalie scare.,Who could those children' approaching scare Natalie.,syntax,island_effects,sentential_subject_island,True,False,False,True,45,-74.29261779785156,-68.52240753173828,0
Who would a lot of peppers' scaring Brian disgust.,Who would a lot of peppers' scaring disgust Brian.,syntax,island_effects,sentential_subject_island,True,False,False,True,46,-83.03572845458984,-83.24341583251953,1
Who had a lot of senators' returning to a man irritated.,Who had a lot of senators' returning to irritated a man.,syntax,island_effects,sentential_subject_island,True,False,False,True,47,-72.34426879882812,-70.37620544433594,0
Who would this university's praising Becca bother.,Who would this university's praising bother Becca.,syntax,island_effects,sentential_subject_island,True,False,False,True,48,-76.86666870117188,-73.98152160644531,0
Who are all pedestrians' revealing the Lutherans distracting.,Who are all pedestrians' revealing distracting the Lutherans.,syntax,island_effects,sentential_subject_island,True,False,False,True,49,-82.93403625488281,-82.93402099609375,0
Who could a lot of children' discovering many girls worry.,Who could a lot of children' discovering worry many girls.,syntax,island_effects,sentential_subject_island,True,False,False,True,50,-76.73490905761719,-76.78407287597656,1
Who have a lot of guys' hugging the cashiers disgusted.,Who have a lot of guys' hugging disgusted the cashiers.,syntax,island_effects,sentential_subject_island,True,False,False,True,51,-74.50970458984375,-75.94837188720703,1
Who are these teenagers' approaching Judy confusing.,Who are these teenagers' approaching confusing Judy.,syntax,island_effects,sentential_subject_island,True,False,False,True,52,-71.03006744384766,-69.90304565429688,0
Who had many windows' worrying Christopher scared.,Who had many windows' worrying scared Christopher.,syntax,island_effects,sentential_subject_island,True,False,False,True,53,-73.97024536132812,-74.07903289794922,1
Who did all libraries' firing Derek alarm.,Who did all libraries' firing alarm Derek.,syntax,island_effects,sentential_subject_island,True,False,False,True,54,-76.65599060058594,-71.5823974609375,0
Who had many cars' upsetting Beverly upset.,Who had many cars' upsetting upset Beverly.,syntax,island_effects,sentential_subject_island,True,False,False,True,55,-67.91845703125,-71.26747131347656,1
Who had all adults' observing these adults bothered.,Who had all adults' observing bothered these adults.,syntax,island_effects,sentential_subject_island,True,False,False,True,56,-74.43241119384766,-78.26329040527344,1
Who can that museum's discussing Karla scare.,Who can that museum's discussing scare Karla.,syntax,island_effects,sentential_subject_island,True,False,False,True,57,-75.17384338378906,-74.33395385742188,0
Who might these adults' fleeing from Natalie annoy.,Who might these adults' fleeing from annoy Natalie.,syntax,island_effects,sentential_subject_island,True,False,False,True,58,-87.67142486572266,-83.09378051757812,0
Who should a dancer's concealing Patricia distract.,Who should a dancer's concealing distract Patricia.,syntax,island_effects,sentential_subject_island,True,False,False,True,59,-73.40660095214844,-71.10875701904297,0
Who were those dancers' hiding this lady shocking.,Who were those dancers' hiding shocking this lady.,syntax,island_effects,sentential_subject_island,True,False,False,True,60,-71.8021469116211,-74.02082824707031,1
Who is this pasta's upsetting Alice aggravating.,Who is this pasta's upsetting aggravating Alice.,syntax,island_effects,sentential_subject_island,True,False,False,True,61,-73.26922607421875,-72.62367248535156,0
Who are all drivers' investigating Andrea disturbing.,Who are all drivers' investigating disturbing Andrea.,syntax,island_effects,sentential_subject_island,True,False,False,True,62,-71.65792846679688,-69.331787109375,0
Who was the waitress's passing some museum upsetting.,Who was the waitress's passing upsetting some museum.,syntax,island_effects,sentential_subject_island,True,False,False,True,63,-72.71744537353516,-69.57012939453125,0
What will those waitresses' listening to the teachers disagree with.,What will those waitresses' listening to disagree with the teachers.,syntax,island_effects,sentential_subject_island,True,False,False,True,64,-78.70063781738281,-76.90026092529297,0
Who did some girl's biking to hospitals confuse.,Who did some girl's biking to confuse hospitals.,syntax,island_effects,sentential_subject_island,True,False,False,True,65,-71.14505004882812,-66.6637191772461,0
Who have these waiters' disgusting Grace disturbed.,Who have these waiters' disgusting disturbed Grace.,syntax,island_effects,sentential_subject_island,True,False,False,True,66,-76.30781555175781,-72.71499633789062,0
Who will some organization's concealing Barbara disturb.,Who will some organization's concealing disturb Barbara.,syntax,island_effects,sentential_subject_island,True,False,False,True,67,-80.73591613769531,-78.31658935546875,0
Who should some dancers' researching Jesus irritate.,Who should some dancers' researching irritate Jesus.,syntax,island_effects,sentential_subject_island,True,False,False,True,68,-74.10552215576172,-76.48236083984375,1
Who had some waitress's questioning Russell bored.,Who had some waitress's questioning bored Russell.,syntax,island_effects,sentential_subject_island,True,False,False,True,69,-71.20735168457031,-69.82622528076172,0
Who was every dancer's concealing Tamara impressing.,Who was every dancer's concealing impressing Tamara.,syntax,island_effects,sentential_subject_island,True,False,False,True,70,-79.56816101074219,-77.93427276611328,0
Who had guests' finding Jason aggravated.,Who had guests' finding aggravated Jason.,syntax,island_effects,sentential_subject_island,True,False,False,True,71,-65.53092193603516,-64.082763671875,0
Who were cats' shocking Noah aggravating.,Who were cats' shocking aggravating Noah.,syntax,island_effects,sentential_subject_island,True,False,False,True,72,-72.47067260742188,-67.44528198242188,0
Who are many guests' arguing about John scaring.,Who are many guests' arguing about scaring John.,syntax,island_effects,sentential_subject_island,True,False,False,True,73,-71.78314971923828,-72.32805633544922,1
What would most guests' concealing Janet disagree with.,What would most guests' concealing disagree with Janet.,syntax,island_effects,sentential_subject_island,True,False,False,True,74,-83.8001708984375,-80.36782836914062,0
Who were many women's discussing Debra hurting.,Who were many women's discussing hurting Debra.,syntax,island_effects,sentential_subject_island,True,False,False,True,75,-71.77535247802734,-67.9634017944336,0
Who are all plays' disagreeing with Margaret hurting.,Who are all plays' disagreeing with hurting Margaret.,syntax,island_effects,sentential_subject_island,True,False,False,True,76,-75.23902893066406,-74.12591552734375,0
Who have most cups' disgusting the Impressionists scared.,Who have most cups' disgusting scared the Impressionists.,syntax,island_effects,sentential_subject_island,True,False,False,True,77,-95.271484375,-93.21473693847656,0
Who were these students' discovering Tonya boring.,Who were these students' discovering boring Tonya.,syntax,island_effects,sentential_subject_island,True,False,False,True,78,-78.64418029785156,-76.97637939453125,0
Who are these mushrooms' upsetting Jane astounding.,Who are these mushrooms' upsetting astounding Jane.,syntax,island_effects,sentential_subject_island,True,False,False,True,79,-74.75068664550781,-75.03604888916016,1
Who were some guys' approaching Claire scaring.,Who were some guys' approaching scaring Claire.,syntax,island_effects,sentential_subject_island,True,False,False,True,80,-70.11813354492188,-65.1436538696289,0
Who had patients' watching Heidi annoyed.,Who had patients' watching annoyed Heidi.,syntax,island_effects,sentential_subject_island,True,False,False,True,81,-66.6173095703125,-67.54129028320312,1
Who have those guests' describing Margaret impressed.,Who have those guests' describing impressed Margaret.,syntax,island_effects,sentential_subject_island,True,False,False,True,82,-67.73173522949219,-69.92391967773438,1
Who is a shoe's bothering Amy irritating.,Who is a shoe's bothering irritating Amy.,syntax,island_effects,sentential_subject_island,True,False,False,True,83,-65.38520812988281,-62.58992004394531,0
Who did the guests' questioning Amanda stun.,Who did the guests' questioning stun Amanda.,syntax,island_effects,sentential_subject_island,True,False,False,True,84,-68.76055908203125,-68.05530548095703,0
Who were those doctors' noticing a lot of doctors boring.,Who were those doctors' noticing boring a lot of doctors.,syntax,island_effects,sentential_subject_island,True,False,False,True,85,-68.72142028808594,-72.3207015991211,1
Who would every museum's concealing Susan stun.,Who would every museum's concealing stun Susan.,syntax,island_effects,sentential_subject_island,True,False,False,True,86,-80.72511291503906,-78.72374725341797,0
Who have many pedestrians' referencing James astounded.,Who have many pedestrians' referencing astounded James.,syntax,island_effects,sentential_subject_island,True,False,False,True,87,-76.23204040527344,-75.29219055175781,0
Who should the actress's bringing all schools aggravate.,Who should the actress's bringing aggravate all schools.,syntax,island_effects,sentential_subject_island,True,False,False,True,88,-71.85388946533203,-73.55491638183594,1
Who have a lot of companies' hiring Veronica embarrassed.,Who have a lot of companies' hiring embarrassed Veronica.,syntax,island_effects,sentential_subject_island,True,False,False,True,89,-68.80302429199219,-67.1507568359375,0
Who might some lady's noticing Carolyn disagree with.,Who might some lady's noticing disagree with Carolyn.,syntax,island_effects,sentential_subject_island,True,False,False,True,90,-74.32806396484375,-71.70878601074219,0
Who can every pepper's shocking Carmen disturb.,Who can every pepper's shocking disturb Carmen.,syntax,island_effects,sentential_subject_island,True,False,False,True,91,-81.02113342285156,-74.05255126953125,0
Who were all art galleries' scaring Dana disturbing.,Who were all art galleries' scaring disturbing Dana.,syntax,island_effects,sentential_subject_island,True,False,False,True,92,-83.23307037353516,-83.7944564819336,1
Who were most guests' observing Donna confusing.,Who were most guests' observing confusing Donna.,syntax,island_effects,sentential_subject_island,True,False,False,True,93,-75.83589172363281,-76.84457397460938,1
Who did these governments' listening to these teenagers disgust.,Who did these governments' listening to disgust these teenagers.,syntax,island_effects,sentential_subject_island,True,False,False,True,94,-76.90058898925781,-75.4508056640625,0
Who can all organizations' listening to Marie upset.,Who can all organizations' listening to upset Marie.,syntax,island_effects,sentential_subject_island,True,False,False,True,95,-71.04159545898438,-70.47508239746094,0
Who are many guests' arriving at Harvard University stunning.,Who are many guests' arriving at stunning Harvard University.,syntax,island_effects,sentential_subject_island,True,False,False,True,96,-71.07942962646484,-72.3798599243164,1
Who has this actress's insulting Craig confused.,Who has this actress's insulting confused Craig.,syntax,island_effects,sentential_subject_island,True,False,False,True,97,-68.84720611572266,-65.5838851928711,0
Who were some guys' running around some hospital annoying.,Who were some guys' running around annoying some hospital.,syntax,island_effects,sentential_subject_island,True,False,False,True,98,-70.59774780273438,-72.4637222290039,1
Who have all sweaters' impressing Christopher annoyed.,Who have all sweaters' impressing annoyed Christopher.,syntax,island_effects,sentential_subject_island,True,False,False,True,99,-77.35052490234375,-77.17347717285156,0
Who are these libraries' describing Melinda upsetting.,Who are these libraries' describing upsetting Melinda.,syntax,island_effects,sentential_subject_island,True,False,False,True,100,-73.23387145996094,-72.78255462646484,0
Who could these students' astounding Mark confuse.,Who could these students' astounding confuse Mark.,syntax,island_effects,sentential_subject_island,True,False,False,True,101,-70.88809204101562,-67.80487060546875,0
Who was that dancer's curing Stephen stunning.,Who was that dancer's curing stunning Stephen.,syntax,island_effects,sentential_subject_island,True,False,False,True,102,-70.9487075805664,-68.3389892578125,0
Who is this girl's approaching Nicole disagreeing with.,Who is this girl's approaching disagreeing with Nicole.,syntax,island_effects,sentential_subject_island,True,False,False,True,103,-69.7763671875,-62.55634307861328,0
Who did all senators' hiring Meredith distract.,Who did all senators' hiring distract Meredith.,syntax,island_effects,sentential_subject_island,True,False,False,True,104,-73.6191177368164,-69.549072265625,0
Who have the actresses' hiring Rachelle bored.,Who have the actresses' hiring bored Rachelle.,syntax,island_effects,sentential_subject_island,True,False,False,True,105,-72.02108764648438,-72.79092407226562,1
Who could many people's lifting this library impress.,Who could many people's lifting impress this library.,syntax,island_effects,sentential_subject_island,True,False,False,True,106,-69.909912109375,-71.31314849853516,1
Who are the guys' biking to some hospital bothering.,Who are the guys' biking to bothering some hospital.,syntax,island_effects,sentential_subject_island,True,False,False,True,107,-68.79829406738281,-71.34097290039062,1
Who has the dancer's buying some bank confused.,Who has the dancer's buying confused some bank.,syntax,island_effects,sentential_subject_island,True,False,False,True,108,-66.3436508178711,-67.89414978027344,1
Who will a legislature's aggravating Anna hurt.,Who will a legislature's aggravating hurt Anna.,syntax,island_effects,sentential_subject_island,True,False,False,True,109,-70.41909790039062,-69.24996948242188,0
Who have those boys' healing the guests distracted.,Who have those boys' healing distracted the guests.,syntax,island_effects,sentential_subject_island,True,False,False,True,110,-69.87109375,-66.85208892822266,0
Who is that bank's talking about Irene disgusting.,Who is that bank's talking about disgusting Irene.,syntax,island_effects,sentential_subject_island,True,False,False,True,111,-68.19058990478516,-66.0894775390625,0
Who were legislatures' insulting Amanda disagreeing with.,Who were legislatures' insulting disagreeing with Amanda.,syntax,island_effects,sentential_subject_island,True,False,False,True,112,-80.01092529296875,-73.88525390625,0
Who had those pedestrians' attacking Rebecca scared.,Who had those pedestrians' attacking scared Rebecca.,syntax,island_effects,sentential_subject_island,True,False,False,True,113,-74.49847412109375,-73.49636840820312,0
Who should the museums' stunning Angela worry.,Who should the museums' stunning worry Angela.,syntax,island_effects,sentential_subject_island,True,False,False,True,114,-70.53693389892578,-71.78426361083984,1
Who would these women's lifting all schools disgust.,Who would these women's lifting disgust all schools.,syntax,island_effects,sentential_subject_island,True,False,False,True,115,-69.4988021850586,-68.35537719726562,0
Who have some patients' firing Cindy aggravated.,Who have some patients' firing aggravated Cindy.,syntax,island_effects,sentential_subject_island,True,False,False,True,116,-70.81593322753906,-66.15423583984375,0
Who is every waitress's discovering Matt confusing.,Who is every waitress's discovering confusing Matt.,syntax,island_effects,sentential_subject_island,True,False,False,True,117,-70.34174346923828,-70.08716583251953,0
Who had some drivers' returning to Colleen impressed.,Who had some drivers' returning to impressed Colleen.,syntax,island_effects,sentential_subject_island,True,False,False,True,118,-71.36895751953125,-75.07999420166016,1
Who had that government's hiring Benjamin bothered.,Who had that government's hiring bothered Benjamin.,syntax,island_effects,sentential_subject_island,True,False,False,True,119,-65.03105926513672,-62.45953369140625,0
Who were most glaciers' shocking Karen boring.,Who were most glaciers' shocking boring Karen.,syntax,island_effects,sentential_subject_island,True,False,False,True,120,-85.28085327148438,-82.80271911621094,0
Who are most pictures' looking like Lori disturbing.,Who are most pictures' looking like disturbing Lori.,syntax,island_effects,sentential_subject_island,True,False,False,True,121,-76.63006591796875,-75.32904052734375,0
Who has this woman's thinking about Melinda disturbed.,Who has this woman's thinking about disturbed Melinda.,syntax,island_effects,sentential_subject_island,True,False,False,True,122,-65.63186645507812,-63.59099578857422,0
Who is the actress's approaching many actors worrying.,Who is the actress's approaching worrying many actors.,syntax,island_effects,sentential_subject_island,True,False,False,True,123,-63.612388610839844,-61.211151123046875,0
Who can most adults' taking the hospitals scare.,Who can most adults' taking scare the hospitals.,syntax,island_effects,sentential_subject_island,True,False,False,True,124,-72.63992309570312,-74.32284545898438,1
Who should this casserole's shocking Donna alarm.,Who should this casserole's shocking alarm Donna.,syntax,island_effects,sentential_subject_island,True,False,False,True,125,-77.38229370117188,-72.38752746582031,0
Who were many hills' disturbing the Impressionists shocking.,Who were many hills' disturbing shocking the Impressionists.,syntax,island_effects,sentential_subject_island,True,False,False,True,126,-84.11750793457031,-85.36578369140625,1
Who will the eyes' embarrassing Travis disgust.,Who will the eyes' embarrassing disgust Travis.,syntax,island_effects,sentential_subject_island,True,False,False,True,127,-68.72540283203125,-68.20600128173828,0
Who have the chairs' worrying a lot of men annoyed.,Who have the chairs' worrying annoyed a lot of men.,syntax,island_effects,sentential_subject_island,True,False,False,True,128,-72.38140106201172,-72.10435485839844,0
Who have a lot of eyes' annoying Benjamin distracted.,Who have a lot of eyes' annoying distracted Benjamin.,syntax,island_effects,sentential_subject_island,True,False,False,True,129,-69.84154510498047,-66.26793670654297,0
Who have these boys' selling the school shocked.,Who have these boys' selling shocked the school.,syntax,island_effects,sentential_subject_island,True,False,False,True,130,-65.76545715332031,-65.3004150390625,0
Who are a lot of guests' cleaning the hospital aggravating.,Who are a lot of guests' cleaning aggravating the hospital.,syntax,island_effects,sentential_subject_island,True,False,False,True,131,-72.00995635986328,-68.000244140625,0
Who will some drawing's looking like Laura bother.,Who will some drawing's looking like bother Laura.,syntax,island_effects,sentential_subject_island,True,False,False,True,132,-74.43640899658203,-72.97761535644531,0
Who have many cashiers' fleeing from Melinda stunned.,Who have many cashiers' fleeing from stunned Melinda.,syntax,island_effects,sentential_subject_island,True,False,False,True,133,-78.38703918457031,-80.00836944580078,1
Who should many hills' upsetting William irritate.,Who should many hills' upsetting irritate William.,syntax,island_effects,sentential_subject_island,True,False,False,True,134,-81.75691223144531,-84.14375305175781,1
Who has the girl's skated around those high schools sounded like.,Who has the girl's skated around sounded like those high schools.,syntax,island_effects,sentential_subject_island,True,False,False,True,135,-85.03789520263672,-82.74369812011719,0
Who will the guy's leaving those guys embarrass.,Who will the guy's leaving embarrass those guys.,syntax,island_effects,sentential_subject_island,True,False,False,True,136,-64.23216247558594,-62.0135383605957,0
Who have bicycles' disgusting Jodi stunned.,Who have bicycles' disgusting stunned Jodi.,syntax,island_effects,sentential_subject_island,True,False,False,True,137,-73.2470703125,-71.25498962402344,0
Who had these teenagers' working with Heidi distracted.,Who had these teenagers' working with distracted Heidi.,syntax,island_effects,sentential_subject_island,True,False,False,True,138,-70.02304077148438,-69.07483673095703,0
Who are all students' appreciating Eric alarming.,Who are all students' appreciating alarming Eric.,syntax,island_effects,sentential_subject_island,True,False,False,True,139,-67.55023956298828,-67.96131896972656,1
Who have some cashiers' curing Derek disturbed.,Who have some cashiers' curing disturbed Derek.,syntax,island_effects,sentential_subject_island,True,False,False,True,140,-78.12451171875,-73.89277648925781,0
Who could all adults' skated around that movie theater sound like.,Who could all adults' skated around sound like that movie theater.,syntax,island_effects,sentential_subject_island,True,False,False,True,141,-90.27207946777344,-86.59903717041016,0
Who were those teachers' running around every library embarrassing.,Who were those teachers' running around embarrassing every library.,syntax,island_effects,sentential_subject_island,True,False,False,True,142,-76.22665405273438,-78.00965881347656,1
Who could those ladies' escaping from Tanya disgust.,Who could those ladies' escaping from disgust Tanya.,syntax,island_effects,sentential_subject_island,True,False,False,True,143,-75.18911743164062,-74.35569763183594,0
Who did some ladies' kissing Tonya annoy.,Who did some ladies' kissing annoy Tonya.,syntax,island_effects,sentential_subject_island,True,False,False,True,144,-73.6121826171875,-71.8892822265625,0
Who are those girls' hiding many drivers distracting.,Who are those girls' hiding distracting many drivers.,syntax,island_effects,sentential_subject_island,True,False,False,True,145,-69.15176391601562,-68.11228942871094,0
Who were some guests' confusing Irene shocking.,Who were some guests' confusing shocking Irene.,syntax,island_effects,sentential_subject_island,True,False,False,True,146,-76.27106475830078,-76.53875732421875,1
Who were those children' watching Connie aggravating.,Who were those children' watching aggravating Connie.,syntax,island_effects,sentential_subject_island,True,False,False,True,147,-69.57669830322266,-72.57725524902344,1
Who have all plates' hurting Daniel alarmed.,Who have all plates' hurting alarmed Daniel.,syntax,island_effects,sentential_subject_island,True,False,False,True,148,-77.08723449707031,-76.3582992553711,0
Who could those books' astounding those guys bore.,Who could those books' astounding bore those guys.,syntax,island_effects,sentential_subject_island,True,False,False,True,149,-74.19134521484375,-70.62492370605469,0
Who has some bank's talking about Elizabeth bothered.,Who has some bank's talking about bothered Elizabeth.,syntax,island_effects,sentential_subject_island,True,False,False,True,150,-67.8980712890625,-67.37480163574219,0
Who are all patients' questioning Noah astounding.,Who are all patients' questioning astounding Noah.,syntax,island_effects,sentential_subject_island,True,False,False,True,151,-64.96670532226562,-65.95283508300781,1
Who have some customers' thinking about Dennis worried.,Who have some customers' thinking about worried Dennis.,syntax,island_effects,sentential_subject_island,True,False,False,True,152,-63.22115707397461,-64.96060180664062,1
Who had those dancers' referencing Monet impressed.,Who had those dancers' referencing impressed Monet.,syntax,island_effects,sentential_subject_island,True,False,False,True,153,-76.0931396484375,-79.32670593261719,1
Who were many men's touring that school impressing.,Who were many men's touring impressing that school.,syntax,island_effects,sentential_subject_island,True,False,False,True,154,-72.40045928955078,-72.14058685302734,0
Who did those teachers' observing Noah disturb.,Who did those teachers' observing disturb Noah.,syntax,island_effects,sentential_subject_island,True,False,False,True,155,-73.76923370361328,-71.17974090576172,0
Who had some teenagers' insulting those senators worried.,Who had some teenagers' insulting worried those senators.,syntax,island_effects,sentential_subject_island,True,False,False,True,156,-76.08720397949219,-77.6004638671875,1
Who would these actresses' exiting all libraries aggravate.,Who would these actresses' exiting aggravate all libraries.,syntax,island_effects,sentential_subject_island,True,False,False,True,157,-87.2865219116211,-87.54083251953125,1
What has every association's admiring Caroline disagreed with.,What has every association's admiring disagreed with Caroline.,syntax,island_effects,sentential_subject_island,True,False,False,True,158,-76.4718017578125,-73.4502182006836,0
Who has a college campus's irritating Guy disgusted.,Who has a college campus's irritating disgusted Guy.,syntax,island_effects,sentential_subject_island,True,False,False,True,159,-79.20985412597656,-79.4371109008789,1
Who had those boys' disgusting Anne embarrassed.,Who had those boys' disgusting embarrassed Anne.,syntax,island_effects,sentential_subject_island,True,False,False,True,160,-69.06259155273438,-65.44776153564453,0
Who has this girl's researching organizations embarrassed.,Who has this girl's researching embarrassed organizations.,syntax,island_effects,sentential_subject_island,True,False,False,True,161,-64.782958984375,-61.801822662353516,0
Who were a lot of ladies' insulting Eric impressing.,Who were a lot of ladies' insulting impressing Eric.,syntax,island_effects,sentential_subject_island,True,False,False,True,162,-73.20720672607422,-73.91044616699219,1
What can most adults' ascending hills sound like.,What can most adults' ascending sound like hills.,syntax,island_effects,sentential_subject_island,True,False,False,True,163,-75.86347961425781,-72.0256118774414,0
Who have all pedestrians' curing Dennis embarrassed.,Who have all pedestrians' curing embarrassed Dennis.,syntax,island_effects,sentential_subject_island,True,False,False,True,164,-75.32884216308594,-73.44994354248047,0
Who is some window's disturbing Theodore worrying.,Who is some window's disturbing worrying Theodore.,syntax,island_effects,sentential_subject_island,True,False,False,True,165,-75.18241882324219,-75.71795654296875,1
Who were a lot of girls' appreciating a lot of men upsetting.,Who were a lot of girls' appreciating upsetting a lot of men.,syntax,island_effects,sentential_subject_island,True,False,False,True,166,-74.32806396484375,-73.67606353759766,0
Who are the customers' running around Spain astounding.,Who are the customers' running around astounding Spain.,syntax,island_effects,sentential_subject_island,True,False,False,True,167,-66.77035522460938,-66.03428649902344,0
Who was the guy's alarming Christina embarrassing.,Who was the guy's alarming embarrassing Christina.,syntax,island_effects,sentential_subject_island,True,False,False,True,168,-63.500953674316406,-61.25541687011719,0
Who are a lot of customers' disagreeing with Kirsten scaring.,Who are a lot of customers' disagreeing with scaring Kirsten.,syntax,island_effects,sentential_subject_island,True,False,False,True,169,-78.1762466430664,-79.63230895996094,1
Who does some girl's buying all libraries bother.,Who does some girl's buying bother all libraries.,syntax,island_effects,sentential_subject_island,True,False,False,True,170,-70.68584442138672,-67.55882263183594,0
Who had most snakes' finding Jessica disagreed with.,Who had most snakes' finding disagreed with Jessica.,syntax,island_effects,sentential_subject_island,True,False,False,True,171,-78.04966735839844,-76.59236907958984,0
Who would a tomato's boring Diana worry.,Who would a tomato's boring worry Diana.,syntax,island_effects,sentential_subject_island,True,False,False,True,172,-72.52637481689453,-72.17781829833984,0
What had many dancers' boasting about Jennifer disagreed with.,What had many dancers' boasting about disagreed with Jennifer.,syntax,island_effects,sentential_subject_island,True,False,False,True,173,-76.81950378417969,-79.54434967041016,1
Who have most drivers' driving to a museum scared.,Who have most drivers' driving to scared a museum.,syntax,island_effects,sentential_subject_island,True,False,False,True,174,-72.78912353515625,-73.13516998291016,1
Who would some guests' appreciating Heidi impress.,Who would some guests' appreciating impress Heidi.,syntax,island_effects,sentential_subject_island,True,False,False,True,175,-74.07803344726562,-75.72926330566406,1
Who should many patients' attacking Keith stun.,Who should many patients' attacking stun Keith.,syntax,island_effects,sentential_subject_island,True,False,False,True,176,-74.70448303222656,-71.3144760131836,0
Who were all dancers' finding Andrea shocking.,Who were all dancers' finding shocking Andrea.,syntax,island_effects,sentential_subject_island,True,False,False,True,177,-73.5539779663086,-72.24312591552734,0
Who have pictures' hurting Rose embarrassed.,Who have pictures' hurting embarrassed Rose.,syntax,island_effects,sentential_subject_island,True,False,False,True,178,-68.40733337402344,-67.93875122070312,0
Who could some documentary's annoying Jerry alarm.,Who could some documentary's annoying alarm Jerry.,syntax,island_effects,sentential_subject_island,True,False,False,True,179,-75.46578216552734,-72.30044555664062,0
Who was some guy's talking about Christopher aggravating.,Who was some guy's talking about aggravating Christopher.,syntax,island_effects,sentential_subject_island,True,False,False,True,180,-62.9769172668457,-63.930747985839844,1
Who is the boy's driving to Spain aggravating.,Who is the boy's driving to aggravating Spain.,syntax,island_effects,sentential_subject_island,True,False,False,True,181,-63.54743957519531,-63.359962463378906,0
Who were many boys' escaping from William stunning.,Who were many boys' escaping from stunning William.,syntax,island_effects,sentential_subject_island,True,False,False,True,182,-73.39212036132812,-71.96792602539062,0
What did the men's scaring all ladies sound like.,What did the men's scaring sound like all ladies.,syntax,island_effects,sentential_subject_island,True,False,False,True,183,-69.28858184814453,-61.66047668457031,0
Who did every gate's boring all senators disgust.,Who did every gate's boring disgust all senators.,syntax,island_effects,sentential_subject_island,True,False,False,True,184,-85.87458801269531,-82.48899841308594,0
Who would many prints' aggravating Monica disagree with.,Who would many prints' aggravating disagree with Monica.,syntax,island_effects,sentential_subject_island,True,False,False,True,185,-90.11791229248047,-87.7085952758789,0
Who could all pictures' looking like Gregory disgust.,Who could all pictures' looking like disgust Gregory.,syntax,island_effects,sentential_subject_island,True,False,False,True,186,-73.37518310546875,-77.786376953125,1
Who should every fish's descending hills sound like.,Who should every fish's descending sound like hills.,syntax,island_effects,sentential_subject_island,True,False,False,True,187,-73.49908447265625,-71.37336730957031,0
Who have a lot of men's hugging Noah upset.,Who have a lot of men's hugging upset Noah.,syntax,island_effects,sentential_subject_island,True,False,False,True,188,-64.03410339355469,-61.57572937011719,0
Who was a girl's visiting most pedestrians scaring.,Who was a girl's visiting scaring most pedestrians.,syntax,island_effects,sentential_subject_island,True,False,False,True,189,-70.14138793945312,-68.7749252319336,0
Who had some teachers' aggravating Julie shocked.,Who had some teachers' aggravating shocked Julie.,syntax,island_effects,sentential_subject_island,True,False,False,True,190,-72.03634643554688,-71.13251495361328,0
Who will some waitress's cleaning that library stun.,Who will some waitress's cleaning stun that library.,syntax,island_effects,sentential_subject_island,True,False,False,True,191,-78.25732421875,-75.72881317138672,0
Who were these drawings' disturbing Jane embarrassing.,Who were these drawings' disturbing embarrassing Jane.,syntax,island_effects,sentential_subject_island,True,False,False,True,192,-77.77503204345703,-76.45970153808594,0
Who had those guys' arriving at the libraries astounded.,Who had those guys' arriving at astounded the libraries.,syntax,island_effects,sentential_subject_island,True,False,False,True,193,-75.8215560913086,-77.48003387451172,1
Who had those women's talking about those students annoyed.,Who had those women's talking about annoyed those students.,syntax,island_effects,sentential_subject_island,True,False,False,True,194,-63.78843688964844,-66.34223937988281,1
Who did every cart's scaring Spain astound.,Who did every cart's scaring astound Spain.,syntax,island_effects,sentential_subject_island,True,False,False,True,195,-81.31414794921875,-79.147216796875,0
Who have students' describing Rose distracted.,Who have students' describing distracted Rose.,syntax,island_effects,sentential_subject_island,True,False,False,True,196,-65.14643859863281,-63.47182846069336,0
Who are a lot of cups' shocking Regina annoying.,Who are a lot of cups' shocking annoying Regina.,syntax,island_effects,sentential_subject_island,True,False,False,True,197,-83.63581848144531,-79.60275268554688,0
Who will a picture's looking like Becky embarrass.,Who will a picture's looking like embarrass Becky.,syntax,island_effects,sentential_subject_island,True,False,False,True,198,-73.38674926757812,-70.61971282958984,0
Who have the people's talking to Adam impressed.,Who have the people's talking to impressed Adam.,syntax,island_effects,sentential_subject_island,True,False,False,True,199,-59.924983978271484,-61.82054138183594,1
Who can all men's investigating Noah bother.,Who can all men's investigating bother Noah.,syntax,island_effects,sentential_subject_island,True,False,False,True,200,-67.44558715820312,-65.58924102783203,0
Who was some hill's bothering Homer stunning.,Who was some hill's bothering stunning Homer.,syntax,island_effects,sentential_subject_island,True,False,False,True,201,-75.71310424804688,-72.35774230957031,0
Who is this man's walking through that school astounding.,Who is this man's walking through astounding that school.,syntax,island_effects,sentential_subject_island,True,False,False,True,202,-65.47833251953125,-69.41362762451172,1
Who might that guy's upsetting Marla disagree with.,Who might that guy's upsetting disagree with Marla.,syntax,island_effects,sentential_subject_island,True,False,False,True,203,-75.26043701171875,-72.99472045898438,0
Who have a lot of women's boycotting many associations astounded.,Who have a lot of women's boycotting astounded many associations.,syntax,island_effects,sentential_subject_island,True,False,False,True,204,-74.01287841796875,-71.10387420654297,0
Who did this waitress's concealing Daniel bother.,Who did this waitress's concealing bother Daniel.,syntax,island_effects,sentential_subject_island,True,False,False,True,205,-73.31546020507812,-70.73072814941406,0
Who have a lot of men's cleaning the schools upset.,Who have a lot of men's cleaning upset the schools.,syntax,island_effects,sentential_subject_island,True,False,False,True,206,-66.850830078125,-63.88544464111328,0
Who have the customers' curing Carlos stunned.,Who have the customers' curing stunned Carlos.,syntax,island_effects,sentential_subject_island,True,False,False,True,207,-67.95736694335938,-67.58067321777344,0
Who are all adults' arguing about Denise astounding.,Who are all adults' arguing about astounding Denise.,syntax,island_effects,sentential_subject_island,True,False,False,True,208,-71.67018127441406,-71.7650146484375,1
Who had this shirt's astounding Beverly worried.,Who had this shirt's astounding worried Beverly.,syntax,island_effects,sentential_subject_island,True,False,False,True,209,-67.3984146118164,-69.6712646484375,1
Who might that screen's disturbing Christine disturb.,Who might that screen's disturbing disturb Christine.,syntax,island_effects,sentential_subject_island,True,False,False,True,210,-78.30314636230469,-73.0832290649414,0
Who have those teenagers' selling every library worried.,Who have those teenagers' selling worried every library.,syntax,island_effects,sentential_subject_island,True,False,False,True,211,-76.54852294921875,-75.26770782470703,0
Who are some drivers' noticing Steven upsetting.,Who are some drivers' noticing upsetting Steven.,syntax,island_effects,sentential_subject_island,True,False,False,True,212,-68.0689697265625,-66.99127197265625,0
Who were those boys' admiring Elaine bothering.,Who were those boys' admiring bothering Elaine.,syntax,island_effects,sentential_subject_island,True,False,False,True,213,-69.91483306884766,-68.22576141357422,0
Who is every guy's kissing Derek disagreeing with.,Who is every guy's kissing disagreeing with Derek.,syntax,island_effects,sentential_subject_island,True,False,False,True,214,-72.41376495361328,-66.93001556396484,0
Who did most legislatures' talking about Stephen upset.,Who did most legislatures' talking about upset Stephen.,syntax,island_effects,sentential_subject_island,True,False,False,True,215,-74.05987548828125,-73.05842590332031,0
Who are those children' revealing Carmen confusing.,Who are those children' revealing confusing Carmen.,syntax,island_effects,sentential_subject_island,True,False,False,True,216,-69.317138671875,-65.04244995117188,0
Who was that guy's talking to a lot of people distracting.,Who was that guy's talking to distracting a lot of people.,syntax,island_effects,sentential_subject_island,True,False,False,True,217,-61.61956787109375,-61.02581787109375,0
Who were a lot of patients' investigating Patrick scaring.,Who were a lot of patients' investigating scaring Patrick.,syntax,island_effects,sentential_subject_island,True,False,False,True,218,-74.5638427734375,-74.15673065185547,0
Who have most museums' boasting about Rose disagreed with.,Who have most museums' boasting about disagreed with Rose.,syntax,island_effects,sentential_subject_island,True,False,False,True,219,-83.24813079833984,-84.25257873535156,1
Who are patients' visiting Diane disturbing.,Who are patients' visiting disturbing Diane.,syntax,island_effects,sentential_subject_island,True,False,False,True,220,-63.89146041870117,-62.36276626586914,0
Who have those senators' researching every report disagreed with.,Who have those senators' researching disagreed with every report.,syntax,island_effects,sentential_subject_island,True,False,False,True,221,-75.8529052734375,-73.12094116210938,0
Who had a lot of men's passing a bank alarmed.,Who had a lot of men's passing alarmed a bank.,syntax,island_effects,sentential_subject_island,True,False,False,True,222,-65.1500244140625,-67.09196472167969,1
Who could patients' hugging Sabrina aggravate.,Who could patients' hugging aggravate Sabrina.,syntax,island_effects,sentential_subject_island,True,False,False,True,223,-74.3441162109375,-72.10121154785156,0
Who was this guy's dropping by the library impressing.,Who was this guy's dropping by impressing the library.,syntax,island_effects,sentential_subject_island,True,False,False,True,224,-70.35064697265625,-66.75714111328125,0
Who can the government's taking the school annoy.,Who can the government's taking annoy the school.,syntax,island_effects,sentential_subject_island,True,False,False,True,225,-65.23454284667969,-64.49087524414062,0
Who might that lady's exiting most museums irritate.,Who might that lady's exiting irritate most museums.,syntax,island_effects,sentential_subject_island,True,False,False,True,226,-86.53822326660156,-86.21804809570312,0
Who had some skirts' hurting Anne disturbed.,Who had some skirts' hurting disturbed Anne.,syntax,island_effects,sentential_subject_island,True,False,False,True,227,-76.5440673828125,-76.0849838256836,0
Who have all guys' watching Carol impressed.,Who have all guys' watching impressed Carol.,syntax,island_effects,sentential_subject_island,True,False,False,True,228,-61.680931091308594,-66.25707244873047,1
Who are many associations' distracting Laura impressing.,Who are many associations' distracting impressing Laura.,syntax,island_effects,sentential_subject_island,True,False,False,True,229,-76.87434387207031,-74.1971206665039,0
Who are banks' talking to Raymond disturbing.,Who are banks' talking to disturbing Raymond.,syntax,island_effects,sentential_subject_island,True,False,False,True,230,-65.10082244873047,-64.8367919921875,0
Who should a lady's passing most hospitals disgust.,Who should a lady's passing disgust most hospitals.,syntax,island_effects,sentential_subject_island,True,False,False,True,231,-70.72439575195312,-68.1842041015625,0
Who could all doctors' concealing David bore.,Who could all doctors' concealing bore David.,syntax,island_effects,sentential_subject_island,True,False,False,True,232,-72.95184326171875,-74.51752471923828,1
Who were those waiters' bringing a hospital distracting.,Who were those waiters' bringing distracting a hospital.,syntax,island_effects,sentential_subject_island,True,False,False,True,233,-76.91777038574219,-79.37030029296875,1
Who had every dancer's concealing Pamela shocked.,Who had every dancer's concealing shocked Pamela.,syntax,island_effects,sentential_subject_island,True,False,False,True,234,-77.8495101928711,-77.56103515625,0
Who were many ladies' talking about Carlos confusing.,Who were many ladies' talking about confusing Carlos.,syntax,island_effects,sentential_subject_island,True,False,False,True,235,-69.21585845947266,-68.99199676513672,0
Who have teachers' cleaning many museums upset.,Who have teachers' cleaning upset many museums.,syntax,island_effects,sentential_subject_island,True,False,False,True,236,-71.72459411621094,-66.13773345947266,0
What had these waiters' talking about Lucille sounded like.,What had these waiters' talking about sounded like Lucille.,syntax,island_effects,sentential_subject_island,True,False,False,True,237,-80.86658477783203,-78.11811828613281,0
Who should every dancer's firing Cynthia annoy.,Who should every dancer's firing annoy Cynthia.,syntax,island_effects,sentential_subject_island,True,False,False,True,238,-73.84934997558594,-69.31291198730469,0
Who had a lot of dancers' discussing Jodi irritated.,Who had a lot of dancers' discussing irritated Jodi.,syntax,island_effects,sentential_subject_island,True,False,False,True,239,-78.36808776855469,-76.9574203491211,0
Who does this computer's bothering many boys worry.,Who does this computer's bothering worry many boys.,syntax,island_effects,sentential_subject_island,True,False,False,True,240,-67.42839050292969,-69.24787902832031,1
Who would many men's driving to the hospital scare.,Who would many men's driving to scare the hospital.,syntax,island_effects,sentential_subject_island,True,False,False,True,241,-66.65284729003906,-66.01036834716797,0
Who had a lot of doctors' hiring Raymond irritated.,Who had a lot of doctors' hiring irritated Raymond.,syntax,island_effects,sentential_subject_island,True,False,False,True,242,-67.18109893798828,-65.871826171875,0
Who was the association's insulting Pamela annoying.,Who was the association's insulting annoying Pamela.,syntax,island_effects,sentential_subject_island,True,False,False,True,243,-67.54742431640625,-66.10318756103516,0
Who are those students' going to every school alarming.,Who are those students' going to alarming every school.,syntax,island_effects,sentential_subject_island,True,False,False,True,244,-64.24938201904297,-64.87406158447266,1
Who are the guests' working with Steven astounding.,Who are the guests' working with astounding Steven.,syntax,island_effects,sentential_subject_island,True,False,False,True,245,-64.12969970703125,-64.03555297851562,0
Who does that hill's bothering that man sound like.,Who does that hill's bothering sound like that man.,syntax,island_effects,sentential_subject_island,True,False,False,True,246,-73.52498626708984,-68.79403686523438,0
Who has some woman's cleaning all hospitals annoyed.,Who has some woman's cleaning annoyed all hospitals.,syntax,island_effects,sentential_subject_island,True,False,False,True,247,-70.31491088867188,-69.7919921875,0
Who will some actresses' walking through these libraries scare.,Who will some actresses' walking through scare these libraries.,syntax,island_effects,sentential_subject_island,True,False,False,True,248,-84.07562255859375,-83.41799926757812,0
Who is the association's working with a woman hurting.,Who is the association's working with hurting a woman.,syntax,island_effects,sentential_subject_island,True,False,False,True,249,-59.847843170166016,-58.50360107421875,0
Who has the boy's running around some hospital sounded like.,Who has the boy's running around sounded like some hospital.,syntax,island_effects,sentential_subject_island,True,False,False,True,250,-72.73866271972656,-70.27687072753906,0
What were these girls' complaining about Melissa disagreeing with.,What were these girls' complaining about disagreeing with Melissa.,syntax,island_effects,sentential_subject_island,True,False,False,True,251,-75.01497650146484,-70.58168029785156,0
Who would the waitress's returning to Dennis aggravate.,Who would the waitress's returning to aggravate Dennis.,syntax,island_effects,sentential_subject_island,True,False,False,True,252,-73.90206909179688,-74.49433135986328,1
Who had many boys' revealing Pamela stunned.,Who had many boys' revealing stunned Pamela.,syntax,island_effects,sentential_subject_island,True,False,False,True,253,-70.93779754638672,-68.04450988769531,0
What are libraries' insulting Gary disagreeing with.,What are libraries' insulting disagreeing with Gary.,syntax,island_effects,sentential_subject_island,True,False,False,True,254,-76.00003051757812,-70.10938262939453,0
Who have those children' complaining about Amy irritated.,Who have those children' complaining about irritated Amy.,syntax,island_effects,sentential_subject_island,True,False,False,True,255,-64.72428131103516,-64.1915283203125,0
Who had some associations' selling most banks disturbed.,Who had some associations' selling disturbed most banks.,syntax,island_effects,sentential_subject_island,True,False,False,True,256,-75.5921630859375,-75.00614929199219,0
Who had all stories' disagreeing with Tiffany scared.,Who had all stories' disagreeing with scared Tiffany.,syntax,island_effects,sentential_subject_island,True,False,False,True,257,-80.49458312988281,-81.39393615722656,1
Who was this school's concealing Karen annoying.,Who was this school's concealing annoying Karen.,syntax,island_effects,sentential_subject_island,True,False,False,True,258,-71.25453186035156,-70.03972625732422,0
Who had some boy's observing Becca impressed.,Who had some boy's observing impressed Becca.,syntax,island_effects,sentential_subject_island,True,False,False,True,259,-68.48845672607422,-67.8153076171875,0
Who would the men's appreciating Sara disturb.,Who would the men's appreciating disturb Sara.,syntax,island_effects,sentential_subject_island,True,False,False,True,260,-73.90574645996094,-69.77645111083984,0
Who did these men's discovering some school embarrass.,Who did these men's discovering embarrass some school.,syntax,island_effects,sentential_subject_island,True,False,False,True,261,-75.51394653320312,-77.1771240234375,1
Who are some pedestrians' noticing Tonya disturbing.,Who are some pedestrians' noticing disturbing Tonya.,syntax,island_effects,sentential_subject_island,True,False,False,True,262,-79.05704498291016,-76.4962387084961,0
Who have many schools' appreciating Rachelle disgusted.,Who have many schools' appreciating disgusted Rachelle.,syntax,island_effects,sentential_subject_island,True,False,False,True,263,-78.21058654785156,-78.82524108886719,1
Who are all waiters' dropping by those banks shocking.,Who are all waiters' dropping by shocking those banks.,syntax,island_effects,sentential_subject_island,True,False,False,True,264,-77.44291687011719,-76.80162048339844,0
Who are most organizations' working with these cashiers astounding.,Who are most organizations' working with astounding these cashiers.,syntax,island_effects,sentential_subject_island,True,False,False,True,265,-77.39323425292969,-76.23063659667969,0
Who are some girls' hiding Russell disagreeing with.,Who are some girls' hiding disagreeing with Russell.,syntax,island_effects,sentential_subject_island,True,False,False,True,266,-74.75018310546875,-69.57862091064453,0
Who is this legislature's talking about Connie distracting.,Who is this legislature's talking about distracting Connie.,syntax,island_effects,sentential_subject_island,True,False,False,True,267,-72.83078002929688,-68.18722534179688,0
Who can some restaurant's alarming the school sound like.,Who can some restaurant's alarming sound like the school.,syntax,island_effects,sentential_subject_island,True,False,False,True,268,-78.11353302001953,-69.35358428955078,0
Who are actresses' thinking about Tracy shocking.,Who are actresses' thinking about shocking Tracy.,syntax,island_effects,sentential_subject_island,True,False,False,True,269,-65.56771850585938,-65.99842834472656,1
What had all cashiers' selling a newspaper article disagreed with.,What had all cashiers' selling disagreed with a newspaper article.,syntax,island_effects,sentential_subject_island,True,False,False,True,270,-82.20733642578125,-79.51146697998047,0
Who had people's bringing a lot of schools upset.,Who had people's bringing upset a lot of schools.,syntax,island_effects,sentential_subject_island,True,False,False,True,271,-65.13450622558594,-64.81196594238281,0
Who are those actresses' questioning Bill distracting.,Who are those actresses' questioning distracting Bill.,syntax,island_effects,sentential_subject_island,True,False,False,True,272,-69.97135162353516,-67.69054412841797,0
Who could those organizations' working with Carmen stun.,Who could those organizations' working with stun Carmen.,syntax,island_effects,sentential_subject_island,True,False,False,True,273,-77.62516784667969,-75.27194213867188,0
Who was that blouse's bothering a school upsetting.,Who was that blouse's bothering upsetting a school.,syntax,island_effects,sentential_subject_island,True,False,False,True,274,-74.6513900756836,-74.48988342285156,0
Who would a lot of dancers' buying some libraries scare.,Who would a lot of dancers' buying scare some libraries.,syntax,island_effects,sentential_subject_island,True,False,False,True,275,-86.11006164550781,-83.51099395751953,0
Who would a dancer's exploring some library upset.,Who would a dancer's exploring upset some library.,syntax,island_effects,sentential_subject_island,True,False,False,True,276,-69.37925720214844,-72.95750427246094,1
Who has every lady's visiting Maria distracted.,Who has every lady's visiting distracted Maria.,syntax,island_effects,sentential_subject_island,True,False,False,True,277,-65.8482666015625,-66.1080322265625,1
What did a lot of adults' watching Adam sound like.,What did a lot of adults' watching sound like Adam.,syntax,island_effects,sentential_subject_island,True,False,False,True,278,-69.84966278076172,-61.2963981628418,0
Who could many actresses' touring that museum scare.,Who could many actresses' touring scare that museum.,syntax,island_effects,sentential_subject_island,True,False,False,True,279,-77.86708068847656,-77.09620666503906,0
What are a lot of schools' embarrassing some drivers disagreeing with.,What are a lot of schools' embarrassing disagreeing with some drivers.,syntax,island_effects,sentential_subject_island,True,False,False,True,280,-83.9743423461914,-79.2805404663086,0
Who has a waitress's returning to Lissa irritated.,Who has a waitress's returning to irritated Lissa.,syntax,island_effects,sentential_subject_island,True,False,False,True,281,-73.35603332519531,-74.55680847167969,1
Who are all customers' referencing Kristin distracting.,Who are all customers' referencing distracting Kristin.,syntax,island_effects,sentential_subject_island,True,False,False,True,282,-72.1375961303711,-71.28827667236328,0
Who have those women's lifting a lot of banks scared.,Who have those women's lifting scared a lot of banks.,syntax,island_effects,sentential_subject_island,True,False,False,True,283,-68.9320297241211,-68.643798828125,0
Who has this girl's firing Kristen bothered.,Who has this girl's firing bothered Kristen.,syntax,island_effects,sentential_subject_island,True,False,False,True,284,-63.235103607177734,-62.35720443725586,0
Who could this dancer's noticing Dennis annoy.,Who could this dancer's noticing annoy Dennis.,syntax,island_effects,sentential_subject_island,True,False,False,True,285,-75.29512023925781,-72.10189819335938,0
Who are the adults' kissing Donna irritating.,Who are the adults' kissing irritating Donna.,syntax,island_effects,sentential_subject_island,True,False,False,True,286,-65.64079284667969,-63.30562973022461,0
Who might the library's criticizing Todd hurt.,Who might the library's criticizing hurt Todd.,syntax,island_effects,sentential_subject_island,True,False,False,True,287,-69.9505615234375,-71.14807891845703,1
Who will the convertible's confusing those women worry.,Who will the convertible's confusing worry those women.,syntax,island_effects,sentential_subject_island,True,False,False,True,288,-76.247314453125,-75.72969055175781,0
Who had a lot of guests' talking to Carmen disgusted.,Who had a lot of guests' talking to disgusted Carmen.,syntax,island_effects,sentential_subject_island,True,False,False,True,289,-73.95874786376953,-75.22801208496094,1
Who was every man's investigating some actress shocking.,Who was every man's investigating shocking some actress.,syntax,island_effects,sentential_subject_island,True,False,False,True,290,-71.69224548339844,-72.75096130371094,1
Who had all pedestrians' noticing Kimberley confused.,Who had all pedestrians' noticing confused Kimberley.,syntax,island_effects,sentential_subject_island,True,False,False,True,291,-78.08113861083984,-76.42948913574219,0
Who had a woman's running around a hospital irritated.,Who had a woman's running around irritated a hospital.,syntax,island_effects,sentential_subject_island,True,False,False,True,292,-61.08224868774414,-63.39134979248047,1
Who is the waitress's healing Amanda embarrassing.,Who is the waitress's healing embarrassing Amanda.,syntax,island_effects,sentential_subject_island,True,False,False,True,293,-62.66926956176758,-57.858238220214844,0
Who had many pedestrians' noticing every bank worried.,Who had many pedestrians' noticing worried every bank.,syntax,island_effects,sentential_subject_island,True,False,False,True,294,-77.27143859863281,-80.33689880371094,1
Who had that legislature's buying those banks impressed.,Who had that legislature's buying impressed those banks.,syntax,island_effects,sentential_subject_island,True,False,False,True,295,-73.72891998291016,-73.80146789550781,1
Who is broccoli's worrying Sara disagreeing with.,Who is broccoli's worrying disagreeing with Sara.,syntax,island_effects,sentential_subject_island,True,False,False,True,296,-80.04402160644531,-72.70420837402344,0
Who do guys' noticing Joel confuse.,Who do guys' noticing confuse Joel.,syntax,island_effects,sentential_subject_island,True,False,False,True,297,-62.972900390625,-63.59225082397461,1
Who do students' approaching Elizabeth bore.,Who do students' approaching bore Elizabeth.,syntax,island_effects,sentential_subject_island,True,False,False,True,298,-62.6190185546875,-61.5615234375,0
Who were all people's watching cashiers worrying.,Who were all people's watching worrying cashiers.,syntax,island_effects,sentential_subject_island,True,False,False,True,299,-67.00465393066406,-68.73481750488281,1
Who have some children' passing a school shocked.,Who have some children' passing shocked a school.,syntax,island_effects,sentential_subject_island,True,False,False,True,300,-61.07386016845703,-63.964942932128906,1
Who could these doctors' talking to Christina confuse.,Who could these doctors' talking to confuse Christina.,syntax,island_effects,sentential_subject_island,True,False,False,True,301,-72.28378295898438,-68.37169647216797,0
Who have actresses' healing all ladies irritated.,Who have actresses' healing irritated all ladies.,syntax,island_effects,sentential_subject_island,True,False,False,True,302,-72.63772583007812,-72.06282043457031,0
Who could a lot of guests' leaving Donald distract.,Who could a lot of guests' leaving distract Donald.,syntax,island_effects,sentential_subject_island,True,False,False,True,303,-75.25529479980469,-78.52728271484375,1
Who are all teachers' healing this lady upsetting.,Who are all teachers' healing upsetting this lady.,syntax,island_effects,sentential_subject_island,True,False,False,True,304,-67.93675231933594,-63.6927604675293,0
Who did most children' concealing Connie embarrass.,Who did most children' concealing embarrass Connie.,syntax,island_effects,sentential_subject_island,True,False,False,True,305,-84.84364318847656,-79.16851043701172,0
Who does a lady's firing many drivers astound.,Who does a lady's firing astound many drivers.,syntax,island_effects,sentential_subject_island,True,False,False,True,306,-68.42111206054688,-66.39794921875,0
Who are many children' curing Grace worrying.,Who are many children' curing worrying Grace.,syntax,island_effects,sentential_subject_island,True,False,False,True,307,-71.8016357421875,-70.22071838378906,0
Who should some museum's arguing about Donna alarm.,Who should some museum's arguing about alarm Donna.,syntax,island_effects,sentential_subject_island,True,False,False,True,308,-80.51307678222656,-79.78555297851562,0
Who have many sketches' looking like all boys embarrassed.,Who have many sketches' looking like embarrassed all boys.,syntax,island_effects,sentential_subject_island,True,False,False,True,309,-77.10506439208984,-80.69184112548828,1
Who were girls' dropping by this hospital shocking.,Who were girls' dropping by shocking this hospital.,syntax,island_effects,sentential_subject_island,True,False,False,True,310,-70.04301452636719,-72.18124389648438,1
Who were the actresses' observing Bethany annoying.,Who were the actresses' observing annoying Bethany.,syntax,island_effects,sentential_subject_island,True,False,False,True,311,-72.13113403320312,-71.93411254882812,0
Who are a lot of legislatures' helping Larry embarrassing.,Who are a lot of legislatures' helping embarrassing Larry.,syntax,island_effects,sentential_subject_island,True,False,False,True,312,-76.25904846191406,-72.55484771728516,0
Who do the children' researching these companies disgust.,Who do the children' researching disgust these companies.,syntax,island_effects,sentential_subject_island,True,False,False,True,313,-68.86180877685547,-69.56401062011719,1
Who had the man's investigating Sherry annoyed.,Who had the man's investigating annoyed Sherry.,syntax,island_effects,sentential_subject_island,True,False,False,True,314,-66.35102081298828,-67.45494842529297,1
Who have those waitresses' bringing that bank annoyed.,Who have those waitresses' bringing annoyed that bank.,syntax,island_effects,sentential_subject_island,True,False,False,True,315,-79.16130065917969,-79.420166015625,1
Who had these doctors' cleaning the hospital irritated.,Who had these doctors' cleaning irritated the hospital.,syntax,island_effects,sentential_subject_island,True,False,False,True,316,-63.8623161315918,-61.214759826660156,0
Who were some libraries' taking many schools embarrassing.,Who were some libraries' taking embarrassing many schools.,syntax,island_effects,sentential_subject_island,True,False,False,True,317,-75.82260131835938,-76.17828369140625,1
Who would many students' disagreeing with the adults confuse.,Who would many students' disagreeing with confuse the adults.,syntax,island_effects,sentential_subject_island,True,False,False,True,318,-80.14183807373047,-78.437255859375,0
Who does this actress's appreciating Martin worry.,Who does this actress's appreciating worry Martin.,syntax,island_effects,sentential_subject_island,True,False,False,True,319,-64.99260711669922,-66.30622100830078,1
Who can a man's questioning the people irritate.,Who can a man's questioning irritate the people.,syntax,island_effects,sentential_subject_island,True,False,False,True,320,-57.829566955566406,-59.92733383178711,1
Who do universities' admiring the Borgias hurt.,Who do universities' admiring hurt the Borgias.,syntax,island_effects,sentential_subject_island,True,False,False,True,321,-75.69305419921875,-79.78173828125,1
Who are most boys' helping Teresa disturbing.,Who are most boys' helping disturbing Teresa.,syntax,island_effects,sentential_subject_island,True,False,False,True,322,-75.08578491210938,-72.54822540283203,0
Who have some governments' referencing the doctors stunned.,Who have some governments' referencing stunned the doctors.,syntax,island_effects,sentential_subject_island,True,False,False,True,323,-76.0897445678711,-76.2896728515625,1
Who have these adults' exploring every school worried.,Who have these adults' exploring worried every school.,syntax,island_effects,sentential_subject_island,True,False,False,True,324,-74.85757446289062,-75.29049682617188,1
Who should some dancers' questioning Kirsten scare.,Who should some dancers' questioning scare Kirsten.,syntax,island_effects,sentential_subject_island,True,False,False,True,325,-75.5309066772461,-73.14395141601562,0
Who had the lady's kissing Larry stunned.,Who had the lady's kissing stunned Larry.,syntax,island_effects,sentential_subject_island,True,False,False,True,326,-60.87348937988281,-59.76085662841797,0
Who are the dancers' leaving Cheryl aggravating.,Who are the dancers' leaving aggravating Cheryl.,syntax,island_effects,sentential_subject_island,True,False,False,True,327,-68.8163070678711,-69.9143295288086,1
Who are these guys' aggravating Laurie shocking.,Who are these guys' aggravating shocking Laurie.,syntax,island_effects,sentential_subject_island,True,False,False,True,328,-68.77632141113281,-67.76786804199219,0
Who had these adults' cleaning a school scared.,Who had these adults' cleaning scared a school.,syntax,island_effects,sentential_subject_island,True,False,False,True,329,-73.71775817871094,-72.35049438476562,0
Who are a lot of movies' alarming Bradley hurting.,Who are a lot of movies' alarming hurting Bradley.,syntax,island_effects,sentential_subject_island,True,False,False,True,330,-77.18644714355469,-73.7398910522461,0
Who did most teenagers' dropping by the hills sound like.,Who did most teenagers' dropping by sound like the hills.,syntax,island_effects,sentential_subject_island,True,False,False,True,331,-84.25470733642578,-80.23614501953125,0
Who had a lot of ladies' cleaning some hospital confused.,Who had a lot of ladies' cleaning confused some hospital.,syntax,island_effects,sentential_subject_island,True,False,False,True,332,-74.95559692382812,-75.60308837890625,1
What had some guy's examining this commentary sounded like.,What had some guy's examining sounded like this commentary.,syntax,island_effects,sentential_subject_island,True,False,False,True,333,-72.34346771240234,-69.21232604980469,0
Who are all teachers' listening to Randolf boring.,Who are all teachers' listening to boring Randolf.,syntax,island_effects,sentential_subject_island,True,False,False,True,334,-73.71885681152344,-72.09716796875,0
Who did those guests' kissing Nancy confuse.,Who did those guests' kissing confuse Nancy.,syntax,island_effects,sentential_subject_island,True,False,False,True,335,-69.32403564453125,-67.98365783691406,0
Who can some boy's thinking about Rose impress.,Who can some boy's thinking about impress Rose.,syntax,island_effects,sentential_subject_island,True,False,False,True,336,-64.72956848144531,-65.87759399414062,1
Who were many waiters' researching the legislatures impressing.,Who were many waiters' researching impressing the legislatures.,syntax,island_effects,sentential_subject_island,True,False,False,True,337,-83.62371826171875,-82.9569091796875,0
Who will some pie's disgusting Tammy disturb.,Who will some pie's disgusting disturb Tammy.,syntax,island_effects,sentential_subject_island,True,False,False,True,338,-75.02529907226562,-71.50103759765625,0
Who were all cars' worrying Winston Churchill scaring.,Who were all cars' worrying scaring Winston Churchill.,syntax,island_effects,sentential_subject_island,True,False,False,True,339,-78.05715942382812,-76.39753723144531,0
What had the patients' examining most reports sounded like.,What had the patients' examining sounded like most reports.,syntax,island_effects,sentential_subject_island,True,False,False,True,340,-74.4607925415039,-70.46681213378906,0
Who are some students' approaching William worrying.,Who are some students' approaching worrying William.,syntax,island_effects,sentential_subject_island,True,False,False,True,341,-66.66268157958984,-67.81320190429688,1
Who has a guy's thinking about Dan impressed.,Who has a guy's thinking about impressed Dan.,syntax,island_effects,sentential_subject_island,True,False,False,True,342,-56.44648361206055,-58.07209014892578,1
Who have some waitresses' irritating the dancer stunned.,Who have some waitresses' irritating stunned the dancer.,syntax,island_effects,sentential_subject_island,True,False,False,True,343,-81.00920104980469,-80.66255187988281,0
Who did most children' approaching Monet worry.,Who did most children' approaching worry Monet.,syntax,island_effects,sentential_subject_island,True,False,False,True,344,-74.09169006347656,-78.79890441894531,1
Who could a lot of students' touring these libraries shock.,Who could a lot of students' touring shock these libraries.,syntax,island_effects,sentential_subject_island,True,False,False,True,345,-78.46855163574219,-75.99163818359375,0
Who is the boy's watching Gerald worrying.,Who is the boy's watching worrying Gerald.,syntax,island_effects,sentential_subject_island,True,False,False,True,346,-57.189422607421875,-59.593360900878906,1
What are cashiers' aggravating Caroline disagreeing with.,What are cashiers' aggravating disagreeing with Caroline.,syntax,island_effects,sentential_subject_island,True,False,False,True,347,-81.94871520996094,-77.4483413696289,0
Who were most dancers' finding Ronald annoying.,Who were most dancers' finding annoying Ronald.,syntax,island_effects,sentential_subject_island,True,False,False,True,348,-77.78517150878906,-78.80574035644531,1
Who have these dancers' irritating Angela disagreed with.,Who have these dancers' irritating disagreed with Angela.,syntax,island_effects,sentential_subject_island,True,False,False,True,349,-76.66554260253906,-74.0169906616211,0
Who were all patients' discovering Jason irritating.,Who were all patients' discovering irritating Jason.,syntax,island_effects,sentential_subject_island,True,False,False,True,350,-72.11837005615234,-69.43601989746094,0
Who were many schools' helping James upsetting.,Who were many schools' helping upsetting James.,syntax,island_effects,sentential_subject_island,True,False,False,True,351,-70.56341552734375,-69.10157775878906,0
Who have most guys' exploring all banks scared.,Who have most guys' exploring scared all banks.,syntax,island_effects,sentential_subject_island,True,False,False,True,352,-72.9744644165039,-75.40644836425781,1
Who were some pedestrians' discussing Sara shocking.,Who were some pedestrians' discussing shocking Sara.,syntax,island_effects,sentential_subject_island,True,False,False,True,353,-79.05488586425781,-77.40562438964844,0
Who had pedestrians' buying those banks impressed.,Who had pedestrians' buying impressed those banks.,syntax,island_effects,sentential_subject_island,True,False,False,True,354,-72.68975830078125,-75.54484558105469,1
Who had most people's escaping from Rebecca distracted.,Who had most people's escaping from distracted Rebecca.,syntax,island_effects,sentential_subject_island,True,False,False,True,355,-74.16486358642578,-71.12547302246094,0
What was every guy's noticing April disagreeing with.,What was every guy's noticing disagreeing with April.,syntax,island_effects,sentential_subject_island,True,False,False,True,356,-75.74119567871094,-75.36612701416016,0
Who has a girl's concealing Debra aggravated.,Who has a girl's concealing aggravated Debra.,syntax,island_effects,sentential_subject_island,True,False,False,True,357,-68.72705078125,-65.67200469970703,0
Who are many shawls' annoying Stacy scaring.,Who are many shawls' annoying scaring Stacy.,syntax,island_effects,sentential_subject_island,True,False,False,True,358,-79.43856048583984,-77.51016235351562,0
Who were these patients' exploring Harvard University alarming.,Who were these patients' exploring alarming Harvard University.,syntax,island_effects,sentential_subject_island,True,False,False,True,359,-75.64201354980469,-75.27137756347656,0
Who could this library's firing Kenneth scare.,Who could this library's firing scare Kenneth.,syntax,island_effects,sentential_subject_island,True,False,False,True,360,-74.22914123535156,-72.03067016601562,0
Who could some guys' running around museums disturb.,Who could some guys' running around disturb museums.,syntax,island_effects,sentential_subject_island,True,False,False,True,361,-75.99188232421875,-72.51471710205078,0
Who would actors' boycotting every river sound like.,Who would actors' boycotting sound like every river.,syntax,island_effects,sentential_subject_island,True,False,False,True,362,-82.03760528564453,-77.44314575195312,0
Who had every hamster's boring Amy irritated.,Who had every hamster's boring irritated Amy.,syntax,island_effects,sentential_subject_island,True,False,False,True,363,-76.93997192382812,-75.43170928955078,0
Who is the woman's noticing Stacey confusing.,Who is the woman's noticing confusing Stacey.,syntax,island_effects,sentential_subject_island,True,False,False,True,364,-63.92021179199219,-60.54917907714844,0
Who had some girl's discussing Mark confused.,Who had some girl's discussing confused Mark.,syntax,island_effects,sentential_subject_island,True,False,False,True,365,-66.384521484375,-66.13398742675781,0
Who should that actress's concealing Ann embarrass.,Who should that actress's concealing embarrass Ann.,syntax,island_effects,sentential_subject_island,True,False,False,True,366,-77.4759292602539,-72.183349609375,0
Who can the school's talking to those teenagers annoy.,Who can the school's talking to annoy those teenagers.,syntax,island_effects,sentential_subject_island,True,False,False,True,367,-71.63693237304688,-64.89747619628906,0
Who were some cafes' scaring Rhonda stunning.,Who were some cafes' scaring stunning Rhonda.,syntax,island_effects,sentential_subject_island,True,False,False,True,368,-74.52204895019531,-72.834716796875,0
Who are some eggplants' stunning Douglas upsetting.,Who are some eggplants' stunning upsetting Douglas.,syntax,island_effects,sentential_subject_island,True,False,False,True,369,-79.50039672851562,-80.06221771240234,1
Who is a waitress's touring some libraries alarming.,Who is a waitress's touring alarming some libraries.,syntax,island_effects,sentential_subject_island,True,False,False,True,370,-71.57923889160156,-73.02978515625,1
Who are the doctors' discussing Michelle impressing.,Who are the doctors' discussing impressing Michelle.,syntax,island_effects,sentential_subject_island,True,False,False,True,371,-67.380126953125,-65.70819091796875,0
Who do a lot of legislatures' talking about Rhonda astound.,Who do a lot of legislatures' talking about astound Rhonda.,syntax,island_effects,sentential_subject_island,True,False,False,True,372,-79.85725402832031,-80.33657836914062,1
Who has this boy's noticing Gerald embarrassed.,Who has this boy's noticing embarrassed Gerald.,syntax,island_effects,sentential_subject_island,True,False,False,True,373,-65.28469848632812,-64.54408264160156,0
Who might every drawing's astounding Sharon irritate.,Who might every drawing's astounding irritate Sharon.,syntax,island_effects,sentential_subject_island,True,False,False,True,374,-81.71115112304688,-81.24514770507812,0
Who would some doctors' hiding Noah bore.,Who would some doctors' hiding bore Noah.,syntax,island_effects,sentential_subject_island,True,False,False,True,375,-71.97380065917969,-71.08332061767578,0
Who have many drivers' escaping from Stacey disturbed.,Who have many drivers' escaping from disturbed Stacey.,syntax,island_effects,sentential_subject_island,True,False,False,True,376,-73.37765502929688,-73.43222045898438,1
Who were some doctors' noticing Craig bothering.,Who were some doctors' noticing bothering Craig.,syntax,island_effects,sentential_subject_island,True,False,False,True,377,-71.6668472290039,-68.62828063964844,0
Who have all associations' stunning Sara disturbed.,Who have all associations' stunning disturbed Sara.,syntax,island_effects,sentential_subject_island,True,False,False,True,378,-74.80067443847656,-72.72598266601562,0
Who has the girl's hurting those people hurt.,Who has the girl's hurting hurt those people.,syntax,island_effects,sentential_subject_island,True,False,False,True,379,-56.2747688293457,-57.18075942993164,1
Who had this girl's walking through the bank shocked.,Who had this girl's walking through shocked the bank.,syntax,island_effects,sentential_subject_island,True,False,False,True,380,-64.39457702636719,-67.93992614746094,1
Who had all ladies' referencing Monet disturbed.,Who had all ladies' referencing disturbed Monet.,syntax,island_effects,sentential_subject_island,True,False,False,True,381,-78.35428619384766,-78.73320770263672,1
Who had these bananas' shocking Randolf worried.,Who had these bananas' shocking worried Randolf.,syntax,island_effects,sentential_subject_island,True,False,False,True,382,-82.0518569946289,-83.03009033203125,1
Who can every actress's concealing many children distract.,Who can every actress's concealing distract many children.,syntax,island_effects,sentential_subject_island,True,False,False,True,383,-77.61314392089844,-72.55901336669922,0
Who have waiters' concealing Guy disturbed.,Who have waiters' concealing disturbed Guy.,syntax,island_effects,sentential_subject_island,True,False,False,True,384,-74.61724853515625,-73.92323303222656,0
Who does a man's complaining about Sara disturb.,Who does a man's complaining about disturb Sara.,syntax,island_effects,sentential_subject_island,True,False,False,True,385,-65.66012573242188,-62.59230041503906,0
Who have many pedestrians' approaching Jodi hurt.,Who have many pedestrians' approaching hurt Jodi.,syntax,island_effects,sentential_subject_island,True,False,False,True,386,-70.25767517089844,-72.72720336914062,1
Who would that skirt's boring Wayne distract.,Who would that skirt's boring distract Wayne.,syntax,island_effects,sentential_subject_island,True,False,False,True,387,-78.79779815673828,-74.21804809570312,0
Who were students' talking about Guy distracting.,Who were students' talking about distracting Guy.,syntax,island_effects,sentential_subject_island,True,False,False,True,388,-64.56149291992188,-59.24005889892578,0
Who has every cafe's scaring Lawrence aggravated.,Who has every cafe's scaring aggravated Lawrence.,syntax,island_effects,sentential_subject_island,True,False,False,True,389,-80.9389419555664,-76.7523193359375,0
Who should many teenagers' noticing Christopher upset.,Who should many teenagers' noticing upset Christopher.,syntax,island_effects,sentential_subject_island,True,False,False,True,390,-73.94259643554688,-72.96385192871094,0
Who have some girls' arriving at a lot of schools alarmed.,Who have some girls' arriving at alarmed a lot of schools.,syntax,island_effects,sentential_subject_island,True,False,False,True,391,-79.19486236572266,-80.54004669189453,1
Who have many patients' discussing Brad astounded.,Who have many patients' discussing astounded Brad.,syntax,island_effects,sentential_subject_island,True,False,False,True,392,-71.36260223388672,-69.33456420898438,0
Who had a lot of legislatures' describing all essays sounded like.,Who had a lot of legislatures' describing sounded like all essays.,syntax,island_effects,sentential_subject_island,True,False,False,True,393,-86.55357360839844,-84.74069213867188,0
Who had a lot of boys' investigating Martha worried.,Who had a lot of boys' investigating worried Martha.,syntax,island_effects,sentential_subject_island,True,False,False,True,394,-70.81531524658203,-72.45757293701172,1
Who was some boy's watching most pedestrians astounding.,Who was some boy's watching astounding most pedestrians.,syntax,island_effects,sentential_subject_island,True,False,False,True,395,-72.68163299560547,-72.4566879272461,0
Who are a lot of sketches' upsetting Jason aggravating.,Who are a lot of sketches' upsetting aggravating Jason.,syntax,island_effects,sentential_subject_island,True,False,False,True,396,-80.34130859375,-80.7030029296875,1
Who has every cat's astounding Jennifer alarmed.,Who has every cat's astounding alarmed Jennifer.,syntax,island_effects,sentential_subject_island,True,False,False,True,397,-71.80380249023438,-69.8153076171875,0
Who could many waiters' hiding Tammy shock.,Who could many waiters' hiding shock Tammy.,syntax,island_effects,sentential_subject_island,True,False,False,True,398,-77.62635040283203,-75.8377685546875,0
Who might those waitresses' kissing many waiters irritate.,Who might those waitresses' kissing irritate many waiters.,syntax,island_effects,sentential_subject_island,True,False,False,True,399,-92.36564636230469,-92.05697631835938,0
Who did every company's admiring Carol shock.,Who did every company's admiring shock Carol.,syntax,island_effects,sentential_subject_island,True,False,False,True,400,-70.56343078613281,-71.29283905029297,1
Who did these drivers' concealing Elizabeth alarm.,Who did these drivers' concealing alarm Elizabeth.,syntax,island_effects,sentential_subject_island,True,False,False,True,401,-73.62583923339844,-73.59223937988281,0
Who had senators' leaving Kristin shocked.,Who had senators' leaving shocked Kristin.,syntax,island_effects,sentential_subject_island,True,False,False,True,402,-67.29020690917969,-64.6552963256836,0
Who were a lot of windows' disgusting Sarah astounding.,Who were a lot of windows' disgusting astounding Sarah.,syntax,island_effects,sentential_subject_island,True,False,False,True,403,-78.86073303222656,-76.9452133178711,0
Who have those dancers' leaving Andrea annoyed.,Who have those dancers' leaving annoyed Andrea.,syntax,island_effects,sentential_subject_island,True,False,False,True,404,-72.25181579589844,-74.7509994506836,1
Who was this dancer's revealing Tina bothering.,Who was this dancer's revealing bothering Tina.,syntax,island_effects,sentential_subject_island,True,False,False,True,405,-70.45147705078125,-67.566162109375,0
Who did this library's insulting these teenagers upset.,Who did this library's insulting upset these teenagers.,syntax,island_effects,sentential_subject_island,True,False,False,True,406,-71.98225402832031,-73.0413589477539,1
Who had some men's going to some schools scared.,Who had some men's going to scared some schools.,syntax,island_effects,sentential_subject_island,True,False,False,True,407,-64.45957946777344,-65.8770751953125,1
Who does a committee's astounding some legislature annoy.,Who does a committee's astounding annoy some legislature.,syntax,island_effects,sentential_subject_island,True,False,False,True,408,-81.4820327758789,-76.44540405273438,0
Who had the actors' walking through Spain embarrassed.,Who had the actors' walking through embarrassed Spain.,syntax,island_effects,sentential_subject_island,True,False,False,True,409,-70.54811096191406,-71.78654479980469,1
Who had the pedestrians' concealing Cynthia upset.,Who had the pedestrians' concealing upset Cynthia.,syntax,island_effects,sentential_subject_island,True,False,False,True,410,-76.53336334228516,-75.51618957519531,0
Who had the cucumber's distracting Larry stunned.,Who had the cucumber's distracting stunned Larry.,syntax,island_effects,sentential_subject_island,True,False,False,True,411,-72.73944091796875,-69.43606567382812,0
Who were these customers' walking through most schools shocking.,Who were these customers' walking through shocking most schools.,syntax,island_effects,sentential_subject_island,True,False,False,True,412,-84.40290832519531,-84.83889770507812,1
Who did many ladies' concealing Steve disgust.,Who did many ladies' concealing disgust Steve.,syntax,island_effects,sentential_subject_island,True,False,False,True,413,-73.03654479980469,-73.73872375488281,1
Who does some guy's walking through Harvard University distract.,Who does some guy's walking through distract Harvard University.,syntax,island_effects,sentential_subject_island,True,False,False,True,414,-74.87860107421875,-73.46013641357422,0
Who were some hospitals' talking to these pedestrians disturbing.,Who were some hospitals' talking to disturbing these pedestrians.,syntax,island_effects,sentential_subject_island,True,False,False,True,415,-77.0537109375,-76.06845092773438,0
Who did all ladies' driving to a lot of libraries alarm.,Who did all ladies' driving to alarm a lot of libraries.,syntax,island_effects,sentential_subject_island,True,False,False,True,416,-83.23995971679688,-82.212890625,0
Who had those slopes' hurting the teenagers bored.,Who had those slopes' hurting bored the teenagers.,syntax,island_effects,sentential_subject_island,True,False,False,True,417,-77.80792999267578,-79.36539459228516,1
Who had the sketches' irritating Gina hurt.,Who had the sketches' irritating hurt Gina.,syntax,island_effects,sentential_subject_island,True,False,False,True,418,-72.49702453613281,-74.8836441040039,1
Who was every scarf's bothering the Impressionists distracting.,Who was every scarf's bothering distracting the Impressionists.,syntax,island_effects,sentential_subject_island,True,False,False,True,419,-88.79498291015625,-88.82463073730469,1
Who would all banks' listening to Patricia hurt.,Who would all banks' listening to hurt Patricia.,syntax,island_effects,sentential_subject_island,True,False,False,True,420,-75.77466583251953,-76.53514099121094,1
Who was some dancer's admiring Dawn impressing.,Who was some dancer's admiring impressing Dawn.,syntax,island_effects,sentential_subject_island,True,False,False,True,421,-73.10697937011719,-72.18538665771484,0
Who do these actresses' finding some patients impress.,Who do these actresses' finding impress some patients.,syntax,island_effects,sentential_subject_island,True,False,False,True,422,-72.13265228271484,-74.48664855957031,1
Who does that scarf's astounding Alice bother.,Who does that scarf's astounding bother Alice.,syntax,island_effects,sentential_subject_island,True,False,False,True,423,-72.24667358398438,-68.99369049072266,0
Who has some actress's passing the museum irritated.,Who has some actress's passing irritated the museum.,syntax,island_effects,sentential_subject_island,True,False,False,True,424,-71.62747192382812,-68.27423095703125,0
Who were the organizations' distracting James upsetting.,Who were the organizations' distracting upsetting James.,syntax,island_effects,sentential_subject_island,True,False,False,True,425,-67.5723876953125,-65.85789489746094,0
Who had most waiters' hiding Patricia impressed.,Who had most waiters' hiding impressed Patricia.,syntax,island_effects,sentential_subject_island,True,False,False,True,426,-79.24678039550781,-81.44999694824219,1
Who was that lady's boycotting the Borgias disgusting.,Who was that lady's boycotting disgusting the Borgias.,syntax,island_effects,sentential_subject_island,True,False,False,True,427,-76.5513916015625,-80.25112915039062,1
Who are these actresses' describing Stacy worrying.,Who are these actresses' describing worrying Stacy.,syntax,island_effects,sentential_subject_island,True,False,False,True,428,-74.82257080078125,-75.81126403808594,1
Who can all teachers' dropping by every school confuse.,Who can all teachers' dropping by confuse every school.,syntax,island_effects,sentential_subject_island,True,False,False,True,429,-74.25778198242188,-73.16459655761719,0
Who does a drawing's looking like many actresses embarrass.,Who does a drawing's looking like embarrass many actresses.,syntax,island_effects,sentential_subject_island,True,False,False,True,430,-76.04353332519531,-76.13709259033203,1
Who have pants' embarrassing Jessica disgusted.,Who have pants' embarrassing disgusted Jessica.,syntax,island_effects,sentential_subject_island,True,False,False,True,431,-66.83454132080078,-67.27859497070312,1
Who has every river's boring Michelle astounded.,Who has every river's boring astounded Michelle.,syntax,island_effects,sentential_subject_island,True,False,False,True,432,-75.94829559326172,-75.27047729492188,0
Who were the adults' curing Joseph bothering.,Who were the adults' curing bothering Joseph.,syntax,island_effects,sentential_subject_island,True,False,False,True,433,-67.82484436035156,-67.02313232421875,0
Who might an icicle's irritating Randolf scare.,Who might an icicle's irritating scare Randolf.,syntax,island_effects,sentential_subject_island,True,False,False,True,434,-85.37142944335938,-85.58132934570312,1
Who had the woman's criticizing all boys worried.,Who had the woman's criticizing worried all boys.,syntax,island_effects,sentential_subject_island,True,False,False,True,435,-64.45849609375,-69.47606658935547,1
Who is some actress's leaving Dan irritating.,Who is some actress's leaving irritating Dan.,syntax,island_effects,sentential_subject_island,True,False,False,True,436,-68.41804504394531,-67.01959991455078,0
Who can the steps' upsetting Dennis bother.,Who can the steps' upsetting bother Dennis.,syntax,island_effects,sentential_subject_island,True,False,False,True,437,-74.50345611572266,-73.8124008178711,0
Who is every shoe's worrying Lawrence aggravating.,Who is every shoe's worrying aggravating Lawrence.,syntax,island_effects,sentential_subject_island,True,False,False,True,438,-77.82178497314453,-72.59886169433594,0
Who were all ladies' attacking Linda scaring.,Who were all ladies' attacking scaring Linda.,syntax,island_effects,sentential_subject_island,True,False,False,True,439,-69.30648803710938,-67.570556640625,0
Who were the ladies' bringing these banks bothering.,Who were the ladies' bringing bothering these banks.,syntax,island_effects,sentential_subject_island,True,False,False,True,440,-69.97334289550781,-70.64794921875,1
Who are those cashiers' visiting Karla disgusting.,Who are those cashiers' visiting disgusting Karla.,syntax,island_effects,sentential_subject_island,True,False,False,True,441,-77.74551391601562,-78.25909423828125,1
Who were most apples' annoying Edward astounding.,Who were most apples' annoying astounding Edward.,syntax,island_effects,sentential_subject_island,True,False,False,True,442,-80.07546997070312,-82.20047760009766,1
Who have some birds' bothering Winston Churchill stunned.,Who have some birds' bothering stunned Winston Churchill.,syntax,island_effects,sentential_subject_island,True,False,False,True,443,-78.26744079589844,-76.24285125732422,0
Who could a face's upsetting Ellen shock.,Who could a face's upsetting shock Ellen.,syntax,island_effects,sentential_subject_island,True,False,False,True,444,-69.33232879638672,-68.44476318359375,0
Who will the unicycle's impressing Caroline worry.,Who will the unicycle's impressing worry Caroline.,syntax,island_effects,sentential_subject_island,True,False,False,True,445,-79.74032592773438,-79.20768737792969,0
Who can most malls' scaring Danielle astound.,Who can most malls' scaring astound Danielle.,syntax,island_effects,sentential_subject_island,True,False,False,True,446,-87.08343505859375,-83.79950714111328,0
Who had these children' buying this bank astounded.,Who had these children' buying astounded this bank.,syntax,island_effects,sentential_subject_island,True,False,False,True,447,-70.26579284667969,-71.40939331054688,1
Who does some essay's disturbing Carlos shock.,Who does some essay's disturbing shock Carlos.,syntax,island_effects,sentential_subject_island,True,False,False,True,448,-69.0505599975586,-70.8240737915039,1
Who are a lot of guests' driving to that bank alarming.,Who are a lot of guests' driving to alarming that bank.,syntax,island_effects,sentential_subject_island,True,False,False,True,449,-75.67460632324219,-79.82199096679688,1
Who should all drivers' buying some school sound like.,Who should all drivers' buying sound like some school.,syntax,island_effects,sentential_subject_island,True,False,False,True,450,-74.02604675292969,-71.27570343017578,0
Who is a library's concealing Barbara disgusting.,Who is a library's concealing disgusting Barbara.,syntax,island_effects,sentential_subject_island,True,False,False,True,451,-68.64173889160156,-67.26034545898438,0
Who would many actresses' discovering all doctors confuse.,Who would many actresses' discovering confuse all doctors.,syntax,island_effects,sentential_subject_island,True,False,False,True,452,-83.14722442626953,-82.75111389160156,0
Who would a lot of glaciers' distracting all committees stun.,Who would a lot of glaciers' distracting stun all committees.,syntax,island_effects,sentential_subject_island,True,False,False,True,453,-96.25944519042969,-92.23040771484375,0
Who had those cars' disgusting David upset.,Who had those cars' disgusting upset David.,syntax,island_effects,sentential_subject_island,True,False,False,True,454,-69.26266479492188,-65.19978332519531,0
Who has this organization's helping Janice confused.,Who has this organization's helping confused Janice.,syntax,island_effects,sentential_subject_island,True,False,False,True,455,-66.67745971679688,-65.58087158203125,0
Who has the girl's driving to Harvard University disgusted.,Who has the girl's driving to disgusted Harvard University.,syntax,island_effects,sentential_subject_island,True,False,False,True,456,-69.51620483398438,-70.26310729980469,1
Who have those drawings' looking like Nina aggravated.,Who have those drawings' looking like aggravated Nina.,syntax,island_effects,sentential_subject_island,True,False,False,True,457,-80.1349105834961,-80.12529754638672,0
Who are these teachers' attacking Gary astounding.,Who are these teachers' attacking astounding Gary.,syntax,island_effects,sentential_subject_island,True,False,False,True,458,-69.85600280761719,-68.8927001953125,0
Who did every library's concealing James bother.,Who did every library's concealing bother James.,syntax,island_effects,sentential_subject_island,True,False,False,True,459,-79.35653686523438,-76.71965026855469,0
Who has that hospital's discussing Donna disturbed.,Who has that hospital's discussing disturbed Donna.,syntax,island_effects,sentential_subject_island,True,False,False,True,460,-73.80862426757812,-72.74069213867188,0
Who were hats' stunning George upsetting.,Who were hats' stunning upsetting George.,syntax,island_effects,sentential_subject_island,True,False,False,True,461,-69.11422729492188,-66.77571105957031,0
Who had these banks' discussing George aggravated.,Who had these banks' discussing aggravated George.,syntax,island_effects,sentential_subject_island,True,False,False,True,462,-76.17430877685547,-75.9058609008789,0
Who are adults' researching Galileo impressing.,Who are adults' researching impressing Galileo.,syntax,island_effects,sentential_subject_island,True,False,False,True,463,-67.63528442382812,-69.44645690917969,1
Who is a plane's irritating Rodney confusing.,Who is a plane's irritating confusing Rodney.,syntax,island_effects,sentential_subject_island,True,False,False,True,464,-65.3777084350586,-64.74258422851562,0
Who were some guys' talking to Irene distracting.,Who were some guys' talking to distracting Irene.,syntax,island_effects,sentential_subject_island,True,False,False,True,465,-71.43931579589844,-69.16030883789062,0
Who will many screens' worrying the Clintons hurt.,Who will many screens' worrying hurt the Clintons.,syntax,island_effects,sentential_subject_island,True,False,False,True,466,-79.47831726074219,-79.84073638916016,1
Who had these waiters' fleeing from David scared.,Who had these waiters' fleeing from scared David.,syntax,island_effects,sentential_subject_island,True,False,False,True,467,-76.97500610351562,-78.23997497558594,1
Who should that guy's lifting some school aggravate.,Who should that guy's lifting aggravate some school.,syntax,island_effects,sentential_subject_island,True,False,False,True,468,-71.52684020996094,-74.72126770019531,1
Who can some boys' returning to the Clintons shock.,Who can some boys' returning to shock the Clintons.,syntax,island_effects,sentential_subject_island,True,False,False,True,469,-69.88259887695312,-67.46257019042969,0
Who has every glove's boring Omar confused.,Who has every glove's boring confused Omar.,syntax,island_effects,sentential_subject_island,True,False,False,True,470,-74.20828247070312,-73.33708953857422,0
Who have all boys' describing Keith stunned.,Who have all boys' describing stunned Keith.,syntax,island_effects,sentential_subject_island,True,False,False,True,471,-69.26478576660156,-68.6472396850586,0
Who had all people's praising Theresa worried.,Who had all people's praising worried Theresa.,syntax,island_effects,sentential_subject_island,True,False,False,True,472,-65.29289245605469,-71.77827453613281,1
Who would actresses' hiding most guests stun.,Who would actresses' hiding stun most guests.,syntax,island_effects,sentential_subject_island,True,False,False,True,473,-78.49557495117188,-74.74763488769531,0
Who are the students' discussing Carlos astounding.,Who are the students' discussing astounding Carlos.,syntax,island_effects,sentential_subject_island,True,False,False,True,474,-63.01810073852539,-61.670433044433594,0
Who did a lot of ladies' appreciating Stephanie aggravate.,Who did a lot of ladies' appreciating aggravate Stephanie.,syntax,island_effects,sentential_subject_island,True,False,False,True,475,-78.95074462890625,-78.29700469970703,0
Who could a lot of dancers' selling many libraries annoy.,Who could a lot of dancers' selling annoy many libraries.,syntax,island_effects,sentential_subject_island,True,False,False,True,476,-89.79033660888672,-85.20027160644531,0
Who was a river's boring Carlos disgusting.,Who was a river's boring disgusting Carlos.,syntax,island_effects,sentential_subject_island,True,False,False,True,477,-69.77003479003906,-68.42750549316406,0
Who can a boy's returning to George scare.,Who can a boy's returning to scare George.,syntax,island_effects,sentential_subject_island,True,False,False,True,478,-61.20549774169922,-61.292293548583984,1
Who might all teenagers' hiring Bill aggravate.,Who might all teenagers' hiring aggravate Bill.,syntax,island_effects,sentential_subject_island,True,False,False,True,479,-76.18960571289062,-75.39495086669922,0
Who had these patients' running around many museums upset.,Who had these patients' running around upset many museums.,syntax,island_effects,sentential_subject_island,True,False,False,True,480,-77.93479919433594,-78.3263931274414,1
Who might most people's cleaning the books sound like.,Who might most people's cleaning sound like the books.,syntax,island_effects,sentential_subject_island,True,False,False,True,481,-71.13121795654297,-66.69066619873047,0
Who did those waiters' watching Wendy bother.,Who did those waiters' watching bother Wendy.,syntax,island_effects,sentential_subject_island,True,False,False,True,482,-72.72109985351562,-74.58851623535156,1
Who have many men's researching this high school sounded like.,Who have many men's researching sounded like this high school.,syntax,island_effects,sentential_subject_island,True,False,False,True,483,-70.60736083984375,-67.4940185546875,0
Who is that government's firing James aggravating.,Who is that government's firing aggravating James.,syntax,island_effects,sentential_subject_island,True,False,False,True,484,-62.97509002685547,-62.36461639404297,0
What should most students' bringing the newspaper article sound like.,What should most students' bringing sound like the newspaper article.,syntax,island_effects,sentential_subject_island,True,False,False,True,485,-82.33489227294922,-77.51087951660156,0
Who could the company's confusing Wendy annoy.,Who could the company's confusing annoy Wendy.,syntax,island_effects,sentential_subject_island,True,False,False,True,486,-72.454345703125,-69.57032775878906,0
Who should these organizations' describing Patricia hurt.,Who should these organizations' describing hurt Patricia.,syntax,island_effects,sentential_subject_island,True,False,False,True,487,-73.46186828613281,-73.94204711914062,1
Who had these fish' hurting Galileo disgusted.,Who had these fish' hurting disgusted Galileo.,syntax,island_effects,sentential_subject_island,True,False,False,True,488,-76.44111633300781,-76.755126953125,1
Who are the boys' biking to a school scaring.,Who are the boys' biking to scaring a school.,syntax,island_effects,sentential_subject_island,True,False,False,True,489,-63.923683166503906,-66.06478881835938,1
Who have the dancers' attacking Tammy astounded.,Who have the dancers' attacking astounded Tammy.,syntax,island_effects,sentential_subject_island,True,False,False,True,490,-69.46239471435547,-69.89938354492188,1
Who had some dresses' aggravating Alan worried.,Who had some dresses' aggravating worried Alan.,syntax,island_effects,sentential_subject_island,True,False,False,True,491,-73.97386932373047,-75.83695983886719,1
Who had this museum's firing Paul embarrassed.,Who had this museum's firing embarrassed Paul.,syntax,island_effects,sentential_subject_island,True,False,False,True,492,-69.25282287597656,-68.79029846191406,0
Who will waitresses' visiting many ladies bother.,Who will waitresses' visiting bother many ladies.,syntax,island_effects,sentential_subject_island,True,False,False,True,493,-77.69000244140625,-76.73532104492188,0
Who are all drawings' looking like Melinda disgusting.,Who are all drawings' looking like disgusting Melinda.,syntax,island_effects,sentential_subject_island,True,False,False,True,494,-78.46040344238281,-78.20584106445312,0
Who were many children' thinking about a bank embarrassing.,Who were many children' thinking about embarrassing a bank.,syntax,island_effects,sentential_subject_island,True,False,False,True,495,-64.71976470947266,-67.99394226074219,1
Who had all mountains' disturbing Rhonda irritated.,Who had all mountains' disturbing irritated Rhonda.,syntax,island_effects,sentential_subject_island,True,False,False,True,496,-79.155029296875,-76.36795043945312,0
Who should the ladies' approaching some teenagers disgust.,Who should the ladies' approaching disgust some teenagers.,syntax,island_effects,sentential_subject_island,True,False,False,True,497,-70.14939880371094,-69.9665298461914,0
Who were these schools' listening to Becky irritating.,Who were these schools' listening to irritating Becky.,syntax,island_effects,sentential_subject_island,True,False,False,True,498,-75.94815063476562,-74.88258361816406,0
Who was that hat's astounding Anne impressing.,Who was that hat's astounding impressing Anne.,syntax,island_effects,sentential_subject_island,True,False,False,True,499,-73.73748779296875,-69.78861236572266,0
Who have all children' lifting every library bothered.,Who have all children' lifting bothered every library.,syntax,island_effects,sentential_subject_island,True,False,False,True,500,-68.93212890625,-69.18278503417969,1
Who has this girl's referencing Joseph shocked.,Who has this girl's referencing shocked Joseph.,syntax,island_effects,sentential_subject_island,True,False,False,True,501,-63.411827087402344,-63.35200119018555,0
Who were most drivers' exploring a library astounding.,Who were most drivers' exploring astounding a library.,syntax,island_effects,sentential_subject_island,True,False,False,True,502,-75.72805786132812,-80.08634948730469,1
Who should many actresses' discovering Jane bother.,Who should many actresses' discovering bother Jane.,syntax,island_effects,sentential_subject_island,True,False,False,True,503,-76.83822631835938,-75.76422119140625,0
Who had some boys' visiting Jennifer disturbed.,Who had some boys' visiting disturbed Jennifer.,syntax,island_effects,sentential_subject_island,True,False,False,True,504,-67.29530334472656,-69.62406921386719,1
Who were the actresses' helping Holly distracting.,Who were the actresses' helping distracting Holly.,syntax,island_effects,sentential_subject_island,True,False,False,True,505,-71.55305480957031,-66.80352783203125,0
Who did that beef's worrying the Impressionists impress.,Who did that beef's worrying impress the Impressionists.,syntax,island_effects,sentential_subject_island,True,False,False,True,506,-85.14990997314453,-84.24478912353516,0
Who are most schools' firing Cindy embarrassing.,Who are most schools' firing embarrassing Cindy.,syntax,island_effects,sentential_subject_island,True,False,False,True,507,-75.41371154785156,-74.02883911132812,0
Who might every cafe's bothering Carmen impress.,Who might every cafe's bothering impress Carmen.,syntax,island_effects,sentential_subject_island,True,False,False,True,508,-76.44967651367188,-75.46052551269531,0
Who had these cars' irritating Marla disgusted.,Who had these cars' irritating disgusted Marla.,syntax,island_effects,sentential_subject_island,True,False,False,True,509,-74.91979217529297,-75.2281723022461,1
Who do most glasses' stunning Jane astound.,Who do most glasses' stunning astound Jane.,syntax,island_effects,sentential_subject_island,True,False,False,True,510,-80.4632568359375,-78.68606567382812,0
Who was this dancer's exiting that museum confusing.,Who was this dancer's exiting confusing that museum.,syntax,island_effects,sentential_subject_island,True,False,False,True,511,-75.86734008789062,-76.90817260742188,1
Who are a lot of dancers' noticing Dan aggravating.,Who are a lot of dancers' noticing aggravating Dan.,syntax,island_effects,sentential_subject_island,True,False,False,True,512,-77.1299819946289,-77.4461441040039,1
Who did the waiters' healing Lucille aggravate.,Who did the waiters' healing aggravate Lucille.,syntax,island_effects,sentential_subject_island,True,False,False,True,513,-81.0119400024414,-78.2706298828125,0
Who had those turtles' boring Heather shocked.,Who had those turtles' boring shocked Heather.,syntax,island_effects,sentential_subject_island,True,False,False,True,514,-76.64635467529297,-73.63162231445312,0
Who had a lot of jackets' disgusting Kirsten confused.,Who had a lot of jackets' disgusting confused Kirsten.,syntax,island_effects,sentential_subject_island,True,False,False,True,515,-78.27226257324219,-76.39282989501953,0
Who had a boy's finding those women shocked.,Who had a boy's finding shocked those women.,syntax,island_effects,sentential_subject_island,True,False,False,True,516,-56.52933883666992,-57.61907196044922,1
Who have a lot of customers' exploring the school impressed.,Who have a lot of customers' exploring impressed the school.,syntax,island_effects,sentential_subject_island,True,False,False,True,517,-66.60560607910156,-69.95878601074219,1
What might some grocery store's irritating Jessica sound like.,What might some grocery store's irritating sound like Jessica.,syntax,island_effects,sentential_subject_island,True,False,False,True,518,-79.53509521484375,-73.80815124511719,0
Who were most teachers' curing Rodney alarming.,Who were most teachers' curing alarming Rodney.,syntax,island_effects,sentential_subject_island,True,False,False,True,519,-79.19987487792969,-78.94102478027344,0
Who can most shawls' irritating Nina disagree with.,Who can most shawls' irritating disagree with Nina.,syntax,island_effects,sentential_subject_island,True,False,False,True,520,-87.72392272949219,-84.20842742919922,0
Who have those teachers' curing Richard upset.,Who have those teachers' curing upset Richard.,syntax,island_effects,sentential_subject_island,True,False,False,True,521,-71.37684631347656,-69.39289855957031,0
Who is an actress's fleeing from Carmen disturbing.,Who is an actress's fleeing from disturbing Carmen.,syntax,island_effects,sentential_subject_island,True,False,False,True,522,-70.60545349121094,-65.7994155883789,0
Who have these dancers' escaping from most pedestrians scared.,Who have these dancers' escaping from scared most pedestrians.,syntax,island_effects,sentential_subject_island,True,False,False,True,523,-82.3868408203125,-84.56678771972656,1
Who are those ladies' messing up those museums aggravating.,Who are those ladies' messing up aggravating those museums.,syntax,island_effects,sentential_subject_island,True,False,False,True,524,-78.11221313476562,-74.67716217041016,0
Who were a lot of girls' describing Ella annoying.,Who were a lot of girls' describing annoying Ella.,syntax,island_effects,sentential_subject_island,True,False,False,True,525,-76.24705505371094,-73.42127990722656,0
Who did a lot of dancers' concealing Regina upset.,Who did a lot of dancers' concealing upset Regina.,syntax,island_effects,sentential_subject_island,True,False,False,True,526,-76.63406372070312,-76.00421905517578,0
Who were these teenagers' thinking about Christopher impressing.,Who were these teenagers' thinking about impressing Christopher.,syntax,island_effects,sentential_subject_island,True,False,False,True,527,-72.69621276855469,-72.769287109375,1
Who are a lot of women's lifting a lot of schools disgusting.,Who are a lot of women's lifting disgusting a lot of schools.,syntax,island_effects,sentential_subject_island,True,False,False,True,528,-70.53753662109375,-69.26898956298828,0
Who could a lot of patients' leaving Nancy confuse.,Who could a lot of patients' leaving confuse Nancy.,syntax,island_effects,sentential_subject_island,True,False,False,True,529,-74.60374450683594,-72.80226135253906,0
Who would those pedestrians' messing up some hospital aggravate.,Who would those pedestrians' messing up aggravate some hospital.,syntax,island_effects,sentential_subject_island,True,False,False,True,530,-83.08174133300781,-85.54521179199219,1
Who was the legislature's hiring Homer stunning.,Who was the legislature's hiring stunning Homer.,syntax,island_effects,sentential_subject_island,True,False,False,True,531,-65.21826934814453,-61.58525466918945,0
Who do these waitresses' revealing Anne upset.,Who do these waitresses' revealing upset Anne.,syntax,island_effects,sentential_subject_island,True,False,False,True,532,-77.6314697265625,-75.076171875,0
Who have the people's hurting Daniel bothered.,Who have the people's hurting bothered Daniel.,syntax,island_effects,sentential_subject_island,True,False,False,True,533,-61.38581848144531,-61.37187957763672,0
Who was some car's disgusting Carlos scaring.,Who was some car's disgusting scaring Carlos.,syntax,island_effects,sentential_subject_island,True,False,False,True,534,-72.9083023071289,-68.54939270019531,0
Who are a lot of lamps' shocking Julie upsetting.,Who are a lot of lamps' shocking upsetting Julie.,syntax,island_effects,sentential_subject_island,True,False,False,True,535,-83.15061950683594,-80.08130645751953,0
Who are the cars' confusing governments worrying.,Who are the cars' confusing worrying governments.,syntax,island_effects,sentential_subject_island,True,False,False,True,536,-65.7674560546875,-66.0732192993164,1
Who were all dancers' skated around Spain shocking.,Who were all dancers' skated around shocking Spain.,syntax,island_effects,sentential_subject_island,True,False,False,True,537,-77.19527435302734,-77.44660949707031,1
Who had some pedestrians' messing up the museums worried.,Who had some pedestrians' messing up worried the museums.,syntax,island_effects,sentential_subject_island,True,False,False,True,538,-78.03971099853516,-77.825927734375,0
Who was that actress's researching Spain irritating.,Who was that actress's researching irritating Spain.,syntax,island_effects,sentential_subject_island,True,False,False,True,539,-70.9949951171875,-67.50149536132812,0
Who was this woman's messing up this school aggravating.,Who was this woman's messing up aggravating this school.,syntax,island_effects,sentential_subject_island,True,False,False,True,540,-68.60916137695312,-68.94002532958984,1
Who were most boys' admiring Curtis astounding.,Who were most boys' admiring astounding Curtis.,syntax,island_effects,sentential_subject_island,True,False,False,True,541,-76.51110076904297,-76.93342590332031,1
Who have most drivers' arguing about Heather sounded like.,Who have most drivers' arguing about sounded like Heather.,syntax,island_effects,sentential_subject_island,True,False,False,True,542,-80.28971862792969,-77.95618438720703,0
Who was some glacier's astounding Valerie alarming.,Who was some glacier's astounding alarming Valerie.,syntax,island_effects,sentential_subject_island,True,False,False,True,543,-77.28816223144531,-74.57032775878906,0
Who did many senators' lifting all hospitals astound.,Who did many senators' lifting astound all hospitals.,syntax,island_effects,sentential_subject_island,True,False,False,True,544,-80.69024658203125,-78.47039794921875,0
Who did some guy's cleaning all libraries upset.,Who did some guy's cleaning upset all libraries.,syntax,island_effects,sentential_subject_island,True,False,False,True,545,-67.10610961914062,-64.16111755371094,0
Who had all customers' thinking about Sonia annoyed.,Who had all customers' thinking about annoyed Sonia.,syntax,island_effects,sentential_subject_island,True,False,False,True,546,-66.83103942871094,-69.73744201660156,1
Who were drivers' driving to many banks shocking.,Who were drivers' driving to shocking many banks.,syntax,island_effects,sentential_subject_island,True,False,False,True,547,-69.60368347167969,-70.21631622314453,1
Who had these hats' disturbing Carmen bored.,Who had these hats' disturbing bored Carmen.,syntax,island_effects,sentential_subject_island,True,False,False,True,548,-73.54795837402344,-70.85832214355469,0
Who would that woman's visiting the Borgias sound like.,Who would that woman's visiting sound like the Borgias.,syntax,island_effects,sentential_subject_island,True,False,False,True,549,-79.92362213134766,-78.09503173828125,0
Who are most guys' noticing Derek upsetting.,Who are most guys' noticing upsetting Derek.,syntax,island_effects,sentential_subject_island,True,False,False,True,550,-70.64566802978516,-68.43700408935547,0
Who does this lady's researching the company astound.,Who does this lady's researching astound the company.,syntax,island_effects,sentential_subject_island,True,False,False,True,551,-62.266273498535156,-63.5305061340332,1
Who has the snake's astounding Becca worried.,Who has the snake's astounding worried Becca.,syntax,island_effects,sentential_subject_island,True,False,False,True,552,-67.6865463256836,-67.62834167480469,0
Who will some dancer's working with Christopher irritate.,Who will some dancer's working with irritate Christopher.,syntax,island_effects,sentential_subject_island,True,False,False,True,553,-70.8617172241211,-76.60871124267578,1
Who could that actress's discovering Janice alarm.,Who could that actress's discovering alarm Janice.,syntax,island_effects,sentential_subject_island,True,False,False,True,554,-76.84883117675781,-75.71255493164062,0
Who are most ladies' messing up some banks distracting.,Who are most ladies' messing up distracting some banks.,syntax,island_effects,sentential_subject_island,True,False,False,True,555,-76.97032165527344,-78.06387329101562,1
Who is this woman's walking through many banks impressing.,Who is this woman's walking through impressing many banks.,syntax,island_effects,sentential_subject_island,True,False,False,True,556,-73.3948974609375,-71.35513305664062,0
Who were a lot of dancers' investigating Michelle stunning.,Who were a lot of dancers' investigating stunning Michelle.,syntax,island_effects,sentential_subject_island,True,False,False,True,557,-77.35353088378906,-76.9766845703125,0
Who can all carriages' stunning Katherine disturb.,Who can all carriages' stunning disturb Katherine.,syntax,island_effects,sentential_subject_island,True,False,False,True,558,-81.58851623535156,-76.56363677978516,0
Who was some actress's disturbing Ellen scaring.,Who was some actress's disturbing scaring Ellen.,syntax,island_effects,sentential_subject_island,True,False,False,True,559,-68.58373260498047,-65.42161560058594,0
Who had some photograph's embarrassing Christopher embarrassed.,Who had some photograph's embarrassing embarrassed Christopher.,syntax,island_effects,sentential_subject_island,True,False,False,True,560,-72.765869140625,-73.0833511352539,1
Who should these actresses' thinking about Joseph irritate.,Who should these actresses' thinking about irritate Joseph.,syntax,island_effects,sentential_subject_island,True,False,False,True,561,-71.71746826171875,-72.68618774414062,1
Who should customers' finding Laurie upset.,Who should customers' finding upset Laurie.,syntax,island_effects,sentential_subject_island,True,False,False,True,562,-63.58957290649414,-62.543495178222656,0
Who do those guys' dropping by the schools disturb.,Who do those guys' dropping by disturb the schools.,syntax,island_effects,sentential_subject_island,True,False,False,True,563,-70.92037963867188,-70.0084228515625,0
Who have many girls' investigating Brett impressed.,Who have many girls' investigating impressed Brett.,syntax,island_effects,sentential_subject_island,True,False,False,True,564,-67.89543151855469,-69.14970397949219,1
Who can blouses' confusing Bethany scare.,Who can blouses' confusing scare Bethany.,syntax,island_effects,sentential_subject_island,True,False,False,True,565,-71.19856262207031,-70.66151428222656,0
Who have a lot of associations' astounding Rebecca disturbed.,Who have a lot of associations' astounding disturbed Rebecca.,syntax,island_effects,sentential_subject_island,True,False,False,True,566,-77.89069366455078,-72.80452728271484,0
Who have cafes' upsetting Angela distracted.,Who have cafes' upsetting distracted Angela.,syntax,island_effects,sentential_subject_island,True,False,False,True,567,-74.40069580078125,-72.50543975830078,0
Who had that hair's stunning Randolf stunned.,Who had that hair's stunning stunned Randolf.,syntax,island_effects,sentential_subject_island,True,False,False,True,568,-79.95977783203125,-77.99455261230469,0
Who is the snake's astounding Caroline irritating.,Who is the snake's astounding irritating Caroline.,syntax,island_effects,sentential_subject_island,True,False,False,True,569,-66.85114288330078,-63.67855453491211,0
Who had every woman's appreciating Beth irritated.,Who had every woman's appreciating irritated Beth.,syntax,island_effects,sentential_subject_island,True,False,False,True,570,-72.06410217285156,-72.49740600585938,1
Who were teachers' revealing Lucille confusing.,Who were teachers' revealing confusing Lucille.,syntax,island_effects,sentential_subject_island,True,False,False,True,571,-70.54368591308594,-69.84526062011719,0
Who were all actresses' disagreeing with Robert shocking.,Who were all actresses' disagreeing with shocking Robert.,syntax,island_effects,sentential_subject_island,True,False,False,True,572,-75.94027709960938,-78.07864379882812,1
Who was the lady's watching Mark worrying.,Who was the lady's watching worrying Mark.,syntax,island_effects,sentential_subject_island,True,False,False,True,573,-57.176109313964844,-59.37266159057617,1
Who has this hospital's appreciating Liam distracted.,Who has this hospital's appreciating distracted Liam.,syntax,island_effects,sentential_subject_island,True,False,False,True,574,-74.44957733154297,-73.57650756835938,0
Who are those women's kissing Vanessa disgusting.,Who are those women's kissing disgusting Vanessa.,syntax,island_effects,sentential_subject_island,True,False,False,True,575,-64.35458374023438,-60.92449951171875,0
What can a lady's examining most books disagree with.,What can a lady's examining disagree with most books.,syntax,island_effects,sentential_subject_island,True,False,False,True,576,-71.03648376464844,-72.79695129394531,1
Who had organizations' talking about Brenda alarmed.,Who had organizations' talking about alarmed Brenda.,syntax,island_effects,sentential_subject_island,True,False,False,True,577,-70.7098617553711,-69.16998291015625,0
Who is the guy's listening to Carlos irritating.,Who is the guy's listening to irritating Carlos.,syntax,island_effects,sentential_subject_island,True,False,False,True,578,-57.46165466308594,-57.496971130371094,1
Who should many waitresses' cleaning some library aggravate.,Who should many waitresses' cleaning aggravate some library.,syntax,island_effects,sentential_subject_island,True,False,False,True,579,-87.80921936035156,-87.76551055908203,0
Who have some patients' bringing those libraries astounded.,Who have some patients' bringing astounded those libraries.,syntax,island_effects,sentential_subject_island,True,False,False,True,580,-78.71607971191406,-78.36138916015625,0
Who had most children' shocking Anne disgusted.,Who had most children' shocking disgusted Anne.,syntax,island_effects,sentential_subject_island,True,False,False,True,581,-74.1287841796875,-71.72457885742188,0
Who are those mouths' scaring many men annoying.,Who are those mouths' scaring annoying many men.,syntax,island_effects,sentential_subject_island,True,False,False,True,582,-70.98591613769531,-70.4942626953125,0
Who do many girls' observing Anna annoy.,Who do many girls' observing annoy Anna.,syntax,island_effects,sentential_subject_island,True,False,False,True,583,-72.52975463867188,-69.86967468261719,0
Who will the boys' finding Becca aggravate.,Who will the boys' finding aggravate Becca.,syntax,island_effects,sentential_subject_island,True,False,False,True,584,-74.73316955566406,-72.02670288085938,0
Who are a lot of guests' bringing that hospital upsetting.,Who are a lot of guests' bringing upsetting that hospital.,syntax,island_effects,sentential_subject_island,True,False,False,True,585,-77.3971939086914,-76.63215637207031,0
Who had a lot of pies' boring Patricia disturbed.,Who had a lot of pies' boring disturbed Patricia.,syntax,island_effects,sentential_subject_island,True,False,False,True,586,-79.38236236572266,-77.2469253540039,0
Who did this actress's researching the university bother.,Who did this actress's researching bother the university.,syntax,island_effects,sentential_subject_island,True,False,False,True,587,-70.5311050415039,-70.77169799804688,1
Who have those women's describing Claire irritated.,Who have those women's describing irritated Claire.,syntax,island_effects,sentential_subject_island,True,False,False,True,588,-68.43896484375,-66.52984619140625,0
Who will the screen's stunning Matt upset.,Who will the screen's stunning upset Matt.,syntax,island_effects,sentential_subject_island,True,False,False,True,589,-62.795536041259766,-63.43617630004883,1
Who had the woman's going to all banks alarmed.,Who had the woman's going to alarmed all banks.,syntax,island_effects,sentential_subject_island,True,False,False,True,590,-68.75418090820312,-66.80854797363281,0
Who is every dancer's approaching all teachers disturbing.,Who is every dancer's approaching disturbing all teachers.,syntax,island_effects,sentential_subject_island,True,False,False,True,591,-72.79786682128906,-72.0372085571289,0
Who can those teachers' skated around some museum upset.,Who can those teachers' skated around upset some museum.,syntax,island_effects,sentential_subject_island,True,False,False,True,592,-86.08590698242188,-89.81682586669922,1
Who are the teachers' complaining about Galileo irritating.,Who are the teachers' complaining about irritating Galileo.,syntax,island_effects,sentential_subject_island,True,False,False,True,593,-67.77092742919922,-65.71861267089844,0
Who have a lot of companies' talking about Cheryl shocked.,Who have a lot of companies' talking about shocked Cheryl.,syntax,island_effects,sentential_subject_island,True,False,False,True,594,-69.48982238769531,-68.9720230102539,0
Who was that girl's fleeing from Cynthia confusing.,Who was that girl's fleeing from confusing Cynthia.,syntax,island_effects,sentential_subject_island,True,False,False,True,595,-72.55488586425781,-70.60539245605469,0
Who had some schools' working with Omar worried.,Who had some schools' working with worried Omar.,syntax,island_effects,sentential_subject_island,True,False,False,True,596,-67.80608367919922,-69.53483581542969,1
Who are those drivers' arriving at those libraries alarming.,Who are those drivers' arriving at alarming those libraries.,syntax,island_effects,sentential_subject_island,True,False,False,True,597,-76.66708374023438,-77.17160034179688,1
Who has this legislature's listening to Marie aggravated.,Who has this legislature's listening to aggravated Marie.,syntax,island_effects,sentential_subject_island,True,False,False,True,598,-76.83500671386719,-76.12319946289062,0
Who were these tomatoes' aggravating John disagreeing with.,Who were these tomatoes' aggravating disagreeing with John.,syntax,island_effects,sentential_subject_island,True,False,False,True,599,-91.25452423095703,-84.77174377441406,0
Who did the woman's referencing Bruce distract.,Who did the woman's referencing distract Bruce.,syntax,island_effects,sentential_subject_island,True,False,False,True,600,-67.4200439453125,-65.07940673828125,0
Who do those pedestrians' driving to Spain distract.,Who do those pedestrians' driving to distract Spain.,syntax,island_effects,sentential_subject_island,True,False,False,True,601,-73.43075561523438,-70.94770050048828,0
Who should every lady's returning to a lot of guests worry.,Who should every lady's returning to worry a lot of guests.,syntax,island_effects,sentential_subject_island,True,False,False,True,602,-72.11112213134766,-67.21163940429688,0
Who are those children' messing up many museums confusing.,Who are those children' messing up confusing many museums.,syntax,island_effects,sentential_subject_island,True,False,False,True,603,-74.32177734375,-72.52816772460938,0
Who have all students' researching all governments stunned.,Who have all students' researching stunned all governments.,syntax,island_effects,sentential_subject_island,True,False,False,True,604,-70.57762145996094,-70.40693664550781,0
Who are most planes' astounding Anna annoying.,Who are most planes' astounding annoying Anna.,syntax,island_effects,sentential_subject_island,True,False,False,True,605,-75.655029296875,-72.438232421875,0
Who had some governments' talking about Natalie annoyed.,Who had some governments' talking about annoyed Natalie.,syntax,island_effects,sentential_subject_island,True,False,False,True,606,-75.68519592285156,-73.50817108154297,0
Who might every guy's revealing Frank disgust.,Who might every guy's revealing disgust Frank.,syntax,island_effects,sentential_subject_island,True,False,False,True,607,-67.20165252685547,-68.6038818359375,1
Who does a documentary's confusing the Lutherans embarrass.,Who does a documentary's confusing embarrass the Lutherans.,syntax,island_effects,sentential_subject_island,True,False,False,True,608,-82.48110961914062,-82.18267822265625,0
Who had a lot of guests' biking to most schools disgusted.,Who had a lot of guests' biking to disgusted most schools.,syntax,island_effects,sentential_subject_island,True,False,False,True,609,-83.2000961303711,-84.76028442382812,1
Who was every drawing's looking like Candice scaring.,Who was every drawing's looking like scaring Candice.,syntax,island_effects,sentential_subject_island,True,False,False,True,610,-78.09368133544922,-77.13236999511719,0
Who were many malls' upsetting Derek aggravating.,Who were many malls' upsetting aggravating Derek.,syntax,island_effects,sentential_subject_island,True,False,False,True,611,-81.42706298828125,-82.69303894042969,1
Who will these dancers' hugging Rodney impress.,Who will these dancers' hugging impress Rodney.,syntax,island_effects,sentential_subject_island,True,False,False,True,612,-73.73149108886719,-74.2339859008789,1
Who have most drivers' attacking Rodney bothered.,Who have most drivers' attacking bothered Rodney.,syntax,island_effects,sentential_subject_island,True,False,False,True,613,-70.67619323730469,-71.24090576171875,1
Who will some senators' admiring Eric confuse.,Who will some senators' admiring confuse Eric.,syntax,island_effects,sentential_subject_island,True,False,False,True,614,-70.70491027832031,-71.32856750488281,1
Who are most students' boycotting that government worrying.,Who are most students' boycotting worrying that government.,syntax,island_effects,sentential_subject_island,True,False,False,True,615,-74.58523559570312,-72.75389862060547,0
Who had these customers' disturbing Theodore disturbed.,Who had these customers' disturbing disturbed Theodore.,syntax,island_effects,sentential_subject_island,True,False,False,True,616,-72.94523620605469,-71.45603942871094,0
Who have most ladies' concealing Ruth irritated.,Who have most ladies' concealing irritated Ruth.,syntax,island_effects,sentential_subject_island,True,False,False,True,617,-78.57771301269531,-76.4000244140625,0
Who has every waitress's fleeing from Carmen annoyed.,Who has every waitress's fleeing from annoyed Carmen.,syntax,island_effects,sentential_subject_island,True,False,False,True,618,-79.7651596069336,-78.66293334960938,0
Who is this lamp's stunning some lady alarming.,Who is this lamp's stunning alarming some lady.,syntax,island_effects,sentential_subject_island,True,False,False,True,619,-69.17720794677734,-71.33324432373047,1
Who had those girls' arriving at these hospitals aggravated.,Who had those girls' arriving at aggravated these hospitals.,syntax,island_effects,sentential_subject_island,True,False,False,True,620,-78.66507720947266,-77.71916198730469,0
Who have all dancers' disturbing Andrea worried.,Who have all dancers' disturbing worried Andrea.,syntax,island_effects,sentential_subject_island,True,False,False,True,621,-72.35579681396484,-73.25553131103516,1
Who were all people's kissing Linda disturbing.,Who were all people's kissing disturbing Linda.,syntax,island_effects,sentential_subject_island,True,False,False,True,622,-65.8488540649414,-65.34510803222656,0
Who was this spinach's bothering Christopher bothering.,Who was this spinach's bothering bothering Christopher.,syntax,island_effects,sentential_subject_island,True,False,False,True,623,-78.96736907958984,-74.95549011230469,0
Who were most guests' bringing that library alarming.,Who were most guests' bringing alarming that library.,syntax,island_effects,sentential_subject_island,True,False,False,True,624,-79.09333801269531,-81.12069702148438,1
Who have a lot of customers' lifting many banks worried.,Who have a lot of customers' lifting worried many banks.,syntax,island_effects,sentential_subject_island,True,False,False,True,625,-68.31178283691406,-68.743896484375,1
Who was the horse's shocking Nancy alarming.,Who was the horse's shocking alarming Nancy.,syntax,island_effects,sentential_subject_island,True,False,False,True,626,-66.57386779785156,-64.22894287109375,0
Who were those waiters' fleeing from Amanda shocking.,Who were those waiters' fleeing from shocking Amanda.,syntax,island_effects,sentential_subject_island,True,False,False,True,627,-79.45872497558594,-78.00054931640625,0
Who were a lot of students' escaping from some boys bothering.,Who were a lot of students' escaping from bothering some boys.,syntax,island_effects,sentential_subject_island,True,False,False,True,628,-76.14860534667969,-73.32122802734375,0
Who were those teenagers' running around that library aggravating.,Who were those teenagers' running around aggravating that library.,syntax,island_effects,sentential_subject_island,True,False,False,True,629,-77.35542297363281,-80.89767456054688,1
Who is that man's attacking Carla aggravating.,Who is that man's attacking aggravating Carla.,syntax,island_effects,sentential_subject_island,True,False,False,True,630,-63.85186767578125,-62.61000061035156,0
Who could that woman's insulting Rodney disgust.,Who could that woman's insulting disgust Rodney.,syntax,island_effects,sentential_subject_island,True,False,False,True,631,-65.80403137207031,-65.56466674804688,0
Who have many mirrors' annoying April distracted.,Who have many mirrors' annoying distracted April.,syntax,island_effects,sentential_subject_island,True,False,False,True,632,-72.60672760009766,-70.26441955566406,0
Who had rugs' impressing the Clintons worried.,Who had rugs' impressing worried the Clintons.,syntax,island_effects,sentential_subject_island,True,False,False,True,633,-73.19189453125,-75.07463073730469,1
Who are many organizations' buying every hospital impressing.,Who are many organizations' buying impressing every hospital.,syntax,island_effects,sentential_subject_island,True,False,False,True,634,-74.6617202758789,-71.98362731933594,0
Who is the school's talking about Regina alarming.,Who is the school's talking about alarming Regina.,syntax,island_effects,sentential_subject_island,True,False,False,True,635,-61.260128021240234,-59.372867584228516,0
Who are some girls' describing Dennis irritating.,Who are some girls' describing irritating Dennis.,syntax,island_effects,sentential_subject_island,True,False,False,True,636,-71.22694396972656,-69.28926086425781,0
Who could many children' noticing Tamara shock.,Who could many children' noticing shock Tamara.,syntax,island_effects,sentential_subject_island,True,False,False,True,637,-73.29205322265625,-75.68619537353516,1
Who can all hospitals' listening to Tanya scare.,Who can all hospitals' listening to scare Tanya.,syntax,island_effects,sentential_subject_island,True,False,False,True,638,-76.14807891845703,-73.54411315917969,0
Who had the actress's biking to many banks scared.,Who had the actress's biking to scared many banks.,syntax,island_effects,sentential_subject_island,True,False,False,True,639,-76.98159790039062,-76.0136489868164,0
Who did these men's escaping from Carla confuse.,Who did these men's escaping from confuse Carla.,syntax,island_effects,sentential_subject_island,True,False,False,True,640,-74.4100341796875,-70.47203826904297,0
Who will those guys' taking schools impress.,Who will those guys' taking impress schools.,syntax,island_effects,sentential_subject_island,True,False,False,True,641,-63.788658142089844,-64.65584564208984,1
Who did some actress's concealing some adults hurt.,Who did some actress's concealing hurt some adults.,syntax,island_effects,sentential_subject_island,True,False,False,True,642,-73.0934066772461,-74.09100341796875,1
Who might that library's arguing about Regina bother.,Who might that library's arguing about bother Regina.,syntax,island_effects,sentential_subject_island,True,False,False,True,643,-82.29306030273438,-79.42089080810547,0
Who had these teenagers' biking to that bank stunned.,Who had these teenagers' biking to stunned that bank.,syntax,island_effects,sentential_subject_island,True,False,False,True,644,-80.13325500488281,-79.0225830078125,0
Who has that movie's aggravating Jason alarmed.,Who has that movie's aggravating alarmed Jason.,syntax,island_effects,sentential_subject_island,True,False,False,True,645,-70.80378723144531,-72.15400695800781,1
Who is that legislature's talking about all patients confusing.,Who is that legislature's talking about confusing all patients.,syntax,island_effects,sentential_subject_island,True,False,False,True,646,-65.07935333251953,-66.0516586303711,1
Who had a lot of customers' discovering Karla irritated.,Who had a lot of customers' discovering irritated Karla.,syntax,island_effects,sentential_subject_island,True,False,False,True,647,-75.27764892578125,-72.00675964355469,0
Who have the waiters' returning to Samantha alarmed.,Who have the waiters' returning to alarmed Samantha.,syntax,island_effects,sentential_subject_island,True,False,False,True,648,-72.77925872802734,-72.73367309570312,0
Who had this girl's boycotting many committees aggravated.,Who had this girl's boycotting aggravated many committees.,syntax,island_effects,sentential_subject_island,True,False,False,True,649,-78.75633239746094,-75.57611083984375,0
Who has the legislature's talking to Roger scared.,Who has the legislature's talking to scared Roger.,syntax,island_effects,sentential_subject_island,True,False,False,True,650,-64.78652954101562,-66.13301086425781,1
Who are most guys' buying that bank scaring.,Who are most guys' buying scaring that bank.,syntax,island_effects,sentential_subject_island,True,False,False,True,651,-70.97026062011719,-69.91883850097656,0
Who should some guy's cleaning the hospital alarm.,Who should some guy's cleaning alarm the hospital.,syntax,island_effects,sentential_subject_island,True,False,False,True,652,-61.649993896484375,-61.43770980834961,0
Who have most waitresses' observing most dancers distracted.,Who have most waitresses' observing distracted most dancers.,syntax,island_effects,sentential_subject_island,True,False,False,True,653,-91.11846923828125,-90.04354858398438,0
Who have pedestrians' arguing about Amy aggravated.,Who have pedestrians' arguing about aggravated Amy.,syntax,island_effects,sentential_subject_island,True,False,False,True,654,-74.35136413574219,-70.37400817871094,0
Who has every mouth's astounding Connie hurt.,Who has every mouth's astounding hurt Connie.,syntax,island_effects,sentential_subject_island,True,False,False,True,655,-77.0216064453125,-74.82929229736328,0
Who has some boy's helping the girl astounded.,Who has some boy's helping astounded the girl.,syntax,island_effects,sentential_subject_island,True,False,False,True,656,-60.910587310791016,-62.92563247680664,1
Who had the legislatures' working with Tonya upset.,Who had the legislatures' working with upset Tonya.,syntax,island_effects,sentential_subject_island,True,False,False,True,657,-71.71603393554688,-72.24357604980469,1
Who might all men's selling the hospitals shock.,Who might all men's selling shock the hospitals.,syntax,island_effects,sentential_subject_island,True,False,False,True,658,-70.43209838867188,-69.52569580078125,0
Who had every actress's boycotting the Borgias disgusted.,Who had every actress's boycotting disgusted the Borgias.,syntax,island_effects,sentential_subject_island,True,False,False,True,659,-85.26017761230469,-87.373779296875,1
Who might this dancer's exploring this bank distract.,Who might this dancer's exploring distract this bank.,syntax,island_effects,sentential_subject_island,True,False,False,True,660,-74.65126037597656,-75.59364318847656,1
Who do most girls' appreciating Jerry alarm.,Who do most girls' appreciating alarm Jerry.,syntax,island_effects,sentential_subject_island,True,False,False,True,661,-74.3250732421875,-74.46192932128906,1
Who has this dancer's approaching Katherine irritated.,Who has this dancer's approaching irritated Katherine.,syntax,island_effects,sentential_subject_island,True,False,False,True,662,-71.19840240478516,-68.04441833496094,0
Who are most adults' insulting many museums disturbing.,Who are most adults' insulting disturbing many museums.,syntax,island_effects,sentential_subject_island,True,False,False,True,663,-81.36509704589844,-78.84716796875,0
Who will most students' selling the hospital astound.,Who will most students' selling astound the hospital.,syntax,island_effects,sentential_subject_island,True,False,False,True,664,-72.25064849853516,-70.64804077148438,0
Who are some senators' returning to a lot of guests distracting.,Who are some senators' returning to distracting a lot of guests.,syntax,island_effects,sentential_subject_island,True,False,False,True,665,-76.88765716552734,-73.47209167480469,0
Who are some adults' aggravating Tanya alarming.,Who are some adults' aggravating alarming Tanya.,syntax,island_effects,sentential_subject_island,True,False,False,True,666,-69.05784606933594,-67.76942443847656,0
What are most people's lifting a report disagreeing with.,What are most people's lifting disagreeing with a report.,syntax,island_effects,sentential_subject_island,True,False,False,True,667,-72.40632629394531,-66.80271911621094,0
Who do some ladies' finding Karen disturb.,Who do some ladies' finding disturb Karen.,syntax,island_effects,sentential_subject_island,True,False,False,True,668,-71.12246704101562,-69.60502624511719,0
Who were all girls' messing up a bank shocking.,Who were all girls' messing up shocking a bank.,syntax,island_effects,sentential_subject_island,True,False,False,True,669,-68.92683410644531,-72.95697021484375,1
Who had many senators' thinking about Joel worried.,Who had many senators' thinking about worried Joel.,syntax,island_effects,sentential_subject_island,True,False,False,True,670,-68.70861053466797,-69.49650573730469,1
Who have these ladies' finding Joseph bothered.,Who have these ladies' finding bothered Joseph.,syntax,island_effects,sentential_subject_island,True,False,False,True,671,-65.1535415649414,-66.55406188964844,1
Who would all guests' visiting Jason disturb.,Who would all guests' visiting disturb Jason.,syntax,island_effects,sentential_subject_island,True,False,False,True,672,-73.67112731933594,-72.53111267089844,0
Who are most organizations' disturbing Stacey distracting.,Who are most organizations' disturbing distracting Stacey.,syntax,island_effects,sentential_subject_island,True,False,False,True,673,-80.60562133789062,-75.74359130859375,0
Who were some prints' upsetting Richard irritating.,Who were some prints' upsetting irritating Richard.,syntax,island_effects,sentential_subject_island,True,False,False,True,674,-78.43106842041016,-79.46830749511719,1
Who was the bank's criticizing Jacqueline upsetting.,Who was the bank's criticizing upsetting Jacqueline.,syntax,island_effects,sentential_subject_island,True,False,False,True,675,-66.77671813964844,-63.32451629638672,0
Who should many teachers' discussing Dana hurt.,Who should many teachers' discussing hurt Dana.,syntax,island_effects,sentential_subject_island,True,False,False,True,676,-72.58181762695312,-73.81330871582031,1
Who have most adults' disagreeing with waiters stunned.,Who have most adults' disagreeing with stunned waiters.,syntax,island_effects,sentential_subject_island,True,False,False,True,677,-80.5533447265625,-76.22492980957031,0
Who is some glass's annoying Harvard University annoying.,Who is some glass's annoying annoying Harvard University.,syntax,island_effects,sentential_subject_island,True,False,False,True,678,-81.98046875,-78.60781860351562,0
Who had these adults' returning to Eva bothered.,Who had these adults' returning to bothered Eva.,syntax,island_effects,sentential_subject_island,True,False,False,True,679,-74.89138793945312,-74.76663208007812,0
Who have all children' thinking about Valerie sounded like.,Who have all children' thinking about sounded like Valerie.,syntax,island_effects,sentential_subject_island,True,False,False,True,680,-65.60078430175781,-64.9823989868164,0
Who will many boys' disgusting Guy confuse.,Who will many boys' disgusting confuse Guy.,syntax,island_effects,sentential_subject_island,True,False,False,True,681,-70.81856536865234,-67.00311279296875,0
Who are guests' appreciating some students disagreeing with.,Who are guests' appreciating disagreeing with some students.,syntax,island_effects,sentential_subject_island,True,False,False,True,682,-73.49383544921875,-72.42231750488281,0
Who have many cashiers' bringing some library bothered.,Who have many cashiers' bringing bothered some library.,syntax,island_effects,sentential_subject_island,True,False,False,True,683,-80.7506103515625,-82.54365539550781,1
Who was every apple's boring Joseph distracting.,Who was every apple's boring distracting Joseph.,syntax,island_effects,sentential_subject_island,True,False,False,True,684,-76.26412200927734,-74.38858032226562,0
Who has some book's disagreeing with Heather disagreed with.,Who has some book's disagreeing with disagreed with Heather.,syntax,island_effects,sentential_subject_island,True,False,False,True,685,-73.25688171386719,-73.159912109375,0
Who were those libraries' boasting about all actresses upsetting.,Who were those libraries' boasting about upsetting all actresses.,syntax,island_effects,sentential_subject_island,True,False,False,True,686,-84.18244934082031,-83.24024963378906,0
Who might men's escaping from Rodney embarrass.,Who might men's escaping from embarrass Rodney.,syntax,island_effects,sentential_subject_island,True,False,False,True,687,-73.5005111694336,-70.51153564453125,0
Who do a lot of chairs' astounding Andrew astound.,Who do a lot of chairs' astounding astound Andrew.,syntax,island_effects,sentential_subject_island,True,False,False,True,688,-77.52210998535156,-74.60332489013672,0
Who is a dancer's researching every school bothering.,Who is a dancer's researching bothering every school.,syntax,island_effects,sentential_subject_island,True,False,False,True,689,-65.76844787597656,-63.4798583984375,0
Who are those pedestrians' approaching Mark annoying.,Who are those pedestrians' approaching annoying Mark.,syntax,island_effects,sentential_subject_island,True,False,False,True,690,-72.04421997070312,-70.12431335449219,0
Who had a man's criticizing Stephanie stunned.,Who had a man's criticizing stunned Stephanie.,syntax,island_effects,sentential_subject_island,True,False,False,True,691,-61.60693359375,-61.526580810546875,0
Who had all cats' alarming Tanya sounded like.,Who had all cats' alarming sounded like Tanya.,syntax,island_effects,sentential_subject_island,True,False,False,True,692,-77.3194580078125,-73.15179443359375,0
Who had every waitress's finding Lisa upset.,Who had every waitress's finding upset Lisa.,syntax,island_effects,sentential_subject_island,True,False,False,True,693,-65.93698120117188,-63.66146469116211,0
Who are those customers' boasting about Valerie stunning.,Who are those customers' boasting about stunning Valerie.,syntax,island_effects,sentential_subject_island,True,False,False,True,694,-71.99388885498047,-67.72997283935547,0
Who was every woman's buying some library aggravating.,Who was every woman's buying aggravating some library.,syntax,island_effects,sentential_subject_island,True,False,False,True,695,-73.03052520751953,-72.874267578125,0
Who would all guests' concealing Julia embarrass.,Who would all guests' concealing embarrass Julia.,syntax,island_effects,sentential_subject_island,True,False,False,True,696,-83.03968811035156,-79.29501342773438,0
Who do many doctors' talking about Ellen worry.,Who do many doctors' talking about worry Ellen.,syntax,island_effects,sentential_subject_island,True,False,False,True,697,-65.51829528808594,-65.46858215332031,0
Who are some teenagers' finding people shocking.,Who are some teenagers' finding shocking people.,syntax,island_effects,sentential_subject_island,True,False,False,True,698,-58.39920425415039,-56.39570999145508,0
Who should many drivers' thinking about those students confuse.,Who should many drivers' thinking about confuse those students.,syntax,island_effects,sentential_subject_island,True,False,False,True,699,-73.94853210449219,-71.7010269165039,0
Who would all casseroles' impressing Dennis shock.,Who would all casseroles' impressing shock Dennis.,syntax,island_effects,sentential_subject_island,True,False,False,True,700,-81.02041625976562,-79.91822814941406,0
Who had some pedestrians' lifting that bank scared.,Who had some pedestrians' lifting scared that bank.,syntax,island_effects,sentential_subject_island,True,False,False,True,701,-73.96658325195312,-74.53353118896484,1
Who do art galleries' alarming April confuse.,Who do art galleries' alarming confuse April.,syntax,island_effects,sentential_subject_island,True,False,False,True,702,-76.7092056274414,-73.75660705566406,0
Who do all waiters' kissing Kayla impress.,Who do all waiters' kissing impress Kayla.,syntax,island_effects,sentential_subject_island,True,False,False,True,703,-72.88265991210938,-73.81926727294922,1
Who would some cups' confusing Aaron confuse.,Who would some cups' confusing confuse Aaron.,syntax,island_effects,sentential_subject_island,True,False,False,True,704,-81.92110443115234,-80.07000732421875,0
Who had that boy's visiting Travis scared.,Who had that boy's visiting scared Travis.,syntax,island_effects,sentential_subject_island,True,False,False,True,705,-64.3934097290039,-65.25576782226562,1
Who are most dresses' disturbing Wayne hurting.,Who are most dresses' disturbing hurting Wayne.,syntax,island_effects,sentential_subject_island,True,False,False,True,706,-83.80014038085938,-80.7098388671875,0
Who will the cake's aggravating Mary upset.,Who will the cake's aggravating upset Mary.,syntax,island_effects,sentential_subject_island,True,False,False,True,707,-69.86866760253906,-69.181396484375,0
Who might these waitresses' driving to Harvard University disturb.,Who might these waitresses' driving to disturb Harvard University.,syntax,island_effects,sentential_subject_island,True,False,False,True,708,-92.78230285644531,-89.25350952148438,0
Who does a boy's buying a lot of college campuses sound like.,Who does a boy's buying sound like a lot of college campuses.,syntax,island_effects,sentential_subject_island,True,False,False,True,709,-75.52899169921875,-66.25807189941406,0
Who should the guys' attacking Rhonda confuse.,Who should the guys' attacking confuse Rhonda.,syntax,island_effects,sentential_subject_island,True,False,False,True,710,-67.51585388183594,-65.47438049316406,0
Who is some actress's watching Matt confusing.,Who is some actress's watching confusing Matt.,syntax,island_effects,sentential_subject_island,True,False,False,True,711,-64.9079818725586,-65.59838104248047,1
Who had all plays' impressing Bill confused.,Who had all plays' impressing confused Bill.,syntax,island_effects,sentential_subject_island,True,False,False,True,712,-72.38329315185547,-71.63375091552734,0
Who can some boy's describing Paula distract.,Who can some boy's describing distract Paula.,syntax,island_effects,sentential_subject_island,True,False,False,True,713,-72.05487060546875,-67.87168884277344,0
Who should the dancers' leaving Dan impress.,Who should the dancers' leaving impress Dan.,syntax,island_effects,sentential_subject_island,True,False,False,True,714,-65.82366943359375,-68.25997924804688,1
Who were men's walking through that library shocking.,Who were men's walking through shocking that library.,syntax,island_effects,sentential_subject_island,True,False,False,True,715,-70.48495483398438,-73.14073181152344,1
Who had that waitress's driving to college campuses sounded like.,Who had that waitress's driving to sounded like college campuses.,syntax,island_effects,sentential_subject_island,True,False,False,True,716,-80.4237060546875,-81.94679260253906,1
Who were those actresses' researching Jesus boring.,Who were those actresses' researching boring Jesus.,syntax,island_effects,sentential_subject_island,True,False,False,True,717,-69.59090423583984,-70.93769836425781,1
Who have some dancers' escaping from Wayne disgusted.,Who have some dancers' escaping from disgusted Wayne.,syntax,island_effects,sentential_subject_island,True,False,False,True,718,-77.24462127685547,-77.29074096679688,1
Who were all patients' firing Colleen aggravating.,Who were all patients' firing aggravating Colleen.,syntax,island_effects,sentential_subject_island,True,False,False,True,719,-74.95695495605469,-74.87309265136719,0
Who can all organizations' working with these ladies astound.,Who can all organizations' working with astound these ladies.,syntax,island_effects,sentential_subject_island,True,False,False,True,720,-74.23365783691406,-73.27922821044922,0
Who are some dogs' hurting Monet disgusting.,Who are some dogs' hurting disgusting Monet.,syntax,island_effects,sentential_subject_island,True,False,False,True,721,-73.21273040771484,-71.82308959960938,0
Who is a waitress's revealing the Borgias astounding.,Who is a waitress's revealing astounding the Borgias.,syntax,island_effects,sentential_subject_island,True,False,False,True,722,-70.8832015991211,-74.78197479248047,1
Who have many hospitals' referencing a dancer hurt.,Who have many hospitals' referencing hurt a dancer.,syntax,island_effects,sentential_subject_island,True,False,False,True,723,-77.43927001953125,-79.31612396240234,1
Who have these actresses' kissing Frank alarmed.,Who have these actresses' kissing alarmed Frank.,syntax,island_effects,sentential_subject_island,True,False,False,True,724,-71.29317474365234,-70.799072265625,0
Who had many women's firing many guests disturbed.,Who had many women's firing disturbed many guests.,syntax,island_effects,sentential_subject_island,True,False,False,True,725,-69.92057037353516,-68.13046264648438,0
Who are the actresses' approaching Carlos bothering.,Who are the actresses' approaching bothering Carlos.,syntax,island_effects,sentential_subject_island,True,False,False,True,726,-67.8010025024414,-68.66365051269531,1
Who have these cashiers' attacking many pedestrians shocked.,Who have these cashiers' attacking shocked many pedestrians.,syntax,island_effects,sentential_subject_island,True,False,False,True,727,-79.92698669433594,-78.43865203857422,0
Who are all women's discussing Elizabeth astounding.,Who are all women's discussing astounding Elizabeth.,syntax,island_effects,sentential_subject_island,True,False,False,True,728,-63.82998275756836,-62.32132339477539,0
Who had some horses' stunning some teachers alarmed.,Who had some horses' stunning alarmed some teachers.,syntax,island_effects,sentential_subject_island,True,False,False,True,729,-78.52578735351562,-77.29399108886719,0
Who have these boys' kissing Natalie hurt.,Who have these boys' kissing hurt Natalie.,syntax,island_effects,sentential_subject_island,True,False,False,True,730,-64.12948608398438,-63.18707275390625,0
Who is every projector's scaring Amelia embarrassing.,Who is every projector's scaring embarrassing Amelia.,syntax,island_effects,sentential_subject_island,True,False,False,True,731,-78.90309143066406,-78.54900360107422,0
Who have many cashiers' escaping from Vincent irritated.,Who have many cashiers' escaping from irritated Vincent.,syntax,island_effects,sentential_subject_island,True,False,False,True,732,-81.97096252441406,-80.33842468261719,0
Who did many women's investigating Debra disgust.,Who did many women's investigating disgust Debra.,syntax,island_effects,sentential_subject_island,True,False,False,True,733,-68.66626739501953,-66.05891418457031,0
Who did these waitresses' attacking Dawn confuse.,Who did these waitresses' attacking confuse Dawn.,syntax,island_effects,sentential_subject_island,True,False,False,True,734,-80.05352020263672,-74.929443359375,0
Who are some people's discussing Florence disturbing.,Who are some people's discussing disturbing Florence.,syntax,island_effects,sentential_subject_island,True,False,False,True,735,-65.49371337890625,-61.041690826416016,0
Who is that committee's bothering Gerald bothering.,Who is that committee's bothering bothering Gerald.,syntax,island_effects,sentential_subject_island,True,False,False,True,736,-71.0737533569336,-68.6126708984375,0
Who should that screen's worrying Ella shock.,Who should that screen's worrying shock Ella.,syntax,island_effects,sentential_subject_island,True,False,False,True,737,-75.53863525390625,-74.6626205444336,0
Who does some girl's selling all hospitals disgust.,Who does some girl's selling disgust all hospitals.,syntax,island_effects,sentential_subject_island,True,False,False,True,738,-71.29655456542969,-69.13153076171875,0
Who could many associations' selling a lot of banks irritate.,Who could many associations' selling irritate a lot of banks.,syntax,island_effects,sentential_subject_island,True,False,False,True,739,-80.11968994140625,-80.82333374023438,1
Who have most teachers' passing a lot of banks upset.,Who have most teachers' passing upset a lot of banks.,syntax,island_effects,sentential_subject_island,True,False,False,True,740,-73.50797271728516,-73.49093627929688,0
Who do a lot of governments' helping Frank disagree with.,Who do a lot of governments' helping disagree with Frank.,syntax,island_effects,sentential_subject_island,True,False,False,True,741,-75.67794799804688,-70.09779357910156,0
Who have girls' questioning the waitress confused.,Who have girls' questioning confused the waitress.,syntax,island_effects,sentential_subject_island,True,False,False,True,742,-62.07936096191406,-62.65349197387695,1
Who might some skirt's irritating Sally scare.,Who might some skirt's irritating scare Sally.,syntax,island_effects,sentential_subject_island,True,False,False,True,743,-77.5575942993164,-76.69598388671875,0
Who was the government's firing Rodney scaring.,Who was the government's firing scaring Rodney.,syntax,island_effects,sentential_subject_island,True,False,False,True,744,-63.07082748413086,-61.10548782348633,0
What could the association's arguing about Russell sound like.,What could the association's arguing about sound like Russell.,syntax,island_effects,sentential_subject_island,True,False,False,True,745,-76.22044372558594,-71.94236755371094,0
Who has a school's criticizing Irene worried.,Who has a school's criticizing worried Irene.,syntax,island_effects,sentential_subject_island,True,False,False,True,746,-61.77313232421875,-66.1274642944336,1
Who should a lot of dancers' driving to Harvard University confuse.,Who should a lot of dancers' driving to confuse Harvard University.,syntax,island_effects,sentential_subject_island,True,False,False,True,747,-84.45326232910156,-82.90164184570312,0
Who are many men's kissing Linda hurting.,Who are many men's kissing hurting Linda.,syntax,island_effects,sentential_subject_island,True,False,False,True,748,-63.5340576171875,-62.294830322265625,0
Who were these committees' distracting Stephen disagreeing with.,Who were these committees' distracting disagreeing with Stephen.,syntax,island_effects,sentential_subject_island,True,False,False,True,749,-83.21021270751953,-77.08934783935547,0
Who was an actress's bringing schools astounding.,Who was an actress's bringing astounding schools.,syntax,island_effects,sentential_subject_island,True,False,False,True,750,-61.60200119018555,-60.559303283691406,0
Who do many schools' concealing Stacy bother.,Who do many schools' concealing bother Stacy.,syntax,island_effects,sentential_subject_island,True,False,False,True,751,-78.63800048828125,-77.18841552734375,0
Who had some teachers' returning to Steve distracted.,Who had some teachers' returning to distracted Steve.,syntax,island_effects,sentential_subject_island,True,False,False,True,752,-70.46995544433594,-69.23466491699219,0
Who have many actors' dropping by every bank upset.,Who have many actors' dropping by upset every bank.,syntax,island_effects,sentential_subject_island,True,False,False,True,753,-72.69894409179688,-75.06562042236328,1
Who were ladies' arriving at a library distracting.,Who were ladies' arriving at distracting a library.,syntax,island_effects,sentential_subject_island,True,False,False,True,754,-70.55950164794922,-71.13897705078125,1
Who were the boys' researching a university annoying.,Who were the boys' researching annoying a university.,syntax,island_effects,sentential_subject_island,True,False,False,True,755,-67.49293518066406,-67.60050964355469,1
Who have a lot of paintings' looking like Tanya annoyed.,Who have a lot of paintings' looking like annoyed Tanya.,syntax,island_effects,sentential_subject_island,True,False,False,True,756,-76.69740295410156,-75.76107788085938,0
Who have the companies' firing Aaron alarmed.,Who have the companies' firing alarmed Aaron.,syntax,island_effects,sentential_subject_island,True,False,False,True,757,-65.32598876953125,-65.99883270263672,1
Who has every lady's firing Stephen alarmed.,Who has every lady's firing alarmed Stephen.,syntax,island_effects,sentential_subject_island,True,False,False,True,758,-68.66936492919922,-66.95729064941406,0
Who has some museum's embarrassing Amelia confused.,Who has some museum's embarrassing confused Amelia.,syntax,island_effects,sentential_subject_island,True,False,False,True,759,-71.07974243164062,-69.81238555908203,0
Who are all children' messing up that hospital embarrassing.,Who are all children' messing up embarrassing that hospital.,syntax,island_effects,sentential_subject_island,True,False,False,True,760,-67.79168701171875,-68.98880004882812,1
Who is every girl's dropping by the libraries astounding.,Who is every girl's dropping by astounding the libraries.,syntax,island_effects,sentential_subject_island,True,False,False,True,761,-73.19572448730469,-76.31383514404297,1
Who do those museums' listening to Homer astound.,Who do those museums' listening to astound Homer.,syntax,island_effects,sentential_subject_island,True,False,False,True,762,-74.242919921875,-73.59810638427734,0
Who should most lakes' irritating Craig distract.,Who should most lakes' irritating distract Craig.,syntax,island_effects,sentential_subject_island,True,False,False,True,763,-84.81171417236328,-79.92874908447266,0
Who would some projector's alarming Lori bore.,Who would some projector's alarming bore Lori.,syntax,island_effects,sentential_subject_island,True,False,False,True,764,-81.68339538574219,-79.15788269042969,0
Who will that glove's astounding most libraries stun.,Who will that glove's astounding stun most libraries.,syntax,island_effects,sentential_subject_island,True,False,False,True,765,-87.5789794921875,-78.66596221923828,0
Who have most cashiers' running around the library embarrassed.,Who have most cashiers' running around embarrassed the library.,syntax,island_effects,sentential_subject_island,True,False,False,True,766,-79.58731079101562,-81.78047180175781,1
Who might many snakes' distracting the museums scare.,Who might many snakes' distracting scare the museums.,syntax,island_effects,sentential_subject_island,True,False,False,True,767,-83.59848022460938,-79.73468017578125,0
Who was every girl's leaving Kevin boring.,Who was every girl's leaving boring Kevin.,syntax,island_effects,sentential_subject_island,True,False,False,True,768,-64.8443374633789,-65.74150085449219,1
Who had many companies' describing Nancy worried.,Who had many companies' describing worried Nancy.,syntax,island_effects,sentential_subject_island,True,False,False,True,769,-70.17139434814453,-72.059814453125,1
Who should that guy's buying some hospital impress.,Who should that guy's buying impress some hospital.,syntax,island_effects,sentential_subject_island,True,False,False,True,770,-69.17372131347656,-71.79214477539062,1
Who should some guys' bringing a lot of banks annoy.,Who should some guys' bringing annoy a lot of banks.,syntax,island_effects,sentential_subject_island,True,False,False,True,771,-77.57929992675781,-77.86553955078125,1
Who had most drivers' hiring Noah annoyed.,Who had most drivers' hiring annoyed Noah.,syntax,island_effects,sentential_subject_island,True,False,False,True,772,-73.78068542480469,-72.04924774169922,0
Who could the adults' criticizing Alan bore.,Who could the adults' criticizing bore Alan.,syntax,island_effects,sentential_subject_island,True,False,False,True,773,-69.00054931640625,-71.90171813964844,1
Who had all gates' aggravating this girl aggravated.,Who had all gates' aggravating aggravated this girl.,syntax,island_effects,sentential_subject_island,True,False,False,True,774,-82.92922973632812,-81.66996002197266,0
Who were a lot of dancers' returning to Gerald distracting.,Who were a lot of dancers' returning to distracting Gerald.,syntax,island_effects,sentential_subject_island,True,False,False,True,775,-80.76406860351562,-78.04470825195312,0
Who have museums' buying these libraries embarrassed.,Who have museums' buying embarrassed these libraries.,syntax,island_effects,sentential_subject_island,True,False,False,True,776,-73.08265686035156,-73.3984375,1
Who were all paintings' looking like Monet disgusting.,Who were all paintings' looking like disgusting Monet.,syntax,island_effects,sentential_subject_island,True,False,False,True,777,-80.31525421142578,-80.48872375488281,1
Who had some ladies' cleaning most libraries embarrassed.,Who had some ladies' cleaning embarrassed most libraries.,syntax,island_effects,sentential_subject_island,True,False,False,True,778,-80.25468444824219,-79.14311981201172,0
Who were a lot of cars' distracting those actresses irritating.,Who were a lot of cars' distracting irritating those actresses.,syntax,island_effects,sentential_subject_island,True,False,False,True,779,-83.26854705810547,-81.9482192993164,0
Who had some people's criticizing Laurie alarmed.,Who had some people's criticizing alarmed Laurie.,syntax,island_effects,sentential_subject_island,True,False,False,True,780,-68.16352844238281,-68.14749908447266,0
Who were girls' finding the Lutherans disgusting.,Who were girls' finding disgusting the Lutherans.,syntax,island_effects,sentential_subject_island,True,False,False,True,781,-74.68869018554688,-76.18937683105469,1
Who is that cilantro's disgusting Steve stunning.,Who is that cilantro's disgusting stunning Steve.,syntax,island_effects,sentential_subject_island,True,False,False,True,782,-73.16522216796875,-73.36775207519531,1
Who were the dogs' finding Kristen impressing.,Who were the dogs' finding impressing Kristen.,syntax,island_effects,sentential_subject_island,True,False,False,True,783,-68.8331298828125,-66.01210021972656,0
Who are some libraries' praising the man embarrassing.,Who are some libraries' praising embarrassing the man.,syntax,island_effects,sentential_subject_island,True,False,False,True,784,-68.86752319335938,-74.97752380371094,1
Who would the government's insulting Deborah irritate.,Who would the government's insulting irritate Deborah.,syntax,island_effects,sentential_subject_island,True,False,False,True,785,-72.64859771728516,-72.03048706054688,0
Who had the actors' praising Marla disgusted.,Who had the actors' praising disgusted Marla.,syntax,island_effects,sentential_subject_island,True,False,False,True,786,-70.21371459960938,-71.43814849853516,1
Who were a lot of guys' discussing Edward irritating.,Who were a lot of guys' discussing irritating Edward.,syntax,island_effects,sentential_subject_island,True,False,False,True,787,-73.97756958007812,-73.02130126953125,0
Who is every school's disgusting Sarah impressing.,Who is every school's disgusting impressing Sarah.,syntax,island_effects,sentential_subject_island,True,False,False,True,788,-69.99292755126953,-67.20462799072266,0
Who are many drawings' looking like Nicole astounding.,Who are many drawings' looking like astounding Nicole.,syntax,island_effects,sentential_subject_island,True,False,False,True,789,-76.21119689941406,-77.32238006591797,1
Who has some committee's distracting Heather hurt.,Who has some committee's distracting hurt Heather.,syntax,island_effects,sentential_subject_island,True,False,False,True,790,-70.29393005371094,-70.826171875,1
Who were some men's arriving at a bank astounding.,Who were some men's arriving at astounding a bank.,syntax,island_effects,sentential_subject_island,True,False,False,True,791,-66.46168518066406,-71.3528060913086,1
Who has this painting's stunning Bethany scared.,Who has this painting's stunning scared Bethany.,syntax,island_effects,sentential_subject_island,True,False,False,True,792,-68.4388198852539,-68.79254913330078,1
Who had some man's talking to Theodore stunned.,Who had some man's talking to stunned Theodore.,syntax,island_effects,sentential_subject_island,True,False,False,True,793,-66.0821533203125,-66.77536010742188,1
Who were most students' concealing April upsetting.,Who were most students' concealing upsetting April.,syntax,island_effects,sentential_subject_island,True,False,False,True,794,-79.39077758789062,-73.78384399414062,0
Who had those men's talking about Adam scared.,Who had those men's talking about scared Adam.,syntax,island_effects,sentential_subject_island,True,False,False,True,795,-63.412574768066406,-62.76702880859375,0
Who are many children' bringing the school astounding.,Who are many children' bringing astounding the school.,syntax,island_effects,sentential_subject_island,True,False,False,True,796,-62.981658935546875,-67.59471130371094,1
Who is this book's stunning Kevin distracting.,Who is this book's stunning distracting Kevin.,syntax,island_effects,sentential_subject_island,True,False,False,True,797,-61.757083892822266,-60.11494827270508,0
What has every movie's disagreeing with Carlos disagreed with.,What has every movie's disagreeing with disagreed with Carlos.,syntax,island_effects,sentential_subject_island,True,False,False,True,798,-78.326904296875,-78.94772338867188,1
Who might the boy's appreciating Maria shock.,Who might the boy's appreciating shock Maria.,syntax,island_effects,sentential_subject_island,True,False,False,True,799,-69.12161254882812,-68.77579498291016,0
Who does a girl's praising Colleen distract.,Who does a girl's praising distract Colleen.,syntax,island_effects,sentential_subject_island,True,False,False,True,800,-68.105712890625,-66.95115661621094,0
Who was that lady's investigating that company distracting.,Who was that lady's investigating distracting that company.,syntax,island_effects,sentential_subject_island,True,False,False,True,801,-71.5367202758789,-70.0760726928711,0
Who have some eyes' irritating Douglas aggravated.,Who have some eyes' irritating aggravated Douglas.,syntax,island_effects,sentential_subject_island,True,False,False,True,802,-73.03783416748047,-72.03054809570312,0
Who have many men's helping Tonya disturbed.,Who have many men's helping disturbed Tonya.,syntax,island_effects,sentential_subject_island,True,False,False,True,803,-69.89363098144531,-69.72453308105469,0
Who should a man's fleeing from Katherine worry.,Who should a man's fleeing from worry Katherine.,syntax,island_effects,sentential_subject_island,True,False,False,True,804,-69.065673828125,-67.5596694946289,0
Who has that bank's criticizing James disturbed.,Who has that bank's criticizing disturbed James.,syntax,island_effects,sentential_subject_island,True,False,False,True,805,-67.06658172607422,-69.14427947998047,1
Who are those slopes' stunning associations astounding.,Who are those slopes' stunning astounding associations.,syntax,island_effects,sentential_subject_island,True,False,False,True,806,-69.26495361328125,-65.3071517944336,0
Who will many doctors' arriving at Harvard University aggravate.,Who will many doctors' arriving at aggravate Harvard University.,syntax,island_effects,sentential_subject_island,True,False,False,True,807,-78.27813720703125,-83.1359634399414,1
Who have these guests' arriving at a lot of libraries irritated.,Who have these guests' arriving at irritated a lot of libraries.,syntax,island_effects,sentential_subject_island,True,False,False,True,808,-85.17532348632812,-84.4906005859375,0
Who has some museum's criticizing Donald confused.,Who has some museum's criticizing confused Donald.,syntax,island_effects,sentential_subject_island,True,False,False,True,809,-71.96867370605469,-75.31858825683594,1
Who are some customers' arriving at a bank confusing.,Who are some customers' arriving at confusing a bank.,syntax,island_effects,sentential_subject_island,True,False,False,True,810,-68.18330383300781,-71.26718139648438,1
Who had a lot of associations' criticizing Deanna bothered.,Who had a lot of associations' criticizing bothered Deanna.,syntax,island_effects,sentential_subject_island,True,False,False,True,811,-78.91126251220703,-79.33303833007812,1
Who had some window's bothering Carmen stunned.,Who had some window's bothering stunned Carmen.,syntax,island_effects,sentential_subject_island,True,False,False,True,812,-73.32917022705078,-74.06764221191406,1
Who should pasta's astounding many teachers upset.,Who should pasta's astounding upset many teachers.,syntax,island_effects,sentential_subject_island,True,False,False,True,813,-78.00289154052734,-76.08457946777344,0
Who have some students' arriving at libraries disgusted.,Who have some students' arriving at disgusted libraries.,syntax,island_effects,sentential_subject_island,True,False,False,True,814,-71.28109741210938,-70.62055969238281,0
Who has that sweater's irritating Spain impressed.,Who has that sweater's irritating impressed Spain.,syntax,island_effects,sentential_subject_island,True,False,False,True,815,-72.30213928222656,-72.11618041992188,0
Who have a lot of ladies' escaping from Deanna scared.,Who have a lot of ladies' escaping from scared Deanna.,syntax,island_effects,sentential_subject_island,True,False,False,True,816,-75.74909210205078,-73.37117767333984,0
Who has every eggplant's distracting Dawn sounded like.,Who has every eggplant's distracting sounded like Dawn.,syntax,island_effects,sentential_subject_island,True,False,False,True,817,-81.89862060546875,-77.20036315917969,0
Who had some window's distracting Frank disgusted.,Who had some window's distracting disgusted Frank.,syntax,island_effects,sentential_subject_island,True,False,False,True,818,-73.95227813720703,-73.52017211914062,0
Who can all men's cleaning a lot of schools irritate.,Who can all men's cleaning irritate a lot of schools.,syntax,island_effects,sentential_subject_island,True,False,False,True,819,-75.5503921508789,-73.62854766845703,0
Who have those shawls' bothering Catherine shocked.,Who have those shawls' bothering shocked Catherine.,syntax,island_effects,sentential_subject_island,True,False,False,True,820,-78.19131469726562,-76.48789978027344,0
Who has every eggplant's impressing Russell annoyed.,Who has every eggplant's impressing annoyed Russell.,syntax,island_effects,sentential_subject_island,True,False,False,True,821,-84.22149658203125,-81.39057922363281,0
Who would the pedestrians' noticing Russell disturb.,Who would the pedestrians' noticing disturb Russell.,syntax,island_effects,sentential_subject_island,True,False,False,True,822,-80.62953186035156,-77.79081726074219,0
Who can this dancer's escaping from a lot of ladies annoy.,Who can this dancer's escaping from annoy a lot of ladies.,syntax,island_effects,sentential_subject_island,True,False,False,True,823,-82.94921875,-81.05755615234375,0
Who are the committees' listening to Mark bothering.,Who are the committees' listening to bothering Mark.,syntax,island_effects,sentential_subject_island,True,False,False,True,824,-66.74049377441406,-68.02239227294922,1
Who are some sketches' disturbing Wendy boring.,Who are some sketches' disturbing boring Wendy.,syntax,island_effects,sentential_subject_island,True,False,False,True,825,-75.33944702148438,-73.98609924316406,0
Who were a lot of pedestrians' bringing that library scaring.,Who were a lot of pedestrians' bringing scaring that library.,syntax,island_effects,sentential_subject_island,True,False,False,True,826,-81.48892211914062,-83.89501190185547,1
Who can every mushroom's aggravating these women bore.,Who can every mushroom's aggravating bore these women.,syntax,island_effects,sentential_subject_island,True,False,False,True,827,-79.93621063232422,-80.2864990234375,1
Who had some guys' driving to Harvard University astounded.,Who had some guys' driving to astounded Harvard University.,syntax,island_effects,sentential_subject_island,True,False,False,True,828,-72.43495178222656,-75.01428985595703,1
Who do many teenagers' driving to this hospital embarrass.,Who do many teenagers' driving to embarrass this hospital.,syntax,island_effects,sentential_subject_island,True,False,False,True,829,-74.66356658935547,-72.30229949951172,0
Who are some actors' leaving Martha bothering.,Who are some actors' leaving bothering Martha.,syntax,island_effects,sentential_subject_island,True,False,False,True,830,-67.70413208007812,-66.09693145751953,0
Who has that car's alarming Eva scared.,Who has that car's alarming scared Eva.,syntax,island_effects,sentential_subject_island,True,False,False,True,831,-70.26388549804688,-67.92649841308594,0
Who did the children' noticing Eva bother.,Who did the children' noticing bother Eva.,syntax,island_effects,sentential_subject_island,True,False,False,True,832,-66.42808532714844,-66.96781921386719,1
Who were many girls' fleeing from a lot of schools disturbing.,Who were many girls' fleeing from disturbing a lot of schools.,syntax,island_effects,sentential_subject_island,True,False,False,True,833,-79.73633575439453,-77.8010482788086,0
Who had a museum's praising Claire bothered.,Who had a museum's praising bothered Claire.,syntax,island_effects,sentential_subject_island,True,False,False,True,834,-69.80657958984375,-71.40906524658203,1
Who do some children' escaping from Larry sound like.,Who do some children' escaping from sound like Larry.,syntax,island_effects,sentential_subject_island,True,False,False,True,835,-77.16177368164062,-71.39817810058594,0
Who was a guy's touring this school disturbing.,Who was a guy's touring disturbing this school.,syntax,island_effects,sentential_subject_island,True,False,False,True,836,-61.56058883666992,-61.655914306640625,1
Who are all adults' cleaning these libraries impressing.,Who are all adults' cleaning impressing these libraries.,syntax,island_effects,sentential_subject_island,True,False,False,True,837,-77.76481628417969,-71.50409698486328,0
Who have these waitresses' criticizing Carrie distracted.,Who have these waitresses' criticizing distracted Carrie.,syntax,island_effects,sentential_subject_island,True,False,False,True,838,-77.68108367919922,-79.20332336425781,1
Who should some guy's healing Grace upset.,Who should some guy's healing upset Grace.,syntax,island_effects,sentential_subject_island,True,False,False,True,839,-65.72833251953125,-62.46296691894531,0
Who had those guys' thinking about the Lutherans alarmed.,Who had those guys' thinking about alarmed the Lutherans.,syntax,island_effects,sentential_subject_island,True,False,False,True,840,-74.51354217529297,-76.2657470703125,1
Who are those waitresses' discovering Peter alarming.,Who are those waitresses' discovering alarming Peter.,syntax,island_effects,sentential_subject_island,True,False,False,True,841,-78.11991119384766,-77.20437622070312,0
What were some women's investigating Adam disagreeing with.,What were some women's investigating disagreeing with Adam.,syntax,island_effects,sentential_subject_island,True,False,False,True,842,-71.36227416992188,-63.590946197509766,0
Who had those waitresses' firing Samantha scared.,Who had those waitresses' firing scared Samantha.,syntax,island_effects,sentential_subject_island,True,False,False,True,843,-76.45127868652344,-74.67578887939453,0
Who were all rugs' aggravating Theresa stunning.,Who were all rugs' aggravating stunning Theresa.,syntax,island_effects,sentential_subject_island,True,False,False,True,844,-77.45767974853516,-81.51118469238281,1
Who are most students' approaching Rhonda distracting.,Who are most students' approaching distracting Rhonda.,syntax,island_effects,sentential_subject_island,True,False,False,True,845,-75.05517578125,-74.49097442626953,0
Who will a lot of universities' firing Dan bore.,Who will a lot of universities' firing bore Dan.,syntax,island_effects,sentential_subject_island,True,False,False,True,846,-77.915771484375,-78.3945083618164,1
Who are pedestrians' dropping by Spain upsetting.,Who are pedestrians' dropping by upsetting Spain.,syntax,island_effects,sentential_subject_island,True,False,False,True,847,-73.3374252319336,-66.74766540527344,0
Who had some pedestrians' disagreeing with Julie embarrassed.,Who had some pedestrians' disagreeing with embarrassed Julie.,syntax,island_effects,sentential_subject_island,True,False,False,True,848,-80.65636444091797,-80.42776489257812,0
Who have those hospitals' talking to Gina confused.,Who have those hospitals' talking to confused Gina.,syntax,island_effects,sentential_subject_island,True,False,False,True,849,-71.96353912353516,-72.01666259765625,1
Who does every government's alarming Rebecca disturb.,Who does every government's alarming disturb Rebecca.,syntax,island_effects,sentential_subject_island,True,False,False,True,850,-75.23785400390625,-68.91341400146484,0
Who has every association's talking to Gary embarrassed.,Who has every association's talking to embarrassed Gary.,syntax,island_effects,sentential_subject_island,True,False,False,True,851,-72.1890869140625,-73.67819213867188,1
Who were most adults' curing Karen irritating.,Who were most adults' curing irritating Karen.,syntax,island_effects,sentential_subject_island,True,False,False,True,852,-79.45506286621094,-76.65931701660156,0
Who were all legislatures' admiring John distracting.,Who were all legislatures' admiring distracting John.,syntax,island_effects,sentential_subject_island,True,False,False,True,853,-74.51807403564453,-73.31578063964844,0
What are many men's bringing every newspaper article disagreeing with.,What are many men's bringing disagreeing with every newspaper article.,syntax,island_effects,sentential_subject_island,True,False,False,True,854,-84.09806823730469,-80.0642318725586,0
Who did the government's hiring Richard annoy.,Who did the government's hiring annoy Richard.,syntax,island_effects,sentential_subject_island,True,False,False,True,855,-64.0151138305664,-61.27172088623047,0
Who can the doctors' lifting all schools embarrass.,Who can the doctors' lifting embarrass all schools.,syntax,island_effects,sentential_subject_island,True,False,False,True,856,-74.95516967773438,-74.75432586669922,0
Who can many cashiers' concealing Connie irritate.,Who can many cashiers' concealing irritate Connie.,syntax,island_effects,sentential_subject_island,True,False,False,True,857,-88.5649185180664,-88.27633666992188,0
Who were some cashiers' passing most banks confusing.,Who were some cashiers' passing confusing most banks.,syntax,island_effects,sentential_subject_island,True,False,False,True,858,-78.79255676269531,-77.61811828613281,0
Who is every apple's disturbing Tammy upsetting.,Who is every apple's disturbing upsetting Tammy.,syntax,island_effects,sentential_subject_island,True,False,False,True,859,-71.49380493164062,-68.19134521484375,0
Who are schools' concealing Vanessa bothering.,Who are schools' concealing bothering Vanessa.,syntax,island_effects,sentential_subject_island,True,False,False,True,860,-72.51219177246094,-72.3525161743164,0
Who have the boys' alarming Aaron annoyed.,Who have the boys' alarming annoyed Aaron.,syntax,island_effects,sentential_subject_island,True,False,False,True,861,-66.22783660888672,-65.20045471191406,0
Who had every light's bothering Bill bothered.,Who had every light's bothering bothered Bill.,syntax,island_effects,sentential_subject_island,True,False,False,True,862,-71.08939361572266,-73.18647003173828,1
Who does some cake's alarming Renee disgust.,Who does some cake's alarming disgust Renee.,syntax,island_effects,sentential_subject_island,True,False,False,True,863,-76.81378173828125,-76.01497650146484,0
Who are these legislatures' referencing the Borgias distracting.,Who are these legislatures' referencing distracting the Borgias.,syntax,island_effects,sentential_subject_island,True,False,False,True,864,-82.68833923339844,-83.48411560058594,1
Who has every lady's praising these men hurt.,Who has every lady's praising hurt these men.,syntax,island_effects,sentential_subject_island,True,False,False,True,865,-63.117156982421875,-66.2188720703125,1
Who was a bank's firing Jerry stunning.,Who was a bank's firing stunning Jerry.,syntax,island_effects,sentential_subject_island,True,False,False,True,866,-64.8599853515625,-63.28899383544922,0
Who might those trucks' boring Pamela aggravate.,Who might those trucks' boring aggravate Pamela.,syntax,island_effects,sentential_subject_island,True,False,False,True,867,-86.29419708251953,-83.468017578125,0
Who should every man's bringing the school irritate.,Who should every man's bringing irritate the school.,syntax,island_effects,sentential_subject_island,True,False,False,True,868,-68.159423828125,-71.68785858154297,1
Who would this projector's astounding most men impress.,Who would this projector's astounding impress most men.,syntax,island_effects,sentential_subject_island,True,False,False,True,869,-78.1087875366211,-78.25460815429688,1
Who would the painting's looking like Rose embarrass.,Who would the painting's looking like embarrass Rose.,syntax,island_effects,sentential_subject_island,True,False,False,True,870,-73.29069519042969,-75.0445556640625,1
Who could these patients' insulting Tanya confuse.,Who could these patients' insulting confuse Tanya.,syntax,island_effects,sentential_subject_island,True,False,False,True,871,-74.39790344238281,-72.23332977294922,0
Who have some drivers' arriving at Spain shocked.,Who have some drivers' arriving at shocked Spain.,syntax,island_effects,sentential_subject_island,True,False,False,True,872,-70.04622650146484,-71.56720733642578,1
Who can many children' boycotting these universities irritate.,Who can many children' boycotting irritate these universities.,syntax,island_effects,sentential_subject_island,True,False,False,True,873,-80.33232116699219,-80.48599243164062,1
Who will a lot of hospitals' working with the students scare.,Who will a lot of hospitals' working with scare the students.,syntax,island_effects,sentential_subject_island,True,False,False,True,874,-75.28988647460938,-72.59227752685547,0
Who are hospitals' appreciating Veronica astounding.,Who are hospitals' appreciating astounding Veronica.,syntax,island_effects,sentential_subject_island,True,False,False,True,875,-72.24870300292969,-72.08163452148438,0
Who was the woman's criticizing Danielle annoying.,Who was the woman's criticizing annoying Danielle.,syntax,island_effects,sentential_subject_island,True,False,False,True,876,-60.943199157714844,-60.15574645996094,0
Who has a mouth's astounding every government shocked.,Who has a mouth's astounding shocked every government.,syntax,island_effects,sentential_subject_island,True,False,False,True,877,-76.07611846923828,-73.43318176269531,0
Who had all girls' exploring every hospital confused.,Who had all girls' exploring confused every hospital.,syntax,island_effects,sentential_subject_island,True,False,False,True,878,-74.49658203125,-76.73292541503906,1
Who can a hat's astounding Emily shock.,Who can a hat's astounding shock Emily.,syntax,island_effects,sentential_subject_island,True,False,False,True,879,-68.22024536132812,-65.80018615722656,0
Who would all cars' hurting Irene bore.,Who would all cars' hurting bore Irene.,syntax,island_effects,sentential_subject_island,True,False,False,True,880,-73.3512954711914,-75.59605407714844,1
Who could some customers' driving to most banks alarm.,Who could some customers' driving to alarm most banks.,syntax,island_effects,sentential_subject_island,True,False,False,True,881,-78.09721374511719,-74.58259582519531,0
Who were all guys' insulting that dancer embarrassing.,Who were all guys' insulting embarrassing that dancer.,syntax,island_effects,sentential_subject_island,True,False,False,True,882,-75.40742492675781,-76.92634582519531,1
Who should many organizations' firing Tara aggravate.,Who should many organizations' firing aggravate Tara.,syntax,island_effects,sentential_subject_island,True,False,False,True,883,-77.56591033935547,-76.89057922363281,0
Who are those children' appreciating Tonya astounding.,Who are those children' appreciating astounding Tonya.,syntax,island_effects,sentential_subject_island,True,False,False,True,884,-71.40641021728516,-71.80093383789062,1
Who were most adults' walking through that hospital alarming.,Who were most adults' walking through alarming that hospital.,syntax,island_effects,sentential_subject_island,True,False,False,True,885,-76.6688003540039,-81.66841125488281,1
Who might many students' hiring Mark annoy.,Who might many students' hiring annoy Mark.,syntax,island_effects,sentential_subject_island,True,False,False,True,886,-71.23299407958984,-69.39013671875,0
Who is some college campus's distracting every museum stunning.,Who is some college campus's distracting stunning every museum.,syntax,island_effects,sentential_subject_island,True,False,False,True,887,-79.6992416381836,-81.0971450805664,1
Who had these people's fleeing from Keith worried.,Who had these people's fleeing from worried Keith.,syntax,island_effects,sentential_subject_island,True,False,False,True,888,-70.13441467285156,-70.43645477294922,1
Who had all dancers' returning to Tammy irritated.,Who had all dancers' returning to irritated Tammy.,syntax,island_effects,sentential_subject_island,True,False,False,True,889,-78.28492736816406,-76.83580017089844,0
Who will all guests' exploring some hospital embarrass.,Who will all guests' exploring embarrass some hospital.,syntax,island_effects,sentential_subject_island,True,False,False,True,890,-78.59564208984375,-80.15176391601562,1
What had some legislature's talking to Gregory disagreed with.,What had some legislature's talking to disagreed with Gregory.,syntax,island_effects,sentential_subject_island,True,False,False,True,891,-72.94739532470703,-73.106201171875,1
Who is the university's embarrassing Melissa scaring.,Who is the university's embarrassing scaring Melissa.,syntax,island_effects,sentential_subject_island,True,False,False,True,892,-63.403682708740234,-59.69892120361328,0
Who do some senators' curing Curtis astound.,Who do some senators' curing astound Curtis.,syntax,island_effects,sentential_subject_island,True,False,False,True,893,-75.97383117675781,-73.37901306152344,0
Who do most senators' insulting Catherine distract.,Who do most senators' insulting distract Catherine.,syntax,island_effects,sentential_subject_island,True,False,False,True,894,-77.93157958984375,-74.70366668701172,0
Who is some lady's going to Harvard University disgusting.,Who is some lady's going to disgusting Harvard University.,syntax,island_effects,sentential_subject_island,True,False,False,True,895,-65.13129425048828,-66.88765716552734,1
Who did these cashiers' going to Harvard University worry.,Who did these cashiers' going to worry Harvard University.,syntax,island_effects,sentential_subject_island,True,False,False,True,896,-74.04953002929688,-76.6704330444336,1
Who have adults' watching Elizabeth annoyed.,Who have adults' watching annoyed Elizabeth.,syntax,island_effects,sentential_subject_island,True,False,False,True,897,-63.4087028503418,-64.4457778930664,1
Who can most men's questioning Tara confuse.,Who can most men's questioning confuse Tara.,syntax,island_effects,sentential_subject_island,True,False,False,True,898,-70.92473602294922,-67.13262939453125,0
Who are some ladies' researching governments embarrassing.,Who are some ladies' researching embarrassing governments.,syntax,island_effects,sentential_subject_island,True,False,False,True,899,-70.29486083984375,-65.91593933105469,0
Who might lights' annoying Patricia alarm.,Who might lights' annoying alarm Patricia.,syntax,island_effects,sentential_subject_island,True,False,False,True,900,-71.08992004394531,-67.19625854492188,0
Who have most dancers' firing Nancy stunned.,Who have most dancers' firing stunned Nancy.,syntax,island_effects,sentential_subject_island,True,False,False,True,901,-77.8678207397461,-75.6405258178711,0
Who has the school's taking the libraries upset.,Who has the school's taking upset the libraries.,syntax,island_effects,sentential_subject_island,True,False,False,True,902,-58.16069793701172,-58.72733688354492,1
Who was this lady's working with Douglas bothering.,Who was this lady's working with bothering Douglas.,syntax,island_effects,sentential_subject_island,True,False,False,True,903,-64.47611999511719,-63.87456512451172,0
Who are those drivers' exiting this hospital shocking.,Who are those drivers' exiting shocking this hospital.,syntax,island_effects,sentential_subject_island,True,False,False,True,904,-72.78063201904297,-78.01405334472656,1
Who have most committees' talking to Karen worried.,Who have most committees' talking to worried Karen.,syntax,island_effects,sentential_subject_island,True,False,False,True,905,-75.59736633300781,-79.52117919921875,1
Who did some students' healing Dan upset.,Who did some students' healing upset Dan.,syntax,island_effects,sentential_subject_island,True,False,False,True,906,-67.72897338867188,-61.7603874206543,0
Who was this cilantro's distracting Martha disturbing.,Who was this cilantro's distracting disturbing Martha.,syntax,island_effects,sentential_subject_island,True,False,False,True,907,-81.64466857910156,-79.12200927734375,0
Who do many ladies' concealing the hospital worry.,Who do many ladies' concealing worry the hospital.,syntax,island_effects,sentential_subject_island,True,False,False,True,908,-71.30790710449219,-76.26638793945312,1
Who had a lot of people's working with Monica distracted.,Who had a lot of people's working with distracted Monica.,syntax,island_effects,sentential_subject_island,True,False,False,True,909,-64.47955322265625,-63.095794677734375,0
Who can this dancer's noticing Gary impress.,Who can this dancer's noticing impress Gary.,syntax,island_effects,sentential_subject_island,True,False,False,True,910,-67.80564880371094,-67.76246643066406,0
Who will those libraries' aggravating Tara distract.,Who will those libraries' aggravating distract Tara.,syntax,island_effects,sentential_subject_island,True,False,False,True,911,-85.08353424072266,-82.67829132080078,0
Who could many guys' skated around Harvard University impress.,Who could many guys' skated around impress Harvard University.,syntax,island_effects,sentential_subject_island,True,False,False,True,912,-82.5661849975586,-83.83101654052734,1
Who should libraries' describing Gina embarrass.,Who should libraries' describing embarrass Gina.,syntax,island_effects,sentential_subject_island,True,False,False,True,913,-73.48591613769531,-71.51885986328125,0
Who were those wheelbarrows' disgusting the man aggravating.,Who were those wheelbarrows' disgusting aggravating the man.,syntax,island_effects,sentential_subject_island,True,False,False,True,914,-91.49955749511719,-83.54360961914062,0
Who has the slope's impressing Sally bored.,Who has the slope's impressing bored Sally.,syntax,island_effects,sentential_subject_island,True,False,False,True,915,-77.15023040771484,-74.54967498779297,0
Who do those art galleries' annoying Natalie disturb.,Who do those art galleries' annoying disturb Natalie.,syntax,island_effects,sentential_subject_island,True,False,False,True,916,-83.47865295410156,-80.08773803710938,0
Who have the paintings' stunning Ella shocked.,Who have the paintings' stunning shocked Ella.,syntax,island_effects,sentential_subject_island,True,False,False,True,917,-68.44086456298828,-69.00569152832031,1
Who has every girl's boycotting some legislature disgusted.,Who has every girl's boycotting disgusted some legislature.,syntax,island_effects,sentential_subject_island,True,False,False,True,918,-78.63361358642578,-79.50726318359375,1
Who has the shirt's disturbing Leslie impressed.,Who has the shirt's disturbing impressed Leslie.,syntax,island_effects,sentential_subject_island,True,False,False,True,919,-67.3607177734375,-67.01651763916016,0
What should every guy's questioning Rose disagree with.,What should every guy's questioning disagree with Rose.,syntax,island_effects,sentential_subject_island,True,False,False,True,920,-72.01023864746094,-67.08576965332031,0
Who was every dancer's cleaning every hospital disgusting.,Who was every dancer's cleaning disgusting every hospital.,syntax,island_effects,sentential_subject_island,True,False,False,True,921,-76.97525024414062,-77.62178802490234,1
Who had some senators' escaping from many cashiers aggravated.,Who had some senators' escaping from aggravated many cashiers.,syntax,island_effects,sentential_subject_island,True,False,False,True,922,-88.52337646484375,-87.45513916015625,0
Who might a lot of boys' working with a lot of senators impress.,Who might a lot of boys' working with impress a lot of senators.,syntax,island_effects,sentential_subject_island,True,False,False,True,923,-83.40545654296875,-83.6273193359375,1
Who had those people's researching Jesus irritated.,Who had those people's researching irritated Jesus.,syntax,island_effects,sentential_subject_island,True,False,False,True,924,-65.0877456665039,-65.27494812011719,1
Who is a sock's impressing those patients hurting.,Who is a sock's impressing hurting those patients.,syntax,island_effects,sentential_subject_island,True,False,False,True,925,-69.12992858886719,-66.29573822021484,0
Who are many girls' disgusting Dennis impressing.,Who are many girls' disgusting impressing Dennis.,syntax,island_effects,sentential_subject_island,True,False,False,True,926,-71.46160888671875,-69.00184631347656,0
Who had every lady's hiding Patricia embarrassed.,Who had every lady's hiding embarrassed Patricia.,syntax,island_effects,sentential_subject_island,True,False,False,True,927,-69.5408706665039,-66.77605438232422,0
Who were these pies' annoying those teachers astounding.,Who were these pies' annoying astounding those teachers.,syntax,island_effects,sentential_subject_island,True,False,False,True,928,-84.88014221191406,-85.36859130859375,1
Who had many mirrors' astounding Laura astounded.,Who had many mirrors' astounding astounded Laura.,syntax,island_effects,sentential_subject_island,True,False,False,True,929,-75.21498107910156,-73.33146667480469,0
Who had these glasses' bothering Adam shocked.,Who had these glasses' bothering shocked Adam.,syntax,island_effects,sentential_subject_island,True,False,False,True,930,-72.86317443847656,-71.33769989013672,0
Who had those books' irritating most associations embarrassed.,Who had those books' irritating embarrassed most associations.,syntax,island_effects,sentential_subject_island,True,False,False,True,931,-82.12187194824219,-80.26780700683594,0
Who had that museum's talking to Denise shocked.,Who had that museum's talking to shocked Denise.,syntax,island_effects,sentential_subject_island,True,False,False,True,932,-69.94378662109375,-70.81828308105469,1
Who is that dancer's visiting Kristen shocking.,Who is that dancer's visiting shocking Kristen.,syntax,island_effects,sentential_subject_island,True,False,False,True,933,-66.08944702148438,-66.68392944335938,1
Who can a committee's hiring Jennifer bother.,Who can a committee's hiring bother Jennifer.,syntax,island_effects,sentential_subject_island,True,False,False,True,934,-66.30879211425781,-64.06038665771484,0
Who will a lot of doctors' examining some commentary disagree with.,Who will a lot of doctors' examining disagree with some commentary.,syntax,island_effects,sentential_subject_island,True,False,False,True,935,-84.33720397949219,-80.17018127441406,0
Who can some museum's discussing Gerald impress.,Who can some museum's discussing impress Gerald.,syntax,island_effects,sentential_subject_island,True,False,False,True,936,-74.11749267578125,-73.15852355957031,0
Who could a lot of libraries' working with Nina disagree with.,Who could a lot of libraries' working with disagree with Nina.,syntax,island_effects,sentential_subject_island,True,False,False,True,937,-81.81551361083984,-82.28422546386719,1
Who has every girl's hiring Bradley distracted.,Who has every girl's hiring distracted Bradley.,syntax,island_effects,sentential_subject_island,True,False,False,True,938,-65.9393310546875,-65.1480941772461,0
Who had some waitress's attacking Gerald shocked.,Who had some waitress's attacking shocked Gerald.,syntax,island_effects,sentential_subject_island,True,False,False,True,939,-70.86186218261719,-70.15911102294922,0
Who had some icicle's stunning April impressed.,Who had some icicle's stunning impressed April.,syntax,island_effects,sentential_subject_island,True,False,False,True,940,-73.20059204101562,-74.27445220947266,1
Who are photographs' astounding Theresa confusing.,Who are photographs' astounding confusing Theresa.,syntax,island_effects,sentential_subject_island,True,False,False,True,941,-73.37286376953125,-71.70753479003906,0
Who could a waitress's admiring Jessica embarrass.,Who could a waitress's admiring embarrass Jessica.,syntax,island_effects,sentential_subject_island,True,False,False,True,942,-72.873779296875,-71.4596176147461,0
Who had many guys' concealing Ronald bored.,Who had many guys' concealing bored Ronald.,syntax,island_effects,sentential_subject_island,True,False,False,True,943,-74.39936065673828,-76.49809265136719,1
Who did those guests' concealing Anna hurt.,Who did those guests' concealing hurt Anna.,syntax,island_effects,sentential_subject_island,True,False,False,True,944,-71.32209014892578,-72.37057495117188,1
Who are some companies' helping Katherine bothering.,Who are some companies' helping bothering Katherine.,syntax,island_effects,sentential_subject_island,True,False,False,True,945,-69.75160217285156,-64.7869644165039,0
Who were many waitresses' astounding Patrick disgusting.,Who were many waitresses' astounding disgusting Patrick.,syntax,island_effects,sentential_subject_island,True,False,False,True,946,-81.98049926757812,-77.96546173095703,0
Who is every waitress's confusing Sherry astounding.,Who is every waitress's confusing astounding Sherry.,syntax,island_effects,sentential_subject_island,True,False,False,True,947,-74.13533782958984,-74.23570251464844,1
Who is the spinach's irritating Linda scaring.,Who is the spinach's irritating scaring Linda.,syntax,island_effects,sentential_subject_island,True,False,False,True,948,-69.44305419921875,-66.855712890625,0
What have a lot of reports' disagreeing with Laurie sounded like.,What have a lot of reports' disagreeing with sounded like Laurie.,syntax,island_effects,sentential_subject_island,True,False,False,True,949,-82.66256713867188,-80.32246398925781,0
Who is this university's criticizing Kendra irritating.,Who is this university's criticizing irritating Kendra.,syntax,island_effects,sentential_subject_island,True,False,False,True,950,-70.04151916503906,-68.2730712890625,0
Who had a lot of men's touring Spain disgusted.,Who had a lot of men's touring disgusted Spain.,syntax,island_effects,sentential_subject_island,True,False,False,True,951,-68.91122436523438,-68.96727752685547,1
Who will this actress's describing Melanie disgust.,Who will this actress's describing disgust Melanie.,syntax,island_effects,sentential_subject_island,True,False,False,True,952,-66.53130340576172,-68.47541809082031,1
Who had many people's skated around Spain upset.,Who had many people's skated around upset Spain.,syntax,island_effects,sentential_subject_island,True,False,False,True,953,-70.70893859863281,-72.01707458496094,1
Who could these dresses' upsetting Barbara shock.,Who could these dresses' upsetting shock Barbara.,syntax,island_effects,sentential_subject_island,True,False,False,True,954,-76.36822509765625,-79.60567474365234,1
Who had the cafes' upsetting Rhonda disgusted.,Who had the cafes' upsetting disgusted Rhonda.,syntax,island_effects,sentential_subject_island,True,False,False,True,955,-77.38935852050781,-79.32121276855469,1
Who was every boy's leaving Linda alarming.,Who was every boy's leaving alarming Linda.,syntax,island_effects,sentential_subject_island,True,False,False,True,956,-67.40216827392578,-68.95287322998047,1
Who can those dancers' arriving at Harvard University stun.,Who can those dancers' arriving at stun Harvard University.,syntax,island_effects,sentential_subject_island,True,False,False,True,957,-78.82656860351562,-80.29418182373047,1
Who are these museums' taking these hospitals astounding.,Who are these museums' taking astounding these hospitals.,syntax,island_effects,sentential_subject_island,True,False,False,True,958,-75.45914459228516,-77.34257507324219,1
Who had this dancer's running around Harvard University worried.,Who had this dancer's running around worried Harvard University.,syntax,island_effects,sentential_subject_island,True,False,False,True,959,-69.09056091308594,-74.04397583007812,1
Who should this woman's exiting a museum alarm.,Who should this woman's exiting alarm a museum.,syntax,island_effects,sentential_subject_island,True,False,False,True,960,-65.66456604003906,-65.74530029296875,1
Who were a lot of cashiers' noticing Jennifer distracting.,Who were a lot of cashiers' noticing distracting Jennifer.,syntax,island_effects,sentential_subject_island,True,False,False,True,961,-82.47105407714844,-79.21466064453125,0
Who do all steps' bothering Marla bore.,Who do all steps' bothering bore Marla.,syntax,island_effects,sentential_subject_island,True,False,False,True,962,-73.31010437011719,-77.01451110839844,1
Who have these boys' appreciating this museum shocked.,Who have these boys' appreciating shocked this museum.,syntax,island_effects,sentential_subject_island,True,False,False,True,963,-74.73755645751953,-75.16224670410156,1
Who could all committees' working with Kristin astound.,Who could all committees' working with astound Kristin.,syntax,island_effects,sentential_subject_island,True,False,False,True,964,-76.90373229980469,-76.77259826660156,0
Who are most students' approaching Bill disturbing.,Who are most students' approaching disturbing Bill.,syntax,island_effects,sentential_subject_island,True,False,False,True,965,-71.31948852539062,-70.377197265625,0
What should those boys' messing up this grocery store sound like.,What should those boys' messing up sound like this grocery store.,syntax,island_effects,sentential_subject_island,True,False,False,True,966,-77.32698059082031,-74.35032653808594,0
Who are most cashiers' returning to Debra bothering.,Who are most cashiers' returning to bothering Debra.,syntax,island_effects,sentential_subject_island,True,False,False,True,967,-79.569091796875,-80.97746276855469,1
Who might a lot of actors' escaping from Marcus alarm.,Who might a lot of actors' escaping from alarm Marcus.,syntax,island_effects,sentential_subject_island,True,False,False,True,968,-81.66287994384766,-79.89167785644531,0
Who was every painting's hurting Douglas embarrassing.,Who was every painting's hurting embarrassing Douglas.,syntax,island_effects,sentential_subject_island,True,False,False,True,969,-75.79570770263672,-73.43289184570312,0
Who do some patients' criticizing Tanya bother.,Who do some patients' criticizing bother Tanya.,syntax,island_effects,sentential_subject_island,True,False,False,True,970,-69.57786560058594,-70.25498962402344,1
Who would those doors' bothering Carmen irritate.,Who would those doors' bothering irritate Carmen.,syntax,island_effects,sentential_subject_island,True,False,False,True,971,-80.072509765625,-79.88786315917969,0
Who were some patients' concealing Teresa stunning.,Who were some patients' concealing stunning Teresa.,syntax,island_effects,sentential_subject_island,True,False,False,True,972,-73.85098266601562,-73.33030700683594,0
Who were many ladies' helping Laurie irritating.,Who were many ladies' helping irritating Laurie.,syntax,island_effects,sentential_subject_island,True,False,False,True,973,-74.3375244140625,-70.87627410888672,0
Who have many carriages' disturbing Rose disturbed.,Who have many carriages' disturbing disturbed Rose.,syntax,island_effects,sentential_subject_island,True,False,False,True,974,-76.1980972290039,-73.23101806640625,0
Who is the girl's questioning all waiters confusing.,Who is the girl's questioning confusing all waiters.,syntax,island_effects,sentential_subject_island,True,False,False,True,975,-62.290042877197266,-65.36613464355469,1
Who would a lot of girls' listening to Ann distract.,Who would a lot of girls' listening to distract Ann.,syntax,island_effects,sentential_subject_island,True,False,False,True,976,-73.78873443603516,-72.21241760253906,0
Who should that waitress's boycotting every company annoy.,Who should that waitress's boycotting annoy every company.,syntax,island_effects,sentential_subject_island,True,False,False,True,977,-82.48599243164062,-78.4583969116211,0
Who did this girl's leaving Bethany annoy.,Who did this girl's leaving annoy Bethany.,syntax,island_effects,sentential_subject_island,True,False,False,True,978,-67.11982727050781,-65.45471954345703,0
Who will some children' cleaning a bank annoy.,Who will some children' cleaning annoy a bank.,syntax,island_effects,sentential_subject_island,True,False,False,True,979,-71.13996124267578,-68.55653381347656,0
Who would slopes' stunning Joel irritate.,Who would slopes' stunning irritate Joel.,syntax,island_effects,sentential_subject_island,True,False,False,True,980,-72.3897705078125,-74.45230102539062,1
Who are some doors' hurting Keith confusing.,Who are some doors' hurting confusing Keith.,syntax,island_effects,sentential_subject_island,True,False,False,True,981,-74.18009185791016,-75.20038604736328,1
Who are vases' embarrassing Paula impressing.,Who are vases' embarrassing impressing Paula.,syntax,island_effects,sentential_subject_island,True,False,False,True,982,-75.87741088867188,-71.57537841796875,0
Who had all boys' selling the hospitals scared.,Who had all boys' selling scared the hospitals.,syntax,island_effects,sentential_subject_island,True,False,False,True,983,-73.76898193359375,-71.90629577636719,0
Who were some cashiers' cleaning a bank bothering.,Who were some cashiers' cleaning bothering a bank.,syntax,island_effects,sentential_subject_island,True,False,False,True,984,-71.79566955566406,-70.45909881591797,0
Who have these customers' dropping by this bank distracted.,Who have these customers' dropping by distracted this bank.,syntax,island_effects,sentential_subject_island,True,False,False,True,985,-72.31748962402344,-74.57171630859375,1
Who are a lot of customers' disagreeing with doctors scaring.,Who are a lot of customers' disagreeing with scaring doctors.,syntax,island_effects,sentential_subject_island,True,False,False,True,986,-77.55735778808594,-74.84768676757812,0
Who were some blouses' hurting Lucille worrying.,Who were some blouses' hurting worrying Lucille.,syntax,island_effects,sentential_subject_island,True,False,False,True,987,-78.970458984375,-80.55715942382812,1
Who would every drawing's looking like Charles aggravate.,Who would every drawing's looking like aggravate Charles.,syntax,island_effects,sentential_subject_island,True,False,False,True,988,-80.33595275878906,-84.02961730957031,1
Who were most doctors' hugging Robert astounding.,Who were most doctors' hugging astounding Robert.,syntax,island_effects,sentential_subject_island,True,False,False,True,989,-75.89635467529297,-75.99455261230469,1
Who is the legislature's talking about those banks impressing.,Who is the legislature's talking about impressing those banks.,syntax,island_effects,sentential_subject_island,True,False,False,True,990,-64.95038604736328,-60.48479080200195,0
Who have the waitresses' boasting about these teenagers annoyed.,Who have the waitresses' boasting about annoyed these teenagers.,syntax,island_effects,sentential_subject_island,True,False,False,True,991,-85.12049102783203,-85.25994873046875,1
Who will hills' boring Laurie astound.,Who will hills' boring astound Laurie.,syntax,island_effects,sentential_subject_island,True,False,False,True,992,-74.72858428955078,-71.84061431884766,0
Who were carriages' disturbing every girl stunning.,Who were carriages' disturbing stunning every girl.,syntax,island_effects,sentential_subject_island,True,False,False,True,993,-75.73237609863281,-75.27949523925781,0
Who will a lot of guys' hugging Walter impress.,Who will a lot of guys' hugging impress Walter.,syntax,island_effects,sentential_subject_island,True,False,False,True,994,-71.69480895996094,-72.45350646972656,1
What would all doctors' kissing Randolf disagree with.,What would all doctors' kissing disagree with Randolf.,syntax,island_effects,sentential_subject_island,True,False,False,True,995,-82.86723327636719,-82.31489562988281,0
Who do a lot of guests' fleeing from Tracy shock.,Who do a lot of guests' fleeing from shock Tracy.,syntax,island_effects,sentential_subject_island,True,False,False,True,996,-73.85211181640625,-72.11744689941406,0
Who can this company's working with Sabrina impress.,Who can this company's working with impress Sabrina.,syntax,island_effects,sentential_subject_island,True,False,False,True,997,-65.80445861816406,-68.81079864501953,1
Who have all patients' working with Peter impressed.,Who have all patients' working with impressed Peter.,syntax,island_effects,sentential_subject_island,True,False,False,True,998,-62.83201599121094,-64.01585388183594,1
Who do those hospitals' appreciating Elizabeth hurt.,Who do those hospitals' appreciating hurt Elizabeth.,syntax,island_effects,sentential_subject_island,True,False,False,True,999,-72.3203353881836,-71.70407104492188,0
