sentence_good,sentence_bad,field,linguistics_term,UID,simple_LM_method,one_prefix_method,two_prefix_method,lexically_identical,pair_id,good_prob,bad_prob,correct
A lady has remembered who the actors conceal.,A lady has remembered that the actors conceal.,syntax,filler_gap_dependency,wh_vs_that_with_gap,True,False,False,False,0,-67.18441772460938,-68.09938049316406,1
Teenagers know what all ladies haven't examined.,Teenagers know that all ladies haven't examined.,syntax,filler_gap_dependency,wh_vs_that_with_gap,True,False,False,False,1,-63.28353500366211,-63.45539093017578,1
Dancers hadn't figured out who the actress didn't reveal.,Dancers hadn't figured out that the actress didn't reveal.,syntax,filler_gap_dependency,wh_vs_that_with_gap,True,False,False,False,2,-64.41645812988281,-63.923675537109375,0
All guys find out who some patient was scaring.,All guys find out that some patient was scaring.,syntax,filler_gap_dependency,wh_vs_that_with_gap,True,False,False,False,3,-69.5688247680664,-67.7222900390625,0
Nina has learned who most men sound like.,Nina has learned that most men sound like.,syntax,filler_gap_dependency,wh_vs_that_with_gap,True,False,False,False,4,-62.562774658203125,-62.82998275756836,1
Kirsten doesn't conceal what that man wasn't driving to.,Kirsten doesn't conceal that that man wasn't driving to.,syntax,filler_gap_dependency,wh_vs_that_with_gap,True,False,False,False,5,-74.97301483154297,-76.83826446533203,1
The boy was figuring out who some women shouldn't listen to.,The boy was figuring out that some women shouldn't listen to.,syntax,filler_gap_dependency,wh_vs_that_with_gap,True,False,False,False,6,-63.87717056274414,-65.58993530273438,1
Sarah discovers what some pedestrian had examined.,Sarah discovers that some pedestrian had examined.,syntax,filler_gap_dependency,wh_vs_that_with_gap,True,False,False,False,7,-63.05585479736328,-61.3208122253418,0
Sarah should forget who some waiter dislikes.,Sarah should forget that some waiter dislikes.,syntax,filler_gap_dependency,wh_vs_that_with_gap,True,False,False,False,8,-66.42584991455078,-66.48942565917969,1
Janice hasn't learned what this offspring didn't examine.,Janice hasn't learned that this offspring didn't examine.,syntax,filler_gap_dependency,wh_vs_that_with_gap,True,False,False,False,9,-71.4341812133789,-70.0605239868164,0
Wayne has revealed who most hospitals admired.,Wayne has revealed that most hospitals admired.,syntax,filler_gap_dependency,wh_vs_that_with_gap,True,False,False,False,10,-65.89895629882812,-66.89546966552734,1
Those teenagers realize who all guests flee from.,Those teenagers realize that all guests flee from.,syntax,filler_gap_dependency,wh_vs_that_with_gap,True,False,False,False,11,-70.07854461669922,-69.06466674804688,0
George forgets what some car has looked like.,George forgets that some car has looked like.,syntax,filler_gap_dependency,wh_vs_that_with_gap,True,False,False,False,12,-61.04656982421875,-69.4222412109375,1
Some child would conceal who most guys are listening to.,Some child would conceal that most guys are listening to.,syntax,filler_gap_dependency,wh_vs_that_with_gap,True,False,False,False,13,-76.4671401977539,-75.94799041748047,0
The cashier wouldn't figure out what a person hasn't arrived at.,The cashier wouldn't figure out that a person hasn't arrived at.,syntax,filler_gap_dependency,wh_vs_that_with_gap,True,False,False,False,14,-71.03130340576172,-75.29751586914062,1
Valerie discovers what most dancers referenced.,Valerie discovers that most dancers referenced.,syntax,filler_gap_dependency,wh_vs_that_with_gap,True,False,False,False,15,-62.4645881652832,-62.99162292480469,1
Some dancers discover who that guy works with.,Some dancers discover that that guy works with.,syntax,filler_gap_dependency,wh_vs_that_with_gap,True,False,False,False,16,-60.21238327026367,-63.876625061035156,1
Some children did figure out what these dogs resemble.,Some children did figure out that these dogs resemble.,syntax,filler_gap_dependency,wh_vs_that_with_gap,True,False,False,False,17,-61.46963119506836,-64.15941619873047,1
Becca figures out what the waiter has dropped by.,Becca figures out that the waiter has dropped by.,syntax,filler_gap_dependency,wh_vs_that_with_gap,True,False,False,False,18,-65.03379821777344,-65.50923156738281,1
That doctor had remembered who the actors revealed.,That doctor had remembered that the actors revealed.,syntax,filler_gap_dependency,wh_vs_that_with_gap,True,False,False,False,19,-66.02902221679688,-65.44917297363281,0
A lot of women remember what all adults drop by.,A lot of women remember that all adults drop by.,syntax,filler_gap_dependency,wh_vs_that_with_gap,True,False,False,False,20,-61.252098083496094,-59.484046936035156,0
Amanda remembered who that driver returned to.,Amanda remembered that that driver returned to.,syntax,filler_gap_dependency,wh_vs_that_with_gap,True,False,False,False,21,-62.215057373046875,-63.6154670715332,1
Steve wasn't concealing what some popsicle resembled.,Steve wasn't concealing that some popsicle resembled.,syntax,filler_gap_dependency,wh_vs_that_with_gap,True,False,False,False,22,-68.5238037109375,-72.51119995117188,1
The Clintons discovered what a girl can wear.,The Clintons discovered that a girl can wear.,syntax,filler_gap_dependency,wh_vs_that_with_gap,True,False,False,False,23,-53.32362747192383,-55.48971176147461,1
Connie hadn't investigated what a lot of women examine.,Connie hadn't investigated that a lot of women examine.,syntax,filler_gap_dependency,wh_vs_that_with_gap,True,False,False,False,24,-66.82429504394531,-70.16230010986328,1
That government remembers who a man wouldn't complain about.,That government remembers that a man wouldn't complain about.,syntax,filler_gap_dependency,wh_vs_that_with_gap,True,False,False,False,25,-64.98478698730469,-66.01107788085938,1
Most people forgot who most teenagers wouldn't complain about.,Most people forgot that most teenagers wouldn't complain about.,syntax,filler_gap_dependency,wh_vs_that_with_gap,True,False,False,False,26,-67.06376647949219,-61.19036102294922,0
Marcus had remembered who some lady disliked.,Marcus had remembered that some lady disliked.,syntax,filler_gap_dependency,wh_vs_that_with_gap,True,False,False,False,27,-67.43791198730469,-65.6820068359375,0
Alexander discovers who this organization can conceal.,Alexander discovers that this organization can conceal.,syntax,filler_gap_dependency,wh_vs_that_with_gap,True,False,False,False,28,-58.90187454223633,-58.499778747558594,0
A library is concealing who these teenagers sound like.,A library is concealing that these teenagers sound like.,syntax,filler_gap_dependency,wh_vs_that_with_gap,True,False,False,False,29,-62.173614501953125,-69.18229675292969,1
Kathleen did learn who some boys will talk about.,Kathleen did learn that some boys will talk about.,syntax,filler_gap_dependency,wh_vs_that_with_gap,True,False,False,False,30,-64.11976623535156,-63.03880310058594,0
A waitress could learn what some woman is concealing.,A waitress could learn that some woman is concealing.,syntax,filler_gap_dependency,wh_vs_that_with_gap,True,False,False,False,31,-65.18772888183594,-63.65248107910156,0
Elaine had remembered who this girl does care for.,Elaine had remembered that this girl does care for.,syntax,filler_gap_dependency,wh_vs_that_with_gap,True,False,False,False,32,-71.1530532836914,-67.03483581542969,0
Sherry is remembering who that drawing looks like.,Sherry is remembering that that drawing looks like.,syntax,filler_gap_dependency,wh_vs_that_with_gap,True,False,False,False,33,-57.47057342529297,-65.9124984741211,1
Diane finds out who a lot of photographs look like.,Diane finds out that a lot of photographs look like.,syntax,filler_gap_dependency,wh_vs_that_with_gap,True,False,False,False,34,-55.3717041015625,-59.42824935913086,1
Governments investigate who those patients find.,Governments investigate that those patients find.,syntax,filler_gap_dependency,wh_vs_that_with_gap,True,False,False,False,35,-55.40735626220703,-65.05792999267578,1
That customer was concealing who that teacher reveals.,That customer was concealing that that teacher reveals.,syntax,filler_gap_dependency,wh_vs_that_with_gap,True,False,False,False,36,-72.33834838867188,-72.76580810546875,1
Kendra knows who that legislature respects.,Kendra knows that that legislature respects.,syntax,filler_gap_dependency,wh_vs_that_with_gap,True,False,False,False,37,-59.49347686767578,-61.540748596191406,1
Diana will remember who these dancers respected.,Diana will remember that these dancers respected.,syntax,filler_gap_dependency,wh_vs_that_with_gap,True,False,False,False,38,-63.758758544921875,-66.2921142578125,1
Rebecca discovers who all skateboards aren't scaring.,Rebecca discovers that all skateboards aren't scaring.,syntax,filler_gap_dependency,wh_vs_that_with_gap,True,False,False,False,39,-70.4259033203125,-63.844215393066406,0
Patricia would realize who many hospitals might fire.,Patricia would realize that many hospitals might fire.,syntax,filler_gap_dependency,wh_vs_that_with_gap,True,False,False,False,40,-70.49858093261719,-65.68325805664062,0
Regina won't learn who all children argue about.,Regina won't learn that all children argue about.,syntax,filler_gap_dependency,wh_vs_that_with_gap,True,False,False,False,41,-70.17452239990234,-67.85154724121094,0
Rodney investigates what some customers go to.,Rodney investigates that some customers go to.,syntax,filler_gap_dependency,wh_vs_that_with_gap,True,False,False,False,42,-58.617103576660156,-60.369937896728516,1
All hospitals were investigating who that boy had cured.,All hospitals were investigating that that boy had cured.,syntax,filler_gap_dependency,wh_vs_that_with_gap,True,False,False,False,43,-65.51734924316406,-68.30772399902344,1
Peter wasn't learning who most doctors respect.,Peter wasn't learning that most doctors respect.,syntax,filler_gap_dependency,wh_vs_that_with_gap,True,False,False,False,44,-63.95561981201172,-62.68226623535156,0
Anne isn't forgetting who a paralysis would scare.,Anne isn't forgetting that a paralysis would scare.,syntax,filler_gap_dependency,wh_vs_that_with_gap,True,False,False,False,45,-71.74520111083984,-65.78107452392578,0
Richard knew who the bank talks about.,Richard knew that the bank talks about.,syntax,filler_gap_dependency,wh_vs_that_with_gap,True,False,False,False,46,-48.89714050292969,-54.183937072753906,1
Patricia couldn't reveal who sketches have looked like.,Patricia couldn't reveal that sketches have looked like.,syntax,filler_gap_dependency,wh_vs_that_with_gap,True,False,False,False,47,-70.03192901611328,-73.23783111572266,1
Some museums discover who many men boast about.,Some museums discover that many men boast about.,syntax,filler_gap_dependency,wh_vs_that_with_gap,True,False,False,False,48,-63.42577362060547,-63.74161911010742,1
These actors conceal what those analyses talked about.,These actors conceal that those analyses talked about.,syntax,filler_gap_dependency,wh_vs_that_with_gap,True,False,False,False,49,-68.89718627929688,-75.45600891113281,1
All pedestrians hadn't realized who those prints looked like.,All pedestrians hadn't realized that those prints looked like.,syntax,filler_gap_dependency,wh_vs_that_with_gap,True,False,False,False,50,-71.0202407836914,-76.49649810791016,1
The Clintons do investigate what a lot of people aren't wearing.,The Clintons do investigate that a lot of people aren't wearing.,syntax,filler_gap_dependency,wh_vs_that_with_gap,True,False,False,False,51,-62.46870040893555,-68.99427032470703,1
Some girls remember who that driver is listening to.,Some girls remember that that driver is listening to.,syntax,filler_gap_dependency,wh_vs_that_with_gap,True,False,False,False,52,-63.820281982421875,-69.79478454589844,1
Tracy found out who this child cared for.,Tracy found out that this child cared for.,syntax,filler_gap_dependency,wh_vs_that_with_gap,True,False,False,False,53,-53.26106262207031,-53.38481903076172,1
Chad shouldn't conceal who an actress works with.,Chad shouldn't conceal that an actress works with.,syntax,filler_gap_dependency,wh_vs_that_with_gap,True,False,False,False,54,-65.89132690429688,-70.60673522949219,1
Sandra had revealed what customers had biked to.,Sandra had revealed that customers had biked to.,syntax,filler_gap_dependency,wh_vs_that_with_gap,True,False,False,False,55,-65.48802185058594,-62.66586685180664,0
The Borgias haven't found out what some legislature liked.,The Borgias haven't found out that some legislature liked.,syntax,filler_gap_dependency,wh_vs_that_with_gap,True,False,False,False,56,-77.28956604003906,-80.73516845703125,1
These companies conceal who many waiters hadn't returned to.,These companies conceal that many waiters hadn't returned to.,syntax,filler_gap_dependency,wh_vs_that_with_gap,True,False,False,False,57,-90.1226806640625,-83.4464111328125,0
A lady isn't concealing who a lot of waiters care for.,A lady isn't concealing that a lot of waiters care for.,syntax,filler_gap_dependency,wh_vs_that_with_gap,True,False,False,False,58,-84.30575561523438,-87.67018127441406,1
Larry has learned what a drawing had looked like.,Larry has learned that a drawing had looked like.,syntax,filler_gap_dependency,wh_vs_that_with_gap,True,False,False,False,59,-55.892372131347656,-67.26072692871094,1
Phillip didn't realize who actors returned to.,Phillip didn't realize that actors returned to.,syntax,filler_gap_dependency,wh_vs_that_with_gap,True,False,False,False,60,-66.11933135986328,-65.67559051513672,0
The Borgias know what a pedestrian goes to.,The Borgias know that a pedestrian goes to.,syntax,filler_gap_dependency,wh_vs_that_with_gap,True,False,False,False,61,-57.549903869628906,-63.6583251953125,1
Theresa didn't conceal who these paintings look like.,Theresa didn't conceal that these paintings look like.,syntax,filler_gap_dependency,wh_vs_that_with_gap,True,False,False,False,62,-64.21239471435547,-67.06076049804688,1
All ladies discover who all women complain about.,All ladies discover that all women complain about.,syntax,filler_gap_dependency,wh_vs_that_with_gap,True,False,False,False,63,-57.833038330078125,-58.87887954711914,1
Connie was forgetting who many waiters talked to.,Connie was forgetting that many waiters talked to.,syntax,filler_gap_dependency,wh_vs_that_with_gap,True,False,False,False,64,-73.98033142089844,-73.09420013427734,0
Mitchell conceals what some photograph looked like.,Mitchell conceals that some photograph looked like.,syntax,filler_gap_dependency,wh_vs_that_with_gap,True,False,False,False,65,-57.622291564941406,-67.05052185058594,1
Theodore investigates who that customer talks about.,Theodore investigates that that customer talks about.,syntax,filler_gap_dependency,wh_vs_that_with_gap,True,False,False,False,66,-65.86154174804688,-70.7576904296875,1
This waiter didn't figure out what those men have gone to.,This waiter didn't figure out that those men have gone to.,syntax,filler_gap_dependency,wh_vs_that_with_gap,True,False,False,False,67,-67.53874969482422,-72.81802368164062,1
Meredith hasn't forgotten who a lot of offspring won't fire.,Meredith hasn't forgotten that a lot of offspring won't fire.,syntax,filler_gap_dependency,wh_vs_that_with_gap,True,False,False,False,68,-79.19664001464844,-75.3837661743164,0
Gerald had revealed who an alumnus fires.,Gerald had revealed that an alumnus fires.,syntax,filler_gap_dependency,wh_vs_that_with_gap,True,False,False,False,69,-73.00743103027344,-68.40628051757812,0
Lori figured out who jackets scare.,Lori figured out that jackets scare.,syntax,filler_gap_dependency,wh_vs_that_with_gap,True,False,False,False,70,-67.53788757324219,-62.2679557800293,0
Every adult isn't discovering who some waitresses disliked.,Every adult isn't discovering that some waitresses disliked.,syntax,filler_gap_dependency,wh_vs_that_with_gap,True,False,False,False,71,-74.90724182128906,-75.78340148925781,1
Some men investigate who some doctor cared for.,Some men investigate that some doctor cared for.,syntax,filler_gap_dependency,wh_vs_that_with_gap,True,False,False,False,72,-58.445281982421875,-63.21554183959961,1
Randolf would learn who an actress wouldn't cure.,Randolf would learn that an actress wouldn't cure.,syntax,filler_gap_dependency,wh_vs_that_with_gap,True,False,False,False,73,-76.69995880126953,-70.12486267089844,0
Many senators investigate who a patient isn't finding.,Many senators investigate that a patient isn't finding.,syntax,filler_gap_dependency,wh_vs_that_with_gap,True,False,False,False,74,-74.25807189941406,-74.35720825195312,1
Some organizations discover what most alumni aren't examining.,Some organizations discover that most alumni aren't examining.,syntax,filler_gap_dependency,wh_vs_that_with_gap,True,False,False,False,75,-68.52008056640625,-68.16268920898438,0
Lisa hasn't revealed who this girl returns to.,Lisa hasn't revealed that this girl returns to.,syntax,filler_gap_dependency,wh_vs_that_with_gap,True,False,False,False,76,-54.257957458496094,-61.392860412597656,1
Kevin finds out who an offspring might escape from.,Kevin finds out that an offspring might escape from.,syntax,filler_gap_dependency,wh_vs_that_with_gap,True,False,False,False,77,-64.3478012084961,-66.313720703125,1
Steve learns who fish was scaring.,Steve learns that fish was scaring.,syntax,filler_gap_dependency,wh_vs_that_with_gap,True,False,False,False,78,-56.96867370605469,-54.12261962890625,0
The university isn't figuring out what a man isn't dropping by.,The university isn't figuring out that a man isn't dropping by.,syntax,filler_gap_dependency,wh_vs_that_with_gap,True,False,False,False,79,-65.77642822265625,-67.50790405273438,1
Carmen could learn who all actors couldn't disagree with.,Carmen could learn that all actors couldn't disagree with.,syntax,filler_gap_dependency,wh_vs_that_with_gap,True,False,False,False,80,-74.903076171875,-77.29435729980469,1
Ella had known who a painting can't look like.,Ella had known that a painting can't look like.,syntax,filler_gap_dependency,wh_vs_that_with_gap,True,False,False,False,81,-70.40054321289062,-67.68292236328125,0
Monet remembers who every association hasn't respected.,Monet remembers that every association hasn't respected.,syntax,filler_gap_dependency,wh_vs_that_with_gap,True,False,False,False,82,-72.52132415771484,-70.64886474609375,0
All banks investigate who a lot of pedestrians argue about.,All banks investigate that a lot of pedestrians argue about.,syntax,filler_gap_dependency,wh_vs_that_with_gap,True,False,False,False,83,-76.45848846435547,-75.55406188964844,0
Many teenagers remember what that child wasn't concealing.,Many teenagers remember that that child wasn't concealing.,syntax,filler_gap_dependency,wh_vs_that_with_gap,True,False,False,False,84,-63.14558410644531,-65.92628479003906,1
Mark was remembering who a woman shouldn't listen to.,Mark was remembering that a woman shouldn't listen to.,syntax,filler_gap_dependency,wh_vs_that_with_gap,True,False,False,False,85,-62.963741302490234,-62.70166778564453,0
Denise investigated who an adult had concealed.,Denise investigated that an adult had concealed.,syntax,filler_gap_dependency,wh_vs_that_with_gap,True,False,False,False,86,-64.97279357910156,-66.60737609863281,1
Edward did find out who those guys argued about.,Edward did find out that those guys argued about.,syntax,filler_gap_dependency,wh_vs_that_with_gap,True,False,False,False,87,-63.171836853027344,-64.82699584960938,1
Karla learned who guests escaped from.,Karla learned that guests escaped from.,syntax,filler_gap_dependency,wh_vs_that_with_gap,True,False,False,False,88,-63.08026885986328,-59.03010559082031,0
Ellen was investigating what the person has looked like.,Ellen was investigating that the person has looked like.,syntax,filler_gap_dependency,wh_vs_that_with_gap,True,False,False,False,89,-58.55400085449219,-74.97933959960938,1
Waiters figure out who those documentaries disagree with.,Waiters figure out that those documentaries disagree with.,syntax,filler_gap_dependency,wh_vs_that_with_gap,True,False,False,False,90,-62.524471282958984,-67.6064453125,1
Many waitresses should discover what some woman does drive to.,Many waitresses should discover that some woman does drive to.,syntax,filler_gap_dependency,wh_vs_that_with_gap,True,False,False,False,91,-81.33544158935547,-75.77129364013672,0
Marla discovers who most guests haven't returned to.,Marla discovers that most guests haven't returned to.,syntax,filler_gap_dependency,wh_vs_that_with_gap,True,False,False,False,92,-70.72560119628906,-68.10832214355469,0
Every patient is investigating what some man arrived at.,Every patient is investigating that some man arrived at.,syntax,filler_gap_dependency,wh_vs_that_with_gap,True,False,False,False,93,-61.87456512451172,-68.095703125,1
Randolf isn't realizing who that woman had worked with.,Randolf isn't realizing that that woman had worked with.,syntax,filler_gap_dependency,wh_vs_that_with_gap,True,False,False,False,94,-69.32943725585938,-74.47050476074219,1
Mark was figuring out what a lot of waiters aren't examining.,Mark was figuring out that a lot of waiters aren't examining.,syntax,filler_gap_dependency,wh_vs_that_with_gap,True,False,False,False,95,-71.70866394042969,-74.85108947753906,1
Florence wasn't forgetting what the girl isn't wearing.,Florence wasn't forgetting that the girl isn't wearing.,syntax,filler_gap_dependency,wh_vs_that_with_gap,True,False,False,False,96,-54.67958450317383,-60.26889419555664,1
Benjamin conceals who those girls dislike.,Benjamin conceals that those girls dislike.,syntax,filler_gap_dependency,wh_vs_that_with_gap,True,False,False,False,97,-64.01382446289062,-66.78923034667969,1
Gary is finding out who these guys might argue about.,Gary is finding out that these guys might argue about.,syntax,filler_gap_dependency,wh_vs_that_with_gap,True,False,False,False,98,-63.68389892578125,-65.10968017578125,1
Every school might know what some man arrived at.,Every school might know that some man arrived at.,syntax,filler_gap_dependency,wh_vs_that_with_gap,True,False,False,False,99,-62.18010711669922,-63.53022766113281,1
Every library hadn't learned who that actress conceals.,Every library hadn't learned that that actress conceals.,syntax,filler_gap_dependency,wh_vs_that_with_gap,True,False,False,False,100,-77.76840209960938,-80.77328491210938,1
Galileo discovers what that goose finds.,Galileo discovers that that goose finds.,syntax,filler_gap_dependency,wh_vs_that_with_gap,True,False,False,False,101,-59.2543830871582,-66.37042236328125,1
Some doctor knew what those women weren't walking through.,Some doctor knew that those women weren't walking through.,syntax,filler_gap_dependency,wh_vs_that_with_gap,True,False,False,False,102,-63.39491271972656,-65.65493774414062,1
Scott forgot what those adults lift.,Scott forgot that those adults lift.,syntax,filler_gap_dependency,wh_vs_that_with_gap,True,False,False,False,103,-61.0837287902832,-62.728546142578125,1
Marla conceals who a lot of cashiers won't disagree with.,Marla conceals that a lot of cashiers won't disagree with.,syntax,filler_gap_dependency,wh_vs_that_with_gap,True,False,False,False,104,-88.6578369140625,-85.15115356445312,0
Karla remembers who the jackets have scared.,Karla remembers that the jackets have scared.,syntax,filler_gap_dependency,wh_vs_that_with_gap,True,False,False,False,105,-66.49031066894531,-63.34158706665039,0
Many men are discovering who a waitress cares for.,Many men are discovering that a waitress cares for.,syntax,filler_gap_dependency,wh_vs_that_with_gap,True,False,False,False,106,-60.25487518310547,-61.867706298828125,1
Travis was remembering who fish scared.,Travis was remembering that fish scared.,syntax,filler_gap_dependency,wh_vs_that_with_gap,True,False,False,False,107,-61.72895812988281,-58.16865158081055,0
Diane had known who a lot of alumni hadn't disagreed with.,Diane had known that a lot of alumni hadn't disagreed with.,syntax,filler_gap_dependency,wh_vs_that_with_gap,True,False,False,False,108,-74.05635833740234,-74.01605224609375,0
Travis realizes what many waitresses had walked through.,Travis realizes that many waitresses had walked through.,syntax,filler_gap_dependency,wh_vs_that_with_gap,True,False,False,False,109,-71.39976501464844,-69.01116943359375,0
Patrick isn't realizing what many universities liked.,Patrick isn't realizing that many universities liked.,syntax,filler_gap_dependency,wh_vs_that_with_gap,True,False,False,False,110,-64.96642303466797,-67.81977844238281,1
A hospital should find out what that waiter was walking through.,A hospital should find out that that waiter was walking through.,syntax,filler_gap_dependency,wh_vs_that_with_gap,True,False,False,False,111,-68.64603424072266,-75.40476989746094,1
Most schools figure out what the man lifted.,Most schools figure out that the man lifted.,syntax,filler_gap_dependency,wh_vs_that_with_gap,True,False,False,False,112,-60.395042419433594,-60.637451171875,1
Patrick remembers what this man arrived at.,Patrick remembers that this man arrived at.,syntax,filler_gap_dependency,wh_vs_that_with_gap,True,False,False,False,113,-51.85548400878906,-55.993682861328125,1
Most companies concealed who a lot of cashiers listen to.,Most companies concealed that a lot of cashiers listen to.,syntax,filler_gap_dependency,wh_vs_that_with_gap,True,False,False,False,114,-76.49691772460938,-76.95291137695312,1
Most schools haven't discovered what most children might examine.,Most schools haven't discovered that most children might examine.,syntax,filler_gap_dependency,wh_vs_that_with_gap,True,False,False,False,115,-64.47293853759766,-70.90669250488281,1
Some legislature isn't investigating who the cashier disliked.,Some legislature isn't investigating that the cashier disliked.,syntax,filler_gap_dependency,wh_vs_that_with_gap,True,False,False,False,116,-75.36962890625,-83.61224365234375,1
Keith is remembering who all customers boast about.,Keith is remembering that all customers boast about.,syntax,filler_gap_dependency,wh_vs_that_with_gap,True,False,False,False,117,-65.0798110961914,-65.23260498046875,1
Sherry hadn't concealed what most waitresses lift.,Sherry hadn't concealed that most waitresses lift.,syntax,filler_gap_dependency,wh_vs_that_with_gap,True,False,False,False,118,-80.26972961425781,-79.8095932006836,0
Denise is forgetting who this child is fleeing from.,Denise is forgetting that this child is fleeing from.,syntax,filler_gap_dependency,wh_vs_that_with_gap,True,False,False,False,119,-60.793617248535156,-63.26825714111328,1
Jodi hadn't investigated who this customer would care for.,Jodi hadn't investigated that this customer would care for.,syntax,filler_gap_dependency,wh_vs_that_with_gap,True,False,False,False,120,-68.86817169189453,-75.75202941894531,1
Craig hadn't investigated who those dancers should conceal.,Craig hadn't investigated that those dancers should conceal.,syntax,filler_gap_dependency,wh_vs_that_with_gap,True,False,False,False,121,-74.93386840820312,-81.09968566894531,1
Children investigate who some people flee from.,Children investigate that some people flee from.,syntax,filler_gap_dependency,wh_vs_that_with_gap,True,False,False,False,122,-49.705345153808594,-54.912689208984375,1
Stephen learned what a child was arriving at.,Stephen learned that a child was arriving at.,syntax,filler_gap_dependency,wh_vs_that_with_gap,True,False,False,False,123,-58.097232818603516,-58.04903030395508,0
Wendy figured out who a library was admiring.,Wendy figured out that a library was admiring.,syntax,filler_gap_dependency,wh_vs_that_with_gap,True,False,False,False,124,-65.19078826904297,-60.25643539428711,0
Alice had remembered what all horses find.,Alice had remembered that all horses find.,syntax,filler_gap_dependency,wh_vs_that_with_gap,True,False,False,False,125,-62.306304931640625,-66.25132751464844,1
A child was forgetting who this cashier isn't complaining about.,A child was forgetting that this cashier isn't complaining about.,syntax,filler_gap_dependency,wh_vs_that_with_gap,True,False,False,False,126,-78.88320922851562,-78.85291290283203,0
Most dancers investigate who those organizations wouldn't conceal.,Most dancers investigate that those organizations wouldn't conceal.,syntax,filler_gap_dependency,wh_vs_that_with_gap,True,False,False,False,127,-74.17636108398438,-77.79553985595703,1
Some government figures out who the children are concealing.,Some government figures out that the children are concealing.,syntax,filler_gap_dependency,wh_vs_that_with_gap,True,False,False,False,128,-58.758026123046875,-59.400421142578125,1
Those cashiers know who every sketch looks like.,Those cashiers know that every sketch looks like.,syntax,filler_gap_dependency,wh_vs_that_with_gap,True,False,False,False,129,-59.6982536315918,-65.86788177490234,1
Those governments investigate who an adult did return to.,Those governments investigate that an adult did return to.,syntax,filler_gap_dependency,wh_vs_that_with_gap,True,False,False,False,130,-76.74284362792969,-77.1317138671875,1
Bruce reveals who many teachers aren't disagreeing with.,Bruce reveals that many teachers aren't disagreeing with.,syntax,filler_gap_dependency,wh_vs_that_with_gap,True,False,False,False,131,-67.5208740234375,-65.60575103759766,0
Beverly was finding out who some adults were firing.,Beverly was finding out that some adults were firing.,syntax,filler_gap_dependency,wh_vs_that_with_gap,True,False,False,False,132,-67.52165222167969,-63.05295944213867,0
Theresa couldn't forget who some universities wouldn't talk to.,Theresa couldn't forget that some universities wouldn't talk to.,syntax,filler_gap_dependency,wh_vs_that_with_gap,True,False,False,False,133,-69.46466827392578,-69.26304626464844,0
Kayla investigates what every print looks like.,Kayla investigates that every print looks like.,syntax,filler_gap_dependency,wh_vs_that_with_gap,True,False,False,False,134,-59.62724304199219,-70.43830871582031,1
All students forget who a lot of legislatures boast about.,All students forget that a lot of legislatures boast about.,syntax,filler_gap_dependency,wh_vs_that_with_gap,True,False,False,False,135,-74.91533660888672,-74.3374252319336,0
Melinda wasn't realizing who these photographs look like.,Melinda wasn't realizing that these photographs look like.,syntax,filler_gap_dependency,wh_vs_that_with_gap,True,False,False,False,136,-62.656314849853516,-67.78079223632812,1
Many organizations remember what some dancer resembles.,Many organizations remember that some dancer resembles.,syntax,filler_gap_dependency,wh_vs_that_with_gap,True,False,False,False,137,-63.93852996826172,-65.25933837890625,1
Those guests discover what that student was revealing.,Those guests discover that that student was revealing.,syntax,filler_gap_dependency,wh_vs_that_with_gap,True,False,False,False,138,-67.87451171875,-69.93959045410156,1
Erin learned who this waiter cares for.,Erin learned that this waiter cares for.,syntax,filler_gap_dependency,wh_vs_that_with_gap,True,False,False,False,139,-59.83246994018555,-62.40261459350586,1
Stephen has learned what actresses admire.,Stephen has learned that actresses admire.,syntax,filler_gap_dependency,wh_vs_that_with_gap,True,False,False,False,140,-56.282386779785156,-55.74041748046875,0
Katherine wouldn't remember who students reference.,Katherine wouldn't remember that students reference.,syntax,filler_gap_dependency,wh_vs_that_with_gap,True,False,False,False,141,-66.77484130859375,-65.21792602539062,0
Patrick has known what every doctor wasn't dropping by.,Patrick has known that every doctor wasn't dropping by.,syntax,filler_gap_dependency,wh_vs_that_with_gap,True,False,False,False,142,-71.52976989746094,-66.05824279785156,0
An adult was investigating what all people bike to.,An adult was investigating that all people bike to.,syntax,filler_gap_dependency,wh_vs_that_with_gap,True,False,False,False,143,-69.55484008789062,-73.44890594482422,1
Mitchell conceals what committees were admiring.,Mitchell conceals that committees were admiring.,syntax,filler_gap_dependency,wh_vs_that_with_gap,True,False,False,False,144,-65.42453002929688,-64.58238220214844,0
Janice forgot who every senator disagrees with.,Janice forgot that every senator disagrees with.,syntax,filler_gap_dependency,wh_vs_that_with_gap,True,False,False,False,145,-60.150169372558594,-63.21251678466797,1
Some committees should find out what these customers hadn't revealed.,Some committees should find out that these customers hadn't revealed.,syntax,filler_gap_dependency,wh_vs_that_with_gap,True,False,False,False,146,-72.30313110351562,-76.90480041503906,1
Amelia hadn't forgotten what those children have respected.,Amelia hadn't forgotten that those children have respected.,syntax,filler_gap_dependency,wh_vs_that_with_gap,True,False,False,False,147,-65.00567626953125,-69.12319946289062,1
Derek didn't investigate who the man talks about.,Derek didn't investigate that the man talks about.,syntax,filler_gap_dependency,wh_vs_that_with_gap,True,False,False,False,148,-55.6053581237793,-62.21015167236328,1
Those universities are investigating what a lot of dancers will reveal.,Those universities are investigating that a lot of dancers will reveal.,syntax,filler_gap_dependency,wh_vs_that_with_gap,True,False,False,False,149,-64.5574722290039,-73.18949127197266,1
Melanie had remembered who synopses aren't boasting about.,Melanie had remembered that synopses aren't boasting about.,syntax,filler_gap_dependency,wh_vs_that_with_gap,True,False,False,False,150,-85.14279174804688,-80.37940979003906,0
Alicia finds out what all women had biked to.,Alicia finds out that all women had biked to.,syntax,filler_gap_dependency,wh_vs_that_with_gap,True,False,False,False,151,-64.3685302734375,-68.7912368774414,1
Kenneth forgot what drivers drop by.,Kenneth forgot that drivers drop by.,syntax,filler_gap_dependency,wh_vs_that_with_gap,True,False,False,False,152,-61.597164154052734,-58.61717224121094,0
A senator has concealed who some man hasn't respected.,A senator has concealed that some man hasn't respected.,syntax,filler_gap_dependency,wh_vs_that_with_gap,True,False,False,False,153,-79.14580535888672,-78.0797119140625,0
Jennifer had concealed what most alumni had examined.,Jennifer had concealed that most alumni had examined.,syntax,filler_gap_dependency,wh_vs_that_with_gap,True,False,False,False,154,-72.78365325927734,-72.81576538085938,1
That legislature will discover what this cilantro resembles.,That legislature will discover that this cilantro resembles.,syntax,filler_gap_dependency,wh_vs_that_with_gap,True,False,False,False,155,-74.6502685546875,-78.671630859375,1
Natalie should forget who every university conceals.,Natalie should forget that every university conceals.,syntax,filler_gap_dependency,wh_vs_that_with_gap,True,False,False,False,156,-73.1859359741211,-69.40193176269531,0
The Lutherans reveal what a lot of fish will scare.,The Lutherans reveal that a lot of fish will scare.,syntax,filler_gap_dependency,wh_vs_that_with_gap,True,False,False,False,157,-76.31449127197266,-75.00056457519531,0
Anna hasn't revealed who a senator flees from.,Anna hasn't revealed that a senator flees from.,syntax,filler_gap_dependency,wh_vs_that_with_gap,True,False,False,False,158,-68.56411743164062,-69.29067993164062,1
The actresses knew who some brochures disagreed with.,The actresses knew that some brochures disagreed with.,syntax,filler_gap_dependency,wh_vs_that_with_gap,True,False,False,False,159,-69.58380889892578,-68.85404968261719,0
Spain forgets what that waiter arrives at.,Spain forgets that that waiter arrives at.,syntax,filler_gap_dependency,wh_vs_that_with_gap,True,False,False,False,160,-59.48522186279297,-65.51602935791016,1
Emily finds out who this committee doesn't fire.,Emily finds out that this committee doesn't fire.,syntax,filler_gap_dependency,wh_vs_that_with_gap,True,False,False,False,161,-60.159759521484375,-62.09348678588867,1
Craig learns what those children drive to.,Craig learns that those children drive to.,syntax,filler_gap_dependency,wh_vs_that_with_gap,True,False,False,False,162,-56.600318908691406,-60.30653762817383,1
Benjamin hadn't remembered what the companies respected.,Benjamin hadn't remembered that the companies respected.,syntax,filler_gap_dependency,wh_vs_that_with_gap,True,False,False,False,163,-62.558170318603516,-66.54458618164062,1
Scott concealed what most guests can't go to.,Scott concealed that most guests can't go to.,syntax,filler_gap_dependency,wh_vs_that_with_gap,True,False,False,False,164,-69.08602142333984,-64.7069320678711,0
Some pedestrian wasn't discovering who girls concealed.,Some pedestrian wasn't discovering that girls concealed.,syntax,filler_gap_dependency,wh_vs_that_with_gap,True,False,False,False,165,-77.43605041503906,-73.9952621459961,0
Stacy finds out who these companies do listen to.,Stacy finds out that these companies do listen to.,syntax,filler_gap_dependency,wh_vs_that_with_gap,True,False,False,False,166,-62.56587600708008,-63.143898010253906,1
A lot of actresses realize who those hospitals boast about.,A lot of actresses realize that those hospitals boast about.,syntax,filler_gap_dependency,wh_vs_that_with_gap,True,False,False,False,167,-70.76937866210938,-71.68853759765625,1
Noah should remember who the alumnus hasn't complained about.,Noah should remember that the alumnus hasn't complained about.,syntax,filler_gap_dependency,wh_vs_that_with_gap,True,False,False,False,168,-69.92366790771484,-73.4474868774414,1
Mary does investigate what some waiters dropped by.,Mary does investigate that some waiters dropped by.,syntax,filler_gap_dependency,wh_vs_that_with_gap,True,False,False,False,169,-73.57294464111328,-73.01396179199219,0
Andrew does find out what a waiter isn't lifting.,Andrew does find out that a waiter isn't lifting.,syntax,filler_gap_dependency,wh_vs_that_with_gap,True,False,False,False,170,-69.31407165527344,-67.99911499023438,0
Pamela will conceal who a person will argue about.,Pamela will conceal that a person will argue about.,syntax,filler_gap_dependency,wh_vs_that_with_gap,True,False,False,False,171,-76.25459289550781,-72.76730346679688,0
Roger isn't realizing who this girl has disliked.,Roger isn't realizing that this girl has disliked.,syntax,filler_gap_dependency,wh_vs_that_with_gap,True,False,False,False,172,-65.62959289550781,-66.8917236328125,1
All men conceal who the drawing looks like.,All men conceal that the drawing looks like.,syntax,filler_gap_dependency,wh_vs_that_with_gap,True,False,False,False,173,-58.93231201171875,-65.0006103515625,1
Benjamin has investigated what this cashier did lift.,Benjamin has investigated that this cashier did lift.,syntax,filler_gap_dependency,wh_vs_that_with_gap,True,False,False,False,174,-75.10148620605469,-76.55392456054688,1
Sabrina isn't forgetting who teenagers cared for.,Sabrina isn't forgetting that teenagers cared for.,syntax,filler_gap_dependency,wh_vs_that_with_gap,True,False,False,False,175,-63.844635009765625,-64.6884536743164,1
Liam won't reveal what that woman hadn't gone to.,Liam won't reveal that that woman hadn't gone to.,syntax,filler_gap_dependency,wh_vs_that_with_gap,True,False,False,False,176,-65.61649322509766,-69.9047622680664,1
Those women were investigating what the customer drops by.,Those women were investigating that the customer drops by.,syntax,filler_gap_dependency,wh_vs_that_with_gap,True,False,False,False,177,-67.56599426269531,-68.05953216552734,1
A lot of women hadn't learned what the lady isn't concealing.,A lot of women hadn't learned that the lady isn't concealing.,syntax,filler_gap_dependency,wh_vs_that_with_gap,True,False,False,False,178,-68.99192810058594,-71.34066772460938,1
The Lutherans know who synopses boast about.,The Lutherans know that synopses boast about.,syntax,filler_gap_dependency,wh_vs_that_with_gap,True,False,False,False,179,-75.39688110351562,-69.73799133300781,0
Benjamin wouldn't remember who every teacher listened to.,Benjamin wouldn't remember that every teacher listened to.,syntax,filler_gap_dependency,wh_vs_that_with_gap,True,False,False,False,180,-63.0454216003418,-62.509185791015625,0
Most teenagers found out who the painting wasn't looking like.,Most teenagers found out that the painting wasn't looking like.,syntax,filler_gap_dependency,wh_vs_that_with_gap,True,False,False,False,181,-71.81195068359375,-72.10151672363281,1
Wayne had found out who some student hadn't argued about.,Wayne had found out that some student hadn't argued about.,syntax,filler_gap_dependency,wh_vs_that_with_gap,True,False,False,False,182,-74.48043060302734,-70.38621520996094,0
Irene might find out who a lot of paintings had looked like.,Irene might find out that a lot of paintings had looked like.,syntax,filler_gap_dependency,wh_vs_that_with_gap,True,False,False,False,183,-77.28950500488281,-76.24408721923828,0
Kristen remembers what these customers haven't worn.,Kristen remembers that these customers haven't worn.,syntax,filler_gap_dependency,wh_vs_that_with_gap,True,False,False,False,184,-61.20826721191406,-66.06907653808594,1
Mary investigated who a synthesis scared.,Mary investigated that a synthesis scared.,syntax,filler_gap_dependency,wh_vs_that_with_gap,True,False,False,False,185,-72.66511535644531,-68.99899291992188,0
Janice has revealed who some student flees from.,Janice has revealed that some student flees from.,syntax,filler_gap_dependency,wh_vs_that_with_gap,True,False,False,False,186,-69.1793212890625,-62.515350341796875,0
Carrie has investigated what paintings have looked like.,Carrie has investigated that paintings have looked like.,syntax,filler_gap_dependency,wh_vs_that_with_gap,True,False,False,False,187,-60.693397521972656,-72.6019515991211,1
These museums aren't revealing what this dancer wasn't looking like.,These museums aren't revealing that this dancer wasn't looking like.,syntax,filler_gap_dependency,wh_vs_that_with_gap,True,False,False,False,188,-71.14419555664062,-82.02950286865234,1
Victoria figured out who the children sound like.,Victoria figured out that the children sound like.,syntax,filler_gap_dependency,wh_vs_that_with_gap,True,False,False,False,189,-52.412174224853516,-56.37065887451172,1
Tina should reveal who that actress dislikes.,Tina should reveal that that actress dislikes.,syntax,filler_gap_dependency,wh_vs_that_with_gap,True,False,False,False,190,-60.253562927246094,-63.330074310302734,1
Galileo is discovering what this guy revealed.,Galileo is discovering that this guy revealed.,syntax,filler_gap_dependency,wh_vs_that_with_gap,True,False,False,False,191,-57.27184295654297,-60.41493225097656,1
Dan figured out what all dancers didn't conceal.,Dan figured out that all dancers didn't conceal.,syntax,filler_gap_dependency,wh_vs_that_with_gap,True,False,False,False,192,-67.02073669433594,-68.07255554199219,1
Many guys know what this alumnus had fled from.,Many guys know that this alumnus had fled from.,syntax,filler_gap_dependency,wh_vs_that_with_gap,True,False,False,False,193,-69.72586822509766,-69.76477813720703,1
Charles knew what every guy might lift.,Charles knew that every guy might lift.,syntax,filler_gap_dependency,wh_vs_that_with_gap,True,False,False,False,194,-58.631675720214844,-56.35896301269531,0
The Borgias remember who every university has argued about.,The Borgias remember that every university has argued about.,syntax,filler_gap_dependency,wh_vs_that_with_gap,True,False,False,False,195,-74.3887710571289,-72.85736846923828,0
Kathleen remembers who all people argue about.,Kathleen remembers that all people argue about.,syntax,filler_gap_dependency,wh_vs_that_with_gap,True,False,False,False,196,-60.896240234375,-56.81157302856445,0
Bill can conceal who this university is talking about.,Bill can conceal that this university is talking about.,syntax,filler_gap_dependency,wh_vs_that_with_gap,True,False,False,False,197,-60.38075637817383,-64.7284164428711,1
Connie learned who most drivers weren't arguing about.,Connie learned that most drivers weren't arguing about.,syntax,filler_gap_dependency,wh_vs_that_with_gap,True,False,False,False,198,-72.01190185546875,-65.47621154785156,0
Randolf conceals who this actor sounded like.,Randolf conceals that this actor sounded like.,syntax,filler_gap_dependency,wh_vs_that_with_gap,True,False,False,False,199,-68.74195098876953,-70.36534118652344,1
Benjamin discovered what these children escape from.,Benjamin discovered that these children escape from.,syntax,filler_gap_dependency,wh_vs_that_with_gap,True,False,False,False,200,-57.23860168457031,-57.50484085083008,1
Tanya shouldn't know who most adults referenced.,Tanya shouldn't know that most adults referenced.,syntax,filler_gap_dependency,wh_vs_that_with_gap,True,False,False,False,201,-69.95474243164062,-68.8209228515625,0
Raymond can realize who some woman cares for.,Raymond can realize that some woman cares for.,syntax,filler_gap_dependency,wh_vs_that_with_gap,True,False,False,False,202,-63.9017219543457,-65.50111389160156,1
Many girls conceal who most actresses weren't disagreeing with.,Many girls conceal that most actresses weren't disagreeing with.,syntax,filler_gap_dependency,wh_vs_that_with_gap,True,False,False,False,203,-84.7988510131836,-81.33942413330078,0
Holly conceals what the patients are driving to.,Holly conceals that the patients are driving to.,syntax,filler_gap_dependency,wh_vs_that_with_gap,True,False,False,False,204,-65.35258483886719,-66.59646606445312,1
Patrick revealed what a lot of men wore.,Patrick revealed that a lot of men wore.,syntax,filler_gap_dependency,wh_vs_that_with_gap,True,False,False,False,205,-49.533119201660156,-54.632747650146484,1
A library knew who many adults weren't fleeing from.,A library knew that many adults weren't fleeing from.,syntax,filler_gap_dependency,wh_vs_that_with_gap,True,False,False,False,206,-72.14268493652344,-68.13786315917969,0
Beverly had learned what those birds will look like.,Beverly had learned that those birds will look like.,syntax,filler_gap_dependency,wh_vs_that_with_gap,True,False,False,False,207,-61.96702575683594,-68.96847534179688,1
Natalie wasn't figuring out who the girls didn't listen to.,Natalie wasn't figuring out that the girls didn't listen to.,syntax,filler_gap_dependency,wh_vs_that_with_gap,True,False,False,False,208,-62.59978485107422,-65.32838439941406,1
Daniel remembered what some child drove to.,Daniel remembered that some child drove to.,syntax,filler_gap_dependency,wh_vs_that_with_gap,True,False,False,False,209,-61.28689956665039,-63.67657470703125,1
Colleen learned who all boys listen to.,Colleen learned that all boys listen to.,syntax,filler_gap_dependency,wh_vs_that_with_gap,True,False,False,False,210,-60.886329650878906,-57.468406677246094,0
Donald wasn't learning what this guy walked through.,Donald wasn't learning that this guy walked through.,syntax,filler_gap_dependency,wh_vs_that_with_gap,True,False,False,False,211,-61.6803092956543,-62.609527587890625,1
An organization wasn't realizing who all waiters weren't concealing.,An organization wasn't realizing that all waiters weren't concealing.,syntax,filler_gap_dependency,wh_vs_that_with_gap,True,False,False,False,212,-88.72052764892578,-78.54537963867188,0
Many banks figure out who that cashier concealed.,Many banks figure out that that cashier concealed.,syntax,filler_gap_dependency,wh_vs_that_with_gap,True,False,False,False,213,-62.21002960205078,-64.68560791015625,1
Melinda wasn't revealing what these men referenced.,Melinda wasn't revealing that these men referenced.,syntax,filler_gap_dependency,wh_vs_that_with_gap,True,False,False,False,214,-61.846580505371094,-68.12290954589844,1
The companies would forget who most universities hadn't listened to.,The companies would forget that most universities hadn't listened to.,syntax,filler_gap_dependency,wh_vs_that_with_gap,True,False,False,False,215,-78.99240112304688,-73.53181457519531,0
Carmen investigates what that driver arrives at.,Carmen investigates that that driver arrives at.,syntax,filler_gap_dependency,wh_vs_that_with_gap,True,False,False,False,216,-61.54859161376953,-68.88478088378906,1
Kristen figures out who many committees fire.,Kristen figures out that many committees fire.,syntax,filler_gap_dependency,wh_vs_that_with_gap,True,False,False,False,217,-69.95516967773438,-68.65299987792969,0
Martha had concealed who all senators reveal.,Martha had concealed that all senators reveal.,syntax,filler_gap_dependency,wh_vs_that_with_gap,True,False,False,False,218,-76.87101745605469,-74.45735168457031,0
Elizabeth hasn't concealed who a lot of boys admire.,Elizabeth hasn't concealed that a lot of boys admire.,syntax,filler_gap_dependency,wh_vs_that_with_gap,True,False,False,False,219,-69.90144348144531,-74.52400970458984,1
Alexander learned who every teacher disagrees with.,Alexander learned that every teacher disagrees with.,syntax,filler_gap_dependency,wh_vs_that_with_gap,True,False,False,False,220,-56.5129508972168,-57.17597198486328,1
The organizations conceal what many people drop by.,The organizations conceal that many people drop by.,syntax,filler_gap_dependency,wh_vs_that_with_gap,True,False,False,False,221,-62.83617401123047,-59.069461822509766,0
Those doctors discover who every teenager shouldn't dislike.,Those doctors discover that every teenager shouldn't dislike.,syntax,filler_gap_dependency,wh_vs_that_with_gap,True,False,False,False,222,-75.44609832763672,-73.25444793701172,0
Some committees forget who a lot of people weren't fleeing from.,Some committees forget that a lot of people weren't fleeing from.,syntax,filler_gap_dependency,wh_vs_that_with_gap,True,False,False,False,223,-81.29615783691406,-73.40312957763672,0
Those legislatures investigate what a lady had sounded like.,Those legislatures investigate that a lady had sounded like.,syntax,filler_gap_dependency,wh_vs_that_with_gap,True,False,False,False,224,-73.24006652832031,-85.9899673461914,1
Kimberley is forgetting what this person drops by.,Kimberley is forgetting that this person drops by.,syntax,filler_gap_dependency,wh_vs_that_with_gap,True,False,False,False,225,-63.724830627441406,-64.58047485351562,1
Walter isn't finding out what many men go to.,Walter isn't finding out that many men go to.,syntax,filler_gap_dependency,wh_vs_that_with_gap,True,False,False,False,226,-61.24024200439453,-64.0521469116211,1
Regina hasn't known what these children haven't looked like.,Regina hasn't known that these children haven't looked like.,syntax,filler_gap_dependency,wh_vs_that_with_gap,True,False,False,False,227,-61.631126403808594,-69.92919158935547,1
Kathleen isn't realizing who every child shouldn't talk about.,Kathleen isn't realizing that every child shouldn't talk about.,syntax,filler_gap_dependency,wh_vs_that_with_gap,True,False,False,False,228,-67.80594635009766,-69.19741821289062,1
Alexander isn't concealing who every girl was returning to.,Alexander isn't concealing that every girl was returning to.,syntax,filler_gap_dependency,wh_vs_that_with_gap,True,False,False,False,229,-76.70272827148438,-75.2452621459961,0
Sheila investigated who many men had fired.,Sheila investigated that many men had fired.,syntax,filler_gap_dependency,wh_vs_that_with_gap,True,False,False,False,230,-61.16661071777344,-59.13867950439453,0
These guys conceal who that octopus isn't finding.,These guys conceal that that octopus isn't finding.,syntax,filler_gap_dependency,wh_vs_that_with_gap,True,False,False,False,231,-73.97804260253906,-76.03742980957031,1
James was remembering who a lot of guys conceal.,James was remembering that a lot of guys conceal.,syntax,filler_gap_dependency,wh_vs_that_with_gap,True,False,False,False,232,-69.92283630371094,-67.1152572631836,0
Craig knows who a lot of ladies complained about.,Craig knows that a lot of ladies complained about.,syntax,filler_gap_dependency,wh_vs_that_with_gap,True,False,False,False,233,-58.04139709472656,-57.32048797607422,0
Theodore remembers what all senators are driving to.,Theodore remembers that all senators are driving to.,syntax,filler_gap_dependency,wh_vs_that_with_gap,True,False,False,False,234,-67.30020904541016,-68.2890853881836,1
That doctor figures out who that offspring boasts about.,That doctor figures out that that offspring boasts about.,syntax,filler_gap_dependency,wh_vs_that_with_gap,True,False,False,False,235,-70.66778564453125,-77.06356811523438,1
Samantha hadn't figured out who a lot of committees have argued about.,Samantha hadn't figured out that a lot of committees have argued about.,syntax,filler_gap_dependency,wh_vs_that_with_gap,True,False,False,False,236,-76.25521087646484,-75.42742156982422,0
Travis can't realize who this waiter escapes from.,Travis can't realize that this waiter escapes from.,syntax,filler_gap_dependency,wh_vs_that_with_gap,True,False,False,False,237,-67.38587188720703,-70.88988494873047,1
Claire had known what most women lifted.,Claire had known that most women lifted.,syntax,filler_gap_dependency,wh_vs_that_with_gap,True,False,False,False,238,-59.79248046875,-58.91109085083008,0
Carrie hasn't realized who some adults argue about.,Carrie hasn't realized that some adults argue about.,syntax,filler_gap_dependency,wh_vs_that_with_gap,True,False,False,False,239,-70.23950958251953,-70.67301940917969,1
Harvard University learned what many men find.,Harvard University learned that many men find.,syntax,filler_gap_dependency,wh_vs_that_with_gap,True,False,False,False,240,-56.48357391357422,-58.3277702331543,1
Libraries would realize what that print looks like.,Libraries would realize that that print looks like.,syntax,filler_gap_dependency,wh_vs_that_with_gap,True,False,False,False,241,-57.340248107910156,-68.58438873291016,1
Victoria knows what a man could drop by.,Victoria knows that a man could drop by.,syntax,filler_gap_dependency,wh_vs_that_with_gap,True,False,False,False,242,-52.37437438964844,-50.923187255859375,0
Samuel investigates who every child conceals.,Samuel investigates that every child conceals.,syntax,filler_gap_dependency,wh_vs_that_with_gap,True,False,False,False,243,-58.0556526184082,-61.50981140136719,1
A lot of drivers can't reveal who this guy cured.,A lot of drivers can't reveal that this guy cured.,syntax,filler_gap_dependency,wh_vs_that_with_gap,True,False,False,False,244,-69.05770874023438,-68.54035186767578,0
A lot of pedestrians remember what this person talks about.,A lot of pedestrians remember that this person talks about.,syntax,filler_gap_dependency,wh_vs_that_with_gap,True,False,False,False,245,-56.21443557739258,-64.31366729736328,1
Roger revealed who these customers will disagree with.,Roger revealed that these customers will disagree with.,syntax,filler_gap_dependency,wh_vs_that_with_gap,True,False,False,False,246,-62.276954650878906,-63.77967071533203,1
The girl is remembering who a dancer hasn't fled from.,The girl is remembering that a dancer hasn't fled from.,syntax,filler_gap_dependency,wh_vs_that_with_gap,True,False,False,False,247,-72.47730255126953,-73.67924499511719,1
Dana remembers what many offspring arrive at.,Dana remembers that many offspring arrive at.,syntax,filler_gap_dependency,wh_vs_that_with_gap,True,False,False,False,248,-60.7544059753418,-64.36392211914062,1
Harvard University remembered what waitresses were going to.,Harvard University remembered that waitresses were going to.,syntax,filler_gap_dependency,wh_vs_that_with_gap,True,False,False,False,249,-64.82424926757812,-62.18561935424805,0
Nicole forgets what a lady drops by.,Nicole forgets that a lady drops by.,syntax,filler_gap_dependency,wh_vs_that_with_gap,True,False,False,False,250,-57.837310791015625,-58.61377716064453,1
That organization found out who those hospitals could boast about.,That organization found out that those hospitals could boast about.,syntax,filler_gap_dependency,wh_vs_that_with_gap,True,False,False,False,251,-70.47471618652344,-72.81632232666016,1
Karen discovers what those men escape from.,Karen discovers that those men escape from.,syntax,filler_gap_dependency,wh_vs_that_with_gap,True,False,False,False,252,-56.530643463134766,-58.347713470458984,1
Some senators realize what this patient isn't walking through.,Some senators realize that this patient isn't walking through.,syntax,filler_gap_dependency,wh_vs_that_with_gap,True,False,False,False,253,-71.98025512695312,-69.76084899902344,0
This driver wouldn't discover who these hospitals reference.,This driver wouldn't discover that these hospitals reference.,syntax,filler_gap_dependency,wh_vs_that_with_gap,True,False,False,False,254,-73.25302124023438,-75.55374145507812,1
Matt shouldn't find out who many pedestrians didn't sound like.,Matt shouldn't find out that many pedestrians didn't sound like.,syntax,filler_gap_dependency,wh_vs_that_with_gap,True,False,False,False,255,-79.04960632324219,-80.20590209960938,1
Tammy forgets what every teenager isn't biking to.,Tammy forgets that every teenager isn't biking to.,syntax,filler_gap_dependency,wh_vs_that_with_gap,True,False,False,False,256,-73.97254943847656,-76.576416015625,1
Dana wasn't figuring out what the boxes resemble.,Dana wasn't figuring out that the boxes resemble.,syntax,filler_gap_dependency,wh_vs_that_with_gap,True,False,False,False,257,-58.09736633300781,-66.52281188964844,1
Many cashiers had learned who most boys like.,Many cashiers had learned that most boys like.,syntax,filler_gap_dependency,wh_vs_that_with_gap,True,False,False,False,258,-74.23262023925781,-70.0679931640625,0
Veronica remembers what a lot of actresses do walk through.,Veronica remembers that a lot of actresses do walk through.,syntax,filler_gap_dependency,wh_vs_that_with_gap,True,False,False,False,259,-65.31016540527344,-68.19511413574219,1
Jane revealed what some man arrived at.,Jane revealed that some man arrived at.,syntax,filler_gap_dependency,wh_vs_that_with_gap,True,False,False,False,260,-59.841957092285156,-61.18197250366211,1
A hospital has known who every teacher disagrees with.,A hospital has known that every teacher disagrees with.,syntax,filler_gap_dependency,wh_vs_that_with_gap,True,False,False,False,261,-64.63809204101562,-67.1866455078125,1
Karen has remembered who every customer has fled from.,Karen has remembered that every customer has fled from.,syntax,filler_gap_dependency,wh_vs_that_with_gap,True,False,False,False,262,-71.10781860351562,-70.22538757324219,0
Some companies reveal what some drawing had looked like.,Some companies reveal that some drawing had looked like.,syntax,filler_gap_dependency,wh_vs_that_with_gap,True,False,False,False,263,-65.916015625,-70.1351089477539,1
Joseph found out what every guest escaped from.,Joseph found out that every guest escaped from.,syntax,filler_gap_dependency,wh_vs_that_with_gap,True,False,False,False,264,-59.07878112792969,-61.145591735839844,1
Actors discover what many senators aren't examining.,Actors discover that many senators aren't examining.,syntax,filler_gap_dependency,wh_vs_that_with_gap,True,False,False,False,265,-66.82061767578125,-67.01445007324219,1
Many boys haven't revealed what these men drop by.,Many boys haven't revealed that these men drop by.,syntax,filler_gap_dependency,wh_vs_that_with_gap,True,False,False,False,266,-71.41172790527344,-71.80751037597656,1
Amy concealed what teachers aren't walking through.,Amy concealed that teachers aren't walking through.,syntax,filler_gap_dependency,wh_vs_that_with_gap,True,False,False,False,267,-69.43977355957031,-65.58709716796875,0
All dancers didn't figure out who the guys will work with.,All dancers didn't figure out that the guys will work with.,syntax,filler_gap_dependency,wh_vs_that_with_gap,True,False,False,False,268,-65.23749542236328,-71.12675476074219,1
Russell remembered what the men admire.,Russell remembered that the men admire.,syntax,filler_gap_dependency,wh_vs_that_with_gap,True,False,False,False,269,-51.52000427246094,-53.94377899169922,1
Susan figures out what some actresses bike to.,Susan figures out that some actresses bike to.,syntax,filler_gap_dependency,wh_vs_that_with_gap,True,False,False,False,270,-64.92130279541016,-66.36870574951172,1
Candice knew who this lady would talk about.,Candice knew that this lady would talk about.,syntax,filler_gap_dependency,wh_vs_that_with_gap,True,False,False,False,271,-53.53358840942383,-56.77660369873047,1
Those girls learn who that lady has cured.,Those girls learn that that lady has cured.,syntax,filler_gap_dependency,wh_vs_that_with_gap,True,False,False,False,272,-64.34530639648438,-63.131927490234375,0
Many universities remember what the children examined.,Many universities remember that the children examined.,syntax,filler_gap_dependency,wh_vs_that_with_gap,True,False,False,False,273,-59.138389587402344,-59.0146598815918,0
Some committees weren't revealing what the pedestrian drops by.,Some committees weren't revealing that the pedestrian drops by.,syntax,filler_gap_dependency,wh_vs_that_with_gap,True,False,False,False,274,-77.75355529785156,-82.23159790039062,1
These adults figure out what some student can drive to.,These adults figure out that some student can drive to.,syntax,filler_gap_dependency,wh_vs_that_with_gap,True,False,False,False,275,-70.06948852539062,-70.10323333740234,1
Emily is revealing who that painting looks like.,Emily is revealing that that painting looks like.,syntax,filler_gap_dependency,wh_vs_that_with_gap,True,False,False,False,276,-53.72929763793945,-61.04773712158203,1
Alice was concealing who all libraries talk to.,Alice was concealing that all libraries talk to.,syntax,filler_gap_dependency,wh_vs_that_with_gap,True,False,False,False,277,-72.47618865966797,-72.0909194946289,0
Robert has realized what many people examined.,Robert has realized that many people examined.,syntax,filler_gap_dependency,wh_vs_that_with_gap,True,False,False,False,278,-54.48432540893555,-55.332759857177734,1
Keith revealed who a waiter would escape from.,Keith revealed that a waiter would escape from.,syntax,filler_gap_dependency,wh_vs_that_with_gap,True,False,False,False,279,-68.22217559814453,-64.50233459472656,0
Raymond was discovering who that senator can't care for.,Raymond was discovering that that senator can't care for.,syntax,filler_gap_dependency,wh_vs_that_with_gap,True,False,False,False,280,-77.72544860839844,-76.98513793945312,0
Carolyn learned who some person returns to.,Carolyn learned that some person returns to.,syntax,filler_gap_dependency,wh_vs_that_with_gap,True,False,False,False,281,-67.9556655883789,-62.19784927368164,0
Laura has investigated who every cashier was admiring.,Laura has investigated that every cashier was admiring.,syntax,filler_gap_dependency,wh_vs_that_with_gap,True,False,False,False,282,-77.05382537841797,-78.65043640136719,1
Many people haven't investigated who this rabbit found.,Many people haven't investigated that this rabbit found.,syntax,filler_gap_dependency,wh_vs_that_with_gap,True,False,False,False,283,-58.21270751953125,-61.224246978759766,1
Every dancer wasn't finding out who this adult cares for.,Every dancer wasn't finding out that this adult cares for.,syntax,filler_gap_dependency,wh_vs_that_with_gap,True,False,False,False,284,-75.62923431396484,-83.3765869140625,1
Theodore was realizing what that lady is examining.,Theodore was realizing that that lady is examining.,syntax,filler_gap_dependency,wh_vs_that_with_gap,True,False,False,False,285,-69.01670837402344,-73.65892028808594,1
Amanda is revealing who all girls talked about.,Amanda is revealing that all girls talked about.,syntax,filler_gap_dependency,wh_vs_that_with_gap,True,False,False,False,286,-60.55173110961914,-63.21513748168945,1
Bradley reveals who those customers had concealed.,Bradley reveals that those customers had concealed.,syntax,filler_gap_dependency,wh_vs_that_with_gap,True,False,False,False,287,-59.829402923583984,-62.143836975097656,1
Wayne realized what universities had admired.,Wayne realized that universities had admired.,syntax,filler_gap_dependency,wh_vs_that_with_gap,True,False,False,False,288,-58.289207458496094,-62.097412109375,1
Many children investigate what the students lifted.,Many children investigate that the students lifted.,syntax,filler_gap_dependency,wh_vs_that_with_gap,True,False,False,False,289,-58.576683044433594,-63.299644470214844,1
A guest does find out who a senator wouldn't talk to.,A guest does find out that a senator wouldn't talk to.,syntax,filler_gap_dependency,wh_vs_that_with_gap,True,False,False,False,290,-71.064453125,-74.37749481201172,1
Rebecca revealed who all doctors weren't admiring.,Rebecca revealed that all doctors weren't admiring.,syntax,filler_gap_dependency,wh_vs_that_with_gap,True,False,False,False,291,-71.62869262695312,-68.05359649658203,0
Jodi wouldn't forget who those waiters conceal.,Jodi wouldn't forget that those waiters conceal.,syntax,filler_gap_dependency,wh_vs_that_with_gap,True,False,False,False,292,-76.60074615478516,-78.76681518554688,1
Daniel did forget what some doctors walk through.,Daniel did forget that some doctors walk through.,syntax,filler_gap_dependency,wh_vs_that_with_gap,True,False,False,False,293,-66.40705871582031,-66.73159790039062,1
A lot of waitresses learn who that actress works with.,A lot of waitresses learn that that actress works with.,syntax,filler_gap_dependency,wh_vs_that_with_gap,True,False,False,False,294,-62.41603088378906,-66.34536743164062,1
Kristin hadn't revealed what most girls drop by.,Kristin hadn't revealed that most girls drop by.,syntax,filler_gap_dependency,wh_vs_that_with_gap,True,False,False,False,295,-71.12092590332031,-71.03715515136719,0
Andrew forgot who this guest complains about.,Andrew forgot that this guest complains about.,syntax,filler_gap_dependency,wh_vs_that_with_gap,True,False,False,False,296,-54.6947135925293,-62.89204406738281,1
Sonia isn't learning who all men weren't listening to.,Sonia isn't learning that all men weren't listening to.,syntax,filler_gap_dependency,wh_vs_that_with_gap,True,False,False,False,297,-69.47552490234375,-71.66209411621094,1
The association realized who a lot of boys respect.,The association realized that a lot of boys respect.,syntax,filler_gap_dependency,wh_vs_that_with_gap,True,False,False,False,298,-66.04235076904297,-64.06781768798828,0
Scott does forget who some boys complain about.,Scott does forget that some boys complain about.,syntax,filler_gap_dependency,wh_vs_that_with_gap,True,False,False,False,299,-59.62300491333008,-62.9654655456543,1
Maria didn't learn who every woman sounds like.,Maria didn't learn that every woman sounds like.,syntax,filler_gap_dependency,wh_vs_that_with_gap,True,False,False,False,300,-58.97571563720703,-62.97557830810547,1
Guy can't discover what some driver hasn't worn.,Guy can't discover that some driver hasn't worn.,syntax,filler_gap_dependency,wh_vs_that_with_gap,True,False,False,False,301,-68.69012451171875,-71.10826110839844,1
Colleen reveals who most teenagers found.,Colleen reveals that most teenagers found.,syntax,filler_gap_dependency,wh_vs_that_with_gap,True,False,False,False,302,-62.285091400146484,-58.4052619934082,0
Edward was investigating what all alumni sounded like.,Edward was investigating that all alumni sounded like.,syntax,filler_gap_dependency,wh_vs_that_with_gap,True,False,False,False,303,-61.21112060546875,-74.248291015625,1
A lot of students figure out who all boys care for.,A lot of students figure out that all boys care for.,syntax,filler_gap_dependency,wh_vs_that_with_gap,True,False,False,False,304,-61.2867431640625,-62.00690460205078,1
Sherry concealed what every person wears.,Sherry concealed that every person wears.,syntax,filler_gap_dependency,wh_vs_that_with_gap,True,False,False,False,305,-56.97108459472656,-58.987770080566406,1
Many men aren't realizing who all cashiers reference.,Many men aren't realizing that all cashiers reference.,syntax,filler_gap_dependency,wh_vs_that_with_gap,True,False,False,False,306,-80.71483612060547,-77.9840087890625,0
Alexander discovered who most prints are looking like.,Alexander discovered that most prints are looking like.,syntax,filler_gap_dependency,wh_vs_that_with_gap,True,False,False,False,307,-65.7343521118164,-63.025333404541016,0
Kimberley can reveal what every patient walks through.,Kimberley can reveal that every patient walks through.,syntax,filler_gap_dependency,wh_vs_that_with_gap,True,False,False,False,308,-64.60547637939453,-66.40789794921875,1
That dancer wasn't revealing what some guy will lift.,That dancer wasn't revealing that some guy will lift.,syntax,filler_gap_dependency,wh_vs_that_with_gap,True,False,False,False,309,-73.66098022460938,-73.06161499023438,0
Rebecca might figure out who some girl boasts about.,Rebecca might figure out that some girl boasts about.,syntax,filler_gap_dependency,wh_vs_that_with_gap,True,False,False,False,310,-66.27964782714844,-69.57512664794922,1
Elizabeth concealed who the schools listen to.,Elizabeth concealed that the schools listen to.,syntax,filler_gap_dependency,wh_vs_that_with_gap,True,False,False,False,311,-61.448150634765625,-61.186580657958984,0
Cindy hasn't concealed who these screens haven't scared.,Cindy hasn't concealed that these screens haven't scared.,syntax,filler_gap_dependency,wh_vs_that_with_gap,True,False,False,False,312,-82.85615539550781,-76.78630065917969,0
Katherine had revealed what these women drop by.,Katherine had revealed that these women drop by.,syntax,filler_gap_dependency,wh_vs_that_with_gap,True,False,False,False,313,-67.52515411376953,-64.68555450439453,0
Edward hasn't figured out who guys might complain about.,Edward hasn't figured out that guys might complain about.,syntax,filler_gap_dependency,wh_vs_that_with_gap,True,False,False,False,314,-61.49103546142578,-67.10528564453125,1
A lot of pedestrians figure out who some offspring had sounded like.,A lot of pedestrians figure out that some offspring had sounded like.,syntax,filler_gap_dependency,wh_vs_that_with_gap,True,False,False,False,315,-75.52976989746094,-80.60060119628906,1
Edward hasn't revealed what every driver hasn't resembled.,Edward hasn't revealed that every driver hasn't resembled.,syntax,filler_gap_dependency,wh_vs_that_with_gap,True,False,False,False,316,-69.12442016601562,-75.16230010986328,1
Ella discovers what that boy is lifting.,Ella discovers that that boy is lifting.,syntax,filler_gap_dependency,wh_vs_that_with_gap,True,False,False,False,317,-54.39052963256836,-58.83253479003906,1
Gregory forgets who those people worked with.,Gregory forgets that those people worked with.,syntax,filler_gap_dependency,wh_vs_that_with_gap,True,False,False,False,318,-53.29021453857422,-59.353309631347656,1
Joseph was learning what some lady went to.,Joseph was learning that some lady went to.,syntax,filler_gap_dependency,wh_vs_that_with_gap,True,False,False,False,319,-61.248504638671875,-59.75192642211914,0
Some senators know who a man admires.,Some senators know that a man admires.,syntax,filler_gap_dependency,wh_vs_that_with_gap,True,False,False,False,320,-54.394775390625,-57.231807708740234,1
Melinda remembers who the hats would scare.,Melinda remembers that the hats would scare.,syntax,filler_gap_dependency,wh_vs_that_with_gap,True,False,False,False,321,-61.85076141357422,-60.43925476074219,0
Laurie conceals who some students can't disagree with.,Laurie conceals that some students can't disagree with.,syntax,filler_gap_dependency,wh_vs_that_with_gap,True,False,False,False,322,-69.95193481445312,-69.20599365234375,0
Winston Churchill can figure out who these waiters had cared for.,Winston Churchill can figure out that these waiters had cared for.,syntax,filler_gap_dependency,wh_vs_that_with_gap,True,False,False,False,323,-79.62096405029297,-85.5334701538086,1
Becky doesn't remember what some waitress conceals.,Becky doesn't remember that some waitress conceals.,syntax,filler_gap_dependency,wh_vs_that_with_gap,True,False,False,False,324,-65.0986328125,-69.8428955078125,1
Stephen should forget what offspring weren't examining.,Stephen should forget that offspring weren't examining.,syntax,filler_gap_dependency,wh_vs_that_with_gap,True,False,False,False,325,-74.43568420410156,-71.13795471191406,0
The people hadn't forgotten who those teenagers care for.,The people hadn't forgotten that those teenagers care for.,syntax,filler_gap_dependency,wh_vs_that_with_gap,True,False,False,False,326,-58.518409729003906,-68.01570892333984,1
That government is finding out what some patient lifts.,That government is finding out that some patient lifts.,syntax,filler_gap_dependency,wh_vs_that_with_gap,True,False,False,False,327,-66.69219207763672,-64.66080474853516,0
A lot of actresses figure out who those teenagers haven't cured.,A lot of actresses figure out that those teenagers haven't cured.,syntax,filler_gap_dependency,wh_vs_that_with_gap,True,False,False,False,328,-74.31689453125,-72.09719848632812,0
These actresses found out what some waitress admires.,These actresses found out that some waitress admires.,syntax,filler_gap_dependency,wh_vs_that_with_gap,True,False,False,False,329,-63.91828155517578,-67.24994659423828,1
Kirsten was learning who a lot of children return to.,Kirsten was learning that a lot of children return to.,syntax,filler_gap_dependency,wh_vs_that_with_gap,True,False,False,False,330,-70.10755157470703,-67.12673950195312,0
Some doctor wasn't discovering who many waitresses admired.,Some doctor wasn't discovering that many waitresses admired.,syntax,filler_gap_dependency,wh_vs_that_with_gap,True,False,False,False,331,-87.22901916503906,-83.13895416259766,0
The Clintons find out what every man admires.,The Clintons find out that every man admires.,syntax,filler_gap_dependency,wh_vs_that_with_gap,True,False,False,False,332,-53.08289337158203,-58.12430953979492,1
Those children discovered who most doctors are firing.,Those children discovered that most doctors are firing.,syntax,filler_gap_dependency,wh_vs_that_with_gap,True,False,False,False,333,-69.44979858398438,-61.94443893432617,0
Gregory doesn't figure out who a lot of guests haven't referenced.,Gregory doesn't figure out that a lot of guests haven't referenced.,syntax,filler_gap_dependency,wh_vs_that_with_gap,True,False,False,False,334,-75.12100982666016,-76.17201232910156,1
A lot of governments figure out who the guest cures.,A lot of governments figure out that the guest cures.,syntax,filler_gap_dependency,wh_vs_that_with_gap,True,False,False,False,335,-60.154014587402344,-62.99188232421875,1
All schools forget who these children fire.,All schools forget that these children fire.,syntax,filler_gap_dependency,wh_vs_that_with_gap,True,False,False,False,336,-57.26799774169922,-58.62098693847656,1
Some actress figured out who a lot of patients complain about.,Some actress figured out that a lot of patients complain about.,syntax,filler_gap_dependency,wh_vs_that_with_gap,True,False,False,False,337,-68.74419403076172,-68.65074157714844,0
This driver hasn't known who this guy conceals.,This driver hasn't known that this guy conceals.,syntax,filler_gap_dependency,wh_vs_that_with_gap,True,False,False,False,338,-59.37872314453125,-64.0521240234375,1
Those students discover who some offspring work with.,Those students discover that some offspring work with.,syntax,filler_gap_dependency,wh_vs_that_with_gap,True,False,False,False,339,-65.1768569946289,-64.23759460449219,0
Carmen had known what doctors haven't lifted.,Carmen had known that doctors haven't lifted.,syntax,filler_gap_dependency,wh_vs_that_with_gap,True,False,False,False,340,-68.08694458007812,-65.22863006591797,0
A lot of teenagers knew what the customers bike to.,A lot of teenagers knew that the customers bike to.,syntax,filler_gap_dependency,wh_vs_that_with_gap,True,False,False,False,341,-67.9824447631836,-68.21705627441406,1
Stacey doesn't realize what every actress goes to.,Stacey doesn't realize that every actress goes to.,syntax,filler_gap_dependency,wh_vs_that_with_gap,True,False,False,False,342,-58.876556396484375,-61.41647720336914,1
Sonia was realizing who some waitresses were escaping from.,Sonia was realizing that some waitresses were escaping from.,syntax,filler_gap_dependency,wh_vs_that_with_gap,True,False,False,False,343,-74.42152404785156,-67.04156494140625,0
Lissa isn't finding out who a government wasn't talking to.,Lissa isn't finding out that a government wasn't talking to.,syntax,filler_gap_dependency,wh_vs_that_with_gap,True,False,False,False,344,-70.6343002319336,-74.60054016113281,1
A lot of adults forget what these children weren't revealing.,A lot of adults forget that these children weren't revealing.,syntax,filler_gap_dependency,wh_vs_that_with_gap,True,False,False,False,345,-66.10887145996094,-65.13064575195312,0
Charles realizes what every waiter arrives at.,Charles realizes that every waiter arrives at.,syntax,filler_gap_dependency,wh_vs_that_with_gap,True,False,False,False,346,-54.145721435546875,-56.92066955566406,1
Melanie is forgetting what a lot of offspring haven't gone to.,Melanie is forgetting that a lot of offspring haven't gone to.,syntax,filler_gap_dependency,wh_vs_that_with_gap,True,False,False,False,347,-74.38916015625,-73.07557678222656,0
Many guests find out what some cashier wore.,Many guests find out that some cashier wore.,syntax,filler_gap_dependency,wh_vs_that_with_gap,True,False,False,False,348,-62.58564376831055,-67.43427276611328,1
Melinda isn't figuring out what offspring examine.,Melinda isn't figuring out that offspring examine.,syntax,filler_gap_dependency,wh_vs_that_with_gap,True,False,False,False,349,-64.57218933105469,-66.73140716552734,1
That library can figure out what some candle has resembled.,That library can figure out that some candle has resembled.,syntax,filler_gap_dependency,wh_vs_that_with_gap,True,False,False,False,350,-75.51229858398438,-79.54061889648438,1
Those cashiers forget who this offspring fires.,Those cashiers forget that this offspring fires.,syntax,filler_gap_dependency,wh_vs_that_with_gap,True,False,False,False,351,-69.79845428466797,-70.64700317382812,1
Judy hadn't investigated who some government shouldn't reference.,Judy hadn't investigated that some government shouldn't reference.,syntax,filler_gap_dependency,wh_vs_that_with_gap,True,False,False,False,352,-76.97064208984375,-80.75653076171875,1
David hasn't discovered who men cured.,David hasn't discovered that men cured.,syntax,filler_gap_dependency,wh_vs_that_with_gap,True,False,False,False,353,-60.05498123168945,-59.58012771606445,0
A lot of cashiers learn who the man has talked about.,A lot of cashiers learn that the man has talked about.,syntax,filler_gap_dependency,wh_vs_that_with_gap,True,False,False,False,354,-64.12388610839844,-68.73028564453125,1
Theresa did know what these children drop by.,Theresa did know that these children drop by.,syntax,filler_gap_dependency,wh_vs_that_with_gap,True,False,False,False,355,-64.26045989990234,-59.76992416381836,0
Those ladies haven't forgotten who a fish will scare.,Those ladies haven't forgotten that a fish will scare.,syntax,filler_gap_dependency,wh_vs_that_with_gap,True,False,False,False,356,-67.21650695800781,-63.35758972167969,0
Lori can't learn what some waitresses haven't concealed.,Lori can't learn that some waitresses haven't concealed.,syntax,filler_gap_dependency,wh_vs_that_with_gap,True,False,False,False,357,-73.0311279296875,-75.10211181640625,1
Katherine knows who the associations can't fire.,Katherine knows that the associations can't fire.,syntax,filler_gap_dependency,wh_vs_that_with_gap,True,False,False,False,358,-69.71734619140625,-63.634552001953125,0
Sarah can realize who the offspring cured.,Sarah can realize that the offspring cured.,syntax,filler_gap_dependency,wh_vs_that_with_gap,True,False,False,False,359,-67.43782043457031,-64.45822143554688,0
James was investigating what the boys haven't worn.,James was investigating that the boys haven't worn.,syntax,filler_gap_dependency,wh_vs_that_with_gap,True,False,False,False,360,-60.653533935546875,-64.43730163574219,1
All drivers hadn't remembered what a girl concealed.,All drivers hadn't remembered that a girl concealed.,syntax,filler_gap_dependency,wh_vs_that_with_gap,True,False,False,False,361,-70.62960815429688,-71.17335510253906,1
Some patients learn who every girl can listen to.,Some patients learn that every girl can listen to.,syntax,filler_gap_dependency,wh_vs_that_with_gap,True,False,False,False,362,-59.15690231323242,-57.12226104736328,0
Connie has forgotten who men argue about.,Connie has forgotten that men argue about.,syntax,filler_gap_dependency,wh_vs_that_with_gap,True,False,False,False,363,-61.1181526184082,-61.303321838378906,1
Meredith learned who those customers work with.,Meredith learned that those customers work with.,syntax,filler_gap_dependency,wh_vs_that_with_gap,True,False,False,False,364,-54.77482986450195,-56.6143798828125,1
Carl hasn't investigated who a pedestrian fled from.,Carl hasn't investigated that a pedestrian fled from.,syntax,filler_gap_dependency,wh_vs_that_with_gap,True,False,False,False,365,-70.75017547607422,-76.7750244140625,1
Ann finds out who every book would disagree with.,Ann finds out that every book would disagree with.,syntax,filler_gap_dependency,wh_vs_that_with_gap,True,False,False,False,366,-64.931640625,-63.52899169921875,0
The teacher hasn't discovered who girls don't disagree with.,The teacher hasn't discovered that girls don't disagree with.,syntax,filler_gap_dependency,wh_vs_that_with_gap,True,False,False,False,367,-65.05581665039062,-67.62492370605469,1
Those associations reveal what these schools could admire.,Those associations reveal that these schools could admire.,syntax,filler_gap_dependency,wh_vs_that_with_gap,True,False,False,False,368,-63.53987121582031,-69.32801818847656,1
Andrea remembered who the senator wasn't escaping from.,Andrea remembered that the senator wasn't escaping from.,syntax,filler_gap_dependency,wh_vs_that_with_gap,True,False,False,False,369,-69.83846282958984,-65.26332092285156,0
All schools hadn't found out who the associations conceal.,All schools hadn't found out that the associations conceal.,syntax,filler_gap_dependency,wh_vs_that_with_gap,True,False,False,False,370,-74.51425170898438,-76.08403778076172,1
Dan was forgetting who many cars weren't scaring.,Dan was forgetting that many cars weren't scaring.,syntax,filler_gap_dependency,wh_vs_that_with_gap,True,False,False,False,371,-72.86219787597656,-65.88740539550781,0
All girls conceal what an alumnus wouldn't arrive at.,All girls conceal that an alumnus wouldn't arrive at.,syntax,filler_gap_dependency,wh_vs_that_with_gap,True,False,False,False,372,-79.71431732177734,-83.15113067626953,1
Tanya could figure out what a lot of dancers drive to.,Tanya could figure out that a lot of dancers drive to.,syntax,filler_gap_dependency,wh_vs_that_with_gap,True,False,False,False,373,-72.23478698730469,-75.12278747558594,1
Heidi investigated who this driver hadn't disliked.,Heidi investigated that this driver hadn't disliked.,syntax,filler_gap_dependency,wh_vs_that_with_gap,True,False,False,False,374,-69.81945037841797,-71.85723114013672,1
Some boy learned who this adult doesn't admire.,Some boy learned that this adult doesn't admire.,syntax,filler_gap_dependency,wh_vs_that_with_gap,True,False,False,False,375,-70.39225006103516,-71.85823059082031,1
These customers conceal what those waiters go to.,These customers conceal that those waiters go to.,syntax,filler_gap_dependency,wh_vs_that_with_gap,True,False,False,False,376,-73.92980194091797,-74.47288513183594,1
Every university knows who this play will sound like.,Every university knows that this play will sound like.,syntax,filler_gap_dependency,wh_vs_that_with_gap,True,False,False,False,377,-55.34637451171875,-60.93531799316406,1
The teenagers remember who theses did reference.,The teenagers remember that theses did reference.,syntax,filler_gap_dependency,wh_vs_that_with_gap,True,False,False,False,378,-72.27024841308594,-68.51898193359375,0
Stephanie conceals who all doctors had talked to.,Stephanie conceals that all doctors had talked to.,syntax,filler_gap_dependency,wh_vs_that_with_gap,True,False,False,False,379,-69.29216766357422,-67.12967681884766,0
Tonya might figure out who that man was admiring.,Tonya might figure out that that man was admiring.,syntax,filler_gap_dependency,wh_vs_that_with_gap,True,False,False,False,380,-65.51547241210938,-69.32521057128906,1
Stacey hadn't discovered who these boys hadn't cured.,Stacey hadn't discovered that these boys hadn't cured.,syntax,filler_gap_dependency,wh_vs_that_with_gap,True,False,False,False,381,-73.05906677246094,-68.66687774658203,0
Randolf discovers what the cashier is dropping by.,Randolf discovers that the cashier is dropping by.,syntax,filler_gap_dependency,wh_vs_that_with_gap,True,False,False,False,382,-63.27347183227539,-61.263160705566406,0
Alice hasn't discovered who a guest escaped from.,Alice hasn't discovered that a guest escaped from.,syntax,filler_gap_dependency,wh_vs_that_with_gap,True,False,False,False,383,-59.85282897949219,-62.486812591552734,1
Banks find out what these sketches look like.,Banks find out that these sketches look like.,syntax,filler_gap_dependency,wh_vs_that_with_gap,True,False,False,False,384,-51.27227783203125,-62.78050231933594,1
Many actresses did know what those guys arrive at.,Many actresses did know that those guys arrive at.,syntax,filler_gap_dependency,wh_vs_that_with_gap,True,False,False,False,385,-73.66088104248047,-76.37822723388672,1
The Impressionists know what the government dislikes.,The Impressionists know that the government dislikes.,syntax,filler_gap_dependency,wh_vs_that_with_gap,True,False,False,False,386,-54.489845275878906,-58.05083084106445,1
Kirsten remembers what doctors walked through.,Kirsten remembers that doctors walked through.,syntax,filler_gap_dependency,wh_vs_that_with_gap,True,False,False,False,387,-55.62713623046875,-56.744361877441406,1
Rhonda figures out who some doctor fled from.,Rhonda figures out that some doctor fled from.,syntax,filler_gap_dependency,wh_vs_that_with_gap,True,False,False,False,388,-66.09445190429688,-67.94993591308594,1
Marcus wasn't realizing what a lot of children talked about.,Marcus wasn't realizing that a lot of children talked about.,syntax,filler_gap_dependency,wh_vs_that_with_gap,True,False,False,False,389,-60.92985916137695,-67.40705871582031,1
Carrie shouldn't discover who that actor returns to.,Carrie shouldn't discover that that actor returns to.,syntax,filler_gap_dependency,wh_vs_that_with_gap,True,False,False,False,390,-72.20979309082031,-76.89427947998047,1
William could remember what most customers walk through.,William could remember that most customers walk through.,syntax,filler_gap_dependency,wh_vs_that_with_gap,True,False,False,False,391,-62.73592758178711,-65.69111633300781,1
That boy hadn't realized who the senator conceals.,That boy hadn't realized that the senator conceals.,syntax,filler_gap_dependency,wh_vs_that_with_gap,True,False,False,False,392,-65.28082275390625,-67.40316772460938,1
Sarah realizes who those legislatures did talk about.,Sarah realizes that those legislatures did talk about.,syntax,filler_gap_dependency,wh_vs_that_with_gap,True,False,False,False,393,-65.00942993164062,-65.40596008300781,1
Gerald had concealed who some actors boast about.,Gerald had concealed that some actors boast about.,syntax,filler_gap_dependency,wh_vs_that_with_gap,True,False,False,False,394,-72.887451171875,-73.65399932861328,1
Those pedestrians have discovered who a lot of teenagers flee from.,Those pedestrians have discovered that a lot of teenagers flee from.,syntax,filler_gap_dependency,wh_vs_that_with_gap,True,False,False,False,395,-75.47605895996094,-71.33749389648438,0
Stephanie hadn't learned what most men weren't going to.,Stephanie hadn't learned that most men weren't going to.,syntax,filler_gap_dependency,wh_vs_that_with_gap,True,False,False,False,396,-63.1623649597168,-59.642066955566406,0
Those people realize who most teachers hadn't sounded like.,Those people realize that most teachers hadn't sounded like.,syntax,filler_gap_dependency,wh_vs_that_with_gap,True,False,False,False,397,-72.39234161376953,-70.732666015625,0
Alice remembered what some cashier hasn't walked through.,Alice remembered that some cashier hasn't walked through.,syntax,filler_gap_dependency,wh_vs_that_with_gap,True,False,False,False,398,-74.69346618652344,-75.12332153320312,1
The Clintons discover who this woman disagrees with.,The Clintons discover that this woman disagrees with.,syntax,filler_gap_dependency,wh_vs_that_with_gap,True,False,False,False,399,-54.311187744140625,-57.569374084472656,1
Those universities forget what most men lift.,Those universities forget that most men lift.,syntax,filler_gap_dependency,wh_vs_that_with_gap,True,False,False,False,400,-63.14891052246094,-62.45225524902344,0
That dancer realizes what this rug won't resemble.,That dancer realizes that this rug won't resemble.,syntax,filler_gap_dependency,wh_vs_that_with_gap,True,False,False,False,401,-68.5169677734375,-71.6731185913086,1
Margaret will discover who the children have listened to.,Margaret will discover that the children have listened to.,syntax,filler_gap_dependency,wh_vs_that_with_gap,True,False,False,False,402,-60.54261016845703,-60.8935546875,1
Linda hasn't investigated what these art galleries resemble.,Linda hasn't investigated that these art galleries resemble.,syntax,filler_gap_dependency,wh_vs_that_with_gap,True,False,False,False,403,-69.58370971679688,-75.444091796875,1
The customer hadn't remembered what all waitresses admired.,The customer hadn't remembered that all waitresses admired.,syntax,filler_gap_dependency,wh_vs_that_with_gap,True,False,False,False,404,-69.58364868164062,-76.10686492919922,1
The bank was concealing what the waiters haven't walked through.,The bank was concealing that the waiters haven't walked through.,syntax,filler_gap_dependency,wh_vs_that_with_gap,True,False,False,False,405,-71.74742126464844,-74.16446685791016,1
Samantha is figuring out who every library shouldn't reference.,Samantha is figuring out that every library shouldn't reference.,syntax,filler_gap_dependency,wh_vs_that_with_gap,True,False,False,False,406,-70.1864013671875,-72.89533996582031,1
Some associations learn what that cashier was arriving at.,Some associations learn that that cashier was arriving at.,syntax,filler_gap_dependency,wh_vs_that_with_gap,True,False,False,False,407,-74.77973937988281,-79.59426879882812,1
Ella was concealing what that lady had arrived at.,Ella was concealing that that lady had arrived at.,syntax,filler_gap_dependency,wh_vs_that_with_gap,True,False,False,False,408,-63.45189666748047,-69.75423431396484,1
Kimberley learned what most waiters drove to.,Kimberley learned that most waiters drove to.,syntax,filler_gap_dependency,wh_vs_that_with_gap,True,False,False,False,409,-68.84413146972656,-67.75523376464844,0
Valerie hadn't concealed who this actor wasn't returning to.,Valerie hadn't concealed that this actor wasn't returning to.,syntax,filler_gap_dependency,wh_vs_that_with_gap,True,False,False,False,410,-78.97358703613281,-78.5698471069336,0
Most organizations reveal who the drivers worked with.,Most organizations reveal that the drivers worked with.,syntax,filler_gap_dependency,wh_vs_that_with_gap,True,False,False,False,411,-55.80817794799805,-58.7236442565918,1
This teacher concealed what many doctors weren't admiring.,This teacher concealed that many doctors weren't admiring.,syntax,filler_gap_dependency,wh_vs_that_with_gap,True,False,False,False,412,-71.8289794921875,-71.16146850585938,0
Cindy can know who some government has concealed.,Cindy can know that some government has concealed.,syntax,filler_gap_dependency,wh_vs_that_with_gap,True,False,False,False,413,-67.05645751953125,-67.81082153320312,1
A lot of governments find out who some mouth scares.,A lot of governments find out that some mouth scares.,syntax,filler_gap_dependency,wh_vs_that_with_gap,True,False,False,False,414,-71.95146179199219,-69.26154327392578,0
Those dancers figure out who a lot of fish scared.,Those dancers figure out that a lot of fish scared.,syntax,filler_gap_dependency,wh_vs_that_with_gap,True,False,False,False,415,-71.25984954833984,-68.35977935791016,0
Nicole found out what many actors wear.,Nicole found out that many actors wear.,syntax,filler_gap_dependency,wh_vs_that_with_gap,True,False,False,False,416,-55.93488311767578,-60.141502380371094,1
Some woman remembers who some women complained about.,Some woman remembers that some women complained about.,syntax,filler_gap_dependency,wh_vs_that_with_gap,True,False,False,False,417,-57.3331298828125,-59.51906204223633,1
Aaron conceals who these students flee from.,Aaron conceals that these students flee from.,syntax,filler_gap_dependency,wh_vs_that_with_gap,True,False,False,False,418,-63.59877014160156,-64.961181640625,1
These adults investigate who all alumni listen to.,These adults investigate that all alumni listen to.,syntax,filler_gap_dependency,wh_vs_that_with_gap,True,False,False,False,419,-69.64403533935547,-75.13919830322266,1
Jane remembered what these jackets looked like.,Jane remembered that these jackets looked like.,syntax,filler_gap_dependency,wh_vs_that_with_gap,True,False,False,False,420,-49.81287384033203,-57.59535598754883,1
Sally might realize who some girl admires.,Sally might realize that some girl admires.,syntax,filler_gap_dependency,wh_vs_that_with_gap,True,False,False,False,421,-64.35881042480469,-62.225990295410156,0
Some teenager realized who most companies fired.,Some teenager realized that most companies fired.,syntax,filler_gap_dependency,wh_vs_that_with_gap,True,False,False,False,422,-68.9267349243164,-63.284767150878906,0
George wasn't investigating who most people boast about.,George wasn't investigating that most people boast about.,syntax,filler_gap_dependency,wh_vs_that_with_gap,True,False,False,False,423,-65.73678588867188,-65.42361450195312,0
The Borgias hadn't figured out who libraries argue about.,The Borgias hadn't figured out that libraries argue about.,syntax,filler_gap_dependency,wh_vs_that_with_gap,True,False,False,False,424,-79.26918029785156,-77.31986236572266,0
Actors reveal who most senators cure.,Actors reveal that most senators cure.,syntax,filler_gap_dependency,wh_vs_that_with_gap,True,False,False,False,425,-64.99723052978516,-61.146270751953125,0
Tina found out what every person does arrive at.,Tina found out that every person does arrive at.,syntax,filler_gap_dependency,wh_vs_that_with_gap,True,False,False,False,426,-63.60974884033203,-66.75472259521484,1
Kimberley wasn't investigating who every actor fires.,Kimberley wasn't investigating that every actor fires.,syntax,filler_gap_dependency,wh_vs_that_with_gap,True,False,False,False,427,-73.80064392089844,-75.31548309326172,1
Those boys discover who the cashiers find.,Those boys discover that the cashiers find.,syntax,filler_gap_dependency,wh_vs_that_with_gap,True,False,False,False,428,-60.933433532714844,-62.67028045654297,1
All cashiers are remembering who most horses would find.,All cashiers are remembering that most horses would find.,syntax,filler_gap_dependency,wh_vs_that_with_gap,True,False,False,False,429,-80.52061462402344,-79.461181640625,0
Marcus forgot who the pedestrians return to.,Marcus forgot that the pedestrians return to.,syntax,filler_gap_dependency,wh_vs_that_with_gap,True,False,False,False,430,-62.35413360595703,-65.60883331298828,1
Most teachers know who some waitresses disagree with.,Most teachers know that some waitresses disagree with.,syntax,filler_gap_dependency,wh_vs_that_with_gap,True,False,False,False,431,-61.441734313964844,-63.004432678222656,1
Many schools realize who those museums shouldn't reference.,Many schools realize that those museums shouldn't reference.,syntax,filler_gap_dependency,wh_vs_that_with_gap,True,False,False,False,432,-75.9361572265625,-71.48306274414062,0
Dennis will investigate what some person is concealing.,Dennis will investigate that some person is concealing.,syntax,filler_gap_dependency,wh_vs_that_with_gap,True,False,False,False,433,-64.30901336669922,-64.18878936767578,0
Vanessa isn't figuring out what this person examines.,Vanessa isn't figuring out that this person examines.,syntax,filler_gap_dependency,wh_vs_that_with_gap,True,False,False,False,434,-58.56452941894531,-66.39747619628906,1
That person realizes what most boys could sound like.,That person realizes that most boys could sound like.,syntax,filler_gap_dependency,wh_vs_that_with_gap,True,False,False,False,435,-63.7154541015625,-68.60247802734375,1
Tanya figures out who some guys are fleeing from.,Tanya figures out that some guys are fleeing from.,syntax,filler_gap_dependency,wh_vs_that_with_gap,True,False,False,False,436,-61.41712951660156,-63.386497497558594,1
Melinda didn't conceal what the child arrives at.,Melinda didn't conceal that the child arrives at.,syntax,filler_gap_dependency,wh_vs_that_with_gap,True,False,False,False,437,-66.38948822021484,-69.90092468261719,1
Those legislatures forget what men dislike.,Those legislatures forget that men dislike.,syntax,filler_gap_dependency,wh_vs_that_with_gap,True,False,False,False,438,-58.16810607910156,-59.792198181152344,1
Omar forgets what a man hadn't gone to.,Omar forgets that a man hadn't gone to.,syntax,filler_gap_dependency,wh_vs_that_with_gap,True,False,False,False,439,-62.67056655883789,-64.42707061767578,1
Nancy was revealing what some bank can't scare.,Nancy was revealing that some bank can't scare.,syntax,filler_gap_dependency,wh_vs_that_with_gap,True,False,False,False,440,-72.5403060913086,-70.9266357421875,0
A waitress was realizing who some guy hasn't worked with.,A waitress was realizing that some guy hasn't worked with.,syntax,filler_gap_dependency,wh_vs_that_with_gap,True,False,False,False,441,-69.66727447509766,-68.91920471191406,0
Some person wasn't revealing who a lot of ladies referenced.,Some person wasn't revealing that a lot of ladies referenced.,syntax,filler_gap_dependency,wh_vs_that_with_gap,True,False,False,False,442,-77.99325561523438,-77.32057189941406,0
Charles conceals what some alumnus arrived at.,Charles conceals that some alumnus arrived at.,syntax,filler_gap_dependency,wh_vs_that_with_gap,True,False,False,False,443,-71.34141540527344,-75.24169921875,1
Adults figure out who that deer has found.,Adults figure out that that deer has found.,syntax,filler_gap_dependency,wh_vs_that_with_gap,True,False,False,False,444,-62.00507354736328,-66.25312042236328,1
Holly was realizing what some actresses drive to.,Holly was realizing that some actresses drive to.,syntax,filler_gap_dependency,wh_vs_that_with_gap,True,False,False,False,445,-70.6078872680664,-69.78912353515625,0
All hospitals found out who these doctors would like.,All hospitals found out that these doctors would like.,syntax,filler_gap_dependency,wh_vs_that_with_gap,True,False,False,False,446,-61.30348205566406,-67.34783172607422,1
That government has known what the actor walks through.,That government has known that the actor walks through.,syntax,filler_gap_dependency,wh_vs_that_with_gap,True,False,False,False,447,-66.33270263671875,-67.333984375,1
Leslie can figure out who that offspring hadn't sounded like.,Leslie can figure out that that offspring hadn't sounded like.,syntax,filler_gap_dependency,wh_vs_that_with_gap,True,False,False,False,448,-73.67962646484375,-84.8315658569336,1
Candice conceals who most boys can't care for.,Candice conceals that most boys can't care for.,syntax,filler_gap_dependency,wh_vs_that_with_gap,True,False,False,False,449,-69.58760833740234,-66.24076843261719,0
The Clintons figured out who an adult hadn't found.,The Clintons figured out that an adult hadn't found.,syntax,filler_gap_dependency,wh_vs_that_with_gap,True,False,False,False,450,-65.00540161132812,-65.63416290283203,1
Randolf shouldn't investigate who this jacket scared.,Randolf shouldn't investigate that this jacket scared.,syntax,filler_gap_dependency,wh_vs_that_with_gap,True,False,False,False,451,-75.67459106445312,-74.65693664550781,0
Carl has known who a lot of alumni aren't returning to.,Carl has known that a lot of alumni aren't returning to.,syntax,filler_gap_dependency,wh_vs_that_with_gap,True,False,False,False,452,-78.18428039550781,-70.93624114990234,0
That hospital hasn't concealed who every person fired.,That hospital hasn't concealed that every person fired.,syntax,filler_gap_dependency,wh_vs_that_with_gap,True,False,False,False,453,-72.85447692871094,-71.08380126953125,0
Monet hadn't found out who this teenager isn't working with.,Monet hadn't found out that this teenager isn't working with.,syntax,filler_gap_dependency,wh_vs_that_with_gap,True,False,False,False,454,-68.03034210205078,-72.22724914550781,1
Steve knows what every child should go to.,Steve knows that every child should go to.,syntax,filler_gap_dependency,wh_vs_that_with_gap,True,False,False,False,455,-47.17478942871094,-49.590980529785156,1
A man reveals who this waiter hadn't scared.,A man reveals that this waiter hadn't scared.,syntax,filler_gap_dependency,wh_vs_that_with_gap,True,False,False,False,456,-66.72949981689453,-70.59156036376953,1
Amanda discovers what most adults examined.,Amanda discovers that most adults examined.,syntax,filler_gap_dependency,wh_vs_that_with_gap,True,False,False,False,457,-58.71408462524414,-61.169776916503906,1
Most museums investigate what the vases haven't resembled.,Most museums investigate that the vases haven't resembled.,syntax,filler_gap_dependency,wh_vs_that_with_gap,True,False,False,False,458,-72.03810119628906,-78.60513305664062,1
Frank learns what the adults arrived at.,Frank learns that the adults arrived at.,syntax,filler_gap_dependency,wh_vs_that_with_gap,True,False,False,False,459,-52.4731330871582,-57.18068313598633,1
Homer conceals who a boy fled from.,Homer conceals that a boy fled from.,syntax,filler_gap_dependency,wh_vs_that_with_gap,True,False,False,False,460,-66.04147338867188,-61.65562438964844,0
Many customers discover what the patient should bike to.,Many customers discover that the patient should bike to.,syntax,filler_gap_dependency,wh_vs_that_with_gap,True,False,False,False,461,-64.17457580566406,-66.86278533935547,1
This lady found out what this vase scares.,This lady found out that this vase scares.,syntax,filler_gap_dependency,wh_vs_that_with_gap,True,False,False,False,462,-60.03120422363281,-57.39057922363281,0
Brett knew what many waiters find.,Brett knew that many waiters find.,syntax,filler_gap_dependency,wh_vs_that_with_gap,True,False,False,False,463,-58.36652374267578,-57.10940170288086,0
Melanie is concealing who a lot of essays had disagreed with.,Melanie is concealing that a lot of essays had disagreed with.,syntax,filler_gap_dependency,wh_vs_that_with_gap,True,False,False,False,464,-84.05933380126953,-79.09292602539062,0
Julia might remember who that government hasn't talked to.,Julia might remember that that government hasn't talked to.,syntax,filler_gap_dependency,wh_vs_that_with_gap,True,False,False,False,465,-71.28338623046875,-71.91643524169922,1
These patients know who all pedestrians can scare.,These patients know that all pedestrians can scare.,syntax,filler_gap_dependency,wh_vs_that_with_gap,True,False,False,False,466,-66.3165512084961,-59.584171295166016,0
A man was learning who some offspring boast about.,A man was learning that some offspring boast about.,syntax,filler_gap_dependency,wh_vs_that_with_gap,True,False,False,False,467,-68.34243774414062,-67.33906555175781,0
Amy learned what all men hadn't gone to.,Amy learned that all men hadn't gone to.,syntax,filler_gap_dependency,wh_vs_that_with_gap,True,False,False,False,468,-59.429832458496094,-61.87773132324219,1
Many universities investigate who women escaped from.,Many universities investigate that women escaped from.,syntax,filler_gap_dependency,wh_vs_that_with_gap,True,False,False,False,469,-60.57255935668945,-60.105926513671875,0
Carlos forgot what a patient shouldn't wear.,Carlos forgot that a patient shouldn't wear.,syntax,filler_gap_dependency,wh_vs_that_with_gap,True,False,False,False,470,-56.4766960144043,-63.76788330078125,1
Senators know who actresses will conceal.,Senators know that actresses will conceal.,syntax,filler_gap_dependency,wh_vs_that_with_gap,True,False,False,False,471,-58.264671325683594,-59.01751708984375,1
Donald remembers who most drivers fire.,Donald remembers that most drivers fire.,syntax,filler_gap_dependency,wh_vs_that_with_gap,True,False,False,False,472,-61.36973571777344,-57.21360778808594,0
The school revealed who this waiter was fleeing from.,The school revealed that this waiter was fleeing from.,syntax,filler_gap_dependency,wh_vs_that_with_gap,True,False,False,False,473,-65.34083557128906,-67.94075012207031,1
Those governments figure out who the adults like.,Those governments figure out that the adults like.,syntax,filler_gap_dependency,wh_vs_that_with_gap,True,False,False,False,474,-54.78955841064453,-61.1871337890625,1
Elaine couldn't figure out what the newspaper article resembles.,Elaine couldn't figure out that the newspaper article resembles.,syntax,filler_gap_dependency,wh_vs_that_with_gap,True,False,False,False,475,-57.618377685546875,-65.92230224609375,1
The waiters remember who many students are returning to.,The waiters remember that many students are returning to.,syntax,filler_gap_dependency,wh_vs_that_with_gap,True,False,False,False,476,-61.75025177001953,-61.46611785888672,0
Vanessa wouldn't find out who that doctor shouldn't conceal.,Vanessa wouldn't find out that that doctor shouldn't conceal.,syntax,filler_gap_dependency,wh_vs_that_with_gap,True,False,False,False,477,-74.56637573242188,-78.98664855957031,1
Nancy forgot what every guy didn't admire.,Nancy forgot that every guy didn't admire.,syntax,filler_gap_dependency,wh_vs_that_with_gap,True,False,False,False,478,-60.74985122680664,-65.91526794433594,1
Becky can't remember who every university talked about.,Becky can't remember that every university talked about.,syntax,filler_gap_dependency,wh_vs_that_with_gap,True,False,False,False,479,-57.67406463623047,-63.78338623046875,1
Russell hasn't discovered who most museums dislike.,Russell hasn't discovered that most museums dislike.,syntax,filler_gap_dependency,wh_vs_that_with_gap,True,False,False,False,480,-63.053524017333984,-65.24541473388672,1
Elaine finds out what the guests had arrived at.,Elaine finds out that the guests had arrived at.,syntax,filler_gap_dependency,wh_vs_that_with_gap,True,False,False,False,481,-55.42169189453125,-60.372962951660156,1
Many drivers forgot who a lot of schools boast about.,Many drivers forgot that a lot of schools boast about.,syntax,filler_gap_dependency,wh_vs_that_with_gap,True,False,False,False,482,-69.5960693359375,-70.80821228027344,1
These pedestrians conceal who some teacher did dislike.,These pedestrians conceal that some teacher did dislike.,syntax,filler_gap_dependency,wh_vs_that_with_gap,True,False,False,False,483,-82.14522552490234,-81.0694808959961,0
A university wasn't figuring out what a lot of actors admire.,A university wasn't figuring out that a lot of actors admire.,syntax,filler_gap_dependency,wh_vs_that_with_gap,True,False,False,False,484,-70.21212768554688,-77.55926513671875,1
Anne did figure out who the woman hadn't admired.,Anne did figure out that the woman hadn't admired.,syntax,filler_gap_dependency,wh_vs_that_with_gap,True,False,False,False,485,-63.285282135009766,-63.30960464477539,1
Eric hasn't figured out what these senators are wearing.,Eric hasn't figured out that these senators are wearing.,syntax,filler_gap_dependency,wh_vs_that_with_gap,True,False,False,False,486,-53.90369415283203,-68.7811279296875,1
The Borgias forget what some sketches can't resemble.,The Borgias forget that some sketches can't resemble.,syntax,filler_gap_dependency,wh_vs_that_with_gap,True,False,False,False,487,-76.11766052246094,-75.79922485351562,0
Lawrence had concealed what that cake resembles.,Lawrence had concealed that that cake resembles.,syntax,filler_gap_dependency,wh_vs_that_with_gap,True,False,False,False,488,-66.77442932128906,-73.93069458007812,1
Robert won't know who many synopses have sounded like.,Robert won't know that many synopses have sounded like.,syntax,filler_gap_dependency,wh_vs_that_with_gap,True,False,False,False,489,-68.09194946289062,-72.94448852539062,1
Danielle learns who this teacher conceals.,Danielle learns that this teacher conceals.,syntax,filler_gap_dependency,wh_vs_that_with_gap,True,False,False,False,490,-59.46321105957031,-61.39067077636719,1
Kenneth did realize what all guests can drop by.,Kenneth did realize that all guests can drop by.,syntax,filler_gap_dependency,wh_vs_that_with_gap,True,False,False,False,491,-73.0514144897461,-67.56690979003906,0
Catherine isn't realizing who some patients were complaining about.,Catherine isn't realizing that some patients were complaining about.,syntax,filler_gap_dependency,wh_vs_that_with_gap,True,False,False,False,492,-65.92413330078125,-67.84619140625,1
The adult hadn't remembered who a lady references.,The adult hadn't remembered that a lady references.,syntax,filler_gap_dependency,wh_vs_that_with_gap,True,False,False,False,493,-74.01295471191406,-74.00927734375,0
Gina wasn't revealing who those children have boasted about.,Gina wasn't revealing that those children have boasted about.,syntax,filler_gap_dependency,wh_vs_that_with_gap,True,False,False,False,494,-71.03507995605469,-77.8231201171875,1
Sally finds out who the company works with.,Sally finds out that the company works with.,syntax,filler_gap_dependency,wh_vs_that_with_gap,True,False,False,False,495,-47.792755126953125,-48.60529327392578,1
Most universities know what those actresses wore.,Most universities know that those actresses wore.,syntax,filler_gap_dependency,wh_vs_that_with_gap,True,False,False,False,496,-56.02161407470703,-62.30888748168945,1
Most students aren't investigating who many actors listen to.,Most students aren't investigating that many actors listen to.,syntax,filler_gap_dependency,wh_vs_that_with_gap,True,False,False,False,497,-67.29531860351562,-68.02545166015625,1
Lucille did remember what that girl wasn't boasting about.,Lucille did remember that that girl wasn't boasting about.,syntax,filler_gap_dependency,wh_vs_that_with_gap,True,False,False,False,498,-69.00662231445312,-72.05697631835938,1
Peter conceals who those dancers complain about.,Peter conceals that those dancers complain about.,syntax,filler_gap_dependency,wh_vs_that_with_gap,True,False,False,False,499,-68.3282470703125,-71.2115478515625,1
A patient isn't finding out who some alumnus talks to.,A patient isn't finding out that some alumnus talks to.,syntax,filler_gap_dependency,wh_vs_that_with_gap,True,False,False,False,500,-71.32901763916016,-78.2583236694336,1
That teenager could investigate what this guest likes.,That teenager could investigate that this guest likes.,syntax,filler_gap_dependency,wh_vs_that_with_gap,True,False,False,False,501,-69.97782897949219,-76.09483337402344,1
The Borgias conceal who a lot of dancers sounded like.,The Borgias conceal that a lot of dancers sounded like.,syntax,filler_gap_dependency,wh_vs_that_with_gap,True,False,False,False,502,-78.64873504638672,-77.58114624023438,0
Carrie has discovered who the patient is admiring.,Carrie has discovered that the patient is admiring.,syntax,filler_gap_dependency,wh_vs_that_with_gap,True,False,False,False,503,-62.426719665527344,-59.19963836669922,0
That hospital realizes what this guy might bike to.,That hospital realizes that this guy might bike to.,syntax,filler_gap_dependency,wh_vs_that_with_gap,True,False,False,False,504,-67.6729736328125,-69.34858703613281,1
The associations investigate what these hospitals admire.,The associations investigate that these hospitals admire.,syntax,filler_gap_dependency,wh_vs_that_with_gap,True,False,False,False,505,-61.09446716308594,-69.17965698242188,1
All children realize what many girls can't look like.,All children realize that many girls can't look like.,syntax,filler_gap_dependency,wh_vs_that_with_gap,True,False,False,False,506,-61.71953582763672,-63.52045822143555,1
Christine doesn't investigate who some report sounded like.,Christine doesn't investigate that some report sounded like.,syntax,filler_gap_dependency,wh_vs_that_with_gap,True,False,False,False,507,-70.67425537109375,-76.57003784179688,1
Some libraries aren't revealing who many teachers reveal.,Some libraries aren't revealing that many teachers reveal.,syntax,filler_gap_dependency,wh_vs_that_with_gap,True,False,False,False,508,-65.91868591308594,-67.44033813476562,1
Matt figures out what a lot of cups look like.,Matt figures out that a lot of cups look like.,syntax,filler_gap_dependency,wh_vs_that_with_gap,True,False,False,False,509,-52.241981506347656,-62.96123504638672,1
Chad did remember who those children respect.,Chad did remember that those children respect.,syntax,filler_gap_dependency,wh_vs_that_with_gap,True,False,False,False,510,-66.97259521484375,-65.79434204101562,0
Steve discovers what the rice looks like.,Steve discovers that the rice looks like.,syntax,filler_gap_dependency,wh_vs_that_with_gap,True,False,False,False,511,-47.07374572753906,-56.22992706298828,1
Those drivers remember who the drawing looks like.,Those drivers remember that the drawing looks like.,syntax,filler_gap_dependency,wh_vs_that_with_gap,True,False,False,False,512,-53.52009582519531,-59.28492736816406,1
Scott remembers who these waitresses disagree with.,Scott remembers that these waitresses disagree with.,syntax,filler_gap_dependency,wh_vs_that_with_gap,True,False,False,False,513,-58.060829162597656,-62.76192855834961,1
Those pedestrians forget who dancers will dislike.,Those pedestrians forget that dancers will dislike.,syntax,filler_gap_dependency,wh_vs_that_with_gap,True,False,False,False,514,-71.09718322753906,-68.8239974975586,0
Todd reveals who the women boast about.,Todd reveals that the women boast about.,syntax,filler_gap_dependency,wh_vs_that_with_gap,True,False,False,False,515,-54.419639587402344,-57.18071365356445,1
Those senators learn who actors weren't referencing.,Those senators learn that actors weren't referencing.,syntax,filler_gap_dependency,wh_vs_that_with_gap,True,False,False,False,516,-73.39649963378906,-71.8914794921875,0
Charles can remember what some boys find.,Charles can remember that some boys find.,syntax,filler_gap_dependency,wh_vs_that_with_gap,True,False,False,False,517,-54.07645797729492,-58.222599029541016,1
Kevin does investigate who all associations weren't talking to.,Kevin does investigate that all associations weren't talking to.,syntax,filler_gap_dependency,wh_vs_that_with_gap,True,False,False,False,518,-76.57533264160156,-79.17044067382812,1
Clyde couldn't know who most sketches were looking like.,Clyde couldn't know that most sketches were looking like.,syntax,filler_gap_dependency,wh_vs_that_with_gap,True,False,False,False,519,-72.64238739013672,-73.93939208984375,1
Kirsten was realizing what a teacher does bike to.,Kirsten was realizing that a teacher does bike to.,syntax,filler_gap_dependency,wh_vs_that_with_gap,True,False,False,False,520,-76.75981903076172,-77.3939208984375,1
Some boy can't reveal who a customer escapes from.,Some boy can't reveal that a customer escapes from.,syntax,filler_gap_dependency,wh_vs_that_with_gap,True,False,False,False,521,-72.59298706054688,-76.93533325195312,1
Carla hadn't remembered what a lot of prints didn't look like.,Carla hadn't remembered that a lot of prints didn't look like.,syntax,filler_gap_dependency,wh_vs_that_with_gap,True,False,False,False,522,-71.58401489257812,-79.78376007080078,1
Rachel learns what these cars looked like.,Rachel learns that these cars looked like.,syntax,filler_gap_dependency,wh_vs_that_with_gap,True,False,False,False,523,-51.018165588378906,-57.650054931640625,1
Sonia forgets who most sketches aren't scaring.,Sonia forgets that most sketches aren't scaring.,syntax,filler_gap_dependency,wh_vs_that_with_gap,True,False,False,False,524,-71.7857666015625,-68.59336853027344,0
A lot of drivers reveal who all doctors don't talk about.,A lot of drivers reveal that all doctors don't talk about.,syntax,filler_gap_dependency,wh_vs_that_with_gap,True,False,False,False,525,-69.84861755371094,-67.05052947998047,0
Most actresses investigate what the people dislike.,Most actresses investigate that the people dislike.,syntax,filler_gap_dependency,wh_vs_that_with_gap,True,False,False,False,526,-55.88446044921875,-62.2566032409668,1
Tanya is finding out who a lot of waiters conceal.,Tanya is finding out that a lot of waiters conceal.,syntax,filler_gap_dependency,wh_vs_that_with_gap,True,False,False,False,527,-74.09176635742188,-71.28014373779297,0
Actors could realize who an alumnus returns to.,Actors could realize that an alumnus returns to.,syntax,filler_gap_dependency,wh_vs_that_with_gap,True,False,False,False,528,-70.77490234375,-68.56590270996094,0
Kimberley wasn't discovering who that person dislikes.,Kimberley wasn't discovering that that person dislikes.,syntax,filler_gap_dependency,wh_vs_that_with_gap,True,False,False,False,529,-67.85346984863281,-75.6050796508789,1
Denise learns what the actress biked to.,Denise learns that the actress biked to.,syntax,filler_gap_dependency,wh_vs_that_with_gap,True,False,False,False,530,-63.60413360595703,-65.0272445678711,1
Tanya isn't concealing what children go to.,Tanya isn't concealing that children go to.,syntax,filler_gap_dependency,wh_vs_that_with_gap,True,False,False,False,531,-60.62652587890625,-65.09831237792969,1
Caroline learned who the offspring complains about.,Caroline learned that the offspring complains about.,syntax,filler_gap_dependency,wh_vs_that_with_gap,True,False,False,False,532,-66.45260620117188,-66.72669219970703,1
Sherry wasn't realizing who every guy cures.,Sherry wasn't realizing that every guy cures.,syntax,filler_gap_dependency,wh_vs_that_with_gap,True,False,False,False,533,-70.35353088378906,-71.12496948242188,1
Lisa finds out who most committees have concealed.,Lisa finds out that most committees have concealed.,syntax,filler_gap_dependency,wh_vs_that_with_gap,True,False,False,False,534,-63.2068977355957,-63.31106948852539,1
The actors discover who the waitress boasted about.,The actors discover that the waitress boasted about.,syntax,filler_gap_dependency,wh_vs_that_with_gap,True,False,False,False,535,-61.58042907714844,-65.36317443847656,1
Helen concealed who many hospitals respect.,Helen concealed that many hospitals respect.,syntax,filler_gap_dependency,wh_vs_that_with_gap,True,False,False,False,536,-67.32916259765625,-64.50807189941406,0
Every actress is revealing who most patients concealed.,Every actress is revealing that most patients concealed.,syntax,filler_gap_dependency,wh_vs_that_with_gap,True,False,False,False,537,-72.30866241455078,-69.35169219970703,0
Patients remember what most boys bike to.,Patients remember that most boys bike to.,syntax,filler_gap_dependency,wh_vs_that_with_gap,True,False,False,False,538,-60.599510192871094,-59.82707214355469,0
Randolf knows what most pedestrians examine.,Randolf knows that most pedestrians examine.,syntax,filler_gap_dependency,wh_vs_that_with_gap,True,False,False,False,539,-59.610225677490234,-63.1708984375,1
The Lutherans forget who the cashier didn't reveal.,The Lutherans forget that the cashier didn't reveal.,syntax,filler_gap_dependency,wh_vs_that_with_gap,True,False,False,False,540,-70.51665496826172,-72.36236572265625,1
Lori hasn't realized who many adults revealed.,Lori hasn't realized that many adults revealed.,syntax,filler_gap_dependency,wh_vs_that_with_gap,True,False,False,False,541,-68.23036193847656,-66.01958465576172,0
People discover who all guys sound like.,People discover that all guys sound like.,syntax,filler_gap_dependency,wh_vs_that_with_gap,True,False,False,False,542,-49.673912048339844,-53.181884765625,1
Rachel forgets who that alumnus likes.,Rachel forgets that that alumnus likes.,syntax,filler_gap_dependency,wh_vs_that_with_gap,True,False,False,False,543,-58.7929801940918,-66.86811065673828,1
Laurie knew what those senators go to.,Laurie knew that those senators go to.,syntax,filler_gap_dependency,wh_vs_that_with_gap,True,False,False,False,544,-58.96153259277344,-60.5811653137207,1
These women investigate what these boys revealed.,These women investigate that these boys revealed.,syntax,filler_gap_dependency,wh_vs_that_with_gap,True,False,False,False,545,-52.14118194580078,-61.93360900878906,1
Carlos isn't remembering who a cashier shouldn't work with.,Carlos isn't remembering that a cashier shouldn't work with.,syntax,filler_gap_dependency,wh_vs_that_with_gap,True,False,False,False,546,-68.660400390625,-73.77037048339844,1
Russell hasn't concealed who these libraries work with.,Russell hasn't concealed that these libraries work with.,syntax,filler_gap_dependency,wh_vs_that_with_gap,True,False,False,False,547,-68.566650390625,-69.43316650390625,1
All students remember what the glacier resembles.,All students remember that the glacier resembles.,syntax,filler_gap_dependency,wh_vs_that_with_gap,True,False,False,False,548,-58.02305603027344,-65.91769409179688,1
Meredith discovered who those women talk to.,Meredith discovered that those women talk to.,syntax,filler_gap_dependency,wh_vs_that_with_gap,True,False,False,False,549,-54.0317268371582,-56.36396789550781,1
Natalie remembered what the driver wasn't concealing.,Natalie remembered that the driver wasn't concealing.,syntax,filler_gap_dependency,wh_vs_that_with_gap,True,False,False,False,550,-59.72443771362305,-58.133750915527344,0
Dan didn't forget who a documentary was disagreeing with.,Dan didn't forget that a documentary was disagreeing with.,syntax,filler_gap_dependency,wh_vs_that_with_gap,True,False,False,False,551,-68.64529418945312,-67.21563720703125,0
Gary concealed who guests return to.,Gary concealed that guests return to.,syntax,filler_gap_dependency,wh_vs_that_with_gap,True,False,False,False,552,-65.4771957397461,-64.72679138183594,0
This woman figured out who all teenagers weren't arguing about.,This woman figured out that all teenagers weren't arguing about.,syntax,filler_gap_dependency,wh_vs_that_with_gap,True,False,False,False,553,-69.4697494506836,-66.60076141357422,0
Phillip concealed what these cashiers sound like.,Phillip concealed that these cashiers sound like.,syntax,filler_gap_dependency,wh_vs_that_with_gap,True,False,False,False,554,-72.10076904296875,-75.10798645019531,1
These dancers find out what some pedestrian isn't going to.,These dancers find out that some pedestrian isn't going to.,syntax,filler_gap_dependency,wh_vs_that_with_gap,True,False,False,False,555,-71.56354522705078,-68.55742645263672,0
Diane didn't reveal who some waitress hadn't referenced.,Diane didn't reveal that some waitress hadn't referenced.,syntax,filler_gap_dependency,wh_vs_that_with_gap,True,False,False,False,556,-72.2391586303711,-72.66809844970703,1
Emily knows what organizations could admire.,Emily knows that organizations could admire.,syntax,filler_gap_dependency,wh_vs_that_with_gap,True,False,False,False,557,-60.91151809692383,-65.63136291503906,1
Many girls forget who some people weren't disagreeing with.,Many girls forget that some people weren't disagreeing with.,syntax,filler_gap_dependency,wh_vs_that_with_gap,True,False,False,False,558,-71.5936279296875,-69.87671661376953,0
These senators aren't learning what a lot of photographs look like.,These senators aren't learning that a lot of photographs look like.,syntax,filler_gap_dependency,wh_vs_that_with_gap,True,False,False,False,559,-64.90113830566406,-78.78258514404297,1
Those guys forget what a lot of dancers wore.,Those guys forget that a lot of dancers wore.,syntax,filler_gap_dependency,wh_vs_that_with_gap,True,False,False,False,560,-52.79219436645508,-57.218421936035156,1
Edward realized who the lady can cure.,Edward realized that the lady can cure.,syntax,filler_gap_dependency,wh_vs_that_with_gap,True,False,False,False,561,-62.05238723754883,-57.114166259765625,0
Paula reveals who a lot of hospitals talk to.,Paula reveals that a lot of hospitals talk to.,syntax,filler_gap_dependency,wh_vs_that_with_gap,True,False,False,False,562,-63.99829864501953,-64.52618408203125,1
Becky investigates what that lady won't arrive at.,Becky investigates that that lady won't arrive at.,syntax,filler_gap_dependency,wh_vs_that_with_gap,True,False,False,False,563,-70.89651489257812,-74.02658081054688,1
Erin hadn't found out who a patient reveals.,Erin hadn't found out that a patient reveals.,syntax,filler_gap_dependency,wh_vs_that_with_gap,True,False,False,False,564,-65.86638641357422,-66.09449768066406,1
Kimberley investigated what a teacher arrives at.,Kimberley investigated that a teacher arrives at.,syntax,filler_gap_dependency,wh_vs_that_with_gap,True,False,False,False,565,-67.09077453613281,-70.8499755859375,1
Marcus concealed who a woman couldn't work with.,Marcus concealed that a woman couldn't work with.,syntax,filler_gap_dependency,wh_vs_that_with_gap,True,False,False,False,566,-64.30191040039062,-60.21161651611328,0
Vincent had learned who that senator listens to.,Vincent had learned that that senator listens to.,syntax,filler_gap_dependency,wh_vs_that_with_gap,True,False,False,False,567,-64.8218765258789,-68.70738983154297,1
Melissa figures out who the guy worked with.,Melissa figures out that the guy worked with.,syntax,filler_gap_dependency,wh_vs_that_with_gap,True,False,False,False,568,-54.307682037353516,-59.38411331176758,1
Marcus learned who that school respects.,Marcus learned that that school respects.,syntax,filler_gap_dependency,wh_vs_that_with_gap,True,False,False,False,569,-59.00518035888672,-57.25470733642578,0
Every patient wasn't revealing what those adults wear.,Every patient wasn't revealing that those adults wear.,syntax,filler_gap_dependency,wh_vs_that_with_gap,True,False,False,False,570,-69.05823516845703,-80.16482543945312,1
Some students know who those prints hadn't looked like.,Some students know that those prints hadn't looked like.,syntax,filler_gap_dependency,wh_vs_that_with_gap,True,False,False,False,571,-65.28781127929688,-69.7681884765625,1
Mary wasn't forgetting who the teacher escapes from.,Mary wasn't forgetting that the teacher escapes from.,syntax,filler_gap_dependency,wh_vs_that_with_gap,True,False,False,False,572,-63.57514190673828,-65.94004821777344,1
Jerry investigated what the child had examined.,Jerry investigated that the child had examined.,syntax,filler_gap_dependency,wh_vs_that_with_gap,True,False,False,False,573,-59.62287521362305,-60.793243408203125,1
Michael is finding out who every patient escaped from.,Michael is finding out that every patient escaped from.,syntax,filler_gap_dependency,wh_vs_that_with_gap,True,False,False,False,574,-63.44940948486328,-63.229610443115234,0
A lot of banks had discovered who the girls like.,A lot of banks had discovered that the girls like.,syntax,filler_gap_dependency,wh_vs_that_with_gap,True,False,False,False,575,-59.242210388183594,-62.52388000488281,1
Angela investigated who that actor concealed.,Angela investigated that that actor concealed.,syntax,filler_gap_dependency,wh_vs_that_with_gap,True,False,False,False,576,-60.517147064208984,-67.08318328857422,1
Sarah realized what some guy conceals.,Sarah realized that some guy conceals.,syntax,filler_gap_dependency,wh_vs_that_with_gap,True,False,False,False,577,-57.035423278808594,-57.5902099609375,1
Ellen hasn't concealed what the actor has worn.,Ellen hasn't concealed that the actor has worn.,syntax,filler_gap_dependency,wh_vs_that_with_gap,True,False,False,False,578,-64.64559936523438,-68.00338745117188,1
Gerald hadn't forgotten what sheep hadn't resembled.,Gerald hadn't forgotten that sheep hadn't resembled.,syntax,filler_gap_dependency,wh_vs_that_with_gap,True,False,False,False,579,-62.61289978027344,-69.210205078125,1
The driver had discovered who some waitress hasn't boasted about.,The driver had discovered that some waitress hasn't boasted about.,syntax,filler_gap_dependency,wh_vs_that_with_gap,True,False,False,False,580,-78.13740539550781,-75.79425811767578,0
Aaron isn't forgetting what a man lifted.,Aaron isn't forgetting that a man lifted.,syntax,filler_gap_dependency,wh_vs_that_with_gap,True,False,False,False,581,-59.439109802246094,-64.1998519897461,1
Alicia hasn't realized who every hospital has referenced.,Alicia hasn't realized that every hospital has referenced.,syntax,filler_gap_dependency,wh_vs_that_with_gap,True,False,False,False,582,-75.65467834472656,-75.62957763671875,0
Legislatures hadn't investigated what some guy did reveal.,Legislatures hadn't investigated that some guy did reveal.,syntax,filler_gap_dependency,wh_vs_that_with_gap,True,False,False,False,583,-80.14340209960938,-81.70042419433594,1
Every company won't remember what the teenagers can walk through.,Every company won't remember that the teenagers can walk through.,syntax,filler_gap_dependency,wh_vs_that_with_gap,True,False,False,False,584,-70.68889617919922,-71.10665130615234,1
Hospitals haven't figured out who many prints look like.,Hospitals haven't figured out that many prints look like.,syntax,filler_gap_dependency,wh_vs_that_with_gap,True,False,False,False,585,-65.0606689453125,-68.62118530273438,1
All students haven't known who the children are disagreeing with.,All students haven't known that the children are disagreeing with.,syntax,filler_gap_dependency,wh_vs_that_with_gap,True,False,False,False,586,-66.50813293457031,-70.94514465332031,1
Margaret hadn't learned what a lot of men biked to.,Margaret hadn't learned that a lot of men biked to.,syntax,filler_gap_dependency,wh_vs_that_with_gap,True,False,False,False,587,-69.47608947753906,-72.89999389648438,1
The ladies weren't forgetting who the girls conceal.,The ladies weren't forgetting that the girls conceal.,syntax,filler_gap_dependency,wh_vs_that_with_gap,True,False,False,False,588,-63.43731689453125,-63.93336486816406,1
Connie realized what all museums were admiring.,Connie realized that all museums were admiring.,syntax,filler_gap_dependency,wh_vs_that_with_gap,True,False,False,False,589,-64.54510498046875,-62.678192138671875,0
Jerry realized who some ladies revealed.,Jerry realized that some ladies revealed.,syntax,filler_gap_dependency,wh_vs_that_with_gap,True,False,False,False,590,-62.9114990234375,-57.760066986083984,0
A lot of ladies conceal what this waitress should go to.,A lot of ladies conceal that this waitress should go to.,syntax,filler_gap_dependency,wh_vs_that_with_gap,True,False,False,False,591,-74.15394592285156,-75.24689483642578,1
All girls weren't remembering who the actress referenced.,All girls weren't remembering that the actress referenced.,syntax,filler_gap_dependency,wh_vs_that_with_gap,True,False,False,False,592,-68.45965576171875,-71.89236450195312,1
Roger wasn't realizing who most drivers complain about.,Roger wasn't realizing that most drivers complain about.,syntax,filler_gap_dependency,wh_vs_that_with_gap,True,False,False,False,593,-66.20887756347656,-66.69894409179688,1
Stacy was remembering who the man reveals.,Stacy was remembering that the man reveals.,syntax,filler_gap_dependency,wh_vs_that_with_gap,True,False,False,False,594,-62.278953552246094,-60.916282653808594,0
Kenneth finds out what these alumni had argued about.,Kenneth finds out that these alumni had argued about.,syntax,filler_gap_dependency,wh_vs_that_with_gap,True,False,False,False,595,-67.94660949707031,-74.09004974365234,1
Some guests remember who that teenager listens to.,Some guests remember that that teenager listens to.,syntax,filler_gap_dependency,wh_vs_that_with_gap,True,False,False,False,596,-63.50174331665039,-66.80603790283203,1
Lisa conceals what a lot of waiters are walking through.,Lisa conceals that a lot of waiters are walking through.,syntax,filler_gap_dependency,wh_vs_that_with_gap,True,False,False,False,597,-68.19345092773438,-73.3043212890625,1
Many actors figure out who some association talks to.,Many actors figure out that some association talks to.,syntax,filler_gap_dependency,wh_vs_that_with_gap,True,False,False,False,598,-61.611305236816406,-65.2623062133789,1
Cheryl discovered who every actor could care for.,Cheryl discovered that every actor could care for.,syntax,filler_gap_dependency,wh_vs_that_with_gap,True,False,False,False,599,-62.055870056152344,-63.10573196411133,1
That university reveals who that student listens to.,That university reveals that that student listens to.,syntax,filler_gap_dependency,wh_vs_that_with_gap,True,False,False,False,600,-60.87723922729492,-67.2440185546875,1
Some actress investigates who a teacher worked with.,Some actress investigates that a teacher worked with.,syntax,filler_gap_dependency,wh_vs_that_with_gap,True,False,False,False,601,-59.93891143798828,-64.8297119140625,1
Steven hadn't revealed who every commentary disagrees with.,Steven hadn't revealed that every commentary disagrees with.,syntax,filler_gap_dependency,wh_vs_that_with_gap,True,False,False,False,602,-72.82852172851562,-74.38133239746094,1
Jeffrey learned who that actress had referenced.,Jeffrey learned that that actress had referenced.,syntax,filler_gap_dependency,wh_vs_that_with_gap,True,False,False,False,603,-58.647064208984375,-64.42237854003906,1
Some patient finds out who that student wouldn't conceal.,Some patient finds out that that student wouldn't conceal.,syntax,filler_gap_dependency,wh_vs_that_with_gap,True,False,False,False,604,-74.15560913085938,-77.552734375,1
George forgets what these guys weren't lifting.,George forgets that these guys weren't lifting.,syntax,filler_gap_dependency,wh_vs_that_with_gap,True,False,False,False,605,-63.90568161010742,-60.99141311645508,0
Craig might forget who most guys had disagreed with.,Craig might forget that most guys had disagreed with.,syntax,filler_gap_dependency,wh_vs_that_with_gap,True,False,False,False,606,-67.46437072753906,-69.55514526367188,1
Alicia doesn't conceal who many boys care for.,Alicia doesn't conceal that many boys care for.,syntax,filler_gap_dependency,wh_vs_that_with_gap,True,False,False,False,607,-71.72317504882812,-71.64606475830078,0
Ann has discovered what oxen can't find.,Ann has discovered that oxen can't find.,syntax,filler_gap_dependency,wh_vs_that_with_gap,True,False,False,False,608,-63.65745544433594,-63.66386795043945,1
Brian remembers what the doctor might examine.,Brian remembers that the doctor might examine.,syntax,filler_gap_dependency,wh_vs_that_with_gap,True,False,False,False,609,-53.779136657714844,-58.689064025878906,1
Some pedestrians have investigated what the bank looks like.,Some pedestrians have investigated that the bank looks like.,syntax,filler_gap_dependency,wh_vs_that_with_gap,True,False,False,False,610,-55.40447235107422,-67.61184692382812,1
Todd can discover what most plates resemble.,Todd can discover that most plates resemble.,syntax,filler_gap_dependency,wh_vs_that_with_gap,True,False,False,False,611,-63.47443389892578,-68.06407928466797,1
Mary figured out who most students fire.,Mary figured out that most students fire.,syntax,filler_gap_dependency,wh_vs_that_with_gap,True,False,False,False,612,-62.82241439819336,-57.932281494140625,0
Helen remembers who the customers concealed.,Helen remembers that the customers concealed.,syntax,filler_gap_dependency,wh_vs_that_with_gap,True,False,False,False,613,-56.705101013183594,-56.511104583740234,0
Leslie wasn't finding out what this cashier hadn't driven to.,Leslie wasn't finding out that this cashier hadn't driven to.,syntax,filler_gap_dependency,wh_vs_that_with_gap,True,False,False,False,614,-78.63467407226562,-81.36973571777344,1
Some pedestrians hadn't investigated who some child fires.,Some pedestrians hadn't investigated that some child fires.,syntax,filler_gap_dependency,wh_vs_that_with_gap,True,False,False,False,615,-78.31233215332031,-79.42633056640625,1
Martha wasn't revealing who every guest respected.,Martha wasn't revealing that every guest respected.,syntax,filler_gap_dependency,wh_vs_that_with_gap,True,False,False,False,616,-68.54222106933594,-74.04742431640625,1
Steve had concealed who all museums referenced.,Steve had concealed that all museums referenced.,syntax,filler_gap_dependency,wh_vs_that_with_gap,True,False,False,False,617,-71.92587280273438,-68.22866821289062,0
Ella conceals who some people respected.,Ella conceals that some people respected.,syntax,filler_gap_dependency,wh_vs_that_with_gap,True,False,False,False,618,-60.52557373046875,-59.22761535644531,0
Those actors discover what these guests might reveal.,Those actors discover that these guests might reveal.,syntax,filler_gap_dependency,wh_vs_that_with_gap,True,False,False,False,619,-61.71027374267578,-68.7332992553711,1
Christina hasn't realized who these teenagers return to.,Christina hasn't realized that these teenagers return to.,syntax,filler_gap_dependency,wh_vs_that_with_gap,True,False,False,False,620,-66.27294921875,-71.55681610107422,1
Wayne realizes what that girl resembles.,Wayne realizes that that girl resembles.,syntax,filler_gap_dependency,wh_vs_that_with_gap,True,False,False,False,621,-51.494544982910156,-60.83241271972656,1
William wasn't concealing who a lot of doctors care for.,William wasn't concealing that a lot of doctors care for.,syntax,filler_gap_dependency,wh_vs_that_with_gap,True,False,False,False,622,-73.91670989990234,-75.97978973388672,1
The girls discover who the alumnus isn't talking to.,The girls discover that the alumnus isn't talking to.,syntax,filler_gap_dependency,wh_vs_that_with_gap,True,False,False,False,623,-60.03666687011719,-63.93074417114258,1
Bradley found out who the senator cares for.,Bradley found out that the senator cares for.,syntax,filler_gap_dependency,wh_vs_that_with_gap,True,False,False,False,624,-50.2684326171875,-53.993927001953125,1
Most legislatures find out who this offspring should return to.,Most legislatures find out that this offspring should return to.,syntax,filler_gap_dependency,wh_vs_that_with_gap,True,False,False,False,625,-73.75041961669922,-80.70571899414062,1
Becca is learning who the woman isn't finding.,Becca is learning that the woman isn't finding.,syntax,filler_gap_dependency,wh_vs_that_with_gap,True,False,False,False,626,-62.641117095947266,-61.80353927612305,0
Kristen would investigate who that pedestrian revealed.,Kristen would investigate that that pedestrian revealed.,syntax,filler_gap_dependency,wh_vs_that_with_gap,True,False,False,False,627,-73.93230438232422,-78.60415649414062,1
Theresa had learned what that man isn't looking like.,Theresa had learned that that man isn't looking like.,syntax,filler_gap_dependency,wh_vs_that_with_gap,True,False,False,False,628,-66.51567077636719,-73.29402160644531,1
Omar didn't remember what all alumni lift.,Omar didn't remember that all alumni lift.,syntax,filler_gap_dependency,wh_vs_that_with_gap,True,False,False,False,629,-73.51653289794922,-69.68238067626953,0
Danielle concealed who a person isn't returning to.,Danielle concealed that a person isn't returning to.,syntax,filler_gap_dependency,wh_vs_that_with_gap,True,False,False,False,630,-73.1362075805664,-67.11927795410156,0
Janet hasn't revealed what every person goes to.,Janet hasn't revealed that every person goes to.,syntax,filler_gap_dependency,wh_vs_that_with_gap,True,False,False,False,631,-64.58709716796875,-64.08213806152344,0
Kathleen was revealing who these cashiers conceal.,Kathleen was revealing that these cashiers conceal.,syntax,filler_gap_dependency,wh_vs_that_with_gap,True,False,False,False,632,-70.017578125,-71.35624694824219,1
Travis revealed what the movie theater won't resemble.,Travis revealed that the movie theater won't resemble.,syntax,filler_gap_dependency,wh_vs_that_with_gap,True,False,False,False,633,-60.57952880859375,-62.70714569091797,1
Winston Churchill revealed who these girls talked to.,Winston Churchill revealed that these girls talked to.,syntax,filler_gap_dependency,wh_vs_that_with_gap,True,False,False,False,634,-66.39679718017578,-68.3340072631836,1
Tracy forgets what some lady biked to.,Tracy forgets that some lady biked to.,syntax,filler_gap_dependency,wh_vs_that_with_gap,True,False,False,False,635,-67.43132019042969,-68.34587097167969,1
Tina realized what that print hadn't looked like.,Tina realized that that print hadn't looked like.,syntax,filler_gap_dependency,wh_vs_that_with_gap,True,False,False,False,636,-59.14271926879883,-71.66358947753906,1
Some committees realize what some dancers lift.,Some committees realize that some dancers lift.,syntax,filler_gap_dependency,wh_vs_that_with_gap,True,False,False,False,637,-64.47813415527344,-63.13444137573242,0
All teachers knew what many prints do look like.,All teachers knew that many prints do look like.,syntax,filler_gap_dependency,wh_vs_that_with_gap,True,False,False,False,638,-67.79228210449219,-69.47158813476562,1
Kristin didn't find out who a driver isn't curing.,Kristin didn't find out that a driver isn't curing.,syntax,filler_gap_dependency,wh_vs_that_with_gap,True,False,False,False,639,-73.10952758789062,-74.1724853515625,1
Jill investigates who those children did work with.,Jill investigates that those children did work with.,syntax,filler_gap_dependency,wh_vs_that_with_gap,True,False,False,False,640,-64.85880279541016,-69.72650909423828,1
Russell does discover who this alumnus fires.,Russell does discover that this alumnus fires.,syntax,filler_gap_dependency,wh_vs_that_with_gap,True,False,False,False,641,-65.47096252441406,-69.20599365234375,1
Debra forgets who these teenagers respected.,Debra forgets that these teenagers respected.,syntax,filler_gap_dependency,wh_vs_that_with_gap,True,False,False,False,642,-63.099552154541016,-68.00889587402344,1
Every association did remember who a waitress fired.,Every association did remember that a waitress fired.,syntax,filler_gap_dependency,wh_vs_that_with_gap,True,False,False,False,643,-75.07492065429688,-69.49668884277344,0
Derek hadn't forgotten who a lot of ladies aren't talking about.,Derek hadn't forgotten that a lot of ladies aren't talking about.,syntax,filler_gap_dependency,wh_vs_that_with_gap,True,False,False,False,644,-68.3514404296875,-70.63755798339844,1
Kevin is realizing what these children lifted.,Kevin is realizing that these children lifted.,syntax,filler_gap_dependency,wh_vs_that_with_gap,True,False,False,False,645,-62.18581008911133,-61.74363708496094,0
Some cashier realizes who every legislature can argue about.,Some cashier realizes that every legislature can argue about.,syntax,filler_gap_dependency,wh_vs_that_with_gap,True,False,False,False,646,-81.02510070800781,-78.33268737792969,0
Cynthia investigates who every movie disagreed with.,Cynthia investigates that every movie disagreed with.,syntax,filler_gap_dependency,wh_vs_that_with_gap,True,False,False,False,647,-69.93800354003906,-71.32301330566406,1
Carolyn investigated what a guy drops by.,Carolyn investigated that a guy drops by.,syntax,filler_gap_dependency,wh_vs_that_with_gap,True,False,False,False,648,-61.79231262207031,-65.11994934082031,1
A waiter learns who every customer hasn't referenced.,A waiter learns that every customer hasn't referenced.,syntax,filler_gap_dependency,wh_vs_that_with_gap,True,False,False,False,649,-65.64964294433594,-68.6746826171875,1
Most hospitals would figure out who every sketch wasn't looking like.,Most hospitals would figure out that every sketch wasn't looking like.,syntax,filler_gap_dependency,wh_vs_that_with_gap,True,False,False,False,650,-81.01972961425781,-80.08930206298828,0
That library would find out what those alumni look like.,That library would find out that those alumni look like.,syntax,filler_gap_dependency,wh_vs_that_with_gap,True,False,False,False,651,-60.716339111328125,-71.54945373535156,1
Laurie was learning what a lot of drawings haven't looked like.,Laurie was learning that a lot of drawings haven't looked like.,syntax,filler_gap_dependency,wh_vs_that_with_gap,True,False,False,False,652,-65.654296875,-75.18486022949219,1
Mitchell will conceal who these dancers didn't work with.,Mitchell will conceal that these dancers didn't work with.,syntax,filler_gap_dependency,wh_vs_that_with_gap,True,False,False,False,653,-73.86805725097656,-75.8088607788086,1
The Clintons have forgotten what every print isn't looking like.,The Clintons have forgotten that every print isn't looking like.,syntax,filler_gap_dependency,wh_vs_that_with_gap,True,False,False,False,654,-64.48074340820312,-74.37591552734375,1
Catherine remembered who a lot of feet scare.,Catherine remembered that a lot of feet scare.,syntax,filler_gap_dependency,wh_vs_that_with_gap,True,False,False,False,655,-69.76937103271484,-63.32353591918945,0
Rhonda discovered who this senator talks about.,Rhonda discovered that this senator talks about.,syntax,filler_gap_dependency,wh_vs_that_with_gap,True,False,False,False,656,-57.15107345581055,-60.58384704589844,1
Connie wasn't remembering what many theses look like.,Connie wasn't remembering that many theses look like.,syntax,filler_gap_dependency,wh_vs_that_with_gap,True,False,False,False,657,-69.32463073730469,-74.40788269042969,1
Keith forgot who all waiters wouldn't find.,Keith forgot that all waiters wouldn't find.,syntax,filler_gap_dependency,wh_vs_that_with_gap,True,False,False,False,658,-72.10690307617188,-67.41404724121094,0
Tamara realizes who those cashiers listened to.,Tamara realizes that those cashiers listened to.,syntax,filler_gap_dependency,wh_vs_that_with_gap,True,False,False,False,659,-66.06788635253906,-65.09075927734375,0
Denise shouldn't investigate what those bikes look like.,Denise shouldn't investigate that those bikes look like.,syntax,filler_gap_dependency,wh_vs_that_with_gap,True,False,False,False,660,-60.35317611694336,-75.01777648925781,1
The Impressionists figure out who every thesis had concealed.,The Impressionists figure out that every thesis had concealed.,syntax,filler_gap_dependency,wh_vs_that_with_gap,True,False,False,False,661,-80.90782165527344,-80.27039337158203,0
Most schools would conceal what a cashier arrives at.,Most schools would conceal that a cashier arrives at.,syntax,filler_gap_dependency,wh_vs_that_with_gap,True,False,False,False,662,-71.1790771484375,-73.65476989746094,1
Richard has remembered who all ladies wouldn't work with.,Richard has remembered that all ladies wouldn't work with.,syntax,filler_gap_dependency,wh_vs_that_with_gap,True,False,False,False,663,-73.92129516601562,-70.55166625976562,0
Martha investigates what the man drove to.,Martha investigates that the man drove to.,syntax,filler_gap_dependency,wh_vs_that_with_gap,True,False,False,False,664,-56.81049346923828,-62.338592529296875,1
Deborah doesn't learn who those men hadn't talked to.,Deborah doesn't learn that those men hadn't talked to.,syntax,filler_gap_dependency,wh_vs_that_with_gap,True,False,False,False,665,-68.73159790039062,-69.6440658569336,1
The banks investigate what these patients had disagreed with.,The banks investigate that these patients had disagreed with.,syntax,filler_gap_dependency,wh_vs_that_with_gap,True,False,False,False,666,-63.15734100341797,-69.69033813476562,1
Travis hasn't revealed who a woman didn't listen to.,Travis hasn't revealed that a woman didn't listen to.,syntax,filler_gap_dependency,wh_vs_that_with_gap,True,False,False,False,667,-62.748653411865234,-63.52549743652344,1
Maria discovers what some actresses drive to.,Maria discovers that some actresses drive to.,syntax,filler_gap_dependency,wh_vs_that_with_gap,True,False,False,False,668,-58.64253234863281,-61.35492706298828,1
These customers learn who these actresses are firing.,These customers learn that these actresses are firing.,syntax,filler_gap_dependency,wh_vs_that_with_gap,True,False,False,False,669,-62.92047119140625,-63.05540466308594,1
The bank hadn't investigated what these alumni have revealed.,The bank hadn't investigated that these alumni have revealed.,syntax,filler_gap_dependency,wh_vs_that_with_gap,True,False,False,False,670,-65.90245056152344,-71.35089111328125,1
Carrie doesn't discover who an adult complains about.,Carrie doesn't discover that an adult complains about.,syntax,filler_gap_dependency,wh_vs_that_with_gap,True,False,False,False,671,-66.0666275024414,-70.8737564086914,1
A hospital investigated what a lot of guests examine.,A hospital investigated that a lot of guests examine.,syntax,filler_gap_dependency,wh_vs_that_with_gap,True,False,False,False,672,-63.74348449707031,-67.6305160522461,1
John shouldn't know what some waitress had sounded like.,John shouldn't know that some waitress had sounded like.,syntax,filler_gap_dependency,wh_vs_that_with_gap,True,False,False,False,673,-65.86741638183594,-76.77973937988281,1
Helen knew what the painting looks like.,Helen knew that the painting looks like.,syntax,filler_gap_dependency,wh_vs_that_with_gap,True,False,False,False,674,-44.100502014160156,-54.013851165771484,1
Some legislatures know who this company might talk about.,Some legislatures know that this company might talk about.,syntax,filler_gap_dependency,wh_vs_that_with_gap,True,False,False,False,675,-62.172584533691406,-67.36092376708984,1
Most girls aren't finding out what some adults have admired.,Most girls aren't finding out that some adults have admired.,syntax,filler_gap_dependency,wh_vs_that_with_gap,True,False,False,False,676,-67.87841033935547,-73.72462463378906,1
Beth knows who the child isn't talking to.,Beth knows that the child isn't talking to.,syntax,filler_gap_dependency,wh_vs_that_with_gap,True,False,False,False,677,-54.49201202392578,-57.567962646484375,1
The Borgias reveal who most legislatures like.,The Borgias reveal that most legislatures like.,syntax,filler_gap_dependency,wh_vs_that_with_gap,True,False,False,False,678,-77.60655212402344,-71.9814453125,0
Valerie knows who every teenager talked to.,Valerie knows that every teenager talked to.,syntax,filler_gap_dependency,wh_vs_that_with_gap,True,False,False,False,679,-59.34353256225586,-59.866485595703125,1
Most universities reveal who the people argue about.,Most universities reveal that the people argue about.,syntax,filler_gap_dependency,wh_vs_that_with_gap,True,False,False,False,680,-62.50391387939453,-61.04054641723633,0
Many doctors know what many spotlights looked like.,Many doctors know that many spotlights looked like.,syntax,filler_gap_dependency,wh_vs_that_with_gap,True,False,False,False,681,-59.8229866027832,-64.9261703491211,1
Amy did conceal who a lot of patients hadn't disliked.,Amy did conceal that a lot of patients hadn't disliked.,syntax,filler_gap_dependency,wh_vs_that_with_gap,True,False,False,False,682,-85.78357696533203,-81.44822692871094,0
Derek hasn't investigated who all sketches can look like.,Derek hasn't investigated that all sketches can look like.,syntax,filler_gap_dependency,wh_vs_that_with_gap,True,False,False,False,683,-69.81063842773438,-77.29318237304688,1
A lot of legislatures remember what some plate isn't looking like.,A lot of legislatures remember that some plate isn't looking like.,syntax,filler_gap_dependency,wh_vs_that_with_gap,True,False,False,False,684,-83.13560485839844,-87.77659606933594,1
Christine realized what the senator walks through.,Christine realized that the senator walks through.,syntax,filler_gap_dependency,wh_vs_that_with_gap,True,False,False,False,685,-64.4901123046875,-62.019283294677734,0
Some teachers find out who a woman worked with.,Some teachers find out that a woman worked with.,syntax,filler_gap_dependency,wh_vs_that_with_gap,True,False,False,False,686,-54.227195739746094,-56.71638870239258,1
This actress won't investigate who a lot of committees talk about.,This actress won't investigate that a lot of committees talk about.,syntax,filler_gap_dependency,wh_vs_that_with_gap,True,False,False,False,687,-72.42224884033203,-73.20450592041016,1
Larry is discovering what most actresses find.,Larry is discovering that most actresses find.,syntax,filler_gap_dependency,wh_vs_that_with_gap,True,False,False,False,688,-62.454769134521484,-63.258827209472656,1
Those senators hadn't discovered who the company fires.,Those senators hadn't discovered that the company fires.,syntax,filler_gap_dependency,wh_vs_that_with_gap,True,False,False,False,689,-68.60796356201172,-68.3806381225586,0
Randolf figured out who many adults care for.,Randolf figured out that many adults care for.,syntax,filler_gap_dependency,wh_vs_that_with_gap,True,False,False,False,690,-62.65089416503906,-63.58589553833008,1
Lori learns who the teacher shouldn't talk about.,Lori learns that the teacher shouldn't talk about.,syntax,filler_gap_dependency,wh_vs_that_with_gap,True,False,False,False,691,-60.875938415527344,-61.51030731201172,1
Every man discovered what these cacti looked like.,Every man discovered that these cacti looked like.,syntax,filler_gap_dependency,wh_vs_that_with_gap,True,False,False,False,692,-51.17338562011719,-61.440277099609375,1
All men reveal who some waiters like.,All men reveal that some waiters like.,syntax,filler_gap_dependency,wh_vs_that_with_gap,True,False,False,False,693,-59.67424011230469,-59.420127868652344,0
A lot of companies remember who most actresses reference.,A lot of companies remember that most actresses reference.,syntax,filler_gap_dependency,wh_vs_that_with_gap,True,False,False,False,694,-68.92782592773438,-68.08892059326172,0
Jessica doesn't learn who that guy could complain about.,Jessica doesn't learn that that guy could complain about.,syntax,filler_gap_dependency,wh_vs_that_with_gap,True,False,False,False,695,-65.21257019042969,-70.6646728515625,1
Bill can investigate what some guys will drive to.,Bill can investigate that some guys will drive to.,syntax,filler_gap_dependency,wh_vs_that_with_gap,True,False,False,False,696,-68.84046936035156,-68.7479248046875,0
Martin hasn't revealed who this woman had admired.,Martin hasn't revealed that this woman had admired.,syntax,filler_gap_dependency,wh_vs_that_with_gap,True,False,False,False,697,-62.459075927734375,-68.15856170654297,1
Susan finds out what this pasta should resemble.,Susan finds out that this pasta should resemble.,syntax,filler_gap_dependency,wh_vs_that_with_gap,True,False,False,False,698,-57.56532287597656,-63.329566955566406,1
Jane reveals who a lot of waiters are curing.,Jane reveals that a lot of waiters are curing.,syntax,filler_gap_dependency,wh_vs_that_with_gap,True,False,False,False,699,-66.21379852294922,-63.32744598388672,0
Valerie would forget what many women sound like.,Valerie would forget that many women sound like.,syntax,filler_gap_dependency,wh_vs_that_with_gap,True,False,False,False,700,-58.1555290222168,-63.93134307861328,1
That person has learned what most customers went to.,That person has learned that most customers went to.,syntax,filler_gap_dependency,wh_vs_that_with_gap,True,False,False,False,701,-59.068824768066406,-61.13642883300781,1
Most people find out who ladies did care for.,Most people find out that ladies did care for.,syntax,filler_gap_dependency,wh_vs_that_with_gap,True,False,False,False,702,-59.184715270996094,-60.724945068359375,1
Stephen can realize who all cashiers found.,Stephen can realize that all cashiers found.,syntax,filler_gap_dependency,wh_vs_that_with_gap,True,False,False,False,703,-71.87362670898438,-68.43873596191406,0
The organizations realize who teenagers aren't listening to.,The organizations realize that teenagers aren't listening to.,syntax,filler_gap_dependency,wh_vs_that_with_gap,True,False,False,False,704,-65.85038757324219,-59.765316009521484,0
Derek figures out what a lot of students walk through.,Derek figures out that a lot of students walk through.,syntax,filler_gap_dependency,wh_vs_that_with_gap,True,False,False,False,705,-62.3052978515625,-65.01171875,1
Mark will know who most women listen to.,Mark will know that most women listen to.,syntax,filler_gap_dependency,wh_vs_that_with_gap,True,False,False,False,706,-56.977848052978516,-54.36506652832031,0
Jason is figuring out who those drawings hadn't looked like.,Jason is figuring out that those drawings hadn't looked like.,syntax,filler_gap_dependency,wh_vs_that_with_gap,True,False,False,False,707,-66.72607421875,-71.47630310058594,1
Samuel was learning what that child can look like.,Samuel was learning that that child can look like.,syntax,filler_gap_dependency,wh_vs_that_with_gap,True,False,False,False,708,-54.83110427856445,-66.08890533447266,1
Patricia learned who the men flee from.,Patricia learned that the men flee from.,syntax,filler_gap_dependency,wh_vs_that_with_gap,True,False,False,False,709,-53.20917892456055,-54.174259185791016,1
Peter should forget who most doctors talk about.,Peter should forget that most doctors talk about.,syntax,filler_gap_dependency,wh_vs_that_with_gap,True,False,False,False,710,-54.7869758605957,-58.25665283203125,1
Dana doesn't investigate what those women have found.,Dana doesn't investigate that those women have found.,syntax,filler_gap_dependency,wh_vs_that_with_gap,True,False,False,False,711,-58.80329895019531,-69.28828430175781,1
Holly found out who many analyses are talking about.,Holly found out that many analyses are talking about.,syntax,filler_gap_dependency,wh_vs_that_with_gap,True,False,False,False,712,-60.6891975402832,-65.45378112792969,1
Victoria might realize who these companies hadn't talked about.,Victoria might realize that these companies hadn't talked about.,syntax,filler_gap_dependency,wh_vs_that_with_gap,True,False,False,False,713,-70.08004760742188,-66.61866760253906,0
A lot of waiters know who the fish found.,A lot of waiters know that the fish found.,syntax,filler_gap_dependency,wh_vs_that_with_gap,True,False,False,False,714,-54.04325485229492,-55.23335266113281,1
Melanie discovered what the species look like.,Melanie discovered that the species look like.,syntax,filler_gap_dependency,wh_vs_that_with_gap,True,False,False,False,715,-47.078453063964844,-55.04032516479492,1
Many actresses discover who people haven't scared.,Many actresses discover that people haven't scared.,syntax,filler_gap_dependency,wh_vs_that_with_gap,True,False,False,False,716,-67.58186340332031,-59.639095306396484,0
Colleen should reveal what this teacher wasn't dropping by.,Colleen should reveal that this teacher wasn't dropping by.,syntax,filler_gap_dependency,wh_vs_that_with_gap,True,False,False,False,717,-74.1482162475586,-67.60244750976562,0
Jeffrey hadn't forgotten who these customers referenced.,Jeffrey hadn't forgotten that these customers referenced.,syntax,filler_gap_dependency,wh_vs_that_with_gap,True,False,False,False,718,-61.218048095703125,-67.38859558105469,1
Melanie forgot who a government referenced.,Melanie forgot that a government referenced.,syntax,filler_gap_dependency,wh_vs_that_with_gap,True,False,False,False,719,-62.561309814453125,-62.81819534301758,1
Sandra discovers what some teacher lifts.,Sandra discovers that some teacher lifts.,syntax,filler_gap_dependency,wh_vs_that_with_gap,True,False,False,False,720,-59.7393684387207,-56.062904357910156,0
Harvard University figured out what some boy had dropped by.,Harvard University figured out that some boy had dropped by.,syntax,filler_gap_dependency,wh_vs_that_with_gap,True,False,False,False,721,-67.87066650390625,-64.83251190185547,0
Tara knows what a patient isn't escaping from.,Tara knows that a patient isn't escaping from.,syntax,filler_gap_dependency,wh_vs_that_with_gap,True,False,False,False,722,-57.36374282836914,-59.37685775756836,1
The actor did learn what all patients wore.,The actor did learn that all patients wore.,syntax,filler_gap_dependency,wh_vs_that_with_gap,True,False,False,False,723,-62.36695861816406,-65.57553100585938,1
Every child concealed what that teenager will find.,Every child concealed that that teenager will find.,syntax,filler_gap_dependency,wh_vs_that_with_gap,True,False,False,False,724,-63.630802154541016,-68.70933532714844,1
Derek isn't revealing what a lot of guests weren't biking to.,Derek isn't revealing that a lot of guests weren't biking to.,syntax,filler_gap_dependency,wh_vs_that_with_gap,True,False,False,False,725,-76.60635375976562,-78.76185607910156,1
Gina was revealing who this adult had escaped from.,Gina was revealing that this adult had escaped from.,syntax,filler_gap_dependency,wh_vs_that_with_gap,True,False,False,False,726,-65.70225524902344,-69.03128051757812,1
The Borgias know who every actress found.,The Borgias know that every actress found.,syntax,filler_gap_dependency,wh_vs_that_with_gap,True,False,False,False,727,-66.12092590332031,-62.93793487548828,0
A lot of companies discovered what the waitress walks through.,A lot of companies discovered that the waitress walks through.,syntax,filler_gap_dependency,wh_vs_that_with_gap,True,False,False,False,728,-68.21685791015625,-70.15049743652344,1
Russell knew who every girl cures.,Russell knew that every girl cures.,syntax,filler_gap_dependency,wh_vs_that_with_gap,True,False,False,False,729,-58.83838653564453,-55.270957946777344,0
The hospital realizes what all boys lift.,The hospital realizes that all boys lift.,syntax,filler_gap_dependency,wh_vs_that_with_gap,True,False,False,False,730,-59.87383270263672,-57.96657943725586,0
Ronald revealed who a lot of governments might talk about.,Ronald revealed that a lot of governments might talk about.,syntax,filler_gap_dependency,wh_vs_that_with_gap,True,False,False,False,731,-66.05302429199219,-65.3662109375,0
Tammy has investigated who some movies hadn't sounded like.,Tammy has investigated that some movies hadn't sounded like.,syntax,filler_gap_dependency,wh_vs_that_with_gap,True,False,False,False,732,-74.76969909667969,-78.16584777832031,1
Senators should learn what most shoes resemble.,Senators should learn that most shoes resemble.,syntax,filler_gap_dependency,wh_vs_that_with_gap,True,False,False,False,733,-63.13658905029297,-66.40249633789062,1
Jessica realized what every actress does escape from.,Jessica realized that every actress does escape from.,syntax,filler_gap_dependency,wh_vs_that_with_gap,True,False,False,False,734,-68.51937866210938,-68.63664245605469,1
Anne remembers who some man concealed.,Anne remembers that some man concealed.,syntax,filler_gap_dependency,wh_vs_that_with_gap,True,False,False,False,735,-59.90593719482422,-57.45742416381836,0
Carol can't remember who the people talk to.,Carol can't remember that the people talk to.,syntax,filler_gap_dependency,wh_vs_that_with_gap,True,False,False,False,736,-52.366798400878906,-59.78089141845703,1
Thomas figures out who many cashiers haven't disliked.,Thomas figures out that many cashiers haven't disliked.,syntax,filler_gap_dependency,wh_vs_that_with_gap,True,False,False,False,737,-72.62770080566406,-68.71846008300781,0
Ella figures out what women weren't walking through.,Ella figures out that women weren't walking through.,syntax,filler_gap_dependency,wh_vs_that_with_gap,True,False,False,False,738,-61.05994415283203,-63.80665588378906,1
Becky has remembered who some customers haven't concealed.,Becky has remembered that some customers haven't concealed.,syntax,filler_gap_dependency,wh_vs_that_with_gap,True,False,False,False,739,-77.25770568847656,-71.00886535644531,0
This hospital reveals what that octopus didn't find.,This hospital reveals that that octopus didn't find.,syntax,filler_gap_dependency,wh_vs_that_with_gap,True,False,False,False,740,-59.834896087646484,-68.51670837402344,1
A lot of actors learn who these drivers conceal.,A lot of actors learn that these drivers conceal.,syntax,filler_gap_dependency,wh_vs_that_with_gap,True,False,False,False,741,-62.998931884765625,-67.32659912109375,1
Schools find out who that brochure hasn't sounded like.,Schools find out that that brochure hasn't sounded like.,syntax,filler_gap_dependency,wh_vs_that_with_gap,True,False,False,False,742,-73.75271606445312,-77.99044799804688,1
Michael might investigate what some schools have looked like.,Michael might investigate that some schools have looked like.,syntax,filler_gap_dependency,wh_vs_that_with_gap,True,False,False,False,743,-64.07453918457031,-73.13043212890625,1
Drivers conceal who some university wasn't boasting about.,Drivers conceal that some university wasn't boasting about.,syntax,filler_gap_dependency,wh_vs_that_with_gap,True,False,False,False,744,-77.18122100830078,-75.78775787353516,0
Many adults forgot what the doctor lifted.,Many adults forgot that the doctor lifted.,syntax,filler_gap_dependency,wh_vs_that_with_gap,True,False,False,False,745,-60.52873229980469,-63.056095123291016,1
Every government knew who a lot of universities talk about.,Every government knew that a lot of universities talk about.,syntax,filler_gap_dependency,wh_vs_that_with_gap,True,False,False,False,746,-62.366737365722656,-64.78704071044922,1
Ronald learns who these students have scared.,Ronald learns that these students have scared.,syntax,filler_gap_dependency,wh_vs_that_with_gap,True,False,False,False,747,-59.184871673583984,-56.534786224365234,0
Those actresses conceal what every boy drove to.,Those actresses conceal that every boy drove to.,syntax,filler_gap_dependency,wh_vs_that_with_gap,True,False,False,False,748,-78.92120361328125,-79.08274841308594,1
Mark finds out who many dancers hadn't admired.,Mark finds out that many dancers hadn't admired.,syntax,filler_gap_dependency,wh_vs_that_with_gap,True,False,False,False,749,-67.87973022460938,-66.74613189697266,0
This patient forgets what most students boast about.,This patient forgets that most students boast about.,syntax,filler_gap_dependency,wh_vs_that_with_gap,True,False,False,False,750,-59.58415222167969,-63.58519744873047,1
Becca was remembering who some adults sound like.,Becca was remembering that some adults sound like.,syntax,filler_gap_dependency,wh_vs_that_with_gap,True,False,False,False,751,-67.48882293701172,-70.48654174804688,1
Alexander isn't investigating who every school admires.,Alexander isn't investigating that every school admires.,syntax,filler_gap_dependency,wh_vs_that_with_gap,True,False,False,False,752,-68.56529998779297,-72.84355163574219,1
Nancy realizes who every senator boasted about.,Nancy realizes that every senator boasted about.,syntax,filler_gap_dependency,wh_vs_that_with_gap,True,False,False,False,753,-63.37602233886719,-60.888545989990234,0
Those committees conceal who the girls return to.,Those committees conceal that the girls return to.,syntax,filler_gap_dependency,wh_vs_that_with_gap,True,False,False,False,754,-69.3432388305664,-70.63815307617188,1
A dancer discovers what all cashiers reference.,A dancer discovers that all cashiers reference.,syntax,filler_gap_dependency,wh_vs_that_with_gap,True,False,False,False,755,-62.62220001220703,-67.30812072753906,1
Sally hadn't figured out what those patients dropped by.,Sally hadn't figured out that those patients dropped by.,syntax,filler_gap_dependency,wh_vs_that_with_gap,True,False,False,False,756,-63.1585693359375,-68.04478454589844,1
Ronald hasn't figured out who some student wasn't revealing.,Ronald hasn't figured out that some student wasn't revealing.,syntax,filler_gap_dependency,wh_vs_that_with_gap,True,False,False,False,757,-71.87212371826172,-71.74807739257812,0
Marla has found out what this child drove to.,Marla has found out that this child drove to.,syntax,filler_gap_dependency,wh_vs_that_with_gap,True,False,False,False,758,-68.61370086669922,-69.28052520751953,1
Vincent should conceal who those pedestrians haven't respected.,Vincent should conceal that those pedestrians haven't respected.,syntax,filler_gap_dependency,wh_vs_that_with_gap,True,False,False,False,759,-81.66899108886719,-85.83851623535156,1
The women forget who students sounded like.,The women forget that students sounded like.,syntax,filler_gap_dependency,wh_vs_that_with_gap,True,False,False,False,760,-58.40662384033203,-61.54280471801758,1
Donna figures out who these cashiers could reveal.,Donna figures out that these cashiers could reveal.,syntax,filler_gap_dependency,wh_vs_that_with_gap,True,False,False,False,761,-66.66679382324219,-70.8818359375,1
Steven can discover who that pedestrian does admire.,Steven can discover that that pedestrian does admire.,syntax,filler_gap_dependency,wh_vs_that_with_gap,True,False,False,False,762,-72.81536865234375,-76.74250793457031,1
Martin was forgetting who many guys flee from.,Martin was forgetting that many guys flee from.,syntax,filler_gap_dependency,wh_vs_that_with_gap,True,False,False,False,763,-65.6201171875,-66.17303466796875,1
Barbara is learning who all guys did listen to.,Barbara is learning that all guys did listen to.,syntax,filler_gap_dependency,wh_vs_that_with_gap,True,False,False,False,764,-65.88055419921875,-69.16944885253906,1
Jeffrey realized who those alumni aren't escaping from.,Jeffrey realized that those alumni aren't escaping from.,syntax,filler_gap_dependency,wh_vs_that_with_gap,True,False,False,False,765,-74.54713439941406,-73.20930480957031,0
Natalie learned who every guest had referenced.,Natalie learned that every guest had referenced.,syntax,filler_gap_dependency,wh_vs_that_with_gap,True,False,False,False,766,-64.02094268798828,-64.64076232910156,1
Bruce knew what these teachers were lifting.,Bruce knew that these teachers were lifting.,syntax,filler_gap_dependency,wh_vs_that_with_gap,True,False,False,False,767,-54.31524658203125,-54.10716247558594,0
Danielle doesn't investigate who a child cures.,Danielle doesn't investigate that a child cures.,syntax,filler_gap_dependency,wh_vs_that_with_gap,True,False,False,False,768,-63.27262878417969,-66.4337158203125,1
Nancy discovered who the offspring hadn't argued about.,Nancy discovered that the offspring hadn't argued about.,syntax,filler_gap_dependency,wh_vs_that_with_gap,True,False,False,False,769,-66.49305725097656,-64.9302978515625,0
Jesus hadn't figured out who every man had cured.,Jesus hadn't figured out that every man had cured.,syntax,filler_gap_dependency,wh_vs_that_with_gap,True,False,False,False,770,-63.69166564941406,-60.72398376464844,0
Susan won't conceal who those children like.,Susan won't conceal that those children like.,syntax,filler_gap_dependency,wh_vs_that_with_gap,True,False,False,False,771,-60.22471618652344,-65.87913513183594,1
Paula isn't finding out what some actresses arrive at.,Paula isn't finding out that some actresses arrive at.,syntax,filler_gap_dependency,wh_vs_that_with_gap,True,False,False,False,772,-65.31707763671875,-70.968994140625,1
Debra shouldn't remember what some rabbit resembles.,Debra shouldn't remember that some rabbit resembles.,syntax,filler_gap_dependency,wh_vs_that_with_gap,True,False,False,False,773,-68.15279388427734,-72.04833984375,1
Stephen was concealing what that offspring can cure.,Stephen was concealing that that offspring can cure.,syntax,filler_gap_dependency,wh_vs_that_with_gap,True,False,False,False,774,-69.8095932006836,-70.16600036621094,1
Every hospital has revealed who many senators could reference.,Every hospital has revealed that many senators could reference.,syntax,filler_gap_dependency,wh_vs_that_with_gap,True,False,False,False,775,-72.70439910888672,-73.26809692382812,1
Mary hasn't known who every dancer boasted about.,Mary hasn't known that every dancer boasted about.,syntax,filler_gap_dependency,wh_vs_that_with_gap,True,False,False,False,776,-61.31932067871094,-64.1527099609375,1
Liam reveals who many students talk to.,Liam reveals that many students talk to.,syntax,filler_gap_dependency,wh_vs_that_with_gap,True,False,False,False,777,-55.993045806884766,-58.66697692871094,1
All girls conceal who some senator couldn't fire.,All girls conceal that some senator couldn't fire.,syntax,filler_gap_dependency,wh_vs_that_with_gap,True,False,False,False,778,-77.42303466796875,-76.56378173828125,0
Beth figures out what a lot of children walk through.,Beth figures out that a lot of children walk through.,syntax,filler_gap_dependency,wh_vs_that_with_gap,True,False,False,False,779,-61.54454803466797,-63.66858673095703,1
Some doctor did forget who the teachers didn't talk about.,Some doctor did forget that the teachers didn't talk about.,syntax,filler_gap_dependency,wh_vs_that_with_gap,True,False,False,False,780,-65.65557861328125,-67.02320861816406,1
Every waiter did forget what some woman dropped by.,Every waiter did forget that some woman dropped by.,syntax,filler_gap_dependency,wh_vs_that_with_gap,True,False,False,False,781,-72.94413757324219,-67.31022644042969,0
Martha was forgetting who some hypotheses scare.,Martha was forgetting that some hypotheses scare.,syntax,filler_gap_dependency,wh_vs_that_with_gap,True,False,False,False,782,-76.27531433105469,-70.13931274414062,0
A lot of drivers figure out who some actress works with.,A lot of drivers figure out that some actress works with.,syntax,filler_gap_dependency,wh_vs_that_with_gap,True,False,False,False,783,-62.09107971191406,-66.94679260253906,1
Andrea hadn't discovered what some guy was lifting.,Andrea hadn't discovered that some guy was lifting.,syntax,filler_gap_dependency,wh_vs_that_with_gap,True,False,False,False,784,-66.76344299316406,-65.26359558105469,0
Renee conceals who every bank isn't admiring.,Renee conceals that every bank isn't admiring.,syntax,filler_gap_dependency,wh_vs_that_with_gap,True,False,False,False,785,-77.62945556640625,-74.37932586669922,0
Charles reveals who every person would conceal.,Charles reveals that every person would conceal.,syntax,filler_gap_dependency,wh_vs_that_with_gap,True,False,False,False,786,-59.9810676574707,-59.22871780395508,0
Guy hasn't realized what every driver is dropping by.,Guy hasn't realized that every driver is dropping by.,syntax,filler_gap_dependency,wh_vs_that_with_gap,True,False,False,False,787,-64.97744750976562,-65.14938354492188,1
Colleen investigated who a customer hasn't concealed.,Colleen investigated that a customer hasn't concealed.,syntax,filler_gap_dependency,wh_vs_that_with_gap,True,False,False,False,788,-69.0999755859375,-68.51808166503906,0
Some banks had realized who those offspring can't reference.,Some banks had realized that those offspring can't reference.,syntax,filler_gap_dependency,wh_vs_that_with_gap,True,False,False,False,789,-87.37317657470703,-82.57740783691406,0
Many legislatures forget who every guy had talked about.,Many legislatures forget that every guy had talked about.,syntax,filler_gap_dependency,wh_vs_that_with_gap,True,False,False,False,790,-71.92973327636719,-73.74112701416016,1
The waitress realizes what those customers dropped by.,The waitress realizes that those customers dropped by.,syntax,filler_gap_dependency,wh_vs_that_with_gap,True,False,False,False,791,-61.91176223754883,-58.30373764038086,0
Sherry realizes what these waitresses arrive at.,Sherry realizes that these waitresses arrive at.,syntax,filler_gap_dependency,wh_vs_that_with_gap,True,False,False,False,792,-59.16205596923828,-62.41508102416992,1
Tammy found out who the teenager has concealed.,Tammy found out that the teenager has concealed.,syntax,filler_gap_dependency,wh_vs_that_with_gap,True,False,False,False,793,-55.128196716308594,-55.8873291015625,1
Sonia will figure out who the pasta scared.,Sonia will figure out that the pasta scared.,syntax,filler_gap_dependency,wh_vs_that_with_gap,True,False,False,False,794,-65.06110382080078,-65.39244842529297,1
Brenda wasn't remembering who these cafes scare.,Brenda wasn't remembering that these cafes scare.,syntax,filler_gap_dependency,wh_vs_that_with_gap,True,False,False,False,795,-74.13101196289062,-72.5242691040039,0
Andrew has remembered what many girls liked.,Andrew has remembered that many girls liked.,syntax,filler_gap_dependency,wh_vs_that_with_gap,True,False,False,False,796,-55.21579360961914,-60.267189025878906,1
Debra hasn't discovered who those students admired.,Debra hasn't discovered that those students admired.,syntax,filler_gap_dependency,wh_vs_that_with_gap,True,False,False,False,797,-67.36711120605469,-73.19923400878906,1
All drivers haven't forgotten what the hamster looks like.,All drivers haven't forgotten that the hamster looks like.,syntax,filler_gap_dependency,wh_vs_that_with_gap,True,False,False,False,798,-58.12779235839844,-71.30047607421875,1
Carrie wouldn't realize who the commentary disagreed with.,Carrie wouldn't realize that the commentary disagreed with.,syntax,filler_gap_dependency,wh_vs_that_with_gap,True,False,False,False,799,-70.56281280517578,-68.03649139404297,0
A person hasn't concealed what a girl arrives at.,A person hasn't concealed that a girl arrives at.,syntax,filler_gap_dependency,wh_vs_that_with_gap,True,False,False,False,800,-67.9027099609375,-70.90493774414062,1
Samuel hasn't found out who that driver returned to.,Samuel hasn't found out that that driver returned to.,syntax,filler_gap_dependency,wh_vs_that_with_gap,True,False,False,False,801,-64.82626342773438,-69.99906921386719,1
The Borgias know what some lights resemble.,The Borgias know that some lights resemble.,syntax,filler_gap_dependency,wh_vs_that_with_gap,True,False,False,False,802,-62.973365783691406,-65.52859497070312,1
Theodore isn't investigating what this boy lifts.,Theodore isn't investigating that this boy lifts.,syntax,filler_gap_dependency,wh_vs_that_with_gap,True,False,False,False,803,-69.386474609375,-73.1036376953125,1
This library conceals who a student disagrees with.,This library conceals that a student disagrees with.,syntax,filler_gap_dependency,wh_vs_that_with_gap,True,False,False,False,804,-56.5980224609375,-57.75864028930664,1
All companies know who this lady sounded like.,All companies know that this lady sounded like.,syntax,filler_gap_dependency,wh_vs_that_with_gap,True,False,False,False,805,-52.84394836425781,-58.312652587890625,1
Deanna did conceal what a boy isn't driving to.,Deanna did conceal that a boy isn't driving to.,syntax,filler_gap_dependency,wh_vs_that_with_gap,True,False,False,False,806,-86.45821380615234,-80.93411254882812,0
The Lutherans could reveal who that print was looking like.,The Lutherans could reveal that that print was looking like.,syntax,filler_gap_dependency,wh_vs_that_with_gap,True,False,False,False,807,-77.55178833007812,-82.78855895996094,1
Some waiters investigate who some adults talk to.,Some waiters investigate that some adults talk to.,syntax,filler_gap_dependency,wh_vs_that_with_gap,True,False,False,False,808,-60.76002883911133,-66.78199005126953,1
All boys learned who this adult wasn't working with.,All boys learned that this adult wasn't working with.,syntax,filler_gap_dependency,wh_vs_that_with_gap,True,False,False,False,809,-67.17993927001953,-69.76402282714844,1
Allison wouldn't investigate who most universities had disliked.,Allison wouldn't investigate that most universities had disliked.,syntax,filler_gap_dependency,wh_vs_that_with_gap,True,False,False,False,810,-81.84383392333984,-81.67878723144531,0
Natalie had discovered what all girls should lift.,Natalie had discovered that all girls should lift.,syntax,filler_gap_dependency,wh_vs_that_with_gap,True,False,False,False,811,-64.84392547607422,-63.18122482299805,0
Veronica realizes who some dancer should cure.,Veronica realizes that some dancer should cure.,syntax,filler_gap_dependency,wh_vs_that_with_gap,True,False,False,False,812,-71.81484985351562,-66.56181335449219,0
Most teenagers discover who every man boasted about.,Most teenagers discover that every man boasted about.,syntax,filler_gap_dependency,wh_vs_that_with_gap,True,False,False,False,813,-64.70295715332031,-64.28659057617188,0
Derek is figuring out what an alumnus walks through.,Derek is figuring out that an alumnus walks through.,syntax,filler_gap_dependency,wh_vs_that_with_gap,True,False,False,False,814,-60.42564392089844,-67.84904479980469,1
Karen realized who every teenager can escape from.,Karen realized that every teenager can escape from.,syntax,filler_gap_dependency,wh_vs_that_with_gap,True,False,False,False,815,-63.86537170410156,-59.45985412597656,0
Most organizations learn who many drivers boast about.,Most organizations learn that many drivers boast about.,syntax,filler_gap_dependency,wh_vs_that_with_gap,True,False,False,False,816,-65.45280456542969,-63.58195495605469,0
Frank investigated who the customers weren't firing.,Frank investigated that the customers weren't firing.,syntax,filler_gap_dependency,wh_vs_that_with_gap,True,False,False,False,817,-62.056243896484375,-59.72862243652344,0
Drivers did know what a lot of doctors reveal.,Drivers did know that a lot of doctors reveal.,syntax,filler_gap_dependency,wh_vs_that_with_gap,True,False,False,False,818,-65.58415222167969,-66.34051513671875,1
Those actresses aren't revealing who this pedestrian scared.,Those actresses aren't revealing that this pedestrian scared.,syntax,filler_gap_dependency,wh_vs_that_with_gap,True,False,False,False,819,-74.66787719726562,-76.72696685791016,1
A lot of women remember who some guy should work with.,A lot of women remember that some guy should work with.,syntax,filler_gap_dependency,wh_vs_that_with_gap,True,False,False,False,820,-60.27595520019531,-62.65203857421875,1
Veronica forgets who some boys wouldn't return to.,Veronica forgets that some boys wouldn't return to.,syntax,filler_gap_dependency,wh_vs_that_with_gap,True,False,False,False,821,-71.57040405273438,-68.93601989746094,0
These adults can discover what every teenager lifts.,These adults can discover that every teenager lifts.,syntax,filler_gap_dependency,wh_vs_that_with_gap,True,False,False,False,822,-65.88824462890625,-69.49244689941406,1
Timothy couldn't investigate what that child hasn't biked to.,Timothy couldn't investigate that that child hasn't biked to.,syntax,filler_gap_dependency,wh_vs_that_with_gap,True,False,False,False,823,-79.01422119140625,-85.2824478149414,1
Some school found out who all teachers reveal.,Some school found out that all teachers reveal.,syntax,filler_gap_dependency,wh_vs_that_with_gap,True,False,False,False,824,-65.44769287109375,-60.732025146484375,0
Most pedestrians conceal who some organization isn't working with.,Most pedestrians conceal that some organization isn't working with.,syntax,filler_gap_dependency,wh_vs_that_with_gap,True,False,False,False,825,-76.69517517089844,-74.47296142578125,0
Most banks learn who most guests escaped from.,Most banks learn that most guests escaped from.,syntax,filler_gap_dependency,wh_vs_that_with_gap,True,False,False,False,826,-71.84912109375,-67.64655303955078,0
Sharon wasn't remembering who most girls work with.,Sharon wasn't remembering that most girls work with.,syntax,filler_gap_dependency,wh_vs_that_with_gap,True,False,False,False,827,-69.40849304199219,-69.0322265625,0
Beverly can't remember who that actress talks about.,Beverly can't remember that that actress talks about.,syntax,filler_gap_dependency,wh_vs_that_with_gap,True,False,False,False,828,-56.29560089111328,-66.83186340332031,1
Joseph had learned who the boy had fled from.,Joseph had learned that the boy had fled from.,syntax,filler_gap_dependency,wh_vs_that_with_gap,True,False,False,False,829,-55.1209602355957,-54.820648193359375,0
Kristen is learning who children complain about.,Kristen is learning that children complain about.,syntax,filler_gap_dependency,wh_vs_that_with_gap,True,False,False,False,830,-60.758888244628906,-58.76051330566406,0
All men realize what a waiter arrived at.,All men realize that a waiter arrived at.,syntax,filler_gap_dependency,wh_vs_that_with_gap,True,False,False,False,831,-57.20548629760742,-58.89067840576172,1
Craig figured out who every play disagrees with.,Craig figured out that every play disagrees with.,syntax,filler_gap_dependency,wh_vs_that_with_gap,True,False,False,False,832,-64.10795593261719,-65.4915771484375,1
Frank hadn't learned what many doctors go to.,Frank hadn't learned that many doctors go to.,syntax,filler_gap_dependency,wh_vs_that_with_gap,True,False,False,False,833,-60.06113052368164,-60.05656433105469,0
Ella figures out what those teenagers drove to.,Ella figures out that those teenagers drove to.,syntax,filler_gap_dependency,wh_vs_that_with_gap,True,False,False,False,834,-60.652034759521484,-66.93241882324219,1
Rachel wasn't revealing who this man didn't boast about.,Rachel wasn't revealing that this man didn't boast about.,syntax,filler_gap_dependency,wh_vs_that_with_gap,True,False,False,False,835,-65.15626525878906,-71.3790054321289,1
Some teenagers remember who this sketch looks like.,Some teenagers remember that this sketch looks like.,syntax,filler_gap_dependency,wh_vs_that_with_gap,True,False,False,False,836,-56.4594612121582,-62.68586730957031,1
Martha didn't figure out what that adult dropped by.,Martha didn't figure out that that adult dropped by.,syntax,filler_gap_dependency,wh_vs_that_with_gap,True,False,False,False,837,-64.68426513671875,-70.82015228271484,1
Clyde was remembering what every patient would bike to.,Clyde was remembering that every patient would bike to.,syntax,filler_gap_dependency,wh_vs_that_with_gap,True,False,False,False,838,-71.18276977539062,-75.46874237060547,1
Maria wasn't figuring out who a lot of adults might boast about.,Maria wasn't figuring out that a lot of adults might boast about.,syntax,filler_gap_dependency,wh_vs_that_with_gap,True,False,False,False,839,-73.41500854492188,-78.34613037109375,1
Those associations revealed who all cashiers talk to.,Those associations revealed that all cashiers talk to.,syntax,filler_gap_dependency,wh_vs_that_with_gap,True,False,False,False,840,-72.97877502441406,-71.68575286865234,0
Matt was concealing what that waiter complains about.,Matt was concealing that that waiter complains about.,syntax,filler_gap_dependency,wh_vs_that_with_gap,True,False,False,False,841,-65.31024169921875,-72.75235748291016,1
Craig remembers who every man wasn't fleeing from.,Craig remembers that every man wasn't fleeing from.,syntax,filler_gap_dependency,wh_vs_that_with_gap,True,False,False,False,842,-67.47181701660156,-65.55586242675781,0
Melissa remembered who these snakes find.,Melissa remembered that these snakes find.,syntax,filler_gap_dependency,wh_vs_that_with_gap,True,False,False,False,843,-59.398284912109375,-62.44744873046875,1
Janet investigates who cashiers don't argue about.,Janet investigates that cashiers don't argue about.,syntax,filler_gap_dependency,wh_vs_that_with_gap,True,False,False,False,844,-74.00940704345703,-71.90426635742188,0
The legislatures forget who many drivers complain about.,The legislatures forget that many drivers complain about.,syntax,filler_gap_dependency,wh_vs_that_with_gap,True,False,False,False,845,-65.49678039550781,-65.99208068847656,1
Most legislatures know who drivers cure.,Most legislatures know that drivers cure.,syntax,filler_gap_dependency,wh_vs_that_with_gap,True,False,False,False,846,-62.854190826416016,-60.17628860473633,0
Boys figure out who that patient has worked with.,Boys figure out that that patient has worked with.,syntax,filler_gap_dependency,wh_vs_that_with_gap,True,False,False,False,847,-55.67136001586914,-64.94766998291016,1
A lot of adults realize who some doctor listened to.,A lot of adults realize that some doctor listened to.,syntax,filler_gap_dependency,wh_vs_that_with_gap,True,False,False,False,848,-64.46711730957031,-61.922672271728516,0
This girl won't learn who some essay sounds like.,This girl won't learn that some essay sounds like.,syntax,filler_gap_dependency,wh_vs_that_with_gap,True,False,False,False,849,-63.78718566894531,-65.25984191894531,1
Timothy figured out what these waiters walk through.,Timothy figured out that these waiters walk through.,syntax,filler_gap_dependency,wh_vs_that_with_gap,True,False,False,False,850,-66.34437561035156,-67.80661010742188,1
Those universities weren't realizing what many actors were examining.,Those universities weren't realizing that many actors were examining.,syntax,filler_gap_dependency,wh_vs_that_with_gap,True,False,False,False,851,-71.85983276367188,-75.37881469726562,1
George isn't remembering who many men complain about.,George isn't remembering that many men complain about.,syntax,filler_gap_dependency,wh_vs_that_with_gap,True,False,False,False,852,-61.117042541503906,-64.50922393798828,1
Curtis wasn't finding out who a lot of girls disagree with.,Curtis wasn't finding out that a lot of girls disagree with.,syntax,filler_gap_dependency,wh_vs_that_with_gap,True,False,False,False,853,-68.46282196044922,-70.06498718261719,1
Those schools forget what these men admire.,Those schools forget that these men admire.,syntax,filler_gap_dependency,wh_vs_that_with_gap,True,False,False,False,854,-55.595977783203125,-61.934818267822266,1
Alexander does figure out who all adults don't conceal.,Alexander does figure out that all adults don't conceal.,syntax,filler_gap_dependency,wh_vs_that_with_gap,True,False,False,False,855,-73.41587829589844,-70.01406860351562,0
The customer discovered what many children haven't escaped from.,The customer discovered that many children haven't escaped from.,syntax,filler_gap_dependency,wh_vs_that_with_gap,True,False,False,False,856,-67.94676971435547,-68.13870239257812,1
Those waiters realize what the teenager wasn't concealing.,Those waiters realize that the teenager wasn't concealing.,syntax,filler_gap_dependency,wh_vs_that_with_gap,True,False,False,False,857,-68.2489013671875,-68.55613708496094,1
Brian had concealed what the woman dislikes.,Brian had concealed that the woman dislikes.,syntax,filler_gap_dependency,wh_vs_that_with_gap,True,False,False,False,858,-63.87004089355469,-65.39138793945312,1
Kevin isn't figuring out what some guests lifted.,Kevin isn't figuring out that some guests lifted.,syntax,filler_gap_dependency,wh_vs_that_with_gap,True,False,False,False,859,-65.41203308105469,-69.83818817138672,1
Adults learn who those women hadn't cared for.,Adults learn that those women hadn't cared for.,syntax,filler_gap_dependency,wh_vs_that_with_gap,True,False,False,False,860,-65.17281341552734,-67.32818603515625,1
Rodney is concealing who some sketches didn't look like.,Rodney is concealing that some sketches didn't look like.,syntax,filler_gap_dependency,wh_vs_that_with_gap,True,False,False,False,861,-72.55770874023438,-69.71160125732422,0
These committees realize who every school listens to.,These committees realize that every school listens to.,syntax,filler_gap_dependency,wh_vs_that_with_gap,True,False,False,False,862,-64.104736328125,-62.72794723510742,0
Rebecca realized who an offspring complains about.,Rebecca realized that an offspring complains about.,syntax,filler_gap_dependency,wh_vs_that_with_gap,True,False,False,False,863,-70.80024719238281,-72.19408416748047,1
Jesus hasn't known who these committees talk to.,Jesus hasn't known that these committees talk to.,syntax,filler_gap_dependency,wh_vs_that_with_gap,True,False,False,False,864,-59.46111297607422,-65.90398406982422,1
Many universities find out what some women aren't fleeing from.,Many universities find out that some women aren't fleeing from.,syntax,filler_gap_dependency,wh_vs_that_with_gap,True,False,False,False,865,-71.91215515136719,-72.321044921875,1
Dan reveals what those people concealed.,Dan reveals that those people concealed.,syntax,filler_gap_dependency,wh_vs_that_with_gap,True,False,False,False,866,-51.24658966064453,-53.19056701660156,1
Stephanie remembered what every driver can walk through.,Stephanie remembered that every driver can walk through.,syntax,filler_gap_dependency,wh_vs_that_with_gap,True,False,False,False,867,-63.096534729003906,-62.562705993652344,0
David isn't remembering who the customers fled from.,David isn't remembering that the customers fled from.,syntax,filler_gap_dependency,wh_vs_that_with_gap,True,False,False,False,868,-59.8277473449707,-66.97649383544922,1
Many schools find out who a lot of libraries fire.,Many schools find out that a lot of libraries fire.,syntax,filler_gap_dependency,wh_vs_that_with_gap,True,False,False,False,869,-68.132568359375,-63.22325134277344,0
Bethany knows who a lot of women are talking to.,Bethany knows that a lot of women are talking to.,syntax,filler_gap_dependency,wh_vs_that_with_gap,True,False,False,False,870,-54.468727111816406,-55.32633972167969,1
All universities weren't concealing who the offspring flees from.,All universities weren't concealing that the offspring flees from.,syntax,filler_gap_dependency,wh_vs_that_with_gap,True,False,False,False,871,-83.3758544921875,-86.26595306396484,1
Larry can remember who commentaries shouldn't sound like.,Larry can remember that commentaries shouldn't sound like.,syntax,filler_gap_dependency,wh_vs_that_with_gap,True,False,False,False,872,-73.54857635498047,-73.10609436035156,0
Jill revealed what a doctor biked to.,Jill revealed that a doctor biked to.,syntax,filler_gap_dependency,wh_vs_that_with_gap,True,False,False,False,873,-64.72940063476562,-64.2763671875,0
Victoria had forgotten what this man bikes to.,Victoria had forgotten that this man bikes to.,syntax,filler_gap_dependency,wh_vs_that_with_gap,True,False,False,False,874,-60.876346588134766,-63.55434799194336,1
Tonya doesn't discover what many teachers had biked to.,Tonya doesn't discover that many teachers had biked to.,syntax,filler_gap_dependency,wh_vs_that_with_gap,True,False,False,False,875,-79.15742492675781,-78.32276916503906,0
Beth does reveal who a child dislikes.,Beth does reveal that a child dislikes.,syntax,filler_gap_dependency,wh_vs_that_with_gap,True,False,False,False,876,-63.27364730834961,-62.9534797668457,0
Naomi wasn't forgetting who some children sounded like.,Naomi wasn't forgetting that some children sounded like.,syntax,filler_gap_dependency,wh_vs_that_with_gap,True,False,False,False,877,-62.9153938293457,-65.98088073730469,1
Those customers learn what most teenagers go to.,Those customers learn that most teenagers go to.,syntax,filler_gap_dependency,wh_vs_that_with_gap,True,False,False,False,878,-61.153324127197266,-59.44784927368164,0
Nina conceals what this girl walked through.,Nina conceals that this girl walked through.,syntax,filler_gap_dependency,wh_vs_that_with_gap,True,False,False,False,879,-66.19541931152344,-66.3867416381836,1
Galileo wasn't learning what a woman hadn't gone to.,Galileo wasn't learning that a woman hadn't gone to.,syntax,filler_gap_dependency,wh_vs_that_with_gap,True,False,False,False,880,-71.56285095214844,-70.44998168945312,0
Carlos conceals who those students don't conceal.,Carlos conceals that those students don't conceal.,syntax,filler_gap_dependency,wh_vs_that_with_gap,True,False,False,False,881,-70.12586975097656,-68.98915100097656,0
All waiters learn what that screen resembled.,All waiters learn that that screen resembled.,syntax,filler_gap_dependency,wh_vs_that_with_gap,True,False,False,False,882,-63.454551696777344,-72.68733215332031,1
Some association has figured out who every man is fleeing from.,Some association has figured out that every man is fleeing from.,syntax,filler_gap_dependency,wh_vs_that_with_gap,True,False,False,False,883,-71.74003601074219,-69.0594711303711,0
Michael isn't realizing who most people do respect.,Michael isn't realizing that most people do respect.,syntax,filler_gap_dependency,wh_vs_that_with_gap,True,False,False,False,884,-63.32550048828125,-61.49979019165039,0
Stacy is discovering what a lot of teenagers arrive at.,Stacy is discovering that a lot of teenagers arrive at.,syntax,filler_gap_dependency,wh_vs_that_with_gap,True,False,False,False,885,-65.18729400634766,-63.29054260253906,0
The company would remember what the customer bikes to.,The company would remember that the customer bikes to.,syntax,filler_gap_dependency,wh_vs_that_with_gap,True,False,False,False,886,-69.52890014648438,-68.12753295898438,0
Adults realize what every customer doesn't escape from.,Adults realize that every customer doesn't escape from.,syntax,filler_gap_dependency,wh_vs_that_with_gap,True,False,False,False,887,-66.27311706542969,-65.26971435546875,0
Ella might conceal who the hospitals might like.,Ella might conceal that the hospitals might like.,syntax,filler_gap_dependency,wh_vs_that_with_gap,True,False,False,False,888,-69.66516876220703,-70.10255432128906,1
Every actor isn't investigating who governments were arguing about.,Every actor isn't investigating that governments were arguing about.,syntax,filler_gap_dependency,wh_vs_that_with_gap,True,False,False,False,889,-70.12725830078125,-76.42881774902344,1
Sonia had learned who the person hasn't concealed.,Sonia had learned that the person hasn't concealed.,syntax,filler_gap_dependency,wh_vs_that_with_gap,True,False,False,False,890,-66.04945373535156,-64.08056640625,0
Martin is concealing who all patients concealed.,Martin is concealing that all patients concealed.,syntax,filler_gap_dependency,wh_vs_that_with_gap,True,False,False,False,891,-69.80403137207031,-64.44708251953125,0
Alexander wasn't revealing what girls hadn't worn.,Alexander wasn't revealing that girls hadn't worn.,syntax,filler_gap_dependency,wh_vs_that_with_gap,True,False,False,False,892,-64.62061309814453,-68.64825439453125,1
Most museums did realize who every waitress worked with.,Most museums did realize that every waitress worked with.,syntax,filler_gap_dependency,wh_vs_that_with_gap,True,False,False,False,893,-76.53569030761719,-79.22049713134766,1
All teachers learn what a teacher wasn't biking to.,All teachers learn that a teacher wasn't biking to.,syntax,filler_gap_dependency,wh_vs_that_with_gap,True,False,False,False,894,-69.08113098144531,-71.82948303222656,1
Karla knows who every patient cared for.,Karla knows that every patient cared for.,syntax,filler_gap_dependency,wh_vs_that_with_gap,True,False,False,False,895,-56.39374542236328,-56.529884338378906,1
These cashiers might know who the associations admired.,These cashiers might know that the associations admired.,syntax,filler_gap_dependency,wh_vs_that_with_gap,True,False,False,False,896,-70.82865905761719,-71.31539916992188,1
Andrea learns who some actor reveals.,Andrea learns that some actor reveals.,syntax,filler_gap_dependency,wh_vs_that_with_gap,True,False,False,False,897,-59.8734245300293,-56.486572265625,0
The Lutherans could find out who most newspaper articles disagree with.,The Lutherans could find out that most newspaper articles disagree with.,syntax,filler_gap_dependency,wh_vs_that_with_gap,True,False,False,False,898,-77.94422912597656,-76.70266723632812,0
Every lady was realizing who some hospitals couldn't reference.,Every lady was realizing that some hospitals couldn't reference.,syntax,filler_gap_dependency,wh_vs_that_with_gap,True,False,False,False,899,-78.13636779785156,-76.47468566894531,0
The associations are revealing who this actress returns to.,The associations are revealing that this actress returns to.,syntax,filler_gap_dependency,wh_vs_that_with_gap,True,False,False,False,900,-58.746116638183594,-62.050331115722656,1
A lot of banks discover what every couch couldn't look like.,A lot of banks discover that every couch couldn't look like.,syntax,filler_gap_dependency,wh_vs_that_with_gap,True,False,False,False,901,-78.16886138916016,-82.96762084960938,1
Patricia learned who every public park scared.,Patricia learned that every public park scared.,syntax,filler_gap_dependency,wh_vs_that_with_gap,True,False,False,False,902,-70.16336059570312,-65.09819030761719,0
Carla remembered who some guy disagrees with.,Carla remembered that some guy disagrees with.,syntax,filler_gap_dependency,wh_vs_that_with_gap,True,False,False,False,903,-64.23085021972656,-62.615501403808594,0
Kevin was revealing what the waiter drops by.,Kevin was revealing that the waiter drops by.,syntax,filler_gap_dependency,wh_vs_that_with_gap,True,False,False,False,904,-68.92900085449219,-63.70104217529297,0
Alicia concealed who the teacher won't talk about.,Alicia concealed that the teacher won't talk about.,syntax,filler_gap_dependency,wh_vs_that_with_gap,True,False,False,False,905,-67.22605895996094,-63.899658203125,0
Some guys learn who most waitresses aren't arguing about.,Some guys learn that most waitresses aren't arguing about.,syntax,filler_gap_dependency,wh_vs_that_with_gap,True,False,False,False,906,-76.12395477294922,-71.31502532958984,0
Steven knew what some doctor arrives at.,Steven knew that some doctor arrives at.,syntax,filler_gap_dependency,wh_vs_that_with_gap,True,False,False,False,907,-60.947242736816406,-62.780967712402344,1
Todd couldn't forget what some children are wearing.,Todd couldn't forget that some children are wearing.,syntax,filler_gap_dependency,wh_vs_that_with_gap,True,False,False,False,908,-52.40673065185547,-61.163726806640625,1
Some waitress is forgetting what some lady had found.,Some waitress is forgetting that some lady had found.,syntax,filler_gap_dependency,wh_vs_that_with_gap,True,False,False,False,909,-63.40547180175781,-67.60442352294922,1
All guys might reveal who every man dislikes.,All guys might reveal that every man dislikes.,syntax,filler_gap_dependency,wh_vs_that_with_gap,True,False,False,False,910,-68.25593566894531,-70.43630981445312,1
Natalie learned who adults do flee from.,Natalie learned that adults do flee from.,syntax,filler_gap_dependency,wh_vs_that_with_gap,True,False,False,False,911,-69.2300796508789,-64.2479248046875,0
Those boys discover who some pedestrians flee from.,Those boys discover that some pedestrians flee from.,syntax,filler_gap_dependency,wh_vs_that_with_gap,True,False,False,False,912,-67.44613647460938,-63.889610290527344,0
Many doctors realized who these libraries had concealed.,Many doctors realized that these libraries had concealed.,syntax,filler_gap_dependency,wh_vs_that_with_gap,True,False,False,False,913,-68.93659210205078,-66.12862396240234,0
Students realize who drawings look like.,Students realize that drawings look like.,syntax,filler_gap_dependency,wh_vs_that_with_gap,True,False,False,False,914,-48.69517517089844,-49.532196044921875,1
Ladies discovered what that customer walks through.,Ladies discovered that that customer walks through.,syntax,filler_gap_dependency,wh_vs_that_with_gap,True,False,False,False,915,-68.80592346191406,-67.85414123535156,0
Edward investigates who many ladies talk about.,Edward investigates that many ladies talk about.,syntax,filler_gap_dependency,wh_vs_that_with_gap,True,False,False,False,916,-57.10448455810547,-63.48503112792969,1
Marie would learn what an adult drops by.,Marie would learn that an adult drops by.,syntax,filler_gap_dependency,wh_vs_that_with_gap,True,False,False,False,917,-60.968421936035156,-60.696685791015625,0
A lot of dancers remembered who this actor respected.,A lot of dancers remembered that this actor respected.,syntax,filler_gap_dependency,wh_vs_that_with_gap,True,False,False,False,918,-65.2768325805664,-67.53715515136719,1
Homer is investigating who actresses reveal.,Homer is investigating that actresses reveal.,syntax,filler_gap_dependency,wh_vs_that_with_gap,True,False,False,False,919,-59.80183029174805,-61.732425689697266,1
This child wouldn't figure out what every actress admires.,This child wouldn't figure out that every actress admires.,syntax,filler_gap_dependency,wh_vs_that_with_gap,True,False,False,False,920,-66.22586059570312,-70.749267578125,1
Some museum shouldn't learn who that customer returned to.,Some museum shouldn't learn that that customer returned to.,syntax,filler_gap_dependency,wh_vs_that_with_gap,True,False,False,False,921,-79.65419006347656,-83.78256225585938,1
Kathleen wasn't realizing who those doctors don't argue about.,Kathleen wasn't realizing that those doctors don't argue about.,syntax,filler_gap_dependency,wh_vs_that_with_gap,True,False,False,False,922,-76.42886352539062,-74.83584594726562,0
Customers discover what those girls bike to.,Customers discover that those girls bike to.,syntax,filler_gap_dependency,wh_vs_that_with_gap,True,False,False,False,923,-64.0843734741211,-62.46311950683594,0
Becky wasn't revealing who a doctor respects.,Becky wasn't revealing that a doctor respects.,syntax,filler_gap_dependency,wh_vs_that_with_gap,True,False,False,False,924,-67.61650085449219,-70.59808349609375,1
Jane learned what every guy will wear.,Jane learned that every guy will wear.,syntax,filler_gap_dependency,wh_vs_that_with_gap,True,False,False,False,925,-50.394142150878906,-57.86842346191406,1
Gary wasn't discovering what the teacher examined.,Gary wasn't discovering that the teacher examined.,syntax,filler_gap_dependency,wh_vs_that_with_gap,True,False,False,False,926,-62.327674865722656,-67.51274871826172,1
Leslie wasn't remembering who a student has fled from.,Leslie wasn't remembering that a student has fled from.,syntax,filler_gap_dependency,wh_vs_that_with_gap,True,False,False,False,927,-70.69303894042969,-71.0875244140625,1
Some association isn't finding out what some guest lifts.,Some association isn't finding out that some guest lifts.,syntax,filler_gap_dependency,wh_vs_that_with_gap,True,False,False,False,928,-79.51588439941406,-78.99857330322266,0
Natalie forgot what all adults had dropped by.,Natalie forgot that all adults had dropped by.,syntax,filler_gap_dependency,wh_vs_that_with_gap,True,False,False,False,929,-64.28773498535156,-65.76913452148438,1
Brett didn't learn who this book didn't sound like.,Brett didn't learn that this book didn't sound like.,syntax,filler_gap_dependency,wh_vs_that_with_gap,True,False,False,False,930,-65.70235443115234,-63.54872131347656,0
That lady knows who many museums listened to.,That lady knows that many museums listened to.,syntax,filler_gap_dependency,wh_vs_that_with_gap,True,False,False,False,931,-60.88808059692383,-61.634849548339844,1
Suzanne investigated who a university talks to.,Suzanne investigated that a university talks to.,syntax,filler_gap_dependency,wh_vs_that_with_gap,True,False,False,False,932,-66.52111053466797,-68.61654663085938,1
Paula hasn't investigated what the actress had biked to.,Paula hasn't investigated that the actress had biked to.,syntax,filler_gap_dependency,wh_vs_that_with_gap,True,False,False,False,933,-72.8437728881836,-77.04227447509766,1
Every school would know who that woman respected.,Every school would know that that woman respected.,syntax,filler_gap_dependency,wh_vs_that_with_gap,True,False,False,False,934,-57.38957977294922,-60.3482666015625,1
Kevin revealed who the child hadn't talked about.,Kevin revealed that the child hadn't talked about.,syntax,filler_gap_dependency,wh_vs_that_with_gap,True,False,False,False,935,-60.73039245605469,-62.248165130615234,1
Carlos has found out who those guys hadn't boasted about.,Carlos has found out that those guys hadn't boasted about.,syntax,filler_gap_dependency,wh_vs_that_with_gap,True,False,False,False,936,-66.01468658447266,-68.89627075195312,1
Gerald was revealing what many customers drive to.,Gerald was revealing that many customers drive to.,syntax,filler_gap_dependency,wh_vs_that_with_gap,True,False,False,False,937,-65.10033416748047,-66.45660400390625,1
Eric isn't concealing what a man has examined.,Eric isn't concealing that a man has examined.,syntax,filler_gap_dependency,wh_vs_that_with_gap,True,False,False,False,938,-63.85005187988281,-66.90693664550781,1
Ann realized what an ox finds.,Ann realized that an ox finds.,syntax,filler_gap_dependency,wh_vs_that_with_gap,True,False,False,False,939,-56.595787048339844,-58.536590576171875,1
Karen isn't learning who some boy was referencing.,Karen isn't learning that some boy was referencing.,syntax,filler_gap_dependency,wh_vs_that_with_gap,True,False,False,False,940,-69.9561538696289,-73.80413818359375,1
Committees were realizing who all guests return to.,Committees were realizing that all guests return to.,syntax,filler_gap_dependency,wh_vs_that_with_gap,True,False,False,False,941,-75.57704162597656,-71.15867614746094,0
All companies remember what all ladies were finding.,All companies remember that all ladies were finding.,syntax,filler_gap_dependency,wh_vs_that_with_gap,True,False,False,False,942,-62.69202423095703,-67.07987213134766,1
Omar realizes who these women talked about.,Omar realizes that these women talked about.,syntax,filler_gap_dependency,wh_vs_that_with_gap,True,False,False,False,943,-52.494712829589844,-55.224700927734375,1
Spain is forgetting who the dancer talks to.,Spain is forgetting that the dancer talks to.,syntax,filler_gap_dependency,wh_vs_that_with_gap,True,False,False,False,944,-56.35485076904297,-63.96122741699219,1
Derek learns what some photograph has looked like.,Derek learns that some photograph has looked like.,syntax,filler_gap_dependency,wh_vs_that_with_gap,True,False,False,False,945,-58.99871063232422,-68.36776733398438,1
Mary had realized what some child arrives at.,Mary had realized that some child arrives at.,syntax,filler_gap_dependency,wh_vs_that_with_gap,True,False,False,False,946,-65.18762969970703,-67.3520736694336,1
Every waitress hasn't known what adults sound like.,Every waitress hasn't known that adults sound like.,syntax,filler_gap_dependency,wh_vs_that_with_gap,True,False,False,False,947,-65.2314224243164,-72.97918701171875,1
Suzanne realized who a lot of girls aren't curing.,Suzanne realized that a lot of girls aren't curing.,syntax,filler_gap_dependency,wh_vs_that_with_gap,True,False,False,False,948,-73.08331298828125,-63.59540557861328,0
Claire isn't learning who many children don't work with.,Claire isn't learning that many children don't work with.,syntax,filler_gap_dependency,wh_vs_that_with_gap,True,False,False,False,949,-69.98234558105469,-67.70854949951172,0
Pamela concealed who some couches scare.,Pamela concealed that some couches scare.,syntax,filler_gap_dependency,wh_vs_that_with_gap,True,False,False,False,950,-75.6829833984375,-67.99120330810547,0
Jennifer hadn't realized who most waitresses have complained about.,Jennifer hadn't realized that most waitresses have complained about.,syntax,filler_gap_dependency,wh_vs_that_with_gap,True,False,False,False,951,-81.26646423339844,-75.06147766113281,0
Raymond hasn't known who that child has fired.,Raymond hasn't known that that child has fired.,syntax,filler_gap_dependency,wh_vs_that_with_gap,True,False,False,False,952,-63.97301483154297,-67.04220581054688,1
Anna realized what that waiter has walked through.,Anna realized that that waiter has walked through.,syntax,filler_gap_dependency,wh_vs_that_with_gap,True,False,False,False,953,-63.96105194091797,-65.06695556640625,1
A lot of libraries realize what the customer lifts.,A lot of libraries realize that the customer lifts.,syntax,filler_gap_dependency,wh_vs_that_with_gap,True,False,False,False,954,-63.532684326171875,-61.57623291015625,0
Most banks hadn't realized who the girls could care for.,Most banks hadn't realized that the girls could care for.,syntax,filler_gap_dependency,wh_vs_that_with_gap,True,False,False,False,955,-68.44470977783203,-69.74320220947266,1
All women are investigating what every woman had driven to.,All women are investigating that every woman had driven to.,syntax,filler_gap_dependency,wh_vs_that_with_gap,True,False,False,False,956,-68.02655029296875,-73.52764129638672,1
Keith has figured out who some woman will talk to.,Keith has figured out that some woman will talk to.,syntax,filler_gap_dependency,wh_vs_that_with_gap,True,False,False,False,957,-58.726951599121094,-64.23340606689453,1
Liam couldn't find out what many waitresses went to.,Liam couldn't find out that many waitresses went to.,syntax,filler_gap_dependency,wh_vs_that_with_gap,True,False,False,False,958,-63.223472595214844,-68.59066772460938,1
Rachel did find out what these men aren't dropping by.,Rachel did find out that these men aren't dropping by.,syntax,filler_gap_dependency,wh_vs_that_with_gap,True,False,False,False,959,-68.7728271484375,-63.144718170166016,0
These children reveal what all drivers dropped by.,These children reveal that all drivers dropped by.,syntax,filler_gap_dependency,wh_vs_that_with_gap,True,False,False,False,960,-70.80766296386719,-68.43993377685547,0
Deanna isn't discovering what many patients wouldn't walk through.,Deanna isn't discovering that many patients wouldn't walk through.,syntax,filler_gap_dependency,wh_vs_that_with_gap,True,False,False,False,961,-77.72035217285156,-79.47967529296875,1
A driver was revealing who this patient had listened to.,A driver was revealing that this patient had listened to.,syntax,filler_gap_dependency,wh_vs_that_with_gap,True,False,False,False,962,-67.54501342773438,-73.16056060791016,1
All libraries learn who those guys have escaped from.,All libraries learn that those guys have escaped from.,syntax,filler_gap_dependency,wh_vs_that_with_gap,True,False,False,False,963,-65.73929595947266,-67.39849853515625,1
Stacy would find out who the committee is working with.,Stacy would find out that the committee is working with.,syntax,filler_gap_dependency,wh_vs_that_with_gap,True,False,False,False,964,-54.37960433959961,-60.969356536865234,1
This committee doesn't reveal who every woman has cured.,This committee doesn't reveal that every woman has cured.,syntax,filler_gap_dependency,wh_vs_that_with_gap,True,False,False,False,965,-67.5370864868164,-65.91716003417969,0
Guys remember who the government works with.,Guys remember that the government works with.,syntax,filler_gap_dependency,wh_vs_that_with_gap,True,False,False,False,966,-45.72068405151367,-47.28271484375,1
The schools are remembering who some waiter has escaped from.,The schools are remembering that some waiter has escaped from.,syntax,filler_gap_dependency,wh_vs_that_with_gap,True,False,False,False,967,-73.59065246582031,-72.72600555419922,0
Every teenager discovered who this actor wasn't concealing.,Every teenager discovered that this actor wasn't concealing.,syntax,filler_gap_dependency,wh_vs_that_with_gap,True,False,False,False,968,-66.60626220703125,-65.16429138183594,0
George was remembering what some girls examine.,George was remembering that some girls examine.,syntax,filler_gap_dependency,wh_vs_that_with_gap,True,False,False,False,969,-60.72655487060547,-64.45631408691406,1
Some libraries learn who these customers return to.,Some libraries learn that these customers return to.,syntax,filler_gap_dependency,wh_vs_that_with_gap,True,False,False,False,970,-59.380062103271484,-61.790374755859375,1
Some bank was finding out who all companies aren't working with.,Some bank was finding out that all companies aren't working with.,syntax,filler_gap_dependency,wh_vs_that_with_gap,True,False,False,False,971,-76.40507507324219,-72.77470397949219,0
Cynthia figured out who this teenager can boast about.,Cynthia figured out that this teenager can boast about.,syntax,filler_gap_dependency,wh_vs_that_with_gap,True,False,False,False,972,-64.67564392089844,-65.74586486816406,1
Bill conceals what many senators lift.,Bill conceals that many senators lift.,syntax,filler_gap_dependency,wh_vs_that_with_gap,True,False,False,False,973,-67.7459716796875,-64.83131408691406,0
Carrie has forgotten who those students aren't disagreeing with.,Carrie has forgotten that those students aren't disagreeing with.,syntax,filler_gap_dependency,wh_vs_that_with_gap,True,False,False,False,974,-71.73533630371094,-77.04380798339844,1
This man was figuring out who all adults aren't disagreeing with.,This man was figuring out that all adults aren't disagreeing with.,syntax,filler_gap_dependency,wh_vs_that_with_gap,True,False,False,False,975,-73.69387817382812,-76.39634704589844,1
Colleen shouldn't know what some libraries hadn't admired.,Colleen shouldn't know that some libraries hadn't admired.,syntax,filler_gap_dependency,wh_vs_that_with_gap,True,False,False,False,976,-77.41644287109375,-77.70616149902344,1
Kristen forgot what a lot of people hadn't biked to.,Kristen forgot that a lot of people hadn't biked to.,syntax,filler_gap_dependency,wh_vs_that_with_gap,True,False,False,False,977,-71.06758117675781,-70.8592300415039,0
John hasn't revealed what this guest wasn't lifting.,John hasn't revealed that this guest wasn't lifting.,syntax,filler_gap_dependency,wh_vs_that_with_gap,True,False,False,False,978,-68.96295166015625,-67.39925384521484,0
Christine figured out what a dancer was dropping by.,Christine figured out that a dancer was dropping by.,syntax,filler_gap_dependency,wh_vs_that_with_gap,True,False,False,False,979,-61.497493743896484,-59.269264221191406,0
Kenneth isn't investigating what these guests examined.,Kenneth isn't investigating that these guests examined.,syntax,filler_gap_dependency,wh_vs_that_with_gap,True,False,False,False,980,-67.95146942138672,-71.39801025390625,1
A lot of patients might remember what most actors biked to.,A lot of patients might remember that most actors biked to.,syntax,filler_gap_dependency,wh_vs_that_with_gap,True,False,False,False,981,-71.52535247802734,-74.37467956542969,1
Julie had concealed what that woman isn't finding.,Julie had concealed that that woman isn't finding.,syntax,filler_gap_dependency,wh_vs_that_with_gap,True,False,False,False,982,-68.04122924804688,-70.64766693115234,1
Cynthia hadn't found out what the teacher has walked through.,Cynthia hadn't found out that the teacher has walked through.,syntax,filler_gap_dependency,wh_vs_that_with_gap,True,False,False,False,983,-68.15338134765625,-70.900634765625,1
All banks remember who most committees hadn't concealed.,All banks remember that most committees hadn't concealed.,syntax,filler_gap_dependency,wh_vs_that_with_gap,True,False,False,False,984,-79.2530517578125,-74.41339874267578,0
Liam is discovering who women hadn't fled from.,Liam is discovering that women hadn't fled from.,syntax,filler_gap_dependency,wh_vs_that_with_gap,True,False,False,False,985,-72.16441345214844,-68.87934875488281,0
Jodi investigated what a lot of children are concealing.,Jodi investigated that a lot of children are concealing.,syntax,filler_gap_dependency,wh_vs_that_with_gap,True,False,False,False,986,-64.80357360839844,-68.80522155761719,1
Andrea found out who this boy had cured.,Andrea found out that this boy had cured.,syntax,filler_gap_dependency,wh_vs_that_with_gap,True,False,False,False,987,-58.71885681152344,-56.40599060058594,0
Danielle is concealing who the teachers did reveal.,Danielle is concealing that the teachers did reveal.,syntax,filler_gap_dependency,wh_vs_that_with_gap,True,False,False,False,988,-66.90662384033203,-64.11605834960938,0
Deborah finds out what a child doesn't bike to.,Deborah finds out that a child doesn't bike to.,syntax,filler_gap_dependency,wh_vs_that_with_gap,True,False,False,False,989,-65.02027893066406,-66.27297973632812,1
Stacey knew what this dancer walks through.,Stacey knew that this dancer walks through.,syntax,filler_gap_dependency,wh_vs_that_with_gap,True,False,False,False,990,-65.35874938964844,-64.97138977050781,0
Stacy hadn't remembered what a woman examines.,Stacy hadn't remembered that a woman examines.,syntax,filler_gap_dependency,wh_vs_that_with_gap,True,False,False,False,991,-62.8914794921875,-66.86151885986328,1
Wayne hadn't found out what a woman walks through.,Wayne hadn't found out that a woman walks through.,syntax,filler_gap_dependency,wh_vs_that_with_gap,True,False,False,False,992,-62.32109451293945,-61.80335235595703,0
This adult realizes what every guy is lifting.,This adult realizes that every guy is lifting.,syntax,filler_gap_dependency,wh_vs_that_with_gap,True,False,False,False,993,-60.66195297241211,-60.09733963012695,0
Tanya finds out who those men dislike.,Tanya finds out that those men dislike.,syntax,filler_gap_dependency,wh_vs_that_with_gap,True,False,False,False,994,-54.374351501464844,-60.870059967041016,1
Bethany discovers what every teacher drives to.,Bethany discovers that every teacher drives to.,syntax,filler_gap_dependency,wh_vs_that_with_gap,True,False,False,False,995,-61.72625732421875,-63.83900451660156,1
Laura has known who the children work with.,Laura has known that the children work with.,syntax,filler_gap_dependency,wh_vs_that_with_gap,True,False,False,False,996,-54.06682586669922,-54.364013671875,1
Claire was remembering who that guy talks about.,Claire was remembering that that guy talks about.,syntax,filler_gap_dependency,wh_vs_that_with_gap,True,False,False,False,997,-62.377891540527344,-65.35968780517578,1
Some hospitals find out what most men weren't lifting.,Some hospitals find out that most men weren't lifting.,syntax,filler_gap_dependency,wh_vs_that_with_gap,True,False,False,False,998,-71.66905975341797,-68.73461151123047,0
Patrick investigated who the guy worked with.,Patrick investigated that the guy worked with.,syntax,filler_gap_dependency,wh_vs_that_with_gap,True,False,False,False,999,-49.773094177246094,-55.91672134399414,1
