sentence_good,sentence_bad,field,linguistics_term,UID,simple_LM_method,one_prefix_method,two_prefix_method,lexically_identical,pair_id,good_prob,bad_prob,correct
Some waiters broke this lost foot.,Some waiters broke this lost feet.,morphology,determiner_noun_agreement,determiner_noun_agreement_with_adj_irregular_1,True,True,False,True,0,-60.22491455078125,-62.28182601928711,1
The company talks about those big women.,The company talks about those big woman.,morphology,determiner_noun_agreement,determiner_noun_agreement_with_adj_irregular_1,True,True,False,True,1,-43.324954986572266,-47.36833190917969,1
This blouse astounds this lost woman.,This blouse astounds this lost women.,morphology,determiner_noun_agreement,determiner_noun_agreement_with_adj_irregular_1,True,True,False,True,2,-67.10701751708984,-67.41322326660156,1
David wasn't kissing these standing children.,David wasn't kissing these standing child.,morphology,determiner_noun_agreement,determiner_noun_agreement_with_adj_irregular_1,True,True,False,True,3,-59.949771881103516,-63.896148681640625,1
This person shouldn't criticize this upset child.,This person shouldn't criticize this upset children.,morphology,determiner_noun_agreement,determiner_noun_agreement_with_adj_irregular_1,True,True,False,True,4,-58.71208953857422,-59.58785629272461,1
These tomatoes astound that concealed person.,These tomatoes astound that concealed people.,morphology,determiner_noun_agreement,determiner_noun_agreement_with_adj_irregular_1,True,True,False,True,5,-74.03811645507812,-71.22315979003906,0
Sally hasn't cleaned these white oxen.,Sally hasn't cleaned these white ox.,morphology,determiner_noun_agreement,determiner_noun_agreement_with_adj_irregular_1,True,True,False,True,6,-65.72901916503906,-66.06863403320312,1
These doors would astound those happy children.,These doors would astound those happy child.,morphology,determiner_noun_agreement,determiner_noun_agreement_with_adj_irregular_1,True,True,False,True,7,-62.880821228027344,-66.47962188720703,1
Katherine is biking to these red oases.,Katherine is biking to these red oasis.,morphology,determiner_noun_agreement,determiner_noun_agreement_with_adj_irregular_1,True,True,False,True,8,-69.6493911743164,-70.36012268066406,1
Katherine hadn't praised this lost man.,Katherine hadn't praised this lost men.,morphology,determiner_noun_agreement,determiner_noun_agreement_with_adj_irregular_1,True,True,False,True,9,-57.25411605834961,-60.508506774902344,1
The driver sees that unlucky person.,The driver sees that unlucky people.,morphology,determiner_noun_agreement,determiner_noun_agreement_with_adj_irregular_1,True,True,False,True,10,-48.01917266845703,-46.62270736694336,0
Edward hadn't described this nice woman.,Edward hadn't described this nice women.,morphology,determiner_noun_agreement,determiner_noun_agreement_with_adj_irregular_1,True,True,False,True,11,-50.552215576171875,-53.70881652832031,1
Heidi returns to that big woman.,Heidi returns to that big women.,morphology,determiner_noun_agreement,determiner_noun_agreement_with_adj_irregular_1,True,True,False,True,12,-49.06056213378906,-52.358741760253906,1
Sara listened to that unconvinced person.,Sara listened to that unconvinced people.,morphology,determiner_noun_agreement,determiner_noun_agreement_with_adj_irregular_1,True,True,False,True,13,-54.96640396118164,-53.89118957519531,0
Samuel had listened to these concealed people.,Samuel had listened to these concealed person.,morphology,determiner_noun_agreement,determiner_noun_agreement_with_adj_irregular_1,True,True,False,True,14,-59.54773712158203,-62.95630645751953,1
Richard flees from those unconvinced men.,Richard flees from those unconvinced man.,morphology,determiner_noun_agreement,determiner_noun_agreement_with_adj_irregular_1,True,True,False,True,15,-64.83223724365234,-66.53209686279297,1
Monica is cleaning that hidden axis.,Monica is cleaning that hidden axes.,morphology,determiner_noun_agreement,determiner_noun_agreement_with_adj_irregular_1,True,True,False,True,16,-64.0411376953125,-63.028839111328125,0
Veronica does break those hard teeth.,Veronica does break those hard tooth.,morphology,determiner_noun_agreement,determiner_noun_agreement_with_adj_irregular_1,True,True,False,True,17,-53.58740234375,-56.842002868652344,1
Rachel drove to those blue oases.,Rachel drove to those blue oasis.,morphology,determiner_noun_agreement,determiner_noun_agreement_with_adj_irregular_1,True,True,False,True,18,-58.96873092651367,-57.45770263671875,0
These cashiers do break this whole tooth.,These cashiers do break this whole teeth.,morphology,determiner_noun_agreement,determiner_noun_agreement_with_adj_irregular_1,True,True,False,True,19,-62.39067459106445,-63.40750503540039,1
Rose dislikes this bad synopsis.,Rose dislikes this bad synopses.,morphology,determiner_noun_agreement,determiner_noun_agreement_with_adj_irregular_1,True,True,False,True,20,-58.60844802856445,-69.06513977050781,1
Becky had fixed this hard foot.,Becky had fixed this hard feet.,morphology,determiner_noun_agreement,determiner_noun_agreement_with_adj_irregular_1,True,True,False,True,21,-57.007728576660156,-58.26139450073242,1
Gerald questioned those unconvinced men.,Gerald questioned those unconvinced man.,morphology,determiner_noun_agreement,determiner_noun_agreement_with_adj_irregular_1,True,True,False,True,22,-61.74514389038086,-62.885108947753906,1
Stacy doesn't impress this determined person.,Stacy doesn't impress this determined people.,morphology,determiner_noun_agreement,determiner_noun_agreement_with_adj_irregular_1,True,True,False,True,23,-55.10378646850586,-57.02031326293945,1
Nina won't run around this smooth oasis.,Nina won't run around this smooth oases.,morphology,determiner_noun_agreement,determiner_noun_agreement_with_adj_irregular_1,True,True,False,True,24,-69.97900390625,-72.89984130859375,1
That committee works with those out in the open women.,That committee works with those out in the open woman.,morphology,determiner_noun_agreement,determiner_noun_agreement_with_adj_irregular_1,True,True,False,True,25,-74.41506958007812,-72.38758087158203,0
Most teenagers had complained about these scared men.,Most teenagers had complained about these scared man.,morphology,determiner_noun_agreement,determiner_noun_agreement_with_adj_irregular_1,True,True,False,True,26,-54.33662796020508,-58.373165130615234,1
Bill cures those unsure alumni.,Bill cures those unsure alumnus.,morphology,determiner_noun_agreement,determiner_noun_agreement_with_adj_irregular_1,True,True,False,True,27,-63.33418273925781,-67.2034912109375,1
Derek walked through this smooth oasis.,Derek walked through this smooth oases.,morphology,determiner_noun_agreement,determiner_noun_agreement_with_adj_irregular_1,True,True,False,True,28,-62.833003997802734,-65.72587585449219,1
Some waiters work with this hidden person.,Some waiters work with this hidden people.,morphology,determiner_noun_agreement,determiner_noun_agreement_with_adj_irregular_1,True,True,False,True,29,-55.9957275390625,-59.525428771972656,1
Dennis hasn't healed these unconvinced women.,Dennis hasn't healed these unconvinced woman.,morphology,determiner_noun_agreement,determiner_noun_agreement_with_adj_irregular_1,True,True,False,True,30,-65.95931243896484,-69.11676025390625,1
Kathleen has this exposed thesis.,Kathleen has this exposed theses.,morphology,determiner_noun_agreement,determiner_noun_agreement_with_adj_irregular_1,True,True,False,True,31,-55.68057632446289,-61.10406494140625,1
Sheila loved those determined people.,Sheila loved those determined person.,morphology,determiner_noun_agreement,determiner_noun_agreement_with_adj_irregular_1,True,True,False,True,32,-55.941673278808594,-58.46215057373047,1
Guy has toured this green oasis.,Guy has toured this green oases.,morphology,determiner_noun_agreement,determiner_noun_agreement_with_adj_irregular_1,True,True,False,True,33,-58.791961669921875,-61.53636932373047,1
Some senators go to that purple oasis.,Some senators go to that purple oases.,morphology,determiner_noun_agreement,determiner_noun_agreement_with_adj_irregular_1,True,True,False,True,34,-59.791419982910156,-61.77399826049805,1
Anna should scan that bad analysis.,Anna should scan that bad analyses.,morphology,determiner_noun_agreement,determiner_noun_agreement_with_adj_irregular_1,True,True,False,True,35,-59.90205001831055,-61.64192199707031,1
Most waitresses notice that red stimulus.,Most waitresses notice that red stimuli.,morphology,determiner_noun_agreement,determiner_noun_agreement_with_adj_irregular_1,True,True,False,True,36,-68.04574584960938,-66.3664779663086,0
Diana cured those standing alumni.,Diana cured those standing alumnus.,morphology,determiner_noun_agreement,determiner_noun_agreement_with_adj_irregular_1,True,True,False,True,37,-59.05010223388672,-64.61949157714844,1
Ronald discussed that nice man.,Ronald discussed that nice men.,morphology,determiner_noun_agreement,determiner_noun_agreement_with_adj_irregular_1,True,True,False,True,38,-46.09623718261719,-48.13736343383789,1
Tonya won't buy that brown oasis.,Tonya won't buy that brown oases.,morphology,determiner_noun_agreement,determiner_noun_agreement_with_adj_irregular_1,True,True,False,True,39,-69.25480651855469,-70.14080810546875,1
Marie argued about that good synopsis.,Marie argued about that good synopses.,morphology,determiner_noun_agreement,determiner_noun_agreement_with_adj_irregular_1,True,True,False,True,40,-56.41371154785156,-67.45775604248047,1
Bradley wasn't skated around that out in the open oasis.,Bradley wasn't skated around that out in the open oases.,morphology,determiner_noun_agreement,determiner_noun_agreement_with_adj_irregular_1,True,True,False,True,41,-86.68904113769531,-89.838134765625,1
Jacqueline wasn't finding that hidden man.,Jacqueline wasn't finding that hidden men.,morphology,determiner_noun_agreement,determiner_noun_agreement_with_adj_irregular_1,True,True,False,True,42,-66.53302001953125,-68.35220336914062,1
Most commentaries hadn't impressed those clever men.,Most commentaries hadn't impressed those clever man.,morphology,determiner_noun_agreement,determiner_noun_agreement_with_adj_irregular_1,True,True,False,True,43,-74.88456726074219,-76.15878295898438,1
Bruce has worked with this lost child.,Bruce has worked with this lost children.,morphology,determiner_noun_agreement,determiner_noun_agreement_with_adj_irregular_1,True,True,False,True,44,-52.372615814208984,-53.17082595825195,1
Karla exits these orange oases.,Karla exits these orange oasis.,morphology,determiner_noun_agreement,determiner_noun_agreement_with_adj_irregular_1,True,True,False,True,45,-66.92642211914062,-68.18172454833984,1
Joseph doesn't sound like these hard theses.,Joseph doesn't sound like these hard thesis.,morphology,determiner_noun_agreement,determiner_noun_agreement_with_adj_irregular_1,True,True,False,True,46,-69.50569152832031,-66.84508514404297,0
Martha had talked to that out in the open person.,Martha had talked to that out in the open people.,morphology,determiner_noun_agreement,determiner_noun_agreement_with_adj_irregular_1,True,True,False,True,47,-72.91693115234375,-71.33673095703125,0
The vase impresses that excited woman.,The vase impresses that excited women.,morphology,determiner_noun_agreement,determiner_noun_agreement_with_adj_irregular_1,True,True,False,True,48,-63.52947235107422,-62.70880126953125,0
Kevin cleans this purple foot.,Kevin cleans this purple feet.,morphology,determiner_noun_agreement,determiner_noun_agreement_with_adj_irregular_1,True,True,False,True,49,-51.87358093261719,-53.98481750488281,1
Sheila could observe this big woman.,Sheila could observe this big women.,morphology,determiner_noun_agreement,determiner_noun_agreement_with_adj_irregular_1,True,True,False,True,50,-54.2740478515625,-57.35120391845703,1
Lisa hugs that young man.,Lisa hugs that young men.,morphology,determiner_noun_agreement,determiner_noun_agreement_with_adj_irregular_1,True,True,False,True,51,-40.83433532714844,-43.6335563659668,1
This waitress explores these black oases.,This waitress explores these black oasis.,morphology,determiner_noun_agreement,determiner_noun_agreement_with_adj_irregular_1,True,True,False,True,52,-67.85956573486328,-69.21331787109375,1
Janet boasts about that fast person.,Janet boasts about that fast people.,morphology,determiner_noun_agreement,determiner_noun_agreement_with_adj_irregular_1,True,True,False,True,53,-56.15114212036133,-57.22344207763672,1
Scott won't confuse these big people.,Scott won't confuse these big person.,morphology,determiner_noun_agreement,determiner_noun_agreement_with_adj_irregular_1,True,True,False,True,54,-49.21221160888672,-55.294761657714844,1
The movie theater was impressing that sick woman.,The movie theater was impressing that sick women.,morphology,determiner_noun_agreement,determiner_noun_agreement_with_adj_irregular_1,True,True,False,True,55,-61.733421325683594,-62.27616500854492,1
Every carriage hadn't annoyed this sick alumnus.,Every carriage hadn't annoyed this sick alumni.,morphology,determiner_noun_agreement,determiner_noun_agreement_with_adj_irregular_1,True,True,False,True,56,-82.37703704833984,-76.37901306152344,0
Ronald hadn't discussed those scared people.,Ronald hadn't discussed those scared person.,morphology,determiner_noun_agreement,determiner_noun_agreement_with_adj_irregular_1,True,True,False,True,57,-55.75589370727539,-59.26875305175781,1
This hair upsets this determined alumnus.,This hair upsets this determined alumni.,morphology,determiner_noun_agreement,determiner_noun_agreement_with_adj_irregular_1,True,True,False,True,58,-64.77935791015625,-67.23660278320312,1
Some men have lifted those exposed lice.,Some men have lifted those exposed louse.,morphology,determiner_noun_agreement,determiner_noun_agreement_with_adj_irregular_1,True,True,False,True,59,-58.17726135253906,-60.55895233154297,1
Matt was criticizing that smart man.,Matt was criticizing that smart men.,morphology,determiner_noun_agreement,determiner_noun_agreement_with_adj_irregular_1,True,True,False,True,60,-48.95399475097656,-51.370418548583984,1
Karen didn't buy this blue nucleus.,Karen didn't buy this blue nuclei.,morphology,determiner_noun_agreement,determiner_noun_agreement_with_adj_irregular_1,True,True,False,True,61,-56.27210235595703,-58.42073440551758,1
Deanna might dislike this good analysis.,Deanna might dislike this good analyses.,morphology,determiner_noun_agreement,determiner_noun_agreement_with_adj_irregular_1,True,True,False,True,62,-58.99797058105469,-62.760189056396484,1
Helen approached this busy woman.,Helen approached this busy women.,morphology,determiner_noun_agreement,determiner_noun_agreement_with_adj_irregular_1,True,True,False,True,63,-45.07849884033203,-48.451324462890625,1
Florence wasn't approaching this unconvinced woman.,Florence wasn't approaching this unconvinced women.,morphology,determiner_noun_agreement,determiner_noun_agreement_with_adj_irregular_1,True,True,False,True,64,-67.39091491699219,-70.21623229980469,1
Rachelle can't appreciate those good synopses.,Rachelle can't appreciate those good synopsis.,morphology,determiner_noun_agreement,determiner_noun_agreement_with_adj_irregular_1,True,True,False,True,65,-71.22593688964844,-62.84947967529297,0
Jennifer hadn't thought about these out in the open octopi.,Jennifer hadn't thought about these out in the open octopus.,morphology,determiner_noun_agreement,determiner_noun_agreement_with_adj_irregular_1,True,True,False,True,66,-88.63029479980469,-77.57372283935547,0
Larry described these delighted children.,Larry described these delighted child.,morphology,determiner_noun_agreement,determiner_noun_agreement_with_adj_irregular_1,True,True,False,True,67,-49.68157958984375,-56.569862365722656,1
Many ladies arrive at that black oasis.,Many ladies arrive at that black oases.,morphology,determiner_noun_agreement,determiner_noun_agreement_with_adj_irregular_1,True,True,False,True,68,-59.3005256652832,-61.02981185913086,1
Sally admires those fast women.,Sally admires those fast woman.,morphology,determiner_noun_agreement,determiner_noun_agreement_with_adj_irregular_1,True,True,False,True,69,-58.737552642822266,-60.28546905517578,1
Leslie wouldn't investigate that sick woman.,Leslie wouldn't investigate that sick women.,morphology,determiner_noun_agreement,determiner_noun_agreement_with_adj_irregular_1,True,True,False,True,70,-59.26380157470703,-60.48915100097656,1
All essays did hurt that exposed person.,All essays did hurt that exposed people.,morphology,determiner_noun_agreement,determiner_noun_agreement_with_adj_irregular_1,True,True,False,True,71,-62.933555603027344,-60.44197082519531,0
Guy wouldn't sell that hard oasis.,Guy wouldn't sell that hard oases.,morphology,determiner_noun_agreement,determiner_noun_agreement_with_adj_irregular_1,True,True,False,True,72,-54.82276916503906,-55.462738037109375,1
Some woman hated that clever man.,Some woman hated that clever men.,morphology,determiner_noun_agreement,determiner_noun_agreement_with_adj_irregular_1,True,True,False,True,73,-48.3349609375,-50.477516174316406,1
Amelia walks through this red oasis.,Amelia walks through this red oases.,morphology,determiner_noun_agreement,determiner_noun_agreement_with_adj_irregular_1,True,True,False,True,74,-62.93193435668945,-64.78137969970703,1
Susan did clean these yellow stimuli.,Susan did clean these yellow stimulus.,morphology,determiner_noun_agreement,determiner_noun_agreement_with_adj_irregular_1,True,True,False,True,75,-58.02318572998047,-61.74148941040039,1
Kristen observed that hopeful woman.,Kristen observed that hopeful women.,morphology,determiner_noun_agreement,determiner_noun_agreement_with_adj_irregular_1,True,True,False,True,76,-55.67231369018555,-54.4859619140625,0
Claire was messing up this small foot.,Claire was messing up this small feet.,morphology,determiner_noun_agreement,determiner_noun_agreement_with_adj_irregular_1,True,True,False,True,77,-54.73390197753906,-56.827659606933594,1
Some waiter hires that unemployed child.,Some waiter hires that unemployed children.,morphology,determiner_noun_agreement,determiner_noun_agreement_with_adj_irregular_1,True,True,False,True,78,-62.08242416381836,-61.60673141479492,0
Diana isn't running around that orange oasis.,Diana isn't running around that orange oases.,morphology,determiner_noun_agreement,determiner_noun_agreement_with_adj_irregular_1,True,True,False,True,79,-69.98095703125,-71.09161376953125,1
This closet hasn't scared that lucky child.,This closet hasn't scared that lucky children.,morphology,determiner_noun_agreement,determiner_noun_agreement_with_adj_irregular_1,True,True,False,True,80,-65.13929748535156,-65.05021667480469,0
That doctor had hugged that confident woman.,That doctor had hugged that confident women.,morphology,determiner_noun_agreement,determiner_noun_agreement_with_adj_irregular_1,True,True,False,True,81,-63.479515075683594,-63.39796829223633,0
The waitresses research those red theses.,The waitresses research those red thesis.,morphology,determiner_noun_agreement,determiner_noun_agreement_with_adj_irregular_1,True,True,False,True,82,-77.38694763183594,-75.46846008300781,0
Many bananas confuse these displeased women.,Many bananas confuse these displeased woman.,morphology,determiner_noun_agreement,determiner_noun_agreement_with_adj_irregular_1,True,True,False,True,83,-72.14313507080078,-76.89987182617188,1
Committees loved this red thesis.,Committees loved this red theses.,morphology,determiner_noun_agreement,determiner_noun_agreement_with_adj_irregular_1,True,True,False,True,84,-63.44242477416992,-69.19328308105469,1
Deborah observes that lost alumnus.,Deborah observes that lost alumni.,morphology,determiner_noun_agreement,determiner_noun_agreement_with_adj_irregular_1,True,True,False,True,85,-62.95780944824219,-61.6666259765625,0
Marla could break those whole feet.,Marla could break those whole foot.,morphology,determiner_noun_agreement,determiner_noun_agreement_with_adj_irregular_1,True,True,False,True,86,-62.28770065307617,-63.802547454833984,1
Regina alarmed these standing alumni.,Regina alarmed these standing alumnus.,morphology,determiner_noun_agreement,determiner_noun_agreement_with_adj_irregular_1,True,True,False,True,87,-61.3327751159668,-65.45013427734375,1
Kristen cures this scared child.,Kristen cures this scared children.,morphology,determiner_noun_agreement,determiner_noun_agreement_with_adj_irregular_1,True,True,False,True,88,-61.99789810180664,-63.405723571777344,1
All screens astound these unlucky people.,All screens astound these unlucky person.,morphology,determiner_noun_agreement,determiner_noun_agreement_with_adj_irregular_1,True,True,False,True,89,-66.49401092529297,-70.8379898071289,1
Curtis knew these confident men.,Curtis knew these confident man.,morphology,determiner_noun_agreement,determiner_noun_agreement_with_adj_irregular_1,True,True,False,True,90,-54.395957946777344,-56.12684631347656,1
Some lakes confused this unlucky woman.,Some lakes confused this unlucky women.,morphology,determiner_noun_agreement,determiner_noun_agreement_with_adj_irregular_1,True,True,False,True,91,-62.39185333251953,-66.16047668457031,1
Most men lift these blue fungi.,Most men lift these blue fungus.,morphology,determiner_noun_agreement,determiner_noun_agreement_with_adj_irregular_1,True,True,False,True,92,-58.424293518066406,-57.24962615966797,0
Kendra kissed those happy alumni.,Kendra kissed those happy alumnus.,morphology,determiner_noun_agreement,determiner_noun_agreement_with_adj_irregular_1,True,True,False,True,93,-58.86902618408203,-62.18055725097656,1
Most cakes did distract this unsure child.,Most cakes did distract this unsure children.,morphology,determiner_noun_agreement,determiner_noun_agreement_with_adj_irregular_1,True,True,False,True,94,-70.02330017089844,-72.1589584350586,1
Katherine runs around that hard oasis.,Katherine runs around that hard oases.,morphology,determiner_noun_agreement,determiner_noun_agreement_with_adj_irregular_1,True,True,False,True,95,-60.927391052246094,-62.806861877441406,1
The Impressionists pass those black oases.,The Impressionists pass those black oasis.,morphology,determiner_noun_agreement,determiner_noun_agreement_with_adj_irregular_1,True,True,False,True,96,-62.235191345214844,-62.68316650390625,1
Andrea hadn't insulted this good woman.,Andrea hadn't insulted this good women.,morphology,determiner_noun_agreement,determiner_noun_agreement_with_adj_irregular_1,True,True,False,True,97,-62.35613250732422,-65.39730834960938,1
Beth will like these happy men.,Beth will like these happy man.,morphology,determiner_noun_agreement,determiner_noun_agreement_with_adj_irregular_1,True,True,False,True,98,-49.93523025512695,-52.99755096435547,1
Clyde broke that new foot.,Clyde broke that new feet.,morphology,determiner_noun_agreement,determiner_noun_agreement_with_adj_irregular_1,True,True,False,True,99,-60.02344512939453,-60.289466857910156,1
Bradley was watching these unsure men.,Bradley was watching these unsure man.,morphology,determiner_noun_agreement,determiner_noun_agreement_with_adj_irregular_1,True,True,False,True,100,-57.1571159362793,-58.319332122802734,1
The Clintons watch this confident man.,The Clintons watch this confident men.,morphology,determiner_noun_agreement,determiner_noun_agreement_with_adj_irregular_1,True,True,False,True,101,-51.2244873046875,-54.12165832519531,1
Debra had explored those gray oases.,Debra had explored those gray oasis.,morphology,determiner_noun_agreement,determiner_noun_agreement_with_adj_irregular_1,True,True,False,True,102,-74.94076538085938,-75.1526870727539,1
Homer was driving to this smooth oasis.,Homer was driving to this smooth oases.,morphology,determiner_noun_agreement,determiner_noun_agreement_with_adj_irregular_1,True,True,False,True,103,-65.32915496826172,-68.93097686767578,1
Some girl left that sick woman.,Some girl left that sick women.,morphology,determiner_noun_agreement,determiner_noun_agreement_with_adj_irregular_1,True,True,False,True,104,-47.478790283203125,-49.6630859375,1
Those cafes confuse this old man.,Those cafes confuse this old men.,morphology,determiner_noun_agreement,determiner_noun_agreement_with_adj_irregular_1,True,True,False,True,105,-53.31060791015625,-58.70273971557617,1
Vanessa wasn't driving to that green oasis.,Vanessa wasn't driving to that green oases.,morphology,determiner_noun_agreement,determiner_noun_agreement_with_adj_irregular_1,True,True,False,True,106,-72.39982604980469,-75.43119812011719,1
Nicole has referenced these long analyses.,Nicole has referenced these long analysis.,morphology,determiner_noun_agreement,determiner_noun_agreement_with_adj_irregular_1,True,True,False,True,107,-56.405250549316406,-56.93326950073242,1
Irene doesn't bore those hopeful women.,Irene doesn't bore those hopeful woman.,morphology,determiner_noun_agreement,determiner_noun_agreement_with_adj_irregular_1,True,True,False,True,108,-62.27386474609375,-65.59347534179688,1
Colleen didn't scare this old woman.,Colleen didn't scare this old women.,morphology,determiner_noun_agreement,determiner_noun_agreement_with_adj_irregular_1,True,True,False,True,109,-47.60014343261719,-52.53052520751953,1
Most sketches have looked like this green louse.,Most sketches have looked like this green lice.,morphology,determiner_noun_agreement,determiner_noun_agreement_with_adj_irregular_1,True,True,False,True,110,-60.271217346191406,-60.72760772705078,1
Sonia can't hug those hopeful children.,Sonia can't hug those hopeful child.,morphology,determiner_noun_agreement,determiner_noun_agreement_with_adj_irregular_1,True,True,False,True,111,-58.27981185913086,-60.3120002746582,1
Helen had shocked these hopeful children.,Helen had shocked these hopeful child.,morphology,determiner_noun_agreement,determiner_noun_agreement_with_adj_irregular_1,True,True,False,True,112,-56.369667053222656,-60.86445999145508,1
Ronald messes up that exposed tooth.,Ronald messes up that exposed teeth.,morphology,determiner_noun_agreement,determiner_noun_agreement_with_adj_irregular_1,True,True,False,True,113,-62.18489074707031,-60.81101989746094,0
Sally wasn't questioning that lost woman.,Sally wasn't questioning that lost women.,morphology,determiner_noun_agreement,determiner_noun_agreement_with_adj_irregular_1,True,True,False,True,114,-60.57919692993164,-61.02677536010742,1
Jeffrey reveals these hard oases.,Jeffrey reveals these hard oasis.,morphology,determiner_noun_agreement,determiner_noun_agreement_with_adj_irregular_1,True,True,False,True,115,-56.25878143310547,-57.46937561035156,1
A book distracted these employed men.,A book distracted these employed man.,morphology,determiner_noun_agreement,determiner_noun_agreement_with_adj_irregular_1,True,True,False,True,116,-61.494720458984375,-63.27329635620117,1
Theodore couldn't praise those good synopses.,Theodore couldn't praise those good synopsis.,morphology,determiner_noun_agreement,determiner_noun_agreement_with_adj_irregular_1,True,True,False,True,117,-69.84550476074219,-63.639556884765625,0
Teresa hasn't praised that concealed man.,Teresa hasn't praised that concealed men.,morphology,determiner_noun_agreement,determiner_noun_agreement_with_adj_irregular_1,True,True,False,True,118,-61.563880920410156,-62.684608459472656,1
Marie cares for that nice child.,Marie cares for that nice children.,morphology,determiner_noun_agreement,determiner_noun_agreement_with_adj_irregular_1,True,True,False,True,119,-45.93186950683594,-47.824127197265625,1
Colleen left that popular man.,Colleen left that popular men.,morphology,determiner_noun_agreement,determiner_noun_agreement_with_adj_irregular_1,True,True,False,True,120,-45.883140563964844,-49.741092681884766,1
Julie isn't breaking those broken feet.,Julie isn't breaking those broken foot.,morphology,determiner_noun_agreement,determiner_noun_agreement_with_adj_irregular_1,True,True,False,True,121,-62.239871978759766,-64.0303726196289,1
These students walk through those new oases.,These students walk through those new oasis.,morphology,determiner_noun_agreement,determiner_noun_agreement_with_adj_irregular_1,True,True,False,True,122,-59.84770965576172,-59.57996368408203,0
That chicken would disgust this delighted child.,That chicken would disgust this delighted children.,morphology,determiner_noun_agreement,determiner_noun_agreement_with_adj_irregular_1,True,True,False,True,123,-69.51065063476562,-70.03941345214844,1
Stacy flees from those nice children.,Stacy flees from those nice child.,morphology,determiner_noun_agreement,determiner_noun_agreement_with_adj_irregular_1,True,True,False,True,124,-59.18913269042969,-62.77153778076172,1
Dan respected that purple oasis.,Dan respected that purple oases.,morphology,determiner_noun_agreement,determiner_noun_agreement_with_adj_irregular_1,True,True,False,True,125,-59.04161834716797,-60.41982650756836,1
Patricia isn't disturbing these excited men.,Patricia isn't disturbing these excited man.,morphology,determiner_noun_agreement,determiner_noun_agreement_with_adj_irregular_1,True,True,False,True,126,-60.28984069824219,-62.55971908569336,1
Carmen watched those big women.,Carmen watched those big woman.,morphology,determiner_noun_agreement,determiner_noun_agreement_with_adj_irregular_1,True,True,False,True,127,-53.7001838684082,-56.850242614746094,1
All waiters return to that orange oasis.,All waiters return to that orange oases.,morphology,determiner_noun_agreement,determiner_noun_agreement_with_adj_irregular_1,True,True,False,True,128,-70.75133514404297,-71.66873931884766,1
This organization was disgusting those important people.,This organization was disgusting those important person.,morphology,determiner_noun_agreement,determiner_noun_agreement_with_adj_irregular_1,True,True,False,True,129,-59.66313171386719,-62.56640625,1
Tina might research that bad synopsis.,Tina might research that bad synopses.,morphology,determiner_noun_agreement,determiner_noun_agreement_with_adj_irregular_1,True,True,False,True,130,-65.82997131347656,-71.07102966308594,1
Carol does heal that lost octopus.,Carol does heal that lost octopi.,morphology,determiner_noun_agreement,determiner_noun_agreement_with_adj_irregular_1,True,True,False,True,131,-71.25605773925781,-80.0141372680664,1
Bethany discusses that nice child.,Bethany discusses that nice children.,morphology,determiner_noun_agreement,determiner_noun_agreement_with_adj_irregular_1,True,True,False,True,132,-56.781639099121094,-57.002342224121094,1
Nancy hasn't known this smart child.,Nancy hasn't known this smart children.,morphology,determiner_noun_agreement,determiner_noun_agreement_with_adj_irregular_1,True,True,False,True,133,-50.78898620605469,-54.0697135925293,1
Many women approach this unsure child.,Many women approach this unsure children.,morphology,determiner_noun_agreement,determiner_noun_agreement_with_adj_irregular_1,True,True,False,True,134,-55.357723236083984,-57.21708679199219,1
Christopher leaves these concealed children.,Christopher leaves these concealed child.,morphology,determiner_noun_agreement,determiner_noun_agreement_with_adj_irregular_1,True,True,False,True,135,-47.48229217529297,-51.570430755615234,1
Jerry isn't cleaning those hard teeth.,Jerry isn't cleaning those hard tooth.,morphology,determiner_noun_agreement,determiner_noun_agreement_with_adj_irregular_1,True,True,False,True,136,-56.49808883666992,-59.57753372192383,1
Gloves should stun those unemployed men.,Gloves should stun those unemployed man.,morphology,determiner_noun_agreement,determiner_noun_agreement_with_adj_irregular_1,True,True,False,True,137,-67.0039291381836,-68.31146240234375,1
The teenager disagrees with these long synopses.,The teenager disagrees with these long synopsis.,morphology,determiner_noun_agreement,determiner_noun_agreement_with_adj_irregular_1,True,True,False,True,138,-65.26054382324219,-59.13623046875,0
Roger praised this determined child.,Roger praised this determined children.,morphology,determiner_noun_agreement,determiner_noun_agreement_with_adj_irregular_1,True,True,False,True,139,-52.781959533691406,-54.644744873046875,1
Some senators have those blue axes.,Some senators have those blue axis.,morphology,determiner_noun_agreement,determiner_noun_agreement_with_adj_irregular_1,True,True,False,True,140,-51.75548553466797,-55.87297058105469,1
Alexander hadn't escaped from this serious woman.,Alexander hadn't escaped from this serious women.,morphology,determiner_noun_agreement,determiner_noun_agreement_with_adj_irregular_1,True,True,False,True,141,-56.164306640625,-61.100711822509766,1
Many teenagers respect this sick man.,Many teenagers respect this sick men.,morphology,determiner_noun_agreement,determiner_noun_agreement_with_adj_irregular_1,True,True,False,True,142,-52.104942321777344,-56.529136657714844,1
The casserole shocks those standing alumni.,The casserole shocks those standing alumnus.,morphology,determiner_noun_agreement,determiner_noun_agreement_with_adj_irregular_1,True,True,False,True,143,-66.27009582519531,-67.92617797851562,1
Tamara boycotted that orange oasis.,Tamara boycotted that orange oases.,morphology,determiner_noun_agreement,determiner_noun_agreement_with_adj_irregular_1,True,True,False,True,144,-77.8130111694336,-78.57315063476562,1
This man cared for those lucky children.,This man cared for those lucky child.,morphology,determiner_noun_agreement,determiner_noun_agreement_with_adj_irregular_1,True,True,False,True,145,-49.50132751464844,-52.37554168701172,1
Some lady wasn't impressing those smart men.,Some lady wasn't impressing those smart man.,morphology,determiner_noun_agreement,determiner_noun_agreement_with_adj_irregular_1,True,True,False,True,146,-70.52751159667969,-71.24113464355469,1
Tracy examines that good analysis.,Tracy examines that good analyses.,morphology,determiner_noun_agreement,determiner_noun_agreement_with_adj_irregular_1,True,True,False,True,147,-48.89179992675781,-50.62653350830078,1
These malls don't confuse those young alumni.,These malls don't confuse those young alumnus.,morphology,determiner_noun_agreement,determiner_noun_agreement_with_adj_irregular_1,True,True,False,True,148,-60.00737762451172,-67.07946014404297,1
Tanya had bored this nice alumnus.,Tanya had bored this nice alumni.,morphology,determiner_noun_agreement,determiner_noun_agreement_with_adj_irregular_1,True,True,False,True,149,-68.273681640625,-68.28213500976562,1
Irene doesn't hire this unconvinced woman.,Irene doesn't hire this unconvinced women.,morphology,determiner_noun_agreement,determiner_noun_agreement_with_adj_irregular_1,True,True,False,True,150,-63.377384185791016,-65.94947814941406,1
Sandra approaches these ill men.,Sandra approaches these ill man.,morphology,determiner_noun_agreement,determiner_noun_agreement_with_adj_irregular_1,True,True,False,True,151,-50.24785614013672,-53.08873748779297,1
Marla has praised those content men.,Marla has praised those content man.,morphology,determiner_noun_agreement,determiner_noun_agreement_with_adj_irregular_1,True,True,False,True,152,-62.29893112182617,-63.68278884887695,1
Scarves had stunned that busy woman.,Scarves had stunned that busy women.,morphology,determiner_noun_agreement,determiner_noun_agreement_with_adj_irregular_1,True,True,False,True,153,-71.5218505859375,-70.76415252685547,0
Most turtles annoy that unemployed woman.,Most turtles annoy that unemployed women.,morphology,determiner_noun_agreement,determiner_noun_agreement_with_adj_irregular_1,True,True,False,True,154,-65.0924072265625,-65.39855194091797,1
Michelle wasn't attacking that scared child.,Michelle wasn't attacking that scared children.,morphology,determiner_noun_agreement,determiner_noun_agreement_with_adj_irregular_1,True,True,False,True,155,-62.2760124206543,-63.056724548339844,1
Heidi tours those red oases.,Heidi tours those red oasis.,morphology,determiner_noun_agreement,determiner_noun_agreement_with_adj_irregular_1,True,True,False,True,156,-60.240501403808594,-60.66279602050781,1
Sarah should love that brown thesis.,Sarah should love that brown theses.,morphology,determiner_noun_agreement,determiner_noun_agreement_with_adj_irregular_1,True,True,False,True,157,-59.70744705200195,-62.22032928466797,1
The Borgias have loved these bad synopses.,The Borgias have loved these bad synopsis.,morphology,determiner_noun_agreement,determiner_noun_agreement_with_adj_irregular_1,True,True,False,True,158,-74.09446716308594,-70.606689453125,0
Bill was insulting that nice woman.,Bill was insulting that nice women.,morphology,determiner_noun_agreement,determiner_noun_agreement_with_adj_irregular_1,True,True,False,True,159,-49.69375228881836,-50.902992248535156,1
Most women think about that black ox.,Most women think about that black oxen.,morphology,determiner_noun_agreement,determiner_noun_agreement_with_adj_irregular_1,True,True,False,True,160,-56.25212478637695,-56.66206359863281,1
Connie criticizes that hidden woman.,Connie criticizes that hidden women.,morphology,determiner_noun_agreement,determiner_noun_agreement_with_adj_irregular_1,True,True,False,True,161,-59.71905517578125,-62.041412353515625,1
Claire hasn't driven to those out in the open oases.,Claire hasn't driven to those out in the open oasis.,morphology,determiner_noun_agreement,determiner_noun_agreement_with_adj_irregular_1,True,True,False,True,162,-81.1520004272461,-78.4525375366211,0
Emily thought about that upset woman.,Emily thought about that upset women.,morphology,determiner_noun_agreement,determiner_noun_agreement_with_adj_irregular_1,True,True,False,True,163,-48.45928955078125,-49.75969314575195,1
Carrie has bothered this unsure person.,Carrie has bothered this unsure people.,morphology,determiner_noun_agreement,determiner_noun_agreement_with_adj_irregular_1,True,True,False,True,164,-63.08390808105469,-62.999237060546875,0
Tina didn't aggravate this happy woman.,Tina didn't aggravate this happy women.,morphology,determiner_noun_agreement,determiner_noun_agreement_with_adj_irregular_1,True,True,False,True,165,-58.08507537841797,-60.981937408447266,1
All doctors care for those clever men.,All doctors care for those clever man.,morphology,determiner_noun_agreement,determiner_noun_agreement_with_adj_irregular_1,True,True,False,True,166,-51.94157028198242,-53.96916961669922,1
David thinks about those white octopi.,David thinks about those white octopus.,morphology,determiner_noun_agreement,determiner_noun_agreement_with_adj_irregular_1,True,True,False,True,167,-66.34050750732422,-58.61699676513672,0
All college campuses were shocking this ill man.,All college campuses were shocking this ill men.,morphology,determiner_noun_agreement,determiner_noun_agreement_with_adj_irregular_1,True,True,False,True,168,-67.51161193847656,-69.46498107910156,1
Sandra wouldn't approach these uncertain women.,Sandra wouldn't approach these uncertain woman.,morphology,determiner_noun_agreement,determiner_noun_agreement_with_adj_irregular_1,True,True,False,True,169,-57.89451599121094,-62.33435821533203,1
The ladies couldn't cure those standing women.,The ladies couldn't cure those standing woman.,morphology,determiner_noun_agreement,determiner_noun_agreement_with_adj_irregular_1,True,True,False,True,170,-58.27240753173828,-59.09815216064453,1
Carmen is finding this white oasis.,Carmen is finding this white oases.,morphology,determiner_noun_agreement,determiner_noun_agreement_with_adj_irregular_1,True,True,False,True,171,-62.175445556640625,-64.24156188964844,1
Those trucks were hurting this small man.,Those trucks were hurting this small men.,morphology,determiner_noun_agreement,determiner_noun_agreement_with_adj_irregular_1,True,True,False,True,172,-55.36753845214844,-59.313568115234375,1
Caroline was observing that standing man.,Caroline was observing that standing men.,morphology,determiner_noun_agreement,determiner_noun_agreement_with_adj_irregular_1,True,True,False,True,173,-56.42103958129883,-56.42892074584961,1
Jesus isn't revealing these delighted people.,Jesus isn't revealing these delighted person.,morphology,determiner_noun_agreement,determiner_noun_agreement_with_adj_irregular_1,True,True,False,True,174,-57.15839385986328,-61.744510650634766,1
A lot of men go to these gray oases.,A lot of men go to these gray oasis.,morphology,determiner_noun_agreement,determiner_noun_agreement_with_adj_irregular_1,True,True,False,True,175,-60.031150817871094,-59.80022430419922,0
That sock hurts these sick men.,That sock hurts these sick man.,morphology,determiner_noun_agreement,determiner_noun_agreement_with_adj_irregular_1,True,True,False,True,176,-52.547569274902344,-54.659976959228516,1
Elaine concealed these young people.,Elaine concealed these young person.,morphology,determiner_noun_agreement,determiner_noun_agreement_with_adj_irregular_1,True,True,False,True,177,-47.027862548828125,-52.98723602294922,1
Some cars aren't astounding these popular men.,Some cars aren't astounding these popular man.,morphology,determiner_noun_agreement,determiner_noun_agreement_with_adj_irregular_1,True,True,False,True,178,-61.20853805541992,-63.622955322265625,1
The Balkans hadn't scared these confident people.,The Balkans hadn't scared these confident person.,morphology,determiner_noun_agreement,determiner_noun_agreement_with_adj_irregular_1,True,True,False,True,179,-63.231658935546875,-69.71534729003906,1
Travis couldn't work with these old men.,Travis couldn't work with these old man.,morphology,determiner_noun_agreement,determiner_noun_agreement_with_adj_irregular_1,True,True,False,True,180,-50.325016021728516,-52.72392272949219,1
Raymond flees from these gray oases.,Raymond flees from these gray oasis.,morphology,determiner_noun_agreement,determiner_noun_agreement_with_adj_irregular_1,True,True,False,True,181,-65.29417419433594,-66.22869110107422,1
Tammy hides these smooth oases.,Tammy hides these smooth oasis.,morphology,determiner_noun_agreement,determiner_noun_agreement_with_adj_irregular_1,True,True,False,True,182,-62.82737731933594,-62.09034729003906,0
All cups have hurt these displeased children.,All cups have hurt these displeased child.,morphology,determiner_noun_agreement,determiner_noun_agreement_with_adj_irregular_1,True,True,False,True,183,-70.41283416748047,-76.9266128540039,1
Most women broke this big foot.,Most women broke this big feet.,morphology,determiner_noun_agreement,determiner_noun_agreement_with_adj_irregular_1,True,True,False,True,184,-47.98273468017578,-49.923614501953125,1
The organization has taken that purple axis.,The organization has taken that purple axes.,morphology,determiner_noun_agreement,determiner_noun_agreement_with_adj_irregular_1,True,True,False,True,185,-56.882904052734375,-57.871826171875,1
These people hire this clever man.,These people hire this clever men.,morphology,determiner_noun_agreement,determiner_noun_agreement_with_adj_irregular_1,True,True,False,True,186,-46.66822052001953,-51.24861145019531,1
Samuel cleans this smooth tooth.,Samuel cleans this smooth teeth.,morphology,determiner_noun_agreement,determiner_noun_agreement_with_adj_irregular_1,True,True,False,True,187,-53.61859130859375,-55.729278564453125,1
Jeffrey did worry that old woman.,Jeffrey did worry that old women.,morphology,determiner_noun_agreement,determiner_noun_agreement_with_adj_irregular_1,True,True,False,True,188,-54.43534469604492,-55.741920471191406,1
Raymond hadn't noticed those young women.,Raymond hadn't noticed those young woman.,morphology,determiner_noun_agreement,determiner_noun_agreement_with_adj_irregular_1,True,True,False,True,189,-51.322105407714844,-52.57902526855469,1
Bruce reveals those content children.,Bruce reveals those content child.,morphology,determiner_noun_agreement,determiner_noun_agreement_with_adj_irregular_1,True,True,False,True,190,-50.912086486816406,-54.01542663574219,1
Vincent hasn't sounded like that troubled child.,Vincent hasn't sounded like that troubled children.,morphology,determiner_noun_agreement,determiner_noun_agreement_with_adj_irregular_1,True,True,False,True,191,-62.71049118041992,-64.19306945800781,1
Jessica isn't complaining about these young alumni.,Jessica isn't complaining about these young alumnus.,morphology,determiner_noun_agreement,determiner_noun_agreement_with_adj_irregular_1,True,True,False,True,192,-58.96452713012695,-65.30136108398438,1
The Lutherans can exit those big oases.,The Lutherans can exit those big oasis.,morphology,determiner_noun_agreement,determiner_noun_agreement_with_adj_irregular_1,True,True,False,True,193,-63.28501892089844,-63.330867767333984,1
That guest isn't investigating that excited woman.,That guest isn't investigating that excited women.,morphology,determiner_noun_agreement,determiner_noun_agreement_with_adj_irregular_1,True,True,False,True,194,-64.18165588378906,-65.85850524902344,1
Some door annoys that hidden man.,Some door annoys that hidden men.,morphology,determiner_noun_agreement,determiner_noun_agreement_with_adj_irregular_1,True,True,False,True,195,-68.4180908203125,-68.89932250976562,1
Russell shouldn't conceal this orange cactus.,Russell shouldn't conceal this orange cacti.,morphology,determiner_noun_agreement,determiner_noun_agreement_with_adj_irregular_1,True,True,False,True,196,-65.4892807006836,-67.79765319824219,1
These patients shocks these smart children.,These patients shocks these smart child.,morphology,determiner_noun_agreement,determiner_noun_agreement_with_adj_irregular_1,True,True,False,True,197,-56.21133804321289,-61.15549850463867,1
Alice shouldn't take this purple foot.,Alice shouldn't take this purple feet.,morphology,determiner_noun_agreement,determiner_noun_agreement_with_adj_irregular_1,True,True,False,True,198,-56.584068298339844,-58.91680908203125,1
Marie hasn't admired this sick goose.,Marie hasn't admired this sick geese.,morphology,determiner_noun_agreement,determiner_noun_agreement_with_adj_irregular_1,True,True,False,True,199,-60.21535110473633,-65.05288696289062,1
Sandra wouldn't bother those busy women.,Sandra wouldn't bother those busy woman.,morphology,determiner_noun_agreement,determiner_noun_agreement_with_adj_irregular_1,True,True,False,True,200,-51.98174285888672,-54.54881286621094,1
Erin couldn't break that new foot.,Erin couldn't break that new feet.,morphology,determiner_noun_agreement,determiner_noun_agreement_with_adj_irregular_1,True,True,False,True,201,-54.81999969482422,-54.873451232910156,1
Organizations forget that fast alumnus.,Organizations forget that fast alumni.,morphology,determiner_noun_agreement,determiner_noun_agreement_with_adj_irregular_1,True,True,False,True,202,-61.95170593261719,-60.589534759521484,0
Steven is describing those lucky children.,Steven is describing those lucky child.,morphology,determiner_noun_agreement,determiner_noun_agreement_with_adj_irregular_1,True,True,False,True,203,-50.95713806152344,-54.88621139526367,1
Brian would exit these small oases.,Brian would exit these small oasis.,morphology,determiner_noun_agreement,determiner_noun_agreement_with_adj_irregular_1,True,True,False,True,204,-60.58674621582031,-61.81369400024414,1
Amelia hadn't forgotten those lost women.,Amelia hadn't forgotten those lost woman.,morphology,determiner_noun_agreement,determiner_noun_agreement_with_adj_irregular_1,True,True,False,True,205,-58.9522819519043,-59.624366760253906,1
That cucumber astounds that excited child.,That cucumber astounds that excited children.,morphology,determiner_noun_agreement,determiner_noun_agreement_with_adj_irregular_1,True,True,False,True,206,-71.69225311279297,-68.5863265991211,0
Nina cared for that displeased alumnus.,Nina cared for that displeased alumni.,morphology,determiner_noun_agreement,determiner_noun_agreement_with_adj_irregular_1,True,True,False,True,207,-63.317626953125,-60.60169219970703,0
Spain irritated those standing children.,Spain irritated those standing child.,morphology,determiner_noun_agreement,determiner_noun_agreement_with_adj_irregular_1,True,True,False,True,208,-52.390201568603516,-54.40198516845703,1
Judy hadn't attacked this happy person.,Judy hadn't attacked this happy people.,morphology,determiner_noun_agreement,determiner_noun_agreement_with_adj_irregular_1,True,True,False,True,209,-54.828800201416016,-55.90997314453125,1
That pork astounds that busy child.,That pork astounds that busy children.,morphology,determiner_noun_agreement,determiner_noun_agreement_with_adj_irregular_1,True,True,False,True,210,-78.21420288085938,-74.54446411132812,0
Erin was hugging these standing men.,Erin was hugging these standing man.,morphology,determiner_noun_agreement,determiner_noun_agreement_with_adj_irregular_1,True,True,False,True,211,-59.89558029174805,-63.29459762573242,1
Some bike bores those ill people.,Some bike bores those ill person.,morphology,determiner_noun_agreement,determiner_noun_agreement_with_adj_irregular_1,True,True,False,True,212,-60.67988204956055,-62.763099670410156,1
Craig boasted about this delighted child.,Craig boasted about this delighted children.,morphology,determiner_noun_agreement,determiner_noun_agreement_with_adj_irregular_1,True,True,False,True,213,-57.0557861328125,-57.66697692871094,1
Alexander did care for these delighted men.,Alexander did care for these delighted man.,morphology,determiner_noun_agreement,determiner_noun_agreement_with_adj_irregular_1,True,True,False,True,214,-58.123313903808594,-62.66864013671875,1
Gina remembered those scared children.,Gina remembered those scared child.,morphology,determiner_noun_agreement,determiner_noun_agreement_with_adj_irregular_1,True,True,False,True,215,-52.91100311279297,-54.87945556640625,1
Sonia cleans these blue axes.,Sonia cleans these blue axis.,morphology,determiner_noun_agreement,determiner_noun_agreement_with_adj_irregular_1,True,True,False,True,216,-51.167137145996094,-54.76324462890625,1
Carla went to that rough oasis.,Carla went to that rough oases.,morphology,determiner_noun_agreement,determiner_noun_agreement_with_adj_irregular_1,True,True,False,True,217,-58.857887268066406,-61.42430114746094,1
April wasn't approaching these serious alumni.,April wasn't approaching these serious alumnus.,morphology,determiner_noun_agreement,determiner_noun_agreement_with_adj_irregular_1,True,True,False,True,218,-65.93939208984375,-69.79296875,1
Emily questions that unconvinced child.,Emily questions that unconvinced children.,morphology,determiner_noun_agreement,determiner_noun_agreement_with_adj_irregular_1,True,True,False,True,219,-60.35590362548828,-59.77458953857422,0
This cucumber is stunning this determined child.,This cucumber is stunning this determined children.,morphology,determiner_noun_agreement,determiner_noun_agreement_with_adj_irregular_1,True,True,False,True,220,-58.898590087890625,-62.433326721191406,1
Sonia has noticed that sick alumnus.,Sonia has noticed that sick alumni.,morphology,determiner_noun_agreement,determiner_noun_agreement_with_adj_irregular_1,True,True,False,True,221,-58.93275833129883,-55.24321365356445,0
Walter escapes from that big woman.,Walter escapes from that big women.,morphology,determiner_noun_agreement,determiner_noun_agreement_with_adj_irregular_1,True,True,False,True,222,-50.6336669921875,-55.56205749511719,1
Hills are irritating that young man.,Hills are irritating that young men.,morphology,determiner_noun_agreement,determiner_noun_agreement_with_adj_irregular_1,True,True,False,True,223,-48.94487762451172,-51.030601501464844,1
The Clintons have this dirty foot.,The Clintons have this dirty feet.,morphology,determiner_noun_agreement,determiner_noun_agreement_with_adj_irregular_1,True,True,False,True,224,-49.34393310546875,-50.415164947509766,1
Dennis wouldn't hate this standing woman.,Dennis wouldn't hate this standing women.,morphology,determiner_noun_agreement,determiner_noun_agreement_with_adj_irregular_1,True,True,False,True,225,-52.67042922973633,-55.915679931640625,1
Naomi exited that cheap oasis.,Naomi exited that cheap oases.,morphology,determiner_noun_agreement,determiner_noun_agreement_with_adj_irregular_1,True,True,False,True,226,-65.43238067626953,-66.70491027832031,1
Diane had appreciated that displeased man.,Diane had appreciated that displeased men.,morphology,determiner_noun_agreement,determiner_noun_agreement_with_adj_irregular_1,True,True,False,True,227,-58.62965393066406,-58.976318359375,1
Stacy questioned those concealed alumni.,Stacy questioned those concealed alumnus.,morphology,determiner_noun_agreement,determiner_noun_agreement_with_adj_irregular_1,True,True,False,True,228,-62.280494689941406,-63.95558166503906,1
Denise lifted these sick lice.,Denise lifted these sick louse.,morphology,determiner_noun_agreement,determiner_noun_agreement_with_adj_irregular_1,True,True,False,True,229,-62.98102569580078,-64.8902587890625,1
Florence visited that hard oasis.,Florence visited that hard oases.,morphology,determiner_noun_agreement,determiner_noun_agreement_with_adj_irregular_1,True,True,False,True,230,-56.136436462402344,-57.93041229248047,1
Many projectors are confusing this smart man.,Many projectors are confusing this smart men.,morphology,determiner_noun_agreement,determiner_noun_agreement_with_adj_irregular_1,True,True,False,True,231,-61.4827880859375,-66.92154693603516,1
James breaks those purple teeth.,James breaks those purple tooth.,morphology,determiner_noun_agreement,determiner_noun_agreement_with_adj_irregular_1,True,True,False,True,232,-46.04786682128906,-50.11235809326172,1
Thomas has hidden those small teeth.,Thomas has hidden those small tooth.,morphology,determiner_noun_agreement,determiner_noun_agreement_with_adj_irregular_1,True,True,False,True,233,-53.13498306274414,-54.78894805908203,1
Kristin cured that old man.,Kristin cured that old men.,morphology,determiner_noun_agreement,determiner_noun_agreement_with_adj_irregular_1,True,True,False,True,234,-51.78126525878906,-55.449302673339844,1
Cynthia explored that orange oasis.,Cynthia explored that orange oases.,morphology,determiner_noun_agreement,determiner_noun_agreement_with_adj_irregular_1,True,True,False,True,235,-62.11355972290039,-62.928192138671875,1
Donna escapes from these scared men.,Donna escapes from these scared man.,morphology,determiner_noun_agreement,determiner_noun_agreement_with_adj_irregular_1,True,True,False,True,236,-55.84245300292969,-59.43609619140625,1
Some students astounded that excited person.,Some students astounded that excited people.,morphology,determiner_noun_agreement,determiner_noun_agreement_with_adj_irregular_1,True,True,False,True,237,-59.5650520324707,-56.34846115112305,0
Steven isn't visiting these displeased people.,Steven isn't visiting these displeased person.,morphology,determiner_noun_agreement,determiner_noun_agreement_with_adj_irregular_1,True,True,False,True,238,-61.440101623535156,-68.18046569824219,1
Many pedestrians disagreed with this lost woman.,Many pedestrians disagreed with this lost women.,morphology,determiner_noun_agreement,determiner_noun_agreement_with_adj_irregular_1,True,True,False,True,239,-58.022071838378906,-60.84297180175781,1
Some guys hug these good men.,Some guys hug these good man.,morphology,determiner_noun_agreement,determiner_noun_agreement_with_adj_irregular_1,True,True,False,True,240,-45.658409118652344,-47.56329345703125,1
Robert had those big cacti.,Robert had those big cactus.,morphology,determiner_noun_agreement,determiner_noun_agreement_with_adj_irregular_1,True,True,False,True,241,-57.01029968261719,-54.31318664550781,0
Jeffrey has examined that bad synopsis.,Jeffrey has examined that bad synopses.,morphology,determiner_noun_agreement,determiner_noun_agreement_with_adj_irregular_1,True,True,False,True,242,-57.6618766784668,-64.99193572998047,1
Jodi might upset these old children.,Jodi might upset these old child.,morphology,determiner_noun_agreement,determiner_noun_agreement_with_adj_irregular_1,True,True,False,True,243,-56.9488410949707,-60.8267822265625,1
Brenda helped those bad women.,Brenda helped those bad woman.,morphology,determiner_noun_agreement,determiner_noun_agreement_with_adj_irregular_1,True,True,False,True,244,-52.60405349731445,-55.30497360229492,1
All waiters aren't listening to that happy alumnus.,All waiters aren't listening to that happy alumni.,morphology,determiner_noun_agreement,determiner_noun_agreement_with_adj_irregular_1,True,True,False,True,245,-74.32611083984375,-70.76937866210938,0
The girl disagrees with this good man.,The girl disagrees with this good men.,morphology,determiner_noun_agreement,determiner_noun_agreement_with_adj_irregular_1,True,True,False,True,246,-46.85136413574219,-50.96661376953125,1
Jill conceals that excited person.,Jill conceals that excited people.,morphology,determiner_noun_agreement,determiner_noun_agreement_with_adj_irregular_1,True,True,False,True,247,-64.6545639038086,-61.44579315185547,0
Julia remembered this young person.,Julia remembered this young people.,morphology,determiner_noun_agreement,determiner_noun_agreement_with_adj_irregular_1,True,True,False,True,248,-42.62968826293945,-45.05236053466797,1
Bruce disliked these confident alumni.,Bruce disliked these confident alumnus.,morphology,determiner_noun_agreement,determiner_noun_agreement_with_adj_irregular_1,True,True,False,True,249,-59.320945739746094,-65.4031982421875,1
These teachers cure these sick people.,These teachers cure these sick person.,morphology,determiner_noun_agreement,determiner_noun_agreement_with_adj_irregular_1,True,True,False,True,250,-45.89029312133789,-52.878108978271484,1
Karla does fix these red feet.,Karla does fix these red foot.,morphology,determiner_noun_agreement,determiner_noun_agreement_with_adj_irregular_1,True,True,False,True,251,-59.76801300048828,-64.01492309570312,1
Judy hadn't attacked that nice woman.,Judy hadn't attacked that nice women.,morphology,determiner_noun_agreement,determiner_noun_agreement_with_adj_irregular_1,True,True,False,True,252,-55.71567916870117,-57.81360626220703,1
The apple disgusted that sick child.,The apple disgusted that sick children.,morphology,determiner_noun_agreement,determiner_noun_agreement_with_adj_irregular_1,True,True,False,True,253,-55.43265151977539,-55.869728088378906,1
Charles upset this content child.,Charles upset this content children.,morphology,determiner_noun_agreement,determiner_noun_agreement_with_adj_irregular_1,True,True,False,True,254,-46.94619369506836,-48.64297103881836,1
The waiters disagree with this fast person.,The waiters disagree with this fast people.,morphology,determiner_noun_agreement,determiner_noun_agreement_with_adj_irregular_1,True,True,False,True,255,-57.31535339355469,-60.17726135253906,1
Christopher isn't hiring this determined man.,Christopher isn't hiring this determined men.,morphology,determiner_noun_agreement,determiner_noun_agreement_with_adj_irregular_1,True,True,False,True,256,-56.95673751831055,-60.71567916870117,1
Elaine couldn't exit those rough oases.,Elaine couldn't exit those rough oasis.,morphology,determiner_noun_agreement,determiner_noun_agreement_with_adj_irregular_1,True,True,False,True,257,-73.51022338867188,-72.80957794189453,0
Jason wouldn't like those exposed lice.,Jason wouldn't like those exposed louse.,morphology,determiner_noun_agreement,determiner_noun_agreement_with_adj_irregular_1,True,True,False,True,258,-60.28632354736328,-60.80960464477539,1
Sherry hadn't insulted those clever alumni.,Sherry hadn't insulted those clever alumnus.,morphology,determiner_noun_agreement,determiner_noun_agreement_with_adj_irregular_1,True,True,False,True,259,-72.44664001464844,-76.3410415649414,1
Amanda has hidden these yellow cacti.,Amanda has hidden these yellow cactus.,morphology,determiner_noun_agreement,determiner_noun_agreement_with_adj_irregular_1,True,True,False,True,260,-66.57476806640625,-61.94609832763672,0
Paula thinks about these green lice.,Paula thinks about these green louse.,morphology,determiner_noun_agreement,determiner_noun_agreement_with_adj_irregular_1,True,True,False,True,261,-66.62667083740234,-66.58114624023438,0
All doctors argue about those long analyses.,All doctors argue about those long analysis.,morphology,determiner_noun_agreement,determiner_noun_agreement_with_adj_irregular_1,True,True,False,True,262,-61.22249221801758,-61.207794189453125,0
Heidi can break this out in the open foot.,Heidi can break this out in the open feet.,morphology,determiner_noun_agreement,determiner_noun_agreement_with_adj_irregular_1,True,True,False,True,263,-58.81283187866211,-61.06214904785156,1
Carla hugged those young children.,Carla hugged those young child.,morphology,determiner_noun_agreement,determiner_noun_agreement_with_adj_irregular_1,True,True,False,True,264,-46.34157180786133,-50.50292205810547,1
A guest was attacking those confident men.,A guest was attacking those confident man.,morphology,determiner_noun_agreement,determiner_noun_agreement_with_adj_irregular_1,True,True,False,True,265,-57.396907806396484,-57.92876434326172,1
The Impressionists boycott those hard oases.,The Impressionists boycott those hard oasis.,morphology,determiner_noun_agreement,determiner_noun_agreement_with_adj_irregular_1,True,True,False,True,266,-69.66319274902344,-70.12737274169922,1
Katherine isn't disgusting this out in the open alumnus.,Katherine isn't disgusting this out in the open alumni.,morphology,determiner_noun_agreement,determiner_noun_agreement_with_adj_irregular_1,True,True,False,True,267,-75.74800109863281,-76.02815246582031,1
A window is bothering those popular men.,A window is bothering those popular man.,morphology,determiner_noun_agreement,determiner_noun_agreement_with_adj_irregular_1,True,True,False,True,268,-55.93684387207031,-55.871559143066406,0
A lot of cashiers discover that smart man.,A lot of cashiers discover that smart men.,morphology,determiner_noun_agreement,determiner_noun_agreement_with_adj_irregular_1,True,True,False,True,269,-56.89350509643555,-57.95442581176758,1
Jodi approaches that unlucky woman.,Jodi approaches that unlucky women.,morphology,determiner_noun_agreement,determiner_noun_agreement_with_adj_irregular_1,True,True,False,True,270,-57.47340393066406,-56.59105682373047,0
Jesus discussed that fast child.,Jesus discussed that fast children.,morphology,determiner_noun_agreement,determiner_noun_agreement_with_adj_irregular_1,True,True,False,True,271,-51.399539947509766,-51.84968185424805,1
Carts hadn't disgusted those content men.,Carts hadn't disgusted those content man.,morphology,determiner_noun_agreement,determiner_noun_agreement_with_adj_irregular_1,True,True,False,True,272,-68.73247528076172,-68.55850219726562,0
Deborah talks about these smart men.,Deborah talks about these smart man.,morphology,determiner_noun_agreement,determiner_noun_agreement_with_adj_irregular_1,True,True,False,True,273,-54.77226257324219,-57.371368408203125,1
Thomas was returning to that unsure man.,Thomas was returning to that unsure men.,morphology,determiner_noun_agreement,determiner_noun_agreement_with_adj_irregular_1,True,True,False,True,274,-55.132896423339844,-58.80510330200195,1
Every student will break this clean tooth.,Every student will break this clean teeth.,morphology,determiner_noun_agreement,determiner_noun_agreement_with_adj_irregular_1,True,True,False,True,275,-53.82972717285156,-54.019134521484375,1
Valerie talks about this young woman.,Valerie talks about this young women.,morphology,determiner_noun_agreement,determiner_noun_agreement_with_adj_irregular_1,True,True,False,True,276,-46.154850006103516,-50.962669372558594,1
The Clintons discuss this yellow thesis.,The Clintons discuss this yellow theses.,morphology,determiner_noun_agreement,determiner_noun_agreement_with_adj_irregular_1,True,True,False,True,277,-55.875667572021484,-63.282508850097656,1
These cashiers break those dirty feet.,These cashiers break those dirty foot.,morphology,determiner_noun_agreement,determiner_noun_agreement_with_adj_irregular_1,True,True,False,True,278,-60.758872985839844,-62.5716438293457,1
Noah exited these concealed oases.,Noah exited these concealed oasis.,morphology,determiner_noun_agreement,determiner_noun_agreement_with_adj_irregular_1,True,True,False,True,279,-63.511478424072266,-64.17996978759766,1
Elaine toured that rough oasis.,Elaine toured that rough oases.,morphology,determiner_noun_agreement,determiner_noun_agreement_with_adj_irregular_1,True,True,False,True,280,-66.44413757324219,-68.62690734863281,1
Allison hides that gray mouse.,Allison hides that gray mice.,morphology,determiner_noun_agreement,determiner_noun_agreement_with_adj_irregular_1,True,True,False,True,281,-54.352783203125,-54.703948974609375,1
All vases irritated that hopeful man.,All vases irritated that hopeful men.,morphology,determiner_noun_agreement,determiner_noun_agreement_with_adj_irregular_1,True,True,False,True,282,-62.323482513427734,-63.61540985107422,1
Chad boycotted that smooth oasis.,Chad boycotted that smooth oases.,morphology,determiner_noun_agreement,determiner_noun_agreement_with_adj_irregular_1,True,True,False,True,283,-74.89515686035156,-77.12328338623047,1
The Clintons drive to these green oases.,The Clintons drive to these green oasis.,morphology,determiner_noun_agreement,determiner_noun_agreement_with_adj_irregular_1,True,True,False,True,284,-61.68988037109375,-61.87322235107422,1
Many ladies aren't concealing that brown louse.,Many ladies aren't concealing that brown lice.,morphology,determiner_noun_agreement,determiner_noun_agreement_with_adj_irregular_1,True,True,False,True,285,-70.97531127929688,-70.80181121826172,0
Brenda couldn't hire this serious child.,Brenda couldn't hire this serious children.,morphology,determiner_noun_agreement,determiner_noun_agreement_with_adj_irregular_1,True,True,False,True,286,-58.73859405517578,-61.481590270996094,1
Pamela sounds like that displeased person.,Pamela sounds like that displeased people.,morphology,determiner_noun_agreement,determiner_noun_agreement_with_adj_irregular_1,True,True,False,True,287,-57.92219543457031,-55.791473388671875,0
Eva doesn't arrive at these gray oases.,Eva doesn't arrive at these gray oasis.,morphology,determiner_noun_agreement,determiner_noun_agreement_with_adj_irregular_1,True,True,False,True,288,-70.53421783447266,-70.5348892211914,1
Raymond hurt that old alumnus.,Raymond hurt that old alumni.,morphology,determiner_noun_agreement,determiner_noun_agreement_with_adj_irregular_1,True,True,False,True,289,-56.93378448486328,-54.24122619628906,0
Most waitresses don't observe these exposed alumni.,Most waitresses don't observe these exposed alumnus.,morphology,determiner_noun_agreement,determiner_noun_agreement_with_adj_irregular_1,True,True,False,True,290,-72.44554138183594,-77.16264343261719,1
Edward finds these gray oases.,Edward finds these gray oasis.,morphology,determiner_noun_agreement,determiner_noun_agreement_with_adj_irregular_1,True,True,False,True,291,-53.919734954833984,-56.50754165649414,1
Becky fixes that small foot.,Becky fixes that small feet.,morphology,determiner_noun_agreement,determiner_noun_agreement_with_adj_irregular_1,True,True,False,True,292,-57.12188720703125,-56.07087707519531,0
Erin will conceal these nice alumni.,Erin will conceal these nice alumnus.,morphology,determiner_noun_agreement,determiner_noun_agreement_with_adj_irregular_1,True,True,False,True,293,-64.48023223876953,-68.15118408203125,1
Denise isn't shocking these serious alumni.,Denise isn't shocking these serious alumnus.,morphology,determiner_noun_agreement,determiner_noun_agreement_with_adj_irregular_1,True,True,False,True,294,-70.85702514648438,-73.08880615234375,1
Martin isn't curing these concealed oxen.,Martin isn't curing these concealed ox.,morphology,determiner_noun_agreement,determiner_noun_agreement_with_adj_irregular_1,True,True,False,True,295,-66.41194152832031,-67.90015411376953,1
Lori wasn't watching this clever woman.,Lori wasn't watching this clever women.,morphology,determiner_noun_agreement,determiner_noun_agreement_with_adj_irregular_1,True,True,False,True,296,-55.208290100097656,-58.368438720703125,1
These wheelbarrows disgust these sick men.,These wheelbarrows disgust these sick man.,morphology,determiner_noun_agreement,determiner_noun_agreement_with_adj_irregular_1,True,True,False,True,297,-70.99095916748047,-73.33055114746094,1
These women discuss that confident woman.,These women discuss that confident women.,morphology,determiner_noun_agreement,determiner_noun_agreement_with_adj_irregular_1,True,True,False,True,298,-53.508766174316406,-53.18208694458008,0
Noah hadn't remembered these bad analyses.,Noah hadn't remembered these bad analysis.,morphology,determiner_noun_agreement,determiner_noun_agreement_with_adj_irregular_1,True,True,False,True,299,-64.55886840820312,-65.53094482421875,1
Nina is boring this smart child.,Nina is boring this smart children.,morphology,determiner_noun_agreement,determiner_noun_agreement_with_adj_irregular_1,True,True,False,True,300,-56.966766357421875,-60.20709228515625,1
The Lutherans like these scared people.,The Lutherans like these scared person.,morphology,determiner_noun_agreement,determiner_noun_agreement_with_adj_irregular_1,True,True,False,True,301,-44.44208526611328,-52.13243865966797,1
Leslie could return to those lost people.,Leslie could return to those lost person.,morphology,determiner_noun_agreement,determiner_noun_agreement_with_adj_irregular_1,True,True,False,True,302,-57.74639129638672,-59.58811569213867,1
Galileo liked this small child.,Galileo liked this small children.,morphology,determiner_noun_agreement,determiner_noun_agreement_with_adj_irregular_1,True,True,False,True,303,-53.290496826171875,-55.778690338134766,1
Denise was talking about that determined person.,Denise was talking about that determined people.,morphology,determiner_noun_agreement,determiner_noun_agreement_with_adj_irregular_1,True,True,False,True,304,-59.37959289550781,-59.796234130859375,1
Andrew respected that white oasis.,Andrew respected that white oases.,morphology,determiner_noun_agreement,determiner_noun_agreement_with_adj_irregular_1,True,True,False,True,305,-55.66038513183594,-57.52283477783203,1
Renee has dropped by these old oases.,Renee has dropped by these old oasis.,morphology,determiner_noun_agreement,determiner_noun_agreement_with_adj_irregular_1,True,True,False,True,306,-63.8035774230957,-65.0419921875,1
That bread shouldn't aggravate this unconvinced alumnus.,That bread shouldn't aggravate this unconvinced alumni.,morphology,determiner_noun_agreement,determiner_noun_agreement_with_adj_irregular_1,True,True,False,True,307,-79.40798950195312,-81.55010223388672,1
All ladies appreciate these brown oases.,All ladies appreciate these brown oasis.,morphology,determiner_noun_agreement,determiner_noun_agreement_with_adj_irregular_1,True,True,False,True,308,-62.963172912597656,-63.59978485107422,1
A doctor drives to this out in the open oasis.,A doctor drives to this out in the open oases.,morphology,determiner_noun_agreement,determiner_noun_agreement_with_adj_irregular_1,True,True,False,True,309,-70.40672302246094,-72.70370483398438,1
The teenagers tour these black oases.,The teenagers tour these black oasis.,morphology,determiner_noun_agreement,determiner_noun_agreement_with_adj_irregular_1,True,True,False,True,310,-60.2227783203125,-61.903953552246094,1
Becca didn't think about those out in the open oxen.,Becca didn't think about those out in the open ox.,morphology,determiner_noun_agreement,determiner_noun_agreement_with_adj_irregular_1,True,True,False,True,311,-77.51287078857422,-77.8150863647461,1
Eric hadn't loved that exposed person.,Eric hadn't loved that exposed people.,morphology,determiner_noun_agreement,determiner_noun_agreement_with_adj_irregular_1,True,True,False,True,312,-54.360816955566406,-53.45967102050781,0
Every person wasn't hiding those black axes.,Every person wasn't hiding those black axis.,morphology,determiner_noun_agreement,determiner_noun_agreement_with_adj_irregular_1,True,True,False,True,313,-63.37986755371094,-65.37287902832031,1
Tina respected that unemployed child.,Tina respected that unemployed children.,morphology,determiner_noun_agreement,determiner_noun_agreement_with_adj_irregular_1,True,True,False,True,314,-56.63302230834961,-55.89193344116211,0
Broccoli astounds this unemployed child.,Broccoli astounds this unemployed children.,morphology,determiner_noun_agreement,determiner_noun_agreement_with_adj_irregular_1,True,True,False,True,315,-64.17617797851562,-66.29013061523438,1
The waitresses break this cheap foot.,The waitresses break this cheap feet.,morphology,determiner_noun_agreement,determiner_noun_agreement_with_adj_irregular_1,True,True,False,True,316,-60.48774719238281,-62.79981231689453,1
Janice brought this brown nucleus.,Janice brought this brown nuclei.,morphology,determiner_noun_agreement,determiner_noun_agreement_with_adj_irregular_1,True,True,False,True,317,-55.08771896362305,-57.91065979003906,1
Gerald wasn't dropping by these old oases.,Gerald wasn't dropping by these old oasis.,morphology,determiner_noun_agreement,determiner_noun_agreement_with_adj_irregular_1,True,True,False,True,318,-69.73649597167969,-71.21412658691406,1
These slopes haven't astounded those unemployed alumni.,These slopes haven't astounded those unemployed alumnus.,morphology,determiner_noun_agreement,determiner_noun_agreement_with_adj_irregular_1,True,True,False,True,319,-77.96324157714844,-81.80758666992188,1
Ellen was astounding these unsure men.,Ellen was astounding these unsure man.,morphology,determiner_noun_agreement,determiner_noun_agreement_with_adj_irregular_1,True,True,False,True,320,-64.29515838623047,-65.6952133178711,1
That story will annoy this fast person.,That story will annoy this fast people.,morphology,determiner_noun_agreement,determiner_noun_agreement_with_adj_irregular_1,True,True,False,True,321,-58.183448791503906,-59.42826843261719,1
Most photographs look like those clever children.,Most photographs look like those clever child.,morphology,determiner_noun_agreement,determiner_noun_agreement_with_adj_irregular_1,True,True,False,True,322,-55.10322952270508,-60.02374267578125,1
These screens distracted that young alumnus.,These screens distracted that young alumni.,morphology,determiner_noun_agreement,determiner_noun_agreement_with_adj_irregular_1,True,True,False,True,323,-65.62384033203125,-61.91908264160156,0
Craig does distract this small woman.,Craig does distract this small women.,morphology,determiner_noun_agreement,determiner_noun_agreement_with_adj_irregular_1,True,True,False,True,324,-50.220184326171875,-55.07562255859375,1
Monet arrived at those blue oases.,Monet arrived at those blue oasis.,morphology,determiner_noun_agreement,determiner_noun_agreement_with_adj_irregular_1,True,True,False,True,325,-62.90209197998047,-62.3918571472168,0
The ladies lift those blue feet.,The ladies lift those blue foot.,morphology,determiner_noun_agreement,determiner_noun_agreement_with_adj_irregular_1,True,True,False,True,326,-53.02165222167969,-55.64381408691406,1
A grocery store does confuse this displeased woman.,A grocery store does confuse this displeased women.,morphology,determiner_noun_agreement,determiner_noun_agreement_with_adj_irregular_1,True,True,False,True,327,-62.841148376464844,-65.23199462890625,1
Douglas was escaping from those unlucky children.,Douglas was escaping from those unlucky child.,morphology,determiner_noun_agreement,determiner_noun_agreement_with_adj_irregular_1,True,True,False,True,328,-57.31705093383789,-60.00197982788086,1
Brenda had returned to these scared alumni.,Brenda had returned to these scared alumnus.,morphology,determiner_noun_agreement,determiner_noun_agreement_with_adj_irregular_1,True,True,False,True,329,-70.39305114746094,-71.47016143798828,1
Alicia scans these good synopses.,Alicia scans these good synopsis.,morphology,determiner_noun_agreement,determiner_noun_agreement_with_adj_irregular_1,True,True,False,True,330,-66.66073608398438,-62.532127380371094,0
Some senators attack those confident men.,Some senators attack those confident man.,morphology,determiner_noun_agreement,determiner_noun_agreement_with_adj_irregular_1,True,True,False,True,331,-52.009605407714844,-54.14991760253906,1
Some fish shocked those small people.,Some fish shocked those small person.,morphology,determiner_noun_agreement,determiner_noun_agreement_with_adj_irregular_1,True,True,False,True,332,-49.14677810668945,-53.53565979003906,1
Timothy had cared for these fast men.,Timothy had cared for these fast man.,morphology,determiner_noun_agreement,determiner_noun_agreement_with_adj_irregular_1,True,True,False,True,333,-59.100364685058594,-61.406158447265625,1
Lucille hasn't run around those concealed oases.,Lucille hasn't run around those concealed oasis.,morphology,determiner_noun_agreement,determiner_noun_agreement_with_adj_irregular_1,True,True,False,True,334,-78.14785766601562,-76.7151107788086,0
Tonya observed that fast alumnus.,Tonya observed that fast alumni.,morphology,determiner_noun_agreement,determiner_noun_agreement_with_adj_irregular_1,True,True,False,True,335,-61.03947830200195,-60.787864685058594,0
Every picture was astounding this lucky alumnus.,Every picture was astounding this lucky alumni.,morphology,determiner_noun_agreement,determiner_noun_agreement_with_adj_irregular_1,True,True,False,True,336,-68.93988800048828,-67.6235122680664,0
Dana might aggravate that sick man.,Dana might aggravate that sick men.,morphology,determiner_noun_agreement,determiner_noun_agreement_with_adj_irregular_1,True,True,False,True,337,-53.941585540771484,-55.33008575439453,1
Pamela is buying that out in the open fungus.,Pamela is buying that out in the open fungi.,morphology,determiner_noun_agreement,determiner_noun_agreement_with_adj_irregular_1,True,True,False,True,338,-73.34242248535156,-74.24516296386719,1
Marcus breaks that messy foot.,Marcus breaks that messy feet.,morphology,determiner_noun_agreement,determiner_noun_agreement_with_adj_irregular_1,True,True,False,True,339,-53.96388244628906,-53.34910202026367,0
A newspaper article wouldn't upset this confident alumnus.,A newspaper article wouldn't upset this confident alumni.,morphology,determiner_noun_agreement,determiner_noun_agreement_with_adj_irregular_1,True,True,False,True,340,-75.56896209716797,-73.47850036621094,0
Some guest found those concealed oases.,Some guest found those concealed oasis.,morphology,determiner_noun_agreement,determiner_noun_agreement_with_adj_irregular_1,True,True,False,True,341,-63.69655227661133,-64.12991333007812,1
Sara scared this unsure man.,Sara scared this unsure men.,morphology,determiner_noun_agreement,determiner_noun_agreement_with_adj_irregular_1,True,True,False,True,342,-52.66141128540039,-55.6361198425293,1
Martin wasn't returning to that out in the open alumnus.,Martin wasn't returning to that out in the open alumni.,morphology,determiner_noun_agreement,determiner_noun_agreement_with_adj_irregular_1,True,True,False,True,343,-75.68011474609375,-76.83715057373047,1
A chair disgusts that fast child.,A chair disgusts that fast children.,morphology,determiner_noun_agreement,determiner_noun_agreement_with_adj_irregular_1,True,True,False,True,344,-60.85300064086914,-60.84313201904297,0
The dancers drop by that old oasis.,The dancers drop by that old oases.,morphology,determiner_noun_agreement,determiner_noun_agreement_with_adj_irregular_1,True,True,False,True,345,-61.752872467041016,-63.432193756103516,1
Jessica exited those yellow oases.,Jessica exited those yellow oasis.,morphology,determiner_noun_agreement,determiner_noun_agreement_with_adj_irregular_1,True,True,False,True,346,-64.13118743896484,-62.91226577758789,0
Barbara goes to those hard oases.,Barbara goes to those hard oasis.,morphology,determiner_noun_agreement,determiner_noun_agreement_with_adj_irregular_1,True,True,False,True,347,-63.89970397949219,-63.123470306396484,0
A newspaper article wasn't annoying that delighted man.,A newspaper article wasn't annoying that delighted men.,morphology,determiner_noun_agreement,determiner_noun_agreement_with_adj_irregular_1,True,True,False,True,348,-72.93014526367188,-73.95730590820312,1
Michelle remembered these uncertain children.,Michelle remembered these uncertain child.,morphology,determiner_noun_agreement,determiner_noun_agreement_with_adj_irregular_1,True,True,False,True,349,-49.982051849365234,-55.18520736694336,1
All women listen to that confident man.,All women listen to that confident men.,morphology,determiner_noun_agreement,determiner_noun_agreement_with_adj_irregular_1,True,True,False,True,350,-54.04344940185547,-54.297821044921875,1
This adult has bothered this displeased man.,This adult has bothered this displeased men.,morphology,determiner_noun_agreement,determiner_noun_agreement_with_adj_irregular_1,True,True,False,True,351,-66.13116455078125,-68.85147857666016,1
Anne cured these young children.,Anne cured these young child.,morphology,determiner_noun_agreement,determiner_noun_agreement_with_adj_irregular_1,True,True,False,True,352,-41.53611373901367,-46.88516616821289,1
Sabrina scanned that long analysis.,Sabrina scanned that long analyses.,morphology,determiner_noun_agreement,determiner_noun_agreement_with_adj_irregular_1,True,True,False,True,353,-61.177467346191406,-63.05894470214844,1
Sonia hadn't described that lost man.,Sonia hadn't described that lost men.,morphology,determiner_noun_agreement,determiner_noun_agreement_with_adj_irregular_1,True,True,False,True,354,-55.21538543701172,-55.92035675048828,1
Some light stuns that happy child.,Some light stuns that happy children.,morphology,determiner_noun_agreement,determiner_noun_agreement_with_adj_irregular_1,True,True,False,True,355,-56.29851150512695,-56.037498474121094,0
Andrea won't notice that rough fungus.,Andrea won't notice that rough fungi.,morphology,determiner_noun_agreement,determiner_noun_agreement_with_adj_irregular_1,True,True,False,True,356,-63.14825439453125,-65.16513061523438,1
Those boys escape from this big woman.,Those boys escape from this big women.,morphology,determiner_noun_agreement,determiner_noun_agreement_with_adj_irregular_1,True,True,False,True,357,-52.773094177246094,-56.27131271362305,1
A lot of girls hadn't driven to these small oases.,A lot of girls hadn't driven to these small oasis.,morphology,determiner_noun_agreement,determiner_noun_agreement_with_adj_irregular_1,True,True,False,True,358,-70.66952514648438,-70.642578125,0
A pepper stunned that good woman.,A pepper stunned that good women.,morphology,determiner_noun_agreement,determiner_noun_agreement_with_adj_irregular_1,True,True,False,True,359,-54.16462326049805,-54.91016387939453,1
Natalie returns to that sick man.,Natalie returns to that sick men.,morphology,determiner_noun_agreement,determiner_noun_agreement_with_adj_irregular_1,True,True,False,True,360,-51.923484802246094,-56.857791900634766,1
Tanya didn't complain about this good synopsis.,Tanya didn't complain about this good synopses.,morphology,determiner_noun_agreement,determiner_noun_agreement_with_adj_irregular_1,True,True,False,True,361,-55.532772064208984,-65.56037139892578,1
Most waitresses hate these out in the open children.,Most waitresses hate these out in the open child.,morphology,determiner_noun_agreement,determiner_noun_agreement_with_adj_irregular_1,True,True,False,True,362,-75.6684799194336,-75.54319763183594,0
The Borgias fire this concealed child.,The Borgias fire this concealed children.,morphology,determiner_noun_agreement,determiner_noun_agreement_with_adj_irregular_1,True,True,False,True,363,-62.349815368652344,-64.90055847167969,1
Many mountains upset those hidden alumni.,Many mountains upset those hidden alumnus.,morphology,determiner_noun_agreement,determiner_noun_agreement_with_adj_irregular_1,True,True,False,True,364,-60.18965530395508,-63.78820037841797,1
Heidi did hide these lost geese.,Heidi did hide these lost goose.,morphology,determiner_noun_agreement,determiner_noun_agreement_with_adj_irregular_1,True,True,False,True,365,-63.73540115356445,-61.49110412597656,0
Those committees fire these concealed men.,Those committees fire these concealed man.,morphology,determiner_noun_agreement,determiner_noun_agreement_with_adj_irregular_1,True,True,False,True,366,-57.96961975097656,-61.6517448425293,1
Some man knows that busy woman.,Some man knows that busy women.,morphology,determiner_noun_agreement,determiner_noun_agreement_with_adj_irregular_1,True,True,False,True,367,-46.863407135009766,-46.35185241699219,0
Teachers aggravates those excited people.,Teachers aggravates those excited person.,morphology,determiner_noun_agreement,determiner_noun_agreement_with_adj_irregular_1,True,True,False,True,368,-49.221187591552734,-55.099769592285156,1
Colleen shouldn't kiss that smart alumnus.,Colleen shouldn't kiss that smart alumni.,morphology,determiner_noun_agreement,determiner_noun_agreement_with_adj_irregular_1,True,True,False,True,369,-65.751708984375,-63.346412658691406,0
Danielle could break those blue teeth.,Danielle could break those blue tooth.,morphology,determiner_noun_agreement,determiner_noun_agreement_with_adj_irregular_1,True,True,False,True,370,-58.19457244873047,-61.51734161376953,1
Grace will praise this good synopsis.,Grace will praise this good synopses.,morphology,determiner_noun_agreement,determiner_noun_agreement_with_adj_irregular_1,True,True,False,True,371,-58.125221252441406,-69.47901153564453,1
Kayla wasn't approaching that sick child.,Kayla wasn't approaching that sick children.,morphology,determiner_noun_agreement,determiner_noun_agreement_with_adj_irregular_1,True,True,False,True,372,-64.5557861328125,-66.73637390136719,1
This rice can't irritate that sick man.,This rice can't irritate that sick men.,morphology,determiner_noun_agreement,determiner_noun_agreement_with_adj_irregular_1,True,True,False,True,373,-59.98260498046875,-63.501853942871094,1
Candice scared these ill alumni.,Candice scared these ill alumnus.,morphology,determiner_noun_agreement,determiner_noun_agreement_with_adj_irregular_1,True,True,False,True,374,-55.5263671875,-62.25906753540039,1
Holly isn't buying these concealed geese.,Holly isn't buying these concealed goose.,morphology,determiner_noun_agreement,determiner_noun_agreement_with_adj_irregular_1,True,True,False,True,375,-71.50932312011719,-70.13843536376953,0
Leslie isn't distracting these important men.,Leslie isn't distracting these important man.,morphology,determiner_noun_agreement,determiner_noun_agreement_with_adj_irregular_1,True,True,False,True,376,-62.20283889770508,-66.61181640625,1
Nina hadn't admired that brown stimulus.,Nina hadn't admired that brown stimuli.,morphology,determiner_noun_agreement,determiner_noun_agreement_with_adj_irregular_1,True,True,False,True,377,-64.70352172851562,-66.84574890136719,1
Tammy wasn't confusing that standing man.,Tammy wasn't confusing that standing men.,morphology,determiner_noun_agreement,determiner_noun_agreement_with_adj_irregular_1,True,True,False,True,378,-65.76466369628906,-67.15526580810547,1
Most men disgust those hidden women.,Most men disgust those hidden woman.,morphology,determiner_noun_agreement,determiner_noun_agreement_with_adj_irregular_1,True,True,False,True,379,-51.59823989868164,-53.85138702392578,1
Roger wasn't going to these brown oases.,Roger wasn't going to these brown oasis.,morphology,determiner_noun_agreement,determiner_noun_agreement_with_adj_irregular_1,True,True,False,True,380,-67.09227752685547,-67.27416229248047,1
Karla shouldn't hire that hopeful woman.,Karla shouldn't hire that hopeful women.,morphology,determiner_noun_agreement,determiner_noun_agreement_with_adj_irregular_1,True,True,False,True,381,-64.94843292236328,-65.91012573242188,1
James hasn't fixed those old feet.,James hasn't fixed those old foot.,morphology,determiner_noun_agreement,determiner_noun_agreement_with_adj_irregular_1,True,True,False,True,382,-55.98079299926758,-57.81715393066406,1
Lucille distracted that delighted man.,Lucille distracted that delighted men.,morphology,determiner_noun_agreement,determiner_noun_agreement_with_adj_irregular_1,True,True,False,True,383,-61.4104118347168,-62.05878829956055,1
Spain hasn't forgotten this good analysis.,Spain hasn't forgotten this good analyses.,morphology,determiner_noun_agreement,determiner_noun_agreement_with_adj_irregular_1,True,True,False,True,384,-50.323055267333984,-53.749046325683594,1
Irene helps those unemployed men.,Irene helps those unemployed man.,morphology,determiner_noun_agreement,determiner_noun_agreement_with_adj_irregular_1,True,True,False,True,385,-54.033599853515625,-54.573001861572266,1
A doctor wouldn't lift that small oasis.,A doctor wouldn't lift that small oases.,morphology,determiner_noun_agreement,determiner_noun_agreement_with_adj_irregular_1,True,True,False,True,386,-62.55197525024414,-63.007171630859375,1
The Clintons hire that busy person.,The Clintons hire that busy people.,morphology,determiner_noun_agreement,determiner_noun_agreement_with_adj_irregular_1,True,True,False,True,387,-53.36405563354492,-51.72153091430664,0
Some waiter isn't complaining about this hopeful child.,Some waiter isn't complaining about this hopeful children.,morphology,determiner_noun_agreement,determiner_noun_agreement_with_adj_irregular_1,True,True,False,True,388,-64.21791076660156,-66.97321319580078,1
These committees didn't hurt that lucky woman.,These committees didn't hurt that lucky women.,morphology,determiner_noun_agreement,determiner_noun_agreement_with_adj_irregular_1,True,True,False,True,389,-59.82246398925781,-58.54380798339844,0
All grocery stores shock these excited children.,All grocery stores shock these excited child.,morphology,determiner_noun_agreement,determiner_noun_agreement_with_adj_irregular_1,True,True,False,True,390,-65.3006362915039,-72.49708557128906,1
That cafe did distract this small woman.,That cafe did distract this small women.,morphology,determiner_noun_agreement,determiner_noun_agreement_with_adj_irregular_1,True,True,False,True,391,-60.25415802001953,-64.24449920654297,1
Most adults are examining these bad synopses.,Most adults are examining these bad synopsis.,morphology,determiner_noun_agreement,determiner_noun_agreement_with_adj_irregular_1,True,True,False,True,392,-64.87690734863281,-58.276222229003906,0
That school astounded these sick women.,That school astounded these sick woman.,morphology,determiner_noun_agreement,determiner_noun_agreement_with_adj_irregular_1,True,True,False,True,393,-62.455562591552734,-65.64041900634766,1
Carolyn healed this white ox.,Carolyn healed this white oxen.,morphology,determiner_noun_agreement,determiner_noun_agreement_with_adj_irregular_1,True,True,False,True,394,-57.82061767578125,-57.383056640625,0
Beth isn't questioning that serious alumnus.,Beth isn't questioning that serious alumni.,morphology,determiner_noun_agreement,determiner_noun_agreement_with_adj_irregular_1,True,True,False,True,395,-67.46871185302734,-67.40470886230469,0
Elizabeth can praise these excited alumni.,Elizabeth can praise these excited alumnus.,morphology,determiner_noun_agreement,determiner_noun_agreement_with_adj_irregular_1,True,True,False,True,396,-57.67124938964844,-62.79130554199219,1
Kimberley can pass this yellow oasis.,Kimberley can pass this yellow oases.,morphology,determiner_noun_agreement,determiner_noun_agreement_with_adj_irregular_1,True,True,False,True,397,-66.41345977783203,-67.93693542480469,1
Kendra arrives at this purple oasis.,Kendra arrives at this purple oases.,morphology,determiner_noun_agreement,determiner_noun_agreement_with_adj_irregular_1,True,True,False,True,398,-63.181610107421875,-65.4101333618164,1
The Borgias approach this hopeful person.,The Borgias approach this hopeful people.,morphology,determiner_noun_agreement,determiner_noun_agreement_with_adj_irregular_1,True,True,False,True,399,-60.926048278808594,-62.13888931274414,1
Unicycles impress this uncertain child.,Unicycles impress this uncertain children.,morphology,determiner_noun_agreement,determiner_noun_agreement_with_adj_irregular_1,True,True,False,True,400,-61.4336051940918,-63.92354965209961,1
Douglas talks about that big man.,Douglas talks about that big men.,morphology,determiner_noun_agreement,determiner_noun_agreement_with_adj_irregular_1,True,True,False,True,401,-41.95970916748047,-46.687164306640625,1
Daniel is astounding this clever alumnus.,Daniel is astounding this clever alumni.,morphology,determiner_noun_agreement,determiner_noun_agreement_with_adj_irregular_1,True,True,False,True,402,-66.39511108398438,-66.9608154296875,1
These guys flee from those uncertain people.,These guys flee from those uncertain person.,morphology,determiner_noun_agreement,determiner_noun_agreement_with_adj_irregular_1,True,True,False,True,403,-54.333702087402344,-59.427066802978516,1
Nancy had broken this old foot.,Nancy had broken this old feet.,morphology,determiner_noun_agreement,determiner_noun_agreement_with_adj_irregular_1,True,True,False,True,404,-49.25041198730469,-50.59695053100586,1
Rachelle has hidden this concealed mouse.,Rachelle has hidden this concealed mice.,morphology,determiner_noun_agreement,determiner_noun_agreement_with_adj_irregular_1,True,True,False,True,405,-61.36838912963867,-64.5716552734375,1
That mouth could shock this lost child.,That mouth could shock this lost children.,morphology,determiner_noun_agreement,determiner_noun_agreement_with_adj_irregular_1,True,True,False,True,406,-61.52403259277344,-63.229225158691406,1
Those actors criticize that lost woman.,Those actors criticize that lost women.,morphology,determiner_noun_agreement,determiner_noun_agreement_with_adj_irregular_1,True,True,False,True,407,-57.064212799072266,-55.35248947143555,0
Naomi boycotts this new oasis.,Naomi boycotts this new oases.,morphology,determiner_noun_agreement,determiner_noun_agreement_with_adj_irregular_1,True,True,False,True,408,-66.29730224609375,-67.79818725585938,1
Winston Churchill shouldn't drop by those blue oases.,Winston Churchill shouldn't drop by those blue oasis.,morphology,determiner_noun_agreement,determiner_noun_agreement_with_adj_irregular_1,True,True,False,True,409,-79.18556213378906,-78.80070495605469,0
Denise hasn't talked to those standing alumni.,Denise hasn't talked to those standing alumnus.,morphology,determiner_noun_agreement,determiner_noun_agreement_with_adj_irregular_1,True,True,False,True,410,-64.44602966308594,-65.79349517822266,1
Sonia hides these hard nuclei.,Sonia hides these hard nucleus.,morphology,determiner_noun_agreement,determiner_noun_agreement_with_adj_irregular_1,True,True,False,True,411,-49.2059211730957,-53.202571868896484,1
Larry wasn't bringing these out in the open octopi.,Larry wasn't bringing these out in the open octopus.,morphology,determiner_noun_agreement,determiner_noun_agreement_with_adj_irregular_1,True,True,False,True,412,-85.92582702636719,-75.32328033447266,0
Girls heal these purple octopi.,Girls heal these purple octopus.,morphology,determiner_noun_agreement,determiner_noun_agreement_with_adj_irregular_1,True,True,False,True,413,-67.60969543457031,-57.94863510131836,0
The patient did dislike that delighted child.,The patient did dislike that delighted children.,morphology,determiner_noun_agreement,determiner_noun_agreement_with_adj_irregular_1,True,True,False,True,414,-62.40211868286133,-60.1284294128418,0
Carrie disliked this long analysis.,Carrie disliked this long analyses.,morphology,determiner_noun_agreement,determiner_noun_agreement_with_adj_irregular_1,True,True,False,True,415,-56.88693618774414,-59.7613410949707,1
Tanya can't insult those old men.,Tanya can't insult those old man.,morphology,determiner_noun_agreement,determiner_noun_agreement_with_adj_irregular_1,True,True,False,True,416,-51.704010009765625,-51.62968826293945,0
Paula insults those long synopses.,Paula insults those long synopsis.,morphology,determiner_noun_agreement,determiner_noun_agreement_with_adj_irregular_1,True,True,False,True,417,-67.08184814453125,-59.6641845703125,0
Aaron will discuss that lost person.,Aaron will discuss that lost people.,morphology,determiner_noun_agreement,determiner_noun_agreement_with_adj_irregular_1,True,True,False,True,418,-50.97669219970703,-50.11473083496094,0
Those dancers can't mess up those red feet.,Those dancers can't mess up those red foot.,morphology,determiner_noun_agreement,determiner_noun_agreement_with_adj_irregular_1,True,True,False,True,419,-66.07572937011719,-69.9085464477539,1
Most pedestrians hadn't helped that employed man.,Most pedestrians hadn't helped that employed men.,morphology,determiner_noun_agreement,determiner_noun_agreement_with_adj_irregular_1,True,True,False,True,420,-63.281890869140625,-62.31488800048828,0
Some child hasn't questioned this concealed alumnus.,Some child hasn't questioned this concealed alumni.,morphology,determiner_noun_agreement,determiner_noun_agreement_with_adj_irregular_1,True,True,False,True,421,-71.39678955078125,-71.26113891601562,0
Sara wasn't exploring this rough oasis.,Sara wasn't exploring this rough oases.,morphology,determiner_noun_agreement,determiner_noun_agreement_with_adj_irregular_1,True,True,False,True,422,-62.70185089111328,-64.37734985351562,1
The jacket wasn't confusing those unsure people.,The jacket wasn't confusing those unsure person.,morphology,determiner_noun_agreement,determiner_noun_agreement_with_adj_irregular_1,True,True,False,True,423,-65.66841888427734,-67.61489868164062,1
The ladies notice these exposed geese.,The ladies notice these exposed goose.,morphology,determiner_noun_agreement,determiner_noun_agreement_with_adj_irregular_1,True,True,False,True,424,-63.938114166259766,-60.210693359375,0
Alice is kissing that content alumnus.,Alice is kissing that content alumni.,morphology,determiner_noun_agreement,determiner_noun_agreement_with_adj_irregular_1,True,True,False,True,425,-67.26473999023438,-64.07829284667969,0
Kristen admires these good theses.,Kristen admires these good thesis.,morphology,determiner_noun_agreement,determiner_noun_agreement_with_adj_irregular_1,True,True,False,True,426,-68.4359130859375,-64.05573272705078,0
Elaine didn't aggravate these concealed men.,Elaine didn't aggravate these concealed man.,morphology,determiner_noun_agreement,determiner_noun_agreement_with_adj_irregular_1,True,True,False,True,427,-64.49888610839844,-67.50509643554688,1
Cindy investigated those sick men.,Cindy investigated those sick man.,morphology,determiner_noun_agreement,determiner_noun_agreement_with_adj_irregular_1,True,True,False,True,428,-50.187522888183594,-49.0994987487793,0
This lady hasn't talked to that bad man.,This lady hasn't talked to that bad men.,morphology,determiner_noun_agreement,determiner_noun_agreement_with_adj_irregular_1,True,True,False,True,429,-50.771690368652344,-55.39177322387695,1
This movie theater can shock this concealed child.,This movie theater can shock this concealed children.,morphology,determiner_noun_agreement,determiner_noun_agreement_with_adj_irregular_1,True,True,False,True,430,-66.25727081298828,-70.37544250488281,1
These sketches bother that exposed woman.,These sketches bother that exposed women.,morphology,determiner_noun_agreement,determiner_noun_agreement_with_adj_irregular_1,True,True,False,True,431,-59.117698669433594,-57.70537567138672,0
A doctor should talk about those nice children.,A doctor should talk about those nice child.,morphology,determiner_noun_agreement,determiner_noun_agreement_with_adj_irregular_1,True,True,False,True,432,-50.57267761230469,-54.10881042480469,1
Linda hasn't hated those lost men.,Linda hasn't hated those lost man.,morphology,determiner_noun_agreement,determiner_noun_agreement_with_adj_irregular_1,True,True,False,True,433,-55.02058410644531,-54.86431884765625,0
Kathleen has forgotten those long synopses.,Kathleen has forgotten those long synopsis.,morphology,determiner_noun_agreement,determiner_noun_agreement_with_adj_irregular_1,True,True,False,True,434,-71.787353515625,-62.88503646850586,0
Monet passes these green oases.,Monet passes these green oasis.,morphology,determiner_noun_agreement,determiner_noun_agreement_with_adj_irregular_1,True,True,False,True,435,-57.039180755615234,-58.354854583740234,1
Some actresses reveal these unconvinced women.,Some actresses reveal these unconvinced woman.,morphology,determiner_noun_agreement,determiner_noun_agreement_with_adj_irregular_1,True,True,False,True,436,-64.33341979980469,-64.0531005859375,0
Actresses hug this delighted man.,Actresses hug this delighted men.,morphology,determiner_noun_agreement,determiner_noun_agreement_with_adj_irregular_1,True,True,False,True,437,-54.31246566772461,-58.185367584228516,1
Tiffany likes these exposed octopi.,Tiffany likes these exposed octopus.,morphology,determiner_noun_agreement,determiner_noun_agreement_with_adj_irregular_1,True,True,False,True,438,-65.40428161621094,-57.72156524658203,0
Stacey approaches this out in the open child.,Stacey approaches this out in the open children.,morphology,determiner_noun_agreement,determiner_noun_agreement_with_adj_irregular_1,True,True,False,True,439,-60.97492599487305,-61.49271011352539,1
Omar was touring those green oases.,Omar was touring those green oasis.,morphology,determiner_noun_agreement,determiner_noun_agreement_with_adj_irregular_1,True,True,False,True,440,-68.08402252197266,-68.9641342163086,1
Theodore noticed those small octopi.,Theodore noticed those small octopus.,morphology,determiner_noun_agreement,determiner_noun_agreement_with_adj_irregular_1,True,True,False,True,441,-66.70755004882812,-59.15907287597656,0
Some person kisses those upset men.,Some person kisses those upset man.,morphology,determiner_noun_agreement,determiner_noun_agreement_with_adj_irregular_1,True,True,False,True,442,-49.86610412597656,-51.290870666503906,1
The actresses were cleaning these lost nuclei.,The actresses were cleaning these lost nucleus.,morphology,determiner_noun_agreement,determiner_noun_agreement_with_adj_irregular_1,True,True,False,True,443,-61.40800094604492,-65.68106079101562,1
Literature doesn't aggravate those employed men.,Literature doesn't aggravate those employed man.,morphology,determiner_noun_agreement,determiner_noun_agreement_with_adj_irregular_1,True,True,False,True,444,-63.34107971191406,-65.27244567871094,1
Patricia wasn't watching that delighted man.,Patricia wasn't watching that delighted men.,morphology,determiner_noun_agreement,determiner_noun_agreement_with_adj_irregular_1,True,True,False,True,445,-62.71235656738281,-64.46002960205078,1
That adult will approach these unlucky people.,That adult will approach these unlucky person.,morphology,determiner_noun_agreement,determiner_noun_agreement_with_adj_irregular_1,True,True,False,True,446,-57.10600280761719,-62.24856185913086,1
Joel hadn't remembered these unemployed women.,Joel hadn't remembered these unemployed woman.,morphology,determiner_noun_agreement,determiner_noun_agreement_with_adj_irregular_1,True,True,False,True,447,-64.37211608886719,-66.14142608642578,1
Cashiers disagreed with these concealed people.,Cashiers disagreed with these concealed person.,morphology,determiner_noun_agreement,determiner_noun_agreement_with_adj_irregular_1,True,True,False,True,448,-64.2335205078125,-67.2752685546875,1
Denise noticed that red nucleus.,Denise noticed that red nuclei.,morphology,determiner_noun_agreement,determiner_noun_agreement_with_adj_irregular_1,True,True,False,True,449,-55.65392303466797,-54.968780517578125,0
Thomas was exploring those orange oases.,Thomas was exploring those orange oasis.,morphology,determiner_noun_agreement,determiner_noun_agreement_with_adj_irregular_1,True,True,False,True,450,-61.90996551513672,-62.43878936767578,1
Alexander could exit those smooth oases.,Alexander could exit those smooth oasis.,morphology,determiner_noun_agreement,determiner_noun_agreement_with_adj_irregular_1,True,True,False,True,451,-69.99749755859375,-67.97659301757812,0
Most schools are describing this long analysis.,Most schools are describing this long analyses.,morphology,determiner_noun_agreement,determiner_noun_agreement_with_adj_irregular_1,True,True,False,True,452,-54.40794372558594,-57.82740783691406,1
Martin described those bad analyses.,Martin described those bad analysis.,morphology,determiner_noun_agreement,determiner_noun_agreement_with_adj_irregular_1,True,True,False,True,453,-50.084228515625,-51.125946044921875,1
Joel has boycotted these smooth oases.,Joel has boycotted these smooth oasis.,morphology,determiner_noun_agreement,determiner_noun_agreement_with_adj_irregular_1,True,True,False,True,454,-83.49663543701172,-83.64795684814453,1
Jerry discovers these out in the open geese.,Jerry discovers these out in the open goose.,morphology,determiner_noun_agreement,determiner_noun_agreement_with_adj_irregular_1,True,True,False,True,455,-66.23809814453125,-66.38520812988281,1
Stacy drove to this white oasis.,Stacy drove to this white oases.,morphology,determiner_noun_agreement,determiner_noun_agreement_with_adj_irregular_1,True,True,False,True,456,-56.75987243652344,-60.28477096557617,1
Maria hadn't admired that gray goose.,Maria hadn't admired that gray geese.,morphology,determiner_noun_agreement,determiner_noun_agreement_with_adj_irregular_1,True,True,False,True,457,-61.480560302734375,-65.04981994628906,1
Gerald describes those good analyses.,Gerald describes those good analysis.,morphology,determiner_noun_agreement,determiner_noun_agreement_with_adj_irregular_1,True,True,False,True,458,-49.71900177001953,-49.18128967285156,0
Becky doesn't argue about those determined alumni.,Becky doesn't argue about those determined alumnus.,morphology,determiner_noun_agreement,determiner_noun_agreement_with_adj_irregular_1,True,True,False,True,459,-72.77180480957031,-72.58074951171875,0
Kayla isn't breaking those small teeth.,Kayla isn't breaking those small tooth.,morphology,determiner_noun_agreement,determiner_noun_agreement_with_adj_irregular_1,True,True,False,True,460,-64.48377227783203,-68.97915649414062,1
Wayne broke that purple tooth.,Wayne broke that purple teeth.,morphology,determiner_noun_agreement,determiner_noun_agreement_with_adj_irregular_1,True,True,False,True,461,-50.98882293701172,-49.89775848388672,0
Randolf had run around those blue oases.,Randolf had run around those blue oasis.,morphology,determiner_noun_agreement,determiner_noun_agreement_with_adj_irregular_1,True,True,False,True,462,-72.04368591308594,-70.50454711914062,0
Monet hadn't concealed that content alumnus.,Monet hadn't concealed that content alumni.,morphology,determiner_noun_agreement,determiner_noun_agreement_with_adj_irregular_1,True,True,False,True,463,-69.62835693359375,-68.0422592163086,0
Kirsten irritated those happy alumni.,Kirsten irritated those happy alumnus.,morphology,determiner_noun_agreement,determiner_noun_agreement_with_adj_irregular_1,True,True,False,True,464,-56.410667419433594,-60.95582580566406,1
The teenager approached that fast child.,The teenager approached that fast children.,morphology,determiner_noun_agreement,determiner_noun_agreement_with_adj_irregular_1,True,True,False,True,465,-52.81982421875,-53.02507781982422,1
Tracy kissed this unconvinced woman.,Tracy kissed this unconvinced women.,morphology,determiner_noun_agreement,determiner_noun_agreement_with_adj_irregular_1,True,True,False,True,466,-62.75586700439453,-63.40163803100586,1
Most associations argued about those long analyses.,Most associations argued about those long analysis.,morphology,determiner_noun_agreement,determiner_noun_agreement_with_adj_irregular_1,True,True,False,True,467,-64.84032440185547,-64.96715545654297,1
The waiters discover that brown stimulus.,The waiters discover that brown stimuli.,morphology,determiner_noun_agreement,determiner_noun_agreement_with_adj_irregular_1,True,True,False,True,468,-64.23442840576172,-63.129573822021484,0
Brett talks to these young women.,Brett talks to these young woman.,morphology,determiner_noun_agreement,determiner_noun_agreement_with_adj_irregular_1,True,True,False,True,469,-42.997283935546875,-46.52722930908203,1
Some popsicle scares those content children.,Some popsicle scares those content child.,morphology,determiner_noun_agreement,determiner_noun_agreement_with_adj_irregular_1,True,True,False,True,470,-73.44146728515625,-75.11466217041016,1
Women find that hidden mouse.,Women find that hidden mice.,morphology,determiner_noun_agreement,determiner_noun_agreement_with_adj_irregular_1,True,True,False,True,471,-48.30781555175781,-49.36061096191406,1
Those pedestrians return to these nice children.,Those pedestrians return to these nice child.,morphology,determiner_noun_agreement,determiner_noun_agreement_with_adj_irregular_1,True,True,False,True,472,-58.973453521728516,-63.220489501953125,1
Jodi scans those bad synopses.,Jodi scans those bad synopsis.,morphology,determiner_noun_agreement,determiner_noun_agreement_with_adj_irregular_1,True,True,False,True,473,-68.91688537597656,-60.052337646484375,0
Ellen is leaving that busy woman.,Ellen is leaving that busy women.,morphology,determiner_noun_agreement,determiner_noun_agreement_with_adj_irregular_1,True,True,False,True,474,-54.87178039550781,-56.64869689941406,1
Peter had known these big men.,Peter had known these big man.,morphology,determiner_noun_agreement,determiner_noun_agreement_with_adj_irregular_1,True,True,False,True,475,-47.627906799316406,-50.89855194091797,1
Brett is thinking about those gray cacti.,Brett is thinking about those gray cactus.,morphology,determiner_noun_agreement,determiner_noun_agreement_with_adj_irregular_1,True,True,False,True,476,-64.90987396240234,-63.019439697265625,0
The Lutherans heal these ill geese.,The Lutherans heal these ill goose.,morphology,determiner_noun_agreement,determiner_noun_agreement_with_adj_irregular_1,True,True,False,True,477,-61.042877197265625,-60.68427276611328,0
Lissa might sound like that good child.,Lissa might sound like that good children.,morphology,determiner_noun_agreement,determiner_noun_agreement_with_adj_irregular_1,True,True,False,True,478,-53.723270416259766,-55.08391571044922,1
Most mouths might stun those busy children.,Most mouths might stun those busy child.,morphology,determiner_noun_agreement,determiner_noun_agreement_with_adj_irregular_1,True,True,False,True,479,-72.10354614257812,-74.71743774414062,1
Kayla has that orange axis.,Kayla has that orange axes.,morphology,determiner_noun_agreement,determiner_noun_agreement_with_adj_irregular_1,True,True,False,True,480,-56.097129821777344,-57.18755340576172,1
Cynthia doesn't heal that clever man.,Cynthia doesn't heal that clever men.,morphology,determiner_noun_agreement,determiner_noun_agreement_with_adj_irregular_1,True,True,False,True,481,-57.44696044921875,-60.64376449584961,1
Homer returns to that exposed man.,Homer returns to that exposed men.,morphology,determiner_noun_agreement,determiner_noun_agreement_with_adj_irregular_1,True,True,False,True,482,-53.49040222167969,-57.250553131103516,1
People remember those uncertain people.,People remember those uncertain person.,morphology,determiner_noun_agreement,determiner_noun_agreement_with_adj_irregular_1,True,True,False,True,483,-43.72447967529297,-47.96372604370117,1
Theodore hasn't broken those concealed feet.,Theodore hasn't broken those concealed foot.,morphology,determiner_noun_agreement,determiner_noun_agreement_with_adj_irregular_1,True,True,False,True,484,-65.25408935546875,-66.19776916503906,1
Tonya had disturbed that popular man.,Tonya had disturbed that popular men.,morphology,determiner_noun_agreement,determiner_noun_agreement_with_adj_irregular_1,True,True,False,True,485,-61.165374755859375,-63.30751419067383,1
This customer couldn't pass that black oasis.,This customer couldn't pass that black oases.,morphology,determiner_noun_agreement,determiner_noun_agreement_with_adj_irregular_1,True,True,False,True,486,-64.06951141357422,-65.01820373535156,1
William hides that exposed stimulus.,William hides that exposed stimuli.,morphology,determiner_noun_agreement,determiner_noun_agreement_with_adj_irregular_1,True,True,False,True,487,-52.21732711791992,-50.971622467041016,0
Ruth exits that big oasis.,Ruth exits that big oases.,morphology,determiner_noun_agreement,determiner_noun_agreement_with_adj_irregular_1,True,True,False,True,488,-55.490028381347656,-57.136375427246094,1
Judy can discover that red mouse.,Judy can discover that red mice.,morphology,determiner_noun_agreement,determiner_noun_agreement_with_adj_irregular_1,True,True,False,True,489,-55.94476318359375,-55.721534729003906,0
Candice didn't stun that serious alumnus.,Candice didn't stun that serious alumni.,morphology,determiner_noun_agreement,determiner_noun_agreement_with_adj_irregular_1,True,True,False,True,490,-73.5877914428711,-73.05979919433594,0
Jodi hadn't visited these green oases.,Jodi hadn't visited these green oasis.,morphology,determiner_noun_agreement,determiner_noun_agreement_with_adj_irregular_1,True,True,False,True,491,-66.77599334716797,-66.17030334472656,0
Rose doesn't hate these bad analyses.,Rose doesn't hate these bad analysis.,morphology,determiner_noun_agreement,determiner_noun_agreement_with_adj_irregular_1,True,True,False,True,492,-53.658180236816406,-54.979347229003906,1
These men can help that lost alumnus.,These men can help that lost alumni.,morphology,determiner_noun_agreement,determiner_noun_agreement_with_adj_irregular_1,True,True,False,True,493,-60.65576934814453,-56.885597229003906,0
Thomas hadn't arrived at those red oases.,Thomas hadn't arrived at those red oasis.,morphology,determiner_noun_agreement,determiner_noun_agreement_with_adj_irregular_1,True,True,False,True,494,-63.344383239746094,-63.237266540527344,0
A lot of companies remembered this unlucky alumnus.,A lot of companies remembered this unlucky alumni.,morphology,determiner_noun_agreement,determiner_noun_agreement_with_adj_irregular_1,True,True,False,True,495,-66.66728210449219,-64.886474609375,0
Women fire these content women.,Women fire these content woman.,morphology,determiner_noun_agreement,determiner_noun_agreement_with_adj_irregular_1,True,True,False,True,496,-49.236854553222656,-52.73394775390625,1
George will remember those good synopses.,George will remember those good synopsis.,morphology,determiner_noun_agreement,determiner_noun_agreement_with_adj_irregular_1,True,True,False,True,497,-63.64249801635742,-55.90778350830078,0
The glacier wasn't embarrassing those unlucky people.,The glacier wasn't embarrassing those unlucky person.,morphology,determiner_noun_agreement,determiner_noun_agreement_with_adj_irregular_1,True,True,False,True,498,-62.86005401611328,-67.45574188232422,1
Guy visits that happy woman.,Guy visits that happy women.,morphology,determiner_noun_agreement,determiner_noun_agreement_with_adj_irregular_1,True,True,False,True,499,-47.91671371459961,-47.87741470336914,0
Steven investigates this employed person.,Steven investigates this employed people.,morphology,determiner_noun_agreement,determiner_noun_agreement_with_adj_irregular_1,True,True,False,True,500,-54.194915771484375,-56.10968017578125,1
John didn't conceal those young men.,John didn't conceal those young man.,morphology,determiner_noun_agreement,determiner_noun_agreement_with_adj_irregular_1,True,True,False,True,501,-46.57196807861328,-47.502403259277344,1
Martin hadn't gone to that gray oasis.,Martin hadn't gone to that gray oases.,morphology,determiner_noun_agreement,determiner_noun_agreement_with_adj_irregular_1,True,True,False,True,502,-64.31411743164062,-67.01777648925781,1
The cashiers weren't breaking these brown feet.,The cashiers weren't breaking these brown foot.,morphology,determiner_noun_agreement,determiner_noun_agreement_with_adj_irregular_1,True,True,False,True,503,-64.64420318603516,-67.64035034179688,1
The pedestrians might complain about this small oasis.,The pedestrians might complain about this small oases.,morphology,determiner_noun_agreement,determiner_noun_agreement_with_adj_irregular_1,True,True,False,True,504,-63.567352294921875,-65.90550231933594,1
Tamara won't bike to those exposed oases.,Tamara won't bike to those exposed oasis.,morphology,determiner_noun_agreement,determiner_noun_agreement_with_adj_irregular_1,True,True,False,True,505,-79.31637573242188,-77.64620971679688,0
Jennifer does discuss those purple oases.,Jennifer does discuss those purple oasis.,morphology,determiner_noun_agreement,determiner_noun_agreement_with_adj_irregular_1,True,True,False,True,506,-70.69940185546875,-69.70756530761719,0
Naomi does investigate those clever people.,Naomi does investigate those clever person.,morphology,determiner_noun_agreement,determiner_noun_agreement_with_adj_irregular_1,True,True,False,True,507,-62.939064025878906,-67.7982406616211,1
Beverly wasn't hiding this blue mouse.,Beverly wasn't hiding this blue mice.,morphology,determiner_noun_agreement,determiner_noun_agreement_with_adj_irregular_1,True,True,False,True,508,-59.940025329589844,-63.54656982421875,1
Every sketch astounds that hidden child.,Every sketch astounds that hidden children.,morphology,determiner_noun_agreement,determiner_noun_agreement_with_adj_irregular_1,True,True,False,True,509,-68.97664642333984,-66.8013687133789,0
Christine talks to that determined child.,Christine talks to that determined children.,morphology,determiner_noun_agreement,determiner_noun_agreement_with_adj_irregular_1,True,True,False,True,510,-54.07899856567383,-55.11637496948242,1
Jesus can hire that smart man.,Jesus can hire that smart men.,morphology,determiner_noun_agreement,determiner_noun_agreement_with_adj_irregular_1,True,True,False,True,511,-48.23528289794922,-51.87065124511719,1
These drivers kiss this exposed alumnus.,These drivers kiss this exposed alumni.,morphology,determiner_noun_agreement,determiner_noun_agreement_with_adj_irregular_1,True,True,False,True,512,-67.28504943847656,-67.19642639160156,0
Diane respected those unemployed alumni.,Diane respected those unemployed alumnus.,morphology,determiner_noun_agreement,determiner_noun_agreement_with_adj_irregular_1,True,True,False,True,513,-57.48527526855469,-62.69187927246094,1
Theodore hasn't argued about these unsure people.,Theodore hasn't argued about these unsure person.,morphology,determiner_noun_agreement,determiner_noun_agreement_with_adj_irregular_1,True,True,False,True,514,-69.97738647460938,-72.71287536621094,1
Nina reveals these red theses.,Nina reveals these red thesis.,morphology,determiner_noun_agreement,determiner_noun_agreement_with_adj_irregular_1,True,True,False,True,515,-58.045753479003906,-59.25950241088867,1
Meredith complains about those popular women.,Meredith complains about those popular woman.,morphology,determiner_noun_agreement,determiner_noun_agreement_with_adj_irregular_1,True,True,False,True,516,-52.161537170410156,-54.85670852661133,1
That government hadn't discussed these good synopses.,That government hadn't discussed these good synopsis.,morphology,determiner_noun_agreement,determiner_noun_agreement_with_adj_irregular_1,True,True,False,True,517,-73.8525390625,-70.14553833007812,0
Colleen had broken that big tooth.,Colleen had broken that big teeth.,morphology,determiner_noun_agreement,determiner_noun_agreement_with_adj_irregular_1,True,True,False,True,518,-54.20112609863281,-52.662837982177734,0
Catherine was revealing that exposed tooth.,Catherine was revealing that exposed teeth.,morphology,determiner_noun_agreement,determiner_noun_agreement_with_adj_irregular_1,True,True,False,True,519,-57.8424186706543,-56.71839904785156,0
A lot of actresses are skated around these purple oases.,A lot of actresses are skated around these purple oasis.,morphology,determiner_noun_agreement,determiner_noun_agreement_with_adj_irregular_1,True,True,False,True,520,-77.26546478271484,-77.86882019042969,1
Most pedestrians criticize these bad men.,Most pedestrians criticize these bad man.,morphology,determiner_noun_agreement,determiner_noun_agreement_with_adj_irregular_1,True,True,False,True,521,-50.643131256103516,-54.64768981933594,1
John hadn't scared that clever man.,John hadn't scared that clever men.,morphology,determiner_noun_agreement,determiner_noun_agreement_with_adj_irregular_1,True,True,False,True,522,-50.14876174926758,-53.972869873046875,1
Julia has astounded that nice child.,Julia has astounded that nice children.,morphology,determiner_noun_agreement,determiner_noun_agreement_with_adj_irregular_1,True,True,False,True,523,-63.72518539428711,-63.994598388671875,1
Laurie has dropped by those cheap oases.,Laurie has dropped by those cheap oasis.,morphology,determiner_noun_agreement,determiner_noun_agreement_with_adj_irregular_1,True,True,False,True,524,-66.999267578125,-66.5761947631836,0
Rose wouldn't bike to those small oases.,Rose wouldn't bike to those small oasis.,morphology,determiner_noun_agreement,determiner_noun_agreement_with_adj_irregular_1,True,True,False,True,525,-71.41902160644531,-71.12930297851562,0
Holly did observe that unconvinced person.,Holly did observe that unconvinced people.,morphology,determiner_noun_agreement,determiner_noun_agreement_with_adj_irregular_1,True,True,False,True,526,-67.56775665283203,-64.97187805175781,0
Stacy isn't healing this big child.,Stacy isn't healing this big children.,morphology,determiner_noun_agreement,determiner_noun_agreement_with_adj_irregular_1,True,True,False,True,527,-52.21746826171875,-54.825679779052734,1
Every actor complains about this small thesis.,Every actor complains about this small theses.,morphology,determiner_noun_agreement,determiner_noun_agreement_with_adj_irregular_1,True,True,False,True,528,-57.4881706237793,-66.780029296875,1
Some teacher dislikes this determined alumnus.,Some teacher dislikes this determined alumni.,morphology,determiner_noun_agreement,determiner_noun_agreement_with_adj_irregular_1,True,True,False,True,529,-68.29733276367188,-70.77571868896484,1
This driver remembers that scared woman.,This driver remembers that scared women.,morphology,determiner_noun_agreement,determiner_noun_agreement_with_adj_irregular_1,True,True,False,True,530,-53.81156921386719,-53.65229797363281,0
Thomas hadn't aggravated that fast man.,Thomas hadn't aggravated that fast men.,morphology,determiner_noun_agreement,determiner_noun_agreement_with_adj_irregular_1,True,True,False,True,531,-55.7330207824707,-59.11552429199219,1
Tracy messed up those orange feet.,Tracy messed up those orange foot.,morphology,determiner_noun_agreement,determiner_noun_agreement_with_adj_irregular_1,True,True,False,True,532,-55.07878875732422,-58.150325775146484,1
Matt hasn't bothered those employed men.,Matt hasn't bothered those employed man.,morphology,determiner_noun_agreement,determiner_noun_agreement_with_adj_irregular_1,True,True,False,True,533,-55.863006591796875,-56.70170593261719,1
Sharon isn't criticizing those standing children.,Sharon isn't criticizing those standing child.,morphology,determiner_noun_agreement,determiner_noun_agreement_with_adj_irregular_1,True,True,False,True,534,-69.22959899902344,-72.19589233398438,1
Noah admired this hard louse.,Noah admired this hard lice.,morphology,determiner_noun_agreement,determiner_noun_agreement_with_adj_irregular_1,True,True,False,True,535,-58.15005874633789,-60.6636848449707,1
The popsicle confuses this concealed child.,The popsicle confuses this concealed children.,morphology,determiner_noun_agreement,determiner_noun_agreement_with_adj_irregular_1,True,True,False,True,536,-68.26996612548828,-71.92961120605469,1
That apple worried those important people.,That apple worried those important person.,morphology,determiner_noun_agreement,determiner_noun_agreement_with_adj_irregular_1,True,True,False,True,537,-55.99085998535156,-61.030059814453125,1
Robert couldn't like those old feet.,Robert couldn't like those old foot.,morphology,determiner_noun_agreement,determiner_noun_agreement_with_adj_irregular_1,True,True,False,True,538,-51.44206237792969,-55.564002990722656,1
All legislatures help those lucky children.,All legislatures help those lucky child.,morphology,determiner_noun_agreement,determiner_noun_agreement_with_adj_irregular_1,True,True,False,True,539,-61.51005554199219,-65.8829345703125,1
This spinach wasn't scaring that exposed child.,This spinach wasn't scaring that exposed children.,morphology,determiner_noun_agreement,determiner_noun_agreement_with_adj_irregular_1,True,True,False,True,540,-75.50508117675781,-74.41566467285156,0
The teenager returned to those black oases.,The teenager returned to those black oasis.,morphology,determiner_noun_agreement,determiner_noun_agreement_with_adj_irregular_1,True,True,False,True,541,-57.40273666381836,-56.817596435546875,0
Jill is hiring this small man.,Jill is hiring this small men.,morphology,determiner_noun_agreement,determiner_noun_agreement_with_adj_irregular_1,True,True,False,True,542,-50.34950256347656,-55.58021926879883,1
Jeffrey hasn't watched those clever alumni.,Jeffrey hasn't watched those clever alumnus.,morphology,determiner_noun_agreement,determiner_noun_agreement_with_adj_irregular_1,True,True,False,True,543,-64.75225830078125,-68.25680541992188,1
Danielle helps that happy person.,Danielle helps that happy people.,morphology,determiner_noun_agreement,determiner_noun_agreement_with_adj_irregular_1,True,True,False,True,544,-52.75156021118164,-51.869285583496094,0
The Borgias escape from that troubled woman.,The Borgias escape from that troubled women.,morphology,determiner_noun_agreement,determiner_noun_agreement_with_adj_irregular_1,True,True,False,True,545,-60.230838775634766,-63.58004379272461,1
The Borgias wouldn't break that smooth tooth.,The Borgias wouldn't break that smooth teeth.,morphology,determiner_noun_agreement,determiner_noun_agreement_with_adj_irregular_1,True,True,False,True,546,-67.98519897460938,-68.15006256103516,1
Most waiters conceal those smart men.,Most waiters conceal those smart man.,morphology,determiner_noun_agreement,determiner_noun_agreement_with_adj_irregular_1,True,True,False,True,547,-61.78596496582031,-62.755645751953125,1
Kathleen couldn't talk about these good analyses.,Kathleen couldn't talk about these good analysis.,morphology,determiner_noun_agreement,determiner_noun_agreement_with_adj_irregular_1,True,True,False,True,548,-61.7400016784668,-63.41065979003906,1
Veronica hadn't noticed those lost lice.,Veronica hadn't noticed those lost louse.,morphology,determiner_noun_agreement,determiner_noun_agreement_with_adj_irregular_1,True,True,False,True,549,-63.35343551635742,-64.36158752441406,1
Rachel had found those hard cacti.,Rachel had found those hard cactus.,morphology,determiner_noun_agreement,determiner_noun_agreement_with_adj_irregular_1,True,True,False,True,550,-60.439537048339844,-58.15526580810547,0
Denise sounds like that confident person.,Denise sounds like that confident people.,morphology,determiner_noun_agreement,determiner_noun_agreement_with_adj_irregular_1,True,True,False,True,551,-56.2969970703125,-53.047733306884766,0
Many mouths stunned this nice person.,Many mouths stunned this nice people.,morphology,determiner_noun_agreement,determiner_noun_agreement_with_adj_irregular_1,True,True,False,True,552,-60.19505310058594,-61.6142578125,1
Most adults love these content women.,Most adults love these content woman.,morphology,determiner_noun_agreement,determiner_noun_agreement_with_adj_irregular_1,True,True,False,True,553,-45.624755859375,-48.74553680419922,1
Donald is hurting these unemployed people.,Donald is hurting these unemployed person.,morphology,determiner_noun_agreement,determiner_noun_agreement_with_adj_irregular_1,True,True,False,True,554,-46.11155700683594,-51.766693115234375,1
Those students reference those smart people.,Those students reference those smart person.,morphology,determiner_noun_agreement,determiner_noun_agreement_with_adj_irregular_1,True,True,False,True,555,-54.583961486816406,-59.29931640625,1
Jerry shouldn't listen to those serious alumni.,Jerry shouldn't listen to those serious alumnus.,morphology,determiner_noun_agreement,determiner_noun_agreement_with_adj_irregular_1,True,True,False,True,556,-61.88859558105469,-65.56294250488281,1
Many dancers skate around these smooth oases.,Many dancers skate around these smooth oasis.,morphology,determiner_noun_agreement,determiner_noun_agreement_with_adj_irregular_1,True,True,False,True,557,-71.74221801757812,-71.255126953125,0
Judy liked this determined man.,Judy liked this determined men.,morphology,determiner_noun_agreement,determiner_noun_agreement_with_adj_irregular_1,True,True,False,True,558,-50.532325744628906,-53.68098449707031,1
Dennis hadn't thought about those hidden mice.,Dennis hadn't thought about those hidden mouse.,morphology,determiner_noun_agreement,determiner_noun_agreement_with_adj_irregular_1,True,True,False,True,559,-59.54815673828125,-61.24269104003906,1
Eva shouldn't work with these confident children.,Eva shouldn't work with these confident child.,morphology,determiner_noun_agreement,determiner_noun_agreement_with_adj_irregular_1,True,True,False,True,560,-60.00679016113281,-64.09355163574219,1
Wayne will hug that displeased man.,Wayne will hug that displeased men.,morphology,determiner_noun_agreement,determiner_noun_agreement_with_adj_irregular_1,True,True,False,True,561,-58.026554107666016,-60.052772521972656,1
Naomi heals this concealed louse.,Naomi heals this concealed lice.,morphology,determiner_noun_agreement,determiner_noun_agreement_with_adj_irregular_1,True,True,False,True,562,-72.29519653320312,-73.30590057373047,1
Tonya will respect this orange oasis.,Tonya will respect this orange oases.,morphology,determiner_noun_agreement,determiner_noun_agreement_with_adj_irregular_1,True,True,False,True,563,-69.41385650634766,-70.39161682128906,1
This drawing looks like that ill man.,This drawing looks like that ill men.,morphology,determiner_noun_agreement,determiner_noun_agreement_with_adj_irregular_1,True,True,False,True,564,-49.314178466796875,-51.604347229003906,1
George had driven to those old oases.,George had driven to those old oasis.,morphology,determiner_noun_agreement,determiner_noun_agreement_with_adj_irregular_1,True,True,False,True,565,-59.85686111450195,-58.7782096862793,0
Carl has dropped by these black oases.,Carl has dropped by these black oasis.,morphology,determiner_noun_agreement,determiner_noun_agreement_with_adj_irregular_1,True,True,False,True,566,-63.741355895996094,-65.75140380859375,1
Customers were disagreeing with these delighted men.,Customers were disagreeing with these delighted man.,morphology,determiner_noun_agreement,determiner_noun_agreement_with_adj_irregular_1,True,True,False,True,567,-58.752227783203125,-62.71690368652344,1
Brian finds that lost foot.,Brian finds that lost feet.,morphology,determiner_noun_agreement,determiner_noun_agreement_with_adj_irregular_1,True,True,False,True,568,-47.525177001953125,-48.64054870605469,1
Those teenagers disturb that lucky alumnus.,Those teenagers disturb that lucky alumni.,morphology,determiner_noun_agreement,determiner_noun_agreement_with_adj_irregular_1,True,True,False,True,569,-63.046485900878906,-59.71853256225586,0
The nose impresses this fast person.,The nose impresses this fast people.,morphology,determiner_noun_agreement,determiner_noun_agreement_with_adj_irregular_1,True,True,False,True,570,-48.72568893432617,-50.19072723388672,1
Some sketch hasn't worried these busy people.,Some sketch hasn't worried these busy person.,morphology,determiner_noun_agreement,determiner_noun_agreement_with_adj_irregular_1,True,True,False,True,571,-66.17623901367188,-71.63883972167969,1
Robert hasn't skated around that smooth oasis.,Robert hasn't skated around that smooth oases.,morphology,determiner_noun_agreement,determiner_noun_agreement_with_adj_irregular_1,True,True,False,True,572,-73.34989929199219,-76.57928466796875,1
Lisa isn't talking about these old people.,Lisa isn't talking about these old person.,morphology,determiner_noun_agreement,determiner_noun_agreement_with_adj_irregular_1,True,True,False,True,573,-45.24524688720703,-52.184654235839844,1
Carolyn questioned these delighted children.,Carolyn questioned these delighted child.,morphology,determiner_noun_agreement,determiner_noun_agreement_with_adj_irregular_1,True,True,False,True,574,-51.64307403564453,-58.16365051269531,1
Amelia references these happy children.,Amelia references these happy child.,morphology,determiner_noun_agreement,determiner_noun_agreement_with_adj_irregular_1,True,True,False,True,575,-53.447975158691406,-58.51039123535156,1
Meredith will criticize that nice woman.,Meredith will criticize that nice women.,morphology,determiner_noun_agreement,determiner_noun_agreement_with_adj_irregular_1,True,True,False,True,576,-59.3157958984375,-59.65089797973633,1
Some mall astounds those busy children.,Some mall astounds those busy child.,morphology,determiner_noun_agreement,determiner_noun_agreement_with_adj_irregular_1,True,True,False,True,577,-66.29014587402344,-69.88753509521484,1
Steve hired these clever men.,Steve hired these clever man.,morphology,determiner_noun_agreement,determiner_noun_agreement_with_adj_irregular_1,True,True,False,True,578,-47.96279525756836,-50.839664459228516,1
Barbara fires this big person.,Barbara fires this big people.,morphology,determiner_noun_agreement,determiner_noun_agreement_with_adj_irregular_1,True,True,False,True,579,-49.598201751708984,-50.59010314941406,1
The Impressionists run around this out in the open oasis.,The Impressionists run around this out in the open oases.,morphology,determiner_noun_agreement,determiner_noun_agreement_with_adj_irregular_1,True,True,False,True,580,-76.1368408203125,-78.26152038574219,1
Most dancers astounds this unsure person.,Most dancers astounds this unsure people.,morphology,determiner_noun_agreement,determiner_noun_agreement_with_adj_irregular_1,True,True,False,True,581,-73.419677734375,-74.41976928710938,1
Rachelle sees this smooth ox.,Rachelle sees this smooth oxen.,morphology,determiner_noun_agreement,determiner_noun_agreement_with_adj_irregular_1,True,True,False,True,582,-61.354042053222656,-61.24197006225586,0
Timothy had remembered those concealed theses.,Timothy had remembered those concealed thesis.,morphology,determiner_noun_agreement,determiner_noun_agreement_with_adj_irregular_1,True,True,False,True,583,-68.07736206054688,-66.59882354736328,0
A lot of cashiers did fire those excited alumni.,A lot of cashiers did fire those excited alumnus.,morphology,determiner_noun_agreement,determiner_noun_agreement_with_adj_irregular_1,True,True,False,True,584,-74.73986053466797,-75.66592407226562,1
Some hospitals should astound that small person.,Some hospitals should astound that small people.,morphology,determiner_noun_agreement,determiner_noun_agreement_with_adj_irregular_1,True,True,False,True,585,-60.635009765625,-60.026527404785156,0
Adults watch these exposed people.,Adults watch these exposed person.,morphology,determiner_noun_agreement,determiner_noun_agreement_with_adj_irregular_1,True,True,False,True,586,-43.89720153808594,-49.01280975341797,1
Sandra can run around that small oasis.,Sandra can run around that small oases.,morphology,determiner_noun_agreement,determiner_noun_agreement_with_adj_irregular_1,True,True,False,True,587,-60.8583984375,-63.22310256958008,1
These cashiers hire this hidden man.,These cashiers hire this hidden men.,morphology,determiner_noun_agreement,determiner_noun_agreement_with_adj_irregular_1,True,True,False,True,588,-60.993099212646484,-65.5440444946289,1
Tiffany couldn't cure this ill louse.,Tiffany couldn't cure this ill lice.,morphology,determiner_noun_agreement,determiner_noun_agreement_with_adj_irregular_1,True,True,False,True,589,-59.161590576171875,-59.07229995727539,0
These dancers weren't talking to those lost children.,These dancers weren't talking to those lost child.,morphology,determiner_noun_agreement,determiner_noun_agreement_with_adj_irregular_1,True,True,False,True,590,-59.79298400878906,-62.85089874267578,1
Peter discovered this delighted child.,Peter discovered this delighted children.,morphology,determiner_noun_agreement,determiner_noun_agreement_with_adj_irregular_1,True,True,False,True,591,-50.304630279541016,-50.62284469604492,1
Many windows aren't hurting those hidden people.,Many windows aren't hurting those hidden person.,morphology,determiner_noun_agreement,determiner_noun_agreement_with_adj_irregular_1,True,True,False,True,592,-53.72724914550781,-58.743499755859375,1
Maria toured that white oasis.,Maria toured that white oases.,morphology,determiner_noun_agreement,determiner_noun_agreement_with_adj_irregular_1,True,True,False,True,593,-57.82714080810547,-59.85783767700195,1
Those students arrive at this red oasis.,Those students arrive at this red oases.,morphology,determiner_noun_agreement,determiner_noun_agreement_with_adj_irregular_1,True,True,False,True,594,-59.91376495361328,-61.644691467285156,1
Brett notices this exposed nucleus.,Brett notices this exposed nuclei.,morphology,determiner_noun_agreement,determiner_noun_agreement_with_adj_irregular_1,True,True,False,True,595,-55.25851821899414,-56.60579299926758,1
These restaurants could scare these unsure people.,These restaurants could scare these unsure person.,morphology,determiner_noun_agreement,determiner_noun_agreement_with_adj_irregular_1,True,True,False,True,596,-59.99348449707031,-63.85023498535156,1
All cashiers won't talk about those good women.,All cashiers won't talk about those good woman.,morphology,determiner_noun_agreement,determiner_noun_agreement_with_adj_irregular_1,True,True,False,True,597,-68.31486511230469,-71.90158081054688,1
George astounded that clever man.,George astounded that clever men.,morphology,determiner_noun_agreement,determiner_noun_agreement_with_adj_irregular_1,True,True,False,True,598,-53.70452117919922,-56.79848861694336,1
Andrew could flee from this excited man.,Andrew could flee from this excited men.,morphology,determiner_noun_agreement,determiner_noun_agreement_with_adj_irregular_1,True,True,False,True,599,-61.42195510864258,-66.32546997070312,1
Katherine fires that serious person.,Katherine fires that serious people.,morphology,determiner_noun_agreement,determiner_noun_agreement_with_adj_irregular_1,True,True,False,True,600,-51.9530029296875,-50.42301940917969,0
All doctors respect those displeased men.,All doctors respect those displeased man.,morphology,determiner_noun_agreement,determiner_noun_agreement_with_adj_irregular_1,True,True,False,True,601,-64.18843841552734,-66.57173156738281,1
A lot of actresses had walked through that yellow oasis.,A lot of actresses had walked through that yellow oases.,morphology,determiner_noun_agreement,determiner_noun_agreement_with_adj_irregular_1,True,True,False,True,602,-75.26666259765625,-77.22116088867188,1
All eyes didn't disturb that fast woman.,All eyes didn't disturb that fast women.,morphology,determiner_noun_agreement,determiner_noun_agreement_with_adj_irregular_1,True,True,False,True,603,-54.652217864990234,-55.953636169433594,1
Kristen hasn't arrived at this cheap oasis.,Kristen hasn't arrived at this cheap oases.,morphology,determiner_noun_agreement,determiner_noun_agreement_with_adj_irregular_1,True,True,False,True,604,-68.62818145751953,-70.00617218017578,1
Colleen is breaking these hard teeth.,Colleen is breaking these hard tooth.,morphology,determiner_noun_agreement,determiner_noun_agreement_with_adj_irregular_1,True,True,False,True,605,-51.4661979675293,-56.81364822387695,1
Kimberley isn't talking to this busy alumnus.,Kimberley isn't talking to this busy alumni.,morphology,determiner_noun_agreement,determiner_noun_agreement_with_adj_irregular_1,True,True,False,True,606,-69.0876693725586,-68.43075561523438,0
Harvard University appreciates those hopeful men.,Harvard University appreciates those hopeful man.,morphology,determiner_noun_agreement,determiner_noun_agreement_with_adj_irregular_1,True,True,False,True,607,-56.00381851196289,-57.70264434814453,1
Gregory doesn't research this gray thesis.,Gregory doesn't research this gray theses.,morphology,determiner_noun_agreement,determiner_noun_agreement_with_adj_irregular_1,True,True,False,True,608,-64.44303894042969,-72.60673522949219,1
Senators won't kiss that big woman.,Senators won't kiss that big women.,morphology,determiner_noun_agreement,determiner_noun_agreement_with_adj_irregular_1,True,True,False,True,609,-47.88921356201172,-49.18293762207031,1
Allison has run around this yellow oasis.,Allison has run around this yellow oases.,morphology,determiner_noun_agreement,determiner_noun_agreement_with_adj_irregular_1,True,True,False,True,610,-69.66548919677734,-71.9231185913086,1
Every cake will embarrass this big woman.,Every cake will embarrass this big women.,morphology,determiner_noun_agreement,determiner_noun_agreement_with_adj_irregular_1,True,True,False,True,611,-56.866493225097656,-59.934837341308594,1
Gregory can conceal these small men.,Gregory can conceal these small man.,morphology,determiner_noun_agreement,determiner_noun_agreement_with_adj_irregular_1,True,True,False,True,612,-55.66242980957031,-58.68718719482422,1
The Impressionists mess up this smooth tooth.,The Impressionists mess up this smooth teeth.,morphology,determiner_noun_agreement,determiner_noun_agreement_with_adj_irregular_1,True,True,False,True,613,-63.134220123291016,-64.48120880126953,1
Candice had loved that good synopsis.,Candice had loved that good synopses.,morphology,determiner_noun_agreement,determiner_noun_agreement_with_adj_irregular_1,True,True,False,True,614,-55.27799987792969,-65.2805404663086,1
A lot of actresses work with this displeased woman.,A lot of actresses work with this displeased women.,morphology,determiner_noun_agreement,determiner_noun_agreement_with_adj_irregular_1,True,True,False,True,615,-61.224754333496094,-63.25269317626953,1
These governments have referenced that bad analysis.,These governments have referenced that bad analyses.,morphology,determiner_noun_agreement,determiner_noun_agreement_with_adj_irregular_1,True,True,False,True,616,-59.9693717956543,-60.791175842285156,1
Those spotlights do bother these unlucky men.,Those spotlights do bother these unlucky man.,morphology,determiner_noun_agreement,determiner_noun_agreement_with_adj_irregular_1,True,True,False,True,617,-67.19195556640625,-69.92159271240234,1
Carl had confused this unemployed alumnus.,Carl had confused this unemployed alumni.,morphology,determiner_noun_agreement,determiner_noun_agreement_with_adj_irregular_1,True,True,False,True,618,-68.69093322753906,-64.82862854003906,0
The planes had disturbed these important women.,The planes had disturbed these important woman.,morphology,determiner_noun_agreement,determiner_noun_agreement_with_adj_irregular_1,True,True,False,True,619,-58.302425384521484,-62.738380432128906,1
The senator watches this lost woman.,The senator watches this lost women.,morphology,determiner_noun_agreement,determiner_noun_agreement_with_adj_irregular_1,True,True,False,True,620,-52.54500961303711,-53.3604736328125,1
Peter had respected that unsure person.,Peter had respected that unsure people.,morphology,determiner_noun_agreement,determiner_noun_agreement_with_adj_irregular_1,True,True,False,True,621,-59.27540588378906,-57.754947662353516,0
A pedestrian wasn't messing up this new tooth.,A pedestrian wasn't messing up this new teeth.,morphology,determiner_noun_agreement,determiner_noun_agreement_with_adj_irregular_1,True,True,False,True,622,-70.56896209716797,-71.2440185546875,1
Mary liked this clever man.,Mary liked this clever men.,morphology,determiner_noun_agreement,determiner_noun_agreement_with_adj_irregular_1,True,True,False,True,623,-42.402008056640625,-47.09675598144531,1
Tamara had insulted these good men.,Tamara had insulted these good man.,morphology,determiner_noun_agreement,determiner_noun_agreement_with_adj_irregular_1,True,True,False,True,624,-62.862918853759766,-66.19210815429688,1
Ladies respect that black oasis.,Ladies respect that black oases.,morphology,determiner_noun_agreement,determiner_noun_agreement_with_adj_irregular_1,True,True,False,True,625,-55.87052917480469,-56.6659049987793,1
Many actresses conceal these long analyses.,Many actresses conceal these long analysis.,morphology,determiner_noun_agreement,determiner_noun_agreement_with_adj_irregular_1,True,True,False,True,626,-58.74602127075195,-59.308982849121094,1
Bill boycotts that smooth oasis.,Bill boycotts that smooth oases.,morphology,determiner_noun_agreement,determiner_noun_agreement_with_adj_irregular_1,True,True,False,True,627,-60.881168365478516,-63.642642974853516,1
Dana left those popular men.,Dana left those popular man.,morphology,determiner_noun_agreement,determiner_noun_agreement_with_adj_irregular_1,True,True,False,True,628,-48.11206817626953,-48.06232452392578,0
Derek wouldn't bore this young child.,Derek wouldn't bore this young children.,morphology,determiner_noun_agreement,determiner_noun_agreement_with_adj_irregular_1,True,True,False,True,629,-53.47262954711914,-54.66197204589844,1
Some senators sound like that bad analysis.,Some senators sound like that bad analyses.,morphology,determiner_noun_agreement,determiner_noun_agreement_with_adj_irregular_1,True,True,False,True,630,-55.95369338989258,-58.683998107910156,1
Cynthia did talk about those concealed children.,Cynthia did talk about those concealed child.,morphology,determiner_noun_agreement,determiner_noun_agreement_with_adj_irregular_1,True,True,False,True,631,-61.697227478027344,-64.66886901855469,1
Timothy hadn't healed that hidden octopus.,Timothy hadn't healed that hidden octopi.,morphology,determiner_noun_agreement,determiner_noun_agreement_with_adj_irregular_1,True,True,False,True,632,-66.73080444335938,-75.50460815429688,1
Deanna did exit this old oasis.,Deanna did exit this old oases.,morphology,determiner_noun_agreement,determiner_noun_agreement_with_adj_irregular_1,True,True,False,True,633,-64.87260437011719,-66.05280303955078,1
The Borgias scan these long analyses.,The Borgias scan these long analysis.,morphology,determiner_noun_agreement,determiner_noun_agreement_with_adj_irregular_1,True,True,False,True,634,-63.80685806274414,-64.19694519042969,1
Many lakes scared this small man.,Many lakes scared this small men.,morphology,determiner_noun_agreement,determiner_noun_agreement_with_adj_irregular_1,True,True,False,True,635,-57.25102233886719,-62.841339111328125,1
Stephanie insults those yellow oases.,Stephanie insults those yellow oasis.,morphology,determiner_noun_agreement,determiner_noun_agreement_with_adj_irregular_1,True,True,False,True,636,-61.4515380859375,-60.56208038330078,0
Wayne passes these out in the open oases.,Wayne passes these out in the open oasis.,morphology,determiner_noun_agreement,determiner_noun_agreement_with_adj_irregular_1,True,True,False,True,637,-67.88450622558594,-65.78569030761719,0
Nicole exited this orange oasis.,Nicole exited this orange oases.,morphology,determiner_noun_agreement,determiner_noun_agreement_with_adj_irregular_1,True,True,False,True,638,-58.526912689208984,-59.956443786621094,1
Adam had referenced that unemployed child.,Adam had referenced that unemployed children.,morphology,determiner_noun_agreement,determiner_noun_agreement_with_adj_irregular_1,True,True,False,True,639,-55.84149932861328,-56.03951644897461,1
Victoria insults that upset man.,Victoria insults that upset men.,morphology,determiner_noun_agreement,determiner_noun_agreement_with_adj_irregular_1,True,True,False,True,640,-45.86363983154297,-45.585838317871094,0
Janet loves those excited men.,Janet loves those excited man.,morphology,determiner_noun_agreement,determiner_noun_agreement_with_adj_irregular_1,True,True,False,True,641,-52.11263656616211,-52.89624786376953,1
Vincent knew that determined woman.,Vincent knew that determined women.,morphology,determiner_noun_agreement,determiner_noun_agreement_with_adj_irregular_1,True,True,False,True,642,-55.80900573730469,-56.583526611328125,1
Erin reveals that orange foot.,Erin reveals that orange feet.,morphology,determiner_noun_agreement,determiner_noun_agreement_with_adj_irregular_1,True,True,False,True,643,-52.340354919433594,-52.40073013305664,1
Some icicle worries these content people.,Some icicle worries these content person.,morphology,determiner_noun_agreement,determiner_noun_agreement_with_adj_irregular_1,True,True,False,True,644,-64.50961303710938,-69.49618530273438,1
That plate stuns that big woman.,That plate stuns that big women.,morphology,determiner_noun_agreement,determiner_noun_agreement_with_adj_irregular_1,True,True,False,True,645,-62.68601989746094,-62.348121643066406,0
Some dancer wasn't criticizing these exposed women.,Some dancer wasn't criticizing these exposed woman.,morphology,determiner_noun_agreement,determiner_noun_agreement_with_adj_irregular_1,True,True,False,True,646,-72.07366943359375,-76.96875762939453,1
Those companies are hiring those lucky women.,Those companies are hiring those lucky woman.,morphology,determiner_noun_agreement,determiner_noun_agreement_with_adj_irregular_1,True,True,False,True,647,-47.48533248901367,-50.728981018066406,1
Valerie wasn't fixing that orange foot.,Valerie wasn't fixing that orange feet.,morphology,determiner_noun_agreement,determiner_noun_agreement_with_adj_irregular_1,True,True,False,True,648,-70.17366790771484,-70.92474365234375,1
Teenagers won't disagree with these purple theses.,Teenagers won't disagree with these purple thesis.,morphology,determiner_noun_agreement,determiner_noun_agreement_with_adj_irregular_1,True,True,False,True,649,-78.96296691894531,-75.33381652832031,0
Paul stunned that good child.,Paul stunned that good children.,morphology,determiner_noun_agreement,determiner_noun_agreement_with_adj_irregular_1,True,True,False,True,650,-46.659420013427734,-45.73518371582031,0
Tanya hasn't thought about those big nuclei.,Tanya hasn't thought about those big nucleus.,morphology,determiner_noun_agreement,determiner_noun_agreement_with_adj_irregular_1,True,True,False,True,651,-59.14360046386719,-62.91996383666992,1
Some people skate around that hidden oasis.,Some people skate around that hidden oases.,morphology,determiner_noun_agreement,determiner_noun_agreement_with_adj_irregular_1,True,True,False,True,652,-66.0330810546875,-67.19185638427734,1
Some student could criticize this gray oasis.,Some student could criticize this gray oases.,morphology,determiner_noun_agreement,determiner_noun_agreement_with_adj_irregular_1,True,True,False,True,653,-69.87902069091797,-70.68069458007812,1
An association isn't criticizing these good synopses.,An association isn't criticizing these good synopsis.,morphology,determiner_noun_agreement,determiner_noun_agreement_with_adj_irregular_1,True,True,False,True,654,-84.45689392089844,-79.75926208496094,0
All guests hurt this excited person.,All guests hurt this excited people.,morphology,determiner_noun_agreement,determiner_noun_agreement_with_adj_irregular_1,True,True,False,True,655,-51.79845428466797,-53.69552230834961,1
Boys don't boast about this excited woman.,Boys don't boast about this excited women.,morphology,determiner_noun_agreement,determiner_noun_agreement_with_adj_irregular_1,True,True,False,True,656,-59.58201599121094,-61.819862365722656,1
Dawn shouldn't lift this messy tooth.,Dawn shouldn't lift this messy teeth.,morphology,determiner_noun_agreement,determiner_noun_agreement_with_adj_irregular_1,True,True,False,True,657,-60.23834991455078,-59.765625,0
Katherine toured these blue oases.,Katherine toured these blue oasis.,morphology,determiner_noun_agreement,determiner_noun_agreement_with_adj_irregular_1,True,True,False,True,658,-60.73192596435547,-61.29078674316406,1
Jesus attacked that excited alumnus.,Jesus attacked that excited alumni.,morphology,determiner_noun_agreement,determiner_noun_agreement_with_adj_irregular_1,True,True,False,True,659,-56.09588623046875,-58.08882141113281,1
Debra hadn't hugged these content children.,Debra hadn't hugged these content child.,morphology,determiner_noun_agreement,determiner_noun_agreement_with_adj_irregular_1,True,True,False,True,660,-68.61106872558594,-69.73155212402344,1
These waitresses walk through this rough oasis.,These waitresses walk through this rough oases.,morphology,determiner_noun_agreement,determiner_noun_agreement_with_adj_irregular_1,True,True,False,True,661,-72.0167236328125,-73.46542358398438,1
Jesus sees this exposed ox.,Jesus sees this exposed oxen.,morphology,determiner_noun_agreement,determiner_noun_agreement_with_adj_irregular_1,True,True,False,True,662,-52.45034408569336,-52.71353530883789,1
That actor has dropped by this green oasis.,That actor has dropped by this green oases.,morphology,determiner_noun_agreement,determiner_noun_agreement_with_adj_irregular_1,True,True,False,True,663,-68.64167022705078,-70.43321228027344,1
The Impressionists reveal that small fungus.,The Impressionists reveal that small fungi.,morphology,determiner_noun_agreement,determiner_noun_agreement_with_adj_irregular_1,True,True,False,True,664,-58.626129150390625,-58.94801712036133,1
Galileo isn't lifting this small ox.,Galileo isn't lifting this small oxen.,morphology,determiner_noun_agreement,determiner_noun_agreement_with_adj_irregular_1,True,True,False,True,665,-75.5312271118164,-76.95161437988281,1
Rodney hadn't observed these sick women.,Rodney hadn't observed these sick woman.,morphology,determiner_noun_agreement,determiner_noun_agreement_with_adj_irregular_1,True,True,False,True,666,-56.78593826293945,-59.916961669921875,1
Liam could admire that confident man.,Liam could admire that confident men.,morphology,determiner_noun_agreement,determiner_noun_agreement_with_adj_irregular_1,True,True,False,True,667,-58.704124450683594,-60.34352111816406,1
Cafes couldn't upset that hopeful woman.,Cafes couldn't upset that hopeful women.,morphology,determiner_noun_agreement,determiner_noun_agreement_with_adj_irregular_1,True,True,False,True,668,-68.28953552246094,-70.14643859863281,1
A lot of cucumbers confuse that ill woman.,A lot of cucumbers confuse that ill women.,morphology,determiner_noun_agreement,determiner_noun_agreement_with_adj_irregular_1,True,True,False,True,669,-61.75645446777344,-63.69445037841797,1
Sketches upset these fast alumni.,Sketches upset these fast alumnus.,morphology,determiner_noun_agreement,determiner_noun_agreement_with_adj_irregular_1,True,True,False,True,670,-60.305213928222656,-62.94013214111328,1
Derek can't care for this employed child.,Derek can't care for this employed children.,morphology,determiner_noun_agreement,determiner_noun_agreement_with_adj_irregular_1,True,True,False,True,671,-62.319610595703125,-62.10302734375,0
Lissa wasn't driving to that white oasis.,Lissa wasn't driving to that white oases.,morphology,determiner_noun_agreement,determiner_noun_agreement_with_adj_irregular_1,True,True,False,True,672,-68.31620788574219,-71.42013549804688,1
The customers have exited this old oasis.,The customers have exited this old oases.,morphology,determiner_noun_agreement,determiner_noun_agreement_with_adj_irregular_1,True,True,False,True,673,-55.87873077392578,-57.475250244140625,1
Guy was leaving this confident child.,Guy was leaving this confident children.,morphology,determiner_noun_agreement,determiner_noun_agreement_with_adj_irregular_1,True,True,False,True,674,-51.371517181396484,-53.12532043457031,1
Keith goes to this rough oasis.,Keith goes to this rough oases.,morphology,determiner_noun_agreement,determiner_noun_agreement_with_adj_irregular_1,True,True,False,True,675,-60.21238708496094,-62.41386795043945,1
Most cashiers complain about those old men.,Most cashiers complain about those old man.,morphology,determiner_noun_agreement,determiner_noun_agreement_with_adj_irregular_1,True,True,False,True,676,-57.2545166015625,-57.61840057373047,1
Vincent shouldn't scare that busy person.,Vincent shouldn't scare that busy people.,morphology,determiner_noun_agreement,determiner_noun_agreement_with_adj_irregular_1,True,True,False,True,677,-61.77708435058594,-61.491912841796875,0
Beth hugged that nice child.,Beth hugged that nice children.,morphology,determiner_noun_agreement,determiner_noun_agreement_with_adj_irregular_1,True,True,False,True,678,-49.0594482421875,-49.51095962524414,1
Guy shouldn't praise these smart people.,Guy shouldn't praise these smart person.,morphology,determiner_noun_agreement,determiner_noun_agreement_with_adj_irregular_1,True,True,False,True,679,-51.46693420410156,-58.23150634765625,1
Florence sells these small feet.,Florence sells these small foot.,morphology,determiner_noun_agreement,determiner_noun_agreement_with_adj_irregular_1,True,True,False,True,680,-49.284584045410156,-52.17527770996094,1
Walter didn't know this out in the open woman.,Walter didn't know this out in the open women.,morphology,determiner_noun_agreement,determiner_noun_agreement_with_adj_irregular_1,True,True,False,True,681,-66.58404541015625,-69.70803833007812,1
Barbara has messed up those broken teeth.,Barbara has messed up those broken tooth.,morphology,determiner_noun_agreement,determiner_noun_agreement_with_adj_irregular_1,True,True,False,True,682,-55.2204704284668,-58.58565139770508,1
Carl will help these busy men.,Carl will help these busy man.,morphology,determiner_noun_agreement,determiner_noun_agreement_with_adj_irregular_1,True,True,False,True,683,-54.05555725097656,-55.11423873901367,1
This guest could hire these nice men.,This guest could hire these nice man.,morphology,determiner_noun_agreement,determiner_noun_agreement_with_adj_irregular_1,True,True,False,True,684,-53.06361389160156,-56.06488037109375,1
Rodney wasn't bothering this small alumnus.,Rodney wasn't bothering this small alumni.,morphology,determiner_noun_agreement,determiner_noun_agreement_with_adj_irregular_1,True,True,False,True,685,-66.46522521972656,-66.68562316894531,1
These students break these messy teeth.,These students break these messy tooth.,morphology,determiner_noun_agreement,determiner_noun_agreement_with_adj_irregular_1,True,True,False,True,686,-50.79745864868164,-56.421356201171875,1
April wasn't biking to those hard oases.,April wasn't biking to those hard oasis.,morphology,determiner_noun_agreement,determiner_noun_agreement_with_adj_irregular_1,True,True,False,True,687,-80.4023208618164,-79.89567565917969,0
Stephanie hated those fast alumni.,Stephanie hated those fast alumnus.,morphology,determiner_noun_agreement,determiner_noun_agreement_with_adj_irregular_1,True,True,False,True,688,-56.56155014038086,-58.49064636230469,1
Dawn has disturbed these ill men.,Dawn has disturbed these ill man.,morphology,determiner_noun_agreement,determiner_noun_agreement_with_adj_irregular_1,True,True,False,True,689,-54.783485412597656,-56.99163818359375,1
Chad questioned this unsure child.,Chad questioned this unsure children.,morphology,determiner_noun_agreement,determiner_noun_agreement_with_adj_irregular_1,True,True,False,True,690,-59.73060607910156,-62.145484924316406,1
That shirt disgusted this busy woman.,That shirt disgusted this busy women.,morphology,determiner_noun_agreement,determiner_noun_agreement_with_adj_irregular_1,True,True,False,True,691,-60.108917236328125,-62.52214050292969,1
Daniel has toured that red oasis.,Daniel has toured that red oases.,morphology,determiner_noun_agreement,determiner_noun_agreement_with_adj_irregular_1,True,True,False,True,692,-59.36664581298828,-61.740638732910156,1
Joel finds those hidden men.,Joel finds those hidden man.,morphology,determiner_noun_agreement,determiner_noun_agreement_with_adj_irregular_1,True,True,False,True,693,-51.856109619140625,-53.67128372192383,1
Some adult did arrive at that old oasis.,Some adult did arrive at that old oases.,morphology,determiner_noun_agreement,determiner_noun_agreement_with_adj_irregular_1,True,True,False,True,694,-66.38272857666016,-68.59474182128906,1
A lot of carriages weren't alarming that employed woman.,A lot of carriages weren't alarming that employed women.,morphology,determiner_noun_agreement,determiner_noun_agreement_with_adj_irregular_1,True,True,False,True,695,-75.52348327636719,-74.35942840576172,0
Tina wasn't observing these unemployed children.,Tina wasn't observing these unemployed child.,morphology,determiner_noun_agreement,determiner_noun_agreement_with_adj_irregular_1,True,True,False,True,696,-68.01802062988281,-72.10310363769531,1
All dresses aggravate these important men.,All dresses aggravate these important man.,morphology,determiner_noun_agreement,determiner_noun_agreement_with_adj_irregular_1,True,True,False,True,697,-58.764015197753906,-64.94062805175781,1
This car had disturbed those important men.,This car had disturbed those important man.,morphology,determiner_noun_agreement,determiner_noun_agreement_with_adj_irregular_1,True,True,False,True,698,-58.18659210205078,-61.326812744140625,1
Florence will return to that confident person.,Florence will return to that confident people.,morphology,determiner_noun_agreement,determiner_noun_agreement_with_adj_irregular_1,True,True,False,True,699,-55.247833251953125,-56.6392936706543,1
Some cashiers criticized those uncertain women.,Some cashiers criticized those uncertain woman.,morphology,determiner_noun_agreement,determiner_noun_agreement_with_adj_irregular_1,True,True,False,True,700,-61.98828887939453,-65.68128967285156,1
Meredith investigated this excited child.,Meredith investigated this excited children.,morphology,determiner_noun_agreement,determiner_noun_agreement_with_adj_irregular_1,True,True,False,True,701,-52.8619270324707,-54.81888961791992,1
Sarah is concealing that busy woman.,Sarah is concealing that busy women.,morphology,determiner_noun_agreement,determiner_noun_agreement_with_adj_irregular_1,True,True,False,True,702,-59.681007385253906,-59.728790283203125,1
Janice criticizes this good analysis.,Janice criticizes this good analyses.,morphology,determiner_noun_agreement,determiner_noun_agreement_with_adj_irregular_1,True,True,False,True,703,-60.017826080322266,-63.76454544067383,1
Many guys weren't noticing this lost child.,Many guys weren't noticing this lost children.,morphology,determiner_noun_agreement,determiner_noun_agreement_with_adj_irregular_1,True,True,False,True,704,-58.775970458984375,-59.53614807128906,1
Homer can pass that concealed oasis.,Homer can pass that concealed oases.,morphology,determiner_noun_agreement,determiner_noun_agreement_with_adj_irregular_1,True,True,False,True,705,-64.05518341064453,-64.7492446899414,1
The drivers hide this concealed fungus.,The drivers hide this concealed fungi.,morphology,determiner_noun_agreement,determiner_noun_agreement_with_adj_irregular_1,True,True,False,True,706,-55.34480285644531,-59.395423889160156,1
Marla had investigated that content person.,Marla had investigated that content people.,morphology,determiner_noun_agreement,determiner_noun_agreement_with_adj_irregular_1,True,True,False,True,707,-67.5409927368164,-67.33878326416016,0
The Borgias explore this white oasis.,The Borgias explore this white oases.,morphology,determiner_noun_agreement,determiner_noun_agreement_with_adj_irregular_1,True,True,False,True,708,-66.56655883789062,-69.14923858642578,1
Heather brought this black tooth.,Heather brought this black teeth.,morphology,determiner_noun_agreement,determiner_noun_agreement_with_adj_irregular_1,True,True,False,True,709,-48.32688903808594,-48.99806213378906,1
Walter doesn't drop by those smooth oases.,Walter doesn't drop by those smooth oasis.,morphology,determiner_noun_agreement,determiner_noun_agreement_with_adj_irregular_1,True,True,False,True,710,-77.95361328125,-76.84001159667969,0
Sharon knows this hopeful man.,Sharon knows this hopeful men.,morphology,determiner_noun_agreement,determiner_noun_agreement_with_adj_irregular_1,True,True,False,True,711,-51.62887954711914,-55.67017364501953,1
The companies irritate this ill child.,The companies irritate this ill children.,morphology,determiner_noun_agreement,determiner_noun_agreement_with_adj_irregular_1,True,True,False,True,712,-52.39005661010742,-53.269203186035156,1
Alice is noticing those orange mice.,Alice is noticing those orange mouse.,morphology,determiner_noun_agreement,determiner_noun_agreement_with_adj_irregular_1,True,True,False,True,713,-61.16487503051758,-60.908321380615234,0
Kimberley loves this nice woman.,Kimberley loves this nice women.,morphology,determiner_noun_agreement,determiner_noun_agreement_with_adj_irregular_1,True,True,False,True,714,-49.19214630126953,-52.196678161621094,1
The Borgias have examined this purple thesis.,The Borgias have examined this purple theses.,morphology,determiner_noun_agreement,determiner_noun_agreement_with_adj_irregular_1,True,True,False,True,715,-67.72406005859375,-74.73516082763672,1
Douglas went to this concealed oasis.,Douglas went to this concealed oases.,morphology,determiner_noun_agreement,determiner_noun_agreement_with_adj_irregular_1,True,True,False,True,716,-62.00315475463867,-64.22337341308594,1
Ladies scan these long synopses.,Ladies scan these long synopsis.,morphology,determiner_noun_agreement,determiner_noun_agreement_with_adj_irregular_1,True,True,False,True,717,-56.035743713378906,-52.74960708618164,0
Adam can question that lost woman.,Adam can question that lost women.,morphology,determiner_noun_agreement,determiner_noun_agreement_with_adj_irregular_1,True,True,False,True,718,-55.63116455078125,-55.810298919677734,1
George fixes those purple teeth.,George fixes those purple tooth.,morphology,determiner_noun_agreement,determiner_noun_agreement_with_adj_irregular_1,True,True,False,True,719,-48.11664581298828,-52.946144104003906,1
The Clintons praise these long analyses.,The Clintons praise these long analysis.,morphology,determiner_noun_agreement,determiner_noun_agreement_with_adj_irregular_1,True,True,False,True,720,-55.02116394042969,-56.288780212402344,1
Craig shouldn't bike to these yellow oases.,Craig shouldn't bike to these yellow oasis.,morphology,determiner_noun_agreement,determiner_noun_agreement_with_adj_irregular_1,True,True,False,True,721,-76.1683120727539,-76.08731079101562,0
The child hasn't loved these good synopses.,The child hasn't loved these good synopsis.,morphology,determiner_noun_agreement,determiner_noun_agreement_with_adj_irregular_1,True,True,False,True,722,-64.55831909179688,-58.532928466796875,0
These waitresses might reference this out in the open alumnus.,These waitresses might reference this out in the open alumni.,morphology,determiner_noun_agreement,determiner_noun_agreement_with_adj_irregular_1,True,True,False,True,723,-83.47160339355469,-84.57485961914062,1
Phillip questions this young child.,Phillip questions this young children.,morphology,determiner_noun_agreement,determiner_noun_agreement_with_adj_irregular_1,True,True,False,True,724,-53.59626007080078,-55.671630859375,1
Jodi hadn't impressed that excited woman.,Jodi hadn't impressed that excited women.,morphology,determiner_noun_agreement,determiner_noun_agreement_with_adj_irregular_1,True,True,False,True,725,-63.32892608642578,-63.699466705322266,1
Guys break those out in the open teeth.,Guys break those out in the open tooth.,morphology,determiner_noun_agreement,determiner_noun_agreement_with_adj_irregular_1,True,True,False,True,726,-56.30561828613281,-56.56719207763672,1
Joel saw these lost mice.,Joel saw these lost mouse.,morphology,determiner_noun_agreement,determiner_noun_agreement_with_adj_irregular_1,True,True,False,True,727,-54.033935546875,-54.63429641723633,1
The Impressionists were fixing those gray teeth.,The Impressionists were fixing those gray tooth.,morphology,determiner_noun_agreement,determiner_noun_agreement_with_adj_irregular_1,True,True,False,True,728,-63.87806701660156,-68.61012268066406,1
Kristen has discussed those good analyses.,Kristen has discussed those good analysis.,morphology,determiner_noun_agreement,determiner_noun_agreement_with_adj_irregular_1,True,True,False,True,729,-58.387882232666016,-57.79085922241211,0
The girls had described those upset people.,The girls had described those upset person.,morphology,determiner_noun_agreement,determiner_noun_agreement_with_adj_irregular_1,True,True,False,True,730,-54.14927673339844,-59.365013122558594,1
Veronica approaches those small women.,Veronica approaches those small woman.,morphology,determiner_noun_agreement,determiner_noun_agreement_with_adj_irregular_1,True,True,False,True,731,-50.295597076416016,-53.95844268798828,1
Robert hugs this scared person.,Robert hugs this scared people.,morphology,determiner_noun_agreement,determiner_noun_agreement_with_adj_irregular_1,True,True,False,True,732,-47.31662368774414,-47.7946662902832,1
Mitchell had bought this concealed cactus.,Mitchell had bought this concealed cacti.,morphology,determiner_noun_agreement,determiner_noun_agreement_with_adj_irregular_1,True,True,False,True,733,-65.25299072265625,-68.87591552734375,1
A pepper shocked these displeased alumni.,A pepper shocked these displeased alumnus.,morphology,determiner_noun_agreement,determiner_noun_agreement_with_adj_irregular_1,True,True,False,True,734,-66.70401763916016,-70.04442596435547,1
Timothy walked through these new oases.,Timothy walked through these new oasis.,morphology,determiner_noun_agreement,determiner_noun_agreement_with_adj_irregular_1,True,True,False,True,735,-58.267494201660156,-59.26938247680664,1
Janice did clean these smooth teeth.,Janice did clean these smooth tooth.,morphology,determiner_noun_agreement,determiner_noun_agreement_with_adj_irregular_1,True,True,False,True,736,-60.189605712890625,-64.260986328125,1
Andrew had approached that small man.,Andrew had approached that small men.,morphology,determiner_noun_agreement,determiner_noun_agreement_with_adj_irregular_1,True,True,False,True,737,-49.22859191894531,-51.09068298339844,1
Wendy hides these red cacti.,Wendy hides these red cactus.,morphology,determiner_noun_agreement,determiner_noun_agreement_with_adj_irregular_1,True,True,False,True,738,-57.524925231933594,-58.102901458740234,1
Leslie visits that sick man.,Leslie visits that sick men.,morphology,determiner_noun_agreement,determiner_noun_agreement_with_adj_irregular_1,True,True,False,True,739,-49.94111633300781,-50.24991989135742,1
Those girls exit this brown oasis.,Those girls exit this brown oases.,morphology,determiner_noun_agreement,determiner_noun_agreement_with_adj_irregular_1,True,True,False,True,740,-66.02976989746094,-66.70156860351562,1
Christopher liked this red nucleus.,Christopher liked this red nuclei.,morphology,determiner_noun_agreement,determiner_noun_agreement_with_adj_irregular_1,True,True,False,True,741,-47.4380989074707,-51.02779769897461,1
Florence might forget this sick woman.,Florence might forget this sick women.,morphology,determiner_noun_agreement,determiner_noun_agreement_with_adj_irregular_1,True,True,False,True,742,-53.52446746826172,-57.79756164550781,1
These ladies sell that green cactus.,These ladies sell that green cacti.,morphology,determiner_noun_agreement,determiner_noun_agreement_with_adj_irregular_1,True,True,False,True,743,-59.9273796081543,-62.34025573730469,1
A lot of blouses disgust that uncertain alumnus.,A lot of blouses disgust that uncertain alumni.,morphology,determiner_noun_agreement,determiner_noun_agreement_with_adj_irregular_1,True,True,False,True,744,-71.13895416259766,-72.35101318359375,1
Patrick had exited those hidden oases.,Patrick had exited those hidden oasis.,morphology,determiner_noun_agreement,determiner_noun_agreement_with_adj_irregular_1,True,True,False,True,745,-65.10382843017578,-64.93531799316406,0
Gina was taking this big stimulus.,Gina was taking this big stimuli.,morphology,determiner_noun_agreement,determiner_noun_agreement_with_adj_irregular_1,True,True,False,True,746,-53.688209533691406,-57.05622100830078,1
A lot of pictures look like this uncertain child.,A lot of pictures look like this uncertain children.,morphology,determiner_noun_agreement,determiner_noun_agreement_with_adj_irregular_1,True,True,False,True,747,-53.74176788330078,-55.17919158935547,1
Adam passes this exposed oasis.,Adam passes this exposed oases.,morphology,determiner_noun_agreement,determiner_noun_agreement_with_adj_irregular_1,True,True,False,True,748,-57.59629440307617,-58.60911560058594,1
Some drawings shock that hidden woman.,Some drawings shock that hidden women.,morphology,determiner_noun_agreement,determiner_noun_agreement_with_adj_irregular_1,True,True,False,True,749,-64.04651641845703,-63.76665496826172,0
Nina has boycotted those small oases.,Nina has boycotted those small oasis.,morphology,determiner_noun_agreement,determiner_noun_agreement_with_adj_irregular_1,True,True,False,True,750,-78.8963851928711,-78.80741882324219,0
Bruce exits that white oasis.,Bruce exits that white oases.,morphology,determiner_noun_agreement,determiner_noun_agreement_with_adj_irregular_1,True,True,False,True,751,-58.700862884521484,-59.131988525390625,1
Mary investigated this unsure woman.,Mary investigated this unsure women.,morphology,determiner_noun_agreement,determiner_noun_agreement_with_adj_irregular_1,True,True,False,True,752,-51.41490936279297,-53.702857971191406,1
Diane criticized that bad synopsis.,Diane criticized that bad synopses.,morphology,determiner_noun_agreement,determiner_noun_agreement_with_adj_irregular_1,True,True,False,True,753,-56.38945770263672,-62.000587463378906,1
Those sketches stun this fast child.,Those sketches stun this fast children.,morphology,determiner_noun_agreement,determiner_noun_agreement_with_adj_irregular_1,True,True,False,True,754,-65.78817749023438,-67.48580932617188,1
Vanessa shouldn't observe these determined women.,Vanessa shouldn't observe these determined woman.,morphology,determiner_noun_agreement,determiner_noun_agreement_with_adj_irregular_1,True,True,False,True,755,-65.23464965820312,-68.426513671875,1
Jill doesn't reference those clever children.,Jill doesn't reference those clever child.,morphology,determiner_noun_agreement,determiner_noun_agreement_with_adj_irregular_1,True,True,False,True,756,-60.101253509521484,-64.20791625976562,1
Every driver ran around that green oasis.,Every driver ran around that green oases.,morphology,determiner_noun_agreement,determiner_noun_agreement_with_adj_irregular_1,True,True,False,True,757,-68.97569274902344,-71.15098571777344,1
Many guys question this unlucky person.,Many guys question this unlucky people.,morphology,determiner_noun_agreement,determiner_noun_agreement_with_adj_irregular_1,True,True,False,True,758,-54.149234771728516,-56.9916877746582,1
Laura won't heal that concealed man.,Laura won't heal that concealed men.,morphology,determiner_noun_agreement,determiner_noun_agreement_with_adj_irregular_1,True,True,False,True,759,-58.17185974121094,-59.26744079589844,1
A lot of people care for that unemployed person.,A lot of people care for that unemployed people.,morphology,determiner_noun_agreement,determiner_noun_agreement_with_adj_irregular_1,True,True,False,True,760,-47.64112854003906,-48.52131271362305,1
Natalie liked those small lice.,Natalie liked those small louse.,morphology,determiner_noun_agreement,determiner_noun_agreement_with_adj_irregular_1,True,True,False,True,761,-58.740234375,-60.359527587890625,1
An eggplant bores those small women.,An eggplant bores those small woman.,morphology,determiner_noun_agreement,determiner_noun_agreement_with_adj_irregular_1,True,True,False,True,762,-65.26297760009766,-68.39527893066406,1
A lot of waiters admire this big louse.,A lot of waiters admire this big lice.,morphology,determiner_noun_agreement,determiner_noun_agreement_with_adj_irregular_1,True,True,False,True,763,-65.00858306884766,-64.79263305664062,0
These students conceal those standing children.,These students conceal those standing child.,morphology,determiner_noun_agreement,determiner_noun_agreement_with_adj_irregular_1,True,True,False,True,764,-53.781654357910156,-56.716739654541016,1
The customers appreciate those happy people.,The customers appreciate those happy person.,morphology,determiner_noun_agreement,determiner_noun_agreement_with_adj_irregular_1,True,True,False,True,765,-42.016380310058594,-45.39929962158203,1
Ronald has scared this popular child.,Ronald has scared this popular children.,morphology,determiner_noun_agreement,determiner_noun_agreement_with_adj_irregular_1,True,True,False,True,766,-52.8781623840332,-55.481414794921875,1
Matt hadn't walked through those hidden oases.,Matt hadn't walked through those hidden oasis.,morphology,determiner_noun_agreement,determiner_noun_agreement_with_adj_irregular_1,True,True,False,True,767,-69.42134094238281,-68.7860336303711,0
Barbara couldn't walk through those old oases.,Barbara couldn't walk through those old oasis.,morphology,determiner_noun_agreement,determiner_noun_agreement_with_adj_irregular_1,True,True,False,True,768,-66.60069274902344,-67.11578369140625,1
These actors messed up that messy foot.,These actors messed up that messy feet.,morphology,determiner_noun_agreement,determiner_noun_agreement_with_adj_irregular_1,True,True,False,True,769,-61.52759552001953,-59.901607513427734,0
Donald conceals those red cacti.,Donald conceals those red cactus.,morphology,determiner_noun_agreement,determiner_noun_agreement_with_adj_irregular_1,True,True,False,True,770,-61.920352935791016,-62.93940734863281,1
Many commentaries shock those happy men.,Many commentaries shock those happy man.,morphology,determiner_noun_agreement,determiner_noun_agreement_with_adj_irregular_1,True,True,False,True,771,-65.21803283691406,-65.83839416503906,1
Every guy hugged this lucky child.,Every guy hugged this lucky children.,morphology,determiner_noun_agreement,determiner_noun_agreement_with_adj_irregular_1,True,True,False,True,772,-51.21632385253906,-54.12644577026367,1
Janice should hire this unsure alumnus.,Janice should hire this unsure alumni.,morphology,determiner_noun_agreement,determiner_noun_agreement_with_adj_irregular_1,True,True,False,True,773,-72.81458282470703,-68.36306762695312,0
Many organizations haven't fired those big men.,Many organizations haven't fired those big man.,morphology,determiner_noun_agreement,determiner_noun_agreement_with_adj_irregular_1,True,True,False,True,774,-54.940677642822266,-56.840694427490234,1
Ice cream alarmed that unsure man.,Ice cream alarmed that unsure men.,morphology,determiner_noun_agreement,determiner_noun_agreement_with_adj_irregular_1,True,True,False,True,775,-60.392173767089844,-62.12023162841797,1
Carol wasn't returning to these displeased people.,Carol wasn't returning to these displeased person.,morphology,determiner_noun_agreement,determiner_noun_agreement_with_adj_irregular_1,True,True,False,True,776,-68.781494140625,-74.88186645507812,1
Robert has thought about this unsure person.,Robert has thought about this unsure people.,morphology,determiner_noun_agreement,determiner_noun_agreement_with_adj_irregular_1,True,True,False,True,777,-57.01462173461914,-58.25226974487305,1
Karen explores those green oases.,Karen explores those green oasis.,morphology,determiner_noun_agreement,determiner_noun_agreement_with_adj_irregular_1,True,True,False,True,778,-60.281131744384766,-59.814117431640625,0
Every child hasn't scared this determined child.,Every child hasn't scared this determined children.,morphology,determiner_noun_agreement,determiner_noun_agreement_with_adj_irregular_1,True,True,False,True,779,-60.77891159057617,-63.66384506225586,1
Some couch aggravates this excited child.,Some couch aggravates this excited children.,morphology,determiner_noun_agreement,determiner_noun_agreement_with_adj_irregular_1,True,True,False,True,780,-60.18452835083008,-61.762088775634766,1
The Impressionists had hired these confident alumni.,The Impressionists had hired these confident alumnus.,morphology,determiner_noun_agreement,determiner_noun_agreement_with_adj_irregular_1,True,True,False,True,781,-70.39148712158203,-74.77848052978516,1
Melanie hasn't toured that black oasis.,Melanie hasn't toured that black oases.,morphology,determiner_noun_agreement,determiner_noun_agreement_with_adj_irregular_1,True,True,False,True,782,-63.99710464477539,-65.89862060546875,1
Joseph had brought this exposed nucleus.,Joseph had brought this exposed nuclei.,morphology,determiner_noun_agreement,determiner_noun_agreement_with_adj_irregular_1,True,True,False,True,783,-55.29053497314453,-57.08513641357422,1
The Clintons didn't hide this unlucky woman.,The Clintons didn't hide this unlucky women.,morphology,determiner_noun_agreement,determiner_noun_agreement_with_adj_irregular_1,True,True,False,True,784,-54.73931121826172,-58.21217346191406,1
A lot of bananas shouldn't worry this clever woman.,A lot of bananas shouldn't worry this clever women.,morphology,determiner_noun_agreement,determiner_noun_agreement_with_adj_irregular_1,True,True,False,True,785,-69.4046401977539,-72.6606674194336,1
The pedestrian wasn't insulting those green oases.,The pedestrian wasn't insulting those green oasis.,morphology,determiner_noun_agreement,determiner_noun_agreement_with_adj_irregular_1,True,True,False,True,786,-73.29718017578125,-72.49905395507812,0
Peter will worry that concealed man.,Peter will worry that concealed men.,morphology,determiner_noun_agreement,determiner_noun_agreement_with_adj_irregular_1,True,True,False,True,787,-53.968406677246094,-55.03226089477539,1
David could think about this displeased man.,David could think about this displeased men.,morphology,determiner_noun_agreement,determiner_noun_agreement_with_adj_irregular_1,True,True,False,True,788,-59.35881805419922,-63.68659210205078,1
Deanna loved those determined people.,Deanna loved those determined person.,morphology,determiner_noun_agreement,determiner_noun_agreement_with_adj_irregular_1,True,True,False,True,789,-59.9216194152832,-63.078346252441406,1
Kristen had skated around that old oasis.,Kristen had skated around that old oases.,morphology,determiner_noun_agreement,determiner_noun_agreement_with_adj_irregular_1,True,True,False,True,790,-75.40243530273438,-77.23785400390625,1
Rose has left that hopeful woman.,Rose has left that hopeful women.,morphology,determiner_noun_agreement,determiner_noun_agreement_with_adj_irregular_1,True,True,False,True,791,-50.84468460083008,-52.556968688964844,1
That drawing looks like that yellow foot.,That drawing looks like that yellow feet.,morphology,determiner_noun_agreement,determiner_noun_agreement_with_adj_irregular_1,True,True,False,True,792,-54.17274475097656,-54.503936767578125,1
Sherry talked about this happy person.,Sherry talked about this happy people.,morphology,determiner_noun_agreement,determiner_noun_agreement_with_adj_irregular_1,True,True,False,True,793,-48.188934326171875,-50.48251724243164,1
Some bank knows this clever man.,Some bank knows this clever men.,morphology,determiner_noun_agreement,determiner_noun_agreement_with_adj_irregular_1,True,True,False,True,794,-50.918312072753906,-55.65422821044922,1
Alexander attacks those hidden people.,Alexander attacks those hidden person.,morphology,determiner_noun_agreement,determiner_noun_agreement_with_adj_irregular_1,True,True,False,True,795,-46.397193908691406,-50.96928405761719,1
Emily hadn't fled from that delighted woman.,Emily hadn't fled from that delighted women.,morphology,determiner_noun_agreement,determiner_noun_agreement_with_adj_irregular_1,True,True,False,True,796,-61.12037658691406,-63.33368682861328,1
Noah runs around these gray oases.,Noah runs around these gray oasis.,morphology,determiner_noun_agreement,determiner_noun_agreement_with_adj_irregular_1,True,True,False,True,797,-68.76399230957031,-69.56547546386719,1
Kristen buys those big octopi.,Kristen buys those big octopus.,morphology,determiner_noun_agreement,determiner_noun_agreement_with_adj_irregular_1,True,True,False,True,798,-67.46817016601562,-59.7047233581543,0
Nina wouldn't like this white foot.,Nina wouldn't like this white feet.,morphology,determiner_noun_agreement,determiner_noun_agreement_with_adj_irregular_1,True,True,False,True,799,-53.600040435791016,-55.500999450683594,1
That book wasn't shocking that ill person.,That book wasn't shocking that ill people.,morphology,determiner_noun_agreement,determiner_noun_agreement_with_adj_irregular_1,True,True,False,True,800,-61.14020538330078,-61.8662223815918,1
Some customers walk through these cheap oases.,Some customers walk through these cheap oasis.,morphology,determiner_noun_agreement,determiner_noun_agreement_with_adj_irregular_1,True,True,False,True,801,-58.18055725097656,-59.54039001464844,1
Russell arrived at this yellow oasis.,Russell arrived at this yellow oases.,morphology,determiner_noun_agreement,determiner_noun_agreement_with_adj_irregular_1,True,True,False,True,802,-58.17060852050781,-60.5438232421875,1
Marcus shouldn't mess up these blue feet.,Marcus shouldn't mess up these blue foot.,morphology,determiner_noun_agreement,determiner_noun_agreement_with_adj_irregular_1,True,True,False,True,803,-64.28535461425781,-68.88050842285156,1
Sharon criticizes this good synopsis.,Sharon criticizes this good synopses.,morphology,determiner_noun_agreement,determiner_noun_agreement_with_adj_irregular_1,True,True,False,True,804,-61.62412643432617,-73.59950256347656,1
Barbara hadn't noticed that green foot.,Barbara hadn't noticed that green feet.,morphology,determiner_noun_agreement,determiner_noun_agreement_with_adj_irregular_1,True,True,False,True,805,-59.53742980957031,-60.16584777832031,1
Karla forgot those excited women.,Karla forgot those excited woman.,morphology,determiner_noun_agreement,determiner_noun_agreement_with_adj_irregular_1,True,True,False,True,806,-59.74324035644531,-61.71759796142578,1
Theodore can scare this scared woman.,Theodore can scare this scared women.,morphology,determiner_noun_agreement,determiner_noun_agreement_with_adj_irregular_1,True,True,False,True,807,-57.833396911621094,-60.2022590637207,1
The closets might impress this busy person.,The closets might impress this busy people.,morphology,determiner_noun_agreement,determiner_noun_agreement_with_adj_irregular_1,True,True,False,True,808,-56.11296081542969,-58.52388000488281,1
Liam hugged that employed child.,Liam hugged that employed children.,morphology,determiner_noun_agreement,determiner_noun_agreement_with_adj_irregular_1,True,True,False,True,809,-54.61061096191406,-52.48090744018555,0
Many glaciers distracted those hidden alumni.,Many glaciers distracted those hidden alumnus.,morphology,determiner_noun_agreement,determiner_noun_agreement_with_adj_irregular_1,True,True,False,True,810,-70.77942657470703,-71.70262145996094,1
Sheila hasn't sold this lost thesis.,Sheila hasn't sold this lost theses.,morphology,determiner_noun_agreement,determiner_noun_agreement_with_adj_irregular_1,True,True,False,True,811,-64.32947540283203,-70.33592224121094,1
Maria hasn't investigated that big child.,Maria hasn't investigated that big children.,morphology,determiner_noun_agreement,determiner_noun_agreement_with_adj_irregular_1,True,True,False,True,812,-55.150245666503906,-56.149871826171875,1
Candice can watch this young man.,Candice can watch this young men.,morphology,determiner_noun_agreement,determiner_noun_agreement_with_adj_irregular_1,True,True,False,True,813,-45.60515594482422,-50.59998321533203,1
Frank scares that hopeful person.,Frank scares that hopeful people.,morphology,determiner_noun_agreement,determiner_noun_agreement_with_adj_irregular_1,True,True,False,True,814,-56.14884948730469,-53.93243408203125,0
The Impressionists mess up that messy foot.,The Impressionists mess up that messy feet.,morphology,determiner_noun_agreement,determiner_noun_agreement_with_adj_irregular_1,True,True,False,True,815,-66.81331634521484,-66.18147277832031,0
Anne had disturbed that employed woman.,Anne had disturbed that employed women.,morphology,determiner_noun_agreement,determiner_noun_agreement_with_adj_irregular_1,True,True,False,True,816,-57.03157043457031,-55.26593017578125,0
The senator hates this good synopsis.,The senator hates this good synopses.,morphology,determiner_noun_agreement,determiner_noun_agreement_with_adj_irregular_1,True,True,False,True,817,-50.991390228271484,-62.97545623779297,1
Most guests investigate this happy woman.,Most guests investigate this happy women.,morphology,determiner_noun_agreement,determiner_noun_agreement_with_adj_irregular_1,True,True,False,True,818,-51.93427658081055,-55.47196578979492,1
Tiffany might boycott these old oases.,Tiffany might boycott these old oasis.,morphology,determiner_noun_agreement,determiner_noun_agreement_with_adj_irregular_1,True,True,False,True,819,-65.63841247558594,-66.89051055908203,1
Many actresses have those hard theses.,Many actresses have those hard thesis.,morphology,determiner_noun_agreement,determiner_noun_agreement_with_adj_irregular_1,True,True,False,True,820,-61.069908142089844,-57.21406555175781,0
A skateboard annoyed that unlucky man.,A skateboard annoyed that unlucky men.,morphology,determiner_noun_agreement,determiner_noun_agreement_with_adj_irregular_1,True,True,False,True,821,-58.778717041015625,-58.89354705810547,1
Many waiters arrive at those out in the open oases.,Many waiters arrive at those out in the open oasis.,morphology,determiner_noun_agreement,determiner_noun_agreement_with_adj_irregular_1,True,True,False,True,822,-84.06046295166016,-82.00690460205078,0
All glasses disturb this unlucky person.,All glasses disturb this unlucky people.,morphology,determiner_noun_agreement,determiner_noun_agreement_with_adj_irregular_1,True,True,False,True,823,-58.18153762817383,-60.628692626953125,1
Diana scans these bad synopses.,Diana scans these bad synopsis.,morphology,determiner_noun_agreement,determiner_noun_agreement_with_adj_irregular_1,True,True,False,True,824,-60.44670104980469,-57.61676025390625,0
That truck hadn't distracted this unlucky alumnus.,That truck hadn't distracted this unlucky alumni.,morphology,determiner_noun_agreement,determiner_noun_agreement_with_adj_irregular_1,True,True,False,True,825,-78.39964294433594,-75.75354766845703,0
Christine has astounded those uncertain alumni.,Christine has astounded those uncertain alumnus.,morphology,determiner_noun_agreement,determiner_noun_agreement_with_adj_irregular_1,True,True,False,True,826,-65.96145629882812,-68.72838592529297,1
Derek toured this white oasis.,Derek toured this white oases.,morphology,determiner_noun_agreement,determiner_noun_agreement_with_adj_irregular_1,True,True,False,True,827,-56.26533889770508,-58.70967483520508,1
Victoria approached this serious man.,Victoria approached this serious men.,morphology,determiner_noun_agreement,determiner_noun_agreement_with_adj_irregular_1,True,True,False,True,828,-44.26387405395508,-49.427032470703125,1
Cheryl hasn't hated these content alumni.,Cheryl hasn't hated these content alumnus.,morphology,determiner_noun_agreement,determiner_noun_agreement_with_adj_irregular_1,True,True,False,True,829,-70.010498046875,-74.18180847167969,1
Heather shouldn't take that yellow fungus.,Heather shouldn't take that yellow fungi.,morphology,determiner_noun_agreement,determiner_noun_agreement_with_adj_irregular_1,True,True,False,True,830,-56.90135955810547,-62.06346893310547,1
Many ladies haven't walked through this small oasis.,Many ladies haven't walked through this small oases.,morphology,determiner_noun_agreement,determiner_noun_agreement_with_adj_irregular_1,True,True,False,True,831,-66.69198608398438,-68.00359344482422,1
Some boys fix that hard foot.,Some boys fix that hard feet.,morphology,determiner_noun_agreement,determiner_noun_agreement_with_adj_irregular_1,True,True,False,True,832,-49.64383316040039,-49.30058288574219,0
Some candles haven't bothered those sick children.,Some candles haven't bothered those sick child.,morphology,determiner_noun_agreement,determiner_noun_agreement_with_adj_irregular_1,True,True,False,True,833,-57.74971008300781,-61.92926788330078,1
Kendra would worry that standing woman.,Kendra would worry that standing women.,morphology,determiner_noun_agreement,determiner_noun_agreement_with_adj_irregular_1,True,True,False,True,834,-58.21149826049805,-58.21003341674805,0
These forks haven't annoyed this fast child.,These forks haven't annoyed this fast children.,morphology,determiner_noun_agreement,determiner_noun_agreement_with_adj_irregular_1,True,True,False,True,835,-71.09378051757812,-72.58507537841797,1
A waitress hasn't talked to those out in the open men.,A waitress hasn't talked to those out in the open man.,morphology,determiner_noun_agreement,determiner_noun_agreement_with_adj_irregular_1,True,True,False,True,836,-84.97046661376953,-82.94630432128906,0
Mark bored those happy alumni.,Mark bored those happy alumnus.,morphology,determiner_noun_agreement,determiner_noun_agreement_with_adj_irregular_1,True,True,False,True,837,-64.63200378417969,-70.26730346679688,1
All museums respect this uncertain alumnus.,All museums respect this uncertain alumni.,morphology,determiner_noun_agreement,determiner_noun_agreement_with_adj_irregular_1,True,True,False,True,838,-64.96531677246094,-65.36070251464844,1
Tanya is discussing these fast men.,Tanya is discussing these fast man.,morphology,determiner_noun_agreement,determiner_noun_agreement_with_adj_irregular_1,True,True,False,True,839,-49.83119201660156,-50.70381546020508,1
Children break this whole foot.,Children break this whole feet.,morphology,determiner_noun_agreement,determiner_noun_agreement_with_adj_irregular_1,True,True,False,True,840,-42.67927551269531,-44.61841583251953,1
Linda is examining that good analysis.,Linda is examining that good analyses.,morphology,determiner_noun_agreement,determiner_noun_agreement_with_adj_irregular_1,True,True,False,True,841,-53.32633972167969,-56.33680725097656,1
A lot of customers were describing these standing men.,A lot of customers were describing these standing man.,morphology,determiner_noun_agreement,determiner_noun_agreement_with_adj_irregular_1,True,True,False,True,842,-59.370418548583984,-63.97626876831055,1
Kevin cared for that young woman.,Kevin cared for that young women.,morphology,determiner_noun_agreement,determiner_noun_agreement_with_adj_irregular_1,True,True,False,True,843,-40.515220642089844,-44.80828857421875,1
Valerie had broken those small feet.,Valerie had broken those small foot.,morphology,determiner_noun_agreement,determiner_noun_agreement_with_adj_irregular_1,True,True,False,True,844,-60.15782928466797,-63.81407928466797,1
Travis was going to that small oasis.,Travis was going to that small oases.,morphology,determiner_noun_agreement,determiner_noun_agreement_with_adj_irregular_1,True,True,False,True,845,-60.066768646240234,-62.6871452331543,1
Tamara hasn't hired that standing alumnus.,Tamara hasn't hired that standing alumni.,morphology,determiner_noun_agreement,determiner_noun_agreement_with_adj_irregular_1,True,True,False,True,846,-73.03773498535156,-69.963134765625,0
Sharon drove to these hidden oases.,Sharon drove to these hidden oasis.,morphology,determiner_noun_agreement,determiner_noun_agreement_with_adj_irregular_1,True,True,False,True,847,-63.045875549316406,-63.012046813964844,0
Natalie questions that upset woman.,Natalie questions that upset women.,morphology,determiner_noun_agreement,determiner_noun_agreement_with_adj_irregular_1,True,True,False,True,848,-49.346717834472656,-47.46609115600586,0
Florence does insult those orange theses.,Florence does insult those orange thesis.,morphology,determiner_noun_agreement,determiner_noun_agreement_with_adj_irregular_1,True,True,False,True,849,-71.17169189453125,-68.38442993164062,0
Chad has criticized those nice children.,Chad has criticized those nice child.,morphology,determiner_noun_agreement,determiner_noun_agreement_with_adj_irregular_1,True,True,False,True,850,-56.821563720703125,-61.152618408203125,1
Jessica could drop by that hidden oasis.,Jessica could drop by that hidden oases.,morphology,determiner_noun_agreement,determiner_noun_agreement_with_adj_irregular_1,True,True,False,True,851,-70.1859130859375,-72.56331634521484,1
Donald discussed those purple theses.,Donald discussed those purple thesis.,morphology,determiner_noun_agreement,determiner_noun_agreement_with_adj_irregular_1,True,True,False,True,852,-60.115177154541016,-55.55162811279297,0
Tammy had discussed those serious children.,Tammy had discussed those serious child.,morphology,determiner_noun_agreement,determiner_noun_agreement_with_adj_irregular_1,True,True,False,True,853,-62.05393600463867,-64.90550231933594,1
Alan couldn't discuss that determined woman.,Alan couldn't discuss that determined women.,morphology,determiner_noun_agreement,determiner_noun_agreement_with_adj_irregular_1,True,True,False,True,854,-56.987083435058594,-57.65116882324219,1
Homer has disliked those unsure men.,Homer has disliked those unsure man.,morphology,determiner_noun_agreement,determiner_noun_agreement_with_adj_irregular_1,True,True,False,True,855,-65.53750610351562,-66.7266845703125,1
Debra has loved that clever man.,Debra has loved that clever men.,morphology,determiner_noun_agreement,determiner_noun_agreement_with_adj_irregular_1,True,True,False,True,856,-55.371131896972656,-58.695335388183594,1
Many adults know these hopeful people.,Many adults know these hopeful person.,morphology,determiner_noun_agreement,determiner_noun_agreement_with_adj_irregular_1,True,True,False,True,857,-47.058258056640625,-52.579071044921875,1
These restaurants haven't disgusted that smart woman.,These restaurants haven't disgusted that smart women.,morphology,determiner_noun_agreement,determiner_noun_agreement_with_adj_irregular_1,True,True,False,True,858,-66.09697723388672,-66.82034301757812,1
Carl hasn't found that lost child.,Carl hasn't found that lost children.,morphology,determiner_noun_agreement,determiner_noun_agreement_with_adj_irregular_1,True,True,False,True,859,-54.61294937133789,-55.36741638183594,1
Carmen wasn't cleaning those brown oases.,Carmen wasn't cleaning those brown oasis.,morphology,determiner_noun_agreement,determiner_noun_agreement_with_adj_irregular_1,True,True,False,True,860,-79.80784606933594,-79.99496459960938,1
Deanna wasn't alarming this busy alumnus.,Deanna wasn't alarming this busy alumni.,morphology,determiner_noun_agreement,determiner_noun_agreement_with_adj_irregular_1,True,True,False,True,861,-75.08134460449219,-74.4946060180664,0
Peter had hated these long theses.,Peter had hated these long thesis.,morphology,determiner_noun_agreement,determiner_noun_agreement_with_adj_irregular_1,True,True,False,True,862,-61.47346878051758,-60.600135803222656,0
Christine wouldn't irritate those standing alumni.,Christine wouldn't irritate those standing alumnus.,morphology,determiner_noun_agreement,determiner_noun_agreement_with_adj_irregular_1,True,True,False,True,863,-60.039642333984375,-63.31391906738281,1
Catherine had worked with those employed women.,Catherine had worked with those employed woman.,morphology,determiner_noun_agreement,determiner_noun_agreement_with_adj_irregular_1,True,True,False,True,864,-57.482818603515625,-60.01763153076172,1
Eva isn't hiding that rough oasis.,Eva isn't hiding that rough oases.,morphology,determiner_noun_agreement,determiner_noun_agreement_with_adj_irregular_1,True,True,False,True,865,-67.51689147949219,-68.61769104003906,1
These couches can distract these determined men.,These couches can distract these determined man.,morphology,determiner_noun_agreement,determiner_noun_agreement_with_adj_irregular_1,True,True,False,True,866,-66.00881958007812,-69.22281646728516,1
All teenagers return to those nice people.,All teenagers return to those nice person.,morphology,determiner_noun_agreement,determiner_noun_agreement_with_adj_irregular_1,True,True,False,True,867,-52.525177001953125,-55.52241516113281,1
Marla isn't approaching this confident child.,Marla isn't approaching this confident children.,morphology,determiner_noun_agreement,determiner_noun_agreement_with_adj_irregular_1,True,True,False,True,868,-68.04991149902344,-70.52439880371094,1
Jesus scared this excited alumnus.,Jesus scared this excited alumni.,morphology,determiner_noun_agreement,determiner_noun_agreement_with_adj_irregular_1,True,True,False,True,869,-53.1635856628418,-55.15328598022461,1
Women like these yellow feet.,Women like these yellow foot.,morphology,determiner_noun_agreement,determiner_noun_agreement_with_adj_irregular_1,True,True,False,True,870,-43.114662170410156,-47.73741912841797,1
Some school wasn't alarming this determined woman.,Some school wasn't alarming this determined women.,morphology,determiner_noun_agreement,determiner_noun_agreement_with_adj_irregular_1,True,True,False,True,871,-65.1375732421875,-68.5334701538086,1
Kendra shouldn't praise those delighted women.,Kendra shouldn't praise those delighted woman.,morphology,determiner_noun_agreement,determiner_noun_agreement_with_adj_irregular_1,True,True,False,True,872,-64.80728149414062,-67.71115112304688,1
Regina hasn't described those small people.,Regina hasn't described those small person.,morphology,determiner_noun_agreement,determiner_noun_agreement_with_adj_irregular_1,True,True,False,True,873,-58.850975036621094,-59.80815124511719,1
The driver could break those black teeth.,The driver could break those black tooth.,morphology,determiner_noun_agreement,determiner_noun_agreement_with_adj_irregular_1,True,True,False,True,874,-53.13126754760742,-57.60655975341797,1
Theodore shocked that delighted man.,Theodore shocked that delighted men.,morphology,determiner_noun_agreement,determiner_noun_agreement_with_adj_irregular_1,True,True,False,True,875,-57.38617706298828,-57.380130767822266,0
Many people bother that big man.,Many people bother that big men.,morphology,determiner_noun_agreement,determiner_noun_agreement_with_adj_irregular_1,True,True,False,True,876,-38.616451263427734,-41.27666091918945,1
James reveals that purple ox.,James reveals that purple oxen.,morphology,determiner_noun_agreement,determiner_noun_agreement_with_adj_irregular_1,True,True,False,True,877,-50.88914489746094,-51.594505310058594,1
The Impressionists admire that small goose.,The Impressionists admire that small geese.,morphology,determiner_noun_agreement,determiner_noun_agreement_with_adj_irregular_1,True,True,False,True,878,-62.91147994995117,-63.6877326965332,1
Steven passes this hard oasis.,Steven passes this hard oases.,morphology,determiner_noun_agreement,determiner_noun_agreement_with_adj_irregular_1,True,True,False,True,879,-53.25590515136719,-54.177635192871094,1
A lot of organizations boast about that old man.,A lot of organizations boast about that old men.,morphology,determiner_noun_agreement,determiner_noun_agreement_with_adj_irregular_1,True,True,False,True,880,-53.334556579589844,-56.512184143066406,1
Some ladies drop by those smooth oases.,Some ladies drop by those smooth oasis.,morphology,determiner_noun_agreement,determiner_noun_agreement_with_adj_irregular_1,True,True,False,True,881,-68.01647186279297,-66.44078826904297,0
Edward sounds like that delighted woman.,Edward sounds like that delighted women.,morphology,determiner_noun_agreement,determiner_noun_agreement_with_adj_irregular_1,True,True,False,True,882,-50.72328186035156,-50.570350646972656,0
Lori would like those employed men.,Lori would like those employed man.,morphology,determiner_noun_agreement,determiner_noun_agreement_with_adj_irregular_1,True,True,False,True,883,-54.7603759765625,-55.52286148071289,1
Many carts embarrass these good people.,Many carts embarrass these good person.,morphology,determiner_noun_agreement,determiner_noun_agreement_with_adj_irregular_1,True,True,False,True,884,-52.78727722167969,-58.07007598876953,1
Rachel hadn't lifted these white mice.,Rachel hadn't lifted these white mouse.,morphology,determiner_noun_agreement,determiner_noun_agreement_with_adj_irregular_1,True,True,False,True,885,-57.714881896972656,-58.58639907836914,1
Aaron can't upset those unsure children.,Aaron can't upset those unsure child.,morphology,determiner_noun_agreement,determiner_noun_agreement_with_adj_irregular_1,True,True,False,True,886,-61.91321563720703,-62.69679260253906,1
That rice doesn't annoy this bad woman.,That rice doesn't annoy this bad women.,morphology,determiner_noun_agreement,determiner_noun_agreement_with_adj_irregular_1,True,True,False,True,887,-62.15385818481445,-64.8070068359375,1
Those blouses impress this standing alumnus.,Those blouses impress this standing alumni.,morphology,determiner_noun_agreement,determiner_noun_agreement_with_adj_irregular_1,True,True,False,True,888,-69.98400115966797,-69.63330841064453,0
Vanessa should like these white fungi.,Vanessa should like these white fungus.,morphology,determiner_noun_agreement,determiner_noun_agreement_with_adj_irregular_1,True,True,False,True,889,-60.62786102294922,-59.81975555419922,0
That beef alarms that old woman.,That beef alarms that old women.,morphology,determiner_noun_agreement,determiner_noun_agreement_with_adj_irregular_1,True,True,False,True,890,-60.91049575805664,-60.560791015625,0
Many teenagers break this orange foot.,Many teenagers break this orange feet.,morphology,determiner_noun_agreement,determiner_noun_agreement_with_adj_irregular_1,True,True,False,True,891,-54.454254150390625,-55.81792068481445,1
Steve was messing up these dirty teeth.,Steve was messing up these dirty tooth.,morphology,determiner_noun_agreement,determiner_noun_agreement_with_adj_irregular_1,True,True,False,True,892,-56.82294845581055,-61.98865509033203,1
An icicle irritates this standing woman.,An icicle irritates this standing women.,morphology,determiner_noun_agreement,determiner_noun_agreement_with_adj_irregular_1,True,True,False,True,893,-62.71778869628906,-66.8483657836914,1
Frank bikes to this gray oasis.,Frank bikes to this gray oases.,morphology,determiner_noun_agreement,determiner_noun_agreement_with_adj_irregular_1,True,True,False,True,894,-64.12588500976562,-66.89647674560547,1
This spinach irritates these good people.,This spinach irritates these good person.,morphology,determiner_noun_agreement,determiner_noun_agreement_with_adj_irregular_1,True,True,False,True,895,-54.88616180419922,-60.543182373046875,1
Sara is cleaning this lost tooth.,Sara is cleaning this lost teeth.,morphology,determiner_noun_agreement,determiner_noun_agreement_with_adj_irregular_1,True,True,False,True,896,-54.11967849731445,-55.13326644897461,1
Some prints shock this standing person.,Some prints shock this standing people.,morphology,determiner_noun_agreement,determiner_noun_agreement_with_adj_irregular_1,True,True,False,True,897,-58.55790710449219,-60.933372497558594,1
Erin can't astound this confident woman.,Erin can't astound this confident women.,morphology,determiner_noun_agreement,determiner_noun_agreement_with_adj_irregular_1,True,True,False,True,898,-71.80044555664062,-74.96258544921875,1
Every glass astounds this hidden alumnus.,Every glass astounds this hidden alumni.,morphology,determiner_noun_agreement,determiner_noun_agreement_with_adj_irregular_1,True,True,False,True,899,-70.31594848632812,-73.7136459350586,1
Sherry wouldn't forget this unsure man.,Sherry wouldn't forget this unsure men.,morphology,determiner_noun_agreement,determiner_noun_agreement_with_adj_irregular_1,True,True,False,True,900,-59.82073974609375,-62.39262771606445,1
Carriages can bother that hopeful child.,Carriages can bother that hopeful children.,morphology,determiner_noun_agreement,determiner_noun_agreement_with_adj_irregular_1,True,True,False,True,901,-64.64430236816406,-64.23289489746094,0
This association will argue about those exposed children.,This association will argue about those exposed child.,morphology,determiner_noun_agreement,determiner_noun_agreement_with_adj_irregular_1,True,True,False,True,902,-61.337528228759766,-64.99659729003906,1
Monica had talked to that unemployed man.,Monica had talked to that unemployed men.,morphology,determiner_noun_agreement,determiner_noun_agreement_with_adj_irregular_1,True,True,False,True,903,-57.267478942871094,-60.88609313964844,1
Some actresses love this standing person.,Some actresses love this standing people.,morphology,determiner_noun_agreement,determiner_noun_agreement_with_adj_irregular_1,True,True,False,True,904,-50.56011199951172,-52.23496627807617,1
Charles has explored that concealed oasis.,Charles has explored that concealed oases.,morphology,determiner_noun_agreement,determiner_noun_agreement_with_adj_irregular_1,True,True,False,True,905,-63.345497131347656,-64.70907592773438,1
These customers are approaching that popular man.,These customers are approaching that popular men.,morphology,determiner_noun_agreement,determiner_noun_agreement_with_adj_irregular_1,True,True,False,True,906,-50.45905303955078,-51.59004211425781,1
Those senators confuses that happy child.,Those senators confuses that happy children.,morphology,determiner_noun_agreement,determiner_noun_agreement_with_adj_irregular_1,True,True,False,True,907,-66.5968017578125,-65.10456848144531,0
The customer won't pass this big oasis.,The customer won't pass this big oases.,morphology,determiner_noun_agreement,determiner_noun_agreement_with_adj_irregular_1,True,True,False,True,908,-57.739173889160156,-58.323326110839844,1
A mushroom was bothering those determined people.,A mushroom was bothering those determined person.,morphology,determiner_noun_agreement,determiner_noun_agreement_with_adj_irregular_1,True,True,False,True,909,-65.53736114501953,-68.7938461303711,1
Richard shouldn't have this clean tooth.,Richard shouldn't have this clean teeth.,morphology,determiner_noun_agreement,determiner_noun_agreement_with_adj_irregular_1,True,True,False,True,910,-51.39940643310547,-52.360504150390625,1
Theresa has fixed these hard teeth.,Theresa has fixed these hard tooth.,morphology,determiner_noun_agreement,determiner_noun_agreement_with_adj_irregular_1,True,True,False,True,911,-51.86061096191406,-56.729408264160156,1
That lady does find those clever alumni.,That lady does find those clever alumnus.,morphology,determiner_noun_agreement,determiner_noun_agreement_with_adj_irregular_1,True,True,False,True,912,-62.736595153808594,-66.28649139404297,1
Ann hadn't hidden that purple axis.,Ann hadn't hidden that purple axes.,morphology,determiner_noun_agreement,determiner_noun_agreement_with_adj_irregular_1,True,True,False,True,913,-61.463836669921875,-62.973697662353516,1
Kimberley isn't examining this gray thesis.,Kimberley isn't examining this gray theses.,morphology,determiner_noun_agreement,determiner_noun_agreement_with_adj_irregular_1,True,True,False,True,914,-69.67914581298828,-78.67230987548828,1
Gina had disturbed that unconvinced woman.,Gina had disturbed that unconvinced women.,morphology,determiner_noun_agreement,determiner_noun_agreement_with_adj_irregular_1,True,True,False,True,915,-65.07347106933594,-64.52958679199219,0
Sarah can't return to those scared children.,Sarah can't return to those scared child.,morphology,determiner_noun_agreement,determiner_noun_agreement_with_adj_irregular_1,True,True,False,True,916,-55.316322326660156,-57.47190856933594,1
These pedestrians described this troubled alumnus.,These pedestrians described this troubled alumni.,morphology,determiner_noun_agreement,determiner_noun_agreement_with_adj_irregular_1,True,True,False,True,917,-64.04366302490234,-67.67578887939453,1
Those students discover that gray ox.,Those students discover that gray oxen.,morphology,determiner_noun_agreement,determiner_noun_agreement_with_adj_irregular_1,True,True,False,True,918,-59.15215301513672,-58.65616989135742,0
The newspaper article disgusts that troubled person.,The newspaper article disgusts that troubled people.,morphology,determiner_noun_agreement,determiner_noun_agreement_with_adj_irregular_1,True,True,False,True,919,-64.18365478515625,-59.48119354248047,0
Melissa helped those out in the open men.,Melissa helped those out in the open man.,morphology,determiner_noun_agreement,determiner_noun_agreement_with_adj_irregular_1,True,True,False,True,920,-64.78533935546875,-63.451332092285156,0
The children escape from this troubled man.,The children escape from this troubled men.,morphology,determiner_noun_agreement,determiner_noun_agreement_with_adj_irregular_1,True,True,False,True,921,-47.648902893066406,-50.94811248779297,1
Some committees had stunned that displeased child.,Some committees had stunned that displeased children.,morphology,determiner_noun_agreement,determiner_noun_agreement_with_adj_irregular_1,True,True,False,True,922,-71.20219421386719,-67.24441528320312,0
Those senators approach this ill woman.,Those senators approach this ill women.,morphology,determiner_noun_agreement,determiner_noun_agreement_with_adj_irregular_1,True,True,False,True,923,-54.350364685058594,-56.915382385253906,1
Jeffrey helps those important people.,Jeffrey helps those important person.,morphology,determiner_noun_agreement,determiner_noun_agreement_with_adj_irregular_1,True,True,False,True,924,-47.73709487915039,-52.252716064453125,1
Allison hadn't visited that big alumnus.,Allison hadn't visited that big alumni.,morphology,determiner_noun_agreement,determiner_noun_agreement_with_adj_irregular_1,True,True,False,True,925,-62.749053955078125,-59.14887237548828,0
Anne criticized these confident alumni.,Anne criticized these confident alumnus.,morphology,determiner_noun_agreement,determiner_noun_agreement_with_adj_irregular_1,True,True,False,True,926,-55.127532958984375,-61.52812957763672,1
Every cart impresses this out in the open alumnus.,Every cart impresses this out in the open alumni.,morphology,determiner_noun_agreement,determiner_noun_agreement_with_adj_irregular_1,True,True,False,True,927,-77.61248779296875,-79.05658721923828,1
A lot of cashiers work with this displeased person.,A lot of cashiers work with this displeased people.,morphology,determiner_noun_agreement,determiner_noun_agreement_with_adj_irregular_1,True,True,False,True,928,-65.4698257446289,-66.12101745605469,1
All women weren't insulting those content men.,All women weren't insulting those content man.,morphology,determiner_noun_agreement,determiner_noun_agreement_with_adj_irregular_1,True,True,False,True,929,-62.822547912597656,-63.50988006591797,1
Laura hasn't seen that brown nucleus.,Laura hasn't seen that brown nuclei.,morphology,determiner_noun_agreement,determiner_noun_agreement_with_adj_irregular_1,True,True,False,True,930,-56.101287841796875,-57.494224548339844,1
Brenda appreciates that out in the open man.,Brenda appreciates that out in the open men.,morphology,determiner_noun_agreement,determiner_noun_agreement_with_adj_irregular_1,True,True,False,True,931,-71.96319580078125,-74.46469116210938,1
The drivers walk through those cheap oases.,The drivers walk through those cheap oasis.,morphology,determiner_noun_agreement,determiner_noun_agreement_with_adj_irregular_1,True,True,False,True,932,-61.606754302978516,-61.44966506958008,0
Martha was biking to those big oases.,Martha was biking to those big oasis.,morphology,determiner_noun_agreement,determiner_noun_agreement_with_adj_irregular_1,True,True,False,True,933,-70.57302856445312,-69.11627197265625,0
The mouths astound that sick alumnus.,The mouths astound that sick alumni.,morphology,determiner_noun_agreement,determiner_noun_agreement_with_adj_irregular_1,True,True,False,True,934,-68.085693359375,-66.63850402832031,0
Naomi questioned those concealed men.,Naomi questioned those concealed man.,morphology,determiner_noun_agreement,determiner_noun_agreement_with_adj_irregular_1,True,True,False,True,935,-61.27507019042969,-63.32358169555664,1
That car would distract those determined alumni.,That car would distract those determined alumnus.,morphology,determiner_noun_agreement,determiner_noun_agreement_with_adj_irregular_1,True,True,False,True,936,-69.30952453613281,-69.82992553710938,1
Natalie isn't exiting those hidden oases.,Natalie isn't exiting those hidden oasis.,morphology,determiner_noun_agreement,determiner_noun_agreement_with_adj_irregular_1,True,True,False,True,937,-77.03617858886719,-74.77494049072266,0
Vincent should fire that smart child.,Vincent should fire that smart children.,morphology,determiner_noun_agreement,determiner_noun_agreement_with_adj_irregular_1,True,True,False,True,938,-63.72719955444336,-64.93077087402344,1
Jennifer isn't lifting that big oasis.,Jennifer isn't lifting that big oases.,morphology,determiner_noun_agreement,determiner_noun_agreement_with_adj_irregular_1,True,True,False,True,939,-67.22434997558594,-67.89017486572266,1
Some association has concealed these bad analyses.,Some association has concealed these bad analysis.,morphology,determiner_noun_agreement,determiner_noun_agreement_with_adj_irregular_1,True,True,False,True,940,-59.95306396484375,-61.881019592285156,1
Mirrors bore that unemployed man.,Mirrors bore that unemployed men.,morphology,determiner_noun_agreement,determiner_noun_agreement_with_adj_irregular_1,True,True,False,True,941,-60.67156982421875,-60.36091232299805,0
Kathleen was listening to that lucky alumnus.,Kathleen was listening to that lucky alumni.,morphology,determiner_noun_agreement,determiner_noun_agreement_with_adj_irregular_1,True,True,False,True,942,-67.53520202636719,-65.351318359375,0
Brenda was kissing this determined child.,Brenda was kissing this determined children.,morphology,determiner_noun_agreement,determiner_noun_agreement_with_adj_irregular_1,True,True,False,True,943,-67.42826843261719,-70.16258239746094,1
The Lutherans were disagreeing with that old child.,The Lutherans were disagreeing with that old children.,morphology,determiner_noun_agreement,determiner_noun_agreement_with_adj_irregular_1,True,True,False,True,944,-55.744529724121094,-57.871673583984375,1
Michael walked through those rough oases.,Michael walked through those rough oasis.,morphology,determiner_noun_agreement,determiner_noun_agreement_with_adj_irregular_1,True,True,False,True,945,-61.80029296875,-61.70382308959961,0
Chad shouldn't remember that nice woman.,Chad shouldn't remember that nice women.,morphology,determiner_noun_agreement,determiner_noun_agreement_with_adj_irregular_1,True,True,False,True,946,-59.964412689208984,-61.37491989135742,1
That glove did distract that confident woman.,That glove did distract that confident women.,morphology,determiner_noun_agreement,determiner_noun_agreement_with_adj_irregular_1,True,True,False,True,947,-67.78353881835938,-69.15248107910156,1
Deborah sold these sick geese.,Deborah sold these sick goose.,morphology,determiner_noun_agreement,determiner_noun_agreement_with_adj_irregular_1,True,True,False,True,948,-67.86514282226562,-64.29780578613281,0
Katherine cares for those small men.,Katherine cares for those small man.,morphology,determiner_noun_agreement,determiner_noun_agreement_with_adj_irregular_1,True,True,False,True,949,-49.14404296875,-51.276973724365234,1
Liam does mess up those purple feet.,Liam does mess up those purple foot.,morphology,determiner_noun_agreement,determiner_noun_agreement_with_adj_irregular_1,True,True,False,True,950,-64.28451538085938,-67.66036987304688,1
Bill sounded like that out in the open alumnus.,Bill sounded like that out in the open alumni.,morphology,determiner_noun_agreement,determiner_noun_agreement_with_adj_irregular_1,True,True,False,True,951,-65.2386474609375,-66.62535095214844,1
Craig was exiting this concealed oasis.,Craig was exiting this concealed oases.,morphology,determiner_noun_agreement,determiner_noun_agreement_with_adj_irregular_1,True,True,False,True,952,-66.73269653320312,-68.57048034667969,1
Natalie talked about this unemployed man.,Natalie talked about this unemployed men.,morphology,determiner_noun_agreement,determiner_noun_agreement_with_adj_irregular_1,True,True,False,True,953,-50.073638916015625,-54.425140380859375,1
Alexander biked to that green oasis.,Alexander biked to that green oases.,morphology,determiner_noun_agreement,determiner_noun_agreement_with_adj_irregular_1,True,True,False,True,954,-67.39846801757812,-70.13804626464844,1
Nancy wasn't arriving at this gray oasis.,Nancy wasn't arriving at this gray oases.,morphology,determiner_noun_agreement,determiner_noun_agreement_with_adj_irregular_1,True,True,False,True,955,-71.2185287475586,-73.56768798828125,1
Barbara cleaned this new tooth.,Barbara cleaned this new teeth.,morphology,determiner_noun_agreement,determiner_noun_agreement_with_adj_irregular_1,True,True,False,True,956,-50.548240661621094,-51.61033248901367,1
Christine was selling this blue octopus.,Christine was selling this blue octopi.,morphology,determiner_noun_agreement,determiner_noun_agreement_with_adj_irregular_1,True,True,False,True,957,-56.48609924316406,-66.81478881835938,1
Those couches disturb those small men.,Those couches disturb those small man.,morphology,determiner_noun_agreement,determiner_noun_agreement_with_adj_irregular_1,True,True,False,True,958,-60.55231475830078,-62.222923278808594,1
Andrea kissed that troubled child.,Andrea kissed that troubled children.,morphology,determiner_noun_agreement,determiner_noun_agreement_with_adj_irregular_1,True,True,False,True,959,-50.30194091796875,-52.48981857299805,1
All girls question that big child.,All girls question that big children.,morphology,determiner_noun_agreement,determiner_noun_agreement_with_adj_irregular_1,True,True,False,True,960,-53.18376159667969,-52.92671585083008,0
The cilantro can't upset this out in the open man.,The cilantro can't upset this out in the open men.,morphology,determiner_noun_agreement,determiner_noun_agreement_with_adj_irregular_1,True,True,False,True,961,-80.69268798828125,-84.81782531738281,1
Most convertibles were confusing that happy woman.,Most convertibles were confusing that happy women.,morphology,determiner_noun_agreement,determiner_noun_agreement_with_adj_irregular_1,True,True,False,True,962,-67.95503234863281,-66.85022735595703,0
That dress confuses these small women.,That dress confuses these small woman.,morphology,determiner_noun_agreement,determiner_noun_agreement_with_adj_irregular_1,True,True,False,True,963,-60.934383392333984,-64.588134765625,1
That broccoli scares that fast woman.,That broccoli scares that fast women.,morphology,determiner_noun_agreement,determiner_noun_agreement_with_adj_irregular_1,True,True,False,True,964,-71.38957977294922,-71.98513793945312,1
John can't aggravate those excited alumni.,John can't aggravate those excited alumnus.,morphology,determiner_noun_agreement,determiner_noun_agreement_with_adj_irregular_1,True,True,False,True,965,-64.39505004882812,-64.89966583251953,1
Paul doesn't distract that hidden man.,Paul doesn't distract that hidden men.,morphology,determiner_noun_agreement,determiner_noun_agreement_with_adj_irregular_1,True,True,False,True,966,-56.00400161743164,-57.80595397949219,1
This actor had talked to these confident men.,This actor had talked to these confident man.,morphology,determiner_noun_agreement,determiner_noun_agreement_with_adj_irregular_1,True,True,False,True,967,-58.2371940612793,-59.72152328491211,1
Larry couldn't describe that ill woman.,Larry couldn't describe that ill women.,morphology,determiner_noun_agreement,determiner_noun_agreement_with_adj_irregular_1,True,True,False,True,968,-54.402320861816406,-56.59208297729492,1
Bradley hurt those upset children.,Bradley hurt those upset child.,morphology,determiner_noun_agreement,determiner_noun_agreement_with_adj_irregular_1,True,True,False,True,969,-45.80682373046875,-48.790191650390625,1
Many patients exit these out in the open oases.,Many patients exit these out in the open oasis.,morphology,determiner_noun_agreement,determiner_noun_agreement_with_adj_irregular_1,True,True,False,True,970,-73.29412078857422,-70.44493103027344,0
A lot of movies shock those unlucky men.,A lot of movies shock those unlucky man.,morphology,determiner_noun_agreement,determiner_noun_agreement_with_adj_irregular_1,True,True,False,True,971,-62.198246002197266,-62.36621856689453,1
The Borgias help this important person.,The Borgias help this important people.,morphology,determiner_noun_agreement,determiner_noun_agreement_with_adj_irregular_1,True,True,False,True,972,-57.93656921386719,-61.19914245605469,1
Melinda wasn't bringing this big oasis.,Melinda wasn't bringing this big oases.,morphology,determiner_noun_agreement,determiner_noun_agreement_with_adj_irregular_1,True,True,False,True,973,-66.3486099243164,-67.23388671875,1
John should conceal these purple theses.,John should conceal these purple thesis.,morphology,determiner_noun_agreement,determiner_noun_agreement_with_adj_irregular_1,True,True,False,True,974,-67.69833374023438,-65.66560363769531,0
Ronald hadn't discussed that busy man.,Ronald hadn't discussed that busy men.,morphology,determiner_noun_agreement,determiner_noun_agreement_with_adj_irregular_1,True,True,False,True,975,-51.93706512451172,-53.4890022277832,1
Melinda talked to those scared men.,Melinda talked to those scared man.,morphology,determiner_noun_agreement,determiner_noun_agreement_with_adj_irregular_1,True,True,False,True,976,-49.18116760253906,-51.058807373046875,1
These waitresses pass this old oasis.,These waitresses pass this old oases.,morphology,determiner_noun_agreement,determiner_noun_agreement_with_adj_irregular_1,True,True,False,True,977,-64.42499542236328,-65.19807434082031,1
Brenda didn't take this out in the open thesis.,Brenda didn't take this out in the open theses.,morphology,determiner_noun_agreement,determiner_noun_agreement_with_adj_irregular_1,True,True,False,True,978,-66.6014404296875,-72.10575866699219,1
Dennis notices those orange oases.,Dennis notices those orange oasis.,morphology,determiner_noun_agreement,determiner_noun_agreement_with_adj_irregular_1,True,True,False,True,979,-61.70564270019531,-62.98903274536133,1
Linda bought that green thesis.,Linda bought that green theses.,morphology,determiner_noun_agreement,determiner_noun_agreement_with_adj_irregular_1,True,True,False,True,980,-50.32331848144531,-56.4481201171875,1
Gina exited this green oasis.,Gina exited this green oases.,morphology,determiner_noun_agreement,determiner_noun_agreement_with_adj_irregular_1,True,True,False,True,981,-58.20939636230469,-59.94603729248047,1
A committee embarrasses these small children.,A committee embarrasses these small child.,morphology,determiner_noun_agreement,determiner_noun_agreement_with_adj_irregular_1,True,True,False,True,982,-49.08423614501953,-55.27790451049805,1
Scott criticized that busy man.,Scott criticized that busy men.,morphology,determiner_noun_agreement,determiner_noun_agreement_with_adj_irregular_1,True,True,False,True,983,-49.55155944824219,-49.83442306518555,1
Holly breaks those exposed feet.,Holly breaks those exposed foot.,morphology,determiner_noun_agreement,determiner_noun_agreement_with_adj_irregular_1,True,True,False,True,984,-52.054359436035156,-54.69832992553711,1
Steve could love that sick woman.,Steve could love that sick women.,morphology,determiner_noun_agreement,determiner_noun_agreement_with_adj_irregular_1,True,True,False,True,985,-49.887657165527344,-50.87922668457031,1
The socks are worrying that uncertain man.,The socks are worrying that uncertain men.,morphology,determiner_noun_agreement,determiner_noun_agreement_with_adj_irregular_1,True,True,False,True,986,-59.54266357421875,-58.07260513305664,0
Many governments criticize those yellow oases.,Many governments criticize those yellow oasis.,morphology,determiner_noun_agreement,determiner_noun_agreement_with_adj_irregular_1,True,True,False,True,987,-62.91722106933594,-63.494956970214844,1
Adam is confusing these unsure children.,Adam is confusing these unsure child.,morphology,determiner_noun_agreement,determiner_noun_agreement_with_adj_irregular_1,True,True,False,True,988,-57.75187683105469,-60.613014221191406,1
Chad wasn't concealing that young man.,Chad wasn't concealing that young men.,morphology,determiner_noun_agreement,determiner_noun_agreement_with_adj_irregular_1,True,True,False,True,989,-62.36787414550781,-64.03795623779297,1
Aaron sounds like that content woman.,Aaron sounds like that content women.,morphology,determiner_noun_agreement,determiner_noun_agreement_with_adj_irregular_1,True,True,False,True,990,-51.86345672607422,-52.74070358276367,1
Homer messes up that smooth foot.,Homer messes up that smooth feet.,morphology,determiner_noun_agreement,determiner_noun_agreement_with_adj_irregular_1,True,True,False,True,991,-61.32148742675781,-61.76747131347656,1
The drivers clean those gray teeth.,The drivers clean those gray tooth.,morphology,determiner_noun_agreement,determiner_noun_agreement_with_adj_irregular_1,True,True,False,True,992,-54.85019302368164,-58.579444885253906,1
Sarah had left that hopeful man.,Sarah had left that hopeful men.,morphology,determiner_noun_agreement,determiner_noun_agreement_with_adj_irregular_1,True,True,False,True,993,-52.19155502319336,-54.032649993896484,1
Tina did admire these delighted children.,Tina did admire these delighted child.,morphology,determiner_noun_agreement,determiner_noun_agreement_with_adj_irregular_1,True,True,False,True,994,-63.509681701660156,-70.40188598632812,1
Sherry wasn't insulting these excited women.,Sherry wasn't insulting these excited woman.,morphology,determiner_noun_agreement,determiner_noun_agreement_with_adj_irregular_1,True,True,False,True,995,-62.05237579345703,-65.865478515625,1
Sonia will dislike this lucky woman.,Sonia will dislike this lucky women.,morphology,determiner_noun_agreement,determiner_noun_agreement_with_adj_irregular_1,True,True,False,True,996,-53.72630310058594,-57.17202377319336,1
Those art galleries irritate this clever woman.,Those art galleries irritate this clever women.,morphology,determiner_noun_agreement,determiner_noun_agreement_with_adj_irregular_1,True,True,False,True,997,-68.01322174072266,-71.89433288574219,1
Amy won't work with this unconvinced man.,Amy won't work with this unconvinced men.,morphology,determiner_noun_agreement,determiner_noun_agreement_with_adj_irregular_1,True,True,False,True,998,-58.43922424316406,-61.35326385498047,1
Tara can't find that lost fungus.,Tara can't find that lost fungi.,morphology,determiner_noun_agreement,determiner_noun_agreement_with_adj_irregular_1,True,True,False,True,999,-55.23780822753906,-56.62525939941406,1
