sentence_good,sentence_bad,field,linguistics_term,UID,simple_LM_method,one_prefix_method,two_prefix_method,lexically_identical,pair_id,good_prob,bad_prob,correct
Laurie hasn't lifted those cacti.,Laurie hasn't lifted those cactus.,morphology,determiner_noun_agreement,determiner_noun_agreement_irregular_1,True,True,False,True,0,-53.84037780761719,-55.86106491088867,1
Adam hadn't discussed these analyses.,Adam hadn't discussed these analysis.,morphology,determiner_noun_agreement,determiner_noun_agreement_irregular_1,True,True,False,True,1,-50.32613754272461,-52.15917205810547,1
Some customers know these men.,Some customers know these man.,morphology,determiner_noun_agreement,determiner_noun_agreement_irregular_1,True,True,False,True,2,-35.132808685302734,-43.675682067871094,1
Phillip was lifting this mouse.,Phillip was lifting this mice.,morphology,determiner_noun_agreement,determiner_noun_agreement_irregular_1,True,True,False,True,3,-49.05157470703125,-54.539939880371094,1
The driver reveals these mice.,The driver reveals these mouse.,morphology,determiner_noun_agreement,determiner_noun_agreement_irregular_1,True,True,False,True,4,-47.60054016113281,-50.67382049560547,1
Anna will buy that louse.,Anna will buy that lice.,morphology,determiner_noun_agreement,determiner_noun_agreement_irregular_1,True,True,False,True,5,-47.613399505615234,-48.53443908691406,1
Rhonda had insulted these men.,Rhonda had insulted these man.,morphology,determiner_noun_agreement,determiner_noun_agreement_irregular_1,True,True,False,True,6,-44.39571762084961,-48.91128921508789,1
All plays shock this alumnus.,All plays shock this alumni.,morphology,determiner_noun_agreement,determiner_noun_agreement_irregular_1,True,True,False,True,7,-54.65064239501953,-55.2231330871582,1
Grace noticed that axis.,Grace noticed that axes.,morphology,determiner_noun_agreement,determiner_noun_agreement_irregular_1,True,True,False,True,8,-44.719207763671875,-46.00484848022461,1
Patricia cleans these teeth.,Patricia cleans these tooth.,morphology,determiner_noun_agreement,determiner_noun_agreement_irregular_1,True,True,False,True,9,-44.704002380371094,-51.906272888183594,1
Alan examined those analyses.,Alan examined those analysis.,morphology,determiner_noun_agreement,determiner_noun_agreement_irregular_1,True,True,False,True,10,-40.83836364746094,-43.00809097290039,1
Travis fired these children.,Travis fired these child.,morphology,determiner_noun_agreement,determiner_noun_agreement_irregular_1,True,True,False,True,11,-42.123809814453125,-47.4696159362793,1
The picture can't look like these nuclei.,The picture can't look like these nucleus.,morphology,determiner_noun_agreement,determiner_noun_agreement_irregular_1,True,True,False,True,12,-50.63124084472656,-54.45006561279297,1
The waitresses haven't cleaned this thesis.,The waitresses haven't cleaned this theses.,morphology,determiner_noun_agreement,determiner_noun_agreement_irregular_1,True,True,False,True,13,-58.43000793457031,-62.73868179321289,1
Pamela might boast about those bases.,Pamela might boast about those basis.,morphology,determiner_noun_agreement,determiner_noun_agreement_irregular_1,True,True,False,True,14,-54.58049774169922,-59.14924621582031,1
Tammy was observing that man.,Tammy was observing that men.,morphology,determiner_noun_agreement,determiner_noun_agreement_irregular_1,True,True,False,True,15,-42.9989013671875,-46.671016693115234,1
Paul wasn't insulting this analysis.,Paul wasn't insulting this analyses.,morphology,determiner_noun_agreement,determiner_noun_agreement_irregular_1,True,True,False,True,16,-46.65087890625,-54.92552185058594,1
Russell hadn't appreciated that synthesis.,Russell hadn't appreciated that syntheses.,morphology,determiner_noun_agreement,determiner_noun_agreement_irregular_1,True,True,False,True,17,-52.864139556884766,-62.248016357421875,1
These waiters are appreciating that thesis.,These waiters are appreciating that theses.,morphology,determiner_noun_agreement,determiner_noun_agreement_irregular_1,True,True,False,True,18,-55.837005615234375,-61.013404846191406,1
The women didn't boast about this phenomenon.,The women didn't boast about this phenomena.,morphology,determiner_noun_agreement,determiner_noun_agreement_irregular_1,True,True,False,True,19,-48.099849700927734,-51.37465286254883,1
Raymond concealed those nuclei.,Raymond concealed those nucleus.,morphology,determiner_noun_agreement,determiner_noun_agreement_irregular_1,True,True,False,True,20,-51.06364822387695,-51.67420196533203,1
Sara has insulted these analyses.,Sara has insulted these analysis.,morphology,determiner_noun_agreement,determiner_noun_agreement_irregular_1,True,True,False,True,21,-52.73881912231445,-54.25988006591797,1
Every guest cares for those men.,Every guest cares for those man.,morphology,determiner_noun_agreement,determiner_noun_agreement_irregular_1,True,True,False,True,22,-47.349388122558594,-49.66161346435547,1
Heidi can research this ellipsis.,Heidi can research this ellipses.,morphology,determiner_noun_agreement,determiner_noun_agreement_irregular_1,True,True,False,True,23,-56.158653259277344,-57.971710205078125,1
Paula won't buy these theses.,Paula won't buy these thesis.,morphology,determiner_noun_agreement,determiner_noun_agreement_irregular_1,True,True,False,True,24,-53.68888854980469,-53.83163833618164,1
Sheila wasn't bringing that fungus.,Sheila wasn't bringing that fungi.,morphology,determiner_noun_agreement,determiner_noun_agreement_irregular_1,True,True,False,True,25,-50.64830780029297,-54.49949264526367,1
Diane talked about this man.,Diane talked about this men.,morphology,determiner_noun_agreement,determiner_noun_agreement_irregular_1,True,True,False,True,26,-37.87113571166992,-44.040069580078125,1
Linda discussed this oasis.,Linda discussed this oases.,morphology,determiner_noun_agreement,determiner_noun_agreement_irregular_1,True,True,False,True,27,-46.68864822387695,-51.67433166503906,1
Richard healed that goose.,Richard healed that geese.,morphology,determiner_noun_agreement,determiner_noun_agreement_irregular_1,True,True,False,True,28,-45.04087829589844,-48.43547058105469,1
Patients think about these cacti.,Patients think about these cactus.,morphology,determiner_noun_agreement,determiner_noun_agreement_irregular_1,True,True,False,True,29,-45.55744171142578,-48.01168441772461,1
The cashier isn't lifting these mice.,The cashier isn't lifting these mouse.,morphology,determiner_noun_agreement,determiner_noun_agreement_irregular_1,True,True,False,True,30,-52.47950744628906,-58.51688766479492,1
Irene had discovered that crisis.,Irene had discovered that crises.,morphology,determiner_noun_agreement,determiner_noun_agreement_irregular_1,True,True,False,True,31,-45.240840911865234,-49.727622985839844,1
Andrea hasn't talked about that synopsis.,Andrea hasn't talked about that synopses.,morphology,determiner_noun_agreement,determiner_noun_agreement_irregular_1,True,True,False,True,32,-45.238800048828125,-52.50587463378906,1
Joel wasn't discovering that thesis.,Joel wasn't discovering that theses.,morphology,determiner_noun_agreement,determiner_noun_agreement_irregular_1,True,True,False,True,33,-53.09968185424805,-59.538665771484375,1
Chad hasn't praised these theses.,Chad hasn't praised these thesis.,morphology,determiner_noun_agreement,determiner_noun_agreement_irregular_1,True,True,False,True,34,-57.47233200073242,-62.176048278808594,1
Keith isn't discovering this hypothesis.,Keith isn't discovering this hypotheses.,morphology,determiner_noun_agreement,determiner_noun_agreement_irregular_1,True,True,False,True,35,-51.018646240234375,-57.31270980834961,1
Those people argue about that ellipsis.,Those people argue about that ellipses.,morphology,determiner_noun_agreement,determiner_noun_agreement_irregular_1,True,True,False,True,36,-49.016807556152344,-49.994720458984375,1
Those adults hadn't cleaned this mouse.,Those adults hadn't cleaned this mice.,morphology,determiner_noun_agreement,determiner_noun_agreement_irregular_1,True,True,False,True,37,-55.520294189453125,-60.46392059326172,1
Donald will buy these teeth.,Donald will buy these tooth.,morphology,determiner_noun_agreement,determiner_noun_agreement_irregular_1,True,True,False,True,38,-46.41415786743164,-52.13867950439453,1
Paintings look like this ox.,Paintings look like this oxen.,morphology,determiner_noun_agreement,determiner_noun_agreement_irregular_1,True,True,False,True,39,-46.83355712890625,-50.545753479003906,1
Victoria has appreciated these media.,Victoria has appreciated these medium.,morphology,determiner_noun_agreement,determiner_noun_agreement_irregular_1,True,True,False,True,40,-46.109893798828125,-50.892269134521484,1
These pedestrians escape from these men.,These pedestrians escape from these man.,morphology,determiner_noun_agreement,determiner_noun_agreement_irregular_1,True,True,False,True,41,-49.51241683959961,-55.664703369140625,1
Girls couldn't boast about those syntheses.,Girls couldn't boast about those synthesis.,morphology,determiner_noun_agreement,determiner_noun_agreement_irregular_1,True,True,False,True,42,-62.020233154296875,-63.92566680908203,1
Dana can argue about this basis.,Dana can argue about this bases.,morphology,determiner_noun_agreement,determiner_noun_agreement_irregular_1,True,True,False,True,43,-49.117652893066406,-54.90003967285156,1
Brad questions that child.,Brad questions that children.,morphology,determiner_noun_agreement,determiner_noun_agreement_irregular_1,True,True,False,True,44,-42.99591064453125,-44.59114456176758,1
Sonia was thinking about this hypothesis.,Sonia was thinking about this hypotheses.,morphology,determiner_noun_agreement,determiner_noun_agreement_irregular_1,True,True,False,True,45,-42.681392669677734,-49.361061096191406,1
Most customers reveal that woman.,Most customers reveal that women.,morphology,determiner_noun_agreement,determiner_noun_agreement_irregular_1,True,True,False,True,46,-46.026344299316406,-45.233680725097656,0
Some boys discover that ox.,Some boys discover that oxen.,morphology,determiner_noun_agreement,determiner_noun_agreement_irregular_1,True,True,False,True,47,-47.413841247558594,-51.507476806640625,1
Randolf loved that synopsis.,Randolf loved that synopses.,morphology,determiner_noun_agreement,determiner_noun_agreement_irregular_1,True,True,False,True,48,-45.181915283203125,-54.937705993652344,1
Leslie was finding these stimuli.,Leslie was finding these stimulus.,morphology,determiner_noun_agreement,determiner_noun_agreement_irregular_1,True,True,False,True,49,-47.13525390625,-51.15911102294922,1
The Borgias reveal those men.,The Borgias reveal those man.,morphology,determiner_noun_agreement,determiner_noun_agreement_irregular_1,True,True,False,True,50,-47.28679656982422,-52.622222900390625,1
All pedestrians criticize that thesis.,All pedestrians criticize that theses.,morphology,determiner_noun_agreement,determiner_noun_agreement_irregular_1,True,True,False,True,51,-54.61680603027344,-60.50045394897461,1
Drivers haven't hidden this louse.,Drivers haven't hidden this lice.,morphology,determiner_noun_agreement,determiner_noun_agreement_irregular_1,True,True,False,True,52,-54.541893005371094,-56.516754150390625,1
Every adult notices these oxen.,Every adult notices these ox.,morphology,determiner_noun_agreement,determiner_noun_agreement_irregular_1,True,True,False,True,53,-51.65647888183594,-51.696136474609375,1
Those teenagers astounded these men.,Those teenagers astounded these man.,morphology,determiner_noun_agreement,determiner_noun_agreement_irregular_1,True,True,False,True,54,-46.11833572387695,-53.449310302734375,1
Every cashier complains about that child.,Every cashier complains about that children.,morphology,determiner_noun_agreement,determiner_noun_agreement_irregular_1,True,True,False,True,55,-48.75267028808594,-52.931724548339844,1
Every waiter thinks about those media.,Every waiter thinks about those medium.,morphology,determiner_noun_agreement,determiner_noun_agreement_irregular_1,True,True,False,True,56,-52.985408782958984,-56.06344223022461,1
Rebecca was concealing those analyses.,Rebecca was concealing those analysis.,morphology,determiner_noun_agreement,determiner_noun_agreement_irregular_1,True,True,False,True,57,-51.535789489746094,-54.002357482910156,1
Guys haven't discovered that woman.,Guys haven't discovered that women.,morphology,determiner_noun_agreement,determiner_noun_agreement_irregular_1,True,True,False,True,58,-43.21016311645508,-45.32063674926758,1
A girl will argue about this child.,A girl will argue about this children.,morphology,determiner_noun_agreement,determiner_noun_agreement_irregular_1,True,True,False,True,59,-42.59722137451172,-47.571205139160156,1
Alan has complained about those crises.,Alan has complained about those crisis.,morphology,determiner_noun_agreement,determiner_noun_agreement_irregular_1,True,True,False,True,60,-47.77310562133789,-51.87053298950195,1
Rose isn't selling that axis.,Rose isn't selling that axes.,morphology,determiner_noun_agreement,determiner_noun_agreement_irregular_1,True,True,False,True,61,-48.62313461303711,-49.58110809326172,1
Dan discovers these hypotheses.,Dan discovers these hypothesis.,morphology,determiner_noun_agreement,determiner_noun_agreement_irregular_1,True,True,False,True,62,-43.21669387817383,-46.22383117675781,1
Connie can't notice these theses.,Connie can't notice these thesis.,morphology,determiner_noun_agreement,determiner_noun_agreement_irregular_1,True,True,False,True,63,-53.98759460449219,-57.59776306152344,1
These documentaries had disagreed with these analyses.,These documentaries had disagreed with these analysis.,morphology,determiner_noun_agreement,determiner_noun_agreement_irregular_1,True,True,False,True,64,-58.83135223388672,-61.67817687988281,1
Deanna breaks those feet.,Deanna breaks those foot.,morphology,determiner_noun_agreement,determiner_noun_agreement_irregular_1,True,True,False,True,65,-45.88599395751953,-48.766929626464844,1
Linda hadn't admired those octopi.,Linda hadn't admired those octopus.,morphology,determiner_noun_agreement,determiner_noun_agreement_irregular_1,True,True,False,True,66,-56.930870056152344,-56.13270950317383,0
Some universities listen to those alumni.,Some universities listen to those alumnus.,morphology,determiner_noun_agreement,determiner_noun_agreement_irregular_1,True,True,False,True,67,-45.61895751953125,-52.578025817871094,1
Grace had bought those nuclei.,Grace had bought those nucleus.,morphology,determiner_noun_agreement,determiner_noun_agreement_irregular_1,True,True,False,True,68,-51.964813232421875,-54.09771728515625,1
These ladies dislike this thesis.,These ladies dislike this theses.,morphology,determiner_noun_agreement,determiner_noun_agreement_irregular_1,True,True,False,True,69,-46.353397369384766,-52.2324104309082,1
Julie noticed that goose.,Julie noticed that geese.,morphology,determiner_noun_agreement,determiner_noun_agreement_irregular_1,True,True,False,True,70,-43.28881072998047,-43.77749252319336,1
Bill couldn't flee from this alumnus.,Bill couldn't flee from this alumni.,morphology,determiner_noun_agreement,determiner_noun_agreement_irregular_1,True,True,False,True,71,-55.887020111083984,-56.0733528137207,1
Meredith would clean those mice.,Meredith would clean those mouse.,morphology,determiner_noun_agreement,determiner_noun_agreement_irregular_1,True,True,False,True,72,-47.027244567871094,-52.344970703125,1
Dana wasn't thinking about those crises.,Dana wasn't thinking about those crisis.,morphology,determiner_noun_agreement,determiner_noun_agreement_irregular_1,True,True,False,True,73,-46.785606384277344,-48.83385467529297,1
Guy wouldn't argue about that hypothesis.,Guy wouldn't argue about that hypotheses.,morphology,determiner_noun_agreement,determiner_noun_agreement_irregular_1,True,True,False,True,74,-47.16972351074219,-53.31059265136719,1
Grace won't insult that thesis.,Grace won't insult that theses.,morphology,determiner_noun_agreement,determiner_noun_agreement_irregular_1,True,True,False,True,75,-50.59385299682617,-59.09204864501953,1
Sheila is buying those teeth.,Sheila is buying those tooth.,morphology,determiner_noun_agreement,determiner_noun_agreement_irregular_1,True,True,False,True,76,-44.79985046386719,-52.149757385253906,1
Most pedestrians conceal this thesis.,Most pedestrians conceal this theses.,morphology,determiner_noun_agreement,determiner_noun_agreement_irregular_1,True,True,False,True,77,-52.74408721923828,-56.676780700683594,1
Many mouths distract these people.,Many mouths distract these person.,morphology,determiner_noun_agreement,determiner_noun_agreement_irregular_1,True,True,False,True,78,-44.11894989013672,-53.76255798339844,1
Stacy disturbs this man.,Stacy disturbs this men.,morphology,determiner_noun_agreement,determiner_noun_agreement_irregular_1,True,True,False,True,79,-43.06432342529297,-50.34583282470703,1
Jessica likes that woman.,Jessica likes that women.,morphology,determiner_noun_agreement,determiner_noun_agreement_irregular_1,True,True,False,True,80,-34.491355895996094,-38.15870666503906,1
Emily concealed these octopi.,Emily concealed these octopus.,morphology,determiner_noun_agreement,determiner_noun_agreement_irregular_1,True,True,False,True,81,-51.783294677734375,-50.345550537109375,0
Brenda won't buy those lice.,Brenda won't buy those louse.,morphology,determiner_noun_agreement,determiner_noun_agreement_irregular_1,True,True,False,True,82,-49.60786437988281,-54.91889190673828,1
Rose is describing those people.,Rose is describing those person.,morphology,determiner_noun_agreement,determiner_noun_agreement_irregular_1,True,True,False,True,83,-39.60856628417969,-46.50335693359375,1
Phillip hadn't concealed that woman.,Phillip hadn't concealed that women.,morphology,determiner_noun_agreement,determiner_noun_agreement_irregular_1,True,True,False,True,84,-51.428714752197266,-56.54530334472656,1
This lady referenced those synopses.,This lady referenced those synopsis.,morphology,determiner_noun_agreement,determiner_noun_agreement_irregular_1,True,True,False,True,85,-50.93498229980469,-53.053001403808594,1
The senators notice this octopus.,The senators notice this octopi.,morphology,determiner_noun_agreement,determiner_noun_agreement_irregular_1,True,True,False,True,86,-50.25154113769531,-56.361934661865234,1
Pamela wasn't revealing those nuclei.,Pamela wasn't revealing those nucleus.,morphology,determiner_noun_agreement,determiner_noun_agreement_irregular_1,True,True,False,True,87,-58.1248893737793,-59.79853820800781,1
Kristin thought about that paralysis.,Kristin thought about that paralyses.,morphology,determiner_noun_agreement,determiner_noun_agreement_irregular_1,True,True,False,True,88,-46.52908706665039,-58.036930084228516,1
Danielle discovers that synopsis.,Danielle discovers that synopses.,morphology,determiner_noun_agreement,determiner_noun_agreement_irregular_1,True,True,False,True,89,-46.62226104736328,-51.32855987548828,1
Noah wasn't annoying that child.,Noah wasn't annoying that children.,morphology,determiner_noun_agreement,determiner_noun_agreement_irregular_1,True,True,False,True,90,-46.61176300048828,-49.53383255004883,1
Andrea does notice those octopi.,Andrea does notice those octopus.,morphology,determiner_noun_agreement,determiner_noun_agreement_irregular_1,True,True,False,True,91,-51.33941650390625,-51.21448516845703,0
Deborah will hate these men.,Deborah will hate these man.,morphology,determiner_noun_agreement,determiner_noun_agreement_irregular_1,True,True,False,True,92,-43.76451873779297,-48.670204162597656,1
Erin visited these alumni.,Erin visited these alumnus.,morphology,determiner_noun_agreement,determiner_noun_agreement_irregular_1,True,True,False,True,93,-43.1342658996582,-48.43392562866211,1
Some students hadn't taken those teeth.,Some students hadn't taken those tooth.,morphology,determiner_noun_agreement,determiner_noun_agreement_irregular_1,True,True,False,True,94,-48.825592041015625,-58.470611572265625,1
Pamela discusses these women.,Pamela discusses these woman.,morphology,determiner_noun_agreement,determiner_noun_agreement_irregular_1,True,True,False,True,95,-40.88602828979492,-46.25758361816406,1
Melissa was researching those bases.,Melissa was researching those basis.,morphology,determiner_noun_agreement,determiner_noun_agreement_irregular_1,True,True,False,True,96,-45.901611328125,-51.55677795410156,1
Michelle can't hate this synopsis.,Michelle can't hate this synopses.,morphology,determiner_noun_agreement,determiner_noun_agreement_irregular_1,True,True,False,True,97,-49.156044006347656,-56.574745178222656,1
Homer did bring those stimuli.,Homer did bring those stimulus.,morphology,determiner_noun_agreement,determiner_noun_agreement_irregular_1,True,True,False,True,98,-49.900169372558594,-52.81690979003906,1
The doctors should clean those mice.,The doctors should clean those mouse.,morphology,determiner_noun_agreement,determiner_noun_agreement_irregular_1,True,True,False,True,99,-49.23626708984375,-55.815345764160156,1
Valerie could take these octopi.,Valerie could take these octopus.,morphology,determiner_noun_agreement,determiner_noun_agreement_irregular_1,True,True,False,True,100,-53.52228546142578,-51.26057434082031,0
All ladies notice this mouse.,All ladies notice this mice.,morphology,determiner_noun_agreement,determiner_noun_agreement_irregular_1,True,True,False,True,101,-43.76499938964844,-48.06578063964844,1
Many actresses hadn't run around these oases.,Many actresses hadn't run around these oasis.,morphology,determiner_noun_agreement,determiner_noun_agreement_irregular_1,True,True,False,True,102,-66.6989974975586,-71.78026580810547,1
Tiffany lifted these stimuli.,Tiffany lifted these stimulus.,morphology,determiner_noun_agreement,determiner_noun_agreement_irregular_1,True,True,False,True,103,-47.578617095947266,-51.343116760253906,1
Florence wasn't cleaning those oases.,Florence wasn't cleaning those oasis.,morphology,determiner_noun_agreement,determiner_noun_agreement_irregular_1,True,True,False,True,104,-55.613128662109375,-60.44232177734375,1
Kathleen was referencing this man.,Kathleen was referencing this men.,morphology,determiner_noun_agreement,determiner_noun_agreement_irregular_1,True,True,False,True,105,-43.92665481567383,-51.17606735229492,1
Stacy scares that child.,Stacy scares that children.,morphology,determiner_noun_agreement,determiner_noun_agreement_irregular_1,True,True,False,True,106,-48.30473709106445,-50.29930877685547,1
Some banks describe that man.,Some banks describe that men.,morphology,determiner_noun_agreement,determiner_noun_agreement_irregular_1,True,True,False,True,107,-49.375160217285156,-50.83995819091797,1
Kathleen couldn't find this tooth.,Kathleen couldn't find this teeth.,morphology,determiner_noun_agreement,determiner_noun_agreement_irregular_1,True,True,False,True,108,-45.4141845703125,-51.57353591918945,1
Monet doesn't conceal that child.,Monet doesn't conceal that children.,morphology,determiner_noun_agreement,determiner_noun_agreement_irregular_1,True,True,False,True,109,-52.67173767089844,-55.91050720214844,1
The Clintons boast about these hypotheses.,The Clintons boast about these hypothesis.,morphology,determiner_noun_agreement,determiner_noun_agreement_irregular_1,True,True,False,True,110,-48.707923889160156,-52.639442443847656,1
Julie would appreciate that paralysis.,Julie would appreciate that paralyses.,morphology,determiner_noun_agreement,determiner_noun_agreement_irregular_1,True,True,False,True,111,-46.49778747558594,-53.38520050048828,1
Every guy hasn't revealed that nucleus.,Every guy hasn't revealed that nuclei.,morphology,determiner_noun_agreement,determiner_noun_agreement_irregular_1,True,True,False,True,112,-55.830440521240234,-60.3001708984375,1
Becca healed these lice.,Becca healed these louse.,morphology,determiner_noun_agreement,determiner_noun_agreement_irregular_1,True,True,False,True,113,-53.43883514404297,-59.89521789550781,1
Bruce had thought about these mice.,Bruce had thought about these mouse.,morphology,determiner_noun_agreement,determiner_noun_agreement_irregular_1,True,True,False,True,114,-44.84400939941406,-48.86865997314453,1
Suzanne isn't buying those lice.,Suzanne isn't buying those louse.,morphology,determiner_noun_agreement,determiner_noun_agreement_irregular_1,True,True,False,True,115,-48.15437698364258,-54.64277267456055,1
Deanna wasn't thinking about these syntheses.,Deanna wasn't thinking about these synthesis.,morphology,determiner_noun_agreement,determiner_noun_agreement_irregular_1,True,True,False,True,116,-55.08106994628906,-58.6237907409668,1
Carl notices that oasis.,Carl notices that oases.,morphology,determiner_noun_agreement,determiner_noun_agreement_irregular_1,True,True,False,True,117,-44.54880905151367,-48.70573425292969,1
Many customers think about this nucleus.,Many customers think about this nuclei.,morphology,determiner_noun_agreement,determiner_noun_agreement_irregular_1,True,True,False,True,118,-48.540061950683594,-51.84337615966797,1
Clyde hasn't discovered that alumnus.,Clyde hasn't discovered that alumni.,morphology,determiner_noun_agreement,determiner_noun_agreement_irregular_1,True,True,False,True,119,-56.15495300292969,-56.36693572998047,1
Claire finds these geese.,Claire finds these goose.,morphology,determiner_noun_agreement,determiner_noun_agreement_irregular_1,True,True,False,True,120,-42.322147369384766,-45.81352996826172,1
Some patients find those fungi.,Some patients find those fungus.,morphology,determiner_noun_agreement,determiner_noun_agreement_irregular_1,True,True,False,True,121,-44.228050231933594,-46.163543701171875,1
Leslie appreciates these synopses.,Leslie appreciates these synopsis.,morphology,determiner_noun_agreement,determiner_noun_agreement_irregular_1,True,True,False,True,122,-44.26737976074219,-47.05475997924805,1
Every photograph isn't looking like this child.,Every photograph isn't looking like this children.,morphology,determiner_noun_agreement,determiner_noun_agreement_irregular_1,True,True,False,True,123,-54.08451843261719,-57.30852508544922,1
Curtis bored these men.,Curtis bored these man.,morphology,determiner_noun_agreement,determiner_noun_agreement_irregular_1,True,True,False,True,124,-44.89501190185547,-50.436866760253906,1
Rodney was complaining about that synopsis.,Rodney was complaining about that synopses.,morphology,determiner_noun_agreement,determiner_noun_agreement_irregular_1,True,True,False,True,125,-48.93391418457031,-55.69141387939453,1
Marla appreciates those hypotheses.,Marla appreciates those hypothesis.,morphology,determiner_noun_agreement,determiner_noun_agreement_irregular_1,True,True,False,True,126,-50.012550354003906,-53.03755187988281,1
Most actresses don't argue about that hypothesis.,Most actresses don't argue about that hypotheses.,morphology,determiner_noun_agreement,determiner_noun_agreement_irregular_1,True,True,False,True,127,-52.73188781738281,-58.375892639160156,1
Nina was referencing these synopses.,Nina was referencing these synopsis.,morphology,determiner_noun_agreement,determiner_noun_agreement_irregular_1,True,True,False,True,128,-49.40898895263672,-52.11863708496094,1
These teenagers haven't cleaned those lice.,These teenagers haven't cleaned those louse.,morphology,determiner_noun_agreement,determiner_noun_agreement_irregular_1,True,True,False,True,129,-51.632041931152344,-58.79077911376953,1
Dan admired these oases.,Dan admired these oasis.,morphology,determiner_noun_agreement,determiner_noun_agreement_irregular_1,True,True,False,True,130,-45.92194366455078,-48.44244384765625,1
The Lutherans are cleaning this fungus.,The Lutherans are cleaning this fungi.,morphology,determiner_noun_agreement,determiner_noun_agreement_irregular_1,True,True,False,True,131,-52.501426696777344,-57.049644470214844,1
Craig thought about these diagnoses.,Craig thought about these diagnosis.,morphology,determiner_noun_agreement,determiner_noun_agreement_irregular_1,True,True,False,True,132,-42.92854309082031,-46.15472412109375,1
Most drivers argue about this synopsis.,Most drivers argue about this synopses.,morphology,determiner_noun_agreement,determiner_noun_agreement_irregular_1,True,True,False,True,133,-49.30158996582031,-56.73847961425781,1
Sheila should have these axes.,Sheila should have these axis.,morphology,determiner_noun_agreement,determiner_noun_agreement_irregular_1,True,True,False,True,134,-44.685848236083984,-49.74115753173828,1
This child wasn't complaining about this diagnosis.,This child wasn't complaining about this diagnoses.,morphology,determiner_noun_agreement,determiner_noun_agreement_irregular_1,True,True,False,True,135,-50.72976303100586,-56.56722640991211,1
Marcus argued about these ellipses.,Marcus argued about these ellipsis.,morphology,determiner_noun_agreement,determiner_noun_agreement_irregular_1,True,True,False,True,136,-50.647098541259766,-55.63572311401367,1
Dennis is thinking about those phenomena.,Dennis is thinking about those phenomenon.,morphology,determiner_noun_agreement,determiner_noun_agreement_irregular_1,True,True,False,True,137,-46.57155227661133,-48.165550231933594,1
The car embarrasses those men.,The car embarrasses those man.,morphology,determiner_noun_agreement,determiner_noun_agreement_irregular_1,True,True,False,True,138,-45.17373275756836,-48.37701416015625,1
That waiter had these mice.,That waiter had these mouse.,morphology,determiner_noun_agreement,determiner_noun_agreement_irregular_1,True,True,False,True,139,-44.59276580810547,-48.74272918701172,1
A girl hasn't discovered these teeth.,A girl hasn't discovered these tooth.,morphology,determiner_noun_agreement,determiner_noun_agreement_irregular_1,True,True,False,True,140,-49.321754455566406,-55.348663330078125,1
Elaine has boasted about these paralyses.,Elaine has boasted about these paralysis.,morphology,determiner_noun_agreement,determiner_noun_agreement_irregular_1,True,True,False,True,141,-58.33292770385742,-58.515663146972656,1
A lot of waiters complain about this ellipsis.,A lot of waiters complain about this ellipses.,morphology,determiner_noun_agreement,determiner_noun_agreement_irregular_1,True,True,False,True,142,-48.64914321899414,-50.41300964355469,1
All pictures looked like those oxen.,All pictures looked like those ox.,morphology,determiner_noun_agreement,determiner_noun_agreement_irregular_1,True,True,False,True,143,-55.31822204589844,-53.97638702392578,0
Jason wasn't admiring this louse.,Jason wasn't admiring this lice.,morphology,determiner_noun_agreement,determiner_noun_agreement_irregular_1,True,True,False,True,144,-53.09871292114258,-56.22594451904297,1
Margaret wasn't researching those hypotheses.,Margaret wasn't researching those hypothesis.,morphology,determiner_noun_agreement,determiner_noun_agreement_irregular_1,True,True,False,True,145,-49.159420013427734,-52.506248474121094,1
Many adults appreciate those phenomena.,Many adults appreciate those phenomenon.,morphology,determiner_noun_agreement,determiner_noun_agreement_irregular_1,True,True,False,True,146,-45.943077087402344,-47.58127212524414,1
Diane thinks about those octopi.,Diane thinks about those octopus.,morphology,determiner_noun_agreement,determiner_noun_agreement_irregular_1,True,True,False,True,147,-47.88618087768555,-46.65199279785156,0
Patricia should lift these stimuli.,Patricia should lift these stimulus.,morphology,determiner_noun_agreement,determiner_noun_agreement_irregular_1,True,True,False,True,148,-54.30670928955078,-57.8144645690918,1
Some girls have brought those oases.,Some girls have brought those oasis.,morphology,determiner_noun_agreement,determiner_noun_agreement_irregular_1,True,True,False,True,149,-52.57109069824219,-55.55302429199219,1
Bethany could have these octopi.,Bethany could have these octopus.,morphology,determiner_noun_agreement,determiner_noun_agreement_irregular_1,True,True,False,True,150,-53.48744201660156,-51.59474182128906,0
Nina had hidden that mouse.,Nina had hidden that mice.,morphology,determiner_noun_agreement,determiner_noun_agreement_irregular_1,True,True,False,True,151,-45.397377014160156,-48.71086502075195,1
Some person discusses that man.,Some person discusses that men.,morphology,determiner_noun_agreement,determiner_noun_agreement_irregular_1,True,True,False,True,152,-44.3113899230957,-51.03522872924805,1
Adults discover those women.,Adults discover those woman.,morphology,determiner_noun_agreement,determiner_noun_agreement_irregular_1,True,True,False,True,153,-44.315399169921875,-48.624107360839844,1
All ladies have those octopi.,All ladies have those octopus.,morphology,determiner_noun_agreement,determiner_noun_agreement_irregular_1,True,True,False,True,154,-47.81069564819336,-47.412357330322266,0
Stacy will find this thesis.,Stacy will find this theses.,morphology,determiner_noun_agreement,determiner_noun_agreement_irregular_1,True,True,False,True,155,-47.342369079589844,-54.11022186279297,1
Homer likes that woman.,Homer likes that women.,morphology,determiner_noun_agreement,determiner_noun_agreement_irregular_1,True,True,False,True,156,-33.34910583496094,-36.2646484375,1
A hill doesn't impress these people.,A hill doesn't impress these person.,morphology,determiner_noun_agreement,determiner_noun_agreement_irregular_1,True,True,False,True,157,-42.27835464477539,-54.07081604003906,1
Many actresses see this ox.,Many actresses see this oxen.,morphology,determiner_noun_agreement,determiner_noun_agreement_irregular_1,True,True,False,True,158,-50.568607330322266,-55.34686279296875,1
Christine discovers this diagnosis.,Christine discovers this diagnoses.,morphology,determiner_noun_agreement,determiner_noun_agreement_irregular_1,True,True,False,True,159,-41.43140411376953,-47.03321075439453,1
All drivers sound like this person.,All drivers sound like this people.,morphology,determiner_noun_agreement,determiner_noun_agreement_irregular_1,True,True,False,True,160,-41.50946044921875,-43.491546630859375,1
Rose had taken those theses.,Rose had taken those thesis.,morphology,determiner_noun_agreement,determiner_noun_agreement_irregular_1,True,True,False,True,161,-48.61700439453125,-50.4117317199707,1
David thinks about this synthesis.,David thinks about this syntheses.,morphology,determiner_noun_agreement,determiner_noun_agreement_irregular_1,True,True,False,True,162,-44.15414047241211,-50.110137939453125,1
Sabrina discovers these nuclei.,Sabrina discovers these nucleus.,morphology,determiner_noun_agreement,determiner_noun_agreement_irregular_1,True,True,False,True,163,-47.23900604248047,-50.52614974975586,1
Russell had hidden that octopus.,Russell had hidden that octopi.,morphology,determiner_noun_agreement,determiner_noun_agreement_irregular_1,True,True,False,True,164,-48.69508361816406,-54.6182861328125,1
Rebecca is discovering this phenomenon.,Rebecca is discovering this phenomena.,morphology,determiner_noun_agreement,determiner_noun_agreement_irregular_1,True,True,False,True,165,-38.59297561645508,-41.978309631347656,1
Nina wouldn't boast about that ellipsis.,Nina wouldn't boast about that ellipses.,morphology,determiner_noun_agreement,determiner_noun_agreement_irregular_1,True,True,False,True,166,-57.156776428222656,-59.117027282714844,1
The cats scare this woman.,The cats scare this women.,morphology,determiner_noun_agreement,determiner_noun_agreement_irregular_1,True,True,False,True,167,-39.84101867675781,-45.239891052246094,1
Janice finds these nuclei.,Janice finds these nucleus.,morphology,determiner_noun_agreement,determiner_noun_agreement_irregular_1,True,True,False,True,168,-47.82392120361328,-49.91990280151367,1
Cheryl shouldn't complain about that diagnosis.,Cheryl shouldn't complain about that diagnoses.,morphology,determiner_noun_agreement,determiner_noun_agreement_irregular_1,True,True,False,True,169,-46.810081481933594,-53.2352294921875,1
Mitchell won't stun this man.,Mitchell won't stun this men.,morphology,determiner_noun_agreement,determiner_noun_agreement_irregular_1,True,True,False,True,170,-50.66857147216797,-57.39544677734375,1
The Impressionists haven't boasted about this ellipsis.,The Impressionists haven't boasted about this ellipses.,morphology,determiner_noun_agreement,determiner_noun_agreement_irregular_1,True,True,False,True,171,-66.42753601074219,-67.66476440429688,1
All photographs look like those axes.,All photographs look like those axis.,morphology,determiner_noun_agreement,determiner_noun_agreement_irregular_1,True,True,False,True,172,-53.823997497558594,-54.53779602050781,1
That drawing wasn't confusing these people.,That drawing wasn't confusing these person.,morphology,determiner_noun_agreement,determiner_noun_agreement_irregular_1,True,True,False,True,173,-47.81676483154297,-57.78400421142578,1
The teenagers had taken those oxen.,The teenagers had taken those ox.,morphology,determiner_noun_agreement,determiner_noun_agreement_irregular_1,True,True,False,True,174,-56.22793197631836,-54.84111022949219,0
Maria lifted those fungi.,Maria lifted those fungus.,morphology,determiner_noun_agreement,determiner_noun_agreement_irregular_1,True,True,False,True,175,-47.05073928833008,-49.39604949951172,1
Wendy admires that cactus.,Wendy admires that cacti.,morphology,determiner_noun_agreement,determiner_noun_agreement_irregular_1,True,True,False,True,176,-44.951358795166016,-49.51694107055664,1
Jeffrey is admiring that goose.,Jeffrey is admiring that geese.,morphology,determiner_noun_agreement,determiner_noun_agreement_irregular_1,True,True,False,True,177,-45.40298843383789,-47.52192306518555,1
Kevin does discover this mouse.,Kevin does discover this mice.,morphology,determiner_noun_agreement,determiner_noun_agreement_irregular_1,True,True,False,True,178,-47.213584899902344,-51.24299621582031,1
Kimberley should praise that man.,Kimberley should praise that men.,morphology,determiner_noun_agreement,determiner_noun_agreement_irregular_1,True,True,False,True,179,-48.14881896972656,-54.091094970703125,1
Most dresses shouldn't alarm this woman.,Most dresses shouldn't alarm this women.,morphology,determiner_noun_agreement,determiner_noun_agreement_irregular_1,True,True,False,True,180,-51.64725112915039,-56.926536560058594,1
A cafe has aggravated these men.,A cafe has aggravated these man.,morphology,determiner_noun_agreement,determiner_noun_agreement_irregular_1,True,True,False,True,181,-53.36522674560547,-59.65856170654297,1
Helen hasn't sold this axis.,Helen hasn't sold this axes.,morphology,determiner_noun_agreement,determiner_noun_agreement_irregular_1,True,True,False,True,182,-52.753265380859375,-55.41505432128906,1
A lot of students break this foot.,A lot of students break this feet.,morphology,determiner_noun_agreement,determiner_noun_agreement_irregular_1,True,True,False,True,183,-43.490272521972656,-50.192237854003906,1
Deanna embarrassed those alumni.,Deanna embarrassed those alumnus.,morphology,determiner_noun_agreement,determiner_noun_agreement_irregular_1,True,True,False,True,184,-52.74817657470703,-56.05582046508789,1
Gerald has concealed these synopses.,Gerald has concealed these synopsis.,morphology,determiner_noun_agreement,determiner_noun_agreement_irregular_1,True,True,False,True,185,-50.81443786621094,-51.67706298828125,1
Alicia hid that fungus.,Alicia hid that fungi.,morphology,determiner_noun_agreement,determiner_noun_agreement_irregular_1,True,True,False,True,186,-43.504425048828125,-47.08062744140625,1
Susan talks about this analysis.,Susan talks about this analyses.,morphology,determiner_noun_agreement,determiner_noun_agreement_irregular_1,True,True,False,True,187,-38.28224182128906,-45.79545593261719,1
A lot of men couldn't praise these synopses.,A lot of men couldn't praise these synopsis.,morphology,determiner_noun_agreement,determiner_noun_agreement_irregular_1,True,True,False,True,188,-62.36166763305664,-62.88475799560547,1
Some waiters hide these mice.,Some waiters hide these mouse.,morphology,determiner_noun_agreement,determiner_noun_agreement_irregular_1,True,True,False,True,189,-48.9270133972168,-53.757720947265625,1
A lot of cashiers cleaned those lice.,A lot of cashiers cleaned those louse.,morphology,determiner_noun_agreement,determiner_noun_agreement_irregular_1,True,True,False,True,190,-58.40686798095703,-65.81092834472656,1
Kayla can research those crises.,Kayla can research those crisis.,morphology,determiner_noun_agreement,determiner_noun_agreement_irregular_1,True,True,False,True,191,-55.34648513793945,-57.84351348876953,1
The Lutherans think about that ellipsis.,The Lutherans think about that ellipses.,morphology,determiner_noun_agreement,determiner_noun_agreement_irregular_1,True,True,False,True,192,-55.36903381347656,-56.258567810058594,1
The men break these feet.,The men break these foot.,morphology,determiner_noun_agreement,determiner_noun_agreement_irregular_1,True,True,False,True,193,-42.55927276611328,-45.41853332519531,1
A company doesn't upset this woman.,A company doesn't upset this women.,morphology,determiner_noun_agreement,determiner_noun_agreement_irregular_1,True,True,False,True,194,-43.3995361328125,-47.732818603515625,1
April complained about this thesis.,April complained about this theses.,morphology,determiner_noun_agreement,determiner_noun_agreement_irregular_1,True,True,False,True,195,-47.56914138793945,-53.44611740112305,1
Emily insults that oasis.,Emily insults that oases.,morphology,determiner_noun_agreement,determiner_noun_agreement_irregular_1,True,True,False,True,196,-47.68104553222656,-53.788665771484375,1
That guy has thought about those syntheses.,That guy has thought about those synthesis.,morphology,determiner_noun_agreement,determiner_noun_agreement_irregular_1,True,True,False,True,197,-54.677032470703125,-54.023746490478516,0
Sarah should argue about that child.,Sarah should argue about that children.,morphology,determiner_noun_agreement,determiner_noun_agreement_irregular_1,True,True,False,True,198,-47.26317596435547,-50.41774368286133,1
The adults appreciate these alumni.,The adults appreciate these alumnus.,morphology,determiner_noun_agreement,determiner_noun_agreement_irregular_1,True,True,False,True,199,-46.827659606933594,-54.4312744140625,1
Amy shouldn't bring those fungi.,Amy shouldn't bring those fungus.,morphology,determiner_noun_agreement,determiner_noun_agreement_irregular_1,True,True,False,True,200,-52.21821594238281,-53.375762939453125,1
April can talk about these synopses.,April can talk about these synopsis.,morphology,determiner_noun_agreement,determiner_noun_agreement_irregular_1,True,True,False,True,201,-55.99580383300781,-57.098453521728516,1
Many waitresses appreciate that ellipsis.,Many waitresses appreciate that ellipses.,morphology,determiner_noun_agreement,determiner_noun_agreement_irregular_1,True,True,False,True,202,-49.95817184448242,-51.87881088256836,1
Benjamin couldn't sell that stimulus.,Benjamin couldn't sell that stimuli.,morphology,determiner_noun_agreement,determiner_noun_agreement_irregular_1,True,True,False,True,203,-47.816551208496094,-51.50837326049805,1
Many customers weren't alarming this man.,Many customers weren't alarming this men.,morphology,determiner_noun_agreement,determiner_noun_agreement_irregular_1,True,True,False,True,204,-58.7498893737793,-66.8719482421875,1
That senator did hide this fungus.,That senator did hide this fungi.,morphology,determiner_noun_agreement,determiner_noun_agreement_irregular_1,True,True,False,True,205,-57.14434051513672,-60.58714294433594,1
Every waitress wasn't arguing about these bases.,Every waitress wasn't arguing about these basis.,morphology,determiner_noun_agreement,determiner_noun_agreement_irregular_1,True,True,False,True,206,-62.44293212890625,-67.96742248535156,1
Amanda was boasting about that paralysis.,Amanda was boasting about that paralyses.,morphology,determiner_noun_agreement,determiner_noun_agreement_irregular_1,True,True,False,True,207,-51.38648223876953,-61.46745300292969,1
Liam isn't hiding these octopi.,Liam isn't hiding these octopus.,morphology,determiner_noun_agreement,determiner_noun_agreement_irregular_1,True,True,False,True,208,-53.985450744628906,-53.700538635253906,0
Clyde complained about this synthesis.,Clyde complained about this syntheses.,morphology,determiner_noun_agreement,determiner_noun_agreement_irregular_1,True,True,False,True,209,-49.32752227783203,-54.87303161621094,1
Sally cured those octopi.,Sally cured those octopus.,morphology,determiner_noun_agreement,determiner_noun_agreement_irregular_1,True,True,False,True,210,-50.3758430480957,-48.68238830566406,0
Charles discovers these diagnoses.,Charles discovers these diagnosis.,morphology,determiner_noun_agreement,determiner_noun_agreement_irregular_1,True,True,False,True,211,-48.144676208496094,-51.38759231567383,1
Guys have that cactus.,Guys have that cacti.,morphology,determiner_noun_agreement,determiner_noun_agreement_irregular_1,True,True,False,True,212,-38.877357482910156,-41.33745574951172,1
Carmen attacks these children.,Carmen attacks these child.,morphology,determiner_noun_agreement,determiner_noun_agreement_irregular_1,True,True,False,True,213,-41.155948638916016,-48.01329040527344,1
Cynthia took these oases.,Cynthia took these oasis.,morphology,determiner_noun_agreement,determiner_noun_agreement_irregular_1,True,True,False,True,214,-47.43437576293945,-48.82533264160156,1
Edward wasn't taking that foot.,Edward wasn't taking that feet.,morphology,determiner_noun_agreement,determiner_noun_agreement_irregular_1,True,True,False,True,215,-45.86695861816406,-51.20026397705078,1
Grace didn't complain about these theses.,Grace didn't complain about these thesis.,morphology,determiner_noun_agreement,determiner_noun_agreement_irregular_1,True,True,False,True,216,-51.01626968383789,-53.70901107788086,1
Vincent saw those axes.,Vincent saw those axis.,morphology,determiner_noun_agreement,determiner_noun_agreement_irregular_1,True,True,False,True,217,-43.20198440551758,-49.589698791503906,1
Laura isn't healing those people.,Laura isn't healing those person.,morphology,determiner_noun_agreement,determiner_noun_agreement_irregular_1,True,True,False,True,218,-44.62377166748047,-53.56915283203125,1
Carla wouldn't remember that child.,Carla wouldn't remember that children.,morphology,determiner_noun_agreement,determiner_noun_agreement_irregular_1,True,True,False,True,219,-43.519561767578125,-50.050697326660156,1
Alicia has boasted about these phenomena.,Alicia has boasted about these phenomenon.,morphology,determiner_noun_agreement,determiner_noun_agreement_irregular_1,True,True,False,True,220,-51.48775863647461,-52.58809280395508,1
Sherry cures this ox.,Sherry cures this oxen.,morphology,determiner_noun_agreement,determiner_noun_agreement_irregular_1,True,True,False,True,221,-51.773109436035156,-56.78098678588867,1
Renee is discovering these ellipses.,Renee is discovering these ellipsis.,morphology,determiner_noun_agreement,determiner_noun_agreement_irregular_1,True,True,False,True,222,-49.194091796875,-54.04911422729492,1
Russell concealed those feet.,Russell concealed those foot.,morphology,determiner_noun_agreement,determiner_noun_agreement_irregular_1,True,True,False,True,223,-44.32232666015625,-47.65797424316406,1
This rug annoyed this person.,This rug annoyed this people.,morphology,determiner_noun_agreement,determiner_noun_agreement_irregular_1,True,True,False,True,224,-47.728031158447266,-52.06382751464844,1
Jill admires these mice.,Jill admires these mouse.,morphology,determiner_noun_agreement,determiner_noun_agreement_irregular_1,True,True,False,True,225,-43.315269470214844,-49.08501434326172,1
Daniel hadn't loved that analysis.,Daniel hadn't loved that analyses.,morphology,determiner_noun_agreement,determiner_noun_agreement_irregular_1,True,True,False,True,226,-47.488739013671875,-54.94810485839844,1
Teenagers find these teeth.,Teenagers find these tooth.,morphology,determiner_noun_agreement,determiner_noun_agreement_irregular_1,True,True,False,True,227,-41.151206970214844,-46.94221878051758,1
Sally hasn't complained about this woman.,Sally hasn't complained about this women.,morphology,determiner_noun_agreement,determiner_noun_agreement_irregular_1,True,True,False,True,228,-40.091033935546875,-45.52301025390625,1
Jane hasn't noticed those octopi.,Jane hasn't noticed those octopus.,morphology,determiner_noun_agreement,determiner_noun_agreement_irregular_1,True,True,False,True,229,-47.7479362487793,-48.30326843261719,1
Michelle had admired that louse.,Michelle had admired that lice.,morphology,determiner_noun_agreement,determiner_noun_agreement_irregular_1,True,True,False,True,230,-51.35673904418945,-53.90392303466797,1
Beth boasted about that medium.,Beth boasted about that media.,morphology,determiner_noun_agreement,determiner_noun_agreement_irregular_1,True,True,False,True,231,-50.44749450683594,-51.15790557861328,1
Nicole wasn't hiding these oxen.,Nicole wasn't hiding these ox.,morphology,determiner_noun_agreement,determiner_noun_agreement_irregular_1,True,True,False,True,232,-55.128482818603516,-56.21103286743164,1
Ann thinks about this phenomenon.,Ann thinks about this phenomena.,morphology,determiner_noun_agreement,determiner_noun_agreement_irregular_1,True,True,False,True,233,-40.129783630371094,-43.258487701416016,1
Most associations boast about those media.,Most associations boast about those medium.,morphology,determiner_noun_agreement,determiner_noun_agreement_irregular_1,True,True,False,True,234,-55.52852249145508,-58.8984260559082,1
Grace admires these mice.,Grace admires these mouse.,morphology,determiner_noun_agreement,determiner_noun_agreement_irregular_1,True,True,False,True,235,-40.356292724609375,-46.289512634277344,1
Grace hasn't concealed those feet.,Grace hasn't concealed those foot.,morphology,determiner_noun_agreement,determiner_noun_agreement_irregular_1,True,True,False,True,236,-48.33068084716797,-54.16680145263672,1
These ladies left these children.,These ladies left these child.,morphology,determiner_noun_agreement,determiner_noun_agreement_irregular_1,True,True,False,True,237,-44.720855712890625,-47.73890686035156,1
Wendy hasn't researched that diagnosis.,Wendy hasn't researched that diagnoses.,morphology,determiner_noun_agreement,determiner_noun_agreement_irregular_1,True,True,False,True,238,-50.173377990722656,-55.04551696777344,1
Gary researches that ellipsis.,Gary researches that ellipses.,morphology,determiner_noun_agreement,determiner_noun_agreement_irregular_1,True,True,False,True,239,-52.29668426513672,-53.80738830566406,1
Keith wasn't arguing about that analysis.,Keith wasn't arguing about that analyses.,morphology,determiner_noun_agreement,determiner_noun_agreement_irregular_1,True,True,False,True,240,-47.227073669433594,-55.492881774902344,1
Aaron did have that oasis.,Aaron did have that oases.,morphology,determiner_noun_agreement,determiner_noun_agreement_irregular_1,True,True,False,True,241,-45.00640869140625,-50.7318000793457,1
A lot of cucumbers scare these men.,A lot of cucumbers scare these man.,morphology,determiner_noun_agreement,determiner_noun_agreement_irregular_1,True,True,False,True,242,-50.26416778564453,-56.62685012817383,1
Meredith hasn't argued about this medium.,Meredith hasn't argued about this media.,morphology,determiner_noun_agreement,determiner_noun_agreement_irregular_1,True,True,False,True,243,-50.87885284423828,-51.14983367919922,1
The students break those teeth.,The students break those tooth.,morphology,determiner_noun_agreement,determiner_noun_agreement_irregular_1,True,True,False,True,244,-41.96908950805664,-49.970985412597656,1
Every girl thinks about these fungi.,Every girl thinks about these fungus.,morphology,determiner_noun_agreement,determiner_noun_agreement_irregular_1,True,True,False,True,245,-45.59883117675781,-47.463417053222656,1
Grace revealed that mouse.,Grace revealed that mice.,morphology,determiner_noun_agreement,determiner_noun_agreement_irregular_1,True,True,False,True,246,-41.48783493041992,-44.04621887207031,1
Kevin concealed these people.,Kevin concealed these person.,morphology,determiner_noun_agreement,determiner_noun_agreement_irregular_1,True,True,False,True,247,-42.478397369384766,-51.049705505371094,1
Judy does lift that fungus.,Judy does lift that fungi.,morphology,determiner_noun_agreement,determiner_noun_agreement_irregular_1,True,True,False,True,248,-51.39246368408203,-55.50205993652344,1
Windows annoy those men.,Windows annoy those man.,morphology,determiner_noun_agreement,determiner_noun_agreement_irregular_1,True,True,False,True,249,-39.00364685058594,-45.648651123046875,1
Karen hated these synopses.,Karen hated these synopsis.,morphology,determiner_noun_agreement,determiner_noun_agreement_irregular_1,True,True,False,True,250,-46.095001220703125,-49.71498107910156,1
Catherine finds this goose.,Catherine finds this geese.,morphology,determiner_noun_agreement,determiner_noun_agreement_irregular_1,True,True,False,True,251,-42.1825065612793,-44.82061004638672,1
Many banks had hated those men.,Many banks had hated those man.,morphology,determiner_noun_agreement,determiner_noun_agreement_irregular_1,True,True,False,True,252,-50.013755798339844,-57.499610900878906,1
Some actors did admire that child.,Some actors did admire that children.,morphology,determiner_noun_agreement,determiner_noun_agreement_irregular_1,True,True,False,True,253,-51.77922058105469,-54.92446517944336,1
Stephen discovered that medium.,Stephen discovered that media.,morphology,determiner_noun_agreement,determiner_noun_agreement_irregular_1,True,True,False,True,254,-41.524513244628906,-41.28489303588867,0
All ladies confuse that man.,All ladies confuse that men.,morphology,determiner_noun_agreement,determiner_noun_agreement_irregular_1,True,True,False,True,255,-45.22019958496094,-46.9036865234375,1
Most senators see those alumni.,Most senators see those alumnus.,morphology,determiner_noun_agreement,determiner_noun_agreement_irregular_1,True,True,False,True,256,-50.868804931640625,-56.197105407714844,1
Emily is appreciating this phenomenon.,Emily is appreciating this phenomena.,morphology,determiner_noun_agreement,determiner_noun_agreement_irregular_1,True,True,False,True,257,-41.49388122558594,-44.647605895996094,1
George couldn't discuss this synopsis.,George couldn't discuss this synopses.,morphology,determiner_noun_agreement,determiner_noun_agreement_irregular_1,True,True,False,True,258,-50.30720520019531,-57.206119537353516,1
Victoria did hurt these men.,Victoria did hurt these man.,morphology,determiner_noun_agreement,determiner_noun_agreement_irregular_1,True,True,False,True,259,-45.56275177001953,-50.332698822021484,1
Karla appreciates these syntheses.,Karla appreciates these synthesis.,morphology,determiner_noun_agreement,determiner_noun_agreement_irregular_1,True,True,False,True,260,-47.71222686767578,-50.98756408691406,1
Michael would hide that tooth.,Michael would hide that teeth.,morphology,determiner_noun_agreement,determiner_noun_agreement_irregular_1,True,True,False,True,261,-43.05497360229492,-45.17066192626953,1
Vincent wasn't appreciating these crises.,Vincent wasn't appreciating these crisis.,morphology,determiner_noun_agreement,determiner_noun_agreement_irregular_1,True,True,False,True,262,-53.62770462036133,-56.96377182006836,1
Carol was concealing that mouse.,Carol was concealing that mice.,morphology,determiner_noun_agreement,determiner_noun_agreement_irregular_1,True,True,False,True,263,-49.48691940307617,-53.93895721435547,1
Brenda revealed that nucleus.,Brenda revealed that nuclei.,morphology,determiner_noun_agreement,determiner_noun_agreement_irregular_1,True,True,False,True,264,-45.573326110839844,-48.145103454589844,1
Kathleen is researching this stimulus.,Kathleen is researching this stimuli.,morphology,determiner_noun_agreement,determiner_noun_agreement_irregular_1,True,True,False,True,265,-48.72632598876953,-51.98903274536133,1
Matt forgot those children.,Matt forgot those child.,morphology,determiner_noun_agreement,determiner_noun_agreement_irregular_1,True,True,False,True,266,-40.34622573852539,-45.34616470336914,1
Nicole had remembered those analyses.,Nicole had remembered those analysis.,morphology,determiner_noun_agreement,determiner_noun_agreement_irregular_1,True,True,False,True,267,-50.123111724853516,-52.956932067871094,1
Amy argued about that oasis.,Amy argued about that oases.,morphology,determiner_noun_agreement,determiner_noun_agreement_irregular_1,True,True,False,True,268,-48.61091613769531,-54.3179931640625,1
Elizabeth has seen those children.,Elizabeth has seen those child.,morphology,determiner_noun_agreement,determiner_noun_agreement_irregular_1,True,True,False,True,269,-38.579566955566406,-43.89825439453125,1
Monica wouldn't forget those children.,Monica wouldn't forget those child.,morphology,determiner_noun_agreement,determiner_noun_agreement_irregular_1,True,True,False,True,270,-43.22163009643555,-49.6052360534668,1
Naomi wouldn't bring that stimulus.,Naomi wouldn't bring that stimuli.,morphology,determiner_noun_agreement,determiner_noun_agreement_irregular_1,True,True,False,True,271,-53.8509521484375,-57.462886810302734,1
That actress can discover that synthesis.,That actress can discover that syntheses.,morphology,determiner_noun_agreement,determiner_noun_agreement_irregular_1,True,True,False,True,272,-55.50926208496094,-61.527618408203125,1
Tonya can boast about these hypotheses.,Tonya can boast about these hypothesis.,morphology,determiner_noun_agreement,determiner_noun_agreement_irregular_1,True,True,False,True,273,-59.46723175048828,-62.61164093017578,1
Many hospitals boast about that ellipsis.,Many hospitals boast about that ellipses.,morphology,determiner_noun_agreement,determiner_noun_agreement_irregular_1,True,True,False,True,274,-53.224464416503906,-55.056739807128906,1
Tamara was buying this fungus.,Tamara was buying this fungi.,morphology,determiner_noun_agreement,determiner_noun_agreement_irregular_1,True,True,False,True,275,-47.245201110839844,-49.908782958984375,1
Most drivers discover these people.,Most drivers discover these person.,morphology,determiner_noun_agreement,determiner_noun_agreement_irregular_1,True,True,False,True,276,-40.756568908691406,-48.44731140136719,1
Jason isn't arguing about that hypothesis.,Jason isn't arguing about that hypotheses.,morphology,determiner_noun_agreement,determiner_noun_agreement_irregular_1,True,True,False,True,277,-45.75890350341797,-52.01711654663086,1
Some cashiers conceal these synopses.,Some cashiers conceal these synopsis.,morphology,determiner_noun_agreement,determiner_noun_agreement_irregular_1,True,True,False,True,278,-60.03278732299805,-61.40061950683594,1
The women hire this woman.,The women hire this women.,morphology,determiner_noun_agreement,determiner_noun_agreement_irregular_1,True,True,False,True,279,-36.83709716796875,-40.451499938964844,1
Every government had bought that stimulus.,Every government had bought that stimuli.,morphology,determiner_noun_agreement,determiner_noun_agreement_irregular_1,True,True,False,True,280,-54.07953643798828,-59.38054275512695,1
A university didn't sell those mice.,A university didn't sell those mouse.,morphology,determiner_noun_agreement,determiner_noun_agreement_irregular_1,True,True,False,True,281,-45.218833923339844,-51.136962890625,1
Vanessa is boasting about these paralyses.,Vanessa is boasting about these paralysis.,morphology,determiner_noun_agreement,determiner_noun_agreement_irregular_1,True,True,False,True,282,-56.06733703613281,-58.27638244628906,1
Angela did hide these feet.,Angela did hide these foot.,morphology,determiner_noun_agreement,determiner_noun_agreement_irregular_1,True,True,False,True,283,-48.82752990722656,-53.56459045410156,1
Danielle hadn't seen that nucleus.,Danielle hadn't seen that nuclei.,morphology,determiner_noun_agreement,determiner_noun_agreement_irregular_1,True,True,False,True,284,-51.155052185058594,-55.0107421875,1
The Impressionists liked these feet.,The Impressionists liked these foot.,morphology,determiner_noun_agreement,determiner_noun_agreement_irregular_1,True,True,False,True,285,-46.99784851074219,-51.58163833618164,1
Tonya wasn't discovering those diagnoses.,Tonya wasn't discovering those diagnosis.,morphology,determiner_noun_agreement,determiner_noun_agreement_irregular_1,True,True,False,True,286,-58.10564041137695,-60.91183853149414,1
Anna discovered this phenomenon.,Anna discovered this phenomena.,morphology,determiner_noun_agreement,determiner_noun_agreement_irregular_1,True,True,False,True,287,-35.2208137512207,-38.81472396850586,1
Suzanne doesn't bring those lice.,Suzanne doesn't bring those louse.,morphology,determiner_noun_agreement,determiner_noun_agreement_irregular_1,True,True,False,True,288,-49.90354919433594,-56.322208404541016,1
Most teachers appreciate those crises.,Most teachers appreciate those crisis.,morphology,determiner_noun_agreement,determiner_noun_agreement_irregular_1,True,True,False,True,289,-43.5186767578125,-47.06539535522461,1
The man boasted about that hypothesis.,The man boasted about that hypotheses.,morphology,determiner_noun_agreement,determiner_noun_agreement_irregular_1,True,True,False,True,290,-43.95913314819336,-49.850460052490234,1
Kayla hates this woman.,Kayla hates this women.,morphology,determiner_noun_agreement,determiner_noun_agreement_irregular_1,True,True,False,True,291,-34.86436080932617,-38.77497863769531,1
Women insult that oasis.,Women insult that oases.,morphology,determiner_noun_agreement,determiner_noun_agreement_irregular_1,True,True,False,True,292,-44.98877716064453,-50.89436340332031,1
Stacey hadn't thought about this ox.,Stacey hadn't thought about this oxen.,morphology,determiner_noun_agreement,determiner_noun_agreement_irregular_1,True,True,False,True,293,-50.52019119262695,-54.491355895996094,1
Joseph wasn't talking to this child.,Joseph wasn't talking to this children.,morphology,determiner_noun_agreement,determiner_noun_agreement_irregular_1,True,True,False,True,294,-39.48096466064453,-44.32823944091797,1
Keith was admiring that mouse.,Keith was admiring that mice.,morphology,determiner_noun_agreement,determiner_noun_agreement_irregular_1,True,True,False,True,295,-44.98886489868164,-51.68351745605469,1
Kathleen did notice this fungus.,Kathleen did notice this fungi.,morphology,determiner_noun_agreement,determiner_noun_agreement_irregular_1,True,True,False,True,296,-49.345359802246094,-52.98109817504883,1
A drawing bothers this woman.,A drawing bothers this women.,morphology,determiner_noun_agreement,determiner_noun_agreement_irregular_1,True,True,False,True,297,-42.900272369384766,-48.032249450683594,1
Nancy hasn't complained about these ellipses.,Nancy hasn't complained about these ellipsis.,morphology,determiner_noun_agreement,determiner_noun_agreement_irregular_1,True,True,False,True,298,-50.38752746582031,-56.50233840942383,1
Stacey brought this axis.,Stacey brought this axes.,morphology,determiner_noun_agreement,determiner_noun_agreement_irregular_1,True,True,False,True,299,-49.289886474609375,-49.19053649902344,0
That actor wasn't complaining about this ellipsis.,That actor wasn't complaining about this ellipses.,morphology,determiner_noun_agreement,determiner_noun_agreement_irregular_1,True,True,False,True,300,-54.86268615722656,-57.46589279174805,1
Elizabeth didn't discover this medium.,Elizabeth didn't discover this media.,morphology,determiner_noun_agreement,determiner_noun_agreement_irregular_1,True,True,False,True,301,-47.976444244384766,-47.15056228637695,0
Senators think about these nuclei.,Senators think about these nucleus.,morphology,determiner_noun_agreement,determiner_noun_agreement_irregular_1,True,True,False,True,302,-47.748504638671875,-51.046722412109375,1
Judy was thinking about those crises.,Judy was thinking about those crisis.,morphology,determiner_noun_agreement,determiner_noun_agreement_irregular_1,True,True,False,True,303,-43.97549819946289,-45.78350067138672,1
Alicia thought about these women.,Alicia thought about these woman.,morphology,determiner_noun_agreement,determiner_noun_agreement_irregular_1,True,True,False,True,304,-41.186614990234375,-45.97432327270508,1
Donald thinks about that phenomenon.,Donald thinks about that phenomena.,morphology,determiner_noun_agreement,determiner_noun_agreement_irregular_1,True,True,False,True,305,-40.181434631347656,-42.90599822998047,1
Some driver hasn't hidden this fungus.,Some driver hasn't hidden this fungi.,morphology,determiner_noun_agreement,determiner_noun_agreement_irregular_1,True,True,False,True,306,-59.65559768676758,-62.361106872558594,1
Some dancer brought that nucleus.,Some dancer brought that nuclei.,morphology,determiner_noun_agreement,determiner_noun_agreement_irregular_1,True,True,False,True,307,-51.45103454589844,-57.318878173828125,1
Alan isn't complaining about those syntheses.,Alan isn't complaining about those synthesis.,morphology,determiner_noun_agreement,determiner_noun_agreement_irregular_1,True,True,False,True,308,-52.100589752197266,-55.05275344848633,1
Steve isn't thinking about this goose.,Steve isn't thinking about this geese.,morphology,determiner_noun_agreement,determiner_noun_agreement_irregular_1,True,True,False,True,309,-46.660369873046875,-48.59333801269531,1
Candice didn't think about that synthesis.,Candice didn't think about that syntheses.,morphology,determiner_noun_agreement,determiner_noun_agreement_irregular_1,True,True,False,True,310,-51.812782287597656,-56.386741638183594,1
A lot of cafes haven't worried these children.,A lot of cafes haven't worried these child.,morphology,determiner_noun_agreement,determiner_noun_agreement_irregular_1,True,True,False,True,311,-62.12141036987305,-70.351318359375,1
All women boast about this synthesis.,All women boast about this syntheses.,morphology,determiner_noun_agreement,determiner_noun_agreement_irregular_1,True,True,False,True,312,-47.91764450073242,-54.156349182128906,1
Susan isn't researching that synthesis.,Susan isn't researching that syntheses.,morphology,determiner_noun_agreement,determiner_noun_agreement_irregular_1,True,True,False,True,313,-53.603981018066406,-60.07176208496094,1
Claire wouldn't hide this louse.,Claire wouldn't hide this lice.,morphology,determiner_noun_agreement,determiner_noun_agreement_irregular_1,True,True,False,True,314,-52.03904342651367,-51.7239875793457,0
Kathleen had researched these paralyses.,Kathleen had researched these paralysis.,morphology,determiner_noun_agreement,determiner_noun_agreement_irregular_1,True,True,False,True,315,-52.987525939941406,-53.6159782409668,1
Victoria had boasted about that hypothesis.,Victoria had boasted about that hypotheses.,morphology,determiner_noun_agreement,determiner_noun_agreement_irregular_1,True,True,False,True,316,-50.30134963989258,-56.227783203125,1
Marla cleaned this tooth.,Marla cleaned this teeth.,morphology,determiner_noun_agreement,determiner_noun_agreement_irregular_1,True,True,False,True,317,-45.931026458740234,-49.529502868652344,1
These tomatoes aggravate those people.,These tomatoes aggravate those person.,morphology,determiner_noun_agreement,determiner_noun_agreement_irregular_1,True,True,False,True,318,-48.55499267578125,-55.048736572265625,1
Benjamin discovered that phenomenon.,Benjamin discovered that phenomena.,morphology,determiner_noun_agreement,determiner_noun_agreement_irregular_1,True,True,False,True,319,-38.150291442871094,-39.3992919921875,1
These libraries haven't discussed this child.,These libraries haven't discussed this children.,morphology,determiner_noun_agreement,determiner_noun_agreement_irregular_1,True,True,False,True,320,-51.07501983642578,-56.67790603637695,1
Melanie isn't appreciating that synopsis.,Melanie isn't appreciating that synopses.,morphology,determiner_noun_agreement,determiner_noun_agreement_irregular_1,True,True,False,True,321,-53.42732238769531,-59.79206848144531,1
Andrea did annoy those people.,Andrea did annoy those person.,morphology,determiner_noun_agreement,determiner_noun_agreement_irregular_1,True,True,False,True,322,-42.78329849243164,-52.78517150878906,1
These waitresses bothers these people.,These waitresses bothers these person.,morphology,determiner_noun_agreement,determiner_noun_agreement_irregular_1,True,True,False,True,323,-49.64952850341797,-57.044979095458984,1
Karen boasts about those men.,Karen boasts about those man.,morphology,determiner_noun_agreement,determiner_noun_agreement_irregular_1,True,True,False,True,324,-46.186866760253906,-50.60535430908203,1
Matt will appreciate that paralysis.,Matt will appreciate that paralyses.,morphology,determiner_noun_agreement,determiner_noun_agreement_irregular_1,True,True,False,True,325,-47.88981628417969,-54.339569091796875,1
These pedestrians were messing up these feet.,These pedestrians were messing up these foot.,morphology,determiner_noun_agreement,determiner_noun_agreement_irregular_1,True,True,False,True,326,-51.72899627685547,-55.02339172363281,1
Rhonda has complained about those children.,Rhonda has complained about those child.,morphology,determiner_noun_agreement,determiner_noun_agreement_irregular_1,True,True,False,True,327,-47.02449417114258,-51.76325225830078,1
All customers had complained about this medium.,All customers had complained about this media.,morphology,determiner_noun_agreement,determiner_noun_agreement_irregular_1,True,True,False,True,328,-48.45603942871094,-48.22586441040039,0
Every sweater can't astound those men.,Every sweater can't astound those man.,morphology,determiner_noun_agreement,determiner_noun_agreement_irregular_1,True,True,False,True,329,-61.39821243286133,-67.48267364501953,1
Florence hasn't revealed that oasis.,Florence hasn't revealed that oases.,morphology,determiner_noun_agreement,determiner_noun_agreement_irregular_1,True,True,False,True,330,-57.633148193359375,-60.984642028808594,1
Schools argued about that hypothesis.,Schools argued about that hypotheses.,morphology,determiner_noun_agreement,determiner_noun_agreement_irregular_1,True,True,False,True,331,-43.73413848876953,-49.283851623535156,1
Phillip saw those fungi.,Phillip saw those fungus.,morphology,determiner_noun_agreement,determiner_noun_agreement_irregular_1,True,True,False,True,332,-45.740421295166016,-49.67583084106445,1
Melissa is appreciating those bases.,Melissa is appreciating those basis.,morphology,determiner_noun_agreement,determiner_noun_agreement_irregular_1,True,True,False,True,333,-49.49205017089844,-53.22367858886719,1
Some college campus disgusts this alumnus.,Some college campus disgusts this alumni.,morphology,determiner_noun_agreement,determiner_noun_agreement_irregular_1,True,True,False,True,334,-57.31695556640625,-59.50747299194336,1
These museums admire that man.,These museums admire that men.,morphology,determiner_noun_agreement,determiner_noun_agreement_irregular_1,True,True,False,True,335,-44.83006286621094,-50.25145721435547,1
Stacey thinks about these stimuli.,Stacey thinks about these stimulus.,morphology,determiner_noun_agreement,determiner_noun_agreement_irregular_1,True,True,False,True,336,-44.50634002685547,-49.669254302978516,1
Many actors weren't boasting about those media.,Many actors weren't boasting about those medium.,morphology,determiner_noun_agreement,determiner_noun_agreement_irregular_1,True,True,False,True,337,-62.26493453979492,-66.03024291992188,1
Kayla hadn't observed those men.,Kayla hadn't observed those man.,morphology,determiner_noun_agreement,determiner_noun_agreement_irregular_1,True,True,False,True,338,-46.99223327636719,-53.896568298339844,1
Ann embarrassed those men.,Ann embarrassed those man.,morphology,determiner_noun_agreement,determiner_noun_agreement_irregular_1,True,True,False,True,339,-43.75621032714844,-48.60974884033203,1
Pamela hadn't boasted about these phenomena.,Pamela hadn't boasted about these phenomenon.,morphology,determiner_noun_agreement,determiner_noun_agreement_irregular_1,True,True,False,True,340,-56.6307373046875,-58.97473907470703,1
Kendra thinks about those bases.,Kendra thinks about those basis.,morphology,determiner_noun_agreement,determiner_noun_agreement_irregular_1,True,True,False,True,341,-46.0213623046875,-51.587623596191406,1
Susan remembered this person.,Susan remembered this people.,morphology,determiner_noun_agreement,determiner_noun_agreement_irregular_1,True,True,False,True,342,-35.59624481201172,-38.762142181396484,1
Some adult doesn't notice these cacti.,Some adult doesn't notice these cactus.,morphology,determiner_noun_agreement,determiner_noun_agreement_irregular_1,True,True,False,True,343,-54.43487548828125,-56.7304573059082,1
Many customers like these theses.,Many customers like these thesis.,morphology,determiner_noun_agreement,determiner_noun_agreement_irregular_1,True,True,False,True,344,-45.095951080322266,-45.71260070800781,1
Some skateboards hadn't embarrassed this person.,Some skateboards hadn't embarrassed this people.,morphology,determiner_noun_agreement,determiner_noun_agreement_irregular_1,True,True,False,True,345,-62.98966979980469,-66.37748718261719,1
Guy is alarming this person.,Guy is alarming this people.,morphology,determiner_noun_agreement,determiner_noun_agreement_irregular_1,True,True,False,True,346,-42.425228118896484,-44.201263427734375,1
Paul hadn't brought those mice.,Paul hadn't brought those mouse.,morphology,determiner_noun_agreement,determiner_noun_agreement_irregular_1,True,True,False,True,347,-45.65022277832031,-50.79738235473633,1
Suzanne can't hide this nucleus.,Suzanne can't hide this nuclei.,morphology,determiner_noun_agreement,determiner_noun_agreement_irregular_1,True,True,False,True,348,-51.510108947753906,-55.69955062866211,1
The painting looks like this fungus.,The painting looks like this fungi.,morphology,determiner_noun_agreement,determiner_noun_agreement_irregular_1,True,True,False,True,349,-41.25489807128906,-44.025360107421875,1
Literature bores that person.,Literature bores that people.,morphology,determiner_noun_agreement,determiner_noun_agreement_irregular_1,True,True,False,True,350,-46.49455261230469,-43.96647262573242,0
Douglas complained about that alumnus.,Douglas complained about that alumni.,morphology,determiner_noun_agreement,determiner_noun_agreement_irregular_1,True,True,False,True,351,-49.3070068359375,-49.99058151245117,1
Beverly remembered those children.,Beverly remembered those child.,morphology,determiner_noun_agreement,determiner_noun_agreement_irregular_1,True,True,False,True,352,-38.96973419189453,-45.49544143676758,1
The ladies respect that oasis.,The ladies respect that oases.,morphology,determiner_noun_agreement,determiner_noun_agreement_irregular_1,True,True,False,True,353,-48.596046447753906,-54.166561126708984,1
Sheila reveals those children.,Sheila reveals those child.,morphology,determiner_noun_agreement,determiner_noun_agreement_irregular_1,True,True,False,True,354,-41.39713668823242,-43.775306701660156,1
Kathleen discovered those cacti.,Kathleen discovered those cactus.,morphology,determiner_noun_agreement,determiner_noun_agreement_irregular_1,True,True,False,True,355,-47.21934509277344,-49.66168212890625,1
Nina had sounded like these analyses.,Nina had sounded like these analysis.,morphology,determiner_noun_agreement,determiner_noun_agreement_irregular_1,True,True,False,True,356,-53.96142578125,-56.136375427246094,1
Jeffrey didn't approach these alumni.,Jeffrey didn't approach these alumnus.,morphology,determiner_noun_agreement,determiner_noun_agreement_irregular_1,True,True,False,True,357,-51.688716888427734,-55.89763641357422,1
Michael appreciated that medium.,Michael appreciated that media.,morphology,determiner_noun_agreement,determiner_noun_agreement_irregular_1,True,True,False,True,358,-39.27809524536133,-39.625633239746094,1
Jill admires that fungus.,Jill admires that fungi.,morphology,determiner_noun_agreement,determiner_noun_agreement_irregular_1,True,True,False,True,359,-46.726959228515625,-50.922733306884766,1
That movie theater has irritated those alumni.,That movie theater has irritated those alumnus.,morphology,determiner_noun_agreement,determiner_noun_agreement_irregular_1,True,True,False,True,360,-58.207115173339844,-61.847198486328125,1
A lot of drivers hide those oxen.,A lot of drivers hide those ox.,morphology,determiner_noun_agreement,determiner_noun_agreement_irregular_1,True,True,False,True,361,-55.415672302246094,-54.94482421875,0
Many boys buy that nucleus.,Many boys buy that nuclei.,morphology,determiner_noun_agreement,determiner_noun_agreement_irregular_1,True,True,False,True,362,-50.89637756347656,-55.944129943847656,1
Melinda had thought about that axis.,Melinda had thought about that axes.,morphology,determiner_noun_agreement,determiner_noun_agreement_irregular_1,True,True,False,True,363,-52.448753356933594,-55.64118957519531,1
Girls didn't love that man.,Girls didn't love that men.,morphology,determiner_noun_agreement,determiner_noun_agreement_irregular_1,True,True,False,True,364,-37.24018859863281,-44.37915802001953,1
Charles irritated this man.,Charles irritated this men.,morphology,determiner_noun_agreement,determiner_noun_agreement_irregular_1,True,True,False,True,365,-39.597747802734375,-48.72392272949219,1
Kristen insulted this man.,Kristen insulted this men.,morphology,determiner_noun_agreement,determiner_noun_agreement_irregular_1,True,True,False,True,366,-38.859954833984375,-47.55585861206055,1
That teenager researched this medium.,That teenager researched this media.,morphology,determiner_noun_agreement,determiner_noun_agreement_irregular_1,True,True,False,True,367,-47.48737335205078,-48.616458892822266,1
Joseph attacks these people.,Joseph attacks these person.,morphology,determiner_noun_agreement,determiner_noun_agreement_irregular_1,True,True,False,True,368,-37.2193603515625,-45.634132385253906,1
Melissa had thought about these syntheses.,Melissa had thought about these synthesis.,morphology,determiner_noun_agreement,determiner_noun_agreement_irregular_1,True,True,False,True,369,-54.90718078613281,-55.88446044921875,1
Omar admired those lice.,Omar admired those louse.,morphology,determiner_noun_agreement,determiner_noun_agreement_irregular_1,True,True,False,True,370,-46.616180419921875,-53.13733673095703,1
Sherry boasts about those synopses.,Sherry boasts about those synopsis.,morphology,determiner_noun_agreement,determiner_noun_agreement_irregular_1,True,True,False,True,371,-57.645835876464844,-57.50383377075195,0
Amy complains about those diagnoses.,Amy complains about those diagnosis.,morphology,determiner_noun_agreement,determiner_noun_agreement_irregular_1,True,True,False,True,372,-45.31137466430664,-49.52608108520508,1
Nicole hasn't admired those stimuli.,Nicole hasn't admired those stimulus.,morphology,determiner_noun_agreement,determiner_noun_agreement_irregular_1,True,True,False,True,373,-54.624454498291016,-58.496952056884766,1
Tanya researches those crises.,Tanya researches those crisis.,morphology,determiner_noun_agreement,determiner_noun_agreement_irregular_1,True,True,False,True,374,-49.75274658203125,-53.36320495605469,1
A lot of committees buy this fungus.,A lot of committees buy this fungi.,morphology,determiner_noun_agreement,determiner_noun_agreement_irregular_1,True,True,False,True,375,-51.29281997680664,-54.86024856567383,1
Craig can bring that goose.,Craig can bring that geese.,morphology,determiner_noun_agreement,determiner_noun_agreement_irregular_1,True,True,False,True,376,-44.88527297973633,-48.7762336730957,1
Randolf visits that person.,Randolf visits that people.,morphology,determiner_noun_agreement,determiner_noun_agreement_irregular_1,True,True,False,True,377,-44.94827651977539,-47.995018005371094,1
Thomas discovers those phenomena.,Thomas discovers those phenomenon.,morphology,determiner_noun_agreement,determiner_noun_agreement_irregular_1,True,True,False,True,378,-42.34136199951172,-44.949493408203125,1
Vanessa hasn't described those synopses.,Vanessa hasn't described those synopsis.,morphology,determiner_noun_agreement,determiner_noun_agreement_irregular_1,True,True,False,True,379,-55.502716064453125,-57.21208572387695,1
Kevin couldn't lift this octopus.,Kevin couldn't lift this octopi.,morphology,determiner_noun_agreement,determiner_noun_agreement_irregular_1,True,True,False,True,380,-48.914955139160156,-56.10050964355469,1
Connie had loved that analysis.,Connie had loved that analyses.,morphology,determiner_noun_agreement,determiner_noun_agreement_irregular_1,True,True,False,True,381,-43.9610710144043,-52.98720169067383,1
Derek sounds like that analysis.,Derek sounds like that analyses.,morphology,determiner_noun_agreement,determiner_noun_agreement_irregular_1,True,True,False,True,382,-45.75263977050781,-50.56507873535156,1
Jessica conceals those teeth.,Jessica conceals those tooth.,morphology,determiner_noun_agreement,determiner_noun_agreement_irregular_1,True,True,False,True,383,-43.76123809814453,-52.00592803955078,1
Deborah researches those bases.,Deborah researches those basis.,morphology,determiner_noun_agreement,determiner_noun_agreement_irregular_1,True,True,False,True,384,-49.907814025878906,-55.18949508666992,1
The Impressionists hide those octopi.,The Impressionists hide those octopus.,morphology,determiner_noun_agreement,determiner_noun_agreement_irregular_1,True,True,False,True,385,-58.70952606201172,-60.790496826171875,1
Marla did listen to those children.,Marla did listen to those child.,morphology,determiner_noun_agreement,determiner_noun_agreement_irregular_1,True,True,False,True,386,-47.23381423950195,-53.647705078125,1
Brian might astound that child.,Brian might astound that children.,morphology,determiner_noun_agreement,determiner_noun_agreement_irregular_1,True,True,False,True,387,-50.783172607421875,-52.762451171875,1
Claire has those geese.,Claire has those goose.,morphology,determiner_noun_agreement,determiner_noun_agreement_irregular_1,True,True,False,True,388,-43.01357650756836,-48.217063903808594,1
The lady admired these axes.,The lady admired these axis.,morphology,determiner_noun_agreement,determiner_noun_agreement_irregular_1,True,True,False,True,389,-46.78657913208008,-52.1010627746582,1
Daniel hasn't cleaned those lice.,Daniel hasn't cleaned those louse.,morphology,determiner_noun_agreement,determiner_noun_agreement_irregular_1,True,True,False,True,390,-47.13055419921875,-54.22968673706055,1
Some bread wasn't shocking these children.,Some bread wasn't shocking these child.,morphology,determiner_noun_agreement,determiner_noun_agreement_irregular_1,True,True,False,True,391,-58.68156433105469,-69.29109191894531,1
Marla thought about this goose.,Marla thought about this geese.,morphology,determiner_noun_agreement,determiner_noun_agreement_irregular_1,True,True,False,True,392,-48.34979248046875,-51.119266510009766,1
Jason sounds like these children.,Jason sounds like these child.,morphology,determiner_noun_agreement,determiner_noun_agreement_irregular_1,True,True,False,True,393,-42.216670989990234,-47.84355163574219,1
That girl wasn't selling that goose.,That girl wasn't selling that geese.,morphology,determiner_noun_agreement,determiner_noun_agreement_irregular_1,True,True,False,True,394,-46.29253005981445,-49.80345153808594,1
The picture hasn't looked like that louse.,The picture hasn't looked like that lice.,morphology,determiner_noun_agreement,determiner_noun_agreement_irregular_1,True,True,False,True,395,-53.629539489746094,-57.082130432128906,1
Claire wasn't hiring these people.,Claire wasn't hiring these person.,morphology,determiner_noun_agreement,determiner_noun_agreement_irregular_1,True,True,False,True,396,-41.011802673339844,-49.90221405029297,1
Adam couldn't boast about this paralysis.,Adam couldn't boast about this paralyses.,morphology,determiner_noun_agreement,determiner_noun_agreement_irregular_1,True,True,False,True,397,-54.89100646972656,-66.16787719726562,1
Heidi couldn't research these stimuli.,Heidi couldn't research these stimulus.,morphology,determiner_noun_agreement,determiner_noun_agreement_irregular_1,True,True,False,True,398,-52.48136901855469,-57.2657585144043,1
Plates aggravate that child.,Plates aggravate that children.,morphology,determiner_noun_agreement,determiner_noun_agreement_irregular_1,True,True,False,True,399,-53.676841735839844,-56.33799362182617,1
Karla hasn't discussed that synopsis.,Karla hasn't discussed that synopses.,morphology,determiner_noun_agreement,determiner_noun_agreement_irregular_1,True,True,False,True,400,-51.96107482910156,-58.19379806518555,1
Eva took those nuclei.,Eva took those nucleus.,morphology,determiner_noun_agreement,determiner_noun_agreement_irregular_1,True,True,False,True,401,-47.38312530517578,-49.47785186767578,1
Candice sells that axis.,Candice sells that axes.,morphology,determiner_noun_agreement,determiner_noun_agreement_irregular_1,True,True,False,True,402,-49.56217956542969,-50.536949157714844,1
Lucille discovered that mouse.,Lucille discovered that mice.,morphology,determiner_noun_agreement,determiner_noun_agreement_irregular_1,True,True,False,True,403,-43.75888442993164,-44.578399658203125,1
Scott thought about those lice.,Scott thought about those louse.,morphology,determiner_noun_agreement,determiner_noun_agreement_irregular_1,True,True,False,True,404,-43.32319259643555,-51.24666976928711,1
Elaine isn't boasting about these ellipses.,Elaine isn't boasting about these ellipsis.,morphology,determiner_noun_agreement,determiner_noun_agreement_irregular_1,True,True,False,True,405,-55.627193450927734,-62.682456970214844,1
A lot of guests thought about that man.,A lot of guests thought about that men.,morphology,determiner_noun_agreement,determiner_noun_agreement_irregular_1,True,True,False,True,406,-42.43987274169922,-47.47597885131836,1
The dancer did clean these octopi.,The dancer did clean these octopus.,morphology,determiner_noun_agreement,determiner_noun_agreement_irregular_1,True,True,False,True,407,-59.45043182373047,-58.41553497314453,0
George wasn't boasting about this synopsis.,George wasn't boasting about this synopses.,morphology,determiner_noun_agreement,determiner_noun_agreement_irregular_1,True,True,False,True,408,-52.8102912902832,-61.214473724365234,1
Some boys listen to that child.,Some boys listen to that children.,morphology,determiner_noun_agreement,determiner_noun_agreement_irregular_1,True,True,False,True,409,-44.8181266784668,-45.84089660644531,1
The boy hasn't discovered these crises.,The boy hasn't discovered these crisis.,morphology,determiner_noun_agreement,determiner_noun_agreement_irregular_1,True,True,False,True,410,-53.38993453979492,-54.841766357421875,1
Kayla appreciates these paralyses.,Kayla appreciates these paralysis.,morphology,determiner_noun_agreement,determiner_noun_agreement_irregular_1,True,True,False,True,411,-50.307151794433594,-50.256805419921875,0
Marie researches that diagnosis.,Marie researches that diagnoses.,morphology,determiner_noun_agreement,determiner_noun_agreement_irregular_1,True,True,False,True,412,-50.66210174560547,-53.21608352661133,1
Sabrina will bring those oxen.,Sabrina will bring those ox.,morphology,determiner_noun_agreement,determiner_noun_agreement_irregular_1,True,True,False,True,413,-53.342430114746094,-53.01505661010742,0
The customers hide these mice.,The customers hide these mouse.,morphology,determiner_noun_agreement,determiner_noun_agreement_irregular_1,True,True,False,True,414,-47.21549987792969,-51.18817901611328,1
Kristin won't like that fungus.,Kristin won't like that fungi.,morphology,determiner_noun_agreement,determiner_noun_agreement_irregular_1,True,True,False,True,415,-48.891117095947266,-52.17314147949219,1
Every dog was embarrassing these men.,Every dog was embarrassing these man.,morphology,determiner_noun_agreement,determiner_noun_agreement_irregular_1,True,True,False,True,416,-52.40028762817383,-57.58769989013672,1
Ella is thinking about that diagnosis.,Ella is thinking about that diagnoses.,morphology,determiner_noun_agreement,determiner_noun_agreement_irregular_1,True,True,False,True,417,-41.54815673828125,-48.66755676269531,1
Karen wasn't talking about that analysis.,Karen wasn't talking about that analyses.,morphology,determiner_noun_agreement,determiner_noun_agreement_irregular_1,True,True,False,True,418,-43.15288543701172,-50.250465393066406,1
Marie was observing that child.,Marie was observing that children.,morphology,determiner_noun_agreement,determiner_noun_agreement_irregular_1,True,True,False,True,419,-42.913516998291016,-45.57708740234375,1
Valerie finds these mice.,Valerie finds these mouse.,morphology,determiner_noun_agreement,determiner_noun_agreement_irregular_1,True,True,False,True,420,-39.590003967285156,-44.26235580444336,1
Raymond should astound that person.,Raymond should astound that people.,morphology,determiner_noun_agreement,determiner_noun_agreement_irregular_1,True,True,False,True,421,-51.46579360961914,-53.48748779296875,1
Samantha references these theses.,Samantha references these thesis.,morphology,determiner_noun_agreement,determiner_noun_agreement_irregular_1,True,True,False,True,422,-48.75391387939453,-50.235626220703125,1
These associations have bought those fungi.,These associations have bought those fungus.,morphology,determiner_noun_agreement,determiner_noun_agreement_irregular_1,True,True,False,True,423,-56.29542541503906,-59.644447326660156,1
Stacey discovers these mice.,Stacey discovers these mouse.,morphology,determiner_noun_agreement,determiner_noun_agreement_irregular_1,True,True,False,True,424,-42.000572204589844,-47.57489013671875,1
Vanessa doesn't complain about that diagnosis.,Vanessa doesn't complain about that diagnoses.,morphology,determiner_noun_agreement,determiner_noun_agreement_irregular_1,True,True,False,True,425,-45.84181213378906,-52.31898880004883,1
Janet is boasting about those ellipses.,Janet is boasting about those ellipsis.,morphology,determiner_noun_agreement,determiner_noun_agreement_irregular_1,True,True,False,True,426,-54.984737396240234,-58.654273986816406,1
Ruth isn't arguing about this ellipsis.,Ruth isn't arguing about this ellipses.,morphology,determiner_noun_agreement,determiner_noun_agreement_irregular_1,True,True,False,True,427,-55.00260925292969,-57.60882568359375,1
Omar will see that mouse.,Omar will see that mice.,morphology,determiner_noun_agreement,determiner_noun_agreement_irregular_1,True,True,False,True,428,-44.96806716918945,-49.569679260253906,1
Many customers conceal this fungus.,Many customers conceal this fungi.,morphology,determiner_noun_agreement,determiner_noun_agreement_irregular_1,True,True,False,True,429,-46.04449462890625,-50.899024963378906,1
Maria cures this child.,Maria cures this children.,morphology,determiner_noun_agreement,determiner_noun_agreement_irregular_1,True,True,False,True,430,-44.01703643798828,-49.122642517089844,1
Some children could disagree with that synopsis.,Some children could disagree with that synopses.,morphology,determiner_noun_agreement,determiner_noun_agreement_irregular_1,True,True,False,True,431,-48.302860260009766,-56.870643615722656,1
Bradley praised these children.,Bradley praised these child.,morphology,determiner_noun_agreement,determiner_noun_agreement_irregular_1,True,True,False,True,432,-40.081016540527344,-47.60498046875,1
Gregory hugged these people.,Gregory hugged these person.,morphology,determiner_noun_agreement,determiner_noun_agreement_irregular_1,True,True,False,True,433,-40.8221435546875,-50.583091735839844,1
Melinda hadn't embarrassed this woman.,Melinda hadn't embarrassed this women.,morphology,determiner_noun_agreement,determiner_noun_agreement_irregular_1,True,True,False,True,434,-51.70805358886719,-56.966670989990234,1
Clyde hadn't messed up these teeth.,Clyde hadn't messed up these tooth.,morphology,determiner_noun_agreement,determiner_noun_agreement_irregular_1,True,True,False,True,435,-53.539283752441406,-61.707061767578125,1
Most banks argue about those analyses.,Most banks argue about those analysis.,morphology,determiner_noun_agreement,determiner_noun_agreement_irregular_1,True,True,False,True,436,-51.092674255371094,-54.08224105834961,1
Linda has thought about this hypothesis.,Linda has thought about this hypotheses.,morphology,determiner_noun_agreement,determiner_noun_agreement_irregular_1,True,True,False,True,437,-42.2149658203125,-48.46514129638672,1
Catherine was researching these crises.,Catherine was researching these crisis.,morphology,determiner_noun_agreement,determiner_noun_agreement_irregular_1,True,True,False,True,438,-46.303863525390625,-48.92136001586914,1
Some drivers lift these stimuli.,Some drivers lift these stimulus.,morphology,determiner_noun_agreement,determiner_noun_agreement_irregular_1,True,True,False,True,439,-49.947418212890625,-53.85734558105469,1
Julia wasn't discussing those oases.,Julia wasn't discussing those oasis.,morphology,determiner_noun_agreement,determiner_noun_agreement_irregular_1,True,True,False,True,440,-54.094329833984375,-59.723873138427734,1
Those schools boast about this woman.,Those schools boast about this women.,morphology,determiner_noun_agreement,determiner_noun_agreement_irregular_1,True,True,False,True,441,-48.9346809387207,-52.10286331176758,1
James wasn't boasting about those synopses.,James wasn't boasting about those synopsis.,morphology,determiner_noun_agreement,determiner_noun_agreement_irregular_1,True,True,False,True,442,-55.44907760620117,-57.19265365600586,1
Sabrina is noticing this nucleus.,Sabrina is noticing this nuclei.,morphology,determiner_noun_agreement,determiner_noun_agreement_irregular_1,True,True,False,True,443,-53.189388275146484,-56.69534683227539,1
Denise would insult those alumni.,Denise would insult those alumnus.,morphology,determiner_noun_agreement,determiner_noun_agreement_irregular_1,True,True,False,True,444,-53.595985412597656,-58.99369812011719,1
Melissa has noticed that fungus.,Melissa has noticed that fungi.,morphology,determiner_noun_agreement,determiner_noun_agreement_irregular_1,True,True,False,True,445,-46.93534851074219,-46.632781982421875,0
That girl hides these oxen.,That girl hides these ox.,morphology,determiner_noun_agreement,determiner_noun_agreement_irregular_1,True,True,False,True,446,-49.16425323486328,-49.219478607177734,1
Melissa shouldn't stun those men.,Melissa shouldn't stun those man.,morphology,determiner_noun_agreement,determiner_noun_agreement_irregular_1,True,True,False,True,447,-49.719539642333984,-55.71910095214844,1
Gerald likes these women.,Gerald likes these woman.,morphology,determiner_noun_agreement,determiner_noun_agreement_irregular_1,True,True,False,True,448,-37.340248107910156,-42.25027084350586,1
Many adults research that basis.,Many adults research that bases.,morphology,determiner_noun_agreement,determiner_noun_agreement_irregular_1,True,True,False,True,449,-48.03860855102539,-51.48322296142578,1
Steve hadn't praised this child.,Steve hadn't praised this children.,morphology,determiner_noun_agreement,determiner_noun_agreement_irregular_1,True,True,False,True,450,-48.77540969848633,-54.651817321777344,1
Jerry can take these nuclei.,Jerry can take these nucleus.,morphology,determiner_noun_agreement,determiner_noun_agreement_irregular_1,True,True,False,True,451,-46.200950622558594,-49.10787582397461,1
Michael doesn't discover these hypotheses.,Michael doesn't discover these hypothesis.,morphology,determiner_noun_agreement,determiner_noun_agreement_irregular_1,True,True,False,True,452,-51.16342544555664,-54.92549514770508,1
The men complain about that ellipsis.,The men complain about that ellipses.,morphology,determiner_noun_agreement,determiner_noun_agreement_irregular_1,True,True,False,True,453,-46.8724250793457,-47.44343185424805,1
Wendy stunned that child.,Wendy stunned that children.,morphology,determiner_noun_agreement,determiner_noun_agreement_irregular_1,True,True,False,True,454,-44.779537200927734,-47.837120056152344,1
Samantha has boasted about these hypotheses.,Samantha has boasted about these hypothesis.,morphology,determiner_noun_agreement,determiner_noun_agreement_irregular_1,True,True,False,True,455,-54.78257751464844,-57.99884796142578,1
Most actors were researching those media.,Most actors were researching those medium.,morphology,determiner_noun_agreement,determiner_noun_agreement_irregular_1,True,True,False,True,456,-55.232810974121094,-58.576637268066406,1
Stacy hadn't complained about this crisis.,Stacy hadn't complained about this crises.,morphology,determiner_noun_agreement,determiner_noun_agreement_irregular_1,True,True,False,True,457,-50.79710006713867,-57.24562454223633,1
Ellen researched that medium.,Ellen researched that media.,morphology,determiner_noun_agreement,determiner_noun_agreement_irregular_1,True,True,False,True,458,-42.87327575683594,-44.13127136230469,1
Blouses aren't worrying that woman.,Blouses aren't worrying that women.,morphology,determiner_noun_agreement,determiner_noun_agreement_irregular_1,True,True,False,True,459,-55.35778045654297,-54.747955322265625,0
Documentaries had stunned these alumni.,Documentaries had stunned these alumnus.,morphology,determiner_noun_agreement,determiner_noun_agreement_irregular_1,True,True,False,True,460,-54.98112487792969,-58.5323600769043,1
Tamara had discussed that thesis.,Tamara had discussed that theses.,morphology,determiner_noun_agreement,determiner_noun_agreement_irregular_1,True,True,False,True,461,-47.595951080322266,-51.409332275390625,1
These patients thought about those paralyses.,These patients thought about those paralysis.,morphology,determiner_noun_agreement,determiner_noun_agreement_irregular_1,True,True,False,True,462,-54.050323486328125,-53.83148956298828,0
Matt praised that woman.,Matt praised that women.,morphology,determiner_noun_agreement,determiner_noun_agreement_irregular_1,True,True,False,True,463,-38.412986755371094,-42.673126220703125,1
Alicia thought about that person.,Alicia thought about that people.,morphology,determiner_noun_agreement,determiner_noun_agreement_irregular_1,True,True,False,True,464,-40.124183654785156,-44.769859313964844,1
Some committees respect that man.,Some committees respect that men.,morphology,determiner_noun_agreement,determiner_noun_agreement_irregular_1,True,True,False,True,465,-45.43754196166992,-50.38236618041992,1
Bruce liked those nuclei.,Bruce liked those nucleus.,morphology,determiner_noun_agreement,determiner_noun_agreement_irregular_1,True,True,False,True,466,-44.907657623291016,-48.02544021606445,1
A lot of hospitals talk about that thesis.,A lot of hospitals talk about that theses.,morphology,determiner_noun_agreement,determiner_noun_agreement_irregular_1,True,True,False,True,467,-47.46660614013672,-52.73577880859375,1
Marcus watched that woman.,Marcus watched that women.,morphology,determiner_noun_agreement,determiner_noun_agreement_irregular_1,True,True,False,True,468,-38.07484436035156,-42.609466552734375,1
Paul was discovering those hypotheses.,Paul was discovering those hypothesis.,morphology,determiner_noun_agreement,determiner_noun_agreement_irregular_1,True,True,False,True,469,-50.19432830810547,-54.015235900878906,1
Kristin argued about this crisis.,Kristin argued about this crises.,morphology,determiner_noun_agreement,determiner_noun_agreement_irregular_1,True,True,False,True,470,-45.674110412597656,-51.59618377685547,1
That hamster had stunned this woman.,That hamster had stunned this women.,morphology,determiner_noun_agreement,determiner_noun_agreement_irregular_1,True,True,False,True,471,-48.889617919921875,-53.86391067504883,1
These pedestrians can't boast about these phenomena.,These pedestrians can't boast about these phenomenon.,morphology,determiner_noun_agreement,determiner_noun_agreement_irregular_1,True,True,False,True,472,-60.19355773925781,-61.76534652709961,1
Some women arrived at those oases.,Some women arrived at those oasis.,morphology,determiner_noun_agreement,determiner_noun_agreement_irregular_1,True,True,False,True,473,-50.2974967956543,-52.38776397705078,1
Children wouldn't think about those geese.,Children wouldn't think about those goose.,morphology,determiner_noun_agreement,determiner_noun_agreement_irregular_1,True,True,False,True,474,-52.2802734375,-56.440948486328125,1
Those doctors think about those syntheses.,Those doctors think about those synthesis.,morphology,determiner_noun_agreement,determiner_noun_agreement_irregular_1,True,True,False,True,475,-55.08562469482422,-56.17668151855469,1
Benjamin is bringing these stimuli.,Benjamin is bringing these stimulus.,morphology,determiner_noun_agreement,determiner_noun_agreement_irregular_1,True,True,False,True,476,-46.751373291015625,-49.27130126953125,1
Carla boasts about that ellipsis.,Carla boasts about that ellipses.,morphology,determiner_noun_agreement,determiner_noun_agreement_irregular_1,True,True,False,True,477,-51.44841384887695,-52.896751403808594,1
Wayne was thinking about this paralysis.,Wayne was thinking about this paralyses.,morphology,determiner_noun_agreement,determiner_noun_agreement_irregular_1,True,True,False,True,478,-52.961700439453125,-63.43025207519531,1
Alexander had disgusted these men.,Alexander had disgusted these man.,morphology,determiner_noun_agreement,determiner_noun_agreement_irregular_1,True,True,False,True,479,-42.94458770751953,-49.9334602355957,1
Monet thought about this axis.,Monet thought about this axes.,morphology,determiner_noun_agreement,determiner_noun_agreement_irregular_1,True,True,False,True,480,-51.659934997558594,-56.12700653076172,1
Pamela praises these theses.,Pamela praises these thesis.,morphology,determiner_noun_agreement,determiner_noun_agreement_irregular_1,True,True,False,True,481,-50.776981353759766,-53.79463195800781,1
Larry hadn't found those men.,Larry hadn't found those man.,morphology,determiner_noun_agreement,determiner_noun_agreement_irregular_1,True,True,False,True,482,-44.11909103393555,-49.52068328857422,1
Todd thought about that foot.,Todd thought about that feet.,morphology,determiner_noun_agreement,determiner_noun_agreement_irregular_1,True,True,False,True,483,-38.51757049560547,-43.8843994140625,1
Alice can flee from that woman.,Alice can flee from that women.,morphology,determiner_noun_agreement,determiner_noun_agreement_irregular_1,True,True,False,True,484,-46.501060485839844,-52.739341735839844,1
Claire has discovered this diagnosis.,Claire has discovered this diagnoses.,morphology,determiner_noun_agreement,determiner_noun_agreement_irregular_1,True,True,False,True,485,-43.00221633911133,-48.616912841796875,1
Walter had appreciated those oases.,Walter had appreciated those oasis.,morphology,determiner_noun_agreement,determiner_noun_agreement_irregular_1,True,True,False,True,486,-50.21881103515625,-53.8607063293457,1
Cashiers complain about that crisis.,Cashiers complain about that crises.,morphology,determiner_noun_agreement,determiner_noun_agreement_irregular_1,True,True,False,True,487,-46.2489128112793,-51.41447067260742,1
Tara discovered those mice.,Tara discovered those mouse.,morphology,determiner_noun_agreement,determiner_noun_agreement_irregular_1,True,True,False,True,488,-43.038002014160156,-48.23173141479492,1
Ruth sees that child.,Ruth sees that children.,morphology,determiner_noun_agreement,determiner_noun_agreement_irregular_1,True,True,False,True,489,-38.636009216308594,-41.48329162597656,1
This actor buys those lice.,This actor buys those louse.,morphology,determiner_noun_agreement,determiner_noun_agreement_irregular_1,True,True,False,True,490,-52.832054138183594,-58.06122970581055,1
A lot of prints looked like these nuclei.,A lot of prints looked like these nucleus.,morphology,determiner_noun_agreement,determiner_noun_agreement_irregular_1,True,True,False,True,491,-52.736515045166016,-57.225364685058594,1
The association boasted about these theses.,The association boasted about these thesis.,morphology,determiner_noun_agreement,determiner_noun_agreement_irregular_1,True,True,False,True,492,-57.065650939941406,-59.40439987182617,1
Tiffany will sound like those synopses.,Tiffany will sound like those synopsis.,morphology,determiner_noun_agreement,determiner_noun_agreement_irregular_1,True,True,False,True,493,-61.31871795654297,-60.5241584777832,0
Adam couldn't insult this woman.,Adam couldn't insult this women.,morphology,determiner_noun_agreement,determiner_noun_agreement_irregular_1,True,True,False,True,494,-43.23896789550781,-48.02556610107422,1
Sheila thought about this medium.,Sheila thought about this media.,morphology,determiner_noun_agreement,determiner_noun_agreement_irregular_1,True,True,False,True,495,-43.193599700927734,-43.44050216674805,1
Barbara isn't lifting those geese.,Barbara isn't lifting those goose.,morphology,determiner_noun_agreement,determiner_noun_agreement_irregular_1,True,True,False,True,496,-51.409427642822266,-55.27830123901367,1
Some university isn't arguing about those diagnoses.,Some university isn't arguing about those diagnosis.,morphology,determiner_noun_agreement,determiner_noun_agreement_irregular_1,True,True,False,True,497,-61.10541534423828,-64.08702087402344,1
Becca hid these axes.,Becca hid these axis.,morphology,determiner_noun_agreement,determiner_noun_agreement_irregular_1,True,True,False,True,498,-49.093040466308594,-54.77433776855469,1
Helen can't complain about those stimuli.,Helen can't complain about those stimulus.,morphology,determiner_noun_agreement,determiner_noun_agreement_irregular_1,True,True,False,True,499,-50.52009582519531,-55.67341995239258,1
Doctors visit these people.,Doctors visit these person.,morphology,determiner_noun_agreement,determiner_noun_agreement_irregular_1,True,True,False,True,500,-34.865657806396484,-43.26035690307617,1
This student hid these stimuli.,This student hid these stimulus.,morphology,determiner_noun_agreement,determiner_noun_agreement_irregular_1,True,True,False,True,501,-50.87120819091797,-55.43960952758789,1
Sally could bring this cactus.,Sally could bring this cacti.,morphology,determiner_noun_agreement,determiner_noun_agreement_irregular_1,True,True,False,True,502,-47.183258056640625,-50.126792907714844,1
Kendra boasts about this phenomenon.,Kendra boasts about this phenomena.,morphology,determiner_noun_agreement,determiner_noun_agreement_irregular_1,True,True,False,True,503,-44.04316711425781,-47.39769744873047,1
Christina would buy that mouse.,Christina would buy that mice.,morphology,determiner_noun_agreement,determiner_noun_agreement_irregular_1,True,True,False,True,504,-41.907466888427734,-46.98733139038086,1
Those girls complain about this child.,Those girls complain about this children.,morphology,determiner_noun_agreement,determiner_noun_agreement_irregular_1,True,True,False,True,505,-44.56476593017578,-48.62382507324219,1
Allison hadn't argued about these ellipses.,Allison hadn't argued about these ellipsis.,morphology,determiner_noun_agreement,determiner_noun_agreement_irregular_1,True,True,False,True,506,-57.03982162475586,-63.29199981689453,1
Some university had scared those alumni.,Some university had scared those alumnus.,morphology,determiner_noun_agreement,determiner_noun_agreement_irregular_1,True,True,False,True,507,-54.9620246887207,-58.78173065185547,1
Tammy didn't complain about this diagnosis.,Tammy didn't complain about this diagnoses.,morphology,determiner_noun_agreement,determiner_noun_agreement_irregular_1,True,True,False,True,508,-44.07444763183594,-50.58335876464844,1
All ladies complain about those analyses.,All ladies complain about those analysis.,morphology,determiner_noun_agreement,determiner_noun_agreement_irregular_1,True,True,False,True,509,-49.51494216918945,-51.11711502075195,1
Those banks remembered that analysis.,Those banks remembered that analyses.,morphology,determiner_noun_agreement,determiner_noun_agreement_irregular_1,True,True,False,True,510,-49.10019302368164,-55.237876892089844,1
Some committee worries this child.,Some committee worries this children.,morphology,determiner_noun_agreement,determiner_noun_agreement_irregular_1,True,True,False,True,511,-54.19847869873047,-55.721221923828125,1
Kristin wasn't finding these mice.,Kristin wasn't finding these mouse.,morphology,determiner_noun_agreement,determiner_noun_agreement_irregular_1,True,True,False,True,512,-50.31338119506836,-55.69659423828125,1
Tamara cleans those lice.,Tamara cleans those louse.,morphology,determiner_noun_agreement,determiner_noun_agreement_irregular_1,True,True,False,True,513,-46.05699157714844,-55.18274688720703,1
Pedestrians embarrass those men.,Pedestrians embarrass those man.,morphology,determiner_noun_agreement,determiner_noun_agreement_irregular_1,True,True,False,True,514,-45.04466247558594,-47.510379791259766,1
Vanessa likes these geese.,Vanessa likes these goose.,morphology,determiner_noun_agreement,determiner_noun_agreement_irregular_1,True,True,False,True,515,-41.80580139160156,-46.448097229003906,1
Lissa has boasted about that ellipsis.,Lissa has boasted about that ellipses.,morphology,determiner_noun_agreement,determiner_noun_agreement_irregular_1,True,True,False,True,516,-57.79753112792969,-59.51887512207031,1
Some customers conceal these oxen.,Some customers conceal these ox.,morphology,determiner_noun_agreement,determiner_noun_agreement_irregular_1,True,True,False,True,517,-56.67163848876953,-54.86308288574219,0
Every pedestrian complains about this crisis.,Every pedestrian complains about this crises.,morphology,determiner_noun_agreement,determiner_noun_agreement_irregular_1,True,True,False,True,518,-45.736000061035156,-52.29899597167969,1
Carolyn hated this child.,Carolyn hated this children.,morphology,determiner_noun_agreement,determiner_noun_agreement_irregular_1,True,True,False,True,519,-35.79833221435547,-41.36741638183594,1
Theresa thinks about these bases.,Theresa thinks about these basis.,morphology,determiner_noun_agreement,determiner_noun_agreement_irregular_1,True,True,False,True,520,-47.98960494995117,-52.495994567871094,1
Beverly discovered this ox.,Beverly discovered this oxen.,morphology,determiner_noun_agreement,determiner_noun_agreement_irregular_1,True,True,False,True,521,-46.06819152832031,-50.02814865112305,1
Kirsten discovered that ellipsis.,Kirsten discovered that ellipses.,morphology,determiner_noun_agreement,determiner_noun_agreement_irregular_1,True,True,False,True,522,-46.66699981689453,-47.32744216918945,1
Elizabeth has seen this ox.,Elizabeth has seen this oxen.,morphology,determiner_noun_agreement,determiner_noun_agreement_irregular_1,True,True,False,True,523,-43.70635986328125,-47.43057632446289,1
Dennis didn't dislike these men.,Dennis didn't dislike these man.,morphology,determiner_noun_agreement,determiner_noun_agreement_irregular_1,True,True,False,True,524,-41.820560455322266,-48.79240036010742,1
Some hospitals boast about those hypotheses.,Some hospitals boast about those hypothesis.,morphology,determiner_noun_agreement,determiner_noun_agreement_irregular_1,True,True,False,True,525,-52.918373107910156,-56.429649353027344,1
Paula likes that axis.,Paula likes that axes.,morphology,determiner_noun_agreement,determiner_noun_agreement_irregular_1,True,True,False,True,526,-43.52165603637695,-47.200111389160156,1
Judy researched these hypotheses.,Judy researched these hypothesis.,morphology,determiner_noun_agreement,determiner_noun_agreement_irregular_1,True,True,False,True,527,-42.20399856567383,-45.775054931640625,1
Erin took these axes.,Erin took these axis.,morphology,determiner_noun_agreement,determiner_noun_agreement_irregular_1,True,True,False,True,528,-45.958534240722656,-50.53521728515625,1
Amelia has found those octopi.,Amelia has found those octopus.,morphology,determiner_noun_agreement,determiner_noun_agreement_irregular_1,True,True,False,True,529,-48.706085205078125,-48.599876403808594,0
Lawrence does hide that octopus.,Lawrence does hide that octopi.,morphology,determiner_noun_agreement,determiner_noun_agreement_irregular_1,True,True,False,True,530,-51.62724685668945,-60.165809631347656,1
Many dancers argue about these syntheses.,Many dancers argue about these synthesis.,morphology,determiner_noun_agreement,determiner_noun_agreement_irregular_1,True,True,False,True,531,-54.24441146850586,-56.22761535644531,1
These dancers wouldn't see these octopi.,These dancers wouldn't see these octopus.,morphology,determiner_noun_agreement,determiner_noun_agreement_irregular_1,True,True,False,True,532,-57.86328887939453,-56.753387451171875,0
These guys argue about that diagnosis.,These guys argue about that diagnoses.,morphology,determiner_noun_agreement,determiner_noun_agreement_irregular_1,True,True,False,True,533,-46.909324645996094,-51.956478118896484,1
Sheila was finding these fungi.,Sheila was finding these fungus.,morphology,determiner_noun_agreement,determiner_noun_agreement_irregular_1,True,True,False,True,534,-51.014671325683594,-53.10563659667969,1
Marie bought this fungus.,Marie bought this fungi.,morphology,determiner_noun_agreement,determiner_noun_agreement_irregular_1,True,True,False,True,535,-45.162681579589844,-47.699161529541016,1
Liam wouldn't complain about this ellipsis.,Liam wouldn't complain about this ellipses.,morphology,determiner_noun_agreement,determiner_noun_agreement_irregular_1,True,True,False,True,536,-52.269142150878906,-54.421695709228516,1
Holly did arrive at those oases.,Holly did arrive at those oasis.,morphology,determiner_noun_agreement,determiner_noun_agreement_irregular_1,True,True,False,True,537,-52.14137649536133,-53.37430953979492,1
Tiffany brought that fungus.,Tiffany brought that fungi.,morphology,determiner_noun_agreement,determiner_noun_agreement_irregular_1,True,True,False,True,538,-44.34967803955078,-46.901206970214844,1
Omar argued about these hypotheses.,Omar argued about these hypothesis.,morphology,determiner_noun_agreement,determiner_noun_agreement_irregular_1,True,True,False,True,539,-47.29664993286133,-50.57875061035156,1
The Clintons complain about that medium.,The Clintons complain about that media.,morphology,determiner_noun_agreement,determiner_noun_agreement_irregular_1,True,True,False,True,540,-46.13833999633789,-43.964149475097656,0
Florence argued about that synthesis.,Florence argued about that syntheses.,morphology,determiner_noun_agreement,determiner_noun_agreement_irregular_1,True,True,False,True,541,-52.722801208496094,-58.35774230957031,1
Every cashier notices those alumni.,Every cashier notices those alumnus.,morphology,determiner_noun_agreement,determiner_noun_agreement_irregular_1,True,True,False,True,542,-54.233482360839844,-59.310203552246094,1
April wasn't attacking this man.,April wasn't attacking this men.,morphology,determiner_noun_agreement,determiner_noun_agreement_irregular_1,True,True,False,True,543,-46.99278259277344,-54.00198745727539,1
Becca won't discuss that child.,Becca won't discuss that children.,morphology,determiner_noun_agreement,determiner_noun_agreement_irregular_1,True,True,False,True,544,-48.40116500854492,-53.849998474121094,1
Gerald researches this basis.,Gerald researches this bases.,morphology,determiner_noun_agreement,determiner_noun_agreement_irregular_1,True,True,False,True,545,-47.4642219543457,-51.266700744628906,1
Susan won't notice these fungi.,Susan won't notice these fungus.,morphology,determiner_noun_agreement,determiner_noun_agreement_irregular_1,True,True,False,True,546,-51.39710235595703,-54.108619689941406,1
George is concealing these axes.,George is concealing these axis.,morphology,determiner_noun_agreement,determiner_noun_agreement_irregular_1,True,True,False,True,547,-50.31885528564453,-54.87108612060547,1
Walter boasts about those bases.,Walter boasts about those basis.,morphology,determiner_noun_agreement,determiner_noun_agreement_irregular_1,True,True,False,True,548,-46.994102478027344,-51.89718246459961,1
Anne hadn't revealed this ox.,Anne hadn't revealed this oxen.,morphology,determiner_noun_agreement,determiner_noun_agreement_irregular_1,True,True,False,True,549,-54.142791748046875,-57.16792678833008,1
Some man likes that louse.,Some man likes that lice.,morphology,determiner_noun_agreement,determiner_noun_agreement_irregular_1,True,True,False,True,550,-44.01313781738281,-45.53240966796875,1
These banks have those octopi.,These banks have those octopus.,morphology,determiner_noun_agreement,determiner_noun_agreement_irregular_1,True,True,False,True,551,-48.6644287109375,-49.073448181152344,1
Gerald researches this stimulus.,Gerald researches this stimuli.,morphology,determiner_noun_agreement,determiner_noun_agreement_irregular_1,True,True,False,True,552,-48.29850387573242,-51.637794494628906,1
Phillip boasts about these stimuli.,Phillip boasts about these stimulus.,morphology,determiner_noun_agreement,determiner_noun_agreement_irregular_1,True,True,False,True,553,-53.89258575439453,-56.87571716308594,1
The dancers did disagree with those analyses.,The dancers did disagree with those analysis.,morphology,determiner_noun_agreement,determiner_noun_agreement_irregular_1,True,True,False,True,554,-53.40032958984375,-54.40697479248047,1
Those guests discuss those people.,Those guests discuss those person.,morphology,determiner_noun_agreement,determiner_noun_agreement_irregular_1,True,True,False,True,555,-47.05534744262695,-52.80436706542969,1
Those cashiers see that woman.,Those cashiers see that women.,morphology,determiner_noun_agreement,determiner_noun_agreement_irregular_1,True,True,False,True,556,-46.875572204589844,-47.633522033691406,1
Most teachers lift these lice.,Most teachers lift these louse.,morphology,determiner_noun_agreement,determiner_noun_agreement_irregular_1,True,True,False,True,557,-50.62480926513672,-54.20582580566406,1
Theresa complained about those diagnoses.,Theresa complained about those diagnosis.,morphology,determiner_noun_agreement,determiner_noun_agreement_irregular_1,True,True,False,True,558,-50.7036247253418,-54.358123779296875,1
The bank would appreciate those hypotheses.,The bank would appreciate those hypothesis.,morphology,determiner_noun_agreement,determiner_noun_agreement_irregular_1,True,True,False,True,559,-48.064300537109375,-51.10251235961914,1
The Lutherans see these oases.,The Lutherans see these oasis.,morphology,determiner_noun_agreement,determiner_noun_agreement_irregular_1,True,True,False,True,560,-53.47210693359375,-55.544857025146484,1
Scott found that cactus.,Scott found that cacti.,morphology,determiner_noun_agreement,determiner_noun_agreement_irregular_1,True,True,False,True,561,-41.73804473876953,-42.965755462646484,1
Nicole hasn't lifted these feet.,Nicole hasn't lifted these foot.,morphology,determiner_noun_agreement,determiner_noun_agreement_irregular_1,True,True,False,True,562,-50.33257293701172,-52.38489532470703,1
The actress hadn't boasted about these theses.,The actress hadn't boasted about these thesis.,morphology,determiner_noun_agreement,determiner_noun_agreement_irregular_1,True,True,False,True,563,-63.78888702392578,-62.89210891723633,0
Adam argued about that ellipsis.,Adam argued about that ellipses.,morphology,determiner_noun_agreement,determiner_noun_agreement_irregular_1,True,True,False,True,564,-46.729183197021484,-49.02105712890625,1
Carl is taking this tooth.,Carl is taking this teeth.,morphology,determiner_noun_agreement,determiner_noun_agreement_irregular_1,True,True,False,True,565,-42.96772003173828,-46.39065933227539,1
Wendy admires these fungi.,Wendy admires these fungus.,morphology,determiner_noun_agreement,determiner_noun_agreement_irregular_1,True,True,False,True,566,-44.49384307861328,-50.13513946533203,1
Some doctor can't argue about those bases.,Some doctor can't argue about those basis.,morphology,determiner_noun_agreement,determiner_noun_agreement_irregular_1,True,True,False,True,567,-59.532440185546875,-63.406402587890625,1
Most libraries have these geese.,Most libraries have these goose.,morphology,determiner_noun_agreement,determiner_noun_agreement_irregular_1,True,True,False,True,568,-43.14336013793945,-43.8597526550293,1
April thought about these bases.,April thought about these basis.,morphology,determiner_noun_agreement,determiner_noun_agreement_irregular_1,True,True,False,True,569,-45.754940032958984,-49.31950378417969,1
Amy couldn't sell this stimulus.,Amy couldn't sell this stimuli.,morphology,determiner_noun_agreement,determiner_noun_agreement_irregular_1,True,True,False,True,570,-47.32707977294922,-50.29215621948242,1
Sheila attacks that man.,Sheila attacks that men.,morphology,determiner_noun_agreement,determiner_noun_agreement_irregular_1,True,True,False,True,571,-37.09999465942383,-42.319210052490234,1
Teenagers wouldn't flee from this oasis.,Teenagers wouldn't flee from this oases.,morphology,determiner_noun_agreement,determiner_noun_agreement_irregular_1,True,True,False,True,572,-54.91535186767578,-61.6163330078125,1
John has appreciated that hypothesis.,John has appreciated that hypotheses.,morphology,determiner_noun_agreement,determiner_noun_agreement_irregular_1,True,True,False,True,573,-42.25187301635742,-48.186946868896484,1
Theodore did complain about these analyses.,Theodore did complain about these analysis.,morphology,determiner_noun_agreement,determiner_noun_agreement_irregular_1,True,True,False,True,574,-52.401302337646484,-55.32130432128906,1
Robert wasn't cleaning those octopi.,Robert wasn't cleaning those octopus.,morphology,determiner_noun_agreement,determiner_noun_agreement_irregular_1,True,True,False,True,575,-53.44586181640625,-53.358463287353516,0
Many libraries appreciate these crises.,Many libraries appreciate these crisis.,morphology,determiner_noun_agreement,determiner_noun_agreement_irregular_1,True,True,False,True,576,-46.770660400390625,-51.38459014892578,1
Lisa can't observe those men.,Lisa can't observe those man.,morphology,determiner_noun_agreement,determiner_noun_agreement_irregular_1,True,True,False,True,577,-48.32720947265625,-54.08184814453125,1
Kirsten appreciates that child.,Kirsten appreciates that children.,morphology,determiner_noun_agreement,determiner_noun_agreement_irregular_1,True,True,False,True,578,-45.548561096191406,-45.657222747802734,1
Brett isn't praising this analysis.,Brett isn't praising this analyses.,morphology,determiner_noun_agreement,determiner_noun_agreement_irregular_1,True,True,False,True,579,-45.27934265136719,-52.89732360839844,1
Beth wasn't discussing that synopsis.,Beth wasn't discussing that synopses.,morphology,determiner_noun_agreement,determiner_noun_agreement_irregular_1,True,True,False,True,580,-50.64579391479492,-58.12872314453125,1
Most companies appreciate this diagnosis.,Most companies appreciate this diagnoses.,morphology,determiner_noun_agreement,determiner_noun_agreement_irregular_1,True,True,False,True,581,-40.42829132080078,-48.238929748535156,1
These ladies discover this analysis.,These ladies discover this analyses.,morphology,determiner_noun_agreement,determiner_noun_agreement_irregular_1,True,True,False,True,582,-46.095428466796875,-51.457061767578125,1
Libraries admire that fungus.,Libraries admire that fungi.,morphology,determiner_noun_agreement,determiner_noun_agreement_irregular_1,True,True,False,True,583,-47.47798156738281,-50.065826416015625,1
Sara has worked with this child.,Sara has worked with this children.,morphology,determiner_noun_agreement,determiner_noun_agreement_irregular_1,True,True,False,True,584,-38.43537902832031,-41.6407470703125,1
Clyde hasn't appreciated these paralyses.,Clyde hasn't appreciated these paralysis.,morphology,determiner_noun_agreement,determiner_noun_agreement_irregular_1,True,True,False,True,585,-59.22607421875,-60.12135696411133,1
Brett should think about those analyses.,Brett should think about those analysis.,morphology,determiner_noun_agreement,determiner_noun_agreement_irregular_1,True,True,False,True,586,-45.409812927246094,-47.498680114746094,1
These ladies think about these ellipses.,These ladies think about these ellipsis.,morphology,determiner_noun_agreement,determiner_noun_agreement_irregular_1,True,True,False,True,587,-50.609344482421875,-55.0777702331543,1
Lucille thought about these mice.,Lucille thought about these mouse.,morphology,determiner_noun_agreement,determiner_noun_agreement_irregular_1,True,True,False,True,588,-46.642269134521484,-52.36785125732422,1
Many ladies haven't seen that ox.,Many ladies haven't seen that oxen.,morphology,determiner_noun_agreement,determiner_noun_agreement_irregular_1,True,True,False,True,589,-50.0678596496582,-54.800411224365234,1
These teachers concealed those children.,These teachers concealed those child.,morphology,determiner_noun_agreement,determiner_noun_agreement_irregular_1,True,True,False,True,590,-48.22471618652344,-53.79917907714844,1
Jennifer isn't boasting about that analysis.,Jennifer isn't boasting about that analyses.,morphology,determiner_noun_agreement,determiner_noun_agreement_irregular_1,True,True,False,True,591,-48.96523666381836,-56.00090789794922,1
The waiters buy these fungi.,The waiters buy these fungus.,morphology,determiner_noun_agreement,determiner_noun_agreement_irregular_1,True,True,False,True,592,-50.54736328125,-54.619964599609375,1
Andrew might appreciate that synthesis.,Andrew might appreciate that syntheses.,morphology,determiner_noun_agreement,determiner_noun_agreement_irregular_1,True,True,False,True,593,-47.63121795654297,-55.577301025390625,1
Rebecca was returning to this oasis.,Rebecca was returning to this oases.,morphology,determiner_noun_agreement,determiner_noun_agreement_irregular_1,True,True,False,True,594,-47.392425537109375,-56.82179260253906,1
Cheryl will research this ellipsis.,Cheryl will research this ellipses.,morphology,determiner_noun_agreement,determiner_noun_agreement_irregular_1,True,True,False,True,595,-55.97585678100586,-56.56943893432617,1
Every child is returning to that man.,Every child is returning to that men.,morphology,determiner_noun_agreement,determiner_noun_agreement_irregular_1,True,True,False,True,596,-49.690269470214844,-58.811767578125,1
Donna hasn't discovered that louse.,Donna hasn't discovered that lice.,morphology,determiner_noun_agreement,determiner_noun_agreement_irregular_1,True,True,False,True,597,-51.91485595703125,-50.05426788330078,0
David cleaned this thesis.,David cleaned this theses.,morphology,determiner_noun_agreement,determiner_noun_agreement_irregular_1,True,True,False,True,598,-45.11811828613281,-49.47369384765625,1
Stacey noticed those fungi.,Stacey noticed those fungus.,morphology,determiner_noun_agreement,determiner_noun_agreement_irregular_1,True,True,False,True,599,-45.297149658203125,-49.232383728027344,1
Jesus appreciated those ellipses.,Jesus appreciated those ellipsis.,morphology,determiner_noun_agreement,determiner_noun_agreement_irregular_1,True,True,False,True,600,-48.028839111328125,-52.18293762207031,1
Many waitresses think about this louse.,Many waitresses think about this lice.,morphology,determiner_noun_agreement,determiner_noun_agreement_irregular_1,True,True,False,True,601,-53.555023193359375,-55.67176055908203,1
That student shouldn't complain about that diagnosis.,That student shouldn't complain about that diagnoses.,morphology,determiner_noun_agreement,determiner_noun_agreement_irregular_1,True,True,False,True,602,-47.46820068359375,-53.19804763793945,1
The Clintons can take these stimuli.,The Clintons can take these stimulus.,morphology,determiner_noun_agreement,determiner_noun_agreement_irregular_1,True,True,False,True,603,-46.00575637817383,-51.295806884765625,1
Diane has these mice.,Diane has these mouse.,morphology,determiner_noun_agreement,determiner_noun_agreement_irregular_1,True,True,False,True,604,-37.05206298828125,-41.34037780761719,1
Douglas can't appreciate that synthesis.,Douglas can't appreciate that syntheses.,morphology,determiner_noun_agreement,determiner_noun_agreement_irregular_1,True,True,False,True,605,-50.59147644042969,-58.168575286865234,1
Patrick hasn't boasted about these bases.,Patrick hasn't boasted about these basis.,morphology,determiner_noun_agreement,determiner_noun_agreement_irregular_1,True,True,False,True,606,-56.51825714111328,-62.23046112060547,1
Tonya hasn't lifted these lice.,Tonya hasn't lifted these louse.,morphology,determiner_noun_agreement,determiner_noun_agreement_irregular_1,True,True,False,True,607,-58.24053955078125,-62.77894592285156,1
Every customer shouldn't clean this mouse.,Every customer shouldn't clean this mice.,morphology,determiner_noun_agreement,determiner_noun_agreement_irregular_1,True,True,False,True,608,-50.76332473754883,-55.7745361328125,1
Guy is questioning this man.,Guy is questioning this men.,morphology,determiner_noun_agreement,determiner_noun_agreement_irregular_1,True,True,False,True,609,-38.51710510253906,-45.9837646484375,1
Carl can examine these synopses.,Carl can examine these synopsis.,morphology,determiner_noun_agreement,determiner_noun_agreement_irregular_1,True,True,False,True,610,-51.753639221191406,-53.86817932128906,1
Diane wasn't thinking about that medium.,Diane wasn't thinking about that media.,morphology,determiner_noun_agreement,determiner_noun_agreement_irregular_1,True,True,False,True,611,-44.483795166015625,-44.71509552001953,1
People boast about these paralyses.,People boast about these paralysis.,morphology,determiner_noun_agreement,determiner_noun_agreement_irregular_1,True,True,False,True,612,-47.64079284667969,-46.939697265625,0
Adam boasted about these phenomena.,Adam boasted about these phenomenon.,morphology,determiner_noun_agreement,determiner_noun_agreement_irregular_1,True,True,False,True,613,-47.663795471191406,-48.63666915893555,1
Frank lifts this mouse.,Frank lifts this mice.,morphology,determiner_noun_agreement,determiner_noun_agreement_irregular_1,True,True,False,True,614,-42.817466735839844,-48.51708984375,1
That pedestrian found this nucleus.,That pedestrian found this nuclei.,morphology,determiner_noun_agreement,determiner_noun_agreement_irregular_1,True,True,False,True,615,-53.19178771972656,-57.280799865722656,1
Richard hasn't healed this man.,Richard hasn't healed this men.,morphology,determiner_noun_agreement,determiner_noun_agreement_irregular_1,True,True,False,True,616,-46.4473762512207,-56.395347595214844,1
Gerald hadn't bought that oasis.,Gerald hadn't bought that oases.,morphology,determiner_noun_agreement,determiner_noun_agreement_irregular_1,True,True,False,True,617,-47.84348678588867,-55.53553771972656,1
Guys conceal this thesis.,Guys conceal this theses.,morphology,determiner_noun_agreement,determiner_noun_agreement_irregular_1,True,True,False,True,618,-44.27373504638672,-48.805572509765625,1
Some guests research that ellipsis.,Some guests research that ellipses.,morphology,determiner_noun_agreement,determiner_noun_agreement_irregular_1,True,True,False,True,619,-52.49653625488281,-53.64699935913086,1
Edward explored that oasis.,Edward explored that oases.,morphology,determiner_noun_agreement,determiner_noun_agreement_irregular_1,True,True,False,True,620,-43.13255310058594,-49.61419677734375,1
Most boys might reveal that child.,Most boys might reveal that children.,morphology,determiner_noun_agreement,determiner_noun_agreement_irregular_1,True,True,False,True,621,-53.12615966796875,-55.24224090576172,1
Most sketches look like this louse.,Most sketches look like this lice.,morphology,determiner_noun_agreement,determiner_noun_agreement_irregular_1,True,True,False,True,622,-50.088863372802734,-52.83367919921875,1
The glasses weren't disturbing these alumni.,The glasses weren't disturbing these alumnus.,morphology,determiner_noun_agreement,determiner_noun_agreement_irregular_1,True,True,False,True,623,-57.44596862792969,-61.92500305175781,1
Kristin hadn't taken this octopus.,Kristin hadn't taken this octopi.,morphology,determiner_noun_agreement,determiner_noun_agreement_irregular_1,True,True,False,True,624,-57.352928161621094,-63.146385192871094,1
Holly was noticing that octopus.,Holly was noticing that octopi.,morphology,determiner_noun_agreement,determiner_noun_agreement_irregular_1,True,True,False,True,625,-47.84147644042969,-52.175262451171875,1
Carl heals these oxen.,Carl heals these ox.,morphology,determiner_noun_agreement,determiner_noun_agreement_irregular_1,True,True,False,True,626,-57.92112350463867,-57.539764404296875,0
Brian did argue about these media.,Brian did argue about these medium.,morphology,determiner_noun_agreement,determiner_noun_agreement_irregular_1,True,True,False,True,627,-50.19101333618164,-53.374412536621094,1
Donna argued about these synopses.,Donna argued about these synopsis.,morphology,determiner_noun_agreement,determiner_noun_agreement_irregular_1,True,True,False,True,628,-48.7124137878418,-51.09070587158203,1
Drivers were discovering that crisis.,Drivers were discovering that crises.,morphology,determiner_noun_agreement,determiner_noun_agreement_irregular_1,True,True,False,True,629,-47.01544189453125,-50.89133071899414,1
Kirsten cleaned those teeth.,Kirsten cleaned those tooth.,morphology,determiner_noun_agreement,determiner_noun_agreement_irregular_1,True,True,False,True,630,-40.645057678222656,-48.245086669921875,1
That customer hadn't revealed those octopi.,That customer hadn't revealed those octopus.,morphology,determiner_noun_agreement,determiner_noun_agreement_irregular_1,True,True,False,True,631,-61.114009857177734,-61.212005615234375,1
All boys discover this person.,All boys discover this people.,morphology,determiner_noun_agreement,determiner_noun_agreement_irregular_1,True,True,False,True,632,-41.69111251831055,-45.52642822265625,1
A lot of boys had disagreed with this analysis.,A lot of boys had disagreed with this analyses.,morphology,determiner_noun_agreement,determiner_noun_agreement_irregular_1,True,True,False,True,633,-49.13068771362305,-56.77766418457031,1
Jacqueline isn't taking those mice.,Jacqueline isn't taking those mouse.,morphology,determiner_noun_agreement,determiner_noun_agreement_irregular_1,True,True,False,True,634,-45.78268814086914,-50.73365783691406,1
Companies discuss that person.,Companies discuss that people.,morphology,determiner_noun_agreement,determiner_noun_agreement_irregular_1,True,True,False,True,635,-39.97315216064453,-40.472721099853516,1
Denise noticed those lice.,Denise noticed those louse.,morphology,determiner_noun_agreement,determiner_noun_agreement_irregular_1,True,True,False,True,636,-47.684783935546875,-54.23119354248047,1
Walter hates these analyses.,Walter hates these analysis.,morphology,determiner_noun_agreement,determiner_noun_agreement_irregular_1,True,True,False,True,637,-42.17060089111328,-44.804481506347656,1
The government boasts about that paralysis.,The government boasts about that paralyses.,morphology,determiner_noun_agreement,determiner_noun_agreement_irregular_1,True,True,False,True,638,-47.29692077636719,-55.48065185546875,1
Most ladies confuses that person.,Most ladies confuses that people.,morphology,determiner_noun_agreement,determiner_noun_agreement_irregular_1,True,True,False,True,639,-50.31499481201172,-50.4799690246582,1
Martha brought this foot.,Martha brought this feet.,morphology,determiner_noun_agreement,determiner_noun_agreement_irregular_1,True,True,False,True,640,-42.67729187011719,-47.05982971191406,1
Danielle didn't heal these people.,Danielle didn't heal these person.,morphology,determiner_noun_agreement,determiner_noun_agreement_irregular_1,True,True,False,True,641,-47.104862213134766,-57.59554672241211,1
Jill should take that nucleus.,Jill should take that nuclei.,morphology,determiner_noun_agreement,determiner_noun_agreement_irregular_1,True,True,False,True,642,-46.50410461425781,-50.91762161254883,1
Claire complained about that medium.,Claire complained about that media.,morphology,determiner_noun_agreement,determiner_noun_agreement_irregular_1,True,True,False,True,643,-44.47320556640625,-44.20637893676758,0
Jodi hadn't appreciated those crises.,Jodi hadn't appreciated those crisis.,morphology,determiner_noun_agreement,determiner_noun_agreement_irregular_1,True,True,False,True,644,-55.9198112487793,-59.06312942504883,1
Deanna thought about that nucleus.,Deanna thought about that nuclei.,morphology,determiner_noun_agreement,determiner_noun_agreement_irregular_1,True,True,False,True,645,-47.556793212890625,-52.39006805419922,1
The Clintons could take those oases.,The Clintons could take those oasis.,morphology,determiner_noun_agreement,determiner_noun_agreement_irregular_1,True,True,False,True,646,-51.4001350402832,-56.23401641845703,1
Connie has noticed that nucleus.,Connie has noticed that nuclei.,morphology,determiner_noun_agreement,determiner_noun_agreement_irregular_1,True,True,False,True,647,-49.646087646484375,-51.677085876464844,1
Actors think about these oxen.,Actors think about these ox.,morphology,determiner_noun_agreement,determiner_noun_agreement_irregular_1,True,True,False,True,648,-50.50164031982422,-51.00615310668945,1
All doctors argue about that woman.,All doctors argue about that women.,morphology,determiner_noun_agreement,determiner_noun_agreement_irregular_1,True,True,False,True,649,-42.47319030761719,-46.13380432128906,1
Those waiters discover those phenomena.,Those waiters discover those phenomenon.,morphology,determiner_noun_agreement,determiner_noun_agreement_irregular_1,True,True,False,True,650,-50.04531478881836,-51.24958038330078,1
Tina wasn't thinking about those hypotheses.,Tina wasn't thinking about those hypothesis.,morphology,determiner_noun_agreement,determiner_noun_agreement_irregular_1,True,True,False,True,651,-48.20703125,-51.9155158996582,1
These waiters think about these paralyses.,These waiters think about these paralysis.,morphology,determiner_noun_agreement,determiner_noun_agreement_irregular_1,True,True,False,True,652,-57.652122497558594,-55.94205856323242,0
Beth thought about those synopses.,Beth thought about those synopsis.,morphology,determiner_noun_agreement,determiner_noun_agreement_irregular_1,True,True,False,True,653,-48.60639572143555,-49.82466125488281,1
Every person lifts that louse.,Every person lifts that lice.,morphology,determiner_noun_agreement,determiner_noun_agreement_irregular_1,True,True,False,True,654,-43.87209701538086,-47.085060119628906,1
Spain admired that nucleus.,Spain admired that nuclei.,morphology,determiner_noun_agreement,determiner_noun_agreement_irregular_1,True,True,False,True,655,-44.84404754638672,-50.64799499511719,1
Ella was discovering this basis.,Ella was discovering this bases.,morphology,determiner_noun_agreement,determiner_noun_agreement_irregular_1,True,True,False,True,656,-47.96625900268555,-52.67768478393555,1
Some mouths aggravate these people.,Some mouths aggravate these person.,morphology,determiner_noun_agreement,determiner_noun_agreement_irregular_1,True,True,False,True,657,-51.0509033203125,-59.35521697998047,1
Some cashier cleans these fungi.,Some cashier cleans these fungus.,morphology,determiner_noun_agreement,determiner_noun_agreement_irregular_1,True,True,False,True,658,-58.224029541015625,-61.11731719970703,1
George complained about those paralyses.,George complained about those paralysis.,morphology,determiner_noun_agreement,determiner_noun_agreement_irregular_1,True,True,False,True,659,-49.98265075683594,-49.19516372680664,0
Most hamsters found those axes.,Most hamsters found those axis.,morphology,determiner_noun_agreement,determiner_noun_agreement_irregular_1,True,True,False,True,660,-50.62374496459961,-54.27350997924805,1
An association hadn't boasted about that phenomenon.,An association hadn't boasted about that phenomena.,morphology,determiner_noun_agreement,determiner_noun_agreement_irregular_1,True,True,False,True,661,-63.012535095214844,-65.63020324707031,1
Diane won't cure those people.,Diane won't cure those person.,morphology,determiner_noun_agreement,determiner_noun_agreement_irregular_1,True,True,False,True,662,-45.83092498779297,-52.818580627441406,1
That actor has argued about that medium.,That actor has argued about that media.,morphology,determiner_noun_agreement,determiner_noun_agreement_irregular_1,True,True,False,True,663,-53.245201110839844,-52.4305534362793,0
Martin can conceal that man.,Martin can conceal that men.,morphology,determiner_noun_agreement,determiner_noun_agreement_irregular_1,True,True,False,True,664,-45.65825653076172,-50.059349060058594,1
Tiffany cures these lice.,Tiffany cures these louse.,morphology,determiner_noun_agreement,determiner_noun_agreement_irregular_1,True,True,False,True,665,-45.83134460449219,-52.84463882446289,1
Bradley was admiring this goose.,Bradley was admiring this geese.,morphology,determiner_noun_agreement,determiner_noun_agreement_irregular_1,True,True,False,True,666,-47.02497482299805,-49.876800537109375,1
Patrick did discover that paralysis.,Patrick did discover that paralyses.,morphology,determiner_noun_agreement,determiner_noun_agreement_irregular_1,True,True,False,True,667,-49.33530044555664,-54.322120666503906,1
Harvard University could like that louse.,Harvard University could like that lice.,morphology,determiner_noun_agreement,determiner_noun_agreement_irregular_1,True,True,False,True,668,-50.29389953613281,-54.56772232055664,1
Ann appreciated those paralyses.,Ann appreciated those paralysis.,morphology,determiner_noun_agreement,determiner_noun_agreement_irregular_1,True,True,False,True,669,-46.07627868652344,-47.567237854003906,1
Becca is describing that synopsis.,Becca is describing that synopses.,morphology,determiner_noun_agreement,determiner_noun_agreement_irregular_1,True,True,False,True,670,-50.71409606933594,-56.60758972167969,1
Frank wasn't researching this synopsis.,Frank wasn't researching this synopses.,morphology,determiner_noun_agreement,determiner_noun_agreement_irregular_1,True,True,False,True,671,-48.971134185791016,-54.95337677001953,1
Meredith did observe those men.,Meredith did observe those man.,morphology,determiner_noun_agreement,determiner_noun_agreement_irregular_1,True,True,False,True,672,-46.41145324707031,-52.53816604614258,1
Karen shouldn't boast about those bases.,Karen shouldn't boast about those basis.,morphology,determiner_noun_agreement,determiner_noun_agreement_irregular_1,True,True,False,True,673,-54.23865509033203,-60.34797668457031,1
Jesus has questioned those men.,Jesus has questioned those man.,morphology,determiner_noun_agreement,determiner_noun_agreement_irregular_1,True,True,False,True,674,-41.23216247558594,-44.873390197753906,1
Those pedestrians kiss this man.,Those pedestrians kiss this men.,morphology,determiner_noun_agreement,determiner_noun_agreement_irregular_1,True,True,False,True,675,-47.043128967285156,-53.50825119018555,1
That doctor was healing these geese.,That doctor was healing these goose.,morphology,determiner_noun_agreement,determiner_noun_agreement_irregular_1,True,True,False,True,676,-53.32782745361328,-59.648277282714844,1
All photographs looked like these axes.,All photographs looked like these axis.,morphology,determiner_noun_agreement,determiner_noun_agreement_irregular_1,True,True,False,True,677,-51.19349670410156,-54.72977828979492,1
Frank should cure this goose.,Frank should cure this geese.,morphology,determiner_noun_agreement,determiner_noun_agreement_irregular_1,True,True,False,True,678,-47.4505500793457,-50.78705596923828,1
Many universities had appreciated that paralysis.,Many universities had appreciated that paralyses.,morphology,determiner_noun_agreement,determiner_noun_agreement_irregular_1,True,True,False,True,679,-60.757850646972656,-64.35647583007812,1
Connie hadn't taken these stimuli.,Connie hadn't taken these stimulus.,morphology,determiner_noun_agreement,determiner_noun_agreement_irregular_1,True,True,False,True,680,-52.51103210449219,-55.63550567626953,1
Eva isn't finding these octopi.,Eva isn't finding these octopus.,morphology,determiner_noun_agreement,determiner_noun_agreement_irregular_1,True,True,False,True,681,-52.69489669799805,-51.73809051513672,0
Many women argue about those hypotheses.,Many women argue about those hypothesis.,morphology,determiner_noun_agreement,determiner_noun_agreement_irregular_1,True,True,False,True,682,-47.8129997253418,-51.3809928894043,1
Samuel questioned these men.,Samuel questioned these man.,morphology,determiner_noun_agreement,determiner_noun_agreement_irregular_1,True,True,False,True,683,-39.593048095703125,-45.84899139404297,1
Brett could boast about these media.,Brett could boast about these medium.,morphology,determiner_noun_agreement,determiner_noun_agreement_irregular_1,True,True,False,True,684,-53.949832916259766,-56.43830871582031,1
Dan researched those hypotheses.,Dan researched those hypothesis.,morphology,determiner_noun_agreement,determiner_noun_agreement_irregular_1,True,True,False,True,685,-43.51420593261719,-46.64100646972656,1
Edward hides this ox.,Edward hides this oxen.,morphology,determiner_noun_agreement,determiner_noun_agreement_irregular_1,True,True,False,True,686,-47.442169189453125,-52.34904098510742,1
Tiffany thought about that medium.,Tiffany thought about that media.,morphology,determiner_noun_agreement,determiner_noun_agreement_irregular_1,True,True,False,True,687,-43.25471496582031,-44.6082878112793,1
This casserole astounds those alumni.,This casserole astounds those alumnus.,morphology,determiner_noun_agreement,determiner_noun_agreement_irregular_1,True,True,False,True,688,-57.959075927734375,-58.05034255981445,1
Martha has discussed these analyses.,Martha has discussed these analysis.,morphology,determiner_noun_agreement,determiner_noun_agreement_irregular_1,True,True,False,True,689,-46.490478515625,-48.35491180419922,1
A lot of senators reveal this tooth.,A lot of senators reveal this teeth.,morphology,determiner_noun_agreement,determiner_noun_agreement_irregular_1,True,True,False,True,690,-52.471336364746094,-54.29853057861328,1
These waiters hide those men.,These waiters hide those man.,morphology,determiner_noun_agreement,determiner_noun_agreement_irregular_1,True,True,False,True,691,-49.166324615478516,-54.4859619140625,1
The child noticed those lice.,The child noticed those louse.,morphology,determiner_noun_agreement,determiner_noun_agreement_irregular_1,True,True,False,True,692,-46.44475173950195,-53.72372817993164,1
Joel hasn't discovered these feet.,Joel hasn't discovered these foot.,morphology,determiner_noun_agreement,determiner_noun_agreement_irregular_1,True,True,False,True,693,-49.816368103027344,-52.78306579589844,1
Those adults hide these feet.,Those adults hide these foot.,morphology,determiner_noun_agreement,determiner_noun_agreement_irregular_1,True,True,False,True,694,-50.075469970703125,-53.669700622558594,1
Those girls think about those mice.,Those girls think about those mouse.,morphology,determiner_noun_agreement,determiner_noun_agreement_irregular_1,True,True,False,True,695,-45.19689178466797,-50.508243560791016,1
Susan conceals those children.,Susan conceals those child.,morphology,determiner_noun_agreement,determiner_noun_agreement_irregular_1,True,True,False,True,696,-44.52143096923828,-48.90080261230469,1
Danielle can lift these mice.,Danielle can lift these mouse.,morphology,determiner_noun_agreement,determiner_noun_agreement_irregular_1,True,True,False,True,697,-48.80803298950195,-53.535194396972656,1
Craig appreciates this alumnus.,Craig appreciates this alumni.,morphology,determiner_noun_agreement,determiner_noun_agreement_irregular_1,True,True,False,True,698,-45.55698013305664,-45.16395568847656,0
Laurie was noticing those teeth.,Laurie was noticing those tooth.,morphology,determiner_noun_agreement,determiner_noun_agreement_irregular_1,True,True,False,True,699,-45.21640396118164,-53.87478256225586,1
Florence was noticing this louse.,Florence was noticing this lice.,morphology,determiner_noun_agreement,determiner_noun_agreement_irregular_1,True,True,False,True,700,-52.27415466308594,-54.34325408935547,1
Christine buys those stimuli.,Christine buys those stimulus.,morphology,determiner_noun_agreement,determiner_noun_agreement_irregular_1,True,True,False,True,701,-48.60237121582031,-51.26784133911133,1
Renee revealed these feet.,Renee revealed these foot.,morphology,determiner_noun_agreement,determiner_noun_agreement_irregular_1,True,True,False,True,702,-44.447303771972656,-47.56739044189453,1
Jason scares that woman.,Jason scares that women.,morphology,determiner_noun_agreement,determiner_noun_agreement_irregular_1,True,True,False,True,703,-39.61646270751953,-44.046104431152344,1
Brenda isn't boasting about those hypotheses.,Brenda isn't boasting about those hypothesis.,morphology,determiner_noun_agreement,determiner_noun_agreement_irregular_1,True,True,False,True,704,-55.650146484375,-59.63288116455078,1
Every cashier has revealed those nuclei.,Every cashier has revealed those nucleus.,morphology,determiner_noun_agreement,determiner_noun_agreement_irregular_1,True,True,False,True,705,-63.74599075317383,-64.75907897949219,1
Timothy would think about those oxen.,Timothy would think about those ox.,morphology,determiner_noun_agreement,determiner_noun_agreement_irregular_1,True,True,False,True,706,-51.756980895996094,-52.0223388671875,1
Donald doesn't boast about those hypotheses.,Donald doesn't boast about those hypothesis.,morphology,determiner_noun_agreement,determiner_noun_agreement_irregular_1,True,True,False,True,707,-51.08833312988281,-55.1892204284668,1
Renee would notice this tooth.,Renee would notice this teeth.,morphology,determiner_noun_agreement,determiner_noun_agreement_irregular_1,True,True,False,True,708,-43.63547134399414,-48.696441650390625,1
George was discovering this goose.,George was discovering this geese.,morphology,determiner_noun_agreement,determiner_noun_agreement_irregular_1,True,True,False,True,709,-47.82923126220703,-49.979034423828125,1
Lissa won't sell this oasis.,Lissa won't sell this oases.,morphology,determiner_noun_agreement,determiner_noun_agreement_irregular_1,True,True,False,True,710,-49.14476776123047,-55.472843170166016,1
Marla did appreciate this thesis.,Marla did appreciate this theses.,morphology,determiner_noun_agreement,determiner_noun_agreement_irregular_1,True,True,False,True,711,-48.130653381347656,-53.891868591308594,1
Lisa was researching these syntheses.,Lisa was researching these synthesis.,morphology,determiner_noun_agreement,determiner_noun_agreement_irregular_1,True,True,False,True,712,-48.15541076660156,-51.15142822265625,1
Sally isn't boasting about that analysis.,Sally isn't boasting about that analyses.,morphology,determiner_noun_agreement,determiner_noun_agreement_irregular_1,True,True,False,True,713,-48.93962860107422,-56.1661262512207,1
Senators buy this cactus.,Senators buy this cacti.,morphology,determiner_noun_agreement,determiner_noun_agreement_irregular_1,True,True,False,True,714,-43.2595329284668,-46.644447326660156,1
The Lutherans complain about this synthesis.,The Lutherans complain about this syntheses.,morphology,determiner_noun_agreement,determiner_noun_agreement_irregular_1,True,True,False,True,715,-54.257850646972656,-60.731266021728516,1
Guy could like those teeth.,Guy could like those tooth.,morphology,determiner_noun_agreement,determiner_noun_agreement_irregular_1,True,True,False,True,716,-42.94039535522461,-50.49241638183594,1
Some actresses like this cactus.,Some actresses like this cacti.,morphology,determiner_noun_agreement,determiner_noun_agreement_irregular_1,True,True,False,True,717,-44.46978759765625,-47.58749771118164,1
Nancy can take these teeth.,Nancy can take these tooth.,morphology,determiner_noun_agreement,determiner_noun_agreement_irregular_1,True,True,False,True,718,-42.488914489746094,-49.62488555908203,1
All organizations boast about these paralyses.,All organizations boast about these paralysis.,morphology,determiner_noun_agreement,determiner_noun_agreement_irregular_1,True,True,False,True,719,-54.49314880371094,-55.803733825683594,1
Gina had bothered this person.,Gina had bothered this people.,morphology,determiner_noun_agreement,determiner_noun_agreement_irregular_1,True,True,False,True,720,-43.552085876464844,-47.782230377197266,1
The Borgias research this crisis.,The Borgias research this crises.,morphology,determiner_noun_agreement,determiner_noun_agreement_irregular_1,True,True,False,True,721,-51.31593322753906,-57.677223205566406,1
The ladies sound like those women.,The ladies sound like those woman.,morphology,determiner_noun_agreement,determiner_noun_agreement_irregular_1,True,True,False,True,722,-43.10643005371094,-47.47313690185547,1
Martin notices that nucleus.,Martin notices that nuclei.,morphology,determiner_noun_agreement,determiner_noun_agreement_irregular_1,True,True,False,True,723,-45.48677444458008,-46.9488525390625,1
Some actor lifts those octopi.,Some actor lifts those octopus.,morphology,determiner_noun_agreement,determiner_noun_agreement_irregular_1,True,True,False,True,724,-57.24659729003906,-56.091312408447266,0
This dancer isn't thinking about that medium.,This dancer isn't thinking about that media.,morphology,determiner_noun_agreement,determiner_noun_agreement_irregular_1,True,True,False,True,725,-53.71173858642578,-55.23397445678711,1
Many boys appreciate these diagnoses.,Many boys appreciate these diagnosis.,morphology,determiner_noun_agreement,determiner_noun_agreement_irregular_1,True,True,False,True,726,-46.07788848876953,-50.75394058227539,1
Robert hadn't upset that child.,Robert hadn't upset that children.,morphology,determiner_noun_agreement,determiner_noun_agreement_irregular_1,True,True,False,True,727,-45.64967727661133,-51.01649475097656,1
These malls disturb this woman.,These malls disturb this women.,morphology,determiner_noun_agreement,determiner_noun_agreement_irregular_1,True,True,False,True,728,-52.344268798828125,-55.305904388427734,1
Some waiter approaches that man.,Some waiter approaches that men.,morphology,determiner_noun_agreement,determiner_noun_agreement_irregular_1,True,True,False,True,729,-46.87761688232422,-51.17123794555664,1
Nina shouldn't research this diagnosis.,Nina shouldn't research this diagnoses.,morphology,determiner_noun_agreement,determiner_noun_agreement_irregular_1,True,True,False,True,730,-52.02586364746094,-56.84638214111328,1
Todd thinks about these paralyses.,Todd thinks about these paralysis.,morphology,determiner_noun_agreement,determiner_noun_agreement_irregular_1,True,True,False,True,731,-46.76347732543945,-46.20294952392578,0
All senators admire that tooth.,All senators admire that teeth.,morphology,determiner_noun_agreement,determiner_noun_agreement_irregular_1,True,True,False,True,732,-51.46497344970703,-53.51252746582031,1
Carol couldn't boast about that paralysis.,Carol couldn't boast about that paralyses.,morphology,determiner_noun_agreement,determiner_noun_agreement_irregular_1,True,True,False,True,733,-56.09397888183594,-68.81367492675781,1
Derek hasn't cured those oxen.,Derek hasn't cured those ox.,morphology,determiner_noun_agreement,determiner_noun_agreement_irregular_1,True,True,False,True,734,-61.25774383544922,-59.769187927246094,0
Clyde was cleaning this nucleus.,Clyde was cleaning this nuclei.,morphology,determiner_noun_agreement,determiner_noun_agreement_irregular_1,True,True,False,True,735,-50.54618453979492,-55.512123107910156,1
Edward finds those nuclei.,Edward finds those nucleus.,morphology,determiner_noun_agreement,determiner_noun_agreement_irregular_1,True,True,False,True,736,-46.87190628051758,-47.99559783935547,1
The guests hate that thesis.,The guests hate that theses.,morphology,determiner_noun_agreement,determiner_noun_agreement_irregular_1,True,True,False,True,737,-45.14727020263672,-51.96048355102539,1
Dawn wasn't visiting that woman.,Dawn wasn't visiting that women.,morphology,determiner_noun_agreement,determiner_noun_agreement_irregular_1,True,True,False,True,738,-44.20954132080078,-51.23933029174805,1
Ronald wasn't revealing that child.,Ronald wasn't revealing that children.,morphology,determiner_noun_agreement,determiner_noun_agreement_irregular_1,True,True,False,True,739,-53.494361877441406,-57.53102111816406,1
Candice had shocked this person.,Candice had shocked this people.,morphology,determiner_noun_agreement,determiner_noun_agreement_irregular_1,True,True,False,True,740,-46.00658416748047,-47.7899169921875,1
Gina researched that paralysis.,Gina researched that paralyses.,morphology,determiner_noun_agreement,determiner_noun_agreement_irregular_1,True,True,False,True,741,-53.116249084472656,-57.967491149902344,1
Pedestrians disagree with these analyses.,Pedestrians disagree with these analysis.,morphology,determiner_noun_agreement,determiner_noun_agreement_irregular_1,True,True,False,True,742,-45.426246643066406,-46.702239990234375,1
Amanda is taking these feet.,Amanda is taking these foot.,morphology,determiner_noun_agreement,determiner_noun_agreement_irregular_1,True,True,False,True,743,-44.358497619628906,-45.72555160522461,1
Kathleen might lift this fungus.,Kathleen might lift this fungi.,morphology,determiner_noun_agreement,determiner_noun_agreement_irregular_1,True,True,False,True,744,-54.059364318847656,-58.97443771362305,1
The pictures looked like these mice.,The pictures looked like these mouse.,morphology,determiner_noun_agreement,determiner_noun_agreement_irregular_1,True,True,False,True,745,-41.17916488647461,-44.94377899169922,1
Suzanne doesn't think about those syntheses.,Suzanne doesn't think about those synthesis.,morphology,determiner_noun_agreement,determiner_noun_agreement_irregular_1,True,True,False,True,746,-49.7381477355957,-52.95885467529297,1
Alexander appreciated that crisis.,Alexander appreciated that crises.,morphology,determiner_noun_agreement,determiner_noun_agreement_irregular_1,True,True,False,True,747,-39.863956451416016,-46.71415710449219,1
Ladies have taken that nucleus.,Ladies have taken that nuclei.,morphology,determiner_noun_agreement,determiner_noun_agreement_irregular_1,True,True,False,True,748,-46.563255310058594,-50.49956512451172,1
Some drivers kiss these men.,Some drivers kiss these man.,morphology,determiner_noun_agreement,determiner_noun_agreement_irregular_1,True,True,False,True,749,-44.96144104003906,-50.440616607666016,1
Sherry found these mice.,Sherry found these mouse.,morphology,determiner_noun_agreement,determiner_noun_agreement_irregular_1,True,True,False,True,750,-41.864479064941406,-46.61030578613281,1
Marla liked these geese.,Marla liked these goose.,morphology,determiner_noun_agreement,determiner_noun_agreement_irregular_1,True,True,False,True,751,-43.579769134521484,-47.922035217285156,1
Veronica wasn't researching this crisis.,Veronica wasn't researching this crises.,morphology,determiner_noun_agreement,determiner_noun_agreement_irregular_1,True,True,False,True,752,-48.56237030029297,-55.56454849243164,1
Carla discovered that tooth.,Carla discovered that teeth.,morphology,determiner_noun_agreement,determiner_noun_agreement_irregular_1,True,True,False,True,753,-42.75232696533203,-43.479644775390625,1
Kimberley hasn't sold these octopi.,Kimberley hasn't sold these octopus.,morphology,determiner_noun_agreement,determiner_noun_agreement_irregular_1,True,True,False,True,754,-57.37622833251953,-56.051719665527344,0
Kendra boasts about those diagnoses.,Kendra boasts about those diagnosis.,morphology,determiner_noun_agreement,determiner_noun_agreement_irregular_1,True,True,False,True,755,-52.90940475463867,-55.457069396972656,1
That guy is concealing those fungi.,That guy is concealing those fungus.,morphology,determiner_noun_agreement,determiner_noun_agreement_irregular_1,True,True,False,True,756,-51.45659637451172,-53.547760009765625,1
This doctor hadn't discovered these crises.,This doctor hadn't discovered these crisis.,morphology,determiner_noun_agreement,determiner_noun_agreement_irregular_1,True,True,False,True,757,-56.860809326171875,-58.559234619140625,1
Some teenager isn't revealing those men.,Some teenager isn't revealing those man.,morphology,determiner_noun_agreement,determiner_noun_agreement_irregular_1,True,True,False,True,758,-58.515953063964844,-61.286346435546875,1
Teenagers appreciate that crisis.,Teenagers appreciate that crises.,morphology,determiner_noun_agreement,determiner_noun_agreement_irregular_1,True,True,False,True,759,-42.194705963134766,-46.82691955566406,1
Kristin boasted about those syntheses.,Kristin boasted about those synthesis.,morphology,determiner_noun_agreement,determiner_noun_agreement_irregular_1,True,True,False,True,760,-58.417076110839844,-61.4410400390625,1
Every screen shocked that man.,Every screen shocked that men.,morphology,determiner_noun_agreement,determiner_noun_agreement_irregular_1,True,True,False,True,761,-47.439788818359375,-51.35521697998047,1
All waiters liked that nucleus.,All waiters liked that nuclei.,morphology,determiner_noun_agreement,determiner_noun_agreement_irregular_1,True,True,False,True,762,-49.585662841796875,-53.70111846923828,1
Richard doesn't research that stimulus.,Richard doesn't research that stimuli.,morphology,determiner_noun_agreement,determiner_noun_agreement_irregular_1,True,True,False,True,763,-50.38658142089844,-53.172733306884766,1
The lady hadn't researched those paralyses.,The lady hadn't researched those paralysis.,morphology,determiner_noun_agreement,determiner_noun_agreement_irregular_1,True,True,False,True,764,-61.02265548706055,-59.92736053466797,0
Carl can't have this goose.,Carl can't have this geese.,morphology,determiner_noun_agreement,determiner_noun_agreement_irregular_1,True,True,False,True,765,-45.657649993896484,-48.4238395690918,1
Cashiers aren't researching this phenomenon.,Cashiers aren't researching this phenomena.,morphology,determiner_noun_agreement,determiner_noun_agreement_irregular_1,True,True,False,True,766,-47.1725959777832,-49.936275482177734,1
Omar complains about that crisis.,Omar complains about that crises.,morphology,determiner_noun_agreement,determiner_noun_agreement_irregular_1,True,True,False,True,767,-42.785640716552734,-47.938995361328125,1
Angela notices these mice.,Angela notices these mouse.,morphology,determiner_noun_agreement,determiner_noun_agreement_irregular_1,True,True,False,True,768,-42.34016799926758,-47.66162109375,1
Ann appreciates these ellipses.,Ann appreciates these ellipsis.,morphology,determiner_noun_agreement,determiner_noun_agreement_irregular_1,True,True,False,True,769,-42.13294982910156,-47.109004974365234,1
Angela finds those axes.,Angela finds those axis.,morphology,determiner_noun_agreement,determiner_noun_agreement_irregular_1,True,True,False,True,770,-44.128578186035156,-48.266357421875,1
All girls buy this stimulus.,All girls buy this stimuli.,morphology,determiner_noun_agreement,determiner_noun_agreement_irregular_1,True,True,False,True,771,-43.691612243652344,-45.385684967041016,1
Wendy thinks about those syntheses.,Wendy thinks about those synthesis.,morphology,determiner_noun_agreement,determiner_noun_agreement_irregular_1,True,True,False,True,772,-50.3997802734375,-52.5250244140625,1
The men research this basis.,The men research this bases.,morphology,determiner_noun_agreement,determiner_noun_agreement_irregular_1,True,True,False,True,773,-43.48624801635742,-47.34352493286133,1
Peter cleans that louse.,Peter cleans that lice.,morphology,determiner_noun_agreement,determiner_noun_agreement_irregular_1,True,True,False,True,774,-45.8693733215332,-46.27517318725586,1
Galileo had sounded like that child.,Galileo had sounded like that children.,morphology,determiner_noun_agreement,determiner_noun_agreement_irregular_1,True,True,False,True,775,-51.32720184326172,-55.16028594970703,1
Sharon argued about this oasis.,Sharon argued about this oases.,morphology,determiner_noun_agreement,determiner_noun_agreement_irregular_1,True,True,False,True,776,-48.78007507324219,-52.92244338989258,1
Elaine could appreciate these media.,Elaine could appreciate these medium.,morphology,determiner_noun_agreement,determiner_noun_agreement_irregular_1,True,True,False,True,777,-49.81260681152344,-52.14757537841797,1
Mitchell exited that oasis.,Mitchell exited that oases.,morphology,determiner_noun_agreement,determiner_noun_agreement_irregular_1,True,True,False,True,778,-47.17213439941406,-53.21125793457031,1
Diane did discover these octopi.,Diane did discover these octopus.,morphology,determiner_noun_agreement,determiner_noun_agreement_irregular_1,True,True,False,True,779,-51.93194580078125,-50.61964797973633,0
This man admired these men.,This man admired these man.,morphology,determiner_noun_agreement,determiner_noun_agreement_irregular_1,True,True,False,True,780,-39.563167572021484,-44.53375244140625,1
Holly researches those paralyses.,Holly researches those paralysis.,morphology,determiner_noun_agreement,determiner_noun_agreement_irregular_1,True,True,False,True,781,-54.747703552246094,-54.723472595214844,0
Wendy hasn't researched that crisis.,Wendy hasn't researched that crises.,morphology,determiner_noun_agreement,determiner_noun_agreement_irregular_1,True,True,False,True,782,-50.08564376831055,-56.98236846923828,1
Spain loves this synopsis.,Spain loves this synopses.,morphology,determiner_noun_agreement,determiner_noun_agreement_irregular_1,True,True,False,True,783,-41.37590789794922,-48.51995086669922,1
Catherine lifts this axis.,Catherine lifts this axes.,morphology,determiner_noun_agreement,determiner_noun_agreement_irregular_1,True,True,False,True,784,-49.73480224609375,-51.5926513671875,1
These waiters have discovered those axes.,These waiters have discovered those axis.,morphology,determiner_noun_agreement,determiner_noun_agreement_irregular_1,True,True,False,True,785,-53.54761505126953,-57.4921875,1
Those doctors complain about these bases.,Those doctors complain about these basis.,morphology,determiner_noun_agreement,determiner_noun_agreement_irregular_1,True,True,False,True,786,-48.93128967285156,-54.505306243896484,1
Every child can upset that child.,Every child can upset that children.,morphology,determiner_noun_agreement,determiner_noun_agreement_irregular_1,True,True,False,True,787,-40.24756622314453,-46.61335754394531,1
Travis concealed those oxen.,Travis concealed those ox.,morphology,determiner_noun_agreement,determiner_noun_agreement_irregular_1,True,True,False,True,788,-53.92411422729492,-53.183223724365234,0
Pamela lifts these oxen.,Pamela lifts these ox.,morphology,determiner_noun_agreement,determiner_noun_agreement_irregular_1,True,True,False,True,789,-52.65515899658203,-52.609710693359375,0
Some customers heal those geese.,Some customers heal those goose.,morphology,determiner_noun_agreement,determiner_noun_agreement_irregular_1,True,True,False,True,790,-53.542640686035156,-59.75056838989258,1
This doctor complained about these hypotheses.,This doctor complained about these hypothesis.,morphology,determiner_noun_agreement,determiner_noun_agreement_irregular_1,True,True,False,True,791,-48.40687561035156,-51.55925750732422,1
Some doctor researches those media.,Some doctor researches those medium.,morphology,determiner_noun_agreement,determiner_noun_agreement_irregular_1,True,True,False,True,792,-51.870304107666016,-54.564796447753906,1
Liam notices that man.,Liam notices that men.,morphology,determiner_noun_agreement,determiner_noun_agreement_irregular_1,True,True,False,True,793,-42.04446792602539,-42.896392822265625,1
David wouldn't discover that axis.,David wouldn't discover that axes.,morphology,determiner_noun_agreement,determiner_noun_agreement_irregular_1,True,True,False,True,794,-50.28742218017578,-54.06010055541992,1
Some ladies watch those alumni.,Some ladies watch those alumnus.,morphology,determiner_noun_agreement,determiner_noun_agreement_irregular_1,True,True,False,True,795,-51.30194091796875,-57.52321243286133,1
Homer won't research that diagnosis.,Homer won't research that diagnoses.,morphology,determiner_noun_agreement,determiner_noun_agreement_irregular_1,True,True,False,True,796,-52.48591613769531,-56.843719482421875,1
Most waitresses sound like this man.,Most waitresses sound like this men.,morphology,determiner_noun_agreement,determiner_noun_agreement_irregular_1,True,True,False,True,797,-48.115943908691406,-52.34946060180664,1
Steven healed those octopi.,Steven healed those octopus.,morphology,determiner_noun_agreement,determiner_noun_agreement_irregular_1,True,True,False,True,798,-56.79863739013672,-55.154720306396484,0
An actor reveals this child.,An actor reveals this children.,morphology,determiner_noun_agreement,determiner_noun_agreement_irregular_1,True,True,False,True,799,-40.64954376220703,-45.66973876953125,1
A lot of customers hide these octopi.,A lot of customers hide these octopus.,morphology,determiner_noun_agreement,determiner_noun_agreement_irregular_1,True,True,False,True,800,-52.65631866455078,-52.073402404785156,0
Wendy observed those women.,Wendy observed those woman.,morphology,determiner_noun_agreement,determiner_noun_agreement_irregular_1,True,True,False,True,801,-38.553794860839844,-43.15003204345703,1
Theodore hasn't discovered that ellipsis.,Theodore hasn't discovered that ellipses.,morphology,determiner_noun_agreement,determiner_noun_agreement_irregular_1,True,True,False,True,802,-58.17265701293945,-59.10011291503906,1
Phillip boasts about this medium.,Phillip boasts about this media.,morphology,determiner_noun_agreement,determiner_noun_agreement_irregular_1,True,True,False,True,803,-49.26297378540039,-50.52021789550781,1
Janice is lifting those theses.,Janice is lifting those thesis.,morphology,determiner_noun_agreement,determiner_noun_agreement_irregular_1,True,True,False,True,804,-50.56758499145508,-54.340606689453125,1
The senators can complain about those crises.,The senators can complain about those crisis.,morphology,determiner_noun_agreement,determiner_noun_agreement_irregular_1,True,True,False,True,805,-51.749000549316406,-56.6796875,1
Allison wasn't insulting that oasis.,Allison wasn't insulting that oases.,morphology,determiner_noun_agreement,determiner_noun_agreement_irregular_1,True,True,False,True,806,-54.46318817138672,-60.251007080078125,1
Cheryl biked to that oasis.,Cheryl biked to that oases.,morphology,determiner_noun_agreement,determiner_noun_agreement_irregular_1,True,True,False,True,807,-53.93989562988281,-63.5836067199707,1
Rachel thinks about those fungi.,Rachel thinks about those fungus.,morphology,determiner_noun_agreement,determiner_noun_agreement_irregular_1,True,True,False,True,808,-45.17079544067383,-47.814998626708984,1
The actors could question that person.,The actors could question that people.,morphology,determiner_noun_agreement,determiner_noun_agreement_irregular_1,True,True,False,True,809,-47.38682556152344,-50.21793746948242,1
Mary wasn't arguing about these crises.,Mary wasn't arguing about these crisis.,morphology,determiner_noun_agreement,determiner_noun_agreement_irregular_1,True,True,False,True,810,-49.94216537475586,-53.131656646728516,1
Colleen doesn't respect that oasis.,Colleen doesn't respect that oases.,morphology,determiner_noun_agreement,determiner_noun_agreement_irregular_1,True,True,False,True,811,-52.03641128540039,-57.07793426513672,1
Beth had researched this crisis.,Beth had researched this crises.,morphology,determiner_noun_agreement,determiner_noun_agreement_irregular_1,True,True,False,True,812,-44.38606262207031,-51.624122619628906,1
Carriages weren't hurting that man.,Carriages weren't hurting that men.,morphology,determiner_noun_agreement,determiner_noun_agreement_irregular_1,True,True,False,True,813,-49.71580505371094,-55.76842498779297,1
Travis won't reveal this fungus.,Travis won't reveal this fungi.,morphology,determiner_noun_agreement,determiner_noun_agreement_irregular_1,True,True,False,True,814,-52.46542739868164,-55.82996368408203,1
Carl likes this goose.,Carl likes this geese.,morphology,determiner_noun_agreement,determiner_noun_agreement_irregular_1,True,True,False,True,815,-39.96316909790039,-41.984718322753906,1
These waitresses think about those syntheses.,These waitresses think about those synthesis.,morphology,determiner_noun_agreement,determiner_noun_agreement_irregular_1,True,True,False,True,816,-57.945465087890625,-59.95608139038086,1
Emily argued about these synopses.,Emily argued about these synopsis.,morphology,determiner_noun_agreement,determiner_noun_agreement_irregular_1,True,True,False,True,817,-49.63374710083008,-52.38808059692383,1
Melinda should hide that octopus.,Melinda should hide that octopi.,morphology,determiner_noun_agreement,determiner_noun_agreement_irregular_1,True,True,False,True,818,-52.063865661621094,-59.3380126953125,1
Benjamin hasn't boasted about this diagnosis.,Benjamin hasn't boasted about this diagnoses.,morphology,determiner_noun_agreement,determiner_noun_agreement_irregular_1,True,True,False,True,819,-52.562164306640625,-59.06294250488281,1
Anna would clean these geese.,Anna would clean these goose.,morphology,determiner_noun_agreement,determiner_noun_agreement_irregular_1,True,True,False,True,820,-50.64673614501953,-54.08600616455078,1
Allison had brought those stimuli.,Allison had brought those stimulus.,morphology,determiner_noun_agreement,determiner_noun_agreement_irregular_1,True,True,False,True,821,-47.803558349609375,-52.20235061645508,1
Connie fled from that man.,Connie fled from that men.,morphology,determiner_noun_agreement,determiner_noun_agreement_irregular_1,True,True,False,True,822,-41.45208740234375,-50.67914581298828,1
A student should conceal that axis.,A student should conceal that axes.,morphology,determiner_noun_agreement,determiner_noun_agreement_irregular_1,True,True,False,True,823,-54.414066314697266,-57.39134216308594,1
David was appreciating those bases.,David was appreciating those basis.,morphology,determiner_noun_agreement,determiner_noun_agreement_irregular_1,True,True,False,True,824,-48.94489669799805,-53.4283561706543,1
Alan wasn't admiring that ox.,Alan wasn't admiring that oxen.,morphology,determiner_noun_agreement,determiner_noun_agreement_irregular_1,True,True,False,True,825,-50.88020324707031,-54.011085510253906,1
Ruth isn't thinking about that man.,Ruth isn't thinking about that men.,morphology,determiner_noun_agreement,determiner_noun_agreement_irregular_1,True,True,False,True,826,-40.17878723144531,-45.799346923828125,1
Raymond has concealed those lice.,Raymond has concealed those louse.,morphology,determiner_noun_agreement,determiner_noun_agreement_irregular_1,True,True,False,True,827,-51.140262603759766,-59.317543029785156,1
Rebecca could reveal those cacti.,Rebecca could reveal those cactus.,morphology,determiner_noun_agreement,determiner_noun_agreement_irregular_1,True,True,False,True,828,-56.75716781616211,-59.1866569519043,1
Bill appreciated those hypotheses.,Bill appreciated those hypothesis.,morphology,determiner_noun_agreement,determiner_noun_agreement_irregular_1,True,True,False,True,829,-41.87363052368164,-44.3597297668457,1
Wayne isn't noticing this nucleus.,Wayne isn't noticing this nuclei.,morphology,determiner_noun_agreement,determiner_noun_agreement_irregular_1,True,True,False,True,830,-62.93720626831055,-67.15451049804688,1
Elizabeth isn't complaining about this basis.,Elizabeth isn't complaining about this bases.,morphology,determiner_noun_agreement,determiner_noun_agreement_irregular_1,True,True,False,True,831,-47.643226623535156,-53.26899719238281,1
Karla hasn't appreciated those hypotheses.,Karla hasn't appreciated those hypothesis.,morphology,determiner_noun_agreement,determiner_noun_agreement_irregular_1,True,True,False,True,832,-57.20920944213867,-61.125911712646484,1
Naomi boasts about this ellipsis.,Naomi boasts about this ellipses.,morphology,determiner_noun_agreement,determiner_noun_agreement_irregular_1,True,True,False,True,833,-53.65217208862305,-55.40678405761719,1
Sheila might sell those stimuli.,Sheila might sell those stimulus.,morphology,determiner_noun_agreement,determiner_noun_agreement_irregular_1,True,True,False,True,834,-50.70674514770508,-53.90739059448242,1
Many children complain about those syntheses.,Many children complain about those synthesis.,morphology,determiner_noun_agreement,determiner_noun_agreement_irregular_1,True,True,False,True,835,-47.99135971069336,-53.84319305419922,1
These men research that hypothesis.,These men research that hypotheses.,morphology,determiner_noun_agreement,determiner_noun_agreement_irregular_1,True,True,False,True,836,-46.24079895019531,-48.718143463134766,1
These men had complained about those crises.,These men had complained about those crisis.,morphology,determiner_noun_agreement,determiner_noun_agreement_irregular_1,True,True,False,True,837,-51.95488739013672,-55.70281219482422,1
Those people find this louse.,Those people find this lice.,morphology,determiner_noun_agreement,determiner_noun_agreement_irregular_1,True,True,False,True,838,-45.335235595703125,-46.898765563964844,1
Homer isn't exiting these oases.,Homer isn't exiting these oasis.,morphology,determiner_noun_agreement,determiner_noun_agreement_irregular_1,True,True,False,True,839,-56.72087097167969,-62.29438781738281,1
Elizabeth notices that octopus.,Elizabeth notices that octopi.,morphology,determiner_noun_agreement,determiner_noun_agreement_irregular_1,True,True,False,True,840,-46.431861877441406,-51.312469482421875,1
A lot of doctors clean that thesis.,A lot of doctors clean that theses.,morphology,determiner_noun_agreement,determiner_noun_agreement_irregular_1,True,True,False,True,841,-51.361328125,-55.778263092041016,1
Walter wasn't observing those children.,Walter wasn't observing those child.,morphology,determiner_noun_agreement,determiner_noun_agreement_irregular_1,True,True,False,True,842,-48.39796447753906,-54.94189453125,1
That committee had boasted about this medium.,That committee had boasted about this media.,morphology,determiner_noun_agreement,determiner_noun_agreement_irregular_1,True,True,False,True,843,-54.83220672607422,-54.270286560058594,0
The Borgias know this person.,The Borgias know this people.,morphology,determiner_noun_agreement,determiner_noun_agreement_irregular_1,True,True,False,True,844,-38.675209045410156,-41.39632797241211,1
Omar bought these fungi.,Omar bought these fungus.,morphology,determiner_noun_agreement,determiner_noun_agreement_irregular_1,True,True,False,True,845,-47.67367172241211,-51.445980072021484,1
Meredith can't admire that fungus.,Meredith can't admire that fungi.,morphology,determiner_noun_agreement,determiner_noun_agreement_irregular_1,True,True,False,True,846,-52.234535217285156,-53.7237548828125,1
Derek admired those people.,Derek admired those person.,morphology,determiner_noun_agreement,determiner_noun_agreement_irregular_1,True,True,False,True,847,-37.785255432128906,-46.63673400878906,1
Cucumbers bore those alumni.,Cucumbers bore those alumnus.,morphology,determiner_noun_agreement,determiner_noun_agreement_irregular_1,True,True,False,True,848,-53.13723373413086,-59.767757415771484,1
Bill can have these oxen.,Bill can have these ox.,morphology,determiner_noun_agreement,determiner_noun_agreement_irregular_1,True,True,False,True,849,-48.32588577270508,-48.88080596923828,1
Sonia hasn't praised those women.,Sonia hasn't praised those woman.,morphology,determiner_noun_agreement,determiner_noun_agreement_irregular_1,True,True,False,True,850,-46.98632049560547,-52.246341705322266,1
Sherry escapes from those alumni.,Sherry escapes from those alumnus.,morphology,determiner_noun_agreement,determiner_noun_agreement_irregular_1,True,True,False,True,851,-54.268985748291016,-58.04022979736328,1
Amy complains about that stimulus.,Amy complains about that stimuli.,morphology,determiner_noun_agreement,determiner_noun_agreement_irregular_1,True,True,False,True,852,-42.738033294677734,-46.039546966552734,1
Craig complained about those syntheses.,Craig complained about those synthesis.,morphology,determiner_noun_agreement,determiner_noun_agreement_irregular_1,True,True,False,True,853,-50.5042724609375,-54.24571228027344,1
Patrick could hide those octopi.,Patrick could hide those octopus.,morphology,determiner_noun_agreement,determiner_noun_agreement_irregular_1,True,True,False,True,854,-56.297393798828125,-54.40752410888672,0
Veronica cleaned this goose.,Veronica cleaned this geese.,morphology,determiner_noun_agreement,determiner_noun_agreement_irregular_1,True,True,False,True,855,-46.424095153808594,-50.942073822021484,1
Jodi has this axis.,Jodi has this axes.,morphology,determiner_noun_agreement,determiner_noun_agreement_irregular_1,True,True,False,True,856,-42.98707580566406,-44.75914001464844,1
Rachel had seen these octopi.,Rachel had seen these octopus.,morphology,determiner_noun_agreement,determiner_noun_agreement_irregular_1,True,True,False,True,857,-48.086708068847656,-45.68278503417969,0
Sonia brought this axis.,Sonia brought this axes.,morphology,determiner_noun_agreement,determiner_noun_agreement_irregular_1,True,True,False,True,858,-48.452857971191406,-48.332984924316406,0
Steve attacks those women.,Steve attacks those woman.,morphology,determiner_noun_agreement,determiner_noun_agreement_irregular_1,True,True,False,True,859,-38.9049186706543,-43.266441345214844,1
Most guys haven't hidden those octopi.,Most guys haven't hidden those octopus.,morphology,determiner_noun_agreement,determiner_noun_agreement_irregular_1,True,True,False,True,860,-55.51884841918945,-55.899864196777344,1
Karla reveals those octopi.,Karla reveals those octopus.,morphology,determiner_noun_agreement,determiner_noun_agreement_irregular_1,True,True,False,True,861,-51.623268127441406,-49.90900421142578,0
Tara should complain about these media.,Tara should complain about these medium.,morphology,determiner_noun_agreement,determiner_noun_agreement_irregular_1,True,True,False,True,862,-49.061676025390625,-52.85884094238281,1
Kirsten worried these people.,Kirsten worried these person.,morphology,determiner_noun_agreement,determiner_noun_agreement_irregular_1,True,True,False,True,863,-46.19507598876953,-55.020503997802734,1
Most people hide those feet.,Most people hide those foot.,morphology,determiner_noun_agreement,determiner_noun_agreement_irregular_1,True,True,False,True,864,-38.81011199951172,-44.56243896484375,1
Some senators think about that hypothesis.,Some senators think about that hypotheses.,morphology,determiner_noun_agreement,determiner_noun_agreement_irregular_1,True,True,False,True,865,-46.89533615112305,-53.153900146484375,1
Amy might buy those feet.,Amy might buy those foot.,morphology,determiner_noun_agreement,determiner_noun_agreement_irregular_1,True,True,False,True,866,-46.38319396972656,-51.13706970214844,1
The boys bought those stimuli.,The boys bought those stimulus.,morphology,determiner_noun_agreement,determiner_noun_agreement_irregular_1,True,True,False,True,867,-47.53564453125,-50.669189453125,1
Frank wasn't revealing those fungi.,Frank wasn't revealing those fungus.,morphology,determiner_noun_agreement,determiner_noun_agreement_irregular_1,True,True,False,True,868,-55.049713134765625,-58.73550033569336,1
Regina isn't complaining about these bases.,Regina isn't complaining about these basis.,morphology,determiner_noun_agreement,determiner_noun_agreement_irregular_1,True,True,False,True,869,-50.61491394042969,-56.8995475769043,1
Travis wasn't concealing those nuclei.,Travis wasn't concealing those nucleus.,morphology,determiner_noun_agreement,determiner_noun_agreement_irregular_1,True,True,False,True,870,-57.040771484375,-59.363243103027344,1
All waitresses clean these oases.,All waitresses clean these oasis.,morphology,determiner_noun_agreement,determiner_noun_agreement_irregular_1,True,True,False,True,871,-51.40000534057617,-53.319969177246094,1
Homer wouldn't notice this person.,Homer wouldn't notice this people.,morphology,determiner_noun_agreement,determiner_noun_agreement_irregular_1,True,True,False,True,872,-40.75321960449219,-44.48142623901367,1
The students found those lice.,The students found those louse.,morphology,determiner_noun_agreement,determiner_noun_agreement_irregular_1,True,True,False,True,873,-43.46648406982422,-49.07795715332031,1
Many legislatures can't talk about that analysis.,Many legislatures can't talk about that analyses.,morphology,determiner_noun_agreement,determiner_noun_agreement_irregular_1,True,True,False,True,874,-61.72441101074219,-67.96438598632812,1
These guests saw this foot.,These guests saw this feet.,morphology,determiner_noun_agreement,determiner_noun_agreement_irregular_1,True,True,False,True,875,-44.99578857421875,-48.43028259277344,1
Anne wasn't researching these paralyses.,Anne wasn't researching these paralysis.,morphology,determiner_noun_agreement,determiner_noun_agreement_irregular_1,True,True,False,True,876,-56.141845703125,-57.619354248046875,1
Catherine bored these children.,Catherine bored these child.,morphology,determiner_noun_agreement,determiner_noun_agreement_irregular_1,True,True,False,True,877,-43.137290954589844,-49.95050048828125,1
Kendra is complaining about this thesis.,Kendra is complaining about this theses.,morphology,determiner_noun_agreement,determiner_noun_agreement_irregular_1,True,True,False,True,878,-48.065185546875,-52.28038787841797,1
Christine shouldn't appreciate this oasis.,Christine shouldn't appreciate this oases.,morphology,determiner_noun_agreement,determiner_noun_agreement_irregular_1,True,True,False,True,879,-49.088958740234375,-55.83767318725586,1
Cindy has cleaned this foot.,Cindy has cleaned this feet.,morphology,determiner_noun_agreement,determiner_noun_agreement_irregular_1,True,True,False,True,880,-43.01943588256836,-46.45188903808594,1
Meredith thought about this medium.,Meredith thought about this media.,morphology,determiner_noun_agreement,determiner_noun_agreement_irregular_1,True,True,False,True,881,-44.61970520019531,-45.00026321411133,1
All customers conceal this louse.,All customers conceal this lice.,morphology,determiner_noun_agreement,determiner_noun_agreement_irregular_1,True,True,False,True,882,-53.199798583984375,-52.480628967285156,0
Marie doesn't take these axes.,Marie doesn't take these axis.,morphology,determiner_noun_agreement,determiner_noun_agreement_irregular_1,True,True,False,True,883,-48.434078216552734,-52.27098846435547,1
Most guys cure that child.,Most guys cure that children.,morphology,determiner_noun_agreement,determiner_noun_agreement_irregular_1,True,True,False,True,884,-49.18085479736328,-51.68645477294922,1
Some report had disagreed with this thesis.,Some report had disagreed with this theses.,morphology,determiner_noun_agreement,determiner_noun_agreement_irregular_1,True,True,False,True,885,-45.82061767578125,-55.48729705810547,1
These mountains hadn't irritated this child.,These mountains hadn't irritated this children.,morphology,determiner_noun_agreement,determiner_noun_agreement_irregular_1,True,True,False,True,886,-56.58381652832031,-62.42144775390625,1
Gary talked about this person.,Gary talked about this people.,morphology,determiner_noun_agreement,determiner_noun_agreement_irregular_1,True,True,False,True,887,-37.58979034423828,-40.47977828979492,1
Peter hasn't explored that oasis.,Peter hasn't explored that oases.,morphology,determiner_noun_agreement,determiner_noun_agreement_irregular_1,True,True,False,True,888,-47.541893005371094,-53.60197448730469,1
Brenda researches those bases.,Brenda researches those basis.,morphology,determiner_noun_agreement,determiner_noun_agreement_irregular_1,True,True,False,True,889,-48.07761001586914,-53.824790954589844,1
Sabrina discovered that nucleus.,Sabrina discovered that nuclei.,morphology,determiner_noun_agreement,determiner_noun_agreement_irregular_1,True,True,False,True,890,-45.12921142578125,-48.40089797973633,1
Aaron could think about these media.,Aaron could think about these medium.,morphology,determiner_noun_agreement,determiner_noun_agreement_irregular_1,True,True,False,True,891,-50.616302490234375,-52.58312225341797,1
Claire found that octopus.,Claire found that octopi.,morphology,determiner_noun_agreement,determiner_noun_agreement_irregular_1,True,True,False,True,892,-41.58564758300781,-46.09801483154297,1
Those men saw this louse.,Those men saw this lice.,morphology,determiner_noun_agreement,determiner_noun_agreement_irregular_1,True,True,False,True,893,-45.864017486572266,-47.5346794128418,1
David could notice these fungi.,David could notice these fungus.,morphology,determiner_noun_agreement,determiner_noun_agreement_irregular_1,True,True,False,True,894,-47.4188117980957,-51.30557632446289,1
Martha was noticing this man.,Martha was noticing this men.,morphology,determiner_noun_agreement,determiner_noun_agreement_irregular_1,True,True,False,True,895,-41.28784942626953,-50.177669525146484,1
Karen scanned these synopses.,Karen scanned these synopsis.,morphology,determiner_noun_agreement,determiner_noun_agreement_irregular_1,True,True,False,True,896,-45.896183013916016,-49.79380798339844,1
Douglas researches those crises.,Douglas researches those crisis.,morphology,determiner_noun_agreement,determiner_noun_agreement_irregular_1,True,True,False,True,897,-49.012916564941406,-52.24080276489258,1
The Lutherans hadn't praised those synopses.,The Lutherans hadn't praised those synopsis.,morphology,determiner_noun_agreement,determiner_noun_agreement_irregular_1,True,True,False,True,898,-67.12802124023438,-69.79356384277344,1
Most pictures aren't looking like those axes.,Most pictures aren't looking like those axis.,morphology,determiner_noun_agreement,determiner_noun_agreement_irregular_1,True,True,False,True,899,-55.2073974609375,-57.441932678222656,1
Beth complains about this basis.,Beth complains about this bases.,morphology,determiner_noun_agreement,determiner_noun_agreement_irregular_1,True,True,False,True,900,-47.99793243408203,-52.261024475097656,1
Those waiters hadn't noticed those geese.,Those waiters hadn't noticed those goose.,morphology,determiner_noun_agreement,determiner_noun_agreement_irregular_1,True,True,False,True,901,-51.62052917480469,-57.02485656738281,1
Many legislatures admire this foot.,Many legislatures admire this feet.,morphology,determiner_noun_agreement,determiner_noun_agreement_irregular_1,True,True,False,True,902,-54.221153259277344,-60.25667953491211,1
Rebecca discovered these media.,Rebecca discovered these medium.,morphology,determiner_noun_agreement,determiner_noun_agreement_irregular_1,True,True,False,True,903,-44.88648223876953,-47.2074089050293,1
Dan doesn't break this foot.,Dan doesn't break this feet.,morphology,determiner_noun_agreement,determiner_noun_agreement_irregular_1,True,True,False,True,904,-42.5143928527832,-46.806575775146484,1
These movie theaters hadn't embarrassed that child.,These movie theaters hadn't embarrassed that children.,morphology,determiner_noun_agreement,determiner_noun_agreement_irregular_1,True,True,False,True,905,-64.42926025390625,-65.97319030761719,1
This child has bought those nuclei.,This child has bought those nucleus.,morphology,determiner_noun_agreement,determiner_noun_agreement_irregular_1,True,True,False,True,906,-53.20939636230469,-56.116214752197266,1
This painting looked like this nucleus.,This painting looked like this nuclei.,morphology,determiner_noun_agreement,determiner_noun_agreement_irregular_1,True,True,False,True,907,-48.17205810546875,-51.827789306640625,1
Chad has sold those mice.,Chad has sold those mouse.,morphology,determiner_noun_agreement,determiner_noun_agreement_irregular_1,True,True,False,True,908,-45.577972412109375,-50.60723114013672,1
Veronica isn't appreciating that medium.,Veronica isn't appreciating that media.,morphology,determiner_noun_agreement,determiner_noun_agreement_irregular_1,True,True,False,True,909,-49.48654556274414,-49.40082550048828,0
Monica hadn't appreciated those crises.,Monica hadn't appreciated those crisis.,morphology,determiner_noun_agreement,determiner_noun_agreement_irregular_1,True,True,False,True,910,-52.828765869140625,-56.21929931640625,1
Christina discovers that crisis.,Christina discovers that crises.,morphology,determiner_noun_agreement,determiner_noun_agreement_irregular_1,True,True,False,True,911,-41.36359786987305,-46.61253356933594,1
The cashier discovered this crisis.,The cashier discovered this crises.,morphology,determiner_noun_agreement,determiner_noun_agreement_irregular_1,True,True,False,True,912,-46.71775817871094,-54.11705017089844,1
Douglas brought those cacti.,Douglas brought those cactus.,morphology,determiner_noun_agreement,determiner_noun_agreement_irregular_1,True,True,False,True,913,-46.68083572387695,-47.87925720214844,1
Jason isn't exiting that oasis.,Jason isn't exiting that oases.,morphology,determiner_noun_agreement,determiner_noun_agreement_irregular_1,True,True,False,True,914,-53.21855926513672,-59.216156005859375,1
This teenager examines these synopses.,This teenager examines these synopsis.,morphology,determiner_noun_agreement,determiner_noun_agreement_irregular_1,True,True,False,True,915,-52.91493225097656,-54.923004150390625,1
The essays upset those children.,The essays upset those child.,morphology,determiner_noun_agreement,determiner_noun_agreement_irregular_1,True,True,False,True,916,-47.758731842041016,-54.46185302734375,1
Jacqueline had fled from that child.,Jacqueline had fled from that children.,morphology,determiner_noun_agreement,determiner_noun_agreement_irregular_1,True,True,False,True,917,-46.63740921020508,-53.22793197631836,1
Ella boasted about these stimuli.,Ella boasted about these stimulus.,morphology,determiner_noun_agreement,determiner_noun_agreement_irregular_1,True,True,False,True,918,-51.08142852783203,-54.371559143066406,1
Those guests were arguing about that ellipsis.,Those guests were arguing about that ellipses.,morphology,determiner_noun_agreement,determiner_noun_agreement_irregular_1,True,True,False,True,919,-54.00457763671875,-56.50912857055664,1
Todd is curing this person.,Todd is curing this people.,morphology,determiner_noun_agreement,determiner_noun_agreement_irregular_1,True,True,False,True,920,-41.91487121582031,-44.41197967529297,1
A boy hadn't fled from those alumni.,A boy hadn't fled from those alumnus.,morphology,determiner_noun_agreement,determiner_noun_agreement_irregular_1,True,True,False,True,921,-61.12980270385742,-67.12918090820312,1
Anne isn't approaching these men.,Anne isn't approaching these man.,morphology,determiner_noun_agreement,determiner_noun_agreement_irregular_1,True,True,False,True,922,-47.06935501098633,-52.95357131958008,1
Christine isn't complaining about that hypothesis.,Christine isn't complaining about that hypotheses.,morphology,determiner_noun_agreement,determiner_noun_agreement_irregular_1,True,True,False,True,923,-44.72938919067383,-50.80645751953125,1
Melinda hasn't discovered that oasis.,Melinda hasn't discovered that oases.,morphology,determiner_noun_agreement,determiner_noun_agreement_irregular_1,True,True,False,True,924,-54.196990966796875,-58.53119659423828,1
Most girls could think about that louse.,Most girls could think about that lice.,morphology,determiner_noun_agreement,determiner_noun_agreement_irregular_1,True,True,False,True,925,-52.01496124267578,-52.69582748413086,1
Those drivers clean those lice.,Those drivers clean those louse.,morphology,determiner_noun_agreement,determiner_noun_agreement_irregular_1,True,True,False,True,926,-49.15330505371094,-57.481773376464844,1
The cashiers clean that tooth.,The cashiers clean that teeth.,morphology,determiner_noun_agreement,determiner_noun_agreement_irregular_1,True,True,False,True,927,-50.029388427734375,-49.590946197509766,0
The casseroles bore these men.,The casseroles bore these man.,morphology,determiner_noun_agreement,determiner_noun_agreement_irregular_1,True,True,False,True,928,-53.68210220336914,-59.69846725463867,1
Catherine had forgotten those analyses.,Catherine had forgotten those analysis.,morphology,determiner_noun_agreement,determiner_noun_agreement_irregular_1,True,True,False,True,929,-47.781494140625,-51.20105743408203,1
Linda doesn't boast about this phenomenon.,Linda doesn't boast about this phenomena.,morphology,determiner_noun_agreement,determiner_noun_agreement_irregular_1,True,True,False,True,930,-47.56810760498047,-50.331703186035156,1
Peter would appreciate these oases.,Peter would appreciate these oasis.,morphology,determiner_noun_agreement,determiner_noun_agreement_irregular_1,True,True,False,True,931,-48.65311050415039,-50.961082458496094,1
Ruth heals those men.,Ruth heals those man.,morphology,determiner_noun_agreement,determiner_noun_agreement_irregular_1,True,True,False,True,932,-52.0439567565918,-56.85373306274414,1
Waitresses admire that louse.,Waitresses admire that lice.,morphology,determiner_noun_agreement,determiner_noun_agreement_irregular_1,True,True,False,True,933,-48.79541015625,-50.010711669921875,1
Timothy distracted those men.,Timothy distracted those man.,morphology,determiner_noun_agreement,determiner_noun_agreement_irregular_1,True,True,False,True,934,-44.953125,-50.62109375,1
A lot of actors clean this nucleus.,A lot of actors clean this nuclei.,morphology,determiner_noun_agreement,determiner_noun_agreement_irregular_1,True,True,False,True,935,-52.79158401489258,-55.54344940185547,1
Rebecca should talk about that thesis.,Rebecca should talk about that theses.,morphology,determiner_noun_agreement,determiner_noun_agreement_irregular_1,True,True,False,True,936,-48.24748229980469,-54.134986877441406,1
Gina could dislike that person.,Gina could dislike that people.,morphology,determiner_noun_agreement,determiner_noun_agreement_irregular_1,True,True,False,True,937,-44.94505310058594,-49.96635818481445,1
All senators cured this louse.,All senators cured this lice.,morphology,determiner_noun_agreement,determiner_noun_agreement_irregular_1,True,True,False,True,938,-50.71687698364258,-52.57286834716797,1
A lot of women could see these geese.,A lot of women could see these goose.,morphology,determiner_noun_agreement,determiner_noun_agreement_irregular_1,True,True,False,True,939,-48.006202697753906,-52.19432830810547,1
Cynthia was discovering these crises.,Cynthia was discovering these crisis.,morphology,determiner_noun_agreement,determiner_noun_agreement_irregular_1,True,True,False,True,940,-48.80744934082031,-50.79553985595703,1
Carl admired those children.,Carl admired those child.,morphology,determiner_noun_agreement,determiner_noun_agreement_irregular_1,True,True,False,True,941,-39.98784637451172,-46.79403305053711,1
Vincent was appreciating that crisis.,Vincent was appreciating that crises.,morphology,determiner_noun_agreement,determiner_noun_agreement_irregular_1,True,True,False,True,942,-49.235694885253906,-57.233192443847656,1
Elizabeth has healed this child.,Elizabeth has healed this children.,morphology,determiner_noun_agreement,determiner_noun_agreement_irregular_1,True,True,False,True,943,-40.54098129272461,-46.082271575927734,1
Lawrence complains about this phenomenon.,Lawrence complains about this phenomena.,morphology,determiner_noun_agreement,determiner_noun_agreement_irregular_1,True,True,False,True,944,-37.97504425048828,-41.039764404296875,1
Many customers conceal that cactus.,Many customers conceal that cacti.,morphology,determiner_noun_agreement,determiner_noun_agreement_irregular_1,True,True,False,True,945,-54.374725341796875,-57.47588348388672,1
Many men appreciate that synthesis.,Many men appreciate that syntheses.,morphology,determiner_noun_agreement,determiner_noun_agreement_irregular_1,True,True,False,True,946,-43.99284362792969,-49.87212371826172,1
Carrie had aggravated those alumni.,Carrie had aggravated those alumnus.,morphology,determiner_noun_agreement,determiner_noun_agreement_irregular_1,True,True,False,True,947,-60.53324890136719,-65.27889251708984,1
Most dancers boast about these bases.,Most dancers boast about these basis.,morphology,determiner_noun_agreement,determiner_noun_agreement_irregular_1,True,True,False,True,948,-51.67566680908203,-59.159114837646484,1
Vanessa does discover that paralysis.,Vanessa does discover that paralyses.,morphology,determiner_noun_agreement,determiner_noun_agreement_irregular_1,True,True,False,True,949,-51.57721710205078,-54.238643646240234,1
Bill researched that basis.,Bill researched that bases.,morphology,determiner_noun_agreement,determiner_noun_agreement_irregular_1,True,True,False,True,950,-43.73828887939453,-47.51716613769531,1
That driver breaks those feet.,That driver breaks those foot.,morphology,determiner_noun_agreement,determiner_noun_agreement_irregular_1,True,True,False,True,951,-47.18517303466797,-51.3046989440918,1
Brenda wasn't finding this goose.,Brenda wasn't finding this geese.,morphology,determiner_noun_agreement,determiner_noun_agreement_irregular_1,True,True,False,True,952,-51.287147521972656,-52.579307556152344,1
Tonya did admire that mouse.,Tonya did admire that mice.,morphology,determiner_noun_agreement,determiner_noun_agreement_irregular_1,True,True,False,True,953,-50.76881408691406,-55.63921356201172,1
A lot of universities reference those people.,A lot of universities reference those person.,morphology,determiner_noun_agreement,determiner_noun_agreement_irregular_1,True,True,False,True,954,-45.88175582885742,-53.401092529296875,1
Kayla wasn't discovering this crisis.,Kayla wasn't discovering this crises.,morphology,determiner_noun_agreement,determiner_noun_agreement_irregular_1,True,True,False,True,955,-52.18446731567383,-58.57148742675781,1
Edward flees from this woman.,Edward flees from this women.,morphology,determiner_noun_agreement,determiner_noun_agreement_irregular_1,True,True,False,True,956,-41.44080352783203,-45.556541442871094,1
The women find that fungus.,The women find that fungi.,morphology,determiner_noun_agreement,determiner_noun_agreement_irregular_1,True,True,False,True,957,-43.419517517089844,-44.74656677246094,1
People disagreed with that woman.,People disagreed with that women.,morphology,determiner_noun_agreement,determiner_noun_agreement_irregular_1,True,True,False,True,958,-37.6553840637207,-43.48415756225586,1
Every waiter respects those oases.,Every waiter respects those oasis.,morphology,determiner_noun_agreement,determiner_noun_agreement_irregular_1,True,True,False,True,959,-52.194068908691406,-53.23085403442383,1
Samantha hadn't hidden that person.,Samantha hadn't hidden that people.,morphology,determiner_noun_agreement,determiner_noun_agreement_irregular_1,True,True,False,True,960,-48.39208984375,-53.181640625,1
Rebecca is buying this ox.,Rebecca is buying this oxen.,morphology,determiner_noun_agreement,determiner_noun_agreement_irregular_1,True,True,False,True,961,-46.252891540527344,-48.02735137939453,1
Those guys complain about those phenomena.,Those guys complain about those phenomenon.,morphology,determiner_noun_agreement,determiner_noun_agreement_irregular_1,True,True,False,True,962,-46.79842758178711,-49.17204666137695,1
Meredith approaches these children.,Meredith approaches these child.,morphology,determiner_noun_agreement,determiner_noun_agreement_irregular_1,True,True,False,True,963,-39.930870056152344,-46.33783721923828,1
Margaret finds these alumni.,Margaret finds these alumnus.,morphology,determiner_noun_agreement,determiner_noun_agreement_irregular_1,True,True,False,True,964,-46.35402297973633,-50.52971649169922,1
Melissa does like this stimulus.,Melissa does like this stimuli.,morphology,determiner_noun_agreement,determiner_noun_agreement_irregular_1,True,True,False,True,965,-44.865135192871094,-47.767459869384766,1
Tamara isn't noticing that tooth.,Tamara isn't noticing that teeth.,morphology,determiner_noun_agreement,determiner_noun_agreement_irregular_1,True,True,False,True,966,-51.322166442871094,-51.46486282348633,1
Nancy boasts about this phenomenon.,Nancy boasts about this phenomena.,morphology,determiner_noun_agreement,determiner_noun_agreement_irregular_1,True,True,False,True,967,-42.130653381347656,-45.54436492919922,1
A plate disgusted that woman.,A plate disgusted that women.,morphology,determiner_noun_agreement,determiner_noun_agreement_irregular_1,True,True,False,True,968,-48.18328094482422,-52.744441986083984,1
Tina wasn't arguing about these syntheses.,Tina wasn't arguing about these synthesis.,morphology,determiner_noun_agreement,determiner_noun_agreement_irregular_1,True,True,False,True,969,-58.428245544433594,-61.123878479003906,1
Ann is lifting those fungi.,Ann is lifting those fungus.,morphology,determiner_noun_agreement,determiner_noun_agreement_irregular_1,True,True,False,True,970,-50.617218017578125,-51.588645935058594,1
Keith was buying those octopi.,Keith was buying those octopus.,morphology,determiner_noun_agreement,determiner_noun_agreement_irregular_1,True,True,False,True,971,-50.660186767578125,-49.66822052001953,0
Claire thinks about this axis.,Claire thinks about this axes.,morphology,determiner_noun_agreement,determiner_noun_agreement_irregular_1,True,True,False,True,972,-46.458900451660156,-50.29286193847656,1
Nancy won't buy that thesis.,Nancy won't buy that theses.,morphology,determiner_noun_agreement,determiner_noun_agreement_irregular_1,True,True,False,True,973,-44.226192474365234,-53.3529052734375,1
Theresa did boast about this synthesis.,Theresa did boast about this syntheses.,morphology,determiner_noun_agreement,determiner_noun_agreement_irregular_1,True,True,False,True,974,-59.31130599975586,-66.56739807128906,1
Every customer had seen that thesis.,Every customer had seen that theses.,morphology,determiner_noun_agreement,determiner_noun_agreement_irregular_1,True,True,False,True,975,-47.8311767578125,-52.930747985839844,1
Those drivers appreciate that diagnosis.,Those drivers appreciate that diagnoses.,morphology,determiner_noun_agreement,determiner_noun_agreement_irregular_1,True,True,False,True,976,-44.67220687866211,-50.85770797729492,1
Wayne saw those oxen.,Wayne saw those ox.,morphology,determiner_noun_agreement,determiner_noun_agreement_irregular_1,True,True,False,True,977,-52.29595184326172,-53.27755355834961,1
Deborah hasn't lifted this nucleus.,Deborah hasn't lifted this nuclei.,morphology,determiner_noun_agreement,determiner_noun_agreement_irregular_1,True,True,False,True,978,-56.62940216064453,-61.52578353881836,1
Elizabeth has appreciated this paralysis.,Elizabeth has appreciated this paralyses.,morphology,determiner_noun_agreement,determiner_noun_agreement_irregular_1,True,True,False,True,979,-48.94919967651367,-55.02521896362305,1
Kenneth hasn't argued about those phenomena.,Kenneth hasn't argued about those phenomenon.,morphology,determiner_noun_agreement,determiner_noun_agreement_irregular_1,True,True,False,True,980,-51.70292282104492,-55.348060607910156,1
The Clintons think about those phenomena.,The Clintons think about those phenomenon.,morphology,determiner_noun_agreement,determiner_noun_agreement_irregular_1,True,True,False,True,981,-51.36408996582031,-53.512962341308594,1
Many doctors can't hire this person.,Many doctors can't hire this people.,morphology,determiner_noun_agreement,determiner_noun_agreement_irregular_1,True,True,False,True,982,-45.256813049316406,-49.87566375732422,1
Some senator sells these nuclei.,Some senator sells these nucleus.,morphology,determiner_noun_agreement,determiner_noun_agreement_irregular_1,True,True,False,True,983,-57.79802703857422,-61.67609405517578,1
Theodore could find these oxen.,Theodore could find these ox.,morphology,determiner_noun_agreement,determiner_noun_agreement_irregular_1,True,True,False,True,984,-56.268192291259766,-55.70432662963867,0
Diane can bring that foot.,Diane can bring that feet.,morphology,determiner_noun_agreement,determiner_noun_agreement_irregular_1,True,True,False,True,985,-45.45086669921875,-49.55140686035156,1
Some teenager thought about that man.,Some teenager thought about that men.,morphology,determiner_noun_agreement,determiner_noun_agreement_irregular_1,True,True,False,True,986,-45.695011138916016,-50.71759796142578,1
All doctors hadn't researched these ellipses.,All doctors hadn't researched these ellipsis.,morphology,determiner_noun_agreement,determiner_noun_agreement_irregular_1,True,True,False,True,987,-61.50581741333008,-68.13357543945312,1
Bill wasn't complaining about these hypotheses.,Bill wasn't complaining about these hypothesis.,morphology,determiner_noun_agreement,determiner_noun_agreement_irregular_1,True,True,False,True,988,-48.7957878112793,-52.569732666015625,1
Ann couldn't heal that octopus.,Ann couldn't heal that octopi.,morphology,determiner_noun_agreement,determiner_noun_agreement_irregular_1,True,True,False,True,989,-50.00958251953125,-56.300262451171875,1
Some students conceal that mouse.,Some students conceal that mice.,morphology,determiner_noun_agreement,determiner_noun_agreement_irregular_1,True,True,False,True,990,-48.28887939453125,-50.881614685058594,1
Winston Churchill hadn't healed this ox.,Winston Churchill hadn't healed this oxen.,morphology,determiner_noun_agreement,determiner_noun_agreement_irregular_1,True,True,False,True,991,-63.886573791503906,-68.32752990722656,1
These plays sound like this analysis.,These plays sound like this analyses.,morphology,determiner_noun_agreement,determiner_noun_agreement_irregular_1,True,True,False,True,992,-49.97578048706055,-54.479759216308594,1
That print looked like those women.,That print looked like those woman.,morphology,determiner_noun_agreement,determiner_noun_agreement_irregular_1,True,True,False,True,993,-46.98594284057617,-49.983394622802734,1
Russell thinks about those hypotheses.,Russell thinks about those hypothesis.,morphology,determiner_noun_agreement,determiner_noun_agreement_irregular_1,True,True,False,True,994,-45.061309814453125,-48.222084045410156,1
Becky sounds like this synopsis.,Becky sounds like this synopses.,morphology,determiner_noun_agreement,determiner_noun_agreement_irregular_1,True,True,False,True,995,-45.86637878417969,-56.03162384033203,1
The cashiers think about that cactus.,The cashiers think about that cacti.,morphology,determiner_noun_agreement,determiner_noun_agreement_irregular_1,True,True,False,True,996,-54.54425811767578,-57.776634216308594,1
Victoria noticed those nuclei.,Victoria noticed those nucleus.,morphology,determiner_noun_agreement,determiner_noun_agreement_irregular_1,True,True,False,True,997,-47.236968994140625,-51.112022399902344,1
The Clintons research that phenomenon.,The Clintons research that phenomena.,morphology,determiner_noun_agreement,determiner_noun_agreement_irregular_1,True,True,False,True,998,-50.983333587646484,-52.70945358276367,1
Amelia has found those axes.,Amelia has found those axis.,morphology,determiner_noun_agreement,determiner_noun_agreement_irregular_1,True,True,False,True,999,-45.849853515625,-50.218017578125,1
