sentence_good,sentence_bad,field,linguistics_term,UID,simple_LM_method,one_prefix_method,two_prefix_method,lexically_identical,pair_id,good_prob,bad_prob,correct
Some dog stunned this committee.,Some dog stunned these committee.,morphology,determiner_noun_agreement,determiner_noun_agreement_2,True,False,True,True,0,-39.881500244140625,-43.9509391784668,1
Tracy passed these art galleries.,Tracy passed this art galleries.,morphology,determiner_noun_agreement,determiner_noun_agreement_2,True,False,True,True,1,-43.734249114990234,-44.77814483642578,1
Sarah has sounded like these children.,Sarah has sounded like this children.,morphology,determiner_noun_agreement,determiner_noun_agreement_2,True,False,True,True,2,-33.898765563964844,-34.37577438354492,1
Craig had cared for that dancer.,Craig had cared for those dancer.,morphology,determiner_noun_agreement,determiner_noun_agreement_2,True,False,True,True,3,-34.947731018066406,-38.03718185424805,1
Most children return to those senators.,Most children return to that senators.,morphology,determiner_noun_agreement,determiner_noun_agreement_2,True,False,True,True,4,-37.69778060913086,-44.08365249633789,1
The Impressionists impress those hospitals.,The Impressionists impress that hospitals.,morphology,determiner_noun_agreement,determiner_noun_agreement_2,True,False,True,True,5,-44.649497985839844,-51.89203643798828,1
Carl cures those horses.,Carl cures that horses.,morphology,determiner_noun_agreement,determiner_noun_agreement_2,True,False,True,True,6,-32.861846923828125,-30.784265518188477,0
The Borgias should pass these college campuses.,The Borgias should pass this college campuses.,morphology,determiner_noun_agreement,determiner_noun_agreement_2,True,False,True,True,7,-61.41168212890625,-59.75838088989258,0
Natalie had passed those public parks.,Natalie had passed that public parks.,morphology,determiner_noun_agreement,determiner_noun_agreement_2,True,False,True,True,8,-54.06529235839844,-52.55743408203125,0
All grocery stores didn't shock these adults.,All grocery stores didn't shock this adults.,morphology,determiner_noun_agreement,determiner_noun_agreement_2,True,False,True,True,9,-48.895240783691406,-50.69999694824219,1
This person bothered these libraries.,This person bothered this libraries.,morphology,determiner_noun_agreement,determiner_noun_agreement_2,True,False,True,True,10,-40.801605224609375,-41.565643310546875,1
This actress isn't taking that dress.,This actress isn't taking those dress.,morphology,determiner_noun_agreement,determiner_noun_agreement_2,True,False,True,True,11,-39.604103088378906,-42.517059326171875,1
The turtle alarmed these legislatures.,The turtle alarmed this legislatures.,morphology,determiner_noun_agreement,determiner_noun_agreement_2,True,False,True,True,12,-51.847171783447266,-52.5459098815918,1
The Borgias attack those customers.,The Borgias attack that customers.,morphology,determiner_noun_agreement,determiner_noun_agreement_2,True,False,True,True,13,-48.733123779296875,-50.50749588012695,1
Jerry messes up these chairs.,Jerry messes up this chairs.,morphology,determiner_noun_agreement,determiner_noun_agreement_2,True,False,True,True,14,-40.14067840576172,-43.1737060546875,1
Sally thinks about that story.,Sally thinks about those story.,morphology,determiner_noun_agreement,determiner_noun_agreement_2,True,False,True,True,15,-39.252037048339844,-44.05612564086914,1
Frank doesn't upset that actress.,Frank doesn't upset those actress.,morphology,determiner_noun_agreement,determiner_noun_agreement_2,True,False,True,True,16,-35.271148681640625,-39.196083068847656,1
Amelia doesn't return to those hospitals.,Amelia doesn't return to that hospitals.,morphology,determiner_noun_agreement,determiner_noun_agreement_2,True,False,True,True,17,-47.10931396484375,-51.65911102294922,1
Christopher hated those stories.,Christopher hated that stories.,morphology,determiner_noun_agreement,determiner_noun_agreement_2,True,False,True,True,18,-25.373865127563477,-28.121313095092773,1
This mouth astounds these actresses.,This mouth astounds this actresses.,morphology,determiner_noun_agreement,determiner_noun_agreement_2,True,False,True,True,19,-52.59294128417969,-52.829917907714844,1
Tiffany insults those movies.,Tiffany insults that movies.,morphology,determiner_noun_agreement,determiner_noun_agreement_2,True,False,True,True,20,-45.556602478027344,-45.71967315673828,1
That book confuses that cashier.,That book confuses those cashier.,morphology,determiner_noun_agreement,determiner_noun_agreement_2,True,False,True,True,21,-43.2888298034668,-44.50643539428711,1
Sabrina doesn't tour these cafes.,Sabrina doesn't tour this cafes.,morphology,determiner_noun_agreement,determiner_noun_agreement_2,True,False,True,True,22,-46.43809509277344,-48.644920349121094,1
An actor would drop by this bank.,An actor would drop by these bank.,morphology,determiner_noun_agreement,determiner_noun_agreement_2,True,False,True,True,23,-46.643043518066406,-50.475624084472656,1
Boys hadn't criticized that high school.,Boys hadn't criticized those high school.,morphology,determiner_noun_agreement,determiner_noun_agreement_2,True,False,True,True,24,-51.54707717895508,-54.2418212890625,1
The Borgias discuss those cashiers.,The Borgias discuss that cashiers.,morphology,determiner_noun_agreement,determiner_noun_agreement_2,True,False,True,True,25,-57.960693359375,-63.772762298583984,1
The guy researches this brochure.,The guy researches these brochure.,morphology,determiner_noun_agreement,determiner_noun_agreement_2,True,False,True,True,26,-42.92246627807617,-46.32468795776367,1
Carl references this essay.,Carl references these essay.,morphology,determiner_noun_agreement,determiner_noun_agreement_2,True,False,True,True,27,-24.501239776611328,-29.869850158691406,1
Robert hates that dancer.,Robert hates those dancer.,morphology,determiner_noun_agreement,determiner_noun_agreement_2,True,False,True,True,28,-32.036293029785156,-35.03473663330078,1
Erin fires that waiter.,Erin fires those waiter.,morphology,determiner_noun_agreement,determiner_noun_agreement_2,True,False,True,True,29,-38.83344650268555,-43.703277587890625,1
Sherry was selling those hamsters.,Sherry was selling that hamsters.,morphology,determiner_noun_agreement,determiner_noun_agreement_2,True,False,True,True,30,-47.160179138183594,-49.175907135009766,1
This cilantro hurt those senators.,This cilantro hurt that senators.,morphology,determiner_noun_agreement,determiner_noun_agreement_2,True,False,True,True,31,-52.6697883605957,-56.018646240234375,1
Some drawing won't bother that girl.,Some drawing won't bother those girl.,morphology,determiner_noun_agreement,determiner_noun_agreement_2,True,False,True,True,32,-43.027530670166016,-45.47850799560547,1
Stacey hadn't criticized these college campuses.,Stacey hadn't criticized this college campuses.,morphology,determiner_noun_agreement,determiner_noun_agreement_2,True,False,True,True,33,-55.750648498535156,-54.388458251953125,0
Russell had revealed this student.,Russell had revealed these student.,morphology,determiner_noun_agreement,determiner_noun_agreement_2,True,False,True,True,34,-31.157482147216797,-38.417076110839844,1
Theresa revealed that cashier.,Theresa revealed those cashier.,morphology,determiner_noun_agreement,determiner_noun_agreement_2,True,False,True,True,35,-44.09803771972656,-48.42844009399414,1
Caroline doesn't wear this glove.,Caroline doesn't wear these glove.,morphology,determiner_noun_agreement,determiner_noun_agreement_2,True,False,True,True,36,-38.317481994628906,-41.536590576171875,1
Alan questioned this hospital.,Alan questioned these hospital.,morphology,determiner_noun_agreement,determiner_noun_agreement_2,True,False,True,True,37,-29.778654098510742,-34.5652961730957,1
Sheila had exited this high school.,Sheila had exited these high school.,morphology,determiner_noun_agreement,determiner_noun_agreement_2,True,False,True,True,38,-45.72968292236328,-50.12659454345703,1
Boys exit that hospital.,Boys exit those hospital.,morphology,determiner_noun_agreement,determiner_noun_agreement_2,True,False,True,True,39,-44.34035873413086,-45.48168182373047,1
Joseph cleans this art gallery.,Joseph cleans these art gallery.,morphology,determiner_noun_agreement,determiner_noun_agreement_2,True,False,True,True,40,-36.051246643066406,-39.358726501464844,1
Ellen cleans this plate.,Ellen cleans these plate.,morphology,determiner_noun_agreement,determiner_noun_agreement_2,True,False,True,True,41,-34.003150939941406,-36.614906311035156,1
Some woman discusses these reports.,Some woman discusses this reports.,morphology,determiner_noun_agreement,determiner_noun_agreement_2,True,False,True,True,42,-32.41520690917969,-33.61677551269531,1
Most waiters describe this pedestrian.,Most waiters describe these pedestrian.,morphology,determiner_noun_agreement,determiner_noun_agreement_2,True,False,True,True,43,-48.26566696166992,-51.74031448364258,1
Omar fixed those couches.,Omar fixed that couches.,morphology,determiner_noun_agreement,determiner_noun_agreement_2,True,False,True,True,44,-45.36109161376953,-44.136871337890625,0
The Impressionists worked with these teenagers.,The Impressionists worked with this teenagers.,morphology,determiner_noun_agreement,determiner_noun_agreement_2,True,False,True,True,45,-39.822479248046875,-44.08538055419922,1
Elizabeth didn't resemble these drawings.,Elizabeth didn't resemble this drawings.,morphology,determiner_noun_agreement,determiner_noun_agreement_2,True,False,True,True,46,-34.890506744384766,-36.18634033203125,1
Alicia can flee from those waitresses.,Alicia can flee from that waitresses.,morphology,determiner_noun_agreement,determiner_noun_agreement_2,True,False,True,True,47,-62.753108978271484,-63.282196044921875,1
All public parks should stun those actresses.,All public parks should stun that actresses.,morphology,determiner_noun_agreement,determiner_noun_agreement_2,True,False,True,True,48,-57.71162414550781,-61.821475982666016,1
Jerry fires those guys.,Jerry fires that guys.,morphology,determiner_noun_agreement,determiner_noun_agreement_2,True,False,True,True,49,-27.932403564453125,-29.19715118408203,1
Teresa shouldn't upset these companies.,Teresa shouldn't upset this companies.,morphology,determiner_noun_agreement,determiner_noun_agreement_2,True,False,True,True,50,-49.872840881347656,-52.706932067871094,1
Diana isn't stunning that student.,Diana isn't stunning those student.,morphology,determiner_noun_agreement,determiner_noun_agreement_2,True,False,True,True,51,-46.72911071777344,-53.79962921142578,1
Many girls return to that school.,Many girls return to those school.,morphology,determiner_noun_agreement,determiner_noun_agreement_2,True,False,True,True,52,-30.61616325378418,-32.27322769165039,1
Victoria finds this book.,Victoria finds these book.,morphology,determiner_noun_agreement,determiner_noun_agreement_2,True,False,True,True,53,-22.68267822265625,-28.07318687438965,1
Lawrence was buying these schools.,Lawrence was buying this schools.,morphology,determiner_noun_agreement,determiner_noun_agreement_2,True,False,True,True,54,-42.13336944580078,-44.56089401245117,1
This sock didn't upset that waitress.,This sock didn't upset those waitress.,morphology,determiner_noun_agreement,determiner_noun_agreement_2,True,False,True,True,55,-51.42444610595703,-53.4486083984375,1
John is questioning these students.,John is questioning this students.,morphology,determiner_noun_agreement,determiner_noun_agreement_2,True,False,True,True,56,-30.702722549438477,-32.35829162597656,1
Patrick irritated this company.,Patrick irritated these company.,morphology,determiner_noun_agreement,determiner_noun_agreement_2,True,False,True,True,57,-28.22718048095703,-32.227298736572266,1
Every pedestrian did take this library.,Every pedestrian did take these library.,morphology,determiner_noun_agreement,determiner_noun_agreement_2,True,False,True,True,58,-46.182151794433594,-50.007957458496094,1
Dennis bothered those hospitals.,Dennis bothered that hospitals.,morphology,determiner_noun_agreement,determiner_noun_agreement_2,True,False,True,True,59,-45.38920211791992,-47.209014892578125,1
Many planes disturb that teenager.,Many planes disturb those teenager.,morphology,determiner_noun_agreement,determiner_noun_agreement_2,True,False,True,True,60,-40.6961669921875,-41.32661819458008,1
All girls have run around this high school.,All girls have run around these high school.,morphology,determiner_noun_agreement,determiner_noun_agreement_2,True,False,True,True,61,-37.82717514038086,-41.27336883544922,1
Michael hasn't scanned these plays.,Michael hasn't scanned this plays.,morphology,determiner_noun_agreement,determiner_noun_agreement_2,True,False,True,True,62,-39.663448333740234,-39.85200500488281,1
Larry is taking that mall.,Larry is taking those mall.,morphology,determiner_noun_agreement,determiner_noun_agreement_2,True,False,True,True,63,-31.52491569519043,-33.94540023803711,1
Kristen hadn't broken these plates.,Kristen hadn't broken this plates.,morphology,determiner_noun_agreement,determiner_noun_agreement_2,True,False,True,True,64,-45.19601058959961,-46.695945739746094,1
Most guys reveal that cup.,Most guys reveal those cup.,morphology,determiner_noun_agreement,determiner_noun_agreement_2,True,False,True,True,65,-34.0486946105957,-40.135032653808594,1
Carlos hadn't questioned those universities.,Carlos hadn't questioned that universities.,morphology,determiner_noun_agreement,determiner_noun_agreement_2,True,False,True,True,66,-48.49817657470703,-48.58602523803711,1
Rose leaves these teachers.,Rose leaves this teachers.,morphology,determiner_noun_agreement,determiner_noun_agreement_2,True,False,True,True,67,-31.92049789428711,-33.397804260253906,1
Colleen hasn't fixed those chairs.,Colleen hasn't fixed that chairs.,morphology,determiner_noun_agreement,determiner_noun_agreement_2,True,False,True,True,68,-44.44123077392578,-45.52811050415039,1
Martha wasn't leaving these guests.,Martha wasn't leaving this guests.,morphology,determiner_noun_agreement,determiner_noun_agreement_2,True,False,True,True,69,-44.516109466552734,-44.86524200439453,1
Winston Churchill hadn't worked with that guy.,Winston Churchill hadn't worked with those guy.,morphology,determiner_noun_agreement,determiner_noun_agreement_2,True,False,True,True,70,-53.340614318847656,-56.64054870605469,1
Chad concealed this waiter.,Chad concealed these waiter.,morphology,determiner_noun_agreement,determiner_noun_agreement_2,True,False,True,True,71,-45.488433837890625,-47.976783752441406,1
Laura exits those grocery stores.,Laura exits that grocery stores.,morphology,determiner_noun_agreement,determiner_noun_agreement_2,True,False,True,True,72,-35.06288528442383,-35.13364791870117,1
Some actors astounded those banks.,Some actors astounded that banks.,morphology,determiner_noun_agreement,determiner_noun_agreement_2,True,False,True,True,73,-46.50834655761719,-47.13044357299805,1
Harvard University is irritating these dancers.,Harvard University is irritating this dancers.,morphology,determiner_noun_agreement,determiner_noun_agreement_2,True,False,True,True,74,-51.77891540527344,-54.06047821044922,1
Galileo might impress this student.,Galileo might impress these student.,morphology,determiner_noun_agreement,determiner_noun_agreement_2,True,False,True,True,75,-52.469852447509766,-57.80044937133789,1
The Borgias pass those museums.,The Borgias pass that museums.,morphology,determiner_noun_agreement,determiner_noun_agreement_2,True,False,True,True,76,-55.19694519042969,-57.69783020019531,1
Every committee talks about that story.,Every committee talks about those story.,morphology,determiner_noun_agreement,determiner_noun_agreement_2,True,False,True,True,77,-34.43780517578125,-39.09944534301758,1
Those closets alarm this museum.,Those closets alarm these museum.,morphology,determiner_noun_agreement,determiner_noun_agreement_2,True,False,True,True,78,-48.902099609375,-52.70183181762695,1
A drawing annoys this pedestrian.,A drawing annoys these pedestrian.,morphology,determiner_noun_agreement,determiner_noun_agreement_2,True,False,True,True,79,-46.06742858886719,-49.35268783569336,1
Theresa has this jacket.,Theresa has these jacket.,morphology,determiner_noun_agreement,determiner_noun_agreement_2,True,False,True,True,80,-33.3790397644043,-39.289794921875,1
All cafes embarrassed those governments.,All cafes embarrassed that governments.,morphology,determiner_noun_agreement,determiner_noun_agreement_2,True,False,True,True,81,-48.704837799072266,-51.2105712890625,1
Denise won't hate that pedestrian.,Denise won't hate those pedestrian.,morphology,determiner_noun_agreement,determiner_noun_agreement_2,True,False,True,True,82,-44.61061096191406,-48.948814392089844,1
Lissa drove to those art galleries.,Lissa drove to that art galleries.,morphology,determiner_noun_agreement,determiner_noun_agreement_2,True,False,True,True,83,-47.481048583984375,-50.12272644042969,1
Rodney approaches that driver.,Rodney approaches those driver.,morphology,determiner_noun_agreement,determiner_noun_agreement_2,True,False,True,True,84,-40.389347076416016,-44.38324737548828,1
Nina hurt that guy.,Nina hurt those guy.,morphology,determiner_noun_agreement,determiner_noun_agreement_2,True,False,True,True,85,-32.270118713378906,-33.615081787109375,1
Beverly hasn't dropped by that cafe.,Beverly hasn't dropped by those cafe.,morphology,determiner_noun_agreement,determiner_noun_agreement_2,True,False,True,True,86,-54.83125305175781,-57.972190856933594,1
Phillip hadn't worn that coat.,Phillip hadn't worn those coat.,morphology,determiner_noun_agreement,determiner_noun_agreement_2,True,False,True,True,87,-42.662776947021484,-44.60486602783203,1
Sarah couldn't examine that story.,Sarah couldn't examine those story.,morphology,determiner_noun_agreement,determiner_noun_agreement_2,True,False,True,True,88,-32.57646560668945,-35.836997985839844,1
Those actors conceal these dancers.,Those actors conceal this dancers.,morphology,determiner_noun_agreement,determiner_noun_agreement_2,True,False,True,True,89,-37.664283752441406,-40.971710205078125,1
Laurie can break this cup.,Laurie can break these cup.,morphology,determiner_noun_agreement,determiner_noun_agreement_2,True,False,True,True,90,-41.371700286865234,-45.059364318847656,1
Stephen isn't criticizing this library.,Stephen isn't criticizing these library.,morphology,determiner_noun_agreement,determiner_noun_agreement_2,True,False,True,True,91,-37.338531494140625,-42.009056091308594,1
Allison doesn't watch this actor.,Allison doesn't watch these actor.,morphology,determiner_noun_agreement,determiner_noun_agreement_2,True,False,True,True,92,-42.250953674316406,-46.3725700378418,1
This waitress insulted that adult.,This waitress insulted those adult.,morphology,determiner_noun_agreement,determiner_noun_agreement_2,True,False,True,True,93,-43.177879333496094,-46.00985336303711,1
Liam buys this restaurant.,Liam buys these restaurant.,morphology,determiner_noun_agreement,determiner_noun_agreement_2,True,False,True,True,94,-36.7570915222168,-42.31726837158203,1
Tonya hasn't arrived at that hospital.,Tonya hasn't arrived at those hospital.,morphology,determiner_noun_agreement,determiner_noun_agreement_2,True,False,True,True,95,-41.550865173339844,-44.18740463256836,1
George doesn't pass this mall.,George doesn't pass these mall.,morphology,determiner_noun_agreement,determiner_noun_agreement_2,True,False,True,True,96,-33.66415786743164,-37.09252166748047,1
Actors conceal these coats.,Actors conceal this coats.,morphology,determiner_noun_agreement,determiner_noun_agreement_2,True,False,True,True,97,-39.21220397949219,-42.80438232421875,1
Actors can break this chair.,Actors can break these chair.,morphology,determiner_noun_agreement,determiner_noun_agreement_2,True,False,True,True,98,-40.52055358886719,-43.57261657714844,1
Marla will attack these teachers.,Marla will attack this teachers.,morphology,determiner_noun_agreement,determiner_noun_agreement_2,True,False,True,True,99,-44.471405029296875,-46.38494110107422,1
Those schools haven't hurt this student.,Those schools haven't hurt these student.,morphology,determiner_noun_agreement,determiner_noun_agreement_2,True,False,True,True,100,-38.65495300292969,-45.5496826171875,1
Connie wasn't scanning those stories.,Connie wasn't scanning that stories.,morphology,determiner_noun_agreement,determiner_noun_agreement_2,True,False,True,True,101,-47.105247497558594,-48.355247497558594,1
Carla doesn't embarrass this dancer.,Carla doesn't embarrass these dancer.,morphology,determiner_noun_agreement,determiner_noun_agreement_2,True,False,True,True,102,-47.027381896972656,-51.44355010986328,1
These waitresses were firing that actress.,These waitresses were firing those actress.,morphology,determiner_noun_agreement,determiner_noun_agreement_2,True,False,True,True,103,-58.22368621826172,-60.89858627319336,1
The customers flee from these dancers.,The customers flee from this dancers.,morphology,determiner_noun_agreement,determiner_noun_agreement_2,True,False,True,True,104,-43.948829650878906,-46.452816009521484,1
These universities boast about these reports.,These universities boast about this reports.,morphology,determiner_noun_agreement,determiner_noun_agreement_2,True,False,True,True,105,-40.74296951293945,-42.94089126586914,1
Ronald did leave this guest.,Ronald did leave these guest.,morphology,determiner_noun_agreement,determiner_noun_agreement_2,True,False,True,True,106,-44.80571746826172,-48.88584899902344,1
The organizations help that guy.,The organizations help those guy.,morphology,determiner_noun_agreement,determiner_noun_agreement_2,True,False,True,True,107,-40.97062683105469,-40.35638427734375,0
Bethany looks like that picture.,Bethany looks like those picture.,morphology,determiner_noun_agreement,determiner_noun_agreement_2,True,False,True,True,108,-44.55795669555664,-45.906288146972656,1
Every bike bores this cashier.,Every bike bores these cashier.,morphology,determiner_noun_agreement,determiner_noun_agreement_2,True,False,True,True,109,-48.27956008911133,-50.39222717285156,1
Boxes resembled those pictures.,Boxes resembled that pictures.,morphology,determiner_noun_agreement,determiner_noun_agreement_2,True,False,True,True,110,-34.97223663330078,-38.51283264160156,1
Many hospitals respect those actresses.,Many hospitals respect that actresses.,morphology,determiner_noun_agreement,determiner_noun_agreement_2,True,False,True,True,111,-45.044151306152344,-44.24457550048828,0
Tonya shouldn't think about these high schools.,Tonya shouldn't think about this high schools.,morphology,determiner_noun_agreement,determiner_noun_agreement_2,True,False,True,True,112,-46.034088134765625,-47.159175872802734,1
The Borgias think about these pictures.,The Borgias think about this pictures.,morphology,determiner_noun_agreement,determiner_noun_agreement_2,True,False,True,True,113,-50.36473846435547,-52.25397491455078,1
Gerald discovered these blouses.,Gerald discovered this blouses.,morphology,determiner_noun_agreement,determiner_noun_agreement_2,True,False,True,True,114,-41.217437744140625,-39.19757843017578,0
Those guests fire this teacher.,Those guests fire these teacher.,morphology,determiner_noun_agreement,determiner_noun_agreement_2,True,False,True,True,115,-39.49327087402344,-44.09107208251953,1
Becca is hurting these customers.,Becca is hurting this customers.,morphology,determiner_noun_agreement,determiner_noun_agreement_2,True,False,True,True,116,-40.762229919433594,-43.66249084472656,1
Most waiters haven't hurt these cashiers.,Most waiters haven't hurt this cashiers.,morphology,determiner_noun_agreement,determiner_noun_agreement_2,True,False,True,True,117,-57.671390533447266,-58.7026481628418,1
Dawn criticized these guests.,Dawn criticized this guests.,morphology,determiner_noun_agreement,determiner_noun_agreement_2,True,False,True,True,118,-39.976905822753906,-42.0235595703125,1
That person wasn't stunning those adults.,That person wasn't stunning that adults.,morphology,determiner_noun_agreement,determiner_noun_agreement_2,True,False,True,True,119,-48.93364715576172,-45.607421875,0
Barbara isn't hugging those patients.,Barbara isn't hugging that patients.,morphology,determiner_noun_agreement,determiner_noun_agreement_2,True,False,True,True,120,-45.443546295166016,-48.4000244140625,1
Some lamp hadn't confused this legislature.,Some lamp hadn't confused these legislature.,morphology,determiner_noun_agreement,determiner_noun_agreement_2,True,False,True,True,121,-56.440589904785156,-60.19023895263672,1
Many waiters boycott this cafe.,Many waiters boycott these cafe.,morphology,determiner_noun_agreement,determiner_noun_agreement_2,True,False,True,True,122,-49.41742706298828,-53.814369201660156,1
All cashiers scan this commentary.,All cashiers scan these commentary.,morphology,determiner_noun_agreement,determiner_noun_agreement_2,True,False,True,True,123,-49.40235137939453,-52.875831604003906,1
Some boy might cure that guy.,Some boy might cure those guy.,morphology,determiner_noun_agreement,determiner_noun_agreement_2,True,False,True,True,124,-38.825416564941406,-40.88617706298828,1
Rebecca is driving to that cafe.,Rebecca is driving to those cafe.,morphology,determiner_noun_agreement,determiner_noun_agreement_2,True,False,True,True,125,-44.72654724121094,-47.49864959716797,1
Those teenagers reference these ladies.,Those teenagers reference this ladies.,morphology,determiner_noun_agreement,determiner_noun_agreement_2,True,False,True,True,126,-38.22801971435547,-40.89606475830078,1
Rebecca has investigated that driver.,Rebecca has investigated those driver.,morphology,determiner_noun_agreement,determiner_noun_agreement_2,True,False,True,True,127,-43.83488845825195,-46.073814392089844,1
Winston Churchill did worry that customer.,Winston Churchill did worry those customer.,morphology,determiner_noun_agreement,determiner_noun_agreement_2,True,False,True,True,128,-58.529258728027344,-66.00387573242188,1
Julia isn't finding those college campuses.,Julia isn't finding that college campuses.,morphology,determiner_noun_agreement,determiner_noun_agreement_2,True,False,True,True,129,-47.31654357910156,-45.991031646728516,0
Tonya reveals that patient.,Tonya reveals those patient.,morphology,determiner_noun_agreement,determiner_noun_agreement_2,True,False,True,True,130,-34.58268737792969,-40.31744384765625,1
Caroline bothered these senators.,Caroline bothered this senators.,morphology,determiner_noun_agreement,determiner_noun_agreement_2,True,False,True,True,131,-48.04969787597656,-51.03321838378906,1
The hospitals fire those children.,The hospitals fire that children.,morphology,determiner_noun_agreement,determiner_noun_agreement_2,True,False,True,True,132,-43.93437957763672,-42.72401809692383,0
Many doctors tour those grocery stores.,Many doctors tour that grocery stores.,morphology,determiner_noun_agreement,determiner_noun_agreement_2,True,False,True,True,133,-39.315574645996094,-40.461849212646484,1
Martin is referencing those movies.,Martin is referencing that movies.,morphology,determiner_noun_agreement,determiner_noun_agreement_2,True,False,True,True,134,-32.73414993286133,-32.57015609741211,0
Every waiter is leaving those doctors.,Every waiter is leaving that doctors.,morphology,determiner_noun_agreement,determiner_noun_agreement_2,True,False,True,True,135,-39.97571563720703,-44.47923278808594,1
Peter can't complain about this driver.,Peter can't complain about these driver.,morphology,determiner_noun_agreement,determiner_noun_agreement_2,True,False,True,True,136,-35.90169143676758,-40.97736358642578,1
Most carts aren't looking like these prints.,Most carts aren't looking like this prints.,morphology,determiner_noun_agreement,determiner_noun_agreement_2,True,False,True,True,137,-41.68704605102539,-44.25766372680664,1
Diane isn't talking to that customer.,Diane isn't talking to those customer.,morphology,determiner_noun_agreement,determiner_noun_agreement_2,True,False,True,True,138,-43.1512451171875,-45.5900993347168,1
Every hospital won't admire these art galleries.,Every hospital won't admire this art galleries.,morphology,determiner_noun_agreement,determiner_noun_agreement_2,True,False,True,True,139,-51.5863151550293,-51.314571380615234,0
Alicia hasn't fled from these actresses.,Alicia hasn't fled from this actresses.,morphology,determiner_noun_agreement,determiner_noun_agreement_2,True,False,True,True,140,-58.391212463378906,-59.124412536621094,1
Carl researches that newspaper article.,Carl researches those newspaper article.,morphology,determiner_noun_agreement,determiner_noun_agreement_2,True,False,True,True,141,-39.680145263671875,-41.96271514892578,1
Linda is running around those malls.,Linda is running around that malls.,morphology,determiner_noun_agreement,determiner_noun_agreement_2,True,False,True,True,142,-41.202117919921875,-44.58106231689453,1
Many people had healed those senators.,Many people had healed that senators.,morphology,determiner_noun_agreement,determiner_noun_agreement_2,True,False,True,True,143,-42.535804748535156,-45.74065399169922,1
Most museums couldn't praise those brochures.,Most museums couldn't praise that brochures.,morphology,determiner_noun_agreement,determiner_noun_agreement_2,True,False,True,True,144,-50.99039077758789,-52.34220886230469,1
Every person isn't driving to that college campus.,Every person isn't driving to those college campus.,morphology,determiner_noun_agreement,determiner_noun_agreement_2,True,False,True,True,145,-49.885677337646484,-49.795799255371094,0
Gina would flee from those students.,Gina would flee from that students.,morphology,determiner_noun_agreement,determiner_noun_agreement_2,True,False,True,True,146,-43.79957580566406,-50.02637481689453,1
Patricia is approaching this teacher.,Patricia is approaching these teacher.,morphology,determiner_noun_agreement,determiner_noun_agreement_2,True,False,True,True,147,-38.60618591308594,-44.054595947265625,1
The waitress did drop by those schools.,The waitress did drop by that schools.,morphology,determiner_noun_agreement,determiner_noun_agreement_2,True,False,True,True,148,-51.63334274291992,-55.207481384277344,1
Randolf hadn't talked about this library.,Randolf hadn't talked about these library.,morphology,determiner_noun_agreement,determiner_noun_agreement_2,True,False,True,True,149,-48.351402282714844,-53.937042236328125,1
Lawrence is driving to that bank.,Lawrence is driving to those bank.,morphology,determiner_noun_agreement,determiner_noun_agreement_2,True,False,True,True,150,-40.92169189453125,-43.338623046875,1
Some dancer disagrees with these newspaper articles.,Some dancer disagrees with this newspaper articles.,morphology,determiner_noun_agreement,determiner_noun_agreement_2,True,False,True,True,151,-49.50917053222656,-50.87752914428711,1
Becca hurt those ladies.,Becca hurt that ladies.,morphology,determiner_noun_agreement,determiner_noun_agreement_2,True,False,True,True,152,-39.934139251708984,-42.38641357421875,1
Keith listens to those ladies.,Keith listens to that ladies.,morphology,determiner_noun_agreement,determiner_noun_agreement_2,True,False,True,True,153,-27.522029876708984,-32.51600646972656,1
Clyde was talking about those schools.,Clyde was talking about that schools.,morphology,determiner_noun_agreement,determiner_noun_agreement_2,True,False,True,True,154,-48.288246154785156,-51.32856750488281,1
Bill wouldn't pass that movie theater.,Bill wouldn't pass those movie theater.,morphology,determiner_noun_agreement,determiner_noun_agreement_2,True,False,True,True,155,-37.94460678100586,-41.64238739013672,1
Some driver drove to these schools.,Some driver drove to this schools.,morphology,determiner_noun_agreement,determiner_noun_agreement_2,True,False,True,True,156,-40.68418884277344,-42.92748260498047,1
Christine can't think about this actor.,Christine can't think about these actor.,morphology,determiner_noun_agreement,determiner_noun_agreement_2,True,False,True,True,157,-41.53828811645508,-46.56658935546875,1
Larry didn't lift this hat.,Larry didn't lift these hat.,morphology,determiner_noun_agreement,determiner_noun_agreement_2,True,False,True,True,158,-31.80887794494629,-34.03392791748047,1
The Lutherans don't conceal these teenagers.,The Lutherans don't conceal this teenagers.,morphology,determiner_noun_agreement,determiner_noun_agreement_2,True,False,True,True,159,-57.123775482177734,-60.3712043762207,1
A lot of men discover these photographs.,A lot of men discover this photographs.,morphology,determiner_noun_agreement,determiner_noun_agreement_2,True,False,True,True,160,-38.59657287597656,-38.9969482421875,1
These drivers might disagree with those dancers.,These drivers might disagree with that dancers.,morphology,determiner_noun_agreement,determiner_noun_agreement_2,True,False,True,True,161,-45.84157180786133,-48.002986907958984,1
Joel approaches these actresses.,Joel approaches this actresses.,morphology,determiner_noun_agreement,determiner_noun_agreement_2,True,False,True,True,162,-42.573490142822266,-42.69994354248047,1
April hadn't astounded these patients.,April hadn't astounded this patients.,morphology,determiner_noun_agreement,determiner_noun_agreement_2,True,False,True,True,163,-47.54753112792969,-48.71436309814453,1
Most schools forget this book.,Most schools forget these book.,morphology,determiner_noun_agreement,determiner_noun_agreement_2,True,False,True,True,164,-30.399221420288086,-34.78856658935547,1
Marcus had dropped by this grocery store.,Marcus had dropped by these grocery store.,morphology,determiner_noun_agreement,determiner_noun_agreement_2,True,False,True,True,165,-37.13410186767578,-37.983543395996094,1
Maria is cleaning that couch.,Maria is cleaning those couch.,morphology,determiner_noun_agreement,determiner_noun_agreement_2,True,False,True,True,166,-35.73844909667969,-35.32341384887695,0
Florence scans that documentary.,Florence scans those documentary.,morphology,determiner_noun_agreement,determiner_noun_agreement_2,True,False,True,True,167,-48.256813049316406,-53.204402923583984,1
Ann hadn't questioned that school.,Ann hadn't questioned those school.,morphology,determiner_noun_agreement,determiner_noun_agreement_2,True,False,True,True,168,-34.78352355957031,-39.678375244140625,1
Some ice shouldn't worry this committee.,Some ice shouldn't worry these committee.,morphology,determiner_noun_agreement,determiner_noun_agreement_2,True,False,True,True,169,-47.70515441894531,-53.32915496826172,1
Brian was messing up that movie theater.,Brian was messing up those movie theater.,morphology,determiner_noun_agreement,determiner_noun_agreement_2,True,False,True,True,170,-40.480804443359375,-42.68919372558594,1
Samantha loves this brochure.,Samantha loves these brochure.,morphology,determiner_noun_agreement,determiner_noun_agreement_2,True,False,True,True,171,-41.37830352783203,-42.728702545166016,1
Sabrina could criticize that dancer.,Sabrina could criticize those dancer.,morphology,determiner_noun_agreement,determiner_noun_agreement_2,True,False,True,True,172,-43.77260208129883,-47.356727600097656,1
Most students go to this restaurant.,Most students go to these restaurant.,morphology,determiner_noun_agreement,determiner_noun_agreement_2,True,False,True,True,173,-29.660655975341797,-33.439292907714844,1
All cashiers distract that guy.,All cashiers distract those guy.,morphology,determiner_noun_agreement,determiner_noun_agreement_2,True,False,True,True,174,-49.630977630615234,-49.76759338378906,1
These children run around that high school.,These children run around those high school.,morphology,determiner_noun_agreement,determiner_noun_agreement_2,True,False,True,True,175,-35.27794647216797,-36.794036865234375,1
Robert couldn't lift those blouses.,Robert couldn't lift that blouses.,morphology,determiner_noun_agreement,determiner_noun_agreement_2,True,False,True,True,176,-38.821197509765625,-38.58958053588867,0
Most adults drop by these schools.,Most adults drop by this schools.,morphology,determiner_noun_agreement,determiner_noun_agreement_2,True,False,True,True,177,-34.86091613769531,-39.88077926635742,1
Most students scare those doctors.,Most students scare that doctors.,morphology,determiner_noun_agreement,determiner_noun_agreement_2,True,False,True,True,178,-37.33020782470703,-40.60902404785156,1
That couch has impressed those adults.,That couch has impressed that adults.,morphology,determiner_noun_agreement,determiner_noun_agreement_2,True,False,True,True,179,-42.44313049316406,-41.43645477294922,0
All windows disturb that committee.,All windows disturb those committee.,morphology,determiner_noun_agreement,determiner_noun_agreement_2,True,False,True,True,180,-43.63774108886719,-44.505523681640625,1
Every adult hadn't embarrassed these banks.,Every adult hadn't embarrassed this banks.,morphology,determiner_noun_agreement,determiner_noun_agreement_2,True,False,True,True,181,-51.303863525390625,-52.09103775024414,1
Some essay doesn't distract these committees.,Some essay doesn't distract this committees.,morphology,determiner_noun_agreement,determiner_noun_agreement_2,True,False,True,True,182,-48.71552658081055,-50.97783660888672,1
Maria was going to those college campuses.,Maria was going to that college campuses.,morphology,determiner_noun_agreement,determiner_noun_agreement_2,True,False,True,True,183,-33.10356140136719,-33.2415771484375,1
The committees admire those newspaper articles.,The committees admire that newspaper articles.,morphology,determiner_noun_agreement,determiner_noun_agreement_2,True,False,True,True,184,-49.24069595336914,-50.465301513671875,1
Brett is listening to that waitress.,Brett is listening to those waitress.,morphology,determiner_noun_agreement,determiner_noun_agreement_2,True,False,True,True,185,-44.697017669677734,-45.15150451660156,1
Alice hasn't astounded that school.,Alice hasn't astounded those school.,morphology,determiner_noun_agreement,determiner_noun_agreement_2,True,False,True,True,186,-41.54845428466797,-47.18121337890625,1
Anne thought about this glass.,Anne thought about these glass.,morphology,determiner_noun_agreement,determiner_noun_agreement_2,True,False,True,True,187,-27.169389724731445,-30.396331787109375,1
Every grocery store astounded this waiter.,Every grocery store astounded these waiter.,morphology,determiner_noun_agreement,determiner_noun_agreement_2,True,False,True,True,188,-51.97924041748047,-55.41387939453125,1
Angela was worrying that museum.,Angela was worrying those museum.,morphology,determiner_noun_agreement,determiner_noun_agreement_2,True,False,True,True,189,-44.36077117919922,-48.76354217529297,1
These plays have bothered those associations.,These plays have bothered that associations.,morphology,determiner_noun_agreement,determiner_noun_agreement_2,True,False,True,True,190,-49.30283737182617,-50.28057098388672,1
Dennis breaks those dishes.,Dennis breaks that dishes.,morphology,determiner_noun_agreement,determiner_noun_agreement_2,True,False,True,True,191,-38.675743103027344,-41.72631072998047,1
Cashiers are visiting those guests.,Cashiers are visiting that guests.,morphology,determiner_noun_agreement,determiner_noun_agreement_2,True,False,True,True,192,-37.77073669433594,-41.29572296142578,1
Some driver fixed this glass.,Some driver fixed these glass.,morphology,determiner_noun_agreement,determiner_noun_agreement_2,True,False,True,True,193,-34.30746841430664,-37.26933288574219,1
These museums remember these dancers.,These museums remember this dancers.,morphology,determiner_noun_agreement,determiner_noun_agreement_2,True,False,True,True,194,-39.327728271484375,-42.53132629394531,1
Heather didn't clean this museum.,Heather didn't clean these museum.,morphology,determiner_noun_agreement,determiner_noun_agreement_2,True,False,True,True,195,-50.535614013671875,-56.32823181152344,1
A lot of cups aren't impressing this museum.,A lot of cups aren't impressing these museum.,morphology,determiner_noun_agreement,determiner_noun_agreement_2,True,False,True,True,196,-59.9251594543457,-66.24586486816406,1
George hadn't referenced this student.,George hadn't referenced these student.,morphology,determiner_noun_agreement,determiner_noun_agreement_2,True,False,True,True,197,-38.815040588378906,-45.62237548828125,1
Those stairs haven't aggravated that patient.,Those stairs haven't aggravated those patient.,morphology,determiner_noun_agreement,determiner_noun_agreement_2,True,False,True,True,198,-51.19127655029297,-56.76438903808594,1
The Clintons walk through that art gallery.,The Clintons walk through those art gallery.,morphology,determiner_noun_agreement,determiner_noun_agreement_2,True,False,True,True,199,-51.97844696044922,-51.70130920410156,0
Richard bikes to those banks.,Richard bikes to that banks.,morphology,determiner_noun_agreement,determiner_noun_agreement_2,True,False,True,True,200,-33.405113220214844,-38.31049728393555,1
Veronica is stunning those patients.,Veronica is stunning that patients.,morphology,determiner_noun_agreement,determiner_noun_agreement_2,True,False,True,True,201,-40.72746276855469,-39.69324493408203,0
Andrea hates that essay.,Andrea hates those essay.,morphology,determiner_noun_agreement,determiner_noun_agreement_2,True,False,True,True,202,-36.85185241699219,-40.48518753051758,1
Jason had admired these drivers.,Jason had admired this drivers.,morphology,determiner_noun_agreement,determiner_noun_agreement_2,True,False,True,True,203,-34.48474884033203,-35.38429260253906,1
All dancers drive to these malls.,All dancers drive to this malls.,morphology,determiner_noun_agreement,determiner_noun_agreement_2,True,False,True,True,204,-43.021263122558594,-45.12285614013672,1
The guys question that guest.,The guys question those guest.,morphology,determiner_noun_agreement,determiner_noun_agreement_2,True,False,True,True,205,-40.0062255859375,-43.274810791015625,1
Richard could have these photographs.,Richard could have this photographs.,morphology,determiner_noun_agreement,determiner_noun_agreement_2,True,False,True,True,206,-26.021047592163086,-27.039520263671875,1
The pedestrian broke this couch.,The pedestrian broke these couch.,morphology,determiner_noun_agreement,determiner_noun_agreement_2,True,False,True,True,207,-38.73143768310547,-42.61084747314453,1
All committees boasted about these customers.,All committees boasted about this customers.,morphology,determiner_noun_agreement,determiner_noun_agreement_2,True,False,True,True,208,-49.36701965332031,-50.899986267089844,1
Scott shouldn't boast about that driver.,Scott shouldn't boast about those driver.,morphology,determiner_noun_agreement,determiner_noun_agreement_2,True,False,True,True,209,-42.76820373535156,-46.17305374145508,1
Derek hides those students.,Derek hides that students.,morphology,determiner_noun_agreement,determiner_noun_agreement_2,True,False,True,True,210,-38.934967041015625,-39.89093780517578,1
These women might hug that boy.,These women might hug those boy.,morphology,determiner_noun_agreement,determiner_noun_agreement_2,True,False,True,True,211,-37.79509353637695,-36.09892272949219,0
Some cashiers are dropping by these art galleries.,Some cashiers are dropping by this art galleries.,morphology,determiner_noun_agreement,determiner_noun_agreement_2,True,False,True,True,212,-57.015174865722656,-58.68025588989258,1
Cindy appreciates those libraries.,Cindy appreciates that libraries.,morphology,determiner_noun_agreement,determiner_noun_agreement_2,True,False,True,True,213,-45.12269592285156,-48.07508087158203,1
Candice admired this jacket.,Candice admired these jacket.,morphology,determiner_noun_agreement,determiner_noun_agreement_2,True,False,True,True,214,-34.60536193847656,-39.495506286621094,1
Andrea insults these boys.,Andrea insults this boys.,morphology,determiner_noun_agreement,determiner_noun_agreement_2,True,False,True,True,215,-43.808319091796875,-44.121646881103516,1
Jill escapes from those teachers.,Jill escapes from that teachers.,morphology,determiner_noun_agreement,determiner_noun_agreement_2,True,False,True,True,216,-42.457275390625,-48.83005142211914,1
Roger could help those ladies.,Roger could help that ladies.,morphology,determiner_noun_agreement,determiner_noun_agreement_2,True,False,True,True,217,-28.90936279296875,-32.470603942871094,1
Regina isn't exploring that library.,Regina isn't exploring those library.,morphology,determiner_noun_agreement,determiner_noun_agreement_2,True,False,True,True,218,-44.52668762207031,-46.79008102416992,1
Every play alarms these ladies.,Every play alarms this ladies.,morphology,determiner_noun_agreement,determiner_noun_agreement_2,True,False,True,True,219,-45.27923583984375,-44.306602478027344,0
Martha should work with these guests.,Martha should work with this guests.,morphology,determiner_noun_agreement,determiner_noun_agreement_2,True,False,True,True,220,-43.833431243896484,-45.55698013305664,1
All fish break that chair.,All fish break those chair.,morphology,determiner_noun_agreement,determiner_noun_agreement_2,True,False,True,True,221,-40.00105285644531,-42.03511428833008,1
Alan hadn't dropped by this restaurant.,Alan hadn't dropped by these restaurant.,morphology,determiner_noun_agreement,determiner_noun_agreement_2,True,False,True,True,222,-37.7381591796875,-42.50790786743164,1
That child wore that shirt.,That child wore those shirt.,morphology,determiner_noun_agreement,determiner_noun_agreement_2,True,False,True,True,223,-28.89068031311035,-32.4923095703125,1
Lisa argued about those drivers.,Lisa argued about that drivers.,morphology,determiner_noun_agreement,determiner_noun_agreement_2,True,False,True,True,224,-35.99039840698242,-38.35745620727539,1
All ladies sell this cup.,All ladies sell these cup.,morphology,determiner_noun_agreement,determiner_noun_agreement_2,True,False,True,True,225,-32.325809478759766,-37.29865646362305,1
Barbara would care for these guests.,Barbara would care for this guests.,morphology,determiner_noun_agreement,determiner_noun_agreement_2,True,False,True,True,226,-40.73912811279297,-43.307281494140625,1
Alice boasted about that teacher.,Alice boasted about those teacher.,morphology,determiner_noun_agreement,determiner_noun_agreement_2,True,False,True,True,227,-36.00130081176758,-40.70611572265625,1
Janice might question that student.,Janice might question those student.,morphology,determiner_noun_agreement,determiner_noun_agreement_2,True,False,True,True,228,-44.764339447021484,-48.005287170410156,1
Thomas isn't concealing these high schools.,Thomas isn't concealing this high schools.,morphology,determiner_noun_agreement,determiner_noun_agreement_2,True,False,True,True,229,-46.559120178222656,-46.62976837158203,1
Many banks boast about these ladies.,Many banks boast about this ladies.,morphology,determiner_noun_agreement,determiner_noun_agreement_2,True,False,True,True,230,-39.39564514160156,-41.608280181884766,1
A waitress has astounded those pedestrians.,A waitress has astounded that pedestrians.,morphology,determiner_noun_agreement,determiner_noun_agreement_2,True,False,True,True,231,-53.94880294799805,-54.63833236694336,1
These women returned to this senator.,These women returned to these senator.,morphology,determiner_noun_agreement,determiner_noun_agreement_2,True,False,True,True,232,-38.57773208618164,-41.42045974731445,1
These actors wear this hat.,These actors wear these hat.,morphology,determiner_noun_agreement,determiner_noun_agreement_2,True,False,True,True,233,-30.79710578918457,-33.34065246582031,1
The hospitals like these customers.,The hospitals like this customers.,morphology,determiner_noun_agreement,determiner_noun_agreement_2,True,False,True,True,234,-34.30319595336914,-34.602779388427734,1
These boys did praise those ladies.,These boys did praise that ladies.,morphology,determiner_noun_agreement,determiner_noun_agreement_2,True,False,True,True,235,-37.74015808105469,-41.80371856689453,1
Lisa wasn't hugging these boys.,Lisa wasn't hugging this boys.,morphology,determiner_noun_agreement,determiner_noun_agreement_2,True,False,True,True,236,-36.26923370361328,-36.69105529785156,1
Brian explored this bank.,Brian explored these bank.,morphology,determiner_noun_agreement,determiner_noun_agreement_2,True,False,True,True,237,-31.39069175720215,-35.40517044067383,1
Keith doesn't discover these skirts.,Keith doesn't discover this skirts.,morphology,determiner_noun_agreement,determiner_noun_agreement_2,True,False,True,True,238,-37.1087646484375,-39.21372985839844,1
Some student admires these children.,Some student admires this children.,morphology,determiner_noun_agreement,determiner_noun_agreement_2,True,False,True,True,239,-34.186195373535156,-36.79688262939453,1
These governments discuss that waiter.,These governments discuss those waiter.,morphology,determiner_noun_agreement,determiner_noun_agreement_2,True,False,True,True,240,-45.076759338378906,-46.26498794555664,1
That pedestrian argued about these boys.,That pedestrian argued about this boys.,morphology,determiner_noun_agreement,determiner_noun_agreement_2,True,False,True,True,241,-47.155845642089844,-47.91658020019531,1
Harvard University can irritate this cashier.,Harvard University can irritate these cashier.,morphology,determiner_noun_agreement,determiner_noun_agreement_2,True,False,True,True,242,-54.15802764892578,-58.44811248779297,1
Those women go to those grocery stores.,Those women go to that grocery stores.,morphology,determiner_noun_agreement,determiner_noun_agreement_2,True,False,True,True,243,-32.52936935424805,-33.37532424926758,1
That actress wouldn't mess up these dishes.,That actress wouldn't mess up this dishes.,morphology,determiner_noun_agreement,determiner_noun_agreement_2,True,False,True,True,244,-47.76013946533203,-49.68030548095703,1
The Clintons like that book.,The Clintons like those book.,morphology,determiner_noun_agreement,determiner_noun_agreement_2,True,False,True,True,245,-36.075565338134766,-39.68684387207031,1
The Borgias have thought about these dishes.,The Borgias have thought about this dishes.,morphology,determiner_noun_agreement,determiner_noun_agreement_2,True,False,True,True,246,-55.22100830078125,-58.157859802246094,1
These people leave that teacher.,These people leave those teacher.,morphology,determiner_noun_agreement,determiner_noun_agreement_2,True,False,True,True,247,-31.894058227539062,-34.512718200683594,1
The guests observe this patient.,The guests observe these patient.,morphology,determiner_noun_agreement,determiner_noun_agreement_2,True,False,True,True,248,-37.283912658691406,-42.87108612060547,1
Ann researches that legislature.,Ann researches those legislature.,morphology,determiner_noun_agreement,determiner_noun_agreement_2,True,False,True,True,249,-36.42560577392578,-41.495750427246094,1
Some children haven't cleaned this school.,Some children haven't cleaned these school.,morphology,determiner_noun_agreement,determiner_noun_agreement_2,True,False,True,True,250,-35.728797912597656,-39.237064361572266,1
Samuel returned to these drivers.,Samuel returned to this drivers.,morphology,determiner_noun_agreement,determiner_noun_agreement_2,True,False,True,True,251,-35.02347183227539,-36.92620086669922,1
Edward criticized those waiters.,Edward criticized that waiters.,morphology,determiner_noun_agreement,determiner_noun_agreement_2,True,False,True,True,252,-33.128684997558594,-36.15031433105469,1
Gina had argued about that movie.,Gina had argued about those movie.,morphology,determiner_noun_agreement,determiner_noun_agreement_2,True,False,True,True,253,-44.39740753173828,-49.839500427246094,1
Alice looks like those sketches.,Alice looks like that sketches.,morphology,determiner_noun_agreement,determiner_noun_agreement_2,True,False,True,True,254,-26.585948944091797,-28.920547485351562,1
Elaine cleaned those glasses.,Elaine cleaned that glasses.,morphology,determiner_noun_agreement,determiner_noun_agreement_2,True,False,True,True,255,-36.45891571044922,-40.501678466796875,1
The Impressionists observe these waitresses.,The Impressionists observe this waitresses.,morphology,determiner_noun_agreement,determiner_noun_agreement_2,True,False,True,True,256,-51.44798278808594,-51.84798049926758,1
Liam had disturbed this government.,Liam had disturbed these government.,morphology,determiner_noun_agreement,determiner_noun_agreement_2,True,False,True,True,257,-47.886680603027344,-50.17230987548828,1
Winston Churchill cures these dancers.,Winston Churchill cures this dancers.,morphology,determiner_noun_agreement,determiner_noun_agreement_2,True,False,True,True,258,-56.287471771240234,-58.92810821533203,1
Guys hug that doctor.,Guys hug those doctor.,morphology,determiner_noun_agreement,determiner_noun_agreement_2,True,False,True,True,259,-38.68604278564453,-38.708580017089844,1
A guest complains about those movies.,A guest complains about that movies.,morphology,determiner_noun_agreement,determiner_noun_agreement_2,True,False,True,True,260,-37.68547058105469,-38.95283508300781,1
Those committees disgust those waiters.,Those committees disgust that waiters.,morphology,determiner_noun_agreement,determiner_noun_agreement_2,True,False,True,True,261,-52.69476318359375,-52.344696044921875,0
These men reveal those pamphlets.,These men reveal that pamphlets.,morphology,determiner_noun_agreement,determiner_noun_agreement_2,True,False,True,True,262,-39.80276870727539,-39.7167854309082,0
Some hospital couldn't look like this print.,Some hospital couldn't look like these print.,morphology,determiner_noun_agreement,determiner_noun_agreement_2,True,False,True,True,263,-43.8597412109375,-48.77642822265625,1
Becca referenced those pedestrians.,Becca referenced that pedestrians.,morphology,determiner_noun_agreement,determiner_noun_agreement_2,True,False,True,True,264,-50.03415298461914,-48.35102462768555,0
Some girl hired those pedestrians.,Some girl hired that pedestrians.,morphology,determiner_noun_agreement,determiner_noun_agreement_2,True,False,True,True,265,-40.62984085083008,-41.84681701660156,1
Beverly was walking through that restaurant.,Beverly was walking through those restaurant.,morphology,determiner_noun_agreement,determiner_noun_agreement_2,True,False,True,True,266,-44.631446838378906,-48.27184295654297,1
Diana had broken this dish.,Diana had broken these dish.,morphology,determiner_noun_agreement,determiner_noun_agreement_2,True,False,True,True,267,-40.90234375,-44.683082580566406,1
Some customers were leaving that girl.,Some customers were leaving those girl.,morphology,determiner_noun_agreement,determiner_noun_agreement_2,True,False,True,True,268,-36.808753967285156,-37.813133239746094,1
The cashiers hire that dancer.,The cashiers hire those dancer.,morphology,determiner_noun_agreement,determiner_noun_agreement_2,True,False,True,True,269,-51.79914093017578,-54.94982147216797,1
Carl breaks those forks.,Carl breaks that forks.,morphology,determiner_noun_agreement,determiner_noun_agreement_2,True,False,True,True,270,-30.040786743164062,-31.891372680664062,1
The Clintons haven't concealed these waitresses.,The Clintons haven't concealed this waitresses.,morphology,determiner_noun_agreement,determiner_noun_agreement_2,True,False,True,True,271,-58.352027893066406,-58.5197868347168,1
The museums have that cafe.,The museums have those cafe.,morphology,determiner_noun_agreement,determiner_noun_agreement_2,True,False,True,True,272,-38.48149108886719,-39.49463653564453,1
The customers alarm that cashier.,The customers alarm those cashier.,morphology,determiner_noun_agreement,determiner_noun_agreement_2,True,False,True,True,273,-48.29417037963867,-53.337623596191406,1
Edward does drive to these grocery stores.,Edward does drive to this grocery stores.,morphology,determiner_noun_agreement,determiner_noun_agreement_2,True,False,True,True,274,-42.528499603271484,-46.18096923828125,1
The actresses worries those children.,The actresses worries that children.,morphology,determiner_noun_agreement,determiner_noun_agreement_2,True,False,True,True,275,-44.496238708496094,-44.379878997802734,0
All women hadn't lifted those eyes.,All women hadn't lifted that eyes.,morphology,determiner_noun_agreement,determiner_noun_agreement_2,True,False,True,True,276,-38.99343490600586,-41.05176544189453,1
Those waitresses exit these malls.,Those waitresses exit this malls.,morphology,determiner_noun_agreement,determiner_noun_agreement_2,True,False,True,True,277,-52.513004302978516,-54.51742172241211,1
Every teenager is messing up this dish.,Every teenager is messing up these dish.,morphology,determiner_noun_agreement,determiner_noun_agreement_2,True,False,True,True,278,-41.663272857666016,-46.92903518676758,1
Some window has hurt these customers.,Some window has hurt this customers.,morphology,determiner_noun_agreement,determiner_noun_agreement_2,True,False,True,True,279,-37.292213439941406,-39.534873962402344,1
Amelia researches these schools.,Amelia researches this schools.,morphology,determiner_noun_agreement,determiner_noun_agreement_2,True,False,True,True,280,-46.21638870239258,-48.73503875732422,1
Guy had messed up these cafes.,Guy had messed up this cafes.,morphology,determiner_noun_agreement,determiner_noun_agreement_2,True,False,True,True,281,-39.28032684326172,-39.762630462646484,1
The boys weren't messing up these glasses.,The boys weren't messing up this glasses.,morphology,determiner_noun_agreement,determiner_noun_agreement_2,True,False,True,True,282,-44.083885192871094,-45.74146270751953,1
The doctors know these guys.,The doctors know this guys.,morphology,determiner_noun_agreement,determiner_noun_agreement_2,True,False,True,True,283,-33.3230094909668,-34.811702728271484,1
Margaret left those waiters.,Margaret left that waiters.,morphology,determiner_noun_agreement,determiner_noun_agreement_2,True,False,True,True,284,-43.55934143066406,-45.694786071777344,1
Many guys clean these couches.,Many guys clean this couches.,morphology,determiner_noun_agreement,determiner_noun_agreement_2,True,False,True,True,285,-33.078636169433594,-35.517127990722656,1
Leslie was cleaning these movie theaters.,Leslie was cleaning this movie theaters.,morphology,determiner_noun_agreement,determiner_noun_agreement_2,True,False,True,True,286,-54.15809631347656,-52.09505081176758,0
The Impressionists exit these schools.,The Impressionists exit this schools.,morphology,determiner_noun_agreement,determiner_noun_agreement_2,True,False,True,True,287,-40.242088317871094,-44.485504150390625,1
Robert discovers those shirts.,Robert discovers that shirts.,morphology,determiner_noun_agreement,determiner_noun_agreement_2,True,False,True,True,288,-31.126182556152344,-31.11444664001465,0
Vincent hides this guest.,Vincent hides these guest.,morphology,determiner_noun_agreement,determiner_noun_agreement_2,True,False,True,True,289,-41.00792694091797,-45.69488525390625,1
Benjamin isn't breaking that cup.,Benjamin isn't breaking those cup.,morphology,determiner_noun_agreement,determiner_noun_agreement_2,True,False,True,True,290,-47.88363265991211,-50.24261474609375,1
The Lutherans go to this restaurant.,The Lutherans go to these restaurant.,morphology,determiner_noun_agreement,determiner_noun_agreement_2,True,False,True,True,291,-48.033843994140625,-52.357486724853516,1
Caroline referenced those dancers.,Caroline referenced that dancers.,morphology,determiner_noun_agreement,determiner_noun_agreement_2,True,False,True,True,292,-48.54036331176758,-46.60449981689453,0
These guests haven't hated those senators.,These guests haven't hated that senators.,morphology,determiner_noun_agreement,determiner_noun_agreement_2,True,False,True,True,293,-49.27712631225586,-51.42725372314453,1
Brad flees from that cashier.,Brad flees from those cashier.,morphology,determiner_noun_agreement,determiner_noun_agreement_2,True,False,True,True,294,-41.77113723754883,-42.738582611083984,1
Vincent won't conceal this essay.,Vincent won't conceal these essay.,morphology,determiner_noun_agreement,determiner_noun_agreement_2,True,False,True,True,295,-46.108856201171875,-50.989925384521484,1
Cindy describes these restaurants.,Cindy describes this restaurants.,morphology,determiner_noun_agreement,determiner_noun_agreement_2,True,False,True,True,296,-40.757652282714844,-43.430076599121094,1
A person hadn't boasted about those waiters.,A person hadn't boasted about that waiters.,morphology,determiner_noun_agreement,determiner_noun_agreement_2,True,False,True,True,297,-56.91902160644531,-58.128509521484375,1
Janet cleaned that public park.,Janet cleaned those public park.,morphology,determiner_noun_agreement,determiner_noun_agreement_2,True,False,True,True,298,-49.44032287597656,-51.95098876953125,1
Amy fled from those art galleries.,Amy fled from that art galleries.,morphology,determiner_noun_agreement,determiner_noun_agreement_2,True,False,True,True,299,-39.67472457885742,-43.36029052734375,1
Homer hasn't praised these children.,Homer hasn't praised this children.,morphology,determiner_noun_agreement,determiner_noun_agreement_2,True,False,True,True,300,-50.323486328125,-51.53177261352539,1
These trucks distract this pedestrian.,These trucks distract these pedestrian.,morphology,determiner_noun_agreement,determiner_noun_agreement_2,True,False,True,True,301,-44.278953552246094,-46.42110061645508,1
Kirsten should impress those actresses.,Kirsten should impress that actresses.,morphology,determiner_noun_agreement,determiner_noun_agreement_2,True,False,True,True,302,-53.29294967651367,-58.443809509277344,1
That driver respected those waitresses.,That driver respected that waitresses.,morphology,determiner_noun_agreement,determiner_noun_agreement_2,True,False,True,True,303,-48.558956146240234,-47.3452262878418,0
Drivers dislike that cafe.,Drivers dislike those cafe.,morphology,determiner_noun_agreement,determiner_noun_agreement_2,True,False,True,True,304,-39.43461990356445,-42.447261810302734,1
Those stairs astound this guest.,Those stairs astound these guest.,morphology,determiner_noun_agreement,determiner_noun_agreement_2,True,False,True,True,305,-51.778934478759766,-56.40689468383789,1
Diane won't wear this dress.,Diane won't wear these dress.,morphology,determiner_noun_agreement,determiner_noun_agreement_2,True,False,True,True,306,-38.245147705078125,-41.54002380371094,1
These sketches look like that waiter.,These sketches look like those waiter.,morphology,determiner_noun_agreement,determiner_noun_agreement_2,True,False,True,True,307,-40.501426696777344,-40.05982208251953,0
All ladies investigate these dancers.,All ladies investigate this dancers.,morphology,determiner_noun_agreement,determiner_noun_agreement_2,True,False,True,True,308,-39.5643310546875,-42.87589645385742,1
Linda had broken that fork.,Linda had broken those fork.,morphology,determiner_noun_agreement,determiner_noun_agreement_2,True,False,True,True,309,-43.718017578125,-45.24925231933594,1
Scott was noticing that lady.,Scott was noticing those lady.,morphology,determiner_noun_agreement,determiner_noun_agreement_2,True,False,True,True,310,-31.23031997680664,-35.872615814208984,1
Alan has helped these actors.,Alan has helped this actors.,morphology,determiner_noun_agreement,determiner_noun_agreement_2,True,False,True,True,311,-28.73538589477539,-32.49617004394531,1
That car upsets that school.,That car upsets those school.,morphology,determiner_noun_agreement,determiner_noun_agreement_2,True,False,True,True,312,-39.70308303833008,-43.756126403808594,1
Elizabeth is exploring that college campus.,Elizabeth is exploring those college campus.,morphology,determiner_noun_agreement,determiner_noun_agreement_2,True,False,True,True,313,-36.66675567626953,-38.03618240356445,1
Lucille was noticing those cashiers.,Lucille was noticing that cashiers.,morphology,determiner_noun_agreement,determiner_noun_agreement_2,True,False,True,True,314,-52.0984992980957,-53.82909393310547,1
Kristin wasn't approaching these customers.,Kristin wasn't approaching this customers.,morphology,determiner_noun_agreement,determiner_noun_agreement_2,True,False,True,True,315,-44.97651672363281,-46.445335388183594,1
A waitress might reveal this report.,A waitress might reveal these report.,morphology,determiner_noun_agreement,determiner_noun_agreement_2,True,False,True,True,316,-42.53614807128906,-46.846866607666016,1
Noah had upset that pedestrian.,Noah had upset those pedestrian.,morphology,determiner_noun_agreement,determiner_noun_agreement_2,True,False,True,True,317,-45.400123596191406,-48.91859817504883,1
Sharon hasn't observed these drivers.,Sharon hasn't observed this drivers.,morphology,determiner_noun_agreement,determiner_noun_agreement_2,True,False,True,True,318,-46.10324478149414,-47.740440368652344,1
All waitresses examine this brochure.,All waitresses examine these brochure.,morphology,determiner_noun_agreement,determiner_noun_agreement_2,True,False,True,True,319,-53.283447265625,-55.59352111816406,1
Christina had skated around these museums.,Christina had skated around this museums.,morphology,determiner_noun_agreement,determiner_noun_agreement_2,True,False,True,True,320,-54.983036041259766,-57.3084831237793,1
Children investigate those universities.,Children investigate that universities.,morphology,determiner_noun_agreement,determiner_noun_agreement_2,True,False,True,True,321,-34.47065734863281,-35.92264175415039,1
A lot of people reveal these chairs.,A lot of people reveal this chairs.,morphology,determiner_noun_agreement,determiner_noun_agreement_2,True,False,True,True,322,-40.524932861328125,-40.602657318115234,1
Jason drops by this high school.,Jason drops by these high school.,morphology,determiner_noun_agreement,determiner_noun_agreement_2,True,False,True,True,323,-34.54128646850586,-38.21800231933594,1
Many doctors arrive at those art galleries.,Many doctors arrive at that art galleries.,morphology,determiner_noun_agreement,determiner_noun_agreement_2,True,False,True,True,324,-42.611698150634766,-45.295562744140625,1
Nina won't mess up these banks.,Nina won't mess up this banks.,morphology,determiner_noun_agreement,determiner_noun_agreement_2,True,False,True,True,325,-49.59722900390625,-52.152957916259766,1
The Lutherans tour this museum.,The Lutherans tour these museum.,morphology,determiner_noun_agreement,determiner_noun_agreement_2,True,False,True,True,326,-50.34625244140625,-53.12969207763672,1
David investigated these guys.,David investigated this guys.,morphology,determiner_noun_agreement,determiner_noun_agreement_2,True,False,True,True,327,-28.15686798095703,-31.55388641357422,1
Some girls notice this shirt.,Some girls notice these shirt.,morphology,determiner_noun_agreement,determiner_noun_agreement_2,True,False,True,True,328,-31.523357391357422,-36.19583511352539,1
All glasses alarm that customer.,All glasses alarm those customer.,morphology,determiner_noun_agreement,determiner_noun_agreement_2,True,False,True,True,329,-43.2568359375,-50.0694694519043,1
Linda praises those patients.,Linda praises that patients.,morphology,determiner_noun_agreement,determiner_noun_agreement_2,True,False,True,True,330,-38.618553161621094,-42.05299377441406,1
Some plays irritate those drivers.,Some plays irritate that drivers.,morphology,determiner_noun_agreement,determiner_noun_agreement_2,True,False,True,True,331,-44.84166717529297,-47.64991760253906,1
Laurie revealed this grocery store.,Laurie revealed these grocery store.,morphology,determiner_noun_agreement,determiner_noun_agreement_2,True,False,True,True,332,-44.997684478759766,-48.33784484863281,1
Heather attacks that teenager.,Heather attacks those teenager.,morphology,determiner_noun_agreement,determiner_noun_agreement_2,True,False,True,True,333,-45.56098175048828,-48.74371337890625,1
Brad is lifting that shawl.,Brad is lifting those shawl.,morphology,determiner_noun_agreement,determiner_noun_agreement_2,True,False,True,True,334,-43.64361572265625,-42.766357421875,0
Some museum discusses this cafe.,Some museum discusses these cafe.,morphology,determiner_noun_agreement,determiner_noun_agreement_2,True,False,True,True,335,-38.9980583190918,-44.1239013671875,1
Jacqueline visited these college campuses.,Jacqueline visited this college campuses.,morphology,determiner_noun_agreement,determiner_noun_agreement_2,True,False,True,True,336,-49.351768493652344,-48.69994354248047,0
Guests should see that girl.,Guests should see those girl.,morphology,determiner_noun_agreement,determiner_noun_agreement_2,True,False,True,True,337,-34.669918060302734,-39.187496185302734,1
All teenagers had disagreed with those pedestrians.,All teenagers had disagreed with that pedestrians.,morphology,determiner_noun_agreement,determiner_noun_agreement_2,True,False,True,True,338,-49.1858024597168,-52.006736755371094,1
The newspaper article disagreed with those stories.,The newspaper article disagreed with that stories.,morphology,determiner_noun_agreement,determiner_noun_agreement_2,True,False,True,True,339,-43.02362823486328,-45.99475860595703,1
Mark might examine this play.,Mark might examine these play.,morphology,determiner_noun_agreement,determiner_noun_agreement_2,True,False,True,True,340,-31.96714210510254,-35.04725646972656,1
These pedestrians hug this dancer.,These pedestrians hug these dancer.,morphology,determiner_noun_agreement,determiner_noun_agreement_2,True,False,True,True,341,-44.32569122314453,-48.30211639404297,1
Julie wouldn't find these grocery stores.,Julie wouldn't find this grocery stores.,morphology,determiner_noun_agreement,determiner_noun_agreement_2,True,False,True,True,342,-43.268028259277344,-45.09877395629883,1
Kirsten sounded like those guys.,Kirsten sounded like that guys.,morphology,determiner_noun_agreement,determiner_noun_agreement_2,True,False,True,True,343,-45.260093688964844,-48.929595947265625,1
Lissa approaches these actors.,Lissa approaches this actors.,morphology,determiner_noun_agreement,determiner_noun_agreement_2,True,False,True,True,344,-39.32489013671875,-41.99324035644531,1
The Clintons hate those newspaper articles.,The Clintons hate that newspaper articles.,morphology,determiner_noun_agreement,determiner_noun_agreement_2,True,False,True,True,345,-45.97842025756836,-46.1329231262207,1
Some eggplants aren't upsetting those actors.,Some eggplants aren't upsetting that actors.,morphology,determiner_noun_agreement,determiner_noun_agreement_2,True,False,True,True,346,-55.66078186035156,-55.87358474731445,1
The slopes distract those guys.,The slopes distract that guys.,morphology,determiner_noun_agreement,determiner_noun_agreement_2,True,False,True,True,347,-40.08921813964844,-46.79230499267578,1
An adult would hate that customer.,An adult would hate those customer.,morphology,determiner_noun_agreement,determiner_noun_agreement_2,True,False,True,True,348,-36.350833892822266,-39.94972229003906,1
Rachelle might go to this museum.,Rachelle might go to these museum.,morphology,determiner_noun_agreement,determiner_noun_agreement_2,True,False,True,True,349,-38.46712875366211,-41.87482833862305,1
Susan breaks those cups.,Susan breaks that cups.,morphology,determiner_noun_agreement,determiner_noun_agreement_2,True,False,True,True,350,-28.813756942749023,-31.220970153808594,1
Lisa did resemble those paintings.,Lisa did resemble that paintings.,morphology,determiner_noun_agreement,determiner_noun_agreement_2,True,False,True,True,351,-34.572303771972656,-36.70256423950195,1
Martin was describing that restaurant.,Martin was describing those restaurant.,morphology,determiner_noun_agreement,determiner_noun_agreement_2,True,False,True,True,352,-31.396509170532227,-37.75057601928711,1
Joseph might notice those shirts.,Joseph might notice that shirts.,morphology,determiner_noun_agreement,determiner_noun_agreement_2,True,False,True,True,353,-35.26115417480469,-36.25128173828125,1
The actress heals that adult.,The actress heals those adult.,morphology,determiner_noun_agreement,determiner_noun_agreement_2,True,False,True,True,354,-41.22324752807617,-42.18155288696289,1
This guy had described those movies.,This guy had described that movies.,morphology,determiner_noun_agreement,determiner_noun_agreement_2,True,False,True,True,355,-36.44918441772461,-36.70120620727539,1
Christine boasts about these movies.,Christine boasts about this movies.,morphology,determiner_noun_agreement,determiner_noun_agreement_2,True,False,True,True,356,-42.98283767700195,-44.45363235473633,1
Roger disliked these movies.,Roger disliked this movies.,morphology,determiner_noun_agreement,determiner_noun_agreement_2,True,False,True,True,357,-25.649372100830078,-26.212688446044922,1
Tammy wasn't breaking this plate.,Tammy wasn't breaking these plate.,morphology,determiner_noun_agreement,determiner_noun_agreement_2,True,False,True,True,358,-41.35444641113281,-43.686676025390625,1
Some teenagers haven't referenced those boys.,Some teenagers haven't referenced that boys.,morphology,determiner_noun_agreement,determiner_noun_agreement_2,True,False,True,True,359,-42.78861618041992,-44.0760383605957,1
The women liked these cats.,The women liked this cats.,morphology,determiner_noun_agreement,determiner_noun_agreement_2,True,False,True,True,360,-32.7545051574707,-34.59645462036133,1
A library isn't admiring these libraries.,A library isn't admiring this libraries.,morphology,determiner_noun_agreement,determiner_noun_agreement_2,True,False,True,True,361,-46.079322814941406,-47.037109375,1
Most dancers hadn't worried this committee.,Most dancers hadn't worried these committee.,morphology,determiner_noun_agreement,determiner_noun_agreement_2,True,False,True,True,362,-50.84016418457031,-56.09169006347656,1
Stacey hasn't escaped from these teachers.,Stacey hasn't escaped from this teachers.,morphology,determiner_noun_agreement,determiner_noun_agreement_2,True,False,True,True,363,-49.55722427368164,-51.12171936035156,1
Kimberley exits this hospital.,Kimberley exits these hospital.,morphology,determiner_noun_agreement,determiner_noun_agreement_2,True,False,True,True,364,-45.17544937133789,-49.32829284667969,1
Sharon disagrees with that waiter.,Sharon disagrees with those waiter.,morphology,determiner_noun_agreement,determiner_noun_agreement_2,True,False,True,True,365,-45.443458557128906,-46.877906799316406,1
Some driver found those books.,Some driver found that books.,morphology,determiner_noun_agreement,determiner_noun_agreement_2,True,False,True,True,366,-33.543800354003906,-33.94870376586914,1
The Borgias hug that teenager.,The Borgias hug those teenager.,morphology,determiner_noun_agreement,determiner_noun_agreement_2,True,False,True,True,367,-55.70501708984375,-55.677913665771484,0
The Borgias heal these guests.,The Borgias heal this guests.,morphology,determiner_noun_agreement,determiner_noun_agreement_2,True,False,True,True,368,-53.81726837158203,-55.3929443359375,1
Sheila hasn't arrived at those restaurants.,Sheila hasn't arrived at that restaurants.,morphology,determiner_noun_agreement,determiner_noun_agreement_2,True,False,True,True,369,-47.57919692993164,-50.35960388183594,1
Martin could explore these cafes.,Martin could explore this cafes.,morphology,determiner_noun_agreement,determiner_noun_agreement_2,True,False,True,True,370,-33.02365493774414,-35.80396270751953,1
Some actor would sound like those banks.,Some actor would sound like that banks.,morphology,determiner_noun_agreement,determiner_noun_agreement_2,True,False,True,True,371,-45.553977966308594,-45.61918258666992,1
Martin sees these children.,Martin sees this children.,morphology,determiner_noun_agreement,determiner_noun_agreement_2,True,False,True,True,372,-26.018367767333984,-27.98752212524414,1
Heidi discovered that museum.,Heidi discovered those museum.,morphology,determiner_noun_agreement,determiner_noun_agreement_2,True,False,True,True,373,-40.23330307006836,-44.86164093017578,1
Tina brought that school.,Tina brought those school.,morphology,determiner_noun_agreement,determiner_noun_agreement_2,True,False,True,True,374,-36.29864501953125,-39.4052734375,1
That box might look like that picture.,That box might look like those picture.,morphology,determiner_noun_agreement,determiner_noun_agreement_2,True,False,True,True,375,-33.69870376586914,-35.544498443603516,1
Every unicycle is impressing that teacher.,Every unicycle is impressing those teacher.,morphology,determiner_noun_agreement,determiner_noun_agreement_2,True,False,True,True,376,-56.92779541015625,-59.433326721191406,1
Irene observed this dancer.,Irene observed these dancer.,morphology,determiner_noun_agreement,determiner_noun_agreement_2,True,False,True,True,377,-44.87228012084961,-49.485862731933594,1
Elaine conceals that girl.,Elaine conceals those girl.,morphology,determiner_noun_agreement,determiner_noun_agreement_2,True,False,True,True,378,-41.10089111328125,-41.63424301147461,1
This association will disgust this student.,This association will disgust these student.,morphology,determiner_noun_agreement,determiner_noun_agreement_2,True,False,True,True,379,-47.689205169677734,-53.82451629638672,1
Becca exits this grocery store.,Becca exits these grocery store.,morphology,determiner_noun_agreement,determiner_noun_agreement_2,True,False,True,True,380,-44.20055389404297,-47.08511734008789,1
Sonia appreciated that story.,Sonia appreciated those story.,morphology,determiner_noun_agreement,determiner_noun_agreement_2,True,False,True,True,381,-41.019432067871094,-42.40334701538086,1
Curtis can't discover this company.,Curtis can't discover these company.,morphology,determiner_noun_agreement,determiner_noun_agreement_2,True,False,True,True,382,-46.5830078125,-51.048500061035156,1
Michelle wouldn't care for those guests.,Michelle wouldn't care for that guests.,morphology,determiner_noun_agreement,determiner_noun_agreement_2,True,False,True,True,383,-34.61314010620117,-38.497589111328125,1
Douglas hasn't questioned these customers.,Douglas hasn't questioned this customers.,morphology,determiner_noun_agreement,determiner_noun_agreement_2,True,False,True,True,384,-48.142372131347656,-49.89809799194336,1
Gregory approaches those waitresses.,Gregory approaches that waitresses.,morphology,determiner_noun_agreement,determiner_noun_agreement_2,True,False,True,True,385,-51.99412536621094,-45.8239860534668,0
Some patients approach that dancer.,Some patients approach those dancer.,morphology,determiner_noun_agreement,determiner_noun_agreement_2,True,False,True,True,386,-38.35710525512695,-41.968509674072266,1
The Borgias admire this art gallery.,The Borgias admire these art gallery.,morphology,determiner_noun_agreement,determiner_noun_agreement_2,True,False,True,True,387,-54.06265640258789,-56.492103576660156,1
Most hospitals hire these waitresses.,Most hospitals hire this waitresses.,morphology,determiner_noun_agreement,determiner_noun_agreement_2,True,False,True,True,388,-49.540977478027344,-49.411109924316406,0
Douglas is passing these hospitals.,Douglas is passing this hospitals.,morphology,determiner_noun_agreement,determiner_noun_agreement_2,True,False,True,True,389,-44.019996643066406,-45.50465393066406,1
Frank is boasting about those adults.,Frank is boasting about that adults.,morphology,determiner_noun_agreement,determiner_noun_agreement_2,True,False,True,True,390,-41.99974822998047,-43.527305603027344,1
Lawrence had questioned those waiters.,Lawrence had questioned that waiters.,morphology,determiner_noun_agreement,determiner_noun_agreement_2,True,False,True,True,391,-45.582557678222656,-49.26058578491211,1
Kayla is astounding these governments.,Kayla is astounding this governments.,morphology,determiner_noun_agreement,determiner_noun_agreement_2,True,False,True,True,392,-45.227134704589844,-47.645423889160156,1
These skirts can bore that dancer.,These skirts can bore those dancer.,morphology,determiner_noun_agreement,determiner_noun_agreement_2,True,False,True,True,393,-50.271453857421875,-50.42278289794922,1
Vanessa boasts about that guest.,Vanessa boasts about those guest.,morphology,determiner_noun_agreement,determiner_noun_agreement_2,True,False,True,True,394,-48.729637145996094,-51.4943962097168,1
Some cashier would buy this blouse.,Some cashier would buy these blouse.,morphology,determiner_noun_agreement,determiner_noun_agreement_2,True,False,True,True,395,-44.064430236816406,-46.37995147705078,1
Many rivers had disturbed that teacher.,Many rivers had disturbed those teacher.,morphology,determiner_noun_agreement,determiner_noun_agreement_2,True,False,True,True,396,-49.16425323486328,-51.31515121459961,1
The Borgias flee from these waiters.,The Borgias flee from this waiters.,morphology,determiner_noun_agreement,determiner_noun_agreement_2,True,False,True,True,397,-57.251548767089844,-58.31942367553711,1
Walter is firing those senators.,Walter is firing that senators.,morphology,determiner_noun_agreement,determiner_noun_agreement_2,True,False,True,True,398,-43.895851135253906,-46.376686096191406,1
Beth had distracted this school.,Beth had distracted these school.,morphology,determiner_noun_agreement,determiner_noun_agreement_2,True,False,True,True,399,-44.86498260498047,-48.61825942993164,1
This snake wasn't breaking this dish.,This snake wasn't breaking these dish.,morphology,determiner_noun_agreement,determiner_noun_agreement_2,True,False,True,True,400,-42.52478790283203,-47.13193893432617,1
All spotlights irritate this patient.,All spotlights irritate these patient.,morphology,determiner_noun_agreement,determiner_noun_agreement_2,True,False,True,True,401,-51.69422912597656,-56.97114562988281,1
This bird hadn't irritated those doctors.,This bird hadn't irritated that doctors.,morphology,determiner_noun_agreement,determiner_noun_agreement_2,True,False,True,True,402,-54.042667388916016,-52.807899475097656,0
Robert hasn't scanned this newspaper article.,Robert hasn't scanned these newspaper article.,morphology,determiner_noun_agreement,determiner_noun_agreement_2,True,False,True,True,403,-45.50769805908203,-48.46836471557617,1
Stephanie scanned that brochure.,Stephanie scanned those brochure.,morphology,determiner_noun_agreement,determiner_noun_agreement_2,True,False,True,True,404,-51.294586181640625,-50.68107604980469,0
Meredith hasn't cured these customers.,Meredith hasn't cured this customers.,morphology,determiner_noun_agreement,determiner_noun_agreement_2,True,False,True,True,405,-51.09086990356445,-53.41332244873047,1
Jesus concealed these books.,Jesus concealed this books.,morphology,determiner_noun_agreement,determiner_noun_agreement_2,True,False,True,True,406,-31.196765899658203,-33.471832275390625,1
Naomi doesn't break that fork.,Naomi doesn't break those fork.,morphology,determiner_noun_agreement,determiner_noun_agreement_2,True,False,True,True,407,-43.51509094238281,-44.96556854248047,1
Irene has helped that patient.,Irene has helped those patient.,morphology,determiner_noun_agreement,determiner_noun_agreement_2,True,False,True,True,408,-42.63716125488281,-43.708343505859375,1
Dana isn't leaving these patients.,Dana isn't leaving this patients.,morphology,determiner_noun_agreement,determiner_noun_agreement_2,True,False,True,True,409,-41.77372741699219,-45.4981803894043,1
Guests referenced those newspaper articles.,Guests referenced that newspaper articles.,morphology,determiner_noun_agreement,determiner_noun_agreement_2,True,False,True,True,410,-43.882171630859375,-43.80852508544922,0
Alice was kissing those customers.,Alice was kissing that customers.,morphology,determiner_noun_agreement,determiner_noun_agreement_2,True,False,True,True,411,-34.44325256347656,-36.14581298828125,1
All banks insulted those teenagers.,All banks insulted that teenagers.,morphology,determiner_noun_agreement,determiner_noun_agreement_2,True,False,True,True,412,-42.705726623535156,-45.23109817504883,1
Many teachers wear that shirt.,Many teachers wear those shirt.,morphology,determiner_noun_agreement,determiner_noun_agreement_2,True,False,True,True,413,-32.9244499206543,-35.33026885986328,1
Vincent was skated around this restaurant.,Vincent was skated around these restaurant.,morphology,determiner_noun_agreement,determiner_noun_agreement_2,True,False,True,True,414,-51.132442474365234,-55.789363861083984,1
Those actors annoyed these schools.,Those actors annoyed this schools.,morphology,determiner_noun_agreement,determiner_noun_agreement_2,True,False,True,True,415,-39.44676208496094,-40.96889114379883,1
Every driver wasn't describing this student.,Every driver wasn't describing these student.,morphology,determiner_noun_agreement,determiner_noun_agreement_2,True,False,True,True,416,-45.37892150878906,-51.921348571777344,1
Most ladies hide that painting.,Most ladies hide those painting.,morphology,determiner_noun_agreement,determiner_noun_agreement_2,True,False,True,True,417,-37.102596282958984,-39.38396453857422,1
Most cashiers break this chair.,Most cashiers break these chair.,morphology,determiner_noun_agreement,determiner_noun_agreement_2,True,False,True,True,418,-45.567543029785156,-48.07527160644531,1
Most bicycles don't embarrass those libraries.,Most bicycles don't embarrass that libraries.,morphology,determiner_noun_agreement,determiner_noun_agreement_2,True,False,True,True,419,-50.869422912597656,-53.858131408691406,1
These restaurants impress these organizations.,These restaurants impress this organizations.,morphology,determiner_noun_agreement,determiner_noun_agreement_2,True,False,True,True,420,-38.21318054199219,-43.74726867675781,1
The pasta disgusted these ladies.,The pasta disgusted this ladies.,morphology,determiner_noun_agreement,determiner_noun_agreement_2,True,False,True,True,421,-45.11006164550781,-46.46726989746094,1
Alan hadn't confused these libraries.,Alan hadn't confused this libraries.,morphology,determiner_noun_agreement,determiner_noun_agreement_2,True,False,True,True,422,-43.59490203857422,-43.60236358642578,1
Guy helps that teacher.,Guy helps those teacher.,morphology,determiner_noun_agreement,determiner_noun_agreement_2,True,False,True,True,423,-30.2015438079834,-30.936397552490234,1
Peter is alarming those senators.,Peter is alarming that senators.,morphology,determiner_noun_agreement,determiner_noun_agreement_2,True,False,True,True,424,-39.28330612182617,-38.7999267578125,0
Most icicles disgust these committees.,Most icicles disgust this committees.,morphology,determiner_noun_agreement,determiner_noun_agreement_2,True,False,True,True,425,-55.54132080078125,-57.476951599121094,1
Some people like that restaurant.,Some people like those restaurant.,morphology,determiner_noun_agreement,determiner_noun_agreement_2,True,False,True,True,426,-24.847002029418945,-27.606651306152344,1
Monet wouldn't observe that waiter.,Monet wouldn't observe those waiter.,morphology,determiner_noun_agreement,determiner_noun_agreement_2,True,False,True,True,427,-48.99535369873047,-50.251949310302734,1
Susan has praised this customer.,Susan has praised these customer.,morphology,determiner_noun_agreement,determiner_noun_agreement_2,True,False,True,True,428,-31.61478042602539,-37.83082580566406,1
Andrew questions those associations.,Andrew questions that associations.,morphology,determiner_noun_agreement,determiner_noun_agreement_2,True,False,True,True,429,-30.316120147705078,-29.938411712646484,0
A lot of high schools confuse these teachers.,A lot of high schools confuse this teachers.,morphology,determiner_noun_agreement,determiner_noun_agreement_2,True,False,True,True,430,-43.69659423828125,-46.81580352783203,1
Samantha insulted those banks.,Samantha insulted that banks.,morphology,determiner_noun_agreement,determiner_noun_agreement_2,True,False,True,True,431,-47.073936462402344,-50.757972717285156,1
Beverly doesn't scare those ladies.,Beverly doesn't scare that ladies.,morphology,determiner_noun_agreement,determiner_noun_agreement_2,True,False,True,True,432,-46.41193389892578,-50.140968322753906,1
Heather fired those girls.,Heather fired that girls.,morphology,determiner_noun_agreement,determiner_noun_agreement_2,True,False,True,True,433,-44.235939025878906,-46.11979675292969,1
Stephanie describes that newspaper article.,Stephanie describes those newspaper article.,morphology,determiner_noun_agreement,determiner_noun_agreement_2,True,False,True,True,434,-47.710052490234375,-50.91999816894531,1
Teresa lifted this shawl.,Teresa lifted these shawl.,morphology,determiner_noun_agreement,determiner_noun_agreement_2,True,False,True,True,435,-46.861000061035156,-48.13843536376953,1
Marie noticed this association.,Marie noticed these association.,morphology,determiner_noun_agreement,determiner_noun_agreement_2,True,False,True,True,436,-27.57402801513672,-33.97490310668945,1
Liam praises that waiter.,Liam praises those waiter.,morphology,determiner_noun_agreement,determiner_noun_agreement_2,True,False,True,True,437,-44.456687927246094,-45.5803108215332,1
Valerie will reference that book.,Valerie will reference those book.,morphology,determiner_noun_agreement,determiner_noun_agreement_2,True,False,True,True,438,-42.10693359375,-43.06962585449219,1
Those cashiers haven't bothered this museum.,Those cashiers haven't bothered these museum.,morphology,determiner_noun_agreement,determiner_noun_agreement_2,True,False,True,True,439,-55.57240676879883,-61.190696716308594,1
Most women weren't noticing these customers.,Most women weren't noticing this customers.,morphology,determiner_noun_agreement,determiner_noun_agreement_2,True,False,True,True,440,-42.29810333251953,-43.99909210205078,1
Travis conceals those customers.,Travis conceals that customers.,morphology,determiner_noun_agreement,determiner_noun_agreement_2,True,False,True,True,441,-43.36851501464844,-45.2249755859375,1
Teresa was investigating those actors.,Teresa was investigating that actors.,morphology,determiner_noun_agreement,determiner_noun_agreement_2,True,False,True,True,442,-41.465545654296875,-42.96057891845703,1
Gregory has hated those essays.,Gregory has hated that essays.,morphology,determiner_noun_agreement,determiner_noun_agreement_2,True,False,True,True,443,-43.50370788574219,-45.51668930053711,1
Barbara messes up that school.,Barbara messes up those school.,morphology,determiner_noun_agreement,determiner_noun_agreement_2,True,False,True,True,444,-47.904327392578125,-49.62348556518555,1
Alice loves these ladies.,Alice loves this ladies.,morphology,determiner_noun_agreement,determiner_noun_agreement_2,True,False,True,True,445,-22.040517807006836,-24.19677734375,1
Eva has cleaned this couch.,Eva has cleaned these couch.,morphology,determiner_noun_agreement,determiner_noun_agreement_2,True,False,True,True,446,-30.493572235107422,-34.65522003173828,1
Alan cares for these teachers.,Alan cares for this teachers.,morphology,determiner_noun_agreement,determiner_noun_agreement_2,True,False,True,True,447,-30.125911712646484,-32.2320556640625,1
The guy wasn't passing this grocery store.,The guy wasn't passing these grocery store.,morphology,determiner_noun_agreement,determiner_noun_agreement_2,True,False,True,True,448,-44.51416778564453,-46.91881561279297,1
The Lutherans hadn't left these libraries.,The Lutherans hadn't left this libraries.,morphology,determiner_noun_agreement,determiner_noun_agreement_2,True,False,True,True,449,-59.62744140625,-61.05419158935547,1
Mary couldn't respect this public park.,Mary couldn't respect these public park.,morphology,determiner_noun_agreement,determiner_noun_agreement_2,True,False,True,True,450,-42.67923355102539,-48.08753204345703,1
A lot of sketches weren't looking like this shirt.,A lot of sketches weren't looking like these shirt.,morphology,determiner_noun_agreement,determiner_noun_agreement_2,True,False,True,True,451,-50.34783172607422,-54.48216247558594,1
These stories sound like this guest.,These stories sound like these guest.,morphology,determiner_noun_agreement,determiner_noun_agreement_2,True,False,True,True,452,-33.59163284301758,-37.22956085205078,1
Denise runs around this mall.,Denise runs around these mall.,morphology,determiner_noun_agreement,determiner_noun_agreement_2,True,False,True,True,453,-37.823055267333984,-41.436126708984375,1
The patients talk to those adults.,The patients talk to that adults.,morphology,determiner_noun_agreement,determiner_noun_agreement_2,True,False,True,True,454,-36.824642181396484,-40.1820182800293,1
Melissa can exit these grocery stores.,Melissa can exit this grocery stores.,morphology,determiner_noun_agreement,determiner_noun_agreement_2,True,False,True,True,455,-44.4409065246582,-48.11925506591797,1
Danielle leaves these grocery stores.,Danielle leaves this grocery stores.,morphology,determiner_noun_agreement,determiner_noun_agreement_2,True,False,True,True,456,-37.425025939941406,-40.468875885009766,1
Holly sounds like this actor.,Holly sounds like these actor.,morphology,determiner_noun_agreement,determiner_noun_agreement_2,True,False,True,True,457,-35.480224609375,-40.458030700683594,1
Rebecca hasn't hired these boys.,Rebecca hasn't hired this boys.,morphology,determiner_noun_agreement,determiner_noun_agreement_2,True,False,True,True,458,-43.898929595947266,-44.29822540283203,1
Carl broke that glass.,Carl broke those glass.,morphology,determiner_noun_agreement,determiner_noun_agreement_2,True,False,True,True,459,-27.528141021728516,-30.773935317993164,1
Holly wasn't boasting about that waiter.,Holly wasn't boasting about those waiter.,morphology,determiner_noun_agreement,determiner_noun_agreement_2,True,False,True,True,460,-56.79058837890625,-58.84601593017578,1
Nicole returned to this senator.,Nicole returned to these senator.,morphology,determiner_noun_agreement,determiner_noun_agreement_2,True,False,True,True,461,-39.59375762939453,-43.42914581298828,1
Tracy researches that photograph.,Tracy researches those photograph.,morphology,determiner_noun_agreement,determiner_noun_agreement_2,True,False,True,True,462,-39.31382369995117,-45.920188903808594,1
A pedestrian is embarrassing those drivers.,A pedestrian is embarrassing that drivers.,morphology,determiner_noun_agreement,determiner_noun_agreement_2,True,False,True,True,463,-46.74987030029297,-47.585289001464844,1
The Clintons pass this art gallery.,The Clintons pass these art gallery.,morphology,determiner_noun_agreement,determiner_noun_agreement_2,True,False,True,True,464,-48.62355041503906,-50.66229248046875,1
Wendy isn't listening to that lady.,Wendy isn't listening to those lady.,morphology,determiner_noun_agreement,determiner_noun_agreement_2,True,False,True,True,465,-47.188629150390625,-49.608402252197266,1
Theresa couldn't skate around those hospitals.,Theresa couldn't skate around that hospitals.,morphology,determiner_noun_agreement,determiner_noun_agreement_2,True,False,True,True,466,-57.6367073059082,-62.28489685058594,1
The girls haven't thought about this cup.,The girls haven't thought about these cup.,morphology,determiner_noun_agreement,determiner_noun_agreement_2,True,False,True,True,467,-40.29275131225586,-46.39023208618164,1
Janice fixes those cups.,Janice fixes that cups.,morphology,determiner_noun_agreement,determiner_noun_agreement_2,True,False,True,True,468,-42.95254135131836,-42.541893005371094,0
Most drivers care for those boys.,Most drivers care for that boys.,morphology,determiner_noun_agreement,determiner_noun_agreement_2,True,False,True,True,469,-35.485801696777344,-39.902099609375,1
Jesus isn't helping that actress.,Jesus isn't helping those actress.,morphology,determiner_noun_agreement,determiner_noun_agreement_2,True,False,True,True,470,-39.312660217285156,-39.58980178833008,1
Most waiters boast about those waiters.,Most waiters boast about that waiters.,morphology,determiner_noun_agreement,determiner_noun_agreement_2,True,False,True,True,471,-52.86038589477539,-52.87355422973633,1
The Borgias talk about these movie theaters.,The Borgias talk about this movie theaters.,morphology,determiner_noun_agreement,determiner_noun_agreement_2,True,False,True,True,472,-54.47400665283203,-52.738525390625,0
All drivers reveal those drivers.,All drivers reveal that drivers.,morphology,determiner_noun_agreement,determiner_noun_agreement_2,True,False,True,True,473,-31.13254165649414,-32.457427978515625,1
The dogs annoyed that doctor.,The dogs annoyed those doctor.,morphology,determiner_noun_agreement,determiner_noun_agreement_2,True,False,True,True,474,-42.86883544921875,-42.433021545410156,0
Ellen escaped from these art galleries.,Ellen escaped from this art galleries.,morphology,determiner_noun_agreement,determiner_noun_agreement_2,True,False,True,True,475,-45.274070739746094,-46.22034454345703,1
Keith is discussing those waitresses.,Keith is discussing that waitresses.,morphology,determiner_noun_agreement,determiner_noun_agreement_2,True,False,True,True,476,-41.98076629638672,-42.65431594848633,1
The bird had found that dish.,The bird had found those dish.,morphology,determiner_noun_agreement,determiner_noun_agreement_2,True,False,True,True,477,-38.98963165283203,-42.502010345458984,1
Edward observed that dancer.,Edward observed those dancer.,morphology,determiner_noun_agreement,determiner_noun_agreement_2,True,False,True,True,478,-33.5311279296875,-38.243316650390625,1
Most boys return to that actress.,Most boys return to those actress.,morphology,determiner_noun_agreement,determiner_noun_agreement_2,True,False,True,True,479,-37.82298278808594,-38.49802017211914,1
Becca helped this waiter.,Becca helped these waiter.,morphology,determiner_noun_agreement,determiner_noun_agreement_2,True,False,True,True,480,-41.415340423583984,-43.88137435913086,1
Thomas saw this fork.,Thomas saw these fork.,morphology,determiner_noun_agreement,determiner_noun_agreement_2,True,False,True,True,481,-25.866413116455078,-29.957656860351562,1
Charles attacked these drivers.,Charles attacked this drivers.,morphology,determiner_noun_agreement,determiner_noun_agreement_2,True,False,True,True,482,-28.444660186767578,-30.194067001342773,1
Leslie would upset that bank.,Leslie would upset those bank.,morphology,determiner_noun_agreement,determiner_noun_agreement_2,True,False,True,True,483,-45.48099899291992,-47.956016540527344,1
Most pictures distract this actor.,Most pictures distract these actor.,morphology,determiner_noun_agreement,determiner_noun_agreement_2,True,False,True,True,484,-41.13471221923828,-44.37562561035156,1
Lucille found this report.,Lucille found these report.,morphology,determiner_noun_agreement,determiner_noun_agreement_2,True,False,True,True,485,-31.443613052368164,-37.44474411010742,1
Travis is concealing that teacher.,Travis is concealing those teacher.,morphology,determiner_noun_agreement,determiner_noun_agreement_2,True,False,True,True,486,-48.48414993286133,-52.43632507324219,1
Tonya messes up these forks.,Tonya messes up this forks.,morphology,determiner_noun_agreement,determiner_noun_agreement_2,True,False,True,True,487,-49.53813552856445,-52.15442657470703,1
Leslie skated around this art gallery.,Leslie skated around these art gallery.,morphology,determiner_noun_agreement,determiner_noun_agreement_2,True,False,True,True,488,-51.49616241455078,-54.16728210449219,1
Most drivers find those eyes.,Most drivers find that eyes.,morphology,determiner_noun_agreement,determiner_noun_agreement_2,True,False,True,True,489,-32.587013244628906,-32.22930145263672,0
Denise is describing these students.,Denise is describing this students.,morphology,determiner_noun_agreement,determiner_noun_agreement_2,True,False,True,True,490,-36.32590866088867,-37.65919494628906,1
Laurie isn't talking to those adults.,Laurie isn't talking to that adults.,morphology,determiner_noun_agreement,determiner_noun_agreement_2,True,False,True,True,491,-47.00773620605469,-49.721580505371094,1
Charles remembered that waitress.,Charles remembered those waitress.,morphology,determiner_noun_agreement,determiner_noun_agreement_2,True,False,True,True,492,-31.10724639892578,-33.51915740966797,1
Kimberley brought those sweaters.,Kimberley brought that sweaters.,morphology,determiner_noun_agreement,determiner_noun_agreement_2,True,False,True,True,493,-45.87726593017578,-45.83940887451172,0
Many committees weren't shocking that teenager.,Many committees weren't shocking those teenager.,morphology,determiner_noun_agreement,determiner_noun_agreement_2,True,False,True,True,494,-50.73503112792969,-54.68017578125,1
Nina looked like this print.,Nina looked like these print.,morphology,determiner_noun_agreement,determiner_noun_agreement_2,True,False,True,True,495,-35.244117736816406,-39.281715393066406,1
Sherry is lifting these public parks.,Sherry is lifting this public parks.,morphology,determiner_noun_agreement,determiner_noun_agreement_2,True,False,True,True,496,-53.860923767089844,-55.129581451416016,1
Natalie helps this actor.,Natalie helps these actor.,morphology,determiner_noun_agreement,determiner_noun_agreement_2,True,False,True,True,497,-40.43134307861328,-45.16777801513672,1
A student exits those libraries.,A student exits that libraries.,morphology,determiner_noun_agreement,determiner_noun_agreement_2,True,False,True,True,498,-38.83350372314453,-41.79790496826172,1
Cynthia passed these libraries.,Cynthia passed this libraries.,morphology,determiner_noun_agreement,determiner_noun_agreement_2,True,False,True,True,499,-42.60515213012695,-43.786338806152344,1
Samuel would conceal those chairs.,Samuel would conceal that chairs.,morphology,determiner_noun_agreement,determiner_noun_agreement_2,True,False,True,True,500,-42.729026794433594,-45.98693084716797,1
Michelle finds this cat.,Michelle finds these cat.,morphology,determiner_noun_agreement,determiner_noun_agreement_2,True,False,True,True,501,-26.59347915649414,-30.407882690429688,1
Dana discovers those cashiers.,Dana discovers that cashiers.,morphology,determiner_noun_agreement,determiner_noun_agreement_2,True,False,True,True,502,-49.082401275634766,-49.47410583496094,1
Naomi was cleaning these cups.,Naomi was cleaning this cups.,morphology,determiner_noun_agreement,determiner_noun_agreement_2,True,False,True,True,503,-40.90183639526367,-43.84317398071289,1
A lot of libraries haven't loved that driver.,A lot of libraries haven't loved those driver.,morphology,determiner_noun_agreement,determiner_noun_agreement_2,True,False,True,True,504,-54.05941390991211,-58.34722137451172,1
Tanya didn't distract that student.,Tanya didn't distract those student.,morphology,determiner_noun_agreement,determiner_noun_agreement_2,True,False,True,True,505,-45.577667236328125,-49.31859588623047,1
Most dogs resemble that picture.,Most dogs resemble those picture.,morphology,determiner_noun_agreement,determiner_noun_agreement_2,True,False,True,True,506,-35.497802734375,-37.03221130371094,1
Every mountain had disgusted those senators.,Every mountain had disgusted that senators.,morphology,determiner_noun_agreement,determiner_noun_agreement_2,True,False,True,True,507,-52.213783264160156,-54.132568359375,1
Beverly bothered that museum.,Beverly bothered those museum.,morphology,determiner_noun_agreement,determiner_noun_agreement_2,True,False,True,True,508,-46.58927536010742,-50.38216018676758,1
Wayne should return to those malls.,Wayne should return to that malls.,morphology,determiner_noun_agreement,determiner_noun_agreement_2,True,False,True,True,509,-43.05681228637695,-47.09640884399414,1
William is leaving that library.,William is leaving those library.,morphology,determiner_noun_agreement,determiner_noun_agreement_2,True,False,True,True,510,-32.07453918457031,-33.532325744628906,1
That lady won't stun these cashiers.,That lady won't stun this cashiers.,morphology,determiner_noun_agreement,determiner_noun_agreement_2,True,False,True,True,511,-54.72613525390625,-55.37653350830078,1
Tammy toured that library.,Tammy toured those library.,morphology,determiner_noun_agreement,determiner_noun_agreement_2,True,False,True,True,512,-41.169273376464844,-42.75593948364258,1
This actress listened to these guests.,This actress listened to this guests.,morphology,determiner_noun_agreement,determiner_noun_agreement_2,True,False,True,True,513,-36.24066925048828,-36.632816314697266,1
All mushrooms disgust those adults.,All mushrooms disgust that adults.,morphology,determiner_noun_agreement,determiner_noun_agreement_2,True,False,True,True,514,-48.67987823486328,-47.02833557128906,0
Pamela wasn't boycotting this legislature.,Pamela wasn't boycotting these legislature.,morphology,determiner_noun_agreement,determiner_noun_agreement_2,True,False,True,True,515,-60.11367416381836,-64.21633911132812,1
A lot of ladies know that driver.,A lot of ladies know those driver.,morphology,determiner_noun_agreement,determiner_noun_agreement_2,True,False,True,True,516,-41.587120056152344,-45.23846435546875,1
Natalie escaped from that waiter.,Natalie escaped from those waiter.,morphology,determiner_noun_agreement,determiner_noun_agreement_2,True,False,True,True,517,-48.12554931640625,-49.33216857910156,1
These drivers skate around these malls.,These drivers skate around this malls.,morphology,determiner_noun_agreement,determiner_noun_agreement_2,True,False,True,True,518,-44.96226119995117,-48.3336296081543,1
Diana praised those guys.,Diana praised that guys.,morphology,determiner_noun_agreement,determiner_noun_agreement_2,True,False,True,True,519,-34.71748733520508,-41.50273132324219,1
That pepper had alarmed this adult.,That pepper had alarmed these adult.,morphology,determiner_noun_agreement,determiner_noun_agreement_2,True,False,True,True,520,-51.507266998291016,-57.04793930053711,1
Derek might run around those grocery stores.,Derek might run around that grocery stores.,morphology,determiner_noun_agreement,determiner_noun_agreement_2,True,False,True,True,521,-49.291168212890625,-51.07563400268555,1
Photographs worried this waiter.,Photographs worried these waiter.,morphology,determiner_noun_agreement,determiner_noun_agreement_2,True,False,True,True,522,-44.84242630004883,-47.580657958984375,1
Sally walked through that public park.,Sally walked through those public park.,morphology,determiner_noun_agreement,determiner_noun_agreement_2,True,False,True,True,523,-51.14965057373047,-52.10523223876953,1
The Borgias loved that lady.,The Borgias loved those lady.,morphology,determiner_noun_agreement,determiner_noun_agreement_2,True,False,True,True,524,-49.14282989501953,-50.9438362121582,1
Sonia cures that guy.,Sonia cures those guy.,morphology,determiner_noun_agreement,determiner_noun_agreement_2,True,False,True,True,525,-39.194488525390625,-42.66321563720703,1
Dennis didn't care for those adults.,Dennis didn't care for that adults.,morphology,determiner_noun_agreement,determiner_noun_agreement_2,True,False,True,True,526,-42.46770477294922,-46.986759185791016,1
Some girls find that pedestrian.,Some girls find those pedestrian.,morphology,determiner_noun_agreement,determiner_noun_agreement_2,True,False,True,True,527,-34.45341491699219,-38.14197540283203,1
Some cucumber disturbed those banks.,Some cucumber disturbed that banks.,morphology,determiner_noun_agreement,determiner_noun_agreement_2,True,False,True,True,528,-44.864646911621094,-46.976436614990234,1
Daniel insults this teacher.,Daniel insults these teacher.,morphology,determiner_noun_agreement,determiner_noun_agreement_2,True,False,True,True,529,-31.597009658813477,-37.007606506347656,1
Wendy had toured these high schools.,Wendy had toured this high schools.,morphology,determiner_noun_agreement,determiner_noun_agreement_2,True,False,True,True,530,-51.18162536621094,-51.7274169921875,1
This person doesn't bring those cups.,This person doesn't bring that cups.,morphology,determiner_noun_agreement,determiner_noun_agreement_2,True,False,True,True,531,-38.63187026977539,-40.840782165527344,1
Guy hasn't toured this bank.,Guy hasn't toured these bank.,morphology,determiner_noun_agreement,determiner_noun_agreement_2,True,False,True,True,532,-36.483436584472656,-40.11591339111328,1
Claire exited these public parks.,Claire exited this public parks.,morphology,determiner_noun_agreement,determiner_noun_agreement_2,True,False,True,True,533,-46.55354309082031,-47.127174377441406,1
Debra has referenced that pedestrian.,Debra has referenced those pedestrian.,morphology,determiner_noun_agreement,determiner_noun_agreement_2,True,False,True,True,534,-45.85655212402344,-50.61362075805664,1
Some patients heal those actresses.,Some patients heal that actresses.,morphology,determiner_noun_agreement,determiner_noun_agreement_2,True,False,True,True,535,-43.493675231933594,-42.87541961669922,0
Laurie healed this cat.,Laurie healed these cat.,morphology,determiner_noun_agreement,determiner_noun_agreement_2,True,False,True,True,536,-43.76039123535156,-46.66560745239258,1
The Borgias messed up that public park.,The Borgias messed up those public park.,morphology,determiner_noun_agreement,determiner_noun_agreement_2,True,False,True,True,537,-64.7984390258789,-66.86692810058594,1
Janice hasn't cared for those children.,Janice hasn't cared for that children.,morphology,determiner_noun_agreement,determiner_noun_agreement_2,True,False,True,True,538,-46.228126525878906,-50.35868835449219,1
Doctors observe these waiters.,Doctors observe this waiters.,morphology,determiner_noun_agreement,determiner_noun_agreement_2,True,False,True,True,539,-33.953372955322266,-34.457679748535156,1
Ronald thinks about those brochures.,Ronald thinks about that brochures.,morphology,determiner_noun_agreement,determiner_noun_agreement_2,True,False,True,True,540,-44.48036575317383,-46.133445739746094,1
Dennis hadn't messed up those cars.,Dennis hadn't messed up that cars.,morphology,determiner_noun_agreement,determiner_noun_agreement_2,True,False,True,True,541,-47.573612213134766,-49.674591064453125,1
Every sock is boring those actresses.,Every sock is boring that actresses.,morphology,determiner_noun_agreement,determiner_noun_agreement_2,True,False,True,True,542,-46.97022247314453,-45.83074188232422,0
A lot of actors praise that story.,A lot of actors praise those story.,morphology,determiner_noun_agreement,determiner_noun_agreement_2,True,False,True,True,543,-41.954959869384766,-43.57660675048828,1
Lucille leaves that library.,Lucille leaves those library.,morphology,determiner_noun_agreement,determiner_noun_agreement_2,True,False,True,True,544,-36.93595886230469,-39.66914367675781,1
Some lamp resembled those pictures.,Some lamp resembled that pictures.,morphology,determiner_noun_agreement,determiner_noun_agreement_2,True,False,True,True,545,-34.744606018066406,-38.500144958496094,1
Some museums are alarming these organizations.,Some museums are alarming this organizations.,morphology,determiner_noun_agreement,determiner_noun_agreement_2,True,False,True,True,546,-42.00678634643555,-45.144432067871094,1
Some muffin astounds these waiters.,Some muffin astounds this waiters.,morphology,determiner_noun_agreement,determiner_noun_agreement_2,True,False,True,True,547,-58.929443359375,-59.78471374511719,1
This dress shocked these legislatures.,This dress shocked this legislatures.,morphology,determiner_noun_agreement,determiner_noun_agreement_2,True,False,True,True,548,-48.22080993652344,-48.18232727050781,0
Benjamin would disgust those governments.,Benjamin would disgust that governments.,morphology,determiner_noun_agreement,determiner_noun_agreement_2,True,False,True,True,549,-55.31298065185547,-55.65088653564453,1
Roger disagrees with this teacher.,Roger disagrees with these teacher.,morphology,determiner_noun_agreement,determiner_noun_agreement_2,True,False,True,True,550,-30.600168228149414,-35.24786376953125,1
This nose bored these teenagers.,This nose bored this teenagers.,morphology,determiner_noun_agreement,determiner_noun_agreement_2,True,False,True,True,551,-43.508548736572266,-45.323638916015625,1
Rhonda was stunning this adult.,Rhonda was stunning these adult.,morphology,determiner_noun_agreement,determiner_noun_agreement_2,True,False,True,True,552,-40.42594528198242,-44.753475189208984,1
Students leave that restaurant.,Students leave those restaurant.,morphology,determiner_noun_agreement,determiner_noun_agreement_2,True,False,True,True,553,-29.25513458251953,-32.66617965698242,1
The museum does reference these dancers.,The museum does reference this dancers.,morphology,determiner_noun_agreement,determiner_noun_agreement_2,True,False,True,True,554,-48.89119338989258,-51.232444763183594,1
These bananas stun this actress.,These bananas stun these actress.,morphology,determiner_noun_agreement,determiner_noun_agreement_2,True,False,True,True,555,-46.96446990966797,-48.237144470214844,1
Kathleen likes these chairs.,Kathleen likes this chairs.,morphology,determiner_noun_agreement,determiner_noun_agreement_2,True,False,True,True,556,-43.96506881713867,-45.64868927001953,1
A cup distracts that library.,A cup distracts those library.,morphology,determiner_noun_agreement,determiner_noun_agreement_2,True,False,True,True,557,-44.49774932861328,-45.8231201171875,1
Sandra exits these banks.,Sandra exits this banks.,morphology,determiner_noun_agreement,determiner_noun_agreement_2,True,False,True,True,558,-39.794734954833984,-42.99502182006836,1
Customers don't fix this plate.,Customers don't fix these plate.,morphology,determiner_noun_agreement,determiner_noun_agreement_2,True,False,True,True,559,-34.94831085205078,-38.15441131591797,1
Alexander hasn't concealed those children.,Alexander hasn't concealed that children.,morphology,determiner_noun_agreement,determiner_noun_agreement_2,True,False,True,True,560,-38.1646728515625,-40.01365661621094,1
This cilantro isn't embarrassing those ladies.,This cilantro isn't embarrassing that ladies.,morphology,determiner_noun_agreement,determiner_noun_agreement_2,True,False,True,True,561,-56.6048698425293,-56.27783203125,0
A lot of drawings shock that organization.,A lot of drawings shock those organization.,morphology,determiner_noun_agreement,determiner_noun_agreement_2,True,False,True,True,562,-51.83184051513672,-55.478782653808594,1
The customers look like this drawing.,The customers look like these drawing.,morphology,determiner_noun_agreement,determiner_noun_agreement_2,True,False,True,True,563,-37.1739501953125,-41.312705993652344,1
Walter insults these brochures.,Walter insults this brochures.,morphology,determiner_noun_agreement,determiner_noun_agreement_2,True,False,True,True,564,-42.05741882324219,-42.352386474609375,1
Russell explored this mall.,Russell explored these mall.,morphology,determiner_noun_agreement,determiner_noun_agreement_2,True,False,True,True,565,-30.184553146362305,-35.114662170410156,1
Most students fix those cups.,Most students fix that cups.,morphology,determiner_noun_agreement,determiner_noun_agreement_2,True,False,True,True,566,-36.622886657714844,-38.30035400390625,1
Natalie might approach those customers.,Natalie might approach that customers.,morphology,determiner_noun_agreement,determiner_noun_agreement_2,True,False,True,True,567,-46.92509460449219,-49.1077880859375,1
Dennis had exited that hospital.,Dennis had exited those hospital.,morphology,determiner_noun_agreement,determiner_noun_agreement_2,True,False,True,True,568,-42.137508392333984,-45.14870834350586,1
Most sketches haven't astounded that legislature.,Most sketches haven't astounded those legislature.,morphology,determiner_noun_agreement,determiner_noun_agreement_2,True,False,True,True,569,-60.945106506347656,-64.71516418457031,1
The Lutherans drop by those schools.,The Lutherans drop by that schools.,morphology,determiner_noun_agreement,determiner_noun_agreement_2,True,False,True,True,570,-57.59721374511719,-62.21996307373047,1
The shoes astounded this association.,The shoes astounded these association.,morphology,determiner_noun_agreement,determiner_noun_agreement_2,True,False,True,True,571,-49.207183837890625,-53.052310943603516,1
These guests break those glasses.,These guests break that glasses.,morphology,determiner_noun_agreement,determiner_noun_agreement_2,True,False,True,True,572,-36.16575241088867,-39.45147705078125,1
Suzanne wasn't boasting about this pamphlet.,Suzanne wasn't boasting about these pamphlet.,morphology,determiner_noun_agreement,determiner_noun_agreement_2,True,False,True,True,573,-55.30229187011719,-60.50397491455078,1
The senators drop by these art galleries.,The senators drop by this art galleries.,morphology,determiner_noun_agreement,determiner_noun_agreement_2,True,False,True,True,574,-55.52361297607422,-56.37348175048828,1
Jeffrey disturbed those cashiers.,Jeffrey disturbed that cashiers.,morphology,determiner_noun_agreement,determiner_noun_agreement_2,True,False,True,True,575,-49.263851165771484,-52.95683670043945,1
Some malls bother that library.,Some malls bother those library.,morphology,determiner_noun_agreement,determiner_noun_agreement_2,True,False,True,True,576,-43.276123046875,-44.480010986328125,1
That waitress does embarrass that waitress.,That waitress does embarrass those waitress.,morphology,determiner_noun_agreement,determiner_noun_agreement_2,True,False,True,True,577,-48.489601135253906,-49.17781066894531,1
Connie alarmed that teacher.,Connie alarmed those teacher.,morphology,determiner_noun_agreement,determiner_noun_agreement_2,True,False,True,True,578,-42.04634094238281,-44.28915023803711,1
Joel doesn't confuse those organizations.,Joel doesn't confuse that organizations.,morphology,determiner_noun_agreement,determiner_noun_agreement_2,True,False,True,True,579,-40.10258102416992,-43.81641387939453,1
A dancer has lifted this rug.,A dancer has lifted these rug.,morphology,determiner_noun_agreement,determiner_noun_agreement_2,True,False,True,True,580,-44.81269836425781,-47.91273498535156,1
That person has fled from that high school.,That person has fled from those high school.,morphology,determiner_noun_agreement,determiner_noun_agreement_2,True,False,True,True,581,-42.36178207397461,-44.39295959472656,1
Colleen returns to this driver.,Colleen returns to these driver.,morphology,determiner_noun_agreement,determiner_noun_agreement_2,True,False,True,True,582,-37.01124572753906,-40.6183967590332,1
Craig is arriving at those malls.,Craig is arriving at that malls.,morphology,determiner_noun_agreement,determiner_noun_agreement_2,True,False,True,True,583,-33.905120849609375,-37.76148223876953,1
Denise goes to this public park.,Denise goes to these public park.,morphology,determiner_noun_agreement,determiner_noun_agreement_2,True,False,True,True,584,-38.670570373535156,-42.6605339050293,1
Elizabeth had remembered that high school.,Elizabeth had remembered those high school.,morphology,determiner_noun_agreement,determiner_noun_agreement_2,True,False,True,True,585,-32.56179428100586,-37.18372344970703,1
Lucille was hurting this boy.,Lucille was hurting these boy.,morphology,determiner_noun_agreement,determiner_noun_agreement_2,True,False,True,True,586,-38.77436828613281,-42.698699951171875,1
Heather hadn't scanned these brochures.,Heather hadn't scanned this brochures.,morphology,determiner_noun_agreement,determiner_noun_agreement_2,True,False,True,True,587,-53.589508056640625,-54.24662780761719,1
Some dress had impressed that lady.,Some dress had impressed those lady.,morphology,determiner_noun_agreement,determiner_noun_agreement_2,True,False,True,True,588,-44.322113037109375,-45.879302978515625,1
Theodore shouldn't argue about this commentary.,Theodore shouldn't argue about these commentary.,morphology,determiner_noun_agreement,determiner_noun_agreement_2,True,False,True,True,589,-48.28466796875,-51.076385498046875,1
The Lutherans heal those dancers.,The Lutherans heal that dancers.,morphology,determiner_noun_agreement,determiner_noun_agreement_2,True,False,True,True,590,-55.12694549560547,-57.56529998779297,1
The Clintons wear that hat.,The Clintons wear those hat.,morphology,determiner_noun_agreement,determiner_noun_agreement_2,True,False,True,True,591,-38.07501220703125,-39.363067626953125,1
Erin had worked with that teenager.,Erin had worked with those teenager.,morphology,determiner_noun_agreement,determiner_noun_agreement_2,True,False,True,True,592,-40.12547302246094,-41.776939392089844,1
Matt can't examine those movies.,Matt can't examine that movies.,morphology,determiner_noun_agreement,determiner_noun_agreement_2,True,False,True,True,593,-36.69643783569336,-37.495323181152344,1
Erin has described this school.,Erin has described these school.,morphology,determiner_noun_agreement,determiner_noun_agreement_2,True,False,True,True,594,-34.01976013183594,-39.16912078857422,1
Homer has sounded like those commentaries.,Homer has sounded like that commentaries.,morphology,determiner_noun_agreement,determiner_noun_agreement_2,True,False,True,True,595,-54.92219924926758,-57.61851119995117,1
Dennis wasn't concealing that customer.,Dennis wasn't concealing those customer.,morphology,determiner_noun_agreement,determiner_noun_agreement_2,True,False,True,True,596,-53.946372985839844,-57.62482833862305,1
These girls escape from that student.,These girls escape from those student.,morphology,determiner_noun_agreement,determiner_noun_agreement_2,True,False,True,True,597,-35.60987091064453,-38.06950759887695,1
Jeffrey hasn't passed these museums.,Jeffrey hasn't passed this museums.,morphology,determiner_noun_agreement,determiner_noun_agreement_2,True,False,True,True,598,-48.04301452636719,-48.92448043823242,1
Those ladies arrive at these public parks.,Those ladies arrive at this public parks.,morphology,determiner_noun_agreement,determiner_noun_agreement_2,True,False,True,True,599,-40.26272201538086,-41.13723373413086,1
Marla watched these girls.,Marla watched this girls.,morphology,determiner_noun_agreement,determiner_noun_agreement_2,True,False,True,True,600,-36.066837310791016,-36.872249603271484,1
David discussed these movie theaters.,David discussed this movie theaters.,morphology,determiner_noun_agreement,determiner_noun_agreement_2,True,False,True,True,601,-37.33964538574219,-36.42093276977539,0
Christina has disgusted those libraries.,Christina has disgusted that libraries.,morphology,determiner_noun_agreement,determiner_noun_agreement_2,True,False,True,True,602,-47.92914581298828,-49.161865234375,1
Denise was referencing those actors.,Denise was referencing that actors.,morphology,determiner_noun_agreement,determiner_noun_agreement_2,True,False,True,True,603,-40.31095886230469,-40.75096893310547,1
Janice took those books.,Janice took that books.,morphology,determiner_noun_agreement,determiner_noun_agreement_2,True,False,True,True,604,-34.35091018676758,-37.35091018676758,1
Ronald is kissing this pedestrian.,Ronald is kissing these pedestrian.,morphology,determiner_noun_agreement,determiner_noun_agreement_2,True,False,True,True,605,-47.62413024902344,-51.1688346862793,1
The Borgias aren't bringing that hamster.,The Borgias aren't bringing those hamster.,morphology,determiner_noun_agreement,determiner_noun_agreement_2,True,False,True,True,606,-63.17271041870117,-65.33012390136719,1
This mall stunned this organization.,This mall stunned these organization.,morphology,determiner_noun_agreement,determiner_noun_agreement_2,True,False,True,True,607,-43.982513427734375,-48.64537048339844,1
Reports couldn't confuse this dancer.,Reports couldn't confuse these dancer.,morphology,determiner_noun_agreement,determiner_noun_agreement_2,True,False,True,True,608,-37.37575912475586,-41.64054870605469,1
Lawrence bought that glove.,Lawrence bought those glove.,morphology,determiner_noun_agreement,determiner_noun_agreement_2,True,False,True,True,609,-37.03112030029297,-39.319557189941406,1
Deborah boasted about those waiters.,Deborah boasted about that waiters.,morphology,determiner_noun_agreement,determiner_noun_agreement_2,True,False,True,True,610,-47.20843505859375,-49.44157409667969,1
Those students hide this car.,Those students hide these car.,morphology,determiner_noun_agreement,determiner_noun_agreement_2,True,False,True,True,611,-33.66212844848633,-36.339744567871094,1
Steven respected those doctors.,Steven respected that doctors.,morphology,determiner_noun_agreement,determiner_noun_agreement_2,True,False,True,True,612,-29.581960678100586,-30.383893966674805,1
Laurie isn't wearing that shirt.,Laurie isn't wearing those shirt.,morphology,determiner_noun_agreement,determiner_noun_agreement_2,True,False,True,True,613,-40.7076416015625,-43.02104568481445,1
Galileo disturbs this bank.,Galileo disturbs these bank.,morphology,determiner_noun_agreement,determiner_noun_agreement_2,True,False,True,True,614,-51.06694030761719,-53.690670013427734,1
Most doctors clean that dish.,Most doctors clean those dish.,morphology,determiner_noun_agreement,determiner_noun_agreement_2,True,False,True,True,615,-38.50544738769531,-39.984214782714844,1
Christopher cleaned these sketches.,Christopher cleaned this sketches.,morphology,determiner_noun_agreement,determiner_noun_agreement_2,True,False,True,True,616,-32.06016159057617,-32.59230422973633,1
That woman isn't irritating this actor.,That woman isn't irritating these actor.,morphology,determiner_noun_agreement,determiner_noun_agreement_2,True,False,True,True,617,-39.724945068359375,-45.50624465942383,1
A lot of glaciers were boring this patient.,A lot of glaciers were boring these patient.,morphology,determiner_noun_agreement,determiner_noun_agreement_2,True,False,True,True,618,-56.787254333496094,-61.15550231933594,1
Rose revealed that jacket.,Rose revealed those jacket.,morphology,determiner_noun_agreement,determiner_noun_agreement_2,True,False,True,True,619,-27.28598403930664,-33.840789794921875,1
Most women referenced this guy.,Most women referenced these guy.,morphology,determiner_noun_agreement,determiner_noun_agreement_2,True,False,True,True,620,-31.984539031982422,-37.06843566894531,1
Guy complains about those girls.,Guy complains about that girls.,morphology,determiner_noun_agreement,determiner_noun_agreement_2,True,False,True,True,621,-32.09144592285156,-33.806114196777344,1
Elaine is alarming these hospitals.,Elaine is alarming this hospitals.,morphology,determiner_noun_agreement,determiner_noun_agreement_2,True,False,True,True,622,-44.98524475097656,-46.70722198486328,1
Raymond has gone to these schools.,Raymond has gone to this schools.,morphology,determiner_noun_agreement,determiner_noun_agreement_2,True,False,True,True,623,-39.881126403808594,-42.443878173828125,1
The Clintons weren't confusing this patient.,The Clintons weren't confusing these patient.,morphology,determiner_noun_agreement,determiner_noun_agreement_2,True,False,True,True,624,-50.30213165283203,-56.479312896728516,1
Cheryl has messed up that dish.,Cheryl has messed up those dish.,morphology,determiner_noun_agreement,determiner_noun_agreement_2,True,False,True,True,625,-59.87174606323242,-62.7778205871582,1
Jodi has found this patient.,Jodi has found these patient.,morphology,determiner_noun_agreement,determiner_noun_agreement_2,True,False,True,True,626,-38.605934143066406,-45.00312805175781,1
Rhonda wouldn't break those cups.,Rhonda wouldn't break that cups.,morphology,determiner_noun_agreement,determiner_noun_agreement_2,True,False,True,True,627,-46.97771453857422,-50.16770935058594,1
Teenagers don't reference those girls.,Teenagers don't reference that girls.,morphology,determiner_noun_agreement,determiner_noun_agreement_2,True,False,True,True,628,-46.11514663696289,-46.69404220581055,1
Donald had listened to those actors.,Donald had listened to that actors.,morphology,determiner_noun_agreement,determiner_noun_agreement_2,True,False,True,True,629,-31.37049674987793,-34.04286193847656,1
James disliked those brochures.,James disliked that brochures.,morphology,determiner_noun_agreement,determiner_noun_agreement_2,True,False,True,True,630,-33.56199645996094,-34.40029525756836,1
The actress isn't cleaning those hospitals.,The actress isn't cleaning that hospitals.,morphology,determiner_noun_agreement,determiner_noun_agreement_2,True,False,True,True,631,-49.68311309814453,-52.260353088378906,1
These ladies listen to those students.,These ladies listen to that students.,morphology,determiner_noun_agreement,determiner_noun_agreement_2,True,False,True,True,632,-32.468196868896484,-36.13706970214844,1
Patrick hasn't criticized those teenagers.,Patrick hasn't criticized that teenagers.,morphology,determiner_noun_agreement,determiner_noun_agreement_2,True,False,True,True,633,-37.9398193359375,-39.60094451904297,1
Some dancers are criticizing that guy.,Some dancers are criticizing those guy.,morphology,determiner_noun_agreement,determiner_noun_agreement_2,True,False,True,True,634,-42.55287551879883,-43.58592224121094,1
Kimberley shouldn't run around this school.,Kimberley shouldn't run around these school.,morphology,determiner_noun_agreement,determiner_noun_agreement_2,True,False,True,True,635,-51.29466247558594,-56.08946990966797,1
That cashier visited this adult.,That cashier visited these adult.,morphology,determiner_noun_agreement,determiner_noun_agreement_2,True,False,True,True,636,-43.64216613769531,-47.943359375,1
Marie hugs that lady.,Marie hugs those lady.,morphology,determiner_noun_agreement,determiner_noun_agreement_2,True,False,True,True,637,-28.47922706604004,-31.034502029418945,1
Teresa has insulted that cashier.,Teresa has insulted those cashier.,morphology,determiner_noun_agreement,determiner_noun_agreement_2,True,False,True,True,638,-50.65011215209961,-51.3449821472168,1
Peter listens to that girl.,Peter listens to those girl.,morphology,determiner_noun_agreement,determiner_noun_agreement_2,True,False,True,True,639,-27.60352325439453,-28.175739288330078,1
Matt could tour these restaurants.,Matt could tour this restaurants.,morphology,determiner_noun_agreement,determiner_noun_agreement_2,True,False,True,True,640,-33.27082443237305,-37.95600891113281,1
Many committees forget those dancers.,Many committees forget that dancers.,morphology,determiner_noun_agreement,determiner_noun_agreement_2,True,False,True,True,641,-43.962371826171875,-44.63895797729492,1
The Impressionists drop by those grocery stores.,The Impressionists drop by that grocery stores.,morphology,determiner_noun_agreement,determiner_noun_agreement_2,True,False,True,True,642,-49.970359802246094,-52.218990325927734,1
A customer has referenced that girl.,A customer has referenced those girl.,morphology,determiner_noun_agreement,determiner_noun_agreement_2,True,False,True,True,643,-46.12434387207031,-49.227516174316406,1
Some skateboards stun these hospitals.,Some skateboards stun this hospitals.,morphology,determiner_noun_agreement,determiner_noun_agreement_2,True,False,True,True,644,-48.50151062011719,-54.3787727355957,1
Allison toured that museum.,Allison toured those museum.,morphology,determiner_noun_agreement,determiner_noun_agreement_2,True,False,True,True,645,-42.26203155517578,-42.67787170410156,1
Frank can go to these cafes.,Frank can go to this cafes.,morphology,determiner_noun_agreement,determiner_noun_agreement_2,True,False,True,True,646,-31.794536590576172,-34.18061828613281,1
That photograph astounds these organizations.,That photograph astounds this organizations.,morphology,determiner_noun_agreement,determiner_noun_agreement_2,True,False,True,True,647,-52.948768615722656,-55.37743377685547,1
Nina can bother this actress.,Nina can bother these actress.,morphology,determiner_noun_agreement,determiner_noun_agreement_2,True,False,True,True,648,-42.69270706176758,-45.718299865722656,1
Many actresses will forget this documentary.,Many actresses will forget these documentary.,morphology,determiner_noun_agreement,determiner_noun_agreement_2,True,False,True,True,649,-37.09529113769531,-41.505435943603516,1
Deanna examines these books.,Deanna examines this books.,morphology,determiner_noun_agreement,determiner_noun_agreement_2,True,False,True,True,650,-35.04643249511719,-37.066062927246094,1
A government did listen to these actresses.,A government did listen to this actresses.,morphology,determiner_noun_agreement,determiner_noun_agreement_2,True,False,True,True,651,-45.4145622253418,-46.906394958496094,1
Rachel knew this girl.,Rachel knew these girl.,morphology,determiner_noun_agreement,determiner_noun_agreement_2,True,False,True,True,652,-20.434158325195312,-24.94363021850586,1
All patients reference this pamphlet.,All patients reference these pamphlet.,morphology,determiner_noun_agreement,determiner_noun_agreement_2,True,False,True,True,653,-38.94801330566406,-45.86748123168945,1
Lucille breaks that chair.,Lucille breaks those chair.,morphology,determiner_noun_agreement,determiner_noun_agreement_2,True,False,True,True,654,-38.264583587646484,-40.02861022949219,1
Michael concealed these movie theaters.,Michael concealed this movie theaters.,morphology,determiner_noun_agreement,determiner_noun_agreement_2,True,False,True,True,655,-41.35395812988281,-40.2465705871582,0
Those hats didn't look like those drawings.,Those hats didn't look like that drawings.,morphology,determiner_noun_agreement,determiner_noun_agreement_2,True,False,True,True,656,-40.841941833496094,-42.68384552001953,1
Jerry drops by these grocery stores.,Jerry drops by this grocery stores.,morphology,determiner_noun_agreement,determiner_noun_agreement_2,True,False,True,True,657,-35.17402648925781,-39.23603439331055,1
Heidi discovered these associations.,Heidi discovered this associations.,morphology,determiner_noun_agreement,determiner_noun_agreement_2,True,False,True,True,658,-42.553123474121094,-44.77473449707031,1
The cashiers clean these chairs.,The cashiers clean this chairs.,morphology,determiner_noun_agreement,determiner_noun_agreement_2,True,False,True,True,659,-47.485198974609375,-50.575531005859375,1
Charles is hiring that boy.,Charles is hiring those boy.,morphology,determiner_noun_agreement,determiner_noun_agreement_2,True,False,True,True,660,-34.613922119140625,-34.95981979370117,1
All schools could distract these companies.,All schools could distract this companies.,morphology,determiner_noun_agreement,determiner_noun_agreement_2,True,False,True,True,661,-38.149505615234375,-42.61101531982422,1
Patrick had biked to that bank.,Patrick had biked to those bank.,morphology,determiner_noun_agreement,determiner_noun_agreement_2,True,False,True,True,662,-42.243003845214844,-46.23602294921875,1
Kathleen buys this book.,Kathleen buys these book.,morphology,determiner_noun_agreement,determiner_noun_agreement_2,True,False,True,True,663,-41.46976089477539,-46.2681999206543,1
Some patients disagreed with these guys.,Some patients disagreed with this guys.,morphology,determiner_noun_agreement,determiner_noun_agreement_2,True,False,True,True,664,-35.38357925415039,-38.100242614746094,1
Most actresses conceal that cafe.,Most actresses conceal those cafe.,morphology,determiner_noun_agreement,determiner_noun_agreement_2,True,False,True,True,665,-45.107261657714844,-48.15152359008789,1
Those people will kiss those customers.,Those people will kiss that customers.,morphology,determiner_noun_agreement,determiner_noun_agreement_2,True,False,True,True,666,-33.97166442871094,-36.05633544921875,1
Some hill wasn't impressing these senators.,Some hill wasn't impressing this senators.,morphology,determiner_noun_agreement,determiner_noun_agreement_2,True,False,True,True,667,-60.98222732543945,-61.63538360595703,1
Ronald lifted that dress.,Ronald lifted those dress.,morphology,determiner_noun_agreement,determiner_noun_agreement_2,True,False,True,True,668,-40.59464645385742,-43.40370178222656,1
All adults reference this pamphlet.,All adults reference these pamphlet.,morphology,determiner_noun_agreement,determiner_noun_agreement_2,True,False,True,True,669,-39.54578399658203,-45.62110137939453,1
Dan had hated that report.,Dan had hated those report.,morphology,determiner_noun_agreement,determiner_noun_agreement_2,True,False,True,True,670,-31.48523712158203,-34.14667892456055,1
Mitchell complains about that waitress.,Mitchell complains about those waitress.,morphology,determiner_noun_agreement,determiner_noun_agreement_2,True,False,True,True,671,-45.24861526489258,-47.13866424560547,1
Frank revealed these art galleries.,Frank revealed this art galleries.,morphology,determiner_noun_agreement,determiner_noun_agreement_2,True,False,True,True,672,-34.25806427001953,-35.13855743408203,1
Craig is arguing about these teenagers.,Craig is arguing about this teenagers.,morphology,determiner_noun_agreement,determiner_noun_agreement_2,True,False,True,True,673,-34.829830169677734,-37.91649627685547,1
These waiters can't clean those art galleries.,These waiters can't clean that art galleries.,morphology,determiner_noun_agreement,determiner_noun_agreement_2,True,False,True,True,674,-57.76921081542969,-60.92328643798828,1
This blouse impressed this committee.,This blouse impressed these committee.,morphology,determiner_noun_agreement,determiner_noun_agreement_2,True,False,True,True,675,-44.77293395996094,-49.88117218017578,1
Regina scared this legislature.,Regina scared these legislature.,morphology,determiner_noun_agreement,determiner_noun_agreement_2,True,False,True,True,676,-44.65373992919922,-49.16154861450195,1
Denise will disturb those guys.,Denise will disturb that guys.,morphology,determiner_noun_agreement,determiner_noun_agreement_2,True,False,True,True,677,-37.37317657470703,-43.325653076171875,1
Cheryl breaks that fork.,Cheryl breaks those fork.,morphology,determiner_noun_agreement,determiner_noun_agreement_2,True,False,True,True,678,-53.33067321777344,-54.334129333496094,1
Scott does boast about those actresses.,Scott does boast about that actresses.,morphology,determiner_noun_agreement,determiner_noun_agreement_2,True,False,True,True,679,-45.63665771484375,-48.0184211730957,1
Beth forgets this actor.,Beth forgets these actor.,morphology,determiner_noun_agreement,determiner_noun_agreement_2,True,False,True,True,680,-43.66349411010742,-47.48580551147461,1
Nancy can like those malls.,Nancy can like that malls.,morphology,determiner_noun_agreement,determiner_noun_agreement_2,True,False,True,True,681,-45.37468719482422,-48.21967315673828,1
Grace hasn't seen that book.,Grace hasn't seen those book.,morphology,determiner_noun_agreement,determiner_noun_agreement_2,True,False,True,True,682,-36.91519546508789,-42.192405700683594,1
Frank wasn't buying these couches.,Frank wasn't buying this couches.,morphology,determiner_noun_agreement,determiner_noun_agreement_2,True,False,True,True,683,-36.34679412841797,-37.23725128173828,1
The Lutherans escape from those public parks.,The Lutherans escape from that public parks.,morphology,determiner_noun_agreement,determiner_noun_agreement_2,True,False,True,True,684,-60.24410629272461,-62.19953918457031,1
Lissa skated around this hospital.,Lissa skated around these hospital.,morphology,determiner_noun_agreement,determiner_noun_agreement_2,True,False,True,True,685,-48.477691650390625,-53.07863235473633,1
Those projectors aggravate this girl.,Those projectors aggravate these girl.,morphology,determiner_noun_agreement,determiner_noun_agreement_2,True,False,True,True,686,-47.2276611328125,-50.63237762451172,1
Homer wasn't taking these libraries.,Homer wasn't taking this libraries.,morphology,determiner_noun_agreement,determiner_noun_agreement_2,True,False,True,True,687,-49.36814880371094,-51.09231185913086,1
That doctor is arriving at these schools.,That doctor is arriving at this schools.,morphology,determiner_noun_agreement,determiner_noun_agreement_2,True,False,True,True,688,-36.92070770263672,-39.93993377685547,1
Alicia has visited that boy.,Alicia has visited those boy.,morphology,determiner_noun_agreement,determiner_noun_agreement_2,True,False,True,True,689,-47.245208740234375,-49.7850227355957,1
A screen bores that customer.,A screen bores those customer.,morphology,determiner_noun_agreement,determiner_noun_agreement_2,True,False,True,True,690,-47.50358963012695,-52.56480026245117,1
Carts bore that lady.,Carts bore those lady.,morphology,determiner_noun_agreement,determiner_noun_agreement_2,True,False,True,True,691,-43.9580192565918,-46.61589050292969,1
Heidi fires that guest.,Heidi fires those guest.,morphology,determiner_noun_agreement,determiner_noun_agreement_2,True,False,True,True,692,-45.586788177490234,-51.708045959472656,1
Carlos hasn't talked about that documentary.,Carlos hasn't talked about those documentary.,morphology,determiner_noun_agreement,determiner_noun_agreement_2,True,False,True,True,693,-43.71258544921875,-47.593135833740234,1
These ladies research that public park.,These ladies research those public park.,morphology,determiner_noun_agreement,determiner_noun_agreement_2,True,False,True,True,694,-47.57082748413086,-51.00428009033203,1
Steve should discover these dishes.,Steve should discover this dishes.,morphology,determiner_noun_agreement,determiner_noun_agreement_2,True,False,True,True,695,-33.04674530029297,-35.33993911743164,1
Gerald was aggravating this patient.,Gerald was aggravating these patient.,morphology,determiner_noun_agreement,determiner_noun_agreement_2,True,False,True,True,696,-44.48475646972656,-50.531982421875,1
Many students visited that waiter.,Many students visited those waiter.,morphology,determiner_noun_agreement,determiner_noun_agreement_2,True,False,True,True,697,-34.28403091430664,-36.938533782958984,1
Kimberley hasn't cared for those boys.,Kimberley hasn't cared for that boys.,morphology,determiner_noun_agreement,determiner_noun_agreement_2,True,False,True,True,698,-50.84172439575195,-55.063323974609375,1
Most universities describe those movies.,Most universities describe that movies.,morphology,determiner_noun_agreement,determiner_noun_agreement_2,True,False,True,True,699,-36.20713806152344,-35.31108093261719,0
That snake hadn't looked like those paintings.,That snake hadn't looked like that paintings.,morphology,determiner_noun_agreement,determiner_noun_agreement_2,True,False,True,True,700,-46.77875518798828,-46.68646240234375,0
Jerry cared for these boys.,Jerry cared for this boys.,morphology,determiner_noun_agreement,determiner_noun_agreement_2,True,False,True,True,701,-27.940319061279297,-28.97287368774414,1
All apples aggravate this waiter.,All apples aggravate these waiter.,morphology,determiner_noun_agreement,determiner_noun_agreement_2,True,False,True,True,702,-48.02277374267578,-49.66211700439453,1
Jennifer didn't have those shoes.,Jennifer didn't have that shoes.,morphology,determiner_noun_agreement,determiner_noun_agreement_2,True,False,True,True,703,-26.016754150390625,-27.414714813232422,1
Carrie hadn't revealed this hamster.,Carrie hadn't revealed these hamster.,morphology,determiner_noun_agreement,determiner_noun_agreement_2,True,False,True,True,704,-53.929901123046875,-57.48091125488281,1
Michelle didn't escape from this grocery store.,Michelle didn't escape from these grocery store.,morphology,determiner_noun_agreement,determiner_noun_agreement_2,True,False,True,True,705,-36.34394454956055,-39.626033782958984,1
Some woman is firing this lady.,Some woman is firing these lady.,morphology,determiner_noun_agreement,determiner_noun_agreement_2,True,False,True,True,706,-32.555816650390625,-37.00138473510742,1
Susan walks through these high schools.,Susan walks through this high schools.,morphology,determiner_noun_agreement,determiner_noun_agreement_2,True,False,True,True,707,-33.27748107910156,-34.283485412597656,1
Patricia notices these banks.,Patricia notices this banks.,morphology,determiner_noun_agreement,determiner_noun_agreement_2,True,False,True,True,708,-42.44478988647461,-45.21305847167969,1
A lot of people clean this bird.,A lot of people clean these bird.,morphology,determiner_noun_agreement,determiner_noun_agreement_2,True,False,True,True,709,-39.42606735229492,-42.824485778808594,1
A boy was hiring this guest.,A boy was hiring these guest.,morphology,determiner_noun_agreement,determiner_noun_agreement_2,True,False,True,True,710,-41.421592712402344,-47.0129280090332,1
Some children hadn't fixed these dishes.,Some children hadn't fixed this dishes.,morphology,determiner_noun_agreement,determiner_noun_agreement_2,True,False,True,True,711,-42.64933395385742,-44.060325622558594,1
Kristin wasn't concealing those doctors.,Kristin wasn't concealing that doctors.,morphology,determiner_noun_agreement,determiner_noun_agreement_2,True,False,True,True,712,-51.50887680053711,-52.23008728027344,1
Danielle would hire those drivers.,Danielle would hire that drivers.,morphology,determiner_noun_agreement,determiner_noun_agreement_2,True,False,True,True,713,-39.799903869628906,-44.117591857910156,1
A teacher wasn't exploring that library.,A teacher wasn't exploring those library.,morphology,determiner_noun_agreement,determiner_noun_agreement_2,True,False,True,True,714,-44.5329704284668,-46.981239318847656,1
Lawrence arrived at that museum.,Lawrence arrived at those museum.,morphology,determiner_noun_agreement,determiner_noun_agreement_2,True,False,True,True,715,-39.282413482666016,-40.150794982910156,1
Some pies upset this girl.,Some pies upset these girl.,morphology,determiner_noun_agreement,determiner_noun_agreement_2,True,False,True,True,716,-36.89521026611328,-42.04003143310547,1
That movie theater bores those waiters.,That movie theater bores that waiters.,morphology,determiner_noun_agreement,determiner_noun_agreement_2,True,False,True,True,717,-60.28663635253906,-56.77416229248047,0
Many pedestrians lifted those movie theaters.,Many pedestrians lifted that movie theaters.,morphology,determiner_noun_agreement,determiner_noun_agreement_2,True,False,True,True,718,-47.53815460205078,-45.18183517456055,0
Timothy praised these books.,Timothy praised this books.,morphology,determiner_noun_agreement,determiner_noun_agreement_2,True,False,True,True,719,-36.333839416503906,-36.880775451660156,1
Claire went to those art galleries.,Claire went to that art galleries.,morphology,determiner_noun_agreement,determiner_noun_agreement_2,True,False,True,True,720,-39.542030334472656,-42.60590744018555,1
Martha respects those hospitals.,Martha respects that hospitals.,morphology,determiner_noun_agreement,determiner_noun_agreement_2,True,False,True,True,721,-44.21601486206055,-45.550662994384766,1
A screen hasn't upset this library.,A screen hasn't upset these library.,morphology,determiner_noun_agreement,determiner_noun_agreement_2,True,False,True,True,722,-45.45283508300781,-51.99717330932617,1
Every actress remembered those doctors.,Every actress remembered that doctors.,morphology,determiner_noun_agreement,determiner_noun_agreement_2,True,False,True,True,723,-41.061912536621094,-40.56229019165039,0
The cat worries this waiter.,The cat worries these waiter.,morphology,determiner_noun_agreement,determiner_noun_agreement_2,True,False,True,True,724,-42.28974533081055,-44.45991516113281,1
Many prints were looking like these rugs.,Many prints were looking like this rugs.,morphology,determiner_noun_agreement,determiner_noun_agreement_2,True,False,True,True,725,-40.7769660949707,-41.81318664550781,1
Many adults complain about those pedestrians.,Many adults complain about that pedestrians.,morphology,determiner_noun_agreement,determiner_noun_agreement_2,True,False,True,True,726,-38.149776458740234,-39.780067443847656,1
Rebecca should boast about those newspaper articles.,Rebecca should boast about that newspaper articles.,morphology,determiner_noun_agreement,determiner_noun_agreement_2,True,False,True,True,727,-59.06879425048828,-59.740074157714844,1
A lot of students run around those college campuses.,A lot of students run around that college campuses.,morphology,determiner_noun_agreement,determiner_noun_agreement_2,True,False,True,True,728,-42.1640625,-43.85075759887695,1
Holly will escape from that lady.,Holly will escape from those lady.,morphology,determiner_noun_agreement,determiner_noun_agreement_2,True,False,True,True,729,-46.431175231933594,-48.35883331298828,1
Meredith watches these cashiers.,Meredith watches this cashiers.,morphology,determiner_noun_agreement,determiner_noun_agreement_2,True,False,True,True,730,-46.78357696533203,-48.13787841796875,1
Winston Churchill respected this lady.,Winston Churchill respected these lady.,morphology,determiner_noun_agreement,determiner_noun_agreement_2,True,False,True,True,731,-49.03165817260742,-54.206703186035156,1
Deanna can aggravate these organizations.,Deanna can aggravate this organizations.,morphology,determiner_noun_agreement,determiner_noun_agreement_2,True,False,True,True,732,-46.193145751953125,-49.355953216552734,1
Eva could flee from this driver.,Eva could flee from these driver.,morphology,determiner_noun_agreement,determiner_noun_agreement_2,True,False,True,True,733,-35.995758056640625,-39.51434326171875,1
Eva sounded like that senator.,Eva sounded like those senator.,morphology,determiner_noun_agreement,determiner_noun_agreement_2,True,False,True,True,734,-33.27771759033203,-36.96623992919922,1
Daniel is appreciating this bank.,Daniel is appreciating these bank.,morphology,determiner_noun_agreement,determiner_noun_agreement_2,True,False,True,True,735,-32.53430938720703,-36.284183502197266,1
Leslie could scare those schools.,Leslie could scare that schools.,morphology,determiner_noun_agreement,determiner_noun_agreement_2,True,False,True,True,736,-44.698760986328125,-49.340641021728516,1
Waitresses return to that public park.,Waitresses return to those public park.,morphology,determiner_noun_agreement,determiner_noun_agreement_2,True,False,True,True,737,-46.08480453491211,-47.93083572387695,1
Debra references these reports.,Debra references this reports.,morphology,determiner_noun_agreement,determiner_noun_agreement_2,True,False,True,True,738,-34.76082992553711,-34.22844314575195,0
Donald has run around these public parks.,Donald has run around this public parks.,morphology,determiner_noun_agreement,determiner_noun_agreement_2,True,False,True,True,739,-41.40943908691406,-41.81544876098633,1
Lawrence sounded like those movie theaters.,Lawrence sounded like that movie theaters.,morphology,determiner_noun_agreement,determiner_noun_agreement_2,True,False,True,True,740,-48.157188415527344,-47.09100341796875,0
Kirsten has watched these senators.,Kirsten has watched this senators.,morphology,determiner_noun_agreement,determiner_noun_agreement_2,True,False,True,True,741,-52.167240142822266,-55.6959228515625,1
These waitresses return to those actresses.,These waitresses return to that actresses.,morphology,determiner_noun_agreement,determiner_noun_agreement_2,True,False,True,True,742,-52.66447448730469,-56.724918365478516,1
Galileo does pass that public park.,Galileo does pass those public park.,morphology,determiner_noun_agreement,determiner_noun_agreement_2,True,False,True,True,743,-62.8985481262207,-66.227294921875,1
Brad wasn't arriving at this high school.,Brad wasn't arriving at these high school.,morphology,determiner_noun_agreement,determiner_noun_agreement_2,True,False,True,True,744,-35.28741455078125,-37.813316345214844,1
Gregory wasn't touring that art gallery.,Gregory wasn't touring those art gallery.,morphology,determiner_noun_agreement,determiner_noun_agreement_2,True,False,True,True,745,-52.673980712890625,-54.969520568847656,1
Suzanne skated around these libraries.,Suzanne skated around this libraries.,morphology,determiner_noun_agreement,determiner_noun_agreement_2,True,False,True,True,746,-54.5575065612793,-57.65938186645508,1
Most teenagers couldn't help those dancers.,Most teenagers couldn't help that dancers.,morphology,determiner_noun_agreement,determiner_noun_agreement_2,True,False,True,True,747,-41.29764175415039,-45.91748809814453,1
Those legislatures bore this actor.,Those legislatures bore these actor.,morphology,determiner_noun_agreement,determiner_noun_agreement_2,True,False,True,True,748,-43.610595703125,-47.30303955078125,1
Most governments haven't described these boys.,Most governments haven't described this boys.,morphology,determiner_noun_agreement,determiner_noun_agreement_2,True,False,True,True,749,-44.28812026977539,-45.87223434448242,1
Wayne isn't taking that picture.,Wayne isn't taking those picture.,morphology,determiner_noun_agreement,determiner_noun_agreement_2,True,False,True,True,750,-37.51693344116211,-41.454345703125,1
Frank hides these turtles.,Frank hides this turtles.,morphology,determiner_noun_agreement,determiner_noun_agreement_2,True,False,True,True,751,-30.839942932128906,-32.30572509765625,1
Walter had worked with these actors.,Walter had worked with this actors.,morphology,determiner_noun_agreement,determiner_noun_agreement_2,True,False,True,True,752,-38.63195037841797,-41.364402770996094,1
Some boys insulted those museums.,Some boys insulted that museums.,morphology,determiner_noun_agreement,determiner_noun_agreement_2,True,False,True,True,753,-42.9166374206543,-42.651458740234375,0
A lot of actors explore these hospitals.,A lot of actors explore this hospitals.,morphology,determiner_noun_agreement,determiner_noun_agreement_2,True,False,True,True,754,-45.52507019042969,-47.903541564941406,1
Andrew did sell this cup.,Andrew did sell these cup.,morphology,determiner_noun_agreement,determiner_noun_agreement_2,True,False,True,True,755,-32.913551330566406,-38.288169860839844,1
Randolf hugs those girls.,Randolf hugs that girls.,morphology,determiner_noun_agreement,determiner_noun_agreement_2,True,False,True,True,756,-40.98219299316406,-41.841819763183594,1
Waitresses watched that dancer.,Waitresses watched those dancer.,morphology,determiner_noun_agreement,determiner_noun_agreement_2,True,False,True,True,757,-42.40122985839844,-45.53263854980469,1
Most adults leave this public park.,Most adults leave these public park.,morphology,determiner_noun_agreement,determiner_noun_agreement_2,True,False,True,True,758,-39.29430389404297,-42.57121276855469,1
The Impressionists return to that lady.,The Impressionists return to those lady.,morphology,determiner_noun_agreement,determiner_noun_agreement_2,True,False,True,True,759,-43.68694305419922,-46.08494567871094,1
Erin boycotts that legislature.,Erin boycotts those legislature.,morphology,determiner_noun_agreement,determiner_noun_agreement_2,True,False,True,True,760,-44.11396789550781,-47.954978942871094,1
Patricia heals this dog.,Patricia heals these dog.,morphology,determiner_noun_agreement,determiner_noun_agreement_2,True,False,True,True,761,-37.084716796875,-40.962791442871094,1
Teresa hadn't noticed these newspaper articles.,Teresa hadn't noticed this newspaper articles.,morphology,determiner_noun_agreement,determiner_noun_agreement_2,True,False,True,True,762,-54.050071716308594,-54.27961349487305,1
That snake aggravates these banks.,That snake aggravates this banks.,morphology,determiner_noun_agreement,determiner_noun_agreement_2,True,False,True,True,763,-45.466697692871094,-46.90800094604492,1
Some doctor was thinking about these photographs.,Some doctor was thinking about this photographs.,morphology,determiner_noun_agreement,determiner_noun_agreement_2,True,False,True,True,764,-36.76073455810547,-37.842002868652344,1
Dennis wasn't noticing that blouse.,Dennis wasn't noticing those blouse.,morphology,determiner_noun_agreement,determiner_noun_agreement_2,True,False,True,True,765,-47.70570373535156,-50.743717193603516,1
Anne had gone to these public parks.,Anne had gone to this public parks.,morphology,determiner_noun_agreement,determiner_noun_agreement_2,True,False,True,True,766,-38.78114700317383,-38.97004699707031,1
Some children had helped these guests.,Some children had helped this guests.,morphology,determiner_noun_agreement,determiner_noun_agreement_2,True,False,True,True,767,-37.63019561767578,-39.955848693847656,1
Joel is discussing those actors.,Joel is discussing that actors.,morphology,determiner_noun_agreement,determiner_noun_agreement_2,True,False,True,True,768,-38.87022018432617,-39.9903564453125,1
Most museums dislike those guys.,Most museums dislike that guys.,morphology,determiner_noun_agreement,determiner_noun_agreement_2,True,False,True,True,769,-39.87976837158203,-42.30540466308594,1
Alan hadn't hidden this nose.,Alan hadn't hidden these nose.,morphology,determiner_noun_agreement,determiner_noun_agreement_2,True,False,True,True,770,-37.79203796386719,-41.02961349487305,1
The rabbits hadn't scared this university.,The rabbits hadn't scared these university.,morphology,determiner_noun_agreement,determiner_noun_agreement_2,True,False,True,True,771,-52.14378356933594,-58.45519256591797,1
These committees listen to these doctors.,These committees listen to this doctors.,morphology,determiner_noun_agreement,determiner_noun_agreement_2,True,False,True,True,772,-41.38179397583008,-44.59475326538086,1
Claire tours those schools.,Claire tours that schools.,morphology,determiner_noun_agreement,determiner_noun_agreement_2,True,False,True,True,773,-39.70222854614258,-39.182106018066406,0
A lot of men mess up these college campuses.,A lot of men mess up this college campuses.,morphology,determiner_noun_agreement,determiner_noun_agreement_2,True,False,True,True,774,-51.02866744995117,-50.183937072753906,0
These dancers argue about this cashier.,These dancers argue about these cashier.,morphology,determiner_noun_agreement,determiner_noun_agreement_2,True,False,True,True,775,-48.89769744873047,-51.1351432800293,1
Bradley liked that couch.,Bradley liked those couch.,morphology,determiner_noun_agreement,determiner_noun_agreement_2,True,False,True,True,776,-35.242427825927734,-37.00193405151367,1
Most museums embarrass this organization.,Most museums embarrass these organization.,morphology,determiner_noun_agreement,determiner_noun_agreement_2,True,False,True,True,777,-43.01059341430664,-45.676849365234375,1
Benjamin should hide those shirts.,Benjamin should hide that shirts.,morphology,determiner_noun_agreement,determiner_noun_agreement_2,True,False,True,True,778,-44.37265396118164,-49.09151840209961,1
Every patient does conceal this essay.,Every patient does conceal these essay.,morphology,determiner_noun_agreement,determiner_noun_agreement_2,True,False,True,True,779,-41.09958267211914,-45.04536437988281,1
Kristen disturbs those associations.,Kristen disturbs that associations.,morphology,determiner_noun_agreement,determiner_noun_agreement_2,True,False,True,True,780,-48.7893180847168,-48.80786895751953,1
Ella remembers that restaurant.,Ella remembers those restaurant.,morphology,determiner_noun_agreement,determiner_noun_agreement_2,True,False,True,True,781,-36.69770812988281,-40.909095764160156,1
Valerie wasn't noticing that association.,Valerie wasn't noticing those association.,morphology,determiner_noun_agreement,determiner_noun_agreement_2,True,False,True,True,782,-50.336036682128906,-53.14710235595703,1
Sheila wasn't cleaning this newspaper article.,Sheila wasn't cleaning these newspaper article.,morphology,determiner_noun_agreement,determiner_noun_agreement_2,True,False,True,True,783,-56.557952880859375,-60.404052734375,1
Kenneth hadn't disliked those actresses.,Kenneth hadn't disliked that actresses.,morphology,determiner_noun_agreement,determiner_noun_agreement_2,True,False,True,True,784,-49.95994186401367,-50.86927032470703,1
Russell isn't running around those cafes.,Russell isn't running around that cafes.,morphology,determiner_noun_agreement,determiner_noun_agreement_2,True,False,True,True,785,-37.901519775390625,-41.63136672973633,1
Carlos isn't investigating these senators.,Carlos isn't investigating this senators.,morphology,determiner_noun_agreement,determiner_noun_agreement_2,True,False,True,True,786,-48.80179977416992,-50.68864822387695,1
Melinda sells those sweaters.,Melinda sells that sweaters.,morphology,determiner_noun_agreement,determiner_noun_agreement_2,True,False,True,True,787,-39.21983337402344,-39.05193328857422,0
Homer wouldn't go to these banks.,Homer wouldn't go to this banks.,morphology,determiner_noun_agreement,determiner_noun_agreement_2,True,False,True,True,788,-47.353233337402344,-49.91766357421875,1
Wendy didn't bother this waiter.,Wendy didn't bother these waiter.,morphology,determiner_noun_agreement,determiner_noun_agreement_2,True,False,True,True,789,-50.249603271484375,-52.38169479370117,1
Roger returns to that girl.,Roger returns to those girl.,morphology,determiner_noun_agreement,determiner_noun_agreement_2,True,False,True,True,790,-27.729902267456055,-29.169849395751953,1
Kirsten wouldn't reference that patient.,Kirsten wouldn't reference those patient.,morphology,determiner_noun_agreement,determiner_noun_agreement_2,True,False,True,True,791,-57.98346710205078,-60.6048583984375,1
Broccoli is aggravating that student.,Broccoli is aggravating those student.,morphology,determiner_noun_agreement,determiner_noun_agreement_2,True,False,True,True,792,-46.614044189453125,-49.708404541015625,1
Guy wears these shoes.,Guy wears this shoes.,morphology,determiner_noun_agreement,determiner_noun_agreement_2,True,False,True,True,793,-23.431615829467773,-25.106698989868164,1
All students were hiding these public parks.,All students were hiding this public parks.,morphology,determiner_noun_agreement,determiner_noun_agreement_2,True,False,True,True,794,-48.63344955444336,-48.57899475097656,0
Joseph respects those art galleries.,Joseph respects that art galleries.,morphology,determiner_noun_agreement,determiner_noun_agreement_2,True,False,True,True,795,-34.86034393310547,-34.72354507446289,0
Nancy isn't driving to those public parks.,Nancy isn't driving to that public parks.,morphology,determiner_noun_agreement,determiner_noun_agreement_2,True,False,True,True,796,-54.15460205078125,-55.83308410644531,1
Alice skates around this museum.,Alice skates around these museum.,morphology,determiner_noun_agreement,determiner_noun_agreement_2,True,False,True,True,797,-36.81550598144531,-41.023765563964844,1
Denise loved this teacher.,Denise loved these teacher.,morphology,determiner_noun_agreement,determiner_noun_agreement_2,True,False,True,True,798,-32.13432693481445,-37.94583511352539,1
Dennis returns to those banks.,Dennis returns to that banks.,morphology,determiner_noun_agreement,determiner_noun_agreement_2,True,False,True,True,799,-38.178035736083984,-43.42333221435547,1
Bruce will take that cup.,Bruce will take those cup.,morphology,determiner_noun_agreement,determiner_noun_agreement_2,True,False,True,True,800,-27.3690185546875,-31.995460510253906,1
Charles can approach that actor.,Charles can approach those actor.,morphology,determiner_noun_agreement,determiner_noun_agreement_2,True,False,True,True,801,-33.15440368652344,-36.68269348144531,1
The Impressionists break this chair.,The Impressionists break these chair.,morphology,determiner_noun_agreement,determiner_noun_agreement_2,True,False,True,True,802,-40.35030746459961,-44.63982009887695,1
Some governments hadn't taken this hospital.,Some governments hadn't taken these hospital.,morphology,determiner_noun_agreement,determiner_noun_agreement_2,True,False,True,True,803,-41.713623046875,-45.059791564941406,1
The women wear this sweater.,The women wear these sweater.,morphology,determiner_noun_agreement,determiner_noun_agreement_2,True,False,True,True,804,-28.25261116027832,-31.603824615478516,1
A lot of trucks bore these teachers.,A lot of trucks bore this teachers.,morphology,determiner_noun_agreement,determiner_noun_agreement_2,True,False,True,True,805,-51.57990264892578,-52.82817840576172,1
Jill isn't examining that play.,Jill isn't examining those play.,morphology,determiner_noun_agreement,determiner_noun_agreement_2,True,False,True,True,806,-46.13548278808594,-48.43840408325195,1
All banks resemble that picture.,All banks resemble those picture.,morphology,determiner_noun_agreement,determiner_noun_agreement_2,True,False,True,True,807,-35.976287841796875,-37.35814666748047,1
Brenda wasn't wearing this jacket.,Brenda wasn't wearing these jacket.,morphology,determiner_noun_agreement,determiner_noun_agreement_2,True,False,True,True,808,-33.19548034667969,-36.62321472167969,1
Carla wasn't running around this hospital.,Carla wasn't running around these hospital.,morphology,determiner_noun_agreement,determiner_noun_agreement_2,True,False,True,True,809,-42.15523147583008,-47.24296569824219,1
The Impressionists boycott those libraries.,The Impressionists boycott that libraries.,morphology,determiner_noun_agreement,determiner_noun_agreement_2,True,False,True,True,810,-46.95674514770508,-50.191986083984375,1
Angela concealed this report.,Angela concealed these report.,morphology,determiner_noun_agreement,determiner_noun_agreement_2,True,False,True,True,811,-38.71550750732422,-42.476890563964844,1
Most governments astound these dancers.,Most governments astound this dancers.,morphology,determiner_noun_agreement,determiner_noun_agreement_2,True,False,True,True,812,-53.62022399902344,-55.67240524291992,1
Catherine did dislike that mall.,Catherine did dislike those mall.,morphology,determiner_noun_agreement,determiner_noun_agreement_2,True,False,True,True,813,-49.27705383300781,-53.271976470947266,1
All cashiers break that glass.,All cashiers break those glass.,morphology,determiner_noun_agreement,determiner_noun_agreement_2,True,False,True,True,814,-48.58860778808594,-49.178077697753906,1
All students go to that library.,All students go to those library.,morphology,determiner_noun_agreement,determiner_noun_agreement_2,True,False,True,True,815,-29.878204345703125,-31.32722282409668,1
Michael hasn't visited that restaurant.,Michael hasn't visited those restaurant.,morphology,determiner_noun_agreement,determiner_noun_agreement_2,True,False,True,True,816,-30.4858455657959,-36.388179779052734,1
Cynthia hasn't examined this report.,Cynthia hasn't examined these report.,morphology,determiner_noun_agreement,determiner_noun_agreement_2,True,False,True,True,817,-45.80181121826172,-51.050132751464844,1
The Borgias drive to these malls.,The Borgias drive to this malls.,morphology,determiner_noun_agreement,determiner_noun_agreement_2,True,False,True,True,818,-53.994842529296875,-56.40888977050781,1
Marcus likes these libraries.,Marcus likes this libraries.,morphology,determiner_noun_agreement,determiner_noun_agreement_2,True,False,True,True,819,-27.545059204101562,-28.64664649963379,1
Douglas didn't praise this pamphlet.,Douglas didn't praise these pamphlet.,morphology,determiner_noun_agreement,determiner_noun_agreement_2,True,False,True,True,820,-47.875267028808594,-53.54789733886719,1
Aaron admires that plate.,Aaron admires those plate.,morphology,determiner_noun_agreement,determiner_noun_agreement_2,True,False,True,True,821,-33.16304397583008,-36.17338562011719,1
Kayla isn't looking like those prints.,Kayla isn't looking like that prints.,morphology,determiner_noun_agreement,determiner_noun_agreement_2,True,False,True,True,822,-42.716339111328125,-44.60992431640625,1
Andrea complains about those dancers.,Andrea complains about that dancers.,morphology,determiner_noun_agreement,determiner_noun_agreement_2,True,False,True,True,823,-45.07488250732422,-48.24597930908203,1
Brett drops by this school.,Brett drops by these school.,morphology,determiner_noun_agreement,determiner_noun_agreement_2,True,False,True,True,824,-43.63888168334961,-47.41731262207031,1
Some children hug this actor.,Some children hug these actor.,morphology,determiner_noun_agreement,determiner_noun_agreement_2,True,False,True,True,825,-35.91423034667969,-39.3908805847168,1
Mark couldn't mess up this plate.,Mark couldn't mess up these plate.,morphology,determiner_noun_agreement,determiner_noun_agreement_2,True,False,True,True,826,-40.16328811645508,-42.986427307128906,1
Liam describes that high school.,Liam describes those high school.,morphology,determiner_noun_agreement,determiner_noun_agreement_2,True,False,True,True,827,-40.157737731933594,-42.81311798095703,1
Clyde fixes this fork.,Clyde fixes these fork.,morphology,determiner_noun_agreement,determiner_noun_agreement_2,True,False,True,True,828,-44.6164665222168,-48.486446380615234,1
The Borgias buy these banks.,The Borgias buy this banks.,morphology,determiner_noun_agreement,determiner_noun_agreement_2,True,False,True,True,829,-49.16721725463867,-51.16728973388672,1
Melanie goes to those high schools.,Melanie goes to that high schools.,morphology,determiner_noun_agreement,determiner_noun_agreement_2,True,False,True,True,830,-40.317047119140625,-43.57567596435547,1
Holly didn't escape from this college campus.,Holly didn't escape from these college campus.,morphology,determiner_noun_agreement,determiner_noun_agreement_2,True,False,True,True,831,-51.728179931640625,-55.76617431640625,1
Allison wore this hat.,Allison wore these hat.,morphology,determiner_noun_agreement,determiner_noun_agreement_2,True,False,True,True,832,-33.400299072265625,-36.02195358276367,1
Kenneth discovers that organization.,Kenneth discovers those organization.,morphology,determiner_noun_agreement,determiner_noun_agreement_2,True,False,True,True,833,-36.95414733886719,-41.87776184082031,1
Melinda wouldn't investigate those patients.,Melinda wouldn't investigate that patients.,morphology,determiner_noun_agreement,determiner_noun_agreement_2,True,False,True,True,834,-45.76345443725586,-48.75310516357422,1
Karen hasn't loved those brochures.,Karen hasn't loved that brochures.,morphology,determiner_noun_agreement,determiner_noun_agreement_2,True,False,True,True,835,-46.20056915283203,-47.09580612182617,1
Heidi loves this report.,Heidi loves these report.,morphology,determiner_noun_agreement,determiner_noun_agreement_2,True,False,True,True,836,-35.75288772583008,-41.07476043701172,1
Heidi insulted these students.,Heidi insulted this students.,morphology,determiner_noun_agreement,determiner_noun_agreement_2,True,False,True,True,837,-43.47126388549805,-44.959320068359375,1
A lot of men admire these dogs.,A lot of men admire this dogs.,morphology,determiner_noun_agreement,determiner_noun_agreement_2,True,False,True,True,838,-38.25286102294922,-41.2274284362793,1
Susan won't break these forks.,Susan won't break this forks.,morphology,determiner_noun_agreement,determiner_noun_agreement_2,True,False,True,True,839,-35.70996856689453,-38.19108581542969,1
Beverly hasn't disgusted these schools.,Beverly hasn't disgusted this schools.,morphology,determiner_noun_agreement,determiner_noun_agreement_2,True,False,True,True,840,-56.07311248779297,-57.8223762512207,1
Rachelle hadn't fired those actors.,Rachelle hadn't fired that actors.,morphology,determiner_noun_agreement,determiner_noun_agreement_2,True,False,True,True,841,-45.767967224121094,-46.210899353027344,1
Carts bored this dancer.,Carts bored these dancer.,morphology,determiner_noun_agreement,determiner_noun_agreement_2,True,False,True,True,842,-46.28229904174805,-50.9118766784668,1
Carolyn returns to that lady.,Carolyn returns to those lady.,morphology,determiner_noun_agreement,determiner_noun_agreement_2,True,False,True,True,843,-38.09553527832031,-40.28409194946289,1
Noah visits this teacher.,Noah visits these teacher.,morphology,determiner_noun_agreement,determiner_noun_agreement_2,True,False,True,True,844,-38.027835845947266,-43.66363525390625,1
Elizabeth will sound like those movies.,Elizabeth will sound like that movies.,morphology,determiner_noun_agreement,determiner_noun_agreement_2,True,False,True,True,845,-31.661277770996094,-32.586360931396484,1
Rachel toured that grocery store.,Rachel toured those grocery store.,morphology,determiner_noun_agreement,determiner_noun_agreement_2,True,False,True,True,846,-34.95283508300781,-35.495758056640625,1
Natalie has escaped from these guys.,Natalie has escaped from this guys.,morphology,determiner_noun_agreement,determiner_noun_agreement_2,True,False,True,True,847,-43.91726303100586,-46.718841552734375,1
Karla would buy that hamster.,Karla would buy those hamster.,morphology,determiner_noun_agreement,determiner_noun_agreement_2,True,False,True,True,848,-42.221317291259766,-43.68272018432617,1
Ella has approached these actresses.,Ella has approached this actresses.,morphology,determiner_noun_agreement,determiner_noun_agreement_2,True,False,True,True,849,-43.223854064941406,-45.22093200683594,1
Most doctors watch these dancers.,Most doctors watch this dancers.,morphology,determiner_noun_agreement,determiner_noun_agreement_2,True,False,True,True,850,-38.89130783081055,-41.167335510253906,1
Mary was impressing that adult.,Mary was impressing those adult.,morphology,determiner_noun_agreement,determiner_noun_agreement_2,True,False,True,True,851,-36.27445983886719,-39.3079948425293,1
Galileo shouldn't lift these movie theaters.,Galileo shouldn't lift this movie theaters.,morphology,determiner_noun_agreement,determiner_noun_agreement_2,True,False,True,True,852,-65.05513000488281,-63.440391540527344,0
Mary concealed these shawls.,Mary concealed this shawls.,morphology,determiner_noun_agreement,determiner_noun_agreement_2,True,False,True,True,853,-42.89977264404297,-44.11008071899414,1
Vanessa wears that blouse.,Vanessa wears those blouse.,morphology,determiner_noun_agreement,determiner_noun_agreement_2,True,False,True,True,854,-37.83652114868164,-41.01070785522461,1
Russell cleans these plates.,Russell cleans this plates.,morphology,determiner_noun_agreement,determiner_noun_agreement_2,True,False,True,True,855,-30.321462631225586,-33.912620544433594,1
An actor explored this grocery store.,An actor explored these grocery store.,morphology,determiner_noun_agreement,determiner_noun_agreement_2,True,False,True,True,856,-41.67420196533203,-44.147430419921875,1
Every icicle wasn't stunning that association.,Every icicle wasn't stunning those association.,morphology,determiner_noun_agreement,determiner_noun_agreement_2,True,False,True,True,857,-60.27705383300781,-64.087890625,1
Alan discussed those dancers.,Alan discussed that dancers.,morphology,determiner_noun_agreement,determiner_noun_agreement_2,True,False,True,True,858,-33.816558837890625,-32.85652542114258,0
Debra wouldn't research these pictures.,Debra wouldn't research this pictures.,morphology,determiner_noun_agreement,determiner_noun_agreement_2,True,False,True,True,859,-42.03638458251953,-43.20088577270508,1
Chad was astounding those guys.,Chad was astounding that guys.,morphology,determiner_noun_agreement,determiner_noun_agreement_2,True,False,True,True,860,-38.725669860839844,-40.460479736328125,1
Liam talks about those newspaper articles.,Liam talks about that newspaper articles.,morphology,determiner_noun_agreement,determiner_noun_agreement_2,True,False,True,True,861,-43.891170501708984,-44.671775817871094,1
The dancers conceal those stories.,The dancers conceal that stories.,morphology,determiner_noun_agreement,determiner_noun_agreement_2,True,False,True,True,862,-38.79977798461914,-42.37434387207031,1
Most boys appreciate that library.,Most boys appreciate those library.,morphology,determiner_noun_agreement,determiner_noun_agreement_2,True,False,True,True,863,-35.74325942993164,-38.413917541503906,1
Most cucumbers can't scare those actors.,Most cucumbers can't scare that actors.,morphology,determiner_noun_agreement,determiner_noun_agreement_2,True,False,True,True,864,-50.265506744384766,-53.44287109375,1
These mouths alarm that student.,These mouths alarm those student.,morphology,determiner_noun_agreement,determiner_noun_agreement_2,True,False,True,True,865,-45.638832092285156,-50.83689498901367,1
The drivers haven't boycotted these college campuses.,The drivers haven't boycotted this college campuses.,morphology,determiner_noun_agreement,determiner_noun_agreement_2,True,False,True,True,866,-72.93009948730469,-72.37181091308594,0
Jesus hadn't hated those teenagers.,Jesus hadn't hated that teenagers.,morphology,determiner_noun_agreement,determiner_noun_agreement_2,True,False,True,True,867,-35.18788146972656,-38.125091552734375,1
Elaine isn't returning to these doctors.,Elaine isn't returning to this doctors.,morphology,determiner_noun_agreement,determiner_noun_agreement_2,True,False,True,True,868,-44.083473205566406,-46.56532287597656,1
Joel isn't concealing those snakes.,Joel isn't concealing that snakes.,morphology,determiner_noun_agreement,determiner_noun_agreement_2,True,False,True,True,869,-50.70091247558594,-52.39323425292969,1
Heidi hires these dancers.,Heidi hires this dancers.,morphology,determiner_noun_agreement,determiner_noun_agreement_2,True,False,True,True,870,-42.98201370239258,-44.73368453979492,1
Jessica returned to that lady.,Jessica returned to those lady.,morphology,determiner_noun_agreement,determiner_noun_agreement_2,True,False,True,True,871,-27.401744842529297,-28.9892578125,1
Brenda had noticed this couch.,Brenda had noticed these couch.,morphology,determiner_noun_agreement,determiner_noun_agreement_2,True,False,True,True,872,-36.493614196777344,-41.51995086669922,1
The Clintons have forgotten these adults.,The Clintons have forgotten this adults.,morphology,determiner_noun_agreement,determiner_noun_agreement_2,True,False,True,True,873,-42.617156982421875,-43.332305908203125,1
Heather sees that shawl.,Heather sees those shawl.,morphology,determiner_noun_agreement,determiner_noun_agreement_2,True,False,True,True,874,-48.863441467285156,-49.45875549316406,1
Some waitresses notice those cars.,Some waitresses notice that cars.,morphology,determiner_noun_agreement,determiner_noun_agreement_2,True,False,True,True,875,-50.69916534423828,-49.075416564941406,0
Beth hadn't hugged this adult.,Beth hadn't hugged these adult.,morphology,determiner_noun_agreement,determiner_noun_agreement_2,True,False,True,True,876,-48.367523193359375,-53.50824737548828,1
Catherine could clean those museums.,Catherine could clean that museums.,morphology,determiner_noun_agreement,determiner_noun_agreement_2,True,False,True,True,877,-49.236568450927734,-53.2061767578125,1
Sabrina skated around these grocery stores.,Sabrina skated around this grocery stores.,morphology,determiner_noun_agreement,determiner_noun_agreement_2,True,False,True,True,878,-51.266868591308594,-54.555843353271484,1
Most students sell those dishes.,Most students sell that dishes.,morphology,determiner_noun_agreement,determiner_noun_agreement_2,True,False,True,True,879,-33.33207702636719,-35.60698699951172,1
A lot of planes astound that organization.,A lot of planes astound those organization.,morphology,determiner_noun_agreement,determiner_noun_agreement_2,True,False,True,True,880,-53.00328063964844,-56.91706085205078,1
These legislatures appreciate these commentaries.,These legislatures appreciate this commentaries.,morphology,determiner_noun_agreement,determiner_noun_agreement_2,True,False,True,True,881,-39.39982604980469,-40.821388244628906,1
Bradley had run around these restaurants.,Bradley had run around this restaurants.,morphology,determiner_noun_agreement,determiner_noun_agreement_2,True,False,True,True,882,-41.756187438964844,-45.336605072021484,1
These teachers discuss this doctor.,These teachers discuss these doctor.,morphology,determiner_noun_agreement,determiner_noun_agreement_2,True,False,True,True,883,-35.4757080078125,-38.28459930419922,1
Mitchell hadn't talked to those girls.,Mitchell hadn't talked to that girls.,morphology,determiner_noun_agreement,determiner_noun_agreement_2,True,False,True,True,884,-43.33818817138672,-46.402000427246094,1
Debra was attacking this girl.,Debra was attacking these girl.,morphology,determiner_noun_agreement,determiner_noun_agreement_2,True,False,True,True,885,-33.87937545776367,-39.994022369384766,1
All senators work with these guests.,All senators work with this guests.,morphology,determiner_noun_agreement,determiner_noun_agreement_2,True,False,True,True,886,-41.155818939208984,-43.73720932006836,1
Julia hasn't irritated this legislature.,Julia hasn't irritated these legislature.,morphology,determiner_noun_agreement,determiner_noun_agreement_2,True,False,True,True,887,-53.41286849975586,-58.52113342285156,1
Bruce can drive to those high schools.,Bruce can drive to that high schools.,morphology,determiner_noun_agreement,determiner_noun_agreement_2,True,False,True,True,888,-36.39573669433594,-38.57161331176758,1
Wayne appreciated this boy.,Wayne appreciated these boy.,morphology,determiner_noun_agreement,determiner_noun_agreement_2,True,False,True,True,889,-36.103759765625,-41.335914611816406,1
Meredith cleans this dish.,Meredith cleans these dish.,morphology,determiner_noun_agreement,determiner_noun_agreement_2,True,False,True,True,890,-39.277923583984375,-44.297367095947266,1
Many vases hadn't distracted these doctors.,Many vases hadn't distracted this doctors.,morphology,determiner_noun_agreement,determiner_noun_agreement_2,True,False,True,True,891,-54.520240783691406,-57.23590087890625,1
Benjamin sells these coats.,Benjamin sells this coats.,morphology,determiner_noun_agreement,determiner_noun_agreement_2,True,False,True,True,892,-40.34672164916992,-43.03119659423828,1
Cindy hadn't astounded this library.,Cindy hadn't astounded these library.,morphology,determiner_noun_agreement,determiner_noun_agreement_2,True,False,True,True,893,-54.85871124267578,-61.01077651977539,1
Some girl wouldn't remember those guys.,Some girl wouldn't remember that guys.,morphology,determiner_noun_agreement,determiner_noun_agreement_2,True,False,True,True,894,-34.71601486206055,-36.588069915771484,1
Linda hates that brochure.,Linda hates those brochure.,morphology,determiner_noun_agreement,determiner_noun_agreement_2,True,False,True,True,895,-41.36190414428711,-41.921905517578125,1
Theodore has healed these hamsters.,Theodore has healed this hamsters.,morphology,determiner_noun_agreement,determiner_noun_agreement_2,True,False,True,True,896,-48.33317184448242,-50.13405227661133,1
Travis can reveal that sketch.,Travis can reveal those sketch.,morphology,determiner_noun_agreement,determiner_noun_agreement_2,True,False,True,True,897,-45.43944549560547,-49.07923126220703,1
Lissa had aggravated those dancers.,Lissa had aggravated that dancers.,morphology,determiner_noun_agreement,determiner_noun_agreement_2,True,False,True,True,898,-47.34447479248047,-50.65531539916992,1
Erin can't heal these hamsters.,Erin can't heal this hamsters.,morphology,determiner_noun_agreement,determiner_noun_agreement_2,True,False,True,True,899,-44.6854362487793,-46.73767852783203,1
Kristin approaches that girl.,Kristin approaches those girl.,morphology,determiner_noun_agreement,determiner_noun_agreement_2,True,False,True,True,900,-34.90141296386719,-41.80034255981445,1
That cashier talked about those newspaper articles.,That cashier talked about that newspaper articles.,morphology,determiner_noun_agreement,determiner_noun_agreement_2,True,False,True,True,901,-50.78910446166992,-50.2691535949707,0
Roger was breaking these chairs.,Roger was breaking this chairs.,morphology,determiner_noun_agreement,determiner_noun_agreement_2,True,False,True,True,902,-32.63917922973633,-34.89396286010742,1
Benjamin wouldn't go to this school.,Benjamin wouldn't go to these school.,morphology,determiner_noun_agreement,determiner_noun_agreement_2,True,False,True,True,903,-41.14035415649414,-44.79279708862305,1
Claire sees these teenagers.,Claire sees this teenagers.,morphology,determiner_noun_agreement,determiner_noun_agreement_2,True,False,True,True,904,-32.513126373291016,-35.87678527832031,1
Linda describes this play.,Linda describes these play.,morphology,determiner_noun_agreement,determiner_noun_agreement_2,True,False,True,True,905,-32.475135803222656,-35.593936920166016,1
Carmen has arrived at that mall.,Carmen has arrived at those mall.,morphology,determiner_noun_agreement,determiner_noun_agreement_2,True,False,True,True,906,-45.72736358642578,-46.7357063293457,1
All associations love these doctors.,All associations love this doctors.,morphology,determiner_noun_agreement,determiner_noun_agreement_2,True,False,True,True,907,-38.91604995727539,-42.32358169555664,1
Peter finds this photograph.,Peter finds these photograph.,morphology,determiner_noun_agreement,determiner_noun_agreement_2,True,False,True,True,908,-26.13500213623047,-31.92056655883789,1
Valerie complains about this doctor.,Valerie complains about these doctor.,morphology,determiner_noun_agreement,determiner_noun_agreement_2,True,False,True,True,909,-41.55500793457031,-44.40373992919922,1
Veronica hugs this dancer.,Veronica hugs these dancer.,morphology,determiner_noun_agreement,determiner_noun_agreement_2,True,False,True,True,910,-38.37743377685547,-43.2555046081543,1
All customers discover those waiters.,All customers discover that waiters.,morphology,determiner_noun_agreement,determiner_noun_agreement_2,True,False,True,True,911,-40.412864685058594,-41.09738540649414,1
Every driver wasn't hurting those actors.,Every driver wasn't hurting that actors.,morphology,determiner_noun_agreement,determiner_noun_agreement_2,True,False,True,True,912,-44.08563232421875,-47.25285339355469,1
Chad kisses those waitresses.,Chad kisses that waitresses.,morphology,determiner_noun_agreement,determiner_noun_agreement_2,True,False,True,True,913,-47.213863372802734,-44.3307991027832,0
Kristen was running around those hospitals.,Kristen was running around that hospitals.,morphology,determiner_noun_agreement,determiner_noun_agreement_2,True,False,True,True,914,-40.66426086425781,-44.63228225708008,1
Todd scares those pedestrians.,Todd scares that pedestrians.,morphology,determiner_noun_agreement,determiner_noun_agreement_2,True,False,True,True,915,-32.88935089111328,-33.68138122558594,1
Some people conceal those glasses.,Some people conceal that glasses.,morphology,determiner_noun_agreement,determiner_noun_agreement_2,True,False,True,True,916,-29.903379440307617,-32.59858322143555,1
Some ladies wouldn't talk to those customers.,Some ladies wouldn't talk to that customers.,morphology,determiner_noun_agreement,determiner_noun_agreement_2,True,False,True,True,917,-39.646728515625,-42.855010986328125,1
Matt didn't upset these dancers.,Matt didn't upset this dancers.,morphology,determiner_noun_agreement,determiner_noun_agreement_2,True,False,True,True,918,-38.430816650390625,-39.712127685546875,1
Candles hadn't disgusted those universities.,Candles hadn't disgusted that universities.,morphology,determiner_noun_agreement,determiner_noun_agreement_2,True,False,True,True,919,-54.431129455566406,-53.40762710571289,0
The men love these drivers.,The men love this drivers.,morphology,determiner_noun_agreement,determiner_noun_agreement_2,True,False,True,True,920,-32.49676513671875,-34.923912048339844,1
Some actress wasn't dropping by those malls.,Some actress wasn't dropping by that malls.,morphology,determiner_noun_agreement,determiner_noun_agreement_2,True,False,True,True,921,-51.184268951416016,-53.191558837890625,1
Some person was scanning that movie.,Some person was scanning those movie.,morphology,determiner_noun_agreement,determiner_noun_agreement_2,True,False,True,True,922,-38.61162567138672,-41.39902114868164,1
Most pies haven't impressed this dancer.,Most pies haven't impressed these dancer.,morphology,determiner_noun_agreement,determiner_noun_agreement_2,True,False,True,True,923,-52.11430358886719,-57.11307144165039,1
That beef wouldn't bore these cashiers.,That beef wouldn't bore this cashiers.,morphology,determiner_noun_agreement,determiner_noun_agreement_2,True,False,True,True,924,-57.01363754272461,-57.165184020996094,1
All skateboards aggravate that dancer.,All skateboards aggravate those dancer.,morphology,determiner_noun_agreement,determiner_noun_agreement_2,True,False,True,True,925,-55.861228942871094,-56.403656005859375,1
Larry wouldn't praise these pamphlets.,Larry wouldn't praise this pamphlets.,morphology,determiner_noun_agreement,determiner_noun_agreement_2,True,False,True,True,926,-43.20379638671875,-44.94172668457031,1
Nina had talked about this guy.,Nina had talked about these guy.,morphology,determiner_noun_agreement,determiner_noun_agreement_2,True,False,True,True,927,-35.130428314208984,-40.80598831176758,1
Beverly could drop by those banks.,Beverly could drop by that banks.,morphology,determiner_noun_agreement,determiner_noun_agreement_2,True,False,True,True,928,-52.412574768066406,-56.114402770996094,1
Keith can investigate that guy.,Keith can investigate those guy.,morphology,determiner_noun_agreement,determiner_noun_agreement_2,True,False,True,True,929,-30.203182220458984,-34.08672332763672,1
Many museums talk to this senator.,Many museums talk to these senator.,morphology,determiner_noun_agreement,determiner_noun_agreement_2,True,False,True,True,930,-43.96156692504883,-46.33182907104492,1
Paula shouldn't boycott these cafes.,Paula shouldn't boycott this cafes.,morphology,determiner_noun_agreement,determiner_noun_agreement_2,True,False,True,True,931,-50.45497512817383,-51.444618225097656,1
Many lakes scare that girl.,Many lakes scare those girl.,morphology,determiner_noun_agreement,determiner_noun_agreement_2,True,False,True,True,932,-43.332942962646484,-44.015892028808594,1
Matt doesn't take those college campuses.,Matt doesn't take that college campuses.,morphology,determiner_noun_agreement,determiner_noun_agreement_2,True,False,True,True,933,-37.59076690673828,-36.431007385253906,0
A lot of boys are disagreeing with those dancers.,A lot of boys are disagreeing with that dancers.,morphology,determiner_noun_agreement,determiner_noun_agreement_2,True,False,True,True,934,-56.4804801940918,-58.82396697998047,1
That committee was praising that teacher.,That committee was praising those teacher.,morphology,determiner_noun_agreement,determiner_noun_agreement_2,True,False,True,True,935,-41.36082077026367,-44.739768981933594,1
A lot of spotlights bother those banks.,A lot of spotlights bother that banks.,morphology,determiner_noun_agreement,determiner_noun_agreement_2,True,False,True,True,936,-52.53533935546875,-54.39958190917969,1
Adam can't listen to those drivers.,Adam can't listen to that drivers.,morphology,determiner_noun_agreement,determiner_noun_agreement_2,True,False,True,True,937,-32.40666961669922,-37.568603515625,1
Sally watches that actress.,Sally watches those actress.,morphology,determiner_noun_agreement,determiner_noun_agreement_2,True,False,True,True,938,-42.09252166748047,-47.240821838378906,1
Donna has kissed these cashiers.,Donna has kissed this cashiers.,morphology,determiner_noun_agreement,determiner_noun_agreement_2,True,False,True,True,939,-53.55048751831055,-53.82691955566406,1
Wendy would observe this waitress.,Wendy would observe these waitress.,morphology,determiner_noun_agreement,determiner_noun_agreement_2,True,False,True,True,940,-50.845130920410156,-54.52983474731445,1
Alexander biked to that high school.,Alexander biked to those high school.,morphology,determiner_noun_agreement,determiner_noun_agreement_2,True,False,True,True,941,-38.61415481567383,-39.97461700439453,1
Cynthia watches this doctor.,Cynthia watches these doctor.,morphology,determiner_noun_agreement,determiner_noun_agreement_2,True,False,True,True,942,-45.201812744140625,-48.91070556640625,1
The Lutherans argue about these brochures.,The Lutherans argue about this brochures.,morphology,determiner_noun_agreement,determiner_noun_agreement_2,True,False,True,True,943,-59.401611328125,-59.99243927001953,1
The senators are irritating these governments.,The senators are irritating this governments.,morphology,determiner_noun_agreement,determiner_noun_agreement_2,True,False,True,True,944,-44.855567932128906,-47.87021255493164,1
Christina heals these actors.,Christina heals this actors.,morphology,determiner_noun_agreement,determiner_noun_agreement_2,True,False,True,True,945,-37.507991790771484,-39.48173522949219,1
Most bikes haven't hurt those adults.,Most bikes haven't hurt that adults.,morphology,determiner_noun_agreement,determiner_noun_agreement_2,True,False,True,True,946,-43.80511474609375,-44.477970123291016,1
The cashiers haven't cleaned these couches.,The cashiers haven't cleaned this couches.,morphology,determiner_noun_agreement,determiner_noun_agreement_2,True,False,True,True,947,-54.836761474609375,-56.74761962890625,1
Brian wasn't fleeing from these actors.,Brian wasn't fleeing from this actors.,morphology,determiner_noun_agreement,determiner_noun_agreement_2,True,False,True,True,948,-40.61643600463867,-41.7393798828125,1
Patricia was disturbing that dancer.,Patricia was disturbing those dancer.,morphology,determiner_noun_agreement,determiner_noun_agreement_2,True,False,True,True,949,-44.61849594116211,-47.979400634765625,1
Many libraries discuss this pamphlet.,Many libraries discuss these pamphlet.,morphology,determiner_noun_agreement,determiner_noun_agreement_2,True,False,True,True,950,-38.394989013671875,-44.93370056152344,1
Peter hugs that actress.,Peter hugs those actress.,morphology,determiner_noun_agreement,determiner_noun_agreement_2,True,False,True,True,951,-30.577133178710938,-34.29134750366211,1
Katherine did hate those actresses.,Katherine did hate that actresses.,morphology,determiner_noun_agreement,determiner_noun_agreement_2,True,False,True,True,952,-45.59159851074219,-47.49613952636719,1
Senators research these malls.,Senators research this malls.,morphology,determiner_noun_agreement,determiner_noun_agreement_2,True,False,True,True,953,-40.96043014526367,-42.7511100769043,1
Keith hadn't researched this movie.,Keith hadn't researched these movie.,morphology,determiner_noun_agreement,determiner_noun_agreement_2,True,False,True,True,954,-32.69061279296875,-37.824501037597656,1
Liam had messed up those chairs.,Liam had messed up that chairs.,morphology,determiner_noun_agreement,determiner_noun_agreement_2,True,False,True,True,955,-46.74049377441406,-49.35105895996094,1
Cindy had appreciated this movie.,Cindy had appreciated these movie.,morphology,determiner_noun_agreement,determiner_noun_agreement_2,True,False,True,True,956,-42.3226318359375,-48.246219635009766,1
A pepper astounds that waiter.,A pepper astounds those waiter.,morphology,determiner_noun_agreement,determiner_noun_agreement_2,True,False,True,True,957,-54.73155212402344,-58.661983489990234,1
Carmen hasn't toured that college campus.,Carmen hasn't toured those college campus.,morphology,determiner_noun_agreement,determiner_noun_agreement_2,True,False,True,True,958,-59.23533630371094,-61.05286407470703,1
Natalie had boasted about these newspaper articles.,Natalie had boasted about this newspaper articles.,morphology,determiner_noun_agreement,determiner_noun_agreement_2,True,False,True,True,959,-60.51628112792969,-61.94776153564453,1
Those dogs resembled these pictures.,Those dogs resembled this pictures.,morphology,determiner_noun_agreement,determiner_noun_agreement_2,True,False,True,True,960,-35.25623321533203,-36.030174255371094,1
A hill shocks that lady.,A hill shocks those lady.,morphology,determiner_noun_agreement,determiner_noun_agreement_2,True,False,True,True,961,-45.567626953125,-49.41791534423828,1
Jacqueline discussed those girls.,Jacqueline discussed that girls.,morphology,determiner_noun_agreement,determiner_noun_agreement_2,True,False,True,True,962,-46.78125,-45.77939224243164,0
Galileo can run around that grocery store.,Galileo can run around those grocery store.,morphology,determiner_noun_agreement,determiner_noun_agreement_2,True,False,True,True,963,-56.799560546875,-57.54587173461914,1
Judy broke that couch.,Judy broke those couch.,morphology,determiner_noun_agreement,determiner_noun_agreement_2,True,False,True,True,964,-34.937068939208984,-36.55485534667969,1
Leslie disliked these children.,Leslie disliked this children.,morphology,determiner_noun_agreement,determiner_noun_agreement_2,True,False,True,True,965,-39.88484191894531,-41.33392333984375,1
The truck is embarrassing that school.,The truck is embarrassing those school.,morphology,determiner_noun_agreement,determiner_noun_agreement_2,True,False,True,True,966,-44.32560348510742,-47.16505432128906,1
Cashiers should upset these students.,Cashiers should upset this students.,morphology,determiner_noun_agreement,determiner_noun_agreement_2,True,False,True,True,967,-41.955467224121094,-43.92364501953125,1
Anne arrives at that library.,Anne arrives at those library.,morphology,determiner_noun_agreement,determiner_noun_agreement_2,True,False,True,True,968,-31.44768524169922,-32.44646453857422,1
Travis didn't think about this play.,Travis didn't think about these play.,morphology,determiner_noun_agreement,determiner_noun_agreement_2,True,False,True,True,969,-43.06044387817383,-45.95487976074219,1
That actor skated around this grocery store.,That actor skated around these grocery store.,morphology,determiner_noun_agreement,determiner_noun_agreement_2,True,False,True,True,970,-50.78940963745117,-53.36478042602539,1
Some high schools worry these committees.,Some high schools worry this committees.,morphology,determiner_noun_agreement,determiner_noun_agreement_2,True,False,True,True,971,-47.55022430419922,-49.32201385498047,1
Those dancers escape from those pedestrians.,Those dancers escape from that pedestrians.,morphology,determiner_noun_agreement,determiner_noun_agreement_2,True,False,True,True,972,-42.0868034362793,-45.437255859375,1
That sketch looks like this adult.,That sketch looks like these adult.,morphology,determiner_noun_agreement,determiner_noun_agreement_2,True,False,True,True,973,-36.477657318115234,-41.21908950805664,1
Leslie wasn't returning to that restaurant.,Leslie wasn't returning to those restaurant.,morphology,determiner_noun_agreement,determiner_noun_agreement_2,True,False,True,True,974,-45.19728088378906,-48.811458587646484,1
Amanda isn't examining these reports.,Amanda isn't examining this reports.,morphology,determiner_noun_agreement,determiner_noun_agreement_2,True,False,True,True,975,-44.64202880859375,-46.52309036254883,1
Alan admires this restaurant.,Alan admires these restaurant.,morphology,determiner_noun_agreement,determiner_noun_agreement_2,True,False,True,True,976,-30.48921775817871,-36.04983901977539,1
Andrew hasn't messed up these cafes.,Andrew hasn't messed up this cafes.,morphology,determiner_noun_agreement,determiner_noun_agreement_2,True,False,True,True,977,-40.75867462158203,-41.59624481201172,1
Drivers had worn this blouse.,Drivers had worn these blouse.,morphology,determiner_noun_agreement,determiner_noun_agreement_2,True,False,True,True,978,-39.98542022705078,-41.8933219909668,1
Gina skated around these cafes.,Gina skated around this cafes.,morphology,determiner_noun_agreement,determiner_noun_agreement_2,True,False,True,True,979,-48.31459045410156,-51.66252136230469,1
Rodney has discovered those shoes.,Rodney has discovered that shoes.,morphology,determiner_noun_agreement,determiner_noun_agreement_2,True,False,True,True,980,-39.68939971923828,-38.4724006652832,0
Those people pass this library.,Those people pass these library.,morphology,determiner_noun_agreement,determiner_noun_agreement_2,True,False,True,True,981,-30.665504455566406,-34.885597229003906,1
Susan shouldn't discuss these waitresses.,Susan shouldn't discuss this waitresses.,morphology,determiner_noun_agreement,determiner_noun_agreement_2,True,False,True,True,982,-46.50389099121094,-46.93325424194336,1
Some pedestrian did find these paintings.,Some pedestrian did find this paintings.,morphology,determiner_noun_agreement,determiner_noun_agreement_2,True,False,True,True,983,-44.22389221191406,-45.771202087402344,1
These boys mess up this restaurant.,These boys mess up these restaurant.,morphology,determiner_noun_agreement,determiner_noun_agreement_2,True,False,True,True,984,-37.49937438964844,-40.94854736328125,1
Samuel ran around that art gallery.,Samuel ran around those art gallery.,morphology,determiner_noun_agreement,determiner_noun_agreement_2,True,False,True,True,985,-46.314002990722656,-46.847129821777344,1
David hadn't alarmed this adult.,David hadn't alarmed these adult.,morphology,determiner_noun_agreement,determiner_noun_agreement_2,True,False,True,True,986,-41.046180725097656,-46.81978225708008,1
The women sound like those brochures.,The women sound like that brochures.,morphology,determiner_noun_agreement,determiner_noun_agreement_2,True,False,True,True,987,-42.31336975097656,-43.41428756713867,1
Rachelle hadn't loved this patient.,Rachelle hadn't loved these patient.,morphology,determiner_noun_agreement,determiner_noun_agreement_2,True,False,True,True,988,-41.162879943847656,-46.715171813964844,1
Many movies might aggravate that customer.,Many movies might aggravate those customer.,morphology,determiner_noun_agreement,determiner_noun_agreement_2,True,False,True,True,989,-45.047882080078125,-47.90147018432617,1
A lot of hospitals had worked with these waitresses.,A lot of hospitals had worked with this waitresses.,morphology,determiner_noun_agreement,determiner_noun_agreement_2,True,False,True,True,990,-59.59785842895508,-59.709190368652344,1
Brenda arrives at this mall.,Brenda arrives at these mall.,morphology,determiner_noun_agreement,determiner_noun_agreement_2,True,False,True,True,991,-33.06683349609375,-35.02592849731445,1
Alicia returned to those students.,Alicia returned to that students.,morphology,determiner_noun_agreement,determiner_noun_agreement_2,True,False,True,True,992,-41.837223052978516,-46.87194061279297,1
Kenneth has escaped from that dancer.,Kenneth has escaped from those dancer.,morphology,determiner_noun_agreement,determiner_noun_agreement_2,True,False,True,True,993,-47.09969711303711,-50.031455993652344,1
Many waitresses flee from those actors.,Many waitresses flee from that actors.,morphology,determiner_noun_agreement,determiner_noun_agreement_2,True,False,True,True,994,-52.84675598144531,-56.991310119628906,1
Every dancer arrives at those hospitals.,Every dancer arrives at that hospitals.,morphology,determiner_noun_agreement,determiner_noun_agreement_2,True,False,True,True,995,-39.93201446533203,-44.28339767456055,1
Lori is breaking those glasses.,Lori is breaking that glasses.,morphology,determiner_noun_agreement,determiner_noun_agreement_2,True,False,True,True,996,-41.068660736083984,-45.60384750366211,1
The Borgias criticized that actor.,The Borgias criticized those actor.,morphology,determiner_noun_agreement,determiner_noun_agreement_2,True,False,True,True,997,-54.233707427978516,-54.2513542175293,1
Carolyn talked about that brochure.,Carolyn talked about those brochure.,morphology,determiner_noun_agreement,determiner_noun_agreement_2,True,False,True,True,998,-40.224365234375,-40.876155853271484,1
Douglas fired that adult.,Douglas fired those adult.,morphology,determiner_noun_agreement,determiner_noun_agreement_2,True,False,True,True,999,-43.67942810058594,-46.11359405517578,1
