sentence_good,sentence_bad,field,linguistics_term,UID,simple_LM_method,one_prefix_method,two_prefix_method,lexically_identical,pair_id,good_prob,bad_prob,correct
The associations that had worried Cynthia have not ever planned to shock every actress.,The associations that had not worried Cynthia have ever planned to shock every actress.,syntax_semantics,npi_licensing,sentential_negation_npi_scope,True,False,True,True,0,-103.18746948242188,-100.50595092773438,0
Every son of Jerry who has insulted Jerry can not ever die.,Every son of Jerry who has not insulted Jerry can ever die.,syntax_semantics,npi_licensing,sentential_negation_npi_scope,True,False,True,True,1,-79.71635437011719,-80.58769226074219,1
Most pedestrians' tutors that have hired Alice can not ever kiss.,Most pedestrians' tutors that have not hired Alice can ever kiss.,syntax_semantics,npi_licensing,sentential_negation_npi_scope,True,False,True,True,2,-99.70220947265625,-100.88934326171875,1
The doctor that has referenced Diane might not ever move.,The doctor that has not referenced Diane might ever move.,syntax_semantics,npi_licensing,sentential_negation_npi_scope,True,False,True,True,3,-75.27444458007812,-77.28150939941406,1
Some glasses that did disturb Craig could not ever flatten.,Some glasses that did not disturb Craig could ever flatten.,syntax_semantics,npi_licensing,sentential_negation_npi_scope,True,False,True,True,4,-77.73526763916016,-73.2105484008789,0
Every skirt that has disgusted Beverly had not ever unfolded.,Every skirt that has not disgusted Beverly had ever unfolded.,syntax_semantics,npi_licensing,sentential_negation_npi_scope,True,False,True,True,5,-77.75265502929688,-77.75101470947266,0
Every plane that was aggravating this waiter could not ever accelerate.,Every plane that was not aggravating this waiter could ever accelerate.,syntax_semantics,npi_licensing,sentential_negation_npi_scope,True,False,True,True,6,-81.37582397460938,-82.69825744628906,1
Those turtles that are boring April could not ever break those couches.,Those turtles that are not boring April could ever break those couches.,syntax_semantics,npi_licensing,sentential_negation_npi_scope,True,False,True,True,7,-97.2950439453125,-97.49337005615234,1
Every coat that did scare Nina has not ever wrinkled.,Every coat that did not scare Nina has ever wrinkled.,syntax_semantics,npi_licensing,sentential_negation_npi_scope,True,False,True,True,8,-77.66923522949219,-70.48273468017578,0
A lot of men who should hate Sharon can not ever struggle.,A lot of men who should not hate Sharon can ever struggle.,syntax_semantics,npi_licensing,sentential_negation_npi_scope,True,False,True,True,9,-77.62089538574219,-76.23379516601562,0
Renee's piano teachers that had referenced Cindy could not ever refuse to perform.,Renee's piano teachers that had not referenced Cindy could ever refuse to perform.,syntax_semantics,npi_licensing,sentential_negation_npi_scope,True,False,True,True,10,-108.81011199951172,-110.31409454345703,1
Tonya's sons who were observing Stephanie can not ever talk about Carla.,Tonya's sons who were not observing Stephanie can ever talk about Carla.,syntax_semantics,npi_licensing,sentential_negation_npi_scope,True,False,True,True,11,-96.69207763671875,-96.33271789550781,0
Many candles that might astound Naomi did not ever fade.,Many candles that might not astound Naomi did ever fade.,syntax_semantics,npi_licensing,sentential_negation_npi_scope,True,False,True,True,12,-86.1102523803711,-88.85415649414062,1
Jeffrey's son that has climbed down the mountain has not ever argued.,Jeffrey's son that has not climbed down the mountain has ever argued.,syntax_semantics,npi_licensing,sentential_negation_npi_scope,True,False,True,True,13,-83.99110412597656,-85.05531311035156,1
William's senators that should complain about Jodi might not ever stretch.,William's senators that should not complain about Jodi might ever stretch.,syntax_semantics,npi_licensing,sentential_negation_npi_scope,True,False,True,True,14,-90.38762664794922,-89.84905242919922,0
These pedestrians that are dropping by all glaciers had not ever coughed.,These pedestrians that are not dropping by all glaciers had ever coughed.,syntax_semantics,npi_licensing,sentential_negation_npi_scope,True,False,True,True,15,-95.95637512207031,-96.55868530273438,1
Tammy's bosses who have alarmed these people had not ever spun around.,Tammy's bosses who have not alarmed these people had ever spun around.,syntax_semantics,npi_licensing,sentential_negation_npi_scope,True,False,True,True,16,-88.62349700927734,-89.67135620117188,1
That daughter of Sarah that was annoying Dana has not ever needed to walk through Harvard University.,That daughter of Sarah that was not annoying Dana has ever needed to walk through Harvard University.,syntax_semantics,npi_licensing,sentential_negation_npi_scope,True,False,True,True,17,-107.47691345214844,-106.0499267578125,0
The brothers of Gary that had helped Ella could not ever declare every scarf to wrinkle.,The brothers of Gary that had not helped Ella could ever declare every scarf to wrinkle.,syntax_semantics,npi_licensing,sentential_negation_npi_scope,True,False,True,True,18,-126.11215209960938,-128.6929931640625,1
Beth's cousins who have cared for Scott do not ever turn out to reference Katherine.,Beth's cousins who have not cared for Scott do ever turn out to reference Katherine.,syntax_semantics,npi_licensing,sentential_negation_npi_scope,True,False,True,True,19,-113.97028350830078,-118.9183120727539,1
Many grandfathers of Heather that had remembered Jessica have not ever neglected to disagree with Stacy.,Many grandfathers of Heather that had not remembered Jessica have ever neglected to disagree with Stacy.,syntax_semantics,npi_licensing,sentential_negation_npi_scope,True,False,True,True,20,-124.42402648925781,-121.89785766601562,0
Holly's dentists that are bringing some shoes could not ever find out who discovers what is crumpling.,Holly's dentists that are not bringing some shoes could ever find out who discovers what is crumpling.,syntax_semantics,npi_licensing,sentential_negation_npi_scope,True,False,True,True,21,-140.80787658691406,-139.33078002929688,0
Bethany's handymen who have resembled every photograph should not ever prompt Rachelle to break many skateboards.,Bethany's handymen who have not resembled every photograph should ever prompt Rachelle to break many skateboards.,syntax_semantics,npi_licensing,sentential_negation_npi_scope,True,False,True,True,22,-174.09750366210938,-175.16053771972656,1
A lot of brothers of Anne that have loved Alan had not ever thought many organizations have discovered Heather to come here.,A lot of brothers of Anne that have not loved Alan had ever thought many organizations have discovered Heather to come here.,syntax_semantics,npi_licensing,sentential_negation_npi_scope,True,False,True,True,23,-148.09478759765625,-148.59478759765625,1
Keith's husband that has fired a lot of customers had not ever listened to Derek.,Keith's husband that has not fired a lot of customers had ever listened to Derek.,syntax_semantics,npi_licensing,sentential_negation_npi_scope,True,False,True,True,24,-90.25047302246094,-91.06227111816406,1
Sons of Anna who are messing up a college campus might not ever laugh.,Sons of Anna who are not messing up a college campus might ever laugh.,syntax_semantics,npi_licensing,sentential_negation_npi_scope,True,False,True,True,25,-98.7852783203125,-97.89106750488281,0
Most people that were driving to most high schools will not ever think about who messed up some mall.,Most people that were not driving to most high schools will ever think about who messed up some mall.,syntax_semantics,npi_licensing,sentential_negation_npi_scope,True,False,True,True,26,-115.0239028930664,-118.49519348144531,1
Kirsten's bosses who can shock Amanda did not ever investigate who isn't telephoning.,Kirsten's bosses who can not shock Amanda did ever investigate who isn't telephoning.,syntax_semantics,npi_licensing,sentential_negation_npi_scope,True,False,True,True,27,-127.72669982910156,-132.8029327392578,1
Dan's best friend that had disagreed with Sally has not ever gotten fired.,Dan's best friend that had not disagreed with Sally has ever gotten fired.,syntax_semantics,npi_licensing,sentential_negation_npi_scope,True,False,True,True,28,-84.36331176757812,-83.71625518798828,0
Some grandmothers of Danielle who did love Chad do not ever communicate.,Some grandmothers of Danielle who did not love Chad do ever communicate.,syntax_semantics,npi_licensing,sentential_negation_npi_scope,True,False,True,True,29,-96.80931091308594,-96.22320556640625,0
Most ladies' contractor who is concealing Melanie could not ever badger Benjamin's boyfriend to sit down.,Most ladies' contractor who is not concealing Melanie could ever badger Benjamin's boyfriend to sit down.,syntax_semantics,npi_licensing,sentential_negation_npi_scope,True,False,True,True,30,-147.3849334716797,-148.79721069335938,1
Anna's mentors that have escaped from Renee should not ever bother to sing.,Anna's mentors that have not escaped from Renee should ever bother to sing.,syntax_semantics,npi_licensing,sentential_negation_npi_scope,True,False,True,True,31,-95.79225158691406,-98.8886947631836,1
Some cart that was bothering these dancers had not ever crashed.,Some cart that was not bothering these dancers had ever crashed.,syntax_semantics,npi_licensing,sentential_negation_npi_scope,True,False,True,True,32,-77.24481201171875,-76.8580322265625,0
Some cucumber that is disgusting Tanya could not ever char.,Some cucumber that is not disgusting Tanya could ever char.,syntax_semantics,npi_licensing,sentential_negation_npi_scope,True,False,True,True,33,-88.84259033203125,-90.26969146728516,1
Ann's guests that will reveal the dancers can not ever assemble.,Ann's guests that will not reveal the dancers can ever assemble.,syntax_semantics,npi_licensing,sentential_negation_npi_scope,True,False,True,True,34,-81.36984252929688,-79.95854187011719,0
These apples that do distract those guests did not ever char.,These apples that do not distract those guests did ever char.,syntax_semantics,npi_licensing,sentential_negation_npi_scope,True,False,True,True,35,-86.93355560302734,-87.39103698730469,1
A lot of shawls that did irritate some doctor have not ever existed.,A lot of shawls that did not irritate some doctor have ever existed.,syntax_semantics,npi_licensing,sentential_negation_npi_scope,True,False,True,True,36,-107.524658203125,-103.25758361816406,0
These friends of Brenda that had ascended that mountain should not ever say Melissa will remember what went bad.,These friends of Brenda that had not ascended that mountain should ever say Melissa will remember what went bad.,syntax_semantics,npi_licensing,sentential_negation_npi_scope,True,False,True,True,37,-127.94407653808594,-129.38177490234375,1
Carrie's student who was describing Andrea could not ever smile.,Carrie's student who was not describing Andrea could ever smile.,syntax_semantics,npi_licensing,sentential_negation_npi_scope,True,False,True,True,38,-77.85149383544922,-80.83824920654297,1
Those actors that had disgusted Linda will not ever try to bake.,Those actors that had not disgusted Linda will ever try to bake.,syntax_semantics,npi_licensing,sentential_negation_npi_scope,True,False,True,True,39,-84.28604125976562,-84.14588928222656,0
A lot of waiters who are selling the lake do not ever describe Helen.,A lot of waiters who are not selling the lake do ever describe Helen.,syntax_semantics,npi_licensing,sentential_negation_npi_scope,True,False,True,True,40,-91.79707336425781,-95.72354125976562,1
Pamela's boss that can reveal Christine can not ever advise some man's employees to heal Todd.,Pamela's boss that can not reveal Christine can ever advise some man's employees to heal Todd.,syntax_semantics,npi_licensing,sentential_negation_npi_scope,True,False,True,True,41,-142.30322265625,-142.91236877441406,1
Carol's French teacher who was concealing all students has not ever donated.,Carol's French teacher who was not concealing all students has ever donated.,syntax_semantics,npi_licensing,sentential_negation_npi_scope,True,False,True,True,42,-109.34381866455078,-108.12484741210938,0
All teenagers' sons that had worn these scarves can not ever discover Meredith to pass many college campuses.,All teenagers' sons that had not worn these scarves can ever discover Meredith to pass many college campuses.,syntax_semantics,npi_licensing,sentential_negation_npi_scope,True,False,True,True,43,-162.18475341796875,-163.5727081298828,1
Some waitress who should skate around the hill has not ever swallowed.,Some waitress who should not skate around the hill has ever swallowed.,syntax_semantics,npi_licensing,sentential_negation_npi_scope,True,False,True,True,44,-82.32150268554688,-79.80509948730469,0
Most grandsons of Andrew that were skated around most art galleries might not ever boast.,Most grandsons of Andrew that were not skated around most art galleries might ever boast.,syntax_semantics,npi_licensing,sentential_negation_npi_scope,True,False,True,True,45,-135.7195587158203,-137.49957275390625,1
Denise's classmates who do tour some restaurants have not ever said Rodney whispers.,Denise's classmates who do not tour some restaurants have ever said Rodney whispers.,syntax_semantics,npi_licensing,sentential_negation_npi_scope,True,False,True,True,46,-117.56098175048828,-114.19100952148438,0
Every child's ex-husbands that would boast about Joel had not ever murmured.,Every child's ex-husbands that would not boast about Joel had ever murmured.,syntax_semantics,npi_licensing,sentential_negation_npi_scope,True,False,True,True,47,-114.25240325927734,-112.94209289550781,0
A lot of actresses who do approach most guests do not ever bring those steps.,A lot of actresses who do not approach most guests do ever bring those steps.,syntax_semantics,npi_licensing,sentential_negation_npi_scope,True,False,True,True,48,-98.30108642578125,-98.35227966308594,1
Every adult that has upset many legislatures had not ever shrugged.,Every adult that has not upset many legislatures had ever shrugged.,syntax_semantics,npi_licensing,sentential_negation_npi_scope,True,False,True,True,49,-86.91928100585938,-84.72274780273438,0
The cashiers who have disgusted the Lutherans had not ever continued to read.,The cashiers who have not disgusted the Lutherans had ever continued to read.,syntax_semantics,npi_licensing,sentential_negation_npi_scope,True,False,True,True,50,-102.7952880859375,-101.83163452148438,0
All guests who are descending the hill will not ever boycott Spain.,All guests who are not descending the hill will ever boycott Spain.,syntax_semantics,npi_licensing,sentential_negation_npi_scope,True,False,True,True,51,-87.99728393554688,-88.36958312988281,1
This bank that is appreciating art galleries would not ever discover what haven't shocked a lot of teenagers.,This bank that is not appreciating art galleries would ever discover what haven't shocked a lot of teenagers.,syntax_semantics,npi_licensing,sentential_negation_npi_scope,True,False,True,True,52,-130.27899169921875,-130.64190673828125,1
Those scarves that have irritated Carrie did not ever twist.,Those scarves that have not irritated Carrie did ever twist.,syntax_semantics,npi_licensing,sentential_negation_npi_scope,True,False,True,True,53,-83.52999877929688,-88.60432434082031,1
This convertible that should shock Elaine had not ever bored the waiter.,This convertible that should not shock Elaine had ever bored the waiter.,syntax_semantics,npi_licensing,sentential_negation_npi_scope,True,False,True,True,54,-90.96797943115234,-90.9303207397461,0
Dana's lawyer who is running around all banks had not ever disturbed Tonya.,Dana's lawyer who is not running around all banks had ever disturbed Tonya.,syntax_semantics,npi_licensing,sentential_negation_npi_scope,True,False,True,True,55,-110.08953857421875,-109.86412048339844,0
Some students that are revealing this picture have not ever whispered.,Some students that are not revealing this picture have ever whispered.,syntax_semantics,npi_licensing,sentential_negation_npi_scope,True,False,True,True,56,-71.70386505126953,-70.32981872558594,0
Charles's French teacher who is boycotting this restaurant has not ever climbed down this slope.,Charles's French teacher who is not boycotting this restaurant has ever climbed down this slope.,syntax_semantics,npi_licensing,sentential_negation_npi_scope,True,False,True,True,57,-112.70919799804688,-110.82612609863281,0
Those students' associates that were discussing most guys have not ever observed Richard.,Those students' associates that were not discussing most guys have ever observed Richard.,syntax_semantics,npi_licensing,sentential_negation_npi_scope,True,False,True,True,58,-103.47261047363281,-103.05239868164062,0
This museum that should talk to Alice had not ever fought.,This museum that should not talk to Alice had ever fought.,syntax_semantics,npi_licensing,sentential_negation_npi_scope,True,False,True,True,59,-68.82744598388672,-67.53256225585938,0
Amy's associates who were buying a glove will not ever forget who refused to praise Renee.,Amy's associates who were not buying a glove will ever forget who refused to praise Renee.,syntax_semantics,npi_licensing,sentential_negation_npi_scope,True,False,True,True,60,-117.7399673461914,-118.05511474609375,1
Most boys that were insulting Theodore would not ever worry.,Most boys that were not insulting Theodore would ever worry.,syntax_semantics,npi_licensing,sentential_negation_npi_scope,True,False,True,True,61,-68.95780181884766,-69.85196685791016,1
Aaron's grandfather who is healing the actors had not ever attempted to shock Mary.,Aaron's grandfather who is not healing the actors had ever attempted to shock Mary.,syntax_semantics,npi_licensing,sentential_negation_npi_scope,True,False,True,True,62,-95.43399047851562,-93.58682250976562,0
Adam's grandfathers who have worn all gloves could not ever insult Caroline.,Adam's grandfathers who have not worn all gloves could ever insult Caroline.,syntax_semantics,npi_licensing,sentential_negation_npi_scope,True,False,True,True,63,-102.81779479980469,-105.45210266113281,1
Benjamin's spouse who was finding this chair did not ever forfeit.,Benjamin's spouse who was not finding this chair did ever forfeit.,syntax_semantics,npi_licensing,sentential_negation_npi_scope,True,False,True,True,64,-87.29054260253906,-90.95035552978516,1
Christina's partner who would describe Kristin should not ever complain.,Christina's partner who would not describe Kristin should ever complain.,syntax_semantics,npi_licensing,sentential_negation_npi_scope,True,False,True,True,65,-87.01342010498047,-85.64334869384766,0
Irene's classmate that can break this couch had not ever swayed Irene to dislike Heather.,Irene's classmate that can not break this couch had ever swayed Irene to dislike Heather.,syntax_semantics,npi_licensing,sentential_negation_npi_scope,True,False,True,True,66,-135.9364471435547,-137.67677307128906,1
Sara's ex-wives that were hurting Jill did not ever talk.,Sara's ex-wives that were not hurting Jill did ever talk.,syntax_semantics,npi_licensing,sentential_negation_npi_scope,True,False,True,True,67,-88.81118774414062,-93.57510375976562,1
Becky's grandfather who is praising Stacy did not ever shout.,Becky's grandfather who is not praising Stacy did ever shout.,syntax_semantics,npi_licensing,sentential_negation_npi_scope,True,False,True,True,68,-76.07220458984375,-80.95909118652344,1
Bethany's associate that had aggravated this woman will not ever suffer.,Bethany's associate that had not aggravated this woman will ever suffer.,syntax_semantics,npi_licensing,sentential_negation_npi_scope,True,False,True,True,69,-96.3399429321289,-95.9683837890625,0
Most pedestrians who have admired these actresses do not ever stand up.,Most pedestrians who have not admired these actresses do ever stand up.,syntax_semantics,npi_licensing,sentential_negation_npi_scope,True,False,True,True,70,-83.30406188964844,-87.63656616210938,1
Marcus's electrician that has revealed that mushroom does not ever fail to slump over.,Marcus's electrician that has not revealed that mushroom does ever fail to slump over.,syntax_semantics,npi_licensing,sentential_negation_npi_scope,True,False,True,True,71,-99.74237060546875,-104.25391387939453,1
Dawn's plumber that was upsetting those schools has not ever fired Thomas.,Dawn's plumber that was not upsetting those schools has ever fired Thomas.,syntax_semantics,npi_licensing,sentential_negation_npi_scope,True,False,True,True,72,-109.42488098144531,-106.49098205566406,0
Larry's dentists that were hugging Jodi might not ever marry.,Larry's dentists that were not hugging Jodi might ever marry.,syntax_semantics,npi_licensing,sentential_negation_npi_scope,True,False,True,True,73,-90.79631042480469,-91.81926727294922,1
Every child that was attacking Nina could not ever boast.,Every child that was not attacking Nina could ever boast.,syntax_semantics,npi_licensing,sentential_negation_npi_scope,True,False,True,True,74,-67.69052124023438,-69.86338806152344,1
Some organizations that did hire these women have not ever fought.,Some organizations that did not hire these women have ever fought.,syntax_semantics,npi_licensing,sentential_negation_npi_scope,True,False,True,True,75,-72.49215698242188,-66.03401184082031,0
That convertible that can irritate Elaine has not ever stopped.,That convertible that can not irritate Elaine has ever stopped.,syntax_semantics,npi_licensing,sentential_negation_npi_scope,True,False,True,True,76,-82.59149169921875,-82.50533294677734,0
Sonia's mentee that would discuss some museum had not ever advised Kirsten's bosses to notice these turtles.,Sonia's mentee that would not discuss some museum had ever advised Kirsten's bosses to notice these turtles.,syntax_semantics,npi_licensing,sentential_negation_npi_scope,True,False,True,True,77,-151.50970458984375,-149.18679809570312,0
Dancers who had revealed Winston Churchill had not ever pressed Elizabeth's teachers to conspire.,Dancers who had not revealed Winston Churchill had ever pressed Elizabeth's teachers to conspire.,syntax_semantics,npi_licensing,sentential_negation_npi_scope,True,False,True,True,78,-133.15664672851562,-132.0648651123047,0
Every cup that has astounded Adam should not ever tip over.,Every cup that has not astounded Adam should ever tip over.,syntax_semantics,npi_licensing,sentential_negation_npi_scope,True,False,True,True,79,-87.01127624511719,-87.9530029296875,1
Many high schools that have alarmed Alicia have not ever scared Alexander.,Many high schools that have not alarmed Alicia have ever scared Alexander.,syntax_semantics,npi_licensing,sentential_negation_npi_scope,True,False,True,True,80,-92.6363525390625,-92.37198638916016,0
The Clintons' dermatologist that can hug Carrie had not ever cured Colleen.,The Clintons' dermatologist that can not hug Carrie had ever cured Colleen.,syntax_semantics,npi_licensing,sentential_negation_npi_scope,True,False,True,True,81,-130.37908935546875,-130.7318115234375,1
A lot of windows that will annoy Jessica have not ever opened.,A lot of windows that will not annoy Jessica have ever opened.,syntax_semantics,npi_licensing,sentential_negation_npi_scope,True,False,True,True,82,-82.63948822021484,-79.49003601074219,0
Alice's niece that is impressing Samantha has not ever come here.,Alice's niece that is not impressing Samantha has ever come here.,syntax_semantics,npi_licensing,sentential_negation_npi_scope,True,False,True,True,83,-79.0470962524414,-77.56836700439453,0
Patricia's boss that can respect Peter has not ever found Scott to discuss some high school.,Patricia's boss that can not respect Peter has ever found Scott to discuss some high school.,syntax_semantics,npi_licensing,sentential_negation_npi_scope,True,False,True,True,84,-115.52603149414062,-114.46586608886719,0
Elaine's plumber who has skated around the lake had not ever broken this bike.,Elaine's plumber who has not skated around the lake had ever broken this bike.,syntax_semantics,npi_licensing,sentential_negation_npi_scope,True,False,True,True,85,-116.86951446533203,-116.60206604003906,0
Every unicycle that had shocked Claire has not ever steered.,Every unicycle that had not shocked Claire has ever steered.,syntax_semantics,npi_licensing,sentential_negation_npi_scope,True,False,True,True,86,-84.35780334472656,-82.29447937011719,0
Elaine's electricians that do disagree with Carrie should not ever entreat Vanessa to disappear.,Elaine's electricians that do not disagree with Carrie should ever entreat Vanessa to disappear.,syntax_semantics,npi_licensing,sentential_negation_npi_scope,True,False,True,True,87,-128.5184783935547,-126.09211730957031,0
A lot of actors who would scare this waitress had not ever swayed Cindy's handymen to aggravate Brian.,A lot of actors who would not scare this waitress had ever swayed Cindy's handymen to aggravate Brian.,syntax_semantics,npi_licensing,sentential_negation_npi_scope,True,False,True,True,88,-152.23902893066406,-150.8680419921875,0
That lady's associate that might flee from Maria had not ever boasted about Peter.,That lady's associate that might not flee from Maria had ever boasted about Peter.,syntax_semantics,npi_licensing,sentential_negation_npi_scope,True,False,True,True,89,-103.61495971679688,-102.36405181884766,0
A grandmother of some dancer who did reveal Grace has not ever remembered what astound Galileo.,A grandmother of some dancer who did not reveal Grace has ever remembered what astound Galileo.,syntax_semantics,npi_licensing,sentential_negation_npi_scope,True,False,True,True,90,-133.77151489257812,-126.70217895507812,0
These cars that were stunning Scott have not ever turned.,These cars that were not stunning Scott have ever turned.,syntax_semantics,npi_licensing,sentential_negation_npi_scope,True,False,True,True,91,-71.57524108886719,-70.9642333984375,0
Lucille's friend who is fixing that vase should not ever badger Paula to cry.,Lucille's friend who is not fixing that vase should ever badger Paula to cry.,syntax_semantics,npi_licensing,sentential_negation_npi_scope,True,False,True,True,92,-122.42005920410156,-122.98977661132812,1
The son of Bradley who had lifted some fish had not ever learned.,The son of Bradley who had not lifted some fish had ever learned.,syntax_semantics,npi_licensing,sentential_negation_npi_scope,True,False,True,True,93,-78.36859893798828,-78.40314483642578,1
Anne's oncologist that has boycotted those universities has not ever investigated what reacted.,Anne's oncologist that has not boycotted those universities has ever investigated what reacted.,syntax_semantics,npi_licensing,sentential_negation_npi_scope,True,False,True,True,94,-140.05917358398438,-137.15048217773438,0
That pedestrian that is fleeing from Bill should not ever hug Craig.,That pedestrian that is not fleeing from Bill should ever hug Craig.,syntax_semantics,npi_licensing,sentential_negation_npi_scope,True,False,True,True,95,-90.07349395751953,-90.09706115722656,1
A waitress that has walked through all schools had not ever continued to exit most museums.,A waitress that has not walked through all schools had ever continued to exit most museums.,syntax_semantics,npi_licensing,sentential_negation_npi_scope,True,False,True,True,96,-109.41995239257812,-107.56181335449219,0
This patient who was annoying Debra had not ever known Steve.,This patient who was not annoying Debra had ever known Steve.,syntax_semantics,npi_licensing,sentential_negation_npi_scope,True,False,True,True,97,-80.18413543701172,-79.58700561523438,0
A granddaughter of Becca that is watching Tonya has not ever lifted many ladders.,A granddaughter of Becca that is not watching Tonya has ever lifted many ladders.,syntax_semantics,npi_licensing,sentential_negation_npi_scope,True,False,True,True,98,-119.64588928222656,-117.03401184082031,0
Sally's French teachers that had seen this couch had not ever worried.,Sally's French teachers that had not seen this couch had ever worried.,syntax_semantics,npi_licensing,sentential_negation_npi_scope,True,False,True,True,99,-93.21693420410156,-92.34900665283203,0
Winston Churchill's granddaughter who will hate guests can not ever talk.,Winston Churchill's granddaughter who will not hate guests can ever talk.,syntax_semantics,npi_licensing,sentential_negation_npi_scope,True,False,True,True,100,-95.2470474243164,-92.88701629638672,0
All waiters that should disturb Jill have not ever gotten a job.,All waiters that should not disturb Jill have ever gotten a job.,syntax_semantics,npi_licensing,sentential_negation_npi_scope,True,False,True,True,101,-86.28242492675781,-85.55142211914062,0
The Borgias' dentists who are cleaning every art gallery have not ever replied.,The Borgias' dentists who are not cleaning every art gallery have ever replied.,syntax_semantics,npi_licensing,sentential_negation_npi_scope,True,False,True,True,102,-123.24761962890625,-122.14981079101562,0
Ladies who will aggravate the banks had not ever compelled the cousins of Alexander to bother Florence.,Ladies who will not aggravate the banks had ever compelled the cousins of Alexander to bother Florence.,syntax_semantics,npi_licensing,sentential_negation_npi_scope,True,False,True,True,103,-127.6019287109375,-125.61921691894531,0
Patrick's senators who do like the waiter have not ever flirted.,Patrick's senators who do not like the waiter have ever flirted.,syntax_semantics,npi_licensing,sentential_negation_npi_scope,True,False,True,True,104,-88.66239166259766,-84.7728271484375,0
That senator who is firing all teenagers had not ever gone fishing.,That senator who is not firing all teenagers had ever gone fishing.,syntax_semantics,npi_licensing,sentential_negation_npi_scope,True,False,True,True,105,-87.82585144042969,-86.43805694580078,0
Wendy's grandmothers that had stunned Wendy do not ever try to buy drawings.,Wendy's grandmothers that had not stunned Wendy do ever try to buy drawings.,syntax_semantics,npi_licensing,sentential_negation_npi_scope,True,False,True,True,106,-111.47087097167969,-116.01594543457031,1
These cars that had alarmed Tina will not ever irritate Steve.,These cars that had not alarmed Tina will ever irritate Steve.,syntax_semantics,npi_licensing,sentential_negation_npi_scope,True,False,True,True,107,-88.84159088134766,-90.57994079589844,1
A lot of men who will distract Phillip have not ever cured Julie.,A lot of men who will not distract Phillip have ever cured Julie.,syntax_semantics,npi_licensing,sentential_negation_npi_scope,True,False,True,True,108,-93.36451721191406,-91.40487670898438,0
Jessica's associate who was admiring that bike has not ever appeared to flee from Alexander.,Jessica's associate who was not admiring that bike has ever appeared to flee from Alexander.,syntax_semantics,npi_licensing,sentential_negation_npi_scope,True,False,True,True,109,-104.50560760498047,-103.61590576171875,0
That granddaughter of Holly who has disagreed with Larry has not ever answered.,That granddaughter of Holly who has not disagreed with Larry has ever answered.,syntax_semantics,npi_licensing,sentential_negation_npi_scope,True,False,True,True,110,-90.02600860595703,-89.4715347290039,0
Most spotlights that have confused Ann have not ever dimmed.,Most spotlights that have not confused Ann have ever dimmed.,syntax_semantics,npi_licensing,sentential_negation_npi_scope,True,False,True,True,111,-96.90718078613281,-94.70974731445312,0
The mushroom that had irritated Cheryl has not ever scorched.,The mushroom that had not irritated Cheryl has ever scorched.,syntax_semantics,npi_licensing,sentential_negation_npi_scope,True,False,True,True,112,-85.73313903808594,-84.00799560546875,0
Some photograph that has astounded Julia will not ever disgust Caroline.,Some photograph that has not astounded Julia will ever disgust Caroline.,syntax_semantics,npi_licensing,sentential_negation_npi_scope,True,False,True,True,113,-91.83625793457031,-93.20790100097656,1
Bananas that should bother Keith do not ever stun these students.,Bananas that should not bother Keith do ever stun these students.,syntax_semantics,npi_licensing,sentential_negation_npi_scope,True,False,True,True,114,-86.8525390625,-87.52957153320312,1
Eric's best friends that might attack Clyde should not ever study.,Eric's best friends that might not attack Clyde should ever study.,syntax_semantics,npi_licensing,sentential_negation_npi_scope,True,False,True,True,115,-77.83480072021484,-80.61670684814453,1
Many ladies who would flee from Timothy did not ever know what testified.,Many ladies who would not flee from Timothy did ever know what testified.,syntax_semantics,npi_licensing,sentential_negation_npi_scope,True,False,True,True,116,-85.01702880859375,-88.32235717773438,1
Lawrence's classmate who should visit Leslie has not ever fallen asleep.,Lawrence's classmate who should not visit Leslie has ever fallen asleep.,syntax_semantics,npi_licensing,sentential_negation_npi_scope,True,False,True,True,117,-93.02642822265625,-91.2637939453125,0
Carlos's nephew who had shocked Sara had not ever worried Douglas.,Carlos's nephew who had not shocked Sara had ever worried Douglas.,syntax_semantics,npi_licensing,sentential_negation_npi_scope,True,False,True,True,118,-92.21056365966797,-91.91967010498047,0
All brothers of Rachelle that were working with Diane have not ever fallen asleep.,All brothers of Rachelle that were not working with Diane have ever fallen asleep.,syntax_semantics,npi_licensing,sentential_negation_npi_scope,True,False,True,True,119,-102.3392105102539,-101.90373229980469,0
That banana that did disturb Dan had not ever disturbed Paul.,That banana that did not disturb Dan had ever disturbed Paul.,syntax_semantics,npi_licensing,sentential_negation_npi_scope,True,False,True,True,120,-83.23289489746094,-77.81383514404297,0
Gregory's tutors that should work with Beth can not ever confuse this government.,Gregory's tutors that should not work with Beth can ever confuse this government.,syntax_semantics,npi_licensing,sentential_negation_npi_scope,True,False,True,True,121,-100.97016906738281,-99.70258331298828,0
Many sons of Cheryl who have broken every computer would not ever lift all mushrooms.,Many sons of Cheryl who have not broken every computer would ever lift all mushrooms.,syntax_semantics,npi_licensing,sentential_negation_npi_scope,True,False,True,True,122,-106.10879516601562,-110.07351684570312,1
Nicole's husband that had worried children had not ever begged Spain to appreciate that grocery store.,Nicole's husband that had not worried children had ever begged Spain to appreciate that grocery store.,syntax_semantics,npi_licensing,sentential_negation_npi_scope,True,False,True,True,123,-122.85931396484375,-121.41816711425781,0
These pants that had worried Ann have not ever dried.,These pants that had not worried Ann have ever dried.,syntax_semantics,npi_licensing,sentential_negation_npi_scope,True,False,True,True,124,-75.31257629394531,-72.82276916503906,0
The sisters of Kendra that will complain about Dawn had not ever persuaded the dancer's nieces to sneeze.,The sisters of Kendra that will not complain about Dawn had ever persuaded the dancer's nieces to sneeze.,syntax_semantics,npi_licensing,sentential_negation_npi_scope,True,False,True,True,125,-165.54713439941406,-164.4828643798828,0
Susan's friends who should research schools had not ever questioned Amelia.,Susan's friends who should not research schools had ever questioned Amelia.,syntax_semantics,npi_licensing,sentential_negation_npi_scope,True,False,True,True,126,-84.42962646484375,-82.28913116455078,0
Heather's ex-husbands who could distract Tonya have not ever interacted.,Heather's ex-husbands who could not distract Tonya have ever interacted.,syntax_semantics,npi_licensing,sentential_negation_npi_scope,True,False,True,True,127,-128.43746948242188,-125.09281921386719,0
That glass that could hurt the Borgias had not ever stunned Jacqueline.,That glass that could not hurt the Borgias had ever stunned Jacqueline.,syntax_semantics,npi_licensing,sentential_negation_npi_scope,True,False,True,True,128,-98.95565032958984,-95.70240783691406,0
This woman who was climbing down a ladder has not ever obligated Erin to drink.,This woman who was not climbing down a ladder has ever obligated Erin to drink.,syntax_semantics,npi_licensing,sentential_negation_npi_scope,True,False,True,True,129,-101.9146728515625,-100.51734924316406,0
A father of Adam who has returned to Sherry had not ever shouted.,A father of Adam who has not returned to Sherry had ever shouted.,syntax_semantics,npi_licensing,sentential_negation_npi_scope,True,False,True,True,130,-88.23836517333984,-90.24275207519531,1
Sara's granddaughter who has scared those drivers had not ever baked.,Sara's granddaughter who has not scared those drivers had ever baked.,syntax_semantics,npi_licensing,sentential_negation_npi_scope,True,False,True,True,131,-94.81454467773438,-92.38623046875,0
Barbara's student who would take the boxes has not ever swayed Liam to explain everything.,Barbara's student who would not take the boxes has ever swayed Liam to explain everything.,syntax_semantics,npi_licensing,sentential_negation_npi_scope,True,False,True,True,132,-114.22209167480469,-111.93484497070312,0
These grandmothers of Theresa who can pass this lake had not ever worked hard.,These grandmothers of Theresa who can not pass this lake had ever worked hard.,syntax_semantics,npi_licensing,sentential_negation_npi_scope,True,False,True,True,133,-100.42683410644531,-99.51416015625,0
A screen that could disturb Beth would not ever astound Amelia.,A screen that could not disturb Beth would ever astound Amelia.,syntax_semantics,npi_licensing,sentential_negation_npi_scope,True,False,True,True,134,-92.9928970336914,-93.02423095703125,1
The government that is disgusting most men had not ever happened to discover this glass.,The government that is not disgusting most men had ever happened to discover this glass.,syntax_semantics,npi_licensing,sentential_negation_npi_scope,True,False,True,True,135,-85.16009521484375,-84.73725891113281,0
An actor that is complaining about Joseph did not ever prefer this bread to burn.,An actor that is not complaining about Joseph did ever prefer this bread to burn.,syntax_semantics,npi_licensing,sentential_negation_npi_scope,True,False,True,True,136,-92.98599243164062,-95.14830017089844,1
Gina's grandmother that has irritated Cynthia could not ever stand up.,Gina's grandmother that has not irritated Cynthia could ever stand up.,syntax_semantics,npi_licensing,sentential_negation_npi_scope,True,False,True,True,137,-85.90583801269531,-88.14373016357422,1
Schools that have talked about William have not ever helped Benjamin.,Schools that have not talked about William have ever helped Benjamin.,syntax_semantics,npi_licensing,sentential_negation_npi_scope,True,False,True,True,138,-75.75843811035156,-75.18290710449219,0
That rice that has worried Sara will not ever char.,That rice that has not worried Sara will ever char.,syntax_semantics,npi_licensing,sentential_negation_npi_scope,True,False,True,True,139,-81.45155334472656,-81.14755249023438,0
Kimberley's hairdresser that has toured restaurants would not ever oblige some men to go to the grocery store.,Kimberley's hairdresser that has not toured restaurants would ever oblige some men to go to the grocery store.,syntax_semantics,npi_licensing,sentential_negation_npi_scope,True,False,True,True,140,-141.851318359375,-145.68536376953125,1
That association that is impressing Helen has not ever disliked John.,That association that is not impressing Helen has ever disliked John.,syntax_semantics,npi_licensing,sentential_negation_npi_scope,True,False,True,True,141,-88.08763122558594,-86.80189514160156,0
The grandsons of an actress that have annoyed the Borgias should not ever prove to paint.,The grandsons of an actress that have not annoyed the Borgias should ever prove to paint.,syntax_semantics,npi_licensing,sentential_negation_npi_scope,True,False,True,True,142,-129.0738983154297,-131.31497192382812,1
Alan's cousins who can buy some ice cream had not ever cleaned a face.,Alan's cousins who can not buy some ice cream had ever cleaned a face.,syntax_semantics,npi_licensing,sentential_negation_npi_scope,True,False,True,True,143,-83.56768035888672,-84.97885131835938,1
This government that was insulting Chad can not ever intend to correspond.,This government that was not insulting Chad can ever intend to correspond.,syntax_semantics,npi_licensing,sentential_negation_npi_scope,True,False,True,True,144,-87.46986389160156,-88.28018188476562,1
Some niece of these waitresses who would question this senator had not ever concurred.,Some niece of these waitresses who would not question this senator had ever concurred.,syntax_semantics,npi_licensing,sentential_negation_npi_scope,True,False,True,True,145,-122.02816772460938,-120.45443725585938,0
A hospital that is astounding all organizations had not ever lied.,A hospital that is not astounding all organizations had ever lied.,syntax_semantics,npi_licensing,sentential_negation_npi_scope,True,False,True,True,146,-81.34455871582031,-79.95500183105469,0
A lot of movies about the Borgias that might worry Phillip can not ever embarrass all cashiers.,A lot of movies about the Borgias that might not worry Phillip can ever embarrass all cashiers.,syntax_semantics,npi_licensing,sentential_negation_npi_scope,True,False,True,True,147,-140.59793090820312,-139.3199005126953,0
Those students who had cared for Raymond would not ever change.,Those students who had not cared for Raymond would ever change.,syntax_semantics,npi_licensing,sentential_negation_npi_scope,True,False,True,True,148,-65.94064331054688,-66.74553680419922,1
Barbara's student who did listen to Gina does not ever drink.,Barbara's student who did not listen to Gina does ever drink.,syntax_semantics,npi_licensing,sentential_negation_npi_scope,True,False,True,True,149,-82.88645935058594,-80.66171264648438,0
A bank that is stunning a lot of pedestrians can not ever badger Todd to sound like Bradley.,A bank that is not stunning a lot of pedestrians can ever badger Todd to sound like Bradley.,syntax_semantics,npi_licensing,sentential_negation_npi_scope,True,False,True,True,150,-132.52447509765625,-132.76116943359375,1
Museums that were concealing Carla had not ever corresponded.,Museums that were not concealing Carla had ever corresponded.,syntax_semantics,npi_licensing,sentential_negation_npi_scope,True,False,True,True,151,-107.28374481201172,-105.78173828125,0
A lot of people's bosses who will criticize Michelle can not ever wash.,A lot of people's bosses who will not criticize Michelle can ever wash.,syntax_semantics,npi_licensing,sentential_negation_npi_scope,True,False,True,True,152,-94.75910186767578,-94.04705047607422,0
Those gates that are embarrassing Melanie might not ever worry Tara.,Those gates that are not embarrassing Melanie might ever worry Tara.,syntax_semantics,npi_licensing,sentential_negation_npi_scope,True,False,True,True,153,-86.02151489257812,-86.86478424072266,1
A lot of sons of Susan that could astound Steven did not ever spin around.,A lot of sons of Susan that could not astound Steven did ever spin around.,syntax_semantics,npi_licensing,sentential_negation_npi_scope,True,False,True,True,154,-108.98085021972656,-110.16207122802734,1
The lamp that could bore Walter does not ever look like those pictures.,The lamp that could not bore Walter does ever look like those pictures.,syntax_semantics,npi_licensing,sentential_negation_npi_scope,True,False,True,True,155,-82.625,-83.74697875976562,1
Cheryl's hairdressers who can disagree with Ellen would not ever forget about what has responded.,Cheryl's hairdressers who can not disagree with Ellen would ever forget about what has responded.,syntax_semantics,npi_licensing,sentential_negation_npi_scope,True,False,True,True,156,-133.2245330810547,-134.3846435546875,1
Diana's cousin that was referencing the books has not ever believed Renee to skate around most glaciers.,Diana's cousin that was not referencing the books has ever believed Renee to skate around most glaciers.,syntax_semantics,npi_licensing,sentential_negation_npi_scope,True,False,True,True,157,-147.3118896484375,-146.21165466308594,0
That actor who is impressing Raymond will not ever yell.,That actor who is not impressing Raymond will ever yell.,syntax_semantics,npi_licensing,sentential_negation_npi_scope,True,False,True,True,158,-79.00318908691406,-80.24093627929688,1
All sons of Dawn who had described William had not ever disliked Angela.,All sons of Dawn who had not described William had ever disliked Angela.,syntax_semantics,npi_licensing,sentential_negation_npi_scope,True,False,True,True,159,-92.73095703125,-93.47270202636719,1
A person who is touring many college campuses has not ever whispered.,A person who is not touring many college campuses has ever whispered.,syntax_semantics,npi_licensing,sentential_negation_npi_scope,True,False,True,True,160,-89.04249572753906,-87.60188293457031,0
Those waiters who were boring Vincent should not ever cure Amanda.,Those waiters who were not boring Vincent should ever cure Amanda.,syntax_semantics,npi_licensing,sentential_negation_npi_scope,True,False,True,True,161,-87.98054504394531,-88.9485855102539,1
A lot of waiters who are taking the sweater could not ever command Barbara's best friends to study.,A lot of waiters who are not taking the sweater could ever command Barbara's best friends to study.,syntax_semantics,npi_licensing,sentential_negation_npi_scope,True,False,True,True,162,-119.03250122070312,-119.5143051147461,1
Amanda's wife that could drop by some museums had not ever saluted.,Amanda's wife that could not drop by some museums had ever saluted.,syntax_semantics,npi_licensing,sentential_negation_npi_scope,True,False,True,True,163,-92.00759887695312,-89.58145141601562,0
Monica's grandfathers that had cared for Kristen had not ever needed Amy to find Frank.,Monica's grandfathers that had not cared for Kristen had ever needed Amy to find Frank.,syntax_semantics,npi_licensing,sentential_negation_npi_scope,True,False,True,True,164,-114.172119140625,-112.8778076171875,0
Derek's best friends who are admiring pedestrians might not ever advise Rebecca to paint.,Derek's best friends who are not admiring pedestrians might ever advise Rebecca to paint.,syntax_semantics,npi_licensing,sentential_negation_npi_scope,True,False,True,True,165,-113.55306243896484,-114.28868103027344,1
Many carriages that have annoyed Tonya had not ever existed.,Many carriages that have not annoyed Tonya had ever existed.,syntax_semantics,npi_licensing,sentential_negation_npi_scope,True,False,True,True,166,-87.0750732421875,-86.30648803710938,0
The guests that are observing Theresa had not ever boycotted some committees.,The guests that are not observing Theresa had ever boycotted some committees.,syntax_semantics,npi_licensing,sentential_negation_npi_scope,True,False,True,True,167,-109.43754577636719,-109.06791687011719,0
All boys' husband that had watched Tamara had not ever obligated Guy to wake up.,All boys' husband that had not watched Tamara had ever obligated Guy to wake up.,syntax_semantics,npi_licensing,sentential_negation_npi_scope,True,False,True,True,168,-126.31343841552734,-126.47061157226562,1
Lucille's boyfriend who will disagree with many people had not ever confused Rebecca.,Lucille's boyfriend who will not disagree with many people had ever confused Rebecca.,syntax_semantics,npi_licensing,sentential_negation_npi_scope,True,False,True,True,169,-98.47772216796875,-96.06656646728516,0
Beverly's sisters that are talking about Catherine do not ever meet.,Beverly's sisters that are not talking about Catherine do ever meet.,syntax_semantics,npi_licensing,sentential_negation_npi_scope,True,False,True,True,170,-87.44913482666016,-90.38943481445312,1
The coat that could resemble a sketch has not ever twirled.,The coat that could not resemble a sketch has ever twirled.,syntax_semantics,npi_licensing,sentential_negation_npi_scope,True,False,True,True,171,-83.97098541259766,-81.49722290039062,0
Those waitresses' best friends that had cleaned this cake do not ever run around the grocery store.,Those waitresses' best friends that had not cleaned this cake do ever run around the grocery store.,syntax_semantics,npi_licensing,sentential_negation_npi_scope,True,False,True,True,172,-122.51832580566406,-124.8459243774414,1
Customers' nephews who did walk through the hospitals had not ever dated.,Customers' nephews who did not walk through the hospitals had ever dated.,syntax_semantics,npi_licensing,sentential_negation_npi_scope,True,False,True,True,173,-100.28633117675781,-94.58283996582031,0
Some wheelbarrows that had shocked these companies had not ever stopped.,Some wheelbarrows that had not shocked these companies had ever stopped.,syntax_semantics,npi_licensing,sentential_negation_npi_scope,True,False,True,True,174,-87.87057495117188,-86.02162170410156,0
Those dancers that can break most dishes can not ever drive to that high school.,Those dancers that can not break most dishes can ever drive to that high school.,syntax_semantics,npi_licensing,sentential_negation_npi_scope,True,False,True,True,175,-98.41775512695312,-99.64620971679688,1
This pedestrian who had appreciated Derek would not ever prompt Kristen to clean these cars.,This pedestrian who had not appreciated Derek would ever prompt Kristen to clean these cars.,syntax_semantics,npi_licensing,sentential_negation_npi_scope,True,False,True,True,176,-113.00642395019531,-112.99419403076172,0
Every guy who can heal Rose does not ever neglect to impress Renee.,Every guy who can not heal Rose does ever neglect to impress Renee.,syntax_semantics,npi_licensing,sentential_negation_npi_scope,True,False,True,True,177,-95.82957458496094,-100.20283508300781,1
Some door that is stunning Barbara had not ever closed.,Some door that is not stunning Barbara had ever closed.,syntax_semantics,npi_licensing,sentential_negation_npi_scope,True,False,True,True,178,-67.29296112060547,-66.28160095214844,0
The cashiers' associate that does investigate Alexander does not ever cry.,The cashiers' associate that does not investigate Alexander does ever cry.,syntax_semantics,npi_licensing,sentential_negation_npi_scope,True,False,True,True,179,-97.06944274902344,-97.11053466796875,1
A lot of friends of Caroline who had admired a picture had not ever kissed.,A lot of friends of Caroline who had not admired a picture had ever kissed.,syntax_semantics,npi_licensing,sentential_negation_npi_scope,True,False,True,True,180,-94.99421691894531,-95.02667999267578,1
These glasses that can scare Bill had not ever twirled.,These glasses that can not scare Bill had ever twirled.,syntax_semantics,npi_licensing,sentential_negation_npi_scope,True,False,True,True,181,-73.8916015625,-75.45194244384766,1
Banks that were praising this actor did not ever find Alan to climb up this mountain.,Banks that were not praising this actor did ever find Alan to climb up this mountain.,syntax_semantics,npi_licensing,sentential_negation_npi_scope,True,False,True,True,182,-107.40408325195312,-113.846435546875,1
That convertible that can bore a waiter has not ever disappeared.,That convertible that can not bore a waiter has ever disappeared.,syntax_semantics,npi_licensing,sentential_negation_npi_scope,True,False,True,True,183,-77.5361328125,-77.36943054199219,0
Some apples that might look like every painting do not ever ripen.,Some apples that might not look like every painting do ever ripen.,syntax_semantics,npi_licensing,sentential_negation_npi_scope,True,False,True,True,184,-83.10623931884766,-86.06361389160156,1
That mother of Christina who had helped most senators does not ever appreciate the libraries.,That mother of Christina who had not helped most senators does ever appreciate the libraries.,syntax_semantics,npi_licensing,sentential_negation_npi_scope,True,False,True,True,185,-107.76403045654297,-113.56161499023438,1
A lady who could wear socks would not ever hide away.,A lady who could not wear socks would ever hide away.,syntax_semantics,npi_licensing,sentential_negation_npi_scope,True,False,True,True,186,-73.60871887207031,-72.14940643310547,0
Ronald's supervisor who was walking through most libraries has not ever loved those actors.,Ronald's supervisor who was not walking through most libraries has ever loved those actors.,syntax_semantics,npi_licensing,sentential_negation_npi_scope,True,False,True,True,187,-109.65373229980469,-109.70664978027344,1
Maria's nephew who had irritated those governments did not ever fall.,Maria's nephew who had not irritated those governments did ever fall.,syntax_semantics,npi_licensing,sentential_negation_npi_scope,True,False,True,True,188,-80.10894775390625,-84.86436462402344,1
The university that was buying some bicycle did not ever entreat Daniel's guest to arrive at many hills.,The university that was not buying some bicycle did ever entreat Daniel's guest to arrive at many hills.,syntax_semantics,npi_licensing,sentential_negation_npi_scope,True,False,True,True,189,-126.6240005493164,-128.0579376220703,1
The student who had returned to Jerry has not ever climbed up many stairs.,The student who had not returned to Jerry has ever climbed up many stairs.,syntax_semantics,npi_licensing,sentential_negation_npi_scope,True,False,True,True,190,-85.40899658203125,-85.33357238769531,0
Sally's senator that will know Mary should not ever want Anne to donate.,Sally's senator that will not know Mary should ever want Anne to donate.,syntax_semantics,npi_licensing,sentential_negation_npi_scope,True,False,True,True,191,-106.48285675048828,-104.3841552734375,0
Many brothers of Benjamin who are referencing Theodore had not ever climbed up the mountains.,Many brothers of Benjamin who are not referencing Theodore had ever climbed up the mountains.,syntax_semantics,npi_licensing,sentential_negation_npi_scope,True,False,True,True,192,-105.04634094238281,-103.93768310546875,0
A plane that had aggravated Elizabeth had not ever shattered.,A plane that had not aggravated Elizabeth had ever shattered.,syntax_semantics,npi_licensing,sentential_negation_npi_scope,True,False,True,True,193,-76.05364227294922,-75.42928314208984,0
Ann's spouse who could think about every snake had not ever wondered who came here.,Ann's spouse who could not think about every snake had ever wondered who came here.,syntax_semantics,npi_licensing,sentential_negation_npi_scope,True,False,True,True,194,-98.78680419921875,-95.70574951171875,0
Some pants that might annoy Amanda could not ever shrink.,Some pants that might not annoy Amanda could ever shrink.,syntax_semantics,npi_licensing,sentential_negation_npi_scope,True,False,True,True,195,-74.56971740722656,-74.61746215820312,1
Some cup that had hurt Ann can not ever fall apart.,Some cup that had not hurt Ann can ever fall apart.,syntax_semantics,npi_licensing,sentential_negation_npi_scope,True,False,True,True,196,-76.144775390625,-73.41779327392578,0
A lot of pedestrians that were alarming Scott had not ever swallowed.,A lot of pedestrians that were not alarming Scott had ever swallowed.,syntax_semantics,npi_licensing,sentential_negation_npi_scope,True,False,True,True,197,-82.67769622802734,-81.58145141601562,0
Many paintings of a car that have astounded a university can not ever annoy Heather.,Many paintings of a car that have not astounded a university can ever annoy Heather.,syntax_semantics,npi_licensing,sentential_negation_npi_scope,True,False,True,True,198,-107.15064239501953,-107.33567810058594,1
Monet's ex-boyfriends that have praised Rhonda have not ever assembled.,Monet's ex-boyfriends that have not praised Rhonda have ever assembled.,syntax_semantics,npi_licensing,sentential_negation_npi_scope,True,False,True,True,199,-114.67219543457031,-115.57637786865234,1
The dress that will astound Bradley could not ever twirl.,The dress that will not astound Bradley could ever twirl.,syntax_semantics,npi_licensing,sentential_negation_npi_scope,True,False,True,True,200,-88.91461181640625,-88.05486297607422,0
Those planes that are upsetting Jodi had not ever slipped.,Those planes that are not upsetting Jodi had ever slipped.,syntax_semantics,npi_licensing,sentential_negation_npi_scope,True,False,True,True,201,-76.30640411376953,-74.3416519165039,0
Sabrina's dermatologist that does climb down many stairs has not ever cleaned the gloves.,Sabrina's dermatologist that does not climb down many stairs has ever cleaned the gloves.,syntax_semantics,npi_licensing,sentential_negation_npi_scope,True,False,True,True,202,-123.7569580078125,-118.58270263671875,0
Michelle's cousin that will discover Tanya could not ever resemble a painting.,Michelle's cousin that will not discover Tanya could ever resemble a painting.,syntax_semantics,npi_licensing,sentential_negation_npi_scope,True,False,True,True,203,-89.77676391601562,-90.29718017578125,1
Carl's plumbers that were referencing William did not ever embrace.,Carl's plumbers that were not referencing William did ever embrace.,syntax_semantics,npi_licensing,sentential_negation_npi_scope,True,False,True,True,204,-84.59376525878906,-89.74085235595703,1
These cashiers' sisters that were passing most closets might not ever conceal Liam.,These cashiers' sisters that were not passing most closets might ever conceal Liam.,syntax_semantics,npi_licensing,sentential_negation_npi_scope,True,False,True,True,205,-123.16277313232422,-126.74132537841797,1
Those planes that do stun Gary had not ever rusted.,Those planes that do not stun Gary had ever rusted.,syntax_semantics,npi_licensing,sentential_negation_npi_scope,True,False,True,True,206,-84.42384338378906,-81.75421142578125,0
These guys' dermatologist who had left Noah has not ever described Alicia.,These guys' dermatologist who had not left Noah has ever described Alicia.,syntax_semantics,npi_licensing,sentential_negation_npi_scope,True,False,True,True,207,-102.00357818603516,-101.93742370605469,0
Every woman that might attack Beth has not ever eaten.,Every woman that might not attack Beth has ever eaten.,syntax_semantics,npi_licensing,sentential_negation_npi_scope,True,False,True,True,208,-67.03833770751953,-65.98658752441406,0
Most customers who are exiting every high school had not ever hugged.,Most customers who are not exiting every high school had ever hugged.,syntax_semantics,npi_licensing,sentential_negation_npi_scope,True,False,True,True,209,-86.37094116210938,-85.3201904296875,0
All glasses that had embarrassed a pedestrian had not ever warped.,All glasses that had not embarrassed a pedestrian had ever warped.,syntax_semantics,npi_licensing,sentential_negation_npi_scope,True,False,True,True,210,-81.31590270996094,-79.98223876953125,0
Those drivers who would scare Brett had not ever corresponded.,Those drivers who would not scare Brett had ever corresponded.,syntax_semantics,npi_licensing,sentential_negation_npi_scope,True,False,True,True,211,-76.27175903320312,-75.18451690673828,0
Martha's ex-boyfriend who could wear many skirts has not ever nodded.,Martha's ex-boyfriend who could not wear many skirts has ever nodded.,syntax_semantics,npi_licensing,sentential_negation_npi_scope,True,False,True,True,212,-113.89884185791016,-111.9798355102539,0
Some men's ex-girlfriend who has investigated Deborah had not ever gone fishing.,Some men's ex-girlfriend who has not investigated Deborah had ever gone fishing.,syntax_semantics,npi_licensing,sentential_negation_npi_scope,True,False,True,True,213,-100.70299530029297,-100.10123443603516,0
These teenagers' podiatrists who have kissed Peter have not ever noticed Thomas.,These teenagers' podiatrists who have not kissed Peter have ever noticed Thomas.,syntax_semantics,npi_licensing,sentential_negation_npi_scope,True,False,True,True,214,-120.3186264038086,-120.49411010742188,1
Tamara's nephews that have referenced Amanda had not ever practiced.,Tamara's nephews that have not referenced Amanda had ever practiced.,syntax_semantics,npi_licensing,sentential_negation_npi_scope,True,False,True,True,215,-92.82032012939453,-92.42344665527344,0
Some person who did disgust Timothy had not ever revealed what fail to boast about Tracy.,Some person who did not disgust Timothy had ever revealed what fail to boast about Tracy.,syntax_semantics,npi_licensing,sentential_negation_npi_scope,True,False,True,True,216,-115.11463928222656,-110.32809448242188,0
Tiffany's piano teachers that have approached Teresa did not ever suffer.,Tiffany's piano teachers that have not approached Teresa did ever suffer.,syntax_semantics,npi_licensing,sentential_negation_npi_scope,True,False,True,True,217,-106.76311492919922,-113.26188659667969,1
Matt's doctor who had taken this sock had not ever slumped over.,Matt's doctor who had not taken this sock had ever slumped over.,syntax_semantics,npi_licensing,sentential_negation_npi_scope,True,False,True,True,218,-85.75695037841797,-86.13626098632812,1
Every teenager's boyfriend that is thinking about the mountains had not ever climbed up the ladders.,Every teenager's boyfriend that is not thinking about the mountains had ever climbed up the ladders.,syntax_semantics,npi_licensing,sentential_negation_npi_scope,True,False,True,True,219,-94.15721893310547,-91.85688018798828,0
Suzanne's student that should flee from Susan has not ever sighed.,Suzanne's student that should not flee from Susan has ever sighed.,syntax_semantics,npi_licensing,sentential_negation_npi_scope,True,False,True,True,220,-93.72541809082031,-90.95425415039062,0
Granddaughters of Tiffany that have boasted about Lucille had not ever shouted.,Granddaughters of Tiffany that have not boasted about Lucille had ever shouted.,syntax_semantics,npi_licensing,sentential_negation_npi_scope,True,False,True,True,221,-101.19871520996094,-102.39482116699219,1
Many rivers that are upsetting Judy have not ever vaporized.,Many rivers that are not upsetting Judy have ever vaporized.,syntax_semantics,npi_licensing,sentential_negation_npi_scope,True,False,True,True,222,-82.7137451171875,-80.00397491455078,0
The girls who could listen to Michael might not ever imagine most scarves will soak.,The girls who could not listen to Michael might ever imagine most scarves will soak.,syntax_semantics,npi_licensing,sentential_negation_npi_scope,True,False,True,True,223,-111.79312133789062,-111.47120666503906,0
Many sons of Benjamin who will bike to the college campuses should not ever read.,Many sons of Benjamin who will not bike to the college campuses should ever read.,syntax_semantics,npi_licensing,sentential_negation_npi_scope,True,False,True,True,224,-107.26436614990234,-107.17047119140625,0
That pepper that had upset the Lutherans had not ever grown.,That pepper that had not upset the Lutherans had ever grown.,syntax_semantics,npi_licensing,sentential_negation_npi_scope,True,False,True,True,225,-86.22830963134766,-84.52828216552734,0
Every customer who is ascending all stairs might not ever escape from Sonia.,Every customer who is not ascending all stairs might ever escape from Sonia.,syntax_semantics,npi_licensing,sentential_negation_npi_scope,True,False,True,True,226,-95.05916595458984,-95.9395523071289,1
Many pedestrians who can discover most ladders had not ever regretted Carl can't hunt.,Many pedestrians who can not discover most ladders had ever regretted Carl can't hunt.,syntax_semantics,npi_licensing,sentential_negation_npi_scope,True,False,True,True,227,-116.2667465209961,-116.70792388916016,1
All nephews of Amy who were concealing Carla would not ever wash.,All nephews of Amy who were not concealing Carla would ever wash.,syntax_semantics,npi_licensing,sentential_negation_npi_scope,True,False,True,True,228,-105.94085693359375,-106.29731750488281,1
Jason's oncologist that did buy the apples had not ever hated Jerry.,Jason's oncologist that did not buy the apples had ever hated Jerry.,syntax_semantics,npi_licensing,sentential_negation_npi_scope,True,False,True,True,229,-99.43519592285156,-94.35772705078125,0
Mark's ex-girlfriends who had hugged Leslie will not ever discuss these guests.,Mark's ex-girlfriends who had not hugged Leslie will ever discuss these guests.,syntax_semantics,npi_licensing,sentential_negation_npi_scope,True,False,True,True,230,-105.37062072753906,-106.42085266113281,1
Brett's French teachers who are describing Joseph had not ever needed to scare Florence.,Brett's French teachers who are not describing Joseph had ever needed to scare Florence.,syntax_semantics,npi_licensing,sentential_negation_npi_scope,True,False,True,True,231,-110.03321838378906,-108.23522186279297,0
Jane's students that have climbed up every ladder have not ever discovered what would impress Amelia.,Jane's students that have not climbed up every ladder have ever discovered what would impress Amelia.,syntax_semantics,npi_licensing,sentential_negation_npi_scope,True,False,True,True,232,-114.588134765625,-116.25546264648438,1
Banks that have helped Sheila can not ever confuse Matt.,Banks that have not helped Sheila can ever confuse Matt.,syntax_semantics,npi_licensing,sentential_negation_npi_scope,True,False,True,True,233,-83.23677825927734,-85.81272888183594,1
A lot of granddaughters of Deborah who were arriving at these grocery stores had not ever hurt Adam.,A lot of granddaughters of Deborah who were not arriving at these grocery stores had ever hurt Adam.,syntax_semantics,npi_licensing,sentential_negation_npi_scope,True,False,True,True,234,-130.77377319335938,-130.63150024414062,0
Customers who will astound many senators would not ever play.,Customers who will not astound many senators would ever play.,syntax_semantics,npi_licensing,sentential_negation_npi_scope,True,False,True,True,235,-87.26700592041016,-86.97274780273438,0
Some guy that was concealing Gina should not ever pressure a cousin of Mark to sound like a library.,Some guy that was not concealing Gina should ever pressure a cousin of Mark to sound like a library.,syntax_semantics,npi_licensing,sentential_negation_npi_scope,True,False,True,True,236,-137.4962615966797,-137.81492614746094,1
Some commentary about literature that is bothering Julia has not ever disturbed this guest.,Some commentary about literature that is not bothering Julia has ever disturbed this guest.,syntax_semantics,npi_licensing,sentential_negation_npi_scope,True,False,True,True,237,-98.87451171875,-96.32527160644531,0
Irene's ex-wives that have concealed this hospital have not ever cried.,Irene's ex-wives that have not concealed this hospital have ever cried.,syntax_semantics,npi_licensing,sentential_negation_npi_scope,True,False,True,True,238,-107.74824523925781,-106.75042724609375,0
Some friend of Gerald that should insult Monica has not ever brought the report.,Some friend of Gerald that should not insult Monica has ever brought the report.,syntax_semantics,npi_licensing,sentential_negation_npi_scope,True,False,True,True,239,-99.0457763671875,-97.24856567382812,0
A library that has talked about Raymond has not ever existed.,A library that has not talked about Raymond has ever existed.,syntax_semantics,npi_licensing,sentential_negation_npi_scope,True,False,True,True,240,-73.26993560791016,-71.59657287597656,0
Those mothers of Robert who have embarrassed all museums might not ever plan to benefit.,Those mothers of Robert who have not embarrassed all museums might ever plan to benefit.,syntax_semantics,npi_licensing,sentential_negation_npi_scope,True,False,True,True,241,-106.01261138916016,-107.533935546875,1
Most boys' supervisor that was investigating Carlos had not ever proposed to waste away.,Most boys' supervisor that was not investigating Carlos had ever proposed to waste away.,syntax_semantics,npi_licensing,sentential_negation_npi_scope,True,False,True,True,242,-105.73382568359375,-105.28997802734375,0
Daniel's husband who is taking these chairs had not ever remembered who hadn't examined the documentaries.,Daniel's husband who is not taking these chairs had ever remembered who hadn't examined the documentaries.,syntax_semantics,npi_licensing,sentential_negation_npi_scope,True,False,True,True,243,-115.3597412109375,-113.4007568359375,0
These mouths that are aggravating Jesus have not ever flung open.,These mouths that are not aggravating Jesus have ever flung open.,syntax_semantics,npi_licensing,sentential_negation_npi_scope,True,False,True,True,244,-85.35527038574219,-83.55252075195312,0
Some lake that has aggravated Rhonda had not ever melted.,Some lake that has not aggravated Rhonda had ever melted.,syntax_semantics,npi_licensing,sentential_negation_npi_scope,True,False,True,True,245,-85.76596069335938,-84.9098892211914,0
Every cat that had ascended a ladder had not ever embarrassed Sarah.,Every cat that had not ascended a ladder had ever embarrassed Sarah.,syntax_semantics,npi_licensing,sentential_negation_npi_scope,True,False,True,True,246,-80.73124694824219,-80.69183349609375,0
Some skateboard that is scaring Mary had not ever accelerated.,Some skateboard that is not scaring Mary had ever accelerated.,syntax_semantics,npi_licensing,sentential_negation_npi_scope,True,False,True,True,247,-82.85038757324219,-80.63941192626953,0
Every popsicle that has shocked Stacey has not ever melted.,Every popsicle that has not shocked Stacey has ever melted.,syntax_semantics,npi_licensing,sentential_negation_npi_scope,True,False,True,True,248,-88.2609634399414,-87.28330993652344,0
Todd's ex-girlfriends who will embarrass Diane do not ever consider these spotlights to darken.,Todd's ex-girlfriends who will not embarrass Diane do ever consider these spotlights to darken.,syntax_semantics,npi_licensing,sentential_negation_npi_scope,True,False,True,True,249,-147.31106567382812,-149.34967041015625,1
Lucille's partners that were touring a college campus do not ever communicate.,Lucille's partners that were not touring a college campus do ever communicate.,syntax_semantics,npi_licensing,sentential_negation_npi_scope,True,False,True,True,250,-102.37435150146484,-105.57332611083984,1
A museum that should alarm Stacy has not ever astounded Teresa.,A museum that should not alarm Stacy has ever astounded Teresa.,syntax_semantics,npi_licensing,sentential_negation_npi_scope,True,False,True,True,251,-99.5316390991211,-97.58717346191406,0
This legislature that had aggravated Diana had not ever struggled.,This legislature that had not aggravated Diana had ever struggled.,syntax_semantics,npi_licensing,sentential_negation_npi_scope,True,False,True,True,252,-72.62528991699219,-71.85283660888672,0
Danielle's husband that was skated around most college campuses had not ever pressed Diana to impress Rodney.,Danielle's husband that was not skated around most college campuses had ever pressed Diana to impress Rodney.,syntax_semantics,npi_licensing,sentential_negation_npi_scope,True,False,True,True,253,-143.7572021484375,-143.53277587890625,0
The hamsters that had embarrassed Dennis had not ever hidden.,The hamsters that had not embarrassed Dennis had ever hidden.,syntax_semantics,npi_licensing,sentential_negation_npi_scope,True,False,True,True,254,-76.53937530517578,-75.21048736572266,0
Elizabeth's cousins that were worrying this bank should not ever want to clean some grocery store.,Elizabeth's cousins that were not worrying this bank should ever want to clean some grocery store.,syntax_semantics,npi_licensing,sentential_negation_npi_scope,True,False,True,True,255,-105.176513671875,-104.92671966552734,0
The adult's wife that is revealing many children has not ever complained.,The adult's wife that is not revealing many children has ever complained.,syntax_semantics,npi_licensing,sentential_negation_npi_scope,True,False,True,True,256,-82.50825500488281,-81.04195404052734,0
Amanda's dermatologist that was passing Harvard University has not ever continued to read.,Amanda's dermatologist that was not passing Harvard University has ever continued to read.,syntax_semantics,npi_licensing,sentential_negation_npi_scope,True,False,True,True,257,-105.08952331542969,-104.3868637084961,0
Those men that had hired some teenager will not ever investigate Heather.,Those men that had not hired some teenager will ever investigate Heather.,syntax_semantics,npi_licensing,sentential_negation_npi_scope,True,False,True,True,258,-85.22523498535156,-86.48069763183594,1
The book that could bore Denise has not ever aggravated Ronald.,The book that could not bore Denise has ever aggravated Ronald.,syntax_semantics,npi_licensing,sentential_negation_npi_scope,True,False,True,True,259,-87.84503173828125,-84.39511108398438,0
Every eggplant that might embarrass those libraries could not ever shock the libraries.,Every eggplant that might not embarrass those libraries could ever shock the libraries.,syntax_semantics,npi_licensing,sentential_negation_npi_scope,True,False,True,True,260,-110.07870483398438,-110.36203002929688,1
Rebecca's ex-girlfriend who has scanned this report has not ever cheered.,Rebecca's ex-girlfriend who has not scanned this report has ever cheered.,syntax_semantics,npi_licensing,sentential_negation_npi_scope,True,False,True,True,261,-100.34778594970703,-99.81439208984375,0
Grace's dentist who has shocked a lot of libraries might not ever go to every cafe.,Grace's dentist who has not shocked a lot of libraries might ever go to every cafe.,syntax_semantics,npi_licensing,sentential_negation_npi_scope,True,False,True,True,262,-114.23927307128906,-115.56211853027344,1
Larry's associates who could bike to these college campuses could not ever wish to irritate Tanya.,Larry's associates who could not bike to these college campuses could ever wish to irritate Tanya.,syntax_semantics,npi_licensing,sentential_negation_npi_scope,True,False,True,True,263,-135.40602111816406,-136.120361328125,1
Every doctor that was walking through those rivers might not ever reveal who doesn't find most prints.,Every doctor that was not walking through those rivers might ever reveal who doesn't find most prints.,syntax_semantics,npi_licensing,sentential_negation_npi_scope,True,False,True,True,264,-118.11724090576172,-117.9684829711914,0
These students that could know Kathleen had not ever bored Valerie.,These students that could not know Kathleen had ever bored Valerie.,syntax_semantics,npi_licensing,sentential_negation_npi_scope,True,False,True,True,265,-80.03599548339844,-77.4520263671875,0
The mouth that was hurting some patient has not ever flung open.,The mouth that was not hurting some patient has ever flung open.,syntax_semantics,npi_licensing,sentential_negation_npi_scope,True,False,True,True,266,-82.42884063720703,-82.45247650146484,1
A waiter who was worrying Daniel has not ever visited a customer.,A waiter who was not worrying Daniel has ever visited a customer.,syntax_semantics,npi_licensing,sentential_negation_npi_scope,True,False,True,True,267,-82.97200775146484,-80.40961456298828,0
The dress that can impress Jason can not ever hurt Regina.,The dress that can not impress Jason can ever hurt Regina.,syntax_semantics,npi_licensing,sentential_negation_npi_scope,True,False,True,True,268,-85.65533447265625,-85.4139175415039,0
Some vase that was confusing Linda can not ever slip.,Some vase that was not confusing Linda can ever slip.,syntax_semantics,npi_licensing,sentential_negation_npi_scope,True,False,True,True,269,-76.21611022949219,-74.56271362304688,0
The customers that were astounding some men might not ever testify.,The customers that were not astounding some men might ever testify.,syntax_semantics,npi_licensing,sentential_negation_npi_scope,True,False,True,True,270,-76.63577270507812,-77.19232940673828,1
A lot of cousins of Stacy who have driven to all hills have not ever cheered.,A lot of cousins of Stacy who have not driven to all hills have ever cheered.,syntax_semantics,npi_licensing,sentential_negation_npi_scope,True,False,True,True,271,-105.27818298339844,-106.4222640991211,1
That adult's French teachers who had worried Vanessa have not ever revealed all gates.,That adult's French teachers who had not worried Vanessa have ever revealed all gates.,syntax_semantics,npi_licensing,sentential_negation_npi_scope,True,False,True,True,272,-119.09254455566406,-114.24980926513672,0
Those cars that can bore Thomas have not ever rolled.,Those cars that can not bore Thomas have ever rolled.,syntax_semantics,npi_licensing,sentential_negation_npi_scope,True,False,True,True,273,-78.65160369873047,-77.73185729980469,0
All sisters of Jane who are annoying the dancer can not ever surrender.,All sisters of Jane who are not annoying the dancer can ever surrender.,syntax_semantics,npi_licensing,sentential_negation_npi_scope,True,False,True,True,274,-95.22144317626953,-93.67961883544922,0
Teresa's handyman that can investigate Steve does not ever confuse the Clintons.,Teresa's handyman that can not investigate Steve does ever confuse the Clintons.,syntax_semantics,npi_licensing,sentential_negation_npi_scope,True,False,True,True,275,-111.0205078125,-116.24993896484375,1
Kayla's mentors that are dropping by a school will not ever describe Allison.,Kayla's mentors that are not dropping by a school will ever describe Allison.,syntax_semantics,npi_licensing,sentential_negation_npi_scope,True,False,True,True,276,-96.50906372070312,-97.58810424804688,1
Irene's nephews who can bike to this cafe have not ever examined some reports.,Irene's nephews who can not bike to this cafe have ever examined some reports.,syntax_semantics,npi_licensing,sentential_negation_npi_scope,True,False,True,True,277,-127.34158325195312,-126.75042724609375,0
These sons of those children that do distract Tamara will not ever reply.,These sons of those children that do not distract Tamara will ever reply.,syntax_semantics,npi_licensing,sentential_negation_npi_scope,True,False,True,True,278,-92.92276000976562,-90.58720397949219,0
The dish that will worry Denise had not ever slipped.,The dish that will not worry Denise had ever slipped.,syntax_semantics,npi_licensing,sentential_negation_npi_scope,True,False,True,True,279,-74.357666015625,-72.86652374267578,0
The girls who were boring Sally had not ever hired Sabrina.,The girls who were not boring Sally had ever hired Sabrina.,syntax_semantics,npi_licensing,sentential_negation_npi_scope,True,False,True,True,280,-81.17959594726562,-80.91595458984375,0
Meredith's podiatrist that could attack Lucille can not ever know who bakes.,Meredith's podiatrist that could not attack Lucille can ever know who bakes.,syntax_semantics,npi_licensing,sentential_negation_npi_scope,True,False,True,True,281,-141.88731384277344,-140.75537109375,0
Some bank that is arguing about Frank might not ever approve.,Some bank that is not arguing about Frank might ever approve.,syntax_semantics,npi_licensing,sentential_negation_npi_scope,True,False,True,True,282,-69.55399322509766,-69.82646942138672,1
Nancy's spouse that has worn the hats has not ever concealed this jacket.,Nancy's spouse that has not worn the hats has ever concealed this jacket.,syntax_semantics,npi_licensing,sentential_negation_npi_scope,True,False,True,True,283,-104.30410766601562,-104.20475769042969,0
Angela's best friends who were scaring most associations have not ever urged Tiffany to heal Paula.,Angela's best friends who were not scaring most associations have ever urged Tiffany to heal Paula.,syntax_semantics,npi_licensing,sentential_negation_npi_scope,True,False,True,True,284,-133.40771484375,-132.2631378173828,0
A student that is criticizing Victoria will not ever predict that guy to forfeit.,A student that is not criticizing Victoria will ever predict that guy to forfeit.,syntax_semantics,npi_licensing,sentential_negation_npi_scope,True,False,True,True,285,-100.43824005126953,-102.14625549316406,1
The ice that had worried Ella will not ever evaporate.,The ice that had not worried Ella will ever evaporate.,syntax_semantics,npi_licensing,sentential_negation_npi_scope,True,False,True,True,286,-77.5067367553711,-76.20465087890625,0
Many women that have researched some movie theater have not ever spurred Christina to scratch.,Many women that have not researched some movie theater have ever spurred Christina to scratch.,syntax_semantics,npi_licensing,sentential_negation_npi_scope,True,False,True,True,287,-120.23099517822266,-119.52857971191406,0
That person who had shocked Jane does not ever regret Christopher slumped over.,That person who had not shocked Jane does ever regret Christopher slumped over.,syntax_semantics,npi_licensing,sentential_negation_npi_scope,True,False,True,True,288,-93.53055572509766,-96.34075927734375,1
A waitress who would reference Mary had not ever yelled.,A waitress who would not reference Mary had ever yelled.,syntax_semantics,npi_licensing,sentential_negation_npi_scope,True,False,True,True,289,-73.1718521118164,-71.37242126464844,0
Carmen's dentist that was insulting Regina does not ever hide those dresses.,Carmen's dentist that was not insulting Regina does ever hide those dresses.,syntax_semantics,npi_licensing,sentential_negation_npi_scope,True,False,True,True,290,-106.30199432373047,-110.33732604980469,1
Every customer who had exited all mountains did not ever oblige Rachel to buy these wheelbarrows.,Every customer who had not exited all mountains did ever oblige Rachel to buy these wheelbarrows.,syntax_semantics,npi_licensing,sentential_negation_npi_scope,True,False,True,True,291,-132.30667114257812,-137.82736206054688,1
Those universities that do annoy Vanessa did not ever happen to dry.,Those universities that do not annoy Vanessa did ever happen to dry.,syntax_semantics,npi_licensing,sentential_negation_npi_scope,True,False,True,True,292,-83.64036560058594,-83.25221252441406,0
These fathers of that pedestrian that have lifted all forks had not ever found out who has wondered what tips over.,These fathers of that pedestrian that have not lifted all forks had ever found out who has wondered what tips over.,syntax_semantics,npi_licensing,sentential_negation_npi_scope,True,False,True,True,293,-142.9453582763672,-143.1119384765625,1
Dennis's senators who do skate around most hills had not ever tried to cough.,Dennis's senators who do not skate around most hills had ever tried to cough.,syntax_semantics,npi_licensing,sentential_negation_npi_scope,True,False,True,True,294,-117.63302612304688,-114.98953247070312,0
Kristen's ex-wives that were exiting that lake can not ever scan all plays.,Kristen's ex-wives that were not exiting that lake can ever scan all plays.,syntax_semantics,npi_licensing,sentential_negation_npi_scope,True,False,True,True,295,-119.59674072265625,-119.78610229492188,1
This skirt that should shock Carol might not ever dry.,This skirt that should not shock Carol might ever dry.,syntax_semantics,npi_licensing,sentential_negation_npi_scope,True,False,True,True,296,-80.28805541992188,-80.98646545410156,1
Some pork that was bothering Adam had not ever blackened.,Some pork that was not bothering Adam had ever blackened.,syntax_semantics,npi_licensing,sentential_negation_npi_scope,True,False,True,True,297,-74.24708557128906,-73.70733642578125,0
Every sketch that can bother Diana can not ever disappear.,Every sketch that can not bother Diana can ever disappear.,syntax_semantics,npi_licensing,sentential_negation_npi_scope,True,False,True,True,298,-72.32925415039062,-70.41358184814453,0
Most museums that might embarrass Dan had not ever bothered to discuss Scott.,Most museums that might not embarrass Dan had ever bothered to discuss Scott.,syntax_semantics,npi_licensing,sentential_negation_npi_scope,True,False,True,True,299,-93.53099060058594,-92.86613464355469,0
Most ladies who will alarm Caroline had not ever blinked.,Most ladies who will not alarm Caroline had ever blinked.,syntax_semantics,npi_licensing,sentential_negation_npi_scope,True,False,True,True,300,-74.83863830566406,-74.09136199951172,0
A driver who has hugged Anne has not ever entreated Sherry to return to that waiter.,A driver who has not hugged Anne has ever entreated Sherry to return to that waiter.,syntax_semantics,npi_licensing,sentential_negation_npi_scope,True,False,True,True,301,-132.29278564453125,-131.28419494628906,0
Martha's brothers who had bored all dancers did not ever admire every woman.,Martha's brothers who had not bored all dancers did ever admire every woman.,syntax_semantics,npi_licensing,sentential_negation_npi_scope,True,False,True,True,302,-103.53125,-106.40498352050781,1
The girl who can mess up these cafes has not ever regretted most plates shattered.,The girl who can not mess up these cafes has ever regretted most plates shattered.,syntax_semantics,npi_licensing,sentential_negation_npi_scope,True,False,True,True,303,-113.54214477539062,-113.64714050292969,1
This cousin of those guys who is exploring the museum will not ever litter.,This cousin of those guys who is not exploring the museum will ever litter.,syntax_semantics,npi_licensing,sentential_negation_npi_scope,True,False,True,True,304,-83.61351013183594,-84.75277709960938,1
All icicles that will embarrass Cynthia have not ever condensed.,All icicles that will not embarrass Cynthia have ever condensed.,syntax_semantics,npi_licensing,sentential_negation_npi_scope,True,False,True,True,305,-92.24366760253906,-91.07318878173828,0
Margaret's electricians that are disturbing Bill had not ever intended to cheer.,Margaret's electricians that are not disturbing Bill had ever intended to cheer.,syntax_semantics,npi_licensing,sentential_negation_npi_scope,True,False,True,True,306,-92.14463806152344,-90.38716888427734,0
A scarf that has scared these people had not ever dried.,A scarf that has not scared these people had ever dried.,syntax_semantics,npi_licensing,sentential_negation_npi_scope,True,False,True,True,307,-73.44697570800781,-71.36396789550781,0
Every mushroom that is confusing Wayne might not ever go bad.,Every mushroom that is not confusing Wayne might ever go bad.,syntax_semantics,npi_licensing,sentential_negation_npi_scope,True,False,True,True,308,-78.18907165527344,-78.83396911621094,1
Samuel's grandfather who had hidden that couch will not ever wave.,Samuel's grandfather who had not hidden that couch will ever wave.,syntax_semantics,npi_licensing,sentential_negation_npi_scope,True,False,True,True,309,-89.76956176757812,-91.78945922851562,1
Some fathers of Anne that have astounded Gerald should not ever discover a lot of essays.,Some fathers of Anne that have not astounded Gerald should ever discover a lot of essays.,syntax_semantics,npi_licensing,sentential_negation_npi_scope,True,False,True,True,310,-114.0950698852539,-115.37960815429688,1
Many guests' nephews who have returned to the banks have not ever testified.,Many guests' nephews who have not returned to the banks have ever testified.,syntax_semantics,npi_licensing,sentential_negation_npi_scope,True,False,True,True,311,-100.86666870117188,-101.42357635498047,1
The brother of the teenagers that had embarrassed Katherine had not ever tried to study.,The brother of the teenagers that had not embarrassed Katherine had ever tried to study.,syntax_semantics,npi_licensing,sentential_negation_npi_scope,True,False,True,True,312,-89.76019287109375,-88.45941162109375,0
A lot of dancers that had complained about Christina have not ever conferred.,A lot of dancers that had not complained about Christina have ever conferred.,syntax_semantics,npi_licensing,sentential_negation_npi_scope,True,False,True,True,313,-93.09019470214844,-91.19808959960938,0
This company that did alarm Adam did not ever argue about Lori.,This company that did not alarm Adam did ever argue about Lori.,syntax_semantics,npi_licensing,sentential_negation_npi_scope,True,False,True,True,314,-85.98065948486328,-85.80390930175781,0
That hospital that is discussing Diane might not ever discover Rose to respect Samuel.,That hospital that is not discussing Diane might ever discover Rose to respect Samuel.,syntax_semantics,npi_licensing,sentential_negation_npi_scope,True,False,True,True,315,-107.16952514648438,-107.07197570800781,0
Carmen's grandmothers who have scared Diane had not ever studied.,Carmen's grandmothers who have not scared Diane had ever studied.,syntax_semantics,npi_licensing,sentential_negation_npi_scope,True,False,True,True,316,-100.48443603515625,-98.79072570800781,0
Sonia's electrician who is running around a lot of schools could not ever change.,Sonia's electrician who is not running around a lot of schools could ever change.,syntax_semantics,npi_licensing,sentential_negation_npi_scope,True,False,True,True,317,-96.79277038574219,-98.52489471435547,1
Steve's associates that should observe Florence can not ever compete.,Steve's associates that should not observe Florence can ever compete.,syntax_semantics,npi_licensing,sentential_negation_npi_scope,True,False,True,True,318,-77.64089965820312,-77.1573486328125,0
Every granddaughter of Melinda that has cleaned a sock does not ever flee from Bethany.,Every granddaughter of Melinda that has not cleaned a sock does ever flee from Bethany.,syntax_semantics,npi_licensing,sentential_negation_npi_scope,True,False,True,True,319,-126.20951843261719,-129.15545654296875,1
Janice's dentist that was driving to most art galleries does not ever talk.,Janice's dentist that was not driving to most art galleries does ever talk.,syntax_semantics,npi_licensing,sentential_negation_npi_scope,True,False,True,True,320,-97.6277084350586,-101.91958618164062,1
These fathers of Ruth who will irritate Larry have not ever wasted away.,These fathers of Ruth who will not irritate Larry have ever wasted away.,syntax_semantics,npi_licensing,sentential_negation_npi_scope,True,False,True,True,321,-104.80451202392578,-102.89398193359375,0
Kirsten's best friends who had fixed unicycles do not ever criticize all waitresses.,Kirsten's best friends who had not fixed unicycles do ever criticize all waitresses.,syntax_semantics,npi_licensing,sentential_negation_npi_scope,True,False,True,True,322,-137.72695922851562,-140.225341796875,1
A lady who does reference Melanie has not ever scratched.,A lady who does not reference Melanie has ever scratched.,syntax_semantics,npi_licensing,sentential_negation_npi_scope,True,False,True,True,323,-80.53358459472656,-77.38645935058594,0
This convertible that was confusing Galileo had not ever crashed.,This convertible that was not confusing Galileo had ever crashed.,syntax_semantics,npi_licensing,sentential_negation_npi_scope,True,False,True,True,324,-75.5711441040039,-76.03628540039062,1
Carrie's nephews that are approaching this guy had not ever persuaded Peter's best friends to dislike Patricia.,Carrie's nephews that are not approaching this guy had ever persuaded Peter's best friends to dislike Patricia.,syntax_semantics,npi_licensing,sentential_negation_npi_scope,True,False,True,True,325,-130.66769409179688,-128.80999755859375,0
Elaine's senator that did respect Victoria has not ever proposed to drop by every mall.,Elaine's senator that did not respect Victoria has ever proposed to drop by every mall.,syntax_semantics,npi_licensing,sentential_negation_npi_scope,True,False,True,True,326,-125.54949188232422,-120.0113296508789,0
Eric's ex-husbands who were working with some people had not ever predicted Connie to run around these art galleries.,Eric's ex-husbands who were not working with some people had ever predicted Connie to run around these art galleries.,syntax_semantics,npi_licensing,sentential_negation_npi_scope,True,False,True,True,327,-153.9923095703125,-153.10903930664062,0
Every waiter's ex-husbands that could mess up this school have not ever astounded Tina.,Every waiter's ex-husbands that could not mess up this school have ever astounded Tina.,syntax_semantics,npi_licensing,sentential_negation_npi_scope,True,False,True,True,328,-138.50392150878906,-134.53268432617188,0
The fathers of Dennis that were finding the restaurant have not ever hoped to reveal some school.,The fathers of Dennis that were not finding the restaurant have ever hoped to reveal some school.,syntax_semantics,npi_licensing,sentential_negation_npi_scope,True,False,True,True,329,-105.92033386230469,-104.83195495605469,0
Some cashiers who are biking to a lot of closets have not ever chatted.,Some cashiers who are not biking to a lot of closets have ever chatted.,syntax_semantics,npi_licensing,sentential_negation_npi_scope,True,False,True,True,330,-107.21858215332031,-106.74490356445312,0
The boy who is embarrassing Cynthia might not ever grin.,The boy who is not embarrassing Cynthia might ever grin.,syntax_semantics,npi_licensing,sentential_negation_npi_scope,True,False,True,True,331,-70.81908416748047,-71.57862854003906,1
These prints of these actresses that would look like these sketches could not ever disappear.,These prints of these actresses that would not look like these sketches could ever disappear.,syntax_semantics,npi_licensing,sentential_negation_npi_scope,True,False,True,True,332,-92.294677734375,-92.65685272216797,1
Kimberley's dermatologist who could bring that casserole will not ever love the driver.,Kimberley's dermatologist who could not bring that casserole will ever love the driver.,syntax_semantics,npi_licensing,sentential_negation_npi_scope,True,False,True,True,333,-120.82978057861328,-119.17288970947266,0
The sweater that was disturbing Elaine can not ever tighten.,The sweater that was not disturbing Elaine can ever tighten.,syntax_semantics,npi_licensing,sentential_negation_npi_scope,True,False,True,True,334,-78.45188903808594,-77.88291931152344,0
The adult's friend who would boycott these organizations has not ever hidden away.,The adult's friend who would not boycott these organizations has ever hidden away.,syntax_semantics,npi_licensing,sentential_negation_npi_scope,True,False,True,True,335,-99.48049926757812,-96.98017883300781,0
Gregory's brother who had described Stacey had not ever brought every cart.,Gregory's brother who had not described Stacey had ever brought every cart.,syntax_semantics,npi_licensing,sentential_negation_npi_scope,True,False,True,True,336,-94.48123931884766,-95.61732482910156,1
A lot of lamps that are scaring Stephanie did not ever dim.,A lot of lamps that are not scaring Stephanie did ever dim.,syntax_semantics,npi_licensing,sentential_negation_npi_scope,True,False,True,True,337,-85.1021957397461,-88.72552490234375,1
That man's senators that could worry Ella might not ever weep.,That man's senators that could not worry Ella might ever weep.,syntax_semantics,npi_licensing,sentential_negation_npi_scope,True,False,True,True,338,-90.33429718017578,-88.84945678710938,0
That girl who has investigated Bethany had not ever criticized those adults.,That girl who has not investigated Bethany had ever criticized those adults.,syntax_semantics,npi_licensing,sentential_negation_npi_scope,True,False,True,True,339,-89.54584503173828,-89.00728607177734,0
The cashiers who have climbed down that mountain will not ever intend to sneeze.,The cashiers who have not climbed down that mountain will ever intend to sneeze.,syntax_semantics,npi_licensing,sentential_negation_npi_scope,True,False,True,True,340,-106.59878540039062,-110.51885986328125,1
The company that might annoy Phillip might not ever dare many offspring to vanish.,The company that might not annoy Phillip might ever dare many offspring to vanish.,syntax_semantics,npi_licensing,sentential_negation_npi_scope,True,False,True,True,341,-105.74868774414062,-105.28440856933594,0
A niece of Meredith who had watched that dancer should not ever argue.,A niece of Meredith who had not watched that dancer should ever argue.,syntax_semantics,npi_licensing,sentential_negation_npi_scope,True,False,True,True,342,-96.07162475585938,-97.39346313476562,1
This government that has praised Kevin has not ever joked around.,This government that has not praised Kevin has ever joked around.,syntax_semantics,npi_licensing,sentential_negation_npi_scope,True,False,True,True,343,-80.94908142089844,-80.23422241210938,0
A lot of pedestrians' French teachers that are bothering that customer had not ever pressed Nicole to bring the fork.,A lot of pedestrians' French teachers that are not bothering that customer had ever pressed Nicole to bring the fork.,syntax_semantics,npi_licensing,sentential_negation_npi_scope,True,False,True,True,344,-150.25218200683594,-148.06979370117188,0
Many dresses that have irritated Allison could not ever flatten.,Many dresses that have not irritated Allison could ever flatten.,syntax_semantics,npi_licensing,sentential_negation_npi_scope,True,False,True,True,345,-78.01446533203125,-80.98477935791016,1
Some report that had hurt Julie has not ever confused the actress.,Some report that had not hurt Julie has ever confused the actress.,syntax_semantics,npi_licensing,sentential_negation_npi_scope,True,False,True,True,346,-85.69329833984375,-82.60125732421875,0
Heather's dentist that had broken bicycles has not ever nodded.,Heather's dentist that had not broken bicycles has ever nodded.,syntax_semantics,npi_licensing,sentential_negation_npi_scope,True,False,True,True,347,-90.96018981933594,-90.6983642578125,0
Some father of Monica that will watch Deanna has not ever yearned to clean the art gallery.,Some father of Monica that will not watch Deanna has ever yearned to clean the art gallery.,syntax_semantics,npi_licensing,sentential_negation_npi_scope,True,False,True,True,348,-135.8675994873047,-134.18646240234375,0
Leslie's guest that might criticize Tonya had not ever brought many screens.,Leslie's guest that might not criticize Tonya had ever brought many screens.,syntax_semantics,npi_licensing,sentential_negation_npi_scope,True,False,True,True,349,-112.28797912597656,-111.5835952758789,0
A lot of eyes that are impressing Beth had not ever opened.,A lot of eyes that are not impressing Beth had ever opened.,syntax_semantics,npi_licensing,sentential_negation_npi_scope,True,False,True,True,350,-82.38105010986328,-82.02204132080078,0
These children who were exiting every closet had not ever come here.,These children who were not exiting every closet had ever come here.,syntax_semantics,npi_licensing,sentential_negation_npi_scope,True,False,True,True,351,-77.3416519165039,-77.20748901367188,0
All apples that do stun that dancer had not ever gone bad.,All apples that do not stun that dancer had ever gone bad.,syntax_semantics,npi_licensing,sentential_negation_npi_scope,True,False,True,True,352,-85.84159851074219,-82.8083267211914,0
All doctors' mentor that is wearing most jackets has not ever forced Bill to arrive at the restaurant.,All doctors' mentor that is not wearing most jackets has ever forced Bill to arrive at the restaurant.,syntax_semantics,npi_licensing,sentential_negation_npi_scope,True,False,True,True,353,-134.0769500732422,-133.0042266845703,0
Heidi's husband who has known Paula does not ever require Sheila to clean some gate.,Heidi's husband who has not known Paula does ever require Sheila to clean some gate.,syntax_semantics,npi_licensing,sentential_negation_npi_scope,True,False,True,True,354,-119.62992858886719,-125.14654541015625,1
Alan's father that would attack Amy did not ever hate Charles.,Alan's father that would not attack Amy did ever hate Charles.,syntax_semantics,npi_licensing,sentential_negation_npi_scope,True,False,True,True,355,-77.5118408203125,-79.83381652832031,1
Stephanie's ex-boyfriend who has researched the Impressionists would not ever hire Vincent.,Stephanie's ex-boyfriend who has not researched the Impressionists would ever hire Vincent.,syntax_semantics,npi_licensing,sentential_negation_npi_scope,True,False,True,True,356,-139.04238891601562,-140.7722625732422,1
That hospital that had embarrassed Regina had not ever surrendered.,That hospital that had not embarrassed Regina had ever surrendered.,syntax_semantics,npi_licensing,sentential_negation_npi_scope,True,False,True,True,357,-78.0335693359375,-76.72306060791016,0
The spinach that would bore Tracy had not ever charred.,The spinach that would not bore Tracy had ever charred.,syntax_semantics,npi_licensing,sentential_negation_npi_scope,True,False,True,True,358,-79.75861358642578,-78.46040344238281,0
Colleen's doctors that do wear some skirt would not ever telephone.,Colleen's doctors that do not wear some skirt would ever telephone.,syntax_semantics,npi_licensing,sentential_negation_npi_scope,True,False,True,True,359,-91.08773803710938,-87.63758850097656,0
Every commentary about politics that has distracted those children can not ever upset the Lutherans.,Every commentary about politics that has not distracted those children can ever upset the Lutherans.,syntax_semantics,npi_licensing,sentential_negation_npi_scope,True,False,True,True,360,-116.6242904663086,-116.135986328125,0
All actresses who could hide some couches had not ever appeared to embarrass Harvard University.,All actresses who could not hide some couches had ever appeared to embarrass Harvard University.,syntax_semantics,npi_licensing,sentential_negation_npi_scope,True,False,True,True,361,-111.71012878417969,-109.44305419921875,0
A father of John who had exited a lot of schools had not ever written.,A father of John who had not exited a lot of schools had ever written.,syntax_semantics,npi_licensing,sentential_negation_npi_scope,True,False,True,True,362,-90.56301879882812,-90.2042465209961,0
Renee's partners that will worry Phillip will not ever cook.,Renee's partners that will not worry Phillip will ever cook.,syntax_semantics,npi_licensing,sentential_negation_npi_scope,True,False,True,True,363,-85.74015045166016,-83.947265625,0
All tomatoes that will disturb Roger had not ever scorched.,All tomatoes that will not disturb Roger had ever scorched.,syntax_semantics,npi_licensing,sentential_negation_npi_scope,True,False,True,True,364,-74.92961120605469,-73.58718872070312,0
Victoria's mothers that have loved James did not ever answer.,Victoria's mothers that have not loved James did ever answer.,syntax_semantics,npi_licensing,sentential_negation_npi_scope,True,False,True,True,365,-68.38130950927734,-72.91642761230469,1
Some couch that is shocking Alice would not ever shatter.,Some couch that is not shocking Alice would ever shatter.,syntax_semantics,npi_licensing,sentential_negation_npi_scope,True,False,True,True,366,-74.97087097167969,-75.27525329589844,1
Mary's boss who might scare Peter does not ever criticize the high school.,Mary's boss who might not scare Peter does ever criticize the high school.,syntax_semantics,npi_licensing,sentential_negation_npi_scope,True,False,True,True,367,-88.60833740234375,-91.67049407958984,1
Ronald's electricians that will attack Walter should not ever clash.,Ronald's electricians that will not attack Walter should ever clash.,syntax_semantics,npi_licensing,sentential_negation_npi_scope,True,False,True,True,368,-92.54175567626953,-92.67933654785156,1
All museums that were disgusting Renee have not ever conferred.,All museums that were not disgusting Renee have ever conferred.,syntax_semantics,npi_licensing,sentential_negation_npi_scope,True,False,True,True,369,-85.99282836914062,-85.28164672851562,0
Some legislature that had embarrassed Paula has not ever ordered Douglas to ascend these stairs.,Some legislature that had not embarrassed Paula has ever ordered Douglas to ascend these stairs.,syntax_semantics,npi_licensing,sentential_negation_npi_scope,True,False,True,True,370,-118.52241516113281,-115.98258972167969,0
A lot of shoes that have impressed Meredith had not ever warped.,A lot of shoes that have not impressed Meredith had ever warped.,syntax_semantics,npi_licensing,sentential_negation_npi_scope,True,False,True,True,371,-88.2529067993164,-87.6949462890625,0
Every patient that is climbing up these mountains had not ever proven to wake up.,Every patient that is not climbing up these mountains had ever proven to wake up.,syntax_semantics,npi_licensing,sentential_negation_npi_scope,True,False,True,True,372,-88.34754943847656,-86.5261459350586,0
Some legislature that has boasted about Richard will not ever like Elaine.,Some legislature that has not boasted about Richard will ever like Elaine.,syntax_semantics,npi_licensing,sentential_negation_npi_scope,True,False,True,True,373,-82.2835693359375,-84.61030578613281,1
The cousin of Stephanie that had researched some documentaries did not ever leave.,The cousin of Stephanie that had not researched some documentaries did ever leave.,syntax_semantics,npi_licensing,sentential_negation_npi_scope,True,False,True,True,374,-91.72100830078125,-96.98638916015625,1
Douglas's girlfriend that has observed Catherine has not ever loved many reports.,Douglas's girlfriend that has not observed Catherine has ever loved many reports.,syntax_semantics,npi_licensing,sentential_negation_npi_scope,True,False,True,True,375,-97.69537353515625,-98.37586212158203,1
Patricia's tutors that were listening to the patients have not ever telephoned.,Patricia's tutors that were not listening to the patients have ever telephoned.,syntax_semantics,npi_licensing,sentential_negation_npi_scope,True,False,True,True,376,-104.53570556640625,-103.56961059570312,0
Those lights that are bothering a lot of senators might not ever brighten.,Those lights that are not bothering a lot of senators might ever brighten.,syntax_semantics,npi_licensing,sentential_negation_npi_scope,True,False,True,True,377,-90.74813842773438,-91.99394226074219,1
Brad's electricians who had approached Ruth might not ever command Matt to hate Victoria.,Brad's electricians who had not approached Ruth might ever command Matt to hate Victoria.,syntax_semantics,npi_licensing,sentential_negation_npi_scope,True,False,True,True,378,-113.31069946289062,-116.64036560058594,1
Those shoes that had stunned Jill had not ever twirled.,Those shoes that had not stunned Jill had ever twirled.,syntax_semantics,npi_licensing,sentential_negation_npi_scope,True,False,True,True,379,-82.92506408691406,-82.96076202392578,1
Paula's nephews that were embarrassing the actress do not ever answer.,Paula's nephews that were not embarrassing the actress do ever answer.,syntax_semantics,npi_licensing,sentential_negation_npi_scope,True,False,True,True,380,-87.97476196289062,-90.99873352050781,1
A lot of museums that might hurt Amy would not ever lie.,A lot of museums that might not hurt Amy would ever lie.,syntax_semantics,npi_licensing,sentential_negation_npi_scope,True,False,True,True,381,-75.02803039550781,-74.3508071899414,0
That waitress who has annoyed Beverly had not ever climbed up this slope.,That waitress who has not annoyed Beverly had ever climbed up this slope.,syntax_semantics,npi_licensing,sentential_negation_npi_scope,True,False,True,True,382,-92.70962524414062,-90.93458557128906,0
Robert's podiatrist that did admire all skateboards has not ever believed jackets to warp.,Robert's podiatrist that did not admire all skateboards has ever believed jackets to warp.,syntax_semantics,npi_licensing,sentential_negation_npi_scope,True,False,True,True,383,-145.86622619628906,-139.20333862304688,0
Every museum that does scare Diana had not ever retaliated.,Every museum that does not scare Diana had ever retaliated.,syntax_semantics,npi_licensing,sentential_negation_npi_scope,True,False,True,True,384,-79.27983093261719,-74.69232177734375,0
Scott's lawyers who can like some gate had not ever respected Leslie.,Scott's lawyers who can not like some gate had ever respected Leslie.,syntax_semantics,npi_licensing,sentential_negation_npi_scope,True,False,True,True,385,-87.2964859008789,-85.3482666015625,0
Carol's senator who was lifting those pictures did not ever wake up.,Carol's senator who was not lifting those pictures did ever wake up.,syntax_semantics,npi_licensing,sentential_negation_npi_scope,True,False,True,True,386,-84.78895568847656,-89.26657104492188,1
Edward's French teachers who did skate around a school had not ever departed.,Edward's French teachers who did not skate around a school had ever departed.,syntax_semantics,npi_licensing,sentential_negation_npi_scope,True,False,True,True,387,-91.31645202636719,-86.6070785522461,0
Some museums that can astound Carolyn had not ever swayed Valerie to grin.,Some museums that can not astound Carolyn had ever swayed Valerie to grin.,syntax_semantics,npi_licensing,sentential_negation_npi_scope,True,False,True,True,388,-113.09136962890625,-111.40147399902344,0
Every cart that was upsetting Andrew has not ever fallen apart.,Every cart that was not upsetting Andrew has ever fallen apart.,syntax_semantics,npi_licensing,sentential_negation_npi_scope,True,False,True,True,389,-76.18843078613281,-74.40937042236328,0
Carmen's wife who was wearing shawls had not ever grinned.,Carmen's wife who was not wearing shawls had ever grinned.,syntax_semantics,npi_licensing,sentential_negation_npi_scope,True,False,True,True,390,-90.92131042480469,-90.72985076904297,0
Those mouths that should shock teachers had not ever closed.,Those mouths that should not shock teachers had ever closed.,syntax_semantics,npi_licensing,sentential_negation_npi_scope,True,False,True,True,391,-73.715087890625,-73.21542358398438,0
Some museum that would sell all muffins has not ever distracted Melinda.,Some museum that would not sell all muffins has ever distracted Melinda.,syntax_semantics,npi_licensing,sentential_negation_npi_scope,True,False,True,True,392,-103.01309967041016,-99.92630004882812,0
This door that is alarming the guys has not ever opened.,This door that is not alarming the guys has ever opened.,syntax_semantics,npi_licensing,sentential_negation_npi_scope,True,False,True,True,393,-72.2625732421875,-70.03805541992188,0
These grandmothers of Douglas that might disgust those actresses had not ever obliged Beverly to argue about every doctor.,These grandmothers of Douglas that might not disgust those actresses had ever obliged Beverly to argue about every doctor.,syntax_semantics,npi_licensing,sentential_negation_npi_scope,True,False,True,True,394,-152.4344482421875,-149.6063690185547,0
These grandmothers of Tamara that have examined the commentary have not ever hated Clyde.,These grandmothers of Tamara that have not examined the commentary have ever hated Clyde.,syntax_semantics,npi_licensing,sentential_negation_npi_scope,True,False,True,True,395,-119.27906799316406,-119.6158218383789,1
Sharon's cousins that are investigating Stacy will not ever eat.,Sharon's cousins that are not investigating Stacy will ever eat.,syntax_semantics,npi_licensing,sentential_negation_npi_scope,True,False,True,True,396,-84.16426086425781,-85.1832275390625,1
These teenagers who are approaching Kathleen would not ever conceal every child.,These teenagers who are not approaching Kathleen would ever conceal every child.,syntax_semantics,npi_licensing,sentential_negation_npi_scope,True,False,True,True,397,-85.50931549072266,-87.02509307861328,1
Every actor who will sound like Sarah has not ever left.,Every actor who will not sound like Sarah has ever left.,syntax_semantics,npi_licensing,sentential_negation_npi_scope,True,False,True,True,398,-68.77886962890625,-68.70121765136719,0
A lot of bikes that could astound Donald had not ever slowed.,A lot of bikes that could not astound Donald had ever slowed.,syntax_semantics,npi_licensing,sentential_negation_npi_scope,True,False,True,True,399,-96.4671859741211,-93.40359497070312,0
These apples that had distracted Gerald should not ever ripen.,These apples that had not distracted Gerald should ever ripen.,syntax_semantics,npi_licensing,sentential_negation_npi_scope,True,False,True,True,400,-76.29730987548828,-77.32012939453125,1
Steven's piano teacher who had talked about the essay has not ever resembled that drawing.,Steven's piano teacher who had not talked about the essay has ever resembled that drawing.,syntax_semantics,npi_licensing,sentential_negation_npi_scope,True,False,True,True,401,-107.6926498413086,-106.15187072753906,0
Frank's fathers that have insulted Allison had not ever cleaned this cafe.,Frank's fathers that have not insulted Allison had ever cleaned this cafe.,syntax_semantics,npi_licensing,sentential_negation_npi_scope,True,False,True,True,402,-91.21760559082031,-92.12494659423828,1
Vanessa's brothers who should talk about those adults might not ever hope to bring that bike.,Vanessa's brothers who should not talk about those adults might ever hope to bring that bike.,syntax_semantics,npi_licensing,sentential_negation_npi_scope,True,False,True,True,403,-105.71867370605469,-107.25672912597656,1
Ruth's grandmothers that have descended ladders have not ever urged Jason to drink.,Ruth's grandmothers that have not descended ladders have ever urged Jason to drink.,syntax_semantics,npi_licensing,sentential_negation_npi_scope,True,False,True,True,404,-122.60547637939453,-123.24308776855469,1
The customers that could walk through the Great Lakes had not ever questioned Dana.,The customers that could not walk through the Great Lakes had ever questioned Dana.,syntax_semantics,npi_licensing,sentential_negation_npi_scope,True,False,True,True,405,-90.15265655517578,-88.21441650390625,0
Kristen's hairdresser who has boycotted those lakes did not ever visit Eric.,Kristen's hairdresser who has not boycotted those lakes did ever visit Eric.,syntax_semantics,npi_licensing,sentential_negation_npi_scope,True,False,True,True,406,-127.4876708984375,-132.129638671875,1
Karen's spouse who might help Bethany has not ever yelled.,Karen's spouse who might not help Bethany has ever yelled.,syntax_semantics,npi_licensing,sentential_negation_npi_scope,True,False,True,True,407,-94.16275024414062,-92.5792465209961,0
Most drivers that were noticing Samantha will not ever kiss.,Most drivers that were not noticing Samantha will ever kiss.,syntax_semantics,npi_licensing,sentential_negation_npi_scope,True,False,True,True,408,-71.60050964355469,-72.26606750488281,1
Chad's ex-girlfriends who will complain about this play did not ever scratch.,Chad's ex-girlfriends who will not complain about this play did ever scratch.,syntax_semantics,npi_licensing,sentential_negation_npi_scope,True,False,True,True,409,-104.2772216796875,-106.57565307617188,1
Many grandsons of Karla who are upsetting Todd would not ever oblige Gary's teachers to kiss Theresa.,Many grandsons of Karla who are not upsetting Todd would ever oblige Gary's teachers to kiss Theresa.,syntax_semantics,npi_licensing,sentential_negation_npi_scope,True,False,True,True,410,-160.63522338867188,-159.76712036132812,0
The ladies that had shocked Elaine have not ever fled from Andrea.,The ladies that had not shocked Elaine have ever fled from Andrea.,syntax_semantics,npi_licensing,sentential_negation_npi_scope,True,False,True,True,411,-86.0196762084961,-84.33268737792969,0
A lot of candles that will worry some actor have not ever faded.,A lot of candles that will not worry some actor have ever faded.,syntax_semantics,npi_licensing,sentential_negation_npi_scope,True,False,True,True,412,-90.83625030517578,-87.40033721923828,0
Diane's cousin that can worry Theodore does not ever forget about who is cheering.,Diane's cousin that can not worry Theodore does ever forget about who is cheering.,syntax_semantics,npi_licensing,sentential_negation_npi_scope,True,False,True,True,413,-105.353515625,-108.92039489746094,1
Russell's guests who can escape from Keith did not ever write.,Russell's guests who can not escape from Keith did ever write.,syntax_semantics,npi_licensing,sentential_negation_npi_scope,True,False,True,True,414,-73.55818176269531,-78.81941223144531,1
Many cucumbers that have annoyed Brenda have not ever baked.,Many cucumbers that have not annoyed Brenda have ever baked.,syntax_semantics,npi_licensing,sentential_negation_npi_scope,True,False,True,True,415,-85.08773040771484,-83.98335266113281,0
Most people that were going to some public parks have not ever surrendered.,Most people that were not going to some public parks have ever surrendered.,syntax_semantics,npi_licensing,sentential_negation_npi_scope,True,False,True,True,416,-76.8474349975586,-75.50387573242188,0
The waitresses that are insulting the boy had not ever attacked Steven.,The waitresses that are not insulting the boy had ever attacked Steven.,syntax_semantics,npi_licensing,sentential_negation_npi_scope,True,False,True,True,417,-91.47694396972656,-90.59170532226562,0
A woman who was boasting about Holly did not ever pressure an actress to astound Michael.,A woman who was not boasting about Holly did ever pressure an actress to astound Michael.,syntax_semantics,npi_licensing,sentential_negation_npi_scope,True,False,True,True,418,-122.32148742675781,-125.90547943115234,1
Donna's dentists who have biked to most hills had not ever studied.,Donna's dentists who have not biked to most hills had ever studied.,syntax_semantics,npi_licensing,sentential_negation_npi_scope,True,False,True,True,419,-110.10174560546875,-111.63863372802734,1
Stephanie's cousin who should disturb Teresa will not ever induce Carla to clean some college campuses.,Stephanie's cousin who should not disturb Teresa will ever induce Carla to clean some college campuses.,syntax_semantics,npi_licensing,sentential_negation_npi_scope,True,False,True,True,420,-142.71469116210938,-142.5338134765625,0
This adult that is touring cafes has not ever vanished.,This adult that is not touring cafes has ever vanished.,syntax_semantics,npi_licensing,sentential_negation_npi_scope,True,False,True,True,421,-79.35940551757812,-77.11296081542969,0
Some waiters' best friends that were talking about Margaret will not ever surrender.,Some waiters' best friends that were not talking about Margaret will ever surrender.,syntax_semantics,npi_licensing,sentential_negation_npi_scope,True,False,True,True,422,-94.17912292480469,-95.90984344482422,1
Committees that have alarmed Colleen have not ever admired Natalie.,Committees that have not alarmed Colleen have ever admired Natalie.,syntax_semantics,npi_licensing,sentential_negation_npi_scope,True,False,True,True,423,-98.26907348632812,-97.77690124511719,0
The chair that did disgust Veronica had not ever annoyed Rachel.,The chair that did not disgust Veronica had ever annoyed Rachel.,syntax_semantics,npi_licensing,sentential_negation_npi_scope,True,False,True,True,424,-89.5316162109375,-85.21849060058594,0
Scott's guest that has attacked Lawrence might not ever return to Dan.,Scott's guest that has not attacked Lawrence might ever return to Dan.,syntax_semantics,npi_licensing,sentential_negation_npi_scope,True,False,True,True,425,-81.84686279296875,-84.5782470703125,1
Kristin's electrician who could reveal many rivers has not ever motivated Janet to sit down.,Kristin's electrician who could not reveal many rivers has ever motivated Janet to sit down.,syntax_semantics,npi_licensing,sentential_negation_npi_scope,True,False,True,True,426,-120.3929672241211,-116.85676574707031,0
A brother of Marie who had embarrassed Vanessa has not ever washed.,A brother of Marie who had not embarrassed Vanessa has ever washed.,syntax_semantics,npi_licensing,sentential_negation_npi_scope,True,False,True,True,427,-86.47312927246094,-84.35276794433594,0
Those doctors who did find a lot of newspaper articles have not ever reacted.,Those doctors who did not find a lot of newspaper articles have ever reacted.,syntax_semantics,npi_licensing,sentential_negation_npi_scope,True,False,True,True,428,-84.77581787109375,-79.80096435546875,0
The daughter of Brian that was descending this slope had not ever praised Randolf.,The daughter of Brian that was not descending this slope had ever praised Randolf.,syntax_semantics,npi_licensing,sentential_negation_npi_scope,True,False,True,True,429,-113.0923080444336,-112.61554718017578,0
Those jackets that can impress Meredith had not ever appeared.,Those jackets that can not impress Meredith had ever appeared.,syntax_semantics,npi_licensing,sentential_negation_npi_scope,True,False,True,True,430,-75.634033203125,-75.39891052246094,0
Lissa's dentist who has annoyed Mitchell has not ever known who cheers.,Lissa's dentist who has not annoyed Mitchell has ever known who cheers.,syntax_semantics,npi_licensing,sentential_negation_npi_scope,True,False,True,True,431,-108.47901916503906,-106.11766052246094,0
Clyde's daughter who will scare Tara should not ever discover Jill.,Clyde's daughter who will not scare Tara should ever discover Jill.,syntax_semantics,npi_licensing,sentential_negation_npi_scope,True,False,True,True,432,-105.07354736328125,-105.28472900390625,1
The dancers who were praising waitresses have not ever visited a high school.,The dancers who were not praising waitresses have ever visited a high school.,syntax_semantics,npi_licensing,sentential_negation_npi_scope,True,False,True,True,433,-95.55860900878906,-95.94740295410156,1
Some guy who is annoying Rodney had not ever sneezed.,Some guy who is not annoying Rodney had ever sneezed.,syntax_semantics,npi_licensing,sentential_negation_npi_scope,True,False,True,True,434,-74.57963562011719,-74.20115661621094,0
That actress's guests who had lifted the book could not ever cough.,That actress's guests who had not lifted the book could ever cough.,syntax_semantics,npi_licensing,sentential_negation_npi_scope,True,False,True,True,435,-85.66278839111328,-88.17672729492188,1
The adult that did leave Gina might not ever investigate what had evaporated.,The adult that did not leave Gina might ever investigate what had evaporated.,syntax_semantics,npi_licensing,sentential_negation_npi_scope,True,False,True,True,436,-102.9510498046875,-98.25506591796875,0
Those dogs that could scare Erin do not ever escape.,Those dogs that could not scare Erin do ever escape.,syntax_semantics,npi_licensing,sentential_negation_npi_scope,True,False,True,True,437,-68.12620544433594,-69.15238952636719,1
Most museums that do criticize April will not ever declare Sally to shrug.,Most museums that do not criticize April will ever declare Sally to shrug.,syntax_semantics,npi_licensing,sentential_negation_npi_scope,True,False,True,True,438,-107.18741607666016,-106.79779052734375,0
Marie's contractors who have loved Kendra did not ever wave.,Marie's contractors who have not loved Kendra did ever wave.,syntax_semantics,npi_licensing,sentential_negation_npi_scope,True,False,True,True,439,-85.95362854003906,-91.36033630371094,1
Dancers that are breaking that chair had not ever pushed some governments to testify.,Dancers that are not breaking that chair had ever pushed some governments to testify.,syntax_semantics,npi_licensing,sentential_negation_npi_scope,True,False,True,True,440,-101.94213104248047,-100.9871826171875,0
Every friend of Stacey who was worrying students would not ever discuss Kathleen.,Every friend of Stacey who was not worrying students would ever discuss Kathleen.,syntax_semantics,npi_licensing,sentential_negation_npi_scope,True,False,True,True,441,-94.66079711914062,-95.08332824707031,1
Jerry's nieces that are talking to every guy did not ever joke around.,Jerry's nieces that are not talking to every guy did ever joke around.,syntax_semantics,npi_licensing,sentential_negation_npi_scope,True,False,True,True,442,-99.03720092773438,-101.58512115478516,1
Patients that will mess up many schools have not ever flirted.,Patients that will not mess up many schools have ever flirted.,syntax_semantics,npi_licensing,sentential_negation_npi_scope,True,False,True,True,443,-87.33428192138672,-85.73728942871094,0
This cashier's colleagues who were buying this projector did not ever anticipate many pedestrians to retaliate.,This cashier's colleagues who were not buying this projector did ever anticipate many pedestrians to retaliate.,syntax_semantics,npi_licensing,sentential_negation_npi_scope,True,False,True,True,444,-139.25735473632812,-143.65097045898438,1
Some dancers that could pass all malls had not ever embraced.,Some dancers that could not pass all malls had ever embraced.,syntax_semantics,npi_licensing,sentential_negation_npi_scope,True,False,True,True,445,-83.72711181640625,-81.413330078125,0
A customer who had referenced that waitress might not ever climb up those steps.,A customer who had not referenced that waitress might ever climb up those steps.,syntax_semantics,npi_licensing,sentential_negation_npi_scope,True,False,True,True,446,-96.50372314453125,-99.03337097167969,1
Cheryl's ex-husbands who had brought every mountain will not ever boast about Bruce.,Cheryl's ex-husbands who had not brought every mountain will ever boast about Bruce.,syntax_semantics,npi_licensing,sentential_negation_npi_scope,True,False,True,True,447,-136.04116821289062,-139.53424072265625,1
Charles's handymen who could disagree with Jessica can not ever escape.,Charles's handymen who could not disagree with Jessica can ever escape.,syntax_semantics,npi_licensing,sentential_negation_npi_scope,True,False,True,True,448,-88.55931854248047,-85.104248046875,0
Clyde's grandson who was passing that art gallery had not ever disagreed with Jerry.,Clyde's grandson who was not passing that art gallery had ever disagreed with Jerry.,syntax_semantics,npi_licensing,sentential_negation_npi_scope,True,False,True,True,449,-118.6446533203125,-118.35113525390625,0
Some government that had disliked the lake does not ever surrender.,Some government that had not disliked the lake does ever surrender.,syntax_semantics,npi_licensing,sentential_negation_npi_scope,True,False,True,True,450,-70.18782043457031,-74.34335327148438,1
The governments that are hiring Gregory can not ever boast about Guy.,The governments that are not hiring Gregory can ever boast about Guy.,syntax_semantics,npi_licensing,sentential_negation_npi_scope,True,False,True,True,451,-87.78765869140625,-87.71206665039062,0
John's podiatrist who is running around every library had not ever discovered who does wish to cry.,John's podiatrist who is not running around every library had ever discovered who does wish to cry.,syntax_semantics,npi_licensing,sentential_negation_npi_scope,True,False,True,True,452,-138.2082977294922,-138.25523376464844,1
A library that would stun Heidi had not ever taken those reports.,A library that would not stun Heidi had ever taken those reports.,syntax_semantics,npi_licensing,sentential_negation_npi_scope,True,False,True,True,453,-87.01809692382812,-85.59989929199219,0
Ladies who had hated Chad have not ever boycotted this art gallery.,Ladies who had not hated Chad have ever boycotted this art gallery.,syntax_semantics,npi_licensing,sentential_negation_npi_scope,True,False,True,True,454,-121.36846923828125,-120.27571868896484,0
A lot of associations that were insulting a lot of museums have not ever forgotten Liam.,A lot of associations that were not insulting a lot of museums have ever forgotten Liam.,syntax_semantics,npi_licensing,sentential_negation_npi_scope,True,False,True,True,455,-101.4048843383789,-99.5361328125,0
This bird that will astound Guy has not ever escaped.,This bird that will not astound Guy has ever escaped.,syntax_semantics,npi_licensing,sentential_negation_npi_scope,True,False,True,True,456,-80.09904479980469,-78.03044128417969,0
Some cousin of every pedestrian who is dropping by those rivers can not ever pressure Tina to break carriages.,Some cousin of every pedestrian who is not dropping by those rivers can ever pressure Tina to break carriages.,syntax_semantics,npi_licensing,sentential_negation_npi_scope,True,False,True,True,457,-150.47467041015625,-150.4786834716797,1
April's best friend who did worry the man should not ever wonder who concurs.,April's best friend who did not worry the man should ever wonder who concurs.,syntax_semantics,npi_licensing,sentential_negation_npi_scope,True,False,True,True,458,-102.583740234375,-99.59285736083984,0
Kendra's classmates that could admire some art galleries should not ever attempt to fire Jacqueline.,Kendra's classmates that could not admire some art galleries should ever attempt to fire Jacqueline.,syntax_semantics,npi_licensing,sentential_negation_npi_scope,True,False,True,True,459,-126.78712463378906,-126.0811538696289,0
Some bank that should astound Noah had not ever discovered all ladies to communicate.,Some bank that should not astound Noah had ever discovered all ladies to communicate.,syntax_semantics,npi_licensing,sentential_negation_npi_scope,True,False,True,True,460,-107.61373901367188,-105.10060119628906,0
Most daughters of Bruce who would criticize Raymond should not ever cry.,Most daughters of Bruce who would not criticize Raymond should ever cry.,syntax_semantics,npi_licensing,sentential_negation_npi_scope,True,False,True,True,461,-87.29048919677734,-87.38729858398438,1
Timothy's nephews that are noticing Clyde had not ever joked around.,Timothy's nephews that are not noticing Clyde had ever joked around.,syntax_semantics,npi_licensing,sentential_negation_npi_scope,True,False,True,True,462,-95.91902160644531,-94.39348602294922,0
The couches that are looking like most photographs had not ever tipped over.,The couches that are not looking like most photographs had ever tipped over.,syntax_semantics,npi_licensing,sentential_negation_npi_scope,True,False,True,True,463,-90.72177124023438,-90.55921173095703,0
Joseph's lawyers that have attacked Larry have not ever flirted.,Joseph's lawyers that have not attacked Larry have ever flirted.,syntax_semantics,npi_licensing,sentential_negation_npi_scope,True,False,True,True,464,-86.49797058105469,-86.42124938964844,0
Some nephew of Dan that has broken many cups has not ever fired this patient.,Some nephew of Dan that has not broken many cups has ever fired this patient.,syntax_semantics,npi_licensing,sentential_negation_npi_scope,True,False,True,True,465,-107.44456481933594,-108.71615600585938,1
Those companies that were aggravating Julia had not ever preferred the tomato to bother Jane.,Those companies that were not aggravating Julia had ever preferred the tomato to bother Jane.,syntax_semantics,npi_licensing,sentential_negation_npi_scope,True,False,True,True,466,-112.06971740722656,-111.76107788085938,0
An apple that is aggravating Tonya could not ever annoy Monet.,An apple that is not aggravating Tonya could ever annoy Monet.,syntax_semantics,npi_licensing,sentential_negation_npi_scope,True,False,True,True,467,-102.47341918945312,-102.1624526977539,0
Donald's cousins who did praise a lot of people had not ever prevented that play from boring Rodney.,Donald's cousins who did not praise a lot of people had ever prevented that play from boring Rodney.,syntax_semantics,npi_licensing,sentential_negation_npi_scope,True,False,True,True,468,-120.00800323486328,-116.87348175048828,0
Caroline's French teachers that are attacking Stephen had not ever pressured Jodi to joke around.,Caroline's French teachers that are not attacking Stephen had ever pressured Jodi to joke around.,syntax_semantics,npi_licensing,sentential_negation_npi_scope,True,False,True,True,469,-134.20021057128906,-132.66098022460938,0
Some girls that had concealed every carriage have not ever responded.,Some girls that had not concealed every carriage have ever responded.,syntax_semantics,npi_licensing,sentential_negation_npi_scope,True,False,True,True,470,-78.88414764404297,-78.4580078125,0
Some cart that was distracting Sandra had not ever turned.,Some cart that was not distracting Sandra had ever turned.,syntax_semantics,npi_licensing,sentential_negation_npi_scope,True,False,True,True,471,-70.61258697509766,-69.98960876464844,0
The dancers' tutor who is disturbing some ladies might not ever notice Matt.,The dancers' tutor who is not disturbing some ladies might ever notice Matt.,syntax_semantics,npi_licensing,sentential_negation_npi_scope,True,False,True,True,472,-101.5374526977539,-102.4808120727539,1
Some turtles that have climbed up the slope will not ever fall asleep.,Some turtles that have not climbed up the slope will ever fall asleep.,syntax_semantics,npi_licensing,sentential_negation_npi_scope,True,False,True,True,473,-79.45218658447266,-82.44036865234375,1
Ann's mentee who should dislike Robert has not ever preferred Monica to help every girl.,Ann's mentee who should not dislike Robert has ever preferred Monica to help every girl.,syntax_semantics,npi_licensing,sentential_negation_npi_scope,True,False,True,True,474,-126.08775329589844,-123.61700439453125,0
Randolf's doctors who have worked with many guests had not ever forfeited.,Randolf's doctors who have not worked with many guests had ever forfeited.,syntax_semantics,npi_licensing,sentential_negation_npi_scope,True,False,True,True,475,-98.0534896850586,-100.63401794433594,1
Ann's students that had discovered this story have not ever investigated Sally.,Ann's students that had not discovered this story have ever investigated Sally.,syntax_semantics,npi_licensing,sentential_negation_npi_scope,True,False,True,True,476,-86.69310760498047,-86.24790954589844,0
Chad's colleagues that would examine stories can not ever need Vanessa to come here.,Chad's colleagues that would not examine stories can ever need Vanessa to come here.,syntax_semantics,npi_licensing,sentential_negation_npi_scope,True,False,True,True,477,-103.75992584228516,-102.5299301147461,0
Steve's senators who will drive to a lot of high schools had not ever ascertained all windows to annoy Grace.,Steve's senators who will not drive to a lot of high schools had ever ascertained all windows to annoy Grace.,syntax_semantics,npi_licensing,sentential_negation_npi_scope,True,False,True,True,478,-142.0137939453125,-141.32400512695312,0
Adam's ex-wife that is investigating the girl has not ever revealed all carriages.,Adam's ex-wife that is not investigating the girl has ever revealed all carriages.,syntax_semantics,npi_licensing,sentential_negation_npi_scope,True,False,True,True,479,-100.03208923339844,-97.26911926269531,0
Some adults that are passing every school had not ever discovered who fixed those unicycles.,Some adults that are not passing every school had ever discovered who fixed those unicycles.,syntax_semantics,npi_licensing,sentential_negation_npi_scope,True,False,True,True,480,-122.68814849853516,-120.22916412353516,0
Larry's father that has looked like those pictures should not ever hide.,Larry's father that has not looked like those pictures should ever hide.,syntax_semantics,npi_licensing,sentential_negation_npi_scope,True,False,True,True,481,-74.83969116210938,-76.866943359375,1
Many schools that were buying a college campus could not ever argue.,Many schools that were not buying a college campus could ever argue.,syntax_semantics,npi_licensing,sentential_negation_npi_scope,True,False,True,True,482,-78.12265014648438,-79.18997955322266,1
All hills that were stunning Naomi can not ever confuse the waiters.,All hills that were not stunning Naomi can ever confuse the waiters.,syntax_semantics,npi_licensing,sentential_negation_npi_scope,True,False,True,True,483,-100.26292419433594,-100.49757385253906,1
Kathleen's French teachers who were hurting Becky did not ever weep.,Kathleen's French teachers who were not hurting Becky did ever weep.,syntax_semantics,npi_licensing,sentential_negation_npi_scope,True,False,True,True,484,-98.29994201660156,-102.97267150878906,1
Those teachers who had hugged Mitchell would not ever meet.,Those teachers who had not hugged Mitchell would ever meet.,syntax_semantics,npi_licensing,sentential_negation_npi_scope,True,False,True,True,485,-74.58645629882812,-75.53277587890625,1
Liam's husband who was hiring Carla has not ever woken up.,Liam's husband who was not hiring Carla has ever woken up.,syntax_semantics,npi_licensing,sentential_negation_npi_scope,True,False,True,True,486,-94.1834945678711,-92.94483947753906,0
Eric's grandfather who was wearing the hat has not ever found the mountain.,Eric's grandfather who was not wearing the hat has ever found the mountain.,syntax_semantics,npi_licensing,sentential_negation_npi_scope,True,False,True,True,487,-79.05590057373047,-77.6650390625,0
Stacy's podiatrists that would sell many jackets had not ever commanded some friend of Beth to leave Gary.,Stacy's podiatrists that would not sell many jackets had ever commanded some friend of Beth to leave Gary.,syntax_semantics,npi_licensing,sentential_negation_npi_scope,True,False,True,True,488,-165.68763732910156,-164.74037170410156,0
Melissa's piano teachers who are boycotting the legislature had not ever married.,Melissa's piano teachers who are not boycotting the legislature had ever married.,syntax_semantics,npi_licensing,sentential_negation_npi_scope,True,False,True,True,489,-102.0014877319336,-100.36824798583984,0
Sharon's contractor who should find Kayla would not ever fail to bore Becky.,Sharon's contractor who should not find Kayla would ever fail to bore Becky.,syntax_semantics,npi_licensing,sentential_negation_npi_scope,True,False,True,True,490,-112.9395751953125,-112.81370544433594,0
Jesus's partner that can admire Melanie did not ever press Sonia to hide.,Jesus's partner that can not admire Melanie did ever press Sonia to hide.,syntax_semantics,npi_licensing,sentential_negation_npi_scope,True,False,True,True,491,-97.21317291259766,-102.14129638671875,1
The actor that might run around all restaurants should not ever grin.,The actor that might not run around all restaurants should ever grin.,syntax_semantics,npi_licensing,sentential_negation_npi_scope,True,False,True,True,492,-80.63663482666016,-81.3746337890625,1
Karen's grandson that was distracting Jane had not ever approached the ladies.,Karen's grandson that was not distracting Jane had ever approached the ladies.,syntax_semantics,npi_licensing,sentential_negation_npi_scope,True,False,True,True,493,-89.17437744140625,-88.38555908203125,0
Jeffrey's contractor that is finding Amelia should not ever study.,Jeffrey's contractor that is not finding Amelia should ever study.,syntax_semantics,npi_licensing,sentential_negation_npi_scope,True,False,True,True,494,-83.33932495117188,-83.29917907714844,0
Michelle's ex-girlfriends that will impress Eva had not ever murmured.,Michelle's ex-girlfriends that will not impress Eva had ever murmured.,syntax_semantics,npi_licensing,sentential_negation_npi_scope,True,False,True,True,495,-94.64952087402344,-92.24700927734375,0
Christopher's fathers that have listened to Joseph had not ever littered.,Christopher's fathers that have not listened to Joseph had ever littered.,syntax_semantics,npi_licensing,sentential_negation_npi_scope,True,False,True,True,496,-81.45552062988281,-83.46595001220703,1
These pictures of the malls that have embarrassed Cynthia did not ever confuse Martha.,These pictures of the malls that have not embarrassed Cynthia did ever confuse Martha.,syntax_semantics,npi_licensing,sentential_negation_npi_scope,True,False,True,True,497,-100.69047546386719,-104.61883544921875,1
Florence's grandsons who should clean these banks could not ever listen to Tiffany.,Florence's grandsons who should not clean these banks could ever listen to Tiffany.,syntax_semantics,npi_licensing,sentential_negation_npi_scope,True,False,True,True,498,-116.8774185180664,-118.37458801269531,1
Friends of Victoria that had found Stacy might not ever marry.,Friends of Victoria that had not found Stacy might ever marry.,syntax_semantics,npi_licensing,sentential_negation_npi_scope,True,False,True,True,499,-72.84919738769531,-75.42524719238281,1
Some banana that did alarm customers did not ever grow.,Some banana that did not alarm customers did ever grow.,syntax_semantics,npi_licensing,sentential_negation_npi_scope,True,False,True,True,500,-73.1851806640625,-73.30802154541016,1
The customer who had arrived at all art galleries can not ever upset a school.,The customer who had not arrived at all art galleries can ever upset a school.,syntax_semantics,npi_licensing,sentential_negation_npi_scope,True,False,True,True,501,-96.03533935546875,-97.25125122070312,1
Some door that has resembled many drawings has not ever shut.,Some door that has not resembled many drawings has ever shut.,syntax_semantics,npi_licensing,sentential_negation_npi_scope,True,False,True,True,502,-81.13893127441406,-79.00271606445312,0
Joseph's mentees that have fixed those bicycles had not ever wanted Dana to cheer.,Joseph's mentees that have not fixed those bicycles had ever wanted Dana to cheer.,syntax_semantics,npi_licensing,sentential_negation_npi_scope,True,False,True,True,503,-123.98406982421875,-123.82719421386719,0
Irene's nephew who was stunning Andrea has not ever noticed an actor.,Irene's nephew who was not stunning Andrea has ever noticed an actor.,syntax_semantics,npi_licensing,sentential_negation_npi_scope,True,False,True,True,504,-99.37225341796875,-97.82723236083984,0
This plane that can bother Stacey has not ever stopped.,This plane that can not bother Stacey has ever stopped.,syntax_semantics,npi_licensing,sentential_negation_npi_scope,True,False,True,True,505,-76.68885803222656,-75.4535140991211,0
Gerald's mentor who is selling a lot of unicycles would not ever praise Sarah.,Gerald's mentor who is not selling a lot of unicycles would ever praise Sarah.,syntax_semantics,npi_licensing,sentential_negation_npi_scope,True,False,True,True,506,-123.96602630615234,-124.33151245117188,1
Some grocery stores that have alarmed Lisa will not ever confuse Kayla.,Some grocery stores that have not alarmed Lisa will ever confuse Kayla.,syntax_semantics,npi_licensing,sentential_negation_npi_scope,True,False,True,True,507,-100.44523620605469,-102.06681823730469,1
That company that did describe Timothy has not ever responded.,That company that did not describe Timothy has ever responded.,syntax_semantics,npi_licensing,sentential_negation_npi_scope,True,False,True,True,508,-73.7021255493164,-65.87889099121094,0
Veronica's employee that had impressed Scott will not ever wonder who sold many reports.,Veronica's employee that had not impressed Scott will ever wonder who sold many reports.,syntax_semantics,npi_licensing,sentential_negation_npi_scope,True,False,True,True,509,-118.25474548339844,-118.76850891113281,1
Monica's ex-husband who has sounded like Kristen has not ever returned to Martha.,Monica's ex-husband who has not sounded like Kristen has ever returned to Martha.,syntax_semantics,npi_licensing,sentential_negation_npi_scope,True,False,True,True,510,-107.40497589111328,-106.652099609375,0
Some girls that have seen Naomi could not ever help Martin.,Some girls that have not seen Naomi could ever help Martin.,syntax_semantics,npi_licensing,sentential_negation_npi_scope,True,False,True,True,511,-73.67333984375,-77.13200378417969,1
The libraries that have worked with Christina have not ever worked hard.,The libraries that have not worked with Christina have ever worked hard.,syntax_semantics,npi_licensing,sentential_negation_npi_scope,True,False,True,True,512,-81.43939208984375,-81.86767578125,1
Danielle's plumber that had ascended some hill could not ever attack Amelia.,Danielle's plumber that had not ascended some hill could ever attack Amelia.,syntax_semantics,npi_licensing,sentential_negation_npi_scope,True,False,True,True,513,-104.8799819946289,-107.15628814697266,1
Some guy who had referenced Kimberley should not ever investigate who cared for Christina.,Some guy who had not referenced Kimberley should ever investigate who cared for Christina.,syntax_semantics,npi_licensing,sentential_negation_npi_scope,True,False,True,True,514,-108.04942321777344,-109.94969177246094,1
Dana's dentist who has visited Ella does not ever find Travis.,Dana's dentist who has not visited Ella does ever find Travis.,syntax_semantics,npi_licensing,sentential_negation_npi_scope,True,False,True,True,515,-93.63059997558594,-100.60322570800781,1
Sisters of Theresa who might run around the high school can not ever break this bike.,Sisters of Theresa who might not run around the high school can ever break this bike.,syntax_semantics,npi_licensing,sentential_negation_npi_scope,True,False,True,True,516,-103.01708984375,-101.40673828125,0
Many grandsons of Grace who will walk through that mall had not ever taken many stairs.,Many grandsons of Grace who will not walk through that mall had ever taken many stairs.,syntax_semantics,npi_licensing,sentential_negation_npi_scope,True,False,True,True,517,-124.05647277832031,-122.14098358154297,0
That child's podiatrists that had sold that mirror have not ever drunk.,That child's podiatrists that had not sold that mirror have ever drunk.,syntax_semantics,npi_licensing,sentential_negation_npi_scope,True,False,True,True,518,-115.59547424316406,-113.88555145263672,0
Some gate that was aggravating banks should not ever hurt Daniel.,Some gate that was not aggravating banks should ever hurt Daniel.,syntax_semantics,npi_licensing,sentential_negation_npi_scope,True,False,True,True,519,-84.35160827636719,-85.83551788330078,1
Most grandmothers of Paul that do tour that glacier will not ever break some screen.,Most grandmothers of Paul that do not tour that glacier will ever break some screen.,syntax_semantics,npi_licensing,sentential_negation_npi_scope,True,False,True,True,520,-120.79403686523438,-118.17802429199219,0
Carrie's ex-girlfriend who is discovering the book has not ever hoped to scream.,Carrie's ex-girlfriend who is not discovering the book has ever hoped to scream.,syntax_semantics,npi_licensing,sentential_negation_npi_scope,True,False,True,True,521,-101.53080749511719,-99.42010498046875,0
All grandfathers of Jessica who are returning to Suzanne did not ever regret some turtles couldn't wake up.,All grandfathers of Jessica who are not returning to Suzanne did ever regret some turtles couldn't wake up.,syntax_semantics,npi_licensing,sentential_negation_npi_scope,True,False,True,True,522,-128.367919921875,-132.5988311767578,1
Customers who had dropped by many libraries have not ever embraced.,Customers who had not dropped by many libraries have ever embraced.,syntax_semantics,npi_licensing,sentential_negation_npi_scope,True,False,True,True,523,-83.22917938232422,-82.51939392089844,0
The gloves that are disgusting Linda had not ever frayed.,The gloves that are not disgusting Linda had ever frayed.,syntax_semantics,npi_licensing,sentential_negation_npi_scope,True,False,True,True,524,-79.77696990966797,-79.98384857177734,1
This guy that is driving to these grocery stores does not ever like Bethany.,This guy that is not driving to these grocery stores does ever like Bethany.,syntax_semantics,npi_licensing,sentential_negation_npi_scope,True,False,True,True,525,-98.50643157958984,-101.90641784667969,1
All grandmothers of Michael that had boasted about Omar should not ever judge Todd to think about Andrew.,All grandmothers of Michael that had not boasted about Omar should ever judge Todd to think about Andrew.,syntax_semantics,npi_licensing,sentential_negation_npi_scope,True,False,True,True,526,-142.9168701171875,-144.5547332763672,1
Most companies that have upset Mary have not ever irritated Sonia.,Most companies that have not upset Mary have ever irritated Sonia.,syntax_semantics,npi_licensing,sentential_negation_npi_scope,True,False,True,True,527,-87.08993530273438,-85.36911010742188,0
Carol's dermatologist that had revealed Carla had not ever performed.,Carol's dermatologist that had not revealed Carla had ever performed.,syntax_semantics,npi_licensing,sentential_negation_npi_scope,True,False,True,True,528,-92.7348403930664,-91.82110595703125,0
This ice cream that is confusing Benjamin does not ever condense.,This ice cream that is not confusing Benjamin does ever condense.,syntax_semantics,npi_licensing,sentential_negation_npi_scope,True,False,True,True,529,-78.93878173828125,-83.06916809082031,1
Many gloves that would annoy Beth could not ever flatten.,Many gloves that would not annoy Beth could ever flatten.,syntax_semantics,npi_licensing,sentential_negation_npi_scope,True,False,True,True,530,-76.94587707519531,-75.08456420898438,0
Most lamps that had looked like those drawings would not ever dim.,Most lamps that had not looked like those drawings would ever dim.,syntax_semantics,npi_licensing,sentential_negation_npi_scope,True,False,True,True,531,-80.47026062011719,-80.975830078125,1
The Borgias' teacher that had discovered the Clintons has not ever studied.,The Borgias' teacher that had not discovered the Clintons has ever studied.,syntax_semantics,npi_licensing,sentential_negation_npi_scope,True,False,True,True,532,-102.95530700683594,-103.33126068115234,1
An organization that had hated Florence had not ever fought.,An organization that had not hated Florence had ever fought.,syntax_semantics,npi_licensing,sentential_negation_npi_scope,True,False,True,True,533,-64.52223205566406,-63.78422927856445,0
A mall that had shocked Dennis had not ever existed.,A mall that had not shocked Dennis had ever existed.,syntax_semantics,npi_licensing,sentential_negation_npi_scope,True,False,True,True,534,-72.34091186523438,-72.3337173461914,0
Actresses' ex-wife who is boasting about Paula should not ever ask some friend of Catherine to get fired.,Actresses' ex-wife who is not boasting about Paula should ever ask some friend of Catherine to get fired.,syntax_semantics,npi_licensing,sentential_negation_npi_scope,True,False,True,True,535,-146.79769897460938,-146.75465393066406,0
Many sweaters that were disgusting Sherry had not ever unfolded.,Many sweaters that were not disgusting Sherry had ever unfolded.,syntax_semantics,npi_licensing,sentential_negation_npi_scope,True,False,True,True,536,-91.7519302368164,-90.75553894042969,0
That guy who has disturbed Allison has not ever imagined a lot of shoes loosen.,That guy who has not disturbed Allison has ever imagined a lot of shoes loosen.,syntax_semantics,npi_licensing,sentential_negation_npi_scope,True,False,True,True,537,-102.77928161621094,-100.9757080078125,0
Laura's teachers that are disagreeing with Gregory have not ever murmured.,Laura's teachers that are not disagreeing with Gregory have ever murmured.,syntax_semantics,npi_licensing,sentential_negation_npi_scope,True,False,True,True,538,-89.01181030273438,-86.97238159179688,0
All waitresses who have scared a waitress could not ever examine those movies.,All waitresses who have not scared a waitress could ever examine those movies.,syntax_semantics,npi_licensing,sentential_negation_npi_scope,True,False,True,True,539,-103.26579284667969,-101.6192626953125,0
That water that will confuse Kevin has not ever evaporated.,That water that will not confuse Kevin has ever evaporated.,syntax_semantics,npi_licensing,sentential_negation_npi_scope,True,False,True,True,540,-77.17265319824219,-75.02555847167969,0
All committees that have referenced Daniel could not ever profit.,All committees that have not referenced Daniel could ever profit.,syntax_semantics,npi_licensing,sentential_negation_npi_scope,True,False,True,True,541,-78.97087860107422,-82.13745880126953,1
All grandmothers of the cashiers who were praising Dennis had not ever thought Walter had thought about Benjamin.,All grandmothers of the cashiers who were not praising Dennis had ever thought Walter had thought about Benjamin.,syntax_semantics,npi_licensing,sentential_negation_npi_scope,True,False,True,True,542,-134.6378936767578,-136.35202026367188,1
This chicken that might confuse Dennis had not ever disappeared.,This chicken that might not confuse Dennis had ever disappeared.,syntax_semantics,npi_licensing,sentential_negation_npi_scope,True,False,True,True,543,-71.72669982910156,-71.29417419433594,0
Some teenager that will clean every screen could not ever doubt the Lutherans believe some screen to exist.,Some teenager that will not clean every screen could ever doubt the Lutherans believe some screen to exist.,syntax_semantics,npi_licensing,sentential_negation_npi_scope,True,False,True,True,544,-144.60284423828125,-143.353271484375,0
A lot of brothers of Travis who do remember some story had not ever asked Christine to bake.,A lot of brothers of Travis who do not remember some story had ever asked Christine to bake.,syntax_semantics,npi_licensing,sentential_negation_npi_scope,True,False,True,True,545,-123.18144989013672,-119.52162170410156,0
Some gloves that do resemble the print should not ever soak.,Some gloves that do not resemble the print should ever soak.,syntax_semantics,npi_licensing,sentential_negation_npi_scope,True,False,True,True,546,-84.37867736816406,-82.705810546875,0
Susan's lawyer who had respected the actors could not ever learn.,Susan's lawyer who had not respected the actors could ever learn.,syntax_semantics,npi_licensing,sentential_negation_npi_scope,True,False,True,True,547,-72.08643341064453,-73.56661987304688,1
Amy's hairdressers who have cared for Linda did not ever respond.,Amy's hairdressers who have not cared for Linda did ever respond.,syntax_semantics,npi_licensing,sentential_negation_npi_scope,True,False,True,True,548,-88.23678588867188,-93.84983825683594,1
Elaine's nephews that are fleeing from Travis can not ever divorce.,Elaine's nephews that are not fleeing from Travis can ever divorce.,syntax_semantics,npi_licensing,sentential_negation_npi_scope,True,False,True,True,549,-96.22172546386719,-95.94034576416016,0
Jeffrey's French teacher that was kissing a boy can not ever descend these steps.,Jeffrey's French teacher that was not kissing a boy can ever descend these steps.,syntax_semantics,npi_licensing,sentential_negation_npi_scope,True,False,True,True,550,-105.97268676757812,-104.8292236328125,0
Those jackets that were astounding Jodi had not ever frayed.,Those jackets that were not astounding Jodi had ever frayed.,syntax_semantics,npi_licensing,sentential_negation_npi_scope,True,False,True,True,551,-88.93753051757812,-87.82498168945312,0
That organization that had loved Naomi does not ever worry Benjamin.,That organization that had not loved Naomi does ever worry Benjamin.,syntax_semantics,npi_licensing,sentential_negation_npi_scope,True,False,True,True,552,-79.4946060180664,-82.97378540039062,1
Every doctor that is breaking a glass will not ever sit down.,Every doctor that is not breaking a glass will ever sit down.,syntax_semantics,npi_licensing,sentential_negation_npi_scope,True,False,True,True,553,-65.38324737548828,-66.64364624023438,1
Laura's ex-husbands who should annoy Paula had not ever shrugged.,Laura's ex-husbands who should not annoy Paula had ever shrugged.,syntax_semantics,npi_licensing,sentential_negation_npi_scope,True,False,True,True,554,-109.72300720214844,-106.30926513671875,0
The rice that will resemble pictures had not ever blackened.,The rice that will not resemble pictures had ever blackened.,syntax_semantics,npi_licensing,sentential_negation_npi_scope,True,False,True,True,555,-81.58854675292969,-79.63568115234375,0
Beth's senator that has lifted that candle has not ever threatened to smile.,Beth's senator that has not lifted that candle has ever threatened to smile.,syntax_semantics,npi_licensing,sentential_negation_npi_scope,True,False,True,True,556,-104.63096618652344,-105.57270812988281,1
A skirt that is bothering Adam would not ever shrink.,A skirt that is not bothering Adam would ever shrink.,syntax_semantics,npi_licensing,sentential_negation_npi_scope,True,False,True,True,557,-71.17989349365234,-70.31440734863281,0
Paula's grandfathers who are exploring every museum would not ever date.,Paula's grandfathers who are not exploring every museum would ever date.,syntax_semantics,npi_licensing,sentential_negation_npi_scope,True,False,True,True,558,-92.06716918945312,-92.04202270507812,0
Sally's ex-husbands that are watching Cindy have not ever tempted Alan to practice.,Sally's ex-husbands that are not watching Cindy have ever tempted Alan to practice.,syntax_semantics,npi_licensing,sentential_negation_npi_scope,True,False,True,True,559,-137.10159301757812,-135.95913696289062,0
All actors that were cleaning some cups have not ever considered every popsicle to freeze.,All actors that were not cleaning some cups have ever considered every popsicle to freeze.,syntax_semantics,npi_licensing,sentential_negation_npi_scope,True,False,True,True,560,-119.04025268554688,-117.60627746582031,0
Leslie's dentist who could disagree with Roger has not ever dropped by every bank.,Leslie's dentist who could not disagree with Roger has ever dropped by every bank.,syntax_semantics,npi_licensing,sentential_negation_npi_scope,True,False,True,True,561,-110.33089447021484,-107.11119079589844,0
Andrew's brother who has watched Sandra had not ever seen.,Andrew's brother who has not watched Sandra had ever seen.,syntax_semantics,npi_licensing,sentential_negation_npi_scope,True,False,True,True,562,-67.55989074707031,-68.35111999511719,1
The broccoli that is astounding Daniel has not ever bored the cashier.,The broccoli that is not astounding Daniel has ever bored the cashier.,syntax_semantics,npi_licensing,sentential_negation_npi_scope,True,False,True,True,563,-95.78827667236328,-95.12532806396484,0
Some socks that should embarrass Keith had not ever stretched.,Some socks that should not embarrass Keith had ever stretched.,syntax_semantics,npi_licensing,sentential_negation_npi_scope,True,False,True,True,564,-76.38774871826172,-75.20893859863281,0
All bananas that are irritating Sabrina had not ever grown.,All bananas that are not irritating Sabrina had ever grown.,syntax_semantics,npi_licensing,sentential_negation_npi_scope,True,False,True,True,565,-84.13673400878906,-83.4429931640625,0
Those brothers of Rodney who are distracting Meredith have not ever nodded.,Those brothers of Rodney who are not distracting Meredith have ever nodded.,syntax_semantics,npi_licensing,sentential_negation_npi_scope,True,False,True,True,566,-96.85623931884766,-94.82456970214844,0
Cheryl's brothers who have driven to most malls have not ever collaborated.,Cheryl's brothers who have not driven to most malls have ever collaborated.,syntax_semantics,npi_licensing,sentential_negation_npi_scope,True,False,True,True,567,-110.72097778320312,-111.50282287597656,1
Kirsten's oncologists who are irritating Allison should not ever plan to disgust Vincent.,Kirsten's oncologists who are not irritating Allison should ever plan to disgust Vincent.,syntax_semantics,npi_licensing,sentential_negation_npi_scope,True,False,True,True,568,-133.4906768798828,-133.64955139160156,1
A bank that can remember Naomi has not ever pressured Travis's teachers to waste away.,A bank that can not remember Naomi has ever pressured Travis's teachers to waste away.,syntax_semantics,npi_licensing,sentential_negation_npi_scope,True,False,True,True,569,-116.52259826660156,-117.4345932006836,1
Amanda's bosses who had broken some chairs have not ever researched that school.,Amanda's bosses who had not broken some chairs have ever researched that school.,syntax_semantics,npi_licensing,sentential_negation_npi_scope,True,False,True,True,570,-100.83053588867188,-100.05143737792969,0
A sweater that should bore Jodi had not ever dried.,A sweater that should not bore Jodi had ever dried.,syntax_semantics,npi_licensing,sentential_negation_npi_scope,True,False,True,True,571,-83.02159881591797,-81.970458984375,0
Some coat that is irritating Marla had not ever soaked.,Some coat that is not irritating Marla had ever soaked.,syntax_semantics,npi_licensing,sentential_negation_npi_scope,True,False,True,True,572,-78.7156982421875,-78.64556884765625,0
Monet's supervisors that could discover a cup can not ever conceal every doctor.,Monet's supervisors that could not discover a cup can ever conceal every doctor.,syntax_semantics,npi_licensing,sentential_negation_npi_scope,True,False,True,True,573,-101.51380157470703,-99.81805419921875,0
Scott's employees that are working with Marcus did not ever testify.,Scott's employees that are not working with Marcus did ever testify.,syntax_semantics,npi_licensing,sentential_negation_npi_scope,True,False,True,True,574,-74.69568634033203,-77.74140930175781,1
Many screens that are scaring Tamara would not ever brighten.,Many screens that are not scaring Tamara would ever brighten.,syntax_semantics,npi_licensing,sentential_negation_npi_scope,True,False,True,True,575,-89.70816802978516,-89.39779663085938,0
Karla's student who was upsetting Monica could not ever order Valerie to drop by the mountains.,Karla's student who was not upsetting Monica could ever order Valerie to drop by the mountains.,syntax_semantics,npi_licensing,sentential_negation_npi_scope,True,False,True,True,576,-127.19927978515625,-128.7722930908203,1
Some jacket that would distract Veronica had not ever soaked.,Some jacket that would not distract Veronica had ever soaked.,syntax_semantics,npi_licensing,sentential_negation_npi_scope,True,False,True,True,577,-77.41551971435547,-75.39219665527344,0
Regina's mothers who were bothering Gina had not ever assembled.,Regina's mothers who were not bothering Gina had ever assembled.,syntax_semantics,npi_licensing,sentential_negation_npi_scope,True,False,True,True,578,-85.96747589111328,-84.18995666503906,0
This boy that was investigating Amanda could not ever explain everything.,This boy that was not investigating Amanda could ever explain everything.,syntax_semantics,npi_licensing,sentential_negation_npi_scope,True,False,True,True,579,-68.41421508789062,-70.49111938476562,1
A lot of skirts that would look like all prints have not ever vanished.,A lot of skirts that would not look like all prints have ever vanished.,syntax_semantics,npi_licensing,sentential_negation_npi_scope,True,False,True,True,580,-83.58723449707031,-83.5547103881836,0
These girls who would research that mall have not ever questioned Jane.,These girls who would not research that mall have ever questioned Jane.,syntax_semantics,npi_licensing,sentential_negation_npi_scope,True,False,True,True,581,-85.64356994628906,-83.34347534179688,0
Many mothers of Bruce that are helping Paul had not ever predicted the teenagers to correspond.,Many mothers of Bruce that are not helping Paul had ever predicted the teenagers to correspond.,syntax_semantics,npi_licensing,sentential_negation_npi_scope,True,False,True,True,582,-117.88945007324219,-115.12477111816406,0
Some guys' doctor that did criticize Mark had not ever laughed.,Some guys' doctor that did not criticize Mark had ever laughed.,syntax_semantics,npi_licensing,sentential_negation_npi_scope,True,False,True,True,583,-89.21908569335938,-84.3892593383789,0
A screen that had annoyed Stacy had not ever darkened.,A screen that had not annoyed Stacy had ever darkened.,syntax_semantics,npi_licensing,sentential_negation_npi_scope,True,False,True,True,584,-78.176025390625,-78.0263671875,0
This daughter of Carl that had talked to some patient should not ever compel Roger to hate Ella.,This daughter of Carl that had not talked to some patient should ever compel Roger to hate Ella.,syntax_semantics,npi_licensing,sentential_negation_npi_scope,True,False,True,True,585,-122.8948974609375,-124.76715087890625,1
Laura's grandson that could see Debra had not ever disagreed with Becky.,Laura's grandson that could not see Debra had ever disagreed with Becky.,syntax_semantics,npi_licensing,sentential_negation_npi_scope,True,False,True,True,586,-85.29229736328125,-82.853759765625,0
This book that might sound like these children could not ever disagree.,This book that might not sound like these children could ever disagree.,syntax_semantics,npi_licensing,sentential_negation_npi_scope,True,False,True,True,587,-70.6134033203125,-72.90220642089844,1
Those children who were hurting Emily had not ever moved.,Those children who were not hurting Emily had ever moved.,syntax_semantics,npi_licensing,sentential_negation_npi_scope,True,False,True,True,588,-63.69215774536133,-64.11018371582031,1
Mark's podiatrists that were examining many books had not ever thought about Jeffrey.,Mark's podiatrists that were not examining many books had ever thought about Jeffrey.,syntax_semantics,npi_licensing,sentential_negation_npi_scope,True,False,True,True,589,-116.32626342773438,-116.08702087402344,0
This brother of this girl who had remembered most hills has not ever dropped by this grocery store.,This brother of this girl who had not remembered most hills has ever dropped by this grocery store.,syntax_semantics,npi_licensing,sentential_negation_npi_scope,True,False,True,True,590,-111.93777465820312,-110.14717102050781,0
A lot of fathers of Heather who are healing Charles did not ever hope to kiss Eric.,A lot of fathers of Heather who are not healing Charles did ever hope to kiss Eric.,syntax_semantics,npi_licensing,sentential_negation_npi_scope,True,False,True,True,591,-111.14794921875,-116.07071685791016,1
Benjamin's friends that can conceal Becky have not ever suffered.,Benjamin's friends that can not conceal Becky have ever suffered.,syntax_semantics,npi_licensing,sentential_negation_npi_scope,True,False,True,True,592,-83.33063507080078,-83.67552185058594,1
Many children who did run around most high schools will not ever alarm Laura.,Many children who did not run around most high schools will ever alarm Laura.,syntax_semantics,npi_licensing,sentential_negation_npi_scope,True,False,True,True,593,-94.94712829589844,-91.04698944091797,0
Some cucumber that is alarming Steve had not ever grown.,Some cucumber that is not alarming Steve had ever grown.,syntax_semantics,npi_licensing,sentential_negation_npi_scope,True,False,True,True,594,-77.59838104248047,-76.31344604492188,0
Carlos's spouse who is hugging Kirsten had not ever doubted Richard has exercised.,Carlos's spouse who is not hugging Kirsten had ever doubted Richard has exercised.,syntax_semantics,npi_licensing,sentential_negation_npi_scope,True,False,True,True,595,-118.57969665527344,-116.05607604980469,0
Some pedestrians who can descend a lot of ladders had not ever disagreed with Kevin.,Some pedestrians who can not descend a lot of ladders had ever disagreed with Kevin.,syntax_semantics,npi_licensing,sentential_negation_npi_scope,True,False,True,True,596,-99.79801940917969,-99.7430419921875,0
That student that was disturbing Janice had not ever expected Janice to exercise.,That student that was not disturbing Janice had ever expected Janice to exercise.,syntax_semantics,npi_licensing,sentential_negation_npi_scope,True,False,True,True,597,-104.98664855957031,-103.64312744140625,0
An association that could irritate William could not ever threaten to bring couches.,An association that could not irritate William could ever threaten to bring couches.,syntax_semantics,npi_licensing,sentential_negation_npi_scope,True,False,True,True,598,-107.04071044921875,-106.4017333984375,0
This actress who will return to those boys has not ever littered.,This actress who will not return to those boys has ever littered.,syntax_semantics,npi_licensing,sentential_negation_npi_scope,True,False,True,True,599,-80.15302276611328,-79.01323699951172,0
That waitress who has climbed up a ladder had not ever noticed many gates.,That waitress who has not climbed up a ladder had ever noticed many gates.,syntax_semantics,npi_licensing,sentential_negation_npi_scope,True,False,True,True,600,-90.62552642822266,-90.4562759399414,0
Those friends of Denise who had noticed Thomas can not ever interact.,Those friends of Denise who had not noticed Thomas can ever interact.,syntax_semantics,npi_licensing,sentential_negation_npi_scope,True,False,True,True,601,-86.29052734375,-86.5223388671875,1
These pedestrians' handymen that did talk to Patricia have not ever interacted.,These pedestrians' handymen that did not talk to Patricia have ever interacted.,syntax_semantics,npi_licensing,sentential_negation_npi_scope,True,False,True,True,602,-110.74626922607422,-104.86830139160156,0
Windows that would stun Eric had not ever shattered.,Windows that would not stun Eric had ever shattered.,syntax_semantics,npi_licensing,sentential_negation_npi_scope,True,False,True,True,603,-63.808563232421875,-61.1157341003418,0
Cars that have aggravated Ruth might not ever accelerate.,Cars that have not aggravated Ruth might ever accelerate.,syntax_semantics,npi_licensing,sentential_negation_npi_scope,True,False,True,True,604,-77.10235595703125,-78.69314575195312,1
Organizations that had described Rebecca did not ever reply.,Organizations that had not described Rebecca did ever reply.,syntax_semantics,npi_licensing,sentential_negation_npi_scope,True,False,True,True,605,-66.45317840576172,-71.13710021972656,1
The rivers that would look like some sketch can not ever vaporize.,The rivers that would not look like some sketch can ever vaporize.,syntax_semantics,npi_licensing,sentential_negation_npi_scope,True,False,True,True,606,-84.43563079833984,-82.71711730957031,0
A lot of shawls that will impress many companies have not ever dried.,A lot of shawls that will not impress many companies have ever dried.,syntax_semantics,npi_licensing,sentential_negation_npi_scope,True,False,True,True,607,-97.6291732788086,-95.80833435058594,0
The actresses' ex-husbands that had upset people might not ever succeed.,The actresses' ex-husbands that had not upset people might ever succeed.,syntax_semantics,npi_licensing,sentential_negation_npi_scope,True,False,True,True,608,-111.13121795654297,-111.37046813964844,1
Larry's tutors that can discover Cynthia should not ever need these senators to play.,Larry's tutors that can not discover Cynthia should ever need these senators to play.,syntax_semantics,npi_licensing,sentential_negation_npi_scope,True,False,True,True,609,-107.98448944091797,-110.1619873046875,1
A museum that did work with an actor had not ever discussed William.,A museum that did not work with an actor had ever discussed William.,syntax_semantics,npi_licensing,sentential_negation_npi_scope,True,False,True,True,610,-84.35346984863281,-79.68043518066406,0
Dana's teacher that had explored a museum could not ever intend to bother the Lutherans.,Dana's teacher that had not explored a museum could ever intend to bother the Lutherans.,syntax_semantics,npi_licensing,sentential_negation_npi_scope,True,False,True,True,611,-120.76837158203125,-123.39308166503906,1
These actors that have loved a child do not ever love David.,These actors that have not loved a child do ever love David.,syntax_semantics,npi_licensing,sentential_negation_npi_scope,True,False,True,True,612,-75.52011108398438,-79.41453552246094,1
These cousins of Ruth that had skated around this mall would not ever fight.,These cousins of Ruth that had not skated around this mall would ever fight.,syntax_semantics,npi_licensing,sentential_negation_npi_scope,True,False,True,True,613,-100.38565063476562,-101.70834350585938,1
The nephew of Jessica who did buy most horses did not ever stand up.,The nephew of Jessica who did not buy most horses did ever stand up.,syntax_semantics,npi_licensing,sentential_negation_npi_scope,True,False,True,True,614,-87.95610046386719,-86.21824645996094,0
Many friends of the boy who can attack Sally would not ever lie.,Many friends of the boy who can not attack Sally would ever lie.,syntax_semantics,npi_licensing,sentential_negation_npi_scope,True,False,True,True,615,-75.33558654785156,-77.46238708496094,1
Most people's electrician that should annoy Stacey has not ever insulted Holly.,Most people's electrician that should not annoy Stacey has ever insulted Holly.,syntax_semantics,npi_licensing,sentential_negation_npi_scope,True,False,True,True,616,-106.34278869628906,-102.33096313476562,0
The granddaughters of Dana who have examined some play can not ever need Erin to escape.,The granddaughters of Dana who have not examined some play can ever need Erin to escape.,syntax_semantics,npi_licensing,sentential_negation_npi_scope,True,False,True,True,617,-124.68567657470703,-126.3041000366211,1
Martha's mentee that will break forks has not ever dared Tina's hairdressers to notice Kristin.,Martha's mentee that will not break forks has ever dared Tina's hairdressers to notice Kristin.,syntax_semantics,npi_licensing,sentential_negation_npi_scope,True,False,True,True,618,-166.1124267578125,-166.32080078125,1
Most lakes that were bothering some legislature had not ever evaporated.,Most lakes that were not bothering some legislature had ever evaporated.,syntax_semantics,npi_licensing,sentential_negation_npi_scope,True,False,True,True,619,-83.11898803710938,-82.00088500976562,0
April's ex-boyfriends who could fix cars do not ever fight.,April's ex-boyfriends who could not fix cars do ever fight.,syntax_semantics,npi_licensing,sentential_negation_npi_scope,True,False,True,True,620,-98.04403686523438,-100.56453704833984,1
Bruce's doctor that is fixing this bike has not ever spoken up.,Bruce's doctor that is not fixing this bike has ever spoken up.,syntax_semantics,npi_licensing,sentential_negation_npi_scope,True,False,True,True,621,-79.45284271240234,-77.8991928100586,0
These children that could notice all ladders had not ever disagreed with Cynthia.,These children that could not notice all ladders had ever disagreed with Cynthia.,syntax_semantics,npi_licensing,sentential_negation_npi_scope,True,False,True,True,622,-89.72328186035156,-85.74427795410156,0
A cousin of Caroline that can like that boy did not ever cry.,A cousin of Caroline that can not like that boy did ever cry.,syntax_semantics,npi_licensing,sentential_negation_npi_scope,True,False,True,True,623,-78.41751098632812,-81.65071105957031,1
A hospital that could dislike drivers might not ever respond.,A hospital that could not dislike drivers might ever respond.,syntax_semantics,npi_licensing,sentential_negation_npi_scope,True,False,True,True,624,-76.32898712158203,-76.19770812988281,0
Tonya's father who has hired Marla can not ever require all fathers of these waiters to bore Danielle.,Tonya's father who has not hired Marla can ever require all fathers of these waiters to bore Danielle.,syntax_semantics,npi_licensing,sentential_negation_npi_scope,True,False,True,True,625,-151.8076629638672,-153.54620361328125,1
That bank that had shocked some teacher would not ever cope.,That bank that had not shocked some teacher would ever cope.,syntax_semantics,npi_licensing,sentential_negation_npi_scope,True,False,True,True,626,-74.76339721679688,-75.14976501464844,1
Melanie's granddaughter that was working with Stephen had not ever walked through these closets.,Melanie's granddaughter that was not working with Stephen had ever walked through these closets.,syntax_semantics,npi_licensing,sentential_negation_npi_scope,True,False,True,True,627,-105.00099182128906,-103.87596130371094,0
The Clintons' brother that was describing that dancer had not ever complained about April.,The Clintons' brother that was not describing that dancer had ever complained about April.,syntax_semantics,npi_licensing,sentential_negation_npi_scope,True,False,True,True,628,-108.24182891845703,-107.93832397460938,0
The ice cream that can bother this teenager had not ever vaporized.,The ice cream that can not bother this teenager had ever vaporized.,syntax_semantics,npi_licensing,sentential_negation_npi_scope,True,False,True,True,629,-86.59964752197266,-85.31806945800781,0
A lot of waiters who were concealing most trucks have not ever protested.,A lot of waiters who were not concealing most trucks have ever protested.,syntax_semantics,npi_licensing,sentential_negation_npi_scope,True,False,True,True,630,-109.17213439941406,-108.3292007446289,0
Sheila's senators that have attacked Emily had not ever taken that high school.,Sheila's senators that have not attacked Emily had ever taken that high school.,syntax_semantics,npi_licensing,sentential_negation_npi_scope,True,False,True,True,631,-96.4526596069336,-98.19353485107422,1
Brian's colleagues that did impress a committee have not ever fixed a lot of couches.,Brian's colleagues that did not impress a committee have ever fixed a lot of couches.,syntax_semantics,npi_licensing,sentential_negation_npi_scope,True,False,True,True,632,-111.05795288085938,-103.60786437988281,0
Jennifer's teachers that would scan a lot of commentaries have not ever disappeared.,Jennifer's teachers that would not scan a lot of commentaries have ever disappeared.,syntax_semantics,npi_licensing,sentential_negation_npi_scope,True,False,True,True,633,-92.46890258789062,-90.49007415771484,0
Steak that has irritated Carla had not ever baked.,Steak that has not irritated Carla had ever baked.,syntax_semantics,npi_licensing,sentential_negation_npi_scope,True,False,True,True,634,-79.19313049316406,-79.25028228759766,1
Dancers that were boycotting these libraries have not ever talked.,Dancers that were not boycotting these libraries have ever talked.,syntax_semantics,npi_licensing,sentential_negation_npi_scope,True,False,True,True,635,-84.27181243896484,-84.41006469726562,1
Some adult that does criticize Benjamin does not ever win.,Some adult that does not criticize Benjamin does ever win.,syntax_semantics,npi_licensing,sentential_negation_npi_scope,True,False,True,True,636,-73.11901092529297,-73.25202178955078,1
The girl who can astound Charles could not ever see.,The girl who can not astound Charles could ever see.,syntax_semantics,npi_licensing,sentential_negation_npi_scope,True,False,True,True,637,-72.21729278564453,-73.91805267333984,1
Most apples that should hurt all boys had not ever blackened.,Most apples that should not hurt all boys had ever blackened.,syntax_semantics,npi_licensing,sentential_negation_npi_scope,True,False,True,True,638,-82.03364562988281,-80.34872436523438,0
Clyde's ex-wives who would lift the convertibles should not ever sound like James.,Clyde's ex-wives who would not lift the convertibles should ever sound like James.,syntax_semantics,npi_licensing,sentential_negation_npi_scope,True,False,True,True,639,-136.095458984375,-136.70431518554688,1
Steven's mothers who do help Beverly have not ever respected Raymond.,Steven's mothers who do not help Beverly have ever respected Raymond.,syntax_semantics,npi_licensing,sentential_negation_npi_scope,True,False,True,True,640,-91.07926940917969,-87.02349853515625,0
Cynthia's students that can descend this ladder have not ever questioned Carolyn.,Cynthia's students that can not descend this ladder have ever questioned Carolyn.,syntax_semantics,npi_licensing,sentential_negation_npi_scope,True,False,True,True,641,-112.43440246582031,-111.46936798095703,0
The gate that was disgusting Christina had not ever closed.,The gate that was not disgusting Christina had ever closed.,syntax_semantics,npi_licensing,sentential_negation_npi_scope,True,False,True,True,642,-67.39616394042969,-67.77853393554688,1
Irene's father who could worry this government will not ever want to go fishing.,Irene's father who could not worry this government will ever want to go fishing.,syntax_semantics,npi_licensing,sentential_negation_npi_scope,True,False,True,True,643,-100.38175964355469,-98.07357788085938,0
Stephen's boyfriend who has dropped by that mall had not ever enticed this boy's mentor to study.,Stephen's boyfriend who has not dropped by that mall had ever enticed this boy's mentor to study.,syntax_semantics,npi_licensing,sentential_negation_npi_scope,True,False,True,True,644,-127.97241973876953,-129.44509887695312,1
That plane that is impressing a guy does not ever crash.,That plane that is not impressing a guy does ever crash.,syntax_semantics,npi_licensing,sentential_negation_npi_scope,True,False,True,True,645,-76.10176086425781,-78.78096771240234,1
Matt's handymen that can leave Joseph do not ever fire Susan.,Matt's handymen that can not leave Joseph do ever fire Susan.,syntax_semantics,npi_licensing,sentential_negation_npi_scope,True,False,True,True,646,-94.14210510253906,-97.41983032226562,1
Candice's ex-girlfriend that was upsetting Adam has not ever forgotten who persuade the cashier to sing.,Candice's ex-girlfriend that was not upsetting Adam has ever forgotten who persuade the cashier to sing.,syntax_semantics,npi_licensing,sentential_negation_npi_scope,True,False,True,True,647,-138.3330535888672,-135.65335083007812,0
Some grandson of that lady that has researched science would not ever slump over.,Some grandson of that lady that has not researched science would ever slump over.,syntax_semantics,npi_licensing,sentential_negation_npi_scope,True,False,True,True,648,-101.91690063476562,-104.53864288330078,1
A brother of Sonia who was arguing about Catherine had not ever sat down.,A brother of Sonia who was not arguing about Catherine had ever sat down.,syntax_semantics,npi_licensing,sentential_negation_npi_scope,True,False,True,True,649,-86.76080322265625,-86.16478729248047,0
Those dancers that do hide Thomas should not ever entreat Rachel to compromise.,Those dancers that do not hide Thomas should ever entreat Rachel to compromise.,syntax_semantics,npi_licensing,sentential_negation_npi_scope,True,False,True,True,650,-105.86964416503906,-104.03888702392578,0
That carriage that should worry Teresa had not ever steered.,That carriage that should not worry Teresa had ever steered.,syntax_semantics,npi_licensing,sentential_negation_npi_scope,True,False,True,True,651,-77.9248046875,-76.33821868896484,0
Nieces of Martha that have sounded like these girls have not ever surrendered.,Nieces of Martha that have not sounded like these girls have ever surrendered.,syntax_semantics,npi_licensing,sentential_negation_npi_scope,True,False,True,True,652,-95.39844512939453,-96.39443969726562,1
Most teachers who have noticed Vincent could not ever like to meet.,Most teachers who have not noticed Vincent could ever like to meet.,syntax_semantics,npi_licensing,sentential_negation_npi_scope,True,False,True,True,653,-77.63909149169922,-80.48085021972656,1
Most daughters of Sara that are arriving at every bank have not ever researched this book.,Most daughters of Sara that are not arriving at every bank have ever researched this book.,syntax_semantics,npi_licensing,sentential_negation_npi_scope,True,False,True,True,654,-111.30569458007812,-110.24360656738281,0
Some drivers who were scanning the documentary had not ever visited Teresa.,Some drivers who were not scanning the documentary had ever visited Teresa.,syntax_semantics,npi_licensing,sentential_negation_npi_scope,True,False,True,True,655,-88.01708984375,-87.89913940429688,0
Nina's dermatologist who is distracting Kirsten would not ever respect Sheila.,Nina's dermatologist who is not distracting Kirsten would ever respect Sheila.,syntax_semantics,npi_licensing,sentential_negation_npi_scope,True,False,True,True,656,-106.41255950927734,-107.3443374633789,1
Russell's wife who is revealing some patient has not ever investigated Todd.,Russell's wife who is not revealing some patient has ever investigated Todd.,syntax_semantics,npi_licensing,sentential_negation_npi_scope,True,False,True,True,657,-87.5899429321289,-85.75765991210938,0
The girl who would shock Monica has not ever hidden.,The girl who would not shock Monica has ever hidden.,syntax_semantics,npi_licensing,sentential_negation_npi_scope,True,False,True,True,658,-69.7430191040039,-67.15798950195312,0
Every car that is scaring Carla had not ever stopped.,Every car that is not scaring Carla had ever stopped.,syntax_semantics,npi_licensing,sentential_negation_npi_scope,True,False,True,True,659,-73.0927505493164,-70.64488220214844,0
Many trucks that might bother Meredith might not ever crash.,Many trucks that might not bother Meredith might ever crash.,syntax_semantics,npi_licensing,sentential_negation_npi_scope,True,False,True,True,660,-81.37519836425781,-81.201904296875,0
Stacy's daughters who will argue about Joel can not ever fail to disagree with Phillip.,Stacy's daughters who will not argue about Joel can ever fail to disagree with Phillip.,syntax_semantics,npi_licensing,sentential_negation_npi_scope,True,False,True,True,661,-115.40322875976562,-113.9391860961914,0
Rodney's granddaughters who were praising Carl might not ever drop by a cafe.,Rodney's granddaughters who were not praising Carl might ever drop by a cafe.,syntax_semantics,npi_licensing,sentential_negation_npi_scope,True,False,True,True,662,-116.42498016357422,-118.99020385742188,1
Every lady that is talking to Stacey might not ever praise Cheryl.,Every lady that is not talking to Stacey might ever praise Cheryl.,syntax_semantics,npi_licensing,sentential_negation_npi_scope,True,False,True,True,663,-85.35089111328125,-84.60403442382812,0
Suzanne's grandfather that was attacking some men does not ever wish to investigate Donna.,Suzanne's grandfather that was not attacking some men does ever wish to investigate Donna.,syntax_semantics,npi_licensing,sentential_negation_npi_scope,True,False,True,True,664,-104.09748077392578,-108.70975494384766,1
Stacy's French teacher that had loved Phillip does not ever whisper.,Stacy's French teacher that had not loved Phillip does ever whisper.,syntax_semantics,npi_licensing,sentential_negation_npi_scope,True,False,True,True,665,-94.744873046875,-96.55630493164062,1
The window that should upset Pamela has not ever closed.,The window that should not upset Pamela has ever closed.,syntax_semantics,npi_licensing,sentential_negation_npi_scope,True,False,True,True,666,-70.46665954589844,-67.01513671875,0
The sister of Jason that was breaking many planes had not ever insulted Veronica.,The sister of Jason that was not breaking many planes had ever insulted Veronica.,syntax_semantics,npi_licensing,sentential_negation_npi_scope,True,False,True,True,667,-102.01228332519531,-102.31437683105469,1
This grandson of Naomi that could return to Michelle should not ever want the actress to argue about Sandra.,This grandson of Naomi that could not return to Michelle should ever want the actress to argue about Sandra.,syntax_semantics,npi_licensing,sentential_negation_npi_scope,True,False,True,True,668,-127.58567810058594,-126.5247802734375,0
Ella's senators who had escaped from every driver should not ever die.,Ella's senators who had not escaped from every driver should ever die.,syntax_semantics,npi_licensing,sentential_negation_npi_scope,True,False,True,True,669,-94.19465637207031,-97.59137725830078,1
The driver that was listening to Russell had not ever begged most dancers to collaborate.,The driver that was not listening to Russell had ever begged most dancers to collaborate.,syntax_semantics,npi_licensing,sentential_negation_npi_scope,True,False,True,True,670,-99.64762115478516,-99.00181579589844,0
A lot of gloves that will look like some pictures could not ever impress the actresses.,A lot of gloves that will not look like some pictures could ever impress the actresses.,syntax_semantics,npi_licensing,sentential_negation_npi_scope,True,False,True,True,671,-96.02020263671875,-97.15901184082031,1
The customers who were describing Martin have not ever persuaded Donna to climb up the hill.,The customers who were not describing Martin have ever persuaded Donna to climb up the hill.,syntax_semantics,npi_licensing,sentential_negation_npi_scope,True,False,True,True,672,-104.34194946289062,-104.0673599243164,0
That ice that is irritating Valerie has not ever condensed.,That ice that is not irritating Valerie has ever condensed.,syntax_semantics,npi_licensing,sentential_negation_npi_scope,True,False,True,True,673,-77.1574935913086,-75.6745376586914,0
Brett's podiatrists that would worry Heather had not ever succeeded.,Brett's podiatrists that would not worry Heather had ever succeeded.,syntax_semantics,npi_licensing,sentential_negation_npi_scope,True,False,True,True,674,-112.47015380859375,-110.54637145996094,0
That broccoli that did stun Anna will not ever blacken.,That broccoli that did not stun Anna will ever blacken.,syntax_semantics,npi_licensing,sentential_negation_npi_scope,True,False,True,True,675,-83.66826629638672,-80.22093200683594,0
The actor who was researching science can not ever care for Melinda.,The actor who was not researching science can ever care for Melinda.,syntax_semantics,npi_licensing,sentential_negation_npi_scope,True,False,True,True,676,-90.42015075683594,-89.31055450439453,0
The actor's grandmother who had scared the banks had not ever seen most screens.,The actor's grandmother who had not scared the banks had ever seen most screens.,syntax_semantics,npi_licensing,sentential_negation_npi_scope,True,False,True,True,677,-95.99952697753906,-94.43272399902344,0
Some shawls that had impressed Amy have not ever frayed.,Some shawls that had not impressed Amy have ever frayed.,syntax_semantics,npi_licensing,sentential_negation_npi_scope,True,False,True,True,678,-90.56141662597656,-88.46635437011719,0
Bethany's daughters who are appreciating all lakes could not ever plan to disturb Diane.,Bethany's daughters who are not appreciating all lakes could ever plan to disturb Diane.,syntax_semantics,npi_licensing,sentential_negation_npi_scope,True,False,True,True,679,-126.91172790527344,-128.10548400878906,1
Some waitress that has alarmed Martin did not ever weep.,Some waitress that has not alarmed Martin did ever weep.,syntax_semantics,npi_licensing,sentential_negation_npi_scope,True,False,True,True,680,-70.08070373535156,-74.0910873413086,1
The carriage that does disgust most adults had not ever turned.,The carriage that does not disgust most adults had ever turned.,syntax_semantics,npi_licensing,sentential_negation_npi_scope,True,False,True,True,681,-79.72725677490234,-76.33863067626953,0
The organizations that had upset Kenneth might not ever require Theresa's senator to shout.,The organizations that had not upset Kenneth might ever require Theresa's senator to shout.,syntax_semantics,npi_licensing,sentential_negation_npi_scope,True,False,True,True,682,-111.43342590332031,-111.7337417602539,1
Vanessa's brother that has questioned Diana had not ever considered some scarf to fray.,Vanessa's brother that has not questioned Diana had ever considered some scarf to fray.,syntax_semantics,npi_licensing,sentential_negation_npi_scope,True,False,True,True,683,-108.47771453857422,-109.70948791503906,1
A teenager who has biked to some museum did not ever boast.,A teenager who has not biked to some museum did ever boast.,syntax_semantics,npi_licensing,sentential_negation_npi_scope,True,False,True,True,684,-91.66105651855469,-97.02274322509766,1
Emily's sons who are insulting some mall did not ever describe the cafe.,Emily's sons who are not insulting some mall did ever describe the cafe.,syntax_semantics,npi_licensing,sentential_negation_npi_scope,True,False,True,True,685,-91.16912841796875,-95.05868530273438,1
This guest's grandfathers who had described Larry could not ever read.,This guest's grandfathers who had not described Larry could ever read.,syntax_semantics,npi_licensing,sentential_negation_npi_scope,True,False,True,True,686,-85.7783203125,-87.39910888671875,1
Susan's father that did explore the public park would not ever escape from Gary.,Susan's father that did not explore the public park would ever escape from Gary.,syntax_semantics,npi_licensing,sentential_negation_npi_scope,True,False,True,True,687,-90.96058654785156,-86.96040344238281,0
Carrie's tutors that were approaching Theresa have not ever looked like some pictures.,Carrie's tutors that were not approaching Theresa have ever looked like some pictures.,syntax_semantics,npi_licensing,sentential_negation_npi_scope,True,False,True,True,688,-104.08976745605469,-104.15394592285156,1
Holly's sons who might break some unicycles could not ever hide away.,Holly's sons who might not break some unicycles could ever hide away.,syntax_semantics,npi_licensing,sentential_negation_npi_scope,True,False,True,True,689,-108.10884094238281,-110.45524597167969,1
Jason's grandmothers who did clean some dish have not ever gone fishing.,Jason's grandmothers who did not clean some dish have ever gone fishing.,syntax_semantics,npi_licensing,sentential_negation_npi_scope,True,False,True,True,690,-100.02632141113281,-93.76885986328125,0
Some grandfathers of Ella that had left Pamela had not ever exercised.,Some grandfathers of Ella that had not left Pamela had ever exercised.,syntax_semantics,npi_licensing,sentential_negation_npi_scope,True,False,True,True,691,-93.94420623779297,-94.72030639648438,1
Those vases that did impress many waiters do not ever slip.,Those vases that did not impress many waiters do ever slip.,syntax_semantics,npi_licensing,sentential_negation_npi_scope,True,False,True,True,692,-95.86568450927734,-93.06251525878906,0
Sarah's students who had hugged Catherine have not ever prodded Paula to discuss Brad.,Sarah's students who had not hugged Catherine have ever prodded Paula to discuss Brad.,syntax_semantics,npi_licensing,sentential_negation_npi_scope,True,False,True,True,693,-128.12689208984375,-126.95145416259766,0
Robert's classmates who had hated Sheila would not ever practice.,Robert's classmates who had not hated Sheila would ever practice.,syntax_semantics,npi_licensing,sentential_negation_npi_scope,True,False,True,True,694,-77.49153137207031,-78.31800842285156,1
A lot of granddaughters of Rachelle who have examined reports had not ever come here.,A lot of granddaughters of Rachelle who have not examined reports had ever come here.,syntax_semantics,npi_licensing,sentential_negation_npi_scope,True,False,True,True,695,-116.06636810302734,-118.47442626953125,1
John's plumbers that had cleaned some chairs have not ever slumped over.,John's plumbers that had not cleaned some chairs have ever slumped over.,syntax_semantics,npi_licensing,sentential_negation_npi_scope,True,False,True,True,696,-94.97396087646484,-92.88197326660156,0
Every cart that had stunned Stacey had not ever slowed.,Every cart that had not stunned Stacey had ever slowed.,syntax_semantics,npi_licensing,sentential_negation_npi_scope,True,False,True,True,697,-80.16680908203125,-80.70979309082031,1
Deanna's partner that was describing Erin had not ever wished to sneeze.,Deanna's partner that was not describing Erin had ever wished to sneeze.,syntax_semantics,npi_licensing,sentential_negation_npi_scope,True,False,True,True,698,-104.29981231689453,-102.9857177734375,0
An actress who did climb up slopes had not ever brought these birds.,An actress who did not climb up slopes had ever brought these birds.,syntax_semantics,npi_licensing,sentential_negation_npi_scope,True,False,True,True,699,-86.74478912353516,-81.75421142578125,0
The father of Phillip who is climbing down every slope has not ever cleaned some plate.,The father of Phillip who is not climbing down every slope has ever cleaned some plate.,syntax_semantics,npi_licensing,sentential_negation_npi_scope,True,False,True,True,700,-113.84678649902344,-112.27702331542969,0
Some father of Jerry who did talk to Bill has not ever complained about Jane.,Some father of Jerry who did not talk to Bill has ever complained about Jane.,syntax_semantics,npi_licensing,sentential_negation_npi_scope,True,False,True,True,701,-92.87823486328125,-85.97842407226562,0
Linda's mentee who had fled from Russell did not ever judge Carla to hire most guys.,Linda's mentee who had not fled from Russell did ever judge Carla to hire most guys.,syntax_semantics,npi_licensing,sentential_negation_npi_scope,True,False,True,True,702,-137.83331298828125,-145.40335083007812,1
Some girl's grandmothers who are cleaning most windows might not ever forfeit.,Some girl's grandmothers who are not cleaning most windows might ever forfeit.,syntax_semantics,npi_licensing,sentential_negation_npi_scope,True,False,True,True,703,-105.163330078125,-106.02491760253906,1
That cake that is astounding William does not ever blacken.,That cake that is not astounding William does ever blacken.,syntax_semantics,npi_licensing,sentential_negation_npi_scope,True,False,True,True,704,-79.08372497558594,-82.28059387207031,1
Catherine's grandfathers who are describing that cashier have not ever suffered.,Catherine's grandfathers who are not describing that cashier have ever suffered.,syntax_semantics,npi_licensing,sentential_negation_npi_scope,True,False,True,True,705,-100.60295104980469,-98.14356994628906,0
Alan's handyman who has scanned a play does not ever slump over.,Alan's handyman who has not scanned a play does ever slump over.,syntax_semantics,npi_licensing,sentential_negation_npi_scope,True,False,True,True,706,-94.70362854003906,-100.17994689941406,1
The bicycle that was upsetting Eric did not ever tip over.,The bicycle that was not upsetting Eric did ever tip over.,syntax_semantics,npi_licensing,sentential_negation_npi_scope,True,False,True,True,707,-75.38495635986328,-79.04000854492188,1
Every teenager's electricians that had concealed Lissa would not ever convince Melanie to break many carts.,Every teenager's electricians that had not concealed Lissa would ever convince Melanie to break many carts.,syntax_semantics,npi_licensing,sentential_negation_npi_scope,True,False,True,True,708,-137.0748291015625,-138.3194580078125,1
A museum that had sold these movie theaters can not ever force Scott to leave.,A museum that had not sold these movie theaters can ever force Scott to leave.,syntax_semantics,npi_licensing,sentential_negation_npi_scope,True,False,True,True,709,-111.27995300292969,-111.85507202148438,1
Many sons of those teenagers who are finding Eva had not ever ascertained Julie to complain.,Many sons of those teenagers who are not finding Eva had ever ascertained Julie to complain.,syntax_semantics,npi_licensing,sentential_negation_npi_scope,True,False,True,True,710,-121.02637481689453,-119.6290283203125,0
Stacey's grandson who had insulted Jeffrey should not ever discuss Julie.,Stacey's grandson who had not insulted Jeffrey should ever discuss Julie.,syntax_semantics,npi_licensing,sentential_negation_npi_scope,True,False,True,True,711,-99.16928100585938,-101.87883758544922,1
Joel's daughters who did boast about Tamara have not ever toured some schools.,Joel's daughters who did not boast about Tamara have ever toured some schools.,syntax_semantics,npi_licensing,sentential_negation_npi_scope,True,False,True,True,712,-114.58565521240234,-107.68170166015625,0
The pepper that should hurt Margaret should not ever rot.,The pepper that should not hurt Margaret should ever rot.,syntax_semantics,npi_licensing,sentential_negation_npi_scope,True,False,True,True,713,-73.59213256835938,-72.97687530517578,0
Sarah's colleagues who could run around this bank have not ever surrendered.,Sarah's colleagues who could not run around this bank have ever surrendered.,syntax_semantics,npi_licensing,sentential_negation_npi_scope,True,False,True,True,714,-85.5408935546875,-82.16400146484375,0
The Lutherans' nephew who does alarm Kathleen has not ever changed.,The Lutherans' nephew who does not alarm Kathleen has ever changed.,syntax_semantics,npi_licensing,sentential_negation_npi_scope,True,False,True,True,715,-101.26075744628906,-98.81230163574219,0
All friends of Joseph who are firing Michael had not ever drunk.,All friends of Joseph who are not firing Michael had ever drunk.,syntax_semantics,npi_licensing,sentential_negation_npi_scope,True,False,True,True,716,-82.93898010253906,-82.29731750488281,0
Every granddaughter of Galileo who can stun Karen has not ever noticed some mushrooms.,Every granddaughter of Galileo who can not stun Karen has ever noticed some mushrooms.,syntax_semantics,npi_licensing,sentential_negation_npi_scope,True,False,True,True,717,-105.57193756103516,-105.49185180664062,0
Larry's dentist that is impressing a teacher did not ever study.,Larry's dentist that is not impressing a teacher did ever study.,syntax_semantics,npi_licensing,sentential_negation_npi_scope,True,False,True,True,718,-79.89395141601562,-84.3511734008789,1
The people that were lifting most dishes can not ever ask Ann's employees to practice.,The people that were not lifting most dishes can ever ask Ann's employees to practice.,syntax_semantics,npi_licensing,sentential_negation_npi_scope,True,False,True,True,719,-109.1417236328125,-108.91751098632812,0
A lot of rugs that had distracted Diane have not ever bothered Keith.,A lot of rugs that had not distracted Diane have ever bothered Keith.,syntax_semantics,npi_licensing,sentential_negation_npi_scope,True,False,True,True,720,-100.842529296875,-99.607666015625,0
Brad's oncologists that have fled from Katherine do not ever skate around that public park.,Brad's oncologists that have not fled from Katherine do ever skate around that public park.,syntax_semantics,npi_licensing,sentential_negation_npi_scope,True,False,True,True,721,-122.30986022949219,-130.15081787109375,1
A customer who is researching all lakes can not ever admire the eggplant.,A customer who is not researching all lakes can ever admire the eggplant.,syntax_semantics,npi_licensing,sentential_negation_npi_scope,True,False,True,True,722,-107.80830383300781,-105.47450256347656,0
Maria's electricians who will reveal this book should not ever return to the children.,Maria's electricians who will not reveal this book should ever return to the children.,syntax_semantics,npi_licensing,sentential_negation_npi_scope,True,False,True,True,723,-88.74179077148438,-88.59601593017578,0
Some student who will discover broccoli had not ever discovered Leslie to hug Tanya.,Some student who will not discover broccoli had ever discovered Leslie to hug Tanya.,syntax_semantics,npi_licensing,sentential_negation_npi_scope,True,False,True,True,724,-106.50357055664062,-104.99363708496094,0
Melissa's tutors who have appreciated Carmen should not ever cough.,Melissa's tutors who have not appreciated Carmen should ever cough.,syntax_semantics,npi_licensing,sentential_negation_npi_scope,True,False,True,True,725,-95.77072143554688,-96.0269546508789,1
Joseph's sons who had descended every hill will not ever oblige Michael's spouse to sit down.,Joseph's sons who had not descended every hill will ever oblige Michael's spouse to sit down.,syntax_semantics,npi_licensing,sentential_negation_npi_scope,True,False,True,True,726,-120.0762939453125,-121.35401153564453,1
Diane's piano teacher that has boasted about these cashiers has not ever disappeared.,Diane's piano teacher that has not boasted about these cashiers has ever disappeared.,syntax_semantics,npi_licensing,sentential_negation_npi_scope,True,False,True,True,727,-111.18995666503906,-111.35325622558594,1
Girls who might discuss Deborah have not ever kissed.,Girls who might not discuss Deborah have ever kissed.,syntax_semantics,npi_licensing,sentential_negation_npi_scope,True,False,True,True,728,-69.06712341308594,-67.6688232421875,0
Carlos's French teacher that had skated around hills will not ever swallow.,Carlos's French teacher that had not skated around hills will ever swallow.,syntax_semantics,npi_licensing,sentential_negation_npi_scope,True,False,True,True,729,-107.44741821289062,-108.75110626220703,1
Those drivers' hairdresser who has skated around that closet has not ever questioned Karla.,Those drivers' hairdresser who has not skated around that closet has ever questioned Karla.,syntax_semantics,npi_licensing,sentential_negation_npi_scope,True,False,True,True,730,-142.52197265625,-142.96163940429688,1
Most doctors who were hiring Laura did not ever judge Becky to attack Helen.,Most doctors who were not hiring Laura did ever judge Becky to attack Helen.,syntax_semantics,npi_licensing,sentential_negation_npi_scope,True,False,True,True,731,-103.06350708007812,-107.08706665039062,1
Janice's dentists who were investigating Andrea have not ever discovered Brian.,Janice's dentists who were not investigating Andrea have ever discovered Brian.,syntax_semantics,npi_licensing,sentential_negation_npi_scope,True,False,True,True,732,-99.9892578125,-98.97038269042969,0
The guy that is referencing Carolyn does not ever laugh.,The guy that is not referencing Carolyn does ever laugh.,syntax_semantics,npi_licensing,sentential_negation_npi_scope,True,False,True,True,733,-65.7972640991211,-69.36064910888672,1
The unicycles that had astounded Homer had not ever crashed.,The unicycles that had not astounded Homer had ever crashed.,syntax_semantics,npi_licensing,sentential_negation_npi_scope,True,False,True,True,734,-100.31137084960938,-99.73968505859375,0
All cashiers who had discovered those cafes had not ever scanned all stories.,All cashiers who had not discovered those cafes had ever scanned all stories.,syntax_semantics,npi_licensing,sentential_negation_npi_scope,True,False,True,True,735,-102.36949157714844,-102.53025817871094,1
Colleen's grandmothers who were arriving at restaurants should not ever cry.,Colleen's grandmothers who were not arriving at restaurants should ever cry.,syntax_semantics,npi_licensing,sentential_negation_npi_scope,True,False,True,True,736,-99.69345092773438,-101.86656188964844,1
Timothy's dermatologist that is concealing Frank might not ever think about jackets.,Timothy's dermatologist that is not concealing Frank might ever think about jackets.,syntax_semantics,npi_licensing,sentential_negation_npi_scope,True,False,True,True,737,-113.98660278320312,-114.42578125,1
Some cousins of some student who could attack Brian have not ever testified.,Some cousins of some student who could not attack Brian have ever testified.,syntax_semantics,npi_licensing,sentential_negation_npi_scope,True,False,True,True,738,-92.82459259033203,-90.15266418457031,0
Guests who have biked to this glacier had not ever hunted.,Guests who have not biked to this glacier had ever hunted.,syntax_semantics,npi_licensing,sentential_negation_npi_scope,True,False,True,True,739,-93.17088317871094,-93.72003936767578,1
Sonia's daughters that have hurt Renee had not ever coped.,Sonia's daughters that have not hurt Renee had ever coped.,syntax_semantics,npi_licensing,sentential_negation_npi_scope,True,False,True,True,740,-101.41522216796875,-99.6632308959961,0
Carmen's dermatologist that is questioning some hospital will not ever persuade Eric to learn.,Carmen's dermatologist that is not questioning some hospital will ever persuade Eric to learn.,syntax_semantics,npi_licensing,sentential_negation_npi_scope,True,False,True,True,741,-125.16082000732422,-125.35230255126953,1
Chad's mentor who was annoying Jodi had not ever imagined some dancers train.,Chad's mentor who was not annoying Jodi had ever imagined some dancers train.,syntax_semantics,npi_licensing,sentential_negation_npi_scope,True,False,True,True,742,-114.79708099365234,-113.20782470703125,0
Naomi's fathers that should aggravate Monica might not ever leave.,Naomi's fathers that should not aggravate Monica might ever leave.,syntax_semantics,npi_licensing,sentential_negation_npi_scope,True,False,True,True,743,-93.35357666015625,-93.41291809082031,1
A government that was criticizing Rebecca would not ever assemble.,A government that was not criticizing Rebecca would ever assemble.,syntax_semantics,npi_licensing,sentential_negation_npi_scope,True,False,True,True,744,-74.32367706298828,-76.3133316040039,1
Vincent's associate who is healing Alice has not ever pressured Jennifer's supervisors to fix some mirror.,Vincent's associate who is not healing Alice has ever pressured Jennifer's supervisors to fix some mirror.,syntax_semantics,npi_licensing,sentential_negation_npi_scope,True,False,True,True,745,-150.17584228515625,-148.08718872070312,0
Alicia's colleague who was helping Nancy does not ever seem to condense.,Alicia's colleague who was not helping Nancy does ever seem to condense.,syntax_semantics,npi_licensing,sentential_negation_npi_scope,True,False,True,True,746,-101.08650207519531,-104.54463195800781,1
All sons of Claire who did praise Edward had not ever hurt Rodney.,All sons of Claire who did not praise Edward had ever hurt Rodney.,syntax_semantics,npi_licensing,sentential_negation_npi_scope,True,False,True,True,747,-94.40606689453125,-91.17366790771484,0
This father of those actors that is descending many ladders can not ever donate.,This father of those actors that is not descending many ladders can ever donate.,syntax_semantics,npi_licensing,sentential_negation_npi_scope,True,False,True,True,748,-100.48340606689453,-100.59202575683594,1
Candice's brothers who have examined those books have not ever returned to that guest.,Candice's brothers who have not examined those books have ever returned to that guest.,syntax_semantics,npi_licensing,sentential_negation_npi_scope,True,False,True,True,749,-99.33837890625,-100.75092315673828,1
This car that could embarrass Roger has not ever stopped.,This car that could not embarrass Roger has ever stopped.,syntax_semantics,npi_licensing,sentential_negation_npi_scope,True,False,True,True,750,-68.73580932617188,-66.70289611816406,0
A lot of sons of Jennifer that had helped Timothy have not ever come here.,A lot of sons of Jennifer that had not helped Timothy have ever come here.,syntax_semantics,npi_licensing,sentential_negation_npi_scope,True,False,True,True,751,-94.47508239746094,-94.8912582397461,1
That person who could boast about Martin had not ever remembered Connie.,That person who could not boast about Martin had ever remembered Connie.,syntax_semantics,npi_licensing,sentential_negation_npi_scope,True,False,True,True,752,-82.47978973388672,-80.60704040527344,0
Many libraries that are stunning that organization had not ever want to vanish.,Many libraries that are not stunning that organization had ever want to vanish.,syntax_semantics,npi_licensing,sentential_negation_npi_scope,True,False,True,True,753,-82.16284942626953,-81.31771850585938,0
John's grandmother who had left a driver had not ever fired Kenneth.,John's grandmother who had not left a driver had ever fired Kenneth.,syntax_semantics,npi_licensing,sentential_negation_npi_scope,True,False,True,True,754,-80.3587875366211,-81.62123107910156,1
This niece of this guest that was escaping from a movie theater has not ever praised the Impressionists.,This niece of this guest that was not escaping from a movie theater has ever praised the Impressionists.,syntax_semantics,npi_licensing,sentential_negation_npi_scope,True,False,True,True,755,-127.50753021240234,-125.47688293457031,0
Nina's electrician who has complained about Veronica should not ever blink.,Nina's electrician who has not complained about Veronica should ever blink.,syntax_semantics,npi_licensing,sentential_negation_npi_scope,True,False,True,True,756,-97.13423156738281,-99.58673858642578,1
Mary's dentists that were disturbing John had not ever figured out who shouldn't implore Sally to climb up some slopes.,Mary's dentists that were not disturbing John had ever figured out who shouldn't implore Sally to climb up some slopes.,syntax_semantics,npi_licensing,sentential_negation_npi_scope,True,False,True,True,757,-158.7046661376953,-156.24945068359375,0
Every waiter that was exploring the grocery stores does not ever conceal who swallow.,Every waiter that was not exploring the grocery stores does ever conceal who swallow.,syntax_semantics,npi_licensing,sentential_negation_npi_scope,True,False,True,True,758,-105.74451446533203,-109.01312255859375,1
Jacqueline's daughters who had visited Edward might not ever continue to play.,Jacqueline's daughters who had not visited Edward might ever continue to play.,syntax_semantics,npi_licensing,sentential_negation_npi_scope,True,False,True,True,759,-92.12832641601562,-95.74139404296875,1
An actress who would drop by those cafes has not ever cried.,An actress who would not drop by those cafes has ever cried.,syntax_semantics,npi_licensing,sentential_negation_npi_scope,True,False,True,True,760,-87.28416442871094,-84.23568725585938,0
Guy's supervisors that had concealed Carla should not ever hire Roger.,Guy's supervisors that had not concealed Carla should ever hire Roger.,syntax_semantics,npi_licensing,sentential_negation_npi_scope,True,False,True,True,761,-95.0230484008789,-96.44993591308594,1
Mark's plumber that is irritating Martha has not ever cleaned some cup.,Mark's plumber that is not irritating Martha has ever cleaned some cup.,syntax_semantics,npi_licensing,sentential_negation_npi_scope,True,False,True,True,762,-98.58997344970703,-96.87123107910156,0
These students that had criticized Jane can not ever reunite.,These students that had not criticized Jane can ever reunite.,syntax_semantics,npi_licensing,sentential_negation_npi_scope,True,False,True,True,763,-75.87098693847656,-75.88314819335938,1
Every man that had disliked this child has not ever liked to answer.,Every man that had not disliked this child has ever liked to answer.,syntax_semantics,npi_licensing,sentential_negation_npi_scope,True,False,True,True,764,-71.96578979492188,-71.23597717285156,0
Larry's sons who do escape from Amanda do not ever fall asleep.,Larry's sons who do not escape from Amanda do ever fall asleep.,syntax_semantics,npi_licensing,sentential_negation_npi_scope,True,False,True,True,765,-82.83470153808594,-82.65145111083984,0
Patrick's electricians that are upsetting Alicia should not ever leave.,Patrick's electricians that are not upsetting Alicia should ever leave.,syntax_semantics,npi_licensing,sentential_negation_npi_scope,True,False,True,True,766,-79.40631103515625,-78.47179412841797,0
A lot of cashiers who had left Karla had not ever yawned.,A lot of cashiers who had not left Karla had ever yawned.,syntax_semantics,npi_licensing,sentential_negation_npi_scope,True,False,True,True,767,-94.29586791992188,-95.7537841796875,1
Jane's son that has fixed a vase will not ever try to discover Patrick.,Jane's son that has not fixed a vase will ever try to discover Patrick.,syntax_semantics,npi_licensing,sentential_negation_npi_scope,True,False,True,True,768,-92.13291931152344,-92.54380798339844,1
Many adults who had kissed Theresa will not ever approve.,Many adults who had not kissed Theresa will ever approve.,syntax_semantics,npi_licensing,sentential_negation_npi_scope,True,False,True,True,769,-72.33050537109375,-72.83625030517578,1
Those girls' daughters who would pass that high school have not ever conferred.,Those girls' daughters who would not pass that high school have ever conferred.,syntax_semantics,npi_licensing,sentential_negation_npi_scope,True,False,True,True,770,-99.14539337158203,-96.39974975585938,0
Some shoe that had disgusted Jill could not ever twist.,Some shoe that had not disgusted Jill could ever twist.,syntax_semantics,npi_licensing,sentential_negation_npi_scope,True,False,True,True,771,-75.40133666992188,-77.10491943359375,1
All boys that are breaking every wheelbarrow did not ever hide Kevin.,All boys that are not breaking every wheelbarrow did ever hide Kevin.,syntax_semantics,npi_licensing,sentential_negation_npi_scope,True,False,True,True,772,-89.71647644042969,-93.64666748046875,1
Timothy's contractor that does remember Susan had not ever investigated who discover Ruth to conceal a lot of snakes.,Timothy's contractor that does not remember Susan had ever investigated who discover Ruth to conceal a lot of snakes.,syntax_semantics,npi_licensing,sentential_negation_npi_scope,True,False,True,True,773,-141.2853240966797,-137.18629455566406,0
Frank's teacher who was examining a documentary has not ever lied.,Frank's teacher who was not examining a documentary has ever lied.,syntax_semantics,npi_licensing,sentential_negation_npi_scope,True,False,True,True,774,-79.90555572509766,-78.65150451660156,0
Alexander's lawyer that is praising Leslie did not ever sigh.,Alexander's lawyer that is not praising Leslie did ever sigh.,syntax_semantics,npi_licensing,sentential_negation_npi_scope,True,False,True,True,775,-70.46178436279297,-74.46009826660156,1
That shawl that might shock Claire had not ever loosened.,That shawl that might not shock Claire had ever loosened.,syntax_semantics,npi_licensing,sentential_negation_npi_scope,True,False,True,True,776,-90.66931915283203,-89.9920654296875,0
The friend of Carolyn who would observe Ruth has not ever seen Debra.,The friend of Carolyn who would not observe Ruth has ever seen Debra.,syntax_semantics,npi_licensing,sentential_negation_npi_scope,True,False,True,True,777,-89.27099609375,-87.11258697509766,0
Melanie's lawyer who had taken every casserole might not ever arrive at that hospital.,Melanie's lawyer who had not taken every casserole might ever arrive at that hospital.,syntax_semantics,npi_licensing,sentential_negation_npi_scope,True,False,True,True,778,-118.69363403320312,-122.61138916015625,1
Jesus's contractor who is arguing about Kendra might not ever hate Diana.,Jesus's contractor who is not arguing about Kendra might ever hate Diana.,syntax_semantics,npi_licensing,sentential_negation_npi_scope,True,False,True,True,779,-100.54359436035156,-101.42280578613281,1
A cashier's guests who will care for Tanya had not ever embraced.,A cashier's guests who will not care for Tanya had ever embraced.,syntax_semantics,npi_licensing,sentential_negation_npi_scope,True,False,True,True,780,-101.99958801269531,-98.78221130371094,0
These projectors that are embarrassing Amelia have not ever stunned Aaron.,These projectors that are not embarrassing Amelia have ever stunned Aaron.,syntax_semantics,npi_licensing,sentential_negation_npi_scope,True,False,True,True,781,-96.6038589477539,-94.71261596679688,0
Sandra's dentists who have cured Kendra had not ever longed to salute.,Sandra's dentists who have not cured Kendra had ever longed to salute.,syntax_semantics,npi_licensing,sentential_negation_npi_scope,True,False,True,True,782,-123.74594116210938,-122.9963607788086,0
A nephew of Connie that had looked like those paintings had not ever forfeited.,A nephew of Connie that had not looked like those paintings had ever forfeited.,syntax_semantics,npi_licensing,sentential_negation_npi_scope,True,False,True,True,783,-102.70953369140625,-103.51107788085938,1
Craig's best friend who has questioned Cheryl did not ever get a job.,Craig's best friend who has not questioned Cheryl did ever get a job.,syntax_semantics,npi_licensing,sentential_negation_npi_scope,True,False,True,True,784,-76.83578491210938,-83.66758728027344,1
Monet's grandson that was scanning many movies had not ever coughed.,Monet's grandson that was not scanning many movies had ever coughed.,syntax_semantics,npi_licensing,sentential_negation_npi_scope,True,False,True,True,785,-93.2330551147461,-92.76356506347656,0
Every bank that had respected Dana had not ever failed to cooperate.,Every bank that had not respected Dana had ever failed to cooperate.,syntax_semantics,npi_licensing,sentential_negation_npi_scope,True,False,True,True,786,-77.23373413085938,-75.7484130859375,0
All doctors that might describe this waiter have not ever left.,All doctors that might not describe this waiter have ever left.,syntax_semantics,npi_licensing,sentential_negation_npi_scope,True,False,True,True,787,-73.91258239746094,-73.01114654541016,0
Melissa's dermatologists who might scan commentaries had not ever learned.,Melissa's dermatologists who might not scan commentaries had ever learned.,syntax_semantics,npi_licensing,sentential_negation_npi_scope,True,False,True,True,788,-108.08547973632812,-106.7079086303711,0
Those museums that were talking about Joseph have not ever retaliated.,Those museums that were not talking about Joseph have ever retaliated.,syntax_semantics,npi_licensing,sentential_negation_npi_scope,True,False,True,True,789,-79.34095001220703,-78.04652404785156,0
Barbara's partner that is examining the movies had not ever insulted Dan.,Barbara's partner that is not examining the movies had ever insulted Dan.,syntax_semantics,npi_licensing,sentential_negation_npi_scope,True,False,True,True,790,-90.14488220214844,-89.072509765625,0
Beth's tutor who would drive to all cafes had not ever noticed Scott.,Beth's tutor who would not drive to all cafes had ever noticed Scott.,syntax_semantics,npi_licensing,sentential_negation_npi_scope,True,False,True,True,791,-104.9392318725586,-103.89872741699219,0
Most daughters of the Clintons who can scare Laura would not ever succeed.,Most daughters of the Clintons who can not scare Laura would ever succeed.,syntax_semantics,npi_licensing,sentential_negation_npi_scope,True,False,True,True,792,-90.25817108154297,-91.97015380859375,1
Katherine's ex-wife that is describing Bradley can not ever find Karla to skate around the mall.,Katherine's ex-wife that is not describing Bradley can ever find Karla to skate around the mall.,syntax_semantics,npi_licensing,sentential_negation_npi_scope,True,False,True,True,793,-137.1971435546875,-137.608642578125,1
Regina's guests who will hide Ronald might not ever debate.,Regina's guests who will not hide Ronald might ever debate.,syntax_semantics,npi_licensing,sentential_negation_npi_scope,True,False,True,True,794,-87.15513610839844,-87.46853637695312,1
All lakes that do disgust Rachelle have not ever aggravated all drivers.,All lakes that do not disgust Rachelle have ever aggravated all drivers.,syntax_semantics,npi_licensing,sentential_negation_npi_scope,True,False,True,True,795,-106.38798522949219,-103.95113372802734,0
All friends of Nancy that are arguing about Winston Churchill can not ever fight.,All friends of Nancy that are not arguing about Winston Churchill can ever fight.,syntax_semantics,npi_licensing,sentential_negation_npi_scope,True,False,True,True,796,-97.028564453125,-96.54328918457031,0
That icicle that can stun cashiers does not ever melt.,That icicle that can not stun cashiers does ever melt.,syntax_semantics,npi_licensing,sentential_negation_npi_scope,True,False,True,True,797,-95.64508056640625,-100.501708984375,1
Linda's dentist who might watch Natalie can not ever get a job.,Linda's dentist who might not watch Natalie can ever get a job.,syntax_semantics,npi_licensing,sentential_negation_npi_scope,True,False,True,True,798,-90.72984313964844,-89.7069091796875,0
A niece of Melissa who did stun Tracy can not ever love most actresses.,A niece of Melissa who did not stun Tracy can ever love most actresses.,syntax_semantics,npi_licensing,sentential_negation_npi_scope,True,False,True,True,799,-111.96430969238281,-107.5682144165039,0
The daughter of Heidi that was messing up some rug would not ever depart.,The daughter of Heidi that was not messing up some rug would ever depart.,syntax_semantics,npi_licensing,sentential_negation_npi_scope,True,False,True,True,800,-92.73104858398438,-92.7612533569336,1
Ella's podiatrists that are boasting about Dennis should not ever spur Lawrence to vanish.,Ella's podiatrists that are not boasting about Dennis should ever spur Lawrence to vanish.,syntax_semantics,npi_licensing,sentential_negation_npi_scope,True,False,True,True,801,-143.4864959716797,-142.87545776367188,0
All lakes that have annoyed the schools would not ever condense.,All lakes that have not annoyed the schools would ever condense.,syntax_semantics,npi_licensing,sentential_negation_npi_scope,True,False,True,True,802,-81.6851577758789,-82.72105407714844,1
Those guests that do exit the lake did not ever observe these customers.,Those guests that do not exit the lake did ever observe these customers.,syntax_semantics,npi_licensing,sentential_negation_npi_scope,True,False,True,True,803,-86.45274353027344,-89.0611572265625,1
Donald's dentists who were selling that light will not ever have these stairs.,Donald's dentists who were not selling that light will ever have these stairs.,syntax_semantics,npi_licensing,sentential_negation_npi_scope,True,False,True,True,804,-94.29472351074219,-94.40988159179688,1
That doctor's dermatologist who does like these shoes had not ever read.,That doctor's dermatologist who does not like these shoes had ever read.,syntax_semantics,npi_licensing,sentential_negation_npi_scope,True,False,True,True,805,-91.35102844238281,-87.26393127441406,0
All daughters of William who have loved Walter have not ever married.,All daughters of William who have not loved Walter have ever married.,syntax_semantics,npi_licensing,sentential_negation_npi_scope,True,False,True,True,806,-84.15827941894531,-84.19501495361328,1
The senator's senators who will bike to some banks have not ever hugged Sarah.,The senator's senators who will not bike to some banks have ever hugged Sarah.,syntax_semantics,npi_licensing,sentential_negation_npi_scope,True,False,True,True,807,-113.22296142578125,-110.71644592285156,0
Some organization that had alarmed Diane does not ever joke around.,Some organization that had not alarmed Diane does ever joke around.,syntax_semantics,npi_licensing,sentential_negation_npi_scope,True,False,True,True,808,-81.02618408203125,-84.44259643554688,1
That cafe that was aggravating Rose has not ever scared some pedestrian.,That cafe that was not aggravating Rose has ever scared some pedestrian.,syntax_semantics,npi_licensing,sentential_negation_npi_scope,True,False,True,True,809,-97.01661682128906,-96.56744384765625,0
All men's guests that might escape from Susan will not ever drop by the museums.,All men's guests that might not escape from Susan will ever drop by the museums.,syntax_semantics,npi_licensing,sentential_negation_npi_scope,True,False,True,True,810,-98.28707885742188,-98.04069519042969,0
Every lamp that has embarrassed Rose has not ever darkened.,Every lamp that has not embarrassed Rose has ever darkened.,syntax_semantics,npi_licensing,sentential_negation_npi_scope,True,False,True,True,811,-76.099853515625,-73.72760009765625,0
Every bank that could praise Jeffrey had not ever concealed Heidi.,Every bank that could not praise Jeffrey had ever concealed Heidi.,syntax_semantics,npi_licensing,sentential_negation_npi_scope,True,False,True,True,812,-88.33908081054688,-85.88126373291016,0
Every scarf that has alarmed some pedestrian had not ever distracted Melissa.,Every scarf that has not alarmed some pedestrian had ever distracted Melissa.,syntax_semantics,npi_licensing,sentential_negation_npi_scope,True,False,True,True,813,-92.104736328125,-91.11966705322266,0
A lot of schools that have concealed this book should not ever anticipate most projectors to brighten.,A lot of schools that have not concealed this book should ever anticipate most projectors to brighten.,syntax_semantics,npi_licensing,sentential_negation_npi_scope,True,False,True,True,814,-132.56875610351562,-134.61526489257812,1
The cups that are bothering Jesus have not ever worried Liam.,The cups that are not bothering Jesus have ever worried Liam.,syntax_semantics,npi_licensing,sentential_negation_npi_scope,True,False,True,True,815,-86.10202026367188,-83.88590240478516,0
The sweater that might distract Raymond should not ever loosen.,The sweater that might not distract Raymond should ever loosen.,syntax_semantics,npi_licensing,sentential_negation_npi_scope,True,False,True,True,816,-80.14701843261719,-80.77143859863281,1
Most art galleries that could disturb some lady can not ever vanish.,Most art galleries that could not disturb some lady can ever vanish.,syntax_semantics,npi_licensing,sentential_negation_npi_scope,True,False,True,True,817,-87.244384765625,-84.59410095214844,0
Every student that has alarmed most drivers did not ever astound most adults.,Every student that has not alarmed most drivers did ever astound most adults.,syntax_semantics,npi_licensing,sentential_negation_npi_scope,True,False,True,True,818,-102.46672058105469,-106.41838836669922,1
An icicle that was distracting this waitress will not ever vaporize.,An icicle that was not distracting this waitress will ever vaporize.,syntax_semantics,npi_licensing,sentential_negation_npi_scope,True,False,True,True,819,-96.53709411621094,-96.76962280273438,1
Larry's handyman that has brought all banks has not ever remembered what stops.,Larry's handyman that has not brought all banks has ever remembered what stops.,syntax_semantics,npi_licensing,sentential_negation_npi_scope,True,False,True,True,820,-102.75066375732422,-104.84251403808594,1
The companies that have admired Susan do not ever force Leslie's dermatologist to disturb most boys.,The companies that have not admired Susan do ever force Leslie's dermatologist to disturb most boys.,syntax_semantics,npi_licensing,sentential_negation_npi_scope,True,False,True,True,821,-129.77069091796875,-134.9658660888672,1
Some dancers that had looked like that print do not ever hide all dishes.,Some dancers that had not looked like that print do ever hide all dishes.,syntax_semantics,npi_licensing,sentential_negation_npi_scope,True,False,True,True,822,-94.1745834350586,-97.08047485351562,1
Susan's plumber that was scanning most stories has not ever doubted Donna wouldn't break most computers.,Susan's plumber that was not scanning most stories has ever doubted Donna wouldn't break most computers.,syntax_semantics,npi_licensing,sentential_negation_npi_scope,True,False,True,True,823,-132.98660278320312,-131.7075653076172,0
Tracy's mentor who was looking like that photograph has not ever researched literature.,Tracy's mentor who was not looking like that photograph has ever researched literature.,syntax_semantics,npi_licensing,sentential_negation_npi_scope,True,False,True,True,824,-100.92076873779297,-101.05461883544922,1
That mushroom that can hurt every driver has not ever grown.,That mushroom that can not hurt every driver has ever grown.,syntax_semantics,npi_licensing,sentential_negation_npi_scope,True,False,True,True,825,-77.04745483398438,-75.85456848144531,0
That association that can fire Douglas could not ever conspire.,That association that can not fire Douglas could ever conspire.,syntax_semantics,npi_licensing,sentential_negation_npi_scope,True,False,True,True,826,-84.09087371826172,-87.10765075683594,1
Those patients' grandfather who had questioned this library would not ever command Sandra to yell.,Those patients' grandfather who had not questioned this library would ever command Sandra to yell.,syntax_semantics,npi_licensing,sentential_negation_npi_scope,True,False,True,True,827,-120.31571197509766,-121.91557312011719,1
Some actor's mothers who have irritated Frank had not ever left Natalie.,Some actor's mothers who have not irritated Frank had ever left Natalie.,syntax_semantics,npi_licensing,sentential_negation_npi_scope,True,False,True,True,828,-95.50665283203125,-95.43408966064453,0
The planes that are annoying Marie had not ever existed.,The planes that are not annoying Marie had ever existed.,syntax_semantics,npi_licensing,sentential_negation_npi_scope,True,False,True,True,829,-66.47024536132812,-65.69137573242188,0
Maria's handyman that has talked about Lawrence does not ever blink.,Maria's handyman that has not talked about Lawrence does ever blink.,syntax_semantics,npi_licensing,sentential_negation_npi_scope,True,False,True,True,830,-84.00999450683594,-88.65872955322266,1
Every pie that has confused Florence would not ever char.,Every pie that has not confused Florence would ever char.,syntax_semantics,npi_licensing,sentential_negation_npi_scope,True,False,True,True,831,-75.40963745117188,-76.06710815429688,1
The art gallery that has worried Peter did not ever impress the pedestrian.,The art gallery that has not worried Peter did ever impress the pedestrian.,syntax_semantics,npi_licensing,sentential_negation_npi_scope,True,False,True,True,832,-94.00741577148438,-95.52523040771484,1
Tanya's son who is observing Lissa had not ever vanished.,Tanya's son who is not observing Lissa had ever vanished.,syntax_semantics,npi_licensing,sentential_negation_npi_scope,True,False,True,True,833,-84.8294448852539,-83.36280822753906,0
A mother of Jesus that will drive to the malls had not ever performed.,A mother of Jesus that will not drive to the malls had ever performed.,syntax_semantics,npi_licensing,sentential_negation_npi_scope,True,False,True,True,834,-92.43634033203125,-91.7554931640625,0
Pamela's grandmother who is discovering some actor has not ever learned.,Pamela's grandmother who is not discovering some actor has ever learned.,syntax_semantics,npi_licensing,sentential_negation_npi_scope,True,False,True,True,835,-93.80420684814453,-91.96524047851562,0
These fathers of Derek that were selling some pasta had not ever cooked.,These fathers of Derek that were not selling some pasta had ever cooked.,syntax_semantics,npi_licensing,sentential_negation_npi_scope,True,False,True,True,836,-91.16181945800781,-88.95127868652344,0
This patient who was cleaning a lot of glasses had not ever explained Peter wasn't waving.,This patient who was not cleaning a lot of glasses had ever explained Peter wasn't waving.,syntax_semantics,npi_licensing,sentential_negation_npi_scope,True,False,True,True,837,-104.13316345214844,-104.2801284790039,1
The mothers of Monet that could tour cafes have not ever exited that closet.,The mothers of Monet that could not tour cafes have ever exited that closet.,syntax_semantics,npi_licensing,sentential_negation_npi_scope,True,False,True,True,838,-122.53506469726562,-119.06101989746094,0
Some son of Sonia that will respect Ella can not ever hide away.,Some son of Sonia that will not respect Ella can ever hide away.,syntax_semantics,npi_licensing,sentential_negation_npi_scope,True,False,True,True,839,-92.10519409179688,-89.2397689819336,0
Some mother of Valerie who has cared for Roger should not ever yearn to attack Julie.,Some mother of Valerie who has not cared for Roger should ever yearn to attack Julie.,syntax_semantics,npi_licensing,sentential_negation_npi_scope,True,False,True,True,840,-119.64149475097656,-121.47402954101562,1
That senator's supervisor who will listen to Brad had not ever broken a lot of trucks.,That senator's supervisor who will not listen to Brad had ever broken a lot of trucks.,syntax_semantics,npi_licensing,sentential_negation_npi_scope,True,False,True,True,841,-111.3770751953125,-108.86099243164062,0
Alexander's lawyers that will drive to every library had not ever talked.,Alexander's lawyers that will not drive to every library had ever talked.,syntax_semantics,npi_licensing,sentential_negation_npi_scope,True,False,True,True,842,-81.08869934082031,-80.44406127929688,0
Nancy's grandson who can conceal all waiters will not ever respect Melinda.,Nancy's grandson who can not conceal all waiters will ever respect Melinda.,syntax_semantics,npi_licensing,sentential_negation_npi_scope,True,False,True,True,843,-119.46886444091797,-120.88033294677734,1
Alexander's mentors that have concealed Denise should not ever kiss Christine.,Alexander's mentors that have not concealed Denise should ever kiss Christine.,syntax_semantics,npi_licensing,sentential_negation_npi_scope,True,False,True,True,844,-90.77888488769531,-92.23281860351562,1
Meredith's dermatologists that have biked to that cafe can not ever suffer.,Meredith's dermatologists that have not biked to that cafe can ever suffer.,syntax_semantics,npi_licensing,sentential_negation_npi_scope,True,False,True,True,845,-119.99256896972656,-122.3199462890625,1
The lady that was arguing about Irene did not ever judge Stacy to hate Colleen.,The lady that was not arguing about Irene did ever judge Stacy to hate Colleen.,syntax_semantics,npi_licensing,sentential_negation_npi_scope,True,False,True,True,846,-114.32650756835938,-117.91265869140625,1
These convertibles that had disgusted Bruce had not ever steered.,These convertibles that had not disgusted Bruce had ever steered.,syntax_semantics,npi_licensing,sentential_negation_npi_scope,True,False,True,True,847,-84.94187927246094,-83.23331451416016,0
This carriage that is boring Martin does not ever hurt Paul.,This carriage that is not boring Martin does ever hurt Paul.,syntax_semantics,npi_licensing,sentential_negation_npi_scope,True,False,True,True,848,-74.62042236328125,-77.83767700195312,1
Most doctors who have shocked Donna did not ever prevent every bank from changing.,Most doctors who have not shocked Donna did ever prevent every bank from changing.,syntax_semantics,npi_licensing,sentential_negation_npi_scope,True,False,True,True,849,-99.52630615234375,-103.1131591796875,1
Every teenager's brothers who were confusing Sonia would not ever work hard.,Every teenager's brothers who were not confusing Sonia would ever work hard.,syntax_semantics,npi_licensing,sentential_negation_npi_scope,True,False,True,True,850,-90.37956237792969,-89.97065734863281,0
Catherine's husband who had cleaned many public parks has not ever nodded.,Catherine's husband who had not cleaned many public parks has ever nodded.,syntax_semantics,npi_licensing,sentential_negation_npi_scope,True,False,True,True,851,-99.30162811279297,-98.5042724609375,0
Carmen's hairdresser that was insulting Susan does not ever fire Samuel.,Carmen's hairdresser that was not insulting Susan does ever fire Samuel.,syntax_semantics,npi_licensing,sentential_negation_npi_scope,True,False,True,True,852,-111.90580749511719,-116.25650787353516,1
Jesus's piano teacher that is visiting the art gallery would not ever pass some art gallery.,Jesus's piano teacher that is not visiting the art gallery would ever pass some art gallery.,syntax_semantics,npi_licensing,sentential_negation_npi_scope,True,False,True,True,853,-110.53131103515625,-111.63713073730469,1
Some pedestrian who was buying some lamps could not ever turn out to exit some glacier.,Some pedestrian who was not buying some lamps could ever turn out to exit some glacier.,syntax_semantics,npi_licensing,sentential_negation_npi_scope,True,False,True,True,854,-109.9072265625,-109.3323974609375,0
Most children that have escaped from some closet can not ever succeed.,Most children that have not escaped from some closet can ever succeed.,syntax_semantics,npi_licensing,sentential_negation_npi_scope,True,False,True,True,855,-77.90094757080078,-79.64855194091797,1
A doctor who does break this screen has not ever insulted Raymond.,A doctor who does not break this screen has ever insulted Raymond.,syntax_semantics,npi_licensing,sentential_negation_npi_scope,True,False,True,True,856,-89.74028015136719,-85.3477783203125,0
That shoe that is annoying most teenagers can not ever stretch.,That shoe that is not annoying most teenagers can ever stretch.,syntax_semantics,npi_licensing,sentential_negation_npi_scope,True,False,True,True,857,-78.73270416259766,-78.08506774902344,0
Those patients that have scared Elizabeth had not ever embraced.,Those patients that have not scared Elizabeth had ever embraced.,syntax_semantics,npi_licensing,sentential_negation_npi_scope,True,False,True,True,858,-75.46113586425781,-73.86576843261719,0
A cashier who is concealing Andrea has not ever played.,A cashier who is not concealing Andrea has ever played.,syntax_semantics,npi_licensing,sentential_negation_npi_scope,True,False,True,True,859,-92.9014892578125,-90.8777084350586,0
Barbara's ex-husband who can pass this grocery store did not ever ask some daughters of Gerald to scan that newspaper article.,Barbara's ex-husband who can not pass this grocery store did ever ask some daughters of Gerald to scan that newspaper article.,syntax_semantics,npi_licensing,sentential_negation_npi_scope,True,False,True,True,860,-168.50543212890625,-173.45758056640625,1
Amanda's employees that could arrive at some lake do not ever figure out who climbed up some ladder.,Amanda's employees that could not arrive at some lake do ever figure out who climbed up some ladder.,syntax_semantics,npi_licensing,sentential_negation_npi_scope,True,False,True,True,861,-126.864501953125,-128.80657958984375,1
Most patients' cousin that had described Roger will not ever persuade Wayne's oncologist to research mountains.,Most patients' cousin that had not described Roger will ever persuade Wayne's oncologist to research mountains.,syntax_semantics,npi_licensing,sentential_negation_npi_scope,True,False,True,True,862,-154.17344665527344,-157.05923461914062,1
All vases that were alarming Helen have not ever stunned schools.,All vases that were not alarming Helen have ever stunned schools.,syntax_semantics,npi_licensing,sentential_negation_npi_scope,True,False,True,True,863,-95.91374206542969,-93.73312377929688,0
That cashier who does exit some high school had not ever bothered Stacy.,That cashier who does not exit some high school had ever bothered Stacy.,syntax_semantics,npi_licensing,sentential_negation_npi_scope,True,False,True,True,864,-104.43948364257812,-101.50349426269531,0
Grace's mothers that might think about Tammy did not ever wash.,Grace's mothers that might not think about Tammy did ever wash.,syntax_semantics,npi_licensing,sentential_negation_npi_scope,True,False,True,True,865,-80.26559448242188,-83.52019500732422,1
The association that is concealing Christine will not ever advise the nieces of Stephen to divorce.,The association that is not concealing Christine will ever advise the nieces of Stephen to divorce.,syntax_semantics,npi_licensing,sentential_negation_npi_scope,True,False,True,True,866,-136.44749450683594,-136.34902954101562,0
Windows that will shock Dan should not ever fling open.,Windows that will not shock Dan should ever fling open.,syntax_semantics,npi_licensing,sentential_negation_npi_scope,True,False,True,True,867,-78.33745574951172,-78.584716796875,1
Some guests that would bore Rachel would not ever react.,Some guests that would not bore Rachel would ever react.,syntax_semantics,npi_licensing,sentential_negation_npi_scope,True,False,True,True,868,-70.38351440429688,-70.01837158203125,0
The son of Carolyn that had resembled this photograph could not ever prompt Wendy to visit Beverly.,The son of Carolyn that had not resembled this photograph could ever prompt Wendy to visit Beverly.,syntax_semantics,npi_licensing,sentential_negation_npi_scope,True,False,True,True,869,-121.75796508789062,-123.1526107788086,1
Martha's nieces who have alarmed Kendra will not ever sway Tanya to sit down.,Martha's nieces who have not alarmed Kendra will ever sway Tanya to sit down.,syntax_semantics,npi_licensing,sentential_negation_npi_scope,True,False,True,True,870,-141.01638793945312,-142.60426330566406,1
A lot of mouths that were impressing a doctor had not ever flung open.,A lot of mouths that were not impressing a doctor had ever flung open.,syntax_semantics,npi_licensing,sentential_negation_npi_scope,True,False,True,True,871,-93.32789611816406,-93.22117614746094,0
Granddaughters of Patrick who might exit that mall had not ever worked hard.,Granddaughters of Patrick who might not exit that mall had ever worked hard.,syntax_semantics,npi_licensing,sentential_negation_npi_scope,True,False,True,True,872,-104.00712585449219,-101.84134674072266,0
Pamela's piano teacher who has fled from George had not ever happened to hire a lot of actors.,Pamela's piano teacher who has not fled from George had ever happened to hire a lot of actors.,syntax_semantics,npi_licensing,sentential_negation_npi_scope,True,False,True,True,873,-120.74862670898438,-122.80717468261719,1
Sonia's guest that has disagreed with Sonia will not ever move.,Sonia's guest that has not disagreed with Sonia will ever move.,syntax_semantics,npi_licensing,sentential_negation_npi_scope,True,False,True,True,874,-86.49497985839844,-87.9808349609375,1
Jesus's contractor who had concealed these plays had not ever screamed.,Jesus's contractor who had not concealed these plays had ever screamed.,syntax_semantics,npi_licensing,sentential_negation_npi_scope,True,False,True,True,875,-86.47216796875,-85.3436508178711,0
The slopes that are irritating the Clintons had not ever appeared.,The slopes that are not irritating the Clintons had ever appeared.,syntax_semantics,npi_licensing,sentential_negation_npi_scope,True,False,True,True,876,-80.04695892333984,-78.20474243164062,0
Some senator who was dropping by glaciers can not ever explain everything.,Some senator who was not dropping by glaciers can ever explain everything.,syntax_semantics,npi_licensing,sentential_negation_npi_scope,True,False,True,True,877,-79.32876586914062,-81.29753112792969,1
Most nieces of John that have approached Ruth might not ever concur.,Most nieces of John that have not approached Ruth might ever concur.,syntax_semantics,npi_licensing,sentential_negation_npi_scope,True,False,True,True,878,-107.35582733154297,-111.61592864990234,1
Debra's mother who had referenced ladies would not ever break this convertible.,Debra's mother who had not referenced ladies would ever break this convertible.,syntax_semantics,npi_licensing,sentential_negation_npi_scope,True,False,True,True,879,-100.58634185791016,-101.27601623535156,1
That driver who does disgust this bank had not ever escaped from a lot of glaciers.,That driver who does not disgust this bank had ever escaped from a lot of glaciers.,syntax_semantics,npi_licensing,sentential_negation_npi_scope,True,False,True,True,880,-100.71844482421875,-97.37075805664062,0
A mushroom that might bore Gary will not ever blacken.,A mushroom that might not bore Gary will ever blacken.,syntax_semantics,npi_licensing,sentential_negation_npi_scope,True,False,True,True,881,-84.48815155029297,-85.21604919433594,1
The gloves that have astounded these children have not ever shrunk.,The gloves that have not astounded these children have ever shrunk.,syntax_semantics,npi_licensing,sentential_negation_npi_scope,True,False,True,True,882,-84.50340270996094,-83.70207214355469,0
Those doctors who would see Ruth have not ever changed.,Those doctors who would not see Ruth have ever changed.,syntax_semantics,npi_licensing,sentential_negation_npi_scope,True,False,True,True,883,-62.77143859863281,-61.04582595825195,0
Carlos's podiatrist that would appreciate Emily should not ever ask some niece of a boy to question Janet.,Carlos's podiatrist that would not appreciate Emily should ever ask some niece of a boy to question Janet.,syntax_semantics,npi_licensing,sentential_negation_npi_scope,True,False,True,True,884,-156.1173858642578,-156.0408477783203,0
That lake that was looking like every photograph should not ever freeze.,That lake that was not looking like every photograph should ever freeze.,syntax_semantics,npi_licensing,sentential_negation_npi_scope,True,False,True,True,885,-77.9734878540039,-79.58155822753906,1
Jodi's wife that is bothering Carmen has not ever donated.,Jodi's wife that is not bothering Carmen has ever donated.,syntax_semantics,npi_licensing,sentential_negation_npi_scope,True,False,True,True,886,-85.1902847290039,-83.04801940917969,0
Many nieces of Emily who are climbing up a lot of slopes had not ever forced Marla's sisters to walk through most hospitals.,Many nieces of Emily who are not climbing up a lot of slopes had ever forced Marla's sisters to walk through most hospitals.,syntax_semantics,npi_licensing,sentential_negation_npi_scope,True,False,True,True,887,-166.21395874023438,-165.93324279785156,0
Most dancers that are escaping from Kristen have not ever wondered who is confusing Jerry.,Most dancers that are not escaping from Kristen have ever wondered who is confusing Jerry.,syntax_semantics,npi_licensing,sentential_negation_npi_scope,True,False,True,True,888,-107.88908386230469,-104.49697875976562,0
Carol's electricians that have descended this mountain have not ever worked with the teenagers.,Carol's electricians that have not descended this mountain have ever worked with the teenagers.,syntax_semantics,npi_licensing,sentential_negation_npi_scope,True,False,True,True,889,-109.19011688232422,-108.62600708007812,0
Some mushroom that had bothered most teenagers would not ever bake.,Some mushroom that had not bothered most teenagers would ever bake.,syntax_semantics,npi_licensing,sentential_negation_npi_scope,True,False,True,True,890,-84.92179870605469,-83.41268920898438,0
Some boy who will know Stacy has not ever hoped to alarm Nicole.,Some boy who will not know Stacy has ever hoped to alarm Nicole.,syntax_semantics,npi_licensing,sentential_negation_npi_scope,True,False,True,True,891,-87.53104400634766,-83.61382293701172,0
Tamara's bosses that had argued about literature have not ever walked through the mountain.,Tamara's bosses that had not argued about literature have ever walked through the mountain.,syntax_semantics,npi_licensing,sentential_negation_npi_scope,True,False,True,True,892,-98.2152099609375,-97.70597839355469,0
Many pedestrians who had bought every door should not ever hire Charles.,Many pedestrians who had not bought every door should ever hire Charles.,syntax_semantics,npi_licensing,sentential_negation_npi_scope,True,False,True,True,893,-87.44580078125,-89.02790069580078,1
Most shawls that do alarm the girl can not ever dry.,Most shawls that do not alarm the girl can ever dry.,syntax_semantics,npi_licensing,sentential_negation_npi_scope,True,False,True,True,894,-85.72674560546875,-84.81719207763672,0
James's ex-boyfriend that does wear this jacket might not ever need to study.,James's ex-boyfriend that does not wear this jacket might ever need to study.,syntax_semantics,npi_licensing,sentential_negation_npi_scope,True,False,True,True,895,-107.59638214111328,-105.26875305175781,0
Theodore's friend that could dislike Dana has not ever praised Rhonda.,Theodore's friend that could not dislike Dana has ever praised Rhonda.,syntax_semantics,npi_licensing,sentential_negation_npi_scope,True,False,True,True,896,-105.1747055053711,-101.9761962890625,0
Every eggplant that had bothered Tammy had not ever ripened.,Every eggplant that had not bothered Tammy had ever ripened.,syntax_semantics,npi_licensing,sentential_negation_npi_scope,True,False,True,True,897,-94.83770751953125,-92.5313720703125,0
This customer that is exiting that museum has not ever sneezed.,This customer that is not exiting that museum has ever sneezed.,syntax_semantics,npi_licensing,sentential_negation_npi_scope,True,False,True,True,898,-87.62367248535156,-86.01164245605469,0
Jennifer's handyman that had bothered Amelia would not ever find out what do steer.,Jennifer's handyman that had not bothered Amelia would ever find out what do steer.,syntax_semantics,npi_licensing,sentential_negation_npi_scope,True,False,True,True,899,-107.84799194335938,-106.56935119628906,0
Cynthia's cousins that have left Natalie can not ever correspond.,Cynthia's cousins that have not left Natalie can ever correspond.,syntax_semantics,npi_licensing,sentential_negation_npi_scope,True,False,True,True,900,-98.91372680664062,-100.79541015625,1
Those people who were disagreeing with Debra have not ever brought most trucks.,Those people who were not disagreeing with Debra have ever brought most trucks.,syntax_semantics,npi_licensing,sentential_negation_npi_scope,True,False,True,True,901,-100.01948547363281,-97.14527130126953,0
The banana that was alarming Carrie has not ever charred.,The banana that was not alarming Carrie has ever charred.,syntax_semantics,npi_licensing,sentential_negation_npi_scope,True,False,True,True,902,-79.46524810791016,-78.08891296386719,0
Most waiters that have fixed some dishes had not ever fired Curtis.,Most waiters that have not fixed some dishes had ever fired Curtis.,syntax_semantics,npi_licensing,sentential_negation_npi_scope,True,False,True,True,903,-97.88206481933594,-96.66835021972656,0
The casseroles that were looking like some prints had not ever baked.,The casseroles that were not looking like some prints had ever baked.,syntax_semantics,npi_licensing,sentential_negation_npi_scope,True,False,True,True,904,-96.80621337890625,-98.48211669921875,1
That cousin of Becca that has healed some snake has not ever boasted about Regina.,That cousin of Becca that has not healed some snake has ever boasted about Regina.,syntax_semantics,npi_licensing,sentential_negation_npi_scope,True,False,True,True,905,-114.75830841064453,-113.7073974609375,0
Tonya's classmates that have astounded that university did not ever press Stephanie to answer.,Tonya's classmates that have not astounded that university did ever press Stephanie to answer.,syntax_semantics,npi_licensing,sentential_negation_npi_scope,True,False,True,True,906,-114.3635482788086,-120.91790771484375,1
All mirrors that would impress Samuel had not ever shattered.,All mirrors that would not impress Samuel had ever shattered.,syntax_semantics,npi_licensing,sentential_negation_npi_scope,True,False,True,True,907,-72.70930480957031,-70.44569396972656,0
Some screen that might look like some painting had not ever faded.,Some screen that might not look like some painting had ever faded.,syntax_semantics,npi_licensing,sentential_negation_npi_scope,True,False,True,True,908,-77.29864501953125,-77.66205596923828,1
Suzanne's cousin who does alarm Randolf can not ever suffer.,Suzanne's cousin who does not alarm Randolf can ever suffer.,syntax_semantics,npi_licensing,sentential_negation_npi_scope,True,False,True,True,909,-105.69921875,-104.46617126464844,0
Those socks that are upsetting Tanya have not ever twirled.,Those socks that are not upsetting Tanya have ever twirled.,syntax_semantics,npi_licensing,sentential_negation_npi_scope,True,False,True,True,910,-85.91365051269531,-83.64602661132812,0
Schools that have listened to Diane will not ever discover Gina to scare Randolf.,Schools that have not listened to Diane will ever discover Gina to scare Randolf.,syntax_semantics,npi_licensing,sentential_negation_npi_scope,True,False,True,True,911,-114.9930419921875,-119.15699768066406,1
A blouse that had bored Jesus had not ever unfolded.,A blouse that had not bored Jesus had ever unfolded.,syntax_semantics,npi_licensing,sentential_negation_npi_scope,True,False,True,True,912,-80.95968627929688,-79.44610595703125,0
A lot of brothers of Diana who can attack Jodi have not ever coped.,A lot of brothers of Diana who can not attack Jodi have ever coped.,syntax_semantics,npi_licensing,sentential_negation_npi_scope,True,False,True,True,913,-110.75265502929688,-111.31599426269531,1
Marcus's students who had noticed the patients have not ever replied.,Marcus's students who had not noticed the patients have ever replied.,syntax_semantics,npi_licensing,sentential_negation_npi_scope,True,False,True,True,914,-71.86831665039062,-70.71537780761719,0
Actors that are attacking Jacqueline have not ever found out who forgets about what have shrunk.,Actors that are not attacking Jacqueline have ever found out who forgets about what have shrunk.,syntax_semantics,npi_licensing,sentential_negation_npi_scope,True,False,True,True,915,-130.3639373779297,-128.70352172851562,0
Elaine's ex-husband who was disagreeing with all women did not ever vanish.,Elaine's ex-husband who was not disagreeing with all women did ever vanish.,syntax_semantics,npi_licensing,sentential_negation_npi_scope,True,False,True,True,916,-105.77104187011719,-108.0053482055664,1
These women's ex-boyfriend who does drop by that high school had not ever insulted Gerald.,These women's ex-boyfriend who does not drop by that high school had ever insulted Gerald.,syntax_semantics,npi_licensing,sentential_negation_npi_scope,True,False,True,True,917,-125.02047729492188,-120.26136016845703,0
Most people who were talking to Rachel might not ever hide.,Most people who were not talking to Rachel might ever hide.,syntax_semantics,npi_licensing,sentential_negation_npi_scope,True,False,True,True,918,-61.67778015136719,-64.11984252929688,1
This mother of Craig who can complain about Tina does not ever learn.,This mother of Craig who can not complain about Tina does ever learn.,syntax_semantics,npi_licensing,sentential_negation_npi_scope,True,False,True,True,919,-84.1824951171875,-88.183349609375,1
A lot of teenagers who do talk to Winston Churchill did not ever arrive at libraries.,A lot of teenagers who do not talk to Winston Churchill did ever arrive at libraries.,syntax_semantics,npi_licensing,sentential_negation_npi_scope,True,False,True,True,920,-105.04576110839844,-105.78045654296875,1
That cousin of William that had left Victoria should not ever practice.,That cousin of William that had not left Victoria should ever practice.,syntax_semantics,npi_licensing,sentential_negation_npi_scope,True,False,True,True,921,-81.56343841552734,-85.6199951171875,1
Every print of Danielle that had shocked Nicole should not ever look like college campuses.,Every print of Danielle that had not shocked Nicole should ever look like college campuses.,syntax_semantics,npi_licensing,sentential_negation_npi_scope,True,False,True,True,922,-112.97402954101562,-113.53079223632812,1
Every waiter that had bought the dresses might not ever sway Michael to bother Samantha.,Every waiter that had not bought the dresses might ever sway Michael to bother Samantha.,syntax_semantics,npi_licensing,sentential_negation_npi_scope,True,False,True,True,923,-111.71012878417969,-114.2098388671875,1
These waitresses' senators that were working with Christine could not ever break these couches.,These waitresses' senators that were not working with Christine could ever break these couches.,syntax_semantics,npi_licensing,sentential_negation_npi_scope,True,False,True,True,924,-126.16319274902344,-126.76204681396484,1
Many doctors that were praising Pamela can not ever fix a plane.,Many doctors that were not praising Pamela can ever fix a plane.,syntax_semantics,npi_licensing,sentential_negation_npi_scope,True,False,True,True,925,-81.542236328125,-81.95826721191406,1
Those teachers that had talked to Kathleen should not ever boast about Deborah.,Those teachers that had not talked to Kathleen should ever boast about Deborah.,syntax_semantics,npi_licensing,sentential_negation_npi_scope,True,False,True,True,926,-92.10386657714844,-94.22476196289062,1
Elaine's ex-girlfriends who would disagree with many cashiers have not ever performed.,Elaine's ex-girlfriends who would not disagree with many cashiers have ever performed.,syntax_semantics,npi_licensing,sentential_negation_npi_scope,True,False,True,True,927,-122.93302917480469,-120.13825988769531,0
Elizabeth's podiatrist that does see Thomas should not ever boast.,Elizabeth's podiatrist that does not see Thomas should ever boast.,syntax_semantics,npi_licensing,sentential_negation_npi_scope,True,False,True,True,928,-100.4233627319336,-98.2484130859375,0
The actress's supervisors that have climbed up all ladders had not ever worked with Dan.,The actress's supervisors that have not climbed up all ladders had ever worked with Dan.,syntax_semantics,npi_licensing,sentential_negation_npi_scope,True,False,True,True,929,-104.5032958984375,-106.80664825439453,1
These women that have sold those pants can not ever explain Brian persuades Mark to bring some books.,These women that have not sold those pants can ever explain Brian persuades Mark to bring some books.,syntax_semantics,npi_licensing,sentential_negation_npi_scope,True,False,True,True,930,-135.0372314453125,-136.11553955078125,1
A mother of a doctor who is wearing some scarves can not ever notice Carmen.,A mother of a doctor who is not wearing some scarves can ever notice Carmen.,syntax_semantics,npi_licensing,sentential_negation_npi_scope,True,False,True,True,931,-105.9127197265625,-103.91275024414062,0
The teacher who had talked about Ruth could not ever get a job.,The teacher who had not talked about Ruth could ever get a job.,syntax_semantics,npi_licensing,sentential_negation_npi_scope,True,False,True,True,932,-71.11779022216797,-71.62654876708984,1
Deborah's son that has kissed some cashiers has not ever talked about Joel.,Deborah's son that has not kissed some cashiers has ever talked about Joel.,syntax_semantics,npi_licensing,sentential_negation_npi_scope,True,False,True,True,933,-109.5238037109375,-108.9161605834961,0
This niece of Lucille who has climbed up the ladders has not ever pressed Rachelle to lie.,This niece of Lucille who has not climbed up the ladders has ever pressed Rachelle to lie.,syntax_semantics,npi_licensing,sentential_negation_npi_scope,True,False,True,True,934,-128.7207489013672,-129.21554565429688,1
The socks that are annoying Nancy did not ever fray.,The socks that are not annoying Nancy did ever fray.,syntax_semantics,npi_licensing,sentential_negation_npi_scope,True,False,True,True,935,-74.00125122070312,-77.52577209472656,1
Carol's podiatrists who are climbing down slopes would not ever advise Leslie to clean that turtle.,Carol's podiatrists who are not climbing down slopes would ever advise Leslie to clean that turtle.,syntax_semantics,npi_licensing,sentential_negation_npi_scope,True,False,True,True,936,-152.29336547851562,-152.76910400390625,1
That pasta that was disgusting Melanie has not ever stunned Becca.,That pasta that was not disgusting Melanie has ever stunned Becca.,syntax_semantics,npi_licensing,sentential_negation_npi_scope,True,False,True,True,937,-90.31201171875,-89.72998046875,0
Every patient's mentee that might break those bikes did not ever stun Amanda.,Every patient's mentee that might not break those bikes did ever stun Amanda.,syntax_semantics,npi_licensing,sentential_negation_npi_scope,True,False,True,True,938,-107.22433471679688,-113.28463745117188,1
The unicycle that was hurting Jennifer had not ever slowed.,The unicycle that was not hurting Jennifer had ever slowed.,syntax_semantics,npi_licensing,sentential_negation_npi_scope,True,False,True,True,939,-84.34184265136719,-84.17277526855469,0
Irene's supervisors that had toured every high school might not ever complain.,Irene's supervisors that had not toured every high school might ever complain.,syntax_semantics,npi_licensing,sentential_negation_npi_scope,True,False,True,True,940,-102.52333068847656,-106.0763168334961,1
Some lake that had hurt Laurie did not ever freeze.,Some lake that had not hurt Laurie did ever freeze.,syntax_semantics,npi_licensing,sentential_negation_npi_scope,True,False,True,True,941,-69.18778991699219,-71.69122314453125,1
Many actresses' electrician that should take most coats did not ever shout.,Many actresses' electrician that should not take most coats did ever shout.,syntax_semantics,npi_licensing,sentential_negation_npi_scope,True,False,True,True,942,-100.06826782226562,-104.26555633544922,1
Edward's grandmothers that had cared for Andrea had not ever painted.,Edward's grandmothers that had not cared for Andrea had ever painted.,syntax_semantics,npi_licensing,sentential_negation_npi_scope,True,False,True,True,943,-82.81712341308594,-82.33148956298828,0
That child that did hug a lot of customers had not ever happened to annoy Janet.,That child that did not hug a lot of customers had ever happened to annoy Janet.,syntax_semantics,npi_licensing,sentential_negation_npi_scope,True,False,True,True,944,-98.13816833496094,-94.12042236328125,0
Douglas's employees that are boring some doctors have not ever corresponded.,Douglas's employees that are not boring some doctors have ever corresponded.,syntax_semantics,npi_licensing,sentential_negation_npi_scope,True,False,True,True,945,-94.43217468261719,-92.86410522460938,0
Tamara's nephews who have disturbed Carmen had not ever competed.,Tamara's nephews who have not disturbed Carmen had ever competed.,syntax_semantics,npi_licensing,sentential_negation_npi_scope,True,False,True,True,946,-91.79612731933594,-91.47673034667969,0
Gary's daughters that have escaped from Michael had not ever chuckled.,Gary's daughters that have not escaped from Michael had ever chuckled.,syntax_semantics,npi_licensing,sentential_negation_npi_scope,True,False,True,True,947,-76.10916137695312,-77.67295837402344,1
Alexander's boss who can leave Benjamin had not ever talked about Gregory.,Alexander's boss who can not leave Benjamin had ever talked about Gregory.,syntax_semantics,npi_licensing,sentential_negation_npi_scope,True,False,True,True,948,-80.58653259277344,-81.2809066772461,1
Janice's teachers who are skated around that school could not ever attack William.,Janice's teachers who are not skated around that school could ever attack William.,syntax_semantics,npi_licensing,sentential_negation_npi_scope,True,False,True,True,949,-103.72230529785156,-105.27413940429688,1
Sheila's ex-boyfriend that is breaking many carriages does not ever sigh.,Sheila's ex-boyfriend that is not breaking many carriages does ever sigh.,syntax_semantics,npi_licensing,sentential_negation_npi_scope,True,False,True,True,950,-115.09502410888672,-119.63807678222656,1
Joel's mothers who would hate Galileo could not ever need to reunite.,Joel's mothers who would not hate Galileo could ever need to reunite.,syntax_semantics,npi_licensing,sentential_negation_npi_scope,True,False,True,True,951,-99.28729248046875,-99.8633041381836,1
Most teenagers that will alarm Sharon had not ever appreciated Janet.,Most teenagers that will not alarm Sharon had ever appreciated Janet.,syntax_semantics,npi_licensing,sentential_negation_npi_scope,True,False,True,True,952,-85.83175659179688,-83.92378997802734,0
Ann's friends that would question Walter have not ever flirted.,Ann's friends that would not question Walter have ever flirted.,syntax_semantics,npi_licensing,sentential_negation_npi_scope,True,False,True,True,953,-82.96053314208984,-80.14543151855469,0
This grandfather of Wayne who is distracting Renee had not ever spun around.,This grandfather of Wayne who is not distracting Renee had ever spun around.,syntax_semantics,npi_licensing,sentential_negation_npi_scope,True,False,True,True,954,-102.33921813964844,-100.88200378417969,0
A library that is confusing a lady does not ever look to testify.,A library that is not confusing a lady does ever look to testify.,syntax_semantics,npi_licensing,sentential_negation_npi_scope,True,False,True,True,955,-79.24954223632812,-82.11163330078125,1
Sarah's piano teacher who was finding Guy can not ever tour a lot of movie theaters.,Sarah's piano teacher who was not finding Guy can ever tour a lot of movie theaters.,syntax_semantics,npi_licensing,sentential_negation_npi_scope,True,False,True,True,956,-113.44654846191406,-112.49484252929688,0
The lake that was distracting Sonia has not ever frozen.,The lake that was not distracting Sonia has ever frozen.,syntax_semantics,npi_licensing,sentential_negation_npi_scope,True,False,True,True,957,-72.50114440917969,-70.2283935546875,0
The man that can discover Christopher could not ever hurt Angela.,The man that can not discover Christopher could ever hurt Angela.,syntax_semantics,npi_licensing,sentential_negation_npi_scope,True,False,True,True,958,-71.1793212890625,-74.08590698242188,1
Joseph's supervisor who will argue about Brian had not ever run around many art galleries.,Joseph's supervisor who will not argue about Brian had ever run around many art galleries.,syntax_semantics,npi_licensing,sentential_negation_npi_scope,True,False,True,True,959,-109.69650268554688,-107.63673400878906,0
Anne's grandson that has disgusted Noah had not ever slumped over.,Anne's grandson that has not disgusted Noah had ever slumped over.,syntax_semantics,npi_licensing,sentential_negation_npi_scope,True,False,True,True,960,-83.55381774902344,-84.17903137207031,1
Some guys who were disgusting Irene have not ever concealed that unicycle.,Some guys who were not disgusting Irene have ever concealed that unicycle.,syntax_semantics,npi_licensing,sentential_negation_npi_scope,True,False,True,True,961,-98.68746948242188,-97.96234130859375,0
Rodney's best friend that is questioning most girls has not ever pressured the Borgias to look like this picture.,Rodney's best friend that is not questioning most girls has ever pressured the Borgias to look like this picture.,syntax_semantics,npi_licensing,sentential_negation_npi_scope,True,False,True,True,962,-138.62576293945312,-136.3271026611328,0
This waitress that has found Deanna should not ever ascend those steps.,This waitress that has not found Deanna should ever ascend those steps.,syntax_semantics,npi_licensing,sentential_negation_npi_scope,True,False,True,True,963,-96.06178283691406,-96.62316131591797,1
A teacher who has walked through a museum has not ever swayed Peter to complain.,A teacher who has not walked through a museum has ever swayed Peter to complain.,syntax_semantics,npi_licensing,sentential_negation_npi_scope,True,False,True,True,964,-104.35832214355469,-103.38423156738281,0
This waitress's son that might boast about Rachel did not ever long to paint.,This waitress's son that might not boast about Rachel did ever long to paint.,syntax_semantics,npi_licensing,sentential_negation_npi_scope,True,False,True,True,965,-98.2394790649414,-102.43878173828125,1
A man's oncologist that could insult the grocery store could not ever urge Walter to scan every essay.,A man's oncologist that could not insult the grocery store could ever urge Walter to scan every essay.,syntax_semantics,npi_licensing,sentential_negation_npi_scope,True,False,True,True,966,-151.81956481933594,-153.2662353515625,1
Every teenager's fathers who have insulted all stories have not ever complained.,Every teenager's fathers who have not insulted all stories have ever complained.,syntax_semantics,npi_licensing,sentential_negation_npi_scope,True,False,True,True,967,-89.88323974609375,-90.19993591308594,1
Some teacher that was scaring Edward will not ever learn who couldn't slump over.,Some teacher that was not scaring Edward will ever learn who couldn't slump over.,syntax_semantics,npi_licensing,sentential_negation_npi_scope,True,False,True,True,968,-105.94012451171875,-105.99937438964844,1
A father of Craig who did drop by the grocery store did not ever stretch.,A father of Craig who did not drop by the grocery store did ever stretch.,syntax_semantics,npi_licensing,sentential_negation_npi_scope,True,False,True,True,969,-95.48654174804688,-94.69941711425781,0
Kevin's employees who had worn those coats had not ever cleaned a high school.,Kevin's employees who had not worn those coats had ever cleaned a high school.,syntax_semantics,npi_licensing,sentential_negation_npi_scope,True,False,True,True,970,-92.81143188476562,-92.28932189941406,0
This pepper that was boring Denise will not ever rot.,This pepper that was not boring Denise will ever rot.,syntax_semantics,npi_licensing,sentential_negation_npi_scope,True,False,True,True,971,-75.79962921142578,-76.89021301269531,1
Some cars that were alarming Jeffrey could not ever look like those paintings.,Some cars that were not alarming Jeffrey could ever look like those paintings.,syntax_semantics,npi_licensing,sentential_negation_npi_scope,True,False,True,True,972,-89.54112243652344,-90.12682342529297,1
Aaron's grandfathers who have taken these schools had not ever toured the hills.,Aaron's grandfathers who have not taken these schools had ever toured the hills.,syntax_semantics,npi_licensing,sentential_negation_npi_scope,True,False,True,True,973,-93.4873046875,-95.88723754882812,1
Rodney's handyman that is lifting these ladders has not ever imagined Steven won't donate.,Rodney's handyman that is not lifting these ladders has ever imagined Steven won't donate.,syntax_semantics,npi_licensing,sentential_negation_npi_scope,True,False,True,True,974,-129.23023986816406,-126.50201416015625,0
Rebecca's plumber who is buying these mouths did not ever implore some analyses to protest.,Rebecca's plumber who is not buying these mouths did ever implore some analyses to protest.,syntax_semantics,npi_licensing,sentential_negation_npi_scope,True,False,True,True,975,-137.915283203125,-140.4483642578125,1
That grandfather of Heidi who has broken most unicycles has not ever hidden.,That grandfather of Heidi who has not broken most unicycles has ever hidden.,syntax_semantics,npi_licensing,sentential_negation_npi_scope,True,False,True,True,976,-115.21844482421875,-116.36312866210938,1
Adam's student that was exiting all glaciers will not ever badger Maria's ex-girlfriends to spin around.,Adam's student that was not exiting all glaciers will ever badger Maria's ex-girlfriends to spin around.,syntax_semantics,npi_licensing,sentential_negation_npi_scope,True,False,True,True,977,-158.80360412597656,-160.57427978515625,1
Vincent's ex-wife that has examined the newspaper articles does not ever praise Gerald.,Vincent's ex-wife that has not examined the newspaper articles does ever praise Gerald.,syntax_semantics,npi_licensing,sentential_negation_npi_scope,True,False,True,True,978,-117.37952423095703,-123.33447265625,1
Every doctor that had shocked the hospital has not ever cleaned these high schools.,Every doctor that had not shocked the hospital has ever cleaned these high schools.,syntax_semantics,npi_licensing,sentential_negation_npi_scope,True,False,True,True,979,-90.06287384033203,-88.3172378540039,0
A lot of children that have cared for Margaret had not ever proven to hire Kristen.,A lot of children that have not cared for Margaret had ever proven to hire Kristen.,syntax_semantics,npi_licensing,sentential_negation_npi_scope,True,False,True,True,980,-97.74710083007812,-98.25390625,1
Nina's granddaughters who are touring some cafe do not ever climb down this hill.,Nina's granddaughters who are not touring some cafe do ever climb down this hill.,syntax_semantics,npi_licensing,sentential_negation_npi_scope,True,False,True,True,981,-126.62628173828125,-129.03553771972656,1
Many guys' oncologist who was fixing many couches had not ever continued to remember the patient.,Many guys' oncologist who was not fixing many couches had ever continued to remember the patient.,syntax_semantics,npi_licensing,sentential_negation_npi_scope,True,False,True,True,982,-131.86338806152344,-131.45640563964844,0
Kenneth's fathers that had kissed this woman had not ever believed the Clintons to hug.,Kenneth's fathers that had not kissed this woman had ever believed the Clintons to hug.,syntax_semantics,npi_licensing,sentential_negation_npi_scope,True,False,True,True,983,-111.38304138183594,-110.54041290283203,0
Dawn's electricians that are returning to that lake did not ever convince Patrick to love Monica.,Dawn's electricians that are not returning to that lake did ever convince Patrick to love Monica.,syntax_semantics,npi_licensing,sentential_negation_npi_scope,True,False,True,True,984,-130.71334838867188,-133.44985961914062,1
Lori's grandmother that is embarrassing Pamela could not ever think about every committee.,Lori's grandmother that is not embarrassing Pamela could ever think about every committee.,syntax_semantics,npi_licensing,sentential_negation_npi_scope,True,False,True,True,985,-99.62405395507812,-101.63256072998047,1
Linda's doctor who has climbed down all ladders does not ever climb down those hills.,Linda's doctor who has not climbed down all ladders does ever climb down those hills.,syntax_semantics,npi_licensing,sentential_negation_npi_scope,True,False,True,True,986,-117.99781036376953,-122.96455383300781,1
Those drawings of Lucille that are impressing a lot of governments have not ever looked like the eggplant.,Those drawings of Lucille that are not impressing a lot of governments have ever looked like the eggplant.,syntax_semantics,npi_licensing,sentential_negation_npi_scope,True,False,True,True,987,-130.26564025878906,-129.34616088867188,0
John's ex-wives that had found many icicles should not ever fail to descend the mountain.,John's ex-wives that had not found many icicles should ever fail to descend the mountain.,syntax_semantics,npi_licensing,sentential_negation_npi_scope,True,False,True,True,988,-117.63555908203125,-119.24128723144531,1
All customers who are escaping from Tamara might not ever marry.,All customers who are not escaping from Tamara might ever marry.,syntax_semantics,npi_licensing,sentential_negation_npi_scope,True,False,True,True,989,-83.51121520996094,-84.68307495117188,1
Marcus's teachers that have examined the movie will not ever flirt.,Marcus's teachers that have not examined the movie will ever flirt.,syntax_semantics,npi_licensing,sentential_negation_npi_scope,True,False,True,True,990,-77.73399353027344,-80.51188659667969,1
A lot of customers that were fixing a lot of bikes have not ever performed.,A lot of customers that were not fixing a lot of bikes have ever performed.,syntax_semantics,npi_licensing,sentential_negation_npi_scope,True,False,True,True,991,-87.44602966308594,-85.4267349243164,0
Some newspaper article about politics that can embarrass Allison could not ever bore Larry.,Some newspaper article about politics that can not embarrass Allison could ever bore Larry.,syntax_semantics,npi_licensing,sentential_negation_npi_scope,True,False,True,True,992,-103.5685806274414,-106.02983093261719,1
Meredith's French teachers that have examined a lot of documentaries have not ever reunited.,Meredith's French teachers that have not examined a lot of documentaries have ever reunited.,syntax_semantics,npi_licensing,sentential_negation_npi_scope,True,False,True,True,993,-111.26263427734375,-111.18169403076172,0
The mothers of Aaron who are lifting the hat have not ever resembled many pictures.,The mothers of Aaron who are not lifting the hat have ever resembled many pictures.,syntax_semantics,npi_licensing,sentential_negation_npi_scope,True,False,True,True,994,-103.74822235107422,-100.74003601074219,0
Rebecca's brothers that had messed up these cars would not ever hug Heather.,Rebecca's brothers that had not messed up these cars would ever hug Heather.,syntax_semantics,npi_licensing,sentential_negation_npi_scope,True,False,True,True,995,-100.09464263916016,-100.64517974853516,1
Most actresses that are concealing Roger had not ever conspired.,Most actresses that are not concealing Roger had ever conspired.,syntax_semantics,npi_licensing,sentential_negation_npi_scope,True,False,True,True,996,-90.27426147460938,-88.7152099609375,0
Carol's son who has hurt Stephanie did not ever admire Naomi.,Carol's son who has not hurt Stephanie did ever admire Naomi.,syntax_semantics,npi_licensing,sentential_negation_npi_scope,True,False,True,True,997,-86.84359741210938,-89.87158203125,1
All libraries that had criticized Tonya had not ever appeared.,All libraries that had not criticized Tonya had ever appeared.,syntax_semantics,npi_licensing,sentential_negation_npi_scope,True,False,True,True,998,-77.57119750976562,-76.45875549316406,0
A cousin of Stephen who has seen Steven could not ever compromise.,A cousin of Stephen who has not seen Steven could ever compromise.,syntax_semantics,npi_licensing,sentential_negation_npi_scope,True,False,True,True,999,-80.2921371459961,-83.31571960449219,1
