sentence_good,sentence_bad,field,linguistics_term,UID,simple_LM_method,one_prefix_method,two_prefix_method,lexically_identical,pair_id,good_prob,bad_prob,correct
All convertibles weren't there existing.,There weren't all convertibles existing.,semantics,quantifiers,existential_there_quantifiers_2,True,False,False,False,0,-52.713165283203125,-49.14207077026367,0
Every fish was there astounding Sally.,There was every fish astounding Sally.,semantics,quantifiers,existential_there_quantifiers_2,True,False,False,False,1,-53.289512634277344,-56.06433868408203,1
All sisters of Roger weren't there going to this school.,There weren't all sisters of Roger going to this school.,semantics,quantifiers,existential_there_quantifiers_2,True,False,False,False,2,-64.34954071044922,-64.62344360351562,1
Every documentary is there annoying Anna.,There is every documentary annoying Anna.,semantics,quantifiers,existential_there_quantifiers_2,True,False,False,False,3,-50.30992126464844,-50.01414489746094,0
Each government was there hurting Rhonda.,There was each government hurting Rhonda.,semantics,quantifiers,existential_there_quantifiers_2,True,False,False,False,4,-52.53858947753906,-56.60553741455078,1
Every newspaper article wasn't there wasting away.,There wasn't every newspaper article wasting away.,semantics,quantifiers,existential_there_quantifiers_2,True,False,False,False,5,-58.84395217895508,-58.76136016845703,0
Every student wasn't there leaving Andrew.,There wasn't every student leaving Andrew.,semantics,quantifiers,existential_there_quantifiers_2,True,False,False,False,6,-53.74289321899414,-51.91270446777344,0
Each screen is there alarming Tara.,There is each screen alarming Tara.,semantics,quantifiers,existential_there_quantifiers_2,True,False,False,False,7,-53.23084259033203,-57.84360885620117,1
Most universities weren't there hurting this child.,There weren't most universities hurting this child.,semantics,quantifiers,existential_there_quantifiers_2,True,False,False,False,8,-53.86410140991211,-57.1436767578125,1
Each book is there disturbing Margaret.,There is each book disturbing Margaret.,semantics,quantifiers,existential_there_quantifiers_2,True,False,False,False,9,-49.34770202636719,-51.836830139160156,1
Each art gallery was there irritating a lot of committees.,There was each art gallery irritating a lot of committees.,semantics,quantifiers,existential_there_quantifiers_2,True,False,False,False,10,-62.38097381591797,-71.1926040649414,1
All students weren't there noticing some box.,There weren't all students noticing some box.,semantics,quantifiers,existential_there_quantifiers_2,True,False,False,False,11,-58.64305114746094,-55.59992218017578,0
Each mother of a teenager isn't there asking Mark to scratch.,There isn't each mother of a teenager asking Mark to scratch.,semantics,quantifiers,existential_there_quantifiers_2,True,False,False,False,12,-74.25971221923828,-72.97268676757812,0
Most shows about the Great Lakes are there distracting Lisa.,There are most shows about the Great Lakes distracting Lisa.,semantics,quantifiers,existential_there_quantifiers_2,True,False,False,False,13,-72.6607666015625,-70.07537841796875,0
Most nephews of Irene were there telephoning.,There were most nephews of Irene telephoning.,semantics,quantifiers,existential_there_quantifiers_2,True,False,False,False,14,-65.27953338623047,-67.33512878417969,1
Each horse is there upsetting a lot of teachers.,There is each horse upsetting a lot of teachers.,semantics,quantifiers,existential_there_quantifiers_2,True,False,False,False,15,-57.14155960083008,-59.91935729980469,1
Every story was there hurting Judy.,There was every story hurting Judy.,semantics,quantifiers,existential_there_quantifiers_2,True,False,False,False,16,-45.608253479003906,-47.81311798095703,1
Every plate is there embarrassing Richard.,There is every plate embarrassing Richard.,semantics,quantifiers,existential_there_quantifiers_2,True,False,False,False,17,-50.187347412109375,-53.79927062988281,1
Most computers weren't there alarming Sabrina.,There weren't most computers alarming Sabrina.,semantics,quantifiers,existential_there_quantifiers_2,True,False,False,False,18,-59.681400299072266,-65.20143127441406,1
Every computer wasn't there shocking that actress.,There wasn't every computer shocking that actress.,semantics,quantifiers,existential_there_quantifiers_2,True,False,False,False,19,-60.24162292480469,-59.69580078125,0
Most reports aren't there disappearing.,There aren't most reports disappearing.,semantics,quantifiers,existential_there_quantifiers_2,True,False,False,False,20,-39.66026306152344,-41.93275451660156,1
Each university was there worrying.,There was each university worrying.,semantics,quantifiers,existential_there_quantifiers_2,True,False,False,False,21,-36.858055114746094,-44.13086700439453,1
Every popsicle isn't there wasting away.,There isn't every popsicle wasting away.,semantics,quantifiers,existential_there_quantifiers_2,True,False,False,False,22,-50.191925048828125,-54.604827880859375,1
All granddaughters of Donald weren't there confusing this doctor.,There weren't all granddaughters of Donald confusing this doctor.,semantics,quantifiers,existential_there_quantifiers_2,True,False,False,False,23,-84.56280517578125,-80.09425354003906,0
Most cars weren't there scaring Kendra.,There weren't most cars scaring Kendra.,semantics,quantifiers,existential_there_quantifiers_2,True,False,False,False,24,-58.71959686279297,-62.36359786987305,1
Every coat wasn't there twirling.,There wasn't every coat twirling.,semantics,quantifiers,existential_there_quantifiers_2,True,False,False,False,25,-46.81629180908203,-44.69459915161133,0
All bikes are there embarrassing Brian.,There are all bikes embarrassing Brian.,semantics,quantifiers,existential_there_quantifiers_2,True,False,False,False,26,-49.654659271240234,-49.207489013671875,0
Each essay isn't there embarrassing Kenneth.,There isn't each essay embarrassing Kenneth.,semantics,quantifiers,existential_there_quantifiers_2,True,False,False,False,27,-56.75407028198242,-60.662010192871094,1
Most organizations are there compelling Claire to stretch.,There are most organizations compelling Claire to stretch.,semantics,quantifiers,existential_there_quantifiers_2,True,False,False,False,28,-64.90928649902344,-68.713134765625,1
Every fork wasn't there appearing.,There wasn't every fork appearing.,semantics,quantifiers,existential_there_quantifiers_2,True,False,False,False,29,-42.56779479980469,-43.243995666503906,1
All dancers are there talking to Pamela.,There are all dancers talking to Pamela.,semantics,quantifiers,existential_there_quantifiers_2,True,False,False,False,30,-47.39582061767578,-45.74909210205078,0
Most sisters of Veronica weren't there clashing.,There weren't most sisters of Veronica clashing.,semantics,quantifiers,existential_there_quantifiers_2,True,False,False,False,31,-62.9692268371582,-64.70541381835938,1
All lights are there distracting Sarah.,There are all lights distracting Sarah.,semantics,quantifiers,existential_there_quantifiers_2,True,False,False,False,32,-47.80545425415039,-46.32007598876953,0
All daughters of these teachers weren't there messing up pants.,There weren't all daughters of these teachers messing up pants.,semantics,quantifiers,existential_there_quantifiers_2,True,False,False,False,33,-70.76901245117188,-69.88239288330078,0
Every casserole isn't there looking like a lot of sketches.,There isn't every casserole looking like a lot of sketches.,semantics,quantifiers,existential_there_quantifiers_2,True,False,False,False,34,-61.70003128051758,-62.31037902832031,1
Each drawing of Cheryl isn't there existing.,There isn't each drawing of Cheryl existing.,semantics,quantifiers,existential_there_quantifiers_2,True,False,False,False,35,-60.31194305419922,-63.65973663330078,1
Each picture is there appearing.,There is each picture appearing.,semantics,quantifiers,existential_there_quantifiers_2,True,False,False,False,36,-33.254188537597656,-35.4073486328125,1
Every grocery store was there falling.,There was every grocery store falling.,semantics,quantifiers,existential_there_quantifiers_2,True,False,False,False,37,-38.356117248535156,-42.89574432373047,1
Most dishes are there wasting away.,There are most dishes wasting away.,semantics,quantifiers,existential_there_quantifiers_2,True,False,False,False,38,-40.84385681152344,-41.880760192871094,1
All pants were there impressing Alexander.,There were all pants impressing Alexander.,semantics,quantifiers,existential_there_quantifiers_2,True,False,False,False,39,-54.8406982421875,-54.436614990234375,0
Most commentaries about the Impressionists were there bothering Beverly.,There were most commentaries about the Impressionists bothering Beverly.,semantics,quantifiers,existential_there_quantifiers_2,True,False,False,False,40,-77.3671646118164,-75.64336395263672,0
Each college campus isn't there alarming Irene.,There isn't each college campus alarming Irene.,semantics,quantifiers,existential_there_quantifiers_2,True,False,False,False,41,-60.9692268371582,-70.48115539550781,1
All organizations were there convincing Winston Churchill to escape.,There were all organizations convincing Winston Churchill to escape.,semantics,quantifiers,existential_there_quantifiers_2,True,False,False,False,42,-63.203277587890625,-61.46272277832031,0
Most wheelbarrows are there dropping.,There are most wheelbarrows dropping.,semantics,quantifiers,existential_there_quantifiers_2,True,False,False,False,43,-46.15102005004883,-47.49726867675781,1
Most skirts were there aggravating waiters.,There were most skirts aggravating waiters.,semantics,quantifiers,existential_there_quantifiers_2,True,False,False,False,44,-56.36079788208008,-60.743934631347656,1
Most cars aren't there slipping.,There aren't most cars slipping.,semantics,quantifiers,existential_there_quantifiers_2,True,False,False,False,45,-40.184242248535156,-43.21269989013672,1
All slopes are there alarming Kathleen.,There are all slopes alarming Kathleen.,semantics,quantifiers,existential_there_quantifiers_2,True,False,False,False,46,-57.288970947265625,-57.05741882324219,0
Every hospital wasn't there urging Wayne to find most cars.,There wasn't every hospital urging Wayne to find most cars.,semantics,quantifiers,existential_there_quantifiers_2,True,False,False,False,47,-77.07727813720703,-76.89717102050781,0
Most guests were there attacking Kimberley.,There were most guests attacking Kimberley.,semantics,quantifiers,existential_there_quantifiers_2,True,False,False,False,48,-48.33319091796875,-47.981719970703125,0
Every picture of a lot of pants wasn't there looking like those sketches.,There wasn't every picture of a lot of pants looking like those sketches.,semantics,quantifiers,existential_there_quantifiers_2,True,False,False,False,49,-83.79426574707031,-79.64197540283203,0
Most computers weren't there alarming Valerie.,There weren't most computers alarming Valerie.,semantics,quantifiers,existential_there_quantifiers_2,True,False,False,False,50,-58.11970901489258,-62.6471061706543,1
Every restaurant is there impressing Patrick.,There is every restaurant impressing Patrick.,semantics,quantifiers,existential_there_quantifiers_2,True,False,False,False,51,-52.4881591796875,-54.816837310791016,1
Every dish was there wasting away.,There was every dish wasting away.,semantics,quantifiers,existential_there_quantifiers_2,True,False,False,False,52,-44.025390625,-42.63162612915039,0
Each cucumber was there burning.,There was each cucumber burning.,semantics,quantifiers,existential_there_quantifiers_2,True,False,False,False,53,-42.59782409667969,-43.66496658325195,1
Most movies aren't there worrying Peter.,There aren't most movies worrying Peter.,semantics,quantifiers,existential_there_quantifiers_2,True,False,False,False,54,-47.074623107910156,-54.2872200012207,1
Every commentary about the Impressionists is there disgusting an actor.,There is every commentary about the Impressionists disgusting an actor.,semantics,quantifiers,existential_there_quantifiers_2,True,False,False,False,55,-74.00103759765625,-75.54875183105469,1
Every muffin isn't there charring.,There isn't every muffin charring.,semantics,quantifiers,existential_there_quantifiers_2,True,False,False,False,56,-54.598358154296875,-52.892181396484375,0
Most peppers aren't there boring Ann.,There aren't most peppers boring Ann.,semantics,quantifiers,existential_there_quantifiers_2,True,False,False,False,57,-55.118011474609375,-60.95008087158203,1
All cousins of William aren't there predicting Gerald to sigh.,There aren't all cousins of William predicting Gerald to sigh.,semantics,quantifiers,existential_there_quantifiers_2,True,False,False,False,58,-89.58248901367188,-89.59008026123047,1
All shows about the Impressionists weren't there scaring Michael.,There weren't all shows about the Impressionists scaring Michael.,semantics,quantifiers,existential_there_quantifiers_2,True,False,False,False,59,-85.53074645996094,-78.23394775390625,0
All sweaters weren't there shocking Clyde.,There weren't all sweaters shocking Clyde.,semantics,quantifiers,existential_there_quantifiers_2,True,False,False,False,60,-62.755374908447266,-58.7605094909668,0
Every slope was there vanishing.,There was every slope vanishing.,semantics,quantifiers,existential_there_quantifiers_2,True,False,False,False,61,-44.19150924682617,-43.45248794555664,0
Most computers are there falling.,There are most computers falling.,semantics,quantifiers,existential_there_quantifiers_2,True,False,False,False,62,-34.47034454345703,-36.81148910522461,1
All public parks are there boring Jill.,There are all public parks boring Jill.,semantics,quantifiers,existential_there_quantifiers_2,True,False,False,False,63,-58.33304977416992,-55.84958267211914,0
Most mountains are there distracting Scott.,There are most mountains distracting Scott.,semantics,quantifiers,existential_there_quantifiers_2,True,False,False,False,64,-48.29899597167969,-52.23170852661133,1
Every pepper isn't there scorching.,There isn't every pepper scorching.,semantics,quantifiers,existential_there_quantifiers_2,True,False,False,False,65,-43.385005950927734,-41.896095275878906,0
Most boys are there divorcing.,There are most boys divorcing.,semantics,quantifiers,existential_there_quantifiers_2,True,False,False,False,66,-37.16043472290039,-40.84466552734375,1
Each cart is there appearing.,There is each cart appearing.,semantics,quantifiers,existential_there_quantifiers_2,True,False,False,False,67,-36.25376892089844,-38.44458770751953,1
Each mushroom is there annoying Amelia.,There is each mushroom annoying Amelia.,semantics,quantifiers,existential_there_quantifiers_2,True,False,False,False,68,-52.798072814941406,-53.158363342285156,1
Each closet isn't there appearing.,There isn't each closet appearing.,semantics,quantifiers,existential_there_quantifiers_2,True,False,False,False,69,-41.0841178894043,-46.39031219482422,1
Each association isn't there intending to bother Tamara.,There isn't each association intending to bother Tamara.,semantics,quantifiers,existential_there_quantifiers_2,True,False,False,False,70,-65.745361328125,-69.63734436035156,1
Each casserole is there alarming Anne.,There is each casserole alarming Anne.,semantics,quantifiers,existential_there_quantifiers_2,True,False,False,False,71,-58.74061584472656,-58.289405822753906,0
All slopes were there boring Homer.,There were all slopes boring Homer.,semantics,quantifiers,existential_there_quantifiers_2,True,False,False,False,72,-54.925262451171875,-52.86382293701172,0
Every glacier was there disgusting Walter.,There was every glacier disgusting Walter.,semantics,quantifiers,existential_there_quantifiers_2,True,False,False,False,73,-54.107208251953125,-57.63213348388672,1
All bananas weren't there burning.,There weren't all bananas burning.,semantics,quantifiers,existential_there_quantifiers_2,True,False,False,False,74,-43.787986755371094,-41.28516387939453,0
Every guest was there visiting Ann.,There was every guest visiting Ann.,semantics,quantifiers,existential_there_quantifiers_2,True,False,False,False,75,-43.97319793701172,-45.88656997680664,1
Most convertibles are there looking like every painting.,There are most convertibles looking like every painting.,semantics,quantifiers,existential_there_quantifiers_2,True,False,False,False,76,-60.79595184326172,-63.86699676513672,1
All windows aren't there alarming a committee.,There aren't all windows alarming a committee.,semantics,quantifiers,existential_there_quantifiers_2,True,False,False,False,77,-59.30081558227539,-59.94208526611328,1
Every doctor wasn't there existing.,There wasn't every doctor existing.,semantics,quantifiers,existential_there_quantifiers_2,True,False,False,False,78,-46.845008850097656,-43.057525634765625,0
All glasses were there scaring Clyde.,There were all glasses scaring Clyde.,semantics,quantifiers,existential_there_quantifiers_2,True,False,False,False,79,-57.88408660888672,-53.57807159423828,0
All icicles aren't there disturbing Marie.,There aren't all icicles disturbing Marie.,semantics,quantifiers,existential_there_quantifiers_2,True,False,False,False,80,-59.83718490600586,-60.668212890625,1
Each cousin of Linda isn't there irritating Veronica.,There isn't each cousin of Linda irritating Veronica.,semantics,quantifiers,existential_there_quantifiers_2,True,False,False,False,81,-69.53863525390625,-71.72543334960938,1
Every carriage wasn't there bothering Pamela.,There wasn't every carriage bothering Pamela.,semantics,quantifiers,existential_there_quantifiers_2,True,False,False,False,82,-56.61674880981445,-59.970863342285156,1
Every woman was there intending to remember Thomas.,There was every woman intending to remember Thomas.,semantics,quantifiers,existential_there_quantifiers_2,True,False,False,False,83,-55.2442626953125,-53.675559997558594,0
Every show about Winston Churchill wasn't there astounding Jacqueline.,There wasn't every show about Winston Churchill astounding Jacqueline.,semantics,quantifiers,existential_there_quantifiers_2,True,False,False,False,84,-78.09788513183594,-77.3717041015625,0
Every hamster isn't there distracting Danielle.,There isn't every hamster distracting Danielle.,semantics,quantifiers,existential_there_quantifiers_2,True,False,False,False,85,-57.68512725830078,-59.19261169433594,1
Most libraries were there boring Sally.,There were most libraries boring Sally.,semantics,quantifiers,existential_there_quantifiers_2,True,False,False,False,86,-54.1105842590332,-54.84761428833008,1
All women aren't there discovering Amelia to climb down those slopes.,There aren't all women discovering Amelia to climb down those slopes.,semantics,quantifiers,existential_there_quantifiers_2,True,False,False,False,87,-87.13063049316406,-82.83637237548828,0
All icicles were there confusing this man.,There were all icicles confusing this man.,semantics,quantifiers,existential_there_quantifiers_2,True,False,False,False,88,-55.05907440185547,-50.964866638183594,0
All prints of Derek are there disappearing.,There are all prints of Derek disappearing.,semantics,quantifiers,existential_there_quantifiers_2,True,False,False,False,89,-58.45802307128906,-51.30517578125,0
Most patients were there pressuring Ella to break a lot of dishes.,There were most patients pressuring Ella to break a lot of dishes.,semantics,quantifiers,existential_there_quantifiers_2,True,False,False,False,90,-78.26481628417969,-80.47468566894531,1
Most movie theaters aren't there distracting Karla.,There aren't most movie theaters distracting Karla.,semantics,quantifiers,existential_there_quantifiers_2,True,False,False,False,91,-63.435855865478516,-66.93766784667969,1
Most waiters were there worrying Carla.,There were most waiters worrying Carla.,semantics,quantifiers,existential_there_quantifiers_2,True,False,False,False,92,-55.281551361083984,-60.55168151855469,1
Each government was there looking to get a job.,There was each government looking to get a job.,semantics,quantifiers,existential_there_quantifiers_2,True,False,False,False,93,-45.664405822753906,-48.00220489501953,1
Most guys aren't there escaping.,There aren't most guys escaping.,semantics,quantifiers,existential_there_quantifiers_2,True,False,False,False,94,-35.700096130371094,-39.55854797363281,1
All fish are there vanishing.,There are all fish vanishing.,semantics,quantifiers,existential_there_quantifiers_2,True,False,False,False,95,-38.305992126464844,-35.65699768066406,0
Each painting isn't there aggravating Barbara.,There isn't each painting aggravating Barbara.,semantics,quantifiers,existential_there_quantifiers_2,True,False,False,False,96,-54.485198974609375,-60.74620819091797,1
Each shoe is there disturbing Erin.,There is each shoe disturbing Erin.,semantics,quantifiers,existential_there_quantifiers_2,True,False,False,False,97,-51.55320358276367,-55.143516540527344,1
All stories about the Balkans are there aggravating all boys.,There are all stories about the Balkans aggravating all boys.,semantics,quantifiers,existential_there_quantifiers_2,True,False,False,False,98,-76.20092010498047,-70.46244812011719,0
Each legislature is there retaliating.,There is each legislature retaliating.,semantics,quantifiers,existential_there_quantifiers_2,True,False,False,False,99,-44.59757995605469,-43.78440475463867,0
Each lake was there boring Marla.,There was each lake boring Marla.,semantics,quantifiers,existential_there_quantifiers_2,True,False,False,False,100,-56.42064666748047,-59.63138198852539,1
Each granddaughter of Stephen is there escaping from James.,There is each granddaughter of Stephen escaping from James.,semantics,quantifiers,existential_there_quantifiers_2,True,False,False,False,101,-63.64138412475586,-61.425994873046875,0
Each cake wasn't there vanishing.,There wasn't each cake vanishing.,semantics,quantifiers,existential_there_quantifiers_2,True,False,False,False,102,-44.925384521484375,-46.159767150878906,1
Every rabbit wasn't there distracting Roger.,There wasn't every rabbit distracting Roger.,semantics,quantifiers,existential_there_quantifiers_2,True,False,False,False,103,-56.572635650634766,-56.3908576965332,0
All icicles are there freezing.,There are all icicles freezing.,semantics,quantifiers,existential_there_quantifiers_2,True,False,False,False,104,-41.66014862060547,-41.46047592163086,0
All windows are there opening.,There are all windows opening.,semantics,quantifiers,existential_there_quantifiers_2,True,False,False,False,105,-32.71025085449219,-28.93865394592285,0
Every cafe is there astounding Gerald.,There is every cafe astounding Gerald.,semantics,quantifiers,existential_there_quantifiers_2,True,False,False,False,106,-54.60516357421875,-58.77732849121094,1
Most waiters were there hugging George.,There were most waiters hugging George.,semantics,quantifiers,existential_there_quantifiers_2,True,False,False,False,107,-47.35624694824219,-49.866607666015625,1
Most lakes weren't there irritating Allison.,There weren't most lakes irritating Allison.,semantics,quantifiers,existential_there_quantifiers_2,True,False,False,False,108,-57.75575637817383,-60.20326232910156,1
Each son of Heather is there kissing Carla.,There is each son of Heather kissing Carla.,semantics,quantifiers,existential_there_quantifiers_2,True,False,False,False,109,-62.59888458251953,-65.36872863769531,1
All waiters are there fleeing from Eva.,There are all waiters fleeing from Eva.,semantics,quantifiers,existential_there_quantifiers_2,True,False,False,False,110,-54.71254348754883,-50.724639892578125,0
Each light was there stunning Jason.,There was each light stunning Jason.,semantics,quantifiers,existential_there_quantifiers_2,True,False,False,False,111,-51.597755432128906,-51.15192413330078,0
Every light wasn't there worrying Peter.,There wasn't every light worrying Peter.,semantics,quantifiers,existential_there_quantifiers_2,True,False,False,False,112,-49.014198303222656,-51.84215545654297,1
Each hat isn't there twirling.,There isn't each hat twirling.,semantics,quantifiers,existential_there_quantifiers_2,True,False,False,False,113,-43.45966339111328,-47.67046356201172,1
All photographs of some screen aren't there looking like most cars.,There aren't all photographs of some screen looking like most cars.,semantics,quantifiers,existential_there_quantifiers_2,True,False,False,False,114,-74.47533416748047,-72.47069549560547,0
Each commentary about the Impressionists wasn't there impressing Julie.,There wasn't each commentary about the Impressionists impressing Julie.,semantics,quantifiers,existential_there_quantifiers_2,True,False,False,False,115,-80.06986236572266,-83.48833465576172,1
Most libraries are there continuing to conceal those waitresses.,There are most libraries continuing to conceal those waitresses.,semantics,quantifiers,existential_there_quantifiers_2,True,False,False,False,116,-65.30139923095703,-69.6380615234375,1
Each jacket is there existing.,There is each jacket existing.,semantics,quantifiers,existential_there_quantifiers_2,True,False,False,False,117,-37.58161926269531,-40.17658233642578,1
Most mirrors are there hurting Alexander.,There are most mirrors hurting Alexander.,semantics,quantifiers,existential_there_quantifiers_2,True,False,False,False,118,-48.97657775878906,-52.10417175292969,1
Most customers are there swallowing.,There are most customers swallowing.,semantics,quantifiers,existential_there_quantifiers_2,True,False,False,False,119,-37.27036666870117,-38.96818161010742,1
Most glasses were there soaking.,There were most glasses soaking.,semantics,quantifiers,existential_there_quantifiers_2,True,False,False,False,120,-39.329566955566406,-41.529991149902344,1
Every book about music isn't there disturbing Roger.,There isn't every book about music disturbing Roger.,semantics,quantifiers,existential_there_quantifiers_2,True,False,False,False,121,-64.56855010986328,-64.54718017578125,0
Most cups aren't there hurting Dennis.,There aren't most cups hurting Dennis.,semantics,quantifiers,existential_there_quantifiers_2,True,False,False,False,122,-52.639732360839844,-57.92250061035156,1
Each shirt is there hurting Guy.,There is each shirt hurting Guy.,semantics,quantifiers,existential_there_quantifiers_2,True,False,False,False,123,-47.724857330322266,-52.55007553100586,1
Most windows are there alarming Frank.,There are most windows alarming Frank.,semantics,quantifiers,existential_there_quantifiers_2,True,False,False,False,124,-50.11425018310547,-53.38937759399414,1
Every cafe is there aggravating Donna.,There is every cafe aggravating Donna.,semantics,quantifiers,existential_there_quantifiers_2,True,False,False,False,125,-53.146934509277344,-56.51797866821289,1
Every boy was there explaining everything.,There was every boy explaining everything.,semantics,quantifiers,existential_there_quantifiers_2,True,False,False,False,126,-41.44506072998047,-43.79914855957031,1
Each lamp wasn't there hurting a girl.,There wasn't each lamp hurting a girl.,semantics,quantifiers,existential_there_quantifiers_2,True,False,False,False,127,-53.984073638916016,-55.76325225830078,1
Each art gallery was there annoying Beth.,There was each art gallery annoying Beth.,semantics,quantifiers,existential_there_quantifiers_2,True,False,False,False,128,-53.133506774902344,-60.18012237548828,1
Most coats aren't there drying.,There aren't most coats drying.,semantics,quantifiers,existential_there_quantifiers_2,True,False,False,False,129,-40.88031005859375,-43.912506103515625,1
Most legislatures weren't there reuniting.,There weren't most legislatures reuniting.,semantics,quantifiers,existential_there_quantifiers_2,True,False,False,False,130,-48.45010757446289,-49.40269470214844,1
Every shirt is there tightening.,There is every shirt tightening.,semantics,quantifiers,existential_there_quantifiers_2,True,False,False,False,131,-37.489532470703125,-38.46663284301758,1
Each report wasn't there confusing John.,There wasn't each report confusing John.,semantics,quantifiers,existential_there_quantifiers_2,True,False,False,False,132,-56.04901885986328,-55.35621643066406,0
Each banana was there astounding Candice.,There was each banana astounding Candice.,semantics,quantifiers,existential_there_quantifiers_2,True,False,False,False,133,-57.73305130004883,-61.0564079284668,1
Most icicles aren't there melting.,There aren't most icicles melting.,semantics,quantifiers,existential_there_quantifiers_2,True,False,False,False,134,-46.63646697998047,-52.65687561035156,1
Every person isn't there thinking about who will eat.,There isn't every person thinking about who will eat.,semantics,quantifiers,existential_there_quantifiers_2,True,False,False,False,135,-55.523338317871094,-52.577919006347656,0
Most paintings of Sheila weren't there falling.,There weren't most paintings of Sheila falling.,semantics,quantifiers,existential_there_quantifiers_2,True,False,False,False,136,-60.142974853515625,-62.39421463012695,1
Most patients were there threatening to testify.,There were most patients threatening to testify.,semantics,quantifiers,existential_there_quantifiers_2,True,False,False,False,137,-42.9980583190918,-43.377323150634766,1
Each mouth wasn't there aggravating Bill.,There wasn't each mouth aggravating Bill.,semantics,quantifiers,existential_there_quantifiers_2,True,False,False,False,138,-59.83715057373047,-60.07813262939453,1
Each pie isn't there upsetting Elaine.,There isn't each pie upsetting Elaine.,semantics,quantifiers,existential_there_quantifiers_2,True,False,False,False,139,-55.32186508178711,-59.291259765625,1
All photographs of Theresa are there astounding Spain.,There are all photographs of Theresa astounding Spain.,semantics,quantifiers,existential_there_quantifiers_2,True,False,False,False,140,-66.87954711914062,-60.01811981201172,0
All organizations were there thinking about who wouldn't tour that closet.,There were all organizations thinking about who wouldn't tour that closet.,semantics,quantifiers,existential_there_quantifiers_2,True,False,False,False,141,-78.00135803222656,-75.93394470214844,0
Each shirt wasn't there twisting.,There wasn't each shirt twisting.,semantics,quantifiers,existential_there_quantifiers_2,True,False,False,False,142,-44.26136016845703,-45.55792999267578,1
Each newspaper article isn't there shocking Carl.,There isn't each newspaper article shocking Carl.,semantics,quantifiers,existential_there_quantifiers_2,True,False,False,False,143,-67.00625610351562,-68.92292785644531,1
All reports aren't there disgusting Mitchell.,There aren't all reports disgusting Mitchell.,semantics,quantifiers,existential_there_quantifiers_2,True,False,False,False,144,-54.52265930175781,-53.34107208251953,0
All sisters of Denise are there approving.,There are all sisters of Denise approving.,semantics,quantifiers,existential_there_quantifiers_2,True,False,False,False,145,-54.663330078125,-54.64936828613281,0
All movies weren't there winning.,There weren't all movies winning.,semantics,quantifiers,existential_there_quantifiers_2,True,False,False,False,146,-41.561500549316406,-39.497154235839844,0
Every hat is there crumpling.,There is every hat crumpling.,semantics,quantifiers,existential_there_quantifiers_2,True,False,False,False,147,-43.45317077636719,-44.98289489746094,1
Each book was there scaring some student.,There was each book scaring some student.,semantics,quantifiers,existential_there_quantifiers_2,True,False,False,False,148,-62.28067398071289,-62.5682373046875,1
All projectors were there aggravating Monet.,There were all projectors aggravating Monet.,semantics,quantifiers,existential_there_quantifiers_2,True,False,False,False,149,-65.71235656738281,-59.82432556152344,0
Most governments were there conspiring.,There were most governments conspiring.,semantics,quantifiers,existential_there_quantifiers_2,True,False,False,False,150,-39.49200439453125,-40.828224182128906,1
Every art gallery isn't there impressing Jesus.,There isn't every art gallery impressing Jesus.,semantics,quantifiers,existential_there_quantifiers_2,True,False,False,False,151,-56.89257049560547,-64.94087219238281,1
Every school was there profiting.,There was every school profiting.,semantics,quantifiers,existential_there_quantifiers_2,True,False,False,False,152,-40.23627471923828,-40.49530792236328,1
All photographs are there stunning William.,There are all photographs stunning William.,semantics,quantifiers,existential_there_quantifiers_2,True,False,False,False,153,-49.12677001953125,-46.58863067626953,0
Each grandfather of Julia isn't there considering Marla to praise Nicole.,There isn't each grandfather of Julia considering Marla to praise Nicole.,semantics,quantifiers,existential_there_quantifiers_2,True,False,False,False,154,-91.48382568359375,-98.21003723144531,1
Each cart wasn't there slowing.,There wasn't each cart slowing.,semantics,quantifiers,existential_there_quantifiers_2,True,False,False,False,155,-47.189579010009766,-51.48062515258789,1
All cups weren't there disappearing.,There weren't all cups disappearing.,semantics,quantifiers,existential_there_quantifiers_2,True,False,False,False,156,-45.401214599609375,-42.749046325683594,0
All restaurants weren't there embarrassing every school.,There weren't all restaurants embarrassing every school.,semantics,quantifiers,existential_there_quantifiers_2,True,False,False,False,157,-60.46872329711914,-59.25016784667969,0
Each grandmother of Sarah is there wanting to depart.,There is each grandmother of Sarah wanting to depart.,semantics,quantifiers,existential_there_quantifiers_2,True,False,False,False,158,-58.292236328125,-60.566184997558594,1
Each painting was there stunning Diana.,There was each painting stunning Diana.,semantics,quantifiers,existential_there_quantifiers_2,True,False,False,False,159,-51.530086517333984,-53.875526428222656,1
Every photograph of most closets is there appearing.,There is every photograph of most closets appearing.,semantics,quantifiers,existential_there_quantifiers_2,True,False,False,False,160,-61.34911346435547,-56.37492370605469,0
Each dancer was there researching the painting.,There was each dancer researching the painting.,semantics,quantifiers,existential_there_quantifiers_2,True,False,False,False,161,-48.281349182128906,-51.92516326904297,1
Most banks weren't there finding out who disappear.,There weren't most banks finding out who disappear.,semantics,quantifiers,existential_there_quantifiers_2,True,False,False,False,162,-58.02040481567383,-61.24698257446289,1
Each guest was there grinning.,There was each guest grinning.,semantics,quantifiers,existential_there_quantifiers_2,True,False,False,False,163,-41.80146408081055,-40.64715576171875,0
All scarves weren't there warping.,There weren't all scarves warping.,semantics,quantifiers,existential_there_quantifiers_2,True,False,False,False,164,-45.80329895019531,-46.76609802246094,1
Every girl is there cooking.,There is every girl cooking.,semantics,quantifiers,existential_there_quantifiers_2,True,False,False,False,165,-33.399776458740234,-31.095775604248047,0
Every photograph of some candles was there scaring Benjamin.,There was every photograph of some candles scaring Benjamin.,semantics,quantifiers,existential_there_quantifiers_2,True,False,False,False,166,-78.71646881103516,-73.60589599609375,0
Every boy isn't there looking like the photographs.,There isn't every boy looking like the photographs.,semantics,quantifiers,existential_there_quantifiers_2,True,False,False,False,167,-54.1140251159668,-53.60778045654297,0
Each truck was there embarrassing Martha.,There was each truck embarrassing Martha.,semantics,quantifiers,existential_there_quantifiers_2,True,False,False,False,168,-54.32294464111328,-57.26921081542969,1
Each door is there embarrassing Samuel.,There is each door embarrassing Samuel.,semantics,quantifiers,existential_there_quantifiers_2,True,False,False,False,169,-49.13499450683594,-52.472408294677734,1
All photographs weren't there boring Phillip.,There weren't all photographs boring Phillip.,semantics,quantifiers,existential_there_quantifiers_2,True,False,False,False,170,-58.43347930908203,-58.92236328125,1
All movies about the Borgias weren't there winning.,There weren't all movies about the Borgias winning.,semantics,quantifiers,existential_there_quantifiers_2,True,False,False,False,171,-68.42288970947266,-65.21212768554688,0
Most steps weren't there worrying George.,There weren't most steps worrying George.,semantics,quantifiers,existential_there_quantifiers_2,True,False,False,False,172,-49.01296615600586,-57.37543869018555,1
Most art galleries were there annoying Kristen.,There were most art galleries annoying Kristen.,semantics,quantifiers,existential_there_quantifiers_2,True,False,False,False,173,-56.082054138183594,-58.45970916748047,1
Each eye isn't there boring the Clintons.,There isn't each eye boring the Clintons.,semantics,quantifiers,existential_there_quantifiers_2,True,False,False,False,174,-55.94342041015625,-58.866737365722656,1
Most banks weren't there continuing to bore Travis.,There weren't most banks continuing to bore Travis.,semantics,quantifiers,existential_there_quantifiers_2,True,False,False,False,175,-63.37963104248047,-67.95005798339844,1
All chairs aren't there irritating Sandra.,There aren't all chairs irritating Sandra.,semantics,quantifiers,existential_there_quantifiers_2,True,False,False,False,176,-54.647727966308594,-55.57910919189453,1
Most snakes are there disappearing.,There are most snakes disappearing.,semantics,quantifiers,existential_there_quantifiers_2,True,False,False,False,177,-36.1768684387207,-39.02891159057617,1
Each nose was there existing.,There was each nose existing.,semantics,quantifiers,existential_there_quantifiers_2,True,False,False,False,178,-41.94803237915039,-43.61845397949219,1
All hamsters were there finding every patient.,There were all hamsters finding every patient.,semantics,quantifiers,existential_there_quantifiers_2,True,False,False,False,179,-58.60699462890625,-55.920013427734375,0
All plays aren't there disgusting actors.,There aren't all plays disgusting actors.,semantics,quantifiers,existential_there_quantifiers_2,True,False,False,False,180,-47.86191177368164,-47.81551742553711,0
All cats weren't there irritating Lawrence.,There weren't all cats irritating Lawrence.,semantics,quantifiers,existential_there_quantifiers_2,True,False,False,False,181,-58.515777587890625,-54.1561279296875,0
Each cafe isn't there shocking Sandra.,There isn't each cafe shocking Sandra.,semantics,quantifiers,existential_there_quantifiers_2,True,False,False,False,182,-56.97690200805664,-61.775604248046875,1
Most legislatures were there needing a lot of doors to shut.,There were most legislatures needing a lot of doors to shut.,semantics,quantifiers,existential_there_quantifiers_2,True,False,False,False,183,-62.427757263183594,-65.01687622070312,1
Most pies are there shocking Brett.,There are most pies shocking Brett.,semantics,quantifiers,existential_there_quantifiers_2,True,False,False,False,184,-54.007545471191406,-56.576866149902344,1
Most wheelbarrows weren't there disturbing Brenda.,There weren't most wheelbarrows disturbing Brenda.,semantics,quantifiers,existential_there_quantifiers_2,True,False,False,False,185,-67.42842102050781,-72.4156494140625,1
Most mouths aren't there confusing a lot of dancers.,There aren't most mouths confusing a lot of dancers.,semantics,quantifiers,existential_there_quantifiers_2,True,False,False,False,186,-60.23841857910156,-67.97471618652344,1
Every guy isn't there yelling.,There isn't every guy yelling.,semantics,quantifiers,existential_there_quantifiers_2,True,False,False,False,187,-38.42637252807617,-36.90446853637695,0
Every committee was there describing many waitresses.,There was every committee describing many waitresses.,semantics,quantifiers,existential_there_quantifiers_2,True,False,False,False,188,-58.93485641479492,-63.179229736328125,1
All ladies are there noticing some senator.,There are all ladies noticing some senator.,semantics,quantifiers,existential_there_quantifiers_2,True,False,False,False,189,-54.682823181152344,-54.824981689453125,1
Most rugs were there looking like some drawing.,There were most rugs looking like some drawing.,semantics,quantifiers,existential_there_quantifiers_2,True,False,False,False,190,-52.86693572998047,-56.23680877685547,1
Every nose was there alarming Jennifer.,There was every nose alarming Jennifer.,semantics,quantifiers,existential_there_quantifiers_2,True,False,False,False,191,-57.55754089355469,-59.53372573852539,1
All drawings of every box were there existing.,There were all drawings of every box existing.,semantics,quantifiers,existential_there_quantifiers_2,True,False,False,False,192,-60.0670051574707,-51.70553970336914,0
Every bike isn't there distracting women.,There isn't every bike distracting women.,semantics,quantifiers,existential_there_quantifiers_2,True,False,False,False,193,-50.63654327392578,-53.509029388427734,1
Every unicycle isn't there impressing Sabrina.,There isn't every unicycle impressing Sabrina.,semantics,quantifiers,existential_there_quantifiers_2,True,False,False,False,194,-64.11598205566406,-67.33830261230469,1
Each mirror wasn't there wasting away.,There wasn't each mirror wasting away.,semantics,quantifiers,existential_there_quantifiers_2,True,False,False,False,195,-50.08929443359375,-51.14765930175781,1
Every convertible wasn't there boring Chad.,There wasn't every convertible boring Chad.,semantics,quantifiers,existential_there_quantifiers_2,True,False,False,False,196,-60.752845764160156,-59.314056396484375,0
All governments are there seeming to hug.,There are all governments seeming to hug.,semantics,quantifiers,existential_there_quantifiers_2,True,False,False,False,197,-51.60297393798828,-47.80677795410156,0
Most associations are there prompting Irene to perform.,There are most associations prompting Irene to perform.,semantics,quantifiers,existential_there_quantifiers_2,True,False,False,False,198,-60.711212158203125,-64.81590270996094,1
All organizations weren't there failing to help Melanie.,There weren't all organizations failing to help Melanie.,semantics,quantifiers,existential_there_quantifiers_2,True,False,False,False,199,-59.644351959228516,-58.32278823852539,0
All dresses were there shrinking.,There were all dresses shrinking.,semantics,quantifiers,existential_there_quantifiers_2,True,False,False,False,200,-42.25834655761719,-38.85359191894531,0
Most lamps are there disgusting some legislature.,There are most lamps disgusting some legislature.,semantics,quantifiers,existential_there_quantifiers_2,True,False,False,False,201,-59.3218994140625,-62.37825393676758,1
Each grandmother of Frank was there hiding an actress.,There was each grandmother of Frank hiding an actress.,semantics,quantifiers,existential_there_quantifiers_2,True,False,False,False,202,-60.63372039794922,-66.56959533691406,1
All carts are there tipping over.,There are all carts tipping over.,semantics,quantifiers,existential_there_quantifiers_2,True,False,False,False,203,-42.225826263427734,-41.61740493774414,0
Each shawl was there impressing Stacey.,There was each shawl impressing Stacey.,semantics,quantifiers,existential_there_quantifiers_2,True,False,False,False,204,-66.22309875488281,-66.54331970214844,1
Most gates weren't there looking like most photographs.,There weren't most gates looking like most photographs.,semantics,quantifiers,existential_there_quantifiers_2,True,False,False,False,205,-53.26947784423828,-61.524391174316406,1
All planes were there tipping over.,There were all planes tipping over.,semantics,quantifiers,existential_there_quantifiers_2,True,False,False,False,206,-41.552391052246094,-39.23692321777344,0
All teenagers are there exploring most glaciers.,There are all teenagers exploring most glaciers.,semantics,quantifiers,existential_there_quantifiers_2,True,False,False,False,207,-52.93710708618164,-50.26677703857422,0
Most commentaries aren't there distracting some patients.,There aren't most commentaries distracting some patients.,semantics,quantifiers,existential_there_quantifiers_2,True,False,False,False,208,-59.27714538574219,-62.92713165283203,1
Most scarves aren't there folding.,There aren't most scarves folding.,semantics,quantifiers,existential_there_quantifiers_2,True,False,False,False,209,-42.62132263183594,-48.6143684387207,1
Most coats aren't there appearing.,There aren't most coats appearing.,semantics,quantifiers,existential_there_quantifiers_2,True,False,False,False,210,-39.90898513793945,-42.67898178100586,1
Each grandson of Liam is there learning.,There is each grandson of Liam learning.,semantics,quantifiers,existential_there_quantifiers_2,True,False,False,False,211,-51.81828689575195,-53.23652648925781,1
Most shows about art are there scaring Samuel.,There are most shows about art scaring Samuel.,semantics,quantifiers,existential_there_quantifiers_2,True,False,False,False,212,-74.4646224975586,-69.44854736328125,0
All fathers of Scott are there hiding away.,There are all fathers of Scott hiding away.,semantics,quantifiers,existential_there_quantifiers_2,True,False,False,False,213,-55.49583053588867,-53.407386779785156,0
Most books aren't there stunning Elaine.,There aren't most books stunning Elaine.,semantics,quantifiers,existential_there_quantifiers_2,True,False,False,False,214,-52.850685119628906,-56.63737869262695,1
Each painting of Alexander is there disgusting Nancy.,There is each painting of Alexander disgusting Nancy.,semantics,quantifiers,existential_there_quantifiers_2,True,False,False,False,215,-66.65007019042969,-67.29981994628906,1
Most ladies weren't there thinking about this hair.,There weren't most ladies thinking about this hair.,semantics,quantifiers,existential_there_quantifiers_2,True,False,False,False,216,-51.26976013183594,-51.49519348144531,1
Most eyes weren't there hurting Timothy.,There weren't most eyes hurting Timothy.,semantics,quantifiers,existential_there_quantifiers_2,True,False,False,False,217,-49.773067474365234,-54.138954162597656,1
All cars are there looking like paintings.,There are all cars looking like paintings.,semantics,quantifiers,existential_there_quantifiers_2,True,False,False,False,218,-46.495933532714844,-42.68647766113281,0
Most pants were there stretching.,There were most pants stretching.,semantics,quantifiers,existential_there_quantifiers_2,True,False,False,False,219,-36.64981460571289,-41.31113052368164,1
Every play about the Great Lakes isn't there impressing Elaine.,There isn't every play about the Great Lakes impressing Elaine.,semantics,quantifiers,existential_there_quantifiers_2,True,False,False,False,220,-77.72916412353516,-83.30458068847656,1
Most rugs were there hurting Andrew.,There were most rugs hurting Andrew.,semantics,quantifiers,existential_there_quantifiers_2,True,False,False,False,221,-51.563568115234375,-54.113059997558594,1
Most slopes were there astounding Mary.,There were most slopes astounding Mary.,semantics,quantifiers,existential_there_quantifiers_2,True,False,False,False,222,-55.87580871582031,-59.26586151123047,1
Most pedestrians weren't there meeting.,There weren't most pedestrians meeting.,semantics,quantifiers,existential_there_quantifiers_2,True,False,False,False,223,-41.13035583496094,-44.412017822265625,1
Every hamster wasn't there falling.,There wasn't every hamster falling.,semantics,quantifiers,existential_there_quantifiers_2,True,False,False,False,224,-46.71352767944336,-47.66138458251953,1
Most candles weren't there boring Bruce.,There weren't most candles boring Bruce.,semantics,quantifiers,existential_there_quantifiers_2,True,False,False,False,225,-57.15254592895508,-57.72294616699219,1
Each senator is there astounding Grace.,There is each senator astounding Grace.,semantics,quantifiers,existential_there_quantifiers_2,True,False,False,False,226,-51.293060302734375,-53.9909782409668,1
Every drawing wasn't there astounding the government.,There wasn't every drawing astounding the government.,semantics,quantifiers,existential_there_quantifiers_2,True,False,False,False,227,-60.00214767456055,-59.334716796875,0
Every hat was there upsetting a government.,There was every hat upsetting a government.,semantics,quantifiers,existential_there_quantifiers_2,True,False,False,False,228,-52.58933639526367,-57.53617858886719,1
Every horse wasn't there disappearing.,There wasn't every horse disappearing.,semantics,quantifiers,existential_there_quantifiers_2,True,False,False,False,229,-45.265769958496094,-42.24223709106445,0
Most ladders were there astounding Danielle.,There were most ladders astounding Danielle.,semantics,quantifiers,existential_there_quantifiers_2,True,False,False,False,230,-57.43964385986328,-58.42324447631836,1
Most friends of Omar weren't there reacting.,There weren't most friends of Omar reacting.,semantics,quantifiers,existential_there_quantifiers_2,True,False,False,False,231,-58.97196960449219,-59.96495819091797,1
Every glacier is there existing.,There is every glacier existing.,semantics,quantifiers,existential_there_quantifiers_2,True,False,False,False,232,-39.19668197631836,-40.383060455322266,1
All doctors are there lifting every college campus.,There are all doctors lifting every college campus.,semantics,quantifiers,existential_there_quantifiers_2,True,False,False,False,233,-56.44659423828125,-57.19832229614258,1
Each museum was there selling these computers.,There was each museum selling these computers.,semantics,quantifiers,existential_there_quantifiers_2,True,False,False,False,234,-49.21168518066406,-51.830867767333984,1
Each museum wasn't there enticing some synopsis to disgust this doctor.,There wasn't each museum enticing some synopsis to disgust this doctor.,semantics,quantifiers,existential_there_quantifiers_2,True,False,False,False,235,-96.72496032714844,-97.064208984375,1
All fathers of Karla were there worrying.,There were all fathers of Karla worrying.,semantics,quantifiers,existential_there_quantifiers_2,True,False,False,False,236,-57.538108825683594,-58.361324310302734,1
Every public park wasn't there embarrassing Veronica.,There wasn't every public park embarrassing Veronica.,semantics,quantifiers,existential_there_quantifiers_2,True,False,False,False,237,-64.53414916992188,-65.73857879638672,1
All cousins of Kathleen weren't there going to Spain.,There weren't all cousins of Kathleen going to Spain.,semantics,quantifiers,existential_there_quantifiers_2,True,False,False,False,238,-67.64576721191406,-64.41606140136719,0
All teenagers are there reacting.,There are all teenagers reacting.,semantics,quantifiers,existential_there_quantifiers_2,True,False,False,False,239,-37.222599029541016,-33.90318298339844,0
Every fish was there upsetting Jennifer.,There was every fish upsetting Jennifer.,semantics,quantifiers,existential_there_quantifiers_2,True,False,False,False,240,-52.01266860961914,-53.841529846191406,1
Every lamp was there wasting away.,There was every lamp wasting away.,semantics,quantifiers,existential_there_quantifiers_2,True,False,False,False,241,-45.99879455566406,-46.325199127197266,1
Each patient was there speaking up.,There was each patient speaking up.,semantics,quantifiers,existential_there_quantifiers_2,True,False,False,False,242,-44.08647918701172,-41.68229675292969,0
Each restaurant isn't there alarming Chad.,There isn't each restaurant alarming Chad.,semantics,quantifiers,existential_there_quantifiers_2,True,False,False,False,243,-58.107337951660156,-62.47496795654297,1
Each school is there discovering every lamp to brighten.,There is each school discovering every lamp to brighten.,semantics,quantifiers,existential_there_quantifiers_2,True,False,False,False,244,-68.29083251953125,-71.96804809570312,1
All children were there begging a friend of Rose to kiss Janet.,There were all children begging a friend of Rose to kiss Janet.,semantics,quantifiers,existential_there_quantifiers_2,True,False,False,False,245,-79.49661254882812,-76.13441467285156,0
Every cup isn't there bothering Gerald.,There isn't every cup bothering Gerald.,semantics,quantifiers,existential_there_quantifiers_2,True,False,False,False,246,-53.80023956298828,-55.706886291503906,1
Every lake wasn't there confusing Holly.,There wasn't every lake confusing Holly.,semantics,quantifiers,existential_there_quantifiers_2,True,False,False,False,247,-55.63844299316406,-59.23820114135742,1
All pies are there blackening.,There are all pies blackening.,semantics,quantifiers,existential_there_quantifiers_2,True,False,False,False,248,-46.086997985839844,-46.04022979736328,0
Every plate wasn't there hurting Veronica.,There wasn't every plate hurting Veronica.,semantics,quantifiers,existential_there_quantifiers_2,True,False,False,False,249,-52.695953369140625,-55.488006591796875,1
Every bird is there finding some water.,There is every bird finding some water.,semantics,quantifiers,existential_there_quantifiers_2,True,False,False,False,250,-44.93144226074219,-45.088470458984375,1
Most girls are there figuring out who could tour the cafes.,There are most girls figuring out who could tour the cafes.,semantics,quantifiers,existential_there_quantifiers_2,True,False,False,False,251,-65.05352783203125,-68.05891418457031,1
Most actors are there wearing glasses.,There are most actors wearing glasses.,semantics,quantifiers,existential_there_quantifiers_2,True,False,False,False,252,-39.08624267578125,-37.490013122558594,0
Most peppers were there going bad.,There were most peppers going bad.,semantics,quantifiers,existential_there_quantifiers_2,True,False,False,False,253,-41.23225784301758,-43.771217346191406,1
Each photograph was there stunning Amelia.,There was each photograph stunning Amelia.,semantics,quantifiers,existential_there_quantifiers_2,True,False,False,False,254,-54.11439514160156,-54.74614334106445,1
All waiters weren't there alarming Nina.,There weren't all waiters alarming Nina.,semantics,quantifiers,existential_there_quantifiers_2,True,False,False,False,255,-62.32918930053711,-61.67045211791992,0
Most men are there boring guys.,There are most men boring guys.,semantics,quantifiers,existential_there_quantifiers_2,True,False,False,False,256,-37.280303955078125,-38.677608489990234,1
Every committee was there succeeding.,There was every committee succeeding.,semantics,quantifiers,existential_there_quantifiers_2,True,False,False,False,257,-37.09128189086914,-40.14490509033203,1
Each book is there annoying Tanya.,There is each book annoying Tanya.,semantics,quantifiers,existential_there_quantifiers_2,True,False,False,False,258,-47.703285217285156,-49.354984283447266,1
All icicles aren't there disappearing.,There aren't all icicles disappearing.,semantics,quantifiers,existential_there_quantifiers_2,True,False,False,False,259,-44.67988967895508,-45.589439392089844,1
All windows aren't there distracting Kristin.,There aren't all windows distracting Kristin.,semantics,quantifiers,existential_there_quantifiers_2,True,False,False,False,260,-56.99044418334961,-58.36614990234375,1
Most trucks weren't there accelerating.,There weren't most trucks accelerating.,semantics,quantifiers,existential_there_quantifiers_2,True,False,False,False,261,-43.293663024902344,-46.932193756103516,1
All grandsons of Aaron were there disappearing.,There were all grandsons of Aaron disappearing.,semantics,quantifiers,existential_there_quantifiers_2,True,False,False,False,262,-63.544960021972656,-58.019954681396484,0
Most senators weren't there fighting.,There weren't most senators fighting.,semantics,quantifiers,existential_there_quantifiers_2,True,False,False,False,263,-42.07631301879883,-42.399810791015625,1
Every book about Harvard University was there confusing that cashier.,There was every book about Harvard University confusing that cashier.,semantics,quantifiers,existential_there_quantifiers_2,True,False,False,False,264,-75.93887329101562,-74.80325317382812,0
All teenagers weren't there considering Julia to sing.,There weren't all teenagers considering Julia to sing.,semantics,quantifiers,existential_there_quantifiers_2,True,False,False,False,265,-60.82918930053711,-59.87077331542969,0
Each cake isn't there distracting every teenager.,There isn't each cake distracting every teenager.,semantics,quantifiers,existential_there_quantifiers_2,True,False,False,False,266,-56.77715301513672,-60.57616424560547,1
Each library isn't there hurting Michael.,There isn't each library hurting Michael.,semantics,quantifiers,existential_there_quantifiers_2,True,False,False,False,267,-49.52814865112305,-58.15707778930664,1
Every grandfather of Deborah wasn't there encouraging Katherine to drink.,There wasn't every grandfather of Deborah encouraging Katherine to drink.,semantics,quantifiers,existential_there_quantifiers_2,True,False,False,False,268,-80.08423614501953,-84.1319351196289,1
Most bananas were there charring.,There were most bananas charring.,semantics,quantifiers,existential_there_quantifiers_2,True,False,False,False,269,-48.30479431152344,-51.023216247558594,1
All reports are there scaring Roger.,There are all reports scaring Roger.,semantics,quantifiers,existential_there_quantifiers_2,True,False,False,False,270,-53.58498001098633,-50.79949951171875,0
Each college campus is there appearing.,There is each college campus appearing.,semantics,quantifiers,existential_there_quantifiers_2,True,False,False,False,271,-39.44206237792969,-45.265594482421875,1
All shows about the Impressionists are there upsetting Thomas.,There are all shows about the Impressionists upsetting Thomas.,semantics,quantifiers,existential_there_quantifiers_2,True,False,False,False,272,-75.84196472167969,-71.72331237792969,0
Each muffin wasn't there blackening.,There wasn't each muffin blackening.,semantics,quantifiers,existential_there_quantifiers_2,True,False,False,False,273,-55.40446472167969,-53.16886901855469,0
Every popsicle isn't there worrying every man.,There isn't every popsicle worrying every man.,semantics,quantifiers,existential_there_quantifiers_2,True,False,False,False,274,-58.79209899902344,-63.35660171508789,1
Each play about the Lutherans isn't there bothering Deanna.,There isn't each play about the Lutherans bothering Deanna.,semantics,quantifiers,existential_there_quantifiers_2,True,False,False,False,275,-83.5751724243164,-89.61521911621094,1
Each casserole was there existing.,There was each casserole existing.,semantics,quantifiers,existential_there_quantifiers_2,True,False,False,False,276,-46.80813980102539,-45.302825927734375,0
Each mirror wasn't there confusing that dancer.,There wasn't each mirror confusing that dancer.,semantics,quantifiers,existential_there_quantifiers_2,True,False,False,False,277,-65.2789306640625,-66.07632446289062,1
All eyes were there impressing girls.,There were all eyes impressing girls.,semantics,quantifiers,existential_there_quantifiers_2,True,False,False,False,278,-50.457462310791016,-48.73233413696289,0
Most pants weren't there twisting.,There weren't most pants twisting.,semantics,quantifiers,existential_there_quantifiers_2,True,False,False,False,279,-43.236289978027344,-46.485443115234375,1
Every shawl is there flattening.,There is every shawl flattening.,semantics,quantifiers,existential_there_quantifiers_2,True,False,False,False,280,-49.72662353515625,-47.52652359008789,0
Most essays aren't there upsetting every company.,There aren't most essays upsetting every company.,semantics,quantifiers,existential_there_quantifiers_2,True,False,False,False,281,-54.107696533203125,-58.3991584777832,1
All grocery stores are there disgusting Melanie.,There are all grocery stores disgusting Melanie.,semantics,quantifiers,existential_there_quantifiers_2,True,False,False,False,282,-54.845359802246094,-52.23187255859375,0
Most windows were there worrying the Impressionists.,There were most windows worrying the Impressionists.,semantics,quantifiers,existential_there_quantifiers_2,True,False,False,False,283,-55.81333923339844,-58.87969207763672,1
All cousins of Noah are there profiting.,There are all cousins of Noah profiting.,semantics,quantifiers,existential_there_quantifiers_2,True,False,False,False,284,-55.141319274902344,-51.37266540527344,0
Most pictures are there vanishing.,There are most pictures vanishing.,semantics,quantifiers,existential_there_quantifiers_2,True,False,False,False,285,-35.85181427001953,-34.73807144165039,0
Most cakes are there blackening.,There are most cakes blackening.,semantics,quantifiers,existential_there_quantifiers_2,True,False,False,False,286,-44.07905960083008,-46.44664001464844,1
All waiters aren't there yawning.,There aren't all waiters yawning.,semantics,quantifiers,existential_there_quantifiers_2,True,False,False,False,287,-46.433616638183594,-46.22288131713867,0
Most eggplants were there wasting away.,There were most eggplants wasting away.,semantics,quantifiers,existential_there_quantifiers_2,True,False,False,False,288,-53.23768615722656,-56.25084686279297,1
Every story about Harvard University wasn't there astounding those patients.,There wasn't every story about Harvard University astounding those patients.,semantics,quantifiers,existential_there_quantifiers_2,True,False,False,False,289,-76.10181427001953,-81.31253051757812,1
Most tomatoes were there going bad.,There were most tomatoes going bad.,semantics,quantifiers,existential_there_quantifiers_2,True,False,False,False,290,-39.1612434387207,-42.405731201171875,1
Every unicycle was there turning.,There was every unicycle turning.,semantics,quantifiers,existential_there_quantifiers_2,True,False,False,False,291,-45.38628005981445,-45.604248046875,1
All lights aren't there looking like pictures.,There aren't all lights looking like pictures.,semantics,quantifiers,existential_there_quantifiers_2,True,False,False,False,292,-44.26173400878906,-45.52678680419922,1
All cucumbers weren't there disgusting Wendy.,There weren't all cucumbers disgusting Wendy.,semantics,quantifiers,existential_there_quantifiers_2,True,False,False,False,293,-59.57381057739258,-58.64698791503906,0
Every drawing was there vanishing.,There was every drawing vanishing.,semantics,quantifiers,existential_there_quantifiers_2,True,False,False,False,294,-42.634193420410156,-42.30695343017578,0
Each window was there appearing.,There was each window appearing.,semantics,quantifiers,existential_there_quantifiers_2,True,False,False,False,295,-37.77519226074219,-39.62712860107422,1
Each guest is there managing to clean the chair.,There is each guest managing to clean the chair.,semantics,quantifiers,existential_there_quantifiers_2,True,False,False,False,296,-56.12400436401367,-55.10321044921875,0
Every actor is there learning what ripens.,There is every actor learning what ripens.,semantics,quantifiers,existential_there_quantifiers_2,True,False,False,False,297,-58.387306213378906,-57.93070983886719,0
Most pictures of most books were there hurting Kirsten.,There were most pictures of most books hurting Kirsten.,semantics,quantifiers,existential_there_quantifiers_2,True,False,False,False,298,-66.13920593261719,-64.71792602539062,0
Every bike is there existing.,There is every bike existing.,semantics,quantifiers,existential_there_quantifiers_2,True,False,False,False,299,-38.01033020019531,-37.725341796875,0
All libraries were there failing to help Gary.,There were all libraries failing to help Gary.,semantics,quantifiers,existential_there_quantifiers_2,True,False,False,False,300,-57.11356735229492,-55.22027587890625,0
Each light is there wasting away.,There is each light wasting away.,semantics,quantifiers,existential_there_quantifiers_2,True,False,False,False,301,-41.43365478515625,-40.353214263916016,0
Most girls are there remembering what frays.,There are most girls remembering what frays.,semantics,quantifiers,existential_there_quantifiers_2,True,False,False,False,302,-55.57695007324219,-58.552677154541016,1
All skateboards are there rolling.,There are all skateboards rolling.,semantics,quantifiers,existential_there_quantifiers_2,True,False,False,False,303,-39.62525939941406,-37.65143966674805,0
All shirts were there scaring the child.,There were all shirts scaring the child.,semantics,quantifiers,existential_there_quantifiers_2,True,False,False,False,304,-55.713348388671875,-51.94349670410156,0
Most men are there continuing to react.,There are most men continuing to react.,semantics,quantifiers,existential_there_quantifiers_2,True,False,False,False,305,-41.177268981933594,-42.31788635253906,1
Each driver is there studying.,There is each driver studying.,semantics,quantifiers,existential_there_quantifiers_2,True,False,False,False,306,-36.49142837524414,-36.979820251464844,1
Each photograph wasn't there wasting away.,There wasn't each photograph wasting away.,semantics,quantifiers,existential_there_quantifiers_2,True,False,False,False,307,-50.111629486083984,-50.5022087097168,1
All doctors are there spinning around.,There are all doctors spinning around.,semantics,quantifiers,existential_there_quantifiers_2,True,False,False,False,308,-37.96117401123047,-35.42270278930664,0
Every woman was there failing to chat.,There was every woman failing to chat.,semantics,quantifiers,existential_there_quantifiers_2,True,False,False,False,309,-45.21357727050781,-44.6554069519043,0
Every dancer is there stretching.,There is every dancer stretching.,semantics,quantifiers,existential_there_quantifiers_2,True,False,False,False,310,-39.628028869628906,-39.12162399291992,0
Each print of the patient isn't there shocking Raymond.,There isn't each print of the patient shocking Raymond.,semantics,quantifiers,existential_there_quantifiers_2,True,False,False,False,311,-74.16877746582031,-77.23890686035156,1
All movie theaters aren't there impressing libraries.,There aren't all movie theaters impressing libraries.,semantics,quantifiers,existential_there_quantifiers_2,True,False,False,False,312,-60.97386932373047,-60.755271911621094,0
Most teenagers weren't there arguing.,There weren't most teenagers arguing.,semantics,quantifiers,existential_there_quantifiers_2,True,False,False,False,313,-39.298187255859375,-42.730342864990234,1
Every slope wasn't there wasting away.,There wasn't every slope wasting away.,semantics,quantifiers,existential_there_quantifiers_2,True,False,False,False,314,-51.89970397949219,-50.222557067871094,0
All waitresses are there donating.,There are all waitresses donating.,semantics,quantifiers,existential_there_quantifiers_2,True,False,False,False,315,-42.842830657958984,-41.71009063720703,0
Each banana isn't there growing.,There isn't each banana growing.,semantics,quantifiers,existential_there_quantifiers_2,True,False,False,False,316,-41.198097229003906,-41.68444061279297,1
Every hill was there annoying Judy.,There was every hill annoying Judy.,semantics,quantifiers,existential_there_quantifiers_2,True,False,False,False,317,-51.63758850097656,-54.75347900390625,1
Each print of Amanda is there shocking some ladies.,There is each print of Amanda shocking some ladies.,semantics,quantifiers,existential_there_quantifiers_2,True,False,False,False,318,-67.68997192382812,-68.85021209716797,1
Every hat isn't there confusing Renee.,There isn't every hat confusing Renee.,semantics,quantifiers,existential_there_quantifiers_2,True,False,False,False,319,-53.45503234863281,-57.8565673828125,1
Most stairs weren't there appearing.,There weren't most stairs appearing.,semantics,quantifiers,existential_there_quantifiers_2,True,False,False,False,320,-40.34961700439453,-45.806236267089844,1
All peppers are there existing.,There are all peppers existing.,semantics,quantifiers,existential_there_quantifiers_2,True,False,False,False,321,-38.09784698486328,-37.7015266418457,0
Most patients are there saluting.,There are most patients saluting.,semantics,quantifiers,existential_there_quantifiers_2,True,False,False,False,322,-41.363765716552734,-40.259437561035156,0
Each window wasn't there distracting Stephanie.,There wasn't each window distracting Stephanie.,semantics,quantifiers,existential_there_quantifiers_2,True,False,False,False,323,-56.689083099365234,-56.43932342529297,0
All sisters of a boy aren't there corresponding.,There aren't all sisters of a boy corresponding.,semantics,quantifiers,existential_there_quantifiers_2,True,False,False,False,324,-60.44622802734375,-59.08757400512695,0
Most plays about Harvard University were there confusing Randolf.,There were most plays about Harvard University confusing Randolf.,semantics,quantifiers,existential_there_quantifiers_2,True,False,False,False,325,-85.68327331542969,-83.4119644165039,0
Every senator isn't there anticipating Sonia to bake.,There isn't every senator anticipating Sonia to bake.,semantics,quantifiers,existential_there_quantifiers_2,True,False,False,False,326,-71.11708068847656,-70.846435546875,0
Most friends of Vincent are there failing to blink.,There are most friends of Vincent failing to blink.,semantics,quantifiers,existential_there_quantifiers_2,True,False,False,False,327,-62.397743225097656,-60.019630432128906,0
All grandmothers of Christina aren't there imploring Christina to talk.,There aren't all grandmothers of Christina imploring Christina to talk.,semantics,quantifiers,existential_there_quantifiers_2,True,False,False,False,328,-89.83370971679688,-86.9559097290039,0
All reports about the Borgias are there aggravating some organizations.,There are all reports about the Borgias aggravating some organizations.,semantics,quantifiers,existential_there_quantifiers_2,True,False,False,False,329,-82.35670471191406,-74.85643768310547,0
Most cars aren't there distracting Randolf.,There aren't most cars distracting Randolf.,semantics,quantifiers,existential_there_quantifiers_2,True,False,False,False,330,-61.71397399902344,-66.0843505859375,1
Every chair was there astounding Jill.,There was every chair astounding Jill.,semantics,quantifiers,existential_there_quantifiers_2,True,False,False,False,331,-52.56475067138672,-55.394771575927734,1
All slopes weren't there distracting Sonia.,There weren't all slopes distracting Sonia.,semantics,quantifiers,existential_there_quantifiers_2,True,False,False,False,332,-58.50285720825195,-60.87318801879883,1
Each play about the Lutherans wasn't there disagreeing.,There wasn't each play about the Lutherans disagreeing.,semantics,quantifiers,existential_there_quantifiers_2,True,False,False,False,333,-77.79763793945312,-81.91272735595703,1
Most essays were there confusing that cashier.,There were most essays confusing that cashier.,semantics,quantifiers,existential_there_quantifiers_2,True,False,False,False,334,-61.05362319946289,-60.13010025024414,0
All organizations were there wanting to admire Kathleen.,There were all organizations wanting to admire Kathleen.,semantics,quantifiers,existential_there_quantifiers_2,True,False,False,False,335,-59.080509185791016,-54.28443908691406,0
Most movies about music were there aggravating April.,There were most movies about music aggravating April.,semantics,quantifiers,existential_there_quantifiers_2,True,False,False,False,336,-65.68017578125,-63.599761962890625,0
Every book about Galileo was there wasting away.,There was every book about Galileo wasting away.,semantics,quantifiers,existential_there_quantifiers_2,True,False,False,False,337,-60.65822982788086,-60.85906982421875,1
Every play wasn't there disagreeing.,There wasn't every play disagreeing.,semantics,quantifiers,existential_there_quantifiers_2,True,False,False,False,338,-45.310272216796875,-49.42536926269531,1
Every pie isn't there blackening.,There isn't every pie blackening.,semantics,quantifiers,existential_there_quantifiers_2,True,False,False,False,339,-47.05621337890625,-46.384525299072266,0
Each door is there boring Stacy.,There is each door boring Stacy.,semantics,quantifiers,existential_there_quantifiers_2,True,False,False,False,340,-49.446598052978516,-50.74146270751953,1
All glaciers aren't there worrying that company.,There aren't all glaciers worrying that company.,semantics,quantifiers,existential_there_quantifiers_2,True,False,False,False,341,-52.53566360473633,-55.83123016357422,1
Every coat wasn't there alarming Kayla.,There wasn't every coat alarming Kayla.,semantics,quantifiers,existential_there_quantifiers_2,True,False,False,False,342,-64.39248657226562,-62.741966247558594,0
All pictures of the drawing are there distracting all customers.,There are all pictures of the drawing distracting all customers.,semantics,quantifiers,existential_there_quantifiers_2,True,False,False,False,343,-68.5779800415039,-60.43006134033203,0
All snakes were there coming here.,There were all snakes coming here.,semantics,quantifiers,existential_there_quantifiers_2,True,False,False,False,344,-36.568294525146484,-35.379425048828125,0
Every skateboard wasn't there disappearing.,There wasn't every skateboard disappearing.,semantics,quantifiers,existential_there_quantifiers_2,True,False,False,False,345,-47.88707733154297,-48.58433532714844,1
Most doors weren't there astounding Marie.,There weren't most doors astounding Marie.,semantics,quantifiers,existential_there_quantifiers_2,True,False,False,False,346,-56.83301544189453,-64.3006591796875,1
Each customer is there continuing to play.,There is each customer continuing to play.,semantics,quantifiers,existential_there_quantifiers_2,True,False,False,False,347,-41.38963317871094,-41.82648849487305,1
Every grandfather of Jeffrey isn't there hurting Ruth.,There isn't every grandfather of Jeffrey hurting Ruth.,semantics,quantifiers,existential_there_quantifiers_2,True,False,False,False,348,-65.97978210449219,-69.86544799804688,1
Every restaurant isn't there bothering Gregory.,There isn't every restaurant bothering Gregory.,semantics,quantifiers,existential_there_quantifiers_2,True,False,False,False,349,-50.92986297607422,-54.719146728515625,1
Every car was there appearing.,There was every car appearing.,semantics,quantifiers,existential_there_quantifiers_2,True,False,False,False,350,-37.145084381103516,-38.968650817871094,1
Each grocery store wasn't there confusing Douglas.,There wasn't each grocery store confusing Douglas.,semantics,quantifiers,existential_there_quantifiers_2,True,False,False,False,351,-59.45400619506836,-64.26658630371094,1
Each snake is there disturbing Carolyn.,There is each snake disturbing Carolyn.,semantics,quantifiers,existential_there_quantifiers_2,True,False,False,False,352,-53.974021911621094,-54.77429962158203,1
Each senator was there obligating Diana's partners to argue.,There was each senator obligating Diana's partners to argue.,semantics,quantifiers,existential_there_quantifiers_2,True,False,False,False,353,-86.69801330566406,-84.25354766845703,0
Most essays about science are there disagreeing with Janet.,There are most essays about science disagreeing with Janet.,semantics,quantifiers,existential_there_quantifiers_2,True,False,False,False,354,-74.5539779663086,-70.51273345947266,0
Each friend of Angela wasn't there cleaning the malls.,There wasn't each friend of Angela cleaning the malls.,semantics,quantifiers,existential_there_quantifiers_2,True,False,False,False,355,-67.69354248046875,-70.65328979492188,1
Each guest is there exercising.,There is each guest exercising.,semantics,quantifiers,existential_there_quantifiers_2,True,False,False,False,356,-36.79338455200195,-36.65583801269531,0
All waiters were there studying.,There were all waiters studying.,semantics,quantifiers,existential_there_quantifiers_2,True,False,False,False,357,-40.99589538574219,-38.72855758666992,0
Each waitress was there anticipating Keith to insult most guys.,There was each waitress anticipating Keith to insult most guys.,semantics,quantifiers,existential_there_quantifiers_2,True,False,False,False,358,-81.49220275878906,-82.73872375488281,1
Most skateboards weren't there astounding Mary.,There weren't most skateboards astounding Mary.,semantics,quantifiers,existential_there_quantifiers_2,True,False,False,False,359,-62.00547790527344,-66.51007843017578,1
Most organizations were there selling these blouses.,There were most organizations selling these blouses.,semantics,quantifiers,existential_there_quantifiers_2,True,False,False,False,360,-47.90028381347656,-49.499359130859375,1
All universities weren't there scaring Meredith.,There weren't all universities scaring Meredith.,semantics,quantifiers,existential_there_quantifiers_2,True,False,False,False,361,-64.7231674194336,-63.582359313964844,0
Most universities weren't there persuading Kristin to stand up.,There weren't most universities persuading Kristin to stand up.,semantics,quantifiers,existential_there_quantifiers_2,True,False,False,False,362,-74.4638442993164,-77.82188415527344,1
Each horse is there shocking Kayla.,There is each horse shocking Kayla.,semantics,quantifiers,existential_there_quantifiers_2,True,False,False,False,363,-54.9304084777832,-56.03723907470703,1
Each muffin is there baking.,There is each muffin baking.,semantics,quantifiers,existential_there_quantifiers_2,True,False,False,False,364,-40.437599182128906,-36.17698669433594,0
All schools were there praising Peter.,There were all schools praising Peter.,semantics,quantifiers,existential_there_quantifiers_2,True,False,False,False,365,-47.64183044433594,-43.757450103759766,0
All couches were there disgusting Scott.,There were all couches disgusting Scott.,semantics,quantifiers,existential_there_quantifiers_2,True,False,False,False,366,-51.96898651123047,-49.50634002685547,0
Each truck wasn't there looking like every drawing.,There wasn't each truck looking like every drawing.,semantics,quantifiers,existential_there_quantifiers_2,True,False,False,False,367,-60.70684051513672,-62.50305938720703,1
Every adult isn't there kissing Andrea.,There isn't every adult kissing Andrea.,semantics,quantifiers,existential_there_quantifiers_2,True,False,False,False,368,-51.7032470703125,-50.9766845703125,0
Every couch is there distracting schools.,There is every couch distracting schools.,semantics,quantifiers,existential_there_quantifiers_2,True,False,False,False,369,-46.744300842285156,-49.91594696044922,1
Each vase wasn't there confusing Beth.,There wasn't each vase confusing Beth.,semantics,quantifiers,existential_there_quantifiers_2,True,False,False,False,370,-59.18301010131836,-60.11381530761719,1
Each chair is there falling.,There is each chair falling.,semantics,quantifiers,existential_there_quantifiers_2,True,False,False,False,371,-33.56625747680664,-36.08140563964844,1
Most teachers are there ascending that hill.,There are most teachers ascending that hill.,semantics,quantifiers,existential_there_quantifiers_2,True,False,False,False,372,-53.32286834716797,-57.447731018066406,1
Most granddaughters of this lady are there conferring.,There are most granddaughters of this lady conferring.,semantics,quantifiers,existential_there_quantifiers_2,True,False,False,False,373,-69.9471435546875,-63.36841583251953,0
Most cats were there scaring Tamara.,There were most cats scaring Tamara.,semantics,quantifiers,existential_there_quantifiers_2,True,False,False,False,374,-55.188743591308594,-54.97100830078125,0
Every child was there preventing this car from disappearing.,There was every child preventing this car from disappearing.,semantics,quantifiers,existential_there_quantifiers_2,True,False,False,False,375,-62.444496154785156,-59.52979278564453,0
Each drawing was there astounding Larry.,There was each drawing astounding Larry.,semantics,quantifiers,existential_there_quantifiers_2,True,False,False,False,376,-52.69203186035156,-55.707096099853516,1
Each turtle is there embarrassing Sharon.,There is each turtle embarrassing Sharon.,semantics,quantifiers,existential_there_quantifiers_2,True,False,False,False,377,-52.58161544799805,-55.18409729003906,1
Every university wasn't there meeting.,There wasn't every university meeting.,semantics,quantifiers,existential_there_quantifiers_2,True,False,False,False,378,-40.55687713623047,-39.43421936035156,0
All eggplants were there blackening.,There were all eggplants blackening.,semantics,quantifiers,existential_there_quantifiers_2,True,False,False,False,379,-55.634918212890625,-48.914703369140625,0
Every drawing wasn't there aggravating Pamela.,There wasn't every drawing aggravating Pamela.,semantics,quantifiers,existential_there_quantifiers_2,True,False,False,False,380,-62.148162841796875,-59.786949157714844,0
All bananas are there shocking Rose.,There are all bananas shocking Rose.,semantics,quantifiers,existential_there_quantifiers_2,True,False,False,False,381,-50.980628967285156,-50.11091232299805,0
Every father of Walter wasn't there littering.,There wasn't every father of Walter littering.,semantics,quantifiers,existential_there_quantifiers_2,True,False,False,False,382,-63.26026916503906,-61.989601135253906,0
Each sweater was there drying.,There was each sweater drying.,semantics,quantifiers,existential_there_quantifiers_2,True,False,False,False,383,-42.13264465332031,-43.060325622558594,1
All lakes aren't there impressing Lawrence.,There aren't all lakes impressing Lawrence.,semantics,quantifiers,existential_there_quantifiers_2,True,False,False,False,384,-58.699462890625,-59.762115478515625,1
Every waiter isn't there going to some cafe.,There isn't every waiter going to some cafe.,semantics,quantifiers,existential_there_quantifiers_2,True,False,False,False,385,-55.81298065185547,-55.79180145263672,0
All cousins of Brian aren't there sighing.,There aren't all cousins of Brian sighing.,semantics,quantifiers,existential_there_quantifiers_2,True,False,False,False,386,-65.23750305175781,-62.180419921875,0
Most closets were there alarming Stephanie.,There were most closets alarming Stephanie.,semantics,quantifiers,existential_there_quantifiers_2,True,False,False,False,387,-59.57862854003906,-59.342369079589844,0
All glasses were there distracting Kristen.,There were all glasses distracting Kristen.,semantics,quantifiers,existential_there_quantifiers_2,True,False,False,False,388,-52.06892395019531,-49.55491638183594,0
Every actress wasn't there thinking Carolyn hides every student.,There wasn't every actress thinking Carolyn hides every student.,semantics,quantifiers,existential_there_quantifiers_2,True,False,False,False,389,-78.94061279296875,-79.07075500488281,1
All waiters were there existing.,There were all waiters existing.,semantics,quantifiers,existential_there_quantifiers_2,True,False,False,False,390,-41.226043701171875,-37.27045440673828,0
Each play wasn't there disturbing Meredith.,There wasn't each play disturbing Meredith.,semantics,quantifiers,existential_there_quantifiers_2,True,False,False,False,391,-54.582645416259766,-61.84022903442383,1
Every pedestrian is there obligating some cashier to examine that newspaper article.,There is every pedestrian obligating some cashier to examine that newspaper article.,semantics,quantifiers,existential_there_quantifiers_2,True,False,False,False,392,-99.42628479003906,-96.49922180175781,0
All windows are there closing.,There are all windows closing.,semantics,quantifiers,existential_there_quantifiers_2,True,False,False,False,393,-34.637508392333984,-31.734607696533203,0
Most tomatoes aren't there impressing customers.,There aren't most tomatoes impressing customers.,semantics,quantifiers,existential_there_quantifiers_2,True,False,False,False,394,-50.2926025390625,-56.540382385253906,1
All lakes are there alarming Irene.,There are all lakes alarming Irene.,semantics,quantifiers,existential_there_quantifiers_2,True,False,False,False,395,-54.65458679199219,-52.46995162963867,0
Most essays weren't there impressing Dan.,There weren't most essays impressing Dan.,semantics,quantifiers,existential_there_quantifiers_2,True,False,False,False,396,-59.284481048583984,-62.41023254394531,1
Each candle isn't there falling.,There isn't each candle falling.,semantics,quantifiers,existential_there_quantifiers_2,True,False,False,False,397,-40.591060638427734,-40.813392639160156,1
All skateboards were there rusting.,There were all skateboards rusting.,semantics,quantifiers,existential_there_quantifiers_2,True,False,False,False,398,-48.32331848144531,-44.803428649902344,0
Most ladders were there distracting Jesus.,There were most ladders distracting Jesus.,semantics,quantifiers,existential_there_quantifiers_2,True,False,False,False,399,-52.58426284790039,-52.594783782958984,1
Every fork was there disturbing Phillip.,There was every fork disturbing Phillip.,semantics,quantifiers,existential_there_quantifiers_2,True,False,False,False,400,-54.45271301269531,-57.97242736816406,1
Every show about Jesus wasn't there shocking Eric.,There wasn't every show about Jesus shocking Eric.,semantics,quantifiers,existential_there_quantifiers_2,True,False,False,False,401,-70.3408203125,-66.78477478027344,0
Each play wasn't there distracting Gary.,There wasn't each play distracting Gary.,semantics,quantifiers,existential_there_quantifiers_2,True,False,False,False,402,-50.90346908569336,-58.54906463623047,1
Every blouse wasn't there looking like most drawings.,There wasn't every blouse looking like most drawings.,semantics,quantifiers,existential_there_quantifiers_2,True,False,False,False,403,-62.64276885986328,-63.058265686035156,1
Most closets aren't there shocking most pedestrians.,There aren't most closets shocking most pedestrians.,semantics,quantifiers,existential_there_quantifiers_2,True,False,False,False,404,-60.82402801513672,-66.1971206665039,1
Most doors weren't there existing.,There weren't most doors existing.,semantics,quantifiers,existential_there_quantifiers_2,True,False,False,False,405,-40.55833053588867,-46.33918762207031,1
Most rugs aren't there distracting Wendy.,There aren't most rugs distracting Wendy.,semantics,quantifiers,existential_there_quantifiers_2,True,False,False,False,406,-52.469032287597656,-59.12052917480469,1
All mothers of Monica aren't there grinning.,There aren't all mothers of Monica grinning.,semantics,quantifiers,existential_there_quantifiers_2,True,False,False,False,407,-63.08256530761719,-59.865509033203125,0
All carts aren't there falling apart.,There aren't all carts falling apart.,semantics,quantifiers,existential_there_quantifiers_2,True,False,False,False,408,-41.663787841796875,-41.33100509643555,0
Each mushroom wasn't there embarrassing the dancers.,There wasn't each mushroom embarrassing the dancers.,semantics,quantifiers,existential_there_quantifiers_2,True,False,False,False,409,-62.605201721191406,-64.23234558105469,1
Each government was there discovering that legislature to approve.,There was each government discovering that legislature to approve.,semantics,quantifiers,existential_there_quantifiers_2,True,False,False,False,410,-62.620513916015625,-65.03388214111328,1
All legislatures aren't there enticing those fathers of the Borgias to depart.,There aren't all legislatures enticing those fathers of the Borgias to depart.,semantics,quantifiers,existential_there_quantifiers_2,True,False,False,False,411,-97.72844696044922,-96.57722473144531,0
Every popsicle wasn't there evaporating.,There wasn't every popsicle evaporating.,semantics,quantifiers,existential_there_quantifiers_2,True,False,False,False,412,-54.090248107910156,-53.022850036621094,0
All documentaries about the Great Lakes are there scaring Allison.,There are all documentaries about the Great Lakes scaring Allison.,semantics,quantifiers,existential_there_quantifiers_2,True,False,False,False,413,-78.20346069335938,-74.55982971191406,0
Every muffin wasn't there hurting drivers.,There wasn't every muffin hurting drivers.,semantics,quantifiers,existential_there_quantifiers_2,True,False,False,False,414,-53.8964729309082,-57.80168914794922,1
Each essay is there aggravating Jodi.,There is each essay aggravating Jodi.,semantics,quantifiers,existential_there_quantifiers_2,True,False,False,False,415,-54.638057708740234,-55.991432189941406,1
Most books are there vanishing.,There are most books vanishing.,semantics,quantifiers,existential_there_quantifiers_2,True,False,False,False,416,-35.7609748840332,-36.55628967285156,1
Every play about Winston Churchill is there stunning this boy.,There is every play about Winston Churchill stunning this boy.,semantics,quantifiers,existential_there_quantifiers_2,True,False,False,False,417,-72.88243103027344,-72.371337890625,0
All mushrooms weren't there boring a lot of guys.,There weren't all mushrooms boring a lot of guys.,semantics,quantifiers,existential_there_quantifiers_2,True,False,False,False,418,-60.393531799316406,-60.21192932128906,0
Most screens aren't there confusing a lot of children.,There aren't most screens confusing a lot of children.,semantics,quantifiers,existential_there_quantifiers_2,True,False,False,False,419,-54.030982971191406,-61.29010772705078,1
Each photograph was there stunning Stephen.,There was each photograph stunning Stephen.,semantics,quantifiers,existential_there_quantifiers_2,True,False,False,False,420,-52.22740936279297,-53.961116790771484,1
All pictures weren't there embarrassing the Borgias.,There weren't all pictures embarrassing the Borgias.,semantics,quantifiers,existential_there_quantifiers_2,True,False,False,False,421,-64.73812866210938,-65.08538818359375,1
Each shoe isn't there vanishing.,There isn't each shoe vanishing.,semantics,quantifiers,existential_there_quantifiers_2,True,False,False,False,422,-42.757511138916016,-45.42266845703125,1
Every library isn't there failing to break every vase.,There isn't every library failing to break every vase.,semantics,quantifiers,existential_there_quantifiers_2,True,False,False,False,423,-65.11381530761719,-69.50650024414062,1
Each car is there accelerating.,There is each car accelerating.,semantics,quantifiers,existential_there_quantifiers_2,True,False,False,False,424,-38.35810089111328,-37.004634857177734,0
Every sketch was there falling.,There was every sketch falling.,semantics,quantifiers,existential_there_quantifiers_2,True,False,False,False,425,-38.448360443115234,-40.009029388427734,1
Each horse wasn't there irritating every student.,There wasn't each horse irritating every student.,semantics,quantifiers,existential_there_quantifiers_2,True,False,False,False,426,-62.16470718383789,-61.788360595703125,0
All jackets aren't there alarming these waitresses.,There aren't all jackets alarming these waitresses.,semantics,quantifiers,existential_there_quantifiers_2,True,False,False,False,427,-68.74983978271484,-67.77609252929688,0
Each lady isn't there helping Danielle.,There isn't each lady helping Danielle.,semantics,quantifiers,existential_there_quantifiers_2,True,False,False,False,428,-48.65735626220703,-51.685707092285156,1
All photographs of many glasses weren't there disturbing Craig.,There weren't all photographs of many glasses disturbing Craig.,semantics,quantifiers,existential_there_quantifiers_2,True,False,False,False,429,-74.025634765625,-70.10803985595703,0
All students were there sighing.,There were all students sighing.,semantics,quantifiers,existential_there_quantifiers_2,True,False,False,False,430,-42.26850128173828,-37.70909881591797,0
Every cafe isn't there falling.,There isn't every cafe falling.,semantics,quantifiers,existential_there_quantifiers_2,True,False,False,False,431,-41.24330520629883,-43.4908447265625,1
Each teenager was there eating.,There was each teenager eating.,semantics,quantifiers,existential_there_quantifiers_2,True,False,False,False,432,-38.793479919433594,-39.25271987915039,1
Every art gallery wasn't there alarming these patients.,There wasn't every art gallery alarming these patients.,semantics,quantifiers,existential_there_quantifiers_2,True,False,False,False,433,-69.36482238769531,-73.01834106445312,1
Each banana isn't there astounding these women.,There isn't each banana astounding these women.,semantics,quantifiers,existential_there_quantifiers_2,True,False,False,False,434,-58.43260192871094,-62.33971405029297,1
Each adult was there grinning.,There was each adult grinning.,semantics,quantifiers,existential_there_quantifiers_2,True,False,False,False,435,-42.63727569580078,-42.29795455932617,0
All shows about Monet aren't there shocking Monica.,There aren't all shows about Monet shocking Monica.,semantics,quantifiers,existential_there_quantifiers_2,True,False,False,False,436,-78.85551452636719,-75.4437255859375,0
All movie theaters were there distracting Becky.,There were all movie theaters distracting Becky.,semantics,quantifiers,existential_there_quantifiers_2,True,False,False,False,437,-59.91339874267578,-55.5041618347168,0
All bicycles were there stopping.,There were all bicycles stopping.,semantics,quantifiers,existential_there_quantifiers_2,True,False,False,False,438,-37.47953796386719,-36.2281494140625,0
All forks aren't there falling.,There aren't all forks falling.,semantics,quantifiers,existential_there_quantifiers_2,True,False,False,False,439,-40.126007080078125,-40.7702522277832,1
All commentaries are there annoying Guy.,There are all commentaries annoying Guy.,semantics,quantifiers,existential_there_quantifiers_2,True,False,False,False,440,-51.91468048095703,-50.877891540527344,0
Most eggplants aren't there vanishing.,There aren't most eggplants vanishing.,semantics,quantifiers,existential_there_quantifiers_2,True,False,False,False,441,-53.12531661987305,-58.47024917602539,1
All museums weren't there changing.,There weren't all museums changing.,semantics,quantifiers,existential_there_quantifiers_2,True,False,False,False,442,-44.78195571899414,-42.86254119873047,0
Every movie theater was there existing.,There was every movie theater existing.,semantics,quantifiers,existential_there_quantifiers_2,True,False,False,False,443,-45.512664794921875,-45.80854797363281,1
Most boys weren't there cheering.,There weren't most boys cheering.,semantics,quantifiers,existential_there_quantifiers_2,True,False,False,False,444,-38.680641174316406,-42.95138931274414,1
All fathers of Tiffany aren't there cooking.,There aren't all fathers of Tiffany cooking.,semantics,quantifiers,existential_there_quantifiers_2,True,False,False,False,445,-58.739200592041016,-56.97919464111328,0
All public parks are there disgusting Beverly.,There are all public parks disgusting Beverly.,semantics,quantifiers,existential_there_quantifiers_2,True,False,False,False,446,-59.90644073486328,-57.27855682373047,0
Most pants were there loosening.,There were most pants loosening.,semantics,quantifiers,existential_there_quantifiers_2,True,False,False,False,447,-41.19241714477539,-43.7771110534668,1
All granddaughters of Christine were there forgetting who bother those ladies.,There were all granddaughters of Christine forgetting who bother those ladies.,semantics,quantifiers,existential_there_quantifiers_2,True,False,False,False,448,-93.00798797607422,-87.53746032714844,0
Every screen isn't there appearing.,There isn't every screen appearing.,semantics,quantifiers,existential_there_quantifiers_2,True,False,False,False,449,-36.2193603515625,-38.79694747924805,1
All wheelbarrows aren't there disturbing Frank.,There aren't all wheelbarrows disturbing Frank.,semantics,quantifiers,existential_there_quantifiers_2,True,False,False,False,450,-63.5540885925293,-65.80033874511719,1
Every jacket is there annoying Nancy.,There is every jacket annoying Nancy.,semantics,quantifiers,existential_there_quantifiers_2,True,False,False,False,451,-49.1688346862793,-52.82683181762695,1
Most shawls are there worrying Lisa.,There are most shawls worrying Lisa.,semantics,quantifiers,existential_there_quantifiers_2,True,False,False,False,452,-55.71626281738281,-58.62114334106445,1
Every jacket wasn't there upsetting Angela.,There wasn't every jacket upsetting Angela.,semantics,quantifiers,existential_there_quantifiers_2,True,False,False,False,453,-58.22621536254883,-61.45549392700195,1
Most granddaughters of Adam aren't there urging Dawn to hurt those waitresses.,There aren't most granddaughters of Adam urging Dawn to hurt those waitresses.,semantics,quantifiers,existential_there_quantifiers_2,True,False,False,False,454,-108.96112060546875,-109.9663314819336,1
Most patients are there motivating Jerry's cousins to kiss Kimberley.,There are most patients motivating Jerry's cousins to kiss Kimberley.,semantics,quantifiers,existential_there_quantifiers_2,True,False,False,False,455,-87.82865142822266,-86.25396728515625,0
Every cafe is there aggravating those companies.,There is every cafe aggravating those companies.,semantics,quantifiers,existential_there_quantifiers_2,True,False,False,False,456,-53.119876861572266,-56.615081787109375,1
All hospitals were there pushing Naomi to cough.,There were all hospitals pushing Naomi to cough.,semantics,quantifiers,existential_there_quantifiers_2,True,False,False,False,457,-62.252803802490234,-62.41419219970703,1
All prints of a lot of boys aren't there embarrassing this woman.,There aren't all prints of a lot of boys embarrassing this woman.,semantics,quantifiers,existential_there_quantifiers_2,True,False,False,False,458,-80.42048645019531,-77.53559875488281,0
Each play about the Impressionists isn't there bothering Ella.,There isn't each play about the Impressionists bothering Ella.,semantics,quantifiers,existential_there_quantifiers_2,True,False,False,False,459,-80.71634674072266,-85.6121826171875,1
All casseroles weren't there stunning that man.,There weren't all casseroles stunning that man.,semantics,quantifiers,existential_there_quantifiers_2,True,False,False,False,460,-65.13880920410156,-60.79039001464844,0
All hills are there existing.,There are all hills existing.,semantics,quantifiers,existential_there_quantifiers_2,True,False,False,False,461,-34.51971435546875,-34.15726089477539,0
All stories are there upsetting the Lutherans.,There are all stories upsetting the Lutherans.,semantics,quantifiers,existential_there_quantifiers_2,True,False,False,False,462,-55.74906539916992,-53.89714050292969,0
Every print was there irritating Tammy.,There was every print irritating Tammy.,semantics,quantifiers,existential_there_quantifiers_2,True,False,False,False,463,-55.23012161254883,-53.66379165649414,0
Each picture is there looking like Marie.,There is each picture looking like Marie.,semantics,quantifiers,existential_there_quantifiers_2,True,False,False,False,464,-44.31657409667969,-46.132423400878906,1
Most plays weren't there impressing Bethany.,There weren't most plays impressing Bethany.,semantics,quantifiers,existential_there_quantifiers_2,True,False,False,False,465,-58.879119873046875,-62.290306091308594,1
Most newspaper articles weren't there stunning Allison.,There weren't most newspaper articles stunning Allison.,semantics,quantifiers,existential_there_quantifiers_2,True,False,False,False,466,-65.38325500488281,-64.66487121582031,0
All reports about Jesus are there disturbing every driver.,There are all reports about Jesus disturbing every driver.,semantics,quantifiers,existential_there_quantifiers_2,True,False,False,False,467,-74.4971694946289,-64.80742645263672,0
All turtles weren't there upsetting Anna.,There weren't all turtles upsetting Anna.,semantics,quantifiers,existential_there_quantifiers_2,True,False,False,False,468,-56.65495300292969,-56.961181640625,1
All dishes are there alarming Suzanne.,There are all dishes alarming Suzanne.,semantics,quantifiers,existential_there_quantifiers_2,True,False,False,False,469,-55.32080841064453,-53.9201545715332,0
All public parks aren't there upsetting Ruth.,There aren't all public parks upsetting Ruth.,semantics,quantifiers,existential_there_quantifiers_2,True,False,False,False,470,-61.625545501708984,-60.277976989746094,0
Every projector was there appearing.,There was every projector appearing.,semantics,quantifiers,existential_there_quantifiers_2,True,False,False,False,471,-40.084136962890625,-42.52096939086914,1
Most rivers aren't there freezing.,There aren't most rivers freezing.,semantics,quantifiers,existential_there_quantifiers_2,True,False,False,False,472,-36.52436828613281,-43.39936065673828,1
All sisters of Kendra aren't there scaring Melinda.,There aren't all sisters of Kendra scaring Melinda.,semantics,quantifiers,existential_there_quantifiers_2,True,False,False,False,473,-76.64681243896484,-75.3625717163086,0
Every unicycle is there astounding Spain.,There is every unicycle astounding Spain.,semantics,quantifiers,existential_there_quantifiers_2,True,False,False,False,474,-54.518798828125,-60.63981246948242,1
Each actress wasn't there arguing about Jerry.,There wasn't each actress arguing about Jerry.,semantics,quantifiers,existential_there_quantifiers_2,True,False,False,False,475,-60.29956817626953,-61.82258605957031,1
Most slopes aren't there shocking Phillip.,There aren't most slopes shocking Phillip.,semantics,quantifiers,existential_there_quantifiers_2,True,False,False,False,476,-57.1617546081543,-65.62647247314453,1
All guests weren't there worrying those organizations.,There weren't all guests worrying those organizations.,semantics,quantifiers,existential_there_quantifiers_2,True,False,False,False,477,-58.13119888305664,-58.512611389160156,1
Each mirror isn't there distracting Diana.,There isn't each mirror distracting Diana.,semantics,quantifiers,existential_there_quantifiers_2,True,False,False,False,478,-52.55155944824219,-55.2425537109375,1
Most photographs are there stunning Eva.,There are most photographs stunning Eva.,semantics,quantifiers,existential_there_quantifiers_2,True,False,False,False,479,-47.93255615234375,-48.13584899902344,1
Each scarf was there impressing Florence.,There was each scarf impressing Florence.,semantics,quantifiers,existential_there_quantifiers_2,True,False,False,False,480,-55.5550537109375,-58.9100456237793,1
All cars were there upsetting Beth.,There were all cars upsetting Beth.,semantics,quantifiers,existential_there_quantifiers_2,True,False,False,False,481,-52.97870635986328,-48.72145462036133,0
All pictures of Candice weren't there boring Benjamin.,There weren't all pictures of Candice boring Benjamin.,semantics,quantifiers,existential_there_quantifiers_2,True,False,False,False,482,-77.33328247070312,-70.3431625366211,0
Each cake wasn't there stunning Joseph.,There wasn't each cake stunning Joseph.,semantics,quantifiers,existential_there_quantifiers_2,True,False,False,False,483,-56.68743133544922,-59.874725341796875,1
All malls were there looking like most sketches.,There were all malls looking like most sketches.,semantics,quantifiers,existential_there_quantifiers_2,True,False,False,False,484,-56.66872024536133,-55.6240234375,0
Every sketch is there boring Brett.,There is every sketch boring Brett.,semantics,quantifiers,existential_there_quantifiers_2,True,False,False,False,485,-49.887027740478516,-51.303035736083984,1
Most books are there disgusting Wayne.,There are most books disgusting Wayne.,semantics,quantifiers,existential_there_quantifiers_2,True,False,False,False,486,-48.34027099609375,-49.88802719116211,1
All women weren't there needing those people to love Ronald.,There weren't all women needing those people to love Ronald.,semantics,quantifiers,existential_there_quantifiers_2,True,False,False,False,487,-73.86042022705078,-69.69344329833984,0
Each child was there begging the guy's lawyer to study.,There was each child begging the guy's lawyer to study.,semantics,quantifiers,existential_there_quantifiers_2,True,False,False,False,488,-75.92323303222656,-74.72450256347656,0
Most teachers aren't there driving to most college campuses.,There aren't most teachers driving to most college campuses.,semantics,quantifiers,existential_there_quantifiers_2,True,False,False,False,489,-57.394744873046875,-63.37708282470703,1
All cucumbers were there blackening.,There were all cucumbers blackening.,semantics,quantifiers,existential_there_quantifiers_2,True,False,False,False,490,-50.10666275024414,-44.08541488647461,0
Most cars weren't there embarrassing a lot of guests.,There weren't most cars embarrassing a lot of guests.,semantics,quantifiers,existential_there_quantifiers_2,True,False,False,False,491,-57.96869659423828,-63.221492767333984,1
Every art gallery isn't there confusing Alicia.,There isn't every art gallery confusing Alicia.,semantics,quantifiers,existential_there_quantifiers_2,True,False,False,False,492,-57.47456359863281,-63.50926971435547,1
Most planes were there falling.,There were most planes falling.,semantics,quantifiers,existential_there_quantifiers_2,True,False,False,False,493,-33.57990646362305,-37.261905670166016,1
Each college campus isn't there worrying Jennifer.,There isn't each college campus worrying Jennifer.,semantics,quantifiers,existential_there_quantifiers_2,True,False,False,False,494,-55.21489715576172,-66.26924896240234,1
Each eggplant isn't there disappearing.,There isn't each eggplant disappearing.,semantics,quantifiers,existential_there_quantifiers_2,True,False,False,False,495,-48.4912109375,-49.796932220458984,1
Every print of Cynthia wasn't there disturbing Spain.,There wasn't every print of Cynthia disturbing Spain.,semantics,quantifiers,existential_there_quantifiers_2,True,False,False,False,496,-73.18010711669922,-72.44261169433594,0
Most stories are there annoying Michael.,There are most stories annoying Michael.,semantics,quantifiers,existential_there_quantifiers_2,True,False,False,False,497,-44.263038635253906,-47.21229934692383,1
Every public park was there confusing Denise.,There was every public park confusing Denise.,semantics,quantifiers,existential_there_quantifiers_2,True,False,False,False,498,-61.579986572265625,-63.6906623840332,1
All students are there finding these eggplants.,There are all students finding these eggplants.,semantics,quantifiers,existential_there_quantifiers_2,True,False,False,False,499,-54.36241912841797,-52.26271438598633,0
Every screen is there alarming all governments.,There is every screen alarming all governments.,semantics,quantifiers,existential_there_quantifiers_2,True,False,False,False,500,-55.77171325683594,-59.40016555786133,1
Each art gallery is there annoying Christine.,There is each art gallery annoying Christine.,semantics,quantifiers,existential_there_quantifiers_2,True,False,False,False,501,-49.75094223022461,-58.550697326660156,1
Every face was there aggravating many drivers.,There was every face aggravating many drivers.,semantics,quantifiers,existential_there_quantifiers_2,True,False,False,False,502,-55.42338180541992,-56.89634704589844,1
Most mountains weren't there appearing.,There weren't most mountains appearing.,semantics,quantifiers,existential_there_quantifiers_2,True,False,False,False,503,-39.633689880371094,-45.2474479675293,1
Most peppers were there charring.,There were most peppers charring.,semantics,quantifiers,existential_there_quantifiers_2,True,False,False,False,504,-50.66941833496094,-50.446144104003906,0
Each girl wasn't there failing to boycott some art gallery.,There wasn't each girl failing to boycott some art gallery.,semantics,quantifiers,existential_there_quantifiers_2,True,False,False,False,505,-72.4874267578125,-73.35798645019531,1
Most art galleries are there confusing Stephen.,There are most art galleries confusing Stephen.,semantics,quantifiers,existential_there_quantifiers_2,True,False,False,False,506,-52.964073181152344,-57.52197265625,1
Every bank was there benefiting.,There was every bank benefiting.,semantics,quantifiers,existential_there_quantifiers_2,True,False,False,False,507,-39.3189697265625,-43.81720733642578,1
Every hat is there annoying Jason.,There is every hat annoying Jason.,semantics,quantifiers,existential_there_quantifiers_2,True,False,False,False,508,-44.90364074707031,-48.092681884765625,1
All newspaper articles about Spain were there hurting Janice.,There were all newspaper articles about Spain hurting Janice.,semantics,quantifiers,existential_there_quantifiers_2,True,False,False,False,509,-76.67225646972656,-70.43072509765625,0
Every legislature wasn't there proving to approach Valerie.,There wasn't every legislature proving to approach Valerie.,semantics,quantifiers,existential_there_quantifiers_2,True,False,False,False,510,-72.71321105957031,-73.00885009765625,1
Each dog is there ascending these mountains.,There is each dog ascending these mountains.,semantics,quantifiers,existential_there_quantifiers_2,True,False,False,False,511,-49.939910888671875,-48.58876037597656,0
All documentaries are there stunning the Impressionists.,There are all documentaries stunning the Impressionists.,semantics,quantifiers,existential_there_quantifiers_2,True,False,False,False,512,-58.699241638183594,-56.433692932128906,0
Each plate wasn't there looking like the print.,There wasn't each plate looking like the print.,semantics,quantifiers,existential_there_quantifiers_2,True,False,False,False,513,-54.365089416503906,-58.76509475708008,1
Each picture isn't there embarrassing Kristen.,There isn't each picture embarrassing Kristen.,semantics,quantifiers,existential_there_quantifiers_2,True,False,False,False,514,-51.16505813598633,-57.2554931640625,1
Every movie wasn't there worrying these girls.,There wasn't every movie worrying these girls.,semantics,quantifiers,existential_there_quantifiers_2,True,False,False,False,515,-55.137359619140625,-56.20634460449219,1
All patients aren't there climbing down some steps.,There aren't all patients climbing down some steps.,semantics,quantifiers,existential_there_quantifiers_2,True,False,False,False,516,-55.92034149169922,-56.293418884277344,1
Each person is there writing.,There is each person writing.,semantics,quantifiers,existential_there_quantifiers_2,True,False,False,False,517,-31.497211456298828,-31.0498046875,0
Each closet was there appearing.,There was each closet appearing.,semantics,quantifiers,existential_there_quantifiers_2,True,False,False,False,518,-39.74961471557617,-44.80248260498047,1
Most children are there leaving Richard.,There are most children leaving Richard.,semantics,quantifiers,existential_there_quantifiers_2,True,False,False,False,519,-43.40715026855469,-45.0405158996582,1
All pictures aren't there impressing Mark.,There aren't all pictures impressing Mark.,semantics,quantifiers,existential_there_quantifiers_2,True,False,False,False,520,-52.81913757324219,-54.831573486328125,1
Every newspaper article isn't there impressing all hospitals.,There isn't every newspaper article impressing all hospitals.,semantics,quantifiers,existential_there_quantifiers_2,True,False,False,False,521,-67.7445068359375,-69.72319030761719,1
Each art gallery wasn't there disgusting Cynthia.,There wasn't each art gallery disgusting Cynthia.,semantics,quantifiers,existential_there_quantifiers_2,True,False,False,False,522,-61.61030197143555,-70.23741149902344,1
All art galleries aren't there alarming Martin.,There aren't all art galleries alarming Martin.,semantics,quantifiers,existential_there_quantifiers_2,True,False,False,False,523,-60.66722106933594,-66.19401550292969,1
Each teacher isn't there boycotting that movie theater.,There isn't each teacher boycotting that movie theater.,semantics,quantifiers,existential_there_quantifiers_2,True,False,False,False,524,-66.95941925048828,-67.53244018554688,1
All mouths were there closing.,There were all mouths closing.,semantics,quantifiers,existential_there_quantifiers_2,True,False,False,False,525,-38.5004768371582,-36.42006301879883,0
Every casserole was there falling.,There was every casserole falling.,semantics,quantifiers,existential_there_quantifiers_2,True,False,False,False,526,-40.684532165527344,-43.25459289550781,1
Most tomatoes were there worrying Brian.,There were most tomatoes worrying Brian.,semantics,quantifiers,existential_there_quantifiers_2,True,False,False,False,527,-49.07945251464844,-54.851402282714844,1
Each legislature isn't there begging Rose to depart.,There isn't each legislature begging Rose to depart.,semantics,quantifiers,existential_there_quantifiers_2,True,False,False,False,528,-66.56754302978516,-67.64424133300781,1
Each banana isn't there existing.,There isn't each banana existing.,semantics,quantifiers,existential_there_quantifiers_2,True,False,False,False,529,-43.66809844970703,-45.009151458740234,1
Each vase was there aggravating Carol.,There was each vase aggravating Carol.,semantics,quantifiers,existential_there_quantifiers_2,True,False,False,False,530,-58.978546142578125,-57.428993225097656,0
All cucumbers weren't there bothering some men.,There weren't all cucumbers bothering some men.,semantics,quantifiers,existential_there_quantifiers_2,True,False,False,False,531,-59.90796661376953,-60.67032241821289,1
Most scarves are there wasting away.,There are most scarves wasting away.,semantics,quantifiers,existential_there_quantifiers_2,True,False,False,False,532,-43.70246887207031,-47.50270080566406,1
Each picture wasn't there annoying most teachers.,There wasn't each picture annoying most teachers.,semantics,quantifiers,existential_there_quantifiers_2,True,False,False,False,533,-59.32509994506836,-61.32495880126953,1
Each slope isn't there vanishing.,There isn't each slope vanishing.,semantics,quantifiers,existential_there_quantifiers_2,True,False,False,False,534,-43.99528503417969,-47.7280158996582,1
Most hats are there stunning Cheryl.,There are most hats stunning Cheryl.,semantics,quantifiers,existential_there_quantifiers_2,True,False,False,False,535,-52.61979675292969,-51.590065002441406,0
All chairs aren't there distracting all legislatures.,There aren't all chairs distracting all legislatures.,semantics,quantifiers,existential_there_quantifiers_2,True,False,False,False,536,-59.63774108886719,-60.8565559387207,1
All boxes weren't there annoying the pedestrian.,There weren't all boxes annoying the pedestrian.,semantics,quantifiers,existential_there_quantifiers_2,True,False,False,False,537,-55.5672607421875,-57.62491226196289,1
Most birds aren't there bothering the girls.,There aren't most birds bothering the girls.,semantics,quantifiers,existential_there_quantifiers_2,True,False,False,False,538,-47.69275665283203,-52.38182067871094,1
Each documentary about music is there astounding Stacey.,There is each documentary about music astounding Stacey.,semantics,quantifiers,existential_there_quantifiers_2,True,False,False,False,539,-64.41445922851562,-64.84502410888672,1
All legislatures are there asking Galileo to talk to Becky.,There are all legislatures asking Galileo to talk to Becky.,semantics,quantifiers,existential_there_quantifiers_2,True,False,False,False,540,-71.03385162353516,-66.81861877441406,0
Each waiter isn't there convincing Linda to suffer.,There isn't each waiter convincing Linda to suffer.,semantics,quantifiers,existential_there_quantifiers_2,True,False,False,False,541,-66.8226318359375,-69.91317749023438,1
All glasses are there dropping.,There are all glasses dropping.,semantics,quantifiers,existential_there_quantifiers_2,True,False,False,False,542,-36.89035415649414,-34.95038604736328,0
Each glove wasn't there stretching.,There wasn't each glove stretching.,semantics,quantifiers,existential_there_quantifiers_2,True,False,False,False,543,-45.536643981933594,-47.090965270996094,1
Each cake was there annoying Steve.,There was each cake annoying Steve.,semantics,quantifiers,existential_there_quantifiers_2,True,False,False,False,544,-48.722930908203125,-50.799049377441406,1
All eyes were there confusing Bethany.,There were all eyes confusing Bethany.,semantics,quantifiers,existential_there_quantifiers_2,True,False,False,False,545,-50.603485107421875,-47.684967041015625,0
Every cup wasn't there irritating Dana.,There wasn't every cup irritating Dana.,semantics,quantifiers,existential_there_quantifiers_2,True,False,False,False,546,-57.34534454345703,-57.03369903564453,0
Each screen wasn't there falling apart.,There wasn't each screen falling apart.,semantics,quantifiers,existential_there_quantifiers_2,True,False,False,False,547,-41.52959442138672,-45.16875076293945,1
All reports about Galileo weren't there disturbing Tina.,There weren't all reports about Galileo disturbing Tina.,semantics,quantifiers,existential_there_quantifiers_2,True,False,False,False,548,-77.37289428710938,-72.07791137695312,0
All drivers weren't there compelling some governments to disgust the Impressionists.,There weren't all drivers compelling some governments to disgust the Impressionists.,semantics,quantifiers,existential_there_quantifiers_2,True,False,False,False,549,-93.35165405273438,-93.38026428222656,1
All peppers aren't there irritating an adult.,There aren't all peppers irritating an adult.,semantics,quantifiers,existential_there_quantifiers_2,True,False,False,False,550,-58.38665008544922,-58.70130920410156,1
Every photograph of Wayne is there aggravating Alice.,There is every photograph of Wayne aggravating Alice.,semantics,quantifiers,existential_there_quantifiers_2,True,False,False,False,551,-67.32804870605469,-62.720733642578125,0
Each popsicle wasn't there shocking Tammy.,There wasn't each popsicle shocking Tammy.,semantics,quantifiers,existential_there_quantifiers_2,True,False,False,False,552,-65.93119812011719,-69.57553100585938,1
All screens are there disturbing Melanie.,There are all screens disturbing Melanie.,semantics,quantifiers,existential_there_quantifiers_2,True,False,False,False,553,-51.60050964355469,-49.61860275268555,0
Every actor wasn't there arriving at every grocery store.,There wasn't every actor arriving at every grocery store.,semantics,quantifiers,existential_there_quantifiers_2,True,False,False,False,554,-57.52167892456055,-57.862937927246094,1
All slopes were there boring all guests.,There were all slopes boring all guests.,semantics,quantifiers,existential_there_quantifiers_2,True,False,False,False,555,-56.76124954223633,-53.88465118408203,0
All cats were there astounding Laurie.,There were all cats astounding Laurie.,semantics,quantifiers,existential_there_quantifiers_2,True,False,False,False,556,-54.99034881591797,-51.97084045410156,0
Each projector was there upsetting Connie.,There was each projector upsetting Connie.,semantics,quantifiers,existential_there_quantifiers_2,True,False,False,False,557,-56.19258117675781,-61.39929962158203,1
Each report about Monet wasn't there existing.,There wasn't each report about Monet existing.,semantics,quantifiers,existential_there_quantifiers_2,True,False,False,False,558,-67.13662719726562,-70.42484283447266,1
All mouths were there impressing Rose.,There were all mouths impressing Rose.,semantics,quantifiers,existential_there_quantifiers_2,True,False,False,False,559,-55.097015380859375,-54.677391052246094,0
All cucumbers weren't there going bad.,There weren't all cucumbers going bad.,semantics,quantifiers,existential_there_quantifiers_2,True,False,False,False,560,-47.71598434448242,-47.265289306640625,0
Every cake wasn't there wasting away.,There wasn't every cake wasting away.,semantics,quantifiers,existential_there_quantifiers_2,True,False,False,False,561,-46.14813232421875,-47.10438537597656,1
Most photographs of that hair weren't there disgusting a lot of libraries.,There weren't most photographs of that hair disgusting a lot of libraries.,semantics,quantifiers,existential_there_quantifiers_2,True,False,False,False,562,-84.48713684082031,-86.57701873779297,1
Most stairs are there boring Alexander.,There are most stairs boring Alexander.,semantics,quantifiers,existential_there_quantifiers_2,True,False,False,False,563,-50.99177551269531,-54.032684326171875,1
Each computer was there disgusting Tara.,There was each computer disgusting Tara.,semantics,quantifiers,existential_there_quantifiers_2,True,False,False,False,564,-53.689334869384766,-57.077186584472656,1
Each patient isn't there ordering Christine's tutors to resemble most pictures.,There isn't each patient ordering Christine's tutors to resemble most pictures.,semantics,quantifiers,existential_there_quantifiers_2,True,False,False,False,565,-96.49947357177734,-95.10006713867188,0
Every shawl isn't there disappearing.,There isn't every shawl disappearing.,semantics,quantifiers,existential_there_quantifiers_2,True,False,False,False,566,-52.15684509277344,-48.478126525878906,0
Every association is there hurting that woman.,There is every association hurting that woman.,semantics,quantifiers,existential_there_quantifiers_2,True,False,False,False,567,-51.45264434814453,-54.623870849609375,1
Most grandmothers of Caroline were there upsetting Julie.,There were most grandmothers of Caroline upsetting Julie.,semantics,quantifiers,existential_there_quantifiers_2,True,False,False,False,568,-70.52098083496094,-69.91508483886719,0
Every rabbit is there escaping.,There is every rabbit escaping.,semantics,quantifiers,existential_there_quantifiers_2,True,False,False,False,569,-38.236671447753906,-36.38965606689453,0
All plays were there disturbing Ruth.,There were all plays disturbing Ruth.,semantics,quantifiers,existential_there_quantifiers_2,True,False,False,False,570,-52.49475860595703,-50.890132904052734,0
Each nose was there hurting some waitresses.,There was each nose hurting some waitresses.,semantics,quantifiers,existential_there_quantifiers_2,True,False,False,False,571,-61.657630920410156,-65.28387451171875,1
Every friend of Kenneth isn't there breaking every mirror.,There isn't every friend of Kenneth breaking every mirror.,semantics,quantifiers,existential_there_quantifiers_2,True,False,False,False,572,-70.28414154052734,-72.4061279296875,1
Most turtles are there falling asleep.,There are most turtles falling asleep.,semantics,quantifiers,existential_there_quantifiers_2,True,False,False,False,573,-38.70693588256836,-39.402313232421875,1
Each drawing wasn't there existing.,There wasn't each drawing existing.,semantics,quantifiers,existential_there_quantifiers_2,True,False,False,False,574,-44.582340240478516,-47.037864685058594,1
Most jackets aren't there twirling.,There aren't most jackets twirling.,semantics,quantifiers,existential_there_quantifiers_2,True,False,False,False,575,-44.825618743896484,-49.15238571166992,1
Every commentary is there alarming many patients.,There is every commentary alarming many patients.,semantics,quantifiers,existential_there_quantifiers_2,True,False,False,False,576,-53.363975524902344,-59.356685638427734,1
All actors were there forgetting about who drinks.,There were all actors forgetting about who drinks.,semantics,quantifiers,existential_there_quantifiers_2,True,False,False,False,577,-55.557838439941406,-51.660377502441406,0
All books weren't there confusing Omar.,There weren't all books confusing Omar.,semantics,quantifiers,existential_there_quantifiers_2,True,False,False,False,578,-55.145530700683594,-55.27655792236328,1
Every book is there scaring Kimberley.,There is every book scaring Kimberley.,semantics,quantifiers,existential_there_quantifiers_2,True,False,False,False,579,-53.464176177978516,-57.18092346191406,1
Most essays are there aggravating Alan.,There are most essays aggravating Alan.,semantics,quantifiers,existential_there_quantifiers_2,True,False,False,False,580,-52.89020538330078,-55.01276397705078,1
All ladders weren't there scaring those libraries.,There weren't all ladders scaring those libraries.,semantics,quantifiers,existential_there_quantifiers_2,True,False,False,False,581,-68.40374755859375,-63.96229553222656,0
All eyes aren't there falling.,There aren't all eyes falling.,semantics,quantifiers,existential_there_quantifiers_2,True,False,False,False,582,-38.178192138671875,-34.86172103881836,0
Most coats aren't there boring Daniel.,There aren't most coats boring Daniel.,semantics,quantifiers,existential_there_quantifiers_2,True,False,False,False,583,-54.7153434753418,-57.03310775756836,1
All chairs were there stunning most drivers.,There were all chairs stunning most drivers.,semantics,quantifiers,existential_there_quantifiers_2,True,False,False,False,584,-56.98381042480469,-53.45825958251953,0
All pictures of Carla are there irritating Barbara.,There are all pictures of Carla irritating Barbara.,semantics,quantifiers,existential_there_quantifiers_2,True,False,False,False,585,-70.91047668457031,-61.010799407958984,0
Most muffins are there disappearing.,There are most muffins disappearing.,semantics,quantifiers,existential_there_quantifiers_2,True,False,False,False,586,-37.53275680541992,-41.278411865234375,1
Each face was there appearing.,There was each face appearing.,semantics,quantifiers,existential_there_quantifiers_2,True,False,False,False,587,-36.3459358215332,-39.821372985839844,1
Most documentaries about Galileo were there irritating every teenager.,There were most documentaries about Galileo irritating every teenager.,semantics,quantifiers,existential_there_quantifiers_2,True,False,False,False,588,-78.7905044555664,-74.46651458740234,0
Most women were there annoying Helen.,There were most women annoying Helen.,semantics,quantifiers,existential_there_quantifiers_2,True,False,False,False,589,-46.4129524230957,-46.69513702392578,1
All girls aren't there regretting Julie falls.,There aren't all girls regretting Julie falls.,semantics,quantifiers,existential_there_quantifiers_2,True,False,False,False,590,-65.94786071777344,-64.89845275878906,0
All reports are there looking like sketches.,There are all reports looking like sketches.,semantics,quantifiers,existential_there_quantifiers_2,True,False,False,False,591,-47.1424560546875,-44.78947448730469,0
Every print of every girl was there stunning a lot of ladies.,There was every print of every girl stunning a lot of ladies.,semantics,quantifiers,existential_there_quantifiers_2,True,False,False,False,592,-71.92327117919922,-76.66661071777344,1
All universities were there listening to Travis.,There were all universities listening to Travis.,semantics,quantifiers,existential_there_quantifiers_2,True,False,False,False,593,-49.25321960449219,-48.026283264160156,0
Most mothers of Samuel aren't there learning.,There aren't most mothers of Samuel learning.,semantics,quantifiers,existential_there_quantifiers_2,True,False,False,False,594,-59.689083099365234,-61.219749450683594,1
Each commentary about art was there annoying Rhonda.,There was each commentary about art annoying Rhonda.,semantics,quantifiers,existential_there_quantifiers_2,True,False,False,False,595,-67.69467163085938,-70.05426025390625,1
Each girl was there getting a job.,There was each girl getting a job.,semantics,quantifiers,existential_there_quantifiers_2,True,False,False,False,596,-39.44377899169922,-42.06514358520508,1
Every eggplant is there disappearing.,There is every eggplant disappearing.,semantics,quantifiers,existential_there_quantifiers_2,True,False,False,False,597,-43.011756896972656,-41.73808288574219,0
Each newspaper article is there annoying a man.,There is each newspaper article annoying a man.,semantics,quantifiers,existential_there_quantifiers_2,True,False,False,False,598,-56.56989288330078,-56.66877746582031,1
Each granddaughter of Kirsten is there commissioning Elaine to dislike Robert.,There is each granddaughter of Kirsten commissioning Elaine to dislike Robert.,semantics,quantifiers,existential_there_quantifiers_2,True,False,False,False,599,-94.64208984375,-94.88165283203125,1
Each boy isn't there failing to irritate Robert.,There isn't each boy failing to irritate Robert.,semantics,quantifiers,existential_there_quantifiers_2,True,False,False,False,600,-60.98623275756836,-64.55162048339844,1
Each cousin of Dennis isn't there murmuring.,There isn't each cousin of Dennis murmuring.,semantics,quantifiers,existential_there_quantifiers_2,True,False,False,False,601,-63.581085205078125,-62.09572982788086,0
Every unicycle is there alarming this dancer.,There is every unicycle alarming this dancer.,semantics,quantifiers,existential_there_quantifiers_2,True,False,False,False,602,-66.79905700683594,-67.32659912109375,1
All photographs of those patients aren't there shocking Mary.,There aren't all photographs of those patients shocking Mary.,semantics,quantifiers,existential_there_quantifiers_2,True,False,False,False,603,-76.02470397949219,-72.75909423828125,0
Every skateboard isn't there disturbing those teenagers.,There isn't every skateboard disturbing those teenagers.,semantics,quantifiers,existential_there_quantifiers_2,True,False,False,False,604,-58.282405853271484,-60.95320510864258,1
All windows were there wasting away.,There were all windows wasting away.,semantics,quantifiers,existential_there_quantifiers_2,True,False,False,False,605,-44.97987365722656,-37.928192138671875,0
Each woman is there expecting Douglas to waste away.,There is each woman expecting Douglas to waste away.,semantics,quantifiers,existential_there_quantifiers_2,True,False,False,False,606,-65.58442687988281,-64.31229400634766,0
Most books about Spain aren't there annoying Diana.,There aren't most books about Spain annoying Diana.,semantics,quantifiers,existential_there_quantifiers_2,True,False,False,False,607,-65.79264831542969,-68.17218780517578,1
Most ladies aren't there thinking about some couch.,There aren't most ladies thinking about some couch.,semantics,quantifiers,existential_there_quantifiers_2,True,False,False,False,608,-53.473052978515625,-54.99053192138672,1
Most plays aren't there boring Martha.,There aren't most plays boring Martha.,semantics,quantifiers,existential_there_quantifiers_2,True,False,False,False,609,-55.81801986694336,-57.163612365722656,1
Every brother of the Borgias isn't there walking through the hospitals.,There isn't every brother of the Borgias walking through the hospitals.,semantics,quantifiers,existential_there_quantifiers_2,True,False,False,False,610,-79.35334777832031,-77.95836639404297,0
Each documentary isn't there hurting Gina.,There isn't each documentary hurting Gina.,semantics,quantifiers,existential_there_quantifiers_2,True,False,False,False,611,-52.52202606201172,-56.241294860839844,1
Most malls aren't there disappearing.,There aren't most malls disappearing.,semantics,quantifiers,existential_there_quantifiers_2,True,False,False,False,612,-41.35745620727539,-45.54845428466797,1
Most carriages weren't there impressing Patricia.,There weren't most carriages impressing Patricia.,semantics,quantifiers,existential_there_quantifiers_2,True,False,False,False,613,-60.73652267456055,-67.05732727050781,1
Every river is there upsetting many doctors.,There is every river upsetting many doctors.,semantics,quantifiers,existential_there_quantifiers_2,True,False,False,False,614,-51.26112365722656,-55.5407600402832,1
Most restaurants were there upsetting Theresa.,There were most restaurants upsetting Theresa.,semantics,quantifiers,existential_there_quantifiers_2,True,False,False,False,615,-52.04808807373047,-54.426780700683594,1
Each drawing isn't there hurting Kimberley.,There isn't each drawing hurting Kimberley.,semantics,quantifiers,existential_there_quantifiers_2,True,False,False,False,616,-51.56172561645508,-59.48125457763672,1
Each grandmother of Eva is there wanting James to win.,There is each grandmother of Eva wanting James to win.,semantics,quantifiers,existential_there_quantifiers_2,True,False,False,False,617,-71.15746307373047,-73.63426208496094,1
Each skateboard isn't there vanishing.,There isn't each skateboard vanishing.,semantics,quantifiers,existential_there_quantifiers_2,True,False,False,False,618,-46.49960708618164,-50.84967041015625,1
Every closet is there bothering Spain.,There is every closet bothering Spain.,semantics,quantifiers,existential_there_quantifiers_2,True,False,False,False,619,-48.37371826171875,-52.70858383178711,1
Every boy was there eating.,There was every boy eating.,semantics,quantifiers,existential_there_quantifiers_2,True,False,False,False,620,-33.81946563720703,-34.670806884765625,1
Each cousin of Linda isn't there seeming to vaporize.,There isn't each cousin of Linda seeming to vaporize.,semantics,quantifiers,existential_there_quantifiers_2,True,False,False,False,621,-73.84314727783203,-76.48600006103516,1
All cashiers weren't there lifting most socks.,There weren't all cashiers lifting most socks.,semantics,quantifiers,existential_there_quantifiers_2,True,False,False,False,622,-64.1770248413086,-64.51620483398438,1
Each drawing of these forks wasn't there embarrassing Marie.,There wasn't each drawing of these forks embarrassing Marie.,semantics,quantifiers,existential_there_quantifiers_2,True,False,False,False,623,-77.96747589111328,-80.92083740234375,1
Each show about current events isn't there alarming Karen.,There isn't each show about current events alarming Karen.,semantics,quantifiers,existential_there_quantifiers_2,True,False,False,False,624,-77.35359191894531,-79.02983856201172,1
Most friends of Grace aren't there discovering who bother Deborah.,There aren't most friends of Grace discovering who bother Deborah.,semantics,quantifiers,existential_there_quantifiers_2,True,False,False,False,625,-84.04676818847656,-86.6732177734375,1
All paintings were there scaring Jennifer.,There were all paintings scaring Jennifer.,semantics,quantifiers,existential_there_quantifiers_2,True,False,False,False,626,-57.038291931152344,-52.513099670410156,0
All documentaries about Spain are there confusing Dennis.,There are all documentaries about Spain confusing Dennis.,semantics,quantifiers,existential_there_quantifiers_2,True,False,False,False,627,-67.48226165771484,-65.58039855957031,0
All hospitals were there motivating every university to like Suzanne.,There were all hospitals motivating every university to like Suzanne.,semantics,quantifiers,existential_there_quantifiers_2,True,False,False,False,628,-78.2979736328125,-77.18795776367188,0
All sons of the student were there obligating Sherry to cheer.,There were all sons of the student obligating Sherry to cheer.,semantics,quantifiers,existential_there_quantifiers_2,True,False,False,False,629,-88.25099182128906,-82.96345520019531,0
Most spotlights weren't there upsetting Tara.,There weren't most spotlights upsetting Tara.,semantics,quantifiers,existential_there_quantifiers_2,True,False,False,False,630,-63.97216033935547,-63.928245544433594,0
All paintings of the waiters are there distracting Todd.,There are all paintings of the waiters distracting Todd.,semantics,quantifiers,existential_there_quantifiers_2,True,False,False,False,631,-71.46568298339844,-66.82267761230469,0
Each spotlight is there stunning the person.,There is each spotlight stunning the person.,semantics,quantifiers,existential_there_quantifiers_2,True,False,False,False,632,-52.73076629638672,-54.415199279785156,1
Most high schools are there looking like these drawings.,There are most high schools looking like these drawings.,semantics,quantifiers,existential_there_quantifiers_2,True,False,False,False,633,-49.65252685546875,-54.594581604003906,1
Every play was there annoying Spain.,There was every play annoying Spain.,semantics,quantifiers,existential_there_quantifiers_2,True,False,False,False,634,-48.57377243041992,-50.42947006225586,1
All legislatures weren't there remembering what conspired.,There weren't all legislatures remembering what conspired.,semantics,quantifiers,existential_there_quantifiers_2,True,False,False,False,635,-65.21913146972656,-62.50811004638672,0
Every actor is there seeing.,There is every actor seeing.,semantics,quantifiers,existential_there_quantifiers_2,True,False,False,False,636,-35.28489685058594,-36.67742156982422,1
All lights aren't there stunning James.,There aren't all lights stunning James.,semantics,quantifiers,existential_there_quantifiers_2,True,False,False,False,637,-52.961524963378906,-52.10816192626953,0
Most screens weren't there stunning every waiter.,There weren't most screens stunning every waiter.,semantics,quantifiers,existential_there_quantifiers_2,True,False,False,False,638,-61.21385955810547,-64.83645629882812,1
Every customer wasn't there helping April.,There wasn't every customer helping April.,semantics,quantifiers,existential_there_quantifiers_2,True,False,False,False,639,-54.19139099121094,-51.56678009033203,0
Most lamps are there looking like some paintings.,There are most lamps looking like some paintings.,semantics,quantifiers,existential_there_quantifiers_2,True,False,False,False,640,-47.76765823364258,-50.324790954589844,1
All teenagers were there describing the Impressionists.,There were all teenagers describing the Impressionists.,semantics,quantifiers,existential_there_quantifiers_2,True,False,False,False,641,-51.96581268310547,-48.16181182861328,0
Most candles were there distracting Dana.,There were most candles distracting Dana.,semantics,quantifiers,existential_there_quantifiers_2,True,False,False,False,642,-54.14061737060547,-55.061370849609375,1
Each closet is there existing.,There is each closet existing.,semantics,quantifiers,existential_there_quantifiers_2,True,False,False,False,643,-37.99247741699219,-38.43318176269531,1
Each painting is there looking like the lake.,There is each painting looking like the lake.,semantics,quantifiers,existential_there_quantifiers_2,True,False,False,False,644,-45.086280822753906,-50.52991485595703,1
All banks are there prodding Randolf to insult these schools.,There are all banks prodding Randolf to insult these schools.,semantics,quantifiers,existential_there_quantifiers_2,True,False,False,False,645,-88.44634246826172,-87.60049438476562,0
Every book about Galileo wasn't there scaring Connie.,There wasn't every book about Galileo scaring Connie.,semantics,quantifiers,existential_there_quantifiers_2,True,False,False,False,646,-76.80387115478516,-75.3641586303711,0
Every screen isn't there wasting away.,There isn't every screen wasting away.,semantics,quantifiers,existential_there_quantifiers_2,True,False,False,False,647,-41.59049606323242,-43.80413055419922,1
Each fork wasn't there appearing.,There wasn't each fork appearing.,semantics,quantifiers,existential_there_quantifiers_2,True,False,False,False,648,-43.063697814941406,-46.27273178100586,1
Each car isn't there stunning Patricia.,There isn't each car stunning Patricia.,semantics,quantifiers,existential_there_quantifiers_2,True,False,False,False,649,-55.247215270996094,-57.645755767822266,1
All essays about Spain aren't there disgusting Alice.,There aren't all essays about Spain disgusting Alice.,semantics,quantifiers,existential_there_quantifiers_2,True,False,False,False,650,-76.13458251953125,-71.12498474121094,0
All coats are there falling.,There are all coats falling.,semantics,quantifiers,existential_there_quantifiers_2,True,False,False,False,651,-36.868919372558594,-32.95771789550781,0
All mothers of Elaine weren't there hugging.,There weren't all mothers of Elaine hugging.,semantics,quantifiers,existential_there_quantifiers_2,True,False,False,False,652,-60.90930938720703,-58.871639251708984,0
Most lamps aren't there looking like a painting.,There aren't most lamps looking like a painting.,semantics,quantifiers,existential_there_quantifiers_2,True,False,False,False,653,-47.664459228515625,-53.064002990722656,1
Each skirt wasn't there warping.,There wasn't each skirt warping.,semantics,quantifiers,existential_there_quantifiers_2,True,False,False,False,654,-48.185943603515625,-51.010704040527344,1
All cakes weren't there appearing.,There weren't all cakes appearing.,semantics,quantifiers,existential_there_quantifiers_2,True,False,False,False,655,-42.59503173828125,-41.41889953613281,0
Each boy was there drinking.,There was each boy drinking.,semantics,quantifiers,existential_there_quantifiers_2,True,False,False,False,656,-35.05408477783203,-37.570159912109375,1
All paintings of Donald aren't there disgusting Alexander.,There aren't all paintings of Donald disgusting Alexander.,semantics,quantifiers,existential_there_quantifiers_2,True,False,False,False,657,-73.87761688232422,-69.30362701416016,0
All mirrors weren't there slipping.,There weren't all mirrors slipping.,semantics,quantifiers,existential_there_quantifiers_2,True,False,False,False,658,-46.01066589355469,-44.061702728271484,0
Each car wasn't there worrying some guy.,There wasn't each car worrying some guy.,semantics,quantifiers,existential_there_quantifiers_2,True,False,False,False,659,-54.616783142089844,-58.509605407714844,1
Every teacher wasn't there urging Emily's boyfriend to speak up.,There wasn't every teacher urging Emily's boyfriend to speak up.,semantics,quantifiers,existential_there_quantifiers_2,True,False,False,False,660,-79.56233978271484,-75.405517578125,0
All sisters of Stacey weren't there liking to mess up a restaurant.,There weren't all sisters of Stacey liking to mess up a restaurant.,semantics,quantifiers,existential_there_quantifiers_2,True,False,False,False,661,-83.21237182617188,-84.61466979980469,1
Every company isn't there prompting Michelle to admire Gerald.,There isn't every company prompting Michelle to admire Gerald.,semantics,quantifiers,existential_there_quantifiers_2,True,False,False,False,662,-75.2630615234375,-75.28579711914062,1
Most tomatoes aren't there upsetting Victoria.,There aren't most tomatoes upsetting Victoria.,semantics,quantifiers,existential_there_quantifiers_2,True,False,False,False,663,-52.071800231933594,-59.41692352294922,1
Most apples are there scorching.,There are most apples scorching.,semantics,quantifiers,existential_there_quantifiers_2,True,False,False,False,664,-38.609867095947266,-40.52421569824219,1
Most stairs were there disgusting Lisa.,There were most stairs disgusting Lisa.,semantics,quantifiers,existential_there_quantifiers_2,True,False,False,False,665,-54.119300842285156,-56.425880432128906,1
Every boy wasn't there wanting to talk to all adults.,There wasn't every boy wanting to talk to all adults.,semantics,quantifiers,existential_there_quantifiers_2,True,False,False,False,666,-61.09162902832031,-60.36049270629883,0
Each newspaper article was there aggravating Daniel.,There was each newspaper article aggravating Daniel.,semantics,quantifiers,existential_there_quantifiers_2,True,False,False,False,667,-64.32937622070312,-64.67012786865234,1
Most unicycles aren't there vanishing.,There aren't most unicycles vanishing.,semantics,quantifiers,existential_there_quantifiers_2,True,False,False,False,668,-50.80961227416992,-55.09124755859375,1
Most shows about art weren't there disagreeing with the Clintons.,There weren't most shows about art disagreeing with the Clintons.,semantics,quantifiers,existential_there_quantifiers_2,True,False,False,False,669,-84.22819519042969,-79.06039428710938,0
Most patients are there confusing a lot of waitresses.,There are most patients confusing a lot of waitresses.,semantics,quantifiers,existential_there_quantifiers_2,True,False,False,False,670,-58.15672302246094,-61.74268341064453,1
Every plate wasn't there irritating Samantha.,There wasn't every plate irritating Samantha.,semantics,quantifiers,existential_there_quantifiers_2,True,False,False,False,671,-57.72063446044922,-57.0146598815918,0
All plates aren't there appearing.,There aren't all plates appearing.,semantics,quantifiers,existential_there_quantifiers_2,True,False,False,False,672,-39.68700408935547,-40.90885925292969,1
Each show about the Borgias was there irritating Chad.,There was each show about the Borgias irritating Chad.,semantics,quantifiers,existential_there_quantifiers_2,True,False,False,False,673,-81.32445526123047,-79.09066009521484,0
All college campuses weren't there bothering Tanya.,There weren't all college campuses bothering Tanya.,semantics,quantifiers,existential_there_quantifiers_2,True,False,False,False,674,-61.06682205200195,-61.54317855834961,1
All books about art are there astounding a library.,There are all books about art astounding a library.,semantics,quantifiers,existential_there_quantifiers_2,True,False,False,False,675,-65.39835357666016,-59.20687484741211,0
Every horse was there irritating Lawrence.,There was every horse irritating Lawrence.,semantics,quantifiers,existential_there_quantifiers_2,True,False,False,False,676,-54.13748550415039,-54.42063903808594,1
All movies are there irritating Alicia.,There are all movies irritating Alicia.,semantics,quantifiers,existential_there_quantifiers_2,True,False,False,False,677,-49.86290740966797,-47.55824279785156,0
Each waiter is there investigating who could convince Jessica's cousins to sneeze.,There is each waiter investigating who could convince Jessica's cousins to sneeze.,semantics,quantifiers,existential_there_quantifiers_2,True,False,False,False,678,-99.503662109375,-99.21223449707031,0
Most socks were there flattening.,There were most socks flattening.,semantics,quantifiers,existential_there_quantifiers_2,True,False,False,False,679,-44.06636047363281,-46.14875793457031,1
All slopes are there distracting David.,There are all slopes distracting David.,semantics,quantifiers,existential_there_quantifiers_2,True,False,False,False,680,-50.800331115722656,-51.8324089050293,1
Every cup is there dropping.,There is every cup dropping.,semantics,quantifiers,existential_there_quantifiers_2,True,False,False,False,681,-36.39915466308594,-38.49198913574219,1
Each college campus wasn't there boring Rose.,There wasn't each college campus boring Rose.,semantics,quantifiers,existential_there_quantifiers_2,True,False,False,False,682,-62.88920974731445,-68.21743774414062,1
Every sister of every person isn't there saying every waiter waved.,There isn't every sister of every person saying every waiter waved.,semantics,quantifiers,existential_there_quantifiers_2,True,False,False,False,683,-88.51359558105469,-83.87873077392578,0
Most commentaries about politics are there shocking Amanda.,There are most commentaries about politics shocking Amanda.,semantics,quantifiers,existential_there_quantifiers_2,True,False,False,False,684,-70.87738037109375,-68.67366027832031,0
Most slopes were there astounding Alicia.,There were most slopes astounding Alicia.,semantics,quantifiers,existential_there_quantifiers_2,True,False,False,False,685,-57.62579345703125,-60.307559967041016,1
Every unicycle isn't there upsetting this school.,There isn't every unicycle upsetting this school.,semantics,quantifiers,existential_there_quantifiers_2,True,False,False,False,686,-60.27952575683594,-63.13592529296875,1
Most actors weren't there climbing up every mountain.,There weren't most actors climbing up every mountain.,semantics,quantifiers,existential_there_quantifiers_2,True,False,False,False,687,-59.18301010131836,-58.62031555175781,0
Every cousin of Cheryl wasn't there passing that mall.,There wasn't every cousin of Cheryl passing that mall.,semantics,quantifiers,existential_there_quantifiers_2,True,False,False,False,688,-74.84062957763672,-76.30546569824219,1
All drawings were there distracting Brett.,There were all drawings distracting Brett.,semantics,quantifiers,existential_there_quantifiers_2,True,False,False,False,689,-54.593048095703125,-51.587928771972656,0
Every candle is there boring Brett.,There is every candle boring Brett.,semantics,quantifiers,existential_there_quantifiers_2,True,False,False,False,690,-51.46288299560547,-51.17765426635742,0
Each art gallery is there distracting Karla.,There is each art gallery distracting Karla.,semantics,quantifiers,existential_there_quantifiers_2,True,False,False,False,691,-54.86412811279297,-62.37266540527344,1
Every school is there believing a lot of guests to hug Roger.,There is every school believing a lot of guests to hug Roger.,semantics,quantifiers,existential_there_quantifiers_2,True,False,False,False,692,-71.2778549194336,-77.68678283691406,1
Every apple isn't there bothering every association.,There isn't every apple bothering every association.,semantics,quantifiers,existential_there_quantifiers_2,True,False,False,False,693,-58.77903747558594,-60.520965576171875,1
Each mirror is there chipping.,There is each mirror chipping.,semantics,quantifiers,existential_there_quantifiers_2,True,False,False,False,694,-41.229766845703125,-41.687355041503906,1
Each carriage isn't there bothering Tammy.,There isn't each carriage bothering Tammy.,semantics,quantifiers,existential_there_quantifiers_2,True,False,False,False,695,-53.941139221191406,-60.088905334472656,1
All hospitals were there confusing Joel.,There were all hospitals confusing Joel.,semantics,quantifiers,existential_there_quantifiers_2,True,False,False,False,696,-53.393218994140625,-53.22433090209961,0
Every cucumber isn't there irritating Edward.,There isn't every cucumber irritating Edward.,semantics,quantifiers,existential_there_quantifiers_2,True,False,False,False,697,-59.76274108886719,-58.203941345214844,0
Most people were there encouraging Allison to kiss most guests.,There were most people encouraging Allison to kiss most guests.,semantics,quantifiers,existential_there_quantifiers_2,True,False,False,False,698,-67.66717529296875,-69.30442810058594,1
Every school is there lying.,There is every school lying.,semantics,quantifiers,existential_there_quantifiers_2,True,False,False,False,699,-33.0579719543457,-35.99085998535156,1
All actors were there criticizing Theresa.,There were all actors criticizing Theresa.,semantics,quantifiers,existential_there_quantifiers_2,True,False,False,False,700,-48.943275451660156,-42.800514221191406,0
All commentaries were there disagreeing.,There were all commentaries disagreeing.,semantics,quantifiers,existential_there_quantifiers_2,True,False,False,False,701,-49.171478271484375,-43.37358093261719,0
All universities were there hiring the Borgias.,There were all universities hiring the Borgias.,semantics,quantifiers,existential_there_quantifiers_2,True,False,False,False,702,-62.63191604614258,-58.866539001464844,0
Each slope wasn't there impressing Matt.,There wasn't each slope impressing Matt.,semantics,quantifiers,existential_there_quantifiers_2,True,False,False,False,703,-62.87761306762695,-65.82742309570312,1
Every face isn't there stunning an actress.,There isn't every face stunning an actress.,semantics,quantifiers,existential_there_quantifiers_2,True,False,False,False,704,-54.98431396484375,-57.81990432739258,1
Each spotlight is there aggravating Theodore.,There is each spotlight aggravating Theodore.,semantics,quantifiers,existential_there_quantifiers_2,True,False,False,False,705,-55.38753890991211,-58.9075927734375,1
All icicles aren't there aggravating Tammy.,There aren't all icicles aggravating Tammy.,semantics,quantifiers,existential_there_quantifiers_2,True,False,False,False,706,-61.15806579589844,-64.15504455566406,1
Each teenager was there washing.,There was each teenager washing.,semantics,quantifiers,existential_there_quantifiers_2,True,False,False,False,707,-40.69487762451172,-44.148963928222656,1
Every movie wasn't there stunning the lady.,There wasn't every movie stunning the lady.,semantics,quantifiers,existential_there_quantifiers_2,True,False,False,False,708,-56.806514739990234,-57.33426284790039,1
Every photograph isn't there alarming Christopher.,There isn't every photograph alarming Christopher.,semantics,quantifiers,existential_there_quantifiers_2,True,False,False,False,709,-57.7952880859375,-60.21460723876953,1
Each gate wasn't there worrying John.,There wasn't each gate worrying John.,semantics,quantifiers,existential_there_quantifiers_2,True,False,False,False,710,-51.34983825683594,-57.21515655517578,1
Each popsicle is there falling.,There is each popsicle falling.,semantics,quantifiers,existential_there_quantifiers_2,True,False,False,False,711,-43.81098937988281,-44.90614700317383,1
Each friend of Ruth was there exiting the art galleries.,There was each friend of Ruth exiting the art galleries.,semantics,quantifiers,existential_there_quantifiers_2,True,False,False,False,712,-65.80374908447266,-69.24176025390625,1
Most peppers aren't there going bad.,There aren't most peppers going bad.,semantics,quantifiers,existential_there_quantifiers_2,True,False,False,False,713,-43.55529022216797,-49.39210510253906,1
Most candles are there disappearing.,There are most candles disappearing.,semantics,quantifiers,existential_there_quantifiers_2,True,False,False,False,714,-37.269134521484375,-37.42536163330078,1
Most plates aren't there stunning Monet.,There aren't most plates stunning Monet.,semantics,quantifiers,existential_there_quantifiers_2,True,False,False,False,715,-56.26879119873047,-60.82097244262695,1
Every customer is there laughing.,There is every customer laughing.,semantics,quantifiers,existential_there_quantifiers_2,True,False,False,False,716,-34.50406265258789,-33.375736236572266,0
Every lamp was there fading.,There was every lamp fading.,semantics,quantifiers,existential_there_quantifiers_2,True,False,False,False,717,-40.19744873046875,-39.54903030395508,0
All reports about Galileo weren't there hurting Catherine.,There weren't all reports about Galileo hurting Catherine.,semantics,quantifiers,existential_there_quantifiers_2,True,False,False,False,718,-74.898193359375,-71.4683837890625,0
All rivers weren't there freezing.,There weren't all rivers freezing.,semantics,quantifiers,existential_there_quantifiers_2,True,False,False,False,719,-40.78264236450195,-42.319305419921875,1
Most documentaries weren't there stunning most doctors.,There weren't most documentaries stunning most doctors.,semantics,quantifiers,existential_there_quantifiers_2,True,False,False,False,720,-62.470645904541016,-67.45528411865234,1
Most bikes weren't there annoying Susan.,There weren't most bikes annoying Susan.,semantics,quantifiers,existential_there_quantifiers_2,True,False,False,False,721,-53.31071472167969,-57.86223602294922,1
All coats were there bothering Melinda.,There were all coats bothering Melinda.,semantics,quantifiers,existential_there_quantifiers_2,True,False,False,False,722,-55.31114196777344,-52.187828063964844,0
Every show about current events was there embarrassing Nicole.,There was every show about current events embarrassing Nicole.,semantics,quantifiers,existential_there_quantifiers_2,True,False,False,False,723,-73.67730712890625,-70.91047668457031,0
All cars aren't there impressing David.,There aren't all cars impressing David.,semantics,quantifiers,existential_there_quantifiers_2,True,False,False,False,724,-54.88920211791992,-56.22248840332031,1
Every bicycle isn't there crashing.,There isn't every bicycle crashing.,semantics,quantifiers,existential_there_quantifiers_2,True,False,False,False,725,-41.86255645751953,-41.81902313232422,0
Each documentary about the Clintons is there upsetting schools.,There is each documentary about the Clintons upsetting schools.,semantics,quantifiers,existential_there_quantifiers_2,True,False,False,False,726,-68.39096069335938,-66.74169158935547,0
Each senator was there finding out who haven't succeeded.,There was each senator finding out who haven't succeeded.,semantics,quantifiers,existential_there_quantifiers_2,True,False,False,False,727,-61.36220932006836,-64.22305297851562,1
Each sketch was there shocking this association.,There was each sketch shocking this association.,semantics,quantifiers,existential_there_quantifiers_2,True,False,False,False,728,-55.980796813964844,-57.483665466308594,1
Most turtles weren't there disappearing.,There weren't most turtles disappearing.,semantics,quantifiers,existential_there_quantifiers_2,True,False,False,False,729,-42.77972412109375,-45.893856048583984,1
All cucumbers aren't there hurting that patient.,There aren't all cucumbers hurting that patient.,semantics,quantifiers,existential_there_quantifiers_2,True,False,False,False,730,-61.267608642578125,-62.29147720336914,1
Every eye was there boring most pedestrians.,There was every eye boring most pedestrians.,semantics,quantifiers,existential_there_quantifiers_2,True,False,False,False,731,-58.3305549621582,-58.65819549560547,1
All essays aren't there bothering Natalie.,There aren't all essays bothering Natalie.,semantics,quantifiers,existential_there_quantifiers_2,True,False,False,False,732,-53.03057861328125,-54.24673080444336,1
Every high school is there upsetting Gregory.,There is every high school upsetting Gregory.,semantics,quantifiers,existential_there_quantifiers_2,True,False,False,False,733,-53.51709747314453,-55.93342590332031,1
Each pie was there distracting Linda.,There was each pie distracting Linda.,semantics,quantifiers,existential_there_quantifiers_2,True,False,False,False,734,-52.570552825927734,-53.6647834777832,1
Most slopes are there embarrassing Cynthia.,There are most slopes embarrassing Cynthia.,semantics,quantifiers,existential_there_quantifiers_2,True,False,False,False,735,-54.712406158447266,-57.43270492553711,1
Most coats were there bothering Rebecca.,There were most coats bothering Rebecca.,semantics,quantifiers,existential_there_quantifiers_2,True,False,False,False,736,-49.795982360839844,-52.113460540771484,1
All cats are there stunning Gina.,There are all cats stunning Gina.,semantics,quantifiers,existential_there_quantifiers_2,True,False,False,False,737,-50.900367736816406,-46.640098571777344,0
Each window was there falling.,There was each window falling.,semantics,quantifiers,existential_there_quantifiers_2,True,False,False,False,738,-37.664791107177734,-38.773033142089844,1
Each horse wasn't there aggravating Amanda.,There wasn't each horse aggravating Amanda.,semantics,quantifiers,existential_there_quantifiers_2,True,False,False,False,739,-62.20595169067383,-61.63837814331055,0
Every projector was there impressing Irene.,There was every projector impressing Irene.,semantics,quantifiers,existential_there_quantifiers_2,True,False,False,False,740,-58.22617721557617,-60.8996696472168,1
All doors weren't there aggravating Kendra.,There weren't all doors aggravating Kendra.,semantics,quantifiers,existential_there_quantifiers_2,True,False,False,False,741,-58.59052658081055,-61.05184555053711,1
Each bike wasn't there confusing a lot of senators.,There wasn't each bike confusing a lot of senators.,semantics,quantifiers,existential_there_quantifiers_2,True,False,False,False,742,-67.27487182617188,-74.57774353027344,1
Most movies about science were there hurting Sarah.,There were most movies about science hurting Sarah.,semantics,quantifiers,existential_there_quantifiers_2,True,False,False,False,743,-63.61713409423828,-62.078792572021484,0
Every picture of Homer wasn't there impressing Elizabeth.,There wasn't every picture of Homer impressing Elizabeth.,semantics,quantifiers,existential_there_quantifiers_2,True,False,False,False,744,-69.28011322021484,-68.43998718261719,0
All glasses were there alarming Kristen.,There were all glasses alarming Kristen.,semantics,quantifiers,existential_there_quantifiers_2,True,False,False,False,745,-56.29316711425781,-52.88298034667969,0
Every father of Lucille isn't there refusing to lift every spotlight.,There isn't every father of Lucille refusing to lift every spotlight.,semantics,quantifiers,existential_there_quantifiers_2,True,False,False,False,746,-82.99919891357422,-81.95989990234375,0
Every teenager is there yelling.,There is every teenager yelling.,semantics,quantifiers,existential_there_quantifiers_2,True,False,False,False,747,-37.86913299560547,-37.106990814208984,0
Every movie about the Great Lakes was there boring Gina.,There was every movie about the Great Lakes boring Gina.,semantics,quantifiers,existential_there_quantifiers_2,True,False,False,False,748,-74.38580322265625,-71.41863250732422,0
Each blouse wasn't there shrinking.,There wasn't each blouse shrinking.,semantics,quantifiers,existential_there_quantifiers_2,True,False,False,False,749,-47.88620376586914,-50.87491989135742,1
All windows aren't there vanishing.,There aren't all windows vanishing.,semantics,quantifiers,existential_there_quantifiers_2,True,False,False,False,750,-41.37558364868164,-40.663814544677734,0
Each cashier is there preventing some screen from shocking Monica.,There is each cashier preventing some screen from shocking Monica.,semantics,quantifiers,existential_there_quantifiers_2,True,False,False,False,751,-87.88446044921875,-90.1418685913086,1
Every convertible is there bothering Carrie.,There is every convertible bothering Carrie.,semantics,quantifiers,existential_there_quantifiers_2,True,False,False,False,752,-52.070953369140625,-54.72699737548828,1
Most cousins of those doctors are there existing.,There are most cousins of those doctors existing.,semantics,quantifiers,existential_there_quantifiers_2,True,False,False,False,753,-57.926414489746094,-58.91143798828125,1
All pies weren't there vanishing.,There weren't all pies vanishing.,semantics,quantifiers,existential_there_quantifiers_2,True,False,False,False,754,-47.572509765625,-46.80854797363281,0
Each actress is there hiding away.,There is each actress hiding away.,semantics,quantifiers,existential_there_quantifiers_2,True,False,False,False,755,-42.90447235107422,-42.14339065551758,0
All senators are there approaching all cashiers.,There are all senators approaching all cashiers.,semantics,quantifiers,existential_there_quantifiers_2,True,False,False,False,756,-59.36674499511719,-56.501312255859375,0
Each high school is there wasting away.,There is each high school wasting away.,semantics,quantifiers,existential_there_quantifiers_2,True,False,False,False,757,-44.87550354003906,-45.68126678466797,1
Each wheelbarrow was there rusting.,There was each wheelbarrow rusting.,semantics,quantifiers,existential_there_quantifiers_2,True,False,False,False,758,-55.648338317871094,-55.40560531616211,0
Every grocery store was there wasting away.,There was every grocery store wasting away.,semantics,quantifiers,existential_there_quantifiers_2,True,False,False,False,759,-43.99413299560547,-47.47161865234375,1
All pies are there aggravating Renee.,There are all pies aggravating Renee.,semantics,quantifiers,existential_there_quantifiers_2,True,False,False,False,760,-56.262474060058594,-57.92204666137695,1
Each sketch wasn't there existing.,There wasn't each sketch existing.,semantics,quantifiers,existential_there_quantifiers_2,True,False,False,False,761,-46.42738342285156,-45.883018493652344,0
Each shirt is there annoying the teacher.,There is each shirt annoying the teacher.,semantics,quantifiers,existential_there_quantifiers_2,True,False,False,False,762,-50.14632797241211,-53.21981430053711,1
All drawings of all carts weren't there stunning Scott.,There weren't all drawings of all carts stunning Scott.,semantics,quantifiers,existential_there_quantifiers_2,True,False,False,False,763,-76.96220397949219,-74.12560272216797,0
All carts were there bothering Amanda.,There were all carts bothering Amanda.,semantics,quantifiers,existential_there_quantifiers_2,True,False,False,False,764,-51.29446029663086,-50.31547164916992,0
Each guest is there observing Douglas.,There is each guest observing Douglas.,semantics,quantifiers,existential_there_quantifiers_2,True,False,False,False,765,-51.90495300292969,-51.44928741455078,0
Every photograph of Erin is there confusing Michelle.,There is every photograph of Erin confusing Michelle.,semantics,quantifiers,existential_there_quantifiers_2,True,False,False,False,766,-63.390594482421875,-60.38518142700195,0
Each dog is there disappearing.,There is each dog disappearing.,semantics,quantifiers,existential_there_quantifiers_2,True,False,False,False,767,-36.502845764160156,-33.887939453125,0
Every cat isn't there falling.,There isn't every cat falling.,semantics,quantifiers,existential_there_quantifiers_2,True,False,False,False,768,-40.82508087158203,-40.29930877685547,0
Most waitresses are there investigating who is arguing about Stephen.,There are most waitresses investigating who is arguing about Stephen.,semantics,quantifiers,existential_there_quantifiers_2,True,False,False,False,769,-76.60713195800781,-79.84609985351562,1
All cats aren't there disappearing.,There aren't all cats disappearing.,semantics,quantifiers,existential_there_quantifiers_2,True,False,False,False,770,-42.026458740234375,-39.719268798828125,0
Most boys aren't there spurring Meredith to paint.,There aren't most boys spurring Meredith to paint.,semantics,quantifiers,existential_there_quantifiers_2,True,False,False,False,771,-70.52366638183594,-76.99595642089844,1
Every cake was there appearing.,There was every cake appearing.,semantics,quantifiers,existential_there_quantifiers_2,True,False,False,False,772,-36.273170471191406,-38.410892486572266,1
All skirts aren't there boring Andrew.,There aren't all skirts boring Andrew.,semantics,quantifiers,existential_there_quantifiers_2,True,False,False,False,773,-56.73677062988281,-56.12773513793945,0
Each fork was there disappearing.,There was each fork disappearing.,semantics,quantifiers,existential_there_quantifiers_2,True,False,False,False,774,-39.888694763183594,-41.097557067871094,1
All slopes aren't there distracting Nancy.,There aren't all slopes distracting Nancy.,semantics,quantifiers,existential_there_quantifiers_2,True,False,False,False,775,-54.7264518737793,-58.17980194091797,1
Each newspaper article about travel is there scaring Samantha.,There is each newspaper article about travel scaring Samantha.,semantics,quantifiers,existential_there_quantifiers_2,True,False,False,False,776,-79.72857666015625,-78.90701293945312,0
All cars were there astounding Maria.,There were all cars astounding Maria.,semantics,quantifiers,existential_there_quantifiers_2,True,False,False,False,777,-53.459659576416016,-49.73040771484375,0
All hospitals weren't there badgering Adam to compromise.,There weren't all hospitals badgering Adam to compromise.,semantics,quantifiers,existential_there_quantifiers_2,True,False,False,False,778,-81.94483947753906,-83.63002014160156,1
Every pepper is there wasting away.,There is every pepper wasting away.,semantics,quantifiers,existential_there_quantifiers_2,True,False,False,False,779,-42.90589141845703,-43.548988342285156,1
Most books were there irritating all girls.,There were most books irritating all girls.,semantics,quantifiers,existential_there_quantifiers_2,True,False,False,False,780,-54.60521697998047,-55.71154022216797,1
Every shawl isn't there existing.,There isn't every shawl existing.,semantics,quantifiers,existential_there_quantifiers_2,True,False,False,False,781,-51.90032958984375,-47.58967590332031,0
Every window is there upsetting Galileo.,There is every window upsetting Galileo.,semantics,quantifiers,existential_there_quantifiers_2,True,False,False,False,782,-51.67803192138672,-51.686614990234375,1
Each cup wasn't there shattering.,There wasn't each cup shattering.,semantics,quantifiers,existential_there_quantifiers_2,True,False,False,False,783,-47.17930603027344,-46.66722869873047,0
Most slopes are there impressing Richard.,There are most slopes impressing Richard.,semantics,quantifiers,existential_there_quantifiers_2,True,False,False,False,784,-55.04515838623047,-58.86915588378906,1
Every grocery store was there worrying Jodi.,There was every grocery store worrying Jodi.,semantics,quantifiers,existential_there_quantifiers_2,True,False,False,False,785,-52.542327880859375,-59.0115966796875,1
Every shoe is there appearing.,There is every shoe appearing.,semantics,quantifiers,existential_there_quantifiers_2,True,False,False,False,786,-35.70625305175781,-37.22560119628906,1
Each couch is there scaring some pedestrians.,There is each couch scaring some pedestrians.,semantics,quantifiers,existential_there_quantifiers_2,True,False,False,False,787,-59.58266830444336,-62.130496978759766,1
All girls are there collaborating.,There are all girls collaborating.,semantics,quantifiers,existential_there_quantifiers_2,True,False,False,False,788,-36.929351806640625,-34.50791931152344,0
Every book isn't there disturbing Brenda.,There isn't every book disturbing Brenda.,semantics,quantifiers,existential_there_quantifiers_2,True,False,False,False,789,-51.48937225341797,-53.115264892578125,1
All hills weren't there looking like every photograph.,There weren't all hills looking like every photograph.,semantics,quantifiers,existential_there_quantifiers_2,True,False,False,False,790,-54.18560028076172,-56.156227111816406,1
Most peppers aren't there annoying Gina.,There aren't most peppers annoying Gina.,semantics,quantifiers,existential_there_quantifiers_2,True,False,False,False,791,-51.77739715576172,-58.85737991333008,1
Most cakes aren't there disturbing Melinda.,There aren't most cakes disturbing Melinda.,semantics,quantifiers,existential_there_quantifiers_2,True,False,False,False,792,-55.50078201293945,-62.9973030090332,1
Each glacier wasn't there embarrassing Ella.,There wasn't each glacier embarrassing Ella.,semantics,quantifiers,existential_there_quantifiers_2,True,False,False,False,793,-61.54375076293945,-66.37679290771484,1
Most museums are there referencing the actor.,There are most museums referencing the actor.,semantics,quantifiers,existential_there_quantifiers_2,True,False,False,False,794,-47.96888732910156,-49.93602752685547,1
Each pepper isn't there growing.,There isn't each pepper growing.,semantics,quantifiers,existential_there_quantifiers_2,True,False,False,False,795,-40.93394088745117,-42.15171813964844,1
Every documentary was there aggravating Kendra.,There was every documentary aggravating Kendra.,semantics,quantifiers,existential_there_quantifiers_2,True,False,False,False,796,-57.55760955810547,-56.8668327331543,0
Every woman wasn't there managing to alarm Denise.,There wasn't every woman managing to alarm Denise.,semantics,quantifiers,existential_there_quantifiers_2,True,False,False,False,797,-70.32890319824219,-67.98420715332031,0
Each guy was there happening to unfold.,There was each guy happening to unfold.,semantics,quantifiers,existential_there_quantifiers_2,True,False,False,False,798,-47.900299072265625,-49.22233581542969,1
Most mushrooms aren't there alarming Nancy.,There aren't most mushrooms alarming Nancy.,semantics,quantifiers,existential_there_quantifiers_2,True,False,False,False,799,-59.14860153198242,-65.9370346069336,1
Each report about the Borgias is there annoying some companies.,There is each report about the Borgias annoying some companies.,semantics,quantifiers,existential_there_quantifiers_2,True,False,False,False,800,-77.02320861816406,-78.01496887207031,1
All horses are there upsetting Becky.,There are all horses upsetting Becky.,semantics,quantifiers,existential_there_quantifiers_2,True,False,False,False,801,-49.66280746459961,-49.2690544128418,0
Most books weren't there annoying some boy.,There weren't most books annoying some boy.,semantics,quantifiers,existential_there_quantifiers_2,True,False,False,False,802,-56.830116271972656,-60.456146240234375,1
All photographs aren't there alarming Ellen.,There aren't all photographs alarming Ellen.,semantics,quantifiers,existential_there_quantifiers_2,True,False,False,False,803,-55.70818328857422,-58.791542053222656,1
All casseroles are there baking.,There are all casseroles baking.,semantics,quantifiers,existential_there_quantifiers_2,True,False,False,False,804,-41.13304138183594,-37.20924377441406,0
Every actress was there compelling George's senators to conceal this cup.,There was every actress compelling George's senators to conceal this cup.,semantics,quantifiers,existential_there_quantifiers_2,True,False,False,False,805,-95.88984680175781,-97.15482330322266,1
Most guys were there fixing a lot of windows.,There were most guys fixing a lot of windows.,semantics,quantifiers,existential_there_quantifiers_2,True,False,False,False,806,-43.87826156616211,-49.567291259765625,1
Each woman isn't there discussing many libraries.,There isn't each woman discussing many libraries.,semantics,quantifiers,existential_there_quantifiers_2,True,False,False,False,807,-56.3645133972168,-55.55016326904297,0
All waiters aren't there hiding.,There aren't all waiters hiding.,semantics,quantifiers,existential_there_quantifiers_2,True,False,False,False,808,-41.2899055480957,-42.70673751831055,1
Each book wasn't there disagreeing with Cheryl.,There wasn't each book disagreeing with Cheryl.,semantics,quantifiers,existential_there_quantifiers_2,True,False,False,False,809,-64.18736267089844,-63.980308532714844,0
Each brother of Aaron wasn't there begging some sister of Sheila to ascend these slopes.,There wasn't each brother of Aaron begging some sister of Sheila to ascend these slopes.,semantics,quantifiers,existential_there_quantifiers_2,True,False,False,False,810,-117.02848815917969,-120.45039367675781,1
All cups weren't there aggravating Larry.,There weren't all cups aggravating Larry.,semantics,quantifiers,existential_there_quantifiers_2,True,False,False,False,811,-61.24348449707031,-61.39214324951172,1
All computers were there worrying Dana.,There were all computers worrying Dana.,semantics,quantifiers,existential_there_quantifiers_2,True,False,False,False,812,-51.31062698364258,-51.50460433959961,1
Most forks aren't there looking like the painting.,There aren't most forks looking like the painting.,semantics,quantifiers,existential_there_quantifiers_2,True,False,False,False,813,-51.203269958496094,-60.28451156616211,1
Every gate is there hurting Eric.,There is every gate hurting Eric.,semantics,quantifiers,existential_there_quantifiers_2,True,False,False,False,814,-46.944671630859375,-51.253326416015625,1
All museums are there arguing.,There are all museums arguing.,semantics,quantifiers,existential_there_quantifiers_2,True,False,False,False,815,-36.74589920043945,-36.46145248413086,0
Every glacier was there confusing Martin.,There was every glacier confusing Martin.,semantics,quantifiers,existential_there_quantifiers_2,True,False,False,False,816,-52.6207160949707,-56.5349235534668,1
Most glasses aren't there twisting.,There aren't most glasses twisting.,semantics,quantifiers,existential_there_quantifiers_2,True,False,False,False,817,-41.26411437988281,-45.273826599121094,1
Each library wasn't there succeeding.,There wasn't each library succeeding.,semantics,quantifiers,existential_there_quantifiers_2,True,False,False,False,818,-44.96556091308594,-49.163055419921875,1
Every cashier wasn't there impressing Walter.,There wasn't every cashier impressing Walter.,semantics,quantifiers,existential_there_quantifiers_2,True,False,False,False,819,-62.731956481933594,-63.17953109741211,1
Most reports weren't there shocking Christina.,There weren't most reports shocking Christina.,semantics,quantifiers,existential_there_quantifiers_2,True,False,False,False,820,-57.02021789550781,-59.206138610839844,1
Every report was there winning.,There was every report winning.,semantics,quantifiers,existential_there_quantifiers_2,True,False,False,False,821,-38.33893585205078,-38.71985626220703,1
Each movie theater is there vanishing.,There is each movie theater vanishing.,semantics,quantifiers,existential_there_quantifiers_2,True,False,False,False,822,-44.52629089355469,-44.76558303833008,1
Most apples were there stunning Pamela.,There were most apples stunning Pamela.,semantics,quantifiers,existential_there_quantifiers_2,True,False,False,False,823,-53.830909729003906,-55.598968505859375,1
Every coat was there bothering Marie.,There was every coat bothering Marie.,semantics,quantifiers,existential_there_quantifiers_2,True,False,False,False,824,-49.76967239379883,-51.217979431152344,1
All restaurants were there alarming that adult.,There were all restaurants alarming that adult.,semantics,quantifiers,existential_there_quantifiers_2,True,False,False,False,825,-61.503910064697266,-57.887271881103516,0
Each cafe was there shocking Jodi.,There was each cafe shocking Jodi.,semantics,quantifiers,existential_there_quantifiers_2,True,False,False,False,826,-56.868019104003906,-60.27248001098633,1
Most grandfathers of this child weren't there upsetting Helen.,There weren't most grandfathers of this child upsetting Helen.,semantics,quantifiers,existential_there_quantifiers_2,True,False,False,False,827,-80.47593688964844,-82.71068572998047,1
Every sister of Lawrence was there considering Christopher to go to every hill.,There was every sister of Lawrence considering Christopher to go to every hill.,semantics,quantifiers,existential_there_quantifiers_2,True,False,False,False,828,-84.9053726196289,-91.61959075927734,1
Each show about Spain wasn't there embarrassing Kevin.,There wasn't each show about Spain embarrassing Kevin.,semantics,quantifiers,existential_there_quantifiers_2,True,False,False,False,829,-73.556396484375,-75.93492126464844,1
Every legislature isn't there alarming the Borgias.,There isn't every legislature alarming the Borgias.,semantics,quantifiers,existential_there_quantifiers_2,True,False,False,False,830,-70.80210876464844,-71.6201171875,1
Each college campus wasn't there appearing.,There wasn't each college campus appearing.,semantics,quantifiers,existential_there_quantifiers_2,True,False,False,False,831,-48.16320037841797,-54.921485900878906,1
Every guy wasn't there learning who hadn't toured every public park.,There wasn't every guy learning who hadn't toured every public park.,semantics,quantifiers,existential_there_quantifiers_2,True,False,False,False,832,-86.27847290039062,-84.0809097290039,0
Every projector was there stunning that customer.,There was every projector stunning that customer.,semantics,quantifiers,existential_there_quantifiers_2,True,False,False,False,833,-60.77493667602539,-59.64213943481445,0
Each banana is there stunning some waiter.,There is each banana stunning some waiter.,semantics,quantifiers,existential_there_quantifiers_2,True,False,False,False,834,-62.33909225463867,-61.88446044921875,0
Most glaciers were there astounding Dennis.,There were most glaciers astounding Dennis.,semantics,quantifiers,existential_there_quantifiers_2,True,False,False,False,835,-56.16107940673828,-59.8372917175293,1
Each coat isn't there worrying Sonia.,There isn't each coat worrying Sonia.,semantics,quantifiers,existential_there_quantifiers_2,True,False,False,False,836,-54.88349533081055,-60.90385437011719,1
Most organizations are there forfeiting.,There are most organizations forfeiting.,semantics,quantifiers,existential_there_quantifiers_2,True,False,False,False,837,-37.7485466003418,-40.58720397949219,1
All spotlights aren't there brightening.,There aren't all spotlights brightening.,semantics,quantifiers,existential_there_quantifiers_2,True,False,False,False,838,-50.28181457519531,-45.44465637207031,0
Every picture of Heidi was there distracting Catherine.,There was every picture of Heidi distracting Catherine.,semantics,quantifiers,existential_there_quantifiers_2,True,False,False,False,839,-62.572669982910156,-62.297515869140625,0
Most dishes were there worrying Carmen.,There were most dishes worrying Carmen.,semantics,quantifiers,existential_there_quantifiers_2,True,False,False,False,840,-52.16178894042969,-57.318904876708984,1
Most vases are there distracting Patricia.,There are most vases distracting Patricia.,semantics,quantifiers,existential_there_quantifiers_2,True,False,False,False,841,-51.571861267089844,-52.066139221191406,1
Every essay about Winston Churchill wasn't there annoying Larry.,There wasn't every essay about Winston Churchill annoying Larry.,semantics,quantifiers,existential_there_quantifiers_2,True,False,False,False,842,-73.83287811279297,-73.19389343261719,0
Most bananas aren't there charring.,There aren't most bananas charring.,semantics,quantifiers,existential_there_quantifiers_2,True,False,False,False,843,-49.55052947998047,-56.15003967285156,1
All banks are there continuing to approve.,There are all banks continuing to approve.,semantics,quantifiers,existential_there_quantifiers_2,True,False,False,False,844,-41.98308181762695,-41.797828674316406,0
Most grandfathers of Jeffrey aren't there departing.,There aren't most grandfathers of Jeffrey departing.,semantics,quantifiers,existential_there_quantifiers_2,True,False,False,False,845,-66.35108184814453,-69.85067749023438,1
Each niece of Linda wasn't there boasting about Mary.,There wasn't each niece of Linda boasting about Mary.,semantics,quantifiers,existential_there_quantifiers_2,True,False,False,False,846,-73.96249389648438,-77.0234146118164,1
Each dancer was there muttering.,There was each dancer muttering.,semantics,quantifiers,existential_there_quantifiers_2,True,False,False,False,847,-43.0742073059082,-47.56269073486328,1
All screens aren't there alarming Ruth.,There aren't all screens alarming Ruth.,semantics,quantifiers,existential_there_quantifiers_2,True,False,False,False,848,-56.899574279785156,-59.038818359375,1
All shoes aren't there looking like this painting.,There aren't all shoes looking like this painting.,semantics,quantifiers,existential_there_quantifiers_2,True,False,False,False,849,-52.25895690917969,-53.173431396484375,1
Every unicycle was there falling.,There was every unicycle falling.,semantics,quantifiers,existential_there_quantifiers_2,True,False,False,False,850,-44.23950958251953,-45.63341522216797,1
Every public park is there astounding Michael.,There is every public park astounding Michael.,semantics,quantifiers,existential_there_quantifiers_2,True,False,False,False,851,-56.488407135009766,-60.92825698852539,1
Each father of Sharon wasn't there doubting Andrew can cough.,There wasn't each father of Sharon doubting Andrew can cough.,semantics,quantifiers,existential_there_quantifiers_2,True,False,False,False,852,-88.92124938964844,-92.47706604003906,1
Most nephews of Carol were there preventing Linda from wasting away.,There were most nephews of Carol preventing Linda from wasting away.,semantics,quantifiers,existential_there_quantifiers_2,True,False,False,False,853,-80.40100860595703,-82.46971130371094,1
Every story about the Impressionists wasn't there disagreeing with Bruce.,There wasn't every story about the Impressionists disagreeing with Bruce.,semantics,quantifiers,existential_there_quantifiers_2,True,False,False,False,854,-84.33131408691406,-80.15898132324219,0
All jackets aren't there disturbing some organizations.,There aren't all jackets disturbing some organizations.,semantics,quantifiers,existential_there_quantifiers_2,True,False,False,False,855,-57.243892669677734,-58.801795959472656,1
All pedestrians weren't there forgetting about what is replying.,There weren't all pedestrians forgetting about what is replying.,semantics,quantifiers,existential_there_quantifiers_2,True,False,False,False,856,-67.20413970947266,-64.19520568847656,0
Each adult was there boasting about Caroline.,There was each adult boasting about Caroline.,semantics,quantifiers,existential_there_quantifiers_2,True,False,False,False,857,-58.08111572265625,-58.15751647949219,1
Every closet wasn't there shutting.,There wasn't every closet shutting.,semantics,quantifiers,existential_there_quantifiers_2,True,False,False,False,858,-47.51445770263672,-48.16649627685547,1
Each painting isn't there disturbing Kendra.,There isn't each painting disturbing Kendra.,semantics,quantifiers,existential_there_quantifiers_2,True,False,False,False,859,-53.23371124267578,-59.98118591308594,1
Every hat was there shocking Charles.,There was every hat shocking Charles.,semantics,quantifiers,existential_there_quantifiers_2,True,False,False,False,860,-50.48897933959961,-55.02944564819336,1
Every guest is there looking like this sketch.,There is every guest looking like this sketch.,semantics,quantifiers,existential_there_quantifiers_2,True,False,False,False,861,-49.27191162109375,-48.76757049560547,0
Most lights are there looking like photographs.,There are most lights looking like photographs.,semantics,quantifiers,existential_there_quantifiers_2,True,False,False,False,862,-40.747249603271484,-43.91533660888672,1
Most hamsters weren't there falling.,There weren't most hamsters falling.,semantics,quantifiers,existential_there_quantifiers_2,True,False,False,False,863,-44.92499542236328,-47.419273376464844,1
Most cups aren't there upsetting Phillip.,There aren't most cups upsetting Phillip.,semantics,quantifiers,existential_there_quantifiers_2,True,False,False,False,864,-58.63140869140625,-63.015892028808594,1
All books about the Balkans aren't there astounding Angela.,There aren't all books about the Balkans astounding Angela.,semantics,quantifiers,existential_there_quantifiers_2,True,False,False,False,865,-80.67903900146484,-79.69161987304688,0
Each movie about the Impressionists is there bothering Cheryl.,There is each movie about the Impressionists bothering Cheryl.,semantics,quantifiers,existential_there_quantifiers_2,True,False,False,False,866,-74.29280853271484,-75.48824310302734,1
All carts were there tipping over.,There were all carts tipping over.,semantics,quantifiers,existential_there_quantifiers_2,True,False,False,False,867,-44.82988739013672,-42.01485061645508,0
All plays were there disturbing some senators.,There were all plays disturbing some senators.,semantics,quantifiers,existential_there_quantifiers_2,True,False,False,False,868,-57.34450149536133,-57.66560363769531,1
Every school wasn't there joking around.,There wasn't every school joking around.,semantics,quantifiers,existential_there_quantifiers_2,True,False,False,False,869,-44.41618728637695,-47.301788330078125,1
All skirts are there warping.,There are all skirts warping.,semantics,quantifiers,existential_there_quantifiers_2,True,False,False,False,870,-40.78590774536133,-42.760955810546875,1
Every mall is there embarrassing Nancy.,There is every mall embarrassing Nancy.,semantics,quantifiers,existential_there_quantifiers_2,True,False,False,False,871,-53.86025619506836,-56.815879821777344,1
Every child was there sitting down.,There was every child sitting down.,semantics,quantifiers,existential_there_quantifiers_2,True,False,False,False,872,-39.994232177734375,-37.845401763916016,0
Most cats weren't there distracting Kendra.,There weren't most cats distracting Kendra.,semantics,quantifiers,existential_there_quantifiers_2,True,False,False,False,873,-56.755455017089844,-58.781471252441406,1
Every painting of Stephen wasn't there stunning that guy.,There wasn't every painting of Stephen stunning that guy.,semantics,quantifiers,existential_there_quantifiers_2,True,False,False,False,874,-71.31914520263672,-70.92715454101562,0
All mountains were there disappearing.,There were all mountains disappearing.,semantics,quantifiers,existential_there_quantifiers_2,True,False,False,False,875,-36.67820739746094,-33.94612121582031,0
Most brothers of Alexander weren't there swallowing.,There weren't most brothers of Alexander swallowing.,semantics,quantifiers,existential_there_quantifiers_2,True,False,False,False,876,-59.16252136230469,-62.24658966064453,1
Each teacher isn't there talking to Galileo.,There isn't each teacher talking to Galileo.,semantics,quantifiers,existential_there_quantifiers_2,True,False,False,False,877,-54.186363220214844,-56.54872131347656,1
Most hospitals are there revealing who should hire those customers.,There are most hospitals revealing who should hire those customers.,semantics,quantifiers,existential_there_quantifiers_2,True,False,False,False,878,-67.44242858886719,-69.47319793701172,1
Most shoes weren't there disappearing.,There weren't most shoes disappearing.,semantics,quantifiers,existential_there_quantifiers_2,True,False,False,False,879,-42.410377502441406,-45.60589599609375,1
Every gate isn't there falling.,There isn't every gate falling.,semantics,quantifiers,existential_there_quantifiers_2,True,False,False,False,880,-40.33668899536133,-40.89942932128906,1
Every show about the Clintons isn't there scaring the teachers.,There isn't every show about the Clintons scaring the teachers.,semantics,quantifiers,existential_there_quantifiers_2,True,False,False,False,881,-79.24114990234375,-74.9272232055664,0
Each shirt was there boring Linda.,There was each shirt boring Linda.,semantics,quantifiers,existential_there_quantifiers_2,True,False,False,False,882,-52.74671173095703,-55.583595275878906,1
Most grandfathers of every woman were there imagining Candice doesn't require Melissa to think about a lot of glasses.,There were most grandfathers of every woman imagining Candice doesn't require Melissa to think about a lot of glasses.,semantics,quantifiers,existential_there_quantifiers_2,True,False,False,False,883,-128.242431640625,-127.93609619140625,0
All grandsons of the patient weren't there wishing to salute.,There weren't all grandsons of the patient wishing to salute.,semantics,quantifiers,existential_there_quantifiers_2,True,False,False,False,884,-81.75094604492188,-76.42805480957031,0
All newspaper articles aren't there impressing Veronica.,There aren't all newspaper articles impressing Veronica.,semantics,quantifiers,existential_there_quantifiers_2,True,False,False,False,885,-62.64247131347656,-63.315093994140625,1
Each screen was there impressing Patricia.,There was each screen impressing Patricia.,semantics,quantifiers,existential_there_quantifiers_2,True,False,False,False,886,-56.85999298095703,-58.581275939941406,1
Every play wasn't there embarrassing Robert.,There wasn't every play embarrassing Robert.,semantics,quantifiers,existential_there_quantifiers_2,True,False,False,False,887,-53.416290283203125,-56.59010696411133,1
Most dresses weren't there confusing some waitress.,There weren't most dresses confusing some waitress.,semantics,quantifiers,existential_there_quantifiers_2,True,False,False,False,888,-62.6776237487793,-67.3493881225586,1
All legislatures are there pressing Ann to mess up that library.,There are all legislatures pressing Ann to mess up that library.,semantics,quantifiers,existential_there_quantifiers_2,True,False,False,False,889,-89.09902954101562,-87.1767807006836,0
All rabbits were there falling.,There were all rabbits falling.,semantics,quantifiers,existential_there_quantifiers_2,True,False,False,False,890,-37.62225341796875,-34.751129150390625,0
All public parks are there alarming Jane.,There are all public parks alarming Jane.,semantics,quantifiers,existential_there_quantifiers_2,True,False,False,False,891,-60.76057434082031,-57.734100341796875,0
Each eye wasn't there shutting.,There wasn't each eye shutting.,semantics,quantifiers,existential_there_quantifiers_2,True,False,False,False,892,-45.51619338989258,-47.45667266845703,1
Every niece of Beth is there looking like some drawings.,There is every niece of Beth looking like some drawings.,semantics,quantifiers,existential_there_quantifiers_2,True,False,False,False,893,-64.94808959960938,-69.96243286132812,1
All cafes are there appearing.,There are all cafes appearing.,semantics,quantifiers,existential_there_quantifiers_2,True,False,False,False,894,-36.92314147949219,-34.26701354980469,0
Each popsicle is there hurting Roger.,There is each popsicle hurting Roger.,semantics,quantifiers,existential_there_quantifiers_2,True,False,False,False,895,-54.819480895996094,-58.5201530456543,1
Each popsicle isn't there evaporating.,There isn't each popsicle evaporating.,semantics,quantifiers,existential_there_quantifiers_2,True,False,False,False,896,-49.563716888427734,-53.73939514160156,1
Every mall isn't there falling.,There isn't every mall falling.,semantics,quantifiers,existential_there_quantifiers_2,True,False,False,False,897,-42.27263641357422,-42.402793884277344,1
All tomatoes are there appearing.,There are all tomatoes appearing.,semantics,quantifiers,existential_there_quantifiers_2,True,False,False,False,898,-35.79512023925781,-34.708892822265625,0
Most pictures are there falling.,There are most pictures falling.,semantics,quantifiers,existential_there_quantifiers_2,True,False,False,False,899,-33.555660247802734,-32.65509033203125,0
Every hospital wasn't there protesting.,There wasn't every hospital protesting.,semantics,quantifiers,existential_there_quantifiers_2,True,False,False,False,900,-42.111289978027344,-42.47270965576172,1
Every movie theater wasn't there impressing a man.,There wasn't every movie theater impressing a man.,semantics,quantifiers,existential_there_quantifiers_2,True,False,False,False,901,-58.880149841308594,-60.85195541381836,1
Each truck was there boring Dana.,There was each truck boring Dana.,semantics,quantifiers,existential_there_quantifiers_2,True,False,False,False,902,-52.65768814086914,-53.84140396118164,1
All jackets were there looking like that drawing.,There were all jackets looking like that drawing.,semantics,quantifiers,existential_there_quantifiers_2,True,False,False,False,903,-53.74456024169922,-50.658966064453125,0
Every essay about Winston Churchill was there confusing Stephen.,There was every essay about Winston Churchill confusing Stephen.,semantics,quantifiers,existential_there_quantifiers_2,True,False,False,False,904,-69.1240463256836,-68.33021545410156,0
All cups weren't there scaring Robert.,There weren't all cups scaring Robert.,semantics,quantifiers,existential_there_quantifiers_2,True,False,False,False,905,-63.989227294921875,-61.619712829589844,0
All closets weren't there embarrassing Leslie.,There weren't all closets embarrassing Leslie.,semantics,quantifiers,existential_there_quantifiers_2,True,False,False,False,906,-59.75456619262695,-59.4244384765625,0
Each pie isn't there confusing Bruce.,There isn't each pie confusing Bruce.,semantics,quantifiers,existential_there_quantifiers_2,True,False,False,False,907,-52.08916473388672,-57.30403518676758,1
Most drivers were there lying.,There were most drivers lying.,semantics,quantifiers,existential_there_quantifiers_2,True,False,False,False,908,-34.75600051879883,-37.3610725402832,1
Every father of Anne wasn't there thinking about who discovers who is scratching.,There wasn't every father of Anne thinking about who discovers who is scratching.,semantics,quantifiers,existential_there_quantifiers_2,True,False,False,False,909,-90.71685791015625,-91.4652099609375,1
All scarves weren't there folding.,There weren't all scarves folding.,semantics,quantifiers,existential_there_quantifiers_2,True,False,False,False,910,-46.123809814453125,-45.775856018066406,0
All books about science weren't there confusing Brenda.,There weren't all books about science confusing Brenda.,semantics,quantifiers,existential_there_quantifiers_2,True,False,False,False,911,-72.07322692871094,-64.07476043701172,0
Each play about Spain is there aggravating the boys.,There is each play about Spain aggravating the boys.,semantics,quantifiers,existential_there_quantifiers_2,True,False,False,False,912,-67.44403839111328,-69.16471862792969,1
Every mountain was there confusing Tamara.,There was every mountain confusing Tamara.,semantics,quantifiers,existential_there_quantifiers_2,True,False,False,False,913,-54.19321823120117,-57.980506896972656,1
All commentaries about music weren't there alarming Joseph.,There weren't all commentaries about music alarming Joseph.,semantics,quantifiers,existential_there_quantifiers_2,True,False,False,False,914,-82.10748291015625,-74.4534912109375,0
Every rabbit was there distracting Kathleen.,There was every rabbit distracting Kathleen.,semantics,quantifiers,existential_there_quantifiers_2,True,False,False,False,915,-52.64115524291992,-54.62873077392578,1
Each cucumber wasn't there confusing Monica.,There wasn't each cucumber confusing Monica.,semantics,quantifiers,existential_there_quantifiers_2,True,False,False,False,916,-61.31586456298828,-62.831912994384766,1
Each banana isn't there scaring Lucille.,There isn't each banana scaring Lucille.,semantics,quantifiers,existential_there_quantifiers_2,True,False,False,False,917,-63.308128356933594,-63.641204833984375,1
All people were there enticing Bruce to train.,There were all people enticing Bruce to train.,semantics,quantifiers,existential_there_quantifiers_2,True,False,False,False,918,-61.62916946411133,-57.99766540527344,0
Most children were there boring Alicia.,There were most children boring Alicia.,semantics,quantifiers,existential_there_quantifiers_2,True,False,False,False,919,-50.81645965576172,-50.4052619934082,0
Each muffin isn't there disgusting Jesus.,There isn't each muffin disgusting Jesus.,semantics,quantifiers,existential_there_quantifiers_2,True,False,False,False,920,-57.060184478759766,-58.98811340332031,1
All eyes aren't there astounding some government.,There aren't all eyes astounding some government.,semantics,quantifiers,existential_there_quantifiers_2,True,False,False,False,921,-58.086814880371094,-63.47534942626953,1
Most birds weren't there shocking the association.,There weren't most birds shocking the association.,semantics,quantifiers,existential_there_quantifiers_2,True,False,False,False,922,-52.882938385009766,-57.97748565673828,1
Every documentary was there distracting Leslie.,There was every documentary distracting Leslie.,semantics,quantifiers,existential_there_quantifiers_2,True,False,False,False,923,-52.719566345214844,-53.66969680786133,1
Most skateboards weren't there scaring Naomi.,There weren't most skateboards scaring Naomi.,semantics,quantifiers,existential_there_quantifiers_2,True,False,False,False,924,-65.50022888183594,-69.38252258300781,1
Most granddaughters of Keith aren't there remembering who sways Tara's ex-wives to win.,There aren't most granddaughters of Keith remembering who sways Tara's ex-wives to win.,semantics,quantifiers,existential_there_quantifiers_2,True,False,False,False,925,-136.39239501953125,-135.5374298095703,0
Each dog is there irritating Patricia.,There is each dog irritating Patricia.,semantics,quantifiers,existential_there_quantifiers_2,True,False,False,False,926,-51.12195587158203,-50.088836669921875,0
Most malls weren't there disturbing the pedestrian.,There weren't most malls disturbing the pedestrian.,semantics,quantifiers,existential_there_quantifiers_2,True,False,False,False,927,-57.231529235839844,-60.54914474487305,1
All cats aren't there shocking Sarah.,There aren't all cats shocking Sarah.,semantics,quantifiers,existential_there_quantifiers_2,True,False,False,False,928,-54.94504928588867,-52.90801239013672,0
Most high schools are there upsetting Dawn.,There are most high schools upsetting Dawn.,semantics,quantifiers,existential_there_quantifiers_2,True,False,False,False,929,-53.402915954589844,-55.7754020690918,1
Every turtle wasn't there looking like that painting.,There wasn't every turtle looking like that painting.,semantics,quantifiers,existential_there_quantifiers_2,True,False,False,False,930,-62.374698638916016,-60.16225051879883,0
All dancers aren't there studying.,There aren't all dancers studying.,semantics,quantifiers,existential_there_quantifiers_2,True,False,False,False,931,-44.056758880615234,-41.38800048828125,0
Each adult is there entreating this granddaughter of this senator to change.,There is each adult entreating this granddaughter of this senator to change.,semantics,quantifiers,existential_there_quantifiers_2,True,False,False,False,932,-99.94853973388672,-95.55104064941406,0
All boys were there encouraging Catherine to like those peppers.,There were all boys encouraging Catherine to like those peppers.,semantics,quantifiers,existential_there_quantifiers_2,True,False,False,False,933,-77.10784149169922,-74.3626937866211,0
All grandfathers of the Impressionists weren't there prodding Sara's ex-girlfriends to leave Kathleen.,There weren't all grandfathers of the Impressionists prodding Sara's ex-girlfriends to leave Kathleen.,semantics,quantifiers,existential_there_quantifiers_2,True,False,False,False,934,-120.91529083251953,-119.31853485107422,0
All companies aren't there obligating Charles's guest to exist.,There aren't all companies obligating Charles's guest to exist.,semantics,quantifiers,existential_there_quantifiers_2,True,False,False,False,935,-86.83714294433594,-83.18827819824219,0
Most restaurants are there shocking Phillip.,There are most restaurants shocking Phillip.,semantics,quantifiers,existential_there_quantifiers_2,True,False,False,False,936,-50.86309814453125,-54.88951110839844,1
Every pedestrian is there hiring Sarah.,There is every pedestrian hiring Sarah.,semantics,quantifiers,existential_there_quantifiers_2,True,False,False,False,937,-52.57212829589844,-54.39579772949219,1
Each bicycle isn't there disgusting Jerry.,There isn't each bicycle disgusting Jerry.,semantics,quantifiers,existential_there_quantifiers_2,True,False,False,False,938,-54.188682556152344,-61.37354278564453,1
Most organizations aren't there managing to conspire.,There aren't most organizations managing to conspire.,semantics,quantifiers,existential_there_quantifiers_2,True,False,False,False,939,-58.377662658691406,-61.51542282104492,1
Each face was there boring Natalie.,There was each face boring Natalie.,semantics,quantifiers,existential_there_quantifiers_2,True,False,False,False,940,-50.939002990722656,-51.77927017211914,1
Each river wasn't there alarming Danielle.,There wasn't each river alarming Danielle.,semantics,quantifiers,existential_there_quantifiers_2,True,False,False,False,941,-60.65756607055664,-66.85023498535156,1
Every painting of Stephanie is there disappearing.,There is every painting of Stephanie disappearing.,semantics,quantifiers,existential_there_quantifiers_2,True,False,False,False,942,-53.28041076660156,-54.532920837402344,1
Most doctors are there kissing Amelia.,There are most doctors kissing Amelia.,semantics,quantifiers,existential_there_quantifiers_2,True,False,False,False,943,-47.303443908691406,-47.76570129394531,1
Each school isn't there seeming to complain.,There isn't each school seeming to complain.,semantics,quantifiers,existential_there_quantifiers_2,True,False,False,False,944,-45.92778778076172,-50.30164337158203,1
All mountains weren't there upsetting a company.,There weren't all mountains upsetting a company.,semantics,quantifiers,existential_there_quantifiers_2,True,False,False,False,945,-54.42140579223633,-55.66160583496094,1
Every shirt was there disgusting this teenager.,There was every shirt disgusting this teenager.,semantics,quantifiers,existential_there_quantifiers_2,True,False,False,False,946,-57.14636993408203,-59.065887451171875,1
All gates are there falling.,There are all gates falling.,semantics,quantifiers,existential_there_quantifiers_2,True,False,False,False,947,-34.5064811706543,-32.18537902832031,0
Every print was there stunning Danielle.,There was every print stunning Danielle.,semantics,quantifiers,existential_there_quantifiers_2,True,False,False,False,948,-53.499755859375,-54.033897399902344,1
Each horse wasn't there looking like this sketch.,There wasn't each horse looking like this sketch.,semantics,quantifiers,existential_there_quantifiers_2,True,False,False,False,949,-57.077423095703125,-56.97880935668945,0
Each book is there worrying a hospital.,There is each book worrying a hospital.,semantics,quantifiers,existential_there_quantifiers_2,True,False,False,False,950,-47.48944854736328,-52.109615325927734,1
Most guys are there learning who exists.,There are most guys learning who exists.,semantics,quantifiers,existential_there_quantifiers_2,True,False,False,False,951,-48.36048126220703,-50.77864074707031,1
All nephews of these ladies weren't there bothering Dawn.,There weren't all nephews of these ladies bothering Dawn.,semantics,quantifiers,existential_there_quantifiers_2,True,False,False,False,952,-72.80338287353516,-74.73008728027344,1
Each cat was there annoying Frank.,There was each cat annoying Frank.,semantics,quantifiers,existential_there_quantifiers_2,True,False,False,False,953,-50.26701736450195,-50.9968376159668,1
All dresses weren't there unfolding.,There weren't all dresses unfolding.,semantics,quantifiers,existential_there_quantifiers_2,True,False,False,False,954,-45.70087814331055,-43.45549392700195,0
Every newspaper article wasn't there disappearing.,There wasn't every newspaper article disappearing.,semantics,quantifiers,existential_there_quantifiers_2,True,False,False,False,955,-54.01276397705078,-52.92658233642578,0
Every bird was there coming here.,There was every bird coming here.,semantics,quantifiers,existential_there_quantifiers_2,True,False,False,False,956,-37.500972747802734,-36.92974090576172,0
Most wheelbarrows weren't there slowing.,There weren't most wheelbarrows slowing.,semantics,quantifiers,existential_there_quantifiers_2,True,False,False,False,957,-54.8828010559082,-60.644588470458984,1
Each art gallery was there appearing.,There was each art gallery appearing.,semantics,quantifiers,existential_there_quantifiers_2,True,False,False,False,958,-41.01283264160156,-47.53227996826172,1
Most chairs were there stunning some school.,There were most chairs stunning some school.,semantics,quantifiers,existential_there_quantifiers_2,True,False,False,False,959,-55.863197326660156,-56.9809455871582,1
Most reports about politics were there disgusting Victoria.,There were most reports about politics disgusting Victoria.,semantics,quantifiers,existential_there_quantifiers_2,True,False,False,False,960,-69.7335205078125,-67.137451171875,0
All tomatoes are there annoying Christine.,There are all tomatoes annoying Christine.,semantics,quantifiers,existential_there_quantifiers_2,True,False,False,False,961,-48.41228485107422,-48.81690216064453,1
All teachers were there stretching.,There were all teachers stretching.,semantics,quantifiers,existential_there_quantifiers_2,True,False,False,False,962,-39.06883239746094,-35.06193161010742,0
Each actor isn't there arguing about Marla.,There isn't each actor arguing about Marla.,semantics,quantifiers,existential_there_quantifiers_2,True,False,False,False,963,-60.45952224731445,-63.310813903808594,1
All trucks aren't there turning.,There aren't all trucks turning.,semantics,quantifiers,existential_there_quantifiers_2,True,False,False,False,964,-40.834228515625,-40.32594299316406,0
Each box is there falling.,There is each box falling.,semantics,quantifiers,existential_there_quantifiers_2,True,False,False,False,965,-34.034996032714844,-35.2318115234375,1
Every fish isn't there disgusting some teenagers.,There isn't every fish disgusting some teenagers.,semantics,quantifiers,existential_there_quantifiers_2,True,False,False,False,966,-57.31369400024414,-56.739864349365234,0
Most grandsons of Candice aren't there yelling.,There aren't most grandsons of Candice yelling.,semantics,quantifiers,existential_there_quantifiers_2,True,False,False,False,967,-71.74769592285156,-70.26334381103516,0
All pedestrians are there winning.,There are all pedestrians winning.,semantics,quantifiers,existential_there_quantifiers_2,True,False,False,False,968,-37.8714485168457,-35.48793029785156,0
Every report about music was there alarming Jacqueline.,There was every report about music alarming Jacqueline.,semantics,quantifiers,existential_there_quantifiers_2,True,False,False,False,969,-73.92596435546875,-74.56298828125,1
Most shawls aren't there alarming the hospital.,There aren't most shawls alarming the hospital.,semantics,quantifiers,existential_there_quantifiers_2,True,False,False,False,970,-64.55152893066406,-66.41778564453125,1
Every candle isn't there confusing Colleen.,There isn't every candle confusing Colleen.,semantics,quantifiers,existential_there_quantifiers_2,True,False,False,False,971,-56.376216888427734,-58.13768005371094,1
Every newspaper article isn't there stunning Jason.,There isn't every newspaper article stunning Jason.,semantics,quantifiers,existential_there_quantifiers_2,True,False,False,False,972,-64.21871948242188,-62.88348388671875,0
All men weren't there questioning Samuel.,There weren't all men questioning Samuel.,semantics,quantifiers,existential_there_quantifiers_2,True,False,False,False,973,-51.27484893798828,-49.12298583984375,0
All hills weren't there hurting Marla.,There weren't all hills hurting Marla.,semantics,quantifiers,existential_there_quantifiers_2,True,False,False,False,974,-55.55545425415039,-59.05524444580078,1
All projectors weren't there confusing all waitresses.,There weren't all projectors confusing all waitresses.,semantics,quantifiers,existential_there_quantifiers_2,True,False,False,False,975,-73.39042663574219,-68.39837646484375,0
All high schools are there falling.,There are all high schools falling.,semantics,quantifiers,existential_there_quantifiers_2,True,False,False,False,976,-37.96442413330078,-34.25303649902344,0
Each dress isn't there wrinkling.,There isn't each dress wrinkling.,semantics,quantifiers,existential_there_quantifiers_2,True,False,False,False,977,-44.331031799316406,-47.60713195800781,1
Each skateboard was there shocking Mary.,There was each skateboard shocking Mary.,semantics,quantifiers,existential_there_quantifiers_2,True,False,False,False,978,-55.34184265136719,-59.46460723876953,1
Every cart isn't there looking like every photograph.,There isn't every cart looking like every photograph.,semantics,quantifiers,existential_there_quantifiers_2,True,False,False,False,979,-57.42243957519531,-62.11110305786133,1
All reports weren't there alarming Paula.,There weren't all reports alarming Paula.,semantics,quantifiers,existential_there_quantifiers_2,True,False,False,False,980,-61.95966339111328,-59.324440002441406,0
Every painting of Melanie was there looking like a lot of drawings.,There was every painting of Melanie looking like a lot of drawings.,semantics,quantifiers,existential_there_quantifiers_2,True,False,False,False,981,-64.88041687011719,-69.23480987548828,1
Each couch isn't there wasting away.,There isn't each couch wasting away.,semantics,quantifiers,existential_there_quantifiers_2,True,False,False,False,982,-44.3658447265625,-48.922603607177734,1
Every child was there revealing who sells most skirts.,There was every child revealing who sells most skirts.,semantics,quantifiers,existential_there_quantifiers_2,True,False,False,False,983,-75.32855224609375,-73.43728637695312,0
Each movie about art isn't there annoying Joel.,There isn't each movie about art annoying Joel.,semantics,quantifiers,existential_there_quantifiers_2,True,False,False,False,984,-64.88014221191406,-66.4969253540039,1
Each cashier wasn't there alarming Thomas.,There wasn't each cashier alarming Thomas.,semantics,quantifiers,existential_there_quantifiers_2,True,False,False,False,985,-64.54769134521484,-63.05536651611328,0
Most lights were there darkening.,There were most lights darkening.,semantics,quantifiers,existential_there_quantifiers_2,True,False,False,False,986,-42.49097442626953,-42.754756927490234,1
Most steps aren't there worrying all universities.,There aren't most steps worrying all universities.,semantics,quantifiers,existential_there_quantifiers_2,True,False,False,False,987,-53.14879608154297,-62.92296600341797,1
Each story was there impressing Rhonda.,There was each story impressing Rhonda.,semantics,quantifiers,existential_there_quantifiers_2,True,False,False,False,988,-56.76005554199219,-59.80411148071289,1
Most daughters of Jill aren't there buying those bikes.,There aren't most daughters of Jill buying those bikes.,semantics,quantifiers,existential_there_quantifiers_2,True,False,False,False,989,-71.57630920410156,-76.33767700195312,1
All glaciers are there disturbing that girl.,There are all glaciers disturbing that girl.,semantics,quantifiers,existential_there_quantifiers_2,True,False,False,False,990,-56.42003631591797,-54.388954162597656,0
All rivers were there vaporizing.,There were all rivers vaporizing.,semantics,quantifiers,existential_there_quantifiers_2,True,False,False,False,991,-42.46196746826172,-40.82459259033203,0
Each movie theater isn't there stunning Jason.,There isn't each movie theater stunning Jason.,semantics,quantifiers,existential_there_quantifiers_2,True,False,False,False,992,-59.42799377441406,-59.95103454589844,1
Most shows about literature are there boring Christina.,There are most shows about literature boring Christina.,semantics,quantifiers,existential_there_quantifiers_2,True,False,False,False,993,-70.85525512695312,-66.65043640136719,0
Each popsicle wasn't there upsetting Kristin.,There wasn't each popsicle upsetting Kristin.,semantics,quantifiers,existential_there_quantifiers_2,True,False,False,False,994,-68.67759704589844,-74.08302307128906,1
Most pictures were there looking like those photographs.,There were most pictures looking like those photographs.,semantics,quantifiers,existential_there_quantifiers_2,True,False,False,False,995,-43.64885711669922,-47.677101135253906,1
Every library isn't there falling.,There isn't every library falling.,semantics,quantifiers,existential_there_quantifiers_2,True,False,False,False,996,-41.05859375,-44.94688415527344,1
Most ladders aren't there irritating some dancer.,There aren't most ladders irritating some dancer.,semantics,quantifiers,existential_there_quantifiers_2,True,False,False,False,997,-64.54724884033203,-65.81351470947266,1
Most vases aren't there wasting away.,There aren't most vases wasting away.,semantics,quantifiers,existential_there_quantifiers_2,True,False,False,False,998,-44.91417694091797,-49.2913818359375,1
Most actors aren't there wearing this shoe.,There aren't most actors wearing this shoe.,semantics,quantifiers,existential_there_quantifiers_2,True,False,False,False,999,-45.07661819458008,-45.27695846557617,1
