sentence_good,sentence_bad,field,linguistics_term,UID,simple_LM_method,one_prefix_method,two_prefix_method,lexically_identical,pair_id,good_prob,bad_prob,correct
Those radii have scared that teenager.,Those radii has scared that teenager.,morphology,subject_verb_agreement,irregular_plural_subject_verb_agreement_1,True,True,False,False,0,-56.16173553466797,-55.0738525390625,0
This goose isn't bothering Edward.,This goose weren't bothering Edward.,morphology,subject_verb_agreement,irregular_plural_subject_verb_agreement_1,True,True,False,False,1,-43.159812927246094,-46.108402252197266,1
The axes haven't stunned that teenager.,The axes hasn't stunned that teenager.,morphology,subject_verb_agreement,irregular_plural_subject_verb_agreement_1,True,True,False,False,2,-53.362823486328125,-54.611419677734375,1
The radius is boring Carla.,The radius were boring Carla.,morphology,subject_verb_agreement,irregular_plural_subject_verb_agreement_1,True,True,False,False,3,-47.421817779541016,-48.46369171142578,1
All hypotheses have hurt Beth.,All hypotheses has hurt Beth.,morphology,subject_verb_agreement,irregular_plural_subject_verb_agreement_1,True,True,False,False,4,-42.136985778808594,-42.170013427734375,1
That woman isn't irritating Dennis.,That woman weren't irritating Dennis.,morphology,subject_verb_agreement,irregular_plural_subject_verb_agreement_1,True,True,False,False,5,-43.660850524902344,-46.158660888671875,1
An alumnus doubts every sweater flattens.,An alumnus doubt every sweater flattens.,morphology,subject_verb_agreement,irregular_plural_subject_verb_agreement_1,True,True,False,False,6,-81.13513946533203,-77.66395568847656,0
The people weren't boycotting those mountains.,The people isn't boycotting those mountains.,morphology,subject_verb_agreement,irregular_plural_subject_verb_agreement_1,True,True,False,False,7,-58.454673767089844,-56.502235412597656,0
These hypotheses embarrass Dennis.,These hypotheses embarrasses Dennis.,morphology,subject_verb_agreement,irregular_plural_subject_verb_agreement_1,True,True,False,False,8,-40.07488250732422,-47.34722900390625,1
Men have compromised.,Men has compromised.,morphology,subject_verb_agreement,irregular_plural_subject_verb_agreement_1,True,True,False,False,9,-20.99325180053711,-20.965103149414062,0
All radii weren't upsetting every bank.,All radii wasn't upsetting every bank.,morphology,subject_verb_agreement,irregular_plural_subject_verb_agreement_1,True,True,False,False,10,-62.07146453857422,-61.17483139038086,0
Some parentheses scare these adults.,Some parentheses scares these adults.,morphology,subject_verb_agreement,irregular_plural_subject_verb_agreement_1,True,True,False,False,11,-43.33433532714844,-44.96568298339844,1
Some analyses weren't astounding this actress.,Some analyses wasn't astounding this actress.,morphology,subject_verb_agreement,irregular_plural_subject_verb_agreement_1,True,True,False,False,12,-56.757015228271484,-55.34131622314453,0
Many people have hidden away.,Many people has hidden away.,morphology,subject_verb_agreement,irregular_plural_subject_verb_agreement_1,True,True,False,False,13,-28.03775405883789,-29.02914810180664,1
Mice are hurting a waiter.,Mice was hurting a waiter.,morphology,subject_verb_agreement,irregular_plural_subject_verb_agreement_1,True,True,False,False,14,-43.71900939941406,-42.86311340332031,0
Hypotheses haven't astounded this hospital.,Hypotheses hasn't astounded this hospital.,morphology,subject_verb_agreement,irregular_plural_subject_verb_agreement_1,True,True,False,False,15,-67.10208892822266,-67.65668487548828,1
A lot of men have laughed.,A lot of men has laughed.,morphology,subject_verb_agreement,irregular_plural_subject_verb_agreement_1,True,True,False,False,16,-34.54861831665039,-34.34958267211914,0
A diagnosis isn't worrying Frank.,A diagnosis aren't worrying Frank.,morphology,subject_verb_agreement,irregular_plural_subject_verb_agreement_1,True,True,False,False,17,-43.77751541137695,-45.329559326171875,1
Many hypotheses astound Elizabeth.,Many hypotheses astounds Elizabeth.,morphology,subject_verb_agreement,irregular_plural_subject_verb_agreement_1,True,True,False,False,18,-46.54924011230469,-48.349395751953125,1
An ox isn't climbing up those steps.,An ox aren't climbing up those steps.,morphology,subject_verb_agreement,irregular_plural_subject_verb_agreement_1,True,True,False,False,19,-50.96837615966797,-52.76308822631836,1
Most women are hiding the shirts.,Most women is hiding the shirts.,morphology,subject_verb_agreement,irregular_plural_subject_verb_agreement_1,True,True,False,False,20,-37.8984375,-36.967613220214844,0
This woman hasn't dropped by the glacier.,This woman haven't dropped by the glacier.,morphology,subject_verb_agreement,irregular_plural_subject_verb_agreement_1,True,True,False,False,21,-45.713409423828125,-46.623138427734375,1
This diagnosis alarms a lot of governments.,This diagnosis alarm a lot of governments.,morphology,subject_verb_agreement,irregular_plural_subject_verb_agreement_1,True,True,False,False,22,-51.061737060546875,-50.71428298950195,0
The alumni aren't finding many bikes.,The alumni isn't finding many bikes.,morphology,subject_verb_agreement,irregular_plural_subject_verb_agreement_1,True,True,False,False,23,-53.02436828613281,-52.27208709716797,0
These media haven't embarrassed William.,These media hasn't embarrassed William.,morphology,subject_verb_agreement,irregular_plural_subject_verb_agreement_1,True,True,False,False,24,-47.007591247558594,-47.4160270690918,1
Some crises aren't astounding Michelle.,Some crises isn't astounding Michelle.,morphology,subject_verb_agreement,irregular_plural_subject_verb_agreement_1,True,True,False,False,25,-50.53059387207031,-48.68666076660156,0
Those mice haven't vanished.,Those mice hasn't vanished.,morphology,subject_verb_agreement,irregular_plural_subject_verb_agreement_1,True,True,False,False,26,-34.18057632446289,-34.24654769897461,1
Those crises annoy Holly.,Those crises annoys Holly.,morphology,subject_verb_agreement,irregular_plural_subject_verb_agreement_1,True,True,False,False,27,-40.286231994628906,-45.725425720214844,1
The octopi have distracted Barbara.,The octopi has distracted Barbara.,morphology,subject_verb_agreement,irregular_plural_subject_verb_agreement_1,True,True,False,False,28,-56.11906051635742,-54.787105560302734,0
All children haven't insulted Suzanne.,All children hasn't insulted Suzanne.,morphology,subject_verb_agreement,irregular_plural_subject_verb_agreement_1,True,True,False,False,29,-46.0230712890625,-46.78129577636719,1
Some radii are aggravating waiters.,Some radii was aggravating waiters.,morphology,subject_verb_agreement,irregular_plural_subject_verb_agreement_1,True,True,False,False,30,-67.07636260986328,-66.0394058227539,0
A lot of children cough.,A lot of children coughs.,morphology,subject_verb_agreement,irregular_plural_subject_verb_agreement_1,True,True,False,False,31,-31.56844711303711,-34.447731018066406,1
A lot of synopses haven't looked to tighten.,A lot of synopses hasn't looked to tighten.,morphology,subject_verb_agreement,irregular_plural_subject_verb_agreement_1,True,True,False,False,32,-76.85395812988281,-77.98797607421875,1
The ox hasn't distracted Dan.,The ox haven't distracted Dan.,morphology,subject_verb_agreement,irregular_plural_subject_verb_agreement_1,True,True,False,False,33,-48.53687286376953,-47.41748809814453,0
A parenthesis annoys Clyde.,A parenthesis annoy Clyde.,morphology,subject_verb_agreement,irregular_plural_subject_verb_agreement_1,True,True,False,False,34,-57.248390197753906,-50.62443542480469,0
Some analysis is failing to hide some pants.,Some analysis were failing to hide some pants.,morphology,subject_verb_agreement,irregular_plural_subject_verb_agreement_1,True,True,False,False,35,-54.23041915893555,-54.93581008911133,1
This hypothesis confuses Florence.,This hypothesis confuse Florence.,morphology,subject_verb_agreement,irregular_plural_subject_verb_agreement_1,True,True,False,False,36,-46.53547286987305,-39.02785873413086,0
Every ox aggravates Carlos.,Every ox aggravate Carlos.,morphology,subject_verb_agreement,irregular_plural_subject_verb_agreement_1,True,True,False,False,37,-46.96504592895508,-44.98480987548828,0
This goose disappears.,This goose disappear.,morphology,subject_verb_agreement,irregular_plural_subject_verb_agreement_1,True,True,False,False,38,-26.370697021484375,-24.88473892211914,0
A lot of bases haven't upset Anne.,A lot of bases hasn't upset Anne.,morphology,subject_verb_agreement,irregular_plural_subject_verb_agreement_1,True,True,False,False,39,-53.9339485168457,-54.53611373901367,1
The hypothesis has shocked Margaret.,The hypothesis have shocked Margaret.,morphology,subject_verb_agreement,irregular_plural_subject_verb_agreement_1,True,True,False,False,40,-42.03343200683594,-43.21111297607422,1
A lot of lice haven't found restaurants.,A lot of lice hasn't found restaurants.,morphology,subject_verb_agreement,irregular_plural_subject_verb_agreement_1,True,True,False,False,41,-58.25813293457031,-58.84259033203125,1
Feet haven't worried Angela.,Feet hasn't worried Angela.,morphology,subject_verb_agreement,irregular_plural_subject_verb_agreement_1,True,True,False,False,42,-40.818607330322266,-40.86760330200195,1
Every cactus has fallen.,Every cactus have fallen.,morphology,subject_verb_agreement,irregular_plural_subject_verb_agreement_1,True,True,False,False,43,-36.273406982421875,-36.925132751464844,1
A paralysis has annoyed Raymond.,A paralysis have annoyed Raymond.,morphology,subject_verb_agreement,irregular_plural_subject_verb_agreement_1,True,True,False,False,44,-44.47960662841797,-45.765113830566406,1
Many teeth were confusing Sabrina.,Many teeth was confusing Sabrina.,morphology,subject_verb_agreement,irregular_plural_subject_verb_agreement_1,True,True,False,False,45,-53.1654167175293,-53.200828552246094,1
Every crisis wasn't distracting Omar.,Every crisis aren't distracting Omar.,morphology,subject_verb_agreement,irregular_plural_subject_verb_agreement_1,True,True,False,False,46,-49.19340515136719,-51.79684829711914,1
Many phenomena weren't scaring Ann.,Many phenomena wasn't scaring Ann.,morphology,subject_verb_agreement,irregular_plural_subject_verb_agreement_1,True,True,False,False,47,-53.71941375732422,-52.24272918701172,0
This person prevents Kimberley from stunning Emily.,This person prevent Kimberley from stunning Emily.,morphology,subject_verb_agreement,irregular_plural_subject_verb_agreement_1,True,True,False,False,48,-74.38253784179688,-73.48431396484375,0
Some geese aren't disappearing.,Some geese wasn't disappearing.,morphology,subject_verb_agreement,irregular_plural_subject_verb_agreement_1,True,True,False,False,49,-44.08732604980469,-43.914527893066406,0
All oases have distracted a lot of cashiers.,All oases has distracted a lot of cashiers.,morphology,subject_verb_agreement,irregular_plural_subject_verb_agreement_1,True,True,False,False,50,-68.05101013183594,-68.13896179199219,1
These oxen descend this hill.,These oxen descends this hill.,morphology,subject_verb_agreement,irregular_plural_subject_verb_agreement_1,True,True,False,False,51,-46.19739532470703,-54.29952621459961,1
Every tooth shatters.,Every tooth shatter.,morphology,subject_verb_agreement,irregular_plural_subject_verb_agreement_1,True,True,False,False,52,-32.54972839355469,-25.146839141845703,0
The fungi exist.,The fungi exists.,morphology,subject_verb_agreement,irregular_plural_subject_verb_agreement_1,True,True,False,False,53,-26.273483276367188,-25.95330810546875,0
The stimuli distract Jill.,The stimuli distracts Jill.,morphology,subject_verb_agreement,irregular_plural_subject_verb_agreement_1,True,True,False,False,54,-40.033050537109375,-46.92543029785156,1
This man disappears.,This man disappear.,morphology,subject_verb_agreement,irregular_plural_subject_verb_agreement_1,True,True,False,False,55,-22.92522430419922,-21.539459228515625,0
All oxen aren't falling asleep.,All oxen wasn't falling asleep.,morphology,subject_verb_agreement,irregular_plural_subject_verb_agreement_1,True,True,False,False,56,-47.49949264526367,-47.591102600097656,1
Most stimuli are appearing.,Most stimuli was appearing.,morphology,subject_verb_agreement,irregular_plural_subject_verb_agreement_1,True,True,False,False,57,-32.3980712890625,-32.06660079956055,0
This louse hasn't shocked Catherine.,This louse haven't shocked Catherine.,morphology,subject_verb_agreement,irregular_plural_subject_verb_agreement_1,True,True,False,False,58,-53.96455383300781,-53.76334762573242,0
Syntheses have alarmed Kimberley.,Syntheses has alarmed Kimberley.,morphology,subject_verb_agreement,irregular_plural_subject_verb_agreement_1,True,True,False,False,59,-64.24957275390625,-62.242713928222656,0
Those oxen aren't boring Cheryl.,Those oxen wasn't boring Cheryl.,morphology,subject_verb_agreement,irregular_plural_subject_verb_agreement_1,True,True,False,False,60,-54.18150329589844,-54.582725524902344,1
These crises haven't alarmed Sandra.,These crises hasn't alarmed Sandra.,morphology,subject_verb_agreement,irregular_plural_subject_verb_agreement_1,True,True,False,False,61,-51.68609619140625,-51.93498229980469,1
The cacti aggravate Stephanie.,The cacti aggravates Stephanie.,morphology,subject_verb_agreement,irregular_plural_subject_verb_agreement_1,True,True,False,False,62,-59.10818862915039,-60.99330139160156,1
Some octopus hasn't climbed up most stairs.,Some octopus haven't climbed up most stairs.,morphology,subject_verb_agreement,irregular_plural_subject_verb_agreement_1,True,True,False,False,63,-64.8243637084961,-64.41598510742188,0
Those fungi are scaring Naomi.,Those fungi is scaring Naomi.,morphology,subject_verb_agreement,irregular_plural_subject_verb_agreement_1,True,True,False,False,64,-51.899471282958984,-50.562042236328125,0
Many phenomena are boring those students.,Many phenomena is boring those students.,morphology,subject_verb_agreement,irregular_plural_subject_verb_agreement_1,True,True,False,False,65,-46.80980682373047,-46.73292541503906,0
Those cacti were aggravating the library.,Those cacti is aggravating the library.,morphology,subject_verb_agreement,irregular_plural_subject_verb_agreement_1,True,True,False,False,66,-62.63074493408203,-60.271461486816406,0
An alumnus isn't swallowing.,An alumnus aren't swallowing.,morphology,subject_verb_agreement,irregular_plural_subject_verb_agreement_1,True,True,False,False,67,-50.45851516723633,-52.17219543457031,1
The paralysis shocks Rachel.,The paralysis shock Rachel.,morphology,subject_verb_agreement,irregular_plural_subject_verb_agreement_1,True,True,False,False,68,-39.835323333740234,-37.72736358642578,0
The synthesis astounds Tiffany.,The synthesis astound Tiffany.,morphology,subject_verb_agreement,irregular_plural_subject_verb_agreement_1,True,True,False,False,69,-48.75756072998047,-47.24918746948242,0
The nuclei haven't stunned Samantha.,The nuclei hasn't stunned Samantha.,morphology,subject_verb_agreement,irregular_plural_subject_verb_agreement_1,True,True,False,False,70,-53.60590744018555,-56.48931884765625,1
A lot of teeth fall.,A lot of teeth falls.,morphology,subject_verb_agreement,irregular_plural_subject_verb_agreement_1,True,True,False,False,71,-31.8875675201416,-31.663436889648438,0
Most crises distract Cheryl.,Most crises distracts Cheryl.,morphology,subject_verb_agreement,irregular_plural_subject_verb_agreement_1,True,True,False,False,72,-43.33100891113281,-49.15333557128906,1
Most fungi have distracted Matt.,Most fungi has distracted Matt.,morphology,subject_verb_agreement,irregular_plural_subject_verb_agreement_1,True,True,False,False,73,-47.545860290527344,-45.44043731689453,0
Some synthesis isn't aggravating Robert.,Some synthesis weren't aggravating Robert.,morphology,subject_verb_agreement,irregular_plural_subject_verb_agreement_1,True,True,False,False,74,-54.62451171875,-56.75564193725586,1
That oasis bothers some association.,That oasis bother some association.,morphology,subject_verb_agreement,irregular_plural_subject_verb_agreement_1,True,True,False,False,75,-51.00112533569336,-50.105838775634766,0
This woman is embarrassing Benjamin.,This woman were embarrassing Benjamin.,morphology,subject_verb_agreement,irregular_plural_subject_verb_agreement_1,True,True,False,False,76,-37.21565246582031,-38.64460754394531,1
Many people hug Nina.,Many people hugs Nina.,morphology,subject_verb_agreement,irregular_plural_subject_verb_agreement_1,True,True,False,False,77,-31.62397003173828,-33.05329895019531,1
All synopses are preferring some blouses to unfold.,All synopses was preferring some blouses to unfold.,morphology,subject_verb_agreement,irregular_plural_subject_verb_agreement_1,True,True,False,False,78,-90.42427825927734,-90.89371490478516,1
The ellipsis was astounding Diane.,The ellipsis are astounding Diane.,morphology,subject_verb_agreement,irregular_plural_subject_verb_agreement_1,True,True,False,False,79,-62.9713249206543,-63.197479248046875,1
All diagnoses have bored Charles.,All diagnoses has bored Charles.,morphology,subject_verb_agreement,irregular_plural_subject_verb_agreement_1,True,True,False,False,80,-45.978057861328125,-44.758663177490234,0
A foot has worried Brett.,A foot have worried Brett.,morphology,subject_verb_agreement,irregular_plural_subject_verb_agreement_1,True,True,False,False,81,-39.355003356933594,-39.56955337524414,1
Some phenomena are aggravating Derek.,Some phenomena is aggravating Derek.,morphology,subject_verb_agreement,irregular_plural_subject_verb_agreement_1,True,True,False,False,82,-51.76072311401367,-51.665924072265625,0
This stimulus appears.,This stimulus appear.,morphology,subject_verb_agreement,irregular_plural_subject_verb_agreement_1,True,True,False,False,83,-25.649948120117188,-25.961532592773438,1
These men have stretched.,These men has stretched.,morphology,subject_verb_agreement,irregular_plural_subject_verb_agreement_1,True,True,False,False,84,-27.421634674072266,-27.969234466552734,1
A lot of fungi were impressing Eva.,A lot of fungi is impressing Eva.,morphology,subject_verb_agreement,irregular_plural_subject_verb_agreement_1,True,True,False,False,85,-60.98255157470703,-60.572330474853516,0
Some oxen have alarmed these boys.,Some oxen has alarmed these boys.,morphology,subject_verb_agreement,irregular_plural_subject_verb_agreement_1,True,True,False,False,86,-50.811363220214844,-51.480308532714844,1
These lice weren't falling asleep.,These lice wasn't falling asleep.,morphology,subject_verb_agreement,irregular_plural_subject_verb_agreement_1,True,True,False,False,87,-45.9916877746582,-45.00945281982422,0
The ellipses aren't upsetting an association.,The ellipses isn't upsetting an association.,morphology,subject_verb_agreement,irregular_plural_subject_verb_agreement_1,True,True,False,False,88,-69.1893081665039,-68.73682403564453,0
Every paralysis wasn't confusing Stacey.,Every paralysis weren't confusing Stacey.,morphology,subject_verb_agreement,irregular_plural_subject_verb_agreement_1,True,True,False,False,89,-57.87297058105469,-59.22753143310547,1
Many oases haven't vanished.,Many oases hasn't vanished.,morphology,subject_verb_agreement,irregular_plural_subject_verb_agreement_1,True,True,False,False,90,-41.206172943115234,-41.80206298828125,1
Every phenomenon confuses Grace.,Every phenomenon confuse Grace.,morphology,subject_verb_agreement,irregular_plural_subject_verb_agreement_1,True,True,False,False,91,-46.93919372558594,-40.06074523925781,0
Most women weren't arriving at a lot of schools.,Most women wasn't arriving at a lot of schools.,morphology,subject_verb_agreement,irregular_plural_subject_verb_agreement_1,True,True,False,False,92,-53.3000602722168,-51.092002868652344,0
Every crisis hasn't irritated Alan.,Every crisis haven't irritated Alan.,morphology,subject_verb_agreement,irregular_plural_subject_verb_agreement_1,True,True,False,False,93,-49.61001968383789,-48.82516098022461,0
Ellipses were impressing Tiffany.,Ellipses was impressing Tiffany.,morphology,subject_verb_agreement,irregular_plural_subject_verb_agreement_1,True,True,False,False,94,-58.358489990234375,-58.11717224121094,0
Some child writes.,Some child write.,morphology,subject_verb_agreement,irregular_plural_subject_verb_agreement_1,True,True,False,False,95,-21.19094467163086,-21.79729461669922,1
Every fungus wasn't confusing Harvard University.,Every fungus aren't confusing Harvard University.,morphology,subject_verb_agreement,irregular_plural_subject_verb_agreement_1,True,True,False,False,96,-57.65621566772461,-58.2966423034668,1
Some theses haven't failed to scorch.,Some theses hasn't failed to scorch.,morphology,subject_verb_agreement,irregular_plural_subject_verb_agreement_1,True,True,False,False,97,-61.11199951171875,-62.14288330078125,1
An ox has distracted some company.,An ox have distracted some company.,morphology,subject_verb_agreement,irregular_plural_subject_verb_agreement_1,True,True,False,False,98,-44.79737854003906,-46.31941223144531,1
This axis isn't astounding Walter.,This axis weren't astounding Walter.,morphology,subject_verb_agreement,irregular_plural_subject_verb_agreement_1,True,True,False,False,99,-47.74368667602539,-50.55853271484375,1
Teeth are bothering that museum.,Teeth is bothering that museum.,morphology,subject_verb_agreement,irregular_plural_subject_verb_agreement_1,True,True,False,False,100,-45.05705261230469,-44.853851318359375,0
These lice aren't disappearing.,These lice wasn't disappearing.,morphology,subject_verb_agreement,irregular_plural_subject_verb_agreement_1,True,True,False,False,101,-39.339599609375,-39.987125396728516,1
This ellipsis embarrasses Alexander.,This ellipsis embarrass Alexander.,morphology,subject_verb_agreement,irregular_plural_subject_verb_agreement_1,True,True,False,False,102,-63.54765701293945,-55.67151641845703,0
Every child hasn't biked to this hill.,Every child haven't biked to this hill.,morphology,subject_verb_agreement,irregular_plural_subject_verb_agreement_1,True,True,False,False,103,-57.94523620605469,-57.32379150390625,0
Many stimuli stun Frank.,Many stimuli stuns Frank.,morphology,subject_verb_agreement,irregular_plural_subject_verb_agreement_1,True,True,False,False,104,-39.922157287597656,-47.0716438293457,1
The ellipsis has embarrassed many women.,The ellipsis have embarrassed many women.,morphology,subject_verb_agreement,irregular_plural_subject_verb_agreement_1,True,True,False,False,105,-64.26029205322266,-65.7697525024414,1
An analysis insults Guy.,An analysis insult Guy.,morphology,subject_verb_agreement,irregular_plural_subject_verb_agreement_1,True,True,False,False,106,-38.72024917602539,-38.6973991394043,0
Crises were hurting Brian.,Crises is hurting Brian.,morphology,subject_verb_agreement,irregular_plural_subject_verb_agreement_1,True,True,False,False,107,-41.98572540283203,-38.683929443359375,0
The person hasn't compromised.,The person haven't compromised.,morphology,subject_verb_agreement,irregular_plural_subject_verb_agreement_1,True,True,False,False,108,-32.719261169433594,-32.048301696777344,0
Most stimuli were confusing the teachers.,Most stimuli was confusing the teachers.,morphology,subject_verb_agreement,irregular_plural_subject_verb_agreement_1,True,True,False,False,109,-46.37876510620117,-46.87800598144531,1
Some phenomena weren't aggravating Diana.,Some phenomena wasn't aggravating Diana.,morphology,subject_verb_agreement,irregular_plural_subject_verb_agreement_1,True,True,False,False,110,-56.8148078918457,-55.80271911621094,0
That mouse hasn't distracted a patient.,That mouse haven't distracted a patient.,morphology,subject_verb_agreement,irregular_plural_subject_verb_agreement_1,True,True,False,False,111,-46.73842239379883,-45.067840576171875,0
Most cacti embarrass that senator.,Most cacti embarrasses that senator.,morphology,subject_verb_agreement,irregular_plural_subject_verb_agreement_1,True,True,False,False,112,-56.345947265625,-62.56910705566406,1
This synthesis wasn't embarrassing Theresa.,This synthesis weren't embarrassing Theresa.,morphology,subject_verb_agreement,irregular_plural_subject_verb_agreement_1,True,True,False,False,113,-51.31369400024414,-52.975128173828125,1
Some radius aggravates Brad.,Some radius aggravate Brad.,morphology,subject_verb_agreement,irregular_plural_subject_verb_agreement_1,True,True,False,False,114,-48.18804168701172,-46.75490188598633,0
Every synopsis wasn't shocking Laurie.,Every synopsis weren't shocking Laurie.,morphology,subject_verb_agreement,irregular_plural_subject_verb_agreement_1,True,True,False,False,115,-51.76946258544922,-53.16571044921875,1
This alumnus isn't refusing to question Clyde.,This alumnus aren't refusing to question Clyde.,morphology,subject_verb_agreement,irregular_plural_subject_verb_agreement_1,True,True,False,False,116,-73.15208435058594,-74.83599853515625,1
This fungus hurts Katherine.,This fungus hurt Katherine.,morphology,subject_verb_agreement,irregular_plural_subject_verb_agreement_1,True,True,False,False,117,-40.105316162109375,-38.852787017822266,0
Every ox wasn't climbing down a lot of ladders.,Every ox weren't climbing down a lot of ladders.,morphology,subject_verb_agreement,irregular_plural_subject_verb_agreement_1,True,True,False,False,118,-64.62803649902344,-66.38551330566406,1
The people practice.,The people practices.,morphology,subject_verb_agreement,irregular_plural_subject_verb_agreement_1,True,True,False,False,119,-18.06107521057129,-19.981903076171875,1
Every alumnus paints.,Every alumnus paint.,morphology,subject_verb_agreement,irregular_plural_subject_verb_agreement_1,True,True,False,False,120,-40.956565856933594,-39.77619934082031,0
Some women ascertain the boy to learn.,Some women ascertains the boy to learn.,morphology,subject_verb_agreement,irregular_plural_subject_verb_agreement_1,True,True,False,False,121,-44.71457290649414,-57.2068977355957,1
That man was exiting a hill.,That man are exiting a hill.,morphology,subject_verb_agreement,irregular_plural_subject_verb_agreement_1,True,True,False,False,122,-40.246253967285156,-41.40107727050781,1
Some phenomenon disturbs Nina.,Some phenomenon disturb Nina.,morphology,subject_verb_agreement,irregular_plural_subject_verb_agreement_1,True,True,False,False,123,-48.98188400268555,-37.08998107910156,0
This louse was confusing the universities.,This louse were confusing the universities.,morphology,subject_verb_agreement,irregular_plural_subject_verb_agreement_1,True,True,False,False,124,-51.64747619628906,-52.378292083740234,1
Many nuclei have irritated Kimberley.,Many nuclei has irritated Kimberley.,morphology,subject_verb_agreement,irregular_plural_subject_verb_agreement_1,True,True,False,False,125,-60.7758674621582,-59.810203552246094,0
Every radius disturbs Jeffrey.,Every radius disturb Jeffrey.,morphology,subject_verb_agreement,irregular_plural_subject_verb_agreement_1,True,True,False,False,126,-51.10906219482422,-40.330650329589844,0
The phenomenon has impressed Kayla.,The phenomenon have impressed Kayla.,morphology,subject_verb_agreement,irregular_plural_subject_verb_agreement_1,True,True,False,False,127,-51.91263961791992,-52.765235900878906,1
Many hypotheses embarrass that guy.,Many hypotheses embarrasses that guy.,morphology,subject_verb_agreement,irregular_plural_subject_verb_agreement_1,True,True,False,False,128,-42.6970100402832,-49.49726867675781,1
Every stimulus wasn't looking like photographs.,Every stimulus weren't looking like photographs.,morphology,subject_verb_agreement,irregular_plural_subject_verb_agreement_1,True,True,False,False,129,-49.096717834472656,-50.773677825927734,1
Every alumnus hasn't sneezed.,Every alumnus haven't sneezed.,morphology,subject_verb_agreement,irregular_plural_subject_verb_agreement_1,True,True,False,False,130,-63.046112060546875,-61.995601654052734,0
A lot of axes have disturbed Debra.,A lot of axes has disturbed Debra.,morphology,subject_verb_agreement,irregular_plural_subject_verb_agreement_1,True,True,False,False,131,-60.85948181152344,-60.152095794677734,0
That diagnosis hasn't bored Colleen.,That diagnosis haven't bored Colleen.,morphology,subject_verb_agreement,irregular_plural_subject_verb_agreement_1,True,True,False,False,132,-59.415260314941406,-58.622196197509766,0
That nucleus isn't disappearing.,That nucleus aren't disappearing.,morphology,subject_verb_agreement,irregular_plural_subject_verb_agreement_1,True,True,False,False,133,-37.18221664428711,-38.165279388427734,1
A hypothesis hasn't shocked Beth.,A hypothesis haven't shocked Beth.,morphology,subject_verb_agreement,irregular_plural_subject_verb_agreement_1,True,True,False,False,134,-49.586673736572266,-48.34785461425781,0
The crisis was shocking Katherine.,The crisis are shocking Katherine.,morphology,subject_verb_agreement,irregular_plural_subject_verb_agreement_1,True,True,False,False,135,-42.535179138183594,-42.14033508300781,0
Some radius embarrasses Angela.,Some radius embarrass Angela.,morphology,subject_verb_agreement,irregular_plural_subject_verb_agreement_1,True,True,False,False,136,-47.40573501586914,-38.47338104248047,0
Some louse has aggravated these teenagers.,Some louse have aggravated these teenagers.,morphology,subject_verb_agreement,irregular_plural_subject_verb_agreement_1,True,True,False,False,137,-58.009334564208984,-57.93922805786133,0
These syntheses haven't disgusted Theodore.,These syntheses hasn't disgusted Theodore.,morphology,subject_verb_agreement,irregular_plural_subject_verb_agreement_1,True,True,False,False,138,-54.990196228027344,-56.01395797729492,1
This diagnosis isn't irritating Caroline.,This diagnosis aren't irritating Caroline.,morphology,subject_verb_agreement,irregular_plural_subject_verb_agreement_1,True,True,False,False,139,-47.54328536987305,-49.26476287841797,1
Every axis hasn't looked like most prints.,Every axis haven't looked like most prints.,morphology,subject_verb_agreement,irregular_plural_subject_verb_agreement_1,True,True,False,False,140,-55.59547424316406,-55.778038024902344,1
Most lice irritate Marla.,Most lice irritates Marla.,morphology,subject_verb_agreement,irregular_plural_subject_verb_agreement_1,True,True,False,False,141,-56.48863983154297,-58.66839599609375,1
That basis confuses Renee.,That basis confuse Renee.,morphology,subject_verb_agreement,irregular_plural_subject_verb_agreement_1,True,True,False,False,142,-54.73469924926758,-47.62126159667969,0
Those octopi have stunned Samantha.,Those octopi has stunned Samantha.,morphology,subject_verb_agreement,irregular_plural_subject_verb_agreement_1,True,True,False,False,143,-57.64611053466797,-57.475608825683594,0
The alumni have spun around.,The alumni has spun around.,morphology,subject_verb_agreement,irregular_plural_subject_verb_agreement_1,True,True,False,False,144,-39.858375549316406,-39.15010452270508,0
Those men oblige every bank to cooperate.,Those men obliges every bank to cooperate.,morphology,subject_verb_agreement,irregular_plural_subject_verb_agreement_1,True,True,False,False,145,-63.49820327758789,-62.37709045410156,0
Every child has fallen asleep.,Every child have fallen asleep.,morphology,subject_verb_agreement,irregular_plural_subject_verb_agreement_1,True,True,False,False,146,-31.426403045654297,-31.297536849975586,0
A diagnosis upsets Susan.,A diagnosis upset Susan.,morphology,subject_verb_agreement,irregular_plural_subject_verb_agreement_1,True,True,False,False,147,-47.86787414550781,-36.72711944580078,0
Many radii haven't irritated Dan.,Many radii hasn't irritated Dan.,morphology,subject_verb_agreement,irregular_plural_subject_verb_agreement_1,True,True,False,False,148,-57.340576171875,-58.34409713745117,1
Some oases have stunned Mark.,Some oases has stunned Mark.,morphology,subject_verb_agreement,irregular_plural_subject_verb_agreement_1,True,True,False,False,149,-48.46240234375,-49.14417266845703,1
Some person hasn't talked about a high school.,Some person haven't talked about a high school.,morphology,subject_verb_agreement,irregular_plural_subject_verb_agreement_1,True,True,False,False,150,-46.1630859375,-46.152008056640625,0
A lot of geese descend the hill.,A lot of geese descends the hill.,morphology,subject_verb_agreement,irregular_plural_subject_verb_agreement_1,True,True,False,False,151,-54.39324188232422,-63.57872009277344,1
This cactus bores Debra.,This cactus bore Debra.,morphology,subject_verb_agreement,irregular_plural_subject_verb_agreement_1,True,True,False,False,152,-59.340232849121094,-53.052978515625,0
That octopus stuns every association.,That octopus stun every association.,morphology,subject_verb_agreement,irregular_plural_subject_verb_agreement_1,True,True,False,False,153,-62.497459411621094,-56.89643096923828,0
The children have moved.,The children has moved.,morphology,subject_verb_agreement,irregular_plural_subject_verb_agreement_1,True,True,False,False,154,-23.593894958496094,-23.51803970336914,0
Most analyses haven't discovered Meredith to shock Harvard University.,Most analyses hasn't discovered Meredith to shock Harvard University.,morphology,subject_verb_agreement,irregular_plural_subject_verb_agreement_1,True,True,False,False,155,-86.09922790527344,-86.61680603027344,1
Every child has gone to this closet.,Every child have gone to this closet.,morphology,subject_verb_agreement,irregular_plural_subject_verb_agreement_1,True,True,False,False,156,-40.26408767700195,-40.4033317565918,1
These octopi are climbing up this ladder.,These octopi was climbing up this ladder.,morphology,subject_verb_agreement,irregular_plural_subject_verb_agreement_1,True,True,False,False,157,-60.135292053222656,-60.623870849609375,1
A lot of analyses haven't bothered to cook.,A lot of analyses hasn't bothered to cook.,morphology,subject_verb_agreement,irregular_plural_subject_verb_agreement_1,True,True,False,False,158,-56.77742385864258,-58.02341842651367,1
Many parentheses have embarrassed this woman.,Many parentheses has embarrassed this woman.,morphology,subject_verb_agreement,irregular_plural_subject_verb_agreement_1,True,True,False,False,159,-46.28459930419922,-45.95551300048828,0
A child considers a lot of associations to communicate.,A child consider a lot of associations to communicate.,morphology,subject_verb_agreement,irregular_plural_subject_verb_agreement_1,True,True,False,False,160,-58.448524475097656,-56.793373107910156,0
Every thesis wasn't predicting Jeffrey to hide Sharon.,Every thesis aren't predicting Jeffrey to hide Sharon.,morphology,subject_verb_agreement,irregular_plural_subject_verb_agreement_1,True,True,False,False,161,-79.16696166992188,-79.50680541992188,1
The crises aren't scaring many committees.,The crises isn't scaring many committees.,morphology,subject_verb_agreement,irregular_plural_subject_verb_agreement_1,True,True,False,False,162,-63.28412628173828,-61.072086334228516,0
A paralysis distracts all teenagers.,A paralysis distract all teenagers.,morphology,subject_verb_agreement,irregular_plural_subject_verb_agreement_1,True,True,False,False,163,-54.799095153808594,-46.80664825439453,0
That child references Nicole.,That child reference Nicole.,morphology,subject_verb_agreement,irregular_plural_subject_verb_agreement_1,True,True,False,False,164,-35.547576904296875,-34.70116424560547,0
Feet are confusing every guy.,Feet was confusing every guy.,morphology,subject_verb_agreement,irregular_plural_subject_verb_agreement_1,True,True,False,False,165,-41.77204132080078,-40.83425521850586,0
Many fungi disappear.,Many fungi disappears.,morphology,subject_verb_agreement,irregular_plural_subject_verb_agreement_1,True,True,False,False,166,-28.041276931762695,-28.550060272216797,1
These axes weren't distracting Suzanne.,These axes isn't distracting Suzanne.,morphology,subject_verb_agreement,irregular_plural_subject_verb_agreement_1,True,True,False,False,167,-51.97825241088867,-49.35432434082031,0
Analyses persuade this cousin of Brad to exercise.,Analyses persuades this cousin of Brad to exercise.,morphology,subject_verb_agreement,irregular_plural_subject_verb_agreement_1,True,True,False,False,168,-74.27545166015625,-84.85211944580078,1
All radii haven't shocked Katherine.,All radii hasn't shocked Katherine.,morphology,subject_verb_agreement,irregular_plural_subject_verb_agreement_1,True,True,False,False,169,-58.667816162109375,-59.647884368896484,1
Some radius wasn't astounding April.,Some radius weren't astounding April.,morphology,subject_verb_agreement,irregular_plural_subject_verb_agreement_1,True,True,False,False,170,-49.23810958862305,-50.30638122558594,1
These synopses embarrass a lot of guests.,These synopses embarrasses a lot of guests.,morphology,subject_verb_agreement,irregular_plural_subject_verb_agreement_1,True,True,False,False,171,-62.77593231201172,-68.15481567382812,1
That woman wasn't performing.,That woman weren't performing.,morphology,subject_verb_agreement,irregular_plural_subject_verb_agreement_1,True,True,False,False,172,-33.718231201171875,-34.669952392578125,1
Most bases confuse Sara.,Most bases confuses Sara.,morphology,subject_verb_agreement,irregular_plural_subject_verb_agreement_1,True,True,False,False,173,-38.93001174926758,-46.50184631347656,1
A basis annoys Sandra.,A basis annoy Sandra.,morphology,subject_verb_agreement,irregular_plural_subject_verb_agreement_1,True,True,False,False,174,-43.11455535888672,-37.98748016357422,0
Every phenomenon hasn't scared Homer.,Every phenomenon haven't scared Homer.,morphology,subject_verb_agreement,irregular_plural_subject_verb_agreement_1,True,True,False,False,175,-47.57783508300781,-46.807167053222656,0
Most lice resemble many prints.,Most lice resembles many prints.,morphology,subject_verb_agreement,irregular_plural_subject_verb_agreement_1,True,True,False,False,176,-50.31977081298828,-49.560157775878906,0
Those syntheses have bored the senator.,Those syntheses has bored the senator.,morphology,subject_verb_agreement,irregular_plural_subject_verb_agreement_1,True,True,False,False,177,-51.119815826416016,-51.53050994873047,1
The hypothesis astounds Gerald.,The hypothesis astound Gerald.,morphology,subject_verb_agreement,irregular_plural_subject_verb_agreement_1,True,True,False,False,178,-47.462120056152344,-45.53784942626953,0
This ox hasn't worried John.,This ox haven't worried John.,morphology,subject_verb_agreement,irregular_plural_subject_verb_agreement_1,True,True,False,False,179,-41.748992919921875,-42.039146423339844,1
These mice annoy some person.,These mice annoys some person.,morphology,subject_verb_agreement,irregular_plural_subject_verb_agreement_1,True,True,False,False,180,-38.8859748840332,-43.58567428588867,1
Every phenomenon bores many drivers.,Every phenomenon bore many drivers.,morphology,subject_verb_agreement,irregular_plural_subject_verb_agreement_1,True,True,False,False,181,-51.353843688964844,-42.20362091064453,0
A cactus was alarming Karen.,A cactus were alarming Karen.,morphology,subject_verb_agreement,irregular_plural_subject_verb_agreement_1,True,True,False,False,182,-49.3522834777832,-51.18302917480469,1
A crisis hasn't stunned Ellen.,A crisis haven't stunned Ellen.,morphology,subject_verb_agreement,irregular_plural_subject_verb_agreement_1,True,True,False,False,183,-47.68568420410156,-46.79813766479492,0
Some man has tempted Beth's oncologist to sound like this child.,Some man have tempted Beth's oncologist to sound like this child.,morphology,subject_verb_agreement,irregular_plural_subject_verb_agreement_1,True,True,False,False,184,-95.79762268066406,-95.82251739501953,1
Fungi weren't astounding the dancers.,Fungi wasn't astounding the dancers.,morphology,subject_verb_agreement,irregular_plural_subject_verb_agreement_1,True,True,False,False,185,-57.925331115722656,-56.46564483642578,0
Every alumnus is forgetting what had clashed.,Every alumnus are forgetting what had clashed.,morphology,subject_verb_agreement,irregular_plural_subject_verb_agreement_1,True,True,False,False,186,-68.4493408203125,-69.26715087890625,1
A child wasn't climbing up some ladders.,A child weren't climbing up some ladders.,morphology,subject_verb_agreement,irregular_plural_subject_verb_agreement_1,True,True,False,False,187,-55.25119400024414,-57.19824981689453,1
Every basis upsets Sara.,Every basis upset Sara.,morphology,subject_verb_agreement,irregular_plural_subject_verb_agreement_1,True,True,False,False,188,-46.126060485839844,-36.49601745605469,0
Many teeth have fallen apart.,Many teeth has fallen apart.,morphology,subject_verb_agreement,irregular_plural_subject_verb_agreement_1,True,True,False,False,189,-33.366477966308594,-33.91212463378906,1
An oasis wastes away.,An oasis waste away.,morphology,subject_verb_agreement,irregular_plural_subject_verb_agreement_1,True,True,False,False,190,-40.822608947753906,-39.48836898803711,0
That radius wasn't disturbing Victoria.,That radius aren't disturbing Victoria.,morphology,subject_verb_agreement,irregular_plural_subject_verb_agreement_1,True,True,False,False,191,-48.22361755371094,-48.5820198059082,1
A lot of alumni aren't stunning Craig.,A lot of alumni isn't stunning Craig.,morphology,subject_verb_agreement,irregular_plural_subject_verb_agreement_1,True,True,False,False,192,-60.5550537109375,-59.37333679199219,0
That axis stuns some universities.,That axis stun some universities.,morphology,subject_verb_agreement,irregular_plural_subject_verb_agreement_1,True,True,False,False,193,-55.80926513671875,-49.94352722167969,0
Every synthesis has annoyed that government.,Every synthesis have annoyed that government.,morphology,subject_verb_agreement,irregular_plural_subject_verb_agreement_1,True,True,False,False,194,-45.64515686035156,-46.39743423461914,1
That ox has upset Elaine.,That ox have upset Elaine.,morphology,subject_verb_agreement,irregular_plural_subject_verb_agreement_1,True,True,False,False,195,-42.026817321777344,-43.153751373291016,1
Those women weren't declaring Spain to work hard.,Those women isn't declaring Spain to work hard.,morphology,subject_verb_agreement,irregular_plural_subject_verb_agreement_1,True,True,False,False,196,-63.21110153198242,-60.850894927978516,0
Every mouse isn't alarming Eric.,Every mouse aren't alarming Eric.,morphology,subject_verb_agreement,irregular_plural_subject_verb_agreement_1,True,True,False,False,197,-41.96184539794922,-43.36437225341797,1
Every axis hasn't astounded those ladies.,Every axis haven't astounded those ladies.,morphology,subject_verb_agreement,irregular_plural_subject_verb_agreement_1,True,True,False,False,198,-63.65738296508789,-63.57588195800781,0
The octopus wasn't upsetting Liam.,The octopus aren't upsetting Liam.,morphology,subject_verb_agreement,irregular_plural_subject_verb_agreement_1,True,True,False,False,199,-59.773773193359375,-61.86786651611328,1
Mice have wasted away.,Mice has wasted away.,morphology,subject_verb_agreement,irregular_plural_subject_verb_agreement_1,True,True,False,False,200,-35.085731506347656,-33.98645782470703,0
This basis hasn't bored Irene.,This basis haven't bored Irene.,morphology,subject_verb_agreement,irregular_plural_subject_verb_agreement_1,True,True,False,False,201,-56.10991668701172,-54.74543380737305,0
The paralysis hasn't impressed Liam.,The paralysis haven't impressed Liam.,morphology,subject_verb_agreement,irregular_plural_subject_verb_agreement_1,True,True,False,False,202,-51.37778854370117,-49.68662643432617,0
Many crises scare Omar.,Many crises scares Omar.,morphology,subject_verb_agreement,irregular_plural_subject_verb_agreement_1,True,True,False,False,203,-41.26856231689453,-42.000244140625,1
Some phenomena haven't astounded most boys.,Some phenomena hasn't astounded most boys.,morphology,subject_verb_agreement,irregular_plural_subject_verb_agreement_1,True,True,False,False,204,-62.624088287353516,-63.541419982910156,1
Every cactus is worrying Lucille.,Every cactus are worrying Lucille.,morphology,subject_verb_agreement,irregular_plural_subject_verb_agreement_1,True,True,False,False,205,-57.423553466796875,-58.32600402832031,1
This alumnus hasn't littered.,This alumnus haven't littered.,morphology,subject_verb_agreement,irregular_plural_subject_verb_agreement_1,True,True,False,False,206,-53.365814208984375,-52.660179138183594,0
Some lice have escaped.,Some lice has escaped.,morphology,subject_verb_agreement,irregular_plural_subject_verb_agreement_1,True,True,False,False,207,-33.920894622802734,-33.21847915649414,0
Every cactus wasn't irritating Samuel.,Every cactus aren't irritating Samuel.,morphology,subject_verb_agreement,irregular_plural_subject_verb_agreement_1,True,True,False,False,208,-56.95481491088867,-57.66401672363281,1
Every basis is hurting Becky.,Every basis were hurting Becky.,morphology,subject_verb_agreement,irregular_plural_subject_verb_agreement_1,True,True,False,False,209,-39.441246032714844,-39.83948516845703,1
Some man was lying.,Some man were lying.,morphology,subject_verb_agreement,irregular_plural_subject_verb_agreement_1,True,True,False,False,210,-21.26072120666504,-23.405576705932617,1
Oxen were astounding the Clintons.,Oxen was astounding the Clintons.,morphology,subject_verb_agreement,irregular_plural_subject_verb_agreement_1,True,True,False,False,211,-49.71277618408203,-48.85631561279297,0
All women are imploring every pedestrian's oncologist to question Charles.,All women was imploring every pedestrian's oncologist to question Charles.,morphology,subject_verb_agreement,irregular_plural_subject_verb_agreement_1,True,True,False,False,212,-115.23768615722656,-116.22068786621094,1
Every crisis has shocked Sally.,Every crisis have shocked Sally.,morphology,subject_verb_agreement,irregular_plural_subject_verb_agreement_1,True,True,False,False,213,-41.183189392089844,-42.25780487060547,1
This mouse has confused Victoria.,This mouse have confused Victoria.,morphology,subject_verb_agreement,irregular_plural_subject_verb_agreement_1,True,True,False,False,214,-38.68609619140625,-38.60621643066406,0
Some people weren't helping Marla.,Some people wasn't helping Marla.,morphology,subject_verb_agreement,irregular_plural_subject_verb_agreement_1,True,True,False,False,215,-46.29506301879883,-44.70362091064453,0
These bases haven't embarrassed Becky.,These bases hasn't embarrassed Becky.,morphology,subject_verb_agreement,irregular_plural_subject_verb_agreement_1,True,True,False,False,216,-46.79425811767578,-47.1441650390625,1
These feet exist.,These feet exists.,morphology,subject_verb_agreement,irregular_plural_subject_verb_agreement_1,True,True,False,False,217,-21.53591537475586,-21.74228286743164,1
Those bases have stunned Cindy.,Those bases has stunned Cindy.,morphology,subject_verb_agreement,irregular_plural_subject_verb_agreement_1,True,True,False,False,218,-45.817909240722656,-44.401695251464844,0
Those radii scare Tammy.,Those radii scares Tammy.,morphology,subject_verb_agreement,irregular_plural_subject_verb_agreement_1,True,True,False,False,219,-48.27226257324219,-49.211002349853516,1
Many radii were annoying the Lutherans.,Many radii was annoying the Lutherans.,morphology,subject_verb_agreement,irregular_plural_subject_verb_agreement_1,True,True,False,False,220,-68.04905700683594,-66.22041320800781,0
The cacti aggravate Tamara.,The cacti aggravates Tamara.,morphology,subject_verb_agreement,irregular_plural_subject_verb_agreement_1,True,True,False,False,221,-64.86753845214844,-66.2197036743164,1
Every person wasn't failing to cope.,Every person aren't failing to cope.,morphology,subject_verb_agreement,irregular_plural_subject_verb_agreement_1,True,True,False,False,222,-43.30378723144531,-44.22890090942383,1
Children wave.,Children waves.,morphology,subject_verb_agreement,irregular_plural_subject_verb_agreement_1,True,True,False,False,223,-13.012093544006348,-12.498929977416992,0
An octopus is alarming Gerald.,An octopus are alarming Gerald.,morphology,subject_verb_agreement,irregular_plural_subject_verb_agreement_1,True,True,False,False,224,-52.106361389160156,-52.433631896972656,1
Many crises are hurting Christina.,Many crises is hurting Christina.,morphology,subject_verb_agreement,irregular_plural_subject_verb_agreement_1,True,True,False,False,225,-45.86744689941406,-44.64156723022461,0
This analysis forces many waiters to blink.,This analysis force many waiters to blink.,morphology,subject_verb_agreement,irregular_plural_subject_verb_agreement_1,True,True,False,False,226,-64.64550018310547,-64.11186218261719,0
The thesis is prompting the Borgias to ascend most hills.,The thesis are prompting the Borgias to ascend most hills.,morphology,subject_verb_agreement,irregular_plural_subject_verb_agreement_1,True,True,False,False,227,-89.9660873413086,-90.79823303222656,1
Most nuclei were shocking every guy.,Most nuclei is shocking every guy.,morphology,subject_verb_agreement,irregular_plural_subject_verb_agreement_1,True,True,False,False,228,-51.847450256347656,-49.514312744140625,0
Some synthesis isn't impressing Elaine.,Some synthesis aren't impressing Elaine.,morphology,subject_verb_agreement,irregular_plural_subject_verb_agreement_1,True,True,False,False,229,-56.6268310546875,-58.168453216552734,1
These media disgust Andrea.,These media disgusts Andrea.,morphology,subject_verb_agreement,irregular_plural_subject_verb_agreement_1,True,True,False,False,230,-39.9854621887207,-44.51726531982422,1
This medium distracts some student.,This medium distract some student.,morphology,subject_verb_agreement,irregular_plural_subject_verb_agreement_1,True,True,False,False,231,-49.01435089111328,-42.05002975463867,0
Many parentheses have bored Carol.,Many parentheses has bored Carol.,morphology,subject_verb_agreement,irregular_plural_subject_verb_agreement_1,True,True,False,False,232,-46.242919921875,-44.88726043701172,0
Children wash.,Children washes.,morphology,subject_verb_agreement,irregular_plural_subject_verb_agreement_1,True,True,False,False,233,-12.434950828552246,-19.373741149902344,1
The radius has bored that customer.,The radius have bored that customer.,morphology,subject_verb_agreement,irregular_plural_subject_verb_agreement_1,True,True,False,False,234,-46.0578498840332,-46.45627975463867,1
A radius bores Gregory.,A radius bore Gregory.,morphology,subject_verb_agreement,irregular_plural_subject_verb_agreement_1,True,True,False,False,235,-45.899112701416016,-37.84050369262695,0
All media irritate Roger.,All media irritates Roger.,morphology,subject_verb_agreement,irregular_plural_subject_verb_agreement_1,True,True,False,False,236,-43.74967956542969,-45.69751739501953,1
Those media haven't disturbed many girls.,Those media hasn't disturbed many girls.,morphology,subject_verb_agreement,irregular_plural_subject_verb_agreement_1,True,True,False,False,237,-50.07779312133789,-50.951385498046875,1
Some woman proves to perform.,Some woman prove to perform.,morphology,subject_verb_agreement,irregular_plural_subject_verb_agreement_1,True,True,False,False,238,-34.49652099609375,-33.146183013916016,0
Some hypothesis worries Winston Churchill.,Some hypothesis worry Winston Churchill.,morphology,subject_verb_agreement,irregular_plural_subject_verb_agreement_1,True,True,False,False,239,-51.454200744628906,-49.34364318847656,0
Those geese descend this ladder.,Those geese descends this ladder.,morphology,subject_verb_agreement,irregular_plural_subject_verb_agreement_1,True,True,False,False,240,-48.81129455566406,-56.45696258544922,1
Those cacti haven't scared Natalie.,Those cacti hasn't scared Natalie.,morphology,subject_verb_agreement,irregular_plural_subject_verb_agreement_1,True,True,False,False,241,-58.66914367675781,-58.66571044921875,0
A lot of crises weren't confusing a lot of companies.,A lot of crises isn't confusing a lot of companies.,morphology,subject_verb_agreement,irregular_plural_subject_verb_agreement_1,True,True,False,False,242,-67.18085479736328,-64.80827331542969,0
Those analyses plan to correspond.,Those analyses plans to correspond.,morphology,subject_verb_agreement,irregular_plural_subject_verb_agreement_1,True,True,False,False,243,-40.970191955566406,-41.56418228149414,1
An analysis entreats Kenneth to bother Sabrina.,An analysis entreat Kenneth to bother Sabrina.,morphology,subject_verb_agreement,irregular_plural_subject_verb_agreement_1,True,True,False,False,244,-87.68804931640625,-82.69528198242188,0
A lot of hypotheses were annoying Eva.,A lot of hypotheses was annoying Eva.,morphology,subject_verb_agreement,irregular_plural_subject_verb_agreement_1,True,True,False,False,245,-53.32896423339844,-52.71702575683594,0
Those diagnoses haven't annoyed Debra.,Those diagnoses hasn't annoyed Debra.,morphology,subject_verb_agreement,irregular_plural_subject_verb_agreement_1,True,True,False,False,246,-57.01203918457031,-57.5106086730957,1
A child wasn't driving to that movie theater.,A child aren't driving to that movie theater.,morphology,subject_verb_agreement,irregular_plural_subject_verb_agreement_1,True,True,False,False,247,-58.935028076171875,-59.1381950378418,1
The oases have confused Kristin.,The oases has confused Kristin.,morphology,subject_verb_agreement,irregular_plural_subject_verb_agreement_1,True,True,False,False,248,-57.877872467041016,-56.81989288330078,0
Syntheses are confusing Carmen.,Syntheses was confusing Carmen.,morphology,subject_verb_agreement,irregular_plural_subject_verb_agreement_1,True,True,False,False,249,-55.221736907958984,-54.37177276611328,0
The goose annoys Stephanie.,The goose annoy Stephanie.,morphology,subject_verb_agreement,irregular_plural_subject_verb_agreement_1,True,True,False,False,250,-44.107398986816406,-38.79447937011719,0
Every oasis hasn't vanished.,Every oasis haven't vanished.,morphology,subject_verb_agreement,irregular_plural_subject_verb_agreement_1,True,True,False,False,251,-41.71464157104492,-41.11928176879883,0
All hypotheses haven't confused Sharon.,All hypotheses hasn't confused Sharon.,morphology,subject_verb_agreement,irregular_plural_subject_verb_agreement_1,True,True,False,False,252,-50.59214782714844,-50.9898567199707,1
Some oxen weren't ascending the stairs.,Some oxen wasn't ascending the stairs.,morphology,subject_verb_agreement,irregular_plural_subject_verb_agreement_1,True,True,False,False,253,-53.76987838745117,-53.522552490234375,0
The parenthesis hasn't worried some committees.,The parenthesis haven't worried some committees.,morphology,subject_verb_agreement,irregular_plural_subject_verb_agreement_1,True,True,False,False,254,-64.40060424804688,-62.80171585083008,0
This child has disliked Dan.,This child have disliked Dan.,morphology,subject_verb_agreement,irregular_plural_subject_verb_agreement_1,True,True,False,False,255,-41.15138244628906,-42.23173522949219,1
An ox breaks the carriages.,An ox break the carriages.,morphology,subject_verb_agreement,irregular_plural_subject_verb_agreement_1,True,True,False,False,256,-42.646263122558594,-43.465003967285156,1
Every louse descends the steps.,Every louse descend the steps.,morphology,subject_verb_agreement,irregular_plural_subject_verb_agreement_1,True,True,False,False,257,-53.34033203125,-45.81381607055664,0
This alumnus forfeits.,This alumnus forfeit.,morphology,subject_verb_agreement,irregular_plural_subject_verb_agreement_1,True,True,False,False,258,-50.7120361328125,-42.54946517944336,0
The ox has bored Carolyn.,The ox have bored Carolyn.,morphology,subject_verb_agreement,irregular_plural_subject_verb_agreement_1,True,True,False,False,259,-41.794586181640625,-43.84206771850586,1
Some synthesis isn't worrying Dan.,Some synthesis aren't worrying Dan.,morphology,subject_verb_agreement,irregular_plural_subject_verb_agreement_1,True,True,False,False,260,-46.75102233886719,-47.687870025634766,1
Those lice were disgusting the association.,Those lice is disgusting the association.,morphology,subject_verb_agreement,irregular_plural_subject_verb_agreement_1,True,True,False,False,261,-51.93040466308594,-49.973751068115234,0
Most teeth have confused Brian.,Most teeth has confused Brian.,morphology,subject_verb_agreement,irregular_plural_subject_verb_agreement_1,True,True,False,False,262,-38.24137878417969,-38.03664779663086,0
Every hypothesis was distracting Leslie.,Every hypothesis were distracting Leslie.,morphology,subject_verb_agreement,irregular_plural_subject_verb_agreement_1,True,True,False,False,263,-43.47484588623047,-44.0123291015625,1
An oasis was bothering Laurie.,An oasis are bothering Laurie.,morphology,subject_verb_agreement,irregular_plural_subject_verb_agreement_1,True,True,False,False,264,-49.63372039794922,-51.48423385620117,1
Parentheses weren't irritating Douglas.,Parentheses wasn't irritating Douglas.,morphology,subject_verb_agreement,irregular_plural_subject_verb_agreement_1,True,True,False,False,265,-51.730018615722656,-50.646209716796875,0
Some bases are aggravating Beverly.,Some bases is aggravating Beverly.,morphology,subject_verb_agreement,irregular_plural_subject_verb_agreement_1,True,True,False,False,266,-53.97247314453125,-53.227577209472656,0
Those diagnoses haven't embarrassed Jason.,Those diagnoses hasn't embarrassed Jason.,morphology,subject_verb_agreement,irregular_plural_subject_verb_agreement_1,True,True,False,False,267,-48.84514236450195,-49.30377960205078,1
Those women discover a lot of dresses.,Those women discovers a lot of dresses.,morphology,subject_verb_agreement,irregular_plural_subject_verb_agreement_1,True,True,False,False,268,-42.67173767089844,-45.18233871459961,1
Oxen bore Karla.,Oxen bores Karla.,morphology,subject_verb_agreement,irregular_plural_subject_verb_agreement_1,True,True,False,False,269,-40.28329086303711,-46.382598876953125,1
A lot of women obligate Travis to smile.,A lot of women obligates Travis to smile.,morphology,subject_verb_agreement,irregular_plural_subject_verb_agreement_1,True,True,False,False,270,-67.33610534667969,-69.00418090820312,1
The women haven't interacted.,The women hasn't interacted.,morphology,subject_verb_agreement,irregular_plural_subject_verb_agreement_1,True,True,False,False,271,-34.86406707763672,-35.06340408325195,1
The man dares a customer to climb down some hill.,The man dare a customer to climb down some hill.,morphology,subject_verb_agreement,irregular_plural_subject_verb_agreement_1,True,True,False,False,272,-69.40475463867188,-62.76224136352539,0
Every axis was distracting a student.,Every axis were distracting a student.,morphology,subject_verb_agreement,irregular_plural_subject_verb_agreement_1,True,True,False,False,273,-45.58518600463867,-46.84722137451172,1
Every thesis hasn't attempted to nod.,Every thesis haven't attempted to nod.,morphology,subject_verb_agreement,irregular_plural_subject_verb_agreement_1,True,True,False,False,274,-50.31059646606445,-49.679325103759766,0
Most hypotheses annoy Sabrina.,Most hypotheses annoys Sabrina.,morphology,subject_verb_agreement,irregular_plural_subject_verb_agreement_1,True,True,False,False,275,-51.40393829345703,-57.554840087890625,1
Some phenomenon is alarming Phillip.,Some phenomenon were alarming Phillip.,morphology,subject_verb_agreement,irregular_plural_subject_verb_agreement_1,True,True,False,False,276,-44.19050598144531,-44.18711853027344,0
Some analysis upsets Grace.,Some analysis upset Grace.,morphology,subject_verb_agreement,irregular_plural_subject_verb_agreement_1,True,True,False,False,277,-45.7060661315918,-35.8106689453125,0
This person hasn't found that dancer to wash.,This person haven't found that dancer to wash.,morphology,subject_verb_agreement,irregular_plural_subject_verb_agreement_1,True,True,False,False,278,-56.00553894042969,-55.48146438598633,0
A diagnosis annoys Amelia.,A diagnosis annoy Amelia.,morphology,subject_verb_agreement,irregular_plural_subject_verb_agreement_1,True,True,False,False,279,-45.44157409667969,-39.58860778808594,0
The axes were appearing.,The axes is appearing.,morphology,subject_verb_agreement,irregular_plural_subject_verb_agreement_1,True,True,False,False,280,-29.852874755859375,-29.157230377197266,0
Media worry Andrew.,Media worries Andrew.,morphology,subject_verb_agreement,irregular_plural_subject_verb_agreement_1,True,True,False,False,281,-25.106109619140625,-26.794597625732422,1
Some nucleus disturbs Carmen.,Some nucleus disturb Carmen.,morphology,subject_verb_agreement,irregular_plural_subject_verb_agreement_1,True,True,False,False,282,-49.70397186279297,-38.9818115234375,0
Some woman wasn't forcing the universities to reference Kendra.,Some woman weren't forcing the universities to reference Kendra.,morphology,subject_verb_agreement,irregular_plural_subject_verb_agreement_1,True,True,False,False,283,-81.84539794921875,-82.90737915039062,1
Some crisis has impressed some legislature.,Some crisis have impressed some legislature.,morphology,subject_verb_agreement,irregular_plural_subject_verb_agreement_1,True,True,False,False,284,-46.97825241088867,-47.562320709228516,1
These syntheses worry Walter.,These syntheses worries Walter.,morphology,subject_verb_agreement,irregular_plural_subject_verb_agreement_1,True,True,False,False,285,-43.09608459472656,-45.361515045166016,1
Every nucleus alarms some drivers.,Every nucleus alarm some drivers.,morphology,subject_verb_agreement,irregular_plural_subject_verb_agreement_1,True,True,False,False,286,-45.21129608154297,-43.85038375854492,0
That crisis has bothered Guy.,That crisis have bothered Guy.,morphology,subject_verb_agreement,irregular_plural_subject_verb_agreement_1,True,True,False,False,287,-41.73026657104492,-42.61675262451172,1
This oasis was disturbing the dancer.,This oasis were disturbing the dancer.,morphology,subject_verb_agreement,irregular_plural_subject_verb_agreement_1,True,True,False,False,288,-51.40010070800781,-52.07030487060547,1
The medium isn't scaring Rebecca.,The medium aren't scaring Rebecca.,morphology,subject_verb_agreement,irregular_plural_subject_verb_agreement_1,True,True,False,False,289,-51.9325065612793,-53.33312225341797,1
Some louse has fallen.,Some louse have fallen.,morphology,subject_verb_agreement,irregular_plural_subject_verb_agreement_1,True,True,False,False,290,-34.14335250854492,-33.81627655029297,0
Most alumni succeed.,Most alumni succeeds.,morphology,subject_verb_agreement,irregular_plural_subject_verb_agreement_1,True,True,False,False,291,-29.235803604125977,-29.878475189208984,1
Many geese have scared the Lutherans.,Many geese has scared the Lutherans.,morphology,subject_verb_agreement,irregular_plural_subject_verb_agreement_1,True,True,False,False,292,-63.5679931640625,-62.418209075927734,0
Parentheses have shut.,Parentheses has shut.,morphology,subject_verb_agreement,irregular_plural_subject_verb_agreement_1,True,True,False,False,293,-32.894981384277344,-32.36317443847656,0
The syntheses aren't astounding some waiter.,The syntheses isn't astounding some waiter.,morphology,subject_verb_agreement,irregular_plural_subject_verb_agreement_1,True,True,False,False,294,-63.37523651123047,-62.519981384277344,0
A synopsis wasn't stunning all museums.,A synopsis weren't stunning all museums.,morphology,subject_verb_agreement,irregular_plural_subject_verb_agreement_1,True,True,False,False,295,-59.32292175292969,-60.67503356933594,1
Many oxen haven't existed.,Many oxen hasn't existed.,morphology,subject_verb_agreement,irregular_plural_subject_verb_agreement_1,True,True,False,False,296,-40.625572204589844,-41.45146942138672,1
A lot of media haven't astounded Andrew.,A lot of media hasn't astounded Andrew.,morphology,subject_verb_agreement,irregular_plural_subject_verb_agreement_1,True,True,False,False,297,-66.50999450683594,-67.19371032714844,1
Every hypothesis impresses Barbara.,Every hypothesis impress Barbara.,morphology,subject_verb_agreement,irregular_plural_subject_verb_agreement_1,True,True,False,False,298,-45.90392303466797,-36.825660705566406,0
These mice haven't resembled all pictures.,These mice hasn't resembled all pictures.,morphology,subject_verb_agreement,irregular_plural_subject_verb_agreement_1,True,True,False,False,299,-50.49216842651367,-50.11112976074219,0
Nuclei have fallen.,Nuclei has fallen.,morphology,subject_verb_agreement,irregular_plural_subject_verb_agreement_1,True,True,False,False,300,-35.39990997314453,-34.89247131347656,0
These diagnoses weren't embarrassing Natalie.,These diagnoses isn't embarrassing Natalie.,morphology,subject_verb_agreement,irregular_plural_subject_verb_agreement_1,True,True,False,False,301,-52.91890335083008,-50.75580596923828,0
Many syntheses stun every dancer.,Many syntheses stuns every dancer.,morphology,subject_verb_agreement,irregular_plural_subject_verb_agreement_1,True,True,False,False,302,-52.735870361328125,-58.09800720214844,1
That foot isn't embarrassing Donna.,That foot aren't embarrassing Donna.,morphology,subject_verb_agreement,irregular_plural_subject_verb_agreement_1,True,True,False,False,303,-43.91637420654297,-44.320037841796875,1
A lot of media weren't shocking Lori.,A lot of media isn't shocking Lori.,morphology,subject_verb_agreement,irregular_plural_subject_verb_agreement_1,True,True,False,False,304,-60.08706283569336,-57.56205749511719,0
A louse is climbing up some steps.,A louse are climbing up some steps.,morphology,subject_verb_agreement,irregular_plural_subject_verb_agreement_1,True,True,False,False,305,-52.70148849487305,-53.224029541015625,1
Many radii irritate Irene.,Many radii irritates Irene.,morphology,subject_verb_agreement,irregular_plural_subject_verb_agreement_1,True,True,False,False,306,-61.554344177246094,-64.26321411132812,1
These crises have aggravated Beverly.,These crises has aggravated Beverly.,morphology,subject_verb_agreement,irregular_plural_subject_verb_agreement_1,True,True,False,False,307,-48.14588928222656,-46.969730377197266,0
Some children prompt Kenneth to go to most lakes.,Some children prompts Kenneth to go to most lakes.,morphology,subject_verb_agreement,irregular_plural_subject_verb_agreement_1,True,True,False,False,308,-62.759403228759766,-63.37877655029297,1
Some stimulus is falling.,Some stimulus are falling.,morphology,subject_verb_agreement,irregular_plural_subject_verb_agreement_1,True,True,False,False,309,-27.908788681030273,-28.559110641479492,1
These media scare those companies.,These media scares those companies.,morphology,subject_verb_agreement,irregular_plural_subject_verb_agreement_1,True,True,False,False,310,-39.377742767333984,-41.63856506347656,1
Every mouse has alarmed those guys.,Every mouse have alarmed those guys.,morphology,subject_verb_agreement,irregular_plural_subject_verb_agreement_1,True,True,False,False,311,-42.51232147216797,-42.896297454833984,1
Those theses have resembled that drawing.,Those theses has resembled that drawing.,morphology,subject_verb_agreement,irregular_plural_subject_verb_agreement_1,True,True,False,False,312,-52.945556640625,-52.040157318115234,0
These men have worked with an actor.,These men has worked with an actor.,morphology,subject_verb_agreement,irregular_plural_subject_verb_agreement_1,True,True,False,False,313,-38.83198928833008,-38.81440734863281,0
Every axis impresses Denise.,Every axis impress Denise.,morphology,subject_verb_agreement,irregular_plural_subject_verb_agreement_1,True,True,False,False,314,-48.659812927246094,-40.96954345703125,0
Every medium hasn't bored Carrie.,Every medium haven't bored Carrie.,morphology,subject_verb_agreement,irregular_plural_subject_verb_agreement_1,True,True,False,False,315,-51.08089065551758,-49.3841667175293,0
The crises impress Todd.,The crises impresses Todd.,morphology,subject_verb_agreement,irregular_plural_subject_verb_agreement_1,True,True,False,False,316,-39.74085998535156,-47.888404846191406,1
This cactus wasn't irritating Marie.,This cactus weren't irritating Marie.,morphology,subject_verb_agreement,irregular_plural_subject_verb_agreement_1,True,True,False,False,317,-55.00102233886719,-57.01032638549805,1
Those diagnoses aren't shocking these schools.,Those diagnoses wasn't shocking these schools.,morphology,subject_verb_agreement,irregular_plural_subject_verb_agreement_1,True,True,False,False,318,-53.92402648925781,-53.7503776550293,0
That paralysis is embarrassing that cashier.,That paralysis were embarrassing that cashier.,morphology,subject_verb_agreement,irregular_plural_subject_verb_agreement_1,True,True,False,False,319,-56.045753479003906,-56.38611602783203,1
This phenomenon annoys Thomas.,This phenomenon annoy Thomas.,morphology,subject_verb_agreement,irregular_plural_subject_verb_agreement_1,True,True,False,False,320,-42.001461029052734,-37.398582458496094,0
A diagnosis annoys a lot of customers.,A diagnosis annoy a lot of customers.,morphology,subject_verb_agreement,irregular_plural_subject_verb_agreement_1,True,True,False,False,321,-53.14818572998047,-49.46111297607422,0
Some hypothesis alarms Stephanie.,Some hypothesis alarm Stephanie.,morphology,subject_verb_agreement,irregular_plural_subject_verb_agreement_1,True,True,False,False,322,-40.8338508605957,-37.15555191040039,0
Every parenthesis is distracting Gregory.,Every parenthesis were distracting Gregory.,morphology,subject_verb_agreement,irregular_plural_subject_verb_agreement_1,True,True,False,False,323,-56.29841232299805,-56.52033233642578,1
Some ellipsis wasn't scaring Michael.,Some ellipsis aren't scaring Michael.,morphology,subject_verb_agreement,irregular_plural_subject_verb_agreement_1,True,True,False,False,324,-69.29757690429688,-69.81626892089844,1
That analysis isn't irritating Winston Churchill.,That analysis aren't irritating Winston Churchill.,morphology,subject_verb_agreement,irregular_plural_subject_verb_agreement_1,True,True,False,False,325,-61.89021301269531,-62.591331481933594,1
Some goose hasn't woken up.,Some goose haven't woken up.,morphology,subject_verb_agreement,irregular_plural_subject_verb_agreement_1,True,True,False,False,326,-43.90587615966797,-44.414398193359375,1
Every child is descending some hill.,Every child were descending some hill.,morphology,subject_verb_agreement,irregular_plural_subject_verb_agreement_1,True,True,False,False,327,-42.43473815917969,-42.80516815185547,1
All stimuli embarrass Stephanie.,All stimuli embarrasses Stephanie.,morphology,subject_verb_agreement,irregular_plural_subject_verb_agreement_1,True,True,False,False,328,-41.83005905151367,-49.52351379394531,1
A person has tried to find most people.,A person have tried to find most people.,morphology,subject_verb_agreement,irregular_plural_subject_verb_agreement_1,True,True,False,False,329,-44.86688232421875,-45.2348518371582,1
A lot of hypotheses shock the Lutherans.,A lot of hypotheses shocks the Lutherans.,morphology,subject_verb_agreement,irregular_plural_subject_verb_agreement_1,True,True,False,False,330,-64.85623168945312,-67.46035766601562,1
The synopsis wasn't daring Sara to stretch.,The synopsis weren't daring Sara to stretch.,morphology,subject_verb_agreement,irregular_plural_subject_verb_agreement_1,True,True,False,False,331,-64.68749237060547,-66.43582916259766,1
Octopi weren't existing.,Octopi isn't existing.,morphology,subject_verb_agreement,irregular_plural_subject_verb_agreement_1,True,True,False,False,332,-39.485435485839844,-37.234405517578125,0
Every nucleus hurts Monica.,Every nucleus hurt Monica.,morphology,subject_verb_agreement,irregular_plural_subject_verb_agreement_1,True,True,False,False,333,-37.728214263916016,-37.06571578979492,0
Some axes aren't hurting Alicia.,Some axes wasn't hurting Alicia.,morphology,subject_verb_agreement,irregular_plural_subject_verb_agreement_1,True,True,False,False,334,-48.054325103759766,-48.06560516357422,1
Some child has wept.,Some child have wept.,morphology,subject_verb_agreement,irregular_plural_subject_verb_agreement_1,True,True,False,False,335,-35.29812240600586,-34.61185836791992,0
Most men weren't concealing who declared Keith to walk through a lot of libraries.,Most men wasn't concealing who declared Keith to walk through a lot of libraries.,morphology,subject_verb_agreement,irregular_plural_subject_verb_agreement_1,True,True,False,False,336,-108.82307434082031,-106.93427276611328,0
These people have read.,These people has read.,morphology,subject_verb_agreement,irregular_plural_subject_verb_agreement_1,True,True,False,False,337,-23.552642822265625,-23.95687484741211,1
This medium upsets some school.,This medium upset some school.,morphology,subject_verb_agreement,irregular_plural_subject_verb_agreement_1,True,True,False,False,338,-48.890113830566406,-35.699745178222656,0
Every tooth has aggravated Denise.,Every tooth have aggravated Denise.,morphology,subject_verb_agreement,irregular_plural_subject_verb_agreement_1,True,True,False,False,339,-44.900917053222656,-46.46763229370117,1
The analysis was scaring Peter.,The analysis are scaring Peter.,morphology,subject_verb_agreement,irregular_plural_subject_verb_agreement_1,True,True,False,False,340,-45.290870666503906,-44.84150695800781,0
Oxen irritate Monet.,Oxen irritates Monet.,morphology,subject_verb_agreement,irregular_plural_subject_verb_agreement_1,True,True,False,False,341,-45.71037292480469,-47.82524490356445,1
These diagnoses have astounded Alexander.,These diagnoses has astounded Alexander.,morphology,subject_verb_agreement,irregular_plural_subject_verb_agreement_1,True,True,False,False,342,-55.35112762451172,-54.905216217041016,0
Every stimulus isn't annoying that bank.,Every stimulus aren't annoying that bank.,morphology,subject_verb_agreement,irregular_plural_subject_verb_agreement_1,True,True,False,False,343,-48.179683685302734,-50.391109466552734,1
This diagnosis distracts all guests.,This diagnosis distract all guests.,morphology,subject_verb_agreement,irregular_plural_subject_verb_agreement_1,True,True,False,False,344,-50.633792877197266,-43.79546356201172,0
That ox isn't distracting hospitals.,That ox aren't distracting hospitals.,morphology,subject_verb_agreement,irregular_plural_subject_verb_agreement_1,True,True,False,False,345,-48.277626037597656,-49.38393020629883,1
All phenomena aren't scaring every school.,All phenomena isn't scaring every school.,morphology,subject_verb_agreement,irregular_plural_subject_verb_agreement_1,True,True,False,False,346,-56.09269714355469,-54.653507232666016,0
That goose stuns Keith.,That goose stun Keith.,morphology,subject_verb_agreement,irregular_plural_subject_verb_agreement_1,True,True,False,False,347,-47.087791442871094,-40.019195556640625,0
Stimuli weren't disgusting Sally.,Stimuli isn't disgusting Sally.,morphology,subject_verb_agreement,irregular_plural_subject_verb_agreement_1,True,True,False,False,348,-54.23543167114258,-51.36065673828125,0
Axes have disturbed Sally.,Axes has disturbed Sally.,morphology,subject_verb_agreement,irregular_plural_subject_verb_agreement_1,True,True,False,False,349,-37.25373077392578,-36.01799774169922,0
A lot of syntheses annoy Carl.,A lot of syntheses annoys Carl.,morphology,subject_verb_agreement,irregular_plural_subject_verb_agreement_1,True,True,False,False,350,-54.1718635559082,-59.118499755859375,1
The parenthesis annoys this customer.,The parenthesis annoy this customer.,morphology,subject_verb_agreement,irregular_plural_subject_verb_agreement_1,True,True,False,False,351,-59.44260787963867,-54.345611572265625,0
All teeth have distracted Derek.,All teeth has distracted Derek.,morphology,subject_verb_agreement,irregular_plural_subject_verb_agreement_1,True,True,False,False,352,-42.24142074584961,-41.51704406738281,0
These hypotheses were impressing Carlos.,These hypotheses is impressing Carlos.,morphology,subject_verb_agreement,irregular_plural_subject_verb_agreement_1,True,True,False,False,353,-53.05643844604492,-51.05615234375,0
All men are returning to the Clintons.,All men is returning to the Clintons.,morphology,subject_verb_agreement,irregular_plural_subject_verb_agreement_1,True,True,False,False,354,-42.11512756347656,-42.90637969970703,1
This analysis dares Deborah to observe Rachel.,This analysis dare Deborah to observe Rachel.,morphology,subject_verb_agreement,irregular_plural_subject_verb_agreement_1,True,True,False,False,355,-68.05780029296875,-61.60599899291992,0
These ellipses stun Florence.,These ellipses stuns Florence.,morphology,subject_verb_agreement,irregular_plural_subject_verb_agreement_1,True,True,False,False,356,-55.480594635009766,-61.63710021972656,1
Every tooth was hurting Martin.,Every tooth are hurting Martin.,morphology,subject_verb_agreement,irregular_plural_subject_verb_agreement_1,True,True,False,False,357,-38.337974548339844,-39.58839416503906,1
Many stimuli have disgusted Julia.,Many stimuli has disgusted Julia.,morphology,subject_verb_agreement,irregular_plural_subject_verb_agreement_1,True,True,False,False,358,-45.752193450927734,-45.19171142578125,0
Some louse isn't coming here.,Some louse aren't coming here.,morphology,subject_verb_agreement,irregular_plural_subject_verb_agreement_1,True,True,False,False,359,-39.18329620361328,-40.39821243286133,1
Those cacti have vanished.,Those cacti has vanished.,morphology,subject_verb_agreement,irregular_plural_subject_verb_agreement_1,True,True,False,False,360,-42.19343566894531,-41.795982360839844,0
Most parentheses weren't distracting Timothy.,Most parentheses isn't distracting Timothy.,morphology,subject_verb_agreement,irregular_plural_subject_verb_agreement_1,True,True,False,False,361,-54.80323791503906,-52.05997848510742,0
Those lice descend a lot of slopes.,Those lice descends a lot of slopes.,morphology,subject_verb_agreement,irregular_plural_subject_verb_agreement_1,True,True,False,False,362,-53.337886810302734,-61.721622467041016,1
A goose has confused that adult.,A goose have confused that adult.,morphology,subject_verb_agreement,irregular_plural_subject_verb_agreement_1,True,True,False,False,363,-45.162269592285156,-45.908512115478516,1
Stimuli were astounding Katherine.,Stimuli was astounding Katherine.,morphology,subject_verb_agreement,irregular_plural_subject_verb_agreement_1,True,True,False,False,364,-52.842594146728516,-52.048011779785156,0
An ellipsis has bored Laurie.,An ellipsis have bored Laurie.,morphology,subject_verb_agreement,irregular_plural_subject_verb_agreement_1,True,True,False,False,365,-63.086429595947266,-64.8475341796875,1
These syntheses are bothering Sarah.,These syntheses was bothering Sarah.,morphology,subject_verb_agreement,irregular_plural_subject_verb_agreement_1,True,True,False,False,366,-45.76310348510742,-46.3016242980957,1
This phenomenon hasn't disturbed Susan.,This phenomenon haven't disturbed Susan.,morphology,subject_verb_agreement,irregular_plural_subject_verb_agreement_1,True,True,False,False,367,-48.42292022705078,-47.96794128417969,0
The diagnosis has astounded Sandra.,The diagnosis have astounded Sandra.,morphology,subject_verb_agreement,irregular_plural_subject_verb_agreement_1,True,True,False,False,368,-53.944461822509766,-54.470157623291016,1
These analyses manage to communicate.,These analyses manages to communicate.,morphology,subject_verb_agreement,irregular_plural_subject_verb_agreement_1,True,True,False,False,369,-38.6875114440918,-40.75691223144531,1
All oases haven't upset every doctor.,All oases hasn't upset every doctor.,morphology,subject_verb_agreement,irregular_plural_subject_verb_agreement_1,True,True,False,False,370,-52.578887939453125,-53.3215446472168,1
All ellipses weren't worrying all teachers.,All ellipses wasn't worrying all teachers.,morphology,subject_verb_agreement,irregular_plural_subject_verb_agreement_1,True,True,False,False,371,-70.44570922851562,-69.57658386230469,0
A lot of octopi were annoying Lucille.,A lot of octopi is annoying Lucille.,morphology,subject_verb_agreement,irregular_plural_subject_verb_agreement_1,True,True,False,False,372,-74.89039611816406,-73.52835845947266,0
Every nucleus was aggravating Theodore.,Every nucleus were aggravating Theodore.,morphology,subject_verb_agreement,irregular_plural_subject_verb_agreement_1,True,True,False,False,373,-50.89772415161133,-51.60978698730469,1
A lot of paralyses were boring many senators.,A lot of paralyses was boring many senators.,morphology,subject_verb_agreement,irregular_plural_subject_verb_agreement_1,True,True,False,False,374,-70.53146362304688,-70.70263671875,1
The hypothesis has irritated Rose.,The hypothesis have irritated Rose.,morphology,subject_verb_agreement,irregular_plural_subject_verb_agreement_1,True,True,False,False,375,-42.918968200683594,-44.74314880371094,1
This phenomenon shocks Teresa.,This phenomenon shock Teresa.,morphology,subject_verb_agreement,irregular_plural_subject_verb_agreement_1,True,True,False,False,376,-42.746002197265625,-40.293235778808594,0
A lot of men concur.,A lot of men concurs.,morphology,subject_verb_agreement,irregular_plural_subject_verb_agreement_1,True,True,False,False,377,-38.9324951171875,-40.108619689941406,1
The geese haven't found Susan.,The geese hasn't found Susan.,morphology,subject_verb_agreement,irregular_plural_subject_verb_agreement_1,True,True,False,False,378,-47.65861511230469,-49.225860595703125,1
Most fungi embarrass Kevin.,Most fungi embarrasses Kevin.,morphology,subject_verb_agreement,irregular_plural_subject_verb_agreement_1,True,True,False,False,379,-39.91981506347656,-48.15224075317383,1
A paralysis isn't embarrassing Kirsten.,A paralysis aren't embarrassing Kirsten.,morphology,subject_verb_agreement,irregular_plural_subject_verb_agreement_1,True,True,False,False,380,-56.059532165527344,-56.84801483154297,1
This man predicts most cashiers to disagree.,This man predict most cashiers to disagree.,morphology,subject_verb_agreement,irregular_plural_subject_verb_agreement_1,True,True,False,False,381,-70.32966613769531,-68.39850616455078,0
A lot of axes haven't appeared.,A lot of axes hasn't appeared.,morphology,subject_verb_agreement,irregular_plural_subject_verb_agreement_1,True,True,False,False,382,-45.29438400268555,-46.0969352722168,1
Every alumnus falls.,Every alumnus fall.,morphology,subject_verb_agreement,irregular_plural_subject_verb_agreement_1,True,True,False,False,383,-38.9200439453125,-39.266151428222656,1
Those people were hunting.,Those people is hunting.,morphology,subject_verb_agreement,irregular_plural_subject_verb_agreement_1,True,True,False,False,384,-23.98618507385254,-23.565126419067383,0
The stimulus was confusing David.,The stimulus were confusing David.,morphology,subject_verb_agreement,irregular_plural_subject_verb_agreement_1,True,True,False,False,385,-40.554466247558594,-40.51875305175781,0
Every radius has confused Dawn.,Every radius have confused Dawn.,morphology,subject_verb_agreement,irregular_plural_subject_verb_agreement_1,True,True,False,False,386,-43.27704620361328,-44.051605224609375,1
A child heals a fish.,A child heal a fish.,morphology,subject_verb_agreement,irregular_plural_subject_verb_agreement_1,True,True,False,False,387,-35.77289581298828,-32.54889678955078,0
A woman has left glaciers.,A woman have left glaciers.,morphology,subject_verb_agreement,irregular_plural_subject_verb_agreement_1,True,True,False,False,388,-36.304969787597656,-37.783870697021484,1
Those people seem to yawn.,Those people seems to yawn.,morphology,subject_verb_agreement,irregular_plural_subject_verb_agreement_1,True,True,False,False,389,-31.118057250976562,-31.500537872314453,1
Every tooth chips.,Every tooth chip.,morphology,subject_verb_agreement,irregular_plural_subject_verb_agreement_1,True,True,False,False,390,-22.219802856445312,-22.240955352783203,1
Some person wasn't happening to discuss Connie.,Some person weren't happening to discuss Connie.,morphology,subject_verb_agreement,irregular_plural_subject_verb_agreement_1,True,True,False,False,391,-52.747276306152344,-53.94466781616211,1
That person chuckles.,That person chuckle.,morphology,subject_verb_agreement,irregular_plural_subject_verb_agreement_1,True,True,False,False,392,-27.925634384155273,-23.69431495666504,0
Many stimuli haven't upset some actor.,Many stimuli hasn't upset some actor.,morphology,subject_verb_agreement,irregular_plural_subject_verb_agreement_1,True,True,False,False,393,-49.7212028503418,-50.7584114074707,1
The men aren't pressing all children to pass Spain.,The men wasn't pressing all children to pass Spain.,morphology,subject_verb_agreement,irregular_plural_subject_verb_agreement_1,True,True,False,False,394,-66.03207397460938,-65.30374908447266,0
A parenthesis upsets Heidi.,A parenthesis upset Heidi.,morphology,subject_verb_agreement,irregular_plural_subject_verb_agreement_1,True,True,False,False,395,-59.94197082519531,-49.953369140625,0
Some fungi appear.,Some fungi appears.,morphology,subject_verb_agreement,irregular_plural_subject_verb_agreement_1,True,True,False,False,396,-27.69366455078125,-26.400360107421875,0
Some cactus has upset that customer.,Some cactus have upset that customer.,morphology,subject_verb_agreement,irregular_plural_subject_verb_agreement_1,True,True,False,False,397,-52.08592987060547,-52.39495849609375,1
A lot of alumni haven't washed.,A lot of alumni hasn't washed.,morphology,subject_verb_agreement,irregular_plural_subject_verb_agreement_1,True,True,False,False,398,-46.313072204589844,-47.01428985595703,1
Some woman reveals Jacqueline.,Some woman reveal Jacqueline.,morphology,subject_verb_agreement,irregular_plural_subject_verb_agreement_1,True,True,False,False,399,-45.167884826660156,-43.67321014404297,0
Those feet were chipping.,Those feet is chipping.,morphology,subject_verb_agreement,irregular_plural_subject_verb_agreement_1,True,True,False,False,400,-35.416656494140625,-34.548484802246094,0
These cacti weren't falling.,These cacti wasn't falling.,morphology,subject_verb_agreement,irregular_plural_subject_verb_agreement_1,True,True,False,False,401,-46.378692626953125,-45.38880157470703,0
This tooth hasn't shocked Karla.,This tooth haven't shocked Karla.,morphology,subject_verb_agreement,irregular_plural_subject_verb_agreement_1,True,True,False,False,402,-55.58570861816406,-55.285247802734375,0
Some analyses haven't convinced Chad's sisters to struggle.,Some analyses hasn't convinced Chad's sisters to struggle.,morphology,subject_verb_agreement,irregular_plural_subject_verb_agreement_1,True,True,False,False,403,-77.74578857421875,-78.65548706054688,1
Some basis aggravates Erin.,Some basis aggravate Erin.,morphology,subject_verb_agreement,irregular_plural_subject_verb_agreement_1,True,True,False,False,404,-47.86564636230469,-46.025062561035156,0
Every woman wasn't standing up.,Every woman weren't standing up.,morphology,subject_verb_agreement,irregular_plural_subject_verb_agreement_1,True,True,False,False,405,-33.04058837890625,-34.4206657409668,1
An oasis has resembled most photographs.,An oasis have resembled most photographs.,morphology,subject_verb_agreement,irregular_plural_subject_verb_agreement_1,True,True,False,False,406,-57.18855285644531,-58.449588775634766,1
The nucleus isn't boring Paula.,The nucleus weren't boring Paula.,morphology,subject_verb_agreement,irregular_plural_subject_verb_agreement_1,True,True,False,False,407,-46.52705764770508,-49.33776092529297,1
Every crisis has aggravated an organization.,Every crisis have aggravated an organization.,morphology,subject_verb_agreement,irregular_plural_subject_verb_agreement_1,True,True,False,False,408,-46.790504455566406,-48.34343719482422,1
Some parentheses have opened.,Some parentheses has opened.,morphology,subject_verb_agreement,irregular_plural_subject_verb_agreement_1,True,True,False,False,409,-31.802568435668945,-31.159637451171875,0
Many alumni have stood up.,Many alumni has stood up.,morphology,subject_verb_agreement,irregular_plural_subject_verb_agreement_1,True,True,False,False,410,-34.99924850463867,-34.71782302856445,0
Some octopus has alarmed Theodore.,Some octopus have alarmed Theodore.,morphology,subject_verb_agreement,irregular_plural_subject_verb_agreement_1,True,True,False,False,411,-52.39662170410156,-53.43688201904297,1
The tooth annoys Wayne.,The tooth annoy Wayne.,morphology,subject_verb_agreement,irregular_plural_subject_verb_agreement_1,True,True,False,False,412,-38.986610412597656,-34.626312255859375,0
This basis alarms Homer.,This basis alarm Homer.,morphology,subject_verb_agreement,irregular_plural_subject_verb_agreement_1,True,True,False,False,413,-39.146881103515625,-36.66082000732422,0
The octopus shocks Andrea.,The octopus shock Andrea.,morphology,subject_verb_agreement,irregular_plural_subject_verb_agreement_1,True,True,False,False,414,-52.709293365478516,-50.195457458496094,0
Some axis has confused Gerald.,Some axis have confused Gerald.,morphology,subject_verb_agreement,irregular_plural_subject_verb_agreement_1,True,True,False,False,415,-43.74151611328125,-44.518611907958984,1
These phenomena stun Ruth.,These phenomena stuns Ruth.,morphology,subject_verb_agreement,irregular_plural_subject_verb_agreement_1,True,True,False,False,416,-39.53946304321289,-46.196861267089844,1
That alumnus is remembering what has slipped.,That alumnus were remembering what has slipped.,morphology,subject_verb_agreement,irregular_plural_subject_verb_agreement_1,True,True,False,False,417,-67.49649810791016,-68.48690795898438,1
Some fungus hasn't stunned Richard.,Some fungus haven't stunned Richard.,morphology,subject_verb_agreement,irregular_plural_subject_verb_agreement_1,True,True,False,False,418,-47.48280334472656,-47.39720916748047,0
Every mouse is astounding universities.,Every mouse are astounding universities.,morphology,subject_verb_agreement,irregular_plural_subject_verb_agreement_1,True,True,False,False,419,-40.611541748046875,-40.084861755371094,0
An ellipsis hasn't confused that government.,An ellipsis haven't confused that government.,morphology,subject_verb_agreement,irregular_plural_subject_verb_agreement_1,True,True,False,False,420,-67.39435577392578,-67.41355895996094,1
Those women were persuading Kathleen to flee from Amy.,Those women was persuading Kathleen to flee from Amy.,morphology,subject_verb_agreement,irregular_plural_subject_verb_agreement_1,True,True,False,False,421,-77.43318176269531,-76.39126586914062,0
That child writes.,That child write.,morphology,subject_verb_agreement,irregular_plural_subject_verb_agreement_1,True,True,False,False,422,-21.851268768310547,-21.981342315673828,1
A lot of children are shouting.,A lot of children is shouting.,morphology,subject_verb_agreement,irregular_plural_subject_verb_agreement_1,True,True,False,False,423,-32.845314025878906,-34.36686706542969,1
Children aren't commissioning this niece of Edward to approach Lisa.,Children isn't commissioning this niece of Edward to approach Lisa.,morphology,subject_verb_agreement,irregular_plural_subject_verb_agreement_1,True,True,False,False,424,-90.2140884399414,-88.16300964355469,0
Some people aggravate Nicole.,Some people aggravates Nicole.,morphology,subject_verb_agreement,irregular_plural_subject_verb_agreement_1,True,True,False,False,425,-40.61458206176758,-42.07102966308594,1
The fungi haven't impressed Marie.,The fungi hasn't impressed Marie.,morphology,subject_verb_agreement,irregular_plural_subject_verb_agreement_1,True,True,False,False,426,-48.44554138183594,-50.41588592529297,1
This crisis disgusts Claire.,This crisis disgust Claire.,morphology,subject_verb_agreement,irregular_plural_subject_verb_agreement_1,True,True,False,False,427,-43.318214416503906,-37.53501510620117,0
The man hasn't insulted Valerie.,The man haven't insulted Valerie.,morphology,subject_verb_agreement,irregular_plural_subject_verb_agreement_1,True,True,False,False,428,-45.39256286621094,-45.07526779174805,0
Every octopus hasn't found sweaters.,Every octopus haven't found sweaters.,morphology,subject_verb_agreement,irregular_plural_subject_verb_agreement_1,True,True,False,False,429,-66.14418029785156,-63.53278350830078,0
Many oxen have embarrassed Dana.,Many oxen has embarrassed Dana.,morphology,subject_verb_agreement,irregular_plural_subject_verb_agreement_1,True,True,False,False,430,-51.03995132446289,-50.72692108154297,0
Some axes aren't distracting every driver.,Some axes wasn't distracting every driver.,morphology,subject_verb_agreement,irregular_plural_subject_verb_agreement_1,True,True,False,False,431,-52.89196014404297,-52.832881927490234,0
These radii haven't upset these adults.,These radii hasn't upset these adults.,morphology,subject_verb_agreement,irregular_plural_subject_verb_agreement_1,True,True,False,False,432,-57.594032287597656,-58.425045013427734,1
The ox wakes up.,The ox wake up.,morphology,subject_verb_agreement,irregular_plural_subject_verb_agreement_1,True,True,False,False,433,-29.114070892333984,-27.64800262451172,0
The paralyses disturb Frank.,The paralyses disturbs Frank.,morphology,subject_verb_agreement,irregular_plural_subject_verb_agreement_1,True,True,False,False,434,-46.00141906738281,-58.03043746948242,1
The paralyses are disturbing a child.,The paralyses is disturbing a child.,morphology,subject_verb_agreement,irregular_plural_subject_verb_agreement_1,True,True,False,False,435,-52.05356979370117,-52.20440673828125,1
Many analyses aren't planning to drink.,Many analyses isn't planning to drink.,morphology,subject_verb_agreement,irregular_plural_subject_verb_agreement_1,True,True,False,False,436,-46.48580551147461,-44.87028884887695,0
Every man was believing George to kiss Mark.,Every man were believing George to kiss Mark.,morphology,subject_verb_agreement,irregular_plural_subject_verb_agreement_1,True,True,False,False,437,-59.93621063232422,-61.667030334472656,1
Some child hasn't obliged this girl's senators to nod.,Some child haven't obliged this girl's senators to nod.,morphology,subject_verb_agreement,irregular_plural_subject_verb_agreement_1,True,True,False,False,438,-76.939453125,-76.6514892578125,0
All radii have irritated Tanya.,All radii has irritated Tanya.,morphology,subject_verb_agreement,irregular_plural_subject_verb_agreement_1,True,True,False,False,439,-61.48350143432617,-60.71119689941406,0
Most crises annoy Anna.,Most crises annoys Anna.,morphology,subject_verb_agreement,irregular_plural_subject_verb_agreement_1,True,True,False,False,440,-39.38197708129883,-45.64889907836914,1
The nucleus disturbs Renee.,The nucleus disturb Renee.,morphology,subject_verb_agreement,irregular_plural_subject_verb_agreement_1,True,True,False,False,441,-54.46854782104492,-44.95209503173828,0
That foot hasn't slipped.,That foot haven't slipped.,morphology,subject_verb_agreement,irregular_plural_subject_verb_agreement_1,True,True,False,False,442,-32.45018768310547,-32.386131286621094,0
That ellipsis wasn't astounding some girls.,That ellipsis aren't astounding some girls.,morphology,subject_verb_agreement,irregular_plural_subject_verb_agreement_1,True,True,False,False,443,-72.65279388427734,-72.70750427246094,1
That alumnus compromises.,That alumnus compromise.,morphology,subject_verb_agreement,irregular_plural_subject_verb_agreement_1,True,True,False,False,444,-45.160911560058594,-43.986515045166016,0
A woman hasn't fled from Randolf.,A woman haven't fled from Randolf.,morphology,subject_verb_agreement,irregular_plural_subject_verb_agreement_1,True,True,False,False,445,-61.33313751220703,-61.88554000854492,1
Many geese ascend some steps.,Many geese ascends some steps.,morphology,subject_verb_agreement,irregular_plural_subject_verb_agreement_1,True,True,False,False,446,-49.19938278198242,-59.23161697387695,1
Syntheses have alarmed Margaret.,Syntheses has alarmed Margaret.,morphology,subject_verb_agreement,irregular_plural_subject_verb_agreement_1,True,True,False,False,447,-55.29572677612305,-53.34937286376953,0
The ellipses haven't aggravated some boy.,The ellipses hasn't aggravated some boy.,morphology,subject_verb_agreement,irregular_plural_subject_verb_agreement_1,True,True,False,False,448,-69.17764282226562,-70.5145263671875,1
Some radius has hurt Laura.,Some radius have hurt Laura.,morphology,subject_verb_agreement,irregular_plural_subject_verb_agreement_1,True,True,False,False,449,-40.213356018066406,-40.292396545410156,1
Those feet scare Cindy.,Those feet scares Cindy.,morphology,subject_verb_agreement,irregular_plural_subject_verb_agreement_1,True,True,False,False,450,-34.25156784057617,-35.724693298339844,1
The analysis is talking about Lawrence.,The analysis are talking about Lawrence.,morphology,subject_verb_agreement,irregular_plural_subject_verb_agreement_1,True,True,False,False,451,-37.387664794921875,-37.118831634521484,0
All nuclei haven't annoyed Holly.,All nuclei hasn't annoyed Holly.,morphology,subject_verb_agreement,irregular_plural_subject_verb_agreement_1,True,True,False,False,452,-53.785953521728516,-55.5021858215332,1
A lot of people aren't climbing up every ladder.,A lot of people isn't climbing up every ladder.,morphology,subject_verb_agreement,irregular_plural_subject_verb_agreement_1,True,True,False,False,453,-56.96417236328125,-55.85178756713867,0
These women weren't hugging.,These women wasn't hugging.,morphology,subject_verb_agreement,irregular_plural_subject_verb_agreement_1,True,True,False,False,454,-33.022647857666016,-31.984283447265625,0
This synthesis isn't stunning Bradley.,This synthesis aren't stunning Bradley.,morphology,subject_verb_agreement,irregular_plural_subject_verb_agreement_1,True,True,False,False,455,-51.04133605957031,-52.203861236572266,1
Some octopi climb down many steps.,Some octopi climbs down many steps.,morphology,subject_verb_agreement,irregular_plural_subject_verb_agreement_1,True,True,False,False,456,-59.863616943359375,-60.97604751586914,1
A phenomenon is distracting the actress.,A phenomenon were distracting the actress.,morphology,subject_verb_agreement,irregular_plural_subject_verb_agreement_1,True,True,False,False,457,-44.90650177001953,-45.321067810058594,1
All parentheses astound this senator.,All parentheses astounds this senator.,morphology,subject_verb_agreement,irregular_plural_subject_verb_agreement_1,True,True,False,False,458,-53.373748779296875,-54.399078369140625,1
Some diagnosis annoys every person.,Some diagnosis annoy every person.,morphology,subject_verb_agreement,irregular_plural_subject_verb_agreement_1,True,True,False,False,459,-45.867156982421875,-40.77907180786133,0
This parenthesis has upset Charles.,This parenthesis have upset Charles.,morphology,subject_verb_agreement,irregular_plural_subject_verb_agreement_1,True,True,False,False,460,-53.215301513671875,-53.59761428833008,1
That stimulus wastes away.,That stimulus waste away.,morphology,subject_verb_agreement,irregular_plural_subject_verb_agreement_1,True,True,False,False,461,-34.856712341308594,-32.521827697753906,0
This synopsis was commissioning Mitchell to talk about Sharon.,This synopsis were commissioning Mitchell to talk about Sharon.,morphology,subject_verb_agreement,irregular_plural_subject_verb_agreement_1,True,True,False,False,462,-80.65092468261719,-81.24641418457031,1
Most analyses are proving to testify.,Most analyses is proving to testify.,morphology,subject_verb_agreement,irregular_plural_subject_verb_agreement_1,True,True,False,False,463,-46.084869384765625,-46.23258972167969,1
The louse has broken a unicycle.,The louse have broken a unicycle.,morphology,subject_verb_agreement,irregular_plural_subject_verb_agreement_1,True,True,False,False,464,-56.55039978027344,-57.25311279296875,1
The synthesis embarrasses Tanya.,The synthesis embarrass Tanya.,morphology,subject_verb_agreement,irregular_plural_subject_verb_agreement_1,True,True,False,False,465,-51.93922424316406,-45.85247802734375,0
Most parentheses haven't confused Aaron.,Most parentheses hasn't confused Aaron.,morphology,subject_verb_agreement,irregular_plural_subject_verb_agreement_1,True,True,False,False,466,-49.24844741821289,-49.92021942138672,1
Most lice were impressing Homer.,Most lice was impressing Homer.,morphology,subject_verb_agreement,irregular_plural_subject_verb_agreement_1,True,True,False,False,467,-58.229209899902344,-57.17485046386719,0
Some parenthesis has bored Frank.,Some parenthesis have bored Frank.,morphology,subject_verb_agreement,irregular_plural_subject_verb_agreement_1,True,True,False,False,468,-53.71596908569336,-53.532798767089844,0
Some men haven't seemed to correspond.,Some men hasn't seemed to correspond.,morphology,subject_verb_agreement,irregular_plural_subject_verb_agreement_1,True,True,False,False,469,-42.068721771240234,-42.56588363647461,1
Some stimulus wasn't impressing Liam.,Some stimulus weren't impressing Liam.,morphology,subject_verb_agreement,irregular_plural_subject_verb_agreement_1,True,True,False,False,470,-57.28371047973633,-58.17044448852539,1
Some woman was compromising.,Some woman were compromising.,morphology,subject_verb_agreement,irregular_plural_subject_verb_agreement_1,True,True,False,False,471,-27.242055892944336,-28.396480560302734,1
The radius alarms Edward.,The radius alarm Edward.,morphology,subject_verb_agreement,irregular_plural_subject_verb_agreement_1,True,True,False,False,472,-37.47169494628906,-35.58415985107422,0
The feet have fallen apart.,The feet has fallen apart.,morphology,subject_verb_agreement,irregular_plural_subject_verb_agreement_1,True,True,False,False,473,-31.615022659301758,-31.659427642822266,1
That woman bikes to some closets.,That woman bike to some closets.,morphology,subject_verb_agreement,irregular_plural_subject_verb_agreement_1,True,True,False,False,474,-53.06650161743164,-52.502967834472656,0
Every cactus isn't disturbing some senator.,Every cactus aren't disturbing some senator.,morphology,subject_verb_agreement,irregular_plural_subject_verb_agreement_1,True,True,False,False,475,-58.994468688964844,-60.58859634399414,1
The child is returning to Beth.,The child are returning to Beth.,morphology,subject_verb_agreement,irregular_plural_subject_verb_agreement_1,True,True,False,False,476,-36.0020751953125,-36.88362503051758,1
All geese have left.,All geese has left.,morphology,subject_verb_agreement,irregular_plural_subject_verb_agreement_1,True,True,False,False,477,-34.70478057861328,-33.84197998046875,0
This analysis has appeared to alarm Steve.,This analysis have appeared to alarm Steve.,morphology,subject_verb_agreement,irregular_plural_subject_verb_agreement_1,True,True,False,False,478,-51.97758865356445,-52.623233795166016,1
That octopus isn't impressing Amy.,That octopus weren't impressing Amy.,morphology,subject_verb_agreement,irregular_plural_subject_verb_agreement_1,True,True,False,False,479,-63.0343132019043,-64.86280059814453,1
The mouse hasn't resembled many sketches.,The mouse haven't resembled many sketches.,morphology,subject_verb_agreement,irregular_plural_subject_verb_agreement_1,True,True,False,False,480,-55.058074951171875,-53.4071044921875,0
The woman wasn't imploring Todd to dislike Deborah.,The woman weren't imploring Todd to dislike Deborah.,morphology,subject_verb_agreement,irregular_plural_subject_verb_agreement_1,True,True,False,False,481,-81.57420349121094,-83.14471435546875,1
That thesis wins.,That thesis win.,morphology,subject_verb_agreement,irregular_plural_subject_verb_agreement_1,True,True,False,False,482,-26.91668701171875,-26.677566528320312,0
Some medium has embarrassed Jeffrey.,Some medium have embarrassed Jeffrey.,morphology,subject_verb_agreement,irregular_plural_subject_verb_agreement_1,True,True,False,False,483,-45.41348648071289,-45.725059509277344,1
This analysis looks to correspond.,This analysis look to correspond.,morphology,subject_verb_agreement,irregular_plural_subject_verb_agreement_1,True,True,False,False,484,-41.00546646118164,-38.76432800292969,0
The woman proposes to break a vase.,The woman propose to break a vase.,morphology,subject_verb_agreement,irregular_plural_subject_verb_agreement_1,True,True,False,False,485,-56.363319396972656,-52.61050033569336,0
A lot of paralyses haven't impressed Jacqueline.,A lot of paralyses hasn't impressed Jacqueline.,morphology,subject_verb_agreement,irregular_plural_subject_verb_agreement_1,True,True,False,False,486,-80.23068237304688,-80.92770385742188,1
Those lice have shocked Deanna.,Those lice has shocked Deanna.,morphology,subject_verb_agreement,irregular_plural_subject_verb_agreement_1,True,True,False,False,487,-53.37998962402344,-53.322357177734375,0
A lot of women have left Carrie.,A lot of women has left Carrie.,morphology,subject_verb_agreement,irregular_plural_subject_verb_agreement_1,True,True,False,False,488,-45.01425552368164,-44.063533782958984,0
Some women have explained everything.,Some women has explained everything.,morphology,subject_verb_agreement,irregular_plural_subject_verb_agreement_1,True,True,False,False,489,-33.986236572265625,-33.44453811645508,0
Bases are impressing Jane.,Bases is impressing Jane.,morphology,subject_verb_agreement,irregular_plural_subject_verb_agreement_1,True,True,False,False,490,-49.45884323120117,-48.38871765136719,0
Lice escape.,Lice escapes.,morphology,subject_verb_agreement,irregular_plural_subject_verb_agreement_1,True,True,False,False,491,-21.092487335205078,-22.45429229736328,1
Many oxen break a screen.,Many oxen breaks a screen.,morphology,subject_verb_agreement,irregular_plural_subject_verb_agreement_1,True,True,False,False,492,-41.51063537597656,-42.00845718383789,1
Some bases haven't stunned Travis.,Some bases hasn't stunned Travis.,morphology,subject_verb_agreement,irregular_plural_subject_verb_agreement_1,True,True,False,False,493,-50.267486572265625,-50.7939453125,1
The bases worry Bradley.,The bases worries Bradley.,morphology,subject_verb_agreement,irregular_plural_subject_verb_agreement_1,True,True,False,False,494,-38.51276397705078,-39.42516326904297,1
Every louse hasn't hidden.,Every louse haven't hidden.,morphology,subject_verb_agreement,irregular_plural_subject_verb_agreement_1,True,True,False,False,495,-42.73781204223633,-42.29505157470703,0
A lot of analyses aren't wanting Mitchell to fall asleep.,A lot of analyses wasn't wanting Mitchell to fall asleep.,morphology,subject_verb_agreement,irregular_plural_subject_verb_agreement_1,True,True,False,False,496,-80.220703125,-80.12187957763672,0
The phenomenon upsets John.,The phenomenon upset John.,morphology,subject_verb_agreement,irregular_plural_subject_verb_agreement_1,True,True,False,False,497,-44.951568603515625,-36.11275100708008,0
Some child isn't firing Margaret.,Some child weren't firing Margaret.,morphology,subject_verb_agreement,irregular_plural_subject_verb_agreement_1,True,True,False,False,498,-41.16592025756836,-43.739463806152344,1
Some octopi weren't shocking Galileo.,Some octopi isn't shocking Galileo.,morphology,subject_verb_agreement,irregular_plural_subject_verb_agreement_1,True,True,False,False,499,-66.96470642089844,-64.69815826416016,0
A lot of bases haven't scared Mitchell.,A lot of bases hasn't scared Mitchell.,morphology,subject_verb_agreement,irregular_plural_subject_verb_agreement_1,True,True,False,False,500,-57.196624755859375,-57.4820556640625,1
Many radii haven't irritated the driver.,Many radii hasn't irritated the driver.,morphology,subject_verb_agreement,irregular_plural_subject_verb_agreement_1,True,True,False,False,501,-57.44407653808594,-58.700355529785156,1
Some synopses plan to hire Phillip.,Some synopses plans to hire Phillip.,morphology,subject_verb_agreement,irregular_plural_subject_verb_agreement_1,True,True,False,False,502,-67.37552642822266,-68.62368774414062,1
Some paralysis hasn't bothered William.,Some paralysis haven't bothered William.,morphology,subject_verb_agreement,irregular_plural_subject_verb_agreement_1,True,True,False,False,503,-49.205360412597656,-48.28289794921875,0
Every louse was annoying Nina.,Every louse are annoying Nina.,morphology,subject_verb_agreement,irregular_plural_subject_verb_agreement_1,True,True,False,False,504,-46.34420394897461,-46.51380920410156,1
Some radius was distracting Travis.,Some radius were distracting Travis.,morphology,subject_verb_agreement,irregular_plural_subject_verb_agreement_1,True,True,False,False,505,-44.42932891845703,-45.21617889404297,1
All crises haven't embarrassed Claire.,All crises hasn't embarrassed Claire.,morphology,subject_verb_agreement,irregular_plural_subject_verb_agreement_1,True,True,False,False,506,-49.342384338378906,-49.6727294921875,1
Some geese were looking like that painting.,Some geese is looking like that painting.,morphology,subject_verb_agreement,irregular_plural_subject_verb_agreement_1,True,True,False,False,507,-50.43376922607422,-49.03266143798828,0
This analysis threatens to hunt.,This analysis threaten to hunt.,morphology,subject_verb_agreement,irregular_plural_subject_verb_agreement_1,True,True,False,False,508,-39.417457580566406,-37.11005401611328,0
Men haven't anticipated a lot of ladies to whisper.,Men hasn't anticipated a lot of ladies to whisper.,morphology,subject_verb_agreement,irregular_plural_subject_verb_agreement_1,True,True,False,False,509,-55.056129455566406,-55.821922302246094,1
Every person remembers what aren't rolling.,Every person remember what aren't rolling.,morphology,subject_verb_agreement,irregular_plural_subject_verb_agreement_1,True,True,False,False,510,-50.058082580566406,-44.13134002685547,0
These alumni weren't finding out who sang.,These alumni isn't finding out who sang.,morphology,subject_verb_agreement,irregular_plural_subject_verb_agreement_1,True,True,False,False,511,-58.15498352050781,-55.46747589111328,0
All stimuli bore that teacher.,All stimuli bores that teacher.,morphology,subject_verb_agreement,irregular_plural_subject_verb_agreement_1,True,True,False,False,512,-41.40141677856445,-49.182716369628906,1
That axis wasn't aggravating Christine.,That axis aren't aggravating Christine.,morphology,subject_verb_agreement,irregular_plural_subject_verb_agreement_1,True,True,False,False,513,-59.43461227416992,-59.16493606567383,0
The woman hasn't explained everything.,The woman haven't explained everything.,morphology,subject_verb_agreement,irregular_plural_subject_verb_agreement_1,True,True,False,False,514,-37.74296569824219,-36.98973083496094,0
Some ellipses are annoying Meredith.,Some ellipses was annoying Meredith.,morphology,subject_verb_agreement,irregular_plural_subject_verb_agreement_1,True,True,False,False,515,-60.269325256347656,-61.26527404785156,1
Oxen weren't embarrassing Tiffany.,Oxen isn't embarrassing Tiffany.,morphology,subject_verb_agreement,irregular_plural_subject_verb_agreement_1,True,True,False,False,516,-45.72043991088867,-43.476173400878906,0
The crises haven't irritated Russell.,The crises hasn't irritated Russell.,morphology,subject_verb_agreement,irregular_plural_subject_verb_agreement_1,True,True,False,False,517,-50.84308624267578,-51.11623001098633,1
The tooth irritates Jodi.,The tooth irritate Jodi.,morphology,subject_verb_agreement,irregular_plural_subject_verb_agreement_1,True,True,False,False,518,-52.7449951171875,-50.93526840209961,0
All stimuli waste away.,All stimuli wastes away.,morphology,subject_verb_agreement,irregular_plural_subject_verb_agreement_1,True,True,False,False,519,-34.22429275512695,-36.6097412109375,1
A lot of cacti haven't bothered Heidi.,A lot of cacti hasn't bothered Heidi.,morphology,subject_verb_agreement,irregular_plural_subject_verb_agreement_1,True,True,False,False,520,-70.25466918945312,-70.58911895751953,1
The woman was looking to descend this mountain.,The woman are looking to descend this mountain.,morphology,subject_verb_agreement,irregular_plural_subject_verb_agreement_1,True,True,False,False,521,-49.66516876220703,-50.18647003173828,1
The paralysis shocks Candice.,The paralysis shock Candice.,morphology,subject_verb_agreement,irregular_plural_subject_verb_agreement_1,True,True,False,False,522,-48.789405822753906,-46.28466033935547,0
These cacti have annoyed Brenda.,These cacti has annoyed Brenda.,morphology,subject_verb_agreement,irregular_plural_subject_verb_agreement_1,True,True,False,False,523,-55.610652923583984,-55.480289459228516,0
The radius is disgusting a lot of doctors.,The radius were disgusting a lot of doctors.,morphology,subject_verb_agreement,irregular_plural_subject_verb_agreement_1,True,True,False,False,524,-51.35839080810547,-52.07780838012695,1
These lice climb up some hill.,These lice climbs up some hill.,morphology,subject_verb_agreement,irregular_plural_subject_verb_agreement_1,True,True,False,False,525,-44.241031646728516,-45.96143341064453,1
Every person wasn't forgetting what find Jacqueline.,Every person weren't forgetting what find Jacqueline.,morphology,subject_verb_agreement,irregular_plural_subject_verb_agreement_1,True,True,False,False,526,-68.68421936035156,-70.03328704833984,1
All syntheses were shocking Caroline.,All syntheses was shocking Caroline.,morphology,subject_verb_agreement,irregular_plural_subject_verb_agreement_1,True,True,False,False,527,-48.15885925292969,-49.311275482177734,1
Every phenomenon hurts Veronica.,Every phenomenon hurt Veronica.,morphology,subject_verb_agreement,irregular_plural_subject_verb_agreement_1,True,True,False,False,528,-40.26276397705078,-38.71675109863281,0
Every diagnosis was disturbing the lady.,Every diagnosis are disturbing the lady.,morphology,subject_verb_agreement,irregular_plural_subject_verb_agreement_1,True,True,False,False,529,-43.062381744384766,-42.17494201660156,0
All oxen exist.,All oxen exists.,morphology,subject_verb_agreement,irregular_plural_subject_verb_agreement_1,True,True,False,False,530,-30.189443588256836,-31.286733627319336,1
This basis worries Amelia.,This basis worry Amelia.,morphology,subject_verb_agreement,irregular_plural_subject_verb_agreement_1,True,True,False,False,531,-39.957923889160156,-37.86250305175781,0
These children regret an actor isn't preferring some truck to turn.,These children regrets an actor isn't preferring some truck to turn.,morphology,subject_verb_agreement,irregular_plural_subject_verb_agreement_1,True,True,False,False,532,-85.76544189453125,-88.78067779541016,1
Every synopsis isn't trying to embarrass Carl.,Every synopsis weren't trying to embarrass Carl.,morphology,subject_verb_agreement,irregular_plural_subject_verb_agreement_1,True,True,False,False,533,-55.56425476074219,-57.98882293701172,1
This cactus has embarrassed Beth.,This cactus have embarrassed Beth.,morphology,subject_verb_agreement,irregular_plural_subject_verb_agreement_1,True,True,False,False,534,-50.34252166748047,-50.75281524658203,1
That woman visits the dancers.,That woman visit the dancers.,morphology,subject_verb_agreement,irregular_plural_subject_verb_agreement_1,True,True,False,False,535,-37.80698776245117,-35.85650634765625,0
That medium hasn't confused that dancer.,That medium haven't confused that dancer.,morphology,subject_verb_agreement,irregular_plural_subject_verb_agreement_1,True,True,False,False,536,-52.3036994934082,-51.59071350097656,0
The alumnus has concealed what brighten.,The alumnus have concealed what brighten.,morphology,subject_verb_agreement,irregular_plural_subject_verb_agreement_1,True,True,False,False,537,-68.30732727050781,-68.69056701660156,1
All stimuli have scared Martin.,All stimuli has scared Martin.,morphology,subject_verb_agreement,irregular_plural_subject_verb_agreement_1,True,True,False,False,538,-42.42760467529297,-41.847015380859375,0
Many men have revealed some gate.,Many men has revealed some gate.,morphology,subject_verb_agreement,irregular_plural_subject_verb_agreement_1,True,True,False,False,539,-40.64544677734375,-40.923118591308594,1
A lot of nuclei have wasted away.,A lot of nuclei has wasted away.,morphology,subject_verb_agreement,irregular_plural_subject_verb_agreement_1,True,True,False,False,540,-51.5651969909668,-50.975128173828125,0
The geese were waking up.,The geese was waking up.,morphology,subject_verb_agreement,irregular_plural_subject_verb_agreement_1,True,True,False,False,541,-40.62572479248047,-39.17978286743164,0
Many fungi aren't upsetting Carla.,Many fungi wasn't upsetting Carla.,morphology,subject_verb_agreement,irregular_plural_subject_verb_agreement_1,True,True,False,False,542,-57.69872283935547,-56.08734130859375,0
That woman conceals who could expect Kristen to approach Colleen.,That woman conceal who could expect Kristen to approach Colleen.,morphology,subject_verb_agreement,irregular_plural_subject_verb_agreement_1,True,True,False,False,543,-100.73102569580078,-93.69502258300781,0
Axes haven't scared this student.,Axes hasn't scared this student.,morphology,subject_verb_agreement,irregular_plural_subject_verb_agreement_1,True,True,False,False,544,-43.81420135498047,-44.038543701171875,1
This crisis has distracted Janet.,This crisis have distracted Janet.,morphology,subject_verb_agreement,irregular_plural_subject_verb_agreement_1,True,True,False,False,545,-41.953819274902344,-44.03360366821289,1
Some fungus embarrasses all teenagers.,Some fungus embarrass all teenagers.,morphology,subject_verb_agreement,irregular_plural_subject_verb_agreement_1,True,True,False,False,546,-54.31888198852539,-46.239585876464844,0
Many men haven't known all pedestrians.,Many men hasn't known all pedestrians.,morphology,subject_verb_agreement,irregular_plural_subject_verb_agreement_1,True,True,False,False,547,-48.1277961730957,-48.22638702392578,1
That basis wasn't disgusting Carrie.,That basis weren't disgusting Carrie.,morphology,subject_verb_agreement,irregular_plural_subject_verb_agreement_1,True,True,False,False,548,-49.63304901123047,-50.17533493041992,1
Some oasis falls.,Some oasis fall.,morphology,subject_verb_agreement,irregular_plural_subject_verb_agreement_1,True,True,False,False,549,-30.993896484375,-30.876893997192383,0
Some fungus disappears.,Some fungus disappear.,morphology,subject_verb_agreement,irregular_plural_subject_verb_agreement_1,True,True,False,False,550,-27.596229553222656,-26.26907730102539,0
Alumni haven't studied.,Alumni hasn't studied.,morphology,subject_verb_agreement,irregular_plural_subject_verb_agreement_1,True,True,False,False,551,-37.39486312866211,-37.658363342285156,1
Some medium has bored Danielle.,Some medium have bored Danielle.,morphology,subject_verb_agreement,irregular_plural_subject_verb_agreement_1,True,True,False,False,552,-44.859397888183594,-45.36692428588867,1
Paralyses have bothered Carrie.,Paralyses has bothered Carrie.,morphology,subject_verb_agreement,irregular_plural_subject_verb_agreement_1,True,True,False,False,553,-46.50581359863281,-45.258155822753906,0
Most teeth annoy Irene.,Most teeth annoys Irene.,morphology,subject_verb_agreement,irregular_plural_subject_verb_agreement_1,True,True,False,False,554,-44.393211364746094,-48.76324462890625,1
The diagnoses haven't upset Natalie.,The diagnoses hasn't upset Natalie.,morphology,subject_verb_agreement,irregular_plural_subject_verb_agreement_1,True,True,False,False,555,-50.371368408203125,-51.82061004638672,1
Every synthesis wasn't annoying the lady.,Every synthesis aren't annoying the lady.,morphology,subject_verb_agreement,irregular_plural_subject_verb_agreement_1,True,True,False,False,556,-48.38103485107422,-48.539581298828125,1
These octopi have existed.,These octopi has existed.,morphology,subject_verb_agreement,irregular_plural_subject_verb_agreement_1,True,True,False,False,557,-44.681365966796875,-44.45733642578125,0
Every analysis wasn't planning to swallow.,Every analysis weren't planning to swallow.,morphology,subject_verb_agreement,irregular_plural_subject_verb_agreement_1,True,True,False,False,558,-46.18674087524414,-47.56221008300781,1
A child has begged the girl's doctor to flee from the person.,A child have begged the girl's doctor to flee from the person.,morphology,subject_verb_agreement,irregular_plural_subject_verb_agreement_1,True,True,False,False,559,-74.20747375488281,-76.05096435546875,1
These syntheses aren't boring Stephanie.,These syntheses wasn't boring Stephanie.,morphology,subject_verb_agreement,irregular_plural_subject_verb_agreement_1,True,True,False,False,560,-54.470890045166016,-54.572837829589844,1
This phenomenon stuns Irene.,This phenomenon stun Irene.,morphology,subject_verb_agreement,irregular_plural_subject_verb_agreement_1,True,True,False,False,561,-54.89154815673828,-48.44358825683594,0
Every child has studied.,Every child have studied.,morphology,subject_verb_agreement,irregular_plural_subject_verb_agreement_1,True,True,False,False,562,-27.17371368408203,-27.846385955810547,1
A lot of stimuli are bothering most guys.,A lot of stimuli is bothering most guys.,morphology,subject_verb_agreement,irregular_plural_subject_verb_agreement_1,True,True,False,False,563,-59.607521057128906,-60.61895751953125,1
Many geese weren't coming here.,Many geese isn't coming here.,morphology,subject_verb_agreement,irregular_plural_subject_verb_agreement_1,True,True,False,False,564,-45.733455657958984,-42.77403259277344,0
Many octopi have scared Heidi.,Many octopi has scared Heidi.,morphology,subject_verb_agreement,irregular_plural_subject_verb_agreement_1,True,True,False,False,565,-58.06767272949219,-57.72149658203125,0
Some medium shocks Elizabeth.,Some medium shock Elizabeth.,morphology,subject_verb_agreement,irregular_plural_subject_verb_agreement_1,True,True,False,False,566,-37.632728576660156,-34.23655700683594,0
People were sitting down.,People is sitting down.,morphology,subject_verb_agreement,irregular_plural_subject_verb_agreement_1,True,True,False,False,567,-20.49947738647461,-19.644454956054688,0
Many media haven't astounded Kendra.,Many media hasn't astounded Kendra.,morphology,subject_verb_agreement,irregular_plural_subject_verb_agreement_1,True,True,False,False,568,-68.10700225830078,-69.02198791503906,1
Those oxen astound Elizabeth.,Those oxen astounds Elizabeth.,morphology,subject_verb_agreement,irregular_plural_subject_verb_agreement_1,True,True,False,False,569,-49.47282409667969,-50.948089599609375,1
Cacti waste away.,Cacti wastes away.,morphology,subject_verb_agreement,irregular_plural_subject_verb_agreement_1,True,True,False,False,570,-33.57391357421875,-36.68337631225586,1
That alumnus waves.,That alumnus wave.,morphology,subject_verb_agreement,irregular_plural_subject_verb_agreement_1,True,True,False,False,571,-40.83837127685547,-40.805538177490234,0
A lot of paralyses have bothered a lot of waitresses.,A lot of paralyses has bothered a lot of waitresses.,morphology,subject_verb_agreement,irregular_plural_subject_verb_agreement_1,True,True,False,False,572,-83.03656005859375,-82.20059204101562,0
This synopsis wins.,This synopsis win.,morphology,subject_verb_agreement,irregular_plural_subject_verb_agreement_1,True,True,False,False,573,-27.13475799560547,-27.258586883544922,1
Every goose wasn't impressing Anna.,Every goose aren't impressing Anna.,morphology,subject_verb_agreement,irregular_plural_subject_verb_agreement_1,True,True,False,False,574,-53.52436065673828,-55.75849151611328,1
Some teeth drop.,Some teeth drops.,morphology,subject_verb_agreement,irregular_plural_subject_verb_agreement_1,True,True,False,False,575,-23.797351837158203,-22.342430114746094,0
Some ox hasn't found a lot of blouses.,Some ox haven't found a lot of blouses.,morphology,subject_verb_agreement,irregular_plural_subject_verb_agreement_1,True,True,False,False,576,-57.87397766113281,-57.79966735839844,0
That goose has upset Spain.,That goose have upset Spain.,morphology,subject_verb_agreement,irregular_plural_subject_verb_agreement_1,True,True,False,False,577,-39.58736038208008,-40.65538024902344,1
The radius wasn't alarming a lot of universities.,The radius aren't alarming a lot of universities.,morphology,subject_verb_agreement,irregular_plural_subject_verb_agreement_1,True,True,False,False,578,-56.81232833862305,-58.25836181640625,1
The thesis attempts to exercise.,The thesis attempt to exercise.,morphology,subject_verb_agreement,irregular_plural_subject_verb_agreement_1,True,True,False,False,579,-36.270545959472656,-34.46649932861328,0
Those stimuli were worrying Ruth.,Those stimuli is worrying Ruth.,morphology,subject_verb_agreement,irregular_plural_subject_verb_agreement_1,True,True,False,False,580,-42.73796081542969,-42.101234436035156,0
Some person has answered.,Some person have answered.,morphology,subject_verb_agreement,irregular_plural_subject_verb_agreement_1,True,True,False,False,581,-26.80841827392578,-26.59055519104004,0
Some alumni haven't believed a lot of women to hire Elizabeth.,Some alumni hasn't believed a lot of women to hire Elizabeth.,morphology,subject_verb_agreement,irregular_plural_subject_verb_agreement_1,True,True,False,False,582,-74.23235321044922,-74.85602569580078,1
Every child hasn't exited some public park.,Every child haven't exited some public park.,morphology,subject_verb_agreement,irregular_plural_subject_verb_agreement_1,True,True,False,False,583,-58.69695281982422,-57.90898895263672,0
Some geese have escaped.,Some geese has escaped.,morphology,subject_verb_agreement,irregular_plural_subject_verb_agreement_1,True,True,False,False,584,-37.487396240234375,-36.88961410522461,0
The tooth wasn't boring some driver.,The tooth weren't boring some driver.,morphology,subject_verb_agreement,irregular_plural_subject_verb_agreement_1,True,True,False,False,585,-48.5000114440918,-49.954559326171875,1
These nuclei were existing.,These nuclei was existing.,morphology,subject_verb_agreement,irregular_plural_subject_verb_agreement_1,True,True,False,False,586,-38.85926055908203,-38.64429473876953,0
The synopsis conceals Cindy.,The synopsis conceal Cindy.,morphology,subject_verb_agreement,irregular_plural_subject_verb_agreement_1,True,True,False,False,587,-49.678653717041016,-41.746665954589844,0
Some axes haven't wasted away.,Some axes hasn't wasted away.,morphology,subject_verb_agreement,irregular_plural_subject_verb_agreement_1,True,True,False,False,588,-40.48392868041992,-40.81658935546875,1
Some diagnosis scares the pedestrians.,Some diagnosis scare the pedestrians.,morphology,subject_verb_agreement,irregular_plural_subject_verb_agreement_1,True,True,False,False,589,-44.510223388671875,-42.181373596191406,0
That thesis hasn't insulted Lissa.,That thesis haven't insulted Lissa.,morphology,subject_verb_agreement,irregular_plural_subject_verb_agreement_1,True,True,False,False,590,-57.3680419921875,-56.908363342285156,0
The hypotheses annoy Noah.,The hypotheses annoys Noah.,morphology,subject_verb_agreement,irregular_plural_subject_verb_agreement_1,True,True,False,False,591,-39.182212829589844,-44.021121978759766,1
The synthesis wasn't boring Alicia.,The synthesis aren't boring Alicia.,morphology,subject_verb_agreement,irregular_plural_subject_verb_agreement_1,True,True,False,False,592,-49.76200485229492,-50.170372009277344,1
Some syntheses were bothering William.,Some syntheses is bothering William.,morphology,subject_verb_agreement,irregular_plural_subject_verb_agreement_1,True,True,False,False,593,-47.3376579284668,-48.16047668457031,1
Every child hasn't found out what shrinks.,Every child haven't found out what shrinks.,morphology,subject_verb_agreement,irregular_plural_subject_verb_agreement_1,True,True,False,False,594,-57.24956512451172,-56.358055114746094,0
A fungus embarrasses Lisa.,A fungus embarrass Lisa.,morphology,subject_verb_agreement,irregular_plural_subject_verb_agreement_1,True,True,False,False,595,-45.84886932373047,-38.121070861816406,0
Every basis is boring a woman.,Every basis were boring a woman.,morphology,subject_verb_agreement,irregular_plural_subject_verb_agreement_1,True,True,False,False,596,-41.38585662841797,-41.353641510009766,0
Some nucleus resembles every photograph.,Some nucleus resemble every photograph.,morphology,subject_verb_agreement,irregular_plural_subject_verb_agreement_1,True,True,False,False,597,-44.166622161865234,-44.12263870239258,0
All analyses insult some women.,All analyses insults some women.,morphology,subject_verb_agreement,irregular_plural_subject_verb_agreement_1,True,True,False,False,598,-42.69786834716797,-43.97689437866211,1
This man hasn't disliked Beth.,This man haven't disliked Beth.,morphology,subject_verb_agreement,irregular_plural_subject_verb_agreement_1,True,True,False,False,599,-43.19147872924805,-43.36844253540039,1
The man mutters.,The man mutter.,morphology,subject_verb_agreement,irregular_plural_subject_verb_agreement_1,True,True,False,False,600,-27.180896759033203,-26.910377502441406,0
Many geese haven't worried these schools.,Many geese hasn't worried these schools.,morphology,subject_verb_agreement,irregular_plural_subject_verb_agreement_1,True,True,False,False,601,-56.42149353027344,-57.122962951660156,1
That medium was bothering Edward.,That medium were bothering Edward.,morphology,subject_verb_agreement,irregular_plural_subject_verb_agreement_1,True,True,False,False,602,-41.53606414794922,-41.64338684082031,1
A tooth hasn't aggravated Thomas.,A tooth haven't aggravated Thomas.,morphology,subject_verb_agreement,irregular_plural_subject_verb_agreement_1,True,True,False,False,603,-44.418399810791016,-44.245174407958984,0
Most fungi haven't irritated Carrie.,Most fungi hasn't irritated Carrie.,morphology,subject_verb_agreement,irregular_plural_subject_verb_agreement_1,True,True,False,False,604,-53.27302551269531,-53.942081451416016,1
The cactus hurts Becky.,The cactus hurt Becky.,morphology,subject_verb_agreement,irregular_plural_subject_verb_agreement_1,True,True,False,False,605,-43.70940399169922,-43.33492660522461,0
The cactus disturbs some women.,The cactus disturb some women.,morphology,subject_verb_agreement,irregular_plural_subject_verb_agreement_1,True,True,False,False,606,-60.10795211791992,-47.15287780761719,0
This person has hidden away.,This person have hidden away.,morphology,subject_verb_agreement,irregular_plural_subject_verb_agreement_1,True,True,False,False,607,-30.03217315673828,-29.774751663208008,0
Some ellipsis has irritated Veronica.,Some ellipsis have irritated Veronica.,morphology,subject_verb_agreement,irregular_plural_subject_verb_agreement_1,True,True,False,False,608,-64.90664672851562,-65.68855285644531,1
Some alumni have climbed down most steps.,Some alumni has climbed down most steps.,morphology,subject_verb_agreement,irregular_plural_subject_verb_agreement_1,True,True,False,False,609,-52.72523880004883,-53.90815353393555,1
Many cacti have fallen.,Many cacti has fallen.,morphology,subject_verb_agreement,irregular_plural_subject_verb_agreement_1,True,True,False,False,610,-42.0554084777832,-41.78428649902344,0
The axis appears.,The axis appear.,morphology,subject_verb_agreement,irregular_plural_subject_verb_agreement_1,True,True,False,False,611,-25.715240478515625,-26.588895797729492,1
The ellipsis isn't scaring Adam.,The ellipsis weren't scaring Adam.,morphology,subject_verb_agreement,irregular_plural_subject_verb_agreement_1,True,True,False,False,612,-68.54601287841797,-70.60859680175781,1
A lot of lice have annoyed Allison.,A lot of lice has annoyed Allison.,morphology,subject_verb_agreement,irregular_plural_subject_verb_agreement_1,True,True,False,False,613,-59.86622619628906,-58.651710510253906,0
Most teeth have resembled the photograph.,Most teeth has resembled the photograph.,morphology,subject_verb_agreement,irregular_plural_subject_verb_agreement_1,True,True,False,False,614,-42.42478942871094,-42.291046142578125,0
Some synopsis hasn't boasted.,Some synopsis haven't boasted.,morphology,subject_verb_agreement,irregular_plural_subject_verb_agreement_1,True,True,False,False,615,-40.841304779052734,-40.51952362060547,0
Every analysis has spurred these adults to visit Brad.,Every analysis have spurred these adults to visit Brad.,morphology,subject_verb_agreement,irregular_plural_subject_verb_agreement_1,True,True,False,False,616,-73.2724380493164,-74.38107299804688,1
The alumnus has boycotted Harvard University.,The alumnus have boycotted Harvard University.,morphology,subject_verb_agreement,irregular_plural_subject_verb_agreement_1,True,True,False,False,617,-82.03126525878906,-83.21560668945312,1
That basis wasn't embarrassing Brenda.,That basis aren't embarrassing Brenda.,morphology,subject_verb_agreement,irregular_plural_subject_verb_agreement_1,True,True,False,False,618,-48.81181716918945,-48.647735595703125,0
All fungi haven't impressed many cashiers.,All fungi hasn't impressed many cashiers.,morphology,subject_verb_agreement,irregular_plural_subject_verb_agreement_1,True,True,False,False,619,-65.5113525390625,-65.49113464355469,0
That phenomenon was disturbing Frank.,That phenomenon are disturbing Frank.,morphology,subject_verb_agreement,irregular_plural_subject_verb_agreement_1,True,True,False,False,620,-41.80649948120117,-39.9312744140625,0
A stimulus alarms Jennifer.,A stimulus alarm Jennifer.,morphology,subject_verb_agreement,irregular_plural_subject_verb_agreement_1,True,True,False,False,621,-39.98418426513672,-36.63838577270508,0
Every diagnosis hasn't astounded Melinda.,Every diagnosis haven't astounded Melinda.,morphology,subject_verb_agreement,irregular_plural_subject_verb_agreement_1,True,True,False,False,622,-68.60333251953125,-67.50910949707031,0
All children obligate Roger's handymen to hate these boys.,All children obligates Roger's handymen to hate these boys.,morphology,subject_verb_agreement,irregular_plural_subject_verb_agreement_1,True,True,False,False,623,-93.72941589355469,-94.82685089111328,1
A lot of radii have alarmed Sheila.,A lot of radii has alarmed Sheila.,morphology,subject_verb_agreement,irregular_plural_subject_verb_agreement_1,True,True,False,False,624,-64.29350280761719,-63.4016227722168,0
The analysis hasn't encouraged Heather to yawn.,The analysis haven't encouraged Heather to yawn.,morphology,subject_verb_agreement,irregular_plural_subject_verb_agreement_1,True,True,False,False,625,-66.99799346923828,-65.42854309082031,0
The diagnoses distract Ronald.,The diagnoses distracts Ronald.,morphology,subject_verb_agreement,irregular_plural_subject_verb_agreement_1,True,True,False,False,626,-41.477256774902344,-46.84269332885742,1
People chuckle.,People chuckles.,morphology,subject_verb_agreement,irregular_plural_subject_verb_agreement_1,True,True,False,False,627,-14.514015197753906,-19.28314208984375,1
Every cactus has worried these teenagers.,Every cactus have worried these teenagers.,morphology,subject_verb_agreement,irregular_plural_subject_verb_agreement_1,True,True,False,False,628,-56.82133483886719,-57.09373092651367,1
Some ellipsis isn't annoying every customer.,Some ellipsis weren't annoying every customer.,morphology,subject_verb_agreement,irregular_plural_subject_verb_agreement_1,True,True,False,False,629,-70.49665832519531,-72.54478454589844,1
The basis aggravates Sonia.,The basis aggravate Sonia.,morphology,subject_verb_agreement,irregular_plural_subject_verb_agreement_1,True,True,False,False,630,-47.16156768798828,-46.010475158691406,0
Parentheses annoy Emily.,Parentheses annoys Emily.,morphology,subject_verb_agreement,irregular_plural_subject_verb_agreement_1,True,True,False,False,631,-40.824520111083984,-44.48056411743164,1
Some thesis isn't bothering to whisper.,Some thesis weren't bothering to whisper.,morphology,subject_verb_agreement,irregular_plural_subject_verb_agreement_1,True,True,False,False,632,-47.96437072753906,-50.191490173339844,1
All stimuli were impressing Maria.,All stimuli is impressing Maria.,morphology,subject_verb_agreement,irregular_plural_subject_verb_agreement_1,True,True,False,False,633,-52.83989715576172,-51.32526397705078,0
A lot of diagnoses disturb that association.,A lot of diagnoses disturbs that association.,morphology,subject_verb_agreement,irregular_plural_subject_verb_agreement_1,True,True,False,False,634,-57.199562072753906,-66.72294616699219,1
The goose comes here.,The goose come here.,morphology,subject_verb_agreement,irregular_plural_subject_verb_agreement_1,True,True,False,False,635,-26.11688804626465,-25.960962295532227,0
Every hypothesis wasn't confusing a school.,Every hypothesis weren't confusing a school.,morphology,subject_verb_agreement,irregular_plural_subject_verb_agreement_1,True,True,False,False,636,-47.6083869934082,-49.16962432861328,1
These geese have distracted Rachelle.,These geese has distracted Rachelle.,morphology,subject_verb_agreement,irregular_plural_subject_verb_agreement_1,True,True,False,False,637,-58.85401153564453,-58.68238830566406,0
Some octopus hurts Melinda.,Some octopus hurt Melinda.,morphology,subject_verb_agreement,irregular_plural_subject_verb_agreement_1,True,True,False,False,638,-54.893653869628906,-54.425907135009766,0
Some man is firing Caroline.,Some man are firing Caroline.,morphology,subject_verb_agreement,irregular_plural_subject_verb_agreement_1,True,True,False,False,639,-35.801414489746094,-37.52503967285156,1
That octopus has bothered William.,That octopus have bothered William.,morphology,subject_verb_agreement,irregular_plural_subject_verb_agreement_1,True,True,False,False,640,-52.00775909423828,-52.86201477050781,1
This oasis was stunning Emily.,This oasis were stunning Emily.,morphology,subject_verb_agreement,irregular_plural_subject_verb_agreement_1,True,True,False,False,641,-51.61274719238281,-52.40647888183594,1
Syntheses are annoying Heidi.,Syntheses is annoying Heidi.,morphology,subject_verb_agreement,irregular_plural_subject_verb_agreement_1,True,True,False,False,642,-56.062042236328125,-54.807037353515625,0
Those synopses compel Marie's ex-wife to buy those hats.,Those synopses compels Marie's ex-wife to buy those hats.,morphology,subject_verb_agreement,irregular_plural_subject_verb_agreement_1,True,True,False,False,643,-106.59185791015625,-115.06790161132812,1
This man escapes from Harvard University.,This man escape from Harvard University.,morphology,subject_verb_agreement,irregular_plural_subject_verb_agreement_1,True,True,False,False,644,-45.11533737182617,-44.77386474609375,0
Every oasis is disappearing.,Every oasis were disappearing.,morphology,subject_verb_agreement,irregular_plural_subject_verb_agreement_1,True,True,False,False,645,-36.45716094970703,-36.761558532714844,1
A lot of women learn who has argued.,A lot of women learns who has argued.,morphology,subject_verb_agreement,irregular_plural_subject_verb_agreement_1,True,True,False,False,646,-52.08534240722656,-54.06266784667969,1
Some men irritates the girl.,Some men irritate the girl.,morphology,subject_verb_agreement,irregular_plural_subject_verb_agreement_1,True,True,False,False,647,-41.53370666503906,-39.343727111816406,0
Most phenomena haven't hurt Paul.,Most phenomena hasn't hurt Paul.,morphology,subject_verb_agreement,irregular_plural_subject_verb_agreement_1,True,True,False,False,648,-41.623939514160156,-42.69196319580078,1
A medium wasn't astounding Theodore.,A medium aren't astounding Theodore.,morphology,subject_verb_agreement,irregular_plural_subject_verb_agreement_1,True,True,False,False,649,-49.62038803100586,-49.47636413574219,0
The parentheses weren't flinging open.,The parentheses wasn't flinging open.,morphology,subject_verb_agreement,irregular_plural_subject_verb_agreement_1,True,True,False,False,650,-53.55078125,-51.662513732910156,0
Some child hasn't bored April.,Some child haven't bored April.,morphology,subject_verb_agreement,irregular_plural_subject_verb_agreement_1,True,True,False,False,651,-43.47712326049805,-42.90172576904297,0
Every foot hasn't disgusted Sally.,Every foot haven't disgusted Sally.,morphology,subject_verb_agreement,irregular_plural_subject_verb_agreement_1,True,True,False,False,652,-44.6097297668457,-44.359413146972656,0
The media confuse some child.,The media confuses some child.,morphology,subject_verb_agreement,irregular_plural_subject_verb_agreement_1,True,True,False,False,653,-39.642250061035156,-47.88507080078125,1
The person hasn't lied.,The person haven't lied.,morphology,subject_verb_agreement,irregular_plural_subject_verb_agreement_1,True,True,False,False,654,-31.49319839477539,-30.64608383178711,0
The stimulus has upset all guests.,The stimulus have upset all guests.,morphology,subject_verb_agreement,irregular_plural_subject_verb_agreement_1,True,True,False,False,655,-45.325714111328125,-46.00874328613281,1
These feet haven't tipped over.,These feet hasn't tipped over.,morphology,subject_verb_agreement,irregular_plural_subject_verb_agreement_1,True,True,False,False,656,-36.746978759765625,-37.153594970703125,1
The medium wasn't alarming William.,The medium weren't alarming William.,morphology,subject_verb_agreement,irregular_plural_subject_verb_agreement_1,True,True,False,False,657,-47.63508605957031,-49.06639862060547,1
Some stimuli aren't vanishing.,Some stimuli wasn't vanishing.,morphology,subject_verb_agreement,irregular_plural_subject_verb_agreement_1,True,True,False,False,658,-39.89307403564453,-39.88208770751953,0
Those theses predict a university to struggle.,Those theses predicts a university to struggle.,morphology,subject_verb_agreement,irregular_plural_subject_verb_agreement_1,True,True,False,False,659,-59.246639251708984,-60.99116134643555,1
The medium is upsetting Claire.,The medium are upsetting Claire.,morphology,subject_verb_agreement,irregular_plural_subject_verb_agreement_1,True,True,False,False,660,-41.950653076171875,-42.98360824584961,1
All people are telephoning.,All people was telephoning.,morphology,subject_verb_agreement,irregular_plural_subject_verb_agreement_1,True,True,False,False,661,-43.74827575683594,-45.66908264160156,1
Every hypothesis has astounded Brett.,Every hypothesis have astounded Brett.,morphology,subject_verb_agreement,irregular_plural_subject_verb_agreement_1,True,True,False,False,662,-54.54866409301758,-55.34967041015625,1
The teeth were falling.,The teeth is falling.,morphology,subject_verb_agreement,irregular_plural_subject_verb_agreement_1,True,True,False,False,663,-26.76275634765625,-24.452627182006836,0
Most fungi exist.,Most fungi exists.,morphology,subject_verb_agreement,irregular_plural_subject_verb_agreement_1,True,True,False,False,664,-27.353981018066406,-27.05422019958496,0
Every louse has left.,Every louse have left.,morphology,subject_verb_agreement,irregular_plural_subject_verb_agreement_1,True,True,False,False,665,-32.40779113769531,-32.782127380371094,1
The louse has irritated Mary.,The louse have irritated Mary.,morphology,subject_verb_agreement,irregular_plural_subject_verb_agreement_1,True,True,False,False,666,-47.28174591064453,-47.96019744873047,1
Many synopses lie.,Many synopses lies.,morphology,subject_verb_agreement,irregular_plural_subject_verb_agreement_1,True,True,False,False,667,-41.506324768066406,-40.95701599121094,0
These mice are worrying all ladies.,These mice is worrying all ladies.,morphology,subject_verb_agreement,irregular_plural_subject_verb_agreement_1,True,True,False,False,668,-44.351715087890625,-43.61534118652344,0
Those cacti weren't falling.,Those cacti wasn't falling.,morphology,subject_verb_agreement,irregular_plural_subject_verb_agreement_1,True,True,False,False,669,-46.969573974609375,-45.71556091308594,0
Most octopi fall asleep.,Most octopi falls asleep.,morphology,subject_verb_agreement,irregular_plural_subject_verb_agreement_1,True,True,False,False,670,-46.465023040771484,-47.86967086791992,1
Those bases have bothered Rebecca.,Those bases has bothered Rebecca.,morphology,subject_verb_agreement,irregular_plural_subject_verb_agreement_1,True,True,False,False,671,-44.394439697265625,-43.29766845703125,0
Every diagnosis hasn't bothered Timothy.,Every diagnosis haven't bothered Timothy.,morphology,subject_verb_agreement,irregular_plural_subject_verb_agreement_1,True,True,False,False,672,-51.98638153076172,-50.9923095703125,0
Some thesis prompts Charles to explore many libraries.,Some thesis prompt Charles to explore many libraries.,morphology,subject_verb_agreement,irregular_plural_subject_verb_agreement_1,True,True,False,False,673,-72.48120880126953,-71.44889831542969,0
A lot of theses have looked to vaporize.,A lot of theses has looked to vaporize.,morphology,subject_verb_agreement,irregular_plural_subject_verb_agreement_1,True,True,False,False,674,-68.48924255371094,-67.52357482910156,0
Every medium disgusts Craig.,Every medium disgust Craig.,morphology,subject_verb_agreement,irregular_plural_subject_verb_agreement_1,True,True,False,False,675,-43.51836395263672,-36.860069274902344,0
A medium has astounded Emily.,A medium have astounded Emily.,morphology,subject_verb_agreement,irregular_plural_subject_verb_agreement_1,True,True,False,False,676,-51.609046936035156,-52.09629821777344,1
That paralysis hurts Jennifer.,That paralysis hurt Jennifer.,morphology,subject_verb_agreement,irregular_plural_subject_verb_agreement_1,True,True,False,False,677,-39.26799011230469,-37.31168746948242,0
Synopses aren't predicting some planes to rust.,Synopses isn't predicting some planes to rust.,morphology,subject_verb_agreement,irregular_plural_subject_verb_agreement_1,True,True,False,False,678,-75.92680358886719,-74.55487060546875,0
Some cactus has appeared.,Some cactus have appeared.,morphology,subject_verb_agreement,irregular_plural_subject_verb_agreement_1,True,True,False,False,679,-37.217681884765625,-38.167381286621094,1
Many cacti bother Katherine.,Many cacti bothers Katherine.,morphology,subject_verb_agreement,irregular_plural_subject_verb_agreement_1,True,True,False,False,680,-50.89705276489258,-51.47975158691406,1
These fungi haven't upset the museums.,These fungi hasn't upset the museums.,morphology,subject_verb_agreement,irregular_plural_subject_verb_agreement_1,True,True,False,False,681,-48.310760498046875,-48.71833038330078,1
These children haven't gone to this bank.,These children hasn't gone to this bank.,morphology,subject_verb_agreement,irregular_plural_subject_verb_agreement_1,True,True,False,False,682,-42.45586013793945,-43.512943267822266,1
That goose has embarrassed those dancers.,That goose have embarrassed those dancers.,morphology,subject_verb_agreement,irregular_plural_subject_verb_agreement_1,True,True,False,False,683,-49.73850631713867,-49.98954772949219,1
Many hypotheses were disturbing Kimberley.,Many hypotheses is disturbing Kimberley.,morphology,subject_verb_agreement,irregular_plural_subject_verb_agreement_1,True,True,False,False,684,-54.14334487915039,-52.91473388671875,0
Those diagnoses alarm Alice.,Those diagnoses alarms Alice.,morphology,subject_verb_agreement,irregular_plural_subject_verb_agreement_1,True,True,False,False,685,-39.345184326171875,-40.35158920288086,1
An oasis isn't disappearing.,An oasis aren't disappearing.,morphology,subject_verb_agreement,irregular_plural_subject_verb_agreement_1,True,True,False,False,686,-42.86222457885742,-43.84122085571289,1
A lot of parentheses fling open.,A lot of parentheses flings open.,morphology,subject_verb_agreement,irregular_plural_subject_verb_agreement_1,True,True,False,False,687,-50.29414367675781,-52.95033264160156,1
Many paralyses annoy Tracy.,Many paralyses annoys Tracy.,morphology,subject_verb_agreement,irregular_plural_subject_verb_agreement_1,True,True,False,False,688,-50.72766876220703,-56.282554626464844,1
Most axes weren't falling.,Most axes isn't falling.,morphology,subject_verb_agreement,irregular_plural_subject_verb_agreement_1,True,True,False,False,689,-36.772281646728516,-33.981910705566406,0
The axis is worrying Julia.,The axis were worrying Julia.,morphology,subject_verb_agreement,irregular_plural_subject_verb_agreement_1,True,True,False,False,690,-40.50412368774414,-42.278968811035156,1
Many men clean this box.,Many men cleans this box.,morphology,subject_verb_agreement,irregular_plural_subject_verb_agreement_1,True,True,False,False,691,-33.59482192993164,-37.82447052001953,1
Every person copes.,Every person cope.,morphology,subject_verb_agreement,irregular_plural_subject_verb_agreement_1,True,True,False,False,692,-30.22372055053711,-23.727720260620117,0
All syntheses haven't aggravated Michael.,All syntheses hasn't aggravated Michael.,morphology,subject_verb_agreement,irregular_plural_subject_verb_agreement_1,True,True,False,False,693,-53.270118713378906,-54.49584197998047,1
These parentheses aren't stunning some cashiers.,These parentheses isn't stunning some cashiers.,morphology,subject_verb_agreement,irregular_plural_subject_verb_agreement_1,True,True,False,False,694,-67.90399169921875,-66.40949249267578,0
Those syntheses have distracted Robert.,Those syntheses has distracted Robert.,morphology,subject_verb_agreement,irregular_plural_subject_verb_agreement_1,True,True,False,False,695,-49.04669952392578,-48.92903137207031,0
Some teeth weren't vanishing.,Some teeth wasn't vanishing.,morphology,subject_verb_agreement,irregular_plural_subject_verb_agreement_1,True,True,False,False,696,-35.790382385253906,-34.88927459716797,0
The synthesis embarrasses Stacey.,The synthesis embarrass Stacey.,morphology,subject_verb_agreement,irregular_plural_subject_verb_agreement_1,True,True,False,False,697,-52.999725341796875,-46.18522262573242,0
Some crises worry every adult.,Some crises worries every adult.,morphology,subject_verb_agreement,irregular_plural_subject_verb_agreement_1,True,True,False,False,698,-44.731666564941406,-46.2437629699707,1
Many children weren't investigating Timothy.,Many children isn't investigating Timothy.,morphology,subject_verb_agreement,irregular_plural_subject_verb_agreement_1,True,True,False,False,699,-47.59623718261719,-46.154624938964844,0
Some paralyses aren't disturbing Jason.,Some paralyses wasn't disturbing Jason.,morphology,subject_verb_agreement,irregular_plural_subject_verb_agreement_1,True,True,False,False,700,-58.85275650024414,-58.574363708496094,0
All crises embarrass a lot of pedestrians.,All crises embarrasses a lot of pedestrians.,morphology,subject_verb_agreement,irregular_plural_subject_verb_agreement_1,True,True,False,False,701,-54.3438606262207,-61.239559173583984,1
Some ellipsis upsets Heidi.,Some ellipsis upset Heidi.,morphology,subject_verb_agreement,irregular_plural_subject_verb_agreement_1,True,True,False,False,702,-66.35214233398438,-57.03118896484375,0
That ox isn't aggravating those patients.,That ox weren't aggravating those patients.,morphology,subject_verb_agreement,irregular_plural_subject_verb_agreement_1,True,True,False,False,703,-59.79368591308594,-61.87663269042969,1
A child drinks.,A child drink.,morphology,subject_verb_agreement,irregular_plural_subject_verb_agreement_1,True,True,False,False,704,-19.829792022705078,-19.447402954101562,0
The hypothesis embarrasses some schools.,The hypothesis embarrass some schools.,morphology,subject_verb_agreement,irregular_plural_subject_verb_agreement_1,True,True,False,False,705,-50.17002868652344,-43.34933853149414,0
Many axes have resembled these pictures.,Many axes has resembled these pictures.,morphology,subject_verb_agreement,irregular_plural_subject_verb_agreement_1,True,True,False,False,706,-48.14508056640625,-47.142730712890625,0
All people have seen.,All people has seen.,morphology,subject_verb_agreement,irregular_plural_subject_verb_agreement_1,True,True,False,False,707,-21.067092895507812,-22.37778091430664,1
A lot of diagnoses haven't shocked this guy.,A lot of diagnoses hasn't shocked this guy.,morphology,subject_verb_agreement,irregular_plural_subject_verb_agreement_1,True,True,False,False,708,-59.68690872192383,-60.539005279541016,1
A man prods Jacqueline to cure that student.,A man prod Jacqueline to cure that student.,morphology,subject_verb_agreement,irregular_plural_subject_verb_agreement_1,True,True,False,False,709,-82.86885070800781,-75.71766662597656,0
A stimulus wasn't annoying Daniel.,A stimulus aren't annoying Daniel.,morphology,subject_verb_agreement,irregular_plural_subject_verb_agreement_1,True,True,False,False,710,-46.50497055053711,-46.550506591796875,1
Some oxen have upset girls.,Some oxen has upset girls.,morphology,subject_verb_agreement,irregular_plural_subject_verb_agreement_1,True,True,False,False,711,-43.749176025390625,-44.77124786376953,1
The mice have alarmed Carrie.,The mice has alarmed Carrie.,morphology,subject_verb_agreement,irregular_plural_subject_verb_agreement_1,True,True,False,False,712,-44.39562225341797,-42.99702835083008,0
These octopi find the rug.,These octopi finds the rug.,morphology,subject_verb_agreement,irregular_plural_subject_verb_agreement_1,True,True,False,False,713,-47.151123046875,-47.926483154296875,1
A synopsis shocks Chad.,A synopsis shock Chad.,morphology,subject_verb_agreement,irregular_plural_subject_verb_agreement_1,True,True,False,False,714,-42.77995300292969,-40.15007019042969,0
Most radii scare some boy.,Most radii scares some boy.,morphology,subject_verb_agreement,irregular_plural_subject_verb_agreement_1,True,True,False,False,715,-48.31985855102539,-49.64482879638672,1
The paralyses distract Claire.,The paralyses distracts Claire.,morphology,subject_verb_agreement,irregular_plural_subject_verb_agreement_1,True,True,False,False,716,-50.03849792480469,-54.98240280151367,1
Those people have collaborated.,Those people has collaborated.,morphology,subject_verb_agreement,irregular_plural_subject_verb_agreement_1,True,True,False,False,717,-26.988651275634766,-27.365036010742188,1
Women haven't worried.,Women hasn't worried.,morphology,subject_verb_agreement,irregular_plural_subject_verb_agreement_1,True,True,False,False,718,-20.384902954101562,-21.390544891357422,1
All cacti appear.,All cacti appears.,morphology,subject_verb_agreement,irregular_plural_subject_verb_agreement_1,True,True,False,False,719,-37.79009246826172,-37.65283966064453,0
A lot of people haven't learned who wasn't practicing.,A lot of people hasn't learned who wasn't practicing.,morphology,subject_verb_agreement,irregular_plural_subject_verb_agreement_1,True,True,False,False,720,-64.19324493408203,-65.82168579101562,1
A medium stuns Chad.,A medium stun Chad.,morphology,subject_verb_agreement,irregular_plural_subject_verb_agreement_1,True,True,False,False,721,-46.14471435546875,-37.94792556762695,0
Every foot isn't cracking.,Every foot weren't cracking.,morphology,subject_verb_agreement,irregular_plural_subject_verb_agreement_1,True,True,False,False,722,-31.138656616210938,-34.10014724731445,1
This medium was boring Sharon.,This medium are boring Sharon.,morphology,subject_verb_agreement,irregular_plural_subject_verb_agreement_1,True,True,False,False,723,-44.327056884765625,-43.18574523925781,0
Some oasis alarms Brett.,Some oasis alarm Brett.,morphology,subject_verb_agreement,irregular_plural_subject_verb_agreement_1,True,True,False,False,724,-48.333499908447266,-44.50701904296875,0
A fungus worries men.,A fungus worry men.,morphology,subject_verb_agreement,irregular_plural_subject_verb_agreement_1,True,True,False,False,725,-35.95623016357422,-35.1255989074707,0
Some media are scaring Mark.,Some media was scaring Mark.,morphology,subject_verb_agreement,irregular_plural_subject_verb_agreement_1,True,True,False,False,726,-47.973167419433594,-45.48058319091797,0
The woman was criticizing Bruce.,The woman are criticizing Bruce.,morphology,subject_verb_agreement,irregular_plural_subject_verb_agreement_1,True,True,False,False,727,-39.39128875732422,-40.190223693847656,1
That axis has confused Homer.,That axis have confused Homer.,morphology,subject_verb_agreement,irregular_plural_subject_verb_agreement_1,True,True,False,False,728,-44.777854919433594,-45.34674835205078,1
That nucleus has appeared.,That nucleus have appeared.,morphology,subject_verb_agreement,irregular_plural_subject_verb_agreement_1,True,True,False,False,729,-31.588102340698242,-32.508277893066406,1
The geese haven't existed.,The geese hasn't existed.,morphology,subject_verb_agreement,irregular_plural_subject_verb_agreement_1,True,True,False,False,730,-42.40206527709961,-43.63905715942383,1
Many theses aren't spurring that customer to answer.,Many theses wasn't spurring that customer to answer.,morphology,subject_verb_agreement,irregular_plural_subject_verb_agreement_1,True,True,False,False,731,-76.97384643554688,-77.1978759765625,1
The people aren't crying.,The people wasn't crying.,morphology,subject_verb_agreement,irregular_plural_subject_verb_agreement_1,True,True,False,False,732,-27.3382568359375,-26.21668243408203,0
The oxen have come here.,The oxen has come here.,morphology,subject_verb_agreement,irregular_plural_subject_verb_agreement_1,True,True,False,False,733,-36.30742263793945,-36.647220611572266,1
These analyses have induced the senator to joke around.,These analyses has induced the senator to joke around.,morphology,subject_verb_agreement,irregular_plural_subject_verb_agreement_1,True,True,False,False,734,-69.74343872070312,-68.5579833984375,0
A man was pressuring Laura to scan this story.,A man were pressuring Laura to scan this story.,morphology,subject_verb_agreement,irregular_plural_subject_verb_agreement_1,True,True,False,False,735,-67.88645935058594,-69.73960876464844,1
Some media were stunning Craig.,Some media was stunning Craig.,morphology,subject_verb_agreement,irregular_plural_subject_verb_agreement_1,True,True,False,False,736,-41.98228454589844,-40.84239959716797,0
Every radius hasn't disturbed Derek.,Every radius haven't disturbed Derek.,morphology,subject_verb_agreement,irregular_plural_subject_verb_agreement_1,True,True,False,False,737,-49.541629791259766,-49.267459869384766,0
The ellipses are distracting Sharon.,The ellipses is distracting Sharon.,morphology,subject_verb_agreement,irregular_plural_subject_verb_agreement_1,True,True,False,False,738,-61.76050567626953,-62.37360382080078,1
Many octopi weren't hiding.,Many octopi wasn't hiding.,morphology,subject_verb_agreement,irregular_plural_subject_verb_agreement_1,True,True,False,False,739,-50.41287612915039,-49.31470489501953,0
The man is boasting about Alan.,The man are boasting about Alan.,morphology,subject_verb_agreement,irregular_plural_subject_verb_agreement_1,True,True,False,False,740,-41.34093475341797,-43.328277587890625,1
That parenthesis has confused every actress.,That parenthesis have confused every actress.,morphology,subject_verb_agreement,irregular_plural_subject_verb_agreement_1,True,True,False,False,741,-59.70597839355469,-60.31883239746094,1
Those radii have bothered every man.,Those radii has bothered every man.,morphology,subject_verb_agreement,irregular_plural_subject_verb_agreement_1,True,True,False,False,742,-52.715049743652344,-52.47932815551758,0
Some medium has distracted Jerry.,Some medium have distracted Jerry.,morphology,subject_verb_agreement,irregular_plural_subject_verb_agreement_1,True,True,False,False,743,-42.68532180786133,-43.52050018310547,1
Every parenthesis wasn't bothering Scott.,Every parenthesis weren't bothering Scott.,morphology,subject_verb_agreement,irregular_plural_subject_verb_agreement_1,True,True,False,False,744,-60.20588302612305,-61.33793640136719,1
These phenomena have aggravated Heather.,These phenomena has aggravated Heather.,morphology,subject_verb_agreement,irregular_plural_subject_verb_agreement_1,True,True,False,False,745,-46.504615783691406,-45.73630142211914,0
Some nuclei irritate a lot of museums.,Some nuclei irritates a lot of museums.,morphology,subject_verb_agreement,irregular_plural_subject_verb_agreement_1,True,True,False,False,746,-62.360313415527344,-63.71818923950195,1
Axes weren't annoying Ann.,Axes wasn't annoying Ann.,morphology,subject_verb_agreement,irregular_plural_subject_verb_agreement_1,True,True,False,False,747,-41.774723052978516,-40.255165100097656,0
That ellipsis hasn't confused Clyde.,That ellipsis haven't confused Clyde.,morphology,subject_verb_agreement,irregular_plural_subject_verb_agreement_1,True,True,False,False,748,-69.39635467529297,-69.58042907714844,1
The paralyses haven't astounded Karla.,The paralyses hasn't astounded Karla.,morphology,subject_verb_agreement,irregular_plural_subject_verb_agreement_1,True,True,False,False,749,-77.47023010253906,-79.56355285644531,1
The cactus was alarming Pamela.,The cactus were alarming Pamela.,morphology,subject_verb_agreement,irregular_plural_subject_verb_agreement_1,True,True,False,False,750,-51.055755615234375,-52.93570327758789,1
Every axis has scared some adult.,Every axis have scared some adult.,morphology,subject_verb_agreement,irregular_plural_subject_verb_agreement_1,True,True,False,False,751,-46.95323181152344,-48.30694580078125,1
That hypothesis isn't shocking some girls.,That hypothesis aren't shocking some girls.,morphology,subject_verb_agreement,irregular_plural_subject_verb_agreement_1,True,True,False,False,752,-50.83057403564453,-52.47105026245117,1
These crises were distracting Pamela.,These crises was distracting Pamela.,morphology,subject_verb_agreement,irregular_plural_subject_verb_agreement_1,True,True,False,False,753,-46.30536651611328,-45.70580291748047,0
A lot of parentheses haven't embarrassed Mitchell.,A lot of parentheses hasn't embarrassed Mitchell.,morphology,subject_verb_agreement,irregular_plural_subject_verb_agreement_1,True,True,False,False,754,-60.49879455566406,-61.15690612792969,1
Some hypothesis hasn't distracted Rodney.,Some hypothesis haven't distracted Rodney.,morphology,subject_verb_agreement,irregular_plural_subject_verb_agreement_1,True,True,False,False,755,-50.888179779052734,-49.72633743286133,0
The syntheses shock the companies.,The syntheses shocks the companies.,morphology,subject_verb_agreement,irregular_plural_subject_verb_agreement_1,True,True,False,False,756,-47.449676513671875,-48.272483825683594,1
A lot of nuclei vanish.,A lot of nuclei vanishes.,morphology,subject_verb_agreement,irregular_plural_subject_verb_agreement_1,True,True,False,False,757,-42.93003845214844,-49.78730392456055,1
The woman has continued to blink.,The woman have continued to blink.,morphology,subject_verb_agreement,irregular_plural_subject_verb_agreement_1,True,True,False,False,758,-39.6710319519043,-41.09065628051758,1
Octopi disappear.,Octopi disappears.,morphology,subject_verb_agreement,irregular_plural_subject_verb_agreement_1,True,True,False,False,759,-26.75122833251953,-28.316572189331055,1
Those alumni weren't falling asleep.,Those alumni isn't falling asleep.,morphology,subject_verb_agreement,irregular_plural_subject_verb_agreement_1,True,True,False,False,760,-43.88194274902344,-41.74822235107422,0
These phenomena scare Patricia.,These phenomena scares Patricia.,morphology,subject_verb_agreement,irregular_plural_subject_verb_agreement_1,True,True,False,False,761,-38.75027847290039,-40.054927825927734,1
Many phenomena have hurt Rhonda.,Many phenomena has hurt Rhonda.,morphology,subject_verb_agreement,irregular_plural_subject_verb_agreement_1,True,True,False,False,762,-53.659278869628906,-54.03892517089844,1
These synopses haven't tried to run around all libraries.,These synopses hasn't tried to run around all libraries.,morphology,subject_verb_agreement,irregular_plural_subject_verb_agreement_1,True,True,False,False,763,-78.82843017578125,-80.43952941894531,1
All fungi have wasted away.,All fungi has wasted away.,morphology,subject_verb_agreement,irregular_plural_subject_verb_agreement_1,True,True,False,False,764,-39.84024429321289,-38.56101989746094,0
That tooth hasn't disappeared.,That tooth haven't disappeared.,morphology,subject_verb_agreement,irregular_plural_subject_verb_agreement_1,True,True,False,False,765,-32.88996505737305,-32.387481689453125,0
Every diagnosis has stunned that student.,Every diagnosis have stunned that student.,morphology,subject_verb_agreement,irregular_plural_subject_verb_agreement_1,True,True,False,False,766,-48.64202880859375,-48.99378204345703,1
Many diagnoses haven't astounded Elaine.,Many diagnoses hasn't astounded Elaine.,morphology,subject_verb_agreement,irregular_plural_subject_verb_agreement_1,True,True,False,False,767,-61.86709213256836,-63.08715057373047,1
This man has disgusted Claire.,This man have disgusted Claire.,morphology,subject_verb_agreement,irregular_plural_subject_verb_agreement_1,True,True,False,False,768,-40.03756332397461,-40.93388366699219,1
These octopi are worrying Matt.,These octopi is worrying Matt.,morphology,subject_verb_agreement,irregular_plural_subject_verb_agreement_1,True,True,False,False,769,-54.86070251464844,-54.21150207519531,0
Most axes weren't boring Bruce.,Most axes isn't boring Bruce.,morphology,subject_verb_agreement,irregular_plural_subject_verb_agreement_1,True,True,False,False,770,-48.86458206176758,-46.05398941040039,0
An ox has looked like some print.,An ox have looked like some print.,morphology,subject_verb_agreement,irregular_plural_subject_verb_agreement_1,True,True,False,False,771,-47.0699577331543,-47.721656799316406,1
This synopsis hasn't looked to shock Kirsten.,This synopsis haven't looked to shock Kirsten.,morphology,subject_verb_agreement,irregular_plural_subject_verb_agreement_1,True,True,False,False,772,-71.28253936767578,-69.85794067382812,0
That paralysis irritates that guy.,That paralysis irritate that guy.,morphology,subject_verb_agreement,irregular_plural_subject_verb_agreement_1,True,True,False,False,773,-50.42987060546875,-49.9248046875,0
This goose was alarming Alice.,This goose are alarming Alice.,morphology,subject_verb_agreement,irregular_plural_subject_verb_agreement_1,True,True,False,False,774,-41.796669006347656,-42.01713562011719,1
Most stimuli bother Nancy.,Most stimuli bothers Nancy.,morphology,subject_verb_agreement,irregular_plural_subject_verb_agreement_1,True,True,False,False,775,-38.632530212402344,-38.84926986694336,1
These people have concealed Carmen.,These people has concealed Carmen.,morphology,subject_verb_agreement,irregular_plural_subject_verb_agreement_1,True,True,False,False,776,-38.104942321777344,-38.080665588378906,0
Some cactus wasn't astounding Donald.,Some cactus aren't astounding Donald.,morphology,subject_verb_agreement,irregular_plural_subject_verb_agreement_1,True,True,False,False,777,-55.360958099365234,-56.370723724365234,1
Many oases have worried Kimberley.,Many oases has worried Kimberley.,morphology,subject_verb_agreement,irregular_plural_subject_verb_agreement_1,True,True,False,False,778,-58.47079086303711,-58.6657829284668,1
A lot of alumni bothers some hospital.,A lot of alumni bother some hospital.,morphology,subject_verb_agreement,irregular_plural_subject_verb_agreement_1,True,True,False,False,779,-51.78901672363281,-51.257667541503906,0
Many people have watched Elaine.,Many people has watched Elaine.,morphology,subject_verb_agreement,irregular_plural_subject_verb_agreement_1,True,True,False,False,780,-36.010780334472656,-36.5523681640625,1
All analyses plan to bike to some public parks.,All analyses plans to bike to some public parks.,morphology,subject_verb_agreement,irregular_plural_subject_verb_agreement_1,True,True,False,False,781,-68.89533996582031,-68.92546081542969,1
Those feet shatter.,Those feet shatters.,morphology,subject_verb_agreement,irregular_plural_subject_verb_agreement_1,True,True,False,False,782,-25.571346282958984,-30.555423736572266,1
The octopi are disgusting Galileo.,The octopi was disgusting Galileo.,morphology,subject_verb_agreement,irregular_plural_subject_verb_agreement_1,True,True,False,False,783,-58.47800827026367,-59.17355728149414,1
The synopsis spurs Jessica to confuse James.,The synopsis spur Jessica to confuse James.,morphology,subject_verb_agreement,irregular_plural_subject_verb_agreement_1,True,True,False,False,784,-74.50831604003906,-68.74249267578125,0
Many diagnoses aggravate a lot of girls.,Many diagnoses aggravates a lot of girls.,morphology,subject_verb_agreement,irregular_plural_subject_verb_agreement_1,True,True,False,False,785,-57.34699630737305,-57.665626525878906,1
Syntheses have confused every boy.,Syntheses has confused every boy.,morphology,subject_verb_agreement,irregular_plural_subject_verb_agreement_1,True,True,False,False,786,-57.335933685302734,-55.959075927734375,0
All synopses order Kenneth to bore a lot of senators.,All synopses orders Kenneth to bore a lot of senators.,morphology,subject_verb_agreement,irregular_plural_subject_verb_agreement_1,True,True,False,False,787,-89.67269134521484,-91.49286651611328,1
Some lice haven't woken up.,Some lice hasn't woken up.,morphology,subject_verb_agreement,irregular_plural_subject_verb_agreement_1,True,True,False,False,788,-47.44019317626953,-47.43756866455078,0
Many fungi haven't stunned Nina.,Many fungi hasn't stunned Nina.,morphology,subject_verb_agreement,irregular_plural_subject_verb_agreement_1,True,True,False,False,789,-49.396156311035156,-50.40396499633789,1
A diagnosis disturbs Laurie.,A diagnosis disturb Laurie.,morphology,subject_verb_agreement,irregular_plural_subject_verb_agreement_1,True,True,False,False,790,-50.34992218017578,-40.16686248779297,0
Some analysis is insulting Alan.,Some analysis were insulting Alan.,morphology,subject_verb_agreement,irregular_plural_subject_verb_agreement_1,True,True,False,False,791,-42.14055633544922,-43.12928009033203,1
Every paralysis irritates governments.,Every paralysis irritate governments.,morphology,subject_verb_agreement,irregular_plural_subject_verb_agreement_1,True,True,False,False,792,-48.726112365722656,-46.248268127441406,0
A man orders an actor to leave.,A man order an actor to leave.,morphology,subject_verb_agreement,irregular_plural_subject_verb_agreement_1,True,True,False,False,793,-49.21876525878906,-47.461326599121094,0
All bases astound Tanya.,All bases astounds Tanya.,morphology,subject_verb_agreement,irregular_plural_subject_verb_agreement_1,True,True,False,False,794,-52.269622802734375,-54.53236389160156,1
Every medium has distracted Richard.,Every medium have distracted Richard.,morphology,subject_verb_agreement,irregular_plural_subject_verb_agreement_1,True,True,False,False,795,-41.28281784057617,-42.50505447387695,1
The ox hasn't ascended the ladder.,The ox haven't ascended the ladder.,morphology,subject_verb_agreement,irregular_plural_subject_verb_agreement_1,True,True,False,False,796,-47.96002197265625,-46.72894287109375,0
Many cacti have upset Amy.,Many cacti has upset Amy.,morphology,subject_verb_agreement,irregular_plural_subject_verb_agreement_1,True,True,False,False,797,-51.69365692138672,-51.472808837890625,0
These men have attacked Chad.,These men has attacked Chad.,morphology,subject_verb_agreement,irregular_plural_subject_verb_agreement_1,True,True,False,False,798,-38.52934265136719,-38.69889450073242,1
Every medium isn't aggravating Omar.,Every medium aren't aggravating Omar.,morphology,subject_verb_agreement,irregular_plural_subject_verb_agreement_1,True,True,False,False,799,-57.01864242553711,-58.87748718261719,1
Some paralysis embarrasses a lot of drivers.,Some paralysis embarrass a lot of drivers.,morphology,subject_verb_agreement,irregular_plural_subject_verb_agreement_1,True,True,False,False,800,-58.40643310546875,-49.85161590576172,0
All women have brought this skateboard.,All women has brought this skateboard.,morphology,subject_verb_agreement,irregular_plural_subject_verb_agreement_1,True,True,False,False,801,-48.79869842529297,-48.39263153076172,0
Those theses haven't convinced Wayne to notice Aaron.,Those theses hasn't convinced Wayne to notice Aaron.,morphology,subject_verb_agreement,irregular_plural_subject_verb_agreement_1,True,True,False,False,802,-78.98772430419922,-80.30401611328125,1
That louse isn't leaving.,That louse aren't leaving.,morphology,subject_verb_agreement,irregular_plural_subject_verb_agreement_1,True,True,False,False,803,-38.26897048950195,-39.09864807128906,1
The synthesis isn't annoying Mary.,The synthesis weren't annoying Mary.,morphology,subject_verb_agreement,irregular_plural_subject_verb_agreement_1,True,True,False,False,804,-46.477718353271484,-48.94078063964844,1
Some alumnus mutters.,Some alumnus mutter.,morphology,subject_verb_agreement,irregular_plural_subject_verb_agreement_1,True,True,False,False,805,-47.576087951660156,-47.079620361328125,0
That diagnosis hasn't scared Diane.,That diagnosis haven't scared Diane.,morphology,subject_verb_agreement,irregular_plural_subject_verb_agreement_1,True,True,False,False,806,-49.22995376586914,-48.28057861328125,0
Some crisis is hurting Donald.,Some crisis are hurting Donald.,morphology,subject_verb_agreement,irregular_plural_subject_verb_agreement_1,True,True,False,False,807,-38.797523498535156,-40.297203063964844,1
Some child remembers who would push Laura to cheer.,Some child remember who would push Laura to cheer.,morphology,subject_verb_agreement,irregular_plural_subject_verb_agreement_1,True,True,False,False,808,-67.94816589355469,-63.23833084106445,0
All fungi disturb Angela.,All fungi disturbs Angela.,morphology,subject_verb_agreement,irregular_plural_subject_verb_agreement_1,True,True,False,False,809,-41.36663818359375,-51.93562316894531,1
Those men have spurred James to shout.,Those men has spurred James to shout.,morphology,subject_verb_agreement,irregular_plural_subject_verb_agreement_1,True,True,False,False,810,-54.80082321166992,-54.994510650634766,1
All axes have shocked waitresses.,All axes has shocked waitresses.,morphology,subject_verb_agreement,irregular_plural_subject_verb_agreement_1,True,True,False,False,811,-52.67062759399414,-52.014530181884766,0
That man wasn't managing to hunt.,That man weren't managing to hunt.,morphology,subject_verb_agreement,irregular_plural_subject_verb_agreement_1,True,True,False,False,812,-43.7139892578125,-45.434471130371094,1
A foot vanishes.,A foot vanish.,morphology,subject_verb_agreement,irregular_plural_subject_verb_agreement_1,True,True,False,False,813,-32.247344970703125,-24.667999267578125,0
Some parenthesis hasn't astounded Bill.,Some parenthesis haven't astounded Bill.,morphology,subject_verb_agreement,irregular_plural_subject_verb_agreement_1,True,True,False,False,814,-70.60565185546875,-69.83529663085938,0
All stimuli annoy the ladies.,All stimuli annoys the ladies.,morphology,subject_verb_agreement,irregular_plural_subject_verb_agreement_1,True,True,False,False,815,-41.63142776489258,-48.45220184326172,1
Some people anticipate Rachel to suffer.,Some people anticipates Rachel to suffer.,morphology,subject_verb_agreement,irregular_plural_subject_verb_agreement_1,True,True,False,False,816,-45.55774688720703,-55.794044494628906,1
Many radii have confused Amanda.,Many radii has confused Amanda.,morphology,subject_verb_agreement,irregular_plural_subject_verb_agreement_1,True,True,False,False,817,-52.26919174194336,-51.65159225463867,0
A goose was upsetting Judy.,A goose were upsetting Judy.,morphology,subject_verb_agreement,irregular_plural_subject_verb_agreement_1,True,True,False,False,818,-40.5241813659668,-41.08740234375,1
Some woman hasn't sat down.,Some woman haven't sat down.,morphology,subject_verb_agreement,irregular_plural_subject_verb_agreement_1,True,True,False,False,819,-31.124439239501953,-31.44556999206543,1
The cactus isn't appearing.,The cactus aren't appearing.,morphology,subject_verb_agreement,irregular_plural_subject_verb_agreement_1,True,True,False,False,820,-42.04798126220703,-43.32707595825195,1
Those cacti weren't bothering Jill.,Those cacti isn't bothering Jill.,morphology,subject_verb_agreement,irregular_plural_subject_verb_agreement_1,True,True,False,False,821,-58.58778381347656,-56.2887077331543,0
Every man bikes to every college campus.,Every man bike to every college campus.,morphology,subject_verb_agreement,irregular_plural_subject_verb_agreement_1,True,True,False,False,822,-53.31578063964844,-53.13036346435547,0
The mouse has distracted Scott.,The mouse have distracted Scott.,morphology,subject_verb_agreement,irregular_plural_subject_verb_agreement_1,True,True,False,False,823,-38.542701721191406,-39.582828521728516,1
Every diagnosis has alarmed this waiter.,Every diagnosis have alarmed this waiter.,morphology,subject_verb_agreement,irregular_plural_subject_verb_agreement_1,True,True,False,False,824,-49.8226432800293,-50.46440124511719,1
Every goose isn't waking up.,Every goose aren't waking up.,morphology,subject_verb_agreement,irregular_plural_subject_verb_agreement_1,True,True,False,False,825,-35.33271408081055,-38.21800994873047,1
Every hypothesis upsets Mark.,Every hypothesis upset Mark.,morphology,subject_verb_agreement,irregular_plural_subject_verb_agreement_1,True,True,False,False,826,-46.65565490722656,-36.898860931396484,0
Nuclei fall.,Nuclei falls.,morphology,subject_verb_agreement,irregular_plural_subject_verb_agreement_1,True,True,False,False,827,-30.47180938720703,-30.478099822998047,1
Some synthesis annoys Rachel.,Some synthesis annoy Rachel.,morphology,subject_verb_agreement,irregular_plural_subject_verb_agreement_1,True,True,False,False,828,-42.66922378540039,-37.318328857421875,0
A lot of syntheses bother Naomi.,A lot of syntheses bothers Naomi.,morphology,subject_verb_agreement,irregular_plural_subject_verb_agreement_1,True,True,False,False,829,-56.919944763183594,-56.70976257324219,0
Men haven't commissioned Lisa's hairdressers to suffer.,Men hasn't commissioned Lisa's hairdressers to suffer.,morphology,subject_verb_agreement,irregular_plural_subject_verb_agreement_1,True,True,False,False,830,-81.70355224609375,-81.49593353271484,0
Many men write.,Many men writes.,morphology,subject_verb_agreement,irregular_plural_subject_verb_agreement_1,True,True,False,False,831,-21.830181121826172,-21.701950073242188,0
A phenomenon hasn't disgusted Guy.,A phenomenon haven't disgusted Guy.,morphology,subject_verb_agreement,irregular_plural_subject_verb_agreement_1,True,True,False,False,832,-49.35594177246094,-48.984954833984375,0
The axis stuns Jerry.,The axis stun Jerry.,morphology,subject_verb_agreement,irregular_plural_subject_verb_agreement_1,True,True,False,False,833,-46.69606018066406,-40.19927978515625,0
These crises haven't worried Sonia.,These crises hasn't worried Sonia.,morphology,subject_verb_agreement,irregular_plural_subject_verb_agreement_1,True,True,False,False,834,-48.229312896728516,-48.15729522705078,0
Every louse isn't existing.,Every louse aren't existing.,morphology,subject_verb_agreement,irregular_plural_subject_verb_agreement_1,True,True,False,False,835,-41.262691497802734,-42.49128341674805,1
Those octopi hide.,Those octopi hides.,morphology,subject_verb_agreement,irregular_plural_subject_verb_agreement_1,True,True,False,False,836,-38.83802795410156,-39.72850036621094,1
Paralyses disturb the school.,Paralyses disturbs the school.,morphology,subject_verb_agreement,irregular_plural_subject_verb_agreement_1,True,True,False,False,837,-37.61030197143555,-50.662689208984375,1
Every man isn't remembering what hadn't shut.,Every man aren't remembering what hadn't shut.,morphology,subject_verb_agreement,irregular_plural_subject_verb_agreement_1,True,True,False,False,838,-53.447059631347656,-55.261390686035156,1
The theses haven't ascertained those drivers to testify.,The theses hasn't ascertained those drivers to testify.,morphology,subject_verb_agreement,irregular_plural_subject_verb_agreement_1,True,True,False,False,839,-84.86051177978516,-86.45562744140625,1
Every oasis astounds Donald.,Every oasis astound Donald.,morphology,subject_verb_agreement,irregular_plural_subject_verb_agreement_1,True,True,False,False,840,-53.81700897216797,-51.93121337890625,0
Every person hasn't slumped over.,Every person haven't slumped over.,morphology,subject_verb_agreement,irregular_plural_subject_verb_agreement_1,True,True,False,False,841,-42.20602798461914,-41.43376541137695,0
All men haven't forced Lucille to work with Guy.,All men hasn't forced Lucille to work with Guy.,morphology,subject_verb_agreement,irregular_plural_subject_verb_agreement_1,True,True,False,False,842,-73.28851318359375,-73.7773666381836,1
This synthesis astounds Christine.,This synthesis astound Christine.,morphology,subject_verb_agreement,irregular_plural_subject_verb_agreement_1,True,True,False,False,843,-49.627445220947266,-48.241451263427734,0
This synopsis isn't moving.,This synopsis aren't moving.,morphology,subject_verb_agreement,irregular_plural_subject_verb_agreement_1,True,True,False,False,844,-35.24298095703125,-36.36597442626953,1
Many nuclei haven't irritated those girls.,Many nuclei hasn't irritated those girls.,morphology,subject_verb_agreement,irregular_plural_subject_verb_agreement_1,True,True,False,False,845,-58.15109634399414,-60.04853057861328,1
The synopsis convinces an organization to benefit.,The synopsis convince an organization to benefit.,morphology,subject_verb_agreement,irregular_plural_subject_verb_agreement_1,True,True,False,False,846,-67.59068298339844,-55.94356155395508,0
Every child was managing to shock some cashier.,Every child were managing to shock some cashier.,morphology,subject_verb_agreement,irregular_plural_subject_verb_agreement_1,True,True,False,False,847,-68.05229949951172,-69.93321228027344,1
Most radii were hurting Daniel.,Most radii is hurting Daniel.,morphology,subject_verb_agreement,irregular_plural_subject_verb_agreement_1,True,True,False,False,848,-50.80265426635742,-48.230072021484375,0
The radii are bothering Lucille.,The radii is bothering Lucille.,morphology,subject_verb_agreement,irregular_plural_subject_verb_agreement_1,True,True,False,False,849,-58.6407585144043,-57.667266845703125,0
An octopus bores Matt.,An octopus bore Matt.,morphology,subject_verb_agreement,irregular_plural_subject_verb_agreement_1,True,True,False,False,850,-53.60589599609375,-45.16468811035156,0
Every louse hasn't embarrassed Phillip.,Every louse haven't embarrassed Phillip.,morphology,subject_verb_agreement,irregular_plural_subject_verb_agreement_1,True,True,False,False,851,-56.55996322631836,-56.022613525390625,0
Every basis wasn't astounding Daniel.,Every basis aren't astounding Daniel.,morphology,subject_verb_agreement,irregular_plural_subject_verb_agreement_1,True,True,False,False,852,-48.435333251953125,-48.733577728271484,1
A lot of women shocks Anna.,A lot of women shock Anna.,morphology,subject_verb_agreement,irregular_plural_subject_verb_agreement_1,True,True,False,False,853,-45.600067138671875,-42.74410629272461,0
The oases haven't aggravated the committee.,The oases hasn't aggravated the committee.,morphology,subject_verb_agreement,irregular_plural_subject_verb_agreement_1,True,True,False,False,854,-55.25138473510742,-56.640869140625,1
Some louse disturbs Tonya.,Some louse disturb Tonya.,morphology,subject_verb_agreement,irregular_plural_subject_verb_agreement_1,True,True,False,False,855,-60.65003204345703,-49.5969352722168,0
These cacti were impressing Alexander.,These cacti is impressing Alexander.,morphology,subject_verb_agreement,irregular_plural_subject_verb_agreement_1,True,True,False,False,856,-63.763755798339844,-61.3398323059082,0
Those cacti disappear.,Those cacti disappears.,morphology,subject_verb_agreement,irregular_plural_subject_verb_agreement_1,True,True,False,False,857,-37.44511032104492,-38.62738037109375,1
Some bases aren't disgusting a lot of pedestrians.,Some bases wasn't disgusting a lot of pedestrians.,morphology,subject_verb_agreement,irregular_plural_subject_verb_agreement_1,True,True,False,False,858,-59.89336395263672,-60.098270416259766,1
These phenomena weren't annoying pedestrians.,These phenomena isn't annoying pedestrians.,morphology,subject_verb_agreement,irregular_plural_subject_verb_agreement_1,True,True,False,False,859,-51.60011291503906,-49.59260940551758,0
All lice haven't hurt Dawn.,All lice hasn't hurt Dawn.,morphology,subject_verb_agreement,irregular_plural_subject_verb_agreement_1,True,True,False,False,860,-47.706424713134766,-47.749420166015625,1
Those oxen haven't hurt Judy.,Those oxen hasn't hurt Judy.,morphology,subject_verb_agreement,irregular_plural_subject_verb_agreement_1,True,True,False,False,861,-47.15211486816406,-47.80685806274414,1
Many women weren't hoping to shock some organization.,Many women isn't hoping to shock some organization.,morphology,subject_verb_agreement,irregular_plural_subject_verb_agreement_1,True,True,False,False,862,-61.70516586303711,-59.173179626464844,0
Oxen disturb April.,Oxen disturbs April.,morphology,subject_verb_agreement,irregular_plural_subject_verb_agreement_1,True,True,False,False,863,-31.728240966796875,-42.74159240722656,1
A lot of hypotheses have scared those universities.,A lot of hypotheses has scared those universities.,morphology,subject_verb_agreement,irregular_plural_subject_verb_agreement_1,True,True,False,False,864,-59.743309020996094,-58.78305435180664,0
A radius isn't upsetting the school.,A radius weren't upsetting the school.,morphology,subject_verb_agreement,irregular_plural_subject_verb_agreement_1,True,True,False,False,865,-45.62533950805664,-47.55959701538086,1
Some stimuli are hurting Jeffrey.,Some stimuli was hurting Jeffrey.,morphology,subject_verb_agreement,irregular_plural_subject_verb_agreement_1,True,True,False,False,866,-45.5850830078125,-45.387855529785156,0
The synopsis hasn't discovered a lot of doctors to marry.,The synopsis haven't discovered a lot of doctors to marry.,morphology,subject_verb_agreement,irregular_plural_subject_verb_agreement_1,True,True,False,False,867,-69.03926849365234,-67.71328735351562,0
Those stimuli weren't wasting away.,Those stimuli wasn't wasting away.,morphology,subject_verb_agreement,irregular_plural_subject_verb_agreement_1,True,True,False,False,868,-44.06392288208008,-42.602996826171875,0
This medium has confused Candice.,This medium have confused Candice.,morphology,subject_verb_agreement,irregular_plural_subject_verb_agreement_1,True,True,False,False,869,-50.32762908935547,-50.6783447265625,1
These cacti haven't disturbed many teenagers.,These cacti hasn't disturbed many teenagers.,morphology,subject_verb_agreement,irregular_plural_subject_verb_agreement_1,True,True,False,False,870,-65.70435333251953,-66.06962585449219,1
Every crisis hasn't scared David.,Every crisis haven't scared David.,morphology,subject_verb_agreement,irregular_plural_subject_verb_agreement_1,True,True,False,False,871,-44.15077209472656,-43.262229919433594,0
A man is seeing.,A man are seeing.,morphology,subject_verb_agreement,irregular_plural_subject_verb_agreement_1,True,True,False,False,872,-24.48270034790039,-25.479026794433594,1
Those oases are bothering Diane.,Those oases was bothering Diane.,morphology,subject_verb_agreement,irregular_plural_subject_verb_agreement_1,True,True,False,False,873,-46.91386413574219,-46.076385498046875,0
Many teeth weren't impressing many women.,Many teeth isn't impressing many women.,morphology,subject_verb_agreement,irregular_plural_subject_verb_agreement_1,True,True,False,False,874,-58.52939987182617,-56.49497985839844,0
Some phenomenon has confused Janice.,Some phenomenon have confused Janice.,morphology,subject_verb_agreement,irregular_plural_subject_verb_agreement_1,True,True,False,False,875,-49.0199089050293,-49.56884002685547,1
That goose was looking like every picture.,That goose are looking like every picture.,morphology,subject_verb_agreement,irregular_plural_subject_verb_agreement_1,True,True,False,False,876,-43.171295166015625,-43.04759979248047,0
A lot of media worry some guys.,A lot of media worries some guys.,morphology,subject_verb_agreement,irregular_plural_subject_verb_agreement_1,True,True,False,False,877,-49.875831604003906,-51.164039611816406,1
Feet aren't alarming Alexander.,Feet wasn't alarming Alexander.,morphology,subject_verb_agreement,irregular_plural_subject_verb_agreement_1,True,True,False,False,878,-42.87733459472656,-42.660648345947266,0
These men aren't leaving Alexander.,These men wasn't leaving Alexander.,morphology,subject_verb_agreement,irregular_plural_subject_verb_agreement_1,True,True,False,False,879,-39.54951095581055,-39.89064025878906,1
The fungus bores Bethany.,The fungus bore Bethany.,morphology,subject_verb_agreement,irregular_plural_subject_verb_agreement_1,True,True,False,False,880,-55.45220184326172,-48.46831130981445,0
Those parentheses haven't annoyed Carlos.,Those parentheses hasn't annoyed Carlos.,morphology,subject_verb_agreement,irregular_plural_subject_verb_agreement_1,True,True,False,False,881,-48.29032897949219,-48.99782180786133,1
The men haven't discovered that candle.,The men hasn't discovered that candle.,morphology,subject_verb_agreement,irregular_plural_subject_verb_agreement_1,True,True,False,False,882,-42.338890075683594,-43.0767707824707,1
A lot of fungi aren't disturbing Carl.,A lot of fungi wasn't disturbing Carl.,morphology,subject_verb_agreement,irregular_plural_subject_verb_agreement_1,True,True,False,False,883,-56.644229888916016,-56.20769500732422,0
Most phenomena haven't astounded a company.,Most phenomena hasn't astounded a company.,morphology,subject_verb_agreement,irregular_plural_subject_verb_agreement_1,True,True,False,False,884,-59.04463195800781,-60.04123306274414,1
Many syntheses astound Vincent.,Many syntheses astounds Vincent.,morphology,subject_verb_agreement,irregular_plural_subject_verb_agreement_1,True,True,False,False,885,-53.90462875366211,-55.16595458984375,1
Some parentheses are impressing some university.,Some parentheses is impressing some university.,morphology,subject_verb_agreement,irregular_plural_subject_verb_agreement_1,True,True,False,False,886,-58.16642761230469,-57.05842208862305,0
The ox wasn't coming here.,The ox weren't coming here.,morphology,subject_verb_agreement,irregular_plural_subject_verb_agreement_1,True,True,False,False,887,-34.986541748046875,-36.41453170776367,1
Many paralyses alarm Mitchell.,Many paralyses alarms Mitchell.,morphology,subject_verb_agreement,irregular_plural_subject_verb_agreement_1,True,True,False,False,888,-50.0364875793457,-51.913177490234375,1
The diagnosis was disgusting Nancy.,The diagnosis were disgusting Nancy.,morphology,subject_verb_agreement,irregular_plural_subject_verb_agreement_1,True,True,False,False,889,-42.878334045410156,-42.622100830078125,0
The syntheses have astounded Gerald.,The syntheses has astounded Gerald.,morphology,subject_verb_agreement,irregular_plural_subject_verb_agreement_1,True,True,False,False,890,-58.803401947021484,-58.84748840332031,1
A paralysis hasn't bored Amanda.,A paralysis haven't bored Amanda.,morphology,subject_verb_agreement,irregular_plural_subject_verb_agreement_1,True,True,False,False,891,-49.768043518066406,-49.01862335205078,0
That child has scratched.,That child have scratched.,morphology,subject_verb_agreement,irregular_plural_subject_verb_agreement_1,True,True,False,False,892,-27.75567626953125,-27.978336334228516,1
Some hypothesis wasn't confusing Bethany.,Some hypothesis aren't confusing Bethany.,morphology,subject_verb_agreement,irregular_plural_subject_verb_agreement_1,True,True,False,False,893,-60.31871795654297,-60.98324203491211,1
That woman was descending some hills.,That woman are descending some hills.,morphology,subject_verb_agreement,irregular_plural_subject_verb_agreement_1,True,True,False,False,894,-42.62944793701172,-43.829193115234375,1
Many men bake.,Many men bakes.,morphology,subject_verb_agreement,irregular_plural_subject_verb_agreement_1,True,True,False,False,895,-23.42467498779297,-29.19155502319336,1
Those media shock the Clintons.,Those media shocks the Clintons.,morphology,subject_verb_agreement,irregular_plural_subject_verb_agreement_1,True,True,False,False,896,-44.128570556640625,-46.03818893432617,1
Most bases are annoying Galileo.,Most bases was annoying Galileo.,morphology,subject_verb_agreement,irregular_plural_subject_verb_agreement_1,True,True,False,False,897,-44.628936767578125,-44.79896545410156,1
Those crises haven't bothered Kristen.,Those crises hasn't bothered Kristen.,morphology,subject_verb_agreement,irregular_plural_subject_verb_agreement_1,True,True,False,False,898,-51.96282958984375,-51.69989013671875,0
Those geese are waking up.,Those geese was waking up.,morphology,subject_verb_agreement,irregular_plural_subject_verb_agreement_1,True,True,False,False,899,-39.44933319091797,-38.83843231201172,0
This man isn't impressing Dawn.,This man weren't impressing Dawn.,morphology,subject_verb_agreement,irregular_plural_subject_verb_agreement_1,True,True,False,False,900,-51.020591735839844,-53.610931396484375,1
All axes haven't alarmed Jessica.,All axes hasn't alarmed Jessica.,morphology,subject_verb_agreement,irregular_plural_subject_verb_agreement_1,True,True,False,False,901,-50.53221893310547,-51.107391357421875,1
Some louse is stunning a company.,Some louse are stunning a company.,morphology,subject_verb_agreement,irregular_plural_subject_verb_agreement_1,True,True,False,False,902,-50.594017028808594,-51.284629821777344,1
Some diagnoses have stunned Sherry.,Some diagnoses has stunned Sherry.,morphology,subject_verb_agreement,irregular_plural_subject_verb_agreement_1,True,True,False,False,903,-55.232364654541016,-53.978004455566406,0
An ox wasn't upsetting Peter.,An ox aren't upsetting Peter.,morphology,subject_verb_agreement,irregular_plural_subject_verb_agreement_1,True,True,False,False,904,-44.3282356262207,-44.85057830810547,1
Every crisis wasn't stunning Janice.,Every crisis aren't stunning Janice.,morphology,subject_verb_agreement,irregular_plural_subject_verb_agreement_1,True,True,False,False,905,-55.79320526123047,-58.18084716796875,1
All teeth are impressing Julia.,All teeth was impressing Julia.,morphology,subject_verb_agreement,irregular_plural_subject_verb_agreement_1,True,True,False,False,906,-47.389686584472656,-50.41106414794922,1
The person isn't hugging this adult.,The person weren't hugging this adult.,morphology,subject_verb_agreement,irregular_plural_subject_verb_agreement_1,True,True,False,False,907,-45.77544403076172,-48.05973815917969,1
That synthesis annoys the customer.,That synthesis annoy the customer.,morphology,subject_verb_agreement,irregular_plural_subject_verb_agreement_1,True,True,False,False,908,-48.62286376953125,-42.99351501464844,0
The nucleus upsets this company.,The nucleus upset this company.,morphology,subject_verb_agreement,irregular_plural_subject_verb_agreement_1,True,True,False,False,909,-46.42932891845703,-36.676361083984375,0
That diagnosis bothers Ann.,That diagnosis bother Ann.,morphology,subject_verb_agreement,irregular_plural_subject_verb_agreement_1,True,True,False,False,910,-37.294124603271484,-36.75794219970703,0
Synopses weren't protesting.,Synopses wasn't protesting.,morphology,subject_verb_agreement,irregular_plural_subject_verb_agreement_1,True,True,False,False,911,-41.435096740722656,-39.96685028076172,0
Diagnoses disturb Winston Churchill.,Diagnoses disturbs Winston Churchill.,morphology,subject_verb_agreement,irregular_plural_subject_verb_agreement_1,True,True,False,False,912,-61.102970123291016,-70.4429702758789,1
Most octopi have ascended those steps.,Most octopi has ascended those steps.,morphology,subject_verb_agreement,irregular_plural_subject_verb_agreement_1,True,True,False,False,913,-62.717674255371094,-62.30343246459961,0
This crisis wasn't upsetting Alice.,This crisis aren't upsetting Alice.,morphology,subject_verb_agreement,irregular_plural_subject_verb_agreement_1,True,True,False,False,914,-46.64200973510742,-48.02110290527344,1
The paralysis bothers Kristen.,The paralysis bother Kristen.,morphology,subject_verb_agreement,irregular_plural_subject_verb_agreement_1,True,True,False,False,915,-39.574195861816406,-40.6081657409668,1
Some person grins.,Some person grin.,morphology,subject_verb_agreement,irregular_plural_subject_verb_agreement_1,True,True,False,False,916,-28.221466064453125,-22.246315002441406,0
Those syntheses alarm Naomi.,Those syntheses alarms Naomi.,morphology,subject_verb_agreement,irregular_plural_subject_verb_agreement_1,True,True,False,False,917,-44.228511810302734,-46.81896209716797,1
Those diagnoses disturb Travis.,Those diagnoses disturbs Travis.,morphology,subject_verb_agreement,irregular_plural_subject_verb_agreement_1,True,True,False,False,918,-42.412940979003906,-52.00123596191406,1
That medium hasn't impressed those guys.,That medium haven't impressed those guys.,morphology,subject_verb_agreement,irregular_plural_subject_verb_agreement_1,True,True,False,False,919,-51.64088439941406,-50.70997619628906,0
Those radii have worried Kristen.,Those radii has worried Kristen.,morphology,subject_verb_agreement,irregular_plural_subject_verb_agreement_1,True,True,False,False,920,-53.484580993652344,-53.22222900390625,0
That tooth isn't vanishing.,That tooth weren't vanishing.,morphology,subject_verb_agreement,irregular_plural_subject_verb_agreement_1,True,True,False,False,921,-34.91886901855469,-36.88043212890625,1
A paralysis disgusts the Clintons.,A paralysis disgust the Clintons.,morphology,subject_verb_agreement,irregular_plural_subject_verb_agreement_1,True,True,False,False,922,-54.856666564941406,-47.72465515136719,0
This synthesis is boring Martin.,This synthesis were boring Martin.,morphology,subject_verb_agreement,irregular_plural_subject_verb_agreement_1,True,True,False,False,923,-41.317718505859375,-41.62405776977539,1
Some synthesis hasn't upset Samuel.,Some synthesis haven't upset Samuel.,morphology,subject_verb_agreement,irregular_plural_subject_verb_agreement_1,True,True,False,False,924,-48.4712028503418,-47.78407669067383,0
A lot of men insult Wayne.,A lot of men insults Wayne.,morphology,subject_verb_agreement,irregular_plural_subject_verb_agreement_1,True,True,False,False,925,-44.83589553833008,-45.607696533203125,1
An octopus hasn't ascended that hill.,An octopus haven't ascended that hill.,morphology,subject_verb_agreement,irregular_plural_subject_verb_agreement_1,True,True,False,False,926,-60.60810852050781,-59.065895080566406,0
The theses are shocking Irene.,The theses is shocking Irene.,morphology,subject_verb_agreement,irregular_plural_subject_verb_agreement_1,True,True,False,False,927,-55.09072494506836,-54.39023208618164,0
Some syntheses are stunning Rachel.,Some syntheses is stunning Rachel.,morphology,subject_verb_agreement,irregular_plural_subject_verb_agreement_1,True,True,False,False,928,-49.07622528076172,-49.80976104736328,1
A hypothesis wasn't worrying a teenager.,A hypothesis weren't worrying a teenager.,morphology,subject_verb_agreement,irregular_plural_subject_verb_agreement_1,True,True,False,False,929,-48.901947021484375,-50.54452896118164,1
Many synopses want to talk to the customer.,Many synopses wants to talk to the customer.,morphology,subject_verb_agreement,irregular_plural_subject_verb_agreement_1,True,True,False,False,930,-57.45292663574219,-58.3215446472168,1
Most stimuli weren't disturbing Clyde.,Most stimuli isn't disturbing Clyde.,morphology,subject_verb_agreement,irregular_plural_subject_verb_agreement_1,True,True,False,False,931,-52.19591522216797,-50.00074005126953,0
These men were commanding Lissa to murmur.,These men was commanding Lissa to murmur.,morphology,subject_verb_agreement,irregular_plural_subject_verb_agreement_1,True,True,False,False,932,-69.1213607788086,-69.62165832519531,1
Those lice haven't looked like some painting.,Those lice hasn't looked like some painting.,morphology,subject_verb_agreement,irregular_plural_subject_verb_agreement_1,True,True,False,False,933,-53.82007598876953,-53.732574462890625,0
Those radii have aggravated Sherry.,Those radii has aggravated Sherry.,morphology,subject_verb_agreement,irregular_plural_subject_verb_agreement_1,True,True,False,False,934,-62.75579833984375,-61.9464225769043,0
The woman was judging Amy to notice a convertible.,The woman are judging Amy to notice a convertible.,morphology,subject_verb_agreement,irregular_plural_subject_verb_agreement_1,True,True,False,False,935,-63.134212493896484,-64.81039428710938,1
That crisis has upset some teenager.,That crisis have upset some teenager.,morphology,subject_verb_agreement,irregular_plural_subject_verb_agreement_1,True,True,False,False,936,-45.98056411743164,-46.415809631347656,1
Those children haven't existed.,Those children hasn't existed.,morphology,subject_verb_agreement,irregular_plural_subject_verb_agreement_1,True,True,False,False,937,-31.27358055114746,-31.87301254272461,1
All theses were threatening to weep.,All theses is threatening to weep.,morphology,subject_verb_agreement,irregular_plural_subject_verb_agreement_1,True,True,False,False,938,-47.308937072753906,-47.12024688720703,0
Every foot has disappeared.,Every foot have disappeared.,morphology,subject_verb_agreement,irregular_plural_subject_verb_agreement_1,True,True,False,False,939,-26.09334945678711,-26.845243453979492,1
All men have admired these convertibles.,All men has admired these convertibles.,morphology,subject_verb_agreement,irregular_plural_subject_verb_agreement_1,True,True,False,False,940,-59.488521575927734,-59.41880798339844,0
All men aren't hurting Galileo.,All men wasn't hurting Galileo.,morphology,subject_verb_agreement,irregular_plural_subject_verb_agreement_1,True,True,False,False,941,-44.76121520996094,-44.65997314453125,0
The teeth are slipping.,The teeth is slipping.,morphology,subject_verb_agreement,irregular_plural_subject_verb_agreement_1,True,True,False,False,942,-26.916534423828125,-27.324848175048828,1
Many hypotheses weren't bothering Carla.,Many hypotheses isn't bothering Carla.,morphology,subject_verb_agreement,irregular_plural_subject_verb_agreement_1,True,True,False,False,943,-56.13818359375,-53.82581329345703,0
All cacti stun Alan.,All cacti stuns Alan.,morphology,subject_verb_agreement,irregular_plural_subject_verb_agreement_1,True,True,False,False,944,-50.05424499511719,-56.477272033691406,1
Geese have appeared.,Geese has appeared.,morphology,subject_verb_agreement,irregular_plural_subject_verb_agreement_1,True,True,False,False,945,-28.649337768554688,-27.103424072265625,0
Many phenomena scare that organization.,Many phenomena scares that organization.,morphology,subject_verb_agreement,irregular_plural_subject_verb_agreement_1,True,True,False,False,946,-41.95108413696289,-43.404502868652344,1
Every stimulus disgusts Janet.,Every stimulus disgust Janet.,morphology,subject_verb_agreement,irregular_plural_subject_verb_agreement_1,True,True,False,False,947,-45.81782531738281,-39.674739837646484,0
This woman hasn't anticipated most pants to tighten.,This woman haven't anticipated most pants to tighten.,morphology,subject_verb_agreement,irregular_plural_subject_verb_agreement_1,True,True,False,False,948,-67.1751708984375,-67.63643646240234,1
Some basis was confusing Matt.,Some basis are confusing Matt.,morphology,subject_verb_agreement,irregular_plural_subject_verb_agreement_1,True,True,False,False,949,-42.15501022338867,-42.193206787109375,1
The analysis dares Raymond's mentors to correspond.,The analysis dare Raymond's mentors to correspond.,morphology,subject_verb_agreement,irregular_plural_subject_verb_agreement_1,True,True,False,False,950,-77.00540161132812,-69.76863098144531,0
The man has believed some waitress to go to the schools.,The man have believed some waitress to go to the schools.,morphology,subject_verb_agreement,irregular_plural_subject_verb_agreement_1,True,True,False,False,951,-61.61063766479492,-62.489776611328125,1
The person was criticizing Lisa.,The person are criticizing Lisa.,morphology,subject_verb_agreement,irregular_plural_subject_verb_agreement_1,True,True,False,False,952,-40.009681701660156,-38.05644226074219,0
This ox impresses many companies.,This ox impress many companies.,morphology,subject_verb_agreement,irregular_plural_subject_verb_agreement_1,True,True,False,False,953,-50.7142333984375,-42.31616973876953,0
An alumnus is winning.,An alumnus are winning.,morphology,subject_verb_agreement,irregular_plural_subject_verb_agreement_1,True,True,False,False,954,-42.32118606567383,-44.34361267089844,1
The fungus isn't stunning Kathleen.,The fungus aren't stunning Kathleen.,morphology,subject_verb_agreement,irregular_plural_subject_verb_agreement_1,True,True,False,False,955,-50.893611907958984,-51.917354583740234,1
All people weren't compelling Marie to talk about Alan.,All people isn't compelling Marie to talk about Alan.,morphology,subject_verb_agreement,irregular_plural_subject_verb_agreement_1,True,True,False,False,956,-69.16732788085938,-67.63311767578125,0
The thesis wasn't inducing Florence's electrician to scare Alice.,The thesis weren't inducing Florence's electrician to scare Alice.,morphology,subject_verb_agreement,irregular_plural_subject_verb_agreement_1,True,True,False,False,957,-94.03067779541016,-96.22465515136719,1
A stimulus hasn't disappeared.,A stimulus haven't disappeared.,morphology,subject_verb_agreement,irregular_plural_subject_verb_agreement_1,True,True,False,False,958,-35.00468063354492,-34.49334716796875,0
The goose wasn't wasting away.,The goose aren't wasting away.,morphology,subject_verb_agreement,irregular_plural_subject_verb_agreement_1,True,True,False,False,959,-39.727813720703125,-41.50889587402344,1
These teeth astound Amy.,These teeth astounds Amy.,morphology,subject_verb_agreement,irregular_plural_subject_verb_agreement_1,True,True,False,False,960,-39.71699905395508,-41.11619186401367,1
This analysis wasn't intending to read.,This analysis weren't intending to read.,morphology,subject_verb_agreement,irregular_plural_subject_verb_agreement_1,True,True,False,False,961,-44.63140106201172,-46.674407958984375,1
An analysis hasn't encouraged Donna's partner to laugh.,An analysis haven't encouraged Donna's partner to laugh.,morphology,subject_verb_agreement,irregular_plural_subject_verb_agreement_1,True,True,False,False,962,-74.3529052734375,-73.4752197265625,0
These radii have astounded Brett.,These radii has astounded Brett.,morphology,subject_verb_agreement,irregular_plural_subject_verb_agreement_1,True,True,False,False,963,-62.98081970214844,-62.95480728149414,0
Many ellipses haven't upset this bank.,Many ellipses hasn't upset this bank.,morphology,subject_verb_agreement,irregular_plural_subject_verb_agreement_1,True,True,False,False,964,-64.35192108154297,-65.09710693359375,1
Analyses were happening to mess up a lot of grocery stores.,Analyses is happening to mess up a lot of grocery stores.,morphology,subject_verb_agreement,irregular_plural_subject_verb_agreement_1,True,True,False,False,965,-75.74407958984375,-74.62123107910156,0
Most stimuli worry Gina.,Most stimuli worries Gina.,morphology,subject_verb_agreement,irregular_plural_subject_verb_agreement_1,True,True,False,False,966,-38.29736328125,-41.285980224609375,1
That mouse has hurt Meredith.,That mouse have hurt Meredith.,morphology,subject_verb_agreement,irregular_plural_subject_verb_agreement_1,True,True,False,False,967,-38.83051681518555,-38.66044235229492,0
That ellipsis impresses Spain.,That ellipsis impress Spain.,morphology,subject_verb_agreement,irregular_plural_subject_verb_agreement_1,True,True,False,False,968,-64.44298553466797,-56.36561584472656,0
That louse impresses Brad.,That louse impress Brad.,morphology,subject_verb_agreement,irregular_plural_subject_verb_agreement_1,True,True,False,False,969,-53.490901947021484,-46.458534240722656,0
A goose isn't leaving.,A goose aren't leaving.,morphology,subject_verb_agreement,irregular_plural_subject_verb_agreement_1,True,True,False,False,970,-30.406471252441406,-32.182334899902344,1
A lot of theses weren't threatening to observe these waitresses.,A lot of theses wasn't threatening to observe these waitresses.,morphology,subject_verb_agreement,irregular_plural_subject_verb_agreement_1,True,True,False,False,971,-88.69390869140625,-87.58961486816406,0
This medium isn't stunning most actresses.,This medium aren't stunning most actresses.,morphology,subject_verb_agreement,irregular_plural_subject_verb_agreement_1,True,True,False,False,972,-57.719139099121094,-58.80326461791992,1
Every hypothesis bores Marla.,Every hypothesis bore Marla.,morphology,subject_verb_agreement,irregular_plural_subject_verb_agreement_1,True,True,False,False,973,-50.48265838623047,-43.490379333496094,0
An axis hasn't annoyed Laura.,An axis haven't annoyed Laura.,morphology,subject_verb_agreement,irregular_plural_subject_verb_agreement_1,True,True,False,False,974,-47.08434295654297,-47.31333923339844,1
The mouse impresses actors.,The mouse impress actors.,morphology,subject_verb_agreement,irregular_plural_subject_verb_agreement_1,True,True,False,False,975,-43.201560974121094,-35.617977142333984,0
That child has forgotten Edward.,That child have forgotten Edward.,morphology,subject_verb_agreement,irregular_plural_subject_verb_agreement_1,True,True,False,False,976,-36.31532287597656,-36.585792541503906,1
The ellipsis astounds Derek.,The ellipsis astound Derek.,morphology,subject_verb_agreement,irregular_plural_subject_verb_agreement_1,True,True,False,False,977,-66.15304565429688,-63.839603424072266,0
That synopsis was neglecting to disturb Kenneth.,That synopsis were neglecting to disturb Kenneth.,morphology,subject_verb_agreement,irregular_plural_subject_verb_agreement_1,True,True,False,False,978,-65.55758666992188,-65.42317962646484,0
Most children have spoken up.,Most children has spoken up.,morphology,subject_verb_agreement,irregular_plural_subject_verb_agreement_1,True,True,False,False,979,-29.188438415527344,-30.3358097076416,1
The feet tip over.,The feet tips over.,morphology,subject_verb_agreement,irregular_plural_subject_verb_agreement_1,True,True,False,False,980,-28.442384719848633,-29.745248794555664,1
Some synopses haven't commissioned Christina to hate Brenda.,Some synopses hasn't commissioned Christina to hate Brenda.,morphology,subject_verb_agreement,irregular_plural_subject_verb_agreement_1,True,True,False,False,981,-93.23153686523438,-94.75846862792969,1
A lot of octopi have appeared.,A lot of octopi has appeared.,morphology,subject_verb_agreement,irregular_plural_subject_verb_agreement_1,True,True,False,False,982,-54.62833786010742,-53.015846252441406,0
A paralysis wasn't distracting Nancy.,A paralysis aren't distracting Nancy.,morphology,subject_verb_agreement,irregular_plural_subject_verb_agreement_1,True,True,False,False,983,-50.461463928222656,-50.734039306640625,1
These fungi haven't annoyed all actresses.,These fungi hasn't annoyed all actresses.,morphology,subject_verb_agreement,irregular_plural_subject_verb_agreement_1,True,True,False,False,984,-55.51163864135742,-55.82925796508789,1
The child cures this person.,The child cure this person.,morphology,subject_verb_agreement,irregular_plural_subject_verb_agreement_1,True,True,False,False,985,-36.220176696777344,-33.817420959472656,0
Those men haven't loved an actress.,Those men hasn't loved an actress.,morphology,subject_verb_agreement,irregular_plural_subject_verb_agreement_1,True,True,False,False,986,-43.043479919433594,-43.264469146728516,1
Many bases annoy Deanna.,Many bases annoys Deanna.,morphology,subject_verb_agreement,irregular_plural_subject_verb_agreement_1,True,True,False,False,987,-45.1878776550293,-51.3690299987793,1
The oases have disappeared.,The oases has disappeared.,morphology,subject_verb_agreement,irregular_plural_subject_verb_agreement_1,True,True,False,False,988,-34.301795959472656,-33.60637283325195,0
Feet have bothered every doctor.,Feet has bothered every doctor.,morphology,subject_verb_agreement,irregular_plural_subject_verb_agreement_1,True,True,False,False,989,-42.925262451171875,-42.64411926269531,0
Every cactus stuns Linda.,Every cactus stun Linda.,morphology,subject_verb_agreement,irregular_plural_subject_verb_agreement_1,True,True,False,False,990,-53.21465301513672,-47.06583786010742,0
This nucleus hasn't embarrassed Gina.,This nucleus haven't embarrassed Gina.,morphology,subject_verb_agreement,irregular_plural_subject_verb_agreement_1,True,True,False,False,991,-49.5220947265625,-48.743492126464844,0
Those geese haven't annoyed Carol.,Those geese hasn't annoyed Carol.,morphology,subject_verb_agreement,irregular_plural_subject_verb_agreement_1,True,True,False,False,992,-53.77354431152344,-53.71275329589844,0
Some phenomenon distracts Donald.,Some phenomenon distract Donald.,morphology,subject_verb_agreement,irregular_plural_subject_verb_agreement_1,True,True,False,False,993,-44.911582946777344,-38.55318069458008,0
This medium hasn't disturbed the cashiers.,This medium haven't disturbed the cashiers.,morphology,subject_verb_agreement,irregular_plural_subject_verb_agreement_1,True,True,False,False,994,-59.702911376953125,-59.07994079589844,0
A radius was distracting Suzanne.,A radius were distracting Suzanne.,morphology,subject_verb_agreement,irregular_plural_subject_verb_agreement_1,True,True,False,False,995,-45.35138702392578,-45.452598571777344,1
The analysis was predicting the convertibles to maneuver.,The analysis were predicting the convertibles to maneuver.,morphology,subject_verb_agreement,irregular_plural_subject_verb_agreement_1,True,True,False,False,996,-77.52747344970703,-76.87277221679688,0
Many bases aren't aggravating Amy.,Many bases isn't aggravating Amy.,morphology,subject_verb_agreement,irregular_plural_subject_verb_agreement_1,True,True,False,False,997,-54.527984619140625,-52.99055862426758,0
These feet have shocked Sharon.,These feet has shocked Sharon.,morphology,subject_verb_agreement,irregular_plural_subject_verb_agreement_1,True,True,False,False,998,-39.83262634277344,-39.6529541015625,0
This mouse wasn't vanishing.,This mouse aren't vanishing.,morphology,subject_verb_agreement,irregular_plural_subject_verb_agreement_1,True,True,False,False,999,-34.01310348510742,-34.63645935058594,1
