sentence_good,sentence_bad,field,linguistics_term,UID,simple_LM_method,one_prefix_method,two_prefix_method,lexically_identical,pair_id,good_prob,bad_prob,correct
Some turtles alarm Kimberley.,Some turtles come here Kimberley.,syntax,argument_structure,transitive,True,False,True,False,0,-43.07518768310547,-44.44126892089844,1
Diane watched Alan.,Diane screamed Alan.,syntax,argument_structure,transitive,True,False,True,False,1,-36.13153839111328,-37.53559875488281,1
This cousin of Theodore buys some mushroom.,This cousin of Theodore wept some mushroom.,syntax,argument_structure,transitive,True,False,True,False,2,-57.878074645996094,-64.61790466308594,1
Rhonda was arguing about this nephew of Dana.,Rhonda was going fishing this nephew of Dana.,syntax,argument_structure,transitive,True,False,True,False,3,-61.935543060302734,-64.91032409667969,1
A lot of actresses' nieces have toured that art gallery.,A lot of actresses' nieces have coped that art gallery.,syntax,argument_structure,transitive,True,False,True,False,4,-78.72787475585938,-84.08906555175781,1
Debra wears many skirts.,Debra slumps over many skirts.,syntax,argument_structure,transitive,True,False,True,False,5,-32.019622802734375,-47.80693435668945,1
Chad's daughters embarrasses Erin's girlfriend.,Chad's daughters screamed Erin's girlfriend.,syntax,argument_structure,transitive,True,False,True,False,6,-59.599117279052734,-52.81576156616211,0
Elaine criticized Jill.,Elaine shrugs Jill.,syntax,argument_structure,transitive,True,False,True,False,7,-39.075233459472656,-42.8768310546875,1
The pedestrians question some people.,The pedestrians wave some people.,syntax,argument_structure,transitive,True,False,True,False,8,-40.42177963256836,-40.421714782714844,0
Vanessa has gone to a lot of college campuses.,Vanessa has smiled a lot of college campuses.,syntax,argument_structure,transitive,True,False,True,False,9,-42.27145004272461,-51.30297088623047,1
Those committees listened to Kristen.,Those committees react Kristen.,syntax,argument_structure,transitive,True,False,True,False,10,-39.66111755371094,-43.125606536865234,1
Most pedestrians' father might climb up the slope.,Most pedestrians' father might murmur the slope.,syntax,argument_structure,transitive,True,False,True,False,11,-59.0201301574707,-70.45802307128906,1
Theresa shouldn't scan this essay.,Theresa shouldn't murmur this essay.,syntax,argument_structure,transitive,True,False,True,False,12,-47.86843490600586,-58.77906799316406,1
Andrea's ex-husbands toured this art gallery.,Andrea's ex-husbands cry this art gallery.,syntax,argument_structure,transitive,True,False,True,False,13,-80.83888244628906,-86.93632507324219,1
A lot of girls' son hadn't insulted Jerry.,A lot of girls' son hadn't sighed Jerry.,syntax,argument_structure,transitive,True,False,True,False,14,-66.69536590576172,-69.57258605957031,1
Denise has escaped from Marie's grandsons.,Denise has fallen Marie's grandsons.,syntax,argument_structure,transitive,True,False,True,False,15,-59.379154205322266,-57.522125244140625,0
Grace is investigating a lot of girls' ex-wife.,Grace is going fishing a lot of girls' ex-wife.,syntax,argument_structure,transitive,True,False,True,False,16,-59.068809509277344,-67.1070556640625,1
Donna talked about Anna's friends.,Donna replies Anna's friends.,syntax,argument_structure,transitive,True,False,True,False,17,-42.156089782714844,-46.946006774902344,1
Many sisters of some guest forget Eva.,Many sisters of some guest murmured Eva.,syntax,argument_structure,transitive,True,False,True,False,18,-63.34343719482422,-64.86417388916016,1
The truck hadn't astounded a bank.,The truck hadn't fallen a bank.,syntax,argument_structure,transitive,True,False,True,False,19,-51.81239318847656,-44.87123107910156,0
April's mentees weren't kissing Matt's nephews.,April's mentees weren't chuckling Matt's nephews.,syntax,argument_structure,transitive,True,False,True,False,20,-65.6865234375,-70.44837951660156,1
Phillip isn't observing Winston Churchill.,Phillip isn't grinning Winston Churchill.,syntax,argument_structure,transitive,True,False,True,False,21,-48.32820510864258,-50.348045349121094,1
Bill explores the bank.,Bill wept the bank.,syntax,argument_structure,transitive,True,False,True,False,22,-27.168560028076172,-30.722471237182617,1
These grandmothers of Rebecca remembered Angela.,These grandmothers of Rebecca flirted Angela.,syntax,argument_structure,transitive,True,False,True,False,23,-48.385101318359375,-58.19809341430664,1
Many universities describe Samantha.,Many universities reacted Samantha.,syntax,argument_structure,transitive,True,False,True,False,24,-37.0760383605957,-42.458229064941406,1
A lot of grandmothers of Melanie go to the mall.,A lot of grandmothers of Melanie murmured the mall.,syntax,argument_structure,transitive,True,False,True,False,25,-57.78993225097656,-67.65044403076172,1
Stacy's cousins haven't scanned many drivers' oncologists.,Stacy's cousins haven't concurred many drivers' oncologists.,syntax,argument_structure,transitive,True,False,True,False,26,-94.17545318603516,-96.21768188476562,1
Ella's tutor can't fire every adult.,Ella's tutor can't talk every adult.,syntax,argument_structure,transitive,True,False,True,False,27,-63.26934814453125,-58.528167724609375,0
Christopher researched most public parks.,Christopher suffered most public parks.,syntax,argument_structure,transitive,True,False,True,False,28,-39.542022705078125,-39.873226165771484,1
Melinda explores those closets.,Melinda slumped over those closets.,syntax,argument_structure,transitive,True,False,True,False,29,-41.13640213012695,-47.123870849609375,1
Most nieces of Jacqueline worry Phillip.,Most nieces of Jacqueline wave Phillip.,syntax,argument_structure,transitive,True,False,True,False,30,-69.80052185058594,-66.73709106445312,0
Some mother of Diane wasn't distracting a lot of students' ex-girlfriends.,Some mother of Diane wasn't coming here a lot of students' ex-girlfriends.,syntax,argument_structure,transitive,True,False,True,False,31,-88.16102600097656,-91.59442901611328,1
Robert hasn't escaped from Brenda.,Robert hasn't talked Brenda.,syntax,argument_structure,transitive,True,False,True,False,32,-37.23234939575195,-35.45697021484375,0
Marcus wasn't running around that high school.,Marcus wasn't smiling that high school.,syntax,argument_structure,transitive,True,False,True,False,33,-36.011871337890625,-37.927040100097656,1
Monet hadn't examined most commentaries.,Monet hadn't wept most commentaries.,syntax,argument_structure,transitive,True,False,True,False,34,-58.7672119140625,-71.65011596679688,1
Many actresses escape from Cynthia.,Many actresses weep Cynthia.,syntax,argument_structure,transitive,True,False,True,False,35,-42.279197692871094,-45.32124710083008,1
Amy's cousins distracts a lot of women.,Amy's cousins reply a lot of women.,syntax,argument_structure,transitive,True,False,True,False,36,-47.29502868652344,-48.11582946777344,1
Many senators' niece admires Brian's ex-husband.,Many senators' niece chuckled Brian's ex-husband.,syntax,argument_structure,transitive,True,False,True,False,37,-69.07243347167969,-69.22274017333984,1
Carmen's father isn't cleaning a lot of cups.,Carmen's father isn't waving a lot of cups.,syntax,argument_structure,transitive,True,False,True,False,38,-67.58598327636719,-70.47415924072266,1
Rose couldn't like Liam's employees.,Rose couldn't go fishing Liam's employees.,syntax,argument_structure,transitive,True,False,True,False,39,-47.023155212402344,-55.43107223510742,1
Daniel's ex-husband resembles a lot of prints of actresses.,Daniel's ex-husband compromises a lot of prints of actresses.,syntax,argument_structure,transitive,True,False,True,False,40,-69.41836547851562,-72.42753601074219,1
Heidi sells every banana.,Heidi sighed every banana.,syntax,argument_structure,transitive,True,False,True,False,41,-40.0472526550293,-41.8742790222168,1
Phillip's senators alarm the driver.,Phillip's senators shouted the driver.,syntax,argument_structure,transitive,True,False,True,False,42,-54.76427459716797,-51.5216178894043,0
The actress can notice every student.,The actress can weep every student.,syntax,argument_structure,transitive,True,False,True,False,43,-47.99687194824219,-49.91798400878906,1
The mothers of Kimberley think about all universities.,The mothers of Kimberley sighed all universities.,syntax,argument_structure,transitive,True,False,True,False,44,-59.727516174316406,-65.0467529296875,1
The Clintons heal Kimberley.,The Clintons retaliated Kimberley.,syntax,argument_structure,transitive,True,False,True,False,45,-44.96125030517578,-43.683555603027344,0
Most schools hurt Marcus.,Most schools fall Marcus.,syntax,argument_structure,transitive,True,False,True,False,46,-36.12395095825195,-34.79501724243164,0
Phillip knows Jill's senator.,Phillip reacts Jill's senator.,syntax,argument_structure,transitive,True,False,True,False,47,-47.52470016479492,-54.051124572753906,1
Sabrina was criticizing Jennifer.,Sabrina was falling Jennifer.,syntax,argument_structure,transitive,True,False,True,False,48,-37.69033432006836,-39.31553268432617,1
Lori was exploring art galleries.,Lori was compromising art galleries.,syntax,argument_structure,transitive,True,False,True,False,49,-34.65376281738281,-47.78199768066406,1
Beth will embarrass Eric.,Beth will concur Eric.,syntax,argument_structure,transitive,True,False,True,False,50,-41.177879333496094,-42.77968978881836,1
The guy hadn't skated around schools.,The guy hadn't complained schools.,syntax,argument_structure,transitive,True,False,True,False,51,-52.842586517333984,-44.035621643066406,0
Ella's teachers hire Nina.,Ella's teachers clashed Nina.,syntax,argument_structure,transitive,True,False,True,False,52,-55.04563903808594,-57.64607620239258,1
Every cashier astounded Barbara's nieces.,Every cashier boasts Barbara's nieces.,syntax,argument_structure,transitive,True,False,True,False,53,-60.845741271972656,-59.73615264892578,0
That mushroom irritates Michael's daughters.,That mushroom rotted Michael's daughters.,syntax,argument_structure,transitive,True,False,True,False,54,-52.28854751586914,-53.5080451965332,1
Valerie's electricians arrive at the rivers.,Valerie's electricians smiled the rivers.,syntax,argument_structure,transitive,True,False,True,False,55,-51.982177734375,-59.17660140991211,1
Every hospital shocked Donald.,Every hospital boasts Donald.,syntax,argument_structure,transitive,True,False,True,False,56,-37.133766174316406,-39.878318786621094,1
Patricia did lift that hat.,Patricia did slump over that hat.,syntax,argument_structure,transitive,True,False,True,False,57,-47.58655548095703,-54.13774871826172,1
Irene resembled every painting.,Irene testifies every painting.,syntax,argument_structure,transitive,True,False,True,False,58,-43.10795593261719,-48.884254455566406,1
Michelle praises Bradley.,Michelle testifies Bradley.,syntax,argument_structure,transitive,True,False,True,False,59,-27.6923828125,-38.34156036376953,1
That brother of Michael revealed many mushrooms.,That brother of Michael goes fishing many mushrooms.,syntax,argument_structure,transitive,True,False,True,False,60,-53.32343292236328,-62.7880859375,1
This teacher's plumbers can't skate around many movie theaters.,This teacher's plumbers can't clash many movie theaters.,syntax,argument_structure,transitive,True,False,True,False,61,-75.9732666015625,-70.61039733886719,0
Cousins of Stephanie run around all art galleries.,Cousins of Stephanie mutter all art galleries.,syntax,argument_structure,transitive,True,False,True,False,62,-73.54898071289062,-74.115234375,1
These drivers questioned sons of Janice.,These drivers confer sons of Janice.,syntax,argument_structure,transitive,True,False,True,False,63,-55.209716796875,-56.970603942871094,1
Drawings of Judy are annoying that student.,Drawings of Judy are falling that student.,syntax,argument_structure,transitive,True,False,True,False,64,-61.09293746948242,-60.04645538330078,0
The Borgias disagreed with the teenager's granddaughters.,The Borgias come here the teenager's granddaughters.,syntax,argument_structure,transitive,True,False,True,False,65,-67.60797882080078,-72.72317504882812,1
Customers' ex-girlfriends bike to the Great Lakes.,Customers' ex-girlfriends escape the Great Lakes.,syntax,argument_structure,transitive,True,False,True,False,66,-62.16526412963867,-58.32447052001953,0
All grandmothers of Debra run around some art galleries.,All grandmothers of Debra fall some art galleries.,syntax,argument_structure,transitive,True,False,True,False,67,-65.40788269042969,-62.67448806762695,0
Jerry wasn't escaping from a waitress.,Jerry wasn't crying a waitress.,syntax,argument_structure,transitive,True,False,True,False,68,-39.9259147644043,-36.89085388183594,0
Naomi talked to Guy.,Naomi sighed Guy.,syntax,argument_structure,transitive,True,False,True,False,69,-36.08465576171875,-38.26130676269531,1
Doctors' lawyer discussed the niece of Lucille.,Doctors' lawyer lies the niece of Lucille.,syntax,argument_structure,transitive,True,False,True,False,70,-61.52920913696289,-60.269466400146484,0
Guy's daughters talk to Jesus.,Guy's daughters complained Jesus.,syntax,argument_structure,transitive,True,False,True,False,71,-35.404457092285156,-38.50309753417969,1
That girl can admire Meredith.,That girl can escape Meredith.,syntax,argument_structure,transitive,True,False,True,False,72,-38.27245330810547,-38.101898193359375,0
Some actors' tutor hadn't questioned Candice's mentors.,Some actors' tutor hadn't shrugged Candice's mentors.,syntax,argument_structure,transitive,True,False,True,False,73,-78.8139877319336,-84.25697326660156,1
Some student wasn't healing that guy.,Some student wasn't talking that guy.,syntax,argument_structure,transitive,True,False,True,False,74,-49.4340705871582,-41.354671478271484,0
Lawrence's grandson won't sell every glove.,Lawrence's grandson won't suffer every glove.,syntax,argument_structure,transitive,True,False,True,False,75,-59.129051208496094,-60.94585418701172,1
Stacy's ex-wife passes these grocery stores.,Stacy's ex-wife cries these grocery stores.,syntax,argument_structure,transitive,True,False,True,False,76,-63.092857360839844,-65.39309692382812,1
Carrie did discover Daniel.,Carrie did joke around Daniel.,syntax,argument_structure,transitive,True,False,True,False,77,-39.328338623046875,-45.691226959228516,1
Alicia wasn't referencing Victoria.,Alicia wasn't compromising Victoria.,syntax,argument_structure,transitive,True,False,True,False,78,-54.05060577392578,-53.93391418457031,0
John scans Leslie's tutors.,John blinked Leslie's tutors.,syntax,argument_structure,transitive,True,False,True,False,79,-46.84754180908203,-49.2195930480957,1
A girl's supervisors worries boys' son.,A girl's supervisors chatted boys' son.,syntax,argument_structure,transitive,True,False,True,False,80,-61.946739196777344,-64.5353012084961,1
Jacqueline's sons hated the Borgias.,Jacqueline's sons communicated the Borgias.,syntax,argument_structure,transitive,True,False,True,False,81,-63.28015899658203,-68.81353759765625,1
Some shawl might resemble many prints of the screen.,Some shawl might fall many prints of the screen.,syntax,argument_structure,transitive,True,False,True,False,82,-67.37014770507812,-68.33427429199219,1
A carriage upsets Amanda.,A carriage fell Amanda.,syntax,argument_structure,transitive,True,False,True,False,83,-45.47175598144531,-39.32051086425781,0
Some senators have attacked Pamela.,Some senators have cooperated Pamela.,syntax,argument_structure,transitive,True,False,True,False,84,-42.01026916503906,-49.14516067504883,1
All prints upset Robert.,All prints fell Robert.,syntax,argument_structure,transitive,True,False,True,False,85,-43.22066879272461,-40.860321044921875,0
Some teacher's nieces buy this high school.,Some teacher's nieces complain this high school.,syntax,argument_structure,transitive,True,False,True,False,86,-53.02090835571289,-56.66603088378906,1
A lot of photographs have alarmed some pedestrians.,A lot of photographs have fallen some pedestrians.,syntax,argument_structure,transitive,True,False,True,False,87,-55.50584411621094,-50.442962646484375,0
Carolyn's grandfathers ran around these grocery stores.,Carolyn's grandfathers conspired these grocery stores.,syntax,argument_structure,transitive,True,False,True,False,88,-61.01256561279297,-63.56433868408203,1
Wendy complains about Lissa.,Wendy comes here Lissa.,syntax,argument_structure,transitive,True,False,True,False,89,-48.75621032714844,-48.25874328613281,0
Many children's son helped Robert.,Many children's son shrugged Robert.,syntax,argument_structure,transitive,True,False,True,False,90,-42.288604736328125,-48.701148986816406,1
Sonia's teachers exit a hill.,Sonia's teachers screamed a hill.,syntax,argument_structure,transitive,True,False,True,False,91,-51.15838623046875,-54.76258087158203,1
The son of Diana wouldn't buy most sweaters.,The son of Diana wouldn't complain most sweaters.,syntax,argument_structure,transitive,True,False,True,False,92,-58.678646087646484,-61.051971435546875,1
Rodney has revealed some restaurant.,Rodney has slumped over some restaurant.,syntax,argument_structure,transitive,True,False,True,False,93,-46.302642822265625,-54.386444091796875,1
Laura talks to Carrie.,Laura chuckled Carrie.,syntax,argument_structure,transitive,True,False,True,False,94,-25.792133331298828,-31.334095001220703,1
Margaret is investigating Rodney's hairdressers.,Margaret is shrugging Rodney's hairdressers.,syntax,argument_structure,transitive,True,False,True,False,95,-56.9951171875,-74.068603515625,1
Many fathers of Florence lifted every light.,Many fathers of Florence waved every light.,syntax,argument_structure,transitive,True,False,True,False,96,-54.967811584472656,-56.479042053222656,1
Florence's wife hadn't dropped by that lake.,Florence's wife hadn't come here that lake.,syntax,argument_structure,transitive,True,False,True,False,97,-64.03229522705078,-62.36394500732422,0
Tanya's cousins sell some drawing.,Tanya's cousins fell some drawing.,syntax,argument_structure,transitive,True,False,True,False,98,-54.57569122314453,-54.519474029541016,0
Most cashiers tour that movie theater.,Most cashiers littered that movie theater.,syntax,argument_structure,transitive,True,False,True,False,99,-55.14252471923828,-59.01581954956055,1
Erin's employees were discovering this rug.,Erin's employees were speaking up this rug.,syntax,argument_structure,transitive,True,False,True,False,100,-54.7227783203125,-59.31267166137695,1
Kristin ran around some glacier.,Kristin screams some glacier.,syntax,argument_structure,transitive,True,False,True,False,101,-42.12805938720703,-41.0151252746582,0
Some rabbits hadn't shocked John's hairdresser.,Some rabbits hadn't come here John's hairdresser.,syntax,argument_structure,transitive,True,False,True,False,102,-72.55274963378906,-71.05040740966797,0
Russell runs around a lot of closets.,Russell falls a lot of closets.,syntax,argument_structure,transitive,True,False,True,False,103,-36.45696258544922,-33.389225006103516,0
Men tour some closets.,Men weep some closets.,syntax,argument_structure,transitive,True,False,True,False,104,-34.123111724853516,-34.385955810546875,1
The lady liked Craig.,The lady concurred Craig.,syntax,argument_structure,transitive,True,False,True,False,105,-32.50821304321289,-39.73569869995117,1
Kimberley will care for Cynthia.,Kimberley will smile Cynthia.,syntax,argument_structure,transitive,True,False,True,False,106,-46.307167053222656,-48.19927978515625,1
Peter isn't lifting some fork.,Peter isn't coming here some fork.,syntax,argument_structure,transitive,True,False,True,False,107,-38.63180923461914,-44.205909729003906,1
That son of Brad helps some actresses.,That son of Brad cooperates some actresses.,syntax,argument_structure,transitive,True,False,True,False,108,-52.10618591308594,-56.900169372558594,1
Cheryl hasn't cared for Amanda.,Cheryl hasn't joked around Amanda.,syntax,argument_structure,transitive,True,False,True,False,109,-53.083736419677734,-62.40317916870117,1
Allison is discussing every brother of Jane.,Allison is nodding every brother of Jane.,syntax,argument_structure,transitive,True,False,True,False,110,-55.67670440673828,-56.39358139038086,1
Ruth kisses Chad.,Ruth talks Chad.,syntax,argument_structure,transitive,True,False,True,False,111,-41.54838943481445,-39.895118713378906,0
All bananas disturb Gina.,All bananas rot Gina.,syntax,argument_structure,transitive,True,False,True,False,112,-45.02478790283203,-43.26776885986328,0
Russell's sisters discover some unicycle.,Russell's sisters fall some unicycle.,syntax,argument_structure,transitive,True,False,True,False,113,-53.1317024230957,-53.61506271362305,1
A print of many windows embarrasses Noah.,A print of many windows fell Noah.,syntax,argument_structure,transitive,True,False,True,False,114,-65.8709716796875,-57.76743698120117,0
These banks boasted about Eric's bosses.,These banks conspire Eric's bosses.,syntax,argument_structure,transitive,True,False,True,False,115,-54.330841064453125,-57.39525604248047,1
That picture of that newspaper article looked like some screen.,That picture of that newspaper article fell some screen.,syntax,argument_structure,transitive,True,False,True,False,116,-63.84099578857422,-64.79156494140625,1
The patients observe Jessica.,The patients laughed Jessica.,syntax,argument_structure,transitive,True,False,True,False,117,-38.940818786621094,-40.27870559692383,1
Some children are talking about Amy.,Some children are going fishing Amy.,syntax,argument_structure,transitive,True,False,True,False,118,-33.045799255371094,-44.58338165283203,1
That movie about the Lutherans had irritated Julia.,That movie about the Lutherans had disagreed Julia.,syntax,argument_structure,transitive,True,False,True,False,119,-69.68011474609375,-74.22537231445312,1
Brenda's students were boring Beth.,Brenda's students were screaming Beth.,syntax,argument_structure,transitive,True,False,True,False,120,-49.6540412902832,-46.85504150390625,0
Fathers of Amelia distract many teachers.,Fathers of Amelia disagreed many teachers.,syntax,argument_structure,transitive,True,False,True,False,121,-58.641868591308594,-57.805931091308594,0
A lot of bikes are looking like that drawing.,A lot of bikes are falling that drawing.,syntax,argument_structure,transitive,True,False,True,False,122,-55.91468048095703,-55.38740158081055,0
Every woman's classmate broke a lot of chairs.,Every woman's classmate works hard a lot of chairs.,syntax,argument_structure,transitive,True,False,True,False,123,-53.68445587158203,-59.915184020996094,1
Tiffany's contractors watch the father of Kristen.,Tiffany's contractors confer the father of Kristen.,syntax,argument_structure,transitive,True,False,True,False,124,-74.14334106445312,-74.71941375732422,1
Most guests aren't biking to Spain.,Most guests aren't working hard Spain.,syntax,argument_structure,transitive,True,False,True,False,125,-42.71954345703125,-42.05910110473633,0
Sarah brought the photograph of this cilantro.,Sarah mutters the photograph of this cilantro.,syntax,argument_structure,transitive,True,False,True,False,126,-43.171669006347656,-57.001312255859375,1
Angela hasn't aggravated the senator's piano teachers.,Angela hasn't come here the senator's piano teachers.,syntax,argument_structure,transitive,True,False,True,False,127,-71.51181030273438,-69.54721069335938,0
A mountain shocks Walter.,A mountain fell Walter.,syntax,argument_structure,transitive,True,False,True,False,128,-41.1938362121582,-36.78779602050781,0
Carmen's podiatrists have cleaned that picture.,Carmen's podiatrists have died that picture.,syntax,argument_structure,transitive,True,False,True,False,129,-72.58943176269531,-69.60042572021484,0
Laurie was fleeing from most lakes.,Laurie was blinking most lakes.,syntax,argument_structure,transitive,True,False,True,False,130,-51.94883346557617,-55.37323760986328,1
Anne's wife revealed Julie.,Anne's wife complained Julie.,syntax,argument_structure,transitive,True,False,True,False,131,-36.28062057495117,-36.784812927246094,1
This waitress had praised these guys.,This waitress had gone fishing these guys.,syntax,argument_structure,transitive,True,False,True,False,132,-42.63206481933594,-46.446144104003906,1
Every teacher doesn't reveal Bruce.,Every teacher doesn't sigh Bruce.,syntax,argument_structure,transitive,True,False,True,False,133,-40.996971130371094,-45.32103729248047,1
Lisa is aggravating Liam.,Lisa is muttering Liam.,syntax,argument_structure,transitive,True,False,True,False,134,-36.63337707519531,-38.25265121459961,1
Vanessa does fix that couch.,Vanessa does grin that couch.,syntax,argument_structure,transitive,True,False,True,False,135,-46.36569595336914,-49.194419860839844,1
This friend of Joseph had these pants.,This friend of Joseph spoke up these pants.,syntax,argument_structure,transitive,True,False,True,False,136,-48.2169075012207,-59.197486877441406,1
Richard would reference Phillip's tutor.,Richard would scream Phillip's tutor.,syntax,argument_structure,transitive,True,False,True,False,137,-48.717926025390625,-51.7536735534668,1
This college campus confused Nancy.,This college campus falls Nancy.,syntax,argument_structure,transitive,True,False,True,False,138,-41.935935974121094,-41.40192413330078,0
Rodney's friend might climb up a hill.,Rodney's friend might complain a hill.,syntax,argument_structure,transitive,True,False,True,False,139,-52.26005554199219,-56.229820251464844,1
Cheryl's hairdressers criticize that child.,Cheryl's hairdressers corresponded that child.,syntax,argument_structure,transitive,True,False,True,False,140,-74.09916687011719,-79.33905792236328,1
Dan hadn't arrived at all public parks.,Dan hadn't complained all public parks.,syntax,argument_structure,transitive,True,False,True,False,141,-46.380760192871094,-49.462867736816406,1
These children discuss a dancer.,These children shouted a dancer.,syntax,argument_structure,transitive,True,False,True,False,142,-37.97944641113281,-37.860023498535156,0
Erin kisses Sonia.,Erin shrugs Sonia.,syntax,argument_structure,transitive,True,False,True,False,143,-37.5701904296875,-42.59629440307617,1
Jill isn't describing Matt.,Jill isn't coming here Matt.,syntax,argument_structure,transitive,True,False,True,False,144,-43.13854217529297,-46.018821716308594,1
Gary boasted about Mitchell's ex-wife.,Gary works hard Mitchell's ex-wife.,syntax,argument_structure,transitive,True,False,True,False,145,-48.34013366699219,-48.59510040283203,1
Naomi has boycotted some glaciers.,Naomi has joked around some glaciers.,syntax,argument_structure,transitive,True,False,True,False,146,-61.302249908447266,-51.58487319946289,0
Patricia's brothers are bothering Melanie's piano teacher.,Patricia's brothers are complaining Melanie's piano teacher.,syntax,argument_structure,transitive,True,False,True,False,147,-72.01190948486328,-71.91438293457031,0
Bruce shouldn't remember Andrew.,Bruce shouldn't die Andrew.,syntax,argument_structure,transitive,True,False,True,False,148,-31.648427963256836,-33.429298400878906,1
Mary escapes from many boys' doctors.,Mary shrugged many boys' doctors.,syntax,argument_structure,transitive,True,False,True,False,149,-48.06327819824219,-47.04707336425781,0
Tina wasn't kissing Steven.,Tina wasn't falling Steven.,syntax,argument_structure,transitive,True,False,True,False,150,-44.30575180053711,-46.16335678100586,1
This teacher's partners stunned Walter.,This teacher's partners fall Walter.,syntax,argument_structure,transitive,True,False,True,False,151,-55.80397033691406,-52.146751403808594,0
The Lutherans' boyfriend shouldn't stun Joseph's nephews.,The Lutherans' boyfriend shouldn't concur Joseph's nephews.,syntax,argument_structure,transitive,True,False,True,False,152,-80.96699523925781,-83.47207641601562,1
Some story astounds Tanya.,Some story disagreed Tanya.,syntax,argument_structure,transitive,True,False,True,False,153,-46.780311584472656,-41.579376220703125,0
Donald did heal James.,Donald did weep James.,syntax,argument_structure,transitive,True,False,True,False,154,-33.22480773925781,-36.45425033569336,1
Adam heals Bradley.,Adam struggles Bradley.,syntax,argument_structure,transitive,True,False,True,False,155,-30.23524284362793,-29.955699920654297,0
Many documentaries about Winston Churchill had disagreed with Kevin's dermatologist.,Many documentaries about Winston Churchill had disagreed Kevin's dermatologist.,syntax,argument_structure,transitive,True,False,True,False,156,-83.73289489746094,-85.82818603515625,1
George hadn't fixed the unicycle.,George hadn't smiled the unicycle.,syntax,argument_structure,transitive,True,False,True,False,157,-43.005592346191406,-47.67136764526367,1
Every teacher hasn't alarmed Homer.,Every teacher hasn't boasted Homer.,syntax,argument_structure,transitive,True,False,True,False,158,-47.82038879394531,-47.59320068359375,0
Tina's ex-wife hid Walter.,Tina's ex-wife compromised Walter.,syntax,argument_structure,transitive,True,False,True,False,159,-58.77525329589844,-61.78389358520508,1
Many brothers of Monica attack that guy.,Many brothers of Monica complained that guy.,syntax,argument_structure,transitive,True,False,True,False,160,-57.80905532836914,-55.02897644042969,0
Some college campus hadn't irritated Sonia.,Some college campus hadn't fallen Sonia.,syntax,argument_structure,transitive,True,False,True,False,161,-56.568260192871094,-53.946659088134766,0
Every driver can discover Amy.,Every driver can concur Amy.,syntax,argument_structure,transitive,True,False,True,False,162,-39.59632873535156,-44.82374954223633,1
This boy hadn't dropped by those hills.,This boy hadn't waved those hills.,syntax,argument_structure,transitive,True,False,True,False,163,-52.198123931884766,-50.82200622558594,0
Leslie wasn't noticing Brett.,Leslie wasn't grinning Brett.,syntax,argument_structure,transitive,True,False,True,False,164,-45.289894104003906,-48.26085662841797,1
Liam should shock Joseph's supervisors.,Liam should shrug Joseph's supervisors.,syntax,argument_structure,transitive,True,False,True,False,165,-61.662322998046875,-65.08111572265625,1
Tonya disagrees with some people's associate.,Tonya boasted some people's associate.,syntax,argument_structure,transitive,True,False,True,False,166,-54.384212493896484,-53.068267822265625,0
Every grandmother of Christopher hasn't watched Diane.,Every grandmother of Christopher hasn't suffered Diane.,syntax,argument_structure,transitive,True,False,True,False,167,-58.409393310546875,-60.91176223754883,1
A waiter couldn't clean that glass.,A waiter couldn't speak up that glass.,syntax,argument_structure,transitive,True,False,True,False,168,-46.68816375732422,-46.812416076660156,1
The Borgias' French teacher would wear the shoe.,The Borgias' French teacher would talk the shoe.,syntax,argument_structure,transitive,True,False,True,False,169,-68.7299575805664,-75.69352722167969,1
Patrick did climb up every slope.,Patrick did talk every slope.,syntax,argument_structure,transitive,True,False,True,False,170,-35.61921691894531,-38.331363677978516,1
Theresa fixes many mirrors.,Theresa blinked many mirrors.,syntax,argument_structure,transitive,True,False,True,False,171,-45.585121154785156,-47.03367614746094,1
Most children's nieces were disagreeing with Dan.,Most children's nieces were replying Dan.,syntax,argument_structure,transitive,True,False,True,False,172,-63.86189270019531,-60.36602783203125,0
Carl's dermatologists examine this essay.,Carl's dermatologists communicated this essay.,syntax,argument_structure,transitive,True,False,True,False,173,-44.741241455078125,-47.975914001464844,1
Alicia's tutors astound Stephanie.,Alicia's tutors communicated Stephanie.,syntax,argument_structure,transitive,True,False,True,False,174,-67.05908966064453,-65.53009033203125,0
Commentaries about Winston Churchill haven't annoyed Rose's niece.,Commentaries about Winston Churchill haven't disagreed Rose's niece.,syntax,argument_structure,transitive,True,False,True,False,175,-82.48677825927734,-83.74954986572266,1
Liam investigates Liam.,Liam sighed Liam.,syntax,argument_structure,transitive,True,False,True,False,176,-41.29535675048828,-41.36220932006836,1
Most drawings of Dawn would stun many cousins of most ladies.,Most drawings of Dawn would fall many cousins of most ladies.,syntax,argument_structure,transitive,True,False,True,False,177,-87.13832092285156,-84.01860809326172,0
Ella's cousin wasn't stunning the Impressionists.,Ella's cousin wasn't shrugging the Impressionists.,syntax,argument_structure,transitive,True,False,True,False,178,-67.94615173339844,-77.16317749023438,1
Many doctors impress Edward.,Many doctors fall Edward.,syntax,argument_structure,transitive,True,False,True,False,179,-38.405174255371094,-34.487281799316406,0
Some grandson of Frank works with Jeffrey.,Some grandson of Frank suffers Jeffrey.,syntax,argument_structure,transitive,True,False,True,False,180,-47.52228927612305,-54.21337890625,1
Galileo hasn't impressed Nina's daughter.,Galileo hasn't come here Nina's daughter.,syntax,argument_structure,transitive,True,False,True,False,181,-63.323158264160156,-64.41876983642578,1
Katherine criticizes Tonya.,Katherine jokes around Tonya.,syntax,argument_structure,transitive,True,False,True,False,182,-42.522926330566406,-44.25968933105469,1
Teresa is climbing down some hills.,Teresa is joking around some hills.,syntax,argument_structure,transitive,True,False,True,False,183,-41.82344055175781,-46.32440185546875,1
Paula has kissed Kendra.,Paula has escaped Kendra.,syntax,argument_structure,transitive,True,False,True,False,184,-39.02543640136719,-37.54325866699219,0
Erin wouldn't disgust Matt.,Erin wouldn't fall Matt.,syntax,argument_structure,transitive,True,False,True,False,185,-47.17262649536133,-41.96582794189453,0
Grace hugs Dawn.,Grace waved Dawn.,syntax,argument_structure,transitive,True,False,True,False,186,-34.45735168457031,-35.439674377441406,1
Many nieces of Lori couldn't describe most malls.,Many nieces of Lori couldn't chuckle most malls.,syntax,argument_structure,transitive,True,False,True,False,187,-76.98164367675781,-81.477294921875,1
Katherine's ex-boyfriends respected Jason's bosses.,Katherine's ex-boyfriends chat Jason's bosses.,syntax,argument_structure,transitive,True,False,True,False,188,-70.36332702636719,-71.86415100097656,1
All pies aggravate Janice.,All pies fell Janice.,syntax,argument_structure,transitive,True,False,True,False,189,-48.46217727661133,-38.496395111083984,0
Kayla's students haven't skated around the museums.,Kayla's students haven't screamed the museums.,syntax,argument_structure,transitive,True,False,True,False,190,-65.87216186523438,-61.81309509277344,0
Those waiters referenced Lori.,Those waiters shrug Lori.,syntax,argument_structure,transitive,True,False,True,False,191,-45.64579772949219,-46.33098602294922,1
Russell is returning to Alicia's grandmother.,Russell is muttering Alicia's grandmother.,syntax,argument_structure,transitive,True,False,True,False,192,-34.68596649169922,-48.80558776855469,1
Chad knows Brett.,Chad falls Brett.,syntax,argument_structure,transitive,True,False,True,False,193,-31.532176971435547,-33.998939514160156,1
Stephen's best friend hadn't remembered Spain.,Stephen's best friend hadn't sighed Spain.,syntax,argument_structure,transitive,True,False,True,False,194,-47.046836853027344,-52.943565368652344,1
Every waiter's brother explores some hill.,Every waiter's brother goes fishing some hill.,syntax,argument_structure,transitive,True,False,True,False,195,-60.86334991455078,-60.0104866027832,0
Tamara's hairdresser wasn't praising Matt.,Tamara's hairdresser wasn't talking Matt.,syntax,argument_structure,transitive,True,False,True,False,196,-63.14936065673828,-61.10490798950195,0
Vincent hated William.,Vincent grinned William.,syntax,argument_structure,transitive,True,False,True,False,197,-37.59571075439453,-40.49336242675781,1
Keith didn't confuse Joseph's granddaughters.,Keith didn't come here Joseph's granddaughters.,syntax,argument_structure,transitive,True,False,True,False,198,-52.96160888671875,-56.12275314331055,1
These men fix that skateboard.,These men went fishing that skateboard.,syntax,argument_structure,transitive,True,False,True,False,199,-40.484779357910156,-47.31402587890625,1
Bradley messed up some library.,Bradley smiles some library.,syntax,argument_structure,transitive,True,False,True,False,200,-36.79793930053711,-42.071739196777344,1
Adam would disgust Bethany's supervisors.,Adam would joke around Bethany's supervisors.,syntax,argument_structure,transitive,True,False,True,False,201,-52.75001525878906,-53.31562423706055,1
Teresa's partners heal Mark.,Teresa's partners responded Mark.,syntax,argument_structure,transitive,True,False,True,False,202,-51.21376419067383,-49.384376525878906,0
Some woman's oncologist will discuss Gary.,Some woman's oncologist will lie Gary.,syntax,argument_structure,transitive,True,False,True,False,203,-62.506893157958984,-66.65758514404297,1
Those doctors' dentist walks through that library.,Those doctors' dentist reacts that library.,syntax,argument_structure,transitive,True,False,True,False,204,-55.490013122558594,-58.11614990234375,1
Some museum did help Dana's sons.,Some museum did retaliate Dana's sons.,syntax,argument_structure,transitive,True,False,True,False,205,-51.712921142578125,-62.07775115966797,1
Sandra is hugging the senators.,Sandra is nodding the senators.,syntax,argument_structure,transitive,True,False,True,False,206,-43.12799835205078,-44.693031311035156,1
Steven's ex-wife does kiss Todd.,Steven's ex-wife does weep Todd.,syntax,argument_structure,transitive,True,False,True,False,207,-54.776344299316406,-58.812347412109375,1
Every father of Allison isn't helping Sharon.,Every father of Allison isn't laughing Sharon.,syntax,argument_structure,transitive,True,False,True,False,208,-55.048057556152344,-60.295570373535156,1
A picture of Keith looks like all convertibles.,A picture of Keith fell all convertibles.,syntax,argument_structure,transitive,True,False,True,False,209,-57.74361801147461,-56.869693756103516,0
Kevin isn't boycotting the Great Lakes.,Kevin isn't joking around the Great Lakes.,syntax,argument_structure,transitive,True,False,True,False,210,-39.693992614746094,-37.67129135131836,0
Beef shocks some grandmother of the Clintons.,Beef fell some grandmother of the Clintons.,syntax,argument_structure,transitive,True,False,True,False,211,-68.20761108398438,-61.804439544677734,0
Homer had hired Brian's grandson.,Homer had nodded Brian's grandson.,syntax,argument_structure,transitive,True,False,True,False,212,-51.047035217285156,-56.412925720214844,1
Those fathers of Carla bike to a museum.,Those fathers of Carla blinked a museum.,syntax,argument_structure,transitive,True,False,True,False,213,-62.397674560546875,-60.06693649291992,0
That school had bothered the grandmother of Galileo.,That school had responded the grandmother of Galileo.,syntax,argument_structure,transitive,True,False,True,False,214,-54.5524787902832,-56.1373291015625,1
Every senator disliked all ladies.,Every senator suffered all ladies.,syntax,argument_structure,transitive,True,False,True,False,215,-45.11262512207031,-43.091827392578125,0
Many sketches of Russell disturb Heather.,Many sketches of Russell fell Heather.,syntax,argument_structure,transitive,True,False,True,False,216,-57.72353744506836,-54.87290954589844,0
Many teenagers had fled from Jerry's wife.,Many teenagers had negotiated Jerry's wife.,syntax,argument_structure,transitive,True,False,True,False,217,-50.745338439941406,-54.721588134765625,1
The person won't conceal Dennis.,The person won't come here Dennis.,syntax,argument_structure,transitive,True,False,True,False,218,-44.187530517578125,-42.39097213745117,0
Melanie had healed Joel.,Melanie had slumped over Joel.,syntax,argument_structure,transitive,True,False,True,False,219,-43.48876953125,-49.83553695678711,1
Melinda's best friend drops by public parks.,Melinda's best friend escaped public parks.,syntax,argument_structure,transitive,True,False,True,False,220,-59.86992645263672,-53.84921646118164,0
Eva helped Helen's podiatrists.,Eva jokes around Helen's podiatrists.,syntax,argument_structure,transitive,True,False,True,False,221,-45.41194152832031,-52.44619369506836,1
Gerald would flee from many nephews of Ellen.,Gerald would nod many nephews of Ellen.,syntax,argument_structure,transitive,True,False,True,False,222,-63.31949996948242,-62.6829948425293,0
April can't break all trucks.,April can't boast all trucks.,syntax,argument_structure,transitive,True,False,True,False,223,-35.3240966796875,-39.79072570800781,1
All doctors didn't admire screens.,All doctors didn't smile screens.,syntax,argument_structure,transitive,True,False,True,False,224,-44.926734924316406,-44.37541198730469,0
That gate shocks Cindy.,That gate falls Cindy.,syntax,argument_structure,transitive,True,False,True,False,225,-40.78398513793945,-38.00657272338867,0
Connie attacks Karen.,Connie jokes around Karen.,syntax,argument_structure,transitive,True,False,True,False,226,-38.50566101074219,-41.72245788574219,1
Heather lifted some blouse.,Heather jokes around some blouse.,syntax,argument_structure,transitive,True,False,True,False,227,-40.04803466796875,-48.87956619262695,1
Carla isn't praising many books about the Great Lakes.,Carla isn't talking many books about the Great Lakes.,syntax,argument_structure,transitive,True,False,True,False,228,-65.496337890625,-59.775428771972656,0
Elaine arrived at the cafe.,Elaine compromised the cafe.,syntax,argument_structure,transitive,True,False,True,False,229,-31.75701332092285,-41.763126373291016,1
Most drawings of Amelia look like those art galleries.,Most drawings of Amelia fell those art galleries.,syntax,argument_structure,transitive,True,False,True,False,230,-63.01171875,-64.6419677734375,1
Most girls lifted these eggplants.,Most girls retaliate these eggplants.,syntax,argument_structure,transitive,True,False,True,False,231,-47.95770263671875,-56.52448654174805,1
The face wasn't shocking Ellen.,The face wasn't falling Ellen.,syntax,argument_structure,transitive,True,False,True,False,232,-44.19696807861328,-41.704524993896484,0
Matt hasn't toured this lake.,Matt hasn't fallen asleep this lake.,syntax,argument_structure,transitive,True,False,True,False,233,-36.9841423034668,-41.159751892089844,1
A lamp hurts Dawn.,A lamp falls Dawn.,syntax,argument_structure,transitive,True,False,True,False,234,-41.611122131347656,-39.966880798339844,0
Rose wasn't disturbing Mark.,Rose wasn't boasting Mark.,syntax,argument_structure,transitive,True,False,True,False,235,-37.76100158691406,-40.82221221923828,1
Alan's mentees aren't escaping from Curtis.,Alan's mentees aren't going fishing Curtis.,syntax,argument_structure,transitive,True,False,True,False,236,-55.398765563964844,-58.96388244628906,1
Gina's tutor hasn't disagreed with Amelia.,Gina's tutor hasn't cried Amelia.,syntax,argument_structure,transitive,True,False,True,False,237,-63.897010803222656,-65.67578887939453,1
Pedestrians criticize most ladies.,Pedestrians flirt most ladies.,syntax,argument_structure,transitive,True,False,True,False,238,-44.157508850097656,-46.5284538269043,1
Tracy cared for waiters.,Tracy sighed waiters.,syntax,argument_structure,transitive,True,False,True,False,239,-40.65824508666992,-41.14176940917969,1
The Impressionists mess up every grocery store.,The Impressionists cried every grocery store.,syntax,argument_structure,transitive,True,False,True,False,240,-53.418304443359375,-52.44704055786133,0
Kristen won't love Kimberley.,Kristen won't fall asleep Kimberley.,syntax,argument_structure,transitive,True,False,True,False,241,-41.98125076293945,-46.93516540527344,1
Christine sees every pepper.,Christine laughs every pepper.,syntax,argument_structure,transitive,True,False,True,False,242,-37.12480926513672,-40.17516326904297,1
Brian had some hospitals.,Brian nodded some hospitals.,syntax,argument_structure,transitive,True,False,True,False,243,-24.869871139526367,-34.85564041137695,1
These girls couldn't descend that hill.,These girls couldn't testify that hill.,syntax,argument_structure,transitive,True,False,True,False,244,-47.46467590332031,-50.177608489990234,1
Irene's French teachers conceal that broccoli.,Irene's French teachers conferred that broccoli.,syntax,argument_structure,transitive,True,False,True,False,245,-70.22322845458984,-67.87655639648438,0
Ann ascends these mountains.,Ann shouts these mountains.,syntax,argument_structure,transitive,True,False,True,False,246,-33.71929168701172,-31.75505828857422,0
A lot of granddaughters of Sherry worries every nephew of Cynthia.,A lot of granddaughters of Sherry react every nephew of Cynthia.,syntax,argument_structure,transitive,True,False,True,False,247,-85.9942626953125,-93.4801025390625,1
Amelia's guest couldn't conceal Gary.,Amelia's guest couldn't mutter Gary.,syntax,argument_structure,transitive,True,False,True,False,248,-58.439144134521484,-61.730384826660156,1
Carmen's sister should pass the cafe.,Carmen's sister should laugh the cafe.,syntax,argument_structure,transitive,True,False,True,False,249,-59.39515686035156,-65.115234375,1
These waiters flee from Aaron.,These waiters concur Aaron.,syntax,argument_structure,transitive,True,False,True,False,250,-42.69527816772461,-46.248939514160156,1
These projectors haven't bored Jessica.,These projectors haven't fallen Jessica.,syntax,argument_structure,transitive,True,False,True,False,251,-56.090850830078125,-53.63719940185547,0
Some fish climbed up mountains.,Some fish comes here mountains.,syntax,argument_structure,transitive,True,False,True,False,252,-32.35662841796875,-38.66292953491211,1
Alan's dermatologist hasn't escaped from Vincent.,Alan's dermatologist hasn't muttered Vincent.,syntax,argument_structure,transitive,True,False,True,False,253,-55.05608367919922,-60.861793518066406,1
Marla wasn't skated around the cafe.,Marla wasn't shouting the cafe.,syntax,argument_structure,transitive,True,False,True,False,254,-50.377227783203125,-45.50122833251953,0
All grandsons of Stacy walk through some art gallery.,All grandsons of Stacy cried some art gallery.,syntax,argument_structure,transitive,True,False,True,False,255,-77.45689392089844,-78.57952117919922,1
Some drivers aren't passing these public parks.,Some drivers aren't falling these public parks.,syntax,argument_structure,transitive,True,False,True,False,256,-49.410377502441406,-49.80897521972656,1
Christine runs around these schools.,Christine escaped these schools.,syntax,argument_structure,transitive,True,False,True,False,257,-35.89471435546875,-36.006752014160156,1
Stacey approaches William.,Stacey falls William.,syntax,argument_structure,transitive,True,False,True,False,258,-39.15556335449219,-38.25114440917969,0
Daniel's guest argued about Diana's grandson.,Daniel's guest went fishing Diana's grandson.,syntax,argument_structure,transitive,True,False,True,False,259,-52.85108184814453,-56.08349609375,1
Cindy's podiatrists cleaned most public parks.,Cindy's podiatrists cooperated most public parks.,syntax,argument_structure,transitive,True,False,True,False,260,-76.60884094238281,-79.50152587890625,1
Dan sounded like the woman.,Dan concurred the woman.,syntax,argument_structure,transitive,True,False,True,False,261,-26.309167861938477,-31.34046173095703,1
Some waiter's mentee hurt a niece of Cindy.,Some waiter's mentee shrugs a niece of Cindy.,syntax,argument_structure,transitive,True,False,True,False,262,-74.28911590576172,-77.02946472167969,1
Larry shouldn't boycott this art gallery.,Larry shouldn't lie this art gallery.,syntax,argument_structure,transitive,True,False,True,False,263,-46.0062255859375,-43.65017318725586,0
Deborah bothered most customers.,Deborah went fishing most customers.,syntax,argument_structure,transitive,True,False,True,False,264,-42.31165313720703,-47.97277069091797,1
Nicole heals Todd.,Nicole concurs Todd.,syntax,argument_structure,transitive,True,False,True,False,265,-38.74224090576172,-41.12824630737305,1
Regina disturbs Matt's guests.,Regina suffers Matt's guests.,syntax,argument_structure,transitive,True,False,True,False,266,-54.3790397644043,-55.39276885986328,1
Homer cleans many banks.,Homer murmurs many banks.,syntax,argument_structure,transitive,True,False,True,False,267,-45.68121337890625,-48.04913330078125,1
Elaine can't look like this photograph of these blouses.,Elaine can't weep this photograph of these blouses.,syntax,argument_structure,transitive,True,False,True,False,268,-64.98960876464844,-71.49679565429688,1
A lot of cousins of some student weren't impressing Guy's students.,A lot of cousins of some student weren't talking Guy's students.,syntax,argument_structure,transitive,True,False,True,False,269,-94.10964965820312,-86.65619659423828,0
Ella examines a nephew of some customers.,Ella chuckled a nephew of some customers.,syntax,argument_structure,transitive,True,False,True,False,270,-58.387508392333984,-57.96554183959961,0
Travis's tutors praise Pamela's senator.,Travis's tutors muttered Pamela's senator.,syntax,argument_structure,transitive,True,False,True,False,271,-65.89140319824219,-74.56847381591797,1
Becky's classmates think about Florence's dermatologist.,Becky's classmates chatted Florence's dermatologist.,syntax,argument_structure,transitive,True,False,True,False,272,-56.984107971191406,-62.60033416748047,1
Donna's mother hires Amanda.,Donna's mother testifies Amanda.,syntax,argument_structure,transitive,True,False,True,False,273,-45.665252685546875,-53.050865173339844,1
Every patient remembers the friends of Eric.,Every patient cried the friends of Eric.,syntax,argument_structure,transitive,True,False,True,False,274,-48.648223876953125,-51.1080322265625,1
Most grandfathers of Gregory think about some fish.,Most grandfathers of Gregory slumped over some fish.,syntax,argument_structure,transitive,True,False,True,False,275,-60.37767791748047,-64.31507110595703,1
Most lakes haven't astounded Heather.,Most lakes haven't fallen Heather.,syntax,argument_structure,transitive,True,False,True,False,276,-55.7608642578125,-47.980079650878906,0
All women's plumbers aren't fixing this bicycle.,All women's plumbers aren't crying this bicycle.,syntax,argument_structure,transitive,True,False,True,False,277,-59.72560119628906,-61.53923034667969,1
Linda's nieces attack Carla.,Linda's nieces compete Carla.,syntax,argument_structure,transitive,True,False,True,False,278,-56.91078186035156,-60.57398223876953,1
Thomas reveals Nina.,Thomas mutters Nina.,syntax,argument_structure,transitive,True,False,True,False,279,-28.70700454711914,-36.50558853149414,1
Carl had known Suzanne.,Carl had wept Suzanne.,syntax,argument_structure,transitive,True,False,True,False,280,-30.825849533081055,-44.79212951660156,1
A lot of ladies shouldn't appreciate Julia.,A lot of ladies shouldn't scream Julia.,syntax,argument_structure,transitive,True,False,True,False,281,-53.33485412597656,-56.18876647949219,1
Katherine's doctors can't break a lot of wheelbarrows.,Katherine's doctors can't wave a lot of wheelbarrows.,syntax,argument_structure,transitive,True,False,True,False,282,-73.79010009765625,-79.03608703613281,1
Dana explores the closet.,Dana muttered the closet.,syntax,argument_structure,transitive,True,False,True,False,283,-35.29608917236328,-38.24794006347656,1
Marcus's employees hire Todd.,Marcus's employees sigh Todd.,syntax,argument_structure,transitive,True,False,True,False,284,-40.756141662597656,-45.085548400878906,1
Beverly disagrees with this guest's ex-boyfriend.,Beverly screams this guest's ex-boyfriend.,syntax,argument_structure,transitive,True,False,True,False,285,-59.74729537963867,-60.69163513183594,1
A government doesn't respect dancers.,A government doesn't negotiate dancers.,syntax,argument_structure,transitive,True,False,True,False,286,-41.6396369934082,-44.11262893676758,1
Martha's plumbers sounded like the Borgias.,Martha's plumbers talk the Borgias.,syntax,argument_structure,transitive,True,False,True,False,287,-64.32747650146484,-64.83474731445312,1
All grandmothers of Liam didn't take many schools.,All grandmothers of Liam didn't litter many schools.,syntax,argument_structure,transitive,True,False,True,False,288,-60.24824523925781,-68.35456848144531,1
Noah's grandsons could hire Carlos.,Noah's grandsons could come here Carlos.,syntax,argument_structure,transitive,True,False,True,False,289,-62.77177429199219,-68.56844329833984,1
Kendra heals the patient.,Kendra shouts the patient.,syntax,argument_structure,transitive,True,False,True,False,290,-36.38075256347656,-38.2614860534668,1
Michael boasted about Anna.,Michael muttered Anna.,syntax,argument_structure,transitive,True,False,True,False,291,-33.17955780029297,-30.734561920166016,0
Every senator is approaching Beverly.,Every senator is slumping over Beverly.,syntax,argument_structure,transitive,True,False,True,False,292,-42.29344940185547,-56.35981750488281,1
Jill's classmates observe Sherry's handyman.,Jill's classmates conferred Sherry's handyman.,syntax,argument_structure,transitive,True,False,True,False,293,-69.85790252685547,-70.8962631225586,1
All associations argue about Tina.,All associations lied Tina.,syntax,argument_structure,transitive,True,False,True,False,294,-46.54063034057617,-46.13923645019531,0
Those books about politics could upset Bethany.,Those books about politics could fall Bethany.,syntax,argument_structure,transitive,True,False,True,False,295,-55.77593994140625,-56.729270935058594,1
Organizations are taking most libraries.,Organizations are responding most libraries.,syntax,argument_structure,transitive,True,False,True,False,296,-38.517757415771484,-41.85466003417969,1
Ellen described every teenager's partner.,Ellen cried every teenager's partner.,syntax,argument_structure,transitive,True,False,True,False,297,-46.482425689697266,-47.835636138916016,1
Angela wasn't lifting every newspaper article.,Angela wasn't murmuring every newspaper article.,syntax,argument_structure,transitive,True,False,True,False,298,-55.06566619873047,-59.80516815185547,1
James wasn't wearing this sock.,James wasn't blinking this sock.,syntax,argument_structure,transitive,True,False,True,False,299,-33.13236618041992,-42.23876953125,1
Melissa's doctors attack Gregory's grandfather.,Melissa's doctors blinked Gregory's grandfather.,syntax,argument_structure,transitive,True,False,True,False,300,-57.21739959716797,-61.80937576293945,1
Most ladies bothered Barbara's nephew.,Most ladies sighed Barbara's nephew.,syntax,argument_structure,transitive,True,False,True,False,301,-50.12477111816406,-52.8585205078125,1
Kevin had found those fish.,Kevin had died those fish.,syntax,argument_structure,transitive,True,False,True,False,302,-32.102752685546875,-37.72305679321289,1
Vincent's electrician biked to that closet.,Vincent's electrician slumped over that closet.,syntax,argument_structure,transitive,True,False,True,False,303,-67.8849105834961,-66.11589050292969,0
All prints look like a dish.,All prints fall a dish.,syntax,argument_structure,transitive,True,False,True,False,304,-39.645320892333984,-42.745140075683594,1
Kendra might arrive at many grocery stores.,Kendra might suffer many grocery stores.,syntax,argument_structure,transitive,True,False,True,False,305,-45.62896728515625,-46.33817672729492,1
Stacy's ex-girlfriends discussed those teachers.,Stacy's ex-girlfriends cried those teachers.,syntax,argument_structure,transitive,True,False,True,False,306,-65.8558120727539,-66.16400909423828,1
Jason hadn't upset Amanda.,Jason hadn't screamed Amanda.,syntax,argument_structure,transitive,True,False,True,False,307,-36.19041061401367,-40.75162124633789,1
Vanessa knows Amanda's granddaughter.,Vanessa cried Amanda's granddaughter.,syntax,argument_structure,transitive,True,False,True,False,308,-43.213836669921875,-48.12830352783203,1
The adults' girlfriend observed Sandra's grandfather.,The adults' girlfriend cooperates Sandra's grandfather.,syntax,argument_structure,transitive,True,False,True,False,309,-62.420738220214844,-66.0149917602539,1
Carla does complain about all documentaries.,Carla does smile all documentaries.,syntax,argument_structure,transitive,True,False,True,False,310,-48.304931640625,-49.44213104248047,1
The Impressionists lift every rug.,The Impressionists concur every rug.,syntax,argument_structure,transitive,True,False,True,False,311,-48.9122314453125,-54.96611022949219,1
A lot of granddaughters of Lucille reveal banks.,A lot of granddaughters of Lucille chat banks.,syntax,argument_structure,transitive,True,False,True,False,312,-69.35673522949219,-68.32841491699219,0
Renee would alarm Paul's friends.,Renee would mutter Paul's friends.,syntax,argument_structure,transitive,True,False,True,False,313,-49.54974365234375,-53.677040100097656,1
Regina has arrived at those college campuses.,Regina has spoken up those college campuses.,syntax,argument_structure,transitive,True,False,True,False,314,-45.17896270751953,-53.75258255004883,1
Phillip wouldn't annoy Monica.,Phillip wouldn't concur Monica.,syntax,argument_structure,transitive,True,False,True,False,315,-43.160491943359375,-49.00425720214844,1
Martin did hire Janice.,Martin did lie Janice.,syntax,argument_structure,transitive,True,False,True,False,316,-35.22454833984375,-37.944305419921875,1
Every vase hurts Linda.,Every vase falls Linda.,syntax,argument_structure,transitive,True,False,True,False,317,-43.10088348388672,-41.963104248046875,0
Some waitress hurt Jeffrey.,Some waitress smiles Jeffrey.,syntax,argument_structure,transitive,True,False,True,False,318,-42.21229553222656,-44.54496765136719,1
All icicles confused Colleen's piano teacher.,All icicles fell Colleen's piano teacher.,syntax,argument_structure,transitive,True,False,True,False,319,-71.60749053955078,-71.25975799560547,0
Raymond's guests break those chairs.,Raymond's guests suffered those chairs.,syntax,argument_structure,transitive,True,False,True,False,320,-56.12678909301758,-60.68186950683594,1
Anne was admiring Travis.,Anne was nodding Travis.,syntax,argument_structure,transitive,True,False,True,False,321,-31.007150650024414,-31.432903289794922,1
Jerry doesn't fire Susan.,Jerry doesn't shout Susan.,syntax,argument_structure,transitive,True,False,True,False,322,-35.29725646972656,-35.321632385253906,1
Rachelle's supervisor wasn't hiding dogs.,Rachelle's supervisor wasn't smiling dogs.,syntax,argument_structure,transitive,True,False,True,False,323,-57.15793991088867,-58.8797721862793,1
Travis's ex-wife cleaned these shoes.,Travis's ex-wife lied these shoes.,syntax,argument_structure,transitive,True,False,True,False,324,-57.22652053833008,-58.605464935302734,1
Sonia can describe a man.,Sonia can speak up a man.,syntax,argument_structure,transitive,True,False,True,False,325,-40.674163818359375,-43.28752899169922,1
Amanda hadn't fled from Steve.,Amanda hadn't nodded Steve.,syntax,argument_structure,transitive,True,False,True,False,326,-48.78009796142578,-47.20758819580078,0
Colleen's sisters are healing Amanda.,Colleen's sisters are falling Amanda.,syntax,argument_structure,transitive,True,False,True,False,327,-54.89181900024414,-55.991458892822266,1
Marcus's French teacher talks to Alexander.,Marcus's French teacher lied Alexander.,syntax,argument_structure,transitive,True,False,True,False,328,-46.143863677978516,-50.045223236083984,1
Wayne's father could drop by every lake.,Wayne's father could smile every lake.,syntax,argument_structure,transitive,True,False,True,False,329,-58.766502380371094,-54.496856689453125,0
Andrew discussed Kimberley.,Andrew reacts Kimberley.,syntax,argument_structure,transitive,True,False,True,False,330,-29.990144729614258,-32.036136627197266,1
Dancers sound like Karla.,Dancers correspond Karla.,syntax,argument_structure,transitive,True,False,True,False,331,-41.88355255126953,-45.15319061279297,1
Susan's fathers bothered that actress.,Susan's fathers confer that actress.,syntax,argument_structure,transitive,True,False,True,False,332,-50.26422882080078,-50.669227600097656,1
Kimberley goes to the libraries.,Kimberley laughed the libraries.,syntax,argument_structure,transitive,True,False,True,False,333,-39.230751037597656,-45.24040222167969,1
That boy's cousins are attacking Gerald.,That boy's cousins are communicating Gerald.,syntax,argument_structure,transitive,True,False,True,False,334,-52.722923278808594,-56.65974426269531,1
The picture of this candle looks like a picture of this dress.,The picture of this candle falls a picture of this dress.,syntax,argument_structure,transitive,True,False,True,False,335,-46.38502502441406,-53.306724548339844,1
These dancers' ex-wives fire Roger.,These dancers' ex-wives died Roger.,syntax,argument_structure,transitive,True,False,True,False,336,-64.00786590576172,-64.9697265625,1
Many doctors work with April.,Many doctors compete April.,syntax,argument_structure,transitive,True,False,True,False,337,-31.29178237915039,-33.15190887451172,1
Sandra hadn't worked with Becca.,Sandra hadn't waved Becca.,syntax,argument_structure,transitive,True,False,True,False,338,-47.02638244628906,-53.06897735595703,1
Brian watched John.,Brian nods John.,syntax,argument_structure,transitive,True,False,True,False,339,-25.989660263061523,-28.777488708496094,1
Amelia wasn't cleaning books.,Amelia wasn't shouting books.,syntax,argument_structure,transitive,True,False,True,False,340,-38.386474609375,-42.025054931640625,1
Granddaughters of Aaron embarrass Samantha.,Granddaughters of Aaron responded Samantha.,syntax,argument_structure,transitive,True,False,True,False,341,-56.2697868347168,-55.359130859375,0
Some essays about politics disagreed with Paul.,Some essays about politics disagree Paul.,syntax,argument_structure,transitive,True,False,True,False,342,-53.13725662231445,-52.636634826660156,0
Rhonda's oncologist hadn't referenced a cashier.,Rhonda's oncologist hadn't murmured a cashier.,syntax,argument_structure,transitive,True,False,True,False,343,-75.23635864257812,-78.97077941894531,1
Tammy isn't healing many waitresses.,Tammy isn't coming here many waitresses.,syntax,argument_structure,transitive,True,False,True,False,344,-53.20915222167969,-55.22208786010742,1
Jane researched those grocery stores.,Jane screamed those grocery stores.,syntax,argument_structure,transitive,True,False,True,False,345,-36.733665466308594,-36.554359436035156,0
That granddaughter of Becky criticizes the teenager.,That granddaughter of Becky sighs the teenager.,syntax,argument_structure,transitive,True,False,True,False,346,-58.22197723388672,-58.69744110107422,1
Deborah's hairdressers have alarmed Martha.,Deborah's hairdressers have wept Martha.,syntax,argument_structure,transitive,True,False,True,False,347,-62.11681365966797,-70.06930541992188,1
An actress's podiatrist is upsetting Dana.,An actress's podiatrist is screaming Dana.,syntax,argument_structure,transitive,True,False,True,False,348,-70.48507690429688,-67.72679901123047,0
Every lady's grandfathers hadn't returned to Tara.,Every lady's grandfathers hadn't shrugged Tara.,syntax,argument_structure,transitive,True,False,True,False,349,-60.14591979980469,-67.68633270263672,1
Mitchell does astound Anne's piano teachers.,Mitchell does suffer Anne's piano teachers.,syntax,argument_structure,transitive,True,False,True,False,350,-69.53600311279297,-67.11441040039062,0
Joel's grandfathers flee from the boy's father.,Joel's grandfathers coped the boy's father.,syntax,argument_structure,transitive,True,False,True,False,351,-55.78125762939453,-51.50175476074219,0
The senator is climbing up some ladders.,The senator is speaking up some ladders.,syntax,argument_structure,transitive,True,False,True,False,352,-49.1393928527832,-50.959625244140625,1
Diane couldn't lift this print.,Diane couldn't fall this print.,syntax,argument_structure,transitive,True,False,True,False,353,-46.91057586669922,-45.476131439208984,0
Andrea left James.,Andrea slumped over James.,syntax,argument_structure,transitive,True,False,True,False,354,-32.003021240234375,-40.61667251586914,1
Laura's teachers had healed Sabrina.,Laura's teachers had wept Sabrina.,syntax,argument_structure,transitive,True,False,True,False,355,-48.915931701660156,-57.91082000732422,1
Some broccoli hurts Melanie.,Some broccoli rots Melanie.,syntax,argument_structure,transitive,True,False,True,False,356,-42.506412506103516,-44.90012741088867,1
Gary forgot Rachelle's granddaughters.,Gary boasted Rachelle's granddaughters.,syntax,argument_structure,transitive,True,False,True,False,357,-54.121822357177734,-54.97449493408203,1
Janice won't dislike Jennifer.,Janice won't weep Jennifer.,syntax,argument_structure,transitive,True,False,True,False,358,-43.5635986328125,-46.38380432128906,1
Gary has appreciated Sharon.,Gary has spoken up Sharon.,syntax,argument_structure,transitive,True,False,True,False,359,-30.467304229736328,-36.76142120361328,1
Christine's doctors were hiding many shawls.,Christine's doctors were laughing many shawls.,syntax,argument_structure,transitive,True,False,True,False,360,-57.576805114746094,-58.97452926635742,1
Those men are investigating Janice.,Those men are falling Janice.,syntax,argument_structure,transitive,True,False,True,False,361,-37.423919677734375,-37.15965270996094,0
Monet's student broke unicycles.,Monet's student copes unicycles.,syntax,argument_structure,transitive,True,False,True,False,362,-52.746360778808594,-59.415382385253906,1
Many boys noticed Allison.,Many boys smiled Allison.,syntax,argument_structure,transitive,True,False,True,False,363,-38.22228240966797,-36.67178726196289,0
Computers were embarrassing Daniel.,Computers were falling Daniel.,syntax,argument_structure,transitive,True,False,True,False,364,-45.16950225830078,-43.277587890625,0
Most sketches bother Emily.,Most sketches fell Emily.,syntax,argument_structure,transitive,True,False,True,False,365,-40.32200622558594,-40.97165298461914,1
That movie theater alarmed Kathleen's students.,That movie theater fell Kathleen's students.,syntax,argument_structure,transitive,True,False,True,False,366,-57.82858657836914,-56.59521484375,0
Vincent's sons dislike Andrew's teachers.,Vincent's sons cooperate Andrew's teachers.,syntax,argument_structure,transitive,True,False,True,False,367,-60.89336395263672,-64.48674011230469,1
Carlos did reference Tiffany.,Carlos did smile Tiffany.,syntax,argument_structure,transitive,True,False,True,False,368,-43.341346740722656,-43.176910400390625,0
Some actors fix this truck.,Some actors chuckled this truck.,syntax,argument_structure,transitive,True,False,True,False,369,-36.94756317138672,-42.759063720703125,1
Tammy's associates go to this high school.,Tammy's associates flirt this high school.,syntax,argument_structure,transitive,True,False,True,False,370,-44.68187713623047,-53.76902770996094,1
Sharon had watched Julia's grandmothers.,Sharon had waved Julia's grandmothers.,syntax,argument_structure,transitive,True,False,True,False,371,-47.575130462646484,-53.88133239746094,1
A lot of grandfathers of Dana liked some carriage.,A lot of grandfathers of Dana struggled some carriage.,syntax,argument_structure,transitive,True,False,True,False,372,-71.74758911132812,-73.39295959472656,1
The grandson of Valerie wasn't hiding Stephanie.,The grandson of Valerie wasn't shouting Stephanie.,syntax,argument_structure,transitive,True,False,True,False,373,-60.96113586425781,-62.20077133178711,1
Cindy wouldn't clean those museums.,Cindy wouldn't smile those museums.,syntax,argument_structure,transitive,True,False,True,False,374,-58.095191955566406,-61.78688430786133,1
Joseph was complaining about Kenneth's nephew.,Joseph was laughing Kenneth's nephew.,syntax,argument_structure,transitive,True,False,True,False,375,-44.57457733154297,-44.260223388671875,0
The waiter should astound Rebecca's bosses.,The waiter should come here Rebecca's bosses.,syntax,argument_structure,transitive,True,False,True,False,376,-64.19390869140625,-57.036041259765625,0
A high school shocked Cindy.,A high school fell Cindy.,syntax,argument_structure,transitive,True,False,True,False,377,-39.776031494140625,-37.05312728881836,0
Janet visits the hill.,Janet copes the hill.,syntax,argument_structure,transitive,True,False,True,False,378,-34.18415832519531,-41.43854522705078,1
Jane does aggravate Debra's dermatologist.,Jane does slump over Debra's dermatologist.,syntax,argument_structure,transitive,True,False,True,False,379,-58.20610046386719,-64.22086334228516,1
Many adults haven't hired that dancer.,Many adults haven't blinked that dancer.,syntax,argument_structure,transitive,True,False,True,False,380,-49.79670333862305,-53.88170623779297,1
Colleen discovers most newspaper articles.,Colleen fell most newspaper articles.,syntax,argument_structure,transitive,True,False,True,False,381,-45.73401641845703,-46.35371398925781,1
A student hid Jacqueline's sons.,A student retaliates Jacqueline's sons.,syntax,argument_structure,transitive,True,False,True,False,382,-50.74592590332031,-56.679527282714844,1
Martin has messed up some movie theaters.,Martin has waved some movie theaters.,syntax,argument_structure,transitive,True,False,True,False,383,-39.67230224609375,-42.70946502685547,1
Nicole's guest wouldn't disagree with a dancer.,Nicole's guest wouldn't nod a dancer.,syntax,argument_structure,transitive,True,False,True,False,384,-60.61467742919922,-63.81765365600586,1
Sandra looked like that photograph.,Sandra chuckles that photograph.,syntax,argument_structure,transitive,True,False,True,False,385,-41.85688400268555,-45.39598846435547,1
Some nieces of Heidi stuns Nancy.,Some nieces of Heidi confer Nancy.,syntax,argument_structure,transitive,True,False,True,False,386,-62.250362396240234,-61.7647705078125,0
Some guy does like these cakes.,Some guy does murmur these cakes.,syntax,argument_structure,transitive,True,False,True,False,387,-42.33572006225586,-54.712276458740234,1
Those women do research some university.,Those women do concur some university.,syntax,argument_structure,transitive,True,False,True,False,388,-42.38862991333008,-49.34764862060547,1
Liam's mentor wasn't disagreeing with Tracy.,Liam's mentor wasn't compromising Tracy.,syntax,argument_structure,transitive,True,False,True,False,389,-65.40077209472656,-62.07061767578125,0
Marie didn't pass the glaciers.,Marie didn't grin the glaciers.,syntax,argument_structure,transitive,True,False,True,False,390,-33.7567024230957,-39.9677848815918,1
Rhonda examined many commentaries.,Rhonda lied many commentaries.,syntax,argument_structure,transitive,True,False,True,False,391,-45.492698669433594,-45.182979583740234,0
Pamela's lawyers weren't leaving Cheryl.,Pamela's lawyers weren't falling Cheryl.,syntax,argument_structure,transitive,True,False,True,False,392,-63.346435546875,-69.7540283203125,1
David complained about Amelia.,David muttered Amelia.,syntax,argument_structure,transitive,True,False,True,False,393,-31.438583374023438,-31.90715789794922,1
Michael isn't talking about some play.,Michael isn't falling some play.,syntax,argument_structure,transitive,True,False,True,False,394,-32.8038330078125,-36.51475524902344,1
The girls' nieces attacked Patrick.,The girls' nieces went fishing Patrick.,syntax,argument_structure,transitive,True,False,True,False,395,-50.22657012939453,-60.053802490234375,1
Theodore hadn't revealed Karla.,Theodore hadn't boasted Karla.,syntax,argument_structure,transitive,True,False,True,False,396,-53.452144622802734,-55.99858474731445,1
Bradley attacks that person.,Bradley slumped over that person.,syntax,argument_structure,transitive,True,False,True,False,397,-34.90906524658203,-42.158573150634766,1
Monica climbs up some slope.,Monica escaped some slope.,syntax,argument_structure,transitive,True,False,True,False,398,-40.594120025634766,-41.285011291503906,1
Timothy found rivers.,Timothy sighs rivers.,syntax,argument_structure,transitive,True,False,True,False,399,-32.664730072021484,-41.19356155395508,1
Melissa had questioned Leslie.,Melissa had laughed Leslie.,syntax,argument_structure,transitive,True,False,True,False,400,-40.49699020385742,-41.54439926147461,1
Dawn hugged Becky.,Dawn talks Becky.,syntax,argument_structure,transitive,True,False,True,False,401,-35.70582580566406,-37.63804626464844,1
Sherry shouldn't tour some bank.,Sherry shouldn't litter some bank.,syntax,argument_structure,transitive,True,False,True,False,402,-51.48509216308594,-51.41564178466797,0
Allison might buy some movie theaters.,Allison might fall some movie theaters.,syntax,argument_structure,transitive,True,False,True,False,403,-48.71900177001953,-53.182350158691406,1
That actor's partner questions Homer.,That actor's partner cried Homer.,syntax,argument_structure,transitive,True,False,True,False,404,-51.26042938232422,-50.82538604736328,0
Some adult finds some bicycle.,Some adult went fishing some bicycle.,syntax,argument_structure,transitive,True,False,True,False,405,-40.07177734375,-46.16504669189453,1
All men had exited these grocery stores.,All men had littered these grocery stores.,syntax,argument_structure,transitive,True,False,True,False,406,-46.942081451416016,-47.32018280029297,1
Phillip had visited those daughters of Candice.,Phillip had fallen asleep those daughters of Candice.,syntax,argument_structure,transitive,True,False,True,False,407,-55.62359619140625,-66.17193603515625,1
Some teacher has left Timothy.,Some teacher has talked Timothy.,syntax,argument_structure,transitive,True,False,True,False,408,-38.1616325378418,-43.53277587890625,1
Those pedestrians flee from Eric.,Those pedestrians joked around Eric.,syntax,argument_structure,transitive,True,False,True,False,409,-42.565303802490234,-49.41984176635742,1
The adult was scanning most newspaper articles.,The adult was murmuring most newspaper articles.,syntax,argument_structure,transitive,True,False,True,False,410,-52.71307373046875,-56.39250183105469,1
Some hamster breaks these windows.,Some hamster falls these windows.,syntax,argument_structure,transitive,True,False,True,False,411,-40.61740493774414,-43.06616973876953,1
Some patient's colleagues have concealed Janice.,Some patient's colleagues have lied Janice.,syntax,argument_structure,transitive,True,False,True,False,412,-53.36637496948242,-56.683082580566406,1
Every brother of Andrea remembers a lot of customers.,Every brother of Andrea complains a lot of customers.,syntax,argument_structure,transitive,True,False,True,False,413,-53.845542907714844,-57.895530700683594,1
Some person's ex-wives exited Harvard University.,Some person's ex-wives work hard Harvard University.,syntax,argument_structure,transitive,True,False,True,False,414,-60.53853225708008,-64.74229431152344,1
James's mentees kiss Clyde.,James's mentees worked hard Clyde.,syntax,argument_structure,transitive,True,False,True,False,415,-50.670860290527344,-54.28375244140625,1
The museums argue about all teachers.,The museums chatted all teachers.,syntax,argument_structure,transitive,True,False,True,False,416,-49.72876739501953,-47.796485900878906,0
The lady's colleagues stuns every customer.,The lady's colleagues collaborated every customer.,syntax,argument_structure,transitive,True,False,True,False,417,-58.436065673828125,-54.746070861816406,0
Some dancer wasn't finding a niece of those girls.,Some dancer wasn't muttering a niece of those girls.,syntax,argument_structure,transitive,True,False,True,False,418,-56.54384994506836,-70.01240539550781,1
Sharon's grandmothers haven't talked about many boys.,Sharon's grandmothers haven't flirted many boys.,syntax,argument_structure,transitive,True,False,True,False,419,-60.9580192565918,-68.36946105957031,1
Carolyn hadn't confused Diana.,Carolyn hadn't lied Diana.,syntax,argument_structure,transitive,True,False,True,False,420,-46.5979118347168,-49.26394271850586,1
This unicycle resembles some prints of that driver.,This unicycle falls some prints of that driver.,syntax,argument_structure,transitive,True,False,True,False,421,-72.53489685058594,-73.66243743896484,1
Amanda walks through all art galleries.,Amanda escapes all art galleries.,syntax,argument_structure,transitive,True,False,True,False,422,-41.42275619506836,-41.9630241394043,1
Natalie can't wear shirts.,Natalie can't fall shirts.,syntax,argument_structure,transitive,True,False,True,False,423,-40.11051940917969,-45.31013870239258,1
Most fish can astound Paula.,Most fish can escape Paula.,syntax,argument_structure,transitive,True,False,True,False,424,-49.013057708740234,-40.349525451660156,0
Karla won't bring all bikes.,Karla won't joke around all bikes.,syntax,argument_structure,transitive,True,False,True,False,425,-41.60082244873047,-52.337074279785156,1
Victoria hid Robert's hairdresser.,Victoria shrugs Robert's hairdresser.,syntax,argument_structure,transitive,True,False,True,False,426,-50.915828704833984,-54.50315856933594,1
Lisa couldn't attack Bill's mentees.,Lisa couldn't weep Bill's mentees.,syntax,argument_structure,transitive,True,False,True,False,427,-52.32664108276367,-55.50282287597656,1
William has dropped by the hospital.,William has compromised the hospital.,syntax,argument_structure,transitive,True,False,True,False,428,-27.59343910217285,-30.084463119506836,1
Some art gallery shocks Donna.,Some art gallery falls Donna.,syntax,argument_structure,transitive,True,False,True,False,429,-49.17073059082031,-44.33214569091797,0
These commentaries disagree with David's contractors.,These commentaries disagreed David's contractors.,syntax,argument_structure,transitive,True,False,True,False,430,-61.41252899169922,-66.267333984375,1
Deanna wasn't concealing Dana.,Deanna wasn't muttering Dana.,syntax,argument_structure,transitive,True,False,True,False,431,-52.34003448486328,-53.4569091796875,1
These customers complain about a lady.,These customers disagreed a lady.,syntax,argument_structure,transitive,True,False,True,False,432,-33.18946838378906,-40.31821060180664,1
Kathleen visited Carlos.,Kathleen lies Carlos.,syntax,argument_structure,transitive,True,False,True,False,433,-39.154075622558594,-42.237205505371094,1
Michelle aggravated Gregory.,Michelle blinks Gregory.,syntax,argument_structure,transitive,True,False,True,False,434,-30.06702423095703,-36.48272705078125,1
Joseph dropped by those closets.,Joseph shrugs those closets.,syntax,argument_structure,transitive,True,False,True,False,435,-38.33427810668945,-37.86507797241211,0
Some organizations referenced Kristen's grandfathers.,Some organizations testify Kristen's grandfathers.,syntax,argument_structure,transitive,True,False,True,False,436,-54.016441345214844,-57.149234771728516,1
A picture looks like a mirror.,A picture falls a mirror.,syntax,argument_structure,transitive,True,False,True,False,437,-28.97713851928711,-34.8922119140625,1
Erin had hidden the adults' wife.,Erin had concurred the adults' wife.,syntax,argument_structure,transitive,True,False,True,False,438,-54.681888580322266,-57.882781982421875,1
A lot of customers fix all cups.,A lot of customers fell all cups.,syntax,argument_structure,transitive,True,False,True,False,439,-46.28804016113281,-44.919227600097656,0
Curtis's ex-wives appreciated Harvard University.,Curtis's ex-wives chat Harvard University.,syntax,argument_structure,transitive,True,False,True,False,440,-65.41334533691406,-68.67539978027344,1
Many waitresses' ex-wives have observed all drivers.,Many waitresses' ex-wives have conspired all drivers.,syntax,argument_structure,transitive,True,False,True,False,441,-75.16392517089844,-83.31358337402344,1
Anne left most grandmothers of Andrea.,Anne laughs most grandmothers of Andrea.,syntax,argument_structure,transitive,True,False,True,False,442,-50.432682037353516,-51.497928619384766,1
Brenda sounds like a lot of movie theaters.,Brenda blinked a lot of movie theaters.,syntax,argument_structure,transitive,True,False,True,False,443,-40.97603225708008,-45.5643196105957,1
Carl's mentor had insulted every pedestrian.,Carl's mentor had cried every pedestrian.,syntax,argument_structure,transitive,True,False,True,False,444,-52.83141326904297,-52.237220764160156,0
Douglas's plumber is passing a mall.,Douglas's plumber is coming here a mall.,syntax,argument_structure,transitive,True,False,True,False,445,-54.62333297729492,-59.5533332824707,1
Many guys care for Tonya.,Many guys respond Tonya.,syntax,argument_structure,transitive,True,False,True,False,446,-38.712852478027344,-41.511993408203125,1
Those ladies attacked Tammy's piano teachers.,Those ladies came here Tammy's piano teachers.,syntax,argument_structure,transitive,True,False,True,False,447,-60.402435302734375,-61.92430877685547,1
Connie's dermatologist kissed Monica's plumbers.,Connie's dermatologist nods Monica's plumbers.,syntax,argument_structure,transitive,True,False,True,False,448,-71.49134826660156,-75.0116195678711,1
Kristin does lift most shirts.,Kristin does shout most shirts.,syntax,argument_structure,transitive,True,False,True,False,449,-46.07347869873047,-46.58283233642578,1
Sheila could clean a lot of banks.,Sheila could concur a lot of banks.,syntax,argument_structure,transitive,True,False,True,False,450,-47.599647521972656,-51.02851867675781,1
Most hospitals help Meredith's grandmothers.,Most hospitals joke around Meredith's grandmothers.,syntax,argument_structure,transitive,True,False,True,False,451,-48.60633850097656,-57.7678337097168,1
Many governments might argue about Melinda.,Many governments might react Melinda.,syntax,argument_structure,transitive,True,False,True,False,452,-47.01860809326172,-45.552734375,0
Sonia's hairdresser messed up all schools.,Sonia's hairdresser struggles all schools.,syntax,argument_structure,transitive,True,False,True,False,453,-63.22735595703125,-62.87761688232422,0
Brian criticized some brothers of Raymond.,Brian shrugged some brothers of Raymond.,syntax,argument_structure,transitive,True,False,True,False,454,-48.37370300292969,-47.80271911621094,0
Those boys admire a lot of peppers.,Those boys slumped over a lot of peppers.,syntax,argument_structure,transitive,True,False,True,False,455,-43.980377197265625,-48.148765563964844,1
Joseph's sons remember many mountains.,Joseph's sons screamed many mountains.,syntax,argument_structure,transitive,True,False,True,False,456,-40.14484405517578,-42.99243927001953,1
A lot of children had noticed all teachers.,A lot of children had sighed all teachers.,syntax,argument_structure,transitive,True,False,True,False,457,-46.672637939453125,-53.14711380004883,1
A lot of shawls embarrass some pedestrians.,A lot of shawls fall some pedestrians.,syntax,argument_structure,transitive,True,False,True,False,458,-60.974395751953125,-56.36529541015625,0
Every student's oncologist had concealed Vincent's teachers.,Every student's oncologist had fallen asleep Vincent's teachers.,syntax,argument_structure,transitive,True,False,True,False,459,-77.32434844970703,-80.97410583496094,1
The dancer wouldn't talk about Heather's boss.,The dancer wouldn't escape Heather's boss.,syntax,argument_structure,transitive,True,False,True,False,460,-51.768211364746094,-54.08863830566406,1
Barbara loved most mothers of Beth.,Barbara screams most mothers of Beth.,syntax,argument_structure,transitive,True,False,True,False,461,-55.100616455078125,-56.2408561706543,1
Some adults scan Tina's spouse.,Some adults die Tina's spouse.,syntax,argument_structure,transitive,True,False,True,False,462,-51.962833404541016,-46.44476318359375,0
Catherine's handymen would disgust Michael's daughter.,Catherine's handymen would slump over Michael's daughter.,syntax,argument_structure,transitive,True,False,True,False,463,-72.08833312988281,-77.71917724609375,1
Christopher's dermatologist will notice Liam.,Christopher's dermatologist will fall asleep Liam.,syntax,argument_structure,transitive,True,False,True,False,464,-52.337921142578125,-57.5164909362793,1
Natalie thinks about Sandra.,Natalie sighs Sandra.,syntax,argument_structure,transitive,True,False,True,False,465,-39.74254608154297,-44.93275833129883,1
Every cashier had kissed Sally's dermatologist.,Every cashier had cried Sally's dermatologist.,syntax,argument_structure,transitive,True,False,True,False,466,-67.84825134277344,-70.97065734863281,1
Margaret's mothers aren't admiring Angela.,Margaret's mothers aren't reacting Angela.,syntax,argument_structure,transitive,True,False,True,False,467,-54.71742248535156,-56.09370803833008,1
Stacy discovered grandsons of Carmen.,Stacy screamed grandsons of Carmen.,syntax,argument_structure,transitive,True,False,True,False,468,-59.51966094970703,-60.498565673828125,1
Heather can criticize some student.,Heather can nod some student.,syntax,argument_structure,transitive,True,False,True,False,469,-49.744842529296875,-51.11708068847656,1
Candice's podiatrist hadn't scared Dan.,Candice's podiatrist hadn't laughed Dan.,syntax,argument_structure,transitive,True,False,True,False,470,-67.23045349121094,-68.93484497070312,1
Every son of Meredith doesn't alarm Mary.,Every son of Meredith doesn't murmur Mary.,syntax,argument_structure,transitive,True,False,True,False,471,-57.75170135498047,-65.33224487304688,1
Melinda does heal Melissa.,Melinda does slump over Melissa.,syntax,argument_structure,transitive,True,False,True,False,472,-44.84882736206055,-52.851951599121094,1
Those rabbits confuse Carla.,Those rabbits fell Carla.,syntax,argument_structure,transitive,True,False,True,False,473,-44.30841827392578,-43.752403259277344,0
Dawn visits every teacher's senator.,Dawn slumps over every teacher's senator.,syntax,argument_structure,transitive,True,False,True,False,474,-58.052284240722656,-66.03093719482422,1
A lot of actors alarm Frank.,A lot of actors communicate Frank.,syntax,argument_structure,transitive,True,False,True,False,475,-49.479034423828125,-49.649688720703125,1
Alicia wasn't climbing down the stairs.,Alicia wasn't blinking the stairs.,syntax,argument_structure,transitive,True,False,True,False,476,-51.30648422241211,-52.86014175415039,1
Brenda's teacher hadn't climbed up stairs.,Brenda's teacher hadn't fallen asleep stairs.,syntax,argument_structure,transitive,True,False,True,False,477,-51.47689437866211,-57.16651916503906,1
Judy will take this book about Monet.,Judy will murmur this book about Monet.,syntax,argument_structure,transitive,True,False,True,False,478,-48.28624725341797,-61.798362731933594,1
The senators clean pants.,The senators coped pants.,syntax,argument_structure,transitive,True,False,True,False,479,-38.53373718261719,-41.32344436645508,1
Brett did clean a bank.,Brett did speak up a bank.,syntax,argument_structure,transitive,True,False,True,False,480,-45.58989715576172,-50.07910919189453,1
Matt's teacher would drive to that grocery store.,Matt's teacher would slump over that grocery store.,syntax,argument_structure,transitive,True,False,True,False,481,-51.59490203857422,-62.06532287597656,1
Tracy can't see most candles.,Tracy can't shrug most candles.,syntax,argument_structure,transitive,True,False,True,False,482,-43.78069305419922,-49.5064811706543,1
Ronald would leave Kendra.,Ronald would litter Kendra.,syntax,argument_structure,transitive,True,False,True,False,483,-39.37908172607422,-47.90147399902344,1
Eric had passed this hospital.,Eric had gone fishing this hospital.,syntax,argument_structure,transitive,True,False,True,False,484,-31.1556339263916,-39.79753112792969,1
Some driver hides women.,Some driver waved women.,syntax,argument_structure,transitive,True,False,True,False,485,-34.52366638183594,-36.157257080078125,1
These children hug Helen.,These children interacted Helen.,syntax,argument_structure,transitive,True,False,True,False,486,-33.93772888183594,-37.67824172973633,1
All organizations couldn't appreciate waitresses.,All organizations couldn't testify waitresses.,syntax,argument_structure,transitive,True,False,True,False,487,-51.28421401977539,-53.20917510986328,1
Kenneth won't praise Wayne.,Kenneth won't cry Wayne.,syntax,argument_structure,transitive,True,False,True,False,488,-43.22441864013672,-45.68949890136719,1
Sara has criticized these mothers of Tara.,Sara has cried these mothers of Tara.,syntax,argument_structure,transitive,True,False,True,False,489,-56.46908950805664,-58.26786804199219,1
Scott notices Stacy.,Scott concurs Stacy.,syntax,argument_structure,transitive,True,False,True,False,490,-33.01770782470703,-35.818328857421875,1
Angela hadn't biked to a lot of art galleries.,Angela hadn't chuckled a lot of art galleries.,syntax,argument_structure,transitive,True,False,True,False,491,-62.70303726196289,-61.21677780151367,0
Some person's tutor arrived at every library.,Some person's tutor nodded every library.,syntax,argument_structure,transitive,True,False,True,False,492,-52.454063415527344,-56.72099304199219,1
Donna talked about Laura.,Donna reacts Laura.,syntax,argument_structure,transitive,True,False,True,False,493,-32.82649612426758,-39.190040588378906,1
Kristen is fleeing from Martha.,Kristen is littering Martha.,syntax,argument_structure,transitive,True,False,True,False,494,-36.27815246582031,-38.20563888549805,1
Allison had appreciated Marcus's ex-girlfriend.,Allison had come here Marcus's ex-girlfriend.,syntax,argument_structure,transitive,True,False,True,False,495,-60.94342803955078,-64.808349609375,1
Tamara will disturb all grandfathers of most ladies.,Tamara will nod all grandfathers of most ladies.,syntax,argument_structure,transitive,True,False,True,False,496,-62.936729431152344,-66.22696685791016,1
Amanda could flee from Christopher.,Amanda could weep Christopher.,syntax,argument_structure,transitive,True,False,True,False,497,-45.075775146484375,-45.84056854248047,1
Deborah's best friend couldn't go to some hill.,Deborah's best friend couldn't speak up some hill.,syntax,argument_structure,transitive,True,False,True,False,498,-54.83223342895508,-61.86518478393555,1
Eva has shocked James's grandsons.,Eva has cried James's grandsons.,syntax,argument_structure,transitive,True,False,True,False,499,-53.180381774902344,-54.67124938964844,1
Bruce wasn't praising Ronald.,Bruce wasn't falling asleep Ronald.,syntax,argument_structure,transitive,True,False,True,False,500,-39.88157653808594,-46.17552947998047,1
George's oncologist has known that senator.,George's oncologist has wept that senator.,syntax,argument_structure,transitive,True,False,True,False,501,-58.154624938964844,-71.66333770751953,1
Michelle can hate Theodore.,Michelle can murmur Theodore.,syntax,argument_structure,transitive,True,False,True,False,502,-34.79930877685547,-43.20838165283203,1
Amy had known a lot of students' lawyer.,Amy had escaped a lot of students' lawyer.,syntax,argument_structure,transitive,True,False,True,False,503,-50.65296936035156,-54.716217041015625,1
Stacy fixed that window.,Stacy lied that window.,syntax,argument_structure,transitive,True,False,True,False,504,-39.413360595703125,-39.58818817138672,1
That driver's ex-girlfriend sounds like Chad.,That driver's ex-girlfriend littered Chad.,syntax,argument_structure,transitive,True,False,True,False,505,-58.250118255615234,-61.70724105834961,1
Some people buy this lake.,Some people scream this lake.,syntax,argument_structure,transitive,True,False,True,False,506,-26.932912826538086,-31.560077667236328,1
Melanie should talk to Carol.,Melanie should shout Carol.,syntax,argument_structure,transitive,True,False,True,False,507,-37.688140869140625,-42.718421936035156,1
Jacqueline hadn't sold some spotlight.,Jacqueline hadn't joked around some spotlight.,syntax,argument_structure,transitive,True,False,True,False,508,-56.055320739746094,-65.17218017578125,1
Kendra won't talk to Tiffany.,Kendra won't talk Tiffany.,syntax,argument_structure,transitive,True,False,True,False,509,-43.08597183227539,-45.773582458496094,1
This movie irritates Russell's grandmother.,This movie disagreed Russell's grandmother.,syntax,argument_structure,transitive,True,False,True,False,510,-54.173187255859375,-54.042823791503906,0
Vanessa is admiring those cups.,Vanessa is chuckling those cups.,syntax,argument_structure,transitive,True,False,True,False,511,-44.742977142333984,-47.49593734741211,1
Patrick had aggravated Jeffrey.,Patrick had murmured Jeffrey.,syntax,argument_structure,transitive,True,False,True,False,512,-37.235477447509766,-40.25055694580078,1
Most nieces of Beverly have investigated many customers.,Most nieces of Beverly have competed many customers.,syntax,argument_structure,transitive,True,False,True,False,513,-66.15092468261719,-68.47452545166016,1
Every organization admired some steak.,Every organization lied some steak.,syntax,argument_structure,transitive,True,False,True,False,514,-44.64937210083008,-44.913822174072266,1
This adult hugs Phillip.,This adult suffers Phillip.,syntax,argument_structure,transitive,True,False,True,False,515,-39.18863296508789,-42.19902420043945,1
Carlos argued about Brett's electricians.,Carlos litters Brett's electricians.,syntax,argument_structure,transitive,True,False,True,False,516,-57.99761962890625,-62.797183990478516,1
Susan couldn't respect Christine.,Susan couldn't murmur Christine.,syntax,argument_structure,transitive,True,False,True,False,517,-35.433414459228516,-43.24630355834961,1
Theodore described Cindy's cousin.,Theodore compromises Cindy's cousin.,syntax,argument_structure,transitive,True,False,True,False,518,-47.518768310546875,-55.89482498168945,1
Richard hadn't investigated Sheila.,Richard hadn't chuckled Sheila.,syntax,argument_structure,transitive,True,False,True,False,519,-41.76187515258789,-43.86564254760742,1
Pamela's dermatologists have most pictures of Melissa.,Pamela's dermatologists compete most pictures of Melissa.,syntax,argument_structure,transitive,True,False,True,False,520,-72.54263305664062,-81.484619140625,1
Anne buys every shirt.,Anne waves every shirt.,syntax,argument_structure,transitive,True,False,True,False,521,-29.090511322021484,-32.81120681762695,1
The computers were scaring Rose's plumber.,The computers were falling Rose's plumber.,syntax,argument_structure,transitive,True,False,True,False,522,-59.79446029663086,-57.144126892089844,0
Tiffany boycotts the grocery stores.,Tiffany negotiates the grocery stores.,syntax,argument_structure,transitive,True,False,True,False,523,-53.06953811645508,-48.32460021972656,0
Lissa's partners examine these fathers of that waitress.,Lissa's partners come here these fathers of that waitress.,syntax,argument_structure,transitive,True,False,True,False,524,-79.3580322265625,-81.43833923339844,1
Lissa shouldn't listen to many dancers' nephews.,Lissa shouldn't nod many dancers' nephews.,syntax,argument_structure,transitive,True,False,True,False,525,-64.09819793701172,-69.65995788574219,1
Noah's associates have taken some birds.,Noah's associates have littered some birds.,syntax,argument_structure,transitive,True,False,True,False,526,-50.994110107421875,-57.17041015625,1
Dana saw Sarah.,Dana suffered Sarah.,syntax,argument_structure,transitive,True,False,True,False,527,-30.919387817382812,-34.823238372802734,1
Martha's dermatologist leaves Katherine.,Martha's dermatologist chuckled Katherine.,syntax,argument_structure,transitive,True,False,True,False,528,-54.10093688964844,-58.91248321533203,1
Kristen bored Carla's contractor.,Kristen boasts Carla's contractor.,syntax,argument_structure,transitive,True,False,True,False,529,-53.09109115600586,-49.130428314208984,0
These mushrooms don't disgust Sandra.,These mushrooms don't fall Sandra.,syntax,argument_structure,transitive,True,False,True,False,530,-48.14387130737305,-41.954673767089844,0
These customers had loved Melissa's teachers.,These customers had compromised Melissa's teachers.,syntax,argument_structure,transitive,True,False,True,False,531,-49.736793518066406,-51.74855041503906,1
Colleen's cousins aren't selling some glove.,Colleen's cousins aren't compromising some glove.,syntax,argument_structure,transitive,True,False,True,False,532,-62.312286376953125,-66.18689727783203,1
Alice is running around some banks.,Alice is speaking up some banks.,syntax,argument_structure,transitive,True,False,True,False,533,-31.690105438232422,-37.135013580322266,1
Nancy isn't hiding all hospitals.,Nancy isn't dying all hospitals.,syntax,argument_structure,transitive,True,False,True,False,534,-45.95266342163086,-48.18730926513672,1
Every man's granddaughter admired the Clintons.,Every man's granddaughter waved the Clintons.,syntax,argument_structure,transitive,True,False,True,False,535,-50.66366958618164,-52.145912170410156,1
Sherry could look like every drawing of this hair.,Sherry could shrug every drawing of this hair.,syntax,argument_structure,transitive,True,False,True,False,536,-56.48405456542969,-60.64277648925781,1
Sally was biking to the school.,Sally was speaking up the school.,syntax,argument_structure,transitive,True,False,True,False,537,-44.28765106201172,-43.84974670410156,0
Carrie hasn't concealed Pamela's daughter.,Carrie hasn't come here Pamela's daughter.,syntax,argument_structure,transitive,True,False,True,False,538,-58.83034133911133,-55.63126754760742,0
These women had passed some college campus.,These women had chuckled some college campus.,syntax,argument_structure,transitive,True,False,True,False,539,-43.20833206176758,-54.167572021484375,1
The student's best friends had discussed Heather's dentists.,The student's best friends had chatted Heather's dentists.,syntax,argument_structure,transitive,True,False,True,False,540,-69.06303405761719,-72.67259216308594,1
Lissa's grandfathers hadn't distracted James.,Lissa's grandfathers hadn't blinked James.,syntax,argument_structure,transitive,True,False,True,False,541,-61.649024963378906,-64.29437255859375,1
The high schools are disturbing Tanya.,The high schools are falling Tanya.,syntax,argument_structure,transitive,True,False,True,False,542,-47.117591857910156,-44.806034088134766,0
Angela isn't watching the grandfathers of Caroline.,Angela isn't waving the grandfathers of Caroline.,syntax,argument_structure,transitive,True,False,True,False,543,-59.339508056640625,-63.30127716064453,1
An adult's ex-husbands had disagreed with Brett's brother.,An adult's ex-husbands had negotiated Brett's brother.,syntax,argument_structure,transitive,True,False,True,False,544,-87.02996063232422,-88.27740478515625,1
Emily won't sound like Katherine.,Emily won't cry Katherine.,syntax,argument_structure,transitive,True,False,True,False,545,-35.753379821777344,-36.01372528076172,1
Laurie had known Katherine.,Laurie had blinked Katherine.,syntax,argument_structure,transitive,True,False,True,False,546,-44.16971206665039,-51.870941162109375,1
Omar hasn't boasted about Samantha.,Omar hasn't escaped Samantha.,syntax,argument_structure,transitive,True,False,True,False,547,-53.77622985839844,-46.25086975097656,0
Winston Churchill's employees observe Theodore.,Winston Churchill's employees smile Theodore.,syntax,argument_structure,transitive,True,False,True,False,548,-70.09803771972656,-70.39004516601562,1
Melissa hadn't hurt Anna.,Melissa hadn't waved Anna.,syntax,argument_structure,transitive,True,False,True,False,549,-42.858009338378906,-48.02927017211914,1
Mark's mothers haven't messed up some gloves.,Mark's mothers haven't fallen some gloves.,syntax,argument_structure,transitive,True,False,True,False,550,-49.77178955078125,-51.166053771972656,1
Laura's brothers know every child's sisters.,Laura's brothers retaliated every child's sisters.,syntax,argument_structure,transitive,True,False,True,False,551,-48.68233108520508,-53.944419860839844,1
Nicole admired Cindy.,Nicole compromised Cindy.,syntax,argument_structure,transitive,True,False,True,False,552,-38.01966857910156,-40.98047637939453,1
Actors were boring that waitress's spouse.,Actors were clashing that waitress's spouse.,syntax,argument_structure,transitive,True,False,True,False,553,-61.885929107666016,-64.44548034667969,1
Many guests messed up all dishes.,Many guests murmured all dishes.,syntax,argument_structure,transitive,True,False,True,False,554,-37.80867385864258,-42.212432861328125,1
Those actors run around cafes.,Those actors confer cafes.,syntax,argument_structure,transitive,True,False,True,False,555,-40.97291564941406,-42.217323303222656,1
Steve hasn't talked about most nephews of Laura.,Steve hasn't gone fishing most nephews of Laura.,syntax,argument_structure,transitive,True,False,True,False,556,-56.51025390625,-66.73575592041016,1
The painting of some truck wouldn't resemble some photograph of gloves.,The painting of some truck wouldn't fall some photograph of gloves.,syntax,argument_structure,transitive,True,False,True,False,557,-83.59175872802734,-85.66471862792969,1
Most doctors thought about Joseph.,Most doctors grin Joseph.,syntax,argument_structure,transitive,True,False,True,False,558,-36.22172927856445,-39.36000442504883,1
Melanie shouldn't hurt Patrick.,Melanie shouldn't shout Patrick.,syntax,argument_structure,transitive,True,False,True,False,559,-41.91434860229492,-47.29712677001953,1
Some teachers' colleagues hide a lot of gates.,Some teachers' colleagues blink a lot of gates.,syntax,argument_structure,transitive,True,False,True,False,560,-57.0029296875,-60.17820358276367,1
These sisters of Susan boast about Dennis.,These sisters of Susan scream Dennis.,syntax,argument_structure,transitive,True,False,True,False,561,-54.669776916503906,-51.22943878173828,0
Laurie breaks this carriage.,Laurie smiles this carriage.,syntax,argument_structure,transitive,True,False,True,False,562,-44.618865966796875,-46.944061279296875,1
This sister of Derek was disturbing some women.,This sister of Derek was disagreeing some women.,syntax,argument_structure,transitive,True,False,True,False,563,-56.56941604614258,-59.95924377441406,1
Ella fired Michelle.,Ella escaped Michelle.,syntax,argument_structure,transitive,True,False,True,False,564,-40.15631103515625,-40.78992462158203,1
Judy hadn't cared for Martin.,Judy hadn't screamed Martin.,syntax,argument_structure,transitive,True,False,True,False,565,-37.33567428588867,-42.08552551269531,1
Grace's partners embarrasses Lisa's bosses.,Grace's partners struggled Lisa's bosses.,syntax,argument_structure,transitive,True,False,True,False,566,-66.24561309814453,-60.976837158203125,0
Galileo's associates return to Kendra's ex-girlfriend.,Galileo's associates smiled Kendra's ex-girlfriend.,syntax,argument_structure,transitive,True,False,True,False,567,-72.99671173095703,-76.47966003417969,1
Valerie attacks Matt's boyfriend.,Valerie died Matt's boyfriend.,syntax,argument_structure,transitive,True,False,True,False,568,-52.5328254699707,-47.81732940673828,0
Scott fixed those couches.,Scott chuckles those couches.,syntax,argument_structure,transitive,True,False,True,False,569,-35.24357604980469,-38.01115417480469,1
The sketch had bored that patient's employee.,The sketch had fallen that patient's employee.,syntax,argument_structure,transitive,True,False,True,False,570,-66.99061584472656,-62.24034118652344,0
Melissa was visiting Travis.,Melissa was blinking Travis.,syntax,argument_structure,transitive,True,False,True,False,571,-34.90202331542969,-41.934837341308594,1
Lisa brought the scarves.,Lisa grins the scarves.,syntax,argument_structure,transitive,True,False,True,False,572,-30.30430793762207,-37.50212860107422,1
Matt doesn't have these art galleries.,Matt doesn't go fishing these art galleries.,syntax,argument_structure,transitive,True,False,True,False,573,-37.05242919921875,-48.04126739501953,1
George climbed down many mountains.,George struggles many mountains.,syntax,argument_structure,transitive,True,False,True,False,574,-33.58446502685547,-29.912437438964844,0
Angela's grandfather found Steve.,Angela's grandfather shrugged Steve.,syntax,argument_structure,transitive,True,False,True,False,575,-43.85736846923828,-49.2236213684082,1
Becky's grandfather could lift cilantro.,Becky's grandfather could grin cilantro.,syntax,argument_structure,transitive,True,False,True,False,576,-51.662559509277344,-52.57110595703125,1
Kevin sounds like Katherine.,Kevin fell asleep Katherine.,syntax,argument_structure,transitive,True,False,True,False,577,-24.716289520263672,-35.0831298828125,1
The student's contractor was cleaning all spotlights.,The student's contractor was laughing all spotlights.,syntax,argument_structure,transitive,True,False,True,False,578,-55.42942810058594,-60.4397087097168,1
These sons of Danielle worry Adam.,These sons of Danielle fall asleep Adam.,syntax,argument_structure,transitive,True,False,True,False,579,-51.37373733520508,-56.18476104736328,1
Jacqueline was astounding some boys.,Jacqueline was escaping some boys.,syntax,argument_structure,transitive,True,False,True,False,580,-51.1234130859375,-48.715476989746094,0
Alicia heals Jessica's mentors.,Alicia complained Jessica's mentors.,syntax,argument_structure,transitive,True,False,True,False,581,-58.495872497558594,-60.51307678222656,1
Judy loves all customers.,Judy shouts all customers.,syntax,argument_structure,transitive,True,False,True,False,582,-29.277761459350586,-34.53348159790039,1
Michelle fixes the glasses.,Michelle murmurs the glasses.,syntax,argument_structure,transitive,True,False,True,False,583,-29.964298248291016,-35.201324462890625,1
Kristen talks to the actresses' mentees.,Kristen waved the actresses' mentees.,syntax,argument_structure,transitive,True,False,True,False,584,-48.38294219970703,-52.16904067993164,1
Jacqueline did know Donna's daughters.,Jacqueline did fall asleep Donna's daughters.,syntax,argument_structure,transitive,True,False,True,False,585,-58.61692810058594,-64.41946411132812,1
James's nephew insults every documentary.,James's nephew weeps every documentary.,syntax,argument_structure,transitive,True,False,True,False,586,-47.86874008178711,-52.804222106933594,1
Ruth brought cafes.,Ruth concurred cafes.,syntax,argument_structure,transitive,True,False,True,False,587,-36.34046173095703,-45.17901611328125,1
Tina's teacher talks about Deanna.,Tina's teacher suffered Deanna.,syntax,argument_structure,transitive,True,False,True,False,588,-51.6495246887207,-55.87739562988281,1
This lady exited a hill.,This lady blinked a hill.,syntax,argument_structure,transitive,True,False,True,False,589,-35.59238815307617,-38.214088439941406,1
Sharon's oncologists have boasted about Sara's son.,Sharon's oncologists have coped Sara's son.,syntax,argument_structure,transitive,True,False,True,False,590,-78.2495346069336,-76.45480346679688,0
Donald has remembered the hospital.,Donald has wept the hospital.,syntax,argument_structure,transitive,True,False,True,False,591,-30.597190856933594,-39.75336837768555,1
Wendy can fix some forks.,Wendy can shrug some forks.,syntax,argument_structure,transitive,True,False,True,False,592,-45.973602294921875,-50.44527816772461,1
The daughter of Rachelle discovered these windows.,The daughter of Rachelle slumps over these windows.,syntax,argument_structure,transitive,True,False,True,False,593,-50.965328216552734,-62.75439453125,1
Walter's grandsons skate around some glacier.,Walter's grandsons react some glacier.,syntax,argument_structure,transitive,True,False,True,False,594,-71.96238708496094,-66.46072387695312,0
Sandra is attacking those daughters of Gregory.,Sandra is smiling those daughters of Gregory.,syntax,argument_structure,transitive,True,False,True,False,595,-57.583831787109375,-58.869606018066406,1
A face stunned this cashier.,A face fell this cashier.,syntax,argument_structure,transitive,True,False,True,False,596,-46.761268615722656,-43.27555847167969,0
The Impressionists conceal all essays about the Balkans.,The Impressionists coped all essays about the Balkans.,syntax,argument_structure,transitive,True,False,True,False,597,-66.7239990234375,-68.53057861328125,1
These nephews of Donald skate around all museums.,These nephews of Donald shrug all museums.,syntax,argument_structure,transitive,True,False,True,False,598,-66.75082397460938,-65.69773864746094,0
Michael is finding some cup.,Michael is sighing some cup.,syntax,argument_structure,transitive,True,False,True,False,599,-33.462791442871094,-39.52113342285156,1
Karen's friends could complain about Jane's partner.,Karen's friends could cope Jane's partner.,syntax,argument_structure,transitive,True,False,True,False,600,-58.512535095214844,-63.848758697509766,1
John approached Randolf's oncologist.,John grinned Randolf's oncologist.,syntax,argument_structure,transitive,True,False,True,False,601,-62.10279083251953,-69.71385192871094,1
The grandmothers of Beverly boycott a grocery store.,The grandmothers of Beverly muttered a grocery store.,syntax,argument_structure,transitive,True,False,True,False,602,-60.249481201171875,-58.762107849121094,0
Peter hasn't worn a lot of skirts.,Peter hasn't complained a lot of skirts.,syntax,argument_structure,transitive,True,False,True,False,603,-38.86857604980469,-43.52461242675781,1
The students boycott movie theaters.,The students come here movie theaters.,syntax,argument_structure,transitive,True,False,True,False,604,-42.021488189697266,-40.535491943359375,0
All dancers did bike to the rivers.,All dancers did nod the rivers.,syntax,argument_structure,transitive,True,False,True,False,605,-48.547603607177734,-49.656227111816406,1
Some guys love Clyde.,Some guys come here Clyde.,syntax,argument_structure,transitive,True,False,True,False,606,-32.77204132080078,-39.87995147705078,1
Samuel would escape from a waitress.,Samuel would escape a waitress.,syntax,argument_structure,transitive,True,False,True,False,607,-43.25086212158203,-42.20848083496094,0
Alan had returned to Joel.,Alan had shrugged Joel.,syntax,argument_structure,transitive,True,False,True,False,608,-31.184314727783203,-37.602638244628906,1
Kevin had talked about this public park.,Kevin had screamed this public park.,syntax,argument_structure,transitive,True,False,True,False,609,-41.336814880371094,-44.83054733276367,1
The beef isn't annoying Teresa.,The beef isn't falling Teresa.,syntax,argument_structure,transitive,True,False,True,False,610,-48.631038665771484,-47.01456832885742,0
All fathers of Dawn investigate the senator.,All fathers of Dawn lied the senator.,syntax,argument_structure,transitive,True,False,True,False,611,-56.22814178466797,-55.256134033203125,0
Rachel's tutors worry children.,Rachel's tutors sighed children.,syntax,argument_structure,transitive,True,False,True,False,612,-43.64299774169922,-50.87385559082031,1
Lawrence sounds like those nieces of Winston Churchill.,Lawrence slumped over those nieces of Winston Churchill.,syntax,argument_structure,transitive,True,False,True,False,613,-57.77388381958008,-66.13016510009766,1
Rachel saw Jill's tutor.,Rachel lied Jill's tutor.,syntax,argument_structure,transitive,True,False,True,False,614,-40.6419792175293,-45.174583435058594,1
Renee's lawyer fires Benjamin.,Renee's lawyer suffers Benjamin.,syntax,argument_structure,transitive,True,False,True,False,615,-53.62456512451172,-50.40865707397461,0
Marla thought about Walter.,Marla blinks Walter.,syntax,argument_structure,transitive,True,False,True,False,616,-39.59385681152344,-42.89806365966797,1
Every bank concealed those sons of Andrea.,Every bank joked around those sons of Andrea.,syntax,argument_structure,transitive,True,False,True,False,617,-58.40646743774414,-65.15225982666016,1
This guest had referenced some sister of Irene.,This guest had smiled some sister of Irene.,syntax,argument_structure,transitive,True,False,True,False,618,-62.164466857910156,-62.822967529296875,1
Craig's piano teachers shouldn't have ladders.,Craig's piano teachers shouldn't talk ladders.,syntax,argument_structure,transitive,True,False,True,False,619,-53.385589599609375,-57.71514892578125,1
The pedestrians' boss kisses Rhonda's associate.,The pedestrians' boss negotiates Rhonda's associate.,syntax,argument_structure,transitive,True,False,True,False,620,-77.58329772949219,-76.45201110839844,0
Linda wouldn't boycott every organization.,Linda wouldn't slump over every organization.,syntax,argument_structure,transitive,True,False,True,False,621,-47.23817443847656,-55.769554138183594,1
Jessica's guests hide the waiter.,Jessica's guests die the waiter.,syntax,argument_structure,transitive,True,False,True,False,622,-39.92426300048828,-40.21604919433594,1
That granddaughter of Rachel couldn't exit those public parks.,That granddaughter of Rachel couldn't chuckle those public parks.,syntax,argument_structure,transitive,True,False,True,False,623,-70.49177551269531,-76.4017333984375,1
Regina's nephew had exited some libraries.,Regina's nephew had screamed some libraries.,syntax,argument_structure,transitive,True,False,True,False,624,-61.81153106689453,-66.27005004882812,1
This child's father hasn't cared for these teachers.,This child's father hasn't died these teachers.,syntax,argument_structure,transitive,True,False,True,False,625,-50.12305450439453,-52.916969299316406,1
Tiffany shouldn't bother Bethany's electricians.,Tiffany shouldn't die Bethany's electricians.,syntax,argument_structure,transitive,True,False,True,False,626,-67.94613647460938,-70.41581726074219,1
Donna hasn't questioned Theresa.,Donna hasn't died Theresa.,syntax,argument_structure,transitive,True,False,True,False,627,-41.78248977661133,-41.43117904663086,0
A lot of blouses weren't distracting Galileo.,A lot of blouses weren't falling Galileo.,syntax,argument_structure,transitive,True,False,True,False,628,-63.81142807006836,-61.42856216430664,0
Those dancers haven't looked like those pictures.,Those dancers haven't come here those pictures.,syntax,argument_structure,transitive,True,False,True,False,629,-46.534088134765625,-49.34947967529297,1
Tonya loved Joel's daughter.,Tonya speaks up Joel's daughter.,syntax,argument_structure,transitive,True,False,True,False,630,-40.18877410888672,-48.81146240234375,1
Scott hadn't ascended this ladder.,Scott hadn't boasted this ladder.,syntax,argument_structure,transitive,True,False,True,False,631,-42.27009582519531,-44.88819885253906,1
Nina talks to Melissa's student.,Nina mutters Melissa's student.,syntax,argument_structure,transitive,True,False,True,False,632,-50.57314682006836,-61.19921875,1
Elaine hasn't noticed Paula's contractors.,Elaine hasn't concurred Paula's contractors.,syntax,argument_structure,transitive,True,False,True,False,633,-62.43470764160156,-66.38232421875,1
The mirror alarmed that university.,The mirror falls that university.,syntax,argument_structure,transitive,True,False,True,False,634,-46.41339111328125,-44.921302795410156,0
Connie won't exit these college campuses.,Connie won't speak up these college campuses.,syntax,argument_structure,transitive,True,False,True,False,635,-55.109107971191406,-56.70073699951172,1
Randolf didn't research the pictures of Wendy.,Randolf didn't talk the pictures of Wendy.,syntax,argument_structure,transitive,True,False,True,False,636,-58.21781921386719,-54.12785339355469,0
This sister of Paul has all schools.,This sister of Paul compromises all schools.,syntax,argument_structure,transitive,True,False,True,False,637,-46.369728088378906,-56.30813980102539,1
The granddaughter of Kevin noticed Sheila.,The granddaughter of Kevin concurs Sheila.,syntax,argument_structure,transitive,True,False,True,False,638,-50.942901611328125,-59.636390686035156,1
The Borgias sound like this hospital.,The Borgias go fishing this hospital.,syntax,argument_structure,transitive,True,False,True,False,639,-51.37104797363281,-54.370513916015625,1
Sharon won't discover many people.,Sharon won't escape many people.,syntax,argument_structure,transitive,True,False,True,False,640,-42.400474548339844,-42.42127227783203,1
Teresa couldn't wear this shoe.,Teresa couldn't fall asleep this shoe.,syntax,argument_structure,transitive,True,False,True,False,641,-41.03932189941406,-50.9140510559082,1
Lucille had healed Donna.,Lucille had gone fishing Donna.,syntax,argument_structure,transitive,True,False,True,False,642,-44.414794921875,-49.76805114746094,1
Sally had worked with a teacher.,Sally had shrugged a teacher.,syntax,argument_structure,transitive,True,False,True,False,643,-41.991722106933594,-50.851890563964844,1
Eva might boycott every art gallery.,Eva might concur every art gallery.,syntax,argument_structure,transitive,True,False,True,False,644,-45.858245849609375,-49.59849166870117,1
Aaron hugged many customers' boss.,Aaron copes many customers' boss.,syntax,argument_structure,transitive,True,False,True,False,645,-46.06767654418945,-55.09820556640625,1
Jacqueline's French teacher had hated Cheryl's mother.,Jacqueline's French teacher had disagreed Cheryl's mother.,syntax,argument_structure,transitive,True,False,True,False,646,-76.21826171875,-81.4305419921875,1
Donald's sisters didn't fix most computers.,Donald's sisters didn't confer most computers.,syntax,argument_structure,transitive,True,False,True,False,647,-53.25787353515625,-57.80558776855469,1
All guys buy that box.,All guys testify that box.,syntax,argument_structure,transitive,True,False,True,False,648,-35.51411437988281,-42.52162170410156,1
Curtis wasn't climbing up most mountains.,Curtis wasn't screaming most mountains.,syntax,argument_structure,transitive,True,False,True,False,649,-56.29456329345703,-55.78425598144531,0
Most cashiers resemble every sketch of Helen.,Most cashiers grin every sketch of Helen.,syntax,argument_structure,transitive,True,False,True,False,650,-68.27751159667969,-71.01338195800781,1
Jessica appreciates science.,Jessica came here science.,syntax,argument_structure,transitive,True,False,True,False,651,-24.27599334716797,-31.40583038330078,1
Ann's senators discuss Judy.,Ann's senators boast Judy.,syntax,argument_structure,transitive,True,False,True,False,652,-46.60594940185547,-49.266380310058594,1
Many waitresses skate around some mountain.,Many waitresses suffer some mountain.,syntax,argument_structure,transitive,True,False,True,False,653,-59.460533142089844,-51.52104949951172,0
Alicia's piano teachers could conceal this fish.,Alicia's piano teachers could concur this fish.,syntax,argument_structure,transitive,True,False,True,False,654,-77.12686157226562,-80.55338287353516,1
Renee's lawyers sell many hospitals.,Renee's lawyers struggle many hospitals.,syntax,argument_structure,transitive,True,False,True,False,655,-45.32895278930664,-49.28727722167969,1
Melissa couldn't buy that shawl.,Melissa couldn't mutter that shawl.,syntax,argument_structure,transitive,True,False,True,False,656,-47.178062438964844,-57.07420349121094,1
Diane has questioned a lot of boys.,Diane has died a lot of boys.,syntax,argument_structure,transitive,True,False,True,False,657,-45.946983337402344,-42.232627868652344,0
A lot of pictures looked like that bicycle.,A lot of pictures fell that bicycle.,syntax,argument_structure,transitive,True,False,True,False,658,-49.22486114501953,-48.88279724121094,0
Erin hadn't cleaned some couch.,Erin hadn't compromised some couch.,syntax,argument_structure,transitive,True,False,True,False,659,-49.23317337036133,-51.63542938232422,1
Some boy was concealing Heidi.,Some boy was chuckling Heidi.,syntax,argument_structure,transitive,True,False,True,False,660,-46.97181701660156,-44.05989074707031,0
Chad's son knows Guy's best friends.,Chad's son nodded Guy's best friends.,syntax,argument_structure,transitive,True,False,True,False,661,-52.505592346191406,-58.66944122314453,1
Those newspaper articles about science look like that picture of Frank.,Those newspaper articles about science fall that picture of Frank.,syntax,argument_structure,transitive,True,False,True,False,662,-75.53890228271484,-74.36021423339844,0
Colleen's associate was concealing every print of that person.,Colleen's associate was disagreeing every print of that person.,syntax,argument_structure,transitive,True,False,True,False,663,-79.63914489746094,-78.64599609375,0
Tanya's bosses clean the cafes.,Tanya's bosses complain the cafes.,syntax,argument_structure,transitive,True,False,True,False,664,-53.74250411987305,-55.13703536987305,1
The boys embarrasses Paula.,The boys concur Paula.,syntax,argument_structure,transitive,True,False,True,False,665,-43.01068115234375,-42.357635498046875,0
Ella could buy some car.,Ella could talk some car.,syntax,argument_structure,transitive,True,False,True,False,666,-39.69576644897461,-46.23786544799805,1
Regina hadn't approached Rhonda's handyman.,Regina hadn't wept Rhonda's handyman.,syntax,argument_structure,transitive,True,False,True,False,667,-65.47213745117188,-79.65972900390625,1
Danielle had disliked Andrew.,Danielle had blinked Andrew.,syntax,argument_structure,transitive,True,False,True,False,668,-41.84943771362305,-42.706485748291016,1
Renee's friend investigated Jill.,Renee's friend boasts Jill.,syntax,argument_structure,transitive,True,False,True,False,669,-52.27777862548828,-51.215736389160156,0
Some pedestrians disagree with Irene.,Some pedestrians flirt Irene.,syntax,argument_structure,transitive,True,False,True,False,670,-42.6823844909668,-45.92186737060547,1
Tina won't remember Bill.,Tina won't smile Bill.,syntax,argument_structure,transitive,True,False,True,False,671,-42.11335754394531,-47.402801513671875,1
Every son of Sheila is questioning Kirsten.,Every son of Sheila is falling asleep Kirsten.,syntax,argument_structure,transitive,True,False,True,False,672,-54.4637451171875,-58.872535705566406,1
Vanessa's lawyers hurt Jessica's grandfathers.,Vanessa's lawyers muttered Jessica's grandfathers.,syntax,argument_structure,transitive,True,False,True,False,673,-59.37433624267578,-64.68008422851562,1
Tiffany isn't appreciating Stacey.,Tiffany isn't grinning Stacey.,syntax,argument_structure,transitive,True,False,True,False,674,-57.88867950439453,-57.75670623779297,0
Matt's dermatologists boycott some hospital.,Matt's dermatologists react some hospital.,syntax,argument_structure,transitive,True,False,True,False,675,-54.77900695800781,-54.19541931152344,0
Naomi didn't conceal Candice.,Naomi didn't speak up Candice.,syntax,argument_structure,transitive,True,False,True,False,676,-46.166046142578125,-48.03919982910156,1
Timothy's ex-wives questioned Rose.,Timothy's ex-wives retaliated Rose.,syntax,argument_structure,transitive,True,False,True,False,677,-58.2274284362793,-61.19222640991211,1
Ruth returned to Marie.,Ruth fell Marie.,syntax,argument_structure,transitive,True,False,True,False,678,-33.585548400878906,-35.03514099121094,1
Colleen leaves Larry.,Colleen laughed Larry.,syntax,argument_structure,transitive,True,False,True,False,679,-35.2806396484375,-37.8950309753418,1
Some government couldn't conceal Charles.,Some government couldn't conspire Charles.,syntax,argument_structure,transitive,True,False,True,False,680,-45.2543830871582,-52.13325500488281,1
Those senators' tutors stun all sisters of all boys.,Those senators' tutors shrugged all sisters of all boys.,syntax,argument_structure,transitive,True,False,True,False,681,-80.23538970947266,-82.01158142089844,1
This projector alarms all waiters' husband.,This projector falls all waiters' husband.,syntax,argument_structure,transitive,True,False,True,False,682,-71.84117126464844,-70.4773941040039,0
Veronica's associates hadn't run around that river.,Veronica's associates hadn't muttered that river.,syntax,argument_structure,transitive,True,False,True,False,683,-63.11663055419922,-67.45008850097656,1
That grandmother of Wayne can't return to a lot of sisters of Bill.,That grandmother of Wayne can't talk a lot of sisters of Bill.,syntax,argument_structure,transitive,True,False,True,False,684,-84.83596801757812,-80.630126953125,0
Meredith had irritated Tonya.,Meredith had fallen Tonya.,syntax,argument_structure,transitive,True,False,True,False,685,-49.46350860595703,-45.69847869873047,0
This shoe scared Vincent's handymen.,This shoe fell Vincent's handymen.,syntax,argument_structure,transitive,True,False,True,False,686,-60.762237548828125,-61.02931213378906,1
Many companies hate Galileo.,Many companies negotiate Galileo.,syntax,argument_structure,transitive,True,False,True,False,687,-31.88770294189453,-34.140869140625,1
Some fathers of Carolyn described Eric.,Some fathers of Carolyn reply Eric.,syntax,argument_structure,transitive,True,False,True,False,688,-51.7776985168457,-56.6751823425293,1
Some ladies reveal Colleen's mentee.,Some ladies struggled Colleen's mentee.,syntax,argument_structure,transitive,True,False,True,False,689,-56.326969146728516,-54.9926872253418,0
That pedestrian hadn't cured Brian.,That pedestrian hadn't murmured Brian.,syntax,argument_structure,transitive,True,False,True,False,690,-50.14981460571289,-55.12798309326172,1
Some prints have annoyed Scott.,Some prints have fallen Scott.,syntax,argument_structure,transitive,True,False,True,False,691,-44.42185974121094,-41.72241973876953,0
That apple hasn't disgusted Natalie.,That apple hasn't rotted Natalie.,syntax,argument_structure,transitive,True,False,True,False,692,-52.14775085449219,-52.31648254394531,1
Tina has broken a bicycle.,Tina has grinned a bicycle.,syntax,argument_structure,transitive,True,False,True,False,693,-35.91178894042969,-42.813995361328125,1
The organization aggravates Carrie's mother.,The organization replies Carrie's mother.,syntax,argument_structure,transitive,True,False,True,False,694,-53.660980224609375,-47.772186279296875,0
Russell's mentees wouldn't drop by restaurants.,Russell's mentees wouldn't weep restaurants.,syntax,argument_structure,transitive,True,False,True,False,695,-51.803245544433594,-58.249881744384766,1
Nicole's French teachers notice that drawing.,Nicole's French teachers cooperated that drawing.,syntax,argument_structure,transitive,True,False,True,False,696,-59.899497985839844,-67.84564208984375,1
Donald's plumbers discover Diane.,Donald's plumbers go fishing Diane.,syntax,argument_structure,transitive,True,False,True,False,697,-45.570255279541016,-51.72740173339844,1
Joseph knew Cynthia's grandmothers.,Joseph concurs Cynthia's grandmothers.,syntax,argument_structure,transitive,True,False,True,False,698,-37.52775955200195,-47.14092254638672,1
Chad's niece isn't cleaning some hat.,Chad's niece isn't littering some hat.,syntax,argument_structure,transitive,True,False,True,False,699,-59.41607666015625,-61.59352111816406,1
Nicole cured Jacqueline's brother.,Nicole shrugs Jacqueline's brother.,syntax,argument_structure,transitive,True,False,True,False,700,-49.47875213623047,-53.657569885253906,1
Apples disgust Tiffany.,Apples fell Tiffany.,syntax,argument_structure,transitive,True,False,True,False,701,-38.67310333251953,-35.81352233886719,0
A son of this guest couldn't examine Kenneth's niece.,A son of this guest couldn't joke around Kenneth's niece.,syntax,argument_structure,transitive,True,False,True,False,702,-74.1569595336914,-77.73316192626953,1
The children hadn't sounded like Teresa.,The children hadn't cooperated Teresa.,syntax,argument_structure,transitive,True,False,True,False,703,-45.30537796020508,-48.76518249511719,1
Tiffany has returned to Guy.,Tiffany has complained Guy.,syntax,argument_structure,transitive,True,False,True,False,704,-43.88526153564453,-50.047489166259766,1
Vincent argued about the cousin of James.,Vincent testifies the cousin of James.,syntax,argument_structure,transitive,True,False,True,False,705,-54.18798828125,-57.203147888183594,1
Elaine won't walk through every closet.,Elaine won't lie every closet.,syntax,argument_structure,transitive,True,False,True,False,706,-47.52676010131836,-48.84425354003906,1
Lisa wasn't returning to Diana.,Lisa wasn't dying Diana.,syntax,argument_structure,transitive,True,False,True,False,707,-32.5174674987793,-35.90564727783203,1
Liam was finding malls.,Liam was murmuring malls.,syntax,argument_structure,transitive,True,False,True,False,708,-41.39468765258789,-48.86553192138672,1
Some hamsters embarrass most actors.,Some hamsters came here most actors.,syntax,argument_structure,transitive,True,False,True,False,709,-50.262020111083984,-51.80586624145508,1
Sonia skated around those malls.,Sonia compromises those malls.,syntax,argument_structure,transitive,True,False,True,False,710,-51.047218322753906,-45.06023406982422,0
That ice cream has resembled all pictures of Heather.,That ice cream has fallen all pictures of Heather.,syntax,argument_structure,transitive,True,False,True,False,711,-60.635643005371094,-55.32469940185547,0
These grandsons of Michelle biked to most schools.,These grandsons of Michelle chuckle most schools.,syntax,argument_structure,transitive,True,False,True,False,712,-77.74160766601562,-73.60543060302734,0
Emily likes that painting.,Emily wept that painting.,syntax,argument_structure,transitive,True,False,True,False,713,-27.849082946777344,-35.39191436767578,1
Gregory cleaned cups.,Gregory littered cups.,syntax,argument_structure,transitive,True,False,True,False,714,-36.371726989746094,-39.071590423583984,1
Every customer researches all stories about literature.,Every customer screamed all stories about literature.,syntax,argument_structure,transitive,True,False,True,False,715,-52.63359069824219,-54.59849166870117,1
Most hospitals hire the dancers.,Most hospitals lied the dancers.,syntax,argument_structure,transitive,True,False,True,False,716,-39.6156120300293,-46.1016960144043,1
Stacey wasn't fleeing from Jeffrey's hairdressers.,Stacey wasn't shrugging Jeffrey's hairdressers.,syntax,argument_structure,transitive,True,False,True,False,717,-67.60799407958984,-79.19066619873047,1
The girl forgot Omar.,The girl murmured Omar.,syntax,argument_structure,transitive,True,False,True,False,718,-35.644615173339844,-41.45886993408203,1
That child's electricians had brought the bird.,That child's electricians had chuckled the bird.,syntax,argument_structure,transitive,True,False,True,False,719,-55.42254638671875,-64.74298095703125,1
David's senators don't escape from Nina.,David's senators don't lie Nina.,syntax,argument_structure,transitive,True,False,True,False,720,-50.20323181152344,-50.252105712890625,1
Martha insults many shows about Winston Churchill.,Martha laughs many shows about Winston Churchill.,syntax,argument_structure,transitive,True,False,True,False,721,-63.994346618652344,-62.237796783447266,0
Kevin fired Scott.,Kevin joked around Scott.,syntax,argument_structure,transitive,True,False,True,False,722,-25.710769653320312,-32.75334167480469,1
A man worked with Jeffrey.,A man sighs Jeffrey.,syntax,argument_structure,transitive,True,False,True,False,723,-34.948265075683594,-41.848114013671875,1
Homer can return to every nephew of Beverly.,Homer can weep every nephew of Beverly.,syntax,argument_structure,transitive,True,False,True,False,724,-61.082000732421875,-64.81494140625,1
The guy's associates arrive at the college campus.,The guy's associates escape the college campus.,syntax,argument_structure,transitive,True,False,True,False,725,-50.052635192871094,-54.01465606689453,1
Kimberley wouldn't visit the Impressionists' grandmother.,Kimberley wouldn't joke around the Impressionists' grandmother.,syntax,argument_structure,transitive,True,False,True,False,726,-68.83322143554688,-76.76918029785156,1
Eric descended a hill.,Eric cried a hill.,syntax,argument_structure,transitive,True,False,True,False,727,-27.551183700561523,-27.370136260986328,0
Carla alarmed Aaron.,Carla lied Aaron.,syntax,argument_structure,transitive,True,False,True,False,728,-37.056556701660156,-35.99303436279297,0
The convertible distracts a committee.,The convertible fell a committee.,syntax,argument_structure,transitive,True,False,True,False,729,-49.3588752746582,-41.087825775146484,0
Craig's spouse hadn't dropped by those art galleries.,Craig's spouse hadn't nodded those art galleries.,syntax,argument_structure,transitive,True,False,True,False,730,-62.73973846435547,-66.88509368896484,1
Charles's doctors insult Alexander's handymen.,Charles's doctors cope Alexander's handymen.,syntax,argument_structure,transitive,True,False,True,False,731,-63.88059997558594,-61.36499786376953,0
These schools were shocking the waitress's son.,These schools were negotiating the waitress's son.,syntax,argument_structure,transitive,True,False,True,False,732,-55.96886444091797,-52.98124694824219,0
These adults' electricians resemble that sketch of Paula.,These adults' electricians cope that sketch of Paula.,syntax,argument_structure,transitive,True,False,True,False,733,-82.81315612792969,-85.14089965820312,1
A nephew of Melanie hadn't explored every grocery store.,A nephew of Melanie hadn't compromised every grocery store.,syntax,argument_structure,transitive,True,False,True,False,734,-65.22724914550781,-69.00700378417969,1
Noah notices Robert.,Noah compromises Robert.,syntax,argument_structure,transitive,True,False,True,False,735,-37.53456115722656,-39.025840759277344,1
Laura discovers these actresses.,Laura shrugged these actresses.,syntax,argument_structure,transitive,True,False,True,False,736,-28.530855178833008,-34.623863220214844,1
Angela will worry these daughters of Michelle.,Angela will come here these daughters of Michelle.,syntax,argument_structure,transitive,True,False,True,False,737,-59.08447265625,-59.555625915527344,1
Rachel healed that adult.,Rachel cries that adult.,syntax,argument_structure,transitive,True,False,True,False,738,-34.97956466674805,-33.166194915771484,0
Amy was escaping from Cynthia's classmate.,Amy was falling Cynthia's classmate.,syntax,argument_structure,transitive,True,False,True,False,739,-45.70824432373047,-46.82375717163086,1
Some box resembles those prints of Diana.,Some box falls those prints of Diana.,syntax,argument_structure,transitive,True,False,True,False,740,-53.35872268676758,-55.41953659057617,1
The school hasn't alarmed Kathleen.,The school hasn't fallen Kathleen.,syntax,argument_structure,transitive,True,False,True,False,741,-46.460113525390625,-43.85624694824219,0
Many organizations worry Susan.,Many organizations compete Susan.,syntax,argument_structure,transitive,True,False,True,False,742,-37.10902404785156,-36.78630447387695,0
Matt arrived at a lot of hospitals.,Matt littered a lot of hospitals.,syntax,argument_structure,transitive,True,False,True,False,743,-32.55601501464844,-34.19007873535156,1
Bradley's nieces fix every unicycle.,Bradley's nieces negotiated every unicycle.,syntax,argument_structure,transitive,True,False,True,False,744,-60.08757781982422,-62.872615814208984,1
Martin discovered Charles.,Martin litters Charles.,syntax,argument_structure,transitive,True,False,True,False,745,-25.845455169677734,-35.614601135253906,1
Heidi fires Deanna.,Heidi mutters Deanna.,syntax,argument_structure,transitive,True,False,True,False,746,-43.961151123046875,-48.009552001953125,1
Irene's wife has run around all glaciers.,Irene's wife has grinned all glaciers.,syntax,argument_structure,transitive,True,False,True,False,747,-63.90626525878906,-67.50604248046875,1
Joel argued about Christopher's students.,Joel sighed Christopher's students.,syntax,argument_structure,transitive,True,False,True,False,748,-51.20952606201172,-49.55186462402344,0
Every photograph looked like that library.,Every photograph fell that library.,syntax,argument_structure,transitive,True,False,True,False,749,-42.110633850097656,-44.8404541015625,1
The drivers were kissing waitresses.,The drivers were replying waitresses.,syntax,argument_structure,transitive,True,False,True,False,750,-45.86211395263672,-45.442832946777344,0
That guy isn't fleeing from Walter.,That guy isn't muttering Walter.,syntax,argument_structure,transitive,True,False,True,False,751,-46.8072624206543,-49.75505828857422,1
Those doctors heal Naomi.,Those doctors disagreed Naomi.,syntax,argument_structure,transitive,True,False,True,False,752,-38.179893493652344,-41.336181640625,1
A hospital talked about friends of Keith.,A hospital conferred friends of Keith.,syntax,argument_structure,transitive,True,False,True,False,753,-51.423179626464844,-50.455223083496094,0
Cheryl's fathers find all actors.,Cheryl's fathers talked all actors.,syntax,argument_structure,transitive,True,False,True,False,754,-65.47425842285156,-70.11644744873047,1
Those horses have bothered Sandra.,Those horses have fallen Sandra.,syntax,argument_structure,transitive,True,False,True,False,755,-40.33399200439453,-38.68360900878906,0
A waiter remembers Jill.,A waiter testifies Jill.,syntax,argument_structure,transitive,True,False,True,False,756,-36.19273376464844,-46.839515686035156,1
Sonia's mothers weren't boycotting this association.,Sonia's mothers weren't nodding this association.,syntax,argument_structure,transitive,True,False,True,False,757,-60.32278823852539,-61.15753936767578,1
Many nieces of Alicia praise Paula.,Many nieces of Alicia struggle Paula.,syntax,argument_structure,transitive,True,False,True,False,758,-58.152130126953125,-62.557342529296875,1
All teachers' teacher hadn't kissed Tiffany.,All teachers' teacher hadn't escaped Tiffany.,syntax,argument_structure,transitive,True,False,True,False,759,-58.20977783203125,-58.215816497802734,1
Janice forgets Donna.,Janice smiles Donna.,syntax,argument_structure,transitive,True,False,True,False,760,-37.85247039794922,-34.03087615966797,0
Rebecca fires this teacher.,Rebecca falls this teacher.,syntax,argument_structure,transitive,True,False,True,False,761,-44.56063461303711,-39.49755096435547,0
Raymond had seen most rivers.,Raymond had gone fishing most rivers.,syntax,argument_structure,transitive,True,False,True,False,762,-46.06466293334961,-53.13852310180664,1
Kendra has worked with Andrea.,Kendra has waved Andrea.,syntax,argument_structure,transitive,True,False,True,False,763,-34.34330368041992,-41.7639045715332,1
Noah buys some restaurants.,Noah boasted some restaurants.,syntax,argument_structure,transitive,True,False,True,False,764,-35.706451416015625,-40.01848220825195,1
Stephanie insulted Eric's grandfather.,Stephanie struggles Eric's grandfather.,syntax,argument_structure,transitive,True,False,True,False,765,-54.28367614746094,-55.613861083984375,1
Stephanie's dentists discussed Adam's senator.,Stephanie's dentists conferred Adam's senator.,syntax,argument_structure,transitive,True,False,True,False,766,-76.06837463378906,-77.99083709716797,1
This teacher disturbs Suzanne.,This teacher compromised Suzanne.,syntax,argument_structure,transitive,True,False,True,False,767,-40.44287109375,-43.408966064453125,1
Naomi boycotted these closets.,Naomi boasted these closets.,syntax,argument_structure,transitive,True,False,True,False,768,-53.21106719970703,-41.05442810058594,0
All nieces of Beverly conceal that granddaughter of Janet.,All nieces of Beverly talked that granddaughter of Janet.,syntax,argument_structure,transitive,True,False,True,False,769,-83.96461486816406,-80.47061157226562,0
Paintings look like most sketches.,Paintings fell most sketches.,syntax,argument_structure,transitive,True,False,True,False,770,-45.30516815185547,-46.904937744140625,1
Monet questioned Karen.,Monet waved Karen.,syntax,argument_structure,transitive,True,False,True,False,771,-36.92456817626953,-38.6947021484375,1
Nina attacks Marla.,Nina died Marla.,syntax,argument_structure,transitive,True,False,True,False,772,-40.58988952636719,-36.013511657714844,0
Danielle's oncologist arrives at a restaurant.,Danielle's oncologist boasted a restaurant.,syntax,argument_structure,transitive,True,False,True,False,773,-58.07906723022461,-61.71558380126953,1
Many drivers knew Grace.,Many drivers replied Grace.,syntax,argument_structure,transitive,True,False,True,False,774,-36.25096130371094,-36.90121841430664,1
Paula hadn't questioned Wendy's daughters.,Paula hadn't muttered Wendy's daughters.,syntax,argument_structure,transitive,True,False,True,False,775,-52.96321487426758,-57.521671295166016,1
Some university distracts Kathleen.,Some university struggles Kathleen.,syntax,argument_structure,transitive,True,False,True,False,776,-44.784751892089844,-41.06361389160156,0
Most teachers approach Larry's podiatrists.,Most teachers joke around Larry's podiatrists.,syntax,argument_structure,transitive,True,False,True,False,777,-57.54627990722656,-61.6563835144043,1
Irene explores some movie theater.,Irene escapes some movie theater.,syntax,argument_structure,transitive,True,False,True,False,778,-48.844486236572266,-49.95282745361328,1
Christopher was escaping from Amanda.,Christopher was shouting Amanda.,syntax,argument_structure,transitive,True,False,True,False,779,-31.784212112426758,-30.548542022705078,0
Those mothers of Kayla complain about Adam's husband.,Those mothers of Kayla replied Adam's husband.,syntax,argument_structure,transitive,True,False,True,False,780,-66.78085327148438,-65.9217529296875,0
Many guys aggravates Beth.,Many guys competed Beth.,syntax,argument_structure,transitive,True,False,True,False,781,-44.555198669433594,-37.61189651489258,0
Nicole's colleagues respect the pedestrian.,Nicole's colleagues smile the pedestrian.,syntax,argument_structure,transitive,True,False,True,False,782,-54.65483093261719,-55.73289489746094,1
Wayne wasn't going to that high school.,Wayne wasn't complaining that high school.,syntax,argument_structure,transitive,True,False,True,False,783,-40.284873962402344,-41.287742614746094,1
A guy has criticized most daughters of Benjamin.,A guy has slumped over most daughters of Benjamin.,syntax,argument_structure,transitive,True,False,True,False,784,-58.423065185546875,-65.9912109375,1
Lissa does boast about a lady's cousins.,Lissa does lie a lady's cousins.,syntax,argument_structure,transitive,True,False,True,False,785,-58.32805633544922,-55.01105499267578,0
Lucille is fixing some planes.,Lucille is falling some planes.,syntax,argument_structure,transitive,True,False,True,False,786,-40.666107177734375,-42.64675521850586,1
Rachelle examined Marcus's girlfriend.,Rachelle jokes around Marcus's girlfriend.,syntax,argument_structure,transitive,True,False,True,False,787,-51.348365783691406,-50.677757263183594,0
Karen might notice Michael.,Karen might go fishing Michael.,syntax,argument_structure,transitive,True,False,True,False,788,-41.062801361083984,-51.533935546875,1
These actors were exploring every closet.,These actors were nodding every closet.,syntax,argument_structure,transitive,True,False,True,False,789,-42.35776138305664,-45.48442459106445,1
Angela does aggravate Peter.,Angela does go fishing Peter.,syntax,argument_structure,transitive,True,False,True,False,790,-42.593284606933594,-50.14447021484375,1
Wayne will embarrass Stacey.,Wayne will escape Stacey.,syntax,argument_structure,transitive,True,False,True,False,791,-43.572540283203125,-40.30404281616211,0
Beth hasn't argued about Jeffrey.,Beth hasn't gone fishing Jeffrey.,syntax,argument_structure,transitive,True,False,True,False,792,-51.47781753540039,-55.0081901550293,1
Denise's ex-boyfriends question Jodi.,Denise's ex-boyfriends cooperated Jodi.,syntax,argument_structure,transitive,True,False,True,False,793,-69.84378051757812,-71.57354736328125,1
Kristin wore some hat.,Kristin lies some hat.,syntax,argument_structure,transitive,True,False,True,False,794,-33.22157287597656,-37.698020935058594,1
Some grandson of Homer examined the nephew of Becky.,Some grandson of Homer shouted the nephew of Becky.,syntax,argument_structure,transitive,True,False,True,False,795,-66.72283935546875,-64.16093444824219,0
The print of every student is looking like some mother of all actresses.,The print of every student is falling some mother of all actresses.,syntax,argument_structure,transitive,True,False,True,False,796,-78.3260498046875,-80.81671142578125,1
Those sketches hadn't upset Tammy's hairdresser.,Those sketches hadn't fallen Tammy's hairdresser.,syntax,argument_structure,transitive,True,False,True,False,797,-71.90484619140625,-73.14118957519531,1
Those shows about Monet hadn't irritated Tamara.,Those shows about Monet hadn't disagreed Tamara.,syntax,argument_structure,transitive,True,False,True,False,798,-76.52352142333984,-80.31571960449219,1
Leslie describes a lot of teenagers.,Leslie went fishing a lot of teenagers.,syntax,argument_structure,transitive,True,False,True,False,799,-39.70293045043945,-50.29835891723633,1
That commentary aggravates the ladies.,That commentary disagreed the ladies.,syntax,argument_structure,transitive,True,False,True,False,800,-44.76600646972656,-44.56355667114258,0
The student loves Amelia.,The student laughed Amelia.,syntax,argument_structure,transitive,True,False,True,False,801,-32.375892639160156,-38.026268005371094,1
Linda notices some ladies.,Linda weeps some ladies.,syntax,argument_structure,transitive,True,False,True,False,802,-43.09538269042969,-47.31702423095703,1
John observed Christina.,John talks Christina.,syntax,argument_structure,transitive,True,False,True,False,803,-31.439964294433594,-30.57770347595215,0
Jill wouldn't help Stacy's associates.,Jill wouldn't speak up Stacy's associates.,syntax,argument_structure,transitive,True,False,True,False,804,-54.724403381347656,-58.87049102783203,1
Adam runs around many cafes.,Adam smiled many cafes.,syntax,argument_structure,transitive,True,False,True,False,805,-33.68927001953125,-34.08086395263672,1
Carmen shouldn't find Carmen.,Carmen shouldn't talk Carmen.,syntax,argument_structure,transitive,True,False,True,False,806,-50.74957275390625,-54.094085693359375,1
Many nieces of Michelle cured Melinda.,Many nieces of Michelle sighed Melinda.,syntax,argument_structure,transitive,True,False,True,False,807,-63.104103088378906,-63.38761901855469,1
Florence conceals the play.,Florence murmurs the play.,syntax,argument_structure,transitive,True,False,True,False,808,-39.780982971191406,-42.020477294921875,1
Phillip's nieces watch Kendra.,Phillip's nieces compromise Kendra.,syntax,argument_structure,transitive,True,False,True,False,809,-56.29155731201172,-59.206504821777344,1
John examines all women's mentees.,John smiles all women's mentees.,syntax,argument_structure,transitive,True,False,True,False,810,-45.50605392456055,-47.76039123535156,1
That customer's doctors are buying that photograph of a carriage.,That customer's doctors are communicating that photograph of a carriage.,syntax,argument_structure,transitive,True,False,True,False,811,-73.48344421386719,-74.74763488769531,1
Paul's sisters heal Deborah.,Paul's sisters escaped Deborah.,syntax,argument_structure,transitive,True,False,True,False,812,-43.848976135253906,-41.72782897949219,0
Every skateboard hasn't disturbed Adam.,Every skateboard hasn't fallen Adam.,syntax,argument_structure,transitive,True,False,True,False,813,-51.78331756591797,-48.52764129638672,0
Pamela hurt Derek.,Pamela boasts Derek.,syntax,argument_structure,transitive,True,False,True,False,814,-45.7676887512207,-47.268836975097656,1
Most brothers of Michelle explore these closets.,Most brothers of Michelle flirted these closets.,syntax,argument_structure,transitive,True,False,True,False,815,-57.28972625732422,-62.93154525756836,1
Carolyn exits that mall.,Carolyn replies that mall.,syntax,argument_structure,transitive,True,False,True,False,816,-42.49309539794922,-38.991127014160156,0
Christina's podiatrist was concealing these carriages.,Christina's podiatrist was chuckling these carriages.,syntax,argument_structure,transitive,True,False,True,False,817,-76.20613098144531,-73.77152252197266,0
Meredith visits many adults.,Meredith falls many adults.,syntax,argument_structure,transitive,True,False,True,False,818,-41.02080535888672,-41.79658508300781,1
Danielle's associate praises every guy.,Danielle's associate responds every guy.,syntax,argument_structure,transitive,True,False,True,False,819,-53.28727722167969,-57.275230407714844,1
This truck aggravates Keith.,This truck falls Keith.,syntax,argument_structure,transitive,True,False,True,False,820,-44.1087646484375,-38.84724044799805,0
Stephanie's students break the mirror.,Stephanie's students joked around the mirror.,syntax,argument_structure,transitive,True,False,True,False,821,-53.01012420654297,-58.84376907348633,1
These pedestrians talked to Renee.,These pedestrians testified Renee.,syntax,argument_structure,transitive,True,False,True,False,822,-45.85346603393555,-42.93714904785156,0
Beth's ex-boyfriend shocked a grandson of Cheryl.,Beth's ex-boyfriend chuckles a grandson of Cheryl.,syntax,argument_structure,transitive,True,False,True,False,823,-79.32414245605469,-80.3118896484375,1
Carmen won't find the pedestrian's mother.,Carmen won't die the pedestrian's mother.,syntax,argument_structure,transitive,True,False,True,False,824,-65.1588363647461,-65.95075988769531,1
Danielle's employee shouldn't notice that pedestrian.,Danielle's employee shouldn't nod that pedestrian.,syntax,argument_structure,transitive,True,False,True,False,825,-58.486629486083984,-65.52018737792969,1
All fathers of Stacy reference Keith.,All fathers of Stacy chatted Keith.,syntax,argument_structure,transitive,True,False,True,False,826,-55.825218200683594,-55.334739685058594,0
Curtis would impress some granddaughter of Patrick.,Curtis would speak up some granddaughter of Patrick.,syntax,argument_structure,transitive,True,False,True,False,827,-65.79466247558594,-73.04109191894531,1
The customers' sons exit these grocery stores.,The customers' sons lied these grocery stores.,syntax,argument_structure,transitive,True,False,True,False,828,-55.392051696777344,-58.59891891479492,1
Some fathers of this waitress have fired Mary.,Some fathers of this waitress have laughed Mary.,syntax,argument_structure,transitive,True,False,True,False,829,-64.23158264160156,-64.43900299072266,1
A pedestrian's partners are arriving at all closets.,A pedestrian's partners are blinking all closets.,syntax,argument_structure,transitive,True,False,True,False,830,-58.44799041748047,-63.603050231933594,1
Some drawing of these dishes can look like Ruth.,Some drawing of these dishes can fall Ruth.,syntax,argument_structure,transitive,True,False,True,False,831,-57.24602508544922,-61.79746627807617,1
Bill complains about Jill.,Bill mutters Jill.,syntax,argument_structure,transitive,True,False,True,False,832,-31.21253204345703,-37.60922622680664,1
Bradley's dermatologist left Frank.,Bradley's dermatologist joked around Frank.,syntax,argument_structure,transitive,True,False,True,False,833,-50.51129913330078,-61.67445373535156,1
Janet was insulting these dancers.,Janet was falling these dancers.,syntax,argument_structure,transitive,True,False,True,False,834,-46.451568603515625,-46.499053955078125,1
Most pedestrians shouldn't research Nancy's husband.,Most pedestrians shouldn't cry Nancy's husband.,syntax,argument_structure,transitive,True,False,True,False,835,-61.35234451293945,-58.47145080566406,0
Many doctors hadn't embarrassed Gregory.,Many doctors hadn't corresponded Gregory.,syntax,argument_structure,transitive,True,False,True,False,836,-49.3320198059082,-53.03181076049805,1
Regina hadn't remembered some guy's daughters.,Regina hadn't grinned some guy's daughters.,syntax,argument_structure,transitive,True,False,True,False,837,-60.29802703857422,-64.82691192626953,1
Plays about Harvard University scare Holly.,Plays about Harvard University disagree Holly.,syntax,argument_structure,transitive,True,False,True,False,838,-61.60115051269531,-62.11467742919922,1
The nose hadn't disgusted Roger.,The nose hadn't fallen Roger.,syntax,argument_structure,transitive,True,False,True,False,839,-52.13032150268555,-46.69969940185547,0
Irene's ex-husbands climb down the hill.,Irene's ex-husbands fell asleep the hill.,syntax,argument_structure,transitive,True,False,True,False,840,-73.3814697265625,-82.48199462890625,1
A lot of candles worry the nephew of Lissa.,A lot of candles fall the nephew of Lissa.,syntax,argument_structure,transitive,True,False,True,False,841,-69.14825439453125,-66.43637084960938,0
All brothers of Regina remember Phillip's friends.,All brothers of Regina negotiate Phillip's friends.,syntax,argument_structure,transitive,True,False,True,False,842,-60.816017150878906,-65.02718353271484,1
Matt boasted about Irene.,Matt boasted Irene.,syntax,argument_structure,transitive,True,False,True,False,843,-33.65976333618164,-29.90797996520996,0
Some man's employee has hated Sharon.,Some man's employee has come here Sharon.,syntax,argument_structure,transitive,True,False,True,False,844,-52.903228759765625,-55.25274658203125,1
Wayne's friends hadn't hated some men.,Wayne's friends hadn't muttered some men.,syntax,argument_structure,transitive,True,False,True,False,845,-59.292724609375,-63.820350646972656,1
The Lutherans kiss Victoria's associate.,The Lutherans mutter Victoria's associate.,syntax,argument_structure,transitive,True,False,True,False,846,-62.19987869262695,-65.15255737304688,1
Eric praises Diane.,Eric reacts Diane.,syntax,argument_structure,transitive,True,False,True,False,847,-28.072528839111328,-32.372886657714844,1
Brett won't research this sketch of those steps.,Brett won't mutter this sketch of those steps.,syntax,argument_structure,transitive,True,False,True,False,848,-70.81916809082031,-75.02210998535156,1
Naomi's brothers explored this cafe.,Naomi's brothers cooperated this cafe.,syntax,argument_structure,transitive,True,False,True,False,849,-49.994510650634766,-56.034420013427734,1
This bicycle bored Maria.,This bicycle falls Maria.,syntax,argument_structure,transitive,True,False,True,False,850,-41.4775390625,-39.06657409667969,0
Valerie's mothers haven't admired Janet's contractor.,Valerie's mothers haven't interacted Janet's contractor.,syntax,argument_structure,transitive,True,False,True,False,851,-72.78084564208984,-77.36175537109375,1
Renee hasn't revealed women.,Renee hasn't wept women.,syntax,argument_structure,transitive,True,False,True,False,852,-38.175453186035156,-48.015804290771484,1
Dawn should research this documentary about Jesus.,Dawn should grin this documentary about Jesus.,syntax,argument_structure,transitive,True,False,True,False,853,-53.118675231933594,-58.11076354980469,1
Theodore remembers Rachelle.,Theodore complained Rachelle.,syntax,argument_structure,transitive,True,False,True,False,854,-42.67533874511719,-46.00861358642578,1
Jeffrey isn't breaking a vase.,Jeffrey isn't grinning a vase.,syntax,argument_structure,transitive,True,False,True,False,855,-43.47736358642578,-50.018001556396484,1
Mary's piano teacher hugged Gina's partner.,Mary's piano teacher responds Gina's partner.,syntax,argument_structure,transitive,True,False,True,False,856,-56.46417236328125,-59.26386642456055,1
Paul shouldn't conceal that waitress's guests.,Paul shouldn't laugh that waitress's guests.,syntax,argument_structure,transitive,True,False,True,False,857,-57.350791931152344,-55.487754821777344,0
These children's mentees sound like Sabrina.,These children's mentees go fishing Sabrina.,syntax,argument_structure,transitive,True,False,True,False,858,-55.51862335205078,-60.21161651611328,1
Wayne's students went to the grocery store.,Wayne's students murmur the grocery store.,syntax,argument_structure,transitive,True,False,True,False,859,-41.564117431640625,-60.83888244628906,1
Lisa's colleague is messing up these hospitals.,Lisa's colleague is going fishing these hospitals.,syntax,argument_structure,transitive,True,False,True,False,860,-51.498538970947266,-52.46299362182617,1
Omar visited Chad's grandfathers.,Omar copes Chad's grandfathers.,syntax,argument_structure,transitive,True,False,True,False,861,-52.164154052734375,-60.47581481933594,1
Liam is exploring this movie theater.,Liam is smiling this movie theater.,syntax,argument_structure,transitive,True,False,True,False,862,-44.133506774902344,-46.85967254638672,1
Tina's employee admired a skirt.,Tina's employee shrugs a skirt.,syntax,argument_structure,transitive,True,False,True,False,863,-55.07494354248047,-56.25715637207031,1
Ellen cleaned the mushroom.,Ellen sighed the mushroom.,syntax,argument_structure,transitive,True,False,True,False,864,-35.0517692565918,-35.1837272644043,1
Kenneth's plumbers wouldn't appreciate the dancer.,Kenneth's plumbers wouldn't disagree the dancer.,syntax,argument_structure,transitive,True,False,True,False,865,-63.95671844482422,-67.34629821777344,1
Many people had bought this unicycle.,Many people had compromised this unicycle.,syntax,argument_structure,transitive,True,False,True,False,866,-40.05064392089844,-42.502769470214844,1
Deanna hadn't driven to all rivers.,Deanna hadn't shouted all rivers.,syntax,argument_structure,transitive,True,False,True,False,867,-53.08911895751953,-53.007389068603516,0
Elaine hasn't driven to some mountain.,Elaine hasn't waved some mountain.,syntax,argument_structure,transitive,True,False,True,False,868,-51.610198974609375,-52.818572998046875,1
Some book has sounded like some senator's nephews.,Some book has disagreed some senator's nephews.,syntax,argument_structure,transitive,True,False,True,False,869,-60.227012634277344,-65.12389373779297,1
Sonia is insulting Liam.,Sonia is concurring Liam.,syntax,argument_structure,transitive,True,False,True,False,870,-41.43499755859375,-45.95863342285156,1
Some mouths scare Kimberley.,Some mouths fall Kimberley.,syntax,argument_structure,transitive,True,False,True,False,871,-44.47947692871094,-40.220481872558594,0
Homer forgot Janet.,Homer fell Janet.,syntax,argument_structure,transitive,True,False,True,False,872,-38.31808090209961,-39.356422424316406,1
Paul has the cars.,Paul blinked the cars.,syntax,argument_structure,transitive,True,False,True,False,873,-23.223976135253906,-30.64436912536621,1
Becca had criticized the glaciers.,Becca had died the glaciers.,syntax,argument_structure,transitive,True,False,True,False,874,-48.42033767700195,-47.005287170410156,0
The cashiers scan Carmen's friends.,The cashiers communicate Carmen's friends.,syntax,argument_structure,transitive,True,False,True,False,875,-61.661094665527344,-58.82217788696289,0
Gina's students know Jerry.,Gina's students collaborated Jerry.,syntax,argument_structure,transitive,True,False,True,False,876,-48.248313903808594,-54.736427307128906,1
Hamsters aggravated Barbara.,Hamsters escaped Barbara.,syntax,argument_structure,transitive,True,False,True,False,877,-39.935882568359375,-38.57887649536133,0
Patricia's ex-boyfriend has toured a grocery store.,Patricia's ex-boyfriend has fallen asleep a grocery store.,syntax,argument_structure,transitive,True,False,True,False,878,-62.97698211669922,-70.17240905761719,1
Elizabeth sounds like Emily.,Elizabeth screamed Emily.,syntax,argument_structure,transitive,True,False,True,False,879,-24.34911346435547,-28.68915557861328,1
This boy watched Nicole.,This boy grinned Nicole.,syntax,argument_structure,transitive,True,False,True,False,880,-35.40766525268555,-39.48677062988281,1
Christopher won't explore a lot of high schools.,Christopher won't mutter a lot of high schools.,syntax,argument_structure,transitive,True,False,True,False,881,-43.18623352050781,-49.58643341064453,1
Many cousins of a lot of customers walk through the banks.,Many cousins of a lot of customers testify the banks.,syntax,argument_structure,transitive,True,False,True,False,882,-59.274959564208984,-67.28215789794922,1
Thomas did hug this grandmother of Meredith.,Thomas did blink this grandmother of Meredith.,syntax,argument_structure,transitive,True,False,True,False,883,-52.263763427734375,-58.395751953125,1
All drivers fired Benjamin.,All drivers react Benjamin.,syntax,argument_structure,transitive,True,False,True,False,884,-37.53553009033203,-39.84480285644531,1
Jason will dislike Julia's classmate.,Jason will murmur Julia's classmate.,syntax,argument_structure,transitive,True,False,True,False,885,-47.174468994140625,-56.21441650390625,1
A skateboard resembled these photographs.,A skateboard fell these photographs.,syntax,argument_structure,transitive,True,False,True,False,886,-42.524078369140625,-44.344520568847656,1
The documentary about the Borgias shocks Tiffany.,The documentary about the Borgias disagreed Tiffany.,syntax,argument_structure,transitive,True,False,True,False,887,-69.56169891357422,-69.98676300048828,1
Stacey's piano teachers shouldn't climb up most mountains.,Stacey's piano teachers shouldn't fall asleep most mountains.,syntax,argument_structure,transitive,True,False,True,False,888,-73.66216278076172,-75.2000732421875,1
Bradley's electrician worked with a teenager's grandmother.,Bradley's electrician chuckles a teenager's grandmother.,syntax,argument_structure,transitive,True,False,True,False,889,-60.43692398071289,-65.39979553222656,1
Sally hadn't concealed Cheryl.,Sally hadn't blinked Cheryl.,syntax,argument_structure,transitive,True,False,True,False,890,-55.35167694091797,-56.46879577636719,1
Erin is scanning Clyde's supervisor.,Erin is talking Clyde's supervisor.,syntax,argument_structure,transitive,True,False,True,False,891,-52.773536682128906,-52.800941467285156,1
Most cars alarmed Galileo.,Most cars fall Galileo.,syntax,argument_structure,transitive,True,False,True,False,892,-38.47959899902344,-34.93096923828125,0
Some person annoyed this patient.,Some person wept this patient.,syntax,argument_structure,transitive,True,False,True,False,893,-35.53956604003906,-39.90251159667969,1
Thomas didn't talk to a customer.,Thomas didn't die a customer.,syntax,argument_structure,transitive,True,False,True,False,894,-31.138071060180664,-33.01553726196289,1
Carrie's mentee isn't ascending every ladder.,Carrie's mentee isn't concurring every ladder.,syntax,argument_structure,transitive,True,False,True,False,895,-64.82142639160156,-67.93620300292969,1
Some car hasn't bothered Carmen's hairdressers.,Some car hasn't fallen Carmen's hairdressers.,syntax,argument_structure,transitive,True,False,True,False,896,-68.45201110839844,-73.06071472167969,1
Martin's employee won't exit the college campus.,Martin's employee won't fall the college campus.,syntax,argument_structure,transitive,True,False,True,False,897,-48.78086853027344,-49.578163146972656,1
Karen's hairdressers were escaping from Judy.,Karen's hairdressers were collaborating Judy.,syntax,argument_structure,transitive,True,False,True,False,898,-62.939849853515625,-65.11393737792969,1
The Borgias hadn't shocked all granddaughters of Kathleen.,The Borgias hadn't disagreed all granddaughters of Kathleen.,syntax,argument_structure,transitive,True,False,True,False,899,-89.38011169433594,-91.81165313720703,1
Julie is discovering that customer's granddaughters.,Julie is shrugging that customer's granddaughters.,syntax,argument_structure,transitive,True,False,True,False,900,-57.88081741333008,-75.5164566040039,1
Sandra was disgusting Vincent.,Sandra was waving Vincent.,syntax,argument_structure,transitive,True,False,True,False,901,-44.97251892089844,-39.14101791381836,0
Roger's French teachers irritated Allison.,Roger's French teachers joke around Allison.,syntax,argument_structure,transitive,True,False,True,False,902,-49.825660705566406,-52.651615142822266,1
All brothers of Melanie bike to Harvard University.,All brothers of Melanie grin Harvard University.,syntax,argument_structure,transitive,True,False,True,False,903,-58.81903839111328,-65.1761474609375,1
The Impressionists dropped by a lot of malls.,The Impressionists chatted a lot of malls.,syntax,argument_structure,transitive,True,False,True,False,904,-55.4287223815918,-57.454227447509766,1
Alice references Gregory.,Alice laughed Gregory.,syntax,argument_structure,transitive,True,False,True,False,905,-29.090049743652344,-30.41345977783203,1
A lot of drivers weren't admiring Dana.,A lot of drivers weren't conspiring Dana.,syntax,argument_structure,transitive,True,False,True,False,906,-57.23717498779297,-61.00956344604492,1
Dana approached Carrie.,Dana dies Carrie.,syntax,argument_structure,transitive,True,False,True,False,907,-35.65191650390625,-35.928504943847656,1
Those governments conceal Charles.,Those governments conferred Charles.,syntax,argument_structure,transitive,True,False,True,False,908,-40.599143981933594,-39.547367095947266,0
Beverly arrives at many rivers.,Beverly nodded many rivers.,syntax,argument_structure,transitive,True,False,True,False,909,-40.82597351074219,-41.502193450927734,1
Many documentaries would disgust Carrie.,Many documentaries would disagree Carrie.,syntax,argument_structure,transitive,True,False,True,False,910,-49.776573181152344,-47.65190887451172,0
A lot of teachers' mothers climb down all hills.,A lot of teachers' mothers littered all hills.,syntax,argument_structure,transitive,True,False,True,False,911,-62.9273681640625,-61.23337173461914,0
These guests notice every hamster.,These guests compete every hamster.,syntax,argument_structure,transitive,True,False,True,False,912,-41.45521926879883,-42.825103759765625,1
The grandmother of Todd wasn't concealing Kendra.,The grandmother of Todd wasn't slumping over Kendra.,syntax,argument_structure,transitive,True,False,True,False,913,-63.932884216308594,-69.19171142578125,1
Larry boasts about Samuel.,Larry fell asleep Samuel.,syntax,argument_structure,transitive,True,False,True,False,914,-35.74595642089844,-36.427978515625,1
Sandra's tutors have insulted Peter.,Sandra's tutors have chatted Peter.,syntax,argument_structure,transitive,True,False,True,False,915,-61.16853332519531,-64.73851013183594,1
Most actors drive to some bank.,Most actors shrugged some bank.,syntax,argument_structure,transitive,True,False,True,False,916,-44.39190673828125,-47.33164978027344,1
Galileo kissed that doctor's daughter.,Galileo spoke up that doctor's daughter.,syntax,argument_structure,transitive,True,False,True,False,917,-58.97939682006836,-61.53765106201172,1
Every person conceals Ann's electrician.,Every person smiles Ann's electrician.,syntax,argument_structure,transitive,True,False,True,False,918,-57.73463821411133,-54.405303955078125,0
Rachel was driving to most museums.,Rachel was lying most museums.,syntax,argument_structure,transitive,True,False,True,False,919,-37.77707290649414,-41.28459167480469,1
Wendy couldn't disgust Scott.,Wendy couldn't concur Scott.,syntax,argument_structure,transitive,True,False,True,False,920,-53.40576934814453,-52.993560791015625,0
Vincent was discussing Erin.,Vincent was muttering Erin.,syntax,argument_structure,transitive,True,False,True,False,921,-41.60105895996094,-50.33604431152344,1
Nicole's contractors admire every door.,Nicole's contractors lied every door.,syntax,argument_structure,transitive,True,False,True,False,922,-53.143882751464844,-56.62358856201172,1
Every waiter's ex-girlfriends listened to Richard's nephews.,Every waiter's ex-girlfriends murmur Richard's nephews.,syntax,argument_structure,transitive,True,False,True,False,923,-71.18352508544922,-78.0245590209961,1
This child researched some woman's students.,This child weeps some woman's students.,syntax,argument_structure,transitive,True,False,True,False,924,-50.68389129638672,-57.82318878173828,1
This grandson of Brenda isn't returning to the restaurant.,This grandson of Brenda isn't chuckling the restaurant.,syntax,argument_structure,transitive,True,False,True,False,925,-54.28050231933594,-63.2490348815918,1
Melanie had concealed Cheryl.,Melanie had concurred Cheryl.,syntax,argument_structure,transitive,True,False,True,False,926,-45.23552703857422,-47.189476013183594,1
Judy had some hat.,Judy fell some hat.,syntax,argument_structure,transitive,True,False,True,False,927,-30.123661041259766,-34.188575744628906,1
Leslie hadn't argued about an actress.,Leslie hadn't wept an actress.,syntax,argument_structure,transitive,True,False,True,False,928,-52.03475570678711,-58.01105499267578,1
Dan had disturbed George.,Dan had shouted George.,syntax,argument_structure,transitive,True,False,True,False,929,-34.59906005859375,-33.90345764160156,0
Scott is driving to Harvard University.,Scott is falling Harvard University.,syntax,argument_structure,transitive,True,False,True,False,930,-27.17850112915039,-33.928558349609375,1
Cindy is wearing a scarf.,Cindy is nodding a scarf.,syntax,argument_structure,transitive,True,False,True,False,931,-36.92529296875,-47.91542053222656,1
Those cousins of Sonia argued about the people.,Those cousins of Sonia fall asleep the people.,syntax,argument_structure,transitive,True,False,True,False,932,-55.62503433227539,-60.76834487915039,1
Lori wasn't helping Beverly's senator.,Lori wasn't coming here Beverly's senator.,syntax,argument_structure,transitive,True,False,True,False,933,-58.5778923034668,-65.86014556884766,1
Nicole cures Cindy.,Nicole screamed Cindy.,syntax,argument_structure,transitive,True,False,True,False,934,-41.07818603515625,-37.83690643310547,0
Joseph can't praise Larry's friend.,Joseph can't mutter Larry's friend.,syntax,argument_structure,transitive,True,False,True,False,935,-45.4061393737793,-52.3056526184082,1
Bethany would upset Regina.,Bethany would mutter Regina.,syntax,argument_structure,transitive,True,False,True,False,936,-50.56077575683594,-59.01789093017578,1
Nancy's best friends have this glacier.,Nancy's best friends concur this glacier.,syntax,argument_structure,transitive,True,False,True,False,937,-51.92713928222656,-62.60277557373047,1
All drivers conceal Paul's French teachers.,All drivers fall Paul's French teachers.,syntax,argument_structure,transitive,True,False,True,False,938,-59.77265167236328,-54.92559051513672,0
Cindy's husband had bothered Jennifer.,Cindy's husband had littered Jennifer.,syntax,argument_structure,transitive,True,False,True,False,939,-62.76776123046875,-64.60726165771484,1
Lori isn't breaking some bicycle.,Lori isn't grinning some bicycle.,syntax,argument_structure,transitive,True,False,True,False,940,-49.223548889160156,-53.932708740234375,1
Heather won't take those grocery stores.,Heather won't talk those grocery stores.,syntax,argument_structure,transitive,True,False,True,False,941,-44.738956451416016,-49.776100158691406,1
Every girl boycotted the grocery stores.,Every girl compromised the grocery stores.,syntax,argument_structure,transitive,True,False,True,False,942,-49.498985290527344,-41.91511535644531,0
Some art galleries had confused Lori.,Some art galleries had fallen Lori.,syntax,argument_structure,transitive,True,False,True,False,943,-49.850555419921875,-48.63714599609375,0
The story hadn't disagreed with these actresses.,The story hadn't disagreed these actresses.,syntax,argument_structure,transitive,True,False,True,False,944,-49.23649978637695,-53.29728698730469,1
Stacey's oncologist hasn't seen a lot of mothers of Gerald.,Stacey's oncologist hasn't blinked a lot of mothers of Gerald.,syntax,argument_structure,transitive,True,False,True,False,945,-88.6289291381836,-97.42864227294922,1
Rhonda's handymen walk through this hospital.,Rhonda's handymen joked around this hospital.,syntax,argument_structure,transitive,True,False,True,False,946,-61.253173828125,-68.8646011352539,1
Kevin hadn't exited the restaurant.,Kevin hadn't laughed the restaurant.,syntax,argument_structure,transitive,True,False,True,False,947,-33.68534851074219,-36.31441879272461,1
That daughter of Becca shouldn't arrive at this high school.,That daughter of Becca shouldn't blink this high school.,syntax,argument_structure,transitive,True,False,True,False,948,-62.493125915527344,-66.63076782226562,1
Adam's ex-girlfriends haven't driven to the hospital.,Adam's ex-girlfriends haven't joked around the hospital.,syntax,argument_structure,transitive,True,False,True,False,949,-56.99454879760742,-60.802101135253906,1
Stephanie arrives at that grocery store.,Stephanie slumped over that grocery store.,syntax,argument_structure,transitive,True,False,True,False,950,-48.40264129638672,-56.296817779541016,1
Stephen finds all guests.,Stephen suffered all guests.,syntax,argument_structure,transitive,True,False,True,False,951,-29.493186950683594,-31.73457908630371,1
Randolf talked about these boys' grandfather.,Randolf complains these boys' grandfather.,syntax,argument_structure,transitive,True,False,True,False,952,-54.51557922363281,-57.53715896606445,1
Every slope disturbs Alexander.,Every slope falls Alexander.,syntax,argument_structure,transitive,True,False,True,False,953,-43.01634216308594,-37.71527862548828,0
The government can't bother Gregory's dentists.,The government can't respond Gregory's dentists.,syntax,argument_structure,transitive,True,False,True,False,954,-57.41617965698242,-59.119293212890625,1
Karen's guests had listened to Kenneth's friend.,Karen's guests had suffered Kenneth's friend.,syntax,argument_structure,transitive,True,False,True,False,955,-62.552978515625,-66.70051574707031,1
Those patients describe Amanda.,Those patients wept Amanda.,syntax,argument_structure,transitive,True,False,True,False,956,-34.97974395751953,-44.00104522705078,1
A lot of shawls upset Martin's bosses.,A lot of shawls fall Martin's bosses.,syntax,argument_structure,transitive,True,False,True,False,957,-64.70952606201172,-63.50032424926758,0
A lot of guys' grandfathers messed up a cafe.,A lot of guys' grandfathers replied a cafe.,syntax,argument_structure,transitive,True,False,True,False,958,-67.37641906738281,-66.299560546875,0
Some cashier knew a pedestrian.,Some cashier mutters a pedestrian.,syntax,argument_structure,transitive,True,False,True,False,959,-42.42071533203125,-51.88092803955078,1
Curtis will help a man.,Curtis will grin a man.,syntax,argument_structure,transitive,True,False,True,False,960,-40.18861389160156,-46.823001861572266,1
Some school is impressing Kirsten.,Some school is communicating Kirsten.,syntax,argument_structure,transitive,True,False,True,False,961,-45.07798767089844,-40.46214294433594,0
Samuel's students arrive at all glaciers.,Samuel's students competed all glaciers.,syntax,argument_structure,transitive,True,False,True,False,962,-51.693450927734375,-53.04951477050781,1
A lot of lakes will embarrass Lucille.,A lot of lakes will fall Lucille.,syntax,argument_structure,transitive,True,False,True,False,963,-57.58296203613281,-52.84323501586914,0
A print distracted Jennifer.,A print fell Jennifer.,syntax,argument_structure,transitive,True,False,True,False,964,-42.47925567626953,-39.2984619140625,0
Dan will explore the high school.,Dan will smile the high school.,syntax,argument_structure,transitive,True,False,True,False,965,-29.396743774414062,-33.251953125,1
Vanessa's granddaughters did clean the shoes.,Vanessa's granddaughters did smile the shoes.,syntax,argument_structure,transitive,True,False,True,False,966,-58.19672393798828,-62.68579864501953,1
Rebecca didn't respect the hill.,Rebecca didn't litter the hill.,syntax,argument_structure,transitive,True,False,True,False,967,-42.611351013183594,-42.44993209838867,0
All shawls shock students.,All shawls fall students.,syntax,argument_structure,transitive,True,False,True,False,968,-44.74649429321289,-41.786598205566406,0
Many computers distract that niece of Martin.,Many computers fall that niece of Martin.,syntax,argument_structure,transitive,True,False,True,False,969,-60.48340606689453,-56.43224334716797,0
Colleen cured Claire.,Colleen copes Claire.,syntax,argument_structure,transitive,True,False,True,False,970,-36.887996673583984,-40.87494659423828,1
Most children are researching many art galleries.,Most children are struggling many art galleries.,syntax,argument_structure,transitive,True,False,True,False,971,-39.44397735595703,-41.3156852722168,1
Some grandmothers of Tammy could conceal Tanya.,Some grandmothers of Tammy could sigh Tanya.,syntax,argument_structure,transitive,True,False,True,False,972,-65.48690795898438,-64.74609375,0
Naomi's doctors investigate Sherry.,Naomi's doctors litter Sherry.,syntax,argument_structure,transitive,True,False,True,False,973,-54.308841705322266,-54.095428466796875,0
Donna had ascended some mountain.,Donna had compromised some mountain.,syntax,argument_structure,transitive,True,False,True,False,974,-44.87774658203125,-48.186431884765625,1
Candice shocked most companies.,Candice littered most companies.,syntax,argument_structure,transitive,True,False,True,False,975,-38.893428802490234,-37.252925872802734,0
Rhonda wouldn't hire Amy.,Rhonda wouldn't shrug Amy.,syntax,argument_structure,transitive,True,False,True,False,976,-43.01563262939453,-47.445377349853516,1
Kendra bikes to mountains.,Kendra retaliates mountains.,syntax,argument_structure,transitive,True,False,True,False,977,-35.964569091796875,-37.960670471191406,1
Rhonda's guests embarrassed Jill's supervisor.,Rhonda's guests weep Jill's supervisor.,syntax,argument_structure,transitive,True,False,True,False,978,-69.01765441894531,-72.30657958984375,1
Galileo didn't investigate every child.,Galileo didn't speak up every child.,syntax,argument_structure,transitive,True,False,True,False,979,-49.40142822265625,-48.586952209472656,0
Wayne sees Christina's classmates.,Wayne nodded Christina's classmates.,syntax,argument_structure,transitive,True,False,True,False,980,-45.934364318847656,-50.45654296875,1
Derek exits every glacier.,Derek suffered every glacier.,syntax,argument_structure,transitive,True,False,True,False,981,-42.345733642578125,-42.005767822265625,0
Steve is boasting about actresses.,Steve is talking actresses.,syntax,argument_structure,transitive,True,False,True,False,982,-35.565025329589844,-27.034183502197266,0
Ronald wasn't revealing pork.,Ronald wasn't coming here pork.,syntax,argument_structure,transitive,True,False,True,False,983,-44.08717727661133,-47.950111389160156,1
Vincent's plumbers clean this skirt.,Vincent's plumbers die this skirt.,syntax,argument_structure,transitive,True,False,True,False,984,-53.62071990966797,-56.126319885253906,1
Veronica's father wasn't watching a lot of grandfathers of Vanessa.,Veronica's father wasn't disagreeing a lot of grandfathers of Vanessa.,syntax,argument_structure,transitive,True,False,True,False,985,-80.76060485839844,-87.29240417480469,1
Curtis wore those sweaters.,Curtis concurs those sweaters.,syntax,argument_structure,transitive,True,False,True,False,986,-44.76343536376953,-55.37860107421875,1
Marla buys these blouses.,Marla smiles these blouses.,syntax,argument_structure,transitive,True,False,True,False,987,-41.33982467651367,-43.49646759033203,1
Cynthia talked about Jacqueline.,Cynthia blinks Jacqueline.,syntax,argument_structure,transitive,True,False,True,False,988,-44.122962951660156,-50.803741455078125,1
Regina bought that truck.,Regina concurs that truck.,syntax,argument_structure,transitive,True,False,True,False,989,-39.279029846191406,-42.82066345214844,1
Some daughters of Becca had alarmed Paula.,Some daughters of Becca had testified Paula.,syntax,argument_structure,transitive,True,False,True,False,990,-62.19489669799805,-62.982322692871094,1
Charles sold the print.,Charles falls asleep the print.,syntax,argument_structure,transitive,True,False,True,False,991,-26.102935791015625,-37.56101989746094,1
Most organizations worry Sally.,Most organizations retaliate Sally.,syntax,argument_structure,transitive,True,False,True,False,992,-38.27409744262695,-42.921173095703125,1
That grandfather of Amanda should work with those cashiers.,That grandfather of Amanda should slump over those cashiers.,syntax,argument_structure,transitive,True,False,True,False,993,-65.53376770019531,-78.04560089111328,1
William didn't clean every museum.,William didn't complain every museum.,syntax,argument_structure,transitive,True,False,True,False,994,-36.640323638916016,-38.28458786010742,1
This doctor could talk about Denise.,This doctor could wave Denise.,syntax,argument_structure,transitive,True,False,True,False,995,-42.729801177978516,-48.69387435913086,1
A lot of students' ex-wife hadn't climbed up this hill.,A lot of students' ex-wife hadn't muttered this hill.,syntax,argument_structure,transitive,True,False,True,False,996,-72.48308563232422,-79.13397979736328,1
That documentary about Winston Churchill scares Alexander's dentist.,That documentary about Winston Churchill disagreed Alexander's dentist.,syntax,argument_structure,transitive,True,False,True,False,997,-72.3118896484375,-74.21431732177734,1
Valerie hadn't broken this skateboard.,Valerie hadn't come here this skateboard.,syntax,argument_structure,transitive,True,False,True,False,998,-51.002113342285156,-51.07122039794922,1
Connie's partner won't watch Patricia's ex-boyfriends.,Connie's partner won't murmur Patricia's ex-boyfriends.,syntax,argument_structure,transitive,True,False,True,False,999,-77.54910278320312,-86.65313720703125,1
