sentence_good,sentence_bad,field,linguistics_term,UID,simple_LM_method,one_prefix_method,two_prefix_method,lexically_identical,pair_id,good_prob,bad_prob,correct
A niece of most senators hasn't descended most slopes.,A niece of most senators haven't descended most slopes.,morphology,subject_verb_agreement,distractor_agreement_relational_noun,True,True,False,False,0,-79.11414337158203,-77.0263900756836,0
The sketch of those trucks hasn't hurt Alan.,The sketch of those trucks haven't hurt Alan.,morphology,subject_verb_agreement,distractor_agreement_relational_noun,True,True,False,False,1,-59.697303771972656,-58.32876205444336,0
A newspaper article about the Borgias has disagreed with Marcus.,A newspaper article about the Borgias have disagreed with Marcus.,morphology,subject_verb_agreement,distractor_agreement_relational_noun,True,True,False,False,2,-77.500732421875,-80.59807586669922,1
The niece of most guests has cleaned every college campus.,The niece of most guests have cleaned every college campus.,morphology,subject_verb_agreement,distractor_agreement_relational_noun,True,True,False,False,3,-74.67962646484375,-72.83218383789062,0
A sketch of lights doesn't appear.,A sketch of lights don't appear.,morphology,subject_verb_agreement,distractor_agreement_relational_noun,True,True,False,False,4,-46.18424606323242,-44.62604904174805,0
The movies about Galileo were astounding Melanie.,The movies about Galileo was astounding Melanie.,morphology,subject_verb_agreement,distractor_agreement_relational_noun,True,True,False,False,5,-62.90423583984375,-61.62971115112305,0
A cousin of a lot of dancers anticipates Naomi to aggravate Angela.,A cousin of a lot of dancers anticipate Naomi to aggravate Angela.,morphology,subject_verb_agreement,distractor_agreement_relational_noun,True,True,False,False,6,-101.27418518066406,-95.22624206542969,0
A movie about the Impressionists hasn't scared Harvard University.,A movie about the Impressionists haven't scared Harvard University.,morphology,subject_verb_agreement,distractor_agreement_relational_noun,True,True,False,False,7,-84.427734375,-82.83153533935547,0
The pamphlets about Galileo are winning.,The pamphlets about Galileo is winning.,morphology,subject_verb_agreement,distractor_agreement_relational_noun,True,True,False,False,8,-58.06874465942383,-56.93378448486328,0
The daughter of those senators works with Patrick.,The daughter of those senators work with Patrick.,morphology,subject_verb_agreement,distractor_agreement_relational_noun,True,True,False,False,9,-56.05339813232422,-54.62688064575195,0
A story about the Balkans doesn't irritate a person.,A story about the Balkans don't irritate a person.,morphology,subject_verb_agreement,distractor_agreement_relational_noun,True,True,False,False,10,-59.65279769897461,-60.027183532714844,1
The sisters of Timothy judge Randolf to weep.,The sisters of Timothy judges Randolf to weep.,morphology,subject_verb_agreement,distractor_agreement_relational_noun,True,True,False,False,11,-77.809326171875,-77.84831237792969,1
The daughter of the Lutherans hasn't argued about that waitress.,The daughter of the Lutherans haven't argued about that waitress.,morphology,subject_verb_agreement,distractor_agreement_relational_noun,True,True,False,False,12,-82.00191497802734,-80.81069946289062,0
A nephew of senators is wanting to murmur.,A nephew of senators were wanting to murmur.,morphology,subject_verb_agreement,distractor_agreement_relational_noun,True,True,False,False,13,-58.39627456665039,-57.15646743774414,0
The prints of that high school are impressing Helen.,The prints of that high school was impressing Helen.,morphology,subject_verb_agreement,distractor_agreement_relational_noun,True,True,False,False,14,-67.55449676513672,-64.01438903808594,0
A report about the Impressionists has won.,A report about the Impressionists have won.,morphology,subject_verb_agreement,distractor_agreement_relational_noun,True,True,False,False,15,-60.26743698120117,-60.090576171875,0
The grandsons of Douglas chuckle.,The grandsons of Douglas chuckles.,morphology,subject_verb_agreement,distractor_agreement_relational_noun,True,True,False,False,16,-54.71599197387695,-53.501216888427734,0
The mothers of Mary seem to shrink.,The mothers of Mary seems to shrink.,morphology,subject_verb_agreement,distractor_agreement_relational_noun,True,True,False,False,17,-45.83318328857422,-44.16615295410156,0
The books about Winston Churchill do look like paintings.,The books about Winston Churchill does look like paintings.,morphology,subject_verb_agreement,distractor_agreement_relational_noun,True,True,False,False,18,-62.658668518066406,-61.78022766113281,0
The sketches of some dancer do bore these girls.,The sketches of some dancer does bore these girls.,morphology,subject_verb_agreement,distractor_agreement_relational_noun,True,True,False,False,19,-64.08072662353516,-64.54096221923828,1
The daughter of most actresses is observing Christina.,The daughter of most actresses were observing Christina.,morphology,subject_verb_agreement,distractor_agreement_relational_noun,True,True,False,False,20,-59.15803527832031,-59.71836853027344,1
A story about the Lutherans hasn't won.,A story about the Lutherans haven't won.,morphology,subject_verb_agreement,distractor_agreement_relational_noun,True,True,False,False,21,-59.519287109375,-59.18696594238281,0
The friends of every person do fix some cups.,The friends of every person does fix some cups.,morphology,subject_verb_agreement,distractor_agreement_relational_noun,True,True,False,False,22,-58.88209915161133,-58.00520324707031,0
A father of guys was passing most college campuses.,A father of guys are passing most college campuses.,morphology,subject_verb_agreement,distractor_agreement_relational_noun,True,True,False,False,23,-72.13008117675781,-67.7566146850586,0
The commentaries about music do disgust Kayla.,The commentaries about music does disgust Kayla.,morphology,subject_verb_agreement,distractor_agreement_relational_noun,True,True,False,False,24,-80.21282958984375,-80.40585327148438,1
The grandfathers of Diana drink.,The grandfathers of Diana drinks.,morphology,subject_verb_agreement,distractor_agreement_relational_noun,True,True,False,False,25,-44.6053581237793,-43.78276824951172,0
The daughters of Wayne don't exit art galleries.,The daughters of Wayne doesn't exit art galleries.,morphology,subject_verb_agreement,distractor_agreement_relational_noun,True,True,False,False,26,-69.90901184082031,-69.76644897460938,0
The pamphlets about art aggravate Sherry.,The pamphlets about art aggravates Sherry.,morphology,subject_verb_agreement,distractor_agreement_relational_noun,True,True,False,False,27,-73.43714141845703,-76.0704574584961,1
A granddaughter of the Impressionists wasn't lifting a convertible.,A granddaughter of the Impressionists aren't lifting a convertible.,morphology,subject_verb_agreement,distractor_agreement_relational_noun,True,True,False,False,28,-81.31446838378906,-80.48863983154297,0
The granddaughters of Walter have boasted about a teenager.,The granddaughters of Walter has boasted about a teenager.,morphology,subject_verb_agreement,distractor_agreement_relational_noun,True,True,False,False,29,-73.78768920898438,-72.10823059082031,0
The reports about art are scaring Melissa.,The reports about art was scaring Melissa.,morphology,subject_verb_agreement,distractor_agreement_relational_noun,True,True,False,False,30,-59.373878479003906,-58.12178039550781,0
A brochure about the Balkans doesn't impress Erin.,A brochure about the Balkans don't impress Erin.,morphology,subject_verb_agreement,distractor_agreement_relational_noun,True,True,False,False,31,-72.47012329101562,-72.29843139648438,0
The sons of Victoria long to waste away.,The sons of Victoria longs to waste away.,morphology,subject_verb_agreement,distractor_agreement_relational_noun,True,True,False,False,32,-55.36741256713867,-61.63006591796875,1
The report about the Impressionists hasn't sounded like Joel.,The report about the Impressionists haven't sounded like Joel.,morphology,subject_verb_agreement,distractor_agreement_relational_noun,True,True,False,False,33,-80.39039611816406,-79.05506134033203,0
The commentaries about politics have bothered this senator.,The commentaries about politics has bothered this senator.,morphology,subject_verb_agreement,distractor_agreement_relational_noun,True,True,False,False,34,-75.4851303100586,-74.88185119628906,0
A son of some actors spurs the actress to aggravate the child.,A son of some actors spur the actress to aggravate the child.,morphology,subject_verb_agreement,distractor_agreement_relational_noun,True,True,False,False,35,-91.83218383789062,-88.74714660644531,0
The shows about Monet weren't scaring Liam.,The shows about Monet wasn't scaring Liam.,morphology,subject_verb_agreement,distractor_agreement_relational_noun,True,True,False,False,36,-72.53607940673828,-71.11161804199219,0
The granddaughters of Michelle do shrug.,The granddaughters of Michelle does shrug.,morphology,subject_verb_agreement,distractor_agreement_relational_noun,True,True,False,False,37,-62.30546951293945,-62.018123626708984,0
The painting of a lot of sweaters resembles some drawings.,The painting of a lot of sweaters resemble some drawings.,morphology,subject_verb_agreement,distractor_agreement_relational_noun,True,True,False,False,38,-67.8044662475586,-69.28746795654297,1
The pamphlets about Winston Churchill have resembled those photographs.,The pamphlets about Winston Churchill has resembled those photographs.,morphology,subject_verb_agreement,distractor_agreement_relational_noun,True,True,False,False,39,-81.48391723632812,-80.46401977539062,0
The drawing of these pants exists.,The drawing of these pants exist.,morphology,subject_verb_agreement,distractor_agreement_relational_noun,True,True,False,False,40,-42.69287872314453,-42.50236511230469,0
The grandsons of Theodore are pressuring Steven's supervisors to flee from Maria.,The grandsons of Theodore is pressuring Steven's supervisors to flee from Maria.,morphology,subject_verb_agreement,distractor_agreement_relational_noun,True,True,False,False,41,-115.3102035522461,-113.43234252929688,0
The granddaughters of Amanda hug Noah.,The granddaughters of Amanda hugs Noah.,morphology,subject_verb_agreement,distractor_agreement_relational_noun,True,True,False,False,42,-63.87261962890625,-63.16056823730469,0
The plays about Harvard University weren't worrying Douglas.,The plays about Harvard University wasn't worrying Douglas.,morphology,subject_verb_agreement,distractor_agreement_relational_noun,True,True,False,False,43,-66.77523040771484,-65.7060546875,0
The stories about literature have irritated Clyde.,The stories about literature has irritated Clyde.,morphology,subject_verb_agreement,distractor_agreement_relational_noun,True,True,False,False,44,-55.88349151611328,-54.791481018066406,0
A story about the Impressionists worries all teachers.,A story about the Impressionists worry all teachers.,morphology,subject_verb_agreement,distractor_agreement_relational_noun,True,True,False,False,45,-71.05819702148438,-69.75849914550781,0
The print of all tomatoes hasn't shocked Barbara.,The print of all tomatoes haven't shocked Barbara.,morphology,subject_verb_agreement,distractor_agreement_relational_noun,True,True,False,False,46,-65.25580596923828,-64.33692169189453,0
A pamphlet about the Borgias aggravates Helen.,A pamphlet about the Borgias aggravate Helen.,morphology,subject_verb_agreement,distractor_agreement_relational_noun,True,True,False,False,47,-73.31990051269531,-71.70240783691406,0
The mother of those dancers has researched those documentaries.,The mother of those dancers have researched those documentaries.,morphology,subject_verb_agreement,distractor_agreement_relational_noun,True,True,False,False,48,-64.77581787109375,-63.790653228759766,0
The mothers of Cheryl do bake.,The mothers of Cheryl does bake.,morphology,subject_verb_agreement,distractor_agreement_relational_noun,True,True,False,False,49,-50.18144226074219,-48.369590759277344,0
The paintings of Donna have upset every guest.,The paintings of Donna has upset every guest.,morphology,subject_verb_agreement,distractor_agreement_relational_noun,True,True,False,False,50,-60.4696159362793,-58.13621520996094,0
A book about the Impressionists does resemble every photograph.,A book about the Impressionists do resemble every photograph.,morphology,subject_verb_agreement,distractor_agreement_relational_noun,True,True,False,False,51,-83.18653869628906,-82.91914367675781,0
The brochure about the Impressionists doesn't disturb that girl.,The brochure about the Impressionists don't disturb that girl.,morphology,subject_verb_agreement,distractor_agreement_relational_noun,True,True,False,False,52,-89.438232421875,-86.75360107421875,0
The sons of a guy do fail to eat.,The sons of a guy does fail to eat.,morphology,subject_verb_agreement,distractor_agreement_relational_noun,True,True,False,False,53,-53.79790496826172,-53.905181884765625,1
The mother of the pedestrians isn't arriving at some closets.,The mother of the pedestrians weren't arriving at some closets.,morphology,subject_verb_agreement,distractor_agreement_relational_noun,True,True,False,False,54,-75.09274291992188,-75.95011901855469,1
The report about the Impressionists doesn't disagree with Rose.,The report about the Impressionists don't disagree with Rose.,morphology,subject_verb_agreement,distractor_agreement_relational_noun,True,True,False,False,55,-78.88687133789062,-76.70911407470703,0
The nieces of Gerald were crying.,The nieces of Gerald was crying.,morphology,subject_verb_agreement,distractor_agreement_relational_noun,True,True,False,False,56,-58.368865966796875,-55.609432220458984,0
The reports about Jesus have disappeared.,The reports about Jesus has disappeared.,morphology,subject_verb_agreement,distractor_agreement_relational_noun,True,True,False,False,57,-42.89631652832031,-41.33325958251953,0
A daughter of a lot of waiters speaks up.,A daughter of a lot of waiters speak up.,morphology,subject_verb_agreement,distractor_agreement_relational_noun,True,True,False,False,58,-59.17083740234375,-56.912818908691406,0
The nieces of Rachel discover this nose.,The nieces of Rachel discovers this nose.,morphology,subject_verb_agreement,distractor_agreement_relational_noun,True,True,False,False,59,-68.4155502319336,-65.54329681396484,0
The essays about Spain were disgusting Laurie.,The essays about Spain is disgusting Laurie.,morphology,subject_verb_agreement,distractor_agreement_relational_noun,True,True,False,False,60,-57.5359992980957,-56.36396789550781,0
The father of many pedestrians washes.,The father of many pedestrians wash.,morphology,subject_verb_agreement,distractor_agreement_relational_noun,True,True,False,False,61,-52.440208435058594,-47.89181900024414,0
A painting of most photographs wasn't hurting Becky.,A painting of most photographs weren't hurting Becky.,morphology,subject_verb_agreement,distractor_agreement_relational_noun,True,True,False,False,62,-64.16600036621094,-63.19540786743164,0
A sister of some children doesn't swallow.,A sister of some children don't swallow.,morphology,subject_verb_agreement,distractor_agreement_relational_noun,True,True,False,False,63,-45.904701232910156,-43.631439208984375,0
The newspaper articles about Harvard University do disturb Brian.,The newspaper articles about Harvard University does disturb Brian.,morphology,subject_verb_agreement,distractor_agreement_relational_noun,True,True,False,False,64,-76.06715393066406,-74.99388885498047,0
The prints of this icicle upset Stacy.,The prints of this icicle upsets Stacy.,morphology,subject_verb_agreement,distractor_agreement_relational_noun,True,True,False,False,65,-67.4586181640625,-73.270263671875,1
The book about the Lutherans does sound like Guy.,The book about the Lutherans do sound like Guy.,morphology,subject_verb_agreement,distractor_agreement_relational_noun,True,True,False,False,66,-65.91187286376953,-65.45452880859375,0
The grandmothers of Heather aren't obliging Kathleen to walk through every cafe.,The grandmothers of Heather isn't obliging Kathleen to walk through every cafe.,morphology,subject_verb_agreement,distractor_agreement_relational_noun,True,True,False,False,67,-100.31560516357422,-98.86933898925781,0
A father of these patients intends to embarrass Gary.,A father of these patients intend to embarrass Gary.,morphology,subject_verb_agreement,distractor_agreement_relational_noun,True,True,False,False,68,-64.84664916992188,-63.437564849853516,0
A grandson of most doctors hasn't believed Wayne to walk through a public park.,A grandson of most doctors haven't believed Wayne to walk through a public park.,morphology,subject_verb_agreement,distractor_agreement_relational_noun,True,True,False,False,69,-100.56417846679688,-98.1409912109375,0
The painting of a lot of eggplants has worried Spain.,The painting of a lot of eggplants have worried Spain.,morphology,subject_verb_agreement,distractor_agreement_relational_noun,True,True,False,False,70,-80.03712463378906,-77.22333526611328,0
The nieces of the girl negotiate.,The nieces of the girl negotiates.,morphology,subject_verb_agreement,distractor_agreement_relational_noun,True,True,False,False,71,-55.4647331237793,-61.140193939208984,1
The grandmothers of Jennifer do regret Daniel will threaten to go to this art gallery.,The grandmothers of Jennifer does regret Daniel will threaten to go to this art gallery.,morphology,subject_verb_agreement,distractor_agreement_relational_noun,True,True,False,False,72,-110.94831085205078,-110.74064636230469,0
The granddaughters of Anna do describe Gerald.,The granddaughters of Anna does describe Gerald.,morphology,subject_verb_agreement,distractor_agreement_relational_noun,True,True,False,False,73,-70.54024505615234,-69.37852478027344,0
The report about the Great Lakes is astounding Todd.,The report about the Great Lakes are astounding Todd.,morphology,subject_verb_agreement,distractor_agreement_relational_noun,True,True,False,False,74,-64.30206298828125,-65.64852142333984,1
The shows about Spain do aggravate Christina.,The shows about Spain does aggravate Christina.,morphology,subject_verb_agreement,distractor_agreement_relational_noun,True,True,False,False,75,-63.787940979003906,-63.239646911621094,0
The photograph of jackets hasn't resembled some print.,The photograph of jackets haven't resembled some print.,morphology,subject_verb_agreement,distractor_agreement_relational_noun,True,True,False,False,76,-63.21475601196289,-61.80493927001953,0
The story about the Clintons doesn't hurt Rose.,The story about the Clintons don't hurt Rose.,morphology,subject_verb_agreement,distractor_agreement_relational_noun,True,True,False,False,77,-55.183006286621094,-55.607547760009766,1
The cousins of Martin are worrying that guest.,The cousins of Martin is worrying that guest.,morphology,subject_verb_agreement,distractor_agreement_relational_noun,True,True,False,False,78,-59.74409866333008,-58.0565185546875,0
The son of some waitresses wasn't wondering who begged Julia to practice.,The son of some waitresses weren't wondering who begged Julia to practice.,morphology,subject_verb_agreement,distractor_agreement_relational_noun,True,True,False,False,79,-99.72187805175781,-100.21697998046875,1
A granddaughter of the pedestrians isn't leaving.,A granddaughter of the pedestrians aren't leaving.,morphology,subject_verb_agreement,distractor_agreement_relational_noun,True,True,False,False,80,-53.422027587890625,-53.52320861816406,1
The commentary about the Impressionists hurts Joel.,The commentary about the Impressionists hurt Joel.,morphology,subject_verb_agreement,distractor_agreement_relational_noun,True,True,False,False,81,-73.81277465820312,-72.43968200683594,0
A daughter of most pedestrians knows Lisa.,A daughter of most pedestrians know Lisa.,morphology,subject_verb_agreement,distractor_agreement_relational_noun,True,True,False,False,82,-56.237388610839844,-56.261566162109375,1
A newspaper article about the Balkans isn't bothering a teacher.,A newspaper article about the Balkans weren't bothering a teacher.,morphology,subject_verb_agreement,distractor_agreement_relational_noun,True,True,False,False,83,-70.60417938232422,-72.15306091308594,1
The documentary about the Clintons doesn't upset Lawrence.,The documentary about the Clintons don't upset Lawrence.,morphology,subject_verb_agreement,distractor_agreement_relational_noun,True,True,False,False,84,-67.12452697753906,-67.24226379394531,1
The brochures about Galileo were vanishing.,The brochures about Galileo was vanishing.,morphology,subject_verb_agreement,distractor_agreement_relational_noun,True,True,False,False,85,-58.153099060058594,-56.217796325683594,0
The newspaper articles about Galileo appear.,The newspaper articles about Galileo appears.,morphology,subject_verb_agreement,distractor_agreement_relational_noun,True,True,False,False,86,-51.58365249633789,-50.51091003417969,0
The picture of many college campuses does look like drawings.,The picture of many college campuses do look like drawings.,morphology,subject_verb_agreement,distractor_agreement_relational_noun,True,True,False,False,87,-68.34058380126953,-68.24151611328125,0
The show about the Borgias hasn't annoyed Mark.,The show about the Borgias haven't annoyed Mark.,morphology,subject_verb_agreement,distractor_agreement_relational_noun,True,True,False,False,88,-63.820899963378906,-65.19123077392578,1
The brochures about Winston Churchill don't win.,The brochures about Winston Churchill doesn't win.,morphology,subject_verb_agreement,distractor_agreement_relational_noun,True,True,False,False,89,-63.44479751586914,-63.556854248046875,1
A commentary about the Clintons doesn't disagree.,A commentary about the Clintons don't disagree.,morphology,subject_verb_agreement,distractor_agreement_relational_noun,True,True,False,False,90,-59.376625061035156,-59.96276092529297,1
The essays about Spain hurt Brenda.,The essays about Spain hurts Brenda.,morphology,subject_verb_agreement,distractor_agreement_relational_noun,True,True,False,False,91,-51.98016357421875,-52.188018798828125,1
The daughters of Charles do think about what darkens.,The daughters of Charles does think about what darkens.,morphology,subject_verb_agreement,distractor_agreement_relational_noun,True,True,False,False,92,-69.49702453613281,-69.41337585449219,0
The print of many doctors hasn't upset Wendy.,The print of many doctors haven't upset Wendy.,morphology,subject_verb_agreement,distractor_agreement_relational_noun,True,True,False,False,93,-65.0114974975586,-62.91112518310547,0
The pictures of Cindy don't waste away.,The pictures of Cindy doesn't waste away.,morphology,subject_verb_agreement,distractor_agreement_relational_noun,True,True,False,False,94,-47.5029296875,-48.266868591308594,1
The grandson of the teachers isn't singing.,The grandson of the teachers weren't singing.,morphology,subject_verb_agreement,distractor_agreement_relational_noun,True,True,False,False,95,-45.57037353515625,-45.4051628112793,0
The nephew of many waiters learns.,The nephew of many waiters learn.,morphology,subject_verb_agreement,distractor_agreement_relational_noun,True,True,False,False,96,-55.826194763183594,-53.71337890625,0
The reports about politics don't stun libraries.,The reports about politics doesn't stun libraries.,morphology,subject_verb_agreement,distractor_agreement_relational_noun,True,True,False,False,97,-60.90660095214844,-60.889060974121094,0
A daughter of these actors does dare Randolf to discover this mountain.,A daughter of these actors do dare Randolf to discover this mountain.,morphology,subject_verb_agreement,distractor_agreement_relational_noun,True,True,False,False,98,-95.68604278564453,-93.66014099121094,0
The plays about Spain don't bother Holly.,The plays about Spain doesn't bother Holly.,morphology,subject_verb_agreement,distractor_agreement_relational_noun,True,True,False,False,99,-52.44352722167969,-53.95907211303711,1
The essays about Jesus weren't shocking Monet.,The essays about Jesus wasn't shocking Monet.,morphology,subject_verb_agreement,distractor_agreement_relational_noun,True,True,False,False,100,-70.94474029541016,-68.6923828125,0
A story about the Impressionists bothers Scott.,A story about the Impressionists bother Scott.,morphology,subject_verb_agreement,distractor_agreement_relational_noun,True,True,False,False,101,-65.51639556884766,-65.21289825439453,0
The commentaries about politics do distract Carol.,The commentaries about politics does distract Carol.,morphology,subject_verb_agreement,distractor_agreement_relational_noun,True,True,False,False,102,-74.14799499511719,-73.3848876953125,0
The commentary about the Clintons hasn't irritated Cindy.,The commentary about the Clintons haven't irritated Cindy.,morphology,subject_verb_agreement,distractor_agreement_relational_noun,True,True,False,False,103,-72.46673583984375,-72.62545013427734,1
A drawing of many peppers doesn't hurt Lisa.,A drawing of many peppers don't hurt Lisa.,morphology,subject_verb_agreement,distractor_agreement_relational_noun,True,True,False,False,104,-60.69357681274414,-60.2813606262207,0
The daughter of those women anticipates a jacket to shrink.,The daughter of those women anticipate a jacket to shrink.,morphology,subject_verb_agreement,distractor_agreement_relational_noun,True,True,False,False,105,-73.8685302734375,-64.27066040039062,0
The daughters of Bruce don't beg Aaron to compromise.,The daughters of Bruce doesn't beg Aaron to compromise.,morphology,subject_verb_agreement,distractor_agreement_relational_noun,True,True,False,False,106,-69.765625,-70.3060302734375,1
The books about Galileo are annoying Sandra.,The books about Galileo is annoying Sandra.,morphology,subject_verb_agreement,distractor_agreement_relational_noun,True,True,False,False,107,-57.077728271484375,-57.03761291503906,0
A commentary about the Balkans hasn't alarmed many ladies.,A commentary about the Balkans haven't alarmed many ladies.,morphology,subject_verb_agreement,distractor_agreement_relational_noun,True,True,False,False,108,-75.467041015625,-74.74729919433594,0
The pictures of Walter do disturb Mary.,The pictures of Walter does disturb Mary.,morphology,subject_verb_agreement,distractor_agreement_relational_noun,True,True,False,False,109,-51.335731506347656,-50.947113037109375,0
The book about the Lutherans wastes away.,The book about the Lutherans waste away.,morphology,subject_verb_agreement,distractor_agreement_relational_noun,True,True,False,False,110,-59.11479568481445,-58.47574996948242,0
The book about the Great Lakes worries Theresa.,The book about the Great Lakes worry Theresa.,morphology,subject_verb_agreement,distractor_agreement_relational_noun,True,True,False,False,111,-59.742576599121094,-59.672237396240234,0
A pamphlet about the Lutherans does alarm Nicole.,A pamphlet about the Lutherans do alarm Nicole.,morphology,subject_verb_agreement,distractor_agreement_relational_noun,True,True,False,False,112,-78.39535522460938,-76.89308166503906,0
A painting of some horses has disturbed Steven.,A painting of some horses have disturbed Steven.,morphology,subject_verb_agreement,distractor_agreement_relational_noun,True,True,False,False,113,-58.814788818359375,-55.84675598144531,0
The picture of the shirts isn't astounding Frank.,The picture of the shirts weren't astounding Frank.,morphology,subject_verb_agreement,distractor_agreement_relational_noun,True,True,False,False,114,-59.125553131103516,-60.057464599609375,1
The fathers of Anne depart.,The fathers of Anne departs.,morphology,subject_verb_agreement,distractor_agreement_relational_noun,True,True,False,False,115,-37.887664794921875,-43.748435974121094,1
A movie about the Great Lakes embarrasses Jacqueline.,A movie about the Great Lakes embarrass Jacqueline.,morphology,subject_verb_agreement,distractor_agreement_relational_noun,True,True,False,False,116,-71.47683715820312,-65.43634033203125,0
The print of all teenagers doesn't look like this photograph.,The print of all teenagers don't look like this photograph.,morphology,subject_verb_agreement,distractor_agreement_relational_noun,True,True,False,False,117,-63.72333908081055,-61.50212097167969,0
The photographs of Florence haven't disappeared.,The photographs of Florence hasn't disappeared.,morphology,subject_verb_agreement,distractor_agreement_relational_noun,True,True,False,False,118,-42.77799606323242,-42.08018493652344,0
The nieces of Ellen do regret some guy isn't spinning around.,The nieces of Ellen does regret some guy isn't spinning around.,morphology,subject_verb_agreement,distractor_agreement_relational_noun,True,True,False,False,119,-101.36216735839844,-99.774169921875,0
The grandfather of most drivers hasn't failed to fire Eric.,The grandfather of most drivers haven't failed to fire Eric.,morphology,subject_verb_agreement,distractor_agreement_relational_noun,True,True,False,False,120,-76.62689208984375,-74.63041687011719,0
The plays about art have alarmed Mitchell.,The plays about art has alarmed Mitchell.,morphology,subject_verb_agreement,distractor_agreement_relational_noun,True,True,False,False,121,-59.12097930908203,-58.256019592285156,0
The grandsons of Janet speak up.,The grandsons of Janet speaks up.,morphology,subject_verb_agreement,distractor_agreement_relational_noun,True,True,False,False,122,-57.9931755065918,-57.58580780029297,0
A pamphlet about the Balkans hasn't astounded Monica.,A pamphlet about the Balkans haven't astounded Monica.,morphology,subject_verb_agreement,distractor_agreement_relational_noun,True,True,False,False,123,-77.1798095703125,-76.62326049804688,0
The grandmothers of James don't boycott the lake.,The grandmothers of James doesn't boycott the lake.,morphology,subject_verb_agreement,distractor_agreement_relational_noun,True,True,False,False,124,-62.948814392089844,-63.068992614746094,1
The grandson of a lot of customers is cleaning a restaurant.,The grandson of a lot of customers were cleaning a restaurant.,morphology,subject_verb_agreement,distractor_agreement_relational_noun,True,True,False,False,125,-61.489288330078125,-60.729515075683594,0
The drawings of this spinach are appearing.,The drawings of this spinach was appearing.,morphology,subject_verb_agreement,distractor_agreement_relational_noun,True,True,False,False,126,-49.76333999633789,-51.213592529296875,1
The movies about Monet aren't impressing a driver.,The movies about Monet wasn't impressing a driver.,morphology,subject_verb_agreement,distractor_agreement_relational_noun,True,True,False,False,127,-73.63505554199219,-72.51649475097656,0
The nieces of Tanya don't boycott committees.,The nieces of Tanya doesn't boycott committees.,morphology,subject_verb_agreement,distractor_agreement_relational_noun,True,True,False,False,128,-81.26657104492188,-82.11078643798828,1
A brother of most drivers doesn't study.,A brother of most drivers don't study.,morphology,subject_verb_agreement,distractor_agreement_relational_noun,True,True,False,False,129,-51.468894958496094,-49.437992095947266,0
The stories about Galileo do hurt Caroline.,The stories about Galileo does hurt Caroline.,morphology,subject_verb_agreement,distractor_agreement_relational_noun,True,True,False,False,130,-56.142120361328125,-55.08332061767578,0
The grandmothers of Emily don't propose to play.,The grandmothers of Emily doesn't propose to play.,morphology,subject_verb_agreement,distractor_agreement_relational_noun,True,True,False,False,131,-55.121009826660156,-55.56644821166992,1
The plays about travel confuse Veronica.,The plays about travel confuses Veronica.,morphology,subject_verb_agreement,distractor_agreement_relational_noun,True,True,False,False,132,-52.227935791015625,-60.0993766784668,1
The documentaries about Monet were distracting most universities.,The documentaries about Monet is distracting most universities.,morphology,subject_verb_agreement,distractor_agreement_relational_noun,True,True,False,False,133,-76.27250671386719,-73.5162124633789,0
The grandmother of a lot of dancers replies.,The grandmother of a lot of dancers reply.,morphology,subject_verb_agreement,distractor_agreement_relational_noun,True,True,False,False,134,-49.54827117919922,-49.11571502685547,0
The photographs of Marie are boring Winston Churchill.,The photographs of Marie is boring Winston Churchill.,morphology,subject_verb_agreement,distractor_agreement_relational_noun,True,True,False,False,135,-65.48484802246094,-63.329341888427734,0
A granddaughter of the Impressionists flees from Sabrina.,A granddaughter of the Impressionists flee from Sabrina.,morphology,subject_verb_agreement,distractor_agreement_relational_noun,True,True,False,False,136,-87.71086120605469,-80.94343566894531,0
A commentary about the Impressionists hasn't embarrassed Jane.,A commentary about the Impressionists haven't embarrassed Jane.,morphology,subject_verb_agreement,distractor_agreement_relational_noun,True,True,False,False,137,-82.24678802490234,-81.18353271484375,0
The story about the Lutherans doesn't sound like Wayne.,The story about the Lutherans don't sound like Wayne.,morphology,subject_verb_agreement,distractor_agreement_relational_noun,True,True,False,False,138,-68.19601440429688,-65.98417663574219,0
A documentary about the Lutherans does bore Frank.,A documentary about the Lutherans do bore Frank.,morphology,subject_verb_agreement,distractor_agreement_relational_noun,True,True,False,False,139,-75.73075866699219,-73.60485076904297,0
The newspaper articles about Jesus resemble some drawing.,The newspaper articles about Jesus resembles some drawing.,morphology,subject_verb_agreement,distractor_agreement_relational_noun,True,True,False,False,140,-65.74298095703125,-65.63642883300781,0
The commentaries about science are embarrassing Alicia.,The commentaries about science is embarrassing Alicia.,morphology,subject_verb_agreement,distractor_agreement_relational_noun,True,True,False,False,141,-72.09272003173828,-70.72064208984375,0
The newspaper article about the Borgias doesn't worry Carl.,The newspaper article about the Borgias don't worry Carl.,morphology,subject_verb_agreement,distractor_agreement_relational_noun,True,True,False,False,142,-73.8287582397461,-71.83226013183594,0
A granddaughter of a lot of girls was wanting to practice.,A granddaughter of a lot of girls were wanting to practice.,morphology,subject_verb_agreement,distractor_agreement_relational_noun,True,True,False,False,143,-57.02354049682617,-55.022064208984375,0
The sketch of scarves wastes away.,The sketch of scarves waste away.,morphology,subject_verb_agreement,distractor_agreement_relational_noun,True,True,False,False,144,-52.87321090698242,-52.76374816894531,0
The commentary about the Impressionists disgusts all drivers.,The commentary about the Impressionists disgust all drivers.,morphology,subject_verb_agreement,distractor_agreement_relational_noun,True,True,False,False,145,-88.15542602539062,-81.23890686035156,0
The newspaper article about the Borgias distracts Diana.,The newspaper article about the Borgias distract Diana.,morphology,subject_verb_agreement,distractor_agreement_relational_noun,True,True,False,False,146,-78.57252502441406,-71.39852905273438,0
The mothers of Melissa don't urge Valerie to win.,The mothers of Melissa doesn't urge Valerie to win.,morphology,subject_verb_agreement,distractor_agreement_relational_noun,True,True,False,False,147,-69.39402770996094,-70.16404724121094,1
The movies about science weren't distracting Stephanie.,The movies about science wasn't distracting Stephanie.,morphology,subject_verb_agreement,distractor_agreement_relational_noun,True,True,False,False,148,-58.034393310546875,-57.37505340576172,0
The documentaries about Spain don't astound Anna.,The documentaries about Spain doesn't astound Anna.,morphology,subject_verb_agreement,distractor_agreement_relational_noun,True,True,False,False,149,-72.5423355102539,-73.60411071777344,1
A story about the Lutherans is annoying a lot of boys.,A story about the Lutherans are annoying a lot of boys.,morphology,subject_verb_agreement,distractor_agreement_relational_noun,True,True,False,False,150,-70.61441040039062,-69.20152282714844,0
The movie about the Impressionists isn't annoying every guy.,The movie about the Impressionists weren't annoying every guy.,morphology,subject_verb_agreement,distractor_agreement_relational_noun,True,True,False,False,151,-80.24766540527344,-80.83062744140625,1
The report about the Lutherans does stun Andrew.,The report about the Lutherans do stun Andrew.,morphology,subject_verb_agreement,distractor_agreement_relational_noun,True,True,False,False,152,-74.40086364746094,-74.11099243164062,0
The friend of many doctors was motivating Jennifer to die.,The friend of many doctors are motivating Jennifer to die.,morphology,subject_verb_agreement,distractor_agreement_relational_noun,True,True,False,False,153,-74.51837158203125,-71.25149536132812,0
The drawings of Carlos were upsetting the Clintons.,The drawings of Carlos is upsetting the Clintons.,morphology,subject_verb_agreement,distractor_agreement_relational_noun,True,True,False,False,154,-63.495704650878906,-61.12151336669922,0
A grandmother of those actresses does mutter.,A grandmother of those actresses do mutter.,morphology,subject_verb_agreement,distractor_agreement_relational_noun,True,True,False,False,155,-62.475791931152344,-62.22665023803711,0
The friend of the teenagers was firing Lawrence.,The friend of the teenagers were firing Lawrence.,morphology,subject_verb_agreement,distractor_agreement_relational_noun,True,True,False,False,156,-54.94978332519531,-54.814552307128906,0
A pamphlet about the Great Lakes irritates Emily.,A pamphlet about the Great Lakes irritate Emily.,morphology,subject_verb_agreement,distractor_agreement_relational_noun,True,True,False,False,157,-69.8604736328125,-68.60417175292969,0
The essay about the Clintons was boring Todd.,The essay about the Clintons were boring Todd.,morphology,subject_verb_agreement,distractor_agreement_relational_noun,True,True,False,False,158,-63.212947845458984,-65.30085754394531,1
The commentaries about Monet were winning.,The commentaries about Monet was winning.,morphology,subject_verb_agreement,distractor_agreement_relational_noun,True,True,False,False,159,-66.53460693359375,-64.42340087890625,0
A photograph of unicycles does upset Vincent.,A photograph of unicycles do upset Vincent.,morphology,subject_verb_agreement,distractor_agreement_relational_noun,True,True,False,False,160,-79.55941772460938,-77.29484558105469,0
The pictures of Erin don't embarrass Eric.,The pictures of Erin doesn't embarrass Eric.,morphology,subject_verb_agreement,distractor_agreement_relational_noun,True,True,False,False,161,-52.24939727783203,-52.94992446899414,1
The plays about science don't confuse Sharon.,The plays about science doesn't confuse Sharon.,morphology,subject_verb_agreement,distractor_agreement_relational_noun,True,True,False,False,162,-55.06602478027344,-54.773292541503906,0
The documentary about the Impressionists wasn't astounding Cynthia.,The documentary about the Impressionists aren't astounding Cynthia.,morphology,subject_verb_agreement,distractor_agreement_relational_noun,True,True,False,False,163,-86.77804565429688,-85.90996551513672,0
The drawings of some cake shock doctors.,The drawings of some cake shocks doctors.,morphology,subject_verb_agreement,distractor_agreement_relational_noun,True,True,False,False,164,-53.136627197265625,-55.15022277832031,1
The grandmothers of Larry do yearn to explore this hill.,The grandmothers of Larry does yearn to explore this hill.,morphology,subject_verb_agreement,distractor_agreement_relational_noun,True,True,False,False,165,-89.52684020996094,-87.87960052490234,0
The daughters of Christine do study.,The daughters of Christine does study.,morphology,subject_verb_agreement,distractor_agreement_relational_noun,True,True,False,False,166,-44.064144134521484,-42.981117248535156,0
The report about the Borgias hasn't impressed Jane.,The report about the Borgias haven't impressed Jane.,morphology,subject_verb_agreement,distractor_agreement_relational_noun,True,True,False,False,167,-68.68414306640625,-70.01263427734375,1
The sons of Noah have boycotted a cafe.,The sons of Noah has boycotted a cafe.,morphology,subject_verb_agreement,distractor_agreement_relational_noun,True,True,False,False,168,-77.66510772705078,-75.98013305664062,0
The brochures about Galileo do resemble that print.,The brochures about Galileo does resemble that print.,morphology,subject_verb_agreement,distractor_agreement_relational_noun,True,True,False,False,169,-75.09980010986328,-73.50053405761719,0
A print of many carts exists.,A print of many carts exist.,morphology,subject_verb_agreement,distractor_agreement_relational_noun,True,True,False,False,170,-45.369972229003906,-44.684608459472656,0
The grandfather of most drivers doesn't look to debate.,The grandfather of most drivers don't look to debate.,morphology,subject_verb_agreement,distractor_agreement_relational_noun,True,True,False,False,171,-64.75464630126953,-62.7300910949707,0
The newspaper article about current events impresses Brett.,The newspaper article about current events impress Brett.,morphology,subject_verb_agreement,distractor_agreement_relational_noun,True,True,False,False,172,-75.13534545898438,-67.07203674316406,0
The stories about art don't disturb Jill.,The stories about art doesn't disturb Jill.,morphology,subject_verb_agreement,distractor_agreement_relational_noun,True,True,False,False,173,-53.717960357666016,-53.909332275390625,1
The brochures about science are disgusting Emily.,The brochures about science is disgusting Emily.,morphology,subject_verb_agreement,distractor_agreement_relational_noun,True,True,False,False,174,-62.620052337646484,-61.07601547241211,0
The essays about Galileo do irritate Jeffrey.,The essays about Galileo does irritate Jeffrey.,morphology,subject_verb_agreement,distractor_agreement_relational_noun,True,True,False,False,175,-68.7047348022461,-68.43883514404297,0
The cousins of Scott help Cynthia.,The cousins of Scott helps Cynthia.,morphology,subject_verb_agreement,distractor_agreement_relational_noun,True,True,False,False,176,-48.96958923339844,-48.990936279296875,1
The paintings of every sketch do look like Erin.,The paintings of every sketch does look like Erin.,morphology,subject_verb_agreement,distractor_agreement_relational_noun,True,True,False,False,177,-60.85409927368164,-59.351036071777344,0
The photograph of some pies does impress Tonya.,The photograph of some pies do impress Tonya.,morphology,subject_verb_agreement,distractor_agreement_relational_noun,True,True,False,False,178,-71.62776184082031,-71.28632354736328,0
The sisters of Bradley aren't neglecting to astound Anne.,The sisters of Bradley isn't neglecting to astound Anne.,morphology,subject_verb_agreement,distractor_agreement_relational_noun,True,True,False,False,179,-84.12629699707031,-82.43954467773438,0
A mother of all senators doesn't find Thomas.,A mother of all senators don't find Thomas.,morphology,subject_verb_agreement,distractor_agreement_relational_noun,True,True,False,False,180,-57.57688903808594,-56.22142791748047,0
A niece of these waiters hasn't bothered to disturb Carol.,A niece of these waiters haven't bothered to disturb Carol.,morphology,subject_verb_agreement,distractor_agreement_relational_noun,True,True,False,False,181,-85.64048767089844,-83.1714859008789,0
The father of these customers has intended to compromise.,The father of these customers have intended to compromise.,morphology,subject_verb_agreement,distractor_agreement_relational_noun,True,True,False,False,182,-53.93259048461914,-52.23755645751953,0
The sister of those men doesn't scare Grace.,The sister of those men don't scare Grace.,morphology,subject_verb_agreement,distractor_agreement_relational_noun,True,True,False,False,183,-55.24713134765625,-51.63739776611328,0
A commentary about the Balkans scares Joel.,A commentary about the Balkans scare Joel.,morphology,subject_verb_agreement,distractor_agreement_relational_noun,True,True,False,False,184,-55.927852630615234,-57.4151611328125,1
The painting of most stairs does disappear.,The painting of most stairs do disappear.,morphology,subject_verb_agreement,distractor_agreement_relational_noun,True,True,False,False,185,-52.78089904785156,-53.05497360229492,1
The show about current events disgusts Liam.,The show about current events disgust Liam.,morphology,subject_verb_agreement,distractor_agreement_relational_noun,True,True,False,False,186,-64.80335998535156,-59.977928161621094,0
The grandson of some waiters doesn't lie.,The grandson of some waiters don't lie.,morphology,subject_verb_agreement,distractor_agreement_relational_noun,True,True,False,False,187,-60.246238708496094,-57.23407745361328,0
A friend of the guests hasn't disagreed with a waiter.,A friend of the guests haven't disagreed with a waiter.,morphology,subject_verb_agreement,distractor_agreement_relational_noun,True,True,False,False,188,-62.77294158935547,-61.33494567871094,0
The cousins of Tamara do cheer.,The cousins of Tamara does cheer.,morphology,subject_verb_agreement,distractor_agreement_relational_noun,True,True,False,False,189,-54.96846008300781,-54.40257263183594,0
The show about current events hasn't astounded Rachelle.,The show about current events haven't astounded Rachelle.,morphology,subject_verb_agreement,distractor_agreement_relational_noun,True,True,False,False,190,-82.64434814453125,-80.19292449951172,0
The prints of some teenager do hurt Naomi.,The prints of some teenager does hurt Naomi.,morphology,subject_verb_agreement,distractor_agreement_relational_noun,True,True,False,False,191,-62.411964416503906,-61.01607131958008,0
The grandfather of boys falls.,The grandfather of boys fall.,morphology,subject_verb_agreement,distractor_agreement_relational_noun,True,True,False,False,192,-36.397377014160156,-33.68525314331055,0
A print of all turtles doesn't disgust most drivers.,A print of all turtles don't disgust most drivers.,morphology,subject_verb_agreement,distractor_agreement_relational_noun,True,True,False,False,193,-74.91989135742188,-73.45854949951172,0
The nephews of Anne haven't ascended the slope.,The nephews of Anne hasn't ascended the slope.,morphology,subject_verb_agreement,distractor_agreement_relational_noun,True,True,False,False,194,-64.53581237792969,-63.128360748291016,0
The granddaughters of David haven't joked around.,The granddaughters of David hasn't joked around.,morphology,subject_verb_agreement,distractor_agreement_relational_noun,True,True,False,False,195,-72.40592956542969,-70.14903259277344,0
The grandmothers of Claire are criticizing Jesus.,The grandmothers of Claire was criticizing Jesus.,morphology,subject_verb_agreement,distractor_agreement_relational_noun,True,True,False,False,196,-60.56001281738281,-59.15623474121094,0
The paintings of the guest disturb Rachel.,The paintings of the guest disturbs Rachel.,morphology,subject_verb_agreement,distractor_agreement_relational_noun,True,True,False,False,197,-50.02003860473633,-57.534202575683594,1
A son of women hasn't disliked that restaurant.,A son of women haven't disliked that restaurant.,morphology,subject_verb_agreement,distractor_agreement_relational_noun,True,True,False,False,198,-60.84608459472656,-59.26240158081055,0
The drawing of some couches isn't astounding that customer.,The drawing of some couches weren't astounding that customer.,morphology,subject_verb_agreement,distractor_agreement_relational_noun,True,True,False,False,199,-80.44630432128906,-82.09516906738281,1
The pictures of Sharon have resembled those prints.,The pictures of Sharon has resembled those prints.,morphology,subject_verb_agreement,distractor_agreement_relational_noun,True,True,False,False,200,-58.59185791015625,-58.30864715576172,0
The prints of Deborah were annoying the patients.,The prints of Deborah was annoying the patients.,morphology,subject_verb_agreement,distractor_agreement_relational_noun,True,True,False,False,201,-59.75383758544922,-58.1031608581543,0
The commentaries about Winston Churchill are boring Regina.,The commentaries about Winston Churchill was boring Regina.,morphology,subject_verb_agreement,distractor_agreement_relational_noun,True,True,False,False,202,-85.37287902832031,-82.85588073730469,0
The granddaughters of Douglas expect this organization to reply.,The granddaughters of Douglas expects this organization to reply.,morphology,subject_verb_agreement,distractor_agreement_relational_noun,True,True,False,False,203,-78.44669342041016,-78.07514953613281,0
The friends of Jill aren't explaining most waiters hadn't urged Renee to play.,The friends of Jill wasn't explaining most waiters hadn't urged Renee to play.,morphology,subject_verb_agreement,distractor_agreement_relational_noun,True,True,False,False,204,-122.54460144042969,-120.11476135253906,0
The essays about Harvard University do astound Phillip.,The essays about Harvard University does astound Phillip.,morphology,subject_verb_agreement,distractor_agreement_relational_noun,True,True,False,False,205,-78.31416320800781,-77.2404556274414,0
The grandsons of Lawrence aren't regretting Andrea doubts Allison does stand up.,The grandsons of Lawrence wasn't regretting Andrea doubts Allison does stand up.,morphology,subject_verb_agreement,distractor_agreement_relational_noun,True,True,False,False,206,-130.97720336914062,-130.22198486328125,0
The documentaries about music aren't boring Tammy.,The documentaries about music wasn't boring Tammy.,morphology,subject_verb_agreement,distractor_agreement_relational_noun,True,True,False,False,207,-63.83514404296875,-64.6243667602539,1
The reports about Spain alarm Eva.,The reports about Spain alarms Eva.,morphology,subject_verb_agreement,distractor_agreement_relational_noun,True,True,False,False,208,-53.181251525878906,-55.92095184326172,1
A niece of a lot of waitresses slumps over.,A niece of a lot of waitresses slump over.,morphology,subject_verb_agreement,distractor_agreement_relational_noun,True,True,False,False,209,-71.90491485595703,-70.73565673828125,0
The prints of Judy don't waste away.,The prints of Judy doesn't waste away.,morphology,subject_verb_agreement,distractor_agreement_relational_noun,True,True,False,False,210,-51.764434814453125,-52.31266784667969,1
The story about the Borgias wasn't shocking the actress.,The story about the Borgias weren't shocking the actress.,morphology,subject_verb_agreement,distractor_agreement_relational_noun,True,True,False,False,211,-66.95523071289062,-69.71171569824219,1
A friend of many senators hasn't disagreed.,A friend of many senators haven't disagreed.,morphology,subject_verb_agreement,distractor_agreement_relational_noun,True,True,False,False,212,-57.06414031982422,-54.76185989379883,0
The newspaper article about the Impressionists has shocked Paula.,The newspaper article about the Impressionists have shocked Paula.,morphology,subject_verb_agreement,distractor_agreement_relational_noun,True,True,False,False,213,-83.05659484863281,-81.7288818359375,0
The grandmother of the Borgias murmurs.,The grandmother of the Borgias murmur.,morphology,subject_verb_agreement,distractor_agreement_relational_noun,True,True,False,False,214,-56.75148010253906,-54.241180419921875,0
The cousin of these ladies has suffered.,The cousin of these ladies have suffered.,morphology,subject_verb_agreement,distractor_agreement_relational_noun,True,True,False,False,215,-43.47354507446289,-40.89793395996094,0
The painting of all hats has alarmed Chad.,The painting of all hats have alarmed Chad.,morphology,subject_verb_agreement,distractor_agreement_relational_noun,True,True,False,False,216,-65.76759338378906,-64.72491455078125,0
The book about the Impressionists doesn't disagree.,The book about the Impressionists don't disagree.,morphology,subject_verb_agreement,distractor_agreement_relational_noun,True,True,False,False,217,-66.57687377929688,-63.96860122680664,0
The stories about Winston Churchill are embarrassing some teenager.,The stories about Winston Churchill was embarrassing some teenager.,morphology,subject_verb_agreement,distractor_agreement_relational_noun,True,True,False,False,218,-70.82917785644531,-68.80260467529297,0
A nephew of those drivers doesn't paint.,A nephew of those drivers don't paint.,morphology,subject_verb_agreement,distractor_agreement_relational_noun,True,True,False,False,219,-50.506675720214844,-47.930423736572266,0
The grandmothers of Kristen do forget about what weren't profiting.,The grandmothers of Kristen does forget about what weren't profiting.,morphology,subject_verb_agreement,distractor_agreement_relational_noun,True,True,False,False,220,-90.04595947265625,-88.96109771728516,0
The cousins of every woman aren't investigating Todd.,The cousins of every woman wasn't investigating Todd.,morphology,subject_verb_agreement,distractor_agreement_relational_noun,True,True,False,False,221,-63.318763732910156,-62.68446350097656,0
A sketch of all ladies doesn't vanish.,A sketch of all ladies don't vanish.,morphology,subject_verb_agreement,distractor_agreement_relational_noun,True,True,False,False,222,-52.15065002441406,-50.20149230957031,0
The paintings of Melanie don't exist.,The paintings of Melanie doesn't exist.,morphology,subject_verb_agreement,distractor_agreement_relational_noun,True,True,False,False,223,-42.444068908691406,-43.841949462890625,1
The pamphlets about Galileo weren't winning.,The pamphlets about Galileo isn't winning.,morphology,subject_verb_agreement,distractor_agreement_relational_noun,True,True,False,False,224,-62.674285888671875,-60.946590423583984,0
The photographs of Matt have vanished.,The photographs of Matt has vanished.,morphology,subject_verb_agreement,distractor_agreement_relational_noun,True,True,False,False,225,-40.93104553222656,-39.087913513183594,0
The documentary about the Great Lakes disgusts Tiffany.,The documentary about the Great Lakes disgust Tiffany.,morphology,subject_verb_agreement,distractor_agreement_relational_noun,True,True,False,False,226,-73.0769271850586,-66.32803344726562,0
The grandson of most adults has scared Vincent.,The grandson of most adults have scared Vincent.,morphology,subject_verb_agreement,distractor_agreement_relational_noun,True,True,False,False,227,-62.36249923706055,-60.35637283325195,0
The plays about literature astound Catherine.,The plays about literature astounds Catherine.,morphology,subject_verb_agreement,distractor_agreement_relational_noun,True,True,False,False,228,-60.55052185058594,-62.031333923339844,1
A picture of shirts doesn't appear.,A picture of shirts don't appear.,morphology,subject_verb_agreement,distractor_agreement_relational_noun,True,True,False,False,229,-41.50189971923828,-40.279293060302734,0
The friends of April order some woman to see.,The friends of April orders some woman to see.,morphology,subject_verb_agreement,distractor_agreement_relational_noun,True,True,False,False,230,-55.31229019165039,-59.39642333984375,1
A drawing of most slopes doesn't stun Gary.,A drawing of most slopes don't stun Gary.,morphology,subject_verb_agreement,distractor_agreement_relational_noun,True,True,False,False,231,-71.12983703613281,-70.864990234375,0
The paintings of a library don't distract Margaret.,The paintings of a library doesn't distract Margaret.,morphology,subject_verb_agreement,distractor_agreement_relational_noun,True,True,False,False,232,-58.80939865112305,-59.0069580078125,1
The cousins of William whisper.,The cousins of William whispers.,morphology,subject_verb_agreement,distractor_agreement_relational_noun,True,True,False,False,233,-39.230438232421875,-37.83360290527344,0
A father of men prompts Richard to sell the book.,A father of men prompt Richard to sell the book.,morphology,subject_verb_agreement,distractor_agreement_relational_noun,True,True,False,False,234,-69.29053497314453,-68.03945922851562,0
The daughter of most children wasn't spurring Theresa to fall asleep.,The daughter of most children weren't spurring Theresa to fall asleep.,morphology,subject_verb_agreement,distractor_agreement_relational_noun,True,True,False,False,235,-86.5152587890625,-85.74810791015625,0
A report about the Impressionists confuses Stacey.,A report about the Impressionists confuse Stacey.,morphology,subject_verb_agreement,distractor_agreement_relational_noun,True,True,False,False,236,-85.27473449707031,-77.54696655273438,0
The show about the Great Lakes doesn't upset Anna.,The show about the Great Lakes don't upset Anna.,morphology,subject_verb_agreement,distractor_agreement_relational_noun,True,True,False,False,237,-61.929874420166016,-61.08289337158203,0
The paintings of this mirror don't waste away.,The paintings of this mirror doesn't waste away.,morphology,subject_verb_agreement,distractor_agreement_relational_noun,True,True,False,False,238,-52.73037338256836,-53.17320251464844,1
The brother of those girls is talking.,The brother of those girls are talking.,morphology,subject_verb_agreement,distractor_agreement_relational_noun,True,True,False,False,239,-40.597164154052734,-36.296634674072266,0
The mother of many adults has learned.,The mother of many adults have learned.,morphology,subject_verb_agreement,distractor_agreement_relational_noun,True,True,False,False,240,-43.220703125,-40.94641876220703,0
The grandmother of teenagers is reading.,The grandmother of teenagers were reading.,morphology,subject_verb_agreement,distractor_agreement_relational_noun,True,True,False,False,241,-43.46451187133789,-42.10149383544922,0
The pictures of some apple don't distract some guests.,The pictures of some apple doesn't distract some guests.,morphology,subject_verb_agreement,distractor_agreement_relational_noun,True,True,False,False,242,-61.023284912109375,-61.00933837890625,0
The brochures about politics have alarmed a lot of teenagers.,The brochures about politics has alarmed a lot of teenagers.,morphology,subject_verb_agreement,distractor_agreement_relational_noun,True,True,False,False,243,-72.67033386230469,-72.5953369140625,0
The sketch of the Borgias has annoyed Colleen.,The sketch of the Borgias have annoyed Colleen.,morphology,subject_verb_agreement,distractor_agreement_relational_noun,True,True,False,False,244,-71.45152282714844,-73.78362274169922,1
A play about the Impressionists has confused Suzanne.,A play about the Impressionists have confused Suzanne.,morphology,subject_verb_agreement,distractor_agreement_relational_noun,True,True,False,False,245,-73.99905395507812,-73.19892883300781,0
The documentaries about music don't hurt Lucille.,The documentaries about music doesn't hurt Lucille.,morphology,subject_verb_agreement,distractor_agreement_relational_noun,True,True,False,False,246,-63.939395904541016,-63.74950408935547,0
The brothers of Bill hate Timothy.,The brothers of Bill hates Timothy.,morphology,subject_verb_agreement,distractor_agreement_relational_noun,True,True,False,False,247,-49.624366760253906,-47.4744987487793,0
The newspaper article about the Lutherans exists.,The newspaper article about the Lutherans exist.,morphology,subject_verb_agreement,distractor_agreement_relational_noun,True,True,False,False,248,-60.221412658691406,-59.830081939697266,0
The movies about Galileo haven't distracted Amy.,The movies about Galileo hasn't distracted Amy.,morphology,subject_verb_agreement,distractor_agreement_relational_noun,True,True,False,False,249,-61.07404708862305,-61.20292663574219,1
A newspaper article about the Impressionists astounds Ann.,A newspaper article about the Impressionists astound Ann.,morphology,subject_verb_agreement,distractor_agreement_relational_noun,True,True,False,False,250,-87.89628601074219,-85.41775512695312,0
The commentary about the Borgias wins.,The commentary about the Borgias win.,morphology,subject_verb_agreement,distractor_agreement_relational_noun,True,True,False,False,251,-51.996253967285156,-52.72248840332031,1
An essay about the Borgias hasn't bothered Beth.,An essay about the Borgias haven't bothered Beth.,morphology,subject_verb_agreement,distractor_agreement_relational_noun,True,True,False,False,252,-70.34957885742188,-71.25895690917969,1
The granddaughters of Thomas have messed up this high school.,The granddaughters of Thomas has messed up this high school.,morphology,subject_verb_agreement,distractor_agreement_relational_noun,True,True,False,False,253,-73.4855728149414,-72.33392333984375,0
The essay about current events has shocked the Impressionists.,The essay about current events have shocked the Impressionists.,morphology,subject_verb_agreement,distractor_agreement_relational_noun,True,True,False,False,254,-81.93357849121094,-80.91484069824219,0
The sister of these dancers has swallowed.,The sister of these dancers have swallowed.,morphology,subject_verb_agreement,distractor_agreement_relational_noun,True,True,False,False,255,-47.32123565673828,-45.869144439697266,0
The photographs of Beverly look like Bill.,The photographs of Beverly looks like Bill.,morphology,subject_verb_agreement,distractor_agreement_relational_noun,True,True,False,False,256,-47.16236877441406,-45.537841796875,0
The photograph of all patients isn't bothering the customer.,The photograph of all patients aren't bothering the customer.,morphology,subject_verb_agreement,distractor_agreement_relational_noun,True,True,False,False,257,-63.47378158569336,-62.668434143066406,0
The pamphlets about Harvard University do distract every library.,The pamphlets about Harvard University does distract every library.,morphology,subject_verb_agreement,distractor_agreement_relational_noun,True,True,False,False,258,-81.80198669433594,-80.12828063964844,0
A daughter of students struggles.,A daughter of students struggle.,morphology,subject_verb_agreement,distractor_agreement_relational_noun,True,True,False,False,259,-36.36819839477539,-35.41065979003906,0
The book about current events hasn't scared Michelle.,The book about current events haven't scared Michelle.,morphology,subject_verb_agreement,distractor_agreement_relational_noun,True,True,False,False,260,-64.95579528808594,-62.925228118896484,0
The brothers of Frank aren't healing Sonia.,The brothers of Frank wasn't healing Sonia.,morphology,subject_verb_agreement,distractor_agreement_relational_noun,True,True,False,False,261,-61.313880920410156,-59.56758117675781,0
The shows about Winston Churchill do hurt Andrew.,The shows about Winston Churchill does hurt Andrew.,morphology,subject_verb_agreement,distractor_agreement_relational_noun,True,True,False,False,262,-64.77189636230469,-64.35608673095703,0
The drawing of schools does scare Ellen.,The drawing of schools do scare Ellen.,morphology,subject_verb_agreement,distractor_agreement_relational_noun,True,True,False,False,263,-57.297645568847656,-57.982608795166016,1
The pamphlets about Galileo are wasting away.,The pamphlets about Galileo is wasting away.,morphology,subject_verb_agreement,distractor_agreement_relational_noun,True,True,False,False,264,-64.51899719238281,-64.26741027832031,0
The report about the Lutherans impresses Jerry.,The report about the Lutherans impress Jerry.,morphology,subject_verb_agreement,distractor_agreement_relational_noun,True,True,False,False,265,-73.56708526611328,-66.76826477050781,0
A book about the Lutherans does resemble some print.,A book about the Lutherans do resemble some print.,morphology,subject_verb_agreement,distractor_agreement_relational_noun,True,True,False,False,266,-75.7189712524414,-75.06501007080078,0
The daughter of some waiters wasn't sneezing.,The daughter of some waiters aren't sneezing.,morphology,subject_verb_agreement,distractor_agreement_relational_noun,True,True,False,False,267,-66.25931549072266,-63.97215270996094,0
A mother of many teenagers hasn't tempted Frank to get a job.,A mother of many teenagers haven't tempted Frank to get a job.,morphology,subject_verb_agreement,distractor_agreement_relational_noun,True,True,False,False,268,-83.35220336914062,-81.05271911621094,0
The brothers of Daniel have broken the plate.,The brothers of Daniel has broken the plate.,morphology,subject_verb_agreement,distractor_agreement_relational_noun,True,True,False,False,269,-51.240394592285156,-49.221214294433594,0
The reports about Jesus were winning.,The reports about Jesus is winning.,morphology,subject_verb_agreement,distractor_agreement_relational_noun,True,True,False,False,270,-44.002193450927734,-42.888023376464844,0
A painting of all guys hasn't aggravated Matt.,A painting of all guys haven't aggravated Matt.,morphology,subject_verb_agreement,distractor_agreement_relational_noun,True,True,False,False,271,-64.5324935913086,-61.31055450439453,0
The prints of this pork aren't distracting Denise.,The prints of this pork wasn't distracting Denise.,morphology,subject_verb_agreement,distractor_agreement_relational_noun,True,True,False,False,272,-68.09391021728516,-68.89494323730469,1
The nieces of some boy are wasting away.,The nieces of some boy is wasting away.,morphology,subject_verb_agreement,distractor_agreement_relational_noun,True,True,False,False,273,-69.66470336914062,-67.06895446777344,0
The friend of many ladies doubts some cart hadn't tipped over.,The friend of many ladies doubt some cart hadn't tipped over.,morphology,subject_verb_agreement,distractor_agreement_relational_noun,True,True,False,False,274,-87.38674926757812,-84.81756591796875,0
The drawings of a movie theater embarrass Candice.,The drawings of a movie theater embarrasses Candice.,morphology,subject_verb_agreement,distractor_agreement_relational_noun,True,True,False,False,275,-67.58473205566406,-73.70932006835938,1
The nieces of Alexander do yell.,The nieces of Alexander does yell.,morphology,subject_verb_agreement,distractor_agreement_relational_noun,True,True,False,False,276,-61.234962463378906,-60.36136245727539,0
The cousins of Michael haven't listened to Amanda.,The cousins of Michael hasn't listened to Amanda.,morphology,subject_verb_agreement,distractor_agreement_relational_noun,True,True,False,False,277,-55.7716064453125,-54.088653564453125,0
The granddaughter of the Impressionists doesn't depart.,The granddaughter of the Impressionists don't depart.,morphology,subject_verb_agreement,distractor_agreement_relational_noun,True,True,False,False,278,-65.541015625,-63.256065368652344,0
The stories about travel embarrass Michael.,The stories about travel embarrasses Michael.,morphology,subject_verb_agreement,distractor_agreement_relational_noun,True,True,False,False,279,-49.96648025512695,-59.84955596923828,1
The fathers of every senator entice Monet to hide steps.,The fathers of every senator entices Monet to hide steps.,morphology,subject_verb_agreement,distractor_agreement_relational_noun,True,True,False,False,280,-92.22917175292969,-93.89105224609375,1
The sons of Frank entreat the companies to explain everything.,The sons of Frank entreats the companies to explain everything.,morphology,subject_verb_agreement,distractor_agreement_relational_noun,True,True,False,False,281,-73.62289428710938,-82.39717864990234,1
The brochures about Harvard University do annoy this dancer.,The brochures about Harvard University does annoy this dancer.,morphology,subject_verb_agreement,distractor_agreement_relational_noun,True,True,False,False,282,-79.11701965332031,-78.36967468261719,0
The daughters of Galileo were needing to lift the stairs.,The daughters of Galileo was needing to lift the stairs.,morphology,subject_verb_agreement,distractor_agreement_relational_noun,True,True,False,False,283,-65.91018676757812,-64.0770034790039,0
The grandmother of the Clintons complains about Robert.,The grandmother of the Clintons complain about Robert.,morphology,subject_verb_agreement,distractor_agreement_relational_noun,True,True,False,False,284,-61.339012145996094,-62.32035827636719,1
The books about music haven't scared Scott.,The books about music hasn't scared Scott.,morphology,subject_verb_agreement,distractor_agreement_relational_noun,True,True,False,False,285,-51.21443176269531,-52.945167541503906,1
A son of all drivers hasn't concealed who is lifting the apples.,A son of all drivers haven't concealed who is lifting the apples.,morphology,subject_verb_agreement,distractor_agreement_relational_noun,True,True,False,False,286,-91.40377044677734,-89.86811828613281,0
The grandfather of the Borgias cares for Naomi.,The grandfather of the Borgias care for Naomi.,morphology,subject_verb_agreement,distractor_agreement_relational_noun,True,True,False,False,287,-62.96343994140625,-62.47708511352539,0
The daughter of many drivers has anticipated a lot of students to bake.,The daughter of many drivers have anticipated a lot of students to bake.,morphology,subject_verb_agreement,distractor_agreement_relational_noun,True,True,False,False,288,-77.22985076904297,-74.71357727050781,0
The prints of Rachel have impressed Kendra.,The prints of Rachel has impressed Kendra.,morphology,subject_verb_agreement,distractor_agreement_relational_noun,True,True,False,False,289,-66.59444427490234,-63.71864700317383,0
The movies about Spain don't disgust Harvard University.,The movies about Spain doesn't disgust Harvard University.,morphology,subject_verb_agreement,distractor_agreement_relational_noun,True,True,False,False,290,-66.74594116210938,-67.56869506835938,1
The nephews of Vincent do dare Dennis to examine a story.,The nephews of Vincent does dare Dennis to examine a story.,morphology,subject_verb_agreement,distractor_agreement_relational_noun,True,True,False,False,291,-81.40299224853516,-82.05040740966797,1
A show about the Impressionists was disagreeing.,A show about the Impressionists are disagreeing.,morphology,subject_verb_agreement,distractor_agreement_relational_noun,True,True,False,False,292,-66.64543914794922,-64.8079605102539,0
A movie about the Lutherans doesn't bore Thomas.,A movie about the Lutherans don't bore Thomas.,morphology,subject_verb_agreement,distractor_agreement_relational_noun,True,True,False,False,293,-69.8812026977539,-68.5137710571289,0
The niece of women sells many projectors.,The niece of women sell many projectors.,morphology,subject_verb_agreement,distractor_agreement_relational_noun,True,True,False,False,294,-60.73979949951172,-60.52875518798828,0
The newspaper articles about art don't distract Joel.,The newspaper articles about art doesn't distract Joel.,morphology,subject_verb_agreement,distractor_agreement_relational_noun,True,True,False,False,295,-68.384521484375,-68.1989974975586,0
The paintings of Beverly have disgusted that woman.,The paintings of Beverly has disgusted that woman.,morphology,subject_verb_agreement,distractor_agreement_relational_noun,True,True,False,False,296,-59.948951721191406,-57.91864013671875,0
The book about the Borgias does embarrass Michael.,The book about the Borgias do embarrass Michael.,morphology,subject_verb_agreement,distractor_agreement_relational_noun,True,True,False,False,297,-65.37163543701172,-65.39447021484375,1
An essay about current events doesn't shock Rose.,An essay about current events don't shock Rose.,morphology,subject_verb_agreement,distractor_agreement_relational_noun,True,True,False,False,298,-69.24642944335938,-67.79113006591797,0
The newspaper article about the Great Lakes is hurting Elaine.,The newspaper article about the Great Lakes are hurting Elaine.,morphology,subject_verb_agreement,distractor_agreement_relational_noun,True,True,False,False,299,-71.43009948730469,-72.21711730957031,1
The granddaughters of Stacy weren't departing.,The granddaughters of Stacy wasn't departing.,morphology,subject_verb_agreement,distractor_agreement_relational_noun,True,True,False,False,300,-65.8556137084961,-64.60652160644531,0
The books about politics stun Leslie.,The books about politics stuns Leslie.,morphology,subject_verb_agreement,distractor_agreement_relational_noun,True,True,False,False,301,-50.051536560058594,-58.25791931152344,1
The daughters of Melanie do motivate the nephews of Sandra to benefit.,The daughters of Melanie does motivate the nephews of Sandra to benefit.,morphology,subject_verb_agreement,distractor_agreement_relational_noun,True,True,False,False,302,-96.56477355957031,-96.03265380859375,0
The prints of every vase aggravate Nina.,The prints of every vase aggravates Nina.,morphology,subject_verb_agreement,distractor_agreement_relational_noun,True,True,False,False,303,-68.47109985351562,-70.83523559570312,1
The grandmother of the Impressionists was getting fired.,The grandmother of the Impressionists were getting fired.,morphology,subject_verb_agreement,distractor_agreement_relational_noun,True,True,False,False,304,-67.31661987304688,-65.98652648925781,0
A report about current events was stunning Teresa.,A report about current events are stunning Teresa.,morphology,subject_verb_agreement,distractor_agreement_relational_noun,True,True,False,False,305,-66.08064270019531,-65.85624694824219,0
A book about the Borgias is disgusting these committees.,A book about the Borgias were disgusting these committees.,morphology,subject_verb_agreement,distractor_agreement_relational_noun,True,True,False,False,306,-73.52397155761719,-77.02137756347656,1
The reports about Galileo aren't disappearing.,The reports about Galileo wasn't disappearing.,morphology,subject_verb_agreement,distractor_agreement_relational_noun,True,True,False,False,307,-54.78504943847656,-54.181026458740234,0
The sketch of a lot of jackets doesn't upset organizations.,The sketch of a lot of jackets don't upset organizations.,morphology,subject_verb_agreement,distractor_agreement_relational_noun,True,True,False,False,308,-71.38734436035156,-69.7157211303711,0
The grandsons of Grace don't sit down.,The grandsons of Grace doesn't sit down.,morphology,subject_verb_agreement,distractor_agreement_relational_noun,True,True,False,False,309,-58.41229248046875,-59.79815673828125,1
A friend of teachers isn't worrying many guys.,A friend of teachers weren't worrying many guys.,morphology,subject_verb_agreement,distractor_agreement_relational_noun,True,True,False,False,310,-58.93476867675781,-57.49946594238281,0
The pamphlets about Monet disappear.,The pamphlets about Monet disappears.,morphology,subject_verb_agreement,distractor_agreement_relational_noun,True,True,False,False,311,-56.18182373046875,-57.27412414550781,1
The shows about Galileo weren't disturbing those women.,The shows about Galileo isn't disturbing those women.,morphology,subject_verb_agreement,distractor_agreement_relational_noun,True,True,False,False,312,-66.58193969726562,-66.1226806640625,0
The mothers of Jacqueline observe every actress.,The mothers of Jacqueline observes every actress.,morphology,subject_verb_agreement,distractor_agreement_relational_noun,True,True,False,False,313,-60.843772888183594,-61.453853607177734,1
A cousin of most waiters doesn't order Cynthia to bake.,A cousin of most waiters don't order Cynthia to bake.,morphology,subject_verb_agreement,distractor_agreement_relational_noun,True,True,False,False,314,-89.39457702636719,-87.55441284179688,0
The grandfathers of Bethany have compelled that organization to like Steven.,The grandfathers of Bethany has compelled that organization to like Steven.,morphology,subject_verb_agreement,distractor_agreement_relational_noun,True,True,False,False,315,-98.91157531738281,-96.75492095947266,0
The newspaper article about current events has aggravated most associations.,The newspaper article about current events have aggravated most associations.,morphology,subject_verb_agreement,distractor_agreement_relational_noun,True,True,False,False,316,-75.44229125976562,-74.55748748779297,0
The friends of Jacqueline haven't respected Travis.,The friends of Jacqueline hasn't respected Travis.,morphology,subject_verb_agreement,distractor_agreement_relational_noun,True,True,False,False,317,-68.58837127685547,-68.20567321777344,0
The photograph of some drivers upsets Walter.,The photograph of some drivers upset Walter.,morphology,subject_verb_agreement,distractor_agreement_relational_noun,True,True,False,False,318,-60.95365905761719,-53.42074203491211,0
The photographs of Bill disappear.,The photographs of Bill disappears.,morphology,subject_verb_agreement,distractor_agreement_relational_noun,True,True,False,False,319,-35.791160583496094,-36.48647689819336,1
The books about Jesus have wasted away.,The books about Jesus has wasted away.,morphology,subject_verb_agreement,distractor_agreement_relational_noun,True,True,False,False,320,-47.374549865722656,-46.4290771484375,0
The paintings of an art gallery impress Rodney.,The paintings of an art gallery impresses Rodney.,morphology,subject_verb_agreement,distractor_agreement_relational_noun,True,True,False,False,321,-64.45803833007812,-72.2807388305664,1
The commentaries about Harvard University aggravate Cindy.,The commentaries about Harvard University aggravates Cindy.,morphology,subject_verb_agreement,distractor_agreement_relational_noun,True,True,False,False,322,-80.49214172363281,-82.98432922363281,1
The documentary about the Clintons sounds like these senators.,The documentary about the Clintons sound like these senators.,morphology,subject_verb_agreement,distractor_agreement_relational_noun,True,True,False,False,323,-66.49581146240234,-67.8973617553711,1
A niece of most waitresses isn't motivating Heather to talk about Janet.,A niece of most waitresses aren't motivating Heather to talk about Janet.,morphology,subject_verb_agreement,distractor_agreement_relational_noun,True,True,False,False,324,-108.32440185546875,-107.42897033691406,0
An essay about the Impressionists does sound like Gary.,An essay about the Impressionists do sound like Gary.,morphology,subject_verb_agreement,distractor_agreement_relational_noun,True,True,False,False,325,-79.38063049316406,-78.71498107910156,0
The commentary about the Balkans hasn't stunned Wendy.,The commentary about the Balkans haven't stunned Wendy.,morphology,subject_verb_agreement,distractor_agreement_relational_noun,True,True,False,False,326,-69.18904876708984,-68.58436584472656,0
The daughter of all girls hasn't forgotten what was vaporizing.,The daughter of all girls haven't forgotten what was vaporizing.,morphology,subject_verb_agreement,distractor_agreement_relational_noun,True,True,False,False,327,-75.00597381591797,-72.33609771728516,0
The essays about literature bother Carolyn.,The essays about literature bothers Carolyn.,morphology,subject_verb_agreement,distractor_agreement_relational_noun,True,True,False,False,328,-54.83793640136719,-53.91435241699219,0
The cousin of a lot of adults heals Heather.,The cousin of a lot of adults heal Heather.,morphology,subject_verb_agreement,distractor_agreement_relational_noun,True,True,False,False,329,-63.94469451904297,-61.57500076293945,0
The paintings of some skirt do bore Tanya.,The paintings of some skirt does bore Tanya.,morphology,subject_verb_agreement,distractor_agreement_relational_noun,True,True,False,False,330,-69.08771514892578,-69.97195434570312,1
The grandmothers of Gary aren't managing to shock many teenagers.,The grandmothers of Gary isn't managing to shock many teenagers.,morphology,subject_verb_agreement,distractor_agreement_relational_noun,True,True,False,False,331,-87.52262115478516,-86.443603515625,0
The reports about music stun Susan.,The reports about music stuns Susan.,morphology,subject_verb_agreement,distractor_agreement_relational_noun,True,True,False,False,332,-50.75286865234375,-59.82974624633789,1
The granddaughter of a lot of adults arrives at Harvard University.,The granddaughter of a lot of adults arrive at Harvard University.,morphology,subject_verb_agreement,distractor_agreement_relational_noun,True,True,False,False,333,-64.4539794921875,-62.40446090698242,0
The prints of Erin were confusing every company.,The prints of Erin is confusing every company.,morphology,subject_verb_agreement,distractor_agreement_relational_noun,True,True,False,False,334,-57.587188720703125,-56.93608856201172,0
The documentary about the Clintons distracts Susan.,The documentary about the Clintons distract Susan.,morphology,subject_verb_agreement,distractor_agreement_relational_noun,True,True,False,False,335,-67.70878601074219,-61.829750061035156,0
The sons of Beverly don't fail to buy those mushrooms.,The sons of Beverly doesn't fail to buy those mushrooms.,morphology,subject_verb_agreement,distractor_agreement_relational_noun,True,True,False,False,336,-68.84526824951172,-69.21341705322266,1
The sisters of Theodore forget about what don't open.,The sisters of Theodore forgets about what don't open.,morphology,subject_verb_agreement,distractor_agreement_relational_noun,True,True,False,False,337,-63.06787109375,-70.6075439453125,1
A niece of most guests watches Derek.,A niece of most guests watch Derek.,morphology,subject_verb_agreement,distractor_agreement_relational_noun,True,True,False,False,338,-58.022098541259766,-55.34661865234375,0
The grandmother of these cashiers wasn't motivating Tara's guests to weep.,The grandmother of these cashiers aren't motivating Tara's guests to weep.,morphology,subject_verb_agreement,distractor_agreement_relational_noun,True,True,False,False,339,-104.02579498291016,-103.79700469970703,0
The pamphlets about art don't irritate Alice.,The pamphlets about art doesn't irritate Alice.,morphology,subject_verb_agreement,distractor_agreement_relational_noun,True,True,False,False,340,-73.06416320800781,-72.40013122558594,0
The report about the Clintons resembles a print.,The report about the Clintons resemble a print.,morphology,subject_verb_agreement,distractor_agreement_relational_noun,True,True,False,False,341,-57.84172821044922,-59.35548782348633,1
The mother of the Impressionists swallows.,The mother of the Impressionists swallow.,morphology,subject_verb_agreement,distractor_agreement_relational_noun,True,True,False,False,342,-59.82292938232422,-57.08015441894531,0
The picture of all candles hasn't alarmed some universities.,The picture of all candles haven't alarmed some universities.,morphology,subject_verb_agreement,distractor_agreement_relational_noun,True,True,False,False,343,-67.804443359375,-65.7315673828125,0
The photographs of Sheila haven't bored Erin.,The photographs of Sheila hasn't bored Erin.,morphology,subject_verb_agreement,distractor_agreement_relational_noun,True,True,False,False,344,-59.60249710083008,-59.09357452392578,0
The friends of Homer do distract every hospital.,The friends of Homer does distract every hospital.,morphology,subject_verb_agreement,distractor_agreement_relational_noun,True,True,False,False,345,-59.33702087402344,-58.72462463378906,0
The show about the Great Lakes was scaring Julia.,The show about the Great Lakes are scaring Julia.,morphology,subject_verb_agreement,distractor_agreement_relational_noun,True,True,False,False,346,-63.05909729003906,-64.52106475830078,1
The movies about Harvard University haven't astounded Kevin.,The movies about Harvard University hasn't astounded Kevin.,morphology,subject_verb_agreement,distractor_agreement_relational_noun,True,True,False,False,347,-73.65838623046875,-74.78190612792969,1
The granddaughters of every customer don't fire a waitress.,The granddaughters of every customer doesn't fire a waitress.,morphology,subject_verb_agreement,distractor_agreement_relational_noun,True,True,False,False,348,-79.41195678710938,-77.84443664550781,0
The photographs of Alexander resemble all sketches.,The photographs of Alexander resembles all sketches.,morphology,subject_verb_agreement,distractor_agreement_relational_noun,True,True,False,False,349,-53.832759857177734,-52.016780853271484,0
The picture of those cucumbers astounds Kayla.,The picture of those cucumbers astound Kayla.,morphology,subject_verb_agreement,distractor_agreement_relational_noun,True,True,False,False,350,-75.42300415039062,-74.09288024902344,0
A print of the dresses astounds Regina.,A print of the dresses astound Regina.,morphology,subject_verb_agreement,distractor_agreement_relational_noun,True,True,False,False,351,-64.15077209472656,-62.219970703125,0
A pamphlet about the Borgias aggravates most hospitals.,A pamphlet about the Borgias aggravate most hospitals.,morphology,subject_verb_agreement,distractor_agreement_relational_noun,True,True,False,False,352,-80.76824951171875,-79.97879791259766,0
The nieces of an adult arrive at these malls.,The nieces of an adult arrives at these malls.,morphology,subject_verb_agreement,distractor_agreement_relational_noun,True,True,False,False,353,-76.38139343261719,-77.47943115234375,1
The grandfathers of Rose reveal these wheelbarrows.,The grandfathers of Rose reveals these wheelbarrows.,morphology,subject_verb_agreement,distractor_agreement_relational_noun,True,True,False,False,354,-77.64806365966797,-78.25129699707031,1
The drawing of the carriages astounds Anne.,The drawing of the carriages astound Anne.,morphology,subject_verb_agreement,distractor_agreement_relational_noun,True,True,False,False,355,-61.506126403808594,-59.25255584716797,0
The reports about art do aggravate Janice.,The reports about art does aggravate Janice.,morphology,subject_verb_agreement,distractor_agreement_relational_noun,True,True,False,False,356,-70.00993347167969,-68.57076263427734,0
The pamphlets about Galileo appear.,The pamphlets about Galileo appears.,morphology,subject_verb_agreement,distractor_agreement_relational_noun,True,True,False,False,357,-52.610477447509766,-51.38215255737305,0
A print of some high schools vanishes.,A print of some high schools vanish.,morphology,subject_verb_agreement,distractor_agreement_relational_noun,True,True,False,False,358,-61.827430725097656,-50.926692962646484,0
The show about the Balkans is worrying Stacey.,The show about the Balkans were worrying Stacey.,morphology,subject_verb_agreement,distractor_agreement_relational_noun,True,True,False,False,359,-61.599571228027344,-63.08848571777344,1
A granddaughter of the Impressionists isn't revealing the cake.,A granddaughter of the Impressionists weren't revealing the cake.,morphology,subject_verb_agreement,distractor_agreement_relational_noun,True,True,False,False,360,-78.6517333984375,-79.54693603515625,1
The story about the Great Lakes hasn't shocked Beverly.,The story about the Great Lakes haven't shocked Beverly.,morphology,subject_verb_agreement,distractor_agreement_relational_noun,True,True,False,False,361,-67.5367431640625,-67.62602233886719,1
The grandfathers of the dancer convince Spain to dislike Samantha.,The grandfathers of the dancer convinces Spain to dislike Samantha.,morphology,subject_verb_agreement,distractor_agreement_relational_noun,True,True,False,False,362,-86.43754577636719,-93.94767761230469,1
The mothers of Karla do see the Borgias.,The mothers of Karla does see the Borgias.,morphology,subject_verb_agreement,distractor_agreement_relational_noun,True,True,False,False,363,-71.27140808105469,-70.98461151123047,0
The sister of patients sits down.,The sister of patients sit down.,morphology,subject_verb_agreement,distractor_agreement_relational_noun,True,True,False,False,364,-40.286399841308594,-37.82006072998047,0
The brother of some customers does go fishing.,The brother of some customers do go fishing.,morphology,subject_verb_agreement,distractor_agreement_relational_noun,True,True,False,False,365,-53.648460388183594,-53.81540298461914,1
The sisters of a woman were intending to protest.,The sisters of a woman is intending to protest.,morphology,subject_verb_agreement,distractor_agreement_relational_noun,True,True,False,False,366,-50.9039192199707,-49.74269104003906,0
The sketch of a lot of turtles doesn't embarrass Laura.,The sketch of a lot of turtles don't embarrass Laura.,morphology,subject_verb_agreement,distractor_agreement_relational_noun,True,True,False,False,367,-65.216796875,-63.51139831542969,0
The sketches of that hair aren't hurting Martin.,The sketches of that hair wasn't hurting Martin.,morphology,subject_verb_agreement,distractor_agreement_relational_noun,True,True,False,False,368,-61.36732482910156,-60.596214294433594,0
The granddaughters of Becca try to disagree.,The granddaughters of Becca tries to disagree.,morphology,subject_verb_agreement,distractor_agreement_relational_noun,True,True,False,False,369,-71.6795883178711,-68.60017395019531,0
The drawings of this dress bore Gerald.,The drawings of this dress bores Gerald.,morphology,subject_verb_agreement,distractor_agreement_relational_noun,True,True,False,False,370,-52.198577880859375,-57.71591567993164,1
The pictures of some mouth distract a university.,The pictures of some mouth distracts a university.,morphology,subject_verb_agreement,distractor_agreement_relational_noun,True,True,False,False,371,-55.17869186401367,-61.105648040771484,1
The grandmothers of Diana do scratch.,The grandmothers of Diana does scratch.,morphology,subject_verb_agreement,distractor_agreement_relational_noun,True,True,False,False,372,-52.463706970214844,-51.608734130859375,0
The book about the Great Lakes doesn't hurt Douglas.,The book about the Great Lakes don't hurt Douglas.,morphology,subject_verb_agreement,distractor_agreement_relational_noun,True,True,False,False,373,-60.209800720214844,-59.78784942626953,0
A sister of the men was breaking the wheelbarrows.,A sister of the men were breaking the wheelbarrows.,morphology,subject_verb_agreement,distractor_agreement_relational_noun,True,True,False,False,374,-67.19099426269531,-64.28451538085938,0
The books about travel aren't alarming this government.,The books about travel isn't alarming this government.,morphology,subject_verb_agreement,distractor_agreement_relational_noun,True,True,False,False,375,-66.75323486328125,-66.92652893066406,1
The movie about the Balkans does worry Angela.,The movie about the Balkans do worry Angela.,morphology,subject_verb_agreement,distractor_agreement_relational_noun,True,True,False,False,376,-57.174720764160156,-56.86793518066406,0
The grandmothers of Vanessa do approach Maria.,The grandmothers of Vanessa does approach Maria.,morphology,subject_verb_agreement,distractor_agreement_relational_noun,True,True,False,False,377,-63.17176818847656,-63.310333251953125,1
The shows about literature don't stun Victoria.,The shows about literature doesn't stun Victoria.,morphology,subject_verb_agreement,distractor_agreement_relational_noun,True,True,False,False,378,-60.00099182128906,-60.66082763671875,1
A friend of teenagers doesn't force Kevin to perform.,A friend of teenagers don't force Kevin to perform.,morphology,subject_verb_agreement,distractor_agreement_relational_noun,True,True,False,False,379,-69.2437515258789,-68.49629974365234,0
The grandmothers of Roger are compromising.,The grandmothers of Roger is compromising.,morphology,subject_verb_agreement,distractor_agreement_relational_noun,True,True,False,False,380,-52.71855545043945,-50.87489700317383,0
The sons of Vincent haven't convinced Alice to astound Natalie.,The sons of Vincent hasn't convinced Alice to astound Natalie.,morphology,subject_verb_agreement,distractor_agreement_relational_noun,True,True,False,False,381,-93.24771118164062,-92.1787109375,0
The shows about Monet don't confuse Andrea.,The shows about Monet doesn't confuse Andrea.,morphology,subject_verb_agreement,distractor_agreement_relational_noun,True,True,False,False,382,-66.0013656616211,-65.03587341308594,0
The commentaries about travel impress Helen.,The commentaries about travel impresses Helen.,morphology,subject_verb_agreement,distractor_agreement_relational_noun,True,True,False,False,383,-65.89447784423828,-74.52252197265625,1
The plays about Spain do irritate this guest.,The plays about Spain does irritate this guest.,morphology,subject_verb_agreement,distractor_agreement_relational_noun,True,True,False,False,384,-65.19811248779297,-65.96597290039062,1
The father of many students is whispering.,The father of many students are whispering.,morphology,subject_verb_agreement,distractor_agreement_relational_noun,True,True,False,False,385,-45.709388732910156,-43.04859924316406,0
A nephew of many people doesn't bake.,A nephew of many people don't bake.,morphology,subject_verb_agreement,distractor_agreement_relational_noun,True,True,False,False,386,-46.384124755859375,-43.189544677734375,0
The sister of all teenagers doesn't lift a lot of skirts.,The sister of all teenagers don't lift a lot of skirts.,morphology,subject_verb_agreement,distractor_agreement_relational_noun,True,True,False,False,387,-68.95472717285156,-66.78787231445312,0
The shows about politics haven't aggravated Joel.,The shows about politics hasn't aggravated Joel.,morphology,subject_verb_agreement,distractor_agreement_relational_noun,True,True,False,False,388,-59.9229736328125,-61.010414123535156,1
A book about the Great Lakes doesn't astound Suzanne.,A book about the Great Lakes don't astound Suzanne.,morphology,subject_verb_agreement,distractor_agreement_relational_noun,True,True,False,False,389,-76.20548248291016,-76.75885009765625,1
The play about the Clintons has disagreed.,The play about the Clintons have disagreed.,morphology,subject_verb_agreement,distractor_agreement_relational_noun,True,True,False,False,390,-53.931880950927734,-55.27858352661133,1
The grandfather of the Clintons responds.,The grandfather of the Clintons respond.,morphology,subject_verb_agreement,distractor_agreement_relational_noun,True,True,False,False,391,-47.120277404785156,-46.956520080566406,0
A daughter of all doctors was imploring Kimberley to read.,A daughter of all doctors were imploring Kimberley to read.,morphology,subject_verb_agreement,distractor_agreement_relational_noun,True,True,False,False,392,-87.18753814697266,-84.66259002685547,0
The nieces of Wendy do look like many photographs.,The nieces of Wendy does look like many photographs.,morphology,subject_verb_agreement,distractor_agreement_relational_noun,True,True,False,False,393,-77.06381225585938,-75.1966552734375,0
The prints of Randolf were wasting away.,The prints of Randolf was wasting away.,morphology,subject_verb_agreement,distractor_agreement_relational_noun,True,True,False,False,394,-63.790138244628906,-60.81129837036133,0
The play about the Balkans hasn't disgusted Deanna.,The play about the Balkans haven't disgusted Deanna.,morphology,subject_verb_agreement,distractor_agreement_relational_noun,True,True,False,False,395,-75.35086059570312,-74.20167541503906,0
A drawing of most prints hasn't looked like every hamster.,A drawing of most prints haven't looked like every hamster.,morphology,subject_verb_agreement,distractor_agreement_relational_noun,True,True,False,False,396,-80.09928131103516,-78.37602233886719,0
A cousin of pedestrians has gone fishing.,A cousin of pedestrians have gone fishing.,morphology,subject_verb_agreement,distractor_agreement_relational_noun,True,True,False,False,397,-49.905517578125,-50.265106201171875,1
The sisters of Alan do win.,The sisters of Alan does win.,morphology,subject_verb_agreement,distractor_agreement_relational_noun,True,True,False,False,398,-44.717552185058594,-43.12729263305664,0
A commentary about the Borgias does scare some cashiers.,A commentary about the Borgias do scare some cashiers.,morphology,subject_verb_agreement,distractor_agreement_relational_noun,True,True,False,False,399,-89.34941101074219,-90.38418579101562,1
A movie about the Clintons isn't winning.,A movie about the Clintons weren't winning.,morphology,subject_verb_agreement,distractor_agreement_relational_noun,True,True,False,False,400,-53.35123062133789,-56.03535461425781,1
The pictures of Douglas do annoy Dana.,The pictures of Douglas does annoy Dana.,morphology,subject_verb_agreement,distractor_agreement_relational_noun,True,True,False,False,401,-57.74169921875,-56.75011444091797,0
A pamphlet about the Borgias has bothered Samantha.,A pamphlet about the Borgias have bothered Samantha.,morphology,subject_verb_agreement,distractor_agreement_relational_noun,True,True,False,False,402,-70.8492431640625,-73.30274963378906,1
The pamphlets about Galileo haven't sounded like Roger.,The pamphlets about Galileo hasn't sounded like Roger.,morphology,subject_verb_agreement,distractor_agreement_relational_noun,True,True,False,False,403,-74.23197174072266,-73.8697509765625,0
The sister of the Impressionists appears to exit this lake.,The sister of the Impressionists appear to exit this lake.,morphology,subject_verb_agreement,distractor_agreement_relational_noun,True,True,False,False,404,-81.75059509277344,-82.21237182617188,1
The granddaughters of Curtis haven't fixed most couches.,The granddaughters of Curtis hasn't fixed most couches.,morphology,subject_verb_agreement,distractor_agreement_relational_noun,True,True,False,False,405,-88.05661010742188,-87.34109497070312,0
The paintings of the spotlight astound these women.,The paintings of the spotlight astounds these women.,morphology,subject_verb_agreement,distractor_agreement_relational_noun,True,True,False,False,406,-64.16143035888672,-64.5714340209961,1
An essay about the Borgias does scare some waiter.,An essay about the Borgias do scare some waiter.,morphology,subject_verb_agreement,distractor_agreement_relational_noun,True,True,False,False,407,-77.61898803710938,-78.92012023925781,1
The cousins of Tanya aren't biking to this mall.,The cousins of Tanya wasn't biking to this mall.,morphology,subject_verb_agreement,distractor_agreement_relational_noun,True,True,False,False,408,-75.68511962890625,-75.156005859375,0
A daughter of some people hasn't disagreed.,A daughter of some people haven't disagreed.,morphology,subject_verb_agreement,distractor_agreement_relational_noun,True,True,False,False,409,-48.621368408203125,-44.91358947753906,0
A cousin of some boys was biking to some hills.,A cousin of some boys are biking to some hills.,morphology,subject_verb_agreement,distractor_agreement_relational_noun,True,True,False,False,410,-68.2492446899414,-64.3883056640625,0
The picture of these jackets does disturb Carlos.,The picture of these jackets do disturb Carlos.,morphology,subject_verb_agreement,distractor_agreement_relational_noun,True,True,False,False,411,-60.61418533325195,-59.52594757080078,0
A movie about the Balkans bothers most boys.,A movie about the Balkans bother most boys.,morphology,subject_verb_agreement,distractor_agreement_relational_noun,True,True,False,False,412,-59.48440170288086,-60.56299591064453,1
The drawings of every snake have embarrassed Stacey.,The drawings of every snake has embarrassed Stacey.,morphology,subject_verb_agreement,distractor_agreement_relational_noun,True,True,False,False,413,-68.59133911132812,-66.41447448730469,0
The movie about the Balkans does aggravate Bethany.,The movie about the Balkans do aggravate Bethany.,morphology,subject_verb_agreement,distractor_agreement_relational_noun,True,True,False,False,414,-71.96609497070312,-72.62590026855469,1
The sons of Jesus prod the Borgias to concur.,The sons of Jesus prods the Borgias to concur.,morphology,subject_verb_agreement,distractor_agreement_relational_noun,True,True,False,False,415,-87.80503845214844,-90.05217742919922,1
The sons of Victoria are suffering.,The sons of Victoria was suffering.,morphology,subject_verb_agreement,distractor_agreement_relational_noun,True,True,False,False,416,-39.97685241699219,-37.113712310791016,0
A son of many boys wasn't compelling Becky's associates to conspire.,A son of many boys weren't compelling Becky's associates to conspire.,morphology,subject_verb_agreement,distractor_agreement_relational_noun,True,True,False,False,417,-100.96372985839844,-99.97884368896484,0
A son of the Clintons jokes around.,A son of the Clintons joke around.,morphology,subject_verb_agreement,distractor_agreement_relational_noun,True,True,False,False,418,-54.09816360473633,-53.20585632324219,0
A newspaper article about the Impressionists does annoy Larry.,A newspaper article about the Impressionists do annoy Larry.,morphology,subject_verb_agreement,distractor_agreement_relational_noun,True,True,False,False,419,-86.55647277832031,-85.9351806640625,0
The mothers of Suzanne doubt Robert commanded Marie's nephew to bike to those closets.,The mothers of Suzanne doubts Robert commanded Marie's nephew to bike to those closets.,morphology,subject_verb_agreement,distractor_agreement_relational_noun,True,True,False,False,420,-119.84685516357422,-124.14199829101562,1
A daughter of the pedestrians hasn't discovered who is shrugging.,A daughter of the pedestrians haven't discovered who is shrugging.,morphology,subject_verb_agreement,distractor_agreement_relational_noun,True,True,False,False,421,-88.36959838867188,-87.17494201660156,0
The paintings of Christine don't disappear.,The paintings of Christine doesn't disappear.,morphology,subject_verb_agreement,distractor_agreement_relational_noun,True,True,False,False,422,-44.245079040527344,-44.4566535949707,1
The grandsons of Tiffany haven't required Lisa's brother to irritate this association.,The grandsons of Tiffany hasn't required Lisa's brother to irritate this association.,morphology,subject_verb_agreement,distractor_agreement_relational_noun,True,True,False,False,423,-123.53273010253906,-121.51222229003906,0
The drawings of Homer look like many sketches.,The drawings of Homer looks like many sketches.,morphology,subject_verb_agreement,distractor_agreement_relational_noun,True,True,False,False,424,-54.83362579345703,-52.14387512207031,0
A sister of most men hasn't want to hide.,A sister of most men haven't want to hide.,morphology,subject_verb_agreement,distractor_agreement_relational_noun,True,True,False,False,425,-56.34497833251953,-54.46186447143555,0
The paintings of Connie appear.,The paintings of Connie appears.,morphology,subject_verb_agreement,distractor_agreement_relational_noun,True,True,False,False,426,-40.0884895324707,-38.95278549194336,0
The painting of these cars doesn't vanish.,The painting of these cars don't vanish.,morphology,subject_verb_agreement,distractor_agreement_relational_noun,True,True,False,False,427,-45.28357696533203,-44.287200927734375,0
A story about the Balkans isn't distracting Omar.,A story about the Balkans aren't distracting Omar.,morphology,subject_verb_agreement,distractor_agreement_relational_noun,True,True,False,False,428,-63.71229553222656,-64.05876159667969,1
The grandfathers of Gina haven't forgotten about who hasn't escaped from James.,The grandfathers of Gina hasn't forgotten about who hasn't escaped from James.,morphology,subject_verb_agreement,distractor_agreement_relational_noun,True,True,False,False,429,-93.32256317138672,-93.95976257324219,1
The brother of cashiers hasn't sneezed.,The brother of cashiers haven't sneezed.,morphology,subject_verb_agreement,distractor_agreement_relational_noun,True,True,False,False,430,-63.09770965576172,-62.50145721435547,0
The drawings of Tanya don't bore Noah.,The drawings of Tanya doesn't bore Noah.,morphology,subject_verb_agreement,distractor_agreement_relational_noun,True,True,False,False,431,-62.17919921875,-62.393070220947266,1
The father of the Impressionists hasn't hurt every guy.,The father of the Impressionists haven't hurt every guy.,morphology,subject_verb_agreement,distractor_agreement_relational_noun,True,True,False,False,432,-76.00486755371094,-75.14300537109375,0
The stories about Galileo have disturbed Victoria.,The stories about Galileo has disturbed Victoria.,morphology,subject_verb_agreement,distractor_agreement_relational_noun,True,True,False,False,433,-58.061302185058594,-56.428138732910156,0
The nieces of that lady don't ascertain all legislatures to testify.,The nieces of that lady doesn't ascertain all legislatures to testify.,morphology,subject_verb_agreement,distractor_agreement_relational_noun,True,True,False,False,434,-95.8443603515625,-95.84919738769531,1
A drawing of all steps was looking like that drawing.,A drawing of all steps are looking like that drawing.,morphology,subject_verb_agreement,distractor_agreement_relational_noun,True,True,False,False,435,-61.6576042175293,-60.81237030029297,0
The nieces of Angela don't annoy Carl.,The nieces of Angela doesn't annoy Carl.,morphology,subject_verb_agreement,distractor_agreement_relational_noun,True,True,False,False,436,-69.0296630859375,-69.2320785522461,1
The stories about music have stunned Elizabeth.,The stories about music has stunned Elizabeth.,morphology,subject_verb_agreement,distractor_agreement_relational_noun,True,True,False,False,437,-52.924583435058594,-51.786781311035156,0
The newspaper articles about Monet disappear.,The newspaper articles about Monet disappears.,morphology,subject_verb_agreement,distractor_agreement_relational_noun,True,True,False,False,438,-56.6339111328125,-57.41798782348633,1
A grandson of most pedestrians is seeming to marry.,A grandson of most pedestrians are seeming to marry.,morphology,subject_verb_agreement,distractor_agreement_relational_noun,True,True,False,False,439,-62.504737854003906,-62.481937408447266,0
The books about Monet aren't vanishing.,The books about Monet wasn't vanishing.,morphology,subject_verb_agreement,distractor_agreement_relational_noun,True,True,False,False,440,-56.36116027832031,-55.72453308105469,0
The book about the Impressionists doesn't vanish.,The book about the Impressionists don't vanish.,morphology,subject_verb_agreement,distractor_agreement_relational_noun,True,True,False,False,441,-64.77700805664062,-62.52675247192383,0
The movie about the Great Lakes shocks Carol.,The movie about the Great Lakes shock Carol.,morphology,subject_verb_agreement,distractor_agreement_relational_noun,True,True,False,False,442,-59.37488555908203,-57.628196716308594,0
The sons of Dennis don't explain everything.,The sons of Dennis doesn't explain everything.,morphology,subject_verb_agreement,distractor_agreement_relational_noun,True,True,False,False,443,-47.85144805908203,-49.44795608520508,1
The report about the Borgias wasn't confusing Clyde.,The report about the Borgias weren't confusing Clyde.,morphology,subject_verb_agreement,distractor_agreement_relational_noun,True,True,False,False,444,-70.78256225585938,-73.0112075805664,1
The fathers of Sheila research art.,The fathers of Sheila researches art.,morphology,subject_verb_agreement,distractor_agreement_relational_noun,True,True,False,False,445,-49.16604995727539,-56.46226501464844,1
The nephews of Stephen do resemble these paintings.,The nephews of Stephen does resemble these paintings.,morphology,subject_verb_agreement,distractor_agreement_relational_noun,True,True,False,False,446,-66.32315826416016,-65.82245635986328,0
The cousins of Naomi do admire the eye.,The cousins of Naomi does admire the eye.,morphology,subject_verb_agreement,distractor_agreement_relational_noun,True,True,False,False,447,-57.39395523071289,-57.80656814575195,1
A sister of these adults does worry Aaron.,A sister of these adults do worry Aaron.,morphology,subject_verb_agreement,distractor_agreement_relational_noun,True,True,False,False,448,-61.98970031738281,-59.42127990722656,0
The grandmother of men threatens to write.,The grandmother of men threaten to write.,morphology,subject_verb_agreement,distractor_agreement_relational_noun,True,True,False,False,449,-46.99979019165039,-46.99934387207031,0
The movie about the Great Lakes distracts Florence.,The movie about the Great Lakes distract Florence.,morphology,subject_verb_agreement,distractor_agreement_relational_noun,True,True,False,False,450,-63.79102325439453,-55.6866569519043,0
A drawing of a lot of carts has embarrassed many museums.,A drawing of a lot of carts have embarrassed many museums.,morphology,subject_verb_agreement,distractor_agreement_relational_noun,True,True,False,False,451,-71.78601837158203,-72.29329681396484,1
The paintings of Joel were looking like all prints.,The paintings of Joel was looking like all prints.,morphology,subject_verb_agreement,distractor_agreement_relational_noun,True,True,False,False,452,-63.431007385253906,-61.54396057128906,0
The shows about Spain were alarming that person.,The shows about Spain was alarming that person.,morphology,subject_verb_agreement,distractor_agreement_relational_noun,True,True,False,False,453,-57.262969970703125,-55.42730712890625,0
The paintings of the restaurant shock Donald.,The paintings of the restaurant shocks Donald.,morphology,subject_verb_agreement,distractor_agreement_relational_noun,True,True,False,False,454,-49.37644958496094,-51.12482833862305,1
The photograph of these glasses wasn't irritating Homer.,The photograph of these glasses aren't irritating Homer.,morphology,subject_verb_agreement,distractor_agreement_relational_noun,True,True,False,False,455,-63.87681579589844,-62.56798553466797,0
The movies about literature alarm Bruce.,The movies about literature alarms Bruce.,morphology,subject_verb_agreement,distractor_agreement_relational_noun,True,True,False,False,456,-52.15602111816406,-54.08617401123047,1
A drawing of these mushrooms hasn't annoyed a lady.,A drawing of these mushrooms haven't annoyed a lady.,morphology,subject_verb_agreement,distractor_agreement_relational_noun,True,True,False,False,457,-64.91595458984375,-63.70292663574219,0
The paintings of this broccoli don't stun Roger.,The paintings of this broccoli doesn't stun Roger.,morphology,subject_verb_agreement,distractor_agreement_relational_noun,True,True,False,False,458,-63.2581672668457,-64.03174591064453,1
The sister of some guys doesn't think Stacy can't wear many pants.,The sister of some guys don't think Stacy can't wear many pants.,morphology,subject_verb_agreement,distractor_agreement_relational_noun,True,True,False,False,459,-85.17501831054688,-80.04684448242188,0
The prints of Denise look like most drawings.,The prints of Denise looks like most drawings.,morphology,subject_verb_agreement,distractor_agreement_relational_noun,True,True,False,False,460,-57.320369720458984,-55.08594512939453,0
The newspaper articles about Monet were boring Robert.,The newspaper articles about Monet was boring Robert.,morphology,subject_verb_agreement,distractor_agreement_relational_noun,True,True,False,False,461,-75.6612548828125,-73.22898864746094,0
A movie about the Borgias doesn't sound like Katherine.,A movie about the Borgias don't sound like Katherine.,morphology,subject_verb_agreement,distractor_agreement_relational_noun,True,True,False,False,462,-68.87263488769531,-68.16239166259766,0
The essays about science do disgust that legislature.,The essays about science does disgust that legislature.,morphology,subject_verb_agreement,distractor_agreement_relational_noun,True,True,False,False,463,-65.177978515625,-63.9708137512207,0
The brochure about the Impressionists isn't upsetting Caroline.,The brochure about the Impressionists weren't upsetting Caroline.,morphology,subject_verb_agreement,distractor_agreement_relational_noun,True,True,False,False,464,-90.32978820800781,-90.85145568847656,1
The sisters of Tammy clean a lake.,The sisters of Tammy cleans a lake.,morphology,subject_verb_agreement,distractor_agreement_relational_noun,True,True,False,False,465,-51.772132873535156,-52.42881774902344,1
A book about current events hasn't aggravated Christina.,A book about current events haven't aggravated Christina.,morphology,subject_verb_agreement,distractor_agreement_relational_noun,True,True,False,False,466,-71.05290222167969,-69.00332641601562,0
The photograph of the dogs has impressed Judy.,The photograph of the dogs have impressed Judy.,morphology,subject_verb_agreement,distractor_agreement_relational_noun,True,True,False,False,467,-52.42704772949219,-50.89579772949219,0
The movies about Galileo haven't won.,The movies about Galileo hasn't won.,morphology,subject_verb_agreement,distractor_agreement_relational_noun,True,True,False,False,468,-51.503562927246094,-51.09484100341797,0
The picture of most students doesn't alarm Amelia.,The picture of most students don't alarm Amelia.,morphology,subject_verb_agreement,distractor_agreement_relational_noun,True,True,False,False,469,-62.27466583251953,-60.314395904541016,0
A movie about current events disturbs a lot of senators.,A movie about current events disturb a lot of senators.,morphology,subject_verb_agreement,distractor_agreement_relational_noun,True,True,False,False,470,-77.97246551513672,-67.58187103271484,0
The friends of Carl aren't approaching Guy.,The friends of Carl isn't approaching Guy.,morphology,subject_verb_agreement,distractor_agreement_relational_noun,True,True,False,False,471,-55.42284393310547,-54.5478515625,0
The pictures of some skirt alarm that adult.,The pictures of some skirt alarms that adult.,morphology,subject_verb_agreement,distractor_agreement_relational_noun,True,True,False,False,472,-61.17155456542969,-62.390785217285156,1
The grandfathers of every guest entreat Angela to get a job.,The grandfathers of every guest entreats Angela to get a job.,morphology,subject_verb_agreement,distractor_agreement_relational_noun,True,True,False,False,473,-84.2742919921875,-90.13986206054688,1
The commentaries about music stun those companies.,The commentaries about music stuns those companies.,morphology,subject_verb_agreement,distractor_agreement_relational_noun,True,True,False,False,474,-68.99639892578125,-78.04161071777344,1
The mothers of some adult have healed Patricia.,The mothers of some adult has healed Patricia.,morphology,subject_verb_agreement,distractor_agreement_relational_noun,True,True,False,False,475,-64.82664489746094,-64.82872772216797,1
A sketch of most computers falls.,A sketch of most computers fall.,morphology,subject_verb_agreement,distractor_agreement_relational_noun,True,True,False,False,476,-46.134605407714844,-45.761207580566406,0
The documentary about the Lutherans distracts James.,The documentary about the Lutherans distract James.,morphology,subject_verb_agreement,distractor_agreement_relational_noun,True,True,False,False,477,-72.0174560546875,-68.16771697998047,0
The essays about art have astounded Theresa.,The essays about art has astounded Theresa.,morphology,subject_verb_agreement,distractor_agreement_relational_noun,True,True,False,False,478,-66.9228744506836,-65.7309341430664,0
The granddaughters of Cindy induce some child to forfeit.,The granddaughters of Cindy induces some child to forfeit.,morphology,subject_verb_agreement,distractor_agreement_relational_noun,True,True,False,False,479,-83.2347640991211,-84.64602661132812,1
The mothers of Monica were attacking Victoria.,The mothers of Monica is attacking Victoria.,morphology,subject_verb_agreement,distractor_agreement_relational_noun,True,True,False,False,480,-53.45494079589844,-52.06465530395508,0
The books about Winston Churchill do distract Sally.,The books about Winston Churchill does distract Sally.,morphology,subject_verb_agreement,distractor_agreement_relational_noun,True,True,False,False,481,-67.70941162109375,-67.39012145996094,0
The grandmother of a lot of actresses wasn't discovering who hadn't responded.,The grandmother of a lot of actresses weren't discovering who hadn't responded.,morphology,subject_verb_agreement,distractor_agreement_relational_noun,True,True,False,False,482,-88.24394226074219,-88.94065856933594,1
The reports about Galileo aren't falling.,The reports about Galileo isn't falling.,morphology,subject_verb_agreement,distractor_agreement_relational_noun,True,True,False,False,483,-52.122337341308594,-50.95264434814453,0
The reports about literature do impress Omar.,The reports about literature does impress Omar.,morphology,subject_verb_agreement,distractor_agreement_relational_noun,True,True,False,False,484,-62.051963806152344,-60.19902420043945,0
A commentary about the Borgias was boring Colleen.,A commentary about the Borgias are boring Colleen.,morphology,subject_verb_agreement,distractor_agreement_relational_noun,True,True,False,False,485,-78.74613189697266,-79.38742065429688,1
The grandfathers of Gary don't hunt.,The grandfathers of Gary doesn't hunt.,morphology,subject_verb_agreement,distractor_agreement_relational_noun,True,True,False,False,486,-52.70487976074219,-52.39897918701172,0
The mother of the Impressionists doesn't annoy Dan.,The mother of the Impressionists don't annoy Dan.,morphology,subject_verb_agreement,distractor_agreement_relational_noun,True,True,False,False,487,-74.45880126953125,-72.35118103027344,0
The show about the Lutherans does disgust Marla.,The show about the Lutherans do disgust Marla.,morphology,subject_verb_agreement,distractor_agreement_relational_noun,True,True,False,False,488,-78.04875946044922,-75.9604721069336,0
The play about the Borgias has won.,The play about the Borgias have won.,morphology,subject_verb_agreement,distractor_agreement_relational_noun,True,True,False,False,489,-53.39811325073242,-56.195343017578125,1
The paintings of Danielle weren't aggravating Galileo.,The paintings of Danielle isn't aggravating Galileo.,morphology,subject_verb_agreement,distractor_agreement_relational_noun,True,True,False,False,490,-68.88306427001953,-66.42068481445312,0
The drawings of Mary do bore the Borgias.,The drawings of Mary does bore the Borgias.,morphology,subject_verb_agreement,distractor_agreement_relational_noun,True,True,False,False,491,-65.97947692871094,-65.50537872314453,0
The show about the Great Lakes aggravates Michael.,The show about the Great Lakes aggravate Michael.,morphology,subject_verb_agreement,distractor_agreement_relational_noun,True,True,False,False,492,-62.09252166748047,-60.53441619873047,0
The prints of Pamela vanish.,The prints of Pamela vanishes.,morphology,subject_verb_agreement,distractor_agreement_relational_noun,True,True,False,False,493,-40.724639892578125,-49.767303466796875,1
A granddaughter of a lot of teachers isn't judging Carla to complain.,A granddaughter of a lot of teachers weren't judging Carla to complain.,morphology,subject_verb_agreement,distractor_agreement_relational_noun,True,True,False,False,494,-84.75602722167969,-83.78831481933594,0
A cousin of ladies wonders who is running around all public parks.,A cousin of ladies wonder who is running around all public parks.,morphology,subject_verb_agreement,distractor_agreement_relational_noun,True,True,False,False,495,-82.43378448486328,-80.04782104492188,0
The shows about Galileo do disturb some university.,The shows about Galileo does disturb some university.,morphology,subject_verb_agreement,distractor_agreement_relational_noun,True,True,False,False,496,-63.35943603515625,-61.1860466003418,0
The friends of that child have irritated Allison.,The friends of that child has irritated Allison.,morphology,subject_verb_agreement,distractor_agreement_relational_noun,True,True,False,False,497,-58.23189926147461,-56.621551513671875,0
The pamphlets about Monet have sounded like public parks.,The pamphlets about Monet has sounded like public parks.,morphology,subject_verb_agreement,distractor_agreement_relational_noun,True,True,False,False,498,-83.8379898071289,-81.61381530761719,0
A painting of those bikes is scaring Laura.,A painting of those bikes are scaring Laura.,morphology,subject_verb_agreement,distractor_agreement_relational_noun,True,True,False,False,499,-60.54981994628906,-59.116729736328125,0
The paintings of a guy are scaring Homer.,The paintings of a guy is scaring Homer.,morphology,subject_verb_agreement,distractor_agreement_relational_noun,True,True,False,False,500,-59.79804229736328,-56.840728759765625,0
The pictures of this picture have vanished.,The pictures of this picture has vanished.,morphology,subject_verb_agreement,distractor_agreement_relational_noun,True,True,False,False,501,-39.198272705078125,-37.76860046386719,0
The print of those projectors confuses Tara.,The print of those projectors confuse Tara.,morphology,subject_verb_agreement,distractor_agreement_relational_noun,True,True,False,False,502,-76.0074462890625,-67.66650390625,0
The sketches of some slope weren't shocking Barbara.,The sketches of some slope isn't shocking Barbara.,morphology,subject_verb_agreement,distractor_agreement_relational_noun,True,True,False,False,503,-67.10284423828125,-65.49725341796875,0
A commentary about the Clintons does irritate Marla.,A commentary about the Clintons do irritate Marla.,morphology,subject_verb_agreement,distractor_agreement_relational_noun,True,True,False,False,504,-80.04742431640625,-80.69827270507812,1
The photograph of actresses does hurt Cynthia.,The photograph of actresses do hurt Cynthia.,morphology,subject_verb_agreement,distractor_agreement_relational_noun,True,True,False,False,505,-56.82724380493164,-58.70098114013672,1
The books about literature scare Michael.,The books about literature scares Michael.,morphology,subject_verb_agreement,distractor_agreement_relational_noun,True,True,False,False,506,-48.89046096801758,-47.852081298828125,0
The books about music hurt Becca.,The books about music hurts Becca.,morphology,subject_verb_agreement,distractor_agreement_relational_noun,True,True,False,False,507,-52.46532440185547,-52.34220886230469,0
The mothers of Joel have attacked Bethany.,The mothers of Joel has attacked Bethany.,morphology,subject_verb_agreement,distractor_agreement_relational_noun,True,True,False,False,508,-62.83921813964844,-61.19782638549805,0
The son of most customers hasn't thought Jacqueline isn't biking to these cafes.,The son of most customers haven't thought Jacqueline isn't biking to these cafes.,morphology,subject_verb_agreement,distractor_agreement_relational_noun,True,True,False,False,509,-114.513671875,-112.18306732177734,0
The grandmothers of Stephanie do upset Ellen.,The grandmothers of Stephanie does upset Ellen.,morphology,subject_verb_agreement,distractor_agreement_relational_noun,True,True,False,False,510,-61.50835418701172,-61.58595275878906,1
The shows about Harvard University have upset those guests.,The shows about Harvard University has upset those guests.,morphology,subject_verb_agreement,distractor_agreement_relational_noun,True,True,False,False,511,-68.03510284423828,-66.56800842285156,0
The daughter of those girls has studied.,The daughter of those girls have studied.,morphology,subject_verb_agreement,distractor_agreement_relational_noun,True,True,False,False,512,-41.62830352783203,-38.9986572265625,0
The brother of those adults does forget Kristen.,The brother of those adults do forget Kristen.,morphology,subject_verb_agreement,distractor_agreement_relational_noun,True,True,False,False,513,-61.82859802246094,-60.065513610839844,0
The nephew of guys does clean a movie theater.,The nephew of guys do clean a movie theater.,morphology,subject_verb_agreement,distractor_agreement_relational_noun,True,True,False,False,514,-64.97342681884766,-63.93001174926758,0
The commentaries about art bother Galileo.,The commentaries about art bothers Galileo.,morphology,subject_verb_agreement,distractor_agreement_relational_noun,True,True,False,False,515,-68.88273620605469,-68.08073425292969,0
The book about the Clintons does disturb the hospital.,The book about the Clintons do disturb the hospital.,morphology,subject_verb_agreement,distractor_agreement_relational_noun,True,True,False,False,516,-58.00646209716797,-58.90647888183594,1
The fathers of Cindy do fail to clean many reports.,The fathers of Cindy does fail to clean many reports.,morphology,subject_verb_agreement,distractor_agreement_relational_noun,True,True,False,False,517,-71.83536529541016,-71.52804565429688,0
The movie about the Balkans isn't irritating Tammy.,The movie about the Balkans aren't irritating Tammy.,morphology,subject_verb_agreement,distractor_agreement_relational_noun,True,True,False,False,518,-65.66121673583984,-65.94017028808594,1
The fathers of George were scanning that report.,The fathers of George was scanning that report.,morphology,subject_verb_agreement,distractor_agreement_relational_noun,True,True,False,False,519,-57.91680145263672,-55.25507354736328,0
The newspaper article about the Lutherans doesn't appear.,The newspaper article about the Lutherans don't appear.,morphology,subject_verb_agreement,distractor_agreement_relational_noun,True,True,False,False,520,-68.41940307617188,-66.59571838378906,0
The painting of the Lutherans does bother Matt.,The painting of the Lutherans do bother Matt.,morphology,subject_verb_agreement,distractor_agreement_relational_noun,True,True,False,False,521,-69.67510986328125,-68.24942016601562,0
The sister of all cashiers forces Andrea's best friend to cry.,The sister of all cashiers force Andrea's best friend to cry.,morphology,subject_verb_agreement,distractor_agreement_relational_noun,True,True,False,False,522,-91.8757095336914,-88.35887145996094,0
The drawings of Ruth were hurting that lady.,The drawings of Ruth is hurting that lady.,morphology,subject_verb_agreement,distractor_agreement_relational_noun,True,True,False,False,523,-56.217979431152344,-53.84117126464844,0
The prints of Carrie do scare a patient.,The prints of Carrie does scare a patient.,morphology,subject_verb_agreement,distractor_agreement_relational_noun,True,True,False,False,524,-61.06293487548828,-59.33390808105469,0
The brochures about literature are impressing Ellen.,The brochures about literature is impressing Ellen.,morphology,subject_verb_agreement,distractor_agreement_relational_noun,True,True,False,False,525,-69.0357437133789,-68.18090057373047,0
The paintings of a gate haven't worried that hospital.,The paintings of a gate hasn't worried that hospital.,morphology,subject_verb_agreement,distractor_agreement_relational_noun,True,True,False,False,526,-61.278076171875,-62.145076751708984,1
A picture of those carriages does impress a woman.,A picture of those carriages do impress a woman.,morphology,subject_verb_agreement,distractor_agreement_relational_noun,True,True,False,False,527,-66.50372314453125,-66.25103759765625,0
The friends of Ruth weren't hugging Scott.,The friends of Ruth wasn't hugging Scott.,morphology,subject_verb_agreement,distractor_agreement_relational_noun,True,True,False,False,528,-55.50055694580078,-54.363441467285156,0
The drawings of every sketch haven't impressed Holly.,The drawings of every sketch hasn't impressed Holly.,morphology,subject_verb_agreement,distractor_agreement_relational_noun,True,True,False,False,529,-65.35716247558594,-65.30508422851562,0
The nephew of most adults is arriving at this high school.,The nephew of most adults are arriving at this high school.,morphology,subject_verb_agreement,distractor_agreement_relational_noun,True,True,False,False,530,-65.29220581054688,-64.03157043457031,0
The nieces of Rachel have sat down.,The nieces of Rachel has sat down.,morphology,subject_verb_agreement,distractor_agreement_relational_noun,True,True,False,False,531,-58.349002838134766,-57.115562438964844,0
The grandfathers of Charles have escaped.,The grandfathers of Charles has escaped.,morphology,subject_verb_agreement,distractor_agreement_relational_noun,True,True,False,False,532,-46.298973083496094,-45.14191436767578,0
The fathers of Becky haven't left a lot of glaciers.,The fathers of Becky hasn't left a lot of glaciers.,morphology,subject_verb_agreement,distractor_agreement_relational_noun,True,True,False,False,533,-64.66712951660156,-63.51033401489258,0
The grandsons of Julia haven't obliged Veronica to reveal Dennis.,The grandsons of Julia hasn't obliged Veronica to reveal Dennis.,morphology,subject_verb_agreement,distractor_agreement_relational_noun,True,True,False,False,534,-100.79489135742188,-99.39292907714844,0
The reports about Spain don't astound Richard.,The reports about Spain doesn't astound Richard.,morphology,subject_verb_agreement,distractor_agreement_relational_noun,True,True,False,False,535,-69.70389556884766,-69.80162048339844,1
The prints of a skirt were looking like every sketch.,The prints of a skirt is looking like every sketch.,morphology,subject_verb_agreement,distractor_agreement_relational_noun,True,True,False,False,536,-64.21966552734375,-62.529136657714844,0
The paintings of Ruth do disgust some university.,The paintings of Ruth does disgust some university.,morphology,subject_verb_agreement,distractor_agreement_relational_noun,True,True,False,False,537,-64.16644287109375,-62.817237854003906,0
The story about the Balkans has irritated Roger.,The story about the Balkans have irritated Roger.,morphology,subject_verb_agreement,distractor_agreement_relational_noun,True,True,False,False,538,-53.40742492675781,-55.322105407714844,1
The grandson of many adults believes Liam to clean chairs.,The grandson of many adults believe Liam to clean chairs.,morphology,subject_verb_agreement,distractor_agreement_relational_noun,True,True,False,False,539,-76.56852722167969,-73.38041687011719,0
The granddaughter of the Borgias coughs.,The granddaughter of the Borgias cough.,morphology,subject_verb_agreement,distractor_agreement_relational_noun,True,True,False,False,540,-52.106895446777344,-49.03926086425781,0
The drawings of every chair are disappearing.,The drawings of every chair is disappearing.,morphology,subject_verb_agreement,distractor_agreement_relational_noun,True,True,False,False,541,-48.712928771972656,-47.54053497314453,0
The books about politics don't distract Roger.,The books about politics doesn't distract Roger.,morphology,subject_verb_agreement,distractor_agreement_relational_noun,True,True,False,False,542,-54.60057067871094,-55.908119201660156,1
The reports about Harvard University haven't stunned Kevin.,The reports about Harvard University hasn't stunned Kevin.,morphology,subject_verb_agreement,distractor_agreement_relational_noun,True,True,False,False,543,-68.95570373535156,-69.3813705444336,1
A drawing of most unicycles confuses Gerald.,A drawing of most unicycles confuse Gerald.,morphology,subject_verb_agreement,distractor_agreement_relational_noun,True,True,False,False,544,-85.89000701904297,-77.97579193115234,0
The pamphlets about Harvard University upset Dennis.,The pamphlets about Harvard University upsets Dennis.,morphology,subject_verb_agreement,distractor_agreement_relational_noun,True,True,False,False,545,-69.2618637084961,-77.62608337402344,1
The mother of those teenagers hasn't screamed.,The mother of those teenagers haven't screamed.,morphology,subject_verb_agreement,distractor_agreement_relational_noun,True,True,False,False,546,-54.41687774658203,-52.4910888671875,0
A painting of some forks does hurt Randolf.,A painting of some forks do hurt Randolf.,morphology,subject_verb_agreement,distractor_agreement_relational_noun,True,True,False,False,547,-72.39994812011719,-72.38015747070312,0
The stories about Spain don't bore a lot of pedestrians.,The stories about Spain doesn't bore a lot of pedestrians.,morphology,subject_verb_agreement,distractor_agreement_relational_noun,True,True,False,False,548,-64.70807647705078,-65.05658721923828,1
The pamphlets about Harvard University aren't disgusting Suzanne.,The pamphlets about Harvard University wasn't disgusting Suzanne.,morphology,subject_verb_agreement,distractor_agreement_relational_noun,True,True,False,False,549,-79.62045288085938,-79.34000396728516,0
A newspaper article about the Impressionists hasn't disappeared.,A newspaper article about the Impressionists haven't disappeared.,morphology,subject_verb_agreement,distractor_agreement_relational_noun,True,True,False,False,550,-74.71139526367188,-73.42222595214844,0
The brochures about Monet have fallen.,The brochures about Monet has fallen.,morphology,subject_verb_agreement,distractor_agreement_relational_noun,True,True,False,False,551,-56.872737884521484,-55.0141487121582,0
A father of adults observes Sally.,A father of adults observe Sally.,morphology,subject_verb_agreement,distractor_agreement_relational_noun,True,True,False,False,552,-50.146400451660156,-49.049354553222656,0
The brothers of David implore Wendy to conceal Theodore.,The brothers of David implores Wendy to conceal Theodore.,morphology,subject_verb_agreement,distractor_agreement_relational_noun,True,True,False,False,553,-78.26829528808594,-79.79579162597656,1
The friends of Raymond don't imagine Robert hadn't compelled Denise to wear those scarves.,The friends of Raymond doesn't imagine Robert hadn't compelled Denise to wear those scarves.,morphology,subject_verb_agreement,distractor_agreement_relational_noun,True,True,False,False,554,-118.39531707763672,-119.3779296875,1
The granddaughters of Bill don't spin around.,The granddaughters of Bill doesn't spin around.,morphology,subject_verb_agreement,distractor_agreement_relational_noun,True,True,False,False,555,-63.92672348022461,-63.78327178955078,0
The prints of Naomi do irritate Tiffany.,The prints of Naomi does irritate Tiffany.,morphology,subject_verb_agreement,distractor_agreement_relational_noun,True,True,False,False,556,-63.94843292236328,-64.2821044921875,1
The documentaries about Spain do disgust Sally.,The documentaries about Spain does disgust Sally.,morphology,subject_verb_agreement,distractor_agreement_relational_noun,True,True,False,False,557,-65.62474060058594,-65.91702270507812,1
A picture of those turtles doesn't worry Charles.,A picture of those turtles don't worry Charles.,morphology,subject_verb_agreement,distractor_agreement_relational_noun,True,True,False,False,558,-54.350067138671875,-52.04277420043945,0
The grandfathers of Ella scare Steven.,The grandfathers of Ella scares Steven.,morphology,subject_verb_agreement,distractor_agreement_relational_noun,True,True,False,False,559,-56.404090881347656,-56.9205207824707,1
The grandsons of Carol were disappearing.,The grandsons of Carol is disappearing.,morphology,subject_verb_agreement,distractor_agreement_relational_noun,True,True,False,False,560,-59.59193420410156,-58.92816925048828,0
The print of all sweaters does irritate these ladies.,The print of all sweaters do irritate these ladies.,morphology,subject_verb_agreement,distractor_agreement_relational_noun,True,True,False,False,561,-80.80009460449219,-79.29618072509766,0
The cousins of Diana don't sing.,The cousins of Diana doesn't sing.,morphology,subject_verb_agreement,distractor_agreement_relational_noun,True,True,False,False,562,-43.589149475097656,-44.72538757324219,1
A mother of a lot of drivers wasn't requiring every legislature to appreciate some high school.,A mother of a lot of drivers weren't requiring every legislature to appreciate some high school.,morphology,subject_verb_agreement,distractor_agreement_relational_noun,True,True,False,False,563,-105.25040435791016,-105.63308715820312,1
The paintings of this light stun the company.,The paintings of this light stuns the company.,morphology,subject_verb_agreement,distractor_agreement_relational_noun,True,True,False,False,564,-51.959320068359375,-57.82435607910156,1
The sister of doctors writes.,The sister of doctors write.,morphology,subject_verb_agreement,distractor_agreement_relational_noun,True,True,False,False,565,-36.16720962524414,-35.9229736328125,0
A show about the Clintons doesn't astound Homer.,A show about the Clintons don't astound Homer.,morphology,subject_verb_agreement,distractor_agreement_relational_noun,True,True,False,False,566,-73.62299346923828,-74.97959899902344,1
A report about current events hasn't bored Heidi.,A report about current events haven't bored Heidi.,morphology,subject_verb_agreement,distractor_agreement_relational_noun,True,True,False,False,567,-72.03135681152344,-70.3173828125,0
The newspaper articles about Harvard University aren't embarrassing Beverly.,The newspaper articles about Harvard University isn't embarrassing Beverly.,morphology,subject_verb_agreement,distractor_agreement_relational_noun,True,True,False,False,568,-79.9211196899414,-78.97378540039062,0
A documentary about the Impressionists disturbs Paul.,A documentary about the Impressionists disturb Paul.,morphology,subject_verb_agreement,distractor_agreement_relational_noun,True,True,False,False,569,-81.464111328125,-72.97872161865234,0
The pictures of every student weren't disturbing Katherine.,The pictures of every student wasn't disturbing Katherine.,morphology,subject_verb_agreement,distractor_agreement_relational_noun,True,True,False,False,570,-65.30467987060547,-64.49259948730469,0
The grandfathers of Carmen do oblige every museum to debate.,The grandfathers of Carmen does oblige every museum to debate.,morphology,subject_verb_agreement,distractor_agreement_relational_noun,True,True,False,False,571,-87.57474517822266,-86.86409759521484,0
The movies about Galileo have shocked Galileo.,The movies about Galileo has shocked Galileo.,morphology,subject_verb_agreement,distractor_agreement_relational_noun,True,True,False,False,572,-62.79990005493164,-60.843353271484375,0
The pamphlet about the Clintons vanishes.,The pamphlet about the Clintons vanish.,morphology,subject_verb_agreement,distractor_agreement_relational_noun,True,True,False,False,573,-59.12974548339844,-50.70068359375,0
The son of all actresses fails to fall apart.,The son of all actresses fail to fall apart.,morphology,subject_verb_agreement,distractor_agreement_relational_noun,True,True,False,False,574,-59.07802200317383,-58.971988677978516,0
The reports about travel were distracting that child.,The reports about travel is distracting that child.,morphology,subject_verb_agreement,distractor_agreement_relational_noun,True,True,False,False,575,-62.602901458740234,-61.90497589111328,0
The fathers of Stacey have said most universities hadn't worked with the guys.,The fathers of Stacey has said most universities hadn't worked with the guys.,morphology,subject_verb_agreement,distractor_agreement_relational_noun,True,True,False,False,576,-94.73619079589844,-93.08100891113281,0
The movies about politics don't aggravate Amanda.,The movies about politics doesn't aggravate Amanda.,morphology,subject_verb_agreement,distractor_agreement_relational_noun,True,True,False,False,577,-60.417442321777344,-61.44552993774414,1
The sketch of all stairs appears.,The sketch of all stairs appear.,morphology,subject_verb_agreement,distractor_agreement_relational_noun,True,True,False,False,578,-44.62891387939453,-43.62773895263672,0
The brothers of Rodney don't resemble every print.,The brothers of Rodney doesn't resemble every print.,morphology,subject_verb_agreement,distractor_agreement_relational_noun,True,True,False,False,579,-66.25149536132812,-66.73096466064453,1
A sister of these cashiers is slumping over.,A sister of these cashiers were slumping over.,morphology,subject_verb_agreement,distractor_agreement_relational_noun,True,True,False,False,580,-69.7413101196289,-69.60332489013672,0
The sketches of Vanessa don't distract many legislatures.,The sketches of Vanessa doesn't distract many legislatures.,morphology,subject_verb_agreement,distractor_agreement_relational_noun,True,True,False,False,581,-68.04857635498047,-68.57520294189453,1
The newspaper article about the Borgias does sound like Vanessa.,The newspaper article about the Borgias do sound like Vanessa.,morphology,subject_verb_agreement,distractor_agreement_relational_noun,True,True,False,False,582,-79.57382202148438,-80.15605926513672,1
The essays about Spain stun those drivers.,The essays about Spain stuns those drivers.,morphology,subject_verb_agreement,distractor_agreement_relational_noun,True,True,False,False,583,-60.92229461669922,-69.64784240722656,1
The nephews of Kirsten do regret a lot of libraries learn who persuades these offspring to discuss James.,The nephews of Kirsten does regret a lot of libraries learn who persuades these offspring to discuss James.,morphology,subject_verb_agreement,distractor_agreement_relational_noun,True,True,False,False,584,-157.3897705078125,-156.76666259765625,0
A story about the Great Lakes was disgusting a lot of adults.,A story about the Great Lakes are disgusting a lot of adults.,morphology,subject_verb_agreement,distractor_agreement_relational_noun,True,True,False,False,585,-66.94963073730469,-66.78677368164062,0
The daughters of Suzanne hide.,The daughters of Suzanne hides.,morphology,subject_verb_agreement,distractor_agreement_relational_noun,True,True,False,False,586,-38.94367980957031,-38.99937438964844,1
The drawing of most actresses does worry Andrea.,The drawing of most actresses do worry Andrea.,morphology,subject_verb_agreement,distractor_agreement_relational_noun,True,True,False,False,587,-68.96890258789062,-68.78426361083984,0
The print of the slopes exists.,The print of the slopes exist.,morphology,subject_verb_agreement,distractor_agreement_relational_noun,True,True,False,False,588,-39.38248062133789,-38.87543487548828,0
The movie about the Balkans worries Galileo.,The movie about the Balkans worry Galileo.,morphology,subject_verb_agreement,distractor_agreement_relational_noun,True,True,False,False,589,-56.46619415283203,-57.40276336669922,1
The fathers of Barbara do believe Teresa to get fired.,The fathers of Barbara does believe Teresa to get fired.,morphology,subject_verb_agreement,distractor_agreement_relational_noun,True,True,False,False,590,-71.82815551757812,-72.70074462890625,1
The brother of some girls is going fishing.,The brother of some girls were going fishing.,morphology,subject_verb_agreement,distractor_agreement_relational_noun,True,True,False,False,591,-48.12207794189453,-45.143821716308594,0
The newspaper article about the Lutherans was annoying waitresses.,The newspaper article about the Lutherans are annoying waitresses.,morphology,subject_verb_agreement,distractor_agreement_relational_noun,True,True,False,False,592,-87.10665893554688,-85.96578979492188,0
The drawings of Becca don't impress Jill.,The drawings of Becca doesn't impress Jill.,morphology,subject_verb_agreement,distractor_agreement_relational_noun,True,True,False,False,593,-64.53057098388672,-64.85639953613281,1
The granddaughters of Roger have run around the lake.,The granddaughters of Roger has run around the lake.,morphology,subject_verb_agreement,distractor_agreement_relational_noun,True,True,False,False,594,-65.72834777832031,-64.49433898925781,0
A brochure about the Lutherans has appeared.,A brochure about the Lutherans have appeared.,morphology,subject_verb_agreement,distractor_agreement_relational_noun,True,True,False,False,595,-67.73475646972656,-68.49992370605469,1
The granddaughters of Dawn weren't arguing about Pamela.,The granddaughters of Dawn wasn't arguing about Pamela.,morphology,subject_verb_agreement,distractor_agreement_relational_noun,True,True,False,False,596,-77.56302642822266,-76.17337036132812,0
A photograph of some cafes is appearing.,A photograph of some cafes are appearing.,morphology,subject_verb_agreement,distractor_agreement_relational_noun,True,True,False,False,597,-50.939273834228516,-50.39072799682617,0
The daughters of Stacey do confuse Carlos.,The daughters of Stacey does confuse Carlos.,morphology,subject_verb_agreement,distractor_agreement_relational_noun,True,True,False,False,598,-63.22991943359375,-63.27071762084961,1
The paintings of that skirt worry Sheila.,The paintings of that skirt worries Sheila.,morphology,subject_verb_agreement,distractor_agreement_relational_noun,True,True,False,False,599,-58.26844024658203,-58.62313461303711,1
The picture of these art galleries has irritated Kendra.,The picture of these art galleries have irritated Kendra.,morphology,subject_verb_agreement,distractor_agreement_relational_noun,True,True,False,False,600,-72.16633605957031,-71.1581039428711,0
The essay about the Great Lakes confuses Brett.,The essay about the Great Lakes confuse Brett.,morphology,subject_verb_agreement,distractor_agreement_relational_noun,True,True,False,False,601,-68.38372039794922,-62.22296142578125,0
A documentary about current events astounds Bradley.,A documentary about current events astound Bradley.,morphology,subject_verb_agreement,distractor_agreement_relational_noun,True,True,False,False,602,-72.48534393310547,-70.48196411132812,0
The grandmothers of Brenda depart.,The grandmothers of Brenda departs.,morphology,subject_verb_agreement,distractor_agreement_relational_noun,True,True,False,False,603,-43.90304946899414,-50.072689056396484,1
The grandsons of that guy don't realize who sounds like Amy.,The grandsons of that guy doesn't realize who sounds like Amy.,morphology,subject_verb_agreement,distractor_agreement_relational_noun,True,True,False,False,604,-84.47911071777344,-85.57075500488281,1
The story about the Borgias has alarmed all banks.,The story about the Borgias have alarmed all banks.,morphology,subject_verb_agreement,distractor_agreement_relational_noun,True,True,False,False,605,-66.21940612792969,-68.27999114990234,1
The drawings of the doctor haven't confused Martin.,The drawings of the doctor hasn't confused Martin.,morphology,subject_verb_agreement,distractor_agreement_relational_noun,True,True,False,False,606,-54.42580795288086,-52.45515441894531,0
The nephews of Rodney weren't vanishing.,The nephews of Rodney isn't vanishing.,morphology,subject_verb_agreement,distractor_agreement_relational_noun,True,True,False,False,607,-58.243370056152344,-56.6951904296875,0
The grandmothers of Chad weren't aggravating Kayla.,The grandmothers of Chad wasn't aggravating Kayla.,morphology,subject_verb_agreement,distractor_agreement_relational_noun,True,True,False,False,608,-80.8223648071289,-78.38653564453125,0
The sketches of some mouth are wasting away.,The sketches of some mouth is wasting away.,morphology,subject_verb_agreement,distractor_agreement_relational_noun,True,True,False,False,609,-52.413307189941406,-51.428070068359375,0
The nephew of most cashiers wasn't talking.,The nephew of most cashiers aren't talking.,morphology,subject_verb_agreement,distractor_agreement_relational_noun,True,True,False,False,610,-62.45454788208008,-61.815223693847656,0
The movies about literature confuse Jacqueline.,The movies about literature confuses Jacqueline.,morphology,subject_verb_agreement,distractor_agreement_relational_noun,True,True,False,False,611,-60.69518280029297,-67.04573059082031,1
The fathers of Lissa do complain about Liam.,The fathers of Lissa does complain about Liam.,morphology,subject_verb_agreement,distractor_agreement_relational_noun,True,True,False,False,612,-66.57804870605469,-66.42584991455078,0
A niece of a lot of cashiers implores Matt to ascend a lot of steps.,A niece of a lot of cashiers implore Matt to ascend a lot of steps.,morphology,subject_verb_agreement,distractor_agreement_relational_noun,True,True,False,False,613,-109.06959533691406,-107.734130859375,0
The essays about Jesus are irritating Brett.,The essays about Jesus is irritating Brett.,morphology,subject_verb_agreement,distractor_agreement_relational_noun,True,True,False,False,614,-58.98339080810547,-57.79486846923828,0
The grandmothers of Catherine don't urge Galileo to exercise.,The grandmothers of Catherine doesn't urge Galileo to exercise.,morphology,subject_verb_agreement,distractor_agreement_relational_noun,True,True,False,False,615,-78.81147766113281,-78.79815673828125,0
A son of the teachers helps Nina.,A son of the teachers help Nina.,morphology,subject_verb_agreement,distractor_agreement_relational_noun,True,True,False,False,616,-46.857635498046875,-45.33250045776367,0
The reports about science have stunned Sharon.,The reports about science has stunned Sharon.,morphology,subject_verb_agreement,distractor_agreement_relational_noun,True,True,False,False,617,-58.829750061035156,-56.99540328979492,0
The paintings of Emily have confused a bank.,The paintings of Emily has confused a bank.,morphology,subject_verb_agreement,distractor_agreement_relational_noun,True,True,False,False,618,-57.4663200378418,-55.16022491455078,0
A daughter of all dancers motivates Carrie to see every hat.,A daughter of all dancers motivate Carrie to see every hat.,morphology,subject_verb_agreement,distractor_agreement_relational_noun,True,True,False,False,619,-93.99019622802734,-85.69020080566406,0
The daughter of many adults hasn't suffered.,The daughter of many adults haven't suffered.,morphology,subject_verb_agreement,distractor_agreement_relational_noun,True,True,False,False,620,-50.729248046875,-48.13905334472656,0
The pictures of Leslie haven't bored Debra.,The pictures of Leslie hasn't bored Debra.,morphology,subject_verb_agreement,distractor_agreement_relational_noun,True,True,False,False,621,-64.08218383789062,-63.07512664794922,0
The brother of children yells.,The brother of children yell.,morphology,subject_verb_agreement,distractor_agreement_relational_noun,True,True,False,False,622,-33.88738250732422,-33.589569091796875,0
The stories about Jesus win.,The stories about Jesus wins.,morphology,subject_verb_agreement,distractor_agreement_relational_noun,True,True,False,False,623,-35.703636169433594,-35.65257263183594,0
The photographs of Lisa don't aggravate Becky.,The photographs of Lisa doesn't aggravate Becky.,morphology,subject_verb_agreement,distractor_agreement_relational_noun,True,True,False,False,624,-59.356266021728516,-58.75914001464844,0
A grandfather of a lot of teachers doesn't fire Matt.,A grandfather of a lot of teachers don't fire Matt.,morphology,subject_verb_agreement,distractor_agreement_relational_noun,True,True,False,False,625,-68.10733795166016,-65.89027404785156,0
The paintings of every fork weren't upsetting Beverly.,The paintings of every fork wasn't upsetting Beverly.,morphology,subject_verb_agreement,distractor_agreement_relational_noun,True,True,False,False,626,-70.84933471679688,-70.39964294433594,0
The sons of Edward litter.,The sons of Edward litters.,morphology,subject_verb_agreement,distractor_agreement_relational_noun,True,True,False,False,627,-37.04240417480469,-40.85481262207031,1
The grandson of the Impressionists has ordered Tara to reference Veronica.,The grandson of the Impressionists have ordered Tara to reference Veronica.,morphology,subject_verb_agreement,distractor_agreement_relational_noun,True,True,False,False,628,-98.86955261230469,-98.14503479003906,0
The shows about Galileo aren't hurting these teachers.,The shows about Galileo wasn't hurting these teachers.,morphology,subject_verb_agreement,distractor_agreement_relational_noun,True,True,False,False,629,-66.62815856933594,-66.10514831542969,0
The documentaries about Monet don't annoy that customer.,The documentaries about Monet doesn't annoy that customer.,morphology,subject_verb_agreement,distractor_agreement_relational_noun,True,True,False,False,630,-74.55966186523438,-73.89383697509766,0
A painting of all paintings doesn't resemble sketches.,A painting of all paintings don't resemble sketches.,morphology,subject_verb_agreement,distractor_agreement_relational_noun,True,True,False,False,631,-65.98377227783203,-64.44890594482422,0
A sister of many cashiers works hard.,A sister of many cashiers work hard.,morphology,subject_verb_agreement,distractor_agreement_relational_noun,True,True,False,False,632,-63.044498443603516,-61.30839538574219,0
A son of most doctors wasn't looking to insult Suzanne.,A son of most doctors aren't looking to insult Suzanne.,morphology,subject_verb_agreement,distractor_agreement_relational_noun,True,True,False,False,633,-75.12999725341797,-74.16986083984375,0
A picture of those mouths irritates some organizations.,A picture of those mouths irritate some organizations.,morphology,subject_verb_agreement,distractor_agreement_relational_noun,True,True,False,False,634,-63.37698745727539,-62.892906188964844,0
The pamphlets about Monet don't scare Mark.,The pamphlets about Monet doesn't scare Mark.,morphology,subject_verb_agreement,distractor_agreement_relational_noun,True,True,False,False,635,-71.49430084228516,-71.79693603515625,1
The reports about politics haven't confused some committee.,The reports about politics hasn't confused some committee.,morphology,subject_verb_agreement,distractor_agreement_relational_noun,True,True,False,False,636,-64.25389862060547,-64.46571350097656,1
The commentaries about Spain distract that patient.,The commentaries about Spain distracts that patient.,morphology,subject_verb_agreement,distractor_agreement_relational_noun,True,True,False,False,637,-72.31269836425781,-77.32380676269531,1
A grandmother of the men does appreciate Winston Churchill.,A grandmother of the men do appreciate Winston Churchill.,morphology,subject_verb_agreement,distractor_agreement_relational_noun,True,True,False,False,638,-69.64212036132812,-69.51576232910156,0
The grandsons of Nicole haven't neglected to assemble.,The grandsons of Nicole hasn't neglected to assemble.,morphology,subject_verb_agreement,distractor_agreement_relational_noun,True,True,False,False,639,-78.13836669921875,-77.18028259277344,0
The essay about the Great Lakes has confused Bradley.,The essay about the Great Lakes have confused Bradley.,morphology,subject_verb_agreement,distractor_agreement_relational_noun,True,True,False,False,640,-64.74433898925781,-66.24856567382812,1
The grandmothers of Gary are shouting.,The grandmothers of Gary is shouting.,morphology,subject_verb_agreement,distractor_agreement_relational_noun,True,True,False,False,641,-49.29400634765625,-47.617088317871094,0
A granddaughter of most students says Beth shouldn't refuse to complain about Dana.,A granddaughter of most students say Beth shouldn't refuse to complain about Dana.,morphology,subject_verb_agreement,distractor_agreement_relational_noun,True,True,False,False,642,-94.7144546508789,-93.92286682128906,0
The sisters of Liam don't arrive at the lake.,The sisters of Liam doesn't arrive at the lake.,morphology,subject_verb_agreement,distractor_agreement_relational_noun,True,True,False,False,643,-56.85636901855469,-57.14207458496094,1
The commentary about the Great Lakes was embarrassing Beth.,The commentary about the Great Lakes were embarrassing Beth.,morphology,subject_verb_agreement,distractor_agreement_relational_noun,True,True,False,False,644,-66.7044677734375,-67.71772003173828,1
The granddaughters of Deborah don't love Christina.,The granddaughters of Deborah doesn't love Christina.,morphology,subject_verb_agreement,distractor_agreement_relational_noun,True,True,False,False,645,-68.89796447753906,-69.76441955566406,1
A nephew of ladies doesn't see.,A nephew of ladies don't see.,morphology,subject_verb_agreement,distractor_agreement_relational_noun,True,True,False,False,646,-40.933677673339844,-37.83032989501953,0
A commentary about the Borgias was impressing Victoria.,A commentary about the Borgias are impressing Victoria.,morphology,subject_verb_agreement,distractor_agreement_relational_noun,True,True,False,False,647,-75.22733306884766,-77.3294906616211,1
The daughter of the Borgias hasn't appeared to slow.,The daughter of the Borgias haven't appeared to slow.,morphology,subject_verb_agreement,distractor_agreement_relational_noun,True,True,False,False,648,-65.37078857421875,-66.23095703125,1
The sons of Homer do attack Stacey.,The sons of Homer does attack Stacey.,morphology,subject_verb_agreement,distractor_agreement_relational_noun,True,True,False,False,649,-61.75400924682617,-62.172279357910156,1
The nephews of Paula aren't forgetting who respond.,The nephews of Paula wasn't forgetting who respond.,morphology,subject_verb_agreement,distractor_agreement_relational_noun,True,True,False,False,650,-73.95104217529297,-72.50213623046875,0
The mothers of Bruce implore those doctors to surrender.,The mothers of Bruce implores those doctors to surrender.,morphology,subject_verb_agreement,distractor_agreement_relational_noun,True,True,False,False,651,-75.13235473632812,-74.95983123779297,0
The sons of Aaron haven't disliked every hill.,The sons of Aaron hasn't disliked every hill.,morphology,subject_verb_agreement,distractor_agreement_relational_noun,True,True,False,False,652,-65.32797241210938,-63.989078521728516,0
The father of many patients does stun Omar.,The father of many patients do stun Omar.,morphology,subject_verb_agreement,distractor_agreement_relational_noun,True,True,False,False,653,-63.53236770629883,-61.688697814941406,0
The documentaries about politics are irritating Deanna.,The documentaries about politics is irritating Deanna.,morphology,subject_verb_agreement,distractor_agreement_relational_noun,True,True,False,False,654,-71.02090454101562,-71.18478393554688,1
A daughter of those actors compels Patricia to talk to every person.,A daughter of those actors compel Patricia to talk to every person.,morphology,subject_verb_agreement,distractor_agreement_relational_noun,True,True,False,False,655,-86.97994232177734,-80.89155578613281,0
A drawing of the Borgias was upsetting Regina.,A drawing of the Borgias were upsetting Regina.,morphology,subject_verb_agreement,distractor_agreement_relational_noun,True,True,False,False,656,-67.67636108398438,-69.88581085205078,1
The paintings of a coat do disgust Dana.,The paintings of a coat does disgust Dana.,morphology,subject_verb_agreement,distractor_agreement_relational_noun,True,True,False,False,657,-61.73356246948242,-62.060997009277344,1
The movie about the Borgias hasn't irritated Kenneth.,The movie about the Borgias haven't irritated Kenneth.,morphology,subject_verb_agreement,distractor_agreement_relational_noun,True,True,False,False,658,-68.01553344726562,-69.27513885498047,1
The play about the Borgias isn't winning.,The play about the Borgias aren't winning.,morphology,subject_verb_agreement,distractor_agreement_relational_noun,True,True,False,False,659,-60.9491081237793,-62.559837341308594,1
The daughter of these teenagers hasn't answered.,The daughter of these teenagers haven't answered.,morphology,subject_verb_agreement,distractor_agreement_relational_noun,True,True,False,False,660,-50.929046630859375,-48.845523834228516,0
The documentaries about science hurt a lot of guys.,The documentaries about science hurts a lot of guys.,morphology,subject_verb_agreement,distractor_agreement_relational_noun,True,True,False,False,661,-60.30363464355469,-59.09551239013672,0
The photographs of David do disappear.,The photographs of David does disappear.,morphology,subject_verb_agreement,distractor_agreement_relational_noun,True,True,False,False,662,-42.652442932128906,-41.52483367919922,0
The grandfathers of Matt do shout.,The grandfathers of Matt does shout.,morphology,subject_verb_agreement,distractor_agreement_relational_noun,True,True,False,False,663,-51.90188980102539,-51.87690734863281,0
The drawing of those doors distracts Kayla.,The drawing of those doors distract Kayla.,morphology,subject_verb_agreement,distractor_agreement_relational_noun,True,True,False,False,664,-68.05950164794922,-62.9429931640625,0
A brochure about the Impressionists distracts Holly.,A brochure about the Impressionists distract Holly.,morphology,subject_verb_agreement,distractor_agreement_relational_noun,True,True,False,False,665,-89.97926330566406,-84.5965576171875,0
The newspaper articles about Winston Churchill do disappear.,The newspaper articles about Winston Churchill does disappear.,morphology,subject_verb_agreement,distractor_agreement_relational_noun,True,True,False,False,666,-66.8170394897461,-66.0633544921875,0
The essays about science were embarrassing Jeffrey.,The essays about science is embarrassing Jeffrey.,morphology,subject_verb_agreement,distractor_agreement_relational_noun,True,True,False,False,667,-58.93893051147461,-56.454017639160156,0
The grandmothers of James disappear.,The grandmothers of James disappears.,morphology,subject_verb_agreement,distractor_agreement_relational_noun,True,True,False,False,668,-41.86548614501953,-42.525508880615234,1
The brothers of some waitress do forfeit.,The brothers of some waitress does forfeit.,morphology,subject_verb_agreement,distractor_agreement_relational_noun,True,True,False,False,669,-58.22538757324219,-58.4185791015625,1
A father of some senators hasn't joked around.,A father of some senators haven't joked around.,morphology,subject_verb_agreement,distractor_agreement_relational_noun,True,True,False,False,670,-68.00350952148438,-65.99392700195312,0
A brother of those patients doesn't eat.,A brother of those patients don't eat.,morphology,subject_verb_agreement,distractor_agreement_relational_noun,True,True,False,False,671,-46.327232360839844,-42.84028625488281,0
The shows about Spain embarrass Sara.,The shows about Spain embarrasses Sara.,morphology,subject_verb_agreement,distractor_agreement_relational_noun,True,True,False,False,672,-50.86327362060547,-61.01871109008789,1
An essay about the Great Lakes was confusing Galileo.,An essay about the Great Lakes are confusing Galileo.,morphology,subject_verb_agreement,distractor_agreement_relational_noun,True,True,False,False,673,-66.60707092285156,-67.66526794433594,1
The shows about Galileo don't distract all patients.,The shows about Galileo doesn't distract all patients.,morphology,subject_verb_agreement,distractor_agreement_relational_noun,True,True,False,False,674,-67.22776794433594,-66.01533508300781,0
The drawings of Donna resemble the photograph.,The drawings of Donna resembles the photograph.,morphology,subject_verb_agreement,distractor_agreement_relational_noun,True,True,False,False,675,-52.1706657409668,-51.33729553222656,0
A nephew of many students hasn't expected the guys to blink.,A nephew of many students haven't expected the guys to blink.,morphology,subject_verb_agreement,distractor_agreement_relational_noun,True,True,False,False,676,-81.10731506347656,-78.59703063964844,0
The pamphlet about the Great Lakes upsets this school.,The pamphlet about the Great Lakes upset this school.,morphology,subject_verb_agreement,distractor_agreement_relational_noun,True,True,False,False,677,-70.8056869506836,-63.12533950805664,0
The paintings of that report haven't stunned the actor.,The paintings of that report hasn't stunned the actor.,morphology,subject_verb_agreement,distractor_agreement_relational_noun,True,True,False,False,678,-65.96488952636719,-65.41004943847656,0
A daughter of the Lutherans was referencing Rodney.,A daughter of the Lutherans are referencing Rodney.,morphology,subject_verb_agreement,distractor_agreement_relational_noun,True,True,False,False,679,-69.94337463378906,-68.09567260742188,0
The fathers of Marie haven't protested.,The fathers of Marie hasn't protested.,morphology,subject_verb_agreement,distractor_agreement_relational_noun,True,True,False,False,680,-48.955318450927734,-47.768218994140625,0
A print of books has aggravated Caroline.,A print of books have aggravated Caroline.,morphology,subject_verb_agreement,distractor_agreement_relational_noun,True,True,False,False,681,-54.274261474609375,-53.16375732421875,0
A grandson of a lot of teenagers does alarm Marie.,A grandson of a lot of teenagers do alarm Marie.,morphology,subject_verb_agreement,distractor_agreement_relational_noun,True,True,False,False,682,-70.10647583007812,-68.69363403320312,0
The commentaries about literature haven't annoyed Grace.,The commentaries about literature hasn't annoyed Grace.,morphology,subject_verb_agreement,distractor_agreement_relational_noun,True,True,False,False,683,-73.99575805664062,-74.4910659790039,1
The documentaries about politics don't scare these men.,The documentaries about politics doesn't scare these men.,morphology,subject_verb_agreement,distractor_agreement_relational_noun,True,True,False,False,684,-63.559234619140625,-65.81576538085938,1
The friend of most actors hasn't dared Connie's ex-wife to bake.,The friend of most actors haven't dared Connie's ex-wife to bake.,morphology,subject_verb_agreement,distractor_agreement_relational_noun,True,True,False,False,685,-101.80715942382812,-99.93589782714844,0
The cousins of Kendra have nodded.,The cousins of Kendra has nodded.,morphology,subject_verb_agreement,distractor_agreement_relational_noun,True,True,False,False,686,-54.40150451660156,-52.5860710144043,0
The drawings of Melinda aren't aggravating that bank.,The drawings of Melinda wasn't aggravating that bank.,morphology,subject_verb_agreement,distractor_agreement_relational_noun,True,True,False,False,687,-73.9766845703125,-73.56257629394531,0
The shows about Monet aren't hurting these cashiers.,The shows about Monet wasn't hurting these cashiers.,morphology,subject_verb_agreement,distractor_agreement_relational_noun,True,True,False,False,688,-83.16746520996094,-81.68840026855469,0
The book about the Impressionists hasn't aggravated Tanya.,The book about the Impressionists haven't aggravated Tanya.,morphology,subject_verb_agreement,distractor_agreement_relational_noun,True,True,False,False,689,-82.69537353515625,-81.57586669921875,0
The grandsons of Victoria have blinked.,The grandsons of Victoria has blinked.,morphology,subject_verb_agreement,distractor_agreement_relational_noun,True,True,False,False,690,-59.08783721923828,-58.38230895996094,0
The grandmother of the Impressionists does forget who praises every teacher.,The grandmother of the Impressionists do forget who praises every teacher.,morphology,subject_verb_agreement,distractor_agreement_relational_noun,True,True,False,False,691,-99.10472869873047,-98.92671966552734,0
The nephew of some ladies does stand up.,The nephew of some ladies do stand up.,morphology,subject_verb_agreement,distractor_agreement_relational_noun,True,True,False,False,692,-51.243812561035156,-49.68391418457031,0
The pictures of Linda aren't stunning Jodi.,The pictures of Linda isn't stunning Jodi.,morphology,subject_verb_agreement,distractor_agreement_relational_noun,True,True,False,False,693,-65.52328491210938,-64.6565170288086,0
The cousin of a lot of customers has cooked.,The cousin of a lot of customers have cooked.,morphology,subject_verb_agreement,distractor_agreement_relational_noun,True,True,False,False,694,-52.89749526977539,-51.376190185546875,0
The friend of guests disturbs Victoria.,The friend of guests disturb Victoria.,morphology,subject_verb_agreement,distractor_agreement_relational_noun,True,True,False,False,695,-57.62983703613281,-47.13309097290039,0
The movies about Jesus do impress Gerald.,The movies about Jesus does impress Gerald.,morphology,subject_verb_agreement,distractor_agreement_relational_noun,True,True,False,False,696,-57.015071868896484,-56.080440521240234,0
A sister of a lot of patients doesn't confuse these drivers.,A sister of a lot of patients don't confuse these drivers.,morphology,subject_verb_agreement,distractor_agreement_relational_noun,True,True,False,False,697,-67.82569885253906,-65.74593353271484,0
The cousin of a lot of children wasn't researching most glaciers.,The cousin of a lot of children aren't researching most glaciers.,morphology,subject_verb_agreement,distractor_agreement_relational_noun,True,True,False,False,698,-75.05472564697266,-74.0975341796875,0
A story about the Impressionists hasn't upset some customers.,A story about the Impressionists haven't upset some customers.,morphology,subject_verb_agreement,distractor_agreement_relational_noun,True,True,False,False,699,-78.23649597167969,-76.80624389648438,0
A book about the Borgias was stunning adults.,A book about the Borgias are stunning adults.,morphology,subject_verb_agreement,distractor_agreement_relational_noun,True,True,False,False,700,-65.26166534423828,-66.481201171875,1
The nephews of Connie haven't descended some ladders.,The nephews of Connie hasn't descended some ladders.,morphology,subject_verb_agreement,distractor_agreement_relational_noun,True,True,False,False,701,-73.13479614257812,-71.97221374511719,0
A pamphlet about the Lutherans doesn't appear.,A pamphlet about the Lutherans don't appear.,morphology,subject_verb_agreement,distractor_agreement_relational_noun,True,True,False,False,702,-64.50517272949219,-62.67658996582031,0
The play about the Lutherans bothers Walter.,The play about the Lutherans bother Walter.,morphology,subject_verb_agreement,distractor_agreement_relational_noun,True,True,False,False,703,-67.39899444580078,-67.50453186035156,1
The grandmothers of Peter weren't imagining that adult hugged Mary.,The grandmothers of Peter wasn't imagining that adult hugged Mary.,morphology,subject_verb_agreement,distractor_agreement_relational_noun,True,True,False,False,704,-89.06710815429688,-86.71989440917969,0
A nephew of the patients has blinked.,A nephew of the patients have blinked.,morphology,subject_verb_agreement,distractor_agreement_relational_noun,True,True,False,False,705,-46.71320724487305,-45.615318298339844,0
A book about current events impresses Becky.,A book about current events impress Becky.,morphology,subject_verb_agreement,distractor_agreement_relational_noun,True,True,False,False,706,-65.35380554199219,-57.30215835571289,0
The grandfathers of Heidi don't plan to shock Randolf.,The grandfathers of Heidi doesn't plan to shock Randolf.,morphology,subject_verb_agreement,distractor_agreement_relational_noun,True,True,False,False,707,-87.89170837402344,-87.50810241699219,0
The sisters of Rebecca want all pies to blacken.,The sisters of Rebecca wants all pies to blacken.,morphology,subject_verb_agreement,distractor_agreement_relational_noun,True,True,False,False,708,-80.11328887939453,-78.62586975097656,0
The sons of Scott have prevented every ladder from boring Sara.,The sons of Scott has prevented every ladder from boring Sara.,morphology,subject_verb_agreement,distractor_agreement_relational_noun,True,True,False,False,709,-85.56610107421875,-83.92920684814453,0
A sister of all girls doesn't implore Diana to fall asleep.,A sister of all girls don't implore Diana to fall asleep.,morphology,subject_verb_agreement,distractor_agreement_relational_noun,True,True,False,False,710,-84.73764038085938,-81.56716918945312,0
A granddaughter of most boys doesn't concur.,A granddaughter of most boys don't concur.,morphology,subject_verb_agreement,distractor_agreement_relational_noun,True,True,False,False,711,-62.827701568603516,-59.96244430541992,0
The grandmother of most customers was commissioning Veronica to disgust all patients.,The grandmother of most customers were commissioning Veronica to disgust all patients.,morphology,subject_verb_agreement,distractor_agreement_relational_noun,True,True,False,False,712,-105.14363861083984,-103.38070678710938,0
A report about the Balkans has annoyed Paul.,A report about the Balkans have annoyed Paul.,morphology,subject_verb_agreement,distractor_agreement_relational_noun,True,True,False,False,713,-57.566612243652344,-59.62073516845703,1
The niece of a lot of actresses has forgotten who consider a library to respect Joseph.,The niece of a lot of actresses have forgotten who consider a library to respect Joseph.,morphology,subject_verb_agreement,distractor_agreement_relational_noun,True,True,False,False,714,-104.36773681640625,-104.5191650390625,1
A picture of some reports is distracting many governments.,A picture of some reports are distracting many governments.,morphology,subject_verb_agreement,distractor_agreement_relational_noun,True,True,False,False,715,-63.4215087890625,-62.09276580810547,0
The newspaper articles about Monet aren't boring this actress.,The newspaper articles about Monet isn't boring this actress.,morphology,subject_verb_agreement,distractor_agreement_relational_noun,True,True,False,False,716,-84.16019439697266,-81.8480224609375,0
The books about Monet disappear.,The books about Monet disappears.,morphology,subject_verb_agreement,distractor_agreement_relational_noun,True,True,False,False,717,-44.21648406982422,-45.16667938232422,1
The commentaries about literature haven't hurt Mark.,The commentaries about literature hasn't hurt Mark.,morphology,subject_verb_agreement,distractor_agreement_relational_noun,True,True,False,False,718,-69.07323455810547,-69.41100311279297,1
The plays about art annoy a senator.,The plays about art annoys a senator.,morphology,subject_verb_agreement,distractor_agreement_relational_noun,True,True,False,False,719,-54.16301345825195,-56.02772903442383,1
A brochure about the Lutherans worries Bill.,A brochure about the Lutherans worry Bill.,morphology,subject_verb_agreement,distractor_agreement_relational_noun,True,True,False,False,720,-79.64430236816406,-79.53343200683594,0
The granddaughters of Eva have explained these libraries aren't tempting Carolyn to reveal Ellen.,The granddaughters of Eva has explained these libraries aren't tempting Carolyn to reveal Ellen.,morphology,subject_verb_agreement,distractor_agreement_relational_noun,True,True,False,False,721,-128.97119140625,-127.65750122070312,0
A movie about the Clintons doesn't stun Thomas.,A movie about the Clintons don't stun Thomas.,morphology,subject_verb_agreement,distractor_agreement_relational_noun,True,True,False,False,722,-62.45228958129883,-63.77656936645508,1
The movies about Galileo do upset Tamara.,The movies about Galileo does upset Tamara.,morphology,subject_verb_agreement,distractor_agreement_relational_noun,True,True,False,False,723,-67.67652893066406,-67.052734375,0
A grandson of most senators forgets who did break some couch.,A grandson of most senators forget who did break some couch.,morphology,subject_verb_agreement,distractor_agreement_relational_noun,True,True,False,False,724,-88.510986328125,-82.51759338378906,0
A grandmother of most women exists.,A grandmother of most women exist.,morphology,subject_verb_agreement,distractor_agreement_relational_noun,True,True,False,False,725,-43.24799346923828,-42.055389404296875,0
The movie about the Clintons does disagree.,The movie about the Clintons do disagree.,morphology,subject_verb_agreement,distractor_agreement_relational_noun,True,True,False,False,726,-54.612396240234375,-56.0101318359375,1
The essay about current events has irritated Martin.,The essay about current events have irritated Martin.,morphology,subject_verb_agreement,distractor_agreement_relational_noun,True,True,False,False,727,-63.265567779541016,-62.67752456665039,0
The daughters of Amy haven't lifted the mall.,The daughters of Amy hasn't lifted the mall.,morphology,subject_verb_agreement,distractor_agreement_relational_noun,True,True,False,False,728,-56.78265380859375,-55.190738677978516,0
The fathers of Kayla aren't hunting.,The fathers of Kayla wasn't hunting.,morphology,subject_verb_agreement,distractor_agreement_relational_noun,True,True,False,False,729,-56.022640228271484,-54.7322998046875,0
A father of those girls does observe Becky.,A father of those girls do observe Becky.,morphology,subject_verb_agreement,distractor_agreement_relational_noun,True,True,False,False,730,-58.05052947998047,-55.69572067260742,0
The documentaries about politics don't bore Bradley.,The documentaries about politics doesn't bore Bradley.,morphology,subject_verb_agreement,distractor_agreement_relational_noun,True,True,False,False,731,-63.9704704284668,-64.91557312011719,1
A story about the Clintons was shocking Brenda.,A story about the Clintons are shocking Brenda.,morphology,subject_verb_agreement,distractor_agreement_relational_noun,True,True,False,False,732,-59.13847351074219,-60.76626205444336,1
The grandmothers of Ronald describe Colleen.,The grandmothers of Ronald describes Colleen.,morphology,subject_verb_agreement,distractor_agreement_relational_noun,True,True,False,False,733,-64.44296264648438,-62.755435943603516,0
A book about the Great Lakes does impress Karla.,A book about the Great Lakes do impress Karla.,morphology,subject_verb_agreement,distractor_agreement_relational_noun,True,True,False,False,734,-71.57540893554688,-72.98698425292969,1
The stories about travel weren't alarming Rodney.,The stories about travel wasn't alarming Rodney.,morphology,subject_verb_agreement,distractor_agreement_relational_noun,True,True,False,False,735,-63.945091247558594,-63.30115509033203,0
The essay about the Clintons upsets Noah.,The essay about the Clintons upset Noah.,morphology,subject_verb_agreement,distractor_agreement_relational_noun,True,True,False,False,736,-68.61451721191406,-61.34971237182617,0
The nieces of Phillip do cough.,The nieces of Phillip does cough.,morphology,subject_verb_agreement,distractor_agreement_relational_noun,True,True,False,False,737,-62.71354293823242,-62.85963439941406,1
A sister of many boys doesn't appear to clash.,A sister of many boys don't appear to clash.,morphology,subject_verb_agreement,distractor_agreement_relational_noun,True,True,False,False,738,-62.76272964477539,-59.41861343383789,0
The essay about the Balkans has aggravated Brian.,The essay about the Balkans have aggravated Brian.,morphology,subject_verb_agreement,distractor_agreement_relational_noun,True,True,False,False,739,-60.8359375,-62.18918228149414,1
The documentaries about Monet haven't won.,The documentaries about Monet hasn't won.,morphology,subject_verb_agreement,distractor_agreement_relational_noun,True,True,False,False,740,-62.26042938232422,-61.68196105957031,0
A grandson of these men presses Omar to listen to Clyde.,A grandson of these men press Omar to listen to Clyde.,morphology,subject_verb_agreement,distractor_agreement_relational_noun,True,True,False,False,741,-79.71808624267578,-78.34923553466797,0
The pamphlets about art do annoy Ann.,The pamphlets about art does annoy Ann.,morphology,subject_verb_agreement,distractor_agreement_relational_noun,True,True,False,False,742,-69.88412475585938,-69.39319610595703,0
The sketches of chicken astound Veronica.,The sketches of chicken astounds Veronica.,morphology,subject_verb_agreement,distractor_agreement_relational_noun,True,True,False,False,743,-59.389381408691406,-60.81736755371094,1
The sketches of Kayla have resembled this painting.,The sketches of Kayla has resembled this painting.,morphology,subject_verb_agreement,distractor_agreement_relational_noun,True,True,False,False,744,-64.35389709472656,-63.305171966552734,0
The pamphlets about music have alarmed every pedestrian.,The pamphlets about music has alarmed every pedestrian.,morphology,subject_verb_agreement,distractor_agreement_relational_noun,True,True,False,False,745,-73.09101104736328,-72.42082977294922,0
The photographs of this fish shock Rhonda.,The photographs of this fish shocks Rhonda.,morphology,subject_verb_agreement,distractor_agreement_relational_noun,True,True,False,False,746,-60.75697326660156,-63.01728057861328,1
A painting of some carriages wasn't scaring David.,A painting of some carriages weren't scaring David.,morphology,subject_verb_agreement,distractor_agreement_relational_noun,True,True,False,False,747,-71.66287994384766,-70.95938873291016,0
The pamphlet about current events doesn't worry a university.,The pamphlet about current events don't worry a university.,morphology,subject_verb_agreement,distractor_agreement_relational_noun,True,True,False,False,748,-66.97069549560547,-63.848270416259766,0
The book about the Great Lakes was embarrassing Deborah.,The book about the Great Lakes were embarrassing Deborah.,morphology,subject_verb_agreement,distractor_agreement_relational_noun,True,True,False,False,749,-63.15921401977539,-64.46237182617188,1
The books about art don't disgust all children.,The books about art doesn't disgust all children.,morphology,subject_verb_agreement,distractor_agreement_relational_noun,True,True,False,False,750,-59.58073425292969,-59.269920349121094,0
The pamphlets about science haven't aggravated Ronald.,The pamphlets about science hasn't aggravated Ronald.,morphology,subject_verb_agreement,distractor_agreement_relational_noun,True,True,False,False,751,-72.02328491210938,-72.54711151123047,1
The sons of Leslie aren't wanting Melanie to think about some shawls.,The sons of Leslie wasn't wanting Melanie to think about some shawls.,morphology,subject_verb_agreement,distractor_agreement_relational_noun,True,True,False,False,752,-99.71760559082031,-98.13529205322266,0
A niece of these pedestrians is investigating what wasn't closing.,A niece of these pedestrians were investigating what wasn't closing.,morphology,subject_verb_agreement,distractor_agreement_relational_noun,True,True,False,False,753,-78.91002655029297,-78.16160583496094,0
The drawings of this water haven't disturbed Catherine.,The drawings of this water hasn't disturbed Catherine.,morphology,subject_verb_agreement,distractor_agreement_relational_noun,True,True,False,False,754,-58.86071014404297,-58.13685607910156,0
The grandfathers of Meredith aren't scanning the commentaries.,The grandfathers of Meredith wasn't scanning the commentaries.,morphology,subject_verb_agreement,distractor_agreement_relational_noun,True,True,False,False,755,-84.192626953125,-82.94097137451172,0
The grandson of all adults has worried Walter.,The grandson of all adults have worried Walter.,morphology,subject_verb_agreement,distractor_agreement_relational_noun,True,True,False,False,756,-60.283912658691406,-58.38642120361328,0
The grandfather of the Lutherans doesn't investigate what are benefiting.,The grandfather of the Lutherans don't investigate what are benefiting.,morphology,subject_verb_agreement,distractor_agreement_relational_noun,True,True,False,False,757,-84.81055450439453,-83.03361511230469,0
The commentaries about Spain aren't embarrassing a lot of waiters.,The commentaries about Spain isn't embarrassing a lot of waiters.,morphology,subject_verb_agreement,distractor_agreement_relational_noun,True,True,False,False,758,-90.80592346191406,-90.5666275024414,0
The pictures of every eggplant were bothering Dennis.,The pictures of every eggplant was bothering Dennis.,morphology,subject_verb_agreement,distractor_agreement_relational_noun,True,True,False,False,759,-70.24479675292969,-70.09800720214844,0
The sketch of the Borgias has stunned Joseph.,The sketch of the Borgias have stunned Joseph.,morphology,subject_verb_agreement,distractor_agreement_relational_noun,True,True,False,False,760,-65.34626770019531,-67.75691986083984,1
The brother of some waitresses learns.,The brother of some waitresses learn.,morphology,subject_verb_agreement,distractor_agreement_relational_noun,True,True,False,False,761,-59.221920013427734,-56.20600509643555,0
The books about Spain don't bore doctors.,The books about Spain doesn't bore doctors.,morphology,subject_verb_agreement,distractor_agreement_relational_noun,True,True,False,False,762,-55.51985549926758,-55.966094970703125,1
A sketch of all pies does resemble some print.,A sketch of all pies do resemble some print.,morphology,subject_verb_agreement,distractor_agreement_relational_noun,True,True,False,False,763,-71.66951751708984,-71.04940795898438,0
A book about the Great Lakes is alarming that guest.,A book about the Great Lakes are alarming that guest.,morphology,subject_verb_agreement,distractor_agreement_relational_noun,True,True,False,False,764,-68.41566467285156,-69.51005554199219,1
A cousin of these guys fails to break this skateboard.,A cousin of these guys fail to break this skateboard.,morphology,subject_verb_agreement,distractor_agreement_relational_noun,True,True,False,False,765,-67.14663696289062,-66.37327575683594,0
The documentaries about Galileo do scare John.,The documentaries about Galileo does scare John.,morphology,subject_verb_agreement,distractor_agreement_relational_noun,True,True,False,False,766,-66.84660339355469,-64.85472106933594,0
The movies about music alarm the pedestrians.,The movies about music alarms the pedestrians.,morphology,subject_verb_agreement,distractor_agreement_relational_noun,True,True,False,False,767,-52.40388488769531,-54.38219451904297,1
The grandmother of some doctors was suffering.,The grandmother of some doctors are suffering.,morphology,subject_verb_agreement,distractor_agreement_relational_noun,True,True,False,False,768,-46.234901428222656,-44.95021057128906,0
The mothers of Linda explain most teachers wave.,The mothers of Linda explains most teachers wave.,morphology,subject_verb_agreement,distractor_agreement_relational_noun,True,True,False,False,769,-67.9554443359375,-65.41572570800781,0
The nieces of James have murmured.,The nieces of James has murmured.,morphology,subject_verb_agreement,distractor_agreement_relational_noun,True,True,False,False,770,-60.09123229980469,-58.30044174194336,0
The painting of those vases was disturbing Rachelle.,The painting of those vases were disturbing Rachelle.,morphology,subject_verb_agreement,distractor_agreement_relational_noun,True,True,False,False,771,-77.2702407836914,-76.87277221679688,0
A pamphlet about current events does shock Brian.,A pamphlet about current events do shock Brian.,morphology,subject_verb_agreement,distractor_agreement_relational_noun,True,True,False,False,772,-73.38702392578125,-72.4090576171875,0
The commentaries about Galileo don't disgust Lori.,The commentaries about Galileo doesn't disgust Lori.,morphology,subject_verb_agreement,distractor_agreement_relational_noun,True,True,False,False,773,-81.49388122558594,-80.74249267578125,0
The mothers of Natalie do flee from Chad.,The mothers of Natalie does flee from Chad.,morphology,subject_verb_agreement,distractor_agreement_relational_noun,True,True,False,False,774,-63.78813934326172,-62.148380279541016,0
The grandmother of many waiters does win.,The grandmother of many waiters do win.,morphology,subject_verb_agreement,distractor_agreement_relational_noun,True,True,False,False,775,-60.93388366699219,-59.49333190917969,0
The newspaper article about the Lutherans does shock Theodore.,The newspaper article about the Lutherans do shock Theodore.,morphology,subject_verb_agreement,distractor_agreement_relational_noun,True,True,False,False,776,-83.4329833984375,-82.34767150878906,0
A book about the Balkans doesn't bother Andrea.,A book about the Balkans don't bother Andrea.,morphology,subject_verb_agreement,distractor_agreement_relational_noun,True,True,False,False,777,-59.532596588134766,-58.95591735839844,0
A cousin of a lot of cashiers has helped Ronald.,A cousin of a lot of cashiers have helped Ronald.,morphology,subject_verb_agreement,distractor_agreement_relational_noun,True,True,False,False,778,-68.44113159179688,-68.09486389160156,0
The drawings of a photograph have looked like the woman.,The drawings of a photograph has looked like the woman.,morphology,subject_verb_agreement,distractor_agreement_relational_noun,True,True,False,False,779,-55.422119140625,-54.294307708740234,0
The sons of Suzanne haven't donated.,The sons of Suzanne hasn't donated.,morphology,subject_verb_agreement,distractor_agreement_relational_noun,True,True,False,False,780,-51.2078971862793,-50.70545196533203,0
The painting of a lot of skirts has distracted Connie.,The painting of a lot of skirts have distracted Connie.,morphology,subject_verb_agreement,distractor_agreement_relational_noun,True,True,False,False,781,-66.42820739746094,-66.3321533203125,0
The brothers of Travis weren't revealing Melanie.,The brothers of Travis isn't revealing Melanie.,morphology,subject_verb_agreement,distractor_agreement_relational_noun,True,True,False,False,782,-63.93946838378906,-62.10015869140625,0
The daughter of most actresses isn't escaping.,The daughter of most actresses aren't escaping.,morphology,subject_verb_agreement,distractor_agreement_relational_noun,True,True,False,False,783,-54.747291564941406,-54.112831115722656,0
The fathers of Victoria aren't convincing Alice's student to heal Douglas.,The fathers of Victoria isn't convincing Alice's student to heal Douglas.,morphology,subject_verb_agreement,distractor_agreement_relational_noun,True,True,False,False,784,-91.94293212890625,-91.34425354003906,0
The pictures of Martha don't disgust Anne.,The pictures of Martha doesn't disgust Anne.,morphology,subject_verb_agreement,distractor_agreement_relational_noun,True,True,False,False,785,-51.47022247314453,-51.90693664550781,1
A pamphlet about current events doesn't irritate Melanie.,A pamphlet about current events don't irritate Melanie.,morphology,subject_verb_agreement,distractor_agreement_relational_noun,True,True,False,False,786,-75.43122100830078,-74.34982299804688,0
The paintings of a pie were vanishing.,The paintings of a pie was vanishing.,morphology,subject_verb_agreement,distractor_agreement_relational_noun,True,True,False,False,787,-48.13835906982422,-46.216285705566406,0
A book about the Clintons does impress most committees.,A book about the Clintons do impress most committees.,morphology,subject_verb_agreement,distractor_agreement_relational_noun,True,True,False,False,788,-73.6677017211914,-76.02803039550781,1
A daughter of the Impressionists whispers.,A daughter of the Impressionists whisper.,morphology,subject_verb_agreement,distractor_agreement_relational_noun,True,True,False,False,789,-55.22956085205078,-55.37248992919922,1
The paintings of Matt weren't wasting away.,The paintings of Matt isn't wasting away.,morphology,subject_verb_agreement,distractor_agreement_relational_noun,True,True,False,False,790,-56.27617645263672,-53.53192138671875,0
The nephews of Guy were donating.,The nephews of Guy is donating.,morphology,subject_verb_agreement,distractor_agreement_relational_noun,True,True,False,False,791,-51.67008972167969,-51.06874465942383,0
The essays about science do scare Becca.,The essays about science does scare Becca.,morphology,subject_verb_agreement,distractor_agreement_relational_noun,True,True,False,False,792,-65.51762390136719,-64.34246063232422,0
The friends of Lawrence do try to stun Christine.,The friends of Lawrence does try to stun Christine.,morphology,subject_verb_agreement,distractor_agreement_relational_noun,True,True,False,False,793,-64.91016387939453,-64.40478515625,0
The cousins of Alice have won.,The cousins of Alice has won.,morphology,subject_verb_agreement,distractor_agreement_relational_noun,True,True,False,False,794,-41.36866760253906,-38.90986251831055,0
The sisters of Adam haven't broken most computers.,The sisters of Adam hasn't broken most computers.,morphology,subject_verb_agreement,distractor_agreement_relational_noun,True,True,False,False,795,-62.47939682006836,-60.21067810058594,0
A nephew of many guests laughs.,A nephew of many guests laugh.,morphology,subject_verb_agreement,distractor_agreement_relational_noun,True,True,False,False,796,-43.544219970703125,-41.493858337402344,0
An essay about the Great Lakes has upset Randolf.,An essay about the Great Lakes have upset Randolf.,morphology,subject_verb_agreement,distractor_agreement_relational_noun,True,True,False,False,797,-76.09504699707031,-77.71932220458984,1
The niece of the waiters does concur.,The niece of the waiters do concur.,morphology,subject_verb_agreement,distractor_agreement_relational_noun,True,True,False,False,798,-67.05557250976562,-65.45735931396484,0
The sons of Paul aren't drinking.,The sons of Paul wasn't drinking.,morphology,subject_verb_agreement,distractor_agreement_relational_noun,True,True,False,False,799,-45.0595588684082,-43.691383361816406,0
The paintings of Becca have alarmed Donald.,The paintings of Becca has alarmed Donald.,morphology,subject_verb_agreement,distractor_agreement_relational_noun,True,True,False,False,800,-65.12178802490234,-62.94055938720703,0
The pictures of a gate haven't existed.,The pictures of a gate hasn't existed.,morphology,subject_verb_agreement,distractor_agreement_relational_noun,True,True,False,False,801,-45.554046630859375,-46.397850036621094,1
The nieces of Russell dare Carolyn to pass most movie theaters.,The nieces of Russell dares Carolyn to pass most movie theaters.,morphology,subject_verb_agreement,distractor_agreement_relational_noun,True,True,False,False,802,-108.32937622070312,-111.83776092529297,1
The photographs of a sock weren't confusing Sandra.,The photographs of a sock isn't confusing Sandra.,morphology,subject_verb_agreement,distractor_agreement_relational_noun,True,True,False,False,803,-63.391746520996094,-60.96453094482422,0
The prints of every painting haven't looked like a rabbit.,The prints of every painting hasn't looked like a rabbit.,morphology,subject_verb_agreement,distractor_agreement_relational_noun,True,True,False,False,804,-65.0457534790039,-64.32215881347656,0
A painting of pants was existing.,A painting of pants are existing.,morphology,subject_verb_agreement,distractor_agreement_relational_noun,True,True,False,False,805,-46.13970947265625,-42.7375373840332,0
A movie about the Clintons does win.,A movie about the Clintons do win.,morphology,subject_verb_agreement,distractor_agreement_relational_noun,True,True,False,False,806,-49.29613494873047,-50.08768081665039,1
The books about Jesus weren't irritating some dancers.,The books about Jesus isn't irritating some dancers.,morphology,subject_verb_agreement,distractor_agreement_relational_noun,True,True,False,False,807,-67.55809020996094,-65.3406982421875,0
The drawing of all doctors hasn't vanished.,The drawing of all doctors haven't vanished.,morphology,subject_verb_agreement,distractor_agreement_relational_noun,True,True,False,False,808,-51.99099349975586,-49.865684509277344,0
The prints of Matt don't annoy the guy.,The prints of Matt doesn't annoy the guy.,morphology,subject_verb_agreement,distractor_agreement_relational_noun,True,True,False,False,809,-57.27637481689453,-56.089271545410156,0
The granddaughters of Nina don't hope to talk to Regina.,The granddaughters of Nina doesn't hope to talk to Regina.,morphology,subject_verb_agreement,distractor_agreement_relational_noun,True,True,False,False,810,-79.65315246582031,-80.2640380859375,1
The mother of these patients has seemed to get a job.,The mother of these patients have seemed to get a job.,morphology,subject_verb_agreement,distractor_agreement_relational_noun,True,True,False,False,811,-57.326255798339844,-54.522621154785156,0
The pictures of Vincent don't bore Mary.,The pictures of Vincent doesn't bore Mary.,morphology,subject_verb_agreement,distractor_agreement_relational_noun,True,True,False,False,812,-53.01837921142578,-53.327064514160156,1
The fathers of Jessica have seen.,The fathers of Jessica has seen.,morphology,subject_verb_agreement,distractor_agreement_relational_noun,True,True,False,False,813,-39.58053970336914,-39.06575012207031,0
The pictures of Thomas disturb Lawrence.,The pictures of Thomas disturbs Lawrence.,morphology,subject_verb_agreement,distractor_agreement_relational_noun,True,True,False,False,814,-46.819549560546875,-54.093326568603516,1
The commentaries about Monet do hurt those boys.,The commentaries about Monet does hurt those boys.,morphology,subject_verb_agreement,distractor_agreement_relational_noun,True,True,False,False,815,-79.9870834350586,-79.6048583984375,0
The essay about the Great Lakes doesn't hurt Jacqueline.,The essay about the Great Lakes don't hurt Jacqueline.,morphology,subject_verb_agreement,distractor_agreement_relational_noun,True,True,False,False,816,-71.10740661621094,-70.46452331542969,0
The sons of Allison haven't wasted away.,The sons of Allison hasn't wasted away.,morphology,subject_verb_agreement,distractor_agreement_relational_noun,True,True,False,False,817,-54.19558334350586,-52.83964538574219,0
The report about the Balkans annoys Carmen.,The report about the Balkans annoy Carmen.,morphology,subject_verb_agreement,distractor_agreement_relational_noun,True,True,False,False,818,-57.36145782470703,-56.29817199707031,0
A show about the Clintons sounds like most documentaries.,A show about the Clintons sound like most documentaries.,morphology,subject_verb_agreement,distractor_agreement_relational_noun,True,True,False,False,819,-64.23887634277344,-65.26106262207031,1
A sketch of waitresses has resembled most sketches.,A sketch of waitresses have resembled most sketches.,morphology,subject_verb_agreement,distractor_agreement_relational_noun,True,True,False,False,820,-77.11587524414062,-76.11445617675781,0
The pamphlets about travel weren't embarrassing a bank.,The pamphlets about travel wasn't embarrassing a bank.,morphology,subject_verb_agreement,distractor_agreement_relational_noun,True,True,False,False,821,-76.02577209472656,-75.15943908691406,0
The nieces of George don't continue to stand up.,The nieces of George doesn't continue to stand up.,morphology,subject_verb_agreement,distractor_agreement_relational_noun,True,True,False,False,822,-69.54317474365234,-69.54812622070312,1
The sketches of Jesus don't worry Tara.,The sketches of Jesus doesn't worry Tara.,morphology,subject_verb_agreement,distractor_agreement_relational_noun,True,True,False,False,823,-51.775508880615234,-53.598716735839844,1
The pictures of every waiter don't hurt this adult.,The pictures of every waiter doesn't hurt this adult.,morphology,subject_verb_agreement,distractor_agreement_relational_noun,True,True,False,False,824,-65.07759094238281,-65.40576171875,1
The commentaries about Winston Churchill have shocked Kimberley.,The commentaries about Winston Churchill has shocked Kimberley.,morphology,subject_verb_agreement,distractor_agreement_relational_noun,True,True,False,False,825,-92.08154296875,-90.95683288574219,0
The prints of the skateboard exist.,The prints of the skateboard exists.,morphology,subject_verb_agreement,distractor_agreement_relational_noun,True,True,False,False,826,-43.21125030517578,-43.19104766845703,0
The prints of this drawing look like Stacy.,The prints of this drawing looks like Stacy.,morphology,subject_verb_agreement,distractor_agreement_relational_noun,True,True,False,False,827,-55.60620880126953,-55.30709457397461,0
The sisters of Amy aren't disappearing.,The sisters of Amy wasn't disappearing.,morphology,subject_verb_agreement,distractor_agreement_relational_noun,True,True,False,False,828,-46.68053436279297,-46.11130142211914,0
A granddaughter of most guys hasn't muttered.,A granddaughter of most guys haven't muttered.,morphology,subject_verb_agreement,distractor_agreement_relational_noun,True,True,False,False,829,-57.891048431396484,-54.79177474975586,0
The grandfathers of Guy were selling all dresses.,The grandfathers of Guy was selling all dresses.,morphology,subject_verb_agreement,distractor_agreement_relational_noun,True,True,False,False,830,-64.96961975097656,-63.51549530029297,0
A photograph of some restaurants alarms Alan.,A photograph of some restaurants alarm Alan.,morphology,subject_verb_agreement,distractor_agreement_relational_noun,True,True,False,False,831,-59.196075439453125,-57.26335525512695,0
The nephew of most doctors does refuse to care for Jodi.,The nephew of most doctors do refuse to care for Jodi.,morphology,subject_verb_agreement,distractor_agreement_relational_noun,True,True,False,False,832,-79.21554565429688,-77.40180206298828,0
The grandfathers of every driver have failed to see.,The grandfathers of every driver has failed to see.,morphology,subject_verb_agreement,distractor_agreement_relational_noun,True,True,False,False,833,-59.168251037597656,-58.706520080566406,0
The fathers of Kathleen have practiced.,The fathers of Kathleen has practiced.,morphology,subject_verb_agreement,distractor_agreement_relational_noun,True,True,False,False,834,-44.80076599121094,-43.36644744873047,0
The sisters of Cheryl were ascertaining the woman to see.,The sisters of Cheryl was ascertaining the woman to see.,morphology,subject_verb_agreement,distractor_agreement_relational_noun,True,True,False,False,835,-71.47705841064453,-69.76289367675781,0
The fathers of Grace have yelled.,The fathers of Grace has yelled.,morphology,subject_verb_agreement,distractor_agreement_relational_noun,True,True,False,False,836,-43.418365478515625,-41.776763916015625,0
The brother of most teenagers vanishes.,The brother of most teenagers vanish.,morphology,subject_verb_agreement,distractor_agreement_relational_noun,True,True,False,False,837,-55.769775390625,-44.8450927734375,0
A granddaughter of most teenagers boycotts all legislatures.,A granddaughter of most teenagers boycott all legislatures.,morphology,subject_verb_agreement,distractor_agreement_relational_noun,True,True,False,False,838,-77.56500244140625,-68.18860626220703,0
A brother of a lot of guests remembers who is falling.,A brother of a lot of guests remember who is falling.,morphology,subject_verb_agreement,distractor_agreement_relational_noun,True,True,False,False,839,-66.4444351196289,-62.7631950378418,0
A pamphlet about the Balkans shocks John.,A pamphlet about the Balkans shock John.,morphology,subject_verb_agreement,distractor_agreement_relational_noun,True,True,False,False,840,-59.49646759033203,-57.76087951660156,0
A book about current events hasn't embarrassed Spain.,A book about current events haven't embarrassed Spain.,morphology,subject_verb_agreement,distractor_agreement_relational_noun,True,True,False,False,841,-67.85143280029297,-65.5539779663086,0
A father of a lot of children has prevented all dishes from disappearing.,A father of a lot of children have prevented all dishes from disappearing.,morphology,subject_verb_agreement,distractor_agreement_relational_noun,True,True,False,False,842,-80.11196899414062,-78.50578308105469,0
The show about the Lutherans doesn't sound like Mitchell.,The show about the Lutherans don't sound like Mitchell.,morphology,subject_verb_agreement,distractor_agreement_relational_noun,True,True,False,False,843,-71.04012298583984,-68.21180725097656,0
The pamphlets about Galileo are impressing legislatures.,The pamphlets about Galileo was impressing legislatures.,morphology,subject_verb_agreement,distractor_agreement_relational_noun,True,True,False,False,844,-78.17198181152344,-76.69705200195312,0
A commentary about the Impressionists stuns this guy.,A commentary about the Impressionists stun this guy.,morphology,subject_verb_agreement,distractor_agreement_relational_noun,True,True,False,False,845,-86.56775665283203,-79.64761352539062,0
The drawings of some sketch upset that school.,The drawings of some sketch upsets that school.,morphology,subject_verb_agreement,distractor_agreement_relational_noun,True,True,False,False,846,-57.719573974609375,-62.65159606933594,1
The prints of a sketch were looking like all customers.,The prints of a sketch is looking like all customers.,morphology,subject_verb_agreement,distractor_agreement_relational_noun,True,True,False,False,847,-66.18618774414062,-64.15860748291016,0
The pictures of Lori were disturbing Richard.,The pictures of Lori is disturbing Richard.,morphology,subject_verb_agreement,distractor_agreement_relational_noun,True,True,False,False,848,-55.90032196044922,-54.11226272583008,0
The pictures of some car astound James.,The pictures of some car astounds James.,morphology,subject_verb_agreement,distractor_agreement_relational_noun,True,True,False,False,849,-56.432472229003906,-58.39429473876953,1
A print of all high schools hasn't distracted Kevin.,A print of all high schools haven't distracted Kevin.,morphology,subject_verb_agreement,distractor_agreement_relational_noun,True,True,False,False,850,-73.50739288330078,-71.65811920166016,0
The reports about Monet aren't falling.,The reports about Monet wasn't falling.,morphology,subject_verb_agreement,distractor_agreement_relational_noun,True,True,False,False,851,-56.03321838378906,-55.023193359375,0
The brother of all women hasn't walked through that hill.,The brother of all women haven't walked through that hill.,morphology,subject_verb_agreement,distractor_agreement_relational_noun,True,True,False,False,852,-63.23926544189453,-61.591068267822266,0
A story about the Balkans wasn't embarrassing Ella.,A story about the Balkans aren't embarrassing Ella.,morphology,subject_verb_agreement,distractor_agreement_relational_noun,True,True,False,False,853,-63.21226501464844,-63.767555236816406,1
The niece of some children does exit those glaciers.,The niece of some children do exit those glaciers.,morphology,subject_verb_agreement,distractor_agreement_relational_noun,True,True,False,False,854,-68.03460693359375,-66.74043273925781,0
The cousins of Ellen haven't visited Heidi.,The cousins of Ellen hasn't visited Heidi.,morphology,subject_verb_agreement,distractor_agreement_relational_noun,True,True,False,False,855,-59.270294189453125,-57.87350082397461,0
A print of many eyes does vanish.,A print of many eyes do vanish.,morphology,subject_verb_agreement,distractor_agreement_relational_noun,True,True,False,False,856,-52.91835021972656,-52.57106018066406,0
The plays about literature aren't confusing a cashier.,The plays about literature wasn't confusing a cashier.,morphology,subject_verb_agreement,distractor_agreement_relational_noun,True,True,False,False,857,-71.85610961914062,-72.88873291015625,1
The nieces of Florence were laughing.,The nieces of Florence was laughing.,morphology,subject_verb_agreement,distractor_agreement_relational_noun,True,True,False,False,858,-54.716026306152344,-52.584293365478516,0
The books about Spain haven't aggravated Tiffany.,The books about Spain hasn't aggravated Tiffany.,morphology,subject_verb_agreement,distractor_agreement_relational_noun,True,True,False,False,859,-60.139434814453125,-61.1655158996582,1
The print of all photographs exists.,The print of all photographs exist.,morphology,subject_verb_agreement,distractor_agreement_relational_noun,True,True,False,False,860,-43.52619552612305,-43.17102813720703,0
The pamphlets about Winston Churchill don't fall.,The pamphlets about Winston Churchill doesn't fall.,morphology,subject_verb_agreement,distractor_agreement_relational_noun,True,True,False,False,861,-65.57671356201172,-65.53366088867188,0
The pictures of some hat were scaring Marcus.,The pictures of some hat is scaring Marcus.,morphology,subject_verb_agreement,distractor_agreement_relational_noun,True,True,False,False,862,-63.185726165771484,-60.17363739013672,0
The drawing of many men hasn't upset Ella.,The drawing of many men haven't upset Ella.,morphology,subject_verb_agreement,distractor_agreement_relational_noun,True,True,False,False,863,-63.39344787597656,-61.646812438964844,0
The fathers of Leslie have learned.,The fathers of Leslie has learned.,morphology,subject_verb_agreement,distractor_agreement_relational_noun,True,True,False,False,864,-40.10847473144531,-38.607749938964844,0
The paintings of Judy aren't hurting Dawn.,The paintings of Judy wasn't hurting Dawn.,morphology,subject_verb_agreement,distractor_agreement_relational_noun,True,True,False,False,865,-57.838470458984375,-57.433021545410156,0
The book about the Clintons hasn't sounded like the museums.,The book about the Clintons haven't sounded like the museums.,morphology,subject_verb_agreement,distractor_agreement_relational_noun,True,True,False,False,866,-68.85955810546875,-68.18092346191406,0
A drawing of the movie theaters hasn't worried Heather.,A drawing of the movie theaters haven't worried Heather.,morphology,subject_verb_agreement,distractor_agreement_relational_noun,True,True,False,False,867,-72.73201751708984,-71.38827514648438,0
A father of a lot of ladies heals Meredith.,A father of a lot of ladies heal Meredith.,morphology,subject_verb_agreement,distractor_agreement_relational_noun,True,True,False,False,868,-62.19310760498047,-60.36349868774414,0
The show about the Borgias wasn't astounding Julia.,The show about the Borgias weren't astounding Julia.,morphology,subject_verb_agreement,distractor_agreement_relational_noun,True,True,False,False,869,-71.00241088867188,-73.30137634277344,1
The documentary about the Balkans hasn't confused April.,The documentary about the Balkans haven't confused April.,morphology,subject_verb_agreement,distractor_agreement_relational_noun,True,True,False,False,870,-65.79884338378906,-65.45478820800781,0
The newspaper articles about science are irritating Sandra.,The newspaper articles about science was irritating Sandra.,morphology,subject_verb_agreement,distractor_agreement_relational_noun,True,True,False,False,871,-65.07706451416016,-65.40791320800781,1
The grandmothers of Karla weren't compelling Beth to praise every essay.,The grandmothers of Karla isn't compelling Beth to praise every essay.,morphology,subject_verb_agreement,distractor_agreement_relational_noun,True,True,False,False,872,-108.263916015625,-106.67293548583984,0
The shows about Winston Churchill aren't alarming Bethany.,The shows about Winston Churchill isn't alarming Bethany.,morphology,subject_verb_agreement,distractor_agreement_relational_noun,True,True,False,False,873,-81.87557983398438,-80.66986083984375,0
The grandmothers of Janice have trained.,The grandmothers of Janice has trained.,morphology,subject_verb_agreement,distractor_agreement_relational_noun,True,True,False,False,874,-55.78899383544922,-55.925621032714844,1
A print of many wheelbarrows wasn't upsetting Homer.,A print of many wheelbarrows aren't upsetting Homer.,morphology,subject_verb_agreement,distractor_agreement_relational_noun,True,True,False,False,875,-86.37591552734375,-85.61912536621094,0
The play about current events does impress Sheila.,The play about current events do impress Sheila.,morphology,subject_verb_agreement,distractor_agreement_relational_noun,True,True,False,False,876,-66.78732299804688,-66.82344818115234,1
A nephew of these senators hasn't scared Sally.,A nephew of these senators haven't scared Sally.,morphology,subject_verb_agreement,distractor_agreement_relational_noun,True,True,False,False,877,-65.20561981201172,-63.48191452026367,0
The plays about travel don't shock Kirsten.,The plays about travel doesn't shock Kirsten.,morphology,subject_verb_agreement,distractor_agreement_relational_noun,True,True,False,False,878,-65.84906005859375,-66.73200988769531,1
A picture of all photographs doesn't look like those lights.,A picture of all photographs don't look like those lights.,morphology,subject_verb_agreement,distractor_agreement_relational_noun,True,True,False,False,879,-57.888824462890625,-56.13463592529297,0
The stories about travel astound Steve.,The stories about travel astounds Steve.,morphology,subject_verb_agreement,distractor_agreement_relational_noun,True,True,False,False,880,-57.48123550415039,-59.20500564575195,1
The movie about the Borgias wasn't embarrassing Eva.,The movie about the Borgias weren't embarrassing Eva.,morphology,subject_verb_agreement,distractor_agreement_relational_noun,True,True,False,False,881,-68.9459228515625,-70.9356689453125,1
The granddaughter of all senators leaves Eric.,The granddaughter of all senators leave Eric.,morphology,subject_verb_agreement,distractor_agreement_relational_noun,True,True,False,False,882,-57.42332458496094,-54.89221954345703,0
The niece of the Clintons isn't talking about all libraries.,The niece of the Clintons weren't talking about all libraries.,morphology,subject_verb_agreement,distractor_agreement_relational_noun,True,True,False,False,883,-70.97068786621094,-72.63346862792969,1
The brother of adults hasn't climbed down these slopes.,The brother of adults haven't climbed down these slopes.,morphology,subject_verb_agreement,distractor_agreement_relational_noun,True,True,False,False,884,-68.868896484375,-66.59715270996094,0
A sister of many guys wasn't getting fired.,A sister of many guys weren't getting fired.,morphology,subject_verb_agreement,distractor_agreement_relational_noun,True,True,False,False,885,-59.757179260253906,-58.203243255615234,0
The cousin of the women doesn't commission Lawrence's student to confuse guys.,The cousin of the women don't commission Lawrence's student to confuse guys.,morphology,subject_verb_agreement,distractor_agreement_relational_noun,True,True,False,False,886,-93.63092041015625,-94.80717468261719,1
The fathers of Matt fall asleep.,The fathers of Matt falls asleep.,morphology,subject_verb_agreement,distractor_agreement_relational_noun,True,True,False,False,887,-43.309844970703125,-43.15766143798828,0
The mothers of Eva were revealing some cat.,The mothers of Eva is revealing some cat.,morphology,subject_verb_agreement,distractor_agreement_relational_noun,True,True,False,False,888,-57.975555419921875,-56.440834045410156,0
A photograph of the grocery stores does appear.,A photograph of the grocery stores do appear.,morphology,subject_verb_agreement,distractor_agreement_relational_noun,True,True,False,False,889,-54.393463134765625,-54.011627197265625,0
The paintings of Matt do impress Pamela.,The paintings of Matt does impress Pamela.,morphology,subject_verb_agreement,distractor_agreement_relational_noun,True,True,False,False,890,-59.585235595703125,-57.64037322998047,0
The print of those gloves does resemble some sketch.,The print of those gloves do resemble some sketch.,morphology,subject_verb_agreement,distractor_agreement_relational_noun,True,True,False,False,891,-70.216796875,-69.49281311035156,0
The movies about literature do worry libraries.,The movies about literature does worry libraries.,morphology,subject_verb_agreement,distractor_agreement_relational_noun,True,True,False,False,892,-58.27849197387695,-57.79716110229492,0
The prints of Galileo aren't distracting many patients.,The prints of Galileo isn't distracting many patients.,morphology,subject_verb_agreement,distractor_agreement_relational_noun,True,True,False,False,893,-68.93853759765625,-68.61402130126953,0
The pamphlets about art were scaring the Lutherans.,The pamphlets about art was scaring the Lutherans.,morphology,subject_verb_agreement,distractor_agreement_relational_noun,True,True,False,False,894,-84.00335693359375,-82.78755950927734,0
The sketches of some bird have upset Beverly.,The sketches of some bird has upset Beverly.,morphology,subject_verb_agreement,distractor_agreement_relational_noun,True,True,False,False,895,-62.69752883911133,-61.946746826171875,0
The pamphlets about literature haven't bothered Candice.,The pamphlets about literature hasn't bothered Candice.,morphology,subject_verb_agreement,distractor_agreement_relational_noun,True,True,False,False,896,-77.4166259765625,-78.78544616699219,1
The fathers of Rhonda aren't spurring Lawrence's plumbers to complain about Lawrence.,The fathers of Rhonda wasn't spurring Lawrence's plumbers to complain about Lawrence.,morphology,subject_verb_agreement,distractor_agreement_relational_noun,True,True,False,False,897,-123.19188690185547,-121.56074523925781,0
The mothers of a customer have continued to hide this box.,The mothers of a customer has continued to hide this box.,morphology,subject_verb_agreement,distractor_agreement_relational_noun,True,True,False,False,898,-66.77136993408203,-64.91537475585938,0
The sketch of these pictures alarms April.,The sketch of these pictures alarm April.,morphology,subject_verb_agreement,distractor_agreement_relational_noun,True,True,False,False,899,-54.30656051635742,-53.56646728515625,0
The shows about art alarm Chad.,The shows about art alarms Chad.,morphology,subject_verb_agreement,distractor_agreement_relational_noun,True,True,False,False,900,-52.368988037109375,-53.81193542480469,1
The painting of eyes isn't falling.,The painting of eyes weren't falling.,morphology,subject_verb_agreement,distractor_agreement_relational_noun,True,True,False,False,901,-43.53213119506836,-44.425559997558594,1
The niece of some men is advising Barbara to climb up hills.,The niece of some men were advising Barbara to climb up hills.,morphology,subject_verb_agreement,distractor_agreement_relational_noun,True,True,False,False,902,-84.73931884765625,-80.98082733154297,0
The pictures of Carrie resemble some sketch.,The pictures of Carrie resembles some sketch.,morphology,subject_verb_agreement,distractor_agreement_relational_noun,True,True,False,False,903,-55.247779846191406,-53.4849967956543,0
The sister of a lot of drivers responds.,The sister of a lot of drivers respond.,morphology,subject_verb_agreement,distractor_agreement_relational_noun,True,True,False,False,904,-49.50921630859375,-47.99409103393555,0
A pamphlet about the Lutherans vanishes.,A pamphlet about the Lutherans vanish.,morphology,subject_verb_agreement,distractor_agreement_relational_noun,True,True,False,False,905,-67.76524353027344,-59.7502326965332,0
The granddaughter of the cashiers longs to insult Kirsten.,The granddaughter of the cashiers long to insult Kirsten.,morphology,subject_verb_agreement,distractor_agreement_relational_noun,True,True,False,False,906,-82.81967163085938,-77.35804748535156,0
The report about the Clintons doesn't impress some lady.,The report about the Clintons don't impress some lady.,morphology,subject_verb_agreement,distractor_agreement_relational_noun,True,True,False,False,907,-66.14226531982422,-67.01582336425781,1
A daughter of all teenagers doesn't hurt a child.,A daughter of all teenagers don't hurt a child.,morphology,subject_verb_agreement,distractor_agreement_relational_noun,True,True,False,False,908,-54.742610931396484,-53.12278747558594,0
The shows about Spain bore this senator.,The shows about Spain bores this senator.,morphology,subject_verb_agreement,distractor_agreement_relational_noun,True,True,False,False,909,-55.70995330810547,-61.613861083984375,1
The paintings of Jill do scare most organizations.,The paintings of Jill does scare most organizations.,morphology,subject_verb_agreement,distractor_agreement_relational_noun,True,True,False,False,910,-66.58352661132812,-63.88768768310547,0
The nephews of John haven't taken all hamsters.,The nephews of John hasn't taken all hamsters.,morphology,subject_verb_agreement,distractor_agreement_relational_noun,True,True,False,False,911,-69.23121643066406,-67.87008666992188,0
A friend of these teenagers is training.,A friend of these teenagers are training.,morphology,subject_verb_agreement,distractor_agreement_relational_noun,True,True,False,False,912,-44.704559326171875,-43.91666793823242,0
A friend of the customers has pressed Stephen to fire James.,A friend of the customers have pressed Stephen to fire James.,morphology,subject_verb_agreement,distractor_agreement_relational_noun,True,True,False,False,913,-79.24512481689453,-79.283203125,1
The fathers of Joseph do prod some nephews of Bruce to argue.,The fathers of Joseph does prod some nephews of Bruce to argue.,morphology,subject_verb_agreement,distractor_agreement_relational_noun,True,True,False,False,914,-97.77249145507812,-97.35890197753906,0
The movie about the Balkans does aggravate these libraries.,The movie about the Balkans do aggravate these libraries.,morphology,subject_verb_agreement,distractor_agreement_relational_noun,True,True,False,False,915,-68.81536865234375,-70.14433288574219,1
The niece of many ladies attempts to change.,The niece of many ladies attempt to change.,morphology,subject_verb_agreement,distractor_agreement_relational_noun,True,True,False,False,916,-49.58530044555664,-49.493587493896484,0
The brochures about Harvard University were irritating Tracy.,The brochures about Harvard University is irritating Tracy.,morphology,subject_verb_agreement,distractor_agreement_relational_noun,True,True,False,False,917,-73.74658203125,-72.025634765625,0
A movie about the Clintons isn't worrying Martin.,A movie about the Clintons weren't worrying Martin.,morphology,subject_verb_agreement,distractor_agreement_relational_noun,True,True,False,False,918,-64.35647583007812,-66.66273498535156,1
The nephews of Tonya do pressure Rachel's sisters to insult a grocery store.,The nephews of Tonya does pressure Rachel's sisters to insult a grocery store.,morphology,subject_verb_agreement,distractor_agreement_relational_noun,True,True,False,False,919,-113.53781127929688,-114.00432586669922,1
The photograph of most movie theaters hasn't appeared.,The photograph of most movie theaters haven't appeared.,morphology,subject_verb_agreement,distractor_agreement_relational_noun,True,True,False,False,920,-64.17182159423828,-62.80968475341797,0
A picture of many drivers does alarm Samantha.,A picture of many drivers do alarm Samantha.,morphology,subject_verb_agreement,distractor_agreement_relational_noun,True,True,False,False,921,-61.11096954345703,-59.69694519042969,0
The newspaper articles about Galileo have bothered Craig.,The newspaper articles about Galileo has bothered Craig.,morphology,subject_verb_agreement,distractor_agreement_relational_noun,True,True,False,False,922,-69.8311767578125,-68.51224517822266,0
The pamphlet about the Clintons appears.,The pamphlet about the Clintons appear.,morphology,subject_verb_agreement,distractor_agreement_relational_noun,True,True,False,False,923,-48.34418487548828,-48.751121520996094,1
The nephews of Cynthia don't shout.,The nephews of Cynthia doesn't shout.,morphology,subject_verb_agreement,distractor_agreement_relational_noun,True,True,False,False,924,-50.1053466796875,-50.44316864013672,1
The photographs of a painting have looked like many couches.,The photographs of a painting has looked like many couches.,morphology,subject_verb_agreement,distractor_agreement_relational_noun,True,True,False,False,925,-65.80816650390625,-64.91361236572266,0
The shows about literature haven't aggravated Kristin.,The shows about literature hasn't aggravated Kristin.,morphology,subject_verb_agreement,distractor_agreement_relational_noun,True,True,False,False,926,-67.50515747070312,-69.15979766845703,1
The pictures of that jacket haven't disgusted Laurie.,The pictures of that jacket hasn't disgusted Laurie.,morphology,subject_verb_agreement,distractor_agreement_relational_noun,True,True,False,False,927,-64.64765930175781,-64.74114990234375,1
The fathers of Samuel have found a guy to get a job.,The fathers of Samuel has found a guy to get a job.,morphology,subject_verb_agreement,distractor_agreement_relational_noun,True,True,False,False,928,-65.61851501464844,-64.77291870117188,0
The play about the Impressionists has alarmed Andrew.,The play about the Impressionists have alarmed Andrew.,morphology,subject_verb_agreement,distractor_agreement_relational_noun,True,True,False,False,929,-78.47938537597656,-76.7059326171875,0
The photographs of Becca aren't astounding Sherry.,The photographs of Becca wasn't astounding Sherry.,morphology,subject_verb_agreement,distractor_agreement_relational_noun,True,True,False,False,930,-74.32203674316406,-73.00021362304688,0
A movie about the Borgias hasn't hurt Adam.,A movie about the Borgias haven't hurt Adam.,morphology,subject_verb_agreement,distractor_agreement_relational_noun,True,True,False,False,931,-62.406028747558594,-63.65171813964844,1
The photograph of some movie theaters isn't alarming a lot of museums.,The photograph of some movie theaters weren't alarming a lot of museums.,morphology,subject_verb_agreement,distractor_agreement_relational_noun,True,True,False,False,932,-83.97403717041016,-84.56465911865234,1
The drawing of newspaper articles was bothering Stephanie.,The drawing of newspaper articles were bothering Stephanie.,morphology,subject_verb_agreement,distractor_agreement_relational_noun,True,True,False,False,933,-67.7196273803711,-67.31546020507812,0
A son of all actresses hasn't muttered.,A son of all actresses haven't muttered.,morphology,subject_verb_agreement,distractor_agreement_relational_noun,True,True,False,False,934,-55.707679748535156,-54.99034881591797,0
The paintings of Eva do impress Kristen.,The paintings of Eva does impress Kristen.,morphology,subject_verb_agreement,distractor_agreement_relational_noun,True,True,False,False,935,-59.73138427734375,-58.026329040527344,0
A newspaper article about the Borgias vanishes.,A newspaper article about the Borgias vanish.,morphology,subject_verb_agreement,distractor_agreement_relational_noun,True,True,False,False,936,-70.16928100585938,-61.548583984375,0
The prints of Candice weren't wasting away.,The prints of Candice isn't wasting away.,morphology,subject_verb_agreement,distractor_agreement_relational_noun,True,True,False,False,937,-66.52205657958984,-64.56028747558594,0
The brothers of Candice have forgotten about what slow.,The brothers of Candice has forgotten about what slow.,morphology,subject_verb_agreement,distractor_agreement_relational_noun,True,True,False,False,938,-68.0726318359375,-67.67225646972656,0
A cousin of most dancers does shout.,A cousin of most dancers do shout.,morphology,subject_verb_agreement,distractor_agreement_relational_noun,True,True,False,False,939,-52.83746337890625,-52.29039001464844,0
The story about the Balkans aggravates the organization.,The story about the Balkans aggravate the organization.,morphology,subject_verb_agreement,distractor_agreement_relational_noun,True,True,False,False,940,-55.67929458618164,-54.86098861694336,0
The nephews of Edward aren't running around a grocery store.,The nephews of Edward wasn't running around a grocery store.,morphology,subject_verb_agreement,distractor_agreement_relational_noun,True,True,False,False,941,-72.41973114013672,-69.22879028320312,0
The niece of a lot of actresses is appreciating Clyde.,The niece of a lot of actresses were appreciating Clyde.,morphology,subject_verb_agreement,distractor_agreement_relational_noun,True,True,False,False,942,-74.77467346191406,-75.4389419555664,1
The essay about the Balkans does alarm Charles.,The essay about the Balkans do alarm Charles.,morphology,subject_verb_agreement,distractor_agreement_relational_noun,True,True,False,False,943,-61.542118072509766,-61.355384826660156,0
The fathers of Patricia haven't anticipated Irene to flee from Becca.,The fathers of Patricia hasn't anticipated Irene to flee from Becca.,morphology,subject_verb_agreement,distractor_agreement_relational_noun,True,True,False,False,944,-94.81512451171875,-93.72914123535156,0
The report about the Impressionists has sounded like Catherine.,The report about the Impressionists have sounded like Catherine.,morphology,subject_verb_agreement,distractor_agreement_relational_noun,True,True,False,False,945,-74.9655990600586,-73.54901123046875,0
The reports about Monet aren't appearing.,The reports about Monet isn't appearing.,morphology,subject_verb_agreement,distractor_agreement_relational_noun,True,True,False,False,946,-57.250518798828125,-55.61897659301758,0
A pamphlet about the Clintons doesn't exist.,A pamphlet about the Clintons don't exist.,morphology,subject_verb_agreement,distractor_agreement_relational_noun,True,True,False,False,947,-55.053585052490234,-55.751609802246094,1
A brother of many adults doesn't fail to bake.,A brother of many adults don't fail to bake.,morphology,subject_verb_agreement,distractor_agreement_relational_noun,True,True,False,False,948,-59.92311477661133,-57.236244201660156,0
A play about the Lutherans isn't hurting girls.,A play about the Lutherans weren't hurting girls.,morphology,subject_verb_agreement,distractor_agreement_relational_noun,True,True,False,False,949,-71.77362060546875,-72.89280700683594,1
The pamphlets about art aren't bothering Steve.,The pamphlets about art isn't bothering Steve.,morphology,subject_verb_agreement,distractor_agreement_relational_noun,True,True,False,False,950,-70.62648010253906,-69.55049896240234,0
The brochures about Jesus weren't alarming Victoria.,The brochures about Jesus wasn't alarming Victoria.,morphology,subject_verb_agreement,distractor_agreement_relational_noun,True,True,False,False,951,-71.76566314697266,-69.76274108886719,0
The paintings of Joseph don't hurt Rachel.,The paintings of Joseph doesn't hurt Rachel.,morphology,subject_verb_agreement,distractor_agreement_relational_noun,True,True,False,False,952,-48.47874069213867,-48.56919479370117,1
A father of those waiters has appeared to help Ronald.,A father of those waiters have appeared to help Ronald.,morphology,subject_verb_agreement,distractor_agreement_relational_noun,True,True,False,False,953,-74.21670532226562,-72.68740844726562,0
The brochure about the Clintons aggravates every museum.,The brochure about the Clintons aggravate every museum.,morphology,subject_verb_agreement,distractor_agreement_relational_noun,True,True,False,False,954,-79.38790130615234,-78.7150650024414,0
The paintings of April don't fall.,The paintings of April doesn't fall.,morphology,subject_verb_agreement,distractor_agreement_relational_noun,True,True,False,False,955,-41.637508392333984,-42.21699142456055,1
A show about the Clintons bothers Sonia.,A show about the Clintons bother Sonia.,morphology,subject_verb_agreement,distractor_agreement_relational_noun,True,True,False,False,956,-56.396080017089844,-58.24275207519531,1
A grandfather of some waitresses has stunned Rose.,A grandfather of some waitresses have stunned Rose.,morphology,subject_verb_agreement,distractor_agreement_relational_noun,True,True,False,False,957,-79.96449279785156,-77.78178405761719,0
A niece of those actresses has figured out who hadn't declared some light to dim.,A niece of those actresses have figured out who hadn't declared some light to dim.,morphology,subject_verb_agreement,distractor_agreement_relational_noun,True,True,False,False,958,-110.52272033691406,-110.28443908691406,0
The brochures about art do impress the actress.,The brochures about art does impress the actress.,morphology,subject_verb_agreement,distractor_agreement_relational_noun,True,True,False,False,959,-69.04164123535156,-67.4388427734375,0
The sketch of eyes hasn't appeared.,The sketch of eyes haven't appeared.,morphology,subject_verb_agreement,distractor_agreement_relational_noun,True,True,False,False,960,-46.57123565673828,-45.01402282714844,0
The daughters of every adult have persuaded Deanna to praise Anna.,The daughters of every adult has persuaded Deanna to praise Anna.,morphology,subject_verb_agreement,distractor_agreement_relational_noun,True,True,False,False,961,-95.8286361694336,-96.00719451904297,1
A daughter of most actors has worried Tina.,A daughter of most actors have worried Tina.,morphology,subject_verb_agreement,distractor_agreement_relational_noun,True,True,False,False,962,-58.60706329345703,-57.5283203125,0
A print of a lot of senators hasn't confused Denise.,A print of a lot of senators haven't confused Denise.,morphology,subject_verb_agreement,distractor_agreement_relational_noun,True,True,False,False,963,-72.58116149902344,-70.98957061767578,0
A book about the Impressionists shocks Bethany.,A book about the Impressionists shock Bethany.,morphology,subject_verb_agreement,distractor_agreement_relational_noun,True,True,False,False,964,-81.81927490234375,-80.64051818847656,0
The friends of Grace are donating.,The friends of Grace is donating.,morphology,subject_verb_agreement,distractor_agreement_relational_noun,True,True,False,False,965,-45.081398010253906,-43.78749084472656,0
The prints of that print weren't alarming Lawrence.,The prints of that print isn't alarming Lawrence.,morphology,subject_verb_agreement,distractor_agreement_relational_noun,True,True,False,False,966,-69.4859619140625,-67.7422866821289,0
The picture of most women hasn't impressed the Borgias.,The picture of most women haven't impressed the Borgias.,morphology,subject_verb_agreement,distractor_agreement_relational_noun,True,True,False,False,967,-70.55223083496094,-68.95643615722656,0
A grandmother of all patients was managing to alarm Frank.,A grandmother of all patients are managing to alarm Frank.,morphology,subject_verb_agreement,distractor_agreement_relational_noun,True,True,False,False,968,-75.82720947265625,-74.55609130859375,0
The granddaughter of most teachers describes Rhonda.,The granddaughter of most teachers describe Rhonda.,morphology,subject_verb_agreement,distractor_agreement_relational_noun,True,True,False,False,969,-61.02874755859375,-62.95563888549805,1
The nephews of Beverly are urging Spain to surrender.,The nephews of Beverly is urging Spain to surrender.,morphology,subject_verb_agreement,distractor_agreement_relational_noun,True,True,False,False,970,-72.73548889160156,-70.21603393554688,0
The newspaper article about the Impressionists has shocked this museum.,The newspaper article about the Impressionists have shocked this museum.,morphology,subject_verb_agreement,distractor_agreement_relational_noun,True,True,False,False,971,-84.06887817382812,-82.83636474609375,0
A father of the Clintons discovers Guy to criticize those stories.,A father of the Clintons discover Guy to criticize those stories.,morphology,subject_verb_agreement,distractor_agreement_relational_noun,True,True,False,False,972,-82.85511779785156,-83.7445297241211,1
The prints of some hat were wasting away.,The prints of some hat was wasting away.,morphology,subject_verb_agreement,distractor_agreement_relational_noun,True,True,False,False,973,-56.44239807128906,-54.451377868652344,0
The nieces of Randolf don't waste away.,The nieces of Randolf doesn't waste away.,morphology,subject_verb_agreement,distractor_agreement_relational_noun,True,True,False,False,974,-78.31172180175781,-80.49351501464844,1
A grandfather of these ladies does lie.,A grandfather of these ladies do lie.,morphology,subject_verb_agreement,distractor_agreement_relational_noun,True,True,False,False,975,-49.661659240722656,-48.056312561035156,0
The prints of every eggplant scare those schools.,The prints of every eggplant scares those schools.,morphology,subject_verb_agreement,distractor_agreement_relational_noun,True,True,False,False,976,-72.20675659179688,-71.98648071289062,0
The commentary about current events annoys Kirsten.,The commentary about current events annoy Kirsten.,morphology,subject_verb_agreement,distractor_agreement_relational_noun,True,True,False,False,977,-68.94184875488281,-67.32401275634766,0
A book about current events confuses a lot of actresses.,A book about current events confuse a lot of actresses.,morphology,subject_verb_agreement,distractor_agreement_relational_noun,True,True,False,False,978,-74.2763671875,-66.88538360595703,0
The sketches of some window worry Stephanie.,The sketches of some window worries Stephanie.,morphology,subject_verb_agreement,distractor_agreement_relational_noun,True,True,False,False,979,-56.70148468017578,-58.232994079589844,1
The nephews of Alan exercise.,The nephews of Alan exercises.,morphology,subject_verb_agreement,distractor_agreement_relational_noun,True,True,False,False,980,-43.43067932128906,-43.21398162841797,0
The commentaries about Monet aren't astounding Travis.,The commentaries about Monet isn't astounding Travis.,morphology,subject_verb_agreement,distractor_agreement_relational_noun,True,True,False,False,981,-88.8620376586914,-87.19537353515625,0
The cousins of Jason haven't realized who believed Cindy to research some college campuses.,The cousins of Jason hasn't realized who believed Cindy to research some college campuses.,morphology,subject_verb_agreement,distractor_agreement_relational_noun,True,True,False,False,982,-118.08467864990234,-117.02323150634766,0
The pamphlets about Jesus are appearing.,The pamphlets about Jesus is appearing.,morphology,subject_verb_agreement,distractor_agreement_relational_noun,True,True,False,False,983,-54.52402877807617,-53.64971160888672,0
A picture of steps bothers Todd.,A picture of steps bother Todd.,morphology,subject_verb_agreement,distractor_agreement_relational_noun,True,True,False,False,984,-47.25117111206055,-46.966400146484375,0
The show about the Clintons has disagreed.,The show about the Clintons have disagreed.,morphology,subject_verb_agreement,distractor_agreement_relational_noun,True,True,False,False,985,-49.20882034301758,-50.86835479736328,1
A brother of all waiters wasn't praising Marie.,A brother of all waiters aren't praising Marie.,morphology,subject_verb_agreement,distractor_agreement_relational_noun,True,True,False,False,986,-72.79480743408203,-70.98493957519531,0
The prints of this ice shock Dana.,The prints of this ice shocks Dana.,morphology,subject_verb_agreement,distractor_agreement_relational_noun,True,True,False,False,987,-54.87061309814453,-56.585750579833984,1
The mother of most drivers has praised Veronica.,The mother of most drivers have praised Veronica.,morphology,subject_verb_agreement,distractor_agreement_relational_noun,True,True,False,False,988,-60.22415542602539,-58.42897415161133,0
The newspaper article about the Lutherans has looked like some sketch.,The newspaper article about the Lutherans have looked like some sketch.,morphology,subject_verb_agreement,distractor_agreement_relational_noun,True,True,False,False,989,-79.76199340820312,-79.38594055175781,0
The grandmothers of Galileo haven't visited many lakes.,The grandmothers of Galileo hasn't visited many lakes.,morphology,subject_verb_agreement,distractor_agreement_relational_noun,True,True,False,False,990,-70.54902648925781,-69.96365356445312,0
The cousins of Tanya walk through those lakes.,The cousins of Tanya walks through those lakes.,morphology,subject_verb_agreement,distractor_agreement_relational_noun,True,True,False,False,991,-62.29883575439453,-60.932857513427734,0
The drawings of Jane are appearing.,The drawings of Jane is appearing.,morphology,subject_verb_agreement,distractor_agreement_relational_noun,True,True,False,False,992,-42.62360382080078,-40.74092483520508,0
An essay about the Clintons has alarmed these boys.,An essay about the Clintons have alarmed these boys.,morphology,subject_verb_agreement,distractor_agreement_relational_noun,True,True,False,False,993,-67.70376586914062,-68.66236114501953,1
The newspaper articles about Winston Churchill win.,The newspaper articles about Winston Churchill wins.,morphology,subject_verb_agreement,distractor_agreement_relational_noun,True,True,False,False,994,-58.340484619140625,-57.472442626953125,0
The stories about Spain aggravate Carl.,The stories about Spain aggravates Carl.,morphology,subject_verb_agreement,distractor_agreement_relational_noun,True,True,False,False,995,-54.194480895996094,-56.63211441040039,1
The drawings of Guy weren't scaring Bruce.,The drawings of Guy wasn't scaring Bruce.,morphology,subject_verb_agreement,distractor_agreement_relational_noun,True,True,False,False,996,-62.56793212890625,-62.03032302856445,0
The newspaper articles about Jesus don't look like every drawing.,The newspaper articles about Jesus doesn't look like every drawing.,morphology,subject_verb_agreement,distractor_agreement_relational_noun,True,True,False,False,997,-70.83097839355469,-71.08457946777344,1
A picture of many bikes has impressed Grace.,A picture of many bikes have impressed Grace.,morphology,subject_verb_agreement,distractor_agreement_relational_noun,True,True,False,False,998,-59.455108642578125,-58.75828552246094,0
A cousin of some teachers hasn't attacked the Borgias.,A cousin of some teachers haven't attacked the Borgias.,morphology,subject_verb_agreement,distractor_agreement_relational_noun,True,True,False,False,999,-75.14628601074219,-71.80147552490234,0
