sentence_good,sentence_bad,field,linguistics_term,UID,simple_LM_method,one_prefix_method,two_prefix_method,lexically_identical,pair_id,good_prob,bad_prob,correct
All convertibles weren't there existing.,There weren't all convertibles existing.,semantics,quantifiers,existential_there_quantifiers_2,True,False,False,False,0,-57.533599853515625,-59.980003356933594,1
Every fish was there astounding Sally.,There was every fish astounding Sally.,semantics,quantifiers,existential_there_quantifiers_2,True,False,False,False,1,-48.57550048828125,-49.31146240234375,1
All sisters of Roger weren't there going to this school.,There weren't all sisters of Roger going to this school.,semantics,quantifiers,existential_there_quantifiers_2,True,False,False,False,2,-64.75749969482422,-67.59225463867188,1
Every documentary is there annoying Anna.,There is every documentary annoying Anna.,semantics,quantifiers,existential_there_quantifiers_2,True,False,False,False,3,-45.23796844482422,-45.5717658996582,1
Each government was there hurting Rhonda.,There was each government hurting Rhonda.,semantics,quantifiers,existential_there_quantifiers_2,True,False,False,False,4,-54.22309875488281,-55.56800842285156,1
Every newspaper article wasn't there wasting away.,There wasn't every newspaper article wasting away.,semantics,quantifiers,existential_there_quantifiers_2,True,False,False,False,5,-54.64581298828125,-58.01142883300781,1
Every student wasn't there leaving Andrew.,There wasn't every student leaving Andrew.,semantics,quantifiers,existential_there_quantifiers_2,True,False,False,False,6,-47.528717041015625,-49.24390411376953,1
Each screen is there alarming Tara.,There is each screen alarming Tara.,semantics,quantifiers,existential_there_quantifiers_2,True,False,False,False,7,-48.42201614379883,-49.24793243408203,1
Most universities weren't there hurting this child.,There weren't most universities hurting this child.,semantics,quantifiers,existential_there_quantifiers_2,True,False,False,False,8,-52.64867401123047,-54.745243072509766,1
Each book is there disturbing Margaret.,There is each book disturbing Margaret.,semantics,quantifiers,existential_there_quantifiers_2,True,False,False,False,9,-43.54916000366211,-46.25641632080078,1
Each art gallery was there irritating a lot of committees.,There was each art gallery irritating a lot of committees.,semantics,quantifiers,existential_there_quantifiers_2,True,False,False,False,10,-66.16217803955078,-69.011962890625,1
All students weren't there noticing some box.,There weren't all students noticing some box.,semantics,quantifiers,existential_there_quantifiers_2,True,False,False,False,11,-55.63520812988281,-56.44256591796875,1
Each mother of a teenager isn't there asking Mark to scratch.,There isn't each mother of a teenager asking Mark to scratch.,semantics,quantifiers,existential_there_quantifiers_2,True,False,False,False,12,-73.49195861816406,-77.99789428710938,1
Most shows about the Great Lakes are there distracting Lisa.,There are most shows about the Great Lakes distracting Lisa.,semantics,quantifiers,existential_there_quantifiers_2,True,False,False,False,13,-72.84635925292969,-70.53941345214844,0
Most nephews of Irene were there telephoning.,There were most nephews of Irene telephoning.,semantics,quantifiers,existential_there_quantifiers_2,True,False,False,False,14,-73.43415832519531,-70.55435943603516,0
Each horse is there upsetting a lot of teachers.,There is each horse upsetting a lot of teachers.,semantics,quantifiers,existential_there_quantifiers_2,True,False,False,False,15,-48.73489761352539,-52.976158142089844,1
Every story was there hurting Judy.,There was every story hurting Judy.,semantics,quantifiers,existential_there_quantifiers_2,True,False,False,False,16,-43.22010803222656,-44.196388244628906,1
Every plate is there embarrassing Richard.,There is every plate embarrassing Richard.,semantics,quantifiers,existential_there_quantifiers_2,True,False,False,False,17,-45.31453323364258,-48.57151412963867,1
Most computers weren't there alarming Sabrina.,There weren't most computers alarming Sabrina.,semantics,quantifiers,existential_there_quantifiers_2,True,False,False,False,18,-64.2425537109375,-64.8196029663086,1
Every computer wasn't there shocking that actress.,There wasn't every computer shocking that actress.,semantics,quantifiers,existential_there_quantifiers_2,True,False,False,False,19,-54.987693786621094,-55.861732482910156,1
Most reports aren't there disappearing.,There aren't most reports disappearing.,semantics,quantifiers,existential_there_quantifiers_2,True,False,False,False,20,-40.858665466308594,-44.22683334350586,1
Each university was there worrying.,There was each university worrying.,semantics,quantifiers,existential_there_quantifiers_2,True,False,False,False,21,-36.316707611083984,-38.162506103515625,1
Every popsicle isn't there wasting away.,There isn't every popsicle wasting away.,semantics,quantifiers,existential_there_quantifiers_2,True,False,False,False,22,-55.04755783081055,-55.847137451171875,1
All granddaughters of Donald weren't there confusing this doctor.,There weren't all granddaughters of Donald confusing this doctor.,semantics,quantifiers,existential_there_quantifiers_2,True,False,False,False,23,-82.07241821289062,-83.98173522949219,1
Most cars weren't there scaring Kendra.,There weren't most cars scaring Kendra.,semantics,quantifiers,existential_there_quantifiers_2,True,False,False,False,24,-62.618629455566406,-65.73175048828125,1
Every coat wasn't there twirling.,There wasn't every coat twirling.,semantics,quantifiers,existential_there_quantifiers_2,True,False,False,False,25,-45.1510009765625,-47.10677719116211,1
All bikes are there embarrassing Brian.,There are all bikes embarrassing Brian.,semantics,quantifiers,existential_there_quantifiers_2,True,False,False,False,26,-48.02094268798828,-47.35699462890625,0
Each essay isn't there embarrassing Kenneth.,There isn't each essay embarrassing Kenneth.,semantics,quantifiers,existential_there_quantifiers_2,True,False,False,False,27,-50.27923583984375,-53.493263244628906,1
Most organizations are there compelling Claire to stretch.,There are most organizations compelling Claire to stretch.,semantics,quantifiers,existential_there_quantifiers_2,True,False,False,False,28,-64.58833312988281,-62.80606460571289,0
Every fork wasn't there appearing.,There wasn't every fork appearing.,semantics,quantifiers,existential_there_quantifiers_2,True,False,False,False,29,-41.655025482177734,-44.87629699707031,1
All dancers are there talking to Pamela.,There are all dancers talking to Pamela.,semantics,quantifiers,existential_there_quantifiers_2,True,False,False,False,30,-47.599853515625,-45.60503387451172,0
Most sisters of Veronica weren't there clashing.,There weren't most sisters of Veronica clashing.,semantics,quantifiers,existential_there_quantifiers_2,True,False,False,False,31,-61.90257263183594,-62.963836669921875,1
All lights are there distracting Sarah.,There are all lights distracting Sarah.,semantics,quantifiers,existential_there_quantifiers_2,True,False,False,False,32,-46.568450927734375,-43.17326354980469,0
All daughters of these teachers weren't there messing up pants.,There weren't all daughters of these teachers messing up pants.,semantics,quantifiers,existential_there_quantifiers_2,True,False,False,False,33,-70.09900665283203,-75.12285614013672,1
Every casserole isn't there looking like a lot of sketches.,There isn't every casserole looking like a lot of sketches.,semantics,quantifiers,existential_there_quantifiers_2,True,False,False,False,34,-68.33518981933594,-73.6109848022461,1
Each drawing of Cheryl isn't there existing.,There isn't each drawing of Cheryl existing.,semantics,quantifiers,existential_there_quantifiers_2,True,False,False,False,35,-59.47791290283203,-60.76643371582031,1
Each picture is there appearing.,There is each picture appearing.,semantics,quantifiers,existential_there_quantifiers_2,True,False,False,False,36,-35.8408088684082,-34.156471252441406,0
Every grocery store was there falling.,There was every grocery store falling.,semantics,quantifiers,existential_there_quantifiers_2,True,False,False,False,37,-43.029117584228516,-42.22856140136719,0
Most dishes are there wasting away.,There are most dishes wasting away.,semantics,quantifiers,existential_there_quantifiers_2,True,False,False,False,38,-41.85618209838867,-42.1104850769043,1
All pants were there impressing Alexander.,There were all pants impressing Alexander.,semantics,quantifiers,existential_there_quantifiers_2,True,False,False,False,39,-56.16233825683594,-56.1214599609375,0
Most commentaries about the Impressionists were there bothering Beverly.,There were most commentaries about the Impressionists bothering Beverly.,semantics,quantifiers,existential_there_quantifiers_2,True,False,False,False,40,-97.02304077148438,-95.62040710449219,0
Each college campus isn't there alarming Irene.,There isn't each college campus alarming Irene.,semantics,quantifiers,existential_there_quantifiers_2,True,False,False,False,41,-64.46621704101562,-64.46173095703125,0
All organizations were there convincing Winston Churchill to escape.,There were all organizations convincing Winston Churchill to escape.,semantics,quantifiers,existential_there_quantifiers_2,True,False,False,False,42,-69.48782348632812,-67.46087646484375,0
Most wheelbarrows are there dropping.,There are most wheelbarrows dropping.,semantics,quantifiers,existential_there_quantifiers_2,True,False,False,False,43,-55.309974670410156,-50.75871276855469,0
Most skirts were there aggravating waiters.,There were most skirts aggravating waiters.,semantics,quantifiers,existential_there_quantifiers_2,True,False,False,False,44,-62.95303726196289,-62.35822677612305,0
Most cars aren't there slipping.,There aren't most cars slipping.,semantics,quantifiers,existential_there_quantifiers_2,True,False,False,False,45,-38.97696304321289,-42.89265823364258,1
All slopes are there alarming Kathleen.,There are all slopes alarming Kathleen.,semantics,quantifiers,existential_there_quantifiers_2,True,False,False,False,46,-52.85002899169922,-50.45275115966797,0
Every hospital wasn't there urging Wayne to find most cars.,There wasn't every hospital urging Wayne to find most cars.,semantics,quantifiers,existential_there_quantifiers_2,True,False,False,False,47,-79.97708129882812,-80.48052215576172,1
Most guests were there attacking Kimberley.,There were most guests attacking Kimberley.,semantics,quantifiers,existential_there_quantifiers_2,True,False,False,False,48,-52.09380340576172,-51.91517639160156,0
Every picture of a lot of pants wasn't there looking like those sketches.,There wasn't every picture of a lot of pants looking like those sketches.,semantics,quantifiers,existential_there_quantifiers_2,True,False,False,False,49,-72.73561096191406,-74.38485717773438,1
Most computers weren't there alarming Valerie.,There weren't most computers alarming Valerie.,semantics,quantifiers,existential_there_quantifiers_2,True,False,False,False,50,-57.52342987060547,-58.706485748291016,1
Every restaurant is there impressing Patrick.,There is every restaurant impressing Patrick.,semantics,quantifiers,existential_there_quantifiers_2,True,False,False,False,51,-52.91520690917969,-54.1710205078125,1
Every dish was there wasting away.,There was every dish wasting away.,semantics,quantifiers,existential_there_quantifiers_2,True,False,False,False,52,-42.64330291748047,-42.34221649169922,0
Each cucumber was there burning.,There was each cucumber burning.,semantics,quantifiers,existential_there_quantifiers_2,True,False,False,False,53,-43.12415313720703,-43.935394287109375,1
Most movies aren't there worrying Peter.,There aren't most movies worrying Peter.,semantics,quantifiers,existential_there_quantifiers_2,True,False,False,False,54,-48.26579284667969,-52.80913162231445,1
Every commentary about the Impressionists is there disgusting an actor.,There is every commentary about the Impressionists disgusting an actor.,semantics,quantifiers,existential_there_quantifiers_2,True,False,False,False,55,-82.46058654785156,-84.11576843261719,1
Every muffin isn't there charring.,There isn't every muffin charring.,semantics,quantifiers,existential_there_quantifiers_2,True,False,False,False,56,-52.98163604736328,-53.33045959472656,1
Most peppers aren't there boring Ann.,There aren't most peppers boring Ann.,semantics,quantifiers,existential_there_quantifiers_2,True,False,False,False,57,-49.09381866455078,-56.43020248413086,1
All cousins of William aren't there predicting Gerald to sigh.,There aren't all cousins of William predicting Gerald to sigh.,semantics,quantifiers,existential_there_quantifiers_2,True,False,False,False,58,-88.58053588867188,-89.53193664550781,1
All shows about the Impressionists weren't there scaring Michael.,There weren't all shows about the Impressionists scaring Michael.,semantics,quantifiers,existential_there_quantifiers_2,True,False,False,False,59,-86.05104064941406,-89.655517578125,1
All sweaters weren't there shocking Clyde.,There weren't all sweaters shocking Clyde.,semantics,quantifiers,existential_there_quantifiers_2,True,False,False,False,60,-64.49783325195312,-66.22726440429688,1
Every slope was there vanishing.,There was every slope vanishing.,semantics,quantifiers,existential_there_quantifiers_2,True,False,False,False,61,-38.078948974609375,-36.93198013305664,0
Most computers are there falling.,There are most computers falling.,semantics,quantifiers,existential_there_quantifiers_2,True,False,False,False,62,-34.80793380737305,-32.7562255859375,0
All public parks are there boring Jill.,There are all public parks boring Jill.,semantics,quantifiers,existential_there_quantifiers_2,True,False,False,False,63,-57.97047424316406,-54.76416778564453,0
Most mountains are there distracting Scott.,There are most mountains distracting Scott.,semantics,quantifiers,existential_there_quantifiers_2,True,False,False,False,64,-49.00896453857422,-46.954715728759766,0
Every pepper isn't there scorching.,There isn't every pepper scorching.,semantics,quantifiers,existential_there_quantifiers_2,True,False,False,False,65,-47.024383544921875,-49.06792068481445,1
Most boys are there divorcing.,There are most boys divorcing.,semantics,quantifiers,existential_there_quantifiers_2,True,False,False,False,66,-51.16180419921875,-47.658546447753906,0
Each cart is there appearing.,There is each cart appearing.,semantics,quantifiers,existential_there_quantifiers_2,True,False,False,False,67,-36.77703857421875,-38.272186279296875,1
Each mushroom is there annoying Amelia.,There is each mushroom annoying Amelia.,semantics,quantifiers,existential_there_quantifiers_2,True,False,False,False,68,-48.017417907714844,-50.60061264038086,1
Each closet isn't there appearing.,There isn't each closet appearing.,semantics,quantifiers,existential_there_quantifiers_2,True,False,False,False,69,-40.85546875,-44.049198150634766,1
Each association isn't there intending to bother Tamara.,There isn't each association intending to bother Tamara.,semantics,quantifiers,existential_there_quantifiers_2,True,False,False,False,70,-70.49676513671875,-73.28009033203125,1
Each casserole is there alarming Anne.,There is each casserole alarming Anne.,semantics,quantifiers,existential_there_quantifiers_2,True,False,False,False,71,-60.2215690612793,-60.20354461669922,0
All slopes were there boring Homer.,There were all slopes boring Homer.,semantics,quantifiers,existential_there_quantifiers_2,True,False,False,False,72,-51.65583801269531,-49.841697692871094,0
Every glacier was there disgusting Walter.,There was every glacier disgusting Walter.,semantics,quantifiers,existential_there_quantifiers_2,True,False,False,False,73,-51.514835357666016,-51.033206939697266,0
All bananas weren't there burning.,There weren't all bananas burning.,semantics,quantifiers,existential_there_quantifiers_2,True,False,False,False,74,-40.56478500366211,-41.66248321533203,1
Every guest was there visiting Ann.,There was every guest visiting Ann.,semantics,quantifiers,existential_there_quantifiers_2,True,False,False,False,75,-45.740150451660156,-44.31302261352539,0
Most convertibles are there looking like every painting.,There are most convertibles looking like every painting.,semantics,quantifiers,existential_there_quantifiers_2,True,False,False,False,76,-64.39781951904297,-66.14054870605469,1
All windows aren't there alarming a committee.,There aren't all windows alarming a committee.,semantics,quantifiers,existential_there_quantifiers_2,True,False,False,False,77,-51.47965621948242,-56.79751968383789,1
Every doctor wasn't there existing.,There wasn't every doctor existing.,semantics,quantifiers,existential_there_quantifiers_2,True,False,False,False,78,-38.56559371948242,-40.631736755371094,1
All glasses were there scaring Clyde.,There were all glasses scaring Clyde.,semantics,quantifiers,existential_there_quantifiers_2,True,False,False,False,79,-53.176143646240234,-52.33972930908203,0
All icicles aren't there disturbing Marie.,There aren't all icicles disturbing Marie.,semantics,quantifiers,existential_there_quantifiers_2,True,False,False,False,80,-60.85820770263672,-63.961463928222656,1
Each cousin of Linda isn't there irritating Veronica.,There isn't each cousin of Linda irritating Veronica.,semantics,quantifiers,existential_there_quantifiers_2,True,False,False,False,81,-65.96017456054688,-67.57106018066406,1
Every carriage wasn't there bothering Pamela.,There wasn't every carriage bothering Pamela.,semantics,quantifiers,existential_there_quantifiers_2,True,False,False,False,82,-49.746376037597656,-53.229339599609375,1
Every woman was there intending to remember Thomas.,There was every woman intending to remember Thomas.,semantics,quantifiers,existential_there_quantifiers_2,True,False,False,False,83,-49.49215316772461,-50.39955139160156,1
Every show about Winston Churchill wasn't there astounding Jacqueline.,There wasn't every show about Winston Churchill astounding Jacqueline.,semantics,quantifiers,existential_there_quantifiers_2,True,False,False,False,84,-84.32698822021484,-86.06544494628906,1
Every hamster isn't there distracting Danielle.,There isn't every hamster distracting Danielle.,semantics,quantifiers,existential_there_quantifiers_2,True,False,False,False,85,-56.228660583496094,-58.56053161621094,1
Most libraries were there boring Sally.,There were most libraries boring Sally.,semantics,quantifiers,existential_there_quantifiers_2,True,False,False,False,86,-49.728599548339844,-50.289939880371094,1
All women aren't there discovering Amelia to climb down those slopes.,There aren't all women discovering Amelia to climb down those slopes.,semantics,quantifiers,existential_there_quantifiers_2,True,False,False,False,87,-86.2762451171875,-90.0138931274414,1
All icicles were there confusing this man.,There were all icicles confusing this man.,semantics,quantifiers,existential_there_quantifiers_2,True,False,False,False,88,-56.060848236083984,-57.09621047973633,1
All prints of Derek are there disappearing.,There are all prints of Derek disappearing.,semantics,quantifiers,existential_there_quantifiers_2,True,False,False,False,89,-56.597145080566406,-50.898597717285156,0
Most patients were there pressuring Ella to break a lot of dishes.,There were most patients pressuring Ella to break a lot of dishes.,semantics,quantifiers,existential_there_quantifiers_2,True,False,False,False,90,-80.24908447265625,-80.16241455078125,0
Most movie theaters aren't there distracting Karla.,There aren't most movie theaters distracting Karla.,semantics,quantifiers,existential_there_quantifiers_2,True,False,False,False,91,-71.64665222167969,-73.9473648071289,1
Most waiters were there worrying Carla.,There were most waiters worrying Carla.,semantics,quantifiers,existential_there_quantifiers_2,True,False,False,False,92,-60.60499572753906,-60.961647033691406,1
Each government was there looking to get a job.,There was each government looking to get a job.,semantics,quantifiers,existential_there_quantifiers_2,True,False,False,False,93,-47.36524200439453,-48.38778305053711,1
Most guys aren't there escaping.,There aren't most guys escaping.,semantics,quantifiers,existential_there_quantifiers_2,True,False,False,False,94,-39.06428909301758,-43.398284912109375,1
All fish are there vanishing.,There are all fish vanishing.,semantics,quantifiers,existential_there_quantifiers_2,True,False,False,False,95,-37.179908752441406,-33.44609069824219,0
Each painting isn't there aggravating Barbara.,There isn't each painting aggravating Barbara.,semantics,quantifiers,existential_there_quantifiers_2,True,False,False,False,96,-55.639617919921875,-58.58350372314453,1
Each shoe is there disturbing Erin.,There is each shoe disturbing Erin.,semantics,quantifiers,existential_there_quantifiers_2,True,False,False,False,97,-46.472412109375,-49.22439193725586,1
All stories about the Balkans are there aggravating all boys.,There are all stories about the Balkans aggravating all boys.,semantics,quantifiers,existential_there_quantifiers_2,True,False,False,False,98,-70.23733520507812,-68.31261444091797,0
Each legislature is there retaliating.,There is each legislature retaliating.,semantics,quantifiers,existential_there_quantifiers_2,True,False,False,False,99,-44.187992095947266,-45.47914123535156,1
Each lake was there boring Marla.,There was each lake boring Marla.,semantics,quantifiers,existential_there_quantifiers_2,True,False,False,False,100,-51.919342041015625,-53.8994140625,1
Each granddaughter of Stephen is there escaping from James.,There is each granddaughter of Stephen escaping from James.,semantics,quantifiers,existential_there_quantifiers_2,True,False,False,False,101,-62.66996765136719,-62.821533203125,1
Each cake wasn't there vanishing.,There wasn't each cake vanishing.,semantics,quantifiers,existential_there_quantifiers_2,True,False,False,False,102,-39.24895477294922,-41.76174545288086,1
Every rabbit wasn't there distracting Roger.,There wasn't every rabbit distracting Roger.,semantics,quantifiers,existential_there_quantifiers_2,True,False,False,False,103,-48.371192932128906,-53.10439682006836,1
All icicles are there freezing.,There are all icicles freezing.,semantics,quantifiers,existential_there_quantifiers_2,True,False,False,False,104,-44.97303771972656,-44.013797760009766,0
All windows are there opening.,There are all windows opening.,semantics,quantifiers,existential_there_quantifiers_2,True,False,False,False,105,-32.87836837768555,-31.16101837158203,0
Every cafe is there astounding Gerald.,There is every cafe astounding Gerald.,semantics,quantifiers,existential_there_quantifiers_2,True,False,False,False,106,-53.442787170410156,-54.82196807861328,1
Most waiters were there hugging George.,There were most waiters hugging George.,semantics,quantifiers,existential_there_quantifiers_2,True,False,False,False,107,-55.24536895751953,-53.877349853515625,0
Most lakes weren't there irritating Allison.,There weren't most lakes irritating Allison.,semantics,quantifiers,existential_there_quantifiers_2,True,False,False,False,108,-53.453948974609375,-57.15232849121094,1
Each son of Heather is there kissing Carla.,There is each son of Heather kissing Carla.,semantics,quantifiers,existential_there_quantifiers_2,True,False,False,False,109,-65.85408782958984,-62.73281478881836,0
All waiters are there fleeing from Eva.,There are all waiters fleeing from Eva.,semantics,quantifiers,existential_there_quantifiers_2,True,False,False,False,110,-61.00505828857422,-59.31535339355469,0
Each light was there stunning Jason.,There was each light stunning Jason.,semantics,quantifiers,existential_there_quantifiers_2,True,False,False,False,111,-47.85352325439453,-48.241371154785156,1
Every light wasn't there worrying Peter.,There wasn't every light worrying Peter.,semantics,quantifiers,existential_there_quantifiers_2,True,False,False,False,112,-46.414669036865234,-49.14631652832031,1
Each hat isn't there twirling.,There isn't each hat twirling.,semantics,quantifiers,existential_there_quantifiers_2,True,False,False,False,113,-43.20340347290039,-48.05732727050781,1
All photographs of some screen aren't there looking like most cars.,There aren't all photographs of some screen looking like most cars.,semantics,quantifiers,existential_there_quantifiers_2,True,False,False,False,114,-74.4053955078125,-80.30380249023438,1
Each commentary about the Impressionists wasn't there impressing Julie.,There wasn't each commentary about the Impressionists impressing Julie.,semantics,quantifiers,existential_there_quantifiers_2,True,False,False,False,115,-93.43812561035156,-97.13198852539062,1
Most libraries are there continuing to conceal those waitresses.,There are most libraries continuing to conceal those waitresses.,semantics,quantifiers,existential_there_quantifiers_2,True,False,False,False,116,-79.70646667480469,-76.39566802978516,0
Each jacket is there existing.,There is each jacket existing.,semantics,quantifiers,existential_there_quantifiers_2,True,False,False,False,117,-37.29270935058594,-39.095436096191406,1
Most mirrors are there hurting Alexander.,There are most mirrors hurting Alexander.,semantics,quantifiers,existential_there_quantifiers_2,True,False,False,False,118,-48.466636657714844,-46.827857971191406,0
Most customers are there swallowing.,There are most customers swallowing.,semantics,quantifiers,existential_there_quantifiers_2,True,False,False,False,119,-37.240875244140625,-37.9410400390625,1
Most glasses were there soaking.,There were most glasses soaking.,semantics,quantifiers,existential_there_quantifiers_2,True,False,False,False,120,-40.41651916503906,-41.2110710144043,1
Every book about music isn't there disturbing Roger.,There isn't every book about music disturbing Roger.,semantics,quantifiers,existential_there_quantifiers_2,True,False,False,False,121,-60.46915054321289,-63.81782531738281,1
Most cups aren't there hurting Dennis.,There aren't most cups hurting Dennis.,semantics,quantifiers,existential_there_quantifiers_2,True,False,False,False,122,-49.95262908935547,-56.39133071899414,1
Each shirt is there hurting Guy.,There is each shirt hurting Guy.,semantics,quantifiers,existential_there_quantifiers_2,True,False,False,False,123,-44.80302429199219,-46.87901306152344,1
Most windows are there alarming Frank.,There are most windows alarming Frank.,semantics,quantifiers,existential_there_quantifiers_2,True,False,False,False,124,-46.952850341796875,-46.3621826171875,0
Every cafe is there aggravating Donna.,There is every cafe aggravating Donna.,semantics,quantifiers,existential_there_quantifiers_2,True,False,False,False,125,-53.820396423339844,-56.12887191772461,1
Every boy was there explaining everything.,There was every boy explaining everything.,semantics,quantifiers,existential_there_quantifiers_2,True,False,False,False,126,-35.01374816894531,-37.153419494628906,1
Each lamp wasn't there hurting a girl.,There wasn't each lamp hurting a girl.,semantics,quantifiers,existential_there_quantifiers_2,True,False,False,False,127,-46.82023620605469,-49.69830322265625,1
Each art gallery was there annoying Beth.,There was each art gallery annoying Beth.,semantics,quantifiers,existential_there_quantifiers_2,True,False,False,False,128,-54.37800979614258,-55.87754821777344,1
Most coats aren't there drying.,There aren't most coats drying.,semantics,quantifiers,existential_there_quantifiers_2,True,False,False,False,129,-41.9814567565918,-44.84220886230469,1
Most legislatures weren't there reuniting.,There weren't most legislatures reuniting.,semantics,quantifiers,existential_there_quantifiers_2,True,False,False,False,130,-53.38602828979492,-54.07376480102539,1
Every shirt is there tightening.,There is every shirt tightening.,semantics,quantifiers,existential_there_quantifiers_2,True,False,False,False,131,-38.33396911621094,-39.79894256591797,1
Each report wasn't there confusing John.,There wasn't each report confusing John.,semantics,quantifiers,existential_there_quantifiers_2,True,False,False,False,132,-48.25347137451172,-50.34406280517578,1
Each banana was there astounding Candice.,There was each banana astounding Candice.,semantics,quantifiers,existential_there_quantifiers_2,True,False,False,False,133,-60.017974853515625,-61.652259826660156,1
Most icicles aren't there melting.,There aren't most icicles melting.,semantics,quantifiers,existential_there_quantifiers_2,True,False,False,False,134,-49.709590911865234,-52.50841522216797,1
Every person isn't there thinking about who will eat.,There isn't every person thinking about who will eat.,semantics,quantifiers,existential_there_quantifiers_2,True,False,False,False,135,-53.81816482543945,-56.100948333740234,1
Most paintings of Sheila weren't there falling.,There weren't most paintings of Sheila falling.,semantics,quantifiers,existential_there_quantifiers_2,True,False,False,False,136,-53.567405700683594,-56.67327117919922,1
Most patients were there threatening to testify.,There were most patients threatening to testify.,semantics,quantifiers,existential_there_quantifiers_2,True,False,False,False,137,-47.79437255859375,-45.882225036621094,0
Each mouth wasn't there aggravating Bill.,There wasn't each mouth aggravating Bill.,semantics,quantifiers,existential_there_quantifiers_2,True,False,False,False,138,-54.353755950927734,-56.186954498291016,1
Each pie isn't there upsetting Elaine.,There isn't each pie upsetting Elaine.,semantics,quantifiers,existential_there_quantifiers_2,True,False,False,False,139,-48.79767608642578,-53.78173065185547,1
All photographs of Theresa are there astounding Spain.,There are all photographs of Theresa astounding Spain.,semantics,quantifiers,existential_there_quantifiers_2,True,False,False,False,140,-67.12112426757812,-61.30010986328125,0
All organizations were there thinking about who wouldn't tour that closet.,There were all organizations thinking about who wouldn't tour that closet.,semantics,quantifiers,existential_there_quantifiers_2,True,False,False,False,141,-83.29669952392578,-82.1189956665039,0
Each shirt wasn't there twisting.,There wasn't each shirt twisting.,semantics,quantifiers,existential_there_quantifiers_2,True,False,False,False,142,-40.36738204956055,-41.59888458251953,1
Each newspaper article isn't there shocking Carl.,There isn't each newspaper article shocking Carl.,semantics,quantifiers,existential_there_quantifiers_2,True,False,False,False,143,-58.19062042236328,-62.867645263671875,1
All reports aren't there disgusting Mitchell.,There aren't all reports disgusting Mitchell.,semantics,quantifiers,existential_there_quantifiers_2,True,False,False,False,144,-51.82656478881836,-55.69713592529297,1
All sisters of Denise are there approving.,There are all sisters of Denise approving.,semantics,quantifiers,existential_there_quantifiers_2,True,False,False,False,145,-60.548866271972656,-52.85268783569336,0
All movies weren't there winning.,There weren't all movies winning.,semantics,quantifiers,existential_there_quantifiers_2,True,False,False,False,146,-41.37894821166992,-41.86698913574219,1
Every hat is there crumpling.,There is every hat crumpling.,semantics,quantifiers,existential_there_quantifiers_2,True,False,False,False,147,-45.839935302734375,-49.732383728027344,1
Each book was there scaring some student.,There was each book scaring some student.,semantics,quantifiers,existential_there_quantifiers_2,True,False,False,False,148,-50.145103454589844,-52.37636184692383,1
All projectors were there aggravating Monet.,There were all projectors aggravating Monet.,semantics,quantifiers,existential_there_quantifiers_2,True,False,False,False,149,-69.12305450439453,-68.74748229980469,0
Most governments were there conspiring.,There were most governments conspiring.,semantics,quantifiers,existential_there_quantifiers_2,True,False,False,False,150,-39.86664581298828,-38.26072692871094,0
Every art gallery isn't there impressing Jesus.,There isn't every art gallery impressing Jesus.,semantics,quantifiers,existential_there_quantifiers_2,True,False,False,False,151,-64.44578552246094,-66.2608642578125,1
Every school was there profiting.,There was every school profiting.,semantics,quantifiers,existential_there_quantifiers_2,True,False,False,False,152,-38.88861846923828,-39.10995101928711,1
All photographs are there stunning William.,There are all photographs stunning William.,semantics,quantifiers,existential_there_quantifiers_2,True,False,False,False,153,-51.524757385253906,-50.691001892089844,0
Each grandfather of Julia isn't there considering Marla to praise Nicole.,There isn't each grandfather of Julia considering Marla to praise Nicole.,semantics,quantifiers,existential_there_quantifiers_2,True,False,False,False,154,-97.58468627929688,-100.66256713867188,1
Each cart wasn't there slowing.,There wasn't each cart slowing.,semantics,quantifiers,existential_there_quantifiers_2,True,False,False,False,155,-43.245731353759766,-46.82811737060547,1
All cups weren't there disappearing.,There weren't all cups disappearing.,semantics,quantifiers,existential_there_quantifiers_2,True,False,False,False,156,-42.4797477722168,-43.36985778808594,1
All restaurants weren't there embarrassing every school.,There weren't all restaurants embarrassing every school.,semantics,quantifiers,existential_there_quantifiers_2,True,False,False,False,157,-54.13795471191406,-57.4898796081543,1
Each grandmother of Sarah is there wanting to depart.,There is each grandmother of Sarah wanting to depart.,semantics,quantifiers,existential_there_quantifiers_2,True,False,False,False,158,-61.158729553222656,-61.9656982421875,1
Each painting was there stunning Diana.,There was each painting stunning Diana.,semantics,quantifiers,existential_there_quantifiers_2,True,False,False,False,159,-48.31511688232422,-49.619842529296875,1
Every photograph of most closets is there appearing.,There is every photograph of most closets appearing.,semantics,quantifiers,existential_there_quantifiers_2,True,False,False,False,160,-65.46202850341797,-62.717979431152344,0
Each dancer was there researching the painting.,There was each dancer researching the painting.,semantics,quantifiers,existential_there_quantifiers_2,True,False,False,False,161,-47.53611373901367,-49.12311553955078,1
Most banks weren't there finding out who disappear.,There weren't most banks finding out who disappear.,semantics,quantifiers,existential_there_quantifiers_2,True,False,False,False,162,-60.728736877441406,-60.67783737182617,0
Each guest was there grinning.,There was each guest grinning.,semantics,quantifiers,existential_there_quantifiers_2,True,False,False,False,163,-34.92942428588867,-34.850223541259766,0
All scarves weren't there warping.,There weren't all scarves warping.,semantics,quantifiers,existential_there_quantifiers_2,True,False,False,False,164,-62.329307556152344,-60.447235107421875,0
Every girl is there cooking.,There is every girl cooking.,semantics,quantifiers,existential_there_quantifiers_2,True,False,False,False,165,-29.89525604248047,-31.8890438079834,1
Every photograph of some candles was there scaring Benjamin.,There was every photograph of some candles scaring Benjamin.,semantics,quantifiers,existential_there_quantifiers_2,True,False,False,False,166,-68.80743408203125,-67.68719482421875,0
Every boy isn't there looking like the photographs.,There isn't every boy looking like the photographs.,semantics,quantifiers,existential_there_quantifiers_2,True,False,False,False,167,-45.58576202392578,-49.82683563232422,1
Each truck was there embarrassing Martha.,There was each truck embarrassing Martha.,semantics,quantifiers,existential_there_quantifiers_2,True,False,False,False,168,-46.984458923339844,-49.72992706298828,1
Each door is there embarrassing Samuel.,There is each door embarrassing Samuel.,semantics,quantifiers,existential_there_quantifiers_2,True,False,False,False,169,-45.154319763183594,-49.771427154541016,1
All photographs weren't there boring Phillip.,There weren't all photographs boring Phillip.,semantics,quantifiers,existential_there_quantifiers_2,True,False,False,False,170,-52.56821060180664,-57.169410705566406,1
All movies about the Borgias weren't there winning.,There weren't all movies about the Borgias winning.,semantics,quantifiers,existential_there_quantifiers_2,True,False,False,False,171,-68.53915405273438,-70.85641479492188,1
Most steps weren't there worrying George.,There weren't most steps worrying George.,semantics,quantifiers,existential_there_quantifiers_2,True,False,False,False,172,-50.182220458984375,-54.31418228149414,1
Most art galleries were there annoying Kristen.,There were most art galleries annoying Kristen.,semantics,quantifiers,existential_there_quantifiers_2,True,False,False,False,173,-60.17505645751953,-59.464324951171875,0
Each eye isn't there boring the Clintons.,There isn't each eye boring the Clintons.,semantics,quantifiers,existential_there_quantifiers_2,True,False,False,False,174,-58.27674102783203,-61.67076110839844,1
Most banks weren't there continuing to bore Travis.,There weren't most banks continuing to bore Travis.,semantics,quantifiers,existential_there_quantifiers_2,True,False,False,False,175,-70.73712921142578,-69.69657897949219,0
All chairs aren't there irritating Sandra.,There aren't all chairs irritating Sandra.,semantics,quantifiers,existential_there_quantifiers_2,True,False,False,False,176,-51.95771789550781,-57.22469711303711,1
Most snakes are there disappearing.,There are most snakes disappearing.,semantics,quantifiers,existential_there_quantifiers_2,True,False,False,False,177,-35.20280456542969,-35.40652847290039,1
Each nose was there existing.,There was each nose existing.,semantics,quantifiers,existential_there_quantifiers_2,True,False,False,False,178,-38.90662384033203,-39.751487731933594,1
All hamsters were there finding every patient.,There were all hamsters finding every patient.,semantics,quantifiers,existential_there_quantifiers_2,True,False,False,False,179,-55.17815399169922,-51.98765182495117,0
All plays aren't there disgusting actors.,There aren't all plays disgusting actors.,semantics,quantifiers,existential_there_quantifiers_2,True,False,False,False,180,-52.23473358154297,-54.27885818481445,1
All cats weren't there irritating Lawrence.,There weren't all cats irritating Lawrence.,semantics,quantifiers,existential_there_quantifiers_2,True,False,False,False,181,-52.5650634765625,-56.88036346435547,1
Each cafe isn't there shocking Sandra.,There isn't each cafe shocking Sandra.,semantics,quantifiers,existential_there_quantifiers_2,True,False,False,False,182,-51.994232177734375,-56.22941589355469,1
Most legislatures were there needing a lot of doors to shut.,There were most legislatures needing a lot of doors to shut.,semantics,quantifiers,existential_there_quantifiers_2,True,False,False,False,183,-65.80226135253906,-68.20771789550781,1
Most pies are there shocking Brett.,There are most pies shocking Brett.,semantics,quantifiers,existential_there_quantifiers_2,True,False,False,False,184,-50.53485107421875,-50.26747131347656,0
Most wheelbarrows weren't there disturbing Brenda.,There weren't most wheelbarrows disturbing Brenda.,semantics,quantifiers,existential_there_quantifiers_2,True,False,False,False,185,-69.64691925048828,-72.61674499511719,1
Most mouths aren't there confusing a lot of dancers.,There aren't most mouths confusing a lot of dancers.,semantics,quantifiers,existential_there_quantifiers_2,True,False,False,False,186,-58.806373596191406,-65.05116271972656,1
Every guy isn't there yelling.,There isn't every guy yelling.,semantics,quantifiers,existential_there_quantifiers_2,True,False,False,False,187,-34.382266998291016,-36.48626708984375,1
Every committee was there describing many waitresses.,There was every committee describing many waitresses.,semantics,quantifiers,existential_there_quantifiers_2,True,False,False,False,188,-65.20368957519531,-62.65550231933594,0
All ladies are there noticing some senator.,There are all ladies noticing some senator.,semantics,quantifiers,existential_there_quantifiers_2,True,False,False,False,189,-52.045562744140625,-50.207515716552734,0
Most rugs were there looking like some drawing.,There were most rugs looking like some drawing.,semantics,quantifiers,existential_there_quantifiers_2,True,False,False,False,190,-53.740753173828125,-55.64234924316406,1
Every nose was there alarming Jennifer.,There was every nose alarming Jennifer.,semantics,quantifiers,existential_there_quantifiers_2,True,False,False,False,191,-48.60321807861328,-50.210445404052734,1
All drawings of every box were there existing.,There were all drawings of every box existing.,semantics,quantifiers,existential_there_quantifiers_2,True,False,False,False,192,-61.065391540527344,-55.246337890625,0
Every bike isn't there distracting women.,There isn't every bike distracting women.,semantics,quantifiers,existential_there_quantifiers_2,True,False,False,False,193,-46.97037887573242,-52.391090393066406,1
Every unicycle isn't there impressing Sabrina.,There isn't every unicycle impressing Sabrina.,semantics,quantifiers,existential_there_quantifiers_2,True,False,False,False,194,-78.30735778808594,-80.49742126464844,1
Each mirror wasn't there wasting away.,There wasn't each mirror wasting away.,semantics,quantifiers,existential_there_quantifiers_2,True,False,False,False,195,-45.2822380065918,-48.84928512573242,1
Every convertible wasn't there boring Chad.,There wasn't every convertible boring Chad.,semantics,quantifiers,existential_there_quantifiers_2,True,False,False,False,196,-53.013214111328125,-56.89198684692383,1
All governments are there seeming to hug.,There are all governments seeming to hug.,semantics,quantifiers,existential_there_quantifiers_2,True,False,False,False,197,-49.30605697631836,-47.655155181884766,0
Most associations are there prompting Irene to perform.,There are most associations prompting Irene to perform.,semantics,quantifiers,existential_there_quantifiers_2,True,False,False,False,198,-65.30784606933594,-63.60831069946289,0
All organizations weren't there failing to help Melanie.,There weren't all organizations failing to help Melanie.,semantics,quantifiers,existential_there_quantifiers_2,True,False,False,False,199,-60.42013931274414,-61.834632873535156,1
All dresses were there shrinking.,There were all dresses shrinking.,semantics,quantifiers,existential_there_quantifiers_2,True,False,False,False,200,-39.117427825927734,-37.8184814453125,0
Most lamps are there disgusting some legislature.,There are most lamps disgusting some legislature.,semantics,quantifiers,existential_there_quantifiers_2,True,False,False,False,201,-55.40196990966797,-55.643959045410156,1
Each grandmother of Frank was there hiding an actress.,There was each grandmother of Frank hiding an actress.,semantics,quantifiers,existential_there_quantifiers_2,True,False,False,False,202,-62.2235107421875,-63.05426788330078,1
All carts are there tipping over.,There are all carts tipping over.,semantics,quantifiers,existential_there_quantifiers_2,True,False,False,False,203,-46.87456512451172,-44.935142517089844,0
Each shawl was there impressing Stacey.,There was each shawl impressing Stacey.,semantics,quantifiers,existential_there_quantifiers_2,True,False,False,False,204,-65.49745178222656,-65.9276123046875,1
Most gates weren't there looking like most photographs.,There weren't most gates looking like most photographs.,semantics,quantifiers,existential_there_quantifiers_2,True,False,False,False,205,-56.430320739746094,-61.5964241027832,1
All planes were there tipping over.,There were all planes tipping over.,semantics,quantifiers,existential_there_quantifiers_2,True,False,False,False,206,-47.203433990478516,-44.894203186035156,0
All teenagers are there exploring most glaciers.,There are all teenagers exploring most glaciers.,semantics,quantifiers,existential_there_quantifiers_2,True,False,False,False,207,-55.9596061706543,-53.22206115722656,0
Most commentaries aren't there distracting some patients.,There aren't most commentaries distracting some patients.,semantics,quantifiers,existential_there_quantifiers_2,True,False,False,False,208,-67.34086608886719,-72.08477020263672,1
Most scarves aren't there folding.,There aren't most scarves folding.,semantics,quantifiers,existential_there_quantifiers_2,True,False,False,False,209,-51.6292724609375,-53.41832733154297,1
Most coats aren't there appearing.,There aren't most coats appearing.,semantics,quantifiers,existential_there_quantifiers_2,True,False,False,False,210,-41.48904037475586,-43.86524200439453,1
Each grandson of Liam is there learning.,There is each grandson of Liam learning.,semantics,quantifiers,existential_there_quantifiers_2,True,False,False,False,211,-53.802764892578125,-52.997344970703125,0
Most shows about art are there scaring Samuel.,There are most shows about art scaring Samuel.,semantics,quantifiers,existential_there_quantifiers_2,True,False,False,False,212,-68.91317749023438,-63.6261100769043,0
All fathers of Scott are there hiding away.,There are all fathers of Scott hiding away.,semantics,quantifiers,existential_there_quantifiers_2,True,False,False,False,213,-58.64301681518555,-53.04412841796875,0
Most books aren't there stunning Elaine.,There aren't most books stunning Elaine.,semantics,quantifiers,existential_there_quantifiers_2,True,False,False,False,214,-49.03431701660156,-56.476287841796875,1
Each painting of Alexander is there disgusting Nancy.,There is each painting of Alexander disgusting Nancy.,semantics,quantifiers,existential_there_quantifiers_2,True,False,False,False,215,-61.04450607299805,-60.73774719238281,0
Most ladies weren't there thinking about this hair.,There weren't most ladies thinking about this hair.,semantics,quantifiers,existential_there_quantifiers_2,True,False,False,False,216,-51.00587844848633,-55.514549255371094,1
Most eyes weren't there hurting Timothy.,There weren't most eyes hurting Timothy.,semantics,quantifiers,existential_there_quantifiers_2,True,False,False,False,217,-51.69612121582031,-57.33061981201172,1
All cars are there looking like paintings.,There are all cars looking like paintings.,semantics,quantifiers,existential_there_quantifiers_2,True,False,False,False,218,-45.051002502441406,-43.89777755737305,0
Most pants were there stretching.,There were most pants stretching.,semantics,quantifiers,existential_there_quantifiers_2,True,False,False,False,219,-39.68221664428711,-40.63237762451172,1
Every play about the Great Lakes isn't there impressing Elaine.,There isn't every play about the Great Lakes impressing Elaine.,semantics,quantifiers,existential_there_quantifiers_2,True,False,False,False,220,-85.05479431152344,-85.93112182617188,1
Most rugs were there hurting Andrew.,There were most rugs hurting Andrew.,semantics,quantifiers,existential_there_quantifiers_2,True,False,False,False,221,-52.498409271240234,-52.646156311035156,1
Most slopes were there astounding Mary.,There were most slopes astounding Mary.,semantics,quantifiers,existential_there_quantifiers_2,True,False,False,False,222,-53.372772216796875,-52.34859085083008,0
Most pedestrians weren't there meeting.,There weren't most pedestrians meeting.,semantics,quantifiers,existential_there_quantifiers_2,True,False,False,False,223,-39.35823440551758,-41.976036071777344,1
Every hamster wasn't there falling.,There wasn't every hamster falling.,semantics,quantifiers,existential_there_quantifiers_2,True,False,False,False,224,-41.38996887207031,-43.22636413574219,1
Most candles weren't there boring Bruce.,There weren't most candles boring Bruce.,semantics,quantifiers,existential_there_quantifiers_2,True,False,False,False,225,-50.031558990478516,-55.38469696044922,1
Each senator is there astounding Grace.,There is each senator astounding Grace.,semantics,quantifiers,existential_there_quantifiers_2,True,False,False,False,226,-49.182247161865234,-50.012786865234375,1
Every drawing wasn't there astounding the government.,There wasn't every drawing astounding the government.,semantics,quantifiers,existential_there_quantifiers_2,True,False,False,False,227,-55.79066467285156,-57.2488899230957,1
Every hat was there upsetting a government.,There was every hat upsetting a government.,semantics,quantifiers,existential_there_quantifiers_2,True,False,False,False,228,-45.39821243286133,-48.94209289550781,1
Every horse wasn't there disappearing.,There wasn't every horse disappearing.,semantics,quantifiers,existential_there_quantifiers_2,True,False,False,False,229,-37.621376037597656,-39.12392807006836,1
Most ladders were there astounding Danielle.,There were most ladders astounding Danielle.,semantics,quantifiers,existential_there_quantifiers_2,True,False,False,False,230,-57.95160675048828,-57.39958572387695,0
Most friends of Omar weren't there reacting.,There weren't most friends of Omar reacting.,semantics,quantifiers,existential_there_quantifiers_2,True,False,False,False,231,-54.62953186035156,-56.88738250732422,1
Every glacier is there existing.,There is every glacier existing.,semantics,quantifiers,existential_there_quantifiers_2,True,False,False,False,232,-41.00465774536133,-40.1950798034668,0
All doctors are there lifting every college campus.,There are all doctors lifting every college campus.,semantics,quantifiers,existential_there_quantifiers_2,True,False,False,False,233,-59.02348327636719,-58.186824798583984,0
Each museum was there selling these computers.,There was each museum selling these computers.,semantics,quantifiers,existential_there_quantifiers_2,True,False,False,False,234,-47.36106872558594,-49.082244873046875,1
Each museum wasn't there enticing some synopsis to disgust this doctor.,There wasn't each museum enticing some synopsis to disgust this doctor.,semantics,quantifiers,existential_there_quantifiers_2,True,False,False,False,235,-97.63815307617188,-99.37944030761719,1
All fathers of Karla were there worrying.,There were all fathers of Karla worrying.,semantics,quantifiers,existential_there_quantifiers_2,True,False,False,False,236,-64.35275268554688,-61.091766357421875,0
Every public park wasn't there embarrassing Veronica.,There wasn't every public park embarrassing Veronica.,semantics,quantifiers,existential_there_quantifiers_2,True,False,False,False,237,-59.5831184387207,-61.496639251708984,1
All cousins of Kathleen weren't there going to Spain.,There weren't all cousins of Kathleen going to Spain.,semantics,quantifiers,existential_there_quantifiers_2,True,False,False,False,238,-62.051605224609375,-65.22578430175781,1
All teenagers are there reacting.,There are all teenagers reacting.,semantics,quantifiers,existential_there_quantifiers_2,True,False,False,False,239,-38.84362030029297,-36.62477493286133,0
Every fish was there upsetting Jennifer.,There was every fish upsetting Jennifer.,semantics,quantifiers,existential_there_quantifiers_2,True,False,False,False,240,-46.91120910644531,-47.80767822265625,1
Every lamp was there wasting away.,There was every lamp wasting away.,semantics,quantifiers,existential_there_quantifiers_2,True,False,False,False,241,-42.526458740234375,-43.33226776123047,1
Each patient was there speaking up.,There was each patient speaking up.,semantics,quantifiers,existential_there_quantifiers_2,True,False,False,False,242,-38.756065368652344,-42.146480560302734,1
Each restaurant isn't there alarming Chad.,There isn't each restaurant alarming Chad.,semantics,quantifiers,existential_there_quantifiers_2,True,False,False,False,243,-51.81836700439453,-53.660423278808594,1
Each school is there discovering every lamp to brighten.,There is each school discovering every lamp to brighten.,semantics,quantifiers,existential_there_quantifiers_2,True,False,False,False,244,-73.7993392944336,-75.0497817993164,1
All children were there begging a friend of Rose to kiss Janet.,There were all children begging a friend of Rose to kiss Janet.,semantics,quantifiers,existential_there_quantifiers_2,True,False,False,False,245,-79.91192626953125,-78.50469970703125,0
Every cup isn't there bothering Gerald.,There isn't every cup bothering Gerald.,semantics,quantifiers,existential_there_quantifiers_2,True,False,False,False,246,-49.66822814941406,-51.610862731933594,1
Every lake wasn't there confusing Holly.,There wasn't every lake confusing Holly.,semantics,quantifiers,existential_there_quantifiers_2,True,False,False,False,247,-50.918373107910156,-54.008609771728516,1
All pies are there blackening.,There are all pies blackening.,semantics,quantifiers,existential_there_quantifiers_2,True,False,False,False,248,-43.33722686767578,-42.50415802001953,0
Every plate wasn't there hurting Veronica.,There wasn't every plate hurting Veronica.,semantics,quantifiers,existential_there_quantifiers_2,True,False,False,False,249,-47.54715347290039,-52.19624328613281,1
Every bird is there finding some water.,There is every bird finding some water.,semantics,quantifiers,existential_there_quantifiers_2,True,False,False,False,250,-40.559452056884766,-42.966773986816406,1
Most girls are there figuring out who could tour the cafes.,There are most girls figuring out who could tour the cafes.,semantics,quantifiers,existential_there_quantifiers_2,True,False,False,False,251,-79.73843383789062,-77.392822265625,0
Most actors are there wearing glasses.,There are most actors wearing glasses.,semantics,quantifiers,existential_there_quantifiers_2,True,False,False,False,252,-41.96438980102539,-40.566986083984375,0
Most peppers were there going bad.,There were most peppers going bad.,semantics,quantifiers,existential_there_quantifiers_2,True,False,False,False,253,-43.28349685668945,-45.41179656982422,1
Each photograph was there stunning Amelia.,There was each photograph stunning Amelia.,semantics,quantifiers,existential_there_quantifiers_2,True,False,False,False,254,-51.52809524536133,-53.849525451660156,1
All waiters weren't there alarming Nina.,There weren't all waiters alarming Nina.,semantics,quantifiers,existential_there_quantifiers_2,True,False,False,False,255,-59.533607482910156,-62.519676208496094,1
Most men are there boring guys.,There are most men boring guys.,semantics,quantifiers,existential_there_quantifiers_2,True,False,False,False,256,-38.666969299316406,-40.16607666015625,1
Every committee was there succeeding.,There was every committee succeeding.,semantics,quantifiers,existential_there_quantifiers_2,True,False,False,False,257,-39.320068359375,-37.016265869140625,0
Each book is there annoying Tanya.,There is each book annoying Tanya.,semantics,quantifiers,existential_there_quantifiers_2,True,False,False,False,258,-45.34782409667969,-49.3734245300293,1
All icicles aren't there disappearing.,There aren't all icicles disappearing.,semantics,quantifiers,existential_there_quantifiers_2,True,False,False,False,259,-49.879432678222656,-52.35529708862305,1
All windows aren't there distracting Kristin.,There aren't all windows distracting Kristin.,semantics,quantifiers,existential_there_quantifiers_2,True,False,False,False,260,-56.47132110595703,-60.85658264160156,1
Most trucks weren't there accelerating.,There weren't most trucks accelerating.,semantics,quantifiers,existential_there_quantifiers_2,True,False,False,False,261,-43.40760040283203,-46.00355529785156,1
All grandsons of Aaron were there disappearing.,There were all grandsons of Aaron disappearing.,semantics,quantifiers,existential_there_quantifiers_2,True,False,False,False,262,-67.1983642578125,-63.058929443359375,0
Most senators weren't there fighting.,There weren't most senators fighting.,semantics,quantifiers,existential_there_quantifiers_2,True,False,False,False,263,-41.023616790771484,-42.93894958496094,1
Every book about Harvard University was there confusing that cashier.,There was every book about Harvard University confusing that cashier.,semantics,quantifiers,existential_there_quantifiers_2,True,False,False,False,264,-79.15696716308594,-79.038818359375,0
All teenagers weren't there considering Julia to sing.,There weren't all teenagers considering Julia to sing.,semantics,quantifiers,existential_there_quantifiers_2,True,False,False,False,265,-63.77019500732422,-65.52796173095703,1
Each cake isn't there distracting every teenager.,There isn't each cake distracting every teenager.,semantics,quantifiers,existential_there_quantifiers_2,True,False,False,False,266,-53.3009033203125,-58.057228088378906,1
Each library isn't there hurting Michael.,There isn't each library hurting Michael.,semantics,quantifiers,existential_there_quantifiers_2,True,False,False,False,267,-43.695518493652344,-48.57378387451172,1
Every grandfather of Deborah wasn't there encouraging Katherine to drink.,There wasn't every grandfather of Deborah encouraging Katherine to drink.,semantics,quantifiers,existential_there_quantifiers_2,True,False,False,False,268,-78.34422302246094,-81.2948989868164,1
Most bananas were there charring.,There were most bananas charring.,semantics,quantifiers,existential_there_quantifiers_2,True,False,False,False,269,-47.339599609375,-47.272735595703125,0
All reports are there scaring Roger.,There are all reports scaring Roger.,semantics,quantifiers,existential_there_quantifiers_2,True,False,False,False,270,-47.37245178222656,-47.15801239013672,0
Each college campus is there appearing.,There is each college campus appearing.,semantics,quantifiers,existential_there_quantifiers_2,True,False,False,False,271,-47.27717971801758,-46.277137756347656,0
All shows about the Impressionists are there upsetting Thomas.,There are all shows about the Impressionists upsetting Thomas.,semantics,quantifiers,existential_there_quantifiers_2,True,False,False,False,272,-79.66259765625,-78.65655517578125,0
Each muffin wasn't there blackening.,There wasn't each muffin blackening.,semantics,quantifiers,existential_there_quantifiers_2,True,False,False,False,273,-49.044647216796875,-49.27659606933594,1
Every popsicle isn't there worrying every man.,There isn't every popsicle worrying every man.,semantics,quantifiers,existential_there_quantifiers_2,True,False,False,False,274,-60.016761779785156,-62.891841888427734,1
Each play about the Lutherans isn't there bothering Deanna.,There isn't each play about the Lutherans bothering Deanna.,semantics,quantifiers,existential_there_quantifiers_2,True,False,False,False,275,-93.69905090332031,-94.93017578125,1
Each casserole was there existing.,There was each casserole existing.,semantics,quantifiers,existential_there_quantifiers_2,True,False,False,False,276,-53.209049224853516,-52.45234298706055,0
Each mirror wasn't there confusing that dancer.,There wasn't each mirror confusing that dancer.,semantics,quantifiers,existential_there_quantifiers_2,True,False,False,False,277,-53.404598236083984,-58.12662887573242,1
All eyes were there impressing girls.,There were all eyes impressing girls.,semantics,quantifiers,existential_there_quantifiers_2,True,False,False,False,278,-49.26091384887695,-47.767860412597656,0
Most pants weren't there twisting.,There weren't most pants twisting.,semantics,quantifiers,existential_there_quantifiers_2,True,False,False,False,279,-42.16590881347656,-46.33012390136719,1
Every shawl is there flattening.,There is every shawl flattening.,semantics,quantifiers,existential_there_quantifiers_2,True,False,False,False,280,-52.77357482910156,-49.37348937988281,0
Most essays aren't there upsetting every company.,There aren't most essays upsetting every company.,semantics,quantifiers,existential_there_quantifiers_2,True,False,False,False,281,-55.76029586791992,-58.549652099609375,1
All grocery stores are there disgusting Melanie.,There are all grocery stores disgusting Melanie.,semantics,quantifiers,existential_there_quantifiers_2,True,False,False,False,282,-58.673377990722656,-58.423248291015625,0
Most windows were there worrying the Impressionists.,There were most windows worrying the Impressionists.,semantics,quantifiers,existential_there_quantifiers_2,True,False,False,False,283,-62.59745407104492,-64.69204711914062,1
All cousins of Noah are there profiting.,There are all cousins of Noah profiting.,semantics,quantifiers,existential_there_quantifiers_2,True,False,False,False,284,-62.40932846069336,-56.379310607910156,0
Most pictures are there vanishing.,There are most pictures vanishing.,semantics,quantifiers,existential_there_quantifiers_2,True,False,False,False,285,-38.735382080078125,-35.635154724121094,0
Most cakes are there blackening.,There are most cakes blackening.,semantics,quantifiers,existential_there_quantifiers_2,True,False,False,False,286,-43.43730163574219,-42.36640167236328,0
All waiters aren't there yawning.,There aren't all waiters yawning.,semantics,quantifiers,existential_there_quantifiers_2,True,False,False,False,287,-46.54939270019531,-51.4068717956543,1
Most eggplants were there wasting away.,There were most eggplants wasting away.,semantics,quantifiers,existential_there_quantifiers_2,True,False,False,False,288,-59.958641052246094,-62.251155853271484,1
Every story about Harvard University wasn't there astounding those patients.,There wasn't every story about Harvard University astounding those patients.,semantics,quantifiers,existential_there_quantifiers_2,True,False,False,False,289,-77.08026885986328,-77.39248657226562,1
Most tomatoes were there going bad.,There were most tomatoes going bad.,semantics,quantifiers,existential_there_quantifiers_2,True,False,False,False,290,-44.93928146362305,-44.7214469909668,0
Every unicycle was there turning.,There was every unicycle turning.,semantics,quantifiers,existential_there_quantifiers_2,True,False,False,False,291,-46.87641906738281,-42.83217239379883,0
All lights aren't there looking like pictures.,There aren't all lights looking like pictures.,semantics,quantifiers,existential_there_quantifiers_2,True,False,False,False,292,-45.73902130126953,-49.51679229736328,1
All cucumbers weren't there disgusting Wendy.,There weren't all cucumbers disgusting Wendy.,semantics,quantifiers,existential_there_quantifiers_2,True,False,False,False,293,-61.12727355957031,-62.785030364990234,1
Every drawing was there vanishing.,There was every drawing vanishing.,semantics,quantifiers,existential_there_quantifiers_2,True,False,False,False,294,-39.018760681152344,-36.52631378173828,0
Each window was there appearing.,There was each window appearing.,semantics,quantifiers,existential_there_quantifiers_2,True,False,False,False,295,-35.86859130859375,-36.56822204589844,1
Each guest is there managing to clean the chair.,There is each guest managing to clean the chair.,semantics,quantifiers,existential_there_quantifiers_2,True,False,False,False,296,-58.128265380859375,-57.810977935791016,0
Every actor is there learning what ripens.,There is every actor learning what ripens.,semantics,quantifiers,existential_there_quantifiers_2,True,False,False,False,297,-56.863800048828125,-57.30805969238281,1
Most pictures of most books were there hurting Kirsten.,There were most pictures of most books hurting Kirsten.,semantics,quantifiers,existential_there_quantifiers_2,True,False,False,False,298,-67.10456848144531,-67.66072082519531,1
Every bike is there existing.,There is every bike existing.,semantics,quantifiers,existential_there_quantifiers_2,True,False,False,False,299,-36.696041107177734,-38.67119598388672,1
All libraries were there failing to help Gary.,There were all libraries failing to help Gary.,semantics,quantifiers,existential_there_quantifiers_2,True,False,False,False,300,-57.34383010864258,-55.40229034423828,0
Each light is there wasting away.,There is each light wasting away.,semantics,quantifiers,existential_there_quantifiers_2,True,False,False,False,301,-40.39228057861328,-42.6536865234375,1
Most girls are there remembering what frays.,There are most girls remembering what frays.,semantics,quantifiers,existential_there_quantifiers_2,True,False,False,False,302,-56.4853630065918,-56.04454803466797,0
All skateboards are there rolling.,There are all skateboards rolling.,semantics,quantifiers,existential_there_quantifiers_2,True,False,False,False,303,-45.58369827270508,-43.076568603515625,0
All shirts were there scaring the child.,There were all shirts scaring the child.,semantics,quantifiers,existential_there_quantifiers_2,True,False,False,False,304,-49.79178237915039,-47.713775634765625,0
Most men are there continuing to react.,There are most men continuing to react.,semantics,quantifiers,existential_there_quantifiers_2,True,False,False,False,305,-46.391021728515625,-45.440956115722656,0
Each driver is there studying.,There is each driver studying.,semantics,quantifiers,existential_there_quantifiers_2,True,False,False,False,306,-35.63121795654297,-37.494468688964844,1
Each photograph wasn't there wasting away.,There wasn't each photograph wasting away.,semantics,quantifiers,existential_there_quantifiers_2,True,False,False,False,307,-46.46392059326172,-48.521697998046875,1
All doctors are there spinning around.,There are all doctors spinning around.,semantics,quantifiers,existential_there_quantifiers_2,True,False,False,False,308,-39.068939208984375,-39.234153747558594,1
Every woman was there failing to chat.,There was every woman failing to chat.,semantics,quantifiers,existential_there_quantifiers_2,True,False,False,False,309,-43.45018005371094,-44.8220329284668,1
Every dancer is there stretching.,There is every dancer stretching.,semantics,quantifiers,existential_there_quantifiers_2,True,False,False,False,310,-38.805625915527344,-37.97370147705078,0
Each print of the patient isn't there shocking Raymond.,There isn't each print of the patient shocking Raymond.,semantics,quantifiers,existential_there_quantifiers_2,True,False,False,False,311,-66.37124633789062,-71.74698638916016,1
All movie theaters aren't there impressing libraries.,There aren't all movie theaters impressing libraries.,semantics,quantifiers,existential_there_quantifiers_2,True,False,False,False,312,-70.9241943359375,-74.4124984741211,1
Most teenagers weren't there arguing.,There weren't most teenagers arguing.,semantics,quantifiers,existential_there_quantifiers_2,True,False,False,False,313,-42.7237663269043,-45.40831756591797,1
Every slope wasn't there wasting away.,There wasn't every slope wasting away.,semantics,quantifiers,existential_there_quantifiers_2,True,False,False,False,314,-46.7935676574707,-47.845943450927734,1
All waitresses are there donating.,There are all waitresses donating.,semantics,quantifiers,existential_there_quantifiers_2,True,False,False,False,315,-53.55223083496094,-50.56354522705078,0
Each banana isn't there growing.,There isn't each banana growing.,semantics,quantifiers,existential_there_quantifiers_2,True,False,False,False,316,-37.25107955932617,-40.22308349609375,1
Every hill was there annoying Judy.,There was every hill annoying Judy.,semantics,quantifiers,existential_there_quantifiers_2,True,False,False,False,317,-45.655548095703125,-46.80784225463867,1
Each print of Amanda is there shocking some ladies.,There is each print of Amanda shocking some ladies.,semantics,quantifiers,existential_there_quantifiers_2,True,False,False,False,318,-70.32989501953125,-69.85203552246094,0
Every hat isn't there confusing Renee.,There isn't every hat confusing Renee.,semantics,quantifiers,existential_there_quantifiers_2,True,False,False,False,319,-54.21350860595703,-60.133644104003906,1
Most stairs weren't there appearing.,There weren't most stairs appearing.,semantics,quantifiers,existential_there_quantifiers_2,True,False,False,False,320,-42.08908462524414,-44.82933807373047,1
All peppers are there existing.,There are all peppers existing.,semantics,quantifiers,existential_there_quantifiers_2,True,False,False,False,321,-40.226844787597656,-37.67102813720703,0
Most patients are there saluting.,There are most patients saluting.,semantics,quantifiers,existential_there_quantifiers_2,True,False,False,False,322,-43.838279724121094,-41.59291076660156,0
Each window wasn't there distracting Stephanie.,There wasn't each window distracting Stephanie.,semantics,quantifiers,existential_there_quantifiers_2,True,False,False,False,323,-51.60845947265625,-54.369075775146484,1
All sisters of a boy aren't there corresponding.,There aren't all sisters of a boy corresponding.,semantics,quantifiers,existential_there_quantifiers_2,True,False,False,False,324,-56.553470611572266,-59.937198638916016,1
Most plays about Harvard University were there confusing Randolf.,There were most plays about Harvard University confusing Randolf.,semantics,quantifiers,existential_there_quantifiers_2,True,False,False,False,325,-86.31571960449219,-81.25205993652344,0
Every senator isn't there anticipating Sonia to bake.,There isn't every senator anticipating Sonia to bake.,semantics,quantifiers,existential_there_quantifiers_2,True,False,False,False,326,-68.81694793701172,-71.49695587158203,1
Most friends of Vincent are there failing to blink.,There are most friends of Vincent failing to blink.,semantics,quantifiers,existential_there_quantifiers_2,True,False,False,False,327,-63.377197265625,-59.64870834350586,0
All grandmothers of Christina aren't there imploring Christina to talk.,There aren't all grandmothers of Christina imploring Christina to talk.,semantics,quantifiers,existential_there_quantifiers_2,True,False,False,False,328,-97.59757232666016,-97.77578735351562,1
All reports about the Borgias are there aggravating some organizations.,There are all reports about the Borgias aggravating some organizations.,semantics,quantifiers,existential_there_quantifiers_2,True,False,False,False,329,-83.7635498046875,-82.15316772460938,0
Most cars aren't there distracting Randolf.,There aren't most cars distracting Randolf.,semantics,quantifiers,existential_there_quantifiers_2,True,False,False,False,330,-64.03387451171875,-68.84419250488281,1
Every chair was there astounding Jill.,There was every chair astounding Jill.,semantics,quantifiers,existential_there_quantifiers_2,True,False,False,False,331,-48.849609375,-50.10955047607422,1
All slopes weren't there distracting Sonia.,There weren't all slopes distracting Sonia.,semantics,quantifiers,existential_there_quantifiers_2,True,False,False,False,332,-58.14801025390625,-59.29590606689453,1
Each play about the Lutherans wasn't there disagreeing.,There wasn't each play about the Lutherans disagreeing.,semantics,quantifiers,existential_there_quantifiers_2,True,False,False,False,333,-77.88469696044922,-78.86917114257812,1
Most essays were there confusing that cashier.,There were most essays confusing that cashier.,semantics,quantifiers,existential_there_quantifiers_2,True,False,False,False,334,-61.81327819824219,-60.658538818359375,0
All organizations were there wanting to admire Kathleen.,There were all organizations wanting to admire Kathleen.,semantics,quantifiers,existential_there_quantifiers_2,True,False,False,False,335,-58.9211540222168,-56.24553680419922,0
Most movies about music were there aggravating April.,There were most movies about music aggravating April.,semantics,quantifiers,existential_there_quantifiers_2,True,False,False,False,336,-68.41355895996094,-64.84325408935547,0
Every book about Galileo was there wasting away.,There was every book about Galileo wasting away.,semantics,quantifiers,existential_there_quantifiers_2,True,False,False,False,337,-60.001686096191406,-57.22138595581055,0
Every play wasn't there disagreeing.,There wasn't every play disagreeing.,semantics,quantifiers,existential_there_quantifiers_2,True,False,False,False,338,-44.330326080322266,-45.81159973144531,1
Every pie isn't there blackening.,There isn't every pie blackening.,semantics,quantifiers,existential_there_quantifiers_2,True,False,False,False,339,-42.62793731689453,-47.152496337890625,1
Each door is there boring Stacy.,There is each door boring Stacy.,semantics,quantifiers,existential_there_quantifiers_2,True,False,False,False,340,-42.77081298828125,-47.05099105834961,1
All glaciers aren't there worrying that company.,There aren't all glaciers worrying that company.,semantics,quantifiers,existential_there_quantifiers_2,True,False,False,False,341,-55.781063079833984,-59.60765075683594,1
Every coat wasn't there alarming Kayla.,There wasn't every coat alarming Kayla.,semantics,quantifiers,existential_there_quantifiers_2,True,False,False,False,342,-59.52570343017578,-63.614524841308594,1
All pictures of the drawing are there distracting all customers.,There are all pictures of the drawing distracting all customers.,semantics,quantifiers,existential_there_quantifiers_2,True,False,False,False,343,-68.81074523925781,-64.03881072998047,0
All snakes were there coming here.,There were all snakes coming here.,semantics,quantifiers,existential_there_quantifiers_2,True,False,False,False,344,-37.196563720703125,-34.27778625488281,0
Every skateboard wasn't there disappearing.,There wasn't every skateboard disappearing.,semantics,quantifiers,existential_there_quantifiers_2,True,False,False,False,345,-47.86471939086914,-47.95293426513672,1
Most doors weren't there astounding Marie.,There weren't most doors astounding Marie.,semantics,quantifiers,existential_there_quantifiers_2,True,False,False,False,346,-54.65596008300781,-59.555152893066406,1
Each customer is there continuing to play.,There is each customer continuing to play.,semantics,quantifiers,existential_there_quantifiers_2,True,False,False,False,347,-44.474090576171875,-46.670265197753906,1
Every grandfather of Jeffrey isn't there hurting Ruth.,There isn't every grandfather of Jeffrey hurting Ruth.,semantics,quantifiers,existential_there_quantifiers_2,True,False,False,False,348,-61.42744445800781,-65.76276397705078,1
Every restaurant isn't there bothering Gregory.,There isn't every restaurant bothering Gregory.,semantics,quantifiers,existential_there_quantifiers_2,True,False,False,False,349,-49.003990173339844,-51.7755126953125,1
Every car was there appearing.,There was every car appearing.,semantics,quantifiers,existential_there_quantifiers_2,True,False,False,False,350,-32.54726028442383,-33.132781982421875,1
Each grocery store wasn't there confusing Douglas.,There wasn't each grocery store confusing Douglas.,semantics,quantifiers,existential_there_quantifiers_2,True,False,False,False,351,-58.122467041015625,-62.04572296142578,1
Each snake is there disturbing Carolyn.,There is each snake disturbing Carolyn.,semantics,quantifiers,existential_there_quantifiers_2,True,False,False,False,352,-45.67417526245117,-50.395973205566406,1
Each senator was there obligating Diana's partners to argue.,There was each senator obligating Diana's partners to argue.,semantics,quantifiers,existential_there_quantifiers_2,True,False,False,False,353,-82.14363098144531,-83.33836364746094,1
Most essays about science are there disagreeing with Janet.,There are most essays about science disagreeing with Janet.,semantics,quantifiers,existential_there_quantifiers_2,True,False,False,False,354,-72.95653533935547,-69.41383361816406,0
Each friend of Angela wasn't there cleaning the malls.,There wasn't each friend of Angela cleaning the malls.,semantics,quantifiers,existential_there_quantifiers_2,True,False,False,False,355,-63.6479377746582,-66.19603729248047,1
Each guest is there exercising.,There is each guest exercising.,semantics,quantifiers,existential_there_quantifiers_2,True,False,False,False,356,-37.470420837402344,-37.20937728881836,0
All waiters were there studying.,There were all waiters studying.,semantics,quantifiers,existential_there_quantifiers_2,True,False,False,False,357,-45.504676818847656,-44.09391403198242,0
Each waitress was there anticipating Keith to insult most guys.,There was each waitress anticipating Keith to insult most guys.,semantics,quantifiers,existential_there_quantifiers_2,True,False,False,False,358,-87.11598205566406,-88.41075134277344,1
Most skateboards weren't there astounding Mary.,There weren't most skateboards astounding Mary.,semantics,quantifiers,existential_there_quantifiers_2,True,False,False,False,359,-65.23152160644531,-69.76626586914062,1
Most organizations were there selling these blouses.,There were most organizations selling these blouses.,semantics,quantifiers,existential_there_quantifiers_2,True,False,False,False,360,-58.98170471191406,-58.649635314941406,0
All universities weren't there scaring Meredith.,There weren't all universities scaring Meredith.,semantics,quantifiers,existential_there_quantifiers_2,True,False,False,False,361,-59.403045654296875,-59.99591827392578,1
Most universities weren't there persuading Kristin to stand up.,There weren't most universities persuading Kristin to stand up.,semantics,quantifiers,existential_there_quantifiers_2,True,False,False,False,362,-79.07266235351562,-80.51402282714844,1
Each horse is there shocking Kayla.,There is each horse shocking Kayla.,semantics,quantifiers,existential_there_quantifiers_2,True,False,False,False,363,-54.08640670776367,-56.072662353515625,1
Each muffin is there baking.,There is each muffin baking.,semantics,quantifiers,existential_there_quantifiers_2,True,False,False,False,364,-39.96714401245117,-41.50257110595703,1
All schools were there praising Peter.,There were all schools praising Peter.,semantics,quantifiers,existential_there_quantifiers_2,True,False,False,False,365,-46.285919189453125,-43.56145477294922,0
All couches were there disgusting Scott.,There were all couches disgusting Scott.,semantics,quantifiers,existential_there_quantifiers_2,True,False,False,False,366,-56.34865951538086,-54.49881362915039,0
Each truck wasn't there looking like every drawing.,There wasn't each truck looking like every drawing.,semantics,quantifiers,existential_there_quantifiers_2,True,False,False,False,367,-54.35932159423828,-59.08631134033203,1
Every adult isn't there kissing Andrea.,There isn't every adult kissing Andrea.,semantics,quantifiers,existential_there_quantifiers_2,True,False,False,False,368,-51.324073791503906,-52.860069274902344,1
Every couch is there distracting schools.,There is every couch distracting schools.,semantics,quantifiers,existential_there_quantifiers_2,True,False,False,False,369,-46.828773498535156,-46.62556457519531,0
Each vase wasn't there confusing Beth.,There wasn't each vase confusing Beth.,semantics,quantifiers,existential_there_quantifiers_2,True,False,False,False,370,-53.206878662109375,-56.24748229980469,1
Each chair is there falling.,There is each chair falling.,semantics,quantifiers,existential_there_quantifiers_2,True,False,False,False,371,-33.94298553466797,-35.75650405883789,1
Most teachers are there ascending that hill.,There are most teachers ascending that hill.,semantics,quantifiers,existential_there_quantifiers_2,True,False,False,False,372,-51.00749969482422,-51.04338836669922,1
Most granddaughters of this lady are there conferring.,There are most granddaughters of this lady conferring.,semantics,quantifiers,existential_there_quantifiers_2,True,False,False,False,373,-78.5889892578125,-70.54074096679688,0
Most cats were there scaring Tamara.,There were most cats scaring Tamara.,semantics,quantifiers,existential_there_quantifiers_2,True,False,False,False,374,-57.49681854248047,-58.30344772338867,1
Every child was there preventing this car from disappearing.,There was every child preventing this car from disappearing.,semantics,quantifiers,existential_there_quantifiers_2,True,False,False,False,375,-62.420997619628906,-61.92350769042969,0
Each drawing was there astounding Larry.,There was each drawing astounding Larry.,semantics,quantifiers,existential_there_quantifiers_2,True,False,False,False,376,-51.74940490722656,-51.643550872802734,0
Each turtle is there embarrassing Sharon.,There is each turtle embarrassing Sharon.,semantics,quantifiers,existential_there_quantifiers_2,True,False,False,False,377,-45.328102111816406,-49.87479782104492,1
Every university wasn't there meeting.,There wasn't every university meeting.,semantics,quantifiers,existential_there_quantifiers_2,True,False,False,False,378,-36.707603454589844,-36.48075866699219,0
All eggplants were there blackening.,There were all eggplants blackening.,semantics,quantifiers,existential_there_quantifiers_2,True,False,False,False,379,-59.5210075378418,-60.75373840332031,1
Every drawing wasn't there aggravating Pamela.,There wasn't every drawing aggravating Pamela.,semantics,quantifiers,existential_there_quantifiers_2,True,False,False,False,380,-59.491703033447266,-60.119590759277344,1
All bananas are there shocking Rose.,There are all bananas shocking Rose.,semantics,quantifiers,existential_there_quantifiers_2,True,False,False,False,381,-50.57788848876953,-48.439476013183594,0
Every father of Walter wasn't there littering.,There wasn't every father of Walter littering.,semantics,quantifiers,existential_there_quantifiers_2,True,False,False,False,382,-59.0416145324707,-62.67379379272461,1
Each sweater was there drying.,There was each sweater drying.,semantics,quantifiers,existential_there_quantifiers_2,True,False,False,False,383,-39.84257507324219,-40.42842102050781,1
All lakes aren't there impressing Lawrence.,There aren't all lakes impressing Lawrence.,semantics,quantifiers,existential_there_quantifiers_2,True,False,False,False,384,-58.938926696777344,-62.43305969238281,1
Every waiter isn't there going to some cafe.,There isn't every waiter going to some cafe.,semantics,quantifiers,existential_there_quantifiers_2,True,False,False,False,385,-52.552268981933594,-57.29193115234375,1
All cousins of Brian aren't there sighing.,There aren't all cousins of Brian sighing.,semantics,quantifiers,existential_there_quantifiers_2,True,False,False,False,386,-58.71805953979492,-61.53804016113281,1
Most closets were there alarming Stephanie.,There were most closets alarming Stephanie.,semantics,quantifiers,existential_there_quantifiers_2,True,False,False,False,387,-58.864688873291016,-57.89878845214844,0
All glasses were there distracting Kristen.,There were all glasses distracting Kristen.,semantics,quantifiers,existential_there_quantifiers_2,True,False,False,False,388,-52.660255432128906,-50.632041931152344,0
Every actress wasn't there thinking Carolyn hides every student.,There wasn't every actress thinking Carolyn hides every student.,semantics,quantifiers,existential_there_quantifiers_2,True,False,False,False,389,-73.26661682128906,-77.46502685546875,1
All waiters were there existing.,There were all waiters existing.,semantics,quantifiers,existential_there_quantifiers_2,True,False,False,False,390,-46.48619079589844,-45.301849365234375,0
Each play wasn't there disturbing Meredith.,There wasn't each play disturbing Meredith.,semantics,quantifiers,existential_there_quantifiers_2,True,False,False,False,391,-52.637306213378906,-54.14021682739258,1
Every pedestrian is there obligating some cashier to examine that newspaper article.,There is every pedestrian obligating some cashier to examine that newspaper article.,semantics,quantifiers,existential_there_quantifiers_2,True,False,False,False,392,-110.86050415039062,-109.82219696044922,0
All windows are there closing.,There are all windows closing.,semantics,quantifiers,existential_there_quantifiers_2,True,False,False,False,393,-34.9277458190918,-32.69502258300781,0
Most tomatoes aren't there impressing customers.,There aren't most tomatoes impressing customers.,semantics,quantifiers,existential_there_quantifiers_2,True,False,False,False,394,-56.2259407043457,-61.44781494140625,1
All lakes are there alarming Irene.,There are all lakes alarming Irene.,semantics,quantifiers,existential_there_quantifiers_2,True,False,False,False,395,-51.413047790527344,-49.39456558227539,0
Most essays weren't there impressing Dan.,There weren't most essays impressing Dan.,semantics,quantifiers,existential_there_quantifiers_2,True,False,False,False,396,-58.81584167480469,-60.82451629638672,1
Each candle isn't there falling.,There isn't each candle falling.,semantics,quantifiers,existential_there_quantifiers_2,True,False,False,False,397,-38.03507614135742,-40.83171844482422,1
All skateboards were there rusting.,There were all skateboards rusting.,semantics,quantifiers,existential_there_quantifiers_2,True,False,False,False,398,-52.07939910888672,-50.31572723388672,0
Most ladders were there distracting Jesus.,There were most ladders distracting Jesus.,semantics,quantifiers,existential_there_quantifiers_2,True,False,False,False,399,-53.21495819091797,-52.8320426940918,0
Every fork was there disturbing Phillip.,There was every fork disturbing Phillip.,semantics,quantifiers,existential_there_quantifiers_2,True,False,False,False,400,-50.105873107910156,-51.472557067871094,1
Every show about Jesus wasn't there shocking Eric.,There wasn't every show about Jesus shocking Eric.,semantics,quantifiers,existential_there_quantifiers_2,True,False,False,False,401,-65.52776336669922,-68.97212219238281,1
Each play wasn't there distracting Gary.,There wasn't each play distracting Gary.,semantics,quantifiers,existential_there_quantifiers_2,True,False,False,False,402,-50.61836624145508,-52.099021911621094,1
Every blouse wasn't there looking like most drawings.,There wasn't every blouse looking like most drawings.,semantics,quantifiers,existential_there_quantifiers_2,True,False,False,False,403,-61.22968292236328,-62.997596740722656,1
Most closets aren't there shocking most pedestrians.,There aren't most closets shocking most pedestrians.,semantics,quantifiers,existential_there_quantifiers_2,True,False,False,False,404,-69.89064025878906,-71.75862121582031,1
Most doors weren't there existing.,There weren't most doors existing.,semantics,quantifiers,existential_there_quantifiers_2,True,False,False,False,405,-41.781394958496094,-44.899757385253906,1
Most rugs aren't there distracting Wendy.,There aren't most rugs distracting Wendy.,semantics,quantifiers,existential_there_quantifiers_2,True,False,False,False,406,-56.54118347167969,-62.03279495239258,1
All mothers of Monica aren't there grinning.,There aren't all mothers of Monica grinning.,semantics,quantifiers,existential_there_quantifiers_2,True,False,False,False,407,-58.320030212402344,-60.014892578125,1
All carts aren't there falling apart.,There aren't all carts falling apart.,semantics,quantifiers,existential_there_quantifiers_2,True,False,False,False,408,-44.897274017333984,-46.81474685668945,1
Each mushroom wasn't there embarrassing the dancers.,There wasn't each mushroom embarrassing the dancers.,semantics,quantifiers,existential_there_quantifiers_2,True,False,False,False,409,-52.91326141357422,-58.24055480957031,1
Each government was there discovering that legislature to approve.,There was each government discovering that legislature to approve.,semantics,quantifiers,existential_there_quantifiers_2,True,False,False,False,410,-63.24174118041992,-64.25466918945312,1
All legislatures aren't there enticing those fathers of the Borgias to depart.,There aren't all legislatures enticing those fathers of the Borgias to depart.,semantics,quantifiers,existential_there_quantifiers_2,True,False,False,False,411,-98.48114013671875,-102.99714660644531,1
Every popsicle wasn't there evaporating.,There wasn't every popsicle evaporating.,semantics,quantifiers,existential_there_quantifiers_2,True,False,False,False,412,-53.444766998291016,-54.35778045654297,1
All documentaries about the Great Lakes are there scaring Allison.,There are all documentaries about the Great Lakes scaring Allison.,semantics,quantifiers,existential_there_quantifiers_2,True,False,False,False,413,-77.25621032714844,-75.58863830566406,0
Every muffin wasn't there hurting drivers.,There wasn't every muffin hurting drivers.,semantics,quantifiers,existential_there_quantifiers_2,True,False,False,False,414,-52.585594177246094,-55.113197326660156,1
Each essay is there aggravating Jodi.,There is each essay aggravating Jodi.,semantics,quantifiers,existential_there_quantifiers_2,True,False,False,False,415,-61.24833679199219,-61.81897735595703,1
Most books are there vanishing.,There are most books vanishing.,semantics,quantifiers,existential_there_quantifiers_2,True,False,False,False,416,-35.30363845825195,-34.42649841308594,0
Every play about Winston Churchill is there stunning this boy.,There is every play about Winston Churchill stunning this boy.,semantics,quantifiers,existential_there_quantifiers_2,True,False,False,False,417,-77.91968536376953,-77.71635437011719,0
All mushrooms weren't there boring a lot of guys.,There weren't all mushrooms boring a lot of guys.,semantics,quantifiers,existential_there_quantifiers_2,True,False,False,False,418,-57.903663635253906,-61.73878479003906,1
Most screens aren't there confusing a lot of children.,There aren't most screens confusing a lot of children.,semantics,quantifiers,existential_there_quantifiers_2,True,False,False,False,419,-54.604278564453125,-60.02854537963867,1
Each photograph was there stunning Stephen.,There was each photograph stunning Stephen.,semantics,quantifiers,existential_there_quantifiers_2,True,False,False,False,420,-50.66792297363281,-53.13116455078125,1
All pictures weren't there embarrassing the Borgias.,There weren't all pictures embarrassing the Borgias.,semantics,quantifiers,existential_there_quantifiers_2,True,False,False,False,421,-63.816566467285156,-64.29782104492188,1
Each shoe isn't there vanishing.,There isn't each shoe vanishing.,semantics,quantifiers,existential_there_quantifiers_2,True,False,False,False,422,-40.532466888427734,-41.98103332519531,1
Every library isn't there failing to break every vase.,There isn't every library failing to break every vase.,semantics,quantifiers,existential_there_quantifiers_2,True,False,False,False,423,-65.7603530883789,-69.81285095214844,1
Each car is there accelerating.,There is each car accelerating.,semantics,quantifiers,existential_there_quantifiers_2,True,False,False,False,424,-35.830841064453125,-37.055328369140625,1
Every sketch was there falling.,There was every sketch falling.,semantics,quantifiers,existential_there_quantifiers_2,True,False,False,False,425,-37.6693115234375,-36.08747863769531,0
Each horse wasn't there irritating every student.,There wasn't each horse irritating every student.,semantics,quantifiers,existential_there_quantifiers_2,True,False,False,False,426,-53.426490783691406,-56.39557647705078,1
All jackets aren't there alarming these waitresses.,There aren't all jackets alarming these waitresses.,semantics,quantifiers,existential_there_quantifiers_2,True,False,False,False,427,-72.813232421875,-76.35383605957031,1
Each lady isn't there helping Danielle.,There isn't each lady helping Danielle.,semantics,quantifiers,existential_there_quantifiers_2,True,False,False,False,428,-47.57305145263672,-49.87486267089844,1
All photographs of many glasses weren't there disturbing Craig.,There weren't all photographs of many glasses disturbing Craig.,semantics,quantifiers,existential_there_quantifiers_2,True,False,False,False,429,-72.21925354003906,-76.12483215332031,1
All students were there sighing.,There were all students sighing.,semantics,quantifiers,existential_there_quantifiers_2,True,False,False,False,430,-41.415130615234375,-39.24942398071289,0
Every cafe isn't there falling.,There isn't every cafe falling.,semantics,quantifiers,existential_there_quantifiers_2,True,False,False,False,431,-36.66835021972656,-40.883018493652344,1
Each teenager was there eating.,There was each teenager eating.,semantics,quantifiers,existential_there_quantifiers_2,True,False,False,False,432,-35.504371643066406,-38.1905517578125,1
Every art gallery wasn't there alarming these patients.,There wasn't every art gallery alarming these patients.,semantics,quantifiers,existential_there_quantifiers_2,True,False,False,False,433,-64.2462158203125,-65.70654296875,1
Each banana isn't there astounding these women.,There isn't each banana astounding these women.,semantics,quantifiers,existential_there_quantifiers_2,True,False,False,False,434,-56.81975555419922,-60.621681213378906,1
Each adult was there grinning.,There was each adult grinning.,semantics,quantifiers,existential_there_quantifiers_2,True,False,False,False,435,-36.08549499511719,-36.018714904785156,0
All shows about Monet aren't there shocking Monica.,There aren't all shows about Monet shocking Monica.,semantics,quantifiers,existential_there_quantifiers_2,True,False,False,False,436,-76.65257263183594,-78.42239379882812,1
All movie theaters were there distracting Becky.,There were all movie theaters distracting Becky.,semantics,quantifiers,existential_there_quantifiers_2,True,False,False,False,437,-62.518280029296875,-61.211387634277344,0
All bicycles were there stopping.,There were all bicycles stopping.,semantics,quantifiers,existential_there_quantifiers_2,True,False,False,False,438,-38.683406829833984,-36.66997528076172,0
All forks aren't there falling.,There aren't all forks falling.,semantics,quantifiers,existential_there_quantifiers_2,True,False,False,False,439,-38.525753021240234,-41.943092346191406,1
All commentaries are there annoying Guy.,There are all commentaries annoying Guy.,semantics,quantifiers,existential_there_quantifiers_2,True,False,False,False,440,-58.18797302246094,-58.518836975097656,1
Most eggplants aren't there vanishing.,There aren't most eggplants vanishing.,semantics,quantifiers,existential_there_quantifiers_2,True,False,False,False,441,-57.57640075683594,-65.15745544433594,1
All museums weren't there changing.,There weren't all museums changing.,semantics,quantifiers,existential_there_quantifiers_2,True,False,False,False,442,-43.286808013916016,-44.70183181762695,1
Every movie theater was there existing.,There was every movie theater existing.,semantics,quantifiers,existential_there_quantifiers_2,True,False,False,False,443,-45.83887481689453,-44.623416900634766,0
Most boys weren't there cheering.,There weren't most boys cheering.,semantics,quantifiers,existential_there_quantifiers_2,True,False,False,False,444,-39.58622360229492,-40.811710357666016,1
All fathers of Tiffany aren't there cooking.,There aren't all fathers of Tiffany cooking.,semantics,quantifiers,existential_there_quantifiers_2,True,False,False,False,445,-55.83897399902344,-56.054420471191406,1
All public parks are there disgusting Beverly.,There are all public parks disgusting Beverly.,semantics,quantifiers,existential_there_quantifiers_2,True,False,False,False,446,-59.86913299560547,-56.23480224609375,0
Most pants were there loosening.,There were most pants loosening.,semantics,quantifiers,existential_there_quantifiers_2,True,False,False,False,447,-41.23213195800781,-43.28824996948242,1
All granddaughters of Christine were there forgetting who bother those ladies.,There were all granddaughters of Christine forgetting who bother those ladies.,semantics,quantifiers,existential_there_quantifiers_2,True,False,False,False,448,-101.02972412109375,-95.79539489746094,0
Every screen isn't there appearing.,There isn't every screen appearing.,semantics,quantifiers,existential_there_quantifiers_2,True,False,False,False,449,-39.84023666381836,-40.20765686035156,1
All wheelbarrows aren't there disturbing Frank.,There aren't all wheelbarrows disturbing Frank.,semantics,quantifiers,existential_there_quantifiers_2,True,False,False,False,450,-66.35372161865234,-68.02598571777344,1
Every jacket is there annoying Nancy.,There is every jacket annoying Nancy.,semantics,quantifiers,existential_there_quantifiers_2,True,False,False,False,451,-43.48332214355469,-47.067691802978516,1
Most shawls are there worrying Lisa.,There are most shawls worrying Lisa.,semantics,quantifiers,existential_there_quantifiers_2,True,False,False,False,452,-60.10093307495117,-56.677459716796875,0
Every jacket wasn't there upsetting Angela.,There wasn't every jacket upsetting Angela.,semantics,quantifiers,existential_there_quantifiers_2,True,False,False,False,453,-48.70561218261719,-53.822486877441406,1
Most granddaughters of Adam aren't there urging Dawn to hurt those waitresses.,There aren't most granddaughters of Adam urging Dawn to hurt those waitresses.,semantics,quantifiers,existential_there_quantifiers_2,True,False,False,False,454,-124.28102111816406,-125.98477172851562,1
Most patients are there motivating Jerry's cousins to kiss Kimberley.,There are most patients motivating Jerry's cousins to kiss Kimberley.,semantics,quantifiers,existential_there_quantifiers_2,True,False,False,False,455,-93.38343811035156,-90.57919311523438,0
Every cafe is there aggravating those companies.,There is every cafe aggravating those companies.,semantics,quantifiers,existential_there_quantifiers_2,True,False,False,False,456,-55.649192810058594,-58.31523132324219,1
All hospitals were there pushing Naomi to cough.,There were all hospitals pushing Naomi to cough.,semantics,quantifiers,existential_there_quantifiers_2,True,False,False,False,457,-65.48592376708984,-63.31305694580078,0
All prints of a lot of boys aren't there embarrassing this woman.,There aren't all prints of a lot of boys embarrassing this woman.,semantics,quantifiers,existential_there_quantifiers_2,True,False,False,False,458,-69.63219451904297,-76.67839813232422,1
Each play about the Impressionists isn't there bothering Ella.,There isn't each play about the Impressionists bothering Ella.,semantics,quantifiers,existential_there_quantifiers_2,True,False,False,False,459,-86.60059356689453,-88.8995361328125,1
All casseroles weren't there stunning that man.,There weren't all casseroles stunning that man.,semantics,quantifiers,existential_there_quantifiers_2,True,False,False,False,460,-70.8589096069336,-74.53656768798828,1
All hills are there existing.,There are all hills existing.,semantics,quantifiers,existential_there_quantifiers_2,True,False,False,False,461,-39.45071029663086,-36.416175842285156,0
All stories are there upsetting the Lutherans.,There are all stories upsetting the Lutherans.,semantics,quantifiers,existential_there_quantifiers_2,True,False,False,False,462,-59.43037796020508,-58.219329833984375,0
Every print was there irritating Tammy.,There was every print irritating Tammy.,semantics,quantifiers,existential_there_quantifiers_2,True,False,False,False,463,-53.31718826293945,-52.30352783203125,0
Each picture is there looking like Marie.,There is each picture looking like Marie.,semantics,quantifiers,existential_there_quantifiers_2,True,False,False,False,464,-45.618408203125,-46.723243713378906,1
Most plays weren't there impressing Bethany.,There weren't most plays impressing Bethany.,semantics,quantifiers,existential_there_quantifiers_2,True,False,False,False,465,-65.20187377929688,-70.25704956054688,1
Most newspaper articles weren't there stunning Allison.,There weren't most newspaper articles stunning Allison.,semantics,quantifiers,existential_there_quantifiers_2,True,False,False,False,466,-62.52610778808594,-68.54472351074219,1
All reports about Jesus are there disturbing every driver.,There are all reports about Jesus disturbing every driver.,semantics,quantifiers,existential_there_quantifiers_2,True,False,False,False,467,-69.15951538085938,-64.08106231689453,0
All turtles weren't there upsetting Anna.,There weren't all turtles upsetting Anna.,semantics,quantifiers,existential_there_quantifiers_2,True,False,False,False,468,-51.019798278808594,-55.109596252441406,1
All dishes are there alarming Suzanne.,There are all dishes alarming Suzanne.,semantics,quantifiers,existential_there_quantifiers_2,True,False,False,False,469,-50.47251892089844,-48.56024932861328,0
All public parks aren't there upsetting Ruth.,There aren't all public parks upsetting Ruth.,semantics,quantifiers,existential_there_quantifiers_2,True,False,False,False,470,-60.95980453491211,-63.46415710449219,1
Every projector was there appearing.,There was every projector appearing.,semantics,quantifiers,existential_there_quantifiers_2,True,False,False,False,471,-38.71827697753906,-39.38837432861328,1
Most rivers aren't there freezing.,There aren't most rivers freezing.,semantics,quantifiers,existential_there_quantifiers_2,True,False,False,False,472,-42.35137176513672,-45.250274658203125,1
All sisters of Kendra aren't there scaring Melinda.,There aren't all sisters of Kendra scaring Melinda.,semantics,quantifiers,existential_there_quantifiers_2,True,False,False,False,473,-86.11550903320312,-88.17388153076172,1
Every unicycle is there astounding Spain.,There is every unicycle astounding Spain.,semantics,quantifiers,existential_there_quantifiers_2,True,False,False,False,474,-59.974571228027344,-57.280250549316406,0
Each actress wasn't there arguing about Jerry.,There wasn't each actress arguing about Jerry.,semantics,quantifiers,existential_there_quantifiers_2,True,False,False,False,475,-53.97962951660156,-57.58343505859375,1
Most slopes aren't there shocking Phillip.,There aren't most slopes shocking Phillip.,semantics,quantifiers,existential_there_quantifiers_2,True,False,False,False,476,-55.3281364440918,-60.733707427978516,1
All guests weren't there worrying those organizations.,There weren't all guests worrying those organizations.,semantics,quantifiers,existential_there_quantifiers_2,True,False,False,False,477,-56.46331024169922,-58.47057342529297,1
Each mirror isn't there distracting Diana.,There isn't each mirror distracting Diana.,semantics,quantifiers,existential_there_quantifiers_2,True,False,False,False,478,-48.70781707763672,-54.410587310791016,1
Most photographs are there stunning Eva.,There are most photographs stunning Eva.,semantics,quantifiers,existential_there_quantifiers_2,True,False,False,False,479,-49.49285125732422,-49.248531341552734,0
Each scarf was there impressing Florence.,There was each scarf impressing Florence.,semantics,quantifiers,existential_there_quantifiers_2,True,False,False,False,480,-53.82360076904297,-57.29248046875,1
All cars were there upsetting Beth.,There were all cars upsetting Beth.,semantics,quantifiers,existential_there_quantifiers_2,True,False,False,False,481,-47.64849090576172,-45.74502944946289,0
All pictures of Candice weren't there boring Benjamin.,There weren't all pictures of Candice boring Benjamin.,semantics,quantifiers,existential_there_quantifiers_2,True,False,False,False,482,-72.48303985595703,-74.44446563720703,1
Each cake wasn't there stunning Joseph.,There wasn't each cake stunning Joseph.,semantics,quantifiers,existential_there_quantifiers_2,True,False,False,False,483,-50.030975341796875,-53.48991394042969,1
All malls were there looking like most sketches.,There were all malls looking like most sketches.,semantics,quantifiers,existential_there_quantifiers_2,True,False,False,False,484,-60.44744873046875,-57.458858489990234,0
Every sketch is there boring Brett.,There is every sketch boring Brett.,semantics,quantifiers,existential_there_quantifiers_2,True,False,False,False,485,-48.12422561645508,-48.357139587402344,1
Most books are there disgusting Wayne.,There are most books disgusting Wayne.,semantics,quantifiers,existential_there_quantifiers_2,True,False,False,False,486,-44.644569396972656,-45.3388671875,1
All women weren't there needing those people to love Ronald.,There weren't all women needing those people to love Ronald.,semantics,quantifiers,existential_there_quantifiers_2,True,False,False,False,487,-70.41059875488281,-72.65081024169922,1
Each child was there begging the guy's lawyer to study.,There was each child begging the guy's lawyer to study.,semantics,quantifiers,existential_there_quantifiers_2,True,False,False,False,488,-67.89781188964844,-69.08958435058594,1
Most teachers aren't there driving to most college campuses.,There aren't most teachers driving to most college campuses.,semantics,quantifiers,existential_there_quantifiers_2,True,False,False,False,489,-72.87223815917969,-77.10289001464844,1
All cucumbers were there blackening.,There were all cucumbers blackening.,semantics,quantifiers,existential_there_quantifiers_2,True,False,False,False,490,-53.67948532104492,-49.99480438232422,0
Most cars weren't there embarrassing a lot of guests.,There weren't most cars embarrassing a lot of guests.,semantics,quantifiers,existential_there_quantifiers_2,True,False,False,False,491,-55.66181182861328,-61.920982360839844,1
Every art gallery isn't there confusing Alicia.,There isn't every art gallery confusing Alicia.,semantics,quantifiers,existential_there_quantifiers_2,True,False,False,False,492,-61.810115814208984,-62.58171081542969,1
Most planes were there falling.,There were most planes falling.,semantics,quantifiers,existential_there_quantifiers_2,True,False,False,False,493,-35.97795867919922,-34.978111267089844,0
Each college campus isn't there worrying Jennifer.,There isn't each college campus worrying Jennifer.,semantics,quantifiers,existential_there_quantifiers_2,True,False,False,False,494,-62.1376838684082,-63.69742202758789,1
Each eggplant isn't there disappearing.,There isn't each eggplant disappearing.,semantics,quantifiers,existential_there_quantifiers_2,True,False,False,False,495,-52.877777099609375,-53.140995025634766,1
Every print of Cynthia wasn't there disturbing Spain.,There wasn't every print of Cynthia disturbing Spain.,semantics,quantifiers,existential_there_quantifiers_2,True,False,False,False,496,-66.9630355834961,-69.35102844238281,1
Most stories are there annoying Michael.,There are most stories annoying Michael.,semantics,quantifiers,existential_there_quantifiers_2,True,False,False,False,497,-42.569671630859375,-42.94625473022461,1
Every public park was there confusing Denise.,There was every public park confusing Denise.,semantics,quantifiers,existential_there_quantifiers_2,True,False,False,False,498,-58.48963165283203,-57.31525802612305,0
All students are there finding these eggplants.,There are all students finding these eggplants.,semantics,quantifiers,existential_there_quantifiers_2,True,False,False,False,499,-65.48878479003906,-64.02204132080078,0
Every screen is there alarming all governments.,There is every screen alarming all governments.,semantics,quantifiers,existential_there_quantifiers_2,True,False,False,False,500,-49.687042236328125,-49.73816680908203,1
Each art gallery is there annoying Christine.,There is each art gallery annoying Christine.,semantics,quantifiers,existential_there_quantifiers_2,True,False,False,False,501,-56.5379753112793,-58.0135498046875,1
Every face was there aggravating many drivers.,There was every face aggravating many drivers.,semantics,quantifiers,existential_there_quantifiers_2,True,False,False,False,502,-56.09857177734375,-57.65772247314453,1
Most mountains weren't there appearing.,There weren't most mountains appearing.,semantics,quantifiers,existential_there_quantifiers_2,True,False,False,False,503,-42.139984130859375,-43.66755676269531,1
Most peppers were there charring.,There were most peppers charring.,semantics,quantifiers,existential_there_quantifiers_2,True,False,False,False,504,-47.20362091064453,-48.13948059082031,1
Each girl wasn't there failing to boycott some art gallery.,There wasn't each girl failing to boycott some art gallery.,semantics,quantifiers,existential_there_quantifiers_2,True,False,False,False,505,-76.78695678710938,-76.66281127929688,0
Most art galleries are there confusing Stephen.,There are most art galleries confusing Stephen.,semantics,quantifiers,existential_there_quantifiers_2,True,False,False,False,506,-58.0141487121582,-55.615966796875,0
Every bank was there benefiting.,There was every bank benefiting.,semantics,quantifiers,existential_there_quantifiers_2,True,False,False,False,507,-38.562164306640625,-37.46819305419922,0
Every hat is there annoying Jason.,There is every hat annoying Jason.,semantics,quantifiers,existential_there_quantifiers_2,True,False,False,False,508,-42.08370590209961,-46.8790168762207,1
All newspaper articles about Spain were there hurting Janice.,There were all newspaper articles about Spain hurting Janice.,semantics,quantifiers,existential_there_quantifiers_2,True,False,False,False,509,-81.60897064208984,-80.69297790527344,0
Every legislature wasn't there proving to approach Valerie.,There wasn't every legislature proving to approach Valerie.,semantics,quantifiers,existential_there_quantifiers_2,True,False,False,False,510,-71.68391418457031,-73.19227600097656,1
Each dog is there ascending these mountains.,There is each dog ascending these mountains.,semantics,quantifiers,existential_there_quantifiers_2,True,False,False,False,511,-46.65382385253906,-50.967308044433594,1
All documentaries are there stunning the Impressionists.,There are all documentaries stunning the Impressionists.,semantics,quantifiers,existential_there_quantifiers_2,True,False,False,False,512,-69.61622619628906,-68.26133728027344,0
Each plate wasn't there looking like the print.,There wasn't each plate looking like the print.,semantics,quantifiers,existential_there_quantifiers_2,True,False,False,False,513,-51.06949996948242,-54.8885498046875,1
Each picture isn't there embarrassing Kristen.,There isn't each picture embarrassing Kristen.,semantics,quantifiers,existential_there_quantifiers_2,True,False,False,False,514,-49.050453186035156,-52.108375549316406,1
Every movie wasn't there worrying these girls.,There wasn't every movie worrying these girls.,semantics,quantifiers,existential_there_quantifiers_2,True,False,False,False,515,-46.90343475341797,-48.861724853515625,1
All patients aren't there climbing down some steps.,There aren't all patients climbing down some steps.,semantics,quantifiers,existential_there_quantifiers_2,True,False,False,False,516,-55.445281982421875,-57.67951202392578,1
Each person is there writing.,There is each person writing.,semantics,quantifiers,existential_there_quantifiers_2,True,False,False,False,517,-30.220264434814453,-30.563451766967773,1
Each closet was there appearing.,There was each closet appearing.,semantics,quantifiers,existential_there_quantifiers_2,True,False,False,False,518,-38.00426483154297,-39.08322525024414,1
Most children are there leaving Richard.,There are most children leaving Richard.,semantics,quantifiers,existential_there_quantifiers_2,True,False,False,False,519,-42.197509765625,-40.7691650390625,0
All pictures aren't there impressing Mark.,There aren't all pictures impressing Mark.,semantics,quantifiers,existential_there_quantifiers_2,True,False,False,False,520,-54.593414306640625,-56.1187629699707,1
Every newspaper article isn't there impressing all hospitals.,There isn't every newspaper article impressing all hospitals.,semantics,quantifiers,existential_there_quantifiers_2,True,False,False,False,521,-68.19590759277344,-71.51785278320312,1
Each art gallery wasn't there disgusting Cynthia.,There wasn't each art gallery disgusting Cynthia.,semantics,quantifiers,existential_there_quantifiers_2,True,False,False,False,522,-62.49484634399414,-64.98344421386719,1
All art galleries aren't there alarming Martin.,There aren't all art galleries alarming Martin.,semantics,quantifiers,existential_there_quantifiers_2,True,False,False,False,523,-62.23966598510742,-66.28813171386719,1
Each teacher isn't there boycotting that movie theater.,There isn't each teacher boycotting that movie theater.,semantics,quantifiers,existential_there_quantifiers_2,True,False,False,False,524,-69.75027465820312,-74.7431869506836,1
All mouths were there closing.,There were all mouths closing.,semantics,quantifiers,existential_there_quantifiers_2,True,False,False,False,525,-40.01920700073242,-36.89405059814453,0
Every casserole was there falling.,There was every casserole falling.,semantics,quantifiers,existential_there_quantifiers_2,True,False,False,False,526,-49.05424499511719,-48.84285354614258,0
Most tomatoes were there worrying Brian.,There were most tomatoes worrying Brian.,semantics,quantifiers,existential_there_quantifiers_2,True,False,False,False,527,-50.93920135498047,-48.703590393066406,0
Each legislature isn't there begging Rose to depart.,There isn't each legislature begging Rose to depart.,semantics,quantifiers,existential_there_quantifiers_2,True,False,False,False,528,-64.35875701904297,-67.01818084716797,1
Each banana isn't there existing.,There isn't each banana existing.,semantics,quantifiers,existential_there_quantifiers_2,True,False,False,False,529,-41.043643951416016,-43.42665100097656,1
Each vase was there aggravating Carol.,There was each vase aggravating Carol.,semantics,quantifiers,existential_there_quantifiers_2,True,False,False,False,530,-57.43849563598633,-61.118995666503906,1
All cucumbers weren't there bothering some men.,There weren't all cucumbers bothering some men.,semantics,quantifiers,existential_there_quantifiers_2,True,False,False,False,531,-62.66520309448242,-64.47125244140625,1
Most scarves are there wasting away.,There are most scarves wasting away.,semantics,quantifiers,existential_there_quantifiers_2,True,False,False,False,532,-53.15545654296875,-50.94801330566406,0
Each picture wasn't there annoying most teachers.,There wasn't each picture annoying most teachers.,semantics,quantifiers,existential_there_quantifiers_2,True,False,False,False,533,-54.451576232910156,-55.77431106567383,1
Each slope isn't there vanishing.,There isn't each slope vanishing.,semantics,quantifiers,existential_there_quantifiers_2,True,False,False,False,534,-42.427852630615234,-43.83277893066406,1
Most hats are there stunning Cheryl.,There are most hats stunning Cheryl.,semantics,quantifiers,existential_there_quantifiers_2,True,False,False,False,535,-49.30683135986328,-49.80117416381836,1
All chairs aren't there distracting all legislatures.,There aren't all chairs distracting all legislatures.,semantics,quantifiers,existential_there_quantifiers_2,True,False,False,False,536,-57.63294982910156,-61.943389892578125,1
All boxes weren't there annoying the pedestrian.,There weren't all boxes annoying the pedestrian.,semantics,quantifiers,existential_there_quantifiers_2,True,False,False,False,537,-54.44803237915039,-59.097312927246094,1
Most birds aren't there bothering the girls.,There aren't most birds bothering the girls.,semantics,quantifiers,existential_there_quantifiers_2,True,False,False,False,538,-47.634185791015625,-52.66666030883789,1
Each documentary about music is there astounding Stacey.,There is each documentary about music astounding Stacey.,semantics,quantifiers,existential_there_quantifiers_2,True,False,False,False,539,-70.0135726928711,-70.2578125,1
All legislatures are there asking Galileo to talk to Becky.,There are all legislatures asking Galileo to talk to Becky.,semantics,quantifiers,existential_there_quantifiers_2,True,False,False,False,540,-70.87652587890625,-69.42558288574219,0
Each waiter isn't there convincing Linda to suffer.,There isn't each waiter convincing Linda to suffer.,semantics,quantifiers,existential_there_quantifiers_2,True,False,False,False,541,-64.0691146850586,-67.66268920898438,1
All glasses are there dropping.,There are all glasses dropping.,semantics,quantifiers,existential_there_quantifiers_2,True,False,False,False,542,-37.197853088378906,-34.64417266845703,0
Each glove wasn't there stretching.,There wasn't each glove stretching.,semantics,quantifiers,existential_there_quantifiers_2,True,False,False,False,543,-43.657989501953125,-44.573753356933594,1
Each cake was there annoying Steve.,There was each cake annoying Steve.,semantics,quantifiers,existential_there_quantifiers_2,True,False,False,False,544,-45.6749267578125,-48.72737121582031,1
All eyes were there confusing Bethany.,There were all eyes confusing Bethany.,semantics,quantifiers,existential_there_quantifiers_2,True,False,False,False,545,-55.88835525512695,-52.969451904296875,0
Every cup wasn't there irritating Dana.,There wasn't every cup irritating Dana.,semantics,quantifiers,existential_there_quantifiers_2,True,False,False,False,546,-52.90587615966797,-54.24695587158203,1
Each screen wasn't there falling apart.,There wasn't each screen falling apart.,semantics,quantifiers,existential_there_quantifiers_2,True,False,False,False,547,-41.271141052246094,-43.84136199951172,1
All reports about Galileo weren't there disturbing Tina.,There weren't all reports about Galileo disturbing Tina.,semantics,quantifiers,existential_there_quantifiers_2,True,False,False,False,548,-71.56234741210938,-71.65245819091797,1
All drivers weren't there compelling some governments to disgust the Impressionists.,There weren't all drivers compelling some governments to disgust the Impressionists.,semantics,quantifiers,existential_there_quantifiers_2,True,False,False,False,549,-103.93272399902344,-104.56768798828125,1
All peppers aren't there irritating an adult.,There aren't all peppers irritating an adult.,semantics,quantifiers,existential_there_quantifiers_2,True,False,False,False,550,-57.24318313598633,-62.352638244628906,1
Every photograph of Wayne is there aggravating Alice.,There is every photograph of Wayne aggravating Alice.,semantics,quantifiers,existential_there_quantifiers_2,True,False,False,False,551,-66.74159240722656,-65.40058898925781,0
Each popsicle wasn't there shocking Tammy.,There wasn't each popsicle shocking Tammy.,semantics,quantifiers,existential_there_quantifiers_2,True,False,False,False,552,-64.27642822265625,-65.99840545654297,1
All screens are there disturbing Melanie.,There are all screens disturbing Melanie.,semantics,quantifiers,existential_there_quantifiers_2,True,False,False,False,553,-49.63911437988281,-47.082210540771484,0
Every actor wasn't there arriving at every grocery store.,There wasn't every actor arriving at every grocery store.,semantics,quantifiers,existential_there_quantifiers_2,True,False,False,False,554,-63.476417541503906,-65.70514678955078,1
All slopes were there boring all guests.,There were all slopes boring all guests.,semantics,quantifiers,existential_there_quantifiers_2,True,False,False,False,555,-56.4131965637207,-54.92933654785156,0
All cats were there astounding Laurie.,There were all cats astounding Laurie.,semantics,quantifiers,existential_there_quantifiers_2,True,False,False,False,556,-54.55596923828125,-52.657508850097656,0
Each projector was there upsetting Connie.,There was each projector upsetting Connie.,semantics,quantifiers,existential_there_quantifiers_2,True,False,False,False,557,-51.43316650390625,-53.11004638671875,1
Each report about Monet wasn't there existing.,There wasn't each report about Monet existing.,semantics,quantifiers,existential_there_quantifiers_2,True,False,False,False,558,-60.91640853881836,-63.73421859741211,1
All mouths were there impressing Rose.,There were all mouths impressing Rose.,semantics,quantifiers,existential_there_quantifiers_2,True,False,False,False,559,-55.9178581237793,-54.97901916503906,0
All cucumbers weren't there going bad.,There weren't all cucumbers going bad.,semantics,quantifiers,existential_there_quantifiers_2,True,False,False,False,560,-55.32160568237305,-55.8499641418457,1
Every cake wasn't there wasting away.,There wasn't every cake wasting away.,semantics,quantifiers,existential_there_quantifiers_2,True,False,False,False,561,-43.707115173339844,-47.72760009765625,1
Most photographs of that hair weren't there disgusting a lot of libraries.,There weren't most photographs of that hair disgusting a lot of libraries.,semantics,quantifiers,existential_there_quantifiers_2,True,False,False,False,562,-79.8024673461914,-86.68104553222656,1
Most stairs are there boring Alexander.,There are most stairs boring Alexander.,semantics,quantifiers,existential_there_quantifiers_2,True,False,False,False,563,-48.817806243896484,-49.55006408691406,1
Each computer was there disgusting Tara.,There was each computer disgusting Tara.,semantics,quantifiers,existential_there_quantifiers_2,True,False,False,False,564,-50.664852142333984,-50.747798919677734,1
Each patient isn't there ordering Christine's tutors to resemble most pictures.,There isn't each patient ordering Christine's tutors to resemble most pictures.,semantics,quantifiers,existential_there_quantifiers_2,True,False,False,False,565,-98.69451141357422,-103.09909057617188,1
Every shawl isn't there disappearing.,There isn't every shawl disappearing.,semantics,quantifiers,existential_there_quantifiers_2,True,False,False,False,566,-48.687095642089844,-48.67023468017578,0
Every association is there hurting that woman.,There is every association hurting that woman.,semantics,quantifiers,existential_there_quantifiers_2,True,False,False,False,567,-47.40361022949219,-48.98974609375,1
Most grandmothers of Caroline were there upsetting Julie.,There were most grandmothers of Caroline upsetting Julie.,semantics,quantifiers,existential_there_quantifiers_2,True,False,False,False,568,-73.93354034423828,-72.32701110839844,0
Every rabbit is there escaping.,There is every rabbit escaping.,semantics,quantifiers,existential_there_quantifiers_2,True,False,False,False,569,-34.751853942871094,-36.834320068359375,1
All plays were there disturbing Ruth.,There were all plays disturbing Ruth.,semantics,quantifiers,existential_there_quantifiers_2,True,False,False,False,570,-50.489784240722656,-46.48902893066406,0
Each nose was there hurting some waitresses.,There was each nose hurting some waitresses.,semantics,quantifiers,existential_there_quantifiers_2,True,False,False,False,571,-63.30660629272461,-65.58258056640625,1
Every friend of Kenneth isn't there breaking every mirror.,There isn't every friend of Kenneth breaking every mirror.,semantics,quantifiers,existential_there_quantifiers_2,True,False,False,False,572,-64.67626953125,-65.63450622558594,1
Most turtles are there falling asleep.,There are most turtles falling asleep.,semantics,quantifiers,existential_there_quantifiers_2,True,False,False,False,573,-37.64773941040039,-38.650001525878906,1
Each drawing wasn't there existing.,There wasn't each drawing existing.,semantics,quantifiers,existential_there_quantifiers_2,True,False,False,False,574,-42.946807861328125,-42.198028564453125,0
Most jackets aren't there twirling.,There aren't most jackets twirling.,semantics,quantifiers,existential_there_quantifiers_2,True,False,False,False,575,-49.110023498535156,-53.03776550292969,1
Every commentary is there alarming many patients.,There is every commentary alarming many patients.,semantics,quantifiers,existential_there_quantifiers_2,True,False,False,False,576,-51.55717849731445,-51.94624328613281,1
All actors were there forgetting about who drinks.,There were all actors forgetting about who drinks.,semantics,quantifiers,existential_there_quantifiers_2,True,False,False,False,577,-60.93571090698242,-59.29404830932617,0
All books weren't there confusing Omar.,There weren't all books confusing Omar.,semantics,quantifiers,existential_there_quantifiers_2,True,False,False,False,578,-52.33856964111328,-55.58314895629883,1
Every book is there scaring Kimberley.,There is every book scaring Kimberley.,semantics,quantifiers,existential_there_quantifiers_2,True,False,False,False,579,-54.072689056396484,-54.10432434082031,1
Most essays are there aggravating Alan.,There are most essays aggravating Alan.,semantics,quantifiers,existential_there_quantifiers_2,True,False,False,False,580,-55.49604797363281,-52.7012939453125,0
All ladders weren't there scaring those libraries.,There weren't all ladders scaring those libraries.,semantics,quantifiers,existential_there_quantifiers_2,True,False,False,False,581,-66.29295349121094,-67.41790771484375,1
All eyes aren't there falling.,There aren't all eyes falling.,semantics,quantifiers,existential_there_quantifiers_2,True,False,False,False,582,-36.74802017211914,-39.45939636230469,1
Most coats aren't there boring Daniel.,There aren't most coats boring Daniel.,semantics,quantifiers,existential_there_quantifiers_2,True,False,False,False,583,-50.664581298828125,-56.24002456665039,1
All chairs were there stunning most drivers.,There were all chairs stunning most drivers.,semantics,quantifiers,existential_there_quantifiers_2,True,False,False,False,584,-58.471092224121094,-57.152610778808594,0
All pictures of Carla are there irritating Barbara.,There are all pictures of Carla irritating Barbara.,semantics,quantifiers,existential_there_quantifiers_2,True,False,False,False,585,-67.43832397460938,-63.29984664916992,0
Most muffins are there disappearing.,There are most muffins disappearing.,semantics,quantifiers,existential_there_quantifiers_2,True,False,False,False,586,-42.084930419921875,-38.993064880371094,0
Each face was there appearing.,There was each face appearing.,semantics,quantifiers,existential_there_quantifiers_2,True,False,False,False,587,-33.9648551940918,-34.479026794433594,1
Most documentaries about Galileo were there irritating every teenager.,There were most documentaries about Galileo irritating every teenager.,semantics,quantifiers,existential_there_quantifiers_2,True,False,False,False,588,-79.73443603515625,-76.06826782226562,0
Most women were there annoying Helen.,There were most women annoying Helen.,semantics,quantifiers,existential_there_quantifiers_2,True,False,False,False,589,-44.393455505371094,-42.8377799987793,0
All girls aren't there regretting Julie falls.,There aren't all girls regretting Julie falls.,semantics,quantifiers,existential_there_quantifiers_2,True,False,False,False,590,-69.2296142578125,-70.13121795654297,1
All reports are there looking like sketches.,There are all reports looking like sketches.,semantics,quantifiers,existential_there_quantifiers_2,True,False,False,False,591,-48.224517822265625,-47.050559997558594,0
Every print of every girl was there stunning a lot of ladies.,There was every print of every girl stunning a lot of ladies.,semantics,quantifiers,existential_there_quantifiers_2,True,False,False,False,592,-75.69549560546875,-75.17301177978516,0
All universities were there listening to Travis.,There were all universities listening to Travis.,semantics,quantifiers,existential_there_quantifiers_2,True,False,False,False,593,-51.33311462402344,-48.446327209472656,0
Most mothers of Samuel aren't there learning.,There aren't most mothers of Samuel learning.,semantics,quantifiers,existential_there_quantifiers_2,True,False,False,False,594,-57.02628707885742,-58.7705192565918,1
Each commentary about art was there annoying Rhonda.,There was each commentary about art annoying Rhonda.,semantics,quantifiers,existential_there_quantifiers_2,True,False,False,False,595,-73.41055297851562,-72.8447265625,0
Each girl was there getting a job.,There was each girl getting a job.,semantics,quantifiers,existential_there_quantifiers_2,True,False,False,False,596,-37.324867248535156,-39.164058685302734,1
Every eggplant is there disappearing.,There is every eggplant disappearing.,semantics,quantifiers,existential_there_quantifiers_2,True,False,False,False,597,-48.81834030151367,-48.157623291015625,0
Each newspaper article is there annoying a man.,There is each newspaper article annoying a man.,semantics,quantifiers,existential_there_quantifiers_2,True,False,False,False,598,-52.29917526245117,-56.25605773925781,1
Each granddaughter of Kirsten is there commissioning Elaine to dislike Robert.,There is each granddaughter of Kirsten commissioning Elaine to dislike Robert.,semantics,quantifiers,existential_there_quantifiers_2,True,False,False,False,599,-99.66203308105469,-100.9693832397461,1
Each boy isn't there failing to irritate Robert.,There isn't each boy failing to irritate Robert.,semantics,quantifiers,existential_there_quantifiers_2,True,False,False,False,600,-60.839378356933594,-64.04267120361328,1
Each cousin of Dennis isn't there murmuring.,There isn't each cousin of Dennis murmuring.,semantics,quantifiers,existential_there_quantifiers_2,True,False,False,False,601,-59.94927215576172,-59.46381378173828,0
Every unicycle is there alarming this dancer.,There is every unicycle alarming this dancer.,semantics,quantifiers,existential_there_quantifiers_2,True,False,False,False,602,-62.920204162597656,-61.28192138671875,0
All photographs of those patients aren't there shocking Mary.,There aren't all photographs of those patients shocking Mary.,semantics,quantifiers,existential_there_quantifiers_2,True,False,False,False,603,-67.82630920410156,-74.52233123779297,1
Every skateboard isn't there disturbing those teenagers.,There isn't every skateboard disturbing those teenagers.,semantics,quantifiers,existential_there_quantifiers_2,True,False,False,False,604,-62.885189056396484,-65.46476745605469,1
All windows were there wasting away.,There were all windows wasting away.,semantics,quantifiers,existential_there_quantifiers_2,True,False,False,False,605,-42.584800720214844,-40.39372253417969,0
Each woman is there expecting Douglas to waste away.,There is each woman expecting Douglas to waste away.,semantics,quantifiers,existential_there_quantifiers_2,True,False,False,False,606,-64.10128021240234,-65.90934753417969,1
Most books about Spain aren't there annoying Diana.,There aren't most books about Spain annoying Diana.,semantics,quantifiers,existential_there_quantifiers_2,True,False,False,False,607,-62.24659729003906,-68.48755645751953,1
Most ladies aren't there thinking about some couch.,There aren't most ladies thinking about some couch.,semantics,quantifiers,existential_there_quantifiers_2,True,False,False,False,608,-54.0216178894043,-59.18022155761719,1
Most plays aren't there boring Martha.,There aren't most plays boring Martha.,semantics,quantifiers,existential_there_quantifiers_2,True,False,False,False,609,-51.570552825927734,-57.347843170166016,1
Every brother of the Borgias isn't there walking through the hospitals.,There isn't every brother of the Borgias walking through the hospitals.,semantics,quantifiers,existential_there_quantifiers_2,True,False,False,False,610,-75.62472534179688,-78.34723663330078,1
Each documentary isn't there hurting Gina.,There isn't each documentary hurting Gina.,semantics,quantifiers,existential_there_quantifiers_2,True,False,False,False,611,-49.72528839111328,-53.530494689941406,1
Most malls aren't there disappearing.,There aren't most malls disappearing.,semantics,quantifiers,existential_there_quantifiers_2,True,False,False,False,612,-45.329185485839844,-48.142608642578125,1
Most carriages weren't there impressing Patricia.,There weren't most carriages impressing Patricia.,semantics,quantifiers,existential_there_quantifiers_2,True,False,False,False,613,-65.49490356445312,-69.60163879394531,1
Every river is there upsetting many doctors.,There is every river upsetting many doctors.,semantics,quantifiers,existential_there_quantifiers_2,True,False,False,False,614,-50.56261444091797,-51.29804611206055,1
Most restaurants were there upsetting Theresa.,There were most restaurants upsetting Theresa.,semantics,quantifiers,existential_there_quantifiers_2,True,False,False,False,615,-51.29199981689453,-50.300132751464844,0
Each drawing isn't there hurting Kimberley.,There isn't each drawing hurting Kimberley.,semantics,quantifiers,existential_there_quantifiers_2,True,False,False,False,616,-54.532981872558594,-57.51277542114258,1
Each grandmother of Eva is there wanting James to win.,There is each grandmother of Eva wanting James to win.,semantics,quantifiers,existential_there_quantifiers_2,True,False,False,False,617,-74.34339141845703,-75.15145874023438,1
Each skateboard isn't there vanishing.,There isn't each skateboard vanishing.,semantics,quantifiers,existential_there_quantifiers_2,True,False,False,False,618,-48.50456619262695,-49.16386032104492,1
Every closet is there bothering Spain.,There is every closet bothering Spain.,semantics,quantifiers,existential_there_quantifiers_2,True,False,False,False,619,-47.2547721862793,-48.41530227661133,1
Every boy was there eating.,There was every boy eating.,semantics,quantifiers,existential_there_quantifiers_2,True,False,False,False,620,-29.59979820251465,-30.422901153564453,1
Each cousin of Linda isn't there seeming to vaporize.,There isn't each cousin of Linda seeming to vaporize.,semantics,quantifiers,existential_there_quantifiers_2,True,False,False,False,621,-74.90814208984375,-76.44669342041016,1
All cashiers weren't there lifting most socks.,There weren't all cashiers lifting most socks.,semantics,quantifiers,existential_there_quantifiers_2,True,False,False,False,622,-71.26182556152344,-71.92527770996094,1
Each drawing of these forks wasn't there embarrassing Marie.,There wasn't each drawing of these forks embarrassing Marie.,semantics,quantifiers,existential_there_quantifiers_2,True,False,False,False,623,-69.99868774414062,-76.09698486328125,1
Each show about current events isn't there alarming Karen.,There isn't each show about current events alarming Karen.,semantics,quantifiers,existential_there_quantifiers_2,True,False,False,False,624,-73.5789566040039,-75.39497375488281,1
Most friends of Grace aren't there discovering who bother Deborah.,There aren't most friends of Grace discovering who bother Deborah.,semantics,quantifiers,existential_there_quantifiers_2,True,False,False,False,625,-83.98906707763672,-85.81256103515625,1
All paintings were there scaring Jennifer.,There were all paintings scaring Jennifer.,semantics,quantifiers,existential_there_quantifiers_2,True,False,False,False,626,-50.60373306274414,-50.07212829589844,0
All documentaries about Spain are there confusing Dennis.,There are all documentaries about Spain confusing Dennis.,semantics,quantifiers,existential_there_quantifiers_2,True,False,False,False,627,-67.98220825195312,-65.92597198486328,0
All hospitals were there motivating every university to like Suzanne.,There were all hospitals motivating every university to like Suzanne.,semantics,quantifiers,existential_there_quantifiers_2,True,False,False,False,628,-82.12732696533203,-79.6341552734375,0
All sons of the student were there obligating Sherry to cheer.,There were all sons of the student obligating Sherry to cheer.,semantics,quantifiers,existential_there_quantifiers_2,True,False,False,False,629,-94.79876708984375,-91.41238403320312,0
Most spotlights weren't there upsetting Tara.,There weren't most spotlights upsetting Tara.,semantics,quantifiers,existential_there_quantifiers_2,True,False,False,False,630,-62.989463806152344,-66.0773696899414,1
All paintings of the waiters are there distracting Todd.,There are all paintings of the waiters distracting Todd.,semantics,quantifiers,existential_there_quantifiers_2,True,False,False,False,631,-72.39405822753906,-71.34672546386719,0
Each spotlight is there stunning the person.,There is each spotlight stunning the person.,semantics,quantifiers,existential_there_quantifiers_2,True,False,False,False,632,-50.701969146728516,-54.21636962890625,1
Most high schools are there looking like these drawings.,There are most high schools looking like these drawings.,semantics,quantifiers,existential_there_quantifiers_2,True,False,False,False,633,-54.880104064941406,-55.536354064941406,1
Every play was there annoying Spain.,There was every play annoying Spain.,semantics,quantifiers,existential_there_quantifiers_2,True,False,False,False,634,-46.258705139160156,-45.718505859375,0
All legislatures weren't there remembering what conspired.,There weren't all legislatures remembering what conspired.,semantics,quantifiers,existential_there_quantifiers_2,True,False,False,False,635,-65.63880920410156,-68.10101318359375,1
Every actor is there seeing.,There is every actor seeing.,semantics,quantifiers,existential_there_quantifiers_2,True,False,False,False,636,-37.14641571044922,-35.18537902832031,0
All lights aren't there stunning James.,There aren't all lights stunning James.,semantics,quantifiers,existential_there_quantifiers_2,True,False,False,False,637,-49.70136642456055,-53.380577087402344,1
Most screens weren't there stunning every waiter.,There weren't most screens stunning every waiter.,semantics,quantifiers,existential_there_quantifiers_2,True,False,False,False,638,-60.876983642578125,-65.39010620117188,1
Every customer wasn't there helping April.,There wasn't every customer helping April.,semantics,quantifiers,existential_there_quantifiers_2,True,False,False,False,639,-49.659690856933594,-52.302642822265625,1
Most lamps are there looking like some paintings.,There are most lamps looking like some paintings.,semantics,quantifiers,existential_there_quantifiers_2,True,False,False,False,640,-50.009918212890625,-50.34288787841797,1
All teenagers were there describing the Impressionists.,There were all teenagers describing the Impressionists.,semantics,quantifiers,existential_there_quantifiers_2,True,False,False,False,641,-64.23355102539062,-61.543216705322266,0
Most candles were there distracting Dana.,There were most candles distracting Dana.,semantics,quantifiers,existential_there_quantifiers_2,True,False,False,False,642,-51.1920166015625,-50.548858642578125,0
Each closet is there existing.,There is each closet existing.,semantics,quantifiers,existential_there_quantifiers_2,True,False,False,False,643,-39.75978088378906,-40.054954528808594,1
Each painting is there looking like the lake.,There is each painting looking like the lake.,semantics,quantifiers,existential_there_quantifiers_2,True,False,False,False,644,-44.94313430786133,-46.570491790771484,1
All banks are there prodding Randolf to insult these schools.,There are all banks prodding Randolf to insult these schools.,semantics,quantifiers,existential_there_quantifiers_2,True,False,False,False,645,-96.20181274414062,-91.46287536621094,0
Every book about Galileo wasn't there scaring Connie.,There wasn't every book about Galileo scaring Connie.,semantics,quantifiers,existential_there_quantifiers_2,True,False,False,False,646,-69.20144653320312,-69.68356323242188,1
Every screen isn't there wasting away.,There isn't every screen wasting away.,semantics,quantifiers,existential_there_quantifiers_2,True,False,False,False,647,-44.78915786743164,-47.322425842285156,1
Each fork wasn't there appearing.,There wasn't each fork appearing.,semantics,quantifiers,existential_there_quantifiers_2,True,False,False,False,648,-41.84756088256836,-45.25039291381836,1
Each car isn't there stunning Patricia.,There isn't each car stunning Patricia.,semantics,quantifiers,existential_there_quantifiers_2,True,False,False,False,649,-47.633731842041016,-50.920936584472656,1
All essays about Spain aren't there disgusting Alice.,There aren't all essays about Spain disgusting Alice.,semantics,quantifiers,existential_there_quantifiers_2,True,False,False,False,650,-67.60435485839844,-71.74913787841797,1
All coats are there falling.,There are all coats falling.,semantics,quantifiers,existential_there_quantifiers_2,True,False,False,False,651,-35.585792541503906,-32.80620193481445,0
All mothers of Elaine weren't there hugging.,There weren't all mothers of Elaine hugging.,semantics,quantifiers,existential_there_quantifiers_2,True,False,False,False,652,-61.485694885253906,-60.40044403076172,0
Most lamps aren't there looking like a painting.,There aren't most lamps looking like a painting.,semantics,quantifiers,existential_there_quantifiers_2,True,False,False,False,653,-50.00716781616211,-56.292327880859375,1
Each skirt wasn't there warping.,There wasn't each skirt warping.,semantics,quantifiers,existential_there_quantifiers_2,True,False,False,False,654,-49.26996994018555,-53.343963623046875,1
All cakes weren't there appearing.,There weren't all cakes appearing.,semantics,quantifiers,existential_there_quantifiers_2,True,False,False,False,655,-41.20150375366211,-43.428016662597656,1
Each boy was there drinking.,There was each boy drinking.,semantics,quantifiers,existential_there_quantifiers_2,True,False,False,False,656,-31.28725814819336,-32.89646530151367,1
All paintings of Donald aren't there disgusting Alexander.,There aren't all paintings of Donald disgusting Alexander.,semantics,quantifiers,existential_there_quantifiers_2,True,False,False,False,657,-66.1673812866211,-68.39715576171875,1
All mirrors weren't there slipping.,There weren't all mirrors slipping.,semantics,quantifiers,existential_there_quantifiers_2,True,False,False,False,658,-43.327552795410156,-43.78472137451172,1
Each car wasn't there worrying some guy.,There wasn't each car worrying some guy.,semantics,quantifiers,existential_there_quantifiers_2,True,False,False,False,659,-48.195682525634766,-51.13945770263672,1
Every teacher wasn't there urging Emily's boyfriend to speak up.,There wasn't every teacher urging Emily's boyfriend to speak up.,semantics,quantifiers,existential_there_quantifiers_2,True,False,False,False,660,-75.50695037841797,-79.13121032714844,1
All sisters of Stacey weren't there liking to mess up a restaurant.,There weren't all sisters of Stacey liking to mess up a restaurant.,semantics,quantifiers,existential_there_quantifiers_2,True,False,False,False,661,-90.20955657958984,-92.09806060791016,1
Every company isn't there prompting Michelle to admire Gerald.,There isn't every company prompting Michelle to admire Gerald.,semantics,quantifiers,existential_there_quantifiers_2,True,False,False,False,662,-74.97803497314453,-76.19983673095703,1
Most tomatoes aren't there upsetting Victoria.,There aren't most tomatoes upsetting Victoria.,semantics,quantifiers,existential_there_quantifiers_2,True,False,False,False,663,-53.74668884277344,-57.31844711303711,1
Most apples are there scorching.,There are most apples scorching.,semantics,quantifiers,existential_there_quantifiers_2,True,False,False,False,664,-42.29126739501953,-40.964202880859375,0
Most stairs were there disgusting Lisa.,There were most stairs disgusting Lisa.,semantics,quantifiers,existential_there_quantifiers_2,True,False,False,False,665,-49.94643020629883,-51.31952667236328,1
Every boy wasn't there wanting to talk to all adults.,There wasn't every boy wanting to talk to all adults.,semantics,quantifiers,existential_there_quantifiers_2,True,False,False,False,666,-57.43647384643555,-61.88009262084961,1
Each newspaper article was there aggravating Daniel.,There was each newspaper article aggravating Daniel.,semantics,quantifiers,existential_there_quantifiers_2,True,False,False,False,667,-63.91327667236328,-65.60286712646484,1
Most unicycles aren't there vanishing.,There aren't most unicycles vanishing.,semantics,quantifiers,existential_there_quantifiers_2,True,False,False,False,668,-62.207916259765625,-65.26734161376953,1
Most shows about art weren't there disagreeing with the Clintons.,There weren't most shows about art disagreeing with the Clintons.,semantics,quantifiers,existential_there_quantifiers_2,True,False,False,False,669,-85.0481185913086,-85.63638305664062,1
Most patients are there confusing a lot of waitresses.,There are most patients confusing a lot of waitresses.,semantics,quantifiers,existential_there_quantifiers_2,True,False,False,False,670,-64.02340698242188,-63.24805450439453,0
Every plate wasn't there irritating Samantha.,There wasn't every plate irritating Samantha.,semantics,quantifiers,existential_there_quantifiers_2,True,False,False,False,671,-47.997161865234375,-52.681270599365234,1
All plates aren't there appearing.,There aren't all plates appearing.,semantics,quantifiers,existential_there_quantifiers_2,True,False,False,False,672,-39.49554443359375,-42.38299560546875,1
Each show about the Borgias was there irritating Chad.,There was each show about the Borgias irritating Chad.,semantics,quantifiers,existential_there_quantifiers_2,True,False,False,False,673,-74.91905212402344,-76.26881408691406,1
All college campuses weren't there bothering Tanya.,There weren't all college campuses bothering Tanya.,semantics,quantifiers,existential_there_quantifiers_2,True,False,False,False,674,-66.65812683105469,-69.46528625488281,1
All books about art are there astounding a library.,There are all books about art astounding a library.,semantics,quantifiers,existential_there_quantifiers_2,True,False,False,False,675,-70.20146942138672,-61.85971450805664,0
Every horse was there irritating Lawrence.,There was every horse irritating Lawrence.,semantics,quantifiers,existential_there_quantifiers_2,True,False,False,False,676,-46.210174560546875,-47.19983673095703,1
All movies are there irritating Alicia.,There are all movies irritating Alicia.,semantics,quantifiers,existential_there_quantifiers_2,True,False,False,False,677,-48.5533332824707,-47.287269592285156,0
Each waiter is there investigating who could convince Jessica's cousins to sneeze.,There is each waiter investigating who could convince Jessica's cousins to sneeze.,semantics,quantifiers,existential_there_quantifiers_2,True,False,False,False,678,-107.95681762695312,-109.8492431640625,1
Most socks were there flattening.,There were most socks flattening.,semantics,quantifiers,existential_there_quantifiers_2,True,False,False,False,679,-46.96257781982422,-48.2587776184082,1
All slopes are there distracting David.,There are all slopes distracting David.,semantics,quantifiers,existential_there_quantifiers_2,True,False,False,False,680,-50.469669342041016,-48.118995666503906,0
Every cup is there dropping.,There is every cup dropping.,semantics,quantifiers,existential_there_quantifiers_2,True,False,False,False,681,-36.272247314453125,-35.35409927368164,0
Each college campus wasn't there boring Rose.,There wasn't each college campus boring Rose.,semantics,quantifiers,existential_there_quantifiers_2,True,False,False,False,682,-60.46807861328125,-63.34236145019531,1
Every sister of every person isn't there saying every waiter waved.,There isn't every sister of every person saying every waiter waved.,semantics,quantifiers,existential_there_quantifiers_2,True,False,False,False,683,-81.54078674316406,-82.49872589111328,1
Most commentaries about politics are there shocking Amanda.,There are most commentaries about politics shocking Amanda.,semantics,quantifiers,existential_there_quantifiers_2,True,False,False,False,684,-77.91764068603516,-77.11366271972656,0
Most slopes were there astounding Alicia.,There were most slopes astounding Alicia.,semantics,quantifiers,existential_there_quantifiers_2,True,False,False,False,685,-54.7492790222168,-53.2268180847168,0
Every unicycle isn't there upsetting this school.,There isn't every unicycle upsetting this school.,semantics,quantifiers,existential_there_quantifiers_2,True,False,False,False,686,-61.80951690673828,-65.0904541015625,1
Most actors weren't there climbing up every mountain.,There weren't most actors climbing up every mountain.,semantics,quantifiers,existential_there_quantifiers_2,True,False,False,False,687,-57.88798522949219,-59.64574432373047,1
Every cousin of Cheryl wasn't there passing that mall.,There wasn't every cousin of Cheryl passing that mall.,semantics,quantifiers,existential_there_quantifiers_2,True,False,False,False,688,-70.53718566894531,-73.96220397949219,1
All drawings were there distracting Brett.,There were all drawings distracting Brett.,semantics,quantifiers,existential_there_quantifiers_2,True,False,False,False,689,-54.72925567626953,-52.334041595458984,0
Every candle is there boring Brett.,There is every candle boring Brett.,semantics,quantifiers,existential_there_quantifiers_2,True,False,False,False,690,-47.500587463378906,-48.6235237121582,1
Each art gallery is there distracting Karla.,There is each art gallery distracting Karla.,semantics,quantifiers,existential_there_quantifiers_2,True,False,False,False,691,-66.32372283935547,-65.93113708496094,0
Every school is there believing a lot of guests to hug Roger.,There is every school believing a lot of guests to hug Roger.,semantics,quantifiers,existential_there_quantifiers_2,True,False,False,False,692,-74.22883605957031,-76.22294616699219,1
Every apple isn't there bothering every association.,There isn't every apple bothering every association.,semantics,quantifiers,existential_there_quantifiers_2,True,False,False,False,693,-53.52831268310547,-58.311012268066406,1
Each mirror is there chipping.,There is each mirror chipping.,semantics,quantifiers,existential_there_quantifiers_2,True,False,False,False,694,-39.42250442504883,-42.444244384765625,1
Each carriage isn't there bothering Tammy.,There isn't each carriage bothering Tammy.,semantics,quantifiers,existential_there_quantifiers_2,True,False,False,False,695,-50.120826721191406,-54.45444869995117,1
All hospitals were there confusing Joel.,There were all hospitals confusing Joel.,semantics,quantifiers,existential_there_quantifiers_2,True,False,False,False,696,-49.72195816040039,-47.05328369140625,0
Every cucumber isn't there irritating Edward.,There isn't every cucumber irritating Edward.,semantics,quantifiers,existential_there_quantifiers_2,True,False,False,False,697,-59.22808074951172,-60.09165954589844,1
Most people were there encouraging Allison to kiss most guests.,There were most people encouraging Allison to kiss most guests.,semantics,quantifiers,existential_there_quantifiers_2,True,False,False,False,698,-72.75257873535156,-71.95651245117188,0
Every school is there lying.,There is every school lying.,semantics,quantifiers,existential_there_quantifiers_2,True,False,False,False,699,-30.741043090820312,-31.565181732177734,1
All actors were there criticizing Theresa.,There were all actors criticizing Theresa.,semantics,quantifiers,existential_there_quantifiers_2,True,False,False,False,700,-52.23069381713867,-49.11101150512695,0
All commentaries were there disagreeing.,There were all commentaries disagreeing.,semantics,quantifiers,existential_there_quantifiers_2,True,False,False,False,701,-54.10699462890625,-53.872764587402344,0
All universities were there hiring the Borgias.,There were all universities hiring the Borgias.,semantics,quantifiers,existential_there_quantifiers_2,True,False,False,False,702,-59.918678283691406,-57.41591262817383,0
Each slope wasn't there impressing Matt.,There wasn't each slope impressing Matt.,semantics,quantifiers,existential_there_quantifiers_2,True,False,False,False,703,-57.3555793762207,-59.66427230834961,1
Every face isn't there stunning an actress.,There isn't every face stunning an actress.,semantics,quantifiers,existential_there_quantifiers_2,True,False,False,False,704,-50.38243865966797,-54.82752227783203,1
Each spotlight is there aggravating Theodore.,There is each spotlight aggravating Theodore.,semantics,quantifiers,existential_there_quantifiers_2,True,False,False,False,705,-55.85799789428711,-57.44626235961914,1
All icicles aren't there aggravating Tammy.,There aren't all icicles aggravating Tammy.,semantics,quantifiers,existential_there_quantifiers_2,True,False,False,False,706,-68.66635131835938,-72.38876342773438,1
Each teenager was there washing.,There was each teenager washing.,semantics,quantifiers,existential_there_quantifiers_2,True,False,False,False,707,-36.563472747802734,-39.65332794189453,1
Every movie wasn't there stunning the lady.,There wasn't every movie stunning the lady.,semantics,quantifiers,existential_there_quantifiers_2,True,False,False,False,708,-48.114925384521484,-49.10328674316406,1
Every photograph isn't there alarming Christopher.,There isn't every photograph alarming Christopher.,semantics,quantifiers,existential_there_quantifiers_2,True,False,False,False,709,-51.01511001586914,-53.823116302490234,1
Each gate wasn't there worrying John.,There wasn't each gate worrying John.,semantics,quantifiers,existential_there_quantifiers_2,True,False,False,False,710,-48.34111022949219,-52.179500579833984,1
Each popsicle is there falling.,There is each popsicle falling.,semantics,quantifiers,existential_there_quantifiers_2,True,False,False,False,711,-43.275123596191406,-45.0578498840332,1
Each friend of Ruth was there exiting the art galleries.,There was each friend of Ruth exiting the art galleries.,semantics,quantifiers,existential_there_quantifiers_2,True,False,False,False,712,-67.66252136230469,-66.58305358886719,0
Most peppers aren't there going bad.,There aren't most peppers going bad.,semantics,quantifiers,existential_there_quantifiers_2,True,False,False,False,713,-44.38561248779297,-51.546634674072266,1
Most candles are there disappearing.,There are most candles disappearing.,semantics,quantifiers,existential_there_quantifiers_2,True,False,False,False,714,-36.003177642822266,-34.39527893066406,0
Most plates aren't there stunning Monet.,There aren't most plates stunning Monet.,semantics,quantifiers,existential_there_quantifiers_2,True,False,False,False,715,-55.353248596191406,-60.22618103027344,1
Every customer is there laughing.,There is every customer laughing.,semantics,quantifiers,existential_there_quantifiers_2,True,False,False,False,716,-32.750343322753906,-33.79894256591797,1
Every lamp was there fading.,There was every lamp fading.,semantics,quantifiers,existential_there_quantifiers_2,True,False,False,False,717,-38.14524459838867,-38.10675048828125,0
All reports about Galileo weren't there hurting Catherine.,There weren't all reports about Galileo hurting Catherine.,semantics,quantifiers,existential_there_quantifiers_2,True,False,False,False,718,-68.3382339477539,-70.54975891113281,1
All rivers weren't there freezing.,There weren't all rivers freezing.,semantics,quantifiers,existential_there_quantifiers_2,True,False,False,False,719,-43.17612075805664,-42.76927185058594,0
Most documentaries weren't there stunning most doctors.,There weren't most documentaries stunning most doctors.,semantics,quantifiers,existential_there_quantifiers_2,True,False,False,False,720,-62.551170349121094,-65.39518737792969,1
Most bikes weren't there annoying Susan.,There weren't most bikes annoying Susan.,semantics,quantifiers,existential_there_quantifiers_2,True,False,False,False,721,-49.19200134277344,-54.42052459716797,1
All coats were there bothering Melinda.,There were all coats bothering Melinda.,semantics,quantifiers,existential_there_quantifiers_2,True,False,False,False,722,-57.444766998291016,-55.453338623046875,0
Every show about current events was there embarrassing Nicole.,There was every show about current events embarrassing Nicole.,semantics,quantifiers,existential_there_quantifiers_2,True,False,False,False,723,-70.27113342285156,-69.40898132324219,0
All cars aren't there impressing David.,There aren't all cars impressing David.,semantics,quantifiers,existential_there_quantifiers_2,True,False,False,False,724,-52.120994567871094,-58.00153350830078,1
Every bicycle isn't there crashing.,There isn't every bicycle crashing.,semantics,quantifiers,existential_there_quantifiers_2,True,False,False,False,725,-36.707176208496094,-39.66290283203125,1
Each documentary about the Clintons is there upsetting schools.,There is each documentary about the Clintons upsetting schools.,semantics,quantifiers,existential_there_quantifiers_2,True,False,False,False,726,-70.5364990234375,-69.45042419433594,0
Each senator was there finding out who haven't succeeded.,There was each senator finding out who haven't succeeded.,semantics,quantifiers,existential_there_quantifiers_2,True,False,False,False,727,-63.62865447998047,-65.65707397460938,1
Each sketch was there shocking this association.,There was each sketch shocking this association.,semantics,quantifiers,existential_there_quantifiers_2,True,False,False,False,728,-57.12818908691406,-57.01649475097656,0
Most turtles weren't there disappearing.,There weren't most turtles disappearing.,semantics,quantifiers,existential_there_quantifiers_2,True,False,False,False,729,-41.68017578125,-45.440738677978516,1
All cucumbers aren't there hurting that patient.,There aren't all cucumbers hurting that patient.,semantics,quantifiers,existential_there_quantifiers_2,True,False,False,False,730,-62.375762939453125,-64.51497650146484,1
Every eye was there boring most pedestrians.,There was every eye boring most pedestrians.,semantics,quantifiers,existential_there_quantifiers_2,True,False,False,False,731,-52.433143615722656,-54.36604309082031,1
All essays aren't there bothering Natalie.,There aren't all essays bothering Natalie.,semantics,quantifiers,existential_there_quantifiers_2,True,False,False,False,732,-53.438995361328125,-55.84949493408203,1
Every high school is there upsetting Gregory.,There is every high school upsetting Gregory.,semantics,quantifiers,existential_there_quantifiers_2,True,False,False,False,733,-48.819679260253906,-49.479103088378906,1
Each pie was there distracting Linda.,There was each pie distracting Linda.,semantics,quantifiers,existential_there_quantifiers_2,True,False,False,False,734,-49.38761901855469,-51.604679107666016,1
Most slopes are there embarrassing Cynthia.,There are most slopes embarrassing Cynthia.,semantics,quantifiers,existential_there_quantifiers_2,True,False,False,False,735,-49.68217468261719,-49.28057861328125,0
Most coats were there bothering Rebecca.,There were most coats bothering Rebecca.,semantics,quantifiers,existential_there_quantifiers_2,True,False,False,False,736,-46.7783203125,-47.39325714111328,1
All cats are there stunning Gina.,There are all cats stunning Gina.,semantics,quantifiers,existential_there_quantifiers_2,True,False,False,False,737,-48.38487243652344,-47.38631820678711,0
Each window was there falling.,There was each window falling.,semantics,quantifiers,existential_there_quantifiers_2,True,False,False,False,738,-34.89470672607422,-35.402618408203125,1
Each horse wasn't there aggravating Amanda.,There wasn't each horse aggravating Amanda.,semantics,quantifiers,existential_there_quantifiers_2,True,False,False,False,739,-54.059051513671875,-55.77241897583008,1
Every projector was there impressing Irene.,There was every projector impressing Irene.,semantics,quantifiers,existential_there_quantifiers_2,True,False,False,False,740,-56.555233001708984,-59.56819152832031,1
All doors weren't there aggravating Kendra.,There weren't all doors aggravating Kendra.,semantics,quantifiers,existential_there_quantifiers_2,True,False,False,False,741,-66.8011703491211,-69.3836669921875,1
Each bike wasn't there confusing a lot of senators.,There wasn't each bike confusing a lot of senators.,semantics,quantifiers,existential_there_quantifiers_2,True,False,False,False,742,-59.38542556762695,-63.67210006713867,1
Most movies about science were there hurting Sarah.,There were most movies about science hurting Sarah.,semantics,quantifiers,existential_there_quantifiers_2,True,False,False,False,743,-60.44324493408203,-58.553401947021484,0
Every picture of Homer wasn't there impressing Elizabeth.,There wasn't every picture of Homer impressing Elizabeth.,semantics,quantifiers,existential_there_quantifiers_2,True,False,False,False,744,-66.21239471435547,-68.53950500488281,1
All glasses were there alarming Kristen.,There were all glasses alarming Kristen.,semantics,quantifiers,existential_there_quantifiers_2,True,False,False,False,745,-52.27179718017578,-51.570125579833984,0
Every father of Lucille isn't there refusing to lift every spotlight.,There isn't every father of Lucille refusing to lift every spotlight.,semantics,quantifiers,existential_there_quantifiers_2,True,False,False,False,746,-83.39654541015625,-88.08370971679688,1
Every teenager is there yelling.,There is every teenager yelling.,semantics,quantifiers,existential_there_quantifiers_2,True,False,False,False,747,-35.381649017333984,-35.842529296875,1
Every movie about the Great Lakes was there boring Gina.,There was every movie about the Great Lakes boring Gina.,semantics,quantifiers,existential_there_quantifiers_2,True,False,False,False,748,-70.56233978271484,-70.11846923828125,0
Each blouse wasn't there shrinking.,There wasn't each blouse shrinking.,semantics,quantifiers,existential_there_quantifiers_2,True,False,False,False,749,-47.26969528198242,-46.26226043701172,0
All windows aren't there vanishing.,There aren't all windows vanishing.,semantics,quantifiers,existential_there_quantifiers_2,True,False,False,False,750,-39.00270462036133,-42.67164611816406,1
Each cashier is there preventing some screen from shocking Monica.,There is each cashier preventing some screen from shocking Monica.,semantics,quantifiers,existential_there_quantifiers_2,True,False,False,False,751,-88.76261138916016,-91.08466339111328,1
Every convertible is there bothering Carrie.,There is every convertible bothering Carrie.,semantics,quantifiers,existential_there_quantifiers_2,True,False,False,False,752,-50.50788116455078,-51.25383758544922,1
Most cousins of those doctors are there existing.,There are most cousins of those doctors existing.,semantics,quantifiers,existential_there_quantifiers_2,True,False,False,False,753,-53.99347686767578,-53.100257873535156,0
All pies weren't there vanishing.,There weren't all pies vanishing.,semantics,quantifiers,existential_there_quantifiers_2,True,False,False,False,754,-43.25397491455078,-44.852054595947266,1
Each actress is there hiding away.,There is each actress hiding away.,semantics,quantifiers,existential_there_quantifiers_2,True,False,False,False,755,-39.495018005371094,-43.382904052734375,1
All senators are there approaching all cashiers.,There are all senators approaching all cashiers.,semantics,quantifiers,existential_there_quantifiers_2,True,False,False,False,756,-61.653682708740234,-58.3204345703125,0
Each high school is there wasting away.,There is each high school wasting away.,semantics,quantifiers,existential_there_quantifiers_2,True,False,False,False,757,-42.953025817871094,-46.3370475769043,1
Each wheelbarrow was there rusting.,There was each wheelbarrow rusting.,semantics,quantifiers,existential_there_quantifiers_2,True,False,False,False,758,-52.2402229309082,-52.64775848388672,1
Every grocery store was there wasting away.,There was every grocery store wasting away.,semantics,quantifiers,existential_there_quantifiers_2,True,False,False,False,759,-51.27924728393555,-50.47405242919922,0
All pies are there aggravating Renee.,There are all pies aggravating Renee.,semantics,quantifiers,existential_there_quantifiers_2,True,False,False,False,760,-61.36650466918945,-61.36418533325195,0
Each sketch wasn't there existing.,There wasn't each sketch existing.,semantics,quantifiers,existential_there_quantifiers_2,True,False,False,False,761,-44.413246154785156,-43.86611557006836,0
Each shirt is there annoying the teacher.,There is each shirt annoying the teacher.,semantics,quantifiers,existential_there_quantifiers_2,True,False,False,False,762,-45.36955642700195,-49.110252380371094,1
All drawings of all carts weren't there stunning Scott.,There weren't all drawings of all carts stunning Scott.,semantics,quantifiers,existential_there_quantifiers_2,True,False,False,False,763,-74.5562744140625,-78.150634765625,1
All carts were there bothering Amanda.,There were all carts bothering Amanda.,semantics,quantifiers,existential_there_quantifiers_2,True,False,False,False,764,-49.75843811035156,-47.637367248535156,0
Each guest is there observing Douglas.,There is each guest observing Douglas.,semantics,quantifiers,existential_there_quantifiers_2,True,False,False,False,765,-47.291542053222656,-47.06449890136719,0
Every photograph of Erin is there confusing Michelle.,There is every photograph of Erin confusing Michelle.,semantics,quantifiers,existential_there_quantifiers_2,True,False,False,False,766,-61.31562805175781,-62.219337463378906,1
Each dog is there disappearing.,There is each dog disappearing.,semantics,quantifiers,existential_there_quantifiers_2,True,False,False,False,767,-34.11570739746094,-36.18367004394531,1
Every cat isn't there falling.,There isn't every cat falling.,semantics,quantifiers,existential_there_quantifiers_2,True,False,False,False,768,-33.39211654663086,-38.48048400878906,1
Most waitresses are there investigating who is arguing about Stephen.,There are most waitresses investigating who is arguing about Stephen.,semantics,quantifiers,existential_there_quantifiers_2,True,False,False,False,769,-86.27336883544922,-84.40162658691406,0
All cats aren't there disappearing.,There aren't all cats disappearing.,semantics,quantifiers,existential_there_quantifiers_2,True,False,False,False,770,-39.44349670410156,-42.99266815185547,1
Most boys aren't there spurring Meredith to paint.,There aren't most boys spurring Meredith to paint.,semantics,quantifiers,existential_there_quantifiers_2,True,False,False,False,771,-72.19180297851562,-74.84181213378906,1
Every cake was there appearing.,There was every cake appearing.,semantics,quantifiers,existential_there_quantifiers_2,True,False,False,False,772,-34.229251861572266,-36.49977111816406,1
All skirts aren't there boring Andrew.,There aren't all skirts boring Andrew.,semantics,quantifiers,existential_there_quantifiers_2,True,False,False,False,773,-52.83944320678711,-56.08171463012695,1
Each fork was there disappearing.,There was each fork disappearing.,semantics,quantifiers,existential_there_quantifiers_2,True,False,False,False,774,-37.312557220458984,-40.196990966796875,1
All slopes aren't there distracting Nancy.,There aren't all slopes distracting Nancy.,semantics,quantifiers,existential_there_quantifiers_2,True,False,False,False,775,-54.195579528808594,-57.12213134765625,1
Each newspaper article about travel is there scaring Samantha.,There is each newspaper article about travel scaring Samantha.,semantics,quantifiers,existential_there_quantifiers_2,True,False,False,False,776,-73.57913208007812,-74.77903747558594,1
All cars were there astounding Maria.,There were all cars astounding Maria.,semantics,quantifiers,existential_there_quantifiers_2,True,False,False,False,777,-51.18882751464844,-50.59577941894531,0
All hospitals weren't there badgering Adam to compromise.,There weren't all hospitals badgering Adam to compromise.,semantics,quantifiers,existential_there_quantifiers_2,True,False,False,False,778,-80.16661834716797,-83.52334594726562,1
Every pepper is there wasting away.,There is every pepper wasting away.,semantics,quantifiers,existential_there_quantifiers_2,True,False,False,False,779,-44.035499572753906,-43.214111328125,0
Most books were there irritating all girls.,There were most books irritating all girls.,semantics,quantifiers,existential_there_quantifiers_2,True,False,False,False,780,-48.366207122802734,-51.24415969848633,1
Every shawl isn't there existing.,There isn't every shawl existing.,semantics,quantifiers,existential_there_quantifiers_2,True,False,False,False,781,-49.697296142578125,-49.87055587768555,1
Every window is there upsetting Galileo.,There is every window upsetting Galileo.,semantics,quantifiers,existential_there_quantifiers_2,True,False,False,False,782,-48.86724853515625,-49.52833938598633,1
Each cup wasn't there shattering.,There wasn't each cup shattering.,semantics,quantifiers,existential_there_quantifiers_2,True,False,False,False,783,-41.720428466796875,-43.1484375,1
Most slopes are there impressing Richard.,There are most slopes impressing Richard.,semantics,quantifiers,existential_there_quantifiers_2,True,False,False,False,784,-54.50380325317383,-54.719940185546875,1
Every grocery store was there worrying Jodi.,There was every grocery store worrying Jodi.,semantics,quantifiers,existential_there_quantifiers_2,True,False,False,False,785,-63.949623107910156,-64.42084503173828,1
Every shoe is there appearing.,There is every shoe appearing.,semantics,quantifiers,existential_there_quantifiers_2,True,False,False,False,786,-35.391822814941406,-36.88639831542969,1
Each couch is there scaring some pedestrians.,There is each couch scaring some pedestrians.,semantics,quantifiers,existential_there_quantifiers_2,True,False,False,False,787,-55.95035934448242,-58.42181396484375,1
All girls are there collaborating.,There are all girls collaborating.,semantics,quantifiers,existential_there_quantifiers_2,True,False,False,False,788,-37.908538818359375,-35.65291976928711,0
Every book isn't there disturbing Brenda.,There isn't every book disturbing Brenda.,semantics,quantifiers,existential_there_quantifiers_2,True,False,False,False,789,-47.113277435302734,-50.49068069458008,1
All hills weren't there looking like every photograph.,There weren't all hills looking like every photograph.,semantics,quantifiers,existential_there_quantifiers_2,True,False,False,False,790,-56.59725570678711,-60.394287109375,1
Most peppers aren't there annoying Gina.,There aren't most peppers annoying Gina.,semantics,quantifiers,existential_there_quantifiers_2,True,False,False,False,791,-50.219234466552734,-57.26234436035156,1
Most cakes aren't there disturbing Melinda.,There aren't most cakes disturbing Melinda.,semantics,quantifiers,existential_there_quantifiers_2,True,False,False,False,792,-58.44488525390625,-64.68050384521484,1
Each glacier wasn't there embarrassing Ella.,There wasn't each glacier embarrassing Ella.,semantics,quantifiers,existential_there_quantifiers_2,True,False,False,False,793,-55.2898063659668,-58.880958557128906,1
Most museums are there referencing the actor.,There are most museums referencing the actor.,semantics,quantifiers,existential_there_quantifiers_2,True,False,False,False,794,-53.096961975097656,-50.67025375366211,0
Each pepper isn't there growing.,There isn't each pepper growing.,semantics,quantifiers,existential_there_quantifiers_2,True,False,False,False,795,-39.1646614074707,-40.233890533447266,1
Every documentary was there aggravating Kendra.,There was every documentary aggravating Kendra.,semantics,quantifiers,existential_there_quantifiers_2,True,False,False,False,796,-61.196685791015625,-61.53636169433594,1
Every woman wasn't there managing to alarm Denise.,There wasn't every woman managing to alarm Denise.,semantics,quantifiers,existential_there_quantifiers_2,True,False,False,False,797,-63.79033660888672,-66.1341552734375,1
Each guy was there happening to unfold.,There was each guy happening to unfold.,semantics,quantifiers,existential_there_quantifiers_2,True,False,False,False,798,-46.3626823425293,-47.66229248046875,1
Most mushrooms aren't there alarming Nancy.,There aren't most mushrooms alarming Nancy.,semantics,quantifiers,existential_there_quantifiers_2,True,False,False,False,799,-50.87002944946289,-56.67836380004883,1
Each report about the Borgias is there annoying some companies.,There is each report about the Borgias annoying some companies.,semantics,quantifiers,existential_there_quantifiers_2,True,False,False,False,800,-73.41781616210938,-77.64954376220703,1
All horses are there upsetting Becky.,There are all horses upsetting Becky.,semantics,quantifiers,existential_there_quantifiers_2,True,False,False,False,801,-45.87212371826172,-43.617706298828125,0
Most books weren't there annoying some boy.,There weren't most books annoying some boy.,semantics,quantifiers,existential_there_quantifiers_2,True,False,False,False,802,-49.631011962890625,-56.66852569580078,1
All photographs aren't there alarming Ellen.,There aren't all photographs alarming Ellen.,semantics,quantifiers,existential_there_quantifiers_2,True,False,False,False,803,-51.508975982666016,-54.84663772583008,1
All casseroles are there baking.,There are all casseroles baking.,semantics,quantifiers,existential_there_quantifiers_2,True,False,False,False,804,-53.10736083984375,-51.562652587890625,0
Every actress was there compelling George's senators to conceal this cup.,There was every actress compelling George's senators to conceal this cup.,semantics,quantifiers,existential_there_quantifiers_2,True,False,False,False,805,-90.11890411376953,-91.49542236328125,1
Most guys were there fixing a lot of windows.,There were most guys fixing a lot of windows.,semantics,quantifiers,existential_there_quantifiers_2,True,False,False,False,806,-51.005859375,-51.728309631347656,1
Each woman isn't there discussing many libraries.,There isn't each woman discussing many libraries.,semantics,quantifiers,existential_there_quantifiers_2,True,False,False,False,807,-54.80104446411133,-56.02550506591797,1
All waiters aren't there hiding.,There aren't all waiters hiding.,semantics,quantifiers,existential_there_quantifiers_2,True,False,False,False,808,-43.717288970947266,-48.61362075805664,1
Each book wasn't there disagreeing with Cheryl.,There wasn't each book disagreeing with Cheryl.,semantics,quantifiers,existential_there_quantifiers_2,True,False,False,False,809,-58.61837387084961,-59.55050277709961,1
Each brother of Aaron wasn't there begging some sister of Sheila to ascend these slopes.,There wasn't each brother of Aaron begging some sister of Sheila to ascend these slopes.,semantics,quantifiers,existential_there_quantifiers_2,True,False,False,False,810,-111.24087524414062,-114.4742660522461,1
All cups weren't there aggravating Larry.,There weren't all cups aggravating Larry.,semantics,quantifiers,existential_there_quantifiers_2,True,False,False,False,811,-58.41287612915039,-61.62562561035156,1
All computers were there worrying Dana.,There were all computers worrying Dana.,semantics,quantifiers,existential_there_quantifiers_2,True,False,False,False,812,-52.48548889160156,-49.02324295043945,0
Most forks aren't there looking like the painting.,There aren't most forks looking like the painting.,semantics,quantifiers,existential_there_quantifiers_2,True,False,False,False,813,-50.807037353515625,-56.84088897705078,1
Every gate is there hurting Eric.,There is every gate hurting Eric.,semantics,quantifiers,existential_there_quantifiers_2,True,False,False,False,814,-44.86000061035156,-45.77375793457031,1
All museums are there arguing.,There are all museums arguing.,semantics,quantifiers,existential_there_quantifiers_2,True,False,False,False,815,-38.70039367675781,-36.484046936035156,0
Every glacier was there confusing Martin.,There was every glacier confusing Martin.,semantics,quantifiers,existential_there_quantifiers_2,True,False,False,False,816,-48.979068756103516,-49.54736328125,1
Most glasses aren't there twisting.,There aren't most glasses twisting.,semantics,quantifiers,existential_there_quantifiers_2,True,False,False,False,817,-40.18547058105469,-45.251564025878906,1
Each library wasn't there succeeding.,There wasn't each library succeeding.,semantics,quantifiers,existential_there_quantifiers_2,True,False,False,False,818,-40.8474006652832,-41.9727783203125,1
Every cashier wasn't there impressing Walter.,There wasn't every cashier impressing Walter.,semantics,quantifiers,existential_there_quantifiers_2,True,False,False,False,819,-63.085296630859375,-65.97046661376953,1
Most reports weren't there shocking Christina.,There weren't most reports shocking Christina.,semantics,quantifiers,existential_there_quantifiers_2,True,False,False,False,820,-55.86366271972656,-58.36947250366211,1
Every report was there winning.,There was every report winning.,semantics,quantifiers,existential_there_quantifiers_2,True,False,False,False,821,-35.2535400390625,-34.00240707397461,0
Each movie theater is there vanishing.,There is each movie theater vanishing.,semantics,quantifiers,existential_there_quantifiers_2,True,False,False,False,822,-44.114749908447266,-44.332828521728516,1
Most apples were there stunning Pamela.,There were most apples stunning Pamela.,semantics,quantifiers,existential_there_quantifiers_2,True,False,False,False,823,-50.78501510620117,-50.41896438598633,0
Every coat was there bothering Marie.,There was every coat bothering Marie.,semantics,quantifiers,existential_there_quantifiers_2,True,False,False,False,824,-46.050140380859375,-47.06464385986328,1
All restaurants were there alarming that adult.,There were all restaurants alarming that adult.,semantics,quantifiers,existential_there_quantifiers_2,True,False,False,False,825,-57.6215934753418,-56.84773254394531,0
Each cafe was there shocking Jodi.,There was each cafe shocking Jodi.,semantics,quantifiers,existential_there_quantifiers_2,True,False,False,False,826,-59.528194427490234,-61.388694763183594,1
Most grandfathers of this child weren't there upsetting Helen.,There weren't most grandfathers of this child upsetting Helen.,semantics,quantifiers,existential_there_quantifiers_2,True,False,False,False,827,-72.570556640625,-77.28105926513672,1
Every sister of Lawrence was there considering Christopher to go to every hill.,There was every sister of Lawrence considering Christopher to go to every hill.,semantics,quantifiers,existential_there_quantifiers_2,True,False,False,False,828,-88.33512878417969,-87.75242614746094,0
Each show about Spain wasn't there embarrassing Kevin.,There wasn't each show about Spain embarrassing Kevin.,semantics,quantifiers,existential_there_quantifiers_2,True,False,False,False,829,-63.201560974121094,-68.03826904296875,1
Every legislature isn't there alarming the Borgias.,There isn't every legislature alarming the Borgias.,semantics,quantifiers,existential_there_quantifiers_2,True,False,False,False,830,-64.52010345458984,-66.64569091796875,1
Each college campus wasn't there appearing.,There wasn't each college campus appearing.,semantics,quantifiers,existential_there_quantifiers_2,True,False,False,False,831,-52.0501708984375,-52.23950958251953,1
Every guy wasn't there learning who hadn't toured every public park.,There wasn't every guy learning who hadn't toured every public park.,semantics,quantifiers,existential_there_quantifiers_2,True,False,False,False,832,-85.9654312133789,-87.67221069335938,1
Every projector was there stunning that customer.,There was every projector stunning that customer.,semantics,quantifiers,existential_there_quantifiers_2,True,False,False,False,833,-57.41679763793945,-60.25163269042969,1
Each banana is there stunning some waiter.,There is each banana stunning some waiter.,semantics,quantifiers,existential_there_quantifiers_2,True,False,False,False,834,-54.187957763671875,-57.321800231933594,1
Most glaciers were there astounding Dennis.,There were most glaciers astounding Dennis.,semantics,quantifiers,existential_there_quantifiers_2,True,False,False,False,835,-56.6584587097168,-52.51750564575195,0
Each coat isn't there worrying Sonia.,There isn't each coat worrying Sonia.,semantics,quantifiers,existential_there_quantifiers_2,True,False,False,False,836,-48.706512451171875,-52.354042053222656,1
Most organizations are there forfeiting.,There are most organizations forfeiting.,semantics,quantifiers,existential_there_quantifiers_2,True,False,False,False,837,-46.677650451660156,-43.30937194824219,0
All spotlights aren't there brightening.,There aren't all spotlights brightening.,semantics,quantifiers,existential_there_quantifiers_2,True,False,False,False,838,-55.32148742675781,-56.53069305419922,1
Every picture of Heidi was there distracting Catherine.,There was every picture of Heidi distracting Catherine.,semantics,quantifiers,existential_there_quantifiers_2,True,False,False,False,839,-62.93115234375,-60.30934143066406,0
Most dishes were there worrying Carmen.,There were most dishes worrying Carmen.,semantics,quantifiers,existential_there_quantifiers_2,True,False,False,False,840,-50.98398971557617,-50.4093017578125,0
Most vases are there distracting Patricia.,There are most vases distracting Patricia.,semantics,quantifiers,existential_there_quantifiers_2,True,False,False,False,841,-57.6065673828125,-54.221343994140625,0
Every essay about Winston Churchill wasn't there annoying Larry.,There wasn't every essay about Winston Churchill annoying Larry.,semantics,quantifiers,existential_there_quantifiers_2,True,False,False,False,842,-75.40066528320312,-79.83344268798828,1
Most bananas aren't there charring.,There aren't most bananas charring.,semantics,quantifiers,existential_there_quantifiers_2,True,False,False,False,843,-49.578800201416016,-55.04960632324219,1
All banks are there continuing to approve.,There are all banks continuing to approve.,semantics,quantifiers,existential_there_quantifiers_2,True,False,False,False,844,-50.084136962890625,-46.25481414794922,0
Most grandfathers of Jeffrey aren't there departing.,There aren't most grandfathers of Jeffrey departing.,semantics,quantifiers,existential_there_quantifiers_2,True,False,False,False,845,-65.41038513183594,-67.54434204101562,1
Each niece of Linda wasn't there boasting about Mary.,There wasn't each niece of Linda boasting about Mary.,semantics,quantifiers,existential_there_quantifiers_2,True,False,False,False,846,-71.0531997680664,-74.19206237792969,1
Each dancer was there muttering.,There was each dancer muttering.,semantics,quantifiers,existential_there_quantifiers_2,True,False,False,False,847,-39.23268127441406,-40.22200012207031,1
All screens aren't there alarming Ruth.,There aren't all screens alarming Ruth.,semantics,quantifiers,existential_there_quantifiers_2,True,False,False,False,848,-53.77997589111328,-56.895694732666016,1
All shoes aren't there looking like this painting.,There aren't all shoes looking like this painting.,semantics,quantifiers,existential_there_quantifiers_2,True,False,False,False,849,-49.22439956665039,-54.385231018066406,1
Every unicycle was there falling.,There was every unicycle falling.,semantics,quantifiers,existential_there_quantifiers_2,True,False,False,False,850,-46.878196716308594,-43.55474853515625,0
Every public park is there astounding Michael.,There is every public park astounding Michael.,semantics,quantifiers,existential_there_quantifiers_2,True,False,False,False,851,-58.78969955444336,-57.55711364746094,0
Each father of Sharon wasn't there doubting Andrew can cough.,There wasn't each father of Sharon doubting Andrew can cough.,semantics,quantifiers,existential_there_quantifiers_2,True,False,False,False,852,-87.1917495727539,-90.89140319824219,1
Most nephews of Carol were there preventing Linda from wasting away.,There were most nephews of Carol preventing Linda from wasting away.,semantics,quantifiers,existential_there_quantifiers_2,True,False,False,False,853,-96.41625213623047,-92.32176208496094,0
Every story about the Impressionists wasn't there disagreeing with Bruce.,There wasn't every story about the Impressionists disagreeing with Bruce.,semantics,quantifiers,existential_there_quantifiers_2,True,False,False,False,854,-88.92097473144531,-88.67800903320312,0
All jackets aren't there disturbing some organizations.,There aren't all jackets disturbing some organizations.,semantics,quantifiers,existential_there_quantifiers_2,True,False,False,False,855,-58.963470458984375,-62.881431579589844,1
All pedestrians weren't there forgetting about what is replying.,There weren't all pedestrians forgetting about what is replying.,semantics,quantifiers,existential_there_quantifiers_2,True,False,False,False,856,-75.31376647949219,-77.69043731689453,1
Each adult was there boasting about Caroline.,There was each adult boasting about Caroline.,semantics,quantifiers,existential_there_quantifiers_2,True,False,False,False,857,-55.17744445800781,-55.49383544921875,1
Every closet wasn't there shutting.,There wasn't every closet shutting.,semantics,quantifiers,existential_there_quantifiers_2,True,False,False,False,858,-42.945037841796875,-44.76823043823242,1
Each painting isn't there disturbing Kendra.,There isn't each painting disturbing Kendra.,semantics,quantifiers,existential_there_quantifiers_2,True,False,False,False,859,-58.28451156616211,-61.06104278564453,1
Every hat was there shocking Charles.,There was every hat shocking Charles.,semantics,quantifiers,existential_there_quantifiers_2,True,False,False,False,860,-46.4471549987793,-49.18055725097656,1
Every guest is there looking like this sketch.,There is every guest looking like this sketch.,semantics,quantifiers,existential_there_quantifiers_2,True,False,False,False,861,-49.877769470214844,-50.287628173828125,1
Most lights are there looking like photographs.,There are most lights looking like photographs.,semantics,quantifiers,existential_there_quantifiers_2,True,False,False,False,862,-46.75113296508789,-46.35206604003906,0
Most hamsters weren't there falling.,There weren't most hamsters falling.,semantics,quantifiers,existential_there_quantifiers_2,True,False,False,False,863,-43.589996337890625,-45.649757385253906,1
Most cups aren't there upsetting Phillip.,There aren't most cups upsetting Phillip.,semantics,quantifiers,existential_there_quantifiers_2,True,False,False,False,864,-54.00450134277344,-59.45692443847656,1
All books about the Balkans aren't there astounding Angela.,There aren't all books about the Balkans astounding Angela.,semantics,quantifiers,existential_there_quantifiers_2,True,False,False,False,865,-69.78044891357422,-73.73686218261719,1
Each movie about the Impressionists is there bothering Cheryl.,There is each movie about the Impressionists bothering Cheryl.,semantics,quantifiers,existential_there_quantifiers_2,True,False,False,False,866,-78.45002746582031,-77.94212341308594,0
All carts were there tipping over.,There were all carts tipping over.,semantics,quantifiers,existential_there_quantifiers_2,True,False,False,False,867,-48.7906494140625,-46.419368743896484,0
All plays were there disturbing some senators.,There were all plays disturbing some senators.,semantics,quantifiers,existential_there_quantifiers_2,True,False,False,False,868,-56.44815444946289,-53.4464225769043,0
Every school wasn't there joking around.,There wasn't every school joking around.,semantics,quantifiers,existential_there_quantifiers_2,True,False,False,False,869,-43.736778259277344,-45.45026397705078,1
All skirts are there warping.,There are all skirts warping.,semantics,quantifiers,existential_there_quantifiers_2,True,False,False,False,870,-49.86105728149414,-45.0992317199707,0
Every mall is there embarrassing Nancy.,There is every mall embarrassing Nancy.,semantics,quantifiers,existential_there_quantifiers_2,True,False,False,False,871,-47.197914123535156,-49.34454345703125,1
Every child was there sitting down.,There was every child sitting down.,semantics,quantifiers,existential_there_quantifiers_2,True,False,False,False,872,-31.863872528076172,-31.074161529541016,0
Most cats weren't there distracting Kendra.,There weren't most cats distracting Kendra.,semantics,quantifiers,existential_there_quantifiers_2,True,False,False,False,873,-62.18321228027344,-64.97509765625,1
Every painting of Stephen wasn't there stunning that guy.,There wasn't every painting of Stephen stunning that guy.,semantics,quantifiers,existential_there_quantifiers_2,True,False,False,False,874,-68.89962768554688,-73.11964416503906,1
All mountains were there disappearing.,There were all mountains disappearing.,semantics,quantifiers,existential_there_quantifiers_2,True,False,False,False,875,-38.03291320800781,-35.167396545410156,0
Most brothers of Alexander weren't there swallowing.,There weren't most brothers of Alexander swallowing.,semantics,quantifiers,existential_there_quantifiers_2,True,False,False,False,876,-58.767337799072266,-57.95733642578125,0
Each teacher isn't there talking to Galileo.,There isn't each teacher talking to Galileo.,semantics,quantifiers,existential_there_quantifiers_2,True,False,False,False,877,-46.85266876220703,-49.91791534423828,1
Most hospitals are there revealing who should hire those customers.,There are most hospitals revealing who should hire those customers.,semantics,quantifiers,existential_there_quantifiers_2,True,False,False,False,878,-75.30316162109375,-73.02811431884766,0
Most shoes weren't there disappearing.,There weren't most shoes disappearing.,semantics,quantifiers,existential_there_quantifiers_2,True,False,False,False,879,-40.76409912109375,-44.24285888671875,1
Every gate isn't there falling.,There isn't every gate falling.,semantics,quantifiers,existential_there_quantifiers_2,True,False,False,False,880,-36.04549789428711,-38.387245178222656,1
Every show about the Clintons isn't there scaring the teachers.,There isn't every show about the Clintons scaring the teachers.,semantics,quantifiers,existential_there_quantifiers_2,True,False,False,False,881,-73.71002197265625,-76.93331146240234,1
Each shirt was there boring Linda.,There was each shirt boring Linda.,semantics,quantifiers,existential_there_quantifiers_2,True,False,False,False,882,-46.63756561279297,-48.65975570678711,1
Most grandfathers of every woman were there imagining Candice doesn't require Melissa to think about a lot of glasses.,There were most grandfathers of every woman imagining Candice doesn't require Melissa to think about a lot of glasses.,semantics,quantifiers,existential_there_quantifiers_2,True,False,False,False,883,-142.94517517089844,-140.65963745117188,0
All grandsons of the patient weren't there wishing to salute.,There weren't all grandsons of the patient wishing to salute.,semantics,quantifiers,existential_there_quantifiers_2,True,False,False,False,884,-79.31930541992188,-80.0581283569336,1
All newspaper articles aren't there impressing Veronica.,There aren't all newspaper articles impressing Veronica.,semantics,quantifiers,existential_there_quantifiers_2,True,False,False,False,885,-68.35638427734375,-73.41834259033203,1
Each screen was there impressing Patricia.,There was each screen impressing Patricia.,semantics,quantifiers,existential_there_quantifiers_2,True,False,False,False,886,-53.28846740722656,-55.99285888671875,1
Every play wasn't there embarrassing Robert.,There wasn't every play embarrassing Robert.,semantics,quantifiers,existential_there_quantifiers_2,True,False,False,False,887,-48.299564361572266,-51.65753936767578,1
Most dresses weren't there confusing some waitress.,There weren't most dresses confusing some waitress.,semantics,quantifiers,existential_there_quantifiers_2,True,False,False,False,888,-57.992774963378906,-61.34836959838867,1
All legislatures are there pressing Ann to mess up that library.,There are all legislatures pressing Ann to mess up that library.,semantics,quantifiers,existential_there_quantifiers_2,True,False,False,False,889,-85.73649597167969,-85.18954467773438,0
All rabbits were there falling.,There were all rabbits falling.,semantics,quantifiers,existential_there_quantifiers_2,True,False,False,False,890,-36.03045654296875,-34.80934524536133,0
All public parks are there alarming Jane.,There are all public parks alarming Jane.,semantics,quantifiers,existential_there_quantifiers_2,True,False,False,False,891,-59.11637878417969,-55.343109130859375,0
Each eye wasn't there shutting.,There wasn't each eye shutting.,semantics,quantifiers,existential_there_quantifiers_2,True,False,False,False,892,-41.670570373535156,-42.813690185546875,1
Every niece of Beth is there looking like some drawings.,There is every niece of Beth looking like some drawings.,semantics,quantifiers,existential_there_quantifiers_2,True,False,False,False,893,-66.00965881347656,-68.96160888671875,1
All cafes are there appearing.,There are all cafes appearing.,semantics,quantifiers,existential_there_quantifiers_2,True,False,False,False,894,-42.73046112060547,-37.07782745361328,0
Each popsicle is there hurting Roger.,There is each popsicle hurting Roger.,semantics,quantifiers,existential_there_quantifiers_2,True,False,False,False,895,-53.53246307373047,-56.60380554199219,1
Each popsicle isn't there evaporating.,There isn't each popsicle evaporating.,semantics,quantifiers,existential_there_quantifiers_2,True,False,False,False,896,-53.50170135498047,-54.80414581298828,1
Every mall isn't there falling.,There isn't every mall falling.,semantics,quantifiers,existential_there_quantifiers_2,True,False,False,False,897,-39.32072067260742,-41.3677978515625,1
All tomatoes are there appearing.,There are all tomatoes appearing.,semantics,quantifiers,existential_there_quantifiers_2,True,False,False,False,898,-40.270633697509766,-35.7390022277832,0
Most pictures are there falling.,There are most pictures falling.,semantics,quantifiers,existential_there_quantifiers_2,True,False,False,False,899,-35.04096221923828,-32.501068115234375,0
Every hospital wasn't there protesting.,There wasn't every hospital protesting.,semantics,quantifiers,existential_there_quantifiers_2,True,False,False,False,900,-40.93284606933594,-41.4853515625,1
Every movie theater wasn't there impressing a man.,There wasn't every movie theater impressing a man.,semantics,quantifiers,existential_there_quantifiers_2,True,False,False,False,901,-60.56214141845703,-63.801544189453125,1
Each truck was there boring Dana.,There was each truck boring Dana.,semantics,quantifiers,existential_there_quantifiers_2,True,False,False,False,902,-47.825531005859375,-50.02666473388672,1
All jackets were there looking like that drawing.,There were all jackets looking like that drawing.,semantics,quantifiers,existential_there_quantifiers_2,True,False,False,False,903,-54.636932373046875,-53.42744827270508,0
Every essay about Winston Churchill was there confusing Stephen.,There was every essay about Winston Churchill confusing Stephen.,semantics,quantifiers,existential_there_quantifiers_2,True,False,False,False,904,-75.56366729736328,-74.97588348388672,0
All cups weren't there scaring Robert.,There weren't all cups scaring Robert.,semantics,quantifiers,existential_there_quantifiers_2,True,False,False,False,905,-53.771278381347656,-56.640716552734375,1
All closets weren't there embarrassing Leslie.,There weren't all closets embarrassing Leslie.,semantics,quantifiers,existential_there_quantifiers_2,True,False,False,False,906,-60.182090759277344,-62.859188079833984,1
Each pie isn't there confusing Bruce.,There isn't each pie confusing Bruce.,semantics,quantifiers,existential_there_quantifiers_2,True,False,False,False,907,-48.675106048583984,-53.996578216552734,1
Most drivers were there lying.,There were most drivers lying.,semantics,quantifiers,existential_there_quantifiers_2,True,False,False,False,908,-35.44340133666992,-35.07011032104492,0
Every father of Anne wasn't there thinking about who discovers who is scratching.,There wasn't every father of Anne thinking about who discovers who is scratching.,semantics,quantifiers,existential_there_quantifiers_2,True,False,False,False,909,-91.56463623046875,-97.25357055664062,1
All scarves weren't there folding.,There weren't all scarves folding.,semantics,quantifiers,existential_there_quantifiers_2,True,False,False,False,910,-53.70600128173828,-51.37095260620117,0
All books about science weren't there confusing Brenda.,There weren't all books about science confusing Brenda.,semantics,quantifiers,existential_there_quantifiers_2,True,False,False,False,911,-63.89923095703125,-66.17724609375,1
Each play about Spain is there aggravating the boys.,There is each play about Spain aggravating the boys.,semantics,quantifiers,existential_there_quantifiers_2,True,False,False,False,912,-67.72148895263672,-67.24984741210938,0
Every mountain was there confusing Tamara.,There was every mountain confusing Tamara.,semantics,quantifiers,existential_there_quantifiers_2,True,False,False,False,913,-57.28584289550781,-55.00078582763672,0
All commentaries about music weren't there alarming Joseph.,There weren't all commentaries about music alarming Joseph.,semantics,quantifiers,existential_there_quantifiers_2,True,False,False,False,914,-80.90629577636719,-83.04911041259766,1
Every rabbit was there distracting Kathleen.,There was every rabbit distracting Kathleen.,semantics,quantifiers,existential_there_quantifiers_2,True,False,False,False,915,-48.893890380859375,-50.37445831298828,1
Each cucumber wasn't there confusing Monica.,There wasn't each cucumber confusing Monica.,semantics,quantifiers,existential_there_quantifiers_2,True,False,False,False,916,-59.15965270996094,-61.703853607177734,1
Each banana isn't there scaring Lucille.,There isn't each banana scaring Lucille.,semantics,quantifiers,existential_there_quantifiers_2,True,False,False,False,917,-57.42491912841797,-60.97780990600586,1
All people were there enticing Bruce to train.,There were all people enticing Bruce to train.,semantics,quantifiers,existential_there_quantifiers_2,True,False,False,False,918,-60.63481140136719,-60.31835174560547,0
Most children were there boring Alicia.,There were most children boring Alicia.,semantics,quantifiers,existential_there_quantifiers_2,True,False,False,False,919,-44.063377380371094,-46.92064666748047,1
Each muffin isn't there disgusting Jesus.,There isn't each muffin disgusting Jesus.,semantics,quantifiers,existential_there_quantifiers_2,True,False,False,False,920,-52.413658142089844,-55.44913101196289,1
All eyes aren't there astounding some government.,There aren't all eyes astounding some government.,semantics,quantifiers,existential_there_quantifiers_2,True,False,False,False,921,-57.580055236816406,-61.81350326538086,1
Most birds weren't there shocking the association.,There weren't most birds shocking the association.,semantics,quantifiers,existential_there_quantifiers_2,True,False,False,False,922,-55.0392951965332,-57.72431182861328,1
Every documentary was there distracting Leslie.,There was every documentary distracting Leslie.,semantics,quantifiers,existential_there_quantifiers_2,True,False,False,False,923,-48.31854248046875,-49.08293151855469,1
Most skateboards weren't there scaring Naomi.,There weren't most skateboards scaring Naomi.,semantics,quantifiers,existential_there_quantifiers_2,True,False,False,False,924,-65.86674499511719,-69.00885009765625,1
Most granddaughters of Keith aren't there remembering who sways Tara's ex-wives to win.,There aren't most granddaughters of Keith remembering who sways Tara's ex-wives to win.,semantics,quantifiers,existential_there_quantifiers_2,True,False,False,False,925,-147.3030548095703,-150.13864135742188,1
Each dog is there irritating Patricia.,There is each dog irritating Patricia.,semantics,quantifiers,existential_there_quantifiers_2,True,False,False,False,926,-45.474159240722656,-48.378135681152344,1
Most malls weren't there disturbing the pedestrian.,There weren't most malls disturbing the pedestrian.,semantics,quantifiers,existential_there_quantifiers_2,True,False,False,False,927,-59.26658630371094,-62.22962188720703,1
All cats aren't there shocking Sarah.,There aren't all cats shocking Sarah.,semantics,quantifiers,existential_there_quantifiers_2,True,False,False,False,928,-49.6929931640625,-54.07060241699219,1
Most high schools are there upsetting Dawn.,There are most high schools upsetting Dawn.,semantics,quantifiers,existential_there_quantifiers_2,True,False,False,False,929,-53.15471267700195,-52.209861755371094,0
Every turtle wasn't there looking like that painting.,There wasn't every turtle looking like that painting.,semantics,quantifiers,existential_there_quantifiers_2,True,False,False,False,930,-49.445404052734375,-54.28004455566406,1
All dancers aren't there studying.,There aren't all dancers studying.,semantics,quantifiers,existential_there_quantifiers_2,True,False,False,False,931,-42.610084533691406,-45.7200813293457,1
Each adult is there entreating this granddaughter of this senator to change.,There is each adult entreating this granddaughter of this senator to change.,semantics,quantifiers,existential_there_quantifiers_2,True,False,False,False,932,-87.21354675292969,-88.33363342285156,1
All boys were there encouraging Catherine to like those peppers.,There were all boys encouraging Catherine to like those peppers.,semantics,quantifiers,existential_there_quantifiers_2,True,False,False,False,933,-74.05050659179688,-72.23492431640625,0
All grandfathers of the Impressionists weren't there prodding Sara's ex-girlfriends to leave Kathleen.,There weren't all grandfathers of the Impressionists prodding Sara's ex-girlfriends to leave Kathleen.,semantics,quantifiers,existential_there_quantifiers_2,True,False,False,False,934,-146.14007568359375,-148.79620361328125,1
All companies aren't there obligating Charles's guest to exist.,There aren't all companies obligating Charles's guest to exist.,semantics,quantifiers,existential_there_quantifiers_2,True,False,False,False,935,-87.09159088134766,-87.79319763183594,1
Most restaurants are there shocking Phillip.,There are most restaurants shocking Phillip.,semantics,quantifiers,existential_there_quantifiers_2,True,False,False,False,936,-50.91178894042969,-49.20508575439453,0
Every pedestrian is there hiring Sarah.,There is every pedestrian hiring Sarah.,semantics,quantifiers,existential_there_quantifiers_2,True,False,False,False,937,-49.05686950683594,-47.37742614746094,0
Each bicycle isn't there disgusting Jerry.,There isn't each bicycle disgusting Jerry.,semantics,quantifiers,existential_there_quantifiers_2,True,False,False,False,938,-46.93560791015625,-52.667320251464844,1
Most organizations aren't there managing to conspire.,There aren't most organizations managing to conspire.,semantics,quantifiers,existential_there_quantifiers_2,True,False,False,False,939,-69.07257843017578,-71.43560791015625,1
Each face was there boring Natalie.,There was each face boring Natalie.,semantics,quantifiers,existential_there_quantifiers_2,True,False,False,False,940,-46.19466781616211,-48.079986572265625,1
Each river wasn't there alarming Danielle.,There wasn't each river alarming Danielle.,semantics,quantifiers,existential_there_quantifiers_2,True,False,False,False,941,-53.28166961669922,-53.796504974365234,1
Every painting of Stephanie is there disappearing.,There is every painting of Stephanie disappearing.,semantics,quantifiers,existential_there_quantifiers_2,True,False,False,False,942,-51.734619140625,-50.902183532714844,0
Most doctors are there kissing Amelia.,There are most doctors kissing Amelia.,semantics,quantifiers,existential_there_quantifiers_2,True,False,False,False,943,-48.053829193115234,-46.37162399291992,0
Each school isn't there seeming to complain.,There isn't each school seeming to complain.,semantics,quantifiers,existential_there_quantifiers_2,True,False,False,False,944,-45.86659240722656,-48.22320556640625,1
All mountains weren't there upsetting a company.,There weren't all mountains upsetting a company.,semantics,quantifiers,existential_there_quantifiers_2,True,False,False,False,945,-52.075889587402344,-54.59776306152344,1
Every shirt was there disgusting this teenager.,There was every shirt disgusting this teenager.,semantics,quantifiers,existential_there_quantifiers_2,True,False,False,False,946,-51.607513427734375,-54.85958480834961,1
All gates are there falling.,There are all gates falling.,semantics,quantifiers,existential_there_quantifiers_2,True,False,False,False,947,-34.222084045410156,-32.81964111328125,0
Every print was there stunning Danielle.,There was every print stunning Danielle.,semantics,quantifiers,existential_there_quantifiers_2,True,False,False,False,948,-52.025997161865234,-51.23621368408203,0
Each horse wasn't there looking like this sketch.,There wasn't each horse looking like this sketch.,semantics,quantifiers,existential_there_quantifiers_2,True,False,False,False,949,-51.154090881347656,-54.42231750488281,1
Each book is there worrying a hospital.,There is each book worrying a hospital.,semantics,quantifiers,existential_there_quantifiers_2,True,False,False,False,950,-40.66773223876953,-44.42223358154297,1
Most guys are there learning who exists.,There are most guys learning who exists.,semantics,quantifiers,existential_there_quantifiers_2,True,False,False,False,951,-47.34244918823242,-47.35930633544922,1
All nephews of these ladies weren't there bothering Dawn.,There weren't all nephews of these ladies bothering Dawn.,semantics,quantifiers,existential_there_quantifiers_2,True,False,False,False,952,-75.57678985595703,-78.17506408691406,1
Each cat was there annoying Frank.,There was each cat annoying Frank.,semantics,quantifiers,existential_there_quantifiers_2,True,False,False,False,953,-42.49009704589844,-45.32841873168945,1
All dresses weren't there unfolding.,There weren't all dresses unfolding.,semantics,quantifiers,existential_there_quantifiers_2,True,False,False,False,954,-43.191890716552734,-45.43988037109375,1
Every newspaper article wasn't there disappearing.,There wasn't every newspaper article disappearing.,semantics,quantifiers,existential_there_quantifiers_2,True,False,False,False,955,-49.006900787353516,-50.88972473144531,1
Every bird was there coming here.,There was every bird coming here.,semantics,quantifiers,existential_there_quantifiers_2,True,False,False,False,956,-33.044044494628906,-33.636226654052734,1
Most wheelbarrows weren't there slowing.,There weren't most wheelbarrows slowing.,semantics,quantifiers,existential_there_quantifiers_2,True,False,False,False,957,-63.007625579833984,-65.3476333618164,1
Each art gallery was there appearing.,There was each art gallery appearing.,semantics,quantifiers,existential_there_quantifiers_2,True,False,False,False,958,-46.6174201965332,-45.15331268310547,0
Most chairs were there stunning some school.,There were most chairs stunning some school.,semantics,quantifiers,existential_there_quantifiers_2,True,False,False,False,959,-52.380455017089844,-54.283443450927734,1
Most reports about politics were there disgusting Victoria.,There were most reports about politics disgusting Victoria.,semantics,quantifiers,existential_there_quantifiers_2,True,False,False,False,960,-63.9146728515625,-62.7336540222168,0
All tomatoes are there annoying Christine.,There are all tomatoes annoying Christine.,semantics,quantifiers,existential_there_quantifiers_2,True,False,False,False,961,-49.55481719970703,-46.66899108886719,0
All teachers were there stretching.,There were all teachers stretching.,semantics,quantifiers,existential_there_quantifiers_2,True,False,False,False,962,-39.689090728759766,-35.752288818359375,0
Each actor isn't there arguing about Marla.,There isn't each actor arguing about Marla.,semantics,quantifiers,existential_there_quantifiers_2,True,False,False,False,963,-59.45537567138672,-64.0882568359375,1
All trucks aren't there turning.,There aren't all trucks turning.,semantics,quantifiers,existential_there_quantifiers_2,True,False,False,False,964,-39.67341613769531,-42.03878402709961,1
Each box is there falling.,There is each box falling.,semantics,quantifiers,existential_there_quantifiers_2,True,False,False,False,965,-33.14513397216797,-34.37676239013672,1
Every fish isn't there disgusting some teenagers.,There isn't every fish disgusting some teenagers.,semantics,quantifiers,existential_there_quantifiers_2,True,False,False,False,966,-52.53685760498047,-58.42857360839844,1
Most grandsons of Candice aren't there yelling.,There aren't most grandsons of Candice yelling.,semantics,quantifiers,existential_there_quantifiers_2,True,False,False,False,967,-75.16796875,-79.95753479003906,1
All pedestrians are there winning.,There are all pedestrians winning.,semantics,quantifiers,existential_there_quantifiers_2,True,False,False,False,968,-40.42864227294922,-36.039520263671875,0
Every report about music was there alarming Jacqueline.,There was every report about music alarming Jacqueline.,semantics,quantifiers,existential_there_quantifiers_2,True,False,False,False,969,-67.34266662597656,-66.77172088623047,0
Most shawls aren't there alarming the hospital.,There aren't most shawls alarming the hospital.,semantics,quantifiers,existential_there_quantifiers_2,True,False,False,False,970,-62.616477966308594,-66.10765075683594,1
Every candle isn't there confusing Colleen.,There isn't every candle confusing Colleen.,semantics,quantifiers,existential_there_quantifiers_2,True,False,False,False,971,-58.36085891723633,-61.72624969482422,1
Every newspaper article isn't there stunning Jason.,There isn't every newspaper article stunning Jason.,semantics,quantifiers,existential_there_quantifiers_2,True,False,False,False,972,-59.765140533447266,-64.05313873291016,1
All men weren't there questioning Samuel.,There weren't all men questioning Samuel.,semantics,quantifiers,existential_there_quantifiers_2,True,False,False,False,973,-49.565818786621094,-51.94922637939453,1
All hills weren't there hurting Marla.,There weren't all hills hurting Marla.,semantics,quantifiers,existential_there_quantifiers_2,True,False,False,False,974,-56.42720031738281,-60.55324172973633,1
All projectors weren't there confusing all waitresses.,There weren't all projectors confusing all waitresses.,semantics,quantifiers,existential_there_quantifiers_2,True,False,False,False,975,-79.92300415039062,-79.786865234375,0
All high schools are there falling.,There are all high schools falling.,semantics,quantifiers,existential_there_quantifiers_2,True,False,False,False,976,-40.293914794921875,-39.61737060546875,0
Each dress isn't there wrinkling.,There isn't each dress wrinkling.,semantics,quantifiers,existential_there_quantifiers_2,True,False,False,False,977,-40.07835388183594,-42.88915252685547,1
Each skateboard was there shocking Mary.,There was each skateboard shocking Mary.,semantics,quantifiers,existential_there_quantifiers_2,True,False,False,False,978,-57.3037109375,-57.14415740966797,0
Every cart isn't there looking like every photograph.,There isn't every cart looking like every photograph.,semantics,quantifiers,existential_there_quantifiers_2,True,False,False,False,979,-53.33559036254883,-56.50083923339844,1
All reports weren't there alarming Paula.,There weren't all reports alarming Paula.,semantics,quantifiers,existential_there_quantifiers_2,True,False,False,False,980,-54.478981018066406,-57.278995513916016,1
Every painting of Melanie was there looking like a lot of drawings.,There was every painting of Melanie looking like a lot of drawings.,semantics,quantifiers,existential_there_quantifiers_2,True,False,False,False,981,-68.3153076171875,-69.15882873535156,1
Each couch isn't there wasting away.,There isn't each couch wasting away.,semantics,quantifiers,existential_there_quantifiers_2,True,False,False,False,982,-45.435028076171875,-48.528282165527344,1
Every child was there revealing who sells most skirts.,There was every child revealing who sells most skirts.,semantics,quantifiers,existential_there_quantifiers_2,True,False,False,False,983,-69.38548278808594,-69.68226623535156,1
Each movie about art isn't there annoying Joel.,There isn't each movie about art annoying Joel.,semantics,quantifiers,existential_there_quantifiers_2,True,False,False,False,984,-64.36766815185547,-66.46684265136719,1
Each cashier wasn't there alarming Thomas.,There wasn't each cashier alarming Thomas.,semantics,quantifiers,existential_there_quantifiers_2,True,False,False,False,985,-58.48268127441406,-60.63593673706055,1
Most lights were there darkening.,There were most lights darkening.,semantics,quantifiers,existential_there_quantifiers_2,True,False,False,False,986,-44.6356201171875,-42.94075393676758,0
Most steps aren't there worrying all universities.,There aren't most steps worrying all universities.,semantics,quantifiers,existential_there_quantifiers_2,True,False,False,False,987,-55.232276916503906,-59.42444610595703,1
Each story was there impressing Rhonda.,There was each story impressing Rhonda.,semantics,quantifiers,existential_there_quantifiers_2,True,False,False,False,988,-59.05602264404297,-61.707847595214844,1
Most daughters of Jill aren't there buying those bikes.,There aren't most daughters of Jill buying those bikes.,semantics,quantifiers,existential_there_quantifiers_2,True,False,False,False,989,-68.83112335205078,-74.92304992675781,1
All glaciers are there disturbing that girl.,There are all glaciers disturbing that girl.,semantics,quantifiers,existential_there_quantifiers_2,True,False,False,False,990,-52.08808517456055,-50.82513427734375,0
All rivers were there vaporizing.,There were all rivers vaporizing.,semantics,quantifiers,existential_there_quantifiers_2,True,False,False,False,991,-45.751163482666016,-41.453826904296875,0
Each movie theater isn't there stunning Jason.,There isn't each movie theater stunning Jason.,semantics,quantifiers,existential_there_quantifiers_2,True,False,False,False,992,-59.75751495361328,-59.46772003173828,0
Most shows about literature are there boring Christina.,There are most shows about literature boring Christina.,semantics,quantifiers,existential_there_quantifiers_2,True,False,False,False,993,-64.79955291748047,-63.10774612426758,0
Each popsicle wasn't there upsetting Kristin.,There wasn't each popsicle upsetting Kristin.,semantics,quantifiers,existential_there_quantifiers_2,True,False,False,False,994,-67.81593322753906,-69.81004333496094,1
Most pictures were there looking like those photographs.,There were most pictures looking like those photographs.,semantics,quantifiers,existential_there_quantifiers_2,True,False,False,False,995,-51.65175247192383,-52.23555374145508,1
Every library isn't there falling.,There isn't every library falling.,semantics,quantifiers,existential_there_quantifiers_2,True,False,False,False,996,-34.702945709228516,-38.58790969848633,1
Most ladders aren't there irritating some dancer.,There aren't most ladders irritating some dancer.,semantics,quantifiers,existential_there_quantifiers_2,True,False,False,False,997,-63.08540344238281,-68.28388977050781,1
Most vases aren't there wasting away.,There aren't most vases wasting away.,semantics,quantifiers,existential_there_quantifiers_2,True,False,False,False,998,-53.176513671875,-56.18954086303711,1
Most actors aren't there wearing this shoe.,There aren't most actors wearing this shoe.,semantics,quantifiers,existential_there_quantifiers_2,True,False,False,False,999,-52.1148796081543,-55.3373908996582,1
