sentence_good,sentence_bad,field,linguistics_term,UID,simple_LM_method,one_prefix_method,two_prefix_method,lexically_identical,pair_id,good_prob,bad_prob,correct
Mark figured out that most governments appreciate Steve.,Mark figured out who most governments appreciate Steve.,syntax,filler_gap_dependency,wh_vs_that_no_gap,True,False,False,False,0,-55.50721740722656,-59.627201080322266,1
Danielle finds out that many organizations have alarmed Chad.,Danielle finds out who many organizations have alarmed Chad.,syntax,filler_gap_dependency,wh_vs_that_no_gap,True,False,False,False,1,-63.628684997558594,-67.66268920898438,1
Veronica investigated that students might remember Julie.,Veronica investigated who students might remember Julie.,syntax,filler_gap_dependency,wh_vs_that_no_gap,True,False,False,False,2,-61.63338851928711,-66.9959716796875,1
The Impressionists learn that some stories can't sound like Carl.,The Impressionists learn who some stories can't sound like Carl.,syntax,filler_gap_dependency,wh_vs_that_no_gap,True,False,False,False,3,-74.95962524414062,-81.20121002197266,1
The waiters learn that most guests wouldn't have every hospital.,The waiters learn what most guests wouldn't have every hospital.,syntax,filler_gap_dependency,wh_vs_that_no_gap,True,False,False,False,4,-70.14291381835938,-72.69396209716797,1
Some girls revealed that all waitresses hadn't cleaned the cup.,Some girls revealed what all waitresses hadn't cleaned the cup.,syntax,filler_gap_dependency,wh_vs_that_no_gap,True,False,False,False,5,-79.49408721923828,-85.80085754394531,1
Sandra was figuring out that these guys saw Douglas.,Sandra was figuring out who these guys saw Douglas.,syntax,filler_gap_dependency,wh_vs_that_no_gap,True,False,False,False,6,-61.019203186035156,-63.72705078125,1
The Lutherans know that some fungi were alarming that association.,The Lutherans know what some fungi were alarming that association.,syntax,filler_gap_dependency,wh_vs_that_no_gap,True,False,False,False,7,-86.02127075195312,-90.48546600341797,1
Carmen finds out that the customers have run around many cafes.,Carmen finds out what the customers have run around many cafes.,syntax,filler_gap_dependency,wh_vs_that_no_gap,True,False,False,False,8,-73.97430419921875,-79.68878173828125,1
Carrie should find out that some cart disturbs Nancy.,Carrie should find out who some cart disturbs Nancy.,syntax,filler_gap_dependency,wh_vs_that_no_gap,True,False,False,False,9,-81.4070053100586,-83.09942626953125,1
Deborah has forgotten that the offspring ran around the mountains.,Deborah has forgotten what the offspring ran around the mountains.,syntax,filler_gap_dependency,wh_vs_that_no_gap,True,False,False,False,10,-63.7008056640625,-65.11714172363281,1
Katherine found out that that cashier didn't sell some ice cream.,Katherine found out what that cashier didn't sell some ice cream.,syntax,filler_gap_dependency,wh_vs_that_no_gap,True,False,False,False,11,-81.75752258300781,-83.54479217529297,1
Connie forgot that the woman doesn't describe some stories.,Connie forgot what the woman doesn't describe some stories.,syntax,filler_gap_dependency,wh_vs_that_no_gap,True,False,False,False,12,-63.13520050048828,-65.5361328125,1
Randolf has found out that a lot of adults aren't working with these teenagers.,Randolf has found out who a lot of adults aren't working with these teenagers.,syntax,filler_gap_dependency,wh_vs_that_no_gap,True,False,False,False,13,-70.6066665649414,-76.12214660644531,1
Rebecca has forgotten that a pepper upset Ronald.,Rebecca has forgotten who a pepper upset Ronald.,syntax,filler_gap_dependency,wh_vs_that_no_gap,True,False,False,False,14,-72.28787994384766,-74.56471252441406,1
Margaret knows that all octopi have descended some slopes.,Margaret knows what all octopi have descended some slopes.,syntax,filler_gap_dependency,wh_vs_that_no_gap,True,False,False,False,15,-87.66378784179688,-91.44129943847656,1
Denise does realize that every car isn't shocking Susan.,Denise does realize who every car isn't shocking Susan.,syntax,filler_gap_dependency,wh_vs_that_no_gap,True,False,False,False,16,-75.91337585449219,-85.38286590576172,1
These museums might realize that many senators drove to art galleries.,These museums might realize what many senators drove to art galleries.,syntax,filler_gap_dependency,wh_vs_that_no_gap,True,False,False,False,17,-71.88462829589844,-76.99596405029297,1
Katherine figured out that this bird confused Helen.,Katherine figured out who this bird confused Helen.,syntax,filler_gap_dependency,wh_vs_that_no_gap,True,False,False,False,18,-65.27481842041016,-69.36506652832031,1
Paula figured out that all men resemble this print.,Paula figured out what all men resemble this print.,syntax,filler_gap_dependency,wh_vs_that_no_gap,True,False,False,False,19,-62.1201286315918,-66.90245056152344,1
Alicia hadn't known that that customer is going to that bank.,Alicia hadn't known what that customer is going to that bank.,syntax,filler_gap_dependency,wh_vs_that_no_gap,True,False,False,False,20,-79.27363586425781,-79.74235534667969,1
Students reveal that the spinach had alarmed William.,Students reveal who the spinach had alarmed William.,syntax,filler_gap_dependency,wh_vs_that_no_gap,True,False,False,False,21,-60.357784271240234,-64.35215759277344,1
Natalie investigated that a teenager has aggravated Diane.,Natalie investigated who a teenager has aggravated Diane.,syntax,filler_gap_dependency,wh_vs_that_no_gap,True,False,False,False,22,-69.85089874267578,-73.13822937011719,1
Cheryl was investigating that every guest hadn't exited some banks.,Cheryl was investigating what every guest hadn't exited some banks.,syntax,filler_gap_dependency,wh_vs_that_no_gap,True,False,False,False,23,-96.041748046875,-100.29558563232422,1
Many senators figure out that those waiters argue about Steve.,Many senators figure out who those waiters argue about Steve.,syntax,filler_gap_dependency,wh_vs_that_no_gap,True,False,False,False,24,-71.04632568359375,-74.97624206542969,1
Many libraries weren't concealing that the dancers arrive at the public park.,Many libraries weren't concealing what the dancers arrive at the public park.,syntax,filler_gap_dependency,wh_vs_that_no_gap,True,False,False,False,25,-79.48517608642578,-82.13319396972656,1
Sandra remembers that a lot of men will find most lakes.,Sandra remembers what a lot of men will find most lakes.,syntax,filler_gap_dependency,wh_vs_that_no_gap,True,False,False,False,26,-66.72659301757812,-68.1256103515625,1
Candice hadn't discovered that a pedestrian bored Martha.,Candice hadn't discovered who a pedestrian bored Martha.,syntax,filler_gap_dependency,wh_vs_that_no_gap,True,False,False,False,27,-69.7986831665039,-74.27989196777344,1
Anna has known that this adult had dropped by a cafe.,Anna has known what this adult had dropped by a cafe.,syntax,filler_gap_dependency,wh_vs_that_no_gap,True,False,False,False,28,-61.84713363647461,-66.04800415039062,1
Larry didn't find out that many eyes distract Alicia.,Larry didn't find out who many eyes distract Alicia.,syntax,filler_gap_dependency,wh_vs_that_no_gap,True,False,False,False,29,-64.84972381591797,-66.459228515625,1
Tina figures out that most customers could boycott this museum.,Tina figures out what most customers could boycott this museum.,syntax,filler_gap_dependency,wh_vs_that_no_gap,True,False,False,False,30,-77.65898132324219,-79.33727264404297,1
A lot of committees would investigate that some guy wasn't breaking a lot of skateboards.,A lot of committees would investigate what some guy wasn't breaking a lot of skateboards.,syntax,filler_gap_dependency,wh_vs_that_no_gap,True,False,False,False,31,-96.07733154296875,-97.37078857421875,1
Tina had forgotten that a teacher escaped from Ellen.,Tina had forgotten who a teacher escaped from Ellen.,syntax,filler_gap_dependency,wh_vs_that_no_gap,True,False,False,False,32,-63.152557373046875,-66.04568481445312,1
The museums know that some alumnus does scan the play.,The museums know what some alumnus does scan the play.,syntax,filler_gap_dependency,wh_vs_that_no_gap,True,False,False,False,33,-70.66382598876953,-75.18095397949219,1
Omar knows that the dancer has broken that window.,Omar knows what the dancer has broken that window.,syntax,filler_gap_dependency,wh_vs_that_no_gap,True,False,False,False,34,-62.857200622558594,-66.21947479248047,1
Phillip knew that most teachers concealed Tonya.,Phillip knew who most teachers concealed Tonya.,syntax,filler_gap_dependency,wh_vs_that_no_gap,True,False,False,False,35,-71.86785888671875,-76.00193786621094,1
Rodney forgot that those actresses run around every hospital.,Rodney forgot what those actresses run around every hospital.,syntax,filler_gap_dependency,wh_vs_that_no_gap,True,False,False,False,36,-72.39546203613281,-73.94741821289062,1
Many dancers investigate that that hamster doesn't embarrass all waiters.,Many dancers investigate who that hamster doesn't embarrass all waiters.,syntax,filler_gap_dependency,wh_vs_that_no_gap,True,False,False,False,37,-94.56732177734375,-97.23396301269531,1
These drivers realized that these museums hadn't worked with Carmen.,These drivers realized who these museums hadn't worked with Carmen.,syntax,filler_gap_dependency,wh_vs_that_no_gap,True,False,False,False,38,-77.57380676269531,-84.61935424804688,1
Jerry can't figure out that this driver appreciates Craig.,Jerry can't figure out who this driver appreciates Craig.,syntax,filler_gap_dependency,wh_vs_that_no_gap,True,False,False,False,39,-60.0170783996582,-60.196720123291016,1
Laurie found out that the drivers weren't lifting eggplants.,Laurie found out what the drivers weren't lifting eggplants.,syntax,filler_gap_dependency,wh_vs_that_no_gap,True,False,False,False,40,-78.49337005615234,-83.08953857421875,1
The governments haven't investigated that some chairs disgust April.,The governments haven't investigated who some chairs disgust April.,syntax,filler_gap_dependency,wh_vs_that_no_gap,True,False,False,False,41,-83.0206298828125,-86.37843322753906,1
Eric wasn't concealing that a lot of senators resembled a lot of sketches.,Eric wasn't concealing what a lot of senators resembled a lot of sketches.,syntax,filler_gap_dependency,wh_vs_that_no_gap,True,False,False,False,42,-84.01774597167969,-85.86257934570312,1
This organization isn't figuring out that a man questions the guests.,This organization isn't figuring out who a man questions the guests.,syntax,filler_gap_dependency,wh_vs_that_no_gap,True,False,False,False,43,-70.95482635498047,-70.55293273925781,0
Kevin realizes that a lot of patients descend a lot of stairs.,Kevin realizes what a lot of patients descend a lot of stairs.,syntax,filler_gap_dependency,wh_vs_that_no_gap,True,False,False,False,44,-58.19841766357422,-63.390724182128906,1
Some libraries were discovering that that man criticized Katherine.,Some libraries were discovering who that man criticized Katherine.,syntax,filler_gap_dependency,wh_vs_that_no_gap,True,False,False,False,45,-70.11219024658203,-73.54405975341797,1
That customer was investigating that the legislatures would criticize Andrea.,That customer was investigating who the legislatures would criticize Andrea.,syntax,filler_gap_dependency,wh_vs_that_no_gap,True,False,False,False,46,-75.53663635253906,-79.1500015258789,1
Christina isn't discovering that every man can tour a lot of grocery stores.,Christina isn't discovering what every man can tour a lot of grocery stores.,syntax,filler_gap_dependency,wh_vs_that_no_gap,True,False,False,False,47,-72.72108459472656,-77.69236755371094,1
The schools know that some cilantro had alarmed a child.,The schools know who some cilantro had alarmed a child.,syntax,filler_gap_dependency,wh_vs_that_no_gap,True,False,False,False,48,-70.32381439208984,-76.74119567871094,1
Tammy would learn that that driver couldn't conceal all skirts.,Tammy would learn what that driver couldn't conceal all skirts.,syntax,filler_gap_dependency,wh_vs_that_no_gap,True,False,False,False,49,-83.06204223632812,-84.56739807128906,1
Chad learned that all children talk to Jessica.,Chad learned who all children talk to Jessica.,syntax,filler_gap_dependency,wh_vs_that_no_gap,True,False,False,False,50,-53.2767333984375,-58.79890441894531,1
Those museums realize that that pedestrian does help Theodore.,Those museums realize who that pedestrian does help Theodore.,syntax,filler_gap_dependency,wh_vs_that_no_gap,True,False,False,False,51,-75.50765991210938,-83.23590087890625,1
Cynthia has figured out that an alumnus attacks Bradley.,Cynthia has figured out who an alumnus attacks Bradley.,syntax,filler_gap_dependency,wh_vs_that_no_gap,True,False,False,False,52,-79.4449234008789,-82.02853393554688,1
This school conceals that all men are disagreeing with those customers.,This school conceals who all men are disagreeing with those customers.,syntax,filler_gap_dependency,wh_vs_that_no_gap,True,False,False,False,53,-75.37252044677734,-78.61919403076172,1
Peter knew that all children weren't fixing chairs.,Peter knew what all children weren't fixing chairs.,syntax,filler_gap_dependency,wh_vs_that_no_gap,True,False,False,False,54,-55.22843933105469,-59.289825439453125,1
Amanda did remember that these patients can't care for Melissa.,Amanda did remember who these patients can't care for Melissa.,syntax,filler_gap_dependency,wh_vs_that_no_gap,True,False,False,False,55,-69.56938171386719,-75.47193908691406,1
These doctors have revealed that most ladies would heal Brad.,These doctors have revealed who most ladies would heal Brad.,syntax,filler_gap_dependency,wh_vs_that_no_gap,True,False,False,False,56,-65.4490737915039,-71.910888671875,1
Christopher concealed that that boy discusses many movies.,Christopher concealed what that boy discusses many movies.,syntax,filler_gap_dependency,wh_vs_that_no_gap,True,False,False,False,57,-63.441490173339844,-64.47808074951172,1
Rachelle remembered that the man could complain about Christine.,Rachelle remembered who the man could complain about Christine.,syntax,filler_gap_dependency,wh_vs_that_no_gap,True,False,False,False,58,-57.860107421875,-62.615196228027344,1
Those men investigate that this teacher attacks Tamara.,Those men investigate who this teacher attacks Tamara.,syntax,filler_gap_dependency,wh_vs_that_no_gap,True,False,False,False,59,-70.47872924804688,-72.97417449951172,1
Jennifer hadn't learned that dancers had hurt this woman.,Jennifer hadn't learned who dancers had hurt this woman.,syntax,filler_gap_dependency,wh_vs_that_no_gap,True,False,False,False,60,-60.40531921386719,-64.94962310791016,1
Martha does realize that the boys hadn't thought about Gregory.,Martha does realize who the boys hadn't thought about Gregory.,syntax,filler_gap_dependency,wh_vs_that_no_gap,True,False,False,False,61,-70.17953491210938,-77.63338470458984,1
Amelia should remember that that patient wouldn't examine books.,Amelia should remember what that patient wouldn't examine books.,syntax,filler_gap_dependency,wh_vs_that_no_gap,True,False,False,False,62,-69.6494140625,-71.46379852294922,1
Every museum hasn't remembered that every waitress will hug Pamela.,Every museum hasn't remembered who every waitress will hug Pamela.,syntax,filler_gap_dependency,wh_vs_that_no_gap,True,False,False,False,63,-81.76539611816406,-86.72067260742188,1
Some student had revealed that a lady isn't climbing down many hills.,Some student had revealed what a lady isn't climbing down many hills.,syntax,filler_gap_dependency,wh_vs_that_no_gap,True,False,False,False,64,-78.08236694335938,-80.70349884033203,1
Lisa did investigate that most ladies won't notice those customers.,Lisa did investigate who most ladies won't notice those customers.,syntax,filler_gap_dependency,wh_vs_that_no_gap,True,False,False,False,65,-71.85125732421875,-76.1719970703125,1
Cashiers forget that these waiters complain about Irene.,Cashiers forget who these waiters complain about Irene.,syntax,filler_gap_dependency,wh_vs_that_no_gap,True,False,False,False,66,-70.20669555664062,-75.65267181396484,1
A lot of patients figure out that this casserole hasn't impressed Jill.,A lot of patients figure out who this casserole hasn't impressed Jill.,syntax,filler_gap_dependency,wh_vs_that_no_gap,True,False,False,False,67,-88.0345458984375,-91.44078063964844,1
Daniel would find out that senators returned to this dancer.,Daniel would find out who senators returned to this dancer.,syntax,filler_gap_dependency,wh_vs_that_no_gap,True,False,False,False,68,-67.5815200805664,-65.82942199707031,0
Jill realizes that many children lift this face.,Jill realizes what many children lift this face.,syntax,filler_gap_dependency,wh_vs_that_no_gap,True,False,False,False,69,-57.17015838623047,-61.171043395996094,1
This legislature revealed that a lot of women aggravate Sarah.,This legislature revealed who a lot of women aggravate Sarah.,syntax,filler_gap_dependency,wh_vs_that_no_gap,True,False,False,False,70,-64.15275573730469,-70.68310546875,1
Guy figures out that the children think about Spain.,Guy figures out what the children think about Spain.,syntax,filler_gap_dependency,wh_vs_that_no_gap,True,False,False,False,71,-49.23006057739258,-50.67383575439453,1
Kendra concealed that these doctors shouldn't discuss Florence.,Kendra concealed who these doctors shouldn't discuss Florence.,syntax,filler_gap_dependency,wh_vs_that_no_gap,True,False,False,False,72,-81.37532806396484,-86.88289642333984,1
Rachelle had revealed that many legislatures praise Colleen.,Rachelle had revealed who many legislatures praise Colleen.,syntax,filler_gap_dependency,wh_vs_that_no_gap,True,False,False,False,73,-71.49976348876953,-78.31199645996094,1
Cynthia is realizing that some pedestrians ascended hills.,Cynthia is realizing what some pedestrians ascended hills.,syntax,filler_gap_dependency,wh_vs_that_no_gap,True,False,False,False,74,-78.36817932128906,-81.55284881591797,1
All men figure out that every boy sees Laurie.,All men figure out who every boy sees Laurie.,syntax,filler_gap_dependency,wh_vs_that_no_gap,True,False,False,False,75,-56.51811981201172,-58.34961700439453,1
Janice will know that pedestrians exited this public park.,Janice will know what pedestrians exited this public park.,syntax,filler_gap_dependency,wh_vs_that_no_gap,True,False,False,False,76,-69.12091827392578,-70.87018585205078,1
Melanie had learned that all drivers hug Cynthia.,Melanie had learned who all drivers hug Cynthia.,syntax,filler_gap_dependency,wh_vs_that_no_gap,True,False,False,False,77,-71.27218627929688,-77.18663787841797,1
Ellen finds out that the patient respects Raymond.,Ellen finds out who the patient respects Raymond.,syntax,filler_gap_dependency,wh_vs_that_no_gap,True,False,False,False,78,-64.17191314697266,-67.12003326416016,1
Meredith shouldn't discover that banks aggravated every student.,Meredith shouldn't discover who banks aggravated every student.,syntax,filler_gap_dependency,wh_vs_that_no_gap,True,False,False,False,79,-79.67761993408203,-80.88252258300781,1
Angela isn't revealing that a lot of waitresses were buying that skirt.,Angela isn't revealing what a lot of waitresses were buying that skirt.,syntax,filler_gap_dependency,wh_vs_that_no_gap,True,False,False,False,80,-87.80770874023438,-89.68106842041016,1
The Impressionists remember that that patient revealed Suzanne.,The Impressionists remember who that patient revealed Suzanne.,syntax,filler_gap_dependency,wh_vs_that_no_gap,True,False,False,False,81,-74.71101379394531,-79.14202880859375,1
Lucille isn't concealing that the unicycles bore Valerie.,Lucille isn't concealing who the unicycles bore Valerie.,syntax,filler_gap_dependency,wh_vs_that_no_gap,True,False,False,False,82,-85.49300384521484,-89.21398162841797,1
Those women remember that this girl explored some cafes.,Those women remember what this girl explored some cafes.,syntax,filler_gap_dependency,wh_vs_that_no_gap,True,False,False,False,83,-58.74125671386719,-63.04136276245117,1
Ella remembers that this offspring had visited Lissa.,Ella remembers who this offspring had visited Lissa.,syntax,filler_gap_dependency,wh_vs_that_no_gap,True,False,False,False,84,-74.88471984863281,-79.36722564697266,1
Those museums find out that some pedestrian cured Bill.,Those museums find out who some pedestrian cured Bill.,syntax,filler_gap_dependency,wh_vs_that_no_gap,True,False,False,False,85,-73.21318817138672,-75.94326782226562,1
Alan hadn't forgotten that these cashiers return to Alice.,Alan hadn't forgotten who these cashiers return to Alice.,syntax,filler_gap_dependency,wh_vs_that_no_gap,True,False,False,False,86,-67.79997253417969,-72.7699966430664,1
Laura wouldn't remember that that alumnus did explore that cafe.,Laura wouldn't remember what that alumnus did explore that cafe.,syntax,filler_gap_dependency,wh_vs_that_no_gap,True,False,False,False,87,-72.83476257324219,-75.1808853149414,1
Governments learn that this convertible will embarrass that university.,Governments learn what this convertible will embarrass that university.,syntax,filler_gap_dependency,wh_vs_that_no_gap,True,False,False,False,88,-81.28211975097656,-82.99142456054688,1
Becky has forgotten that a lot of universities had upset Carol.,Becky has forgotten who a lot of universities had upset Carol.,syntax,filler_gap_dependency,wh_vs_that_no_gap,True,False,False,False,89,-73.2626953125,-77.65675354003906,1
All cashiers learn that the customers worried William.,All cashiers learn who the customers worried William.,syntax,filler_gap_dependency,wh_vs_that_no_gap,True,False,False,False,90,-70.52687072753906,-74.80496215820312,1
Regina finds out that those museums talk about waiters.,Regina finds out who those museums talk about waiters.,syntax,filler_gap_dependency,wh_vs_that_no_gap,True,False,False,False,91,-71.79385375976562,-77.83672332763672,1
The companies learn that many fish hadn't embarrassed Randolf.,The companies learn who many fish hadn't embarrassed Randolf.,syntax,filler_gap_dependency,wh_vs_that_no_gap,True,False,False,False,92,-88.75300598144531,-94.46546936035156,1
Women discover that most actors were complaining about Victoria.,Women discover who most actors were complaining about Victoria.,syntax,filler_gap_dependency,wh_vs_that_no_gap,True,False,False,False,93,-63.759796142578125,-67.08585357666016,1
Most cashiers remember that the guys won't ascend some slope.,Most cashiers remember what the guys won't ascend some slope.,syntax,filler_gap_dependency,wh_vs_that_no_gap,True,False,False,False,94,-78.01649475097656,-81.95056915283203,1
Julia would investigate that a man wasn't leaving Marcus.,Julia would investigate who a man wasn't leaving Marcus.,syntax,filler_gap_dependency,wh_vs_that_no_gap,True,False,False,False,95,-65.353271484375,-68.64366149902344,1
Janice did discover that many children love Lori.,Janice did discover who many children love Lori.,syntax,filler_gap_dependency,wh_vs_that_no_gap,True,False,False,False,96,-60.09553527832031,-64.29701232910156,1
Bill hadn't discovered that that person researched this grocery store.,Bill hadn't discovered what that person researched this grocery store.,syntax,filler_gap_dependency,wh_vs_that_no_gap,True,False,False,False,97,-66.94697570800781,-68.01356506347656,1
Some pedestrians will realize that a lot of actresses have investigated Barbara.,Some pedestrians will realize who a lot of actresses have investigated Barbara.,syntax,filler_gap_dependency,wh_vs_that_no_gap,True,False,False,False,98,-75.27934265136719,-81.99800109863281,1
Melanie couldn't reveal that a lot of teenagers wouldn't wear a coat.,Melanie couldn't reveal what a lot of teenagers wouldn't wear a coat.,syntax,filler_gap_dependency,wh_vs_that_no_gap,True,False,False,False,99,-73.41897583007812,-76.78267669677734,1
Jason discovered that this woman hasn't returned to Raymond.,Jason discovered who this woman hasn't returned to Raymond.,syntax,filler_gap_dependency,wh_vs_that_no_gap,True,False,False,False,100,-54.589744567871094,-60.56396484375,1
These boys learn that a bank criticizes Susan.,These boys learn who a bank criticizes Susan.,syntax,filler_gap_dependency,wh_vs_that_no_gap,True,False,False,False,101,-66.90521240234375,-70.27677917480469,1
Craig wouldn't conceal that these guys go to most lakes.,Craig wouldn't conceal what these guys go to most lakes.,syntax,filler_gap_dependency,wh_vs_that_no_gap,True,False,False,False,102,-65.08705139160156,-64.91392517089844,0
Cheryl didn't forget that that offspring wouldn't cure Sara.,Cheryl didn't forget who that offspring wouldn't cure Sara.,syntax,filler_gap_dependency,wh_vs_that_no_gap,True,False,False,False,103,-92.88420104980469,-96.12703704833984,1
Liam is discovering that a lot of offspring criticize some students.,Liam is discovering who a lot of offspring criticize some students.,syntax,filler_gap_dependency,wh_vs_that_no_gap,True,False,False,False,104,-77.17698669433594,-80.57876586914062,1
The Impressionists realized that some women descended those steps.,The Impressionists realized what some women descended those steps.,syntax,filler_gap_dependency,wh_vs_that_no_gap,True,False,False,False,105,-73.587158203125,-79.29411315917969,1
Dennis doesn't forget that this customer can't bike to Spain.,Dennis doesn't forget what this customer can't bike to Spain.,syntax,filler_gap_dependency,wh_vs_that_no_gap,True,False,False,False,106,-73.39897155761719,-76.15982818603516,1
Brett remembers that most doctors respect the doctor.,Brett remembers who most doctors respect the doctor.,syntax,filler_gap_dependency,wh_vs_that_no_gap,True,False,False,False,107,-59.54499816894531,-65.32655334472656,1
These ladies figure out that some customer was hiring Laura.,These ladies figure out who some customer was hiring Laura.,syntax,filler_gap_dependency,wh_vs_that_no_gap,True,False,False,False,108,-67.95082092285156,-69.48082733154297,1
A guest investigates that most lice upset Omar.,A guest investigates who most lice upset Omar.,syntax,filler_gap_dependency,wh_vs_that_no_gap,True,False,False,False,109,-75.24836730957031,-76.16136169433594,1
The waiters know that a person walks through every mall.,The waiters know what a person walks through every mall.,syntax,filler_gap_dependency,wh_vs_that_no_gap,True,False,False,False,110,-60.02308654785156,-61.23004150390625,1
These cashiers learn that some pedestrians fire that student.,These cashiers learn who some pedestrians fire that student.,syntax,filler_gap_dependency,wh_vs_that_no_gap,True,False,False,False,111,-76.53179168701172,-80.98416137695312,1
The Clintons had forgotten that a dancer was praising Frank.,The Clintons had forgotten who a dancer was praising Frank.,syntax,filler_gap_dependency,wh_vs_that_no_gap,True,False,False,False,112,-67.52055358886719,-70.69938659667969,1
That teenager conceals that some person reveals every jacket.,That teenager conceals what some person reveals every jacket.,syntax,filler_gap_dependency,wh_vs_that_no_gap,True,False,False,False,113,-73.41934967041016,-74.28546142578125,1
Most students figure out that every student hadn't exited these glaciers.,Most students figure out what every student hadn't exited these glaciers.,syntax,filler_gap_dependency,wh_vs_that_no_gap,True,False,False,False,114,-73.3871841430664,-75.94920349121094,1
A legislature hasn't revealed that the glacier impresses some guests.,A legislature hasn't revealed who the glacier impresses some guests.,syntax,filler_gap_dependency,wh_vs_that_no_gap,True,False,False,False,115,-80.64781951904297,-86.94075775146484,1
Wayne doesn't discover that this committee admires some broccoli.,Wayne doesn't discover what this committee admires some broccoli.,syntax,filler_gap_dependency,wh_vs_that_no_gap,True,False,False,False,116,-78.55620574951172,-80.648193359375,1
The Borgias conceal that an ox hasn't disgusted Vincent.,The Borgias conceal who an ox hasn't disgusted Vincent.,syntax,filler_gap_dependency,wh_vs_that_no_gap,True,False,False,False,117,-99.11578369140625,-104.37789154052734,1
Andrea was learning that this company is working with Donald.,Andrea was learning who this company is working with Donald.,syntax,filler_gap_dependency,wh_vs_that_no_gap,True,False,False,False,118,-62.446144104003906,-69.99470520019531,1
Russell knows that most students shouldn't conceal Aaron.,Russell knows who most students shouldn't conceal Aaron.,syntax,filler_gap_dependency,wh_vs_that_no_gap,True,False,False,False,119,-58.25928497314453,-63.923858642578125,1
Pamela remembers that actors fix those planes.,Pamela remembers what actors fix those planes.,syntax,filler_gap_dependency,wh_vs_that_no_gap,True,False,False,False,120,-64.84376525878906,-66.7608642578125,1
Tonya conceals that that person works with Benjamin.,Tonya conceals who that person works with Benjamin.,syntax,filler_gap_dependency,wh_vs_that_no_gap,True,False,False,False,121,-68.25928497314453,-69.3584976196289,1
The hospitals have investigated that the cashiers praise Rachel.,The hospitals have investigated who the cashiers praise Rachel.,syntax,filler_gap_dependency,wh_vs_that_no_gap,True,False,False,False,122,-75.59359741210938,-80.51416015625,1
Daniel shouldn't know that some adults approach Larry.,Daniel shouldn't know who some adults approach Larry.,syntax,filler_gap_dependency,wh_vs_that_no_gap,True,False,False,False,123,-63.825469970703125,-65.22498321533203,1
These ladies remember that the waitresses think about Bradley.,These ladies remember who the waitresses think about Bradley.,syntax,filler_gap_dependency,wh_vs_that_no_gap,True,False,False,False,124,-66.41645050048828,-71.76811218261719,1
Sarah learned that doctors scan this book.,Sarah learned what doctors scan this book.,syntax,filler_gap_dependency,wh_vs_that_no_gap,True,False,False,False,125,-42.121246337890625,-45.65647888183594,1
Amy discovers that patients don't astound Kevin.,Amy discovers who patients don't astound Kevin.,syntax,filler_gap_dependency,wh_vs_that_no_gap,True,False,False,False,126,-58.221710205078125,-64.40568542480469,1
Dana revealed that every child wasn't investigating Gregory.,Dana revealed who every child wasn't investigating Gregory.,syntax,filler_gap_dependency,wh_vs_that_no_gap,True,False,False,False,127,-63.051551818847656,-71.87477111816406,1
Sandra can't remember that some teenager cured Irene.,Sandra can't remember who some teenager cured Irene.,syntax,filler_gap_dependency,wh_vs_that_no_gap,True,False,False,False,128,-72.99146270751953,-76.70380401611328,1
Brian is investigating that all girls remember Martin.,Brian is investigating who all girls remember Martin.,syntax,filler_gap_dependency,wh_vs_that_no_gap,True,False,False,False,129,-52.6483039855957,-55.73681640625,1
Many doctors hadn't remembered that some actor sounds like Jesus.,Many doctors hadn't remembered who some actor sounds like Jesus.,syntax,filler_gap_dependency,wh_vs_that_no_gap,True,False,False,False,130,-70.81076049804688,-76.09475708007812,1
Paul couldn't investigate that a lot of dancers have helped Steve.,Paul couldn't investigate who a lot of dancers have helped Steve.,syntax,filler_gap_dependency,wh_vs_that_no_gap,True,False,False,False,131,-68.04664611816406,-69.82848358154297,1
A lot of women were figuring out that every waiter hadn't walked through a lot of public parks.,A lot of women were figuring out what every waiter hadn't walked through a lot of public parks.,syntax,filler_gap_dependency,wh_vs_that_no_gap,True,False,False,False,132,-95.06629180908203,-96.67606353759766,1
Dennis revealed that this girl would work with Kendra.,Dennis revealed who this girl would work with Kendra.,syntax,filler_gap_dependency,wh_vs_that_no_gap,True,False,False,False,133,-59.173057556152344,-65.99470520019531,1
Russell conceals that a lot of schools listen to Sonia.,Russell conceals who a lot of schools listen to Sonia.,syntax,filler_gap_dependency,wh_vs_that_no_gap,True,False,False,False,134,-65.22187042236328,-67.07540130615234,1
Jennifer can't forget that the men were returning to a glacier.,Jennifer can't forget what the men were returning to a glacier.,syntax,filler_gap_dependency,wh_vs_that_no_gap,True,False,False,False,135,-59.33811569213867,-60.97358322143555,1
Adam wouldn't find out that all fungi disgusted Rhonda.,Adam wouldn't find out who all fungi disgusted Rhonda.,syntax,filler_gap_dependency,wh_vs_that_no_gap,True,False,False,False,136,-81.68675994873047,-83.5901107788086,1
Most organizations wouldn't remember that the cashier tours the restaurant.,Most organizations wouldn't remember what the cashier tours the restaurant.,syntax,filler_gap_dependency,wh_vs_that_no_gap,True,False,False,False,137,-72.35948181152344,-74.34934997558594,1
The ladies conceal that many turtles aren't looking like those sketches.,The ladies conceal what many turtles aren't looking like those sketches.,syntax,filler_gap_dependency,wh_vs_that_no_gap,True,False,False,False,138,-85.25909423828125,-87.83822631835938,1
A lot of children conceal that most men have seen Carmen.,A lot of children conceal who most men have seen Carmen.,syntax,filler_gap_dependency,wh_vs_that_no_gap,True,False,False,False,139,-73.25613403320312,-77.9186019897461,1
Lisa learns that that customer stunned Christopher.,Lisa learns who that customer stunned Christopher.,syntax,filler_gap_dependency,wh_vs_that_no_gap,True,False,False,False,140,-62.02870178222656,-65.61561584472656,1
Samuel is realizing that this skateboard alarmed Emily.,Samuel is realizing who this skateboard alarmed Emily.,syntax,filler_gap_dependency,wh_vs_that_no_gap,True,False,False,False,141,-73.77815246582031,-77.84930419921875,1
Helen revealed that all children have sounded like Christine.,Helen revealed who all children have sounded like Christine.,syntax,filler_gap_dependency,wh_vs_that_no_gap,True,False,False,False,142,-60.68647003173828,-69.2385482788086,1
These waitresses discover that all students help Peter.,These waitresses discover who all students help Peter.,syntax,filler_gap_dependency,wh_vs_that_no_gap,True,False,False,False,143,-67.37167358398438,-71.6678237915039,1
Mary might reveal that this senator boycotts some lake.,Mary might reveal what this senator boycotts some lake.,syntax,filler_gap_dependency,wh_vs_that_no_gap,True,False,False,False,144,-74.3846435546875,-77.39839172363281,1
That legislature had known that some teenager breaks a lot of couches.,That legislature had known what some teenager breaks a lot of couches.,syntax,filler_gap_dependency,wh_vs_that_no_gap,True,False,False,False,145,-78.43486022949219,-83.5390853881836,1
Naomi learns that students buy this eye.,Naomi learns what students buy this eye.,syntax,filler_gap_dependency,wh_vs_that_no_gap,True,False,False,False,146,-53.54995346069336,-57.01567459106445,1
Dawn conceals that the senators cleaned this light.,Dawn conceals what the senators cleaned this light.,syntax,filler_gap_dependency,wh_vs_that_no_gap,True,False,False,False,147,-71.55892181396484,-71.89391326904297,1
These women can't reveal that some feet disgust Larry.,These women can't reveal who some feet disgust Larry.,syntax,filler_gap_dependency,wh_vs_that_no_gap,True,False,False,False,148,-75.67735290527344,-77.02958679199219,1
Brenda can't conceal that legislatures impress the Lutherans.,Brenda can't conceal who legislatures impress the Lutherans.,syntax,filler_gap_dependency,wh_vs_that_no_gap,True,False,False,False,149,-82.79161071777344,-85.490234375,1
Denise was figuring out that the waiter has worked with Candice.,Denise was figuring out who the waiter has worked with Candice.,syntax,filler_gap_dependency,wh_vs_that_no_gap,True,False,False,False,150,-66.27166748046875,-69.54235076904297,1
A patient conceals that this doctor has observed Holly.,A patient conceals who this doctor has observed Holly.,syntax,filler_gap_dependency,wh_vs_that_no_gap,True,False,False,False,151,-68.454833984375,-71.49425506591797,1
Diane hadn't learned that that waitress helped Galileo.,Diane hadn't learned who that waitress helped Galileo.,syntax,filler_gap_dependency,wh_vs_that_no_gap,True,False,False,False,152,-77.21550750732422,-81.24028778076172,1
Marie figures out that the woman has forgotten Brian.,Marie figures out who the woman has forgotten Brian.,syntax,filler_gap_dependency,wh_vs_that_no_gap,True,False,False,False,153,-52.792320251464844,-58.69603729248047,1
This legislature figured out that many feet resemble most prints.,This legislature figured out what many feet resemble most prints.,syntax,filler_gap_dependency,wh_vs_that_no_gap,True,False,False,False,154,-72.2764663696289,-75.61903381347656,1
Christopher figured out that all socks bore Cynthia.,Christopher figured out who all socks bore Cynthia.,syntax,filler_gap_dependency,wh_vs_that_no_gap,True,False,False,False,155,-61.666194915771484,-65.48631286621094,1
Timothy hasn't forgotten that some guy shouldn't watch Debra.,Timothy hasn't forgotten who some guy shouldn't watch Debra.,syntax,filler_gap_dependency,wh_vs_that_no_gap,True,False,False,False,156,-74.25875091552734,-79.6031494140625,1
Eric has concealed that some alumnus hadn't watched Heather.,Eric has concealed who some alumnus hadn't watched Heather.,syntax,filler_gap_dependency,wh_vs_that_no_gap,True,False,False,False,157,-80.2006607055664,-84.1866226196289,1
The Clintons are concealing that most parentheses will astound Steve.,The Clintons are concealing who most parentheses will astound Steve.,syntax,filler_gap_dependency,wh_vs_that_no_gap,True,False,False,False,158,-91.32438659667969,-95.65288543701172,1
Sabrina learns that some hair irritates this company.,Sabrina learns what some hair irritates this company.,syntax,filler_gap_dependency,wh_vs_that_no_gap,True,False,False,False,159,-62.65619659423828,-65.4881820678711,1
Travis can't know that a lot of companies will dislike Liam.,Travis can't know who a lot of companies will dislike Liam.,syntax,filler_gap_dependency,wh_vs_that_no_gap,True,False,False,False,160,-72.30006408691406,-74.63510131835938,1
An association learns that the students won't run around that lake.,An association learns what the students won't run around that lake.,syntax,filler_gap_dependency,wh_vs_that_no_gap,True,False,False,False,161,-72.51597595214844,-77.21209716796875,1
Some legislatures are realizing that the hypothesis was scaring Guy.,Some legislatures are realizing who the hypothesis was scaring Guy.,syntax,filler_gap_dependency,wh_vs_that_no_gap,True,False,False,False,162,-73.4549560546875,-79.4810791015625,1
Vincent discovers that some analysis would criticize Stephen.,Vincent discovers who some analysis would criticize Stephen.,syntax,filler_gap_dependency,wh_vs_that_no_gap,True,False,False,False,163,-73.26419067382812,-81.02061462402344,1
Eric did forget that those teachers talk about Michelle.,Eric did forget who those teachers talk about Michelle.,syntax,filler_gap_dependency,wh_vs_that_no_gap,True,False,False,False,164,-59.22142791748047,-66.40511322021484,1
The dancers realize that many waitresses were going to the lake.,The dancers realize what many waitresses were going to the lake.,syntax,filler_gap_dependency,wh_vs_that_no_gap,True,False,False,False,165,-70.55520629882812,-75.38469696044922,1
Most women have investigated that every waitress was firing Bill.,Most women have investigated who every waitress was firing Bill.,syntax,filler_gap_dependency,wh_vs_that_no_gap,True,False,False,False,166,-74.9166259765625,-79.10372924804688,1
A customer is remembering that this senator should leave many women.,A customer is remembering who this senator should leave many women.,syntax,filler_gap_dependency,wh_vs_that_no_gap,True,False,False,False,167,-70.15975952148438,-73.59734344482422,1
These people learned that that customer kisses Tonya.,These people learned who that customer kisses Tonya.,syntax,filler_gap_dependency,wh_vs_that_no_gap,True,False,False,False,168,-70.84190368652344,-74.17263793945312,1
Those cashiers forget that an apple bores Laurie.,Those cashiers forget who an apple bores Laurie.,syntax,filler_gap_dependency,wh_vs_that_no_gap,True,False,False,False,169,-78.23653411865234,-82.5090560913086,1
A lot of pedestrians figure out that some ladies should mess up some cars.,A lot of pedestrians figure out what some ladies should mess up some cars.,syntax,filler_gap_dependency,wh_vs_that_no_gap,True,False,False,False,170,-80.13290405273438,-81.52809143066406,1
Some schools discover that those companies talked about Carla.,Some schools discover who those companies talked about Carla.,syntax,filler_gap_dependency,wh_vs_that_no_gap,True,False,False,False,171,-63.842716217041016,-69.14942932128906,1
Mark isn't realizing that the boy sells the face.,Mark isn't realizing what the boy sells the face.,syntax,filler_gap_dependency,wh_vs_that_no_gap,True,False,False,False,172,-51.78095245361328,-54.008758544921875,1
Natalie knew that some doctor isn't criticizing Derek.,Natalie knew who some doctor isn't criticizing Derek.,syntax,filler_gap_dependency,wh_vs_that_no_gap,True,False,False,False,173,-68.02276611328125,-73.63643646240234,1
Some patient learned that the synopsis disagrees with Christina.,Some patient learned who the synopsis disagrees with Christina.,syntax,filler_gap_dependency,wh_vs_that_no_gap,True,False,False,False,174,-65.00514221191406,-70.28868103027344,1
Rhonda had investigated that that cashier doesn't discuss Amelia.,Rhonda had investigated who that cashier doesn't discuss Amelia.,syntax,filler_gap_dependency,wh_vs_that_no_gap,True,False,False,False,175,-90.9217300415039,-94.92221069335938,1
Tamara couldn't conceal that the means irritates that teacher.,Tamara couldn't conceal who the means irritates that teacher.,syntax,filler_gap_dependency,wh_vs_that_no_gap,True,False,False,False,176,-82.7459716796875,-87.34555053710938,1
Kristin does reveal that some adult has found the car.,Kristin does reveal what some adult has found the car.,syntax,filler_gap_dependency,wh_vs_that_no_gap,True,False,False,False,177,-67.74415588378906,-72.75212097167969,1
Those museums investigate that some tomato hurt Jennifer.,Those museums investigate who some tomato hurt Jennifer.,syntax,filler_gap_dependency,wh_vs_that_no_gap,True,False,False,False,178,-72.59770965576172,-76.75325012207031,1
Kayla did learn that some man respected every girl.,Kayla did learn who some man respected every girl.,syntax,filler_gap_dependency,wh_vs_that_no_gap,True,False,False,False,179,-66.04564666748047,-72.34387969970703,1
Homer did conceal that some men respected Mark.,Homer did conceal who some men respected Mark.,syntax,filler_gap_dependency,wh_vs_that_no_gap,True,False,False,False,180,-79.66914367675781,-82.46109008789062,1
Kristen did figure out that these waitresses biked to every high school.,Kristen did figure out what these waitresses biked to every high school.,syntax,filler_gap_dependency,wh_vs_that_no_gap,True,False,False,False,181,-94.21253967285156,-95.91477966308594,1
Kathleen doesn't figure out that this boy is working with most women.,Kathleen doesn't figure out who this boy is working with most women.,syntax,filler_gap_dependency,wh_vs_that_no_gap,True,False,False,False,182,-67.01237487792969,-69.08365631103516,1
Amelia remembers that these actresses have messed up all college campuses.,Amelia remembers what these actresses have messed up all college campuses.,syntax,filler_gap_dependency,wh_vs_that_no_gap,True,False,False,False,183,-73.67018127441406,-76.73204040527344,1
Kristen learned that the waiter was hugging many actresses.,Kristen learned who the waiter was hugging many actresses.,syntax,filler_gap_dependency,wh_vs_that_no_gap,True,False,False,False,184,-63.72904968261719,-69.48383331298828,1
Jane figures out that a lot of actors were watching Steve.,Jane figures out who a lot of actors were watching Steve.,syntax,filler_gap_dependency,wh_vs_that_no_gap,True,False,False,False,185,-57.668941497802734,-62.13365936279297,1
Tara figured out that these dancers haven't kissed the Clintons.,Tara figured out who these dancers haven't kissed the Clintons.,syntax,filler_gap_dependency,wh_vs_that_no_gap,True,False,False,False,186,-76.33777618408203,-81.96366882324219,1
Tonya has investigated that some driver worked with Mary.,Tonya has investigated who some driver worked with Mary.,syntax,filler_gap_dependency,wh_vs_that_no_gap,True,False,False,False,187,-68.96427917480469,-73.85398864746094,1
Heather wasn't forgetting that many guys were climbing up this mountain.,Heather wasn't forgetting what many guys were climbing up this mountain.,syntax,filler_gap_dependency,wh_vs_that_no_gap,True,False,False,False,188,-70.06063842773438,-71.56134033203125,1
These teachers discover that every senator scans a book.,These teachers discover what every senator scans a book.,syntax,filler_gap_dependency,wh_vs_that_no_gap,True,False,False,False,189,-62.16839599609375,-65.13975524902344,1
Alice has discovered that most children can appreciate Leslie.,Alice has discovered who most children can appreciate Leslie.,syntax,filler_gap_dependency,wh_vs_that_no_gap,True,False,False,False,190,-51.40205764770508,-57.560855865478516,1
Many waitresses forgot that this student isn't touring the cafe.,Many waitresses forgot what this student isn't touring the cafe.,syntax,filler_gap_dependency,wh_vs_that_no_gap,True,False,False,False,191,-79.99835968017578,-81.580078125,1
Irene isn't discovering that the woman climbs up most hills.,Irene isn't discovering what the woman climbs up most hills.,syntax,filler_gap_dependency,wh_vs_that_no_gap,True,False,False,False,192,-73.90721130371094,-75.85017395019531,1
Alexander learned that those ladies flee from Colleen.,Alexander learned who those ladies flee from Colleen.,syntax,filler_gap_dependency,wh_vs_that_no_gap,True,False,False,False,193,-57.81082534790039,-62.243289947509766,1
Robert isn't figuring out that most teenagers watched Larry.,Robert isn't figuring out who most teenagers watched Larry.,syntax,filler_gap_dependency,wh_vs_that_no_gap,True,False,False,False,194,-63.78722381591797,-65.42518615722656,1
Some waitress discovers that the women do cure the Lutherans.,Some waitress discovers who the women do cure the Lutherans.,syntax,filler_gap_dependency,wh_vs_that_no_gap,True,False,False,False,195,-74.77191162109375,-82.36128234863281,1
The Clintons remember that men weren't revealing Stacy.,The Clintons remember who men weren't revealing Stacy.,syntax,filler_gap_dependency,wh_vs_that_no_gap,True,False,False,False,196,-65.2448959350586,-70.71723175048828,1
Jeffrey discovered that cats break all cups.,Jeffrey discovered what cats break all cups.,syntax,filler_gap_dependency,wh_vs_that_no_gap,True,False,False,False,197,-57.34347915649414,-62.63584518432617,1
Some guest conceals that those closets look like some prints.,Some guest conceals what those closets look like some prints.,syntax,filler_gap_dependency,wh_vs_that_no_gap,True,False,False,False,198,-70.33346557617188,-71.97682189941406,1
Janice does remember that these students ascended the ladder.,Janice does remember what these students ascended the ladder.,syntax,filler_gap_dependency,wh_vs_that_no_gap,True,False,False,False,199,-68.86262512207031,-73.55810546875,1
Anna had figured out that many theses criticized Gerald.,Anna had figured out who many theses criticized Gerald.,syntax,filler_gap_dependency,wh_vs_that_no_gap,True,False,False,False,200,-70.39028930664062,-74.55648803710938,1
Curtis figured out that many people haven't referenced Dana.,Curtis figured out who many people haven't referenced Dana.,syntax,filler_gap_dependency,wh_vs_that_no_gap,True,False,False,False,201,-73.4732894897461,-79.84980773925781,1
The Impressionists concealed that many waitresses remember most men.,The Impressionists concealed who many waitresses remember most men.,syntax,filler_gap_dependency,wh_vs_that_no_gap,True,False,False,False,202,-91.11566162109375,-95.22763061523438,1
Brett will forget that many slopes resemble some drawings.,Brett will forget what many slopes resemble some drawings.,syntax,filler_gap_dependency,wh_vs_that_no_gap,True,False,False,False,203,-78.12415313720703,-83.56632232666016,1
All senators realize that some painting hasn't alarmed Lissa.,All senators realize who some painting hasn't alarmed Lissa.,syntax,filler_gap_dependency,wh_vs_that_no_gap,True,False,False,False,204,-84.00462341308594,-93.03559875488281,1
Wayne has known that many guys shouldn't notice a dish.,Wayne has known what many guys shouldn't notice a dish.,syntax,filler_gap_dependency,wh_vs_that_no_gap,True,False,False,False,205,-69.71743774414062,-74.5987777709961,1
All waitresses find out that these guests were watching these doctors.,All waitresses find out who these guests were watching these doctors.,syntax,filler_gap_dependency,wh_vs_that_no_gap,True,False,False,False,206,-77.23885345458984,-77.119140625,0
William hasn't concealed that the guest is discovering this sock.,William hasn't concealed what the guest is discovering this sock.,syntax,filler_gap_dependency,wh_vs_that_no_gap,True,False,False,False,207,-72.01725769042969,-75.18829345703125,1
Larry hadn't known that most actors sold that rice.,Larry hadn't known what most actors sold that rice.,syntax,filler_gap_dependency,wh_vs_that_no_gap,True,False,False,False,208,-67.86338806152344,-70.3909912109375,1
Jessica does find out that these waiters skate around every college campus.,Jessica does find out what these waiters skate around every college campus.,syntax,filler_gap_dependency,wh_vs_that_no_gap,True,False,False,False,209,-84.34806060791016,-85.37554931640625,1
Tammy investigates that the senator was biking to a mall.,Tammy investigates what the senator was biking to a mall.,syntax,filler_gap_dependency,wh_vs_that_no_gap,True,False,False,False,210,-75.14897918701172,-75.5061264038086,1
The Clintons conceal that these children are returning to most college campuses.,The Clintons conceal what these children are returning to most college campuses.,syntax,filler_gap_dependency,wh_vs_that_no_gap,True,False,False,False,211,-72.95344543457031,-75.16283416748047,1
Alicia can figure out that that woman is visiting some malls.,Alicia can figure out what that woman is visiting some malls.,syntax,filler_gap_dependency,wh_vs_that_no_gap,True,False,False,False,212,-78.8011474609375,-78.96519470214844,1
Some men reveal that the actress had complained about Pamela.,Some men reveal who the actress had complained about Pamela.,syntax,filler_gap_dependency,wh_vs_that_no_gap,True,False,False,False,213,-61.98210906982422,-67.58301544189453,1
Angela conceals that some man leaves the teacher.,Angela conceals who some man leaves the teacher.,syntax,filler_gap_dependency,wh_vs_that_no_gap,True,False,False,False,214,-62.355438232421875,-65.94731140136719,1
Tamara forgets that these cashiers scan this documentary.,Tamara forgets what these cashiers scan this documentary.,syntax,filler_gap_dependency,wh_vs_that_no_gap,True,False,False,False,215,-80.39482116699219,-80.84396362304688,1
Vincent figured out that many offspring fire Angela.,Vincent figured out who many offspring fire Angela.,syntax,filler_gap_dependency,wh_vs_that_no_gap,True,False,False,False,216,-75.14811706542969,-79.62843322753906,1
A lot of ladies had investigated that the boy did break this cup.,A lot of ladies had investigated what the boy did break this cup.,syntax,filler_gap_dependency,wh_vs_that_no_gap,True,False,False,False,217,-78.12359619140625,-81.42619323730469,1
Kirsten investigated that many banks argue about Ella.,Kirsten investigated who many banks argue about Ella.,syntax,filler_gap_dependency,wh_vs_that_no_gap,True,False,False,False,218,-80.25588989257812,-85.52012634277344,1
Adults forget that every actor visits Eric.,Adults forget who every actor visits Eric.,syntax,filler_gap_dependency,wh_vs_that_no_gap,True,False,False,False,219,-61.13356018066406,-68.03890991210938,1
Some patients conceal that some person bikes to some grocery stores.,Some patients conceal what some person bikes to some grocery stores.,syntax,filler_gap_dependency,wh_vs_that_no_gap,True,False,False,False,220,-76.96601867675781,-77.12109375,1
Some driver had investigated that the planes weren't alarming Lawrence.,Some driver had investigated who the planes weren't alarming Lawrence.,syntax,filler_gap_dependency,wh_vs_that_no_gap,True,False,False,False,221,-84.80332946777344,-90.64189147949219,1
Donald hasn't remembered that the patient talks to those dancers.,Donald hasn't remembered who the patient talks to those dancers.,syntax,filler_gap_dependency,wh_vs_that_no_gap,True,False,False,False,222,-67.4675521850586,-71.38592529296875,1
Ella had realized that many pedestrians couldn't boycott all hills.,Ella had realized what many pedestrians couldn't boycott all hills.,syntax,filler_gap_dependency,wh_vs_that_no_gap,True,False,False,False,223,-84.55096435546875,-91.14295196533203,1
Committees forget that a driver should praise Theodore.,Committees forget who a driver should praise Theodore.,syntax,filler_gap_dependency,wh_vs_that_no_gap,True,False,False,False,224,-72.233154296875,-76.36438751220703,1
Melinda figures out that most eggplants impressed Cindy.,Melinda figures out who most eggplants impressed Cindy.,syntax,filler_gap_dependency,wh_vs_that_no_gap,True,False,False,False,225,-86.9387435913086,-90.57356262207031,1
Christina learned that this painting is aggravating Paul.,Christina learned who this painting is aggravating Paul.,syntax,filler_gap_dependency,wh_vs_that_no_gap,True,False,False,False,226,-60.77418899536133,-67.77165985107422,1
This government had investigated that all governments weren't buying dresses.,This government had investigated what all governments weren't buying dresses.,syntax,filler_gap_dependency,wh_vs_that_no_gap,True,False,False,False,227,-69.80449676513672,-75.28136444091797,1
Lawrence reveals that this doctor didn't buy convertibles.,Lawrence reveals what this doctor didn't buy convertibles.,syntax,filler_gap_dependency,wh_vs_that_no_gap,True,False,False,False,228,-75.76396942138672,-80.54550170898438,1
The Impressionists had realized that most doctors aren't breaking the computer.,The Impressionists had realized what most doctors aren't breaking the computer.,syntax,filler_gap_dependency,wh_vs_that_no_gap,True,False,False,False,229,-76.2374496459961,-83.57719421386719,1
George concealed that that guest shouldn't walk through this hill.,George concealed what that guest shouldn't walk through this hill.,syntax,filler_gap_dependency,wh_vs_that_no_gap,True,False,False,False,230,-74.27116394042969,-76.93634033203125,1
Pamela hadn't investigated that the woman conceals all dancers.,Pamela hadn't investigated who the woman conceals all dancers.,syntax,filler_gap_dependency,wh_vs_that_no_gap,True,False,False,False,231,-84.82029724121094,-89.76348876953125,1
Phillip shouldn't figure out that broccoli could look like those photographs.,Phillip shouldn't figure out what broccoli could look like those photographs.,syntax,filler_gap_dependency,wh_vs_that_no_gap,True,False,False,False,232,-79.49906921386719,-77.87979125976562,0
Suzanne conceals that some teachers leave April.,Suzanne conceals who some teachers leave April.,syntax,filler_gap_dependency,wh_vs_that_no_gap,True,False,False,False,233,-67.68043518066406,-70.08202362060547,1
A person won't investigate that most men haven't left those restaurants.,A person won't investigate what most men haven't left those restaurants.,syntax,filler_gap_dependency,wh_vs_that_no_gap,True,False,False,False,234,-77.44892883300781,-78.49267578125,1
These guests figure out that some guy conceals Melissa.,These guests figure out who some guy conceals Melissa.,syntax,filler_gap_dependency,wh_vs_that_no_gap,True,False,False,False,235,-73.36292266845703,-74.52946472167969,1
Some ladies know that that patient was listening to Samantha.,Some ladies know who that patient was listening to Samantha.,syntax,filler_gap_dependency,wh_vs_that_no_gap,True,False,False,False,236,-61.00608825683594,-63.774898529052734,1
Every patient figures out that all teachers hadn't discussed Candice.,Every patient figures out who all teachers hadn't discussed Candice.,syntax,filler_gap_dependency,wh_vs_that_no_gap,True,False,False,False,237,-79.86308288574219,-83.96234893798828,1
Some pedestrians forgot that some woman is skated around cafes.,Some pedestrians forgot what some woman is skated around cafes.,syntax,filler_gap_dependency,wh_vs_that_no_gap,True,False,False,False,238,-80.3357162475586,-83.71900177001953,1
These hospitals find out that every patient escaped from Bill.,These hospitals find out who every patient escaped from Bill.,syntax,filler_gap_dependency,wh_vs_that_no_gap,True,False,False,False,239,-61.98560333251953,-64.96940612792969,1
All drivers reveal that some drivers research these books.,All drivers reveal what some drivers research these books.,syntax,filler_gap_dependency,wh_vs_that_no_gap,True,False,False,False,240,-61.069374084472656,-64.93089294433594,1
Walter could figure out that this child cleans most malls.,Walter could figure out what this child cleans most malls.,syntax,filler_gap_dependency,wh_vs_that_no_gap,True,False,False,False,241,-75.28387451171875,-77.47451782226562,1
Denise has revealed that most customers upset the drivers.,Denise has revealed who most customers upset the drivers.,syntax,filler_gap_dependency,wh_vs_that_no_gap,True,False,False,False,242,-59.01185607910156,-66.12345886230469,1
Ann figured out that many students lift a lot of hamsters.,Ann figured out what many students lift a lot of hamsters.,syntax,filler_gap_dependency,wh_vs_that_no_gap,True,False,False,False,243,-62.963584899902344,-68.14546966552734,1
Travis wouldn't forget that a lot of adults weren't examining the documentary.,Travis wouldn't forget what a lot of adults weren't examining the documentary.,syntax,filler_gap_dependency,wh_vs_that_no_gap,True,False,False,False,244,-78.02042388916016,-80.90227508544922,1
Leslie investigated that all guests ascend some ladders.,Leslie investigated what all guests ascend some ladders.,syntax,filler_gap_dependency,wh_vs_that_no_gap,True,False,False,False,245,-78.08930206298828,-81.0810775756836,1
Sabrina had revealed that every driver returns to Tammy.,Sabrina had revealed who every driver returns to Tammy.,syntax,filler_gap_dependency,wh_vs_that_no_gap,True,False,False,False,246,-70.11578369140625,-76.31169128417969,1
Carolyn discovers that all people visited Maria.,Carolyn discovers who all people visited Maria.,syntax,filler_gap_dependency,wh_vs_that_no_gap,True,False,False,False,247,-53.4946403503418,-61.125450134277344,1
Heidi had known that a waitress kissed Adam.,Heidi had known who a waitress kissed Adam.,syntax,filler_gap_dependency,wh_vs_that_no_gap,True,False,False,False,248,-62.911197662353516,-65.25602722167969,1
Phillip could know that all drivers fled from some drivers.,Phillip could know who all drivers fled from some drivers.,syntax,filler_gap_dependency,wh_vs_that_no_gap,True,False,False,False,249,-68.91351318359375,-73.1070327758789,1
Sabrina hasn't learned that a lot of drivers hadn't broken these convertibles.,Sabrina hasn't learned what a lot of drivers hadn't broken these convertibles.,syntax,filler_gap_dependency,wh_vs_that_no_gap,True,False,False,False,250,-92.35846710205078,-95.30262756347656,1
Ellen investigates that these teachers run around this restaurant.,Ellen investigates what these teachers run around this restaurant.,syntax,filler_gap_dependency,wh_vs_that_no_gap,True,False,False,False,251,-66.61001586914062,-66.4124526977539,0
Peter learned that a lot of women had skated around most lakes.,Peter learned what a lot of women had skated around most lakes.,syntax,filler_gap_dependency,wh_vs_that_no_gap,True,False,False,False,252,-68.3104248046875,-71.1585464477539,1
Travis hadn't remembered that a child tours the grocery stores.,Travis hadn't remembered what a child tours the grocery stores.,syntax,filler_gap_dependency,wh_vs_that_no_gap,True,False,False,False,253,-80.3542709350586,-80.75639343261719,1
Every boy forgets that every lady hadn't worked with the Borgias.,Every boy forgets who every lady hadn't worked with the Borgias.,syntax,filler_gap_dependency,wh_vs_that_no_gap,True,False,False,False,254,-79.60155487060547,-84.933349609375,1
Paul forgets that that waitress is researching that mountain.,Paul forgets what that waitress is researching that mountain.,syntax,filler_gap_dependency,wh_vs_that_no_gap,True,False,False,False,255,-68.57141876220703,-69.8386001586914,1
Sabrina did forget that all men were boycotting this cafe.,Sabrina did forget what all men were boycotting this cafe.,syntax,filler_gap_dependency,wh_vs_that_no_gap,True,False,False,False,256,-72.12025451660156,-78.59575653076172,1
Derek had learned that all drivers attack Melanie.,Derek had learned who all drivers attack Melanie.,syntax,filler_gap_dependency,wh_vs_that_no_gap,True,False,False,False,257,-69.06619262695312,-74.89884948730469,1
Karla was discovering that many dancers fire Tamara.,Karla was discovering who many dancers fire Tamara.,syntax,filler_gap_dependency,wh_vs_that_no_gap,True,False,False,False,258,-71.11343383789062,-75.64308166503906,1
Those pedestrians learn that that woman has fled from men.,Those pedestrians learn who that woman has fled from men.,syntax,filler_gap_dependency,wh_vs_that_no_gap,True,False,False,False,259,-66.33787536621094,-69.76994323730469,1
Andrew had realized that all associations talk about Linda.,Andrew had realized who all associations talk about Linda.,syntax,filler_gap_dependency,wh_vs_that_no_gap,True,False,False,False,260,-60.90929412841797,-69.13457489013672,1
Renee wasn't discovering that the patients should leave Keith.,Renee wasn't discovering who the patients should leave Keith.,syntax,filler_gap_dependency,wh_vs_that_no_gap,True,False,False,False,261,-69.42688751220703,-73.10678100585938,1
Those pedestrians reveal that every actress talks about Michael.,Those pedestrians reveal who every actress talks about Michael.,syntax,filler_gap_dependency,wh_vs_that_no_gap,True,False,False,False,262,-64.97889709472656,-71.50072479248047,1
Grace knows that a cashier hasn't worn a lot of skirts.,Grace knows what a cashier hasn't worn a lot of skirts.,syntax,filler_gap_dependency,wh_vs_that_no_gap,True,False,False,False,263,-68.60736846923828,-69.70521545410156,1
Daniel could investigate that some mirror hadn't upset Jeffrey.,Daniel could investigate who some mirror hadn't upset Jeffrey.,syntax,filler_gap_dependency,wh_vs_that_no_gap,True,False,False,False,264,-72.94879150390625,-77.64864349365234,1
Regina figures out that all guys were firing Caroline.,Regina figures out who all guys were firing Caroline.,syntax,filler_gap_dependency,wh_vs_that_no_gap,True,False,False,False,265,-76.87992858886719,-79.73523712158203,1
The Clintons forget that that tooth upset some guy.,The Clintons forget who that tooth upset some guy.,syntax,filler_gap_dependency,wh_vs_that_no_gap,True,False,False,False,266,-75.34111022949219,-79.66159057617188,1
Roger wouldn't know that every actress will listen to the waiter.,Roger wouldn't know who every actress will listen to the waiter.,syntax,filler_gap_dependency,wh_vs_that_no_gap,True,False,False,False,267,-60.54204177856445,-63.245086669921875,1
The doctor remembered that a committee hasn't talked to Donna.,The doctor remembered who a committee hasn't talked to Donna.,syntax,filler_gap_dependency,wh_vs_that_no_gap,True,False,False,False,268,-69.27349853515625,-75.06700897216797,1
Those teachers forget that a lot of dogs confused these teenagers.,Those teachers forget who a lot of dogs confused these teenagers.,syntax,filler_gap_dependency,wh_vs_that_no_gap,True,False,False,False,269,-71.08880615234375,-75.93379211425781,1
Katherine isn't discovering that that patient drives to a closet.,Katherine isn't discovering what that patient drives to a closet.,syntax,filler_gap_dependency,wh_vs_that_no_gap,True,False,False,False,270,-77.97695922851562,-78.13053894042969,1
Diana hadn't concealed that most actors have sounded like Edward.,Diana hadn't concealed who most actors have sounded like Edward.,syntax,filler_gap_dependency,wh_vs_that_no_gap,True,False,False,False,271,-81.64640045166016,-87.69572448730469,1
Thomas might learn that all dancers were passing that high school.,Thomas might learn what all dancers were passing that high school.,syntax,filler_gap_dependency,wh_vs_that_no_gap,True,False,False,False,272,-68.13452911376953,-71.6905517578125,1
The Borgias forget that senators should cure Caroline.,The Borgias forget who senators should cure Caroline.,syntax,filler_gap_dependency,wh_vs_that_no_gap,True,False,False,False,273,-78.80892944335938,-83.99420166015625,1
These committees know that those men have argued about the Clintons.,These committees know who those men have argued about the Clintons.,syntax,filler_gap_dependency,wh_vs_that_no_gap,True,False,False,False,274,-60.920738220214844,-68.17820739746094,1
Every university hadn't realized that those children complained about Theresa.,Every university hadn't realized who those children complained about Theresa.,syntax,filler_gap_dependency,wh_vs_that_no_gap,True,False,False,False,275,-64.49038696289062,-71.68154907226562,1
Lawrence hasn't realized that a senator has approached Samuel.,Lawrence hasn't realized who a senator has approached Samuel.,syntax,filler_gap_dependency,wh_vs_that_no_gap,True,False,False,False,276,-68.47547149658203,-73.9684829711914,1
Gregory revealed that that child boasts about Sharon.,Gregory revealed who that child boasts about Sharon.,syntax,filler_gap_dependency,wh_vs_that_no_gap,True,False,False,False,277,-64.88864135742188,-71.4261474609375,1
The Impressionists forget that these girls mess up some art galleries.,The Impressionists forget what these girls mess up some art galleries.,syntax,filler_gap_dependency,wh_vs_that_no_gap,True,False,False,False,278,-82.49974060058594,-87.59933471679688,1
Every association learns that this child descended every ladder.,Every association learns what this child descended every ladder.,syntax,filler_gap_dependency,wh_vs_that_no_gap,True,False,False,False,279,-68.25652313232422,-72.37440490722656,1
Joseph did know that this man praised Lori.,Joseph did know who this man praised Lori.,syntax,filler_gap_dependency,wh_vs_that_no_gap,True,False,False,False,280,-52.057777404785156,-57.36164474487305,1
Stephanie remembered that this woman isn't curing Bradley.,Stephanie remembered who this woman isn't curing Bradley.,syntax,filler_gap_dependency,wh_vs_that_no_gap,True,False,False,False,281,-76.1578369140625,-82.25043487548828,1
The teenagers forget that these students discuss some high schools.,The teenagers forget what these students discuss some high schools.,syntax,filler_gap_dependency,wh_vs_that_no_gap,True,False,False,False,282,-58.67741012573242,-63.46082305908203,1
Sally could forget that a woman hasn't driven to these grocery stores.,Sally could forget what a woman hasn't driven to these grocery stores.,syntax,filler_gap_dependency,wh_vs_that_no_gap,True,False,False,False,283,-79.32490539550781,-83.8980484008789,1
Paula shouldn't find out that a lot of stimuli resemble some sketches.,Paula shouldn't find out what a lot of stimuli resemble some sketches.,syntax,filler_gap_dependency,wh_vs_that_no_gap,True,False,False,False,284,-79.55563354492188,-80.45700073242188,1
Carlos figured out that this doctor wears the coat.,Carlos figured out what this doctor wears the coat.,syntax,filler_gap_dependency,wh_vs_that_no_gap,True,False,False,False,285,-53.710140228271484,-57.852176666259766,1
Larry hadn't concealed that every guy could approach Pamela.,Larry hadn't concealed who every guy could approach Pamela.,syntax,filler_gap_dependency,wh_vs_that_no_gap,True,False,False,False,286,-71.16835021972656,-76.83226013183594,1
Jeffrey remembered that most students have sold some cafes.,Jeffrey remembered what most students have sold some cafes.,syntax,filler_gap_dependency,wh_vs_that_no_gap,True,False,False,False,287,-66.0335693359375,-69.79888153076172,1
Katherine investigates that some company hires every patient.,Katherine investigates who some company hires every patient.,syntax,filler_gap_dependency,wh_vs_that_no_gap,True,False,False,False,288,-68.18004608154297,-72.62642669677734,1
Some customer wasn't realizing that those waiters cleaned a rug.,Some customer wasn't realizing what those waiters cleaned a rug.,syntax,filler_gap_dependency,wh_vs_that_no_gap,True,False,False,False,289,-77.92198181152344,-80.1405029296875,1
Douglas finds out that that boy notices Stephanie.,Douglas finds out who that boy notices Stephanie.,syntax,filler_gap_dependency,wh_vs_that_no_gap,True,False,False,False,290,-69.36956024169922,-70.72875213623047,1
David isn't discovering that some waitress forgot Curtis.,David isn't discovering who some waitress forgot Curtis.,syntax,filler_gap_dependency,wh_vs_that_no_gap,True,False,False,False,291,-63.98362731933594,-67.27752685546875,1
All children had known that these customers do observe many people.,All children had known who these customers do observe many people.,syntax,filler_gap_dependency,wh_vs_that_no_gap,True,False,False,False,292,-75.06782531738281,-79.11619567871094,1
Candice has figured out that an organization doesn't dislike Janet.,Candice has figured out who an organization doesn't dislike Janet.,syntax,filler_gap_dependency,wh_vs_that_no_gap,True,False,False,False,293,-67.81877136230469,-71.34485626220703,1
Laurie found out that all geese descend hills.,Laurie found out what all geese descend hills.,syntax,filler_gap_dependency,wh_vs_that_no_gap,True,False,False,False,294,-70.96971130371094,-76.21124267578125,1
John wasn't investigating that every guy returned to William.,John wasn't investigating who every guy returned to William.,syntax,filler_gap_dependency,wh_vs_that_no_gap,True,False,False,False,295,-60.56999969482422,-64.71622467041016,1
The Lutherans realize that students haven't cleaned a lake.,The Lutherans realize what students haven't cleaned a lake.,syntax,filler_gap_dependency,wh_vs_that_no_gap,True,False,False,False,296,-75.17192840576172,-79.55633544921875,1
All guys discover that a lot of banks weren't working with Heidi.,All guys discover who a lot of banks weren't working with Heidi.,syntax,filler_gap_dependency,wh_vs_that_no_gap,True,False,False,False,297,-75.73200988769531,-79.20463562011719,1
Jacqueline reveals that these committees weren't arguing about Tamara.,Jacqueline reveals who these committees weren't arguing about Tamara.,syntax,filler_gap_dependency,wh_vs_that_no_gap,True,False,False,False,298,-81.89414978027344,-85.32789611816406,1
Monica would find out that every lady walks through all banks.,Monica would find out what every lady walks through all banks.,syntax,filler_gap_dependency,wh_vs_that_no_gap,True,False,False,False,299,-68.38031768798828,-70.70948791503906,1
Nicole hadn't found out that many pants looked like a lot of prints.,Nicole hadn't found out what many pants looked like a lot of prints.,syntax,filler_gap_dependency,wh_vs_that_no_gap,True,False,False,False,300,-74.90318298339844,-78.64299774169922,1
Those boys should forget that a doctor hates Beverly.,Those boys should forget who a doctor hates Beverly.,syntax,filler_gap_dependency,wh_vs_that_no_gap,True,False,False,False,301,-61.21824645996094,-65.22250366210938,1
Jane figured out that all drivers have fixed most wheelbarrows.,Jane figured out what all drivers have fixed most wheelbarrows.,syntax,filler_gap_dependency,wh_vs_that_no_gap,True,False,False,False,302,-72.11722564697266,-76.70988464355469,1
Todd knows that a lot of girls haven't watched a girl.,Todd knows who a lot of girls haven't watched a girl.,syntax,filler_gap_dependency,wh_vs_that_no_gap,True,False,False,False,303,-50.71804428100586,-54.447391510009766,1
Michelle finds out that actors hadn't concealed many rivers.,Michelle finds out what actors hadn't concealed many rivers.,syntax,filler_gap_dependency,wh_vs_that_no_gap,True,False,False,False,304,-69.86280822753906,-70.61408996582031,1
Ellen can know that some broccoli annoyed Harvard University.,Ellen can know what some broccoli annoyed Harvard University.,syntax,filler_gap_dependency,wh_vs_that_no_gap,True,False,False,False,305,-82.81317138671875,-84.88526916503906,1
The teacher can't discover that many drawings hadn't looked like restaurants.,The teacher can't discover what many drawings hadn't looked like restaurants.,syntax,filler_gap_dependency,wh_vs_that_no_gap,True,False,False,False,306,-78.59774780273438,-80.90167236328125,1
That adult was finding out that most guests astound Dana.,That adult was finding out who most guests astound Dana.,syntax,filler_gap_dependency,wh_vs_that_no_gap,True,False,False,False,307,-80.380126953125,-81.51476287841797,1
Judy investigated that this play hadn't disagreed with Andrew.,Judy investigated who this play hadn't disagreed with Andrew.,syntax,filler_gap_dependency,wh_vs_that_no_gap,True,False,False,False,308,-73.726806640625,-78.24433898925781,1
Andrea investigated that every man wore most gloves.,Andrea investigated what every man wore most gloves.,syntax,filler_gap_dependency,wh_vs_that_no_gap,True,False,False,False,309,-70.62542724609375,-72.35077667236328,1
Emily hasn't found out that a lot of men could observe Russell.,Emily hasn't found out who a lot of men could observe Russell.,syntax,filler_gap_dependency,wh_vs_that_no_gap,True,False,False,False,310,-69.6064682006836,-71.61027526855469,1
Some actresses realized that some car irritates these companies.,Some actresses realized what some car irritates these companies.,syntax,filler_gap_dependency,wh_vs_that_no_gap,True,False,False,False,311,-70.10417938232422,-73.56358337402344,1
Mary can't remember that the woman passes a public park.,Mary can't remember what the woman passes a public park.,syntax,filler_gap_dependency,wh_vs_that_no_gap,True,False,False,False,312,-53.70827102661133,-57.68743133544922,1
Some dancers weren't revealing that all senators should complain about politics.,Some dancers weren't revealing what all senators should complain about politics.,syntax,filler_gap_dependency,wh_vs_that_no_gap,True,False,False,False,313,-76.88592529296875,-79.05890655517578,1
A hospital would know that most cakes bothered Randolf.,A hospital would know who most cakes bothered Randolf.,syntax,filler_gap_dependency,wh_vs_that_no_gap,True,False,False,False,314,-83.82295989990234,-88.18790435791016,1
Teresa figured out that every student hid some shirt.,Teresa figured out what every student hid some shirt.,syntax,filler_gap_dependency,wh_vs_that_no_gap,True,False,False,False,315,-66.2462158203125,-71.08483123779297,1
Heather discovered that many children aren't wearing every hat.,Heather discovered what many children aren't wearing every hat.,syntax,filler_gap_dependency,wh_vs_that_no_gap,True,False,False,False,316,-63.859901428222656,-69.6966781616211,1
Kenneth would learn that that screen stunned Kevin.,Kenneth would learn who that screen stunned Kevin.,syntax,filler_gap_dependency,wh_vs_that_no_gap,True,False,False,False,317,-68.02537536621094,-72.65983581542969,1
Alice does conceal that this driver works with some customer.,Alice does conceal who this driver works with some customer.,syntax,filler_gap_dependency,wh_vs_that_no_gap,True,False,False,False,318,-64.84201049804688,-71.63105773925781,1
Kayla is learning that those pamphlets bore Helen.,Kayla is learning who those pamphlets bore Helen.,syntax,filler_gap_dependency,wh_vs_that_no_gap,True,False,False,False,319,-73.18366241455078,-78.44078063964844,1
Jacqueline conceals that every actor didn't exit a movie theater.,Jacqueline conceals what every actor didn't exit a movie theater.,syntax,filler_gap_dependency,wh_vs_that_no_gap,True,False,False,False,320,-86.69248962402344,-89.84480285644531,1
Patricia concealed that most boys are approaching Marla.,Patricia concealed who most boys are approaching Marla.,syntax,filler_gap_dependency,wh_vs_that_no_gap,True,False,False,False,321,-74.77601623535156,-77.2166748046875,1
A lot of waiters find out that that actress escapes from George.,A lot of waiters find out who that actress escapes from George.,syntax,filler_gap_dependency,wh_vs_that_no_gap,True,False,False,False,322,-80.85182189941406,-81.51240539550781,1
These associations forget that some waiters won't conceal the lake.,These associations forget what some waiters won't conceal the lake.,syntax,filler_gap_dependency,wh_vs_that_no_gap,True,False,False,False,323,-78.61439514160156,-83.08699035644531,1
Melanie isn't investigating that the guest sounded like Eric.,Melanie isn't investigating who the guest sounded like Eric.,syntax,filler_gap_dependency,wh_vs_that_no_gap,True,False,False,False,324,-68.05258178710938,-71.45352935791016,1
Some pedestrians figure out that most drivers describe Elizabeth.,Some pedestrians figure out who most drivers describe Elizabeth.,syntax,filler_gap_dependency,wh_vs_that_no_gap,True,False,False,False,325,-68.53462219238281,-70.30206298828125,1
Anne had revealed that some teachers have visited Walter.,Anne had revealed who some teachers have visited Walter.,syntax,filler_gap_dependency,wh_vs_that_no_gap,True,False,False,False,326,-58.55034637451172,-65.10824584960938,1
Some museums forget that these alumni didn't arrive at all restaurants.,Some museums forget what these alumni didn't arrive at all restaurants.,syntax,filler_gap_dependency,wh_vs_that_no_gap,True,False,False,False,327,-73.37973022460938,-77.22994232177734,1
Ronald concealed that a driver drives to all hospitals.,Ronald concealed what a driver drives to all hospitals.,syntax,filler_gap_dependency,wh_vs_that_no_gap,True,False,False,False,328,-70.36397552490234,-72.78273010253906,1
Deanna discovered that that university disgusts Gary.,Deanna discovered who that university disgusts Gary.,syntax,filler_gap_dependency,wh_vs_that_no_gap,True,False,False,False,329,-74.3259506225586,-79.71849060058594,1
Nina hadn't revealed that these children criticize some college campus.,Nina hadn't revealed what these children criticize some college campus.,syntax,filler_gap_dependency,wh_vs_that_no_gap,True,False,False,False,330,-80.86201477050781,-83.9647216796875,1
Paul figures out that some man questions Denise.,Paul figures out who some man questions Denise.,syntax,filler_gap_dependency,wh_vs_that_no_gap,True,False,False,False,331,-59.81481170654297,-64.5118637084961,1
Most committees reveal that some waitresses are climbing down ladders.,Most committees reveal what some waitresses are climbing down ladders.,syntax,filler_gap_dependency,wh_vs_that_no_gap,True,False,False,False,332,-75.08537292480469,-81.10043334960938,1
Donna realizes that these cashiers question the committee.,Donna realizes what these cashiers question the committee.,syntax,filler_gap_dependency,wh_vs_that_no_gap,True,False,False,False,333,-70.67611694335938,-74.3670654296875,1
Naomi wouldn't reveal that the child saw every boy.,Naomi wouldn't reveal who the child saw every boy.,syntax,filler_gap_dependency,wh_vs_that_no_gap,True,False,False,False,334,-63.87391662597656,-66.9058837890625,1
Kristin had revealed that that adult hasn't revealed Suzanne.,Kristin had revealed who that adult hasn't revealed Suzanne.,syntax,filler_gap_dependency,wh_vs_that_no_gap,True,False,False,False,335,-75.86654663085938,-80.7690200805664,1
Most pedestrians remember that that convertible distracted those actors.,Most pedestrians remember who that convertible distracted those actors.,syntax,filler_gap_dependency,wh_vs_that_no_gap,True,False,False,False,336,-75.36304473876953,-78.58889770507812,1
Cindy hasn't figured out that students heal most pedestrians.,Cindy hasn't figured out who students heal most pedestrians.,syntax,filler_gap_dependency,wh_vs_that_no_gap,True,False,False,False,337,-79.01968383789062,-82.76396942138672,1
Dan is learning that those drivers bike to some river.,Dan is learning what those drivers bike to some river.,syntax,filler_gap_dependency,wh_vs_that_no_gap,True,False,False,False,338,-70.70481872558594,-72.78999328613281,1
Sarah discovered that many waitresses break unicycles.,Sarah discovered what many waitresses break unicycles.,syntax,filler_gap_dependency,wh_vs_that_no_gap,True,False,False,False,339,-67.41771697998047,-71.33734130859375,1
Raymond realizes that many girls bike to some hill.,Raymond realizes what many girls bike to some hill.,syntax,filler_gap_dependency,wh_vs_that_no_gap,True,False,False,False,340,-70.86284637451172,-75.54215240478516,1
The libraries discovered that a lot of teenagers find a lot of birds.,The libraries discovered what a lot of teenagers find a lot of birds.,syntax,filler_gap_dependency,wh_vs_that_no_gap,True,False,False,False,341,-60.364654541015625,-66.87512969970703,1
Some museums reveal that that picture looks like the shoes.,Some museums reveal what that picture looks like the shoes.,syntax,filler_gap_dependency,wh_vs_that_no_gap,True,False,False,False,342,-61.708709716796875,-63.08436584472656,1
Donald can learn that this child breaks some carriage.,Donald can learn what this child breaks some carriage.,syntax,filler_gap_dependency,wh_vs_that_no_gap,True,False,False,False,343,-59.16848373413086,-62.0387077331543,1
Carla figures out that the teenager admires Stacy.,Carla figures out who the teenager admires Stacy.,syntax,filler_gap_dependency,wh_vs_that_no_gap,True,False,False,False,344,-66.35899353027344,-70.8819580078125,1
Chad has found out that cucumbers impress Timothy.,Chad has found out who cucumbers impress Timothy.,syntax,filler_gap_dependency,wh_vs_that_no_gap,True,False,False,False,345,-66.44843292236328,-71.60243225097656,1
Those senators find out that the pedestrians arrived at a mall.,Those senators find out what the pedestrians arrived at a mall.,syntax,filler_gap_dependency,wh_vs_that_no_gap,True,False,False,False,346,-63.83662414550781,-64.39253234863281,1
Gregory had revealed that the truck is aggravating Rodney.,Gregory had revealed who the truck is aggravating Rodney.,syntax,filler_gap_dependency,wh_vs_that_no_gap,True,False,False,False,347,-69.03903198242188,-75.28544616699219,1
Ella remembered that most customers discuss Bruce.,Ella remembered who most customers discuss Bruce.,syntax,filler_gap_dependency,wh_vs_that_no_gap,True,False,False,False,348,-68.19479370117188,-73.79237365722656,1
A patient remembers that a child disagrees with Sally.,A patient remembers who a child disagrees with Sally.,syntax,filler_gap_dependency,wh_vs_that_no_gap,True,False,False,False,349,-51.623138427734375,-55.131263732910156,1
Those legislatures know that every doctor could exit art galleries.,Those legislatures know what every doctor could exit art galleries.,syntax,filler_gap_dependency,wh_vs_that_no_gap,True,False,False,False,350,-75.82435607910156,-79.18792724609375,1
Jennifer had forgotten that the guests admired the lights.,Jennifer had forgotten what the guests admired the lights.,syntax,filler_gap_dependency,wh_vs_that_no_gap,True,False,False,False,351,-50.183074951171875,-53.455081939697266,1
Joel was forgetting that actresses bike to a closet.,Joel was forgetting what actresses bike to a closet.,syntax,filler_gap_dependency,wh_vs_that_no_gap,True,False,False,False,352,-73.52040100097656,-77.02182006835938,1
This actor figures out that every child cures Samantha.,This actor figures out who every child cures Samantha.,syntax,filler_gap_dependency,wh_vs_that_no_gap,True,False,False,False,353,-70.37545776367188,-73.78306579589844,1
Tara shouldn't discover that most ladies discuss Leslie.,Tara shouldn't discover who most ladies discuss Leslie.,syntax,filler_gap_dependency,wh_vs_that_no_gap,True,False,False,False,354,-74.43824768066406,-76.07518005371094,1
Charles remembered that cats aren't hurting Ella.,Charles remembered who cats aren't hurting Ella.,syntax,filler_gap_dependency,wh_vs_that_no_gap,True,False,False,False,355,-60.20671844482422,-64.03902435302734,1
Raymond had realized that guests tour that high school.,Raymond had realized what guests tour that high school.,syntax,filler_gap_dependency,wh_vs_that_no_gap,True,False,False,False,356,-71.82099151611328,-75.19090270996094,1
Rodney had learned that that actress is concealing Alan.,Rodney had learned who that actress is concealing Alan.,syntax,filler_gap_dependency,wh_vs_that_no_gap,True,False,False,False,357,-71.32745361328125,-76.42137145996094,1
Dana forgets that that scarf confused Natalie.,Dana forgets who that scarf confused Natalie.,syntax,filler_gap_dependency,wh_vs_that_no_gap,True,False,False,False,358,-72.49854278564453,-75.61936950683594,1
Melissa knew that every guy discovered every popsicle.,Melissa knew what every guy discovered every popsicle.,syntax,filler_gap_dependency,wh_vs_that_no_gap,True,False,False,False,359,-66.98866271972656,-70.69970703125,1
Some people couldn't discover that those pedestrians fled from the grocery stores.,Some people couldn't discover what those pedestrians fled from the grocery stores.,syntax,filler_gap_dependency,wh_vs_that_no_gap,True,False,False,False,360,-67.98918914794922,-70.05316162109375,1
Curtis didn't learn that these alumni weren't leaving Bradley.,Curtis didn't learn who these alumni weren't leaving Bradley.,syntax,filler_gap_dependency,wh_vs_that_no_gap,True,False,False,False,361,-77.30792236328125,-82.86383056640625,1
Andrew has remembered that this child revealed some picture.,Andrew has remembered what this child revealed some picture.,syntax,filler_gap_dependency,wh_vs_that_no_gap,True,False,False,False,362,-55.71207046508789,-58.498023986816406,1
These doctors find out that a painting couldn't look like a lake.,These doctors find out what a painting couldn't look like a lake.,syntax,filler_gap_dependency,wh_vs_that_no_gap,True,False,False,False,363,-65.51946258544922,-62.96957015991211,0
Rebecca was remembering that every association bought many rabbits.,Rebecca was remembering what every association bought many rabbits.,syntax,filler_gap_dependency,wh_vs_that_no_gap,True,False,False,False,364,-78.30512237548828,-82.73994445800781,1
These men had figured out that all waiters boycotted governments.,These men had figured out what all waiters boycotted governments.,syntax,filler_gap_dependency,wh_vs_that_no_gap,True,False,False,False,365,-93.45146179199219,-97.20848083496094,1
Janice has learned that every driver hasn't hired Brett.,Janice has learned who every driver hasn't hired Brett.,syntax,filler_gap_dependency,wh_vs_that_no_gap,True,False,False,False,366,-68.67161560058594,-75.7078857421875,1
Elaine figures out that the children skate around most grocery stores.,Elaine figures out what the children skate around most grocery stores.,syntax,filler_gap_dependency,wh_vs_that_no_gap,True,False,False,False,367,-78.11409759521484,-81.20648193359375,1
Bethany is revealing that this library listened to Janice.,Bethany is revealing who this library listened to Janice.,syntax,filler_gap_dependency,wh_vs_that_no_gap,True,False,False,False,368,-76.68721008300781,-84.23851013183594,1
Those cashiers investigate that every teenager biked to many schools.,Those cashiers investigate what every teenager biked to many schools.,syntax,filler_gap_dependency,wh_vs_that_no_gap,True,False,False,False,369,-83.58493041992188,-86.00723266601562,1
The guys know that some teacher finds that window.,The guys know what some teacher finds that window.,syntax,filler_gap_dependency,wh_vs_that_no_gap,True,False,False,False,370,-63.67578125,-66.54324340820312,1
Lisa wasn't revealing that those geese did climb down this slope.,Lisa wasn't revealing what those geese did climb down this slope.,syntax,filler_gap_dependency,wh_vs_that_no_gap,True,False,False,False,371,-77.0483627319336,-79.61561584472656,1
Rachel remembered that that lady notices those restaurants.,Rachel remembered what that lady notices those restaurants.,syntax,filler_gap_dependency,wh_vs_that_no_gap,True,False,False,False,372,-62.27859878540039,-61.66299819946289,0
That actor learns that some picture was looking like a lot of movie theaters.,That actor learns what some picture was looking like a lot of movie theaters.,syntax,filler_gap_dependency,wh_vs_that_no_gap,True,False,False,False,373,-72.81959533691406,-74.96260070800781,1
Marie isn't realizing that the alumnus approached the Lutherans.,Marie isn't realizing who the alumnus approached the Lutherans.,syntax,filler_gap_dependency,wh_vs_that_no_gap,True,False,False,False,374,-74.74977111816406,-78.99415588378906,1
Those dancers revealed that a doctor should boycott Spain.,Those dancers revealed what a doctor should boycott Spain.,syntax,filler_gap_dependency,wh_vs_that_no_gap,True,False,False,False,375,-71.48698425292969,-74.92028045654297,1
Theresa does remember that some doctors lifted a lot of glasses.,Theresa does remember what some doctors lifted a lot of glasses.,syntax,filler_gap_dependency,wh_vs_that_no_gap,True,False,False,False,376,-73.954345703125,-80.28495788574219,1
Bruce finds out that an actress isn't fixing carts.,Bruce finds out what an actress isn't fixing carts.,syntax,filler_gap_dependency,wh_vs_that_no_gap,True,False,False,False,377,-61.99929428100586,-64.20643615722656,1
Dennis would conceal that some movie theater worries Andrea.,Dennis would conceal who some movie theater worries Andrea.,syntax,filler_gap_dependency,wh_vs_that_no_gap,True,False,False,False,378,-85.79313659667969,-90.03817749023438,1
Janice learned that some teacher wears shawls.,Janice learned what some teacher wears shawls.,syntax,filler_gap_dependency,wh_vs_that_no_gap,True,False,False,False,379,-64.8956527709961,-68.19764709472656,1
This driver has known that every offspring isn't examining that play.,This driver has known what every offspring isn't examining that play.,syntax,filler_gap_dependency,wh_vs_that_no_gap,True,False,False,False,380,-83.0877914428711,-88.11796569824219,1
John investigates that some cashiers have seen glasses.,John investigates what some cashiers have seen glasses.,syntax,filler_gap_dependency,wh_vs_that_no_gap,True,False,False,False,381,-63.35581588745117,-65.27108764648438,1
Anna can't reveal that a child insults Kristen.,Anna can't reveal who a child insults Kristen.,syntax,filler_gap_dependency,wh_vs_that_no_gap,True,False,False,False,382,-59.94244384765625,-60.57419204711914,1
Some museums learn that those children haven't loved Jennifer.,Some museums learn who those children haven't loved Jennifer.,syntax,filler_gap_dependency,wh_vs_that_no_gap,True,False,False,False,383,-67.16220092773438,-72.50279235839844,1
Brad discovers that a lot of cashiers hadn't biked to the lake.,Brad discovers what a lot of cashiers hadn't biked to the lake.,syntax,filler_gap_dependency,wh_vs_that_no_gap,True,False,False,False,384,-78.35845947265625,-82.340087890625,1
The ladies reveal that these drawings shock Colleen.,The ladies reveal who these drawings shock Colleen.,syntax,filler_gap_dependency,wh_vs_that_no_gap,True,False,False,False,385,-73.25152587890625,-78.60694122314453,1
Gregory hadn't discovered that most birds scare Julie.,Gregory hadn't discovered who most birds scare Julie.,syntax,filler_gap_dependency,wh_vs_that_no_gap,True,False,False,False,386,-73.09637451171875,-77.40870666503906,1
William forgot that this guy exits this museum.,William forgot what this guy exits this museum.,syntax,filler_gap_dependency,wh_vs_that_no_gap,True,False,False,False,387,-53.793006896972656,-54.653953552246094,1
Irene realized that the radii distracted Mark.,Irene realized who the radii distracted Mark.,syntax,filler_gap_dependency,wh_vs_that_no_gap,True,False,False,False,388,-70.9947509765625,-79.07313537597656,1
Barbara realized that some university had worked with Tina.,Barbara realized who some university had worked with Tina.,syntax,filler_gap_dependency,wh_vs_that_no_gap,True,False,False,False,389,-64.68180847167969,-72.4228286743164,1
Kenneth conceals that every teenager exits every high school.,Kenneth conceals what every teenager exits every high school.,syntax,filler_gap_dependency,wh_vs_that_no_gap,True,False,False,False,390,-73.3336181640625,-77.74528503417969,1
A lot of legislatures realize that the child might attack Noah.,A lot of legislatures realize who the child might attack Noah.,syntax,filler_gap_dependency,wh_vs_that_no_gap,True,False,False,False,391,-72.77239990234375,-80.4415512084961,1
Paula isn't investigating that this teenager dropped by some library.,Paula isn't investigating what this teenager dropped by some library.,syntax,filler_gap_dependency,wh_vs_that_no_gap,True,False,False,False,392,-77.13603210449219,-78.65630340576172,1
Christina isn't discovering that some theses haven't disagreed with every child.,Christina isn't discovering who some theses haven't disagreed with every child.,syntax,filler_gap_dependency,wh_vs_that_no_gap,True,False,False,False,393,-86.29954528808594,-91.74604797363281,1
All associations find out that some senators fled from Jodi.,All associations find out who some senators fled from Jodi.,syntax,filler_gap_dependency,wh_vs_that_no_gap,True,False,False,False,394,-68.62374877929688,-71.14854431152344,1
Maria won't know that this child was cleaning the forks.,Maria won't know what this child was cleaning the forks.,syntax,filler_gap_dependency,wh_vs_that_no_gap,True,False,False,False,395,-59.3083381652832,-60.210792541503906,1
Michael hadn't discovered that every child did confuse Jennifer.,Michael hadn't discovered who every child did confuse Jennifer.,syntax,filler_gap_dependency,wh_vs_that_no_gap,True,False,False,False,396,-65.29761505126953,-70.31147766113281,1
Teenagers aren't investigating that that senator wasn't selling this pepper.,Teenagers aren't investigating what that senator wasn't selling this pepper.,syntax,filler_gap_dependency,wh_vs_that_no_gap,True,False,False,False,397,-88.38135528564453,-86.16084289550781,0
Paula forgets that a driver can sound like Kathleen.,Paula forgets who a driver can sound like Kathleen.,syntax,filler_gap_dependency,wh_vs_that_no_gap,True,False,False,False,398,-65.61338806152344,-69.74391174316406,1
Cheryl is concealing that that driver climbs down that hill.,Cheryl is concealing what that driver climbs down that hill.,syntax,filler_gap_dependency,wh_vs_that_no_gap,True,False,False,False,399,-91.69856262207031,-92.22498321533203,1
Becky would forget that these children kiss Larry.,Becky would forget who these children kiss Larry.,syntax,filler_gap_dependency,wh_vs_that_no_gap,True,False,False,False,400,-62.01982116699219,-67.00919342041016,1
Gary knows that every woman works with Emily.,Gary knows who every woman works with Emily.,syntax,filler_gap_dependency,wh_vs_that_no_gap,True,False,False,False,401,-40.57237243652344,-45.279884338378906,1
Gerald knew that an organization didn't conceal every doctor.,Gerald knew who an organization didn't conceal every doctor.,syntax,filler_gap_dependency,wh_vs_that_no_gap,True,False,False,False,402,-69.77916717529297,-74.59222412109375,1
Gerald wasn't realizing that the alumnus did drop by a lot of college campuses.,Gerald wasn't realizing what the alumnus did drop by a lot of college campuses.,syntax,filler_gap_dependency,wh_vs_that_no_gap,True,False,False,False,403,-91.4922103881836,-96.0927734375,1
Homer remembers that this student had boycotted that high school.,Homer remembers what this student had boycotted that high school.,syntax,filler_gap_dependency,wh_vs_that_no_gap,True,False,False,False,404,-87.9571762084961,-89.91233825683594,1
These doctors weren't learning that the chicken impresses Ellen.,These doctors weren't learning who the chicken impresses Ellen.,syntax,filler_gap_dependency,wh_vs_that_no_gap,True,False,False,False,405,-74.24008178710938,-80.14183044433594,1
Rachelle is investigating that some rivers upset Larry.,Rachelle is investigating who some rivers upset Larry.,syntax,filler_gap_dependency,wh_vs_that_no_gap,True,False,False,False,406,-68.31678771972656,-73.0352783203125,1
Rebecca could know that many offspring will clean most rugs.,Rebecca could know what many offspring will clean most rugs.,syntax,filler_gap_dependency,wh_vs_that_no_gap,True,False,False,False,407,-80.27365112304688,-83.34580993652344,1
This legislature investigated that many teachers discussed Brian.,This legislature investigated who many teachers discussed Brian.,syntax,filler_gap_dependency,wh_vs_that_no_gap,True,False,False,False,408,-65.62800598144531,-71.11808776855469,1
Monet has learned that a lot of companies buy this bike.,Monet has learned what a lot of companies buy this bike.,syntax,filler_gap_dependency,wh_vs_that_no_gap,True,False,False,False,409,-62.22954559326172,-66.10526275634766,1
Patricia doesn't realize that a lot of cacti scared Thomas.,Patricia doesn't realize who a lot of cacti scared Thomas.,syntax,filler_gap_dependency,wh_vs_that_no_gap,True,False,False,False,410,-77.17839050292969,-82.82579040527344,1
Marla shouldn't figure out that many museums insult the plays.,Marla shouldn't figure out what many museums insult the plays.,syntax,filler_gap_dependency,wh_vs_that_no_gap,True,False,False,False,411,-76.03622436523438,-77.50943756103516,1
Omar investigates that these teenagers weren't complaining about this guy.,Omar investigates who these teenagers weren't complaining about this guy.,syntax,filler_gap_dependency,wh_vs_that_no_gap,True,False,False,False,412,-73.6683349609375,-75.19116973876953,1
Every adult investigates that every lady admires a box.,Every adult investigates what every lady admires a box.,syntax,filler_gap_dependency,wh_vs_that_no_gap,True,False,False,False,413,-64.62405395507812,-66.63529205322266,1
Randolf would realize that committees wouldn't discuss Sally.,Randolf would realize who committees wouldn't discuss Sally.,syntax,filler_gap_dependency,wh_vs_that_no_gap,True,False,False,False,414,-75.29146575927734,-82.68904113769531,1
Debra remembered that this woman has healed Noah.,Debra remembered who this woman has healed Noah.,syntax,filler_gap_dependency,wh_vs_that_no_gap,True,False,False,False,415,-58.492942810058594,-64.46170806884766,1
Carla did conceal that all offspring hid many actors.,Carla did conceal who all offspring hid many actors.,syntax,filler_gap_dependency,wh_vs_that_no_gap,True,False,False,False,416,-82.56082153320312,-87.88494873046875,1
The organizations find out that that pasta worried Elizabeth.,The organizations find out who that pasta worried Elizabeth.,syntax,filler_gap_dependency,wh_vs_that_no_gap,True,False,False,False,417,-76.14873504638672,-75.75877380371094,0
Some senators realize that some guys are researching the banks.,Some senators realize what some guys are researching the banks.,syntax,filler_gap_dependency,wh_vs_that_no_gap,True,False,False,False,418,-58.075584411621094,-63.2242546081543,1
Robert has found out that teenagers reveal Samantha.,Robert has found out who teenagers reveal Samantha.,syntax,filler_gap_dependency,wh_vs_that_no_gap,True,False,False,False,419,-56.80918884277344,-58.9543342590332,1
Marie hadn't realized that some libraries scare Ellen.,Marie hadn't realized who some libraries scare Ellen.,syntax,filler_gap_dependency,wh_vs_that_no_gap,True,False,False,False,420,-63.738128662109375,-70.17510986328125,1
Laura has figured out that students weren't discussing Erin.,Laura has figured out who students weren't discussing Erin.,syntax,filler_gap_dependency,wh_vs_that_no_gap,True,False,False,False,421,-56.542884826660156,-60.23501205444336,1
Derek doesn't forget that a guest wasn't scanning that commentary.,Derek doesn't forget what a guest wasn't scanning that commentary.,syntax,filler_gap_dependency,wh_vs_that_no_gap,True,False,False,False,422,-79.36927795410156,-78.67189025878906,0
Linda hadn't forgotten that this patient kisses Kimberley.,Linda hadn't forgotten who this patient kisses Kimberley.,syntax,filler_gap_dependency,wh_vs_that_no_gap,True,False,False,False,423,-75.29840087890625,-79.38331604003906,1
Elizabeth discovered that waiters didn't explore the glacier.,Elizabeth discovered what waiters didn't explore the glacier.,syntax,filler_gap_dependency,wh_vs_that_no_gap,True,False,False,False,424,-56.67444610595703,-60.12969970703125,1
These waitresses learn that some customer skates around that glacier.,These waitresses learn what some customer skates around that glacier.,syntax,filler_gap_dependency,wh_vs_that_no_gap,True,False,False,False,425,-89.322509765625,-89.7077407836914,1
All ladies weren't forgetting that those hamsters alarm Dennis.,All ladies weren't forgetting who those hamsters alarm Dennis.,syntax,filler_gap_dependency,wh_vs_that_no_gap,True,False,False,False,426,-82.56948852539062,-88.22549438476562,1
The universities figure out that this actress has disgusted a lot of actresses.,The universities figure out who this actress has disgusted a lot of actresses.,syntax,filler_gap_dependency,wh_vs_that_no_gap,True,False,False,False,427,-77.69022369384766,-81.69825744628906,1
Tina had found out that a lot of actresses have messed up some malls.,Tina had found out what a lot of actresses have messed up some malls.,syntax,filler_gap_dependency,wh_vs_that_no_gap,True,False,False,False,428,-81.58512115478516,-85.42135620117188,1
Thomas isn't concealing that every foot hasn't impressed the actor.,Thomas isn't concealing who every foot hasn't impressed the actor.,syntax,filler_gap_dependency,wh_vs_that_no_gap,True,False,False,False,429,-76.88443756103516,-79.85551452636719,1
Eva didn't figure out that this ellipsis disgusts Katherine.,Eva didn't figure out who this ellipsis disgusts Katherine.,syntax,filler_gap_dependency,wh_vs_that_no_gap,True,False,False,False,430,-82.8585205078125,-84.90314483642578,1
Those adults realize that the students go to all art galleries.,Those adults realize what the students go to all art galleries.,syntax,filler_gap_dependency,wh_vs_that_no_gap,True,False,False,False,431,-59.723228454589844,-64.88618469238281,1
Stephanie remembers that many teenagers won't drop by the high school.,Stephanie remembers what many teenagers won't drop by the high school.,syntax,filler_gap_dependency,wh_vs_that_no_gap,True,False,False,False,432,-75.04080200195312,-80.28445434570312,1
A girl isn't investigating that most boys hadn't descended most mountains.,A girl isn't investigating what most boys hadn't descended most mountains.,syntax,filler_gap_dependency,wh_vs_that_no_gap,True,False,False,False,433,-86.90892028808594,-87.58457946777344,1
Derek learns that alumni watch Carol.,Derek learns who alumni watch Carol.,syntax,filler_gap_dependency,wh_vs_that_no_gap,True,False,False,False,434,-60.04045104980469,-63.87561798095703,1
Kendra discovers that an offspring didn't exit many art galleries.,Kendra discovers what an offspring didn't exit many art galleries.,syntax,filler_gap_dependency,wh_vs_that_no_gap,True,False,False,False,435,-88.0097427368164,-91.29994201660156,1
Paul investigates that the adult boasts about Jeffrey.,Paul investigates who the adult boasts about Jeffrey.,syntax,filler_gap_dependency,wh_vs_that_no_gap,True,False,False,False,436,-62.937591552734375,-66.44851684570312,1
Many boys discover that a driver talked about many restaurants.,Many boys discover what a driver talked about many restaurants.,syntax,filler_gap_dependency,wh_vs_that_no_gap,True,False,False,False,437,-67.06961059570312,-67.35713195800781,1
Bradley forgot that a man saw the ladies.,Bradley forgot who a man saw the ladies.,syntax,filler_gap_dependency,wh_vs_that_no_gap,True,False,False,False,438,-53.488834381103516,-56.06129455566406,1
Kristen conceals that the actor observes Dennis.,Kristen conceals who the actor observes Dennis.,syntax,filler_gap_dependency,wh_vs_that_no_gap,True,False,False,False,439,-64.2894515991211,-66.01786804199219,1
Becky reveals that the doctors did hug Douglas.,Becky reveals who the doctors did hug Douglas.,syntax,filler_gap_dependency,wh_vs_that_no_gap,True,False,False,False,440,-62.89760971069336,-67.49928283691406,1
Those customers found out that these students weren't observing Brenda.,Those customers found out who these students weren't observing Brenda.,syntax,filler_gap_dependency,wh_vs_that_no_gap,True,False,False,False,441,-72.5874252319336,-76.33133697509766,1
John investigates that the book hasn't sounded like Erin.,John investigates who the book hasn't sounded like Erin.,syntax,filler_gap_dependency,wh_vs_that_no_gap,True,False,False,False,442,-59.211090087890625,-63.87755584716797,1
The banks had revealed that the offspring had gone to some museum.,The banks had revealed what the offspring had gone to some museum.,syntax,filler_gap_dependency,wh_vs_that_no_gap,True,False,False,False,443,-72.97195434570312,-79.81961059570312,1
Kirsten reveals that some girls cared for Tammy.,Kirsten reveals who some girls cared for Tammy.,syntax,filler_gap_dependency,wh_vs_that_no_gap,True,False,False,False,444,-65.79469299316406,-69.32101440429688,1
Carmen is realizing that a customer skates around this hill.,Carmen is realizing what a customer skates around this hill.,syntax,filler_gap_dependency,wh_vs_that_no_gap,True,False,False,False,445,-77.85295867919922,-79.0309829711914,1
A lot of waiters learn that those men didn't wear this glove.,A lot of waiters learn what those men didn't wear this glove.,syntax,filler_gap_dependency,wh_vs_that_no_gap,True,False,False,False,446,-79.43030548095703,-81.85868835449219,1
Beverly hadn't known that the teenagers boast about Carla.,Beverly hadn't known who the teenagers boast about Carla.,syntax,filler_gap_dependency,wh_vs_that_no_gap,True,False,False,False,447,-77.43704223632812,-80.31912231445312,1
Beth hadn't known that some painting looked like Diane.,Beth hadn't known who some painting looked like Diane.,syntax,filler_gap_dependency,wh_vs_that_no_gap,True,False,False,False,448,-69.72749328613281,-75.68850708007812,1
Russell was finding out that that student hadn't argued about every story.,Russell was finding out what that student hadn't argued about every story.,syntax,filler_gap_dependency,wh_vs_that_no_gap,True,False,False,False,449,-73.26346588134766,-72.06704711914062,0
Bill shouldn't discover that some men drive to the public parks.,Bill shouldn't discover what some men drive to the public parks.,syntax,filler_gap_dependency,wh_vs_that_no_gap,True,False,False,False,450,-66.06903839111328,-68.05296325683594,1
Judy hasn't learned that a lot of analyses hadn't stunned most drivers.,Judy hasn't learned who a lot of analyses hadn't stunned most drivers.,syntax,filler_gap_dependency,wh_vs_that_no_gap,True,False,False,False,451,-86.97545623779297,-93.70420837402344,1
Marcus won't investigate that this sheep has distracted those drivers.,Marcus won't investigate who this sheep has distracted those drivers.,syntax,filler_gap_dependency,wh_vs_that_no_gap,True,False,False,False,452,-72.37334442138672,-74.68011474609375,1
Kirsten did realize that all pedestrians drive to that glacier.,Kirsten did realize what all pedestrians drive to that glacier.,syntax,filler_gap_dependency,wh_vs_that_no_gap,True,False,False,False,453,-81.9185791015625,-87.12983703613281,1
Vincent was investigating that the book hasn't resembled every drawing.,Vincent was investigating what the book hasn't resembled every drawing.,syntax,filler_gap_dependency,wh_vs_that_no_gap,True,False,False,False,454,-77.7781753540039,-80.52561950683594,1
Christina could know that this boy questions the Clintons.,Christina could know who this boy questions the Clintons.,syntax,filler_gap_dependency,wh_vs_that_no_gap,True,False,False,False,455,-70.27107238769531,-72.36624145507812,1
Keith learned that some glasses confused every student.,Keith learned who some glasses confused every student.,syntax,filler_gap_dependency,wh_vs_that_no_gap,True,False,False,False,456,-60.222450256347656,-65.42678833007812,1
Denise has remembered that the octopi broke every screen.,Denise has remembered what the octopi broke every screen.,syntax,filler_gap_dependency,wh_vs_that_no_gap,True,False,False,False,457,-78.912353515625,-81.97175598144531,1
This child couldn't figure out that all senators have visited Kayla.,This child couldn't figure out who all senators have visited Kayla.,syntax,filler_gap_dependency,wh_vs_that_no_gap,True,False,False,False,458,-75.84114074707031,-76.82189178466797,1
Barbara finds out that all people cleaned most icicles.,Barbara finds out what all people cleaned most icicles.,syntax,filler_gap_dependency,wh_vs_that_no_gap,True,False,False,False,459,-75.68550109863281,-76.91638946533203,1
Every hospital had found out that this girl investigates the senator.,Every hospital had found out who this girl investigates the senator.,syntax,filler_gap_dependency,wh_vs_that_no_gap,True,False,False,False,460,-68.52040100097656,-74.1318588256836,1
Spain hadn't discovered that an alumnus scans a movie.,Spain hadn't discovered what an alumnus scans a movie.,syntax,filler_gap_dependency,wh_vs_that_no_gap,True,False,False,False,461,-67.21475219726562,-69.68290710449219,1
Marie finds out that some people hadn't ascended that mountain.,Marie finds out what some people hadn't ascended that mountain.,syntax,filler_gap_dependency,wh_vs_that_no_gap,True,False,False,False,462,-64.72299194335938,-65.28715515136719,1
Most cashiers reveal that some adults hadn't ascended all ladders.,Most cashiers reveal what some adults hadn't ascended all ladders.,syntax,filler_gap_dependency,wh_vs_that_no_gap,True,False,False,False,463,-91.2816162109375,-95.47840881347656,1
Karla realized that this teenager reveals every dish.,Karla realized what this teenager reveals every dish.,syntax,filler_gap_dependency,wh_vs_that_no_gap,True,False,False,False,464,-63.46036911010742,-66.75973510742188,1
Stephanie discovers that these boys reveal these guys.,Stephanie discovers who these boys reveal these guys.,syntax,filler_gap_dependency,wh_vs_that_no_gap,True,False,False,False,465,-62.3913688659668,-66.78529357910156,1
Marcus remembers that guests work with the Clintons.,Marcus remembers who guests work with the Clintons.,syntax,filler_gap_dependency,wh_vs_that_no_gap,True,False,False,False,466,-52.537315368652344,-54.22187805175781,1
Most associations conceal that every student discovered many malls.,Most associations conceal what every student discovered many malls.,syntax,filler_gap_dependency,wh_vs_that_no_gap,True,False,False,False,467,-74.36312103271484,-77.18560791015625,1
These adults forget that these guests reveal the plate.,These adults forget what these guests reveal the plate.,syntax,filler_gap_dependency,wh_vs_that_no_gap,True,False,False,False,468,-59.84130096435547,-64.03385925292969,1
Michelle knew that a lot of girls could bring the shoe.,Michelle knew what a lot of girls could bring the shoe.,syntax,filler_gap_dependency,wh_vs_that_no_gap,True,False,False,False,469,-49.14805221557617,-51.13271713256836,1
Adam wouldn't conceal that this mouth had irritated Adam.,Adam wouldn't conceal who this mouth had irritated Adam.,syntax,filler_gap_dependency,wh_vs_that_no_gap,True,False,False,False,470,-69.9984130859375,-74.12045288085938,1
Connie had forgotten that every man is appreciating Rodney.,Connie had forgotten who every man is appreciating Rodney.,syntax,filler_gap_dependency,wh_vs_that_no_gap,True,False,False,False,471,-69.83199310302734,-74.74189758300781,1
This legislature figures out that these men describe John.,This legislature figures out who these men describe John.,syntax,filler_gap_dependency,wh_vs_that_no_gap,True,False,False,False,472,-60.724853515625,-64.87429809570312,1
Governments know that that man can go to some banks.,Governments know what that man can go to some banks.,syntax,filler_gap_dependency,wh_vs_that_no_gap,True,False,False,False,473,-61.67399597167969,-64.03964233398438,1
Maria discovered that a lot of snakes ascend all stairs.,Maria discovered what a lot of snakes ascend all stairs.,syntax,filler_gap_dependency,wh_vs_that_no_gap,True,False,False,False,474,-62.19202423095703,-65.49778747558594,1
Russell found out that rivers should annoy Douglas.,Russell found out who rivers should annoy Douglas.,syntax,filler_gap_dependency,wh_vs_that_no_gap,True,False,False,False,475,-58.51702117919922,-63.38163757324219,1
April had discovered that many teenagers leave some people.,April had discovered who many teenagers leave some people.,syntax,filler_gap_dependency,wh_vs_that_no_gap,True,False,False,False,476,-54.7745361328125,-62.606224060058594,1
Kayla discovered that some casserole hasn't upset James.,Kayla discovered who some casserole hasn't upset James.,syntax,filler_gap_dependency,wh_vs_that_no_gap,True,False,False,False,477,-74.00933837890625,-80.65044403076172,1
Gerald could find out that every boy discovers Becca.,Gerald could find out who every boy discovers Becca.,syntax,filler_gap_dependency,wh_vs_that_no_gap,True,False,False,False,478,-70.2015151977539,-71.66130065917969,1
Some man realized that this senator hadn't climbed up this ladder.,Some man realized what this senator hadn't climbed up this ladder.,syntax,filler_gap_dependency,wh_vs_that_no_gap,True,False,False,False,479,-74.11203002929688,-77.45875549316406,1
Those committees figure out that that boy had loved Raymond.,Those committees figure out who that boy had loved Raymond.,syntax,filler_gap_dependency,wh_vs_that_no_gap,True,False,False,False,480,-69.95759582519531,-70.098388671875,1
Caroline was learning that the cashiers lift all shawls.,Caroline was learning what the cashiers lift all shawls.,syntax,filler_gap_dependency,wh_vs_that_no_gap,True,False,False,False,481,-83.25402069091797,-87.43473052978516,1
Theodore conceals that a computer was alarming Bill.,Theodore conceals who a computer was alarming Bill.,syntax,filler_gap_dependency,wh_vs_that_no_gap,True,False,False,False,482,-75.1427001953125,-77.83213806152344,1
Thomas discovers that all children will praise Linda.,Thomas discovers who all children will praise Linda.,syntax,filler_gap_dependency,wh_vs_that_no_gap,True,False,False,False,483,-49.89795684814453,-56.32611083984375,1
Sheila remembers that the university boasts about the boy.,Sheila remembers who the university boasts about the boy.,syntax,filler_gap_dependency,wh_vs_that_no_gap,True,False,False,False,484,-58.49089813232422,-62.08757781982422,1
These patients weren't investigating that this school hadn't concealed Rhonda.,These patients weren't investigating who this school hadn't concealed Rhonda.,syntax,filler_gap_dependency,wh_vs_that_no_gap,True,False,False,False,485,-82.50543212890625,-85.34930419921875,1
Some students conceal that that child returned to museums.,Some students conceal what that child returned to museums.,syntax,filler_gap_dependency,wh_vs_that_no_gap,True,False,False,False,486,-64.39462280273438,-63.47908020019531,0
Frank is finding out that every association conceals Julia.,Frank is finding out who every association conceals Julia.,syntax,filler_gap_dependency,wh_vs_that_no_gap,True,False,False,False,487,-67.82272338867188,-69.36563110351562,1
Tiffany is remembering that every newspaper article astounded some waitresses.,Tiffany is remembering who every newspaper article astounded some waitresses.,syntax,filler_gap_dependency,wh_vs_that_no_gap,True,False,False,False,488,-105.94479370117188,-112.59103393554688,1
April hadn't concealed that the unicycles weren't boring the boy.,April hadn't concealed who the unicycles weren't boring the boy.,syntax,filler_gap_dependency,wh_vs_that_no_gap,True,False,False,False,489,-81.58598327636719,-87.41127014160156,1
That student couldn't know that an eye hurt Marcus.,That student couldn't know who an eye hurt Marcus.,syntax,filler_gap_dependency,wh_vs_that_no_gap,True,False,False,False,490,-62.648162841796875,-61.9913215637207,0
Margaret should discover that many guys can conceal Donald.,Margaret should discover who many guys can conceal Donald.,syntax,filler_gap_dependency,wh_vs_that_no_gap,True,False,False,False,491,-75.49342346191406,-78.30066680908203,1
Vanessa wasn't forgetting that many offspring aren't working with Janice.,Vanessa wasn't forgetting who many offspring aren't working with Janice.,syntax,filler_gap_dependency,wh_vs_that_no_gap,True,False,False,False,492,-78.5472412109375,-84.8837890625,1
Barbara conceals that this girl disagrees with Cindy.,Barbara conceals who this girl disagrees with Cindy.,syntax,filler_gap_dependency,wh_vs_that_no_gap,True,False,False,False,493,-67.4925537109375,-69.67662048339844,1
Those guys know that those banks wouldn't sell every shawl.,Those guys know what those banks wouldn't sell every shawl.,syntax,filler_gap_dependency,wh_vs_that_no_gap,True,False,False,False,494,-72.67117309570312,-74.09983825683594,1
Galileo remembers that every guest wasn't scanning this movie.,Galileo remembers what every guest wasn't scanning this movie.,syntax,filler_gap_dependency,wh_vs_that_no_gap,True,False,False,False,495,-72.14668273925781,-77.3118896484375,1
Martha remembers that some grocery stores could shock Brian.,Martha remembers who some grocery stores could shock Brian.,syntax,filler_gap_dependency,wh_vs_that_no_gap,True,False,False,False,496,-69.07786560058594,-73.81555938720703,1
Ruth conceals that those dancers were touring every art gallery.,Ruth conceals what those dancers were touring every art gallery.,syntax,filler_gap_dependency,wh_vs_that_no_gap,True,False,False,False,497,-84.94529724121094,-84.65678405761719,0
Thomas remembered that this drawing hadn't looked like every eggplant.,Thomas remembered what this drawing hadn't looked like every eggplant.,syntax,filler_gap_dependency,wh_vs_that_no_gap,True,False,False,False,498,-70.03382110595703,-71.7192611694336,1
Many girls investigate that students were approaching Kristin.,Many girls investigate who students were approaching Kristin.,syntax,filler_gap_dependency,wh_vs_that_no_gap,True,False,False,False,499,-63.462989807128906,-66.17231750488281,1
Kayla does realize that every patient hasn't talked about these commentaries.,Kayla does realize what every patient hasn't talked about these commentaries.,syntax,filler_gap_dependency,wh_vs_that_no_gap,True,False,False,False,500,-77.84303283691406,-84.41053771972656,1
A library hadn't forgotten that the person is cleaning these jackets.,A library hadn't forgotten what the person is cleaning these jackets.,syntax,filler_gap_dependency,wh_vs_that_no_gap,True,False,False,False,501,-70.54774475097656,-73.38618469238281,1
Daniel is learning that that waitress hadn't ascended this slope.,Daniel is learning what that waitress hadn't ascended this slope.,syntax,filler_gap_dependency,wh_vs_that_no_gap,True,False,False,False,502,-83.23345947265625,-82.93289947509766,0
A lot of customers find out that some doctor had driven to those closets.,A lot of customers find out what some doctor had driven to those closets.,syntax,filler_gap_dependency,wh_vs_that_no_gap,True,False,False,False,503,-85.89212036132812,-84.9966812133789,0
Leslie hadn't forgotten that most waiters disagree with Patricia.,Leslie hadn't forgotten who most waiters disagree with Patricia.,syntax,filler_gap_dependency,wh_vs_that_no_gap,True,False,False,False,504,-78.55792236328125,-81.52738952636719,1
Kendra forgets that the teenagers hire the doctors.,Kendra forgets who the teenagers hire the doctors.,syntax,filler_gap_dependency,wh_vs_that_no_gap,True,False,False,False,505,-64.24508666992188,-67.65979766845703,1
A legislature hasn't remembered that this government did talk to Amy.,A legislature hasn't remembered who this government did talk to Amy.,syntax,filler_gap_dependency,wh_vs_that_no_gap,True,False,False,False,506,-73.10774230957031,-77.79655456542969,1
Guy investigates that most guys researched these libraries.,Guy investigates what most guys researched these libraries.,syntax,filler_gap_dependency,wh_vs_that_no_gap,True,False,False,False,507,-64.10826873779297,-62.12422180175781,0
The Clintons haven't found out that a lot of men biked to a closet.,The Clintons haven't found out what a lot of men biked to a closet.,syntax,filler_gap_dependency,wh_vs_that_no_gap,True,False,False,False,508,-82.84312438964844,-85.924560546875,1
Gina discovers that a print was shocking Theresa.,Gina discovers who a print was shocking Theresa.,syntax,filler_gap_dependency,wh_vs_that_no_gap,True,False,False,False,509,-68.30412292480469,-75.29351806640625,1
The Borgias reveal that a child will dislike most senators.,The Borgias reveal who a child will dislike most senators.,syntax,filler_gap_dependency,wh_vs_that_no_gap,True,False,False,False,510,-74.98912811279297,-81.73656463623047,1
The patients learn that some pedestrian was boycotting these high schools.,The patients learn what some pedestrian was boycotting these high schools.,syntax,filler_gap_dependency,wh_vs_that_no_gap,True,False,False,False,511,-75.62799072265625,-78.08131408691406,1
Clyde wasn't finding out that this alumnus bikes to hills.,Clyde wasn't finding out what this alumnus bikes to hills.,syntax,filler_gap_dependency,wh_vs_that_no_gap,True,False,False,False,512,-94.22720336914062,-93.64679718017578,0
Elaine can figure out that the child can embarrass Steven.,Elaine can figure out who the child can embarrass Steven.,syntax,filler_gap_dependency,wh_vs_that_no_gap,True,False,False,False,513,-70.82073211669922,-73.11129760742188,1
Most companies conceal that the guest can't research travel.,Most companies conceal what the guest can't research travel.,syntax,filler_gap_dependency,wh_vs_that_no_gap,True,False,False,False,514,-75.07097625732422,-75.49173736572266,1
Meredith figures out that a lot of syntheses do shock the organizations.,Meredith figures out what a lot of syntheses do shock the organizations.,syntax,filler_gap_dependency,wh_vs_that_no_gap,True,False,False,False,515,-90.17039489746094,-95.6993179321289,1
Steve is investigating that this restaurant hasn't hurt the Clintons.,Steve is investigating who this restaurant hasn't hurt the Clintons.,syntax,filler_gap_dependency,wh_vs_that_no_gap,True,False,False,False,516,-61.97236633300781,-67.18191528320312,1
Eric hadn't revealed that a lot of newspaper articles disagree with Linda.,Eric hadn't revealed who a lot of newspaper articles disagree with Linda.,syntax,filler_gap_dependency,wh_vs_that_no_gap,True,False,False,False,517,-69.22242736816406,-74.6861801147461,1
Some boy knows that a legislature confuses those banks.,Some boy knows what a legislature confuses those banks.,syntax,filler_gap_dependency,wh_vs_that_no_gap,True,False,False,False,518,-67.05352783203125,-68.8651123046875,1
These women figure out that some waitresses won't explore a mountain.,These women figure out what some waitresses won't explore a mountain.,syntax,filler_gap_dependency,wh_vs_that_no_gap,True,False,False,False,519,-79.7213134765625,-80.85465240478516,1
Suzanne would realize that this story impresses some companies.,Suzanne would realize what this story impresses some companies.,syntax,filler_gap_dependency,wh_vs_that_no_gap,True,False,False,False,520,-66.77578735351562,-72.01939392089844,1
Lawrence remembered that students see Heather.,Lawrence remembered who students see Heather.,syntax,filler_gap_dependency,wh_vs_that_no_gap,True,False,False,False,521,-55.09793472290039,-61.65664291381836,1
Homer hasn't investigated that a lot of actresses wouldn't criticize Daniel.,Homer hasn't investigated who a lot of actresses wouldn't criticize Daniel.,syntax,filler_gap_dependency,wh_vs_that_no_gap,True,False,False,False,522,-84.21470642089844,-87.38715362548828,1
Peter investigated that these senators dislike Lori.,Peter investigated who these senators dislike Lori.,syntax,filler_gap_dependency,wh_vs_that_no_gap,True,False,False,False,523,-65.61258697509766,-69.2662353515625,1
Karla discovered that dancers attacked Claire.,Karla discovered who dancers attacked Claire.,syntax,filler_gap_dependency,wh_vs_that_no_gap,True,False,False,False,524,-53.9661865234375,-59.40050506591797,1
The Lutherans forget that every pedestrian fled from Kimberley.,The Lutherans forget who every pedestrian fled from Kimberley.,syntax,filler_gap_dependency,wh_vs_that_no_gap,True,False,False,False,525,-77.49343872070312,-85.42327880859375,1
Kristin should figure out that the fish resemble paintings.,Kristin should figure out what the fish resemble paintings.,syntax,filler_gap_dependency,wh_vs_that_no_gap,True,False,False,False,526,-65.60722351074219,-66.10003662109375,1
Patrick figured out that those sketches looked like Anna.,Patrick figured out who those sketches looked like Anna.,syntax,filler_gap_dependency,wh_vs_that_no_gap,True,False,False,False,527,-54.669700622558594,-59.28614807128906,1
Phillip can't reveal that many doctors weren't hugging Joel.,Phillip can't reveal who many doctors weren't hugging Joel.,syntax,filler_gap_dependency,wh_vs_that_no_gap,True,False,False,False,528,-78.3605728149414,-82.53795623779297,1
Many schools have forgotten that this dancer hadn't dropped by every movie theater.,Many schools have forgotten what this dancer hadn't dropped by every movie theater.,syntax,filler_gap_dependency,wh_vs_that_no_gap,True,False,False,False,529,-84.85823059082031,-87.99322509765625,1
Raymond concealed that this cake embarrasses Tanya.,Raymond concealed who this cake embarrasses Tanya.,syntax,filler_gap_dependency,wh_vs_that_no_gap,True,False,False,False,530,-81.39627075195312,-86.77255249023438,1
The girl will know that patients will shock Karen.,The girl will know who patients will shock Karen.,syntax,filler_gap_dependency,wh_vs_that_no_gap,True,False,False,False,531,-59.79883575439453,-63.125118255615234,1
Many adults learn that some library has sold those mirrors.,Many adults learn what some library has sold those mirrors.,syntax,filler_gap_dependency,wh_vs_that_no_gap,True,False,False,False,532,-71.72709655761719,-74.94551849365234,1
Paul does discover that some teachers were taking that rice.,Paul does discover what some teachers were taking that rice.,syntax,filler_gap_dependency,wh_vs_that_no_gap,True,False,False,False,533,-68.62818145751953,-70.93278503417969,1
The Borgias reveal that every child goes to some lakes.,The Borgias reveal what every child goes to some lakes.,syntax,filler_gap_dependency,wh_vs_that_no_gap,True,False,False,False,534,-70.22035217285156,-75.97469329833984,1
Erin doesn't find out that the patients alarmed Sharon.,Erin doesn't find out who the patients alarmed Sharon.,syntax,filler_gap_dependency,wh_vs_that_no_gap,True,False,False,False,535,-69.09204864501953,-69.25848388671875,1
Stacy revealed that all waiters bothers Anna.,Stacy revealed who all waiters bothers Anna.,syntax,filler_gap_dependency,wh_vs_that_no_gap,True,False,False,False,536,-67.44047546386719,-73.49723815917969,1
That organization won't conceal that an offspring likes the malls.,That organization won't conceal what an offspring likes the malls.,syntax,filler_gap_dependency,wh_vs_that_no_gap,True,False,False,False,537,-82.75628662109375,-82.7857666015625,1
Gerald hadn't remembered that the women did explore Spain.,Gerald hadn't remembered what the women did explore Spain.,syntax,filler_gap_dependency,wh_vs_that_no_gap,True,False,False,False,538,-73.16162109375,-78.42684936523438,1
All patients concealed that all men visit some closet.,All patients concealed what all men visit some closet.,syntax,filler_gap_dependency,wh_vs_that_no_gap,True,False,False,False,539,-75.45713806152344,-79.26631164550781,1
That association concealed that some lady listens to an adult.,That association concealed who some lady listens to an adult.,syntax,filler_gap_dependency,wh_vs_that_no_gap,True,False,False,False,540,-70.36087036132812,-74.65557098388672,1
Frank does find out that some doctor was returning to a child.,Frank does find out who some doctor was returning to a child.,syntax,filler_gap_dependency,wh_vs_that_no_gap,True,False,False,False,541,-62.37300491333008,-65.10121154785156,1
Steven was forgetting that some mushrooms disgust Tiffany.,Steven was forgetting who some mushrooms disgust Tiffany.,syntax,filler_gap_dependency,wh_vs_that_no_gap,True,False,False,False,542,-74.29660034179688,-80.93649291992188,1
Thomas found out that feet impressed George.,Thomas found out who feet impressed George.,syntax,filler_gap_dependency,wh_vs_that_no_gap,True,False,False,False,543,-53.925559997558594,-57.12034225463867,1
Larry concealed that some dancer has ascended that hill.,Larry concealed what some dancer has ascended that hill.,syntax,filler_gap_dependency,wh_vs_that_no_gap,True,False,False,False,544,-73.86837768554688,-76.09217071533203,1
Angela wasn't revealing that the students aggravates Winston Churchill.,Angela wasn't revealing who the students aggravates Winston Churchill.,syntax,filler_gap_dependency,wh_vs_that_no_gap,True,False,False,False,545,-79.63411712646484,-85.051025390625,1
Some committees knew that actors sell all movie theaters.,Some committees knew what actors sell all movie theaters.,syntax,filler_gap_dependency,wh_vs_that_no_gap,True,False,False,False,546,-64.01695251464844,-68.80879211425781,1
Peter could conceal that some customer does admire Carl.,Peter could conceal who some customer does admire Carl.,syntax,filler_gap_dependency,wh_vs_that_no_gap,True,False,False,False,547,-76.06915283203125,-80.70426940917969,1
Monet isn't finding out that that child discovers the closet.,Monet isn't finding out what that child discovers the closet.,syntax,filler_gap_dependency,wh_vs_that_no_gap,True,False,False,False,548,-76.25535583496094,-74.58203125,0
Ruth couldn't figure out that some boy isn't investigating Alice.,Ruth couldn't figure out who some boy isn't investigating Alice.,syntax,filler_gap_dependency,wh_vs_that_no_gap,True,False,False,False,549,-75.87713623046875,-77.43916320800781,1
Liam is discovering that the water is confusing Judy.,Liam is discovering who the water is confusing Judy.,syntax,filler_gap_dependency,wh_vs_that_no_gap,True,False,False,False,550,-68.91429138183594,-72.3052978515625,1
Gina will discover that those offspring notice Marcus.,Gina will discover who those offspring notice Marcus.,syntax,filler_gap_dependency,wh_vs_that_no_gap,True,False,False,False,551,-72.77071380615234,-76.3982162475586,1
These organizations hadn't forgotten that a dress astounds Heather.,These organizations hadn't forgotten who a dress astounds Heather.,syntax,filler_gap_dependency,wh_vs_that_no_gap,True,False,False,False,552,-85.75218963623047,-87.75086212158203,1
Eva was revealing that most men lift this chair.,Eva was revealing what most men lift this chair.,syntax,filler_gap_dependency,wh_vs_that_no_gap,True,False,False,False,553,-59.45571517944336,-63.222835540771484,1
Dawn has remembered that some hamster breaks this mirror.,Dawn has remembered what some hamster breaks this mirror.,syntax,filler_gap_dependency,wh_vs_that_no_gap,True,False,False,False,554,-76.99620056152344,-77.99773406982422,1
Every student has remembered that some bank listens to many senators.,Every student has remembered who some bank listens to many senators.,syntax,filler_gap_dependency,wh_vs_that_no_gap,True,False,False,False,555,-72.18196105957031,-77.52774810791016,1
Jane hadn't learned that a man remembers Douglas.,Jane hadn't learned who a man remembers Douglas.,syntax,filler_gap_dependency,wh_vs_that_no_gap,True,False,False,False,556,-53.70622253417969,-57.28294372558594,1
Claire finds out that that waitress isn't hiding a cashier.,Claire finds out who that waitress isn't hiding a cashier.,syntax,filler_gap_dependency,wh_vs_that_no_gap,True,False,False,False,557,-75.29613494873047,-77.6016845703125,1
Debra learned that that museum conceals that play.,Debra learned what that museum conceals that play.,syntax,filler_gap_dependency,wh_vs_that_no_gap,True,False,False,False,558,-65.98023223876953,-68.17208099365234,1
A senator remembered that an actress shouldn't lift fish.,A senator remembered what an actress shouldn't lift fish.,syntax,filler_gap_dependency,wh_vs_that_no_gap,True,False,False,False,559,-72.27464294433594,-74.7927474975586,1
Nicole finds out that all teenagers criticized all doctors.,Nicole finds out who all teenagers criticized all doctors.,syntax,filler_gap_dependency,wh_vs_that_no_gap,True,False,False,False,560,-72.31190490722656,-76.07691955566406,1
Karla could forget that all actresses weren't climbing down a lot of steps.,Karla could forget what all actresses weren't climbing down a lot of steps.,syntax,filler_gap_dependency,wh_vs_that_no_gap,True,False,False,False,561,-85.2864761352539,-91.67935943603516,1
Rose hasn't investigated that a documentary alarms Theresa.,Rose hasn't investigated who a documentary alarms Theresa.,syntax,filler_gap_dependency,wh_vs_that_no_gap,True,False,False,False,562,-77.89824676513672,-81.16732025146484,1
That boy shouldn't forget that this senator loves drivers.,That boy shouldn't forget who this senator loves drivers.,syntax,filler_gap_dependency,wh_vs_that_no_gap,True,False,False,False,563,-62.99421310424805,-66.40778350830078,1
Kevin had realized that the adult cares for Holly.,Kevin had realized who the adult cares for Holly.,syntax,filler_gap_dependency,wh_vs_that_no_gap,True,False,False,False,564,-55.64909362792969,-62.40359115600586,1
Joel isn't forgetting that the adult cared for Kendra.,Joel isn't forgetting who the adult cared for Kendra.,syntax,filler_gap_dependency,wh_vs_that_no_gap,True,False,False,False,565,-67.90139770507812,-72.76234436035156,1
Phillip hadn't forgotten that a bank hasn't fired Timothy.,Phillip hadn't forgotten who a bank hasn't fired Timothy.,syntax,filler_gap_dependency,wh_vs_that_no_gap,True,False,False,False,566,-74.72652435302734,-77.66105651855469,1
Thomas learned that some car worries Homer.,Thomas learned who some car worries Homer.,syntax,filler_gap_dependency,wh_vs_that_no_gap,True,False,False,False,567,-60.495460510253906,-65.42308044433594,1
Those schools reveal that the customers remembered Sandra.,Those schools reveal who the customers remembered Sandra.,syntax,filler_gap_dependency,wh_vs_that_no_gap,True,False,False,False,568,-62.85131072998047,-66.76454162597656,1
All women reveal that the women might cure Kristin.,All women reveal who the women might cure Kristin.,syntax,filler_gap_dependency,wh_vs_that_no_gap,True,False,False,False,569,-61.59060287475586,-66.42288970947266,1
The Clintons investigate that these people haven't cared for Eric.,The Clintons investigate who these people haven't cared for Eric.,syntax,filler_gap_dependency,wh_vs_that_no_gap,True,False,False,False,570,-68.96781921386719,-73.83792877197266,1
Donald learns that some adults didn't admire an apple.,Donald learns what some adults didn't admire an apple.,syntax,filler_gap_dependency,wh_vs_that_no_gap,True,False,False,False,571,-63.04145431518555,-67.23025512695312,1
Amanda figures out that every senator admires most girls.,Amanda figures out who every senator admires most girls.,syntax,filler_gap_dependency,wh_vs_that_no_gap,True,False,False,False,572,-76.92947387695312,-82.09661102294922,1
All universities find out that some cashiers haven't noticed Diane.,All universities find out who some cashiers haven't noticed Diane.,syntax,filler_gap_dependency,wh_vs_that_no_gap,True,False,False,False,573,-79.47511291503906,-81.82182312011719,1
Carla realizes that all alumni questioned Janet.,Carla realizes who all alumni questioned Janet.,syntax,filler_gap_dependency,wh_vs_that_no_gap,True,False,False,False,574,-66.12950897216797,-73.34425354003906,1
A lot of teachers learn that those waitresses sounded like Tara.,A lot of teachers learn who those waitresses sounded like Tara.,syntax,filler_gap_dependency,wh_vs_that_no_gap,True,False,False,False,575,-80.67825317382812,-85.29331970214844,1
Susan concealed that all drivers run around some restaurant.,Susan concealed what all drivers run around some restaurant.,syntax,filler_gap_dependency,wh_vs_that_no_gap,True,False,False,False,576,-66.54568481445312,-71.77500915527344,1
Phillip realized that many governments hated Katherine.,Phillip realized who many governments hated Katherine.,syntax,filler_gap_dependency,wh_vs_that_no_gap,True,False,False,False,577,-61.067325592041016,-67.80187225341797,1
Omar wasn't concealing that some unicycles are alarming Julia.,Omar wasn't concealing who some unicycles are alarming Julia.,syntax,filler_gap_dependency,wh_vs_that_no_gap,True,False,False,False,578,-95.47894287109375,-99.13444519042969,1
Some association had discovered that many pedestrians like most unicycles.,Some association had discovered what many pedestrians like most unicycles.,syntax,filler_gap_dependency,wh_vs_that_no_gap,True,False,False,False,579,-77.14041900634766,-83.57516479492188,1
Patricia realized that some offspring cleans many couches.,Patricia realized what some offspring cleans many couches.,syntax,filler_gap_dependency,wh_vs_that_no_gap,True,False,False,False,580,-70.8426284790039,-75.85530853271484,1
Holly wasn't revealing that the alumnus didn't tour all glaciers.,Holly wasn't revealing what the alumnus didn't tour all glaciers.,syntax,filler_gap_dependency,wh_vs_that_no_gap,True,False,False,False,581,-84.76338195800781,-87.4555435180664,1
Sally discovered that those students couldn't drive to the mountain.,Sally discovered what those students couldn't drive to the mountain.,syntax,filler_gap_dependency,wh_vs_that_no_gap,True,False,False,False,582,-62.862571716308594,-66.72369384765625,1
This waitress hasn't figured out that those guys had arrived at that mall.,This waitress hasn't figured out what those guys had arrived at that mall.,syntax,filler_gap_dependency,wh_vs_that_no_gap,True,False,False,False,583,-73.7424545288086,-74.08209228515625,1
A lot of guests are concealing that most men are aggravating Amy.,A lot of guests are concealing who most men are aggravating Amy.,syntax,filler_gap_dependency,wh_vs_that_no_gap,True,False,False,False,584,-83.07293701171875,-86.31430053710938,1
Samuel was learning that some actors clean this bank.,Samuel was learning what some actors clean this bank.,syntax,filler_gap_dependency,wh_vs_that_no_gap,True,False,False,False,585,-71.52632904052734,-74.708740234375,1
Sabrina did find out that every school worried Wendy.,Sabrina did find out who every school worried Wendy.,syntax,filler_gap_dependency,wh_vs_that_no_gap,True,False,False,False,586,-72.55487060546875,-75.35376739501953,1
The senator hadn't revealed that some chicken worries Larry.,The senator hadn't revealed who some chicken worries Larry.,syntax,filler_gap_dependency,wh_vs_that_no_gap,True,False,False,False,587,-76.62940979003906,-81.77923583984375,1
Noah can reveal that the lake distracts Jacqueline.,Noah can reveal who the lake distracts Jacqueline.,syntax,filler_gap_dependency,wh_vs_that_no_gap,True,False,False,False,588,-71.07049560546875,-72.61680603027344,1
Melanie isn't investigating that that company sold some coats.,Melanie isn't investigating what that company sold some coats.,syntax,filler_gap_dependency,wh_vs_that_no_gap,True,False,False,False,589,-73.50537109375,-74.13929748535156,1
Eva had realized that a waitress cared for Wayne.,Eva had realized who a waitress cared for Wayne.,syntax,filler_gap_dependency,wh_vs_that_no_gap,True,False,False,False,590,-54.26710510253906,-59.955711364746094,1
Sabrina knows that some child descends some hill.,Sabrina knows what some child descends some hill.,syntax,filler_gap_dependency,wh_vs_that_no_gap,True,False,False,False,591,-62.526893615722656,-65.70851135253906,1
Veronica isn't figuring out that a customer conceals Vanessa.,Veronica isn't figuring out who a customer conceals Vanessa.,syntax,filler_gap_dependency,wh_vs_that_no_gap,True,False,False,False,592,-74.01351928710938,-74.84919738769531,1
Tammy knew that people hadn't dropped by a river.,Tammy knew what people hadn't dropped by a river.,syntax,filler_gap_dependency,wh_vs_that_no_gap,True,False,False,False,593,-55.871620178222656,-59.186038970947266,1
Dan wasn't revealing that a teenager wasn't visiting some men.,Dan wasn't revealing who a teenager wasn't visiting some men.,syntax,filler_gap_dependency,wh_vs_that_no_gap,True,False,False,False,594,-64.82037353515625,-67.92874145507812,1
Winston Churchill found out that every essay will sound like Rachelle.,Winston Churchill found out who every essay will sound like Rachelle.,syntax,filler_gap_dependency,wh_vs_that_no_gap,True,False,False,False,595,-82.81250762939453,-89.27312469482422,1
Lori won't reveal that some student hadn't worried Carmen.,Lori won't reveal who some student hadn't worried Carmen.,syntax,filler_gap_dependency,wh_vs_that_no_gap,True,False,False,False,596,-78.5787124633789,-83.00544738769531,1
Lucille is discovering that a teacher cleaned the rabbits.,Lucille is discovering what a teacher cleaned the rabbits.,syntax,filler_gap_dependency,wh_vs_that_no_gap,True,False,False,False,597,-68.17096710205078,-68.6116943359375,1
Paula hadn't revealed that the prints hadn't looked like Kendra.,Paula hadn't revealed who the prints hadn't looked like Kendra.,syntax,filler_gap_dependency,wh_vs_that_no_gap,True,False,False,False,598,-73.59099578857422,-78.57710266113281,1
Dan has figured out that all patients haven't researched that hill.,Dan has figured out what all patients haven't researched that hill.,syntax,filler_gap_dependency,wh_vs_that_no_gap,True,False,False,False,599,-68.6202621459961,-73.16181945800781,1
All customers conceal that the schools describe Michael.,All customers conceal who the schools describe Michael.,syntax,filler_gap_dependency,wh_vs_that_no_gap,True,False,False,False,600,-71.2609634399414,-74.71603393554688,1
Jesus remembered that the alumnus would love that guy.,Jesus remembered who the alumnus would love that guy.,syntax,filler_gap_dependency,wh_vs_that_no_gap,True,False,False,False,601,-58.738616943359375,-61.795867919921875,1
All actresses didn't know that the associations aren't disturbing Debra.,All actresses didn't know who the associations aren't disturbing Debra.,syntax,filler_gap_dependency,wh_vs_that_no_gap,True,False,False,False,602,-76.89521789550781,-78.7112808227539,1
Paula learned that the teenagers had taken a lot of skirts.,Paula learned what the teenagers had taken a lot of skirts.,syntax,filler_gap_dependency,wh_vs_that_no_gap,True,False,False,False,603,-63.508975982666016,-70.1746826171875,1
This boy investigates that that commentary annoyed Laura.,This boy investigates who that commentary annoyed Laura.,syntax,filler_gap_dependency,wh_vs_that_no_gap,True,False,False,False,604,-72.9222183227539,-75.09361267089844,1
Rachelle finds out that some turtles were stunning all waiters.,Rachelle finds out who some turtles were stunning all waiters.,syntax,filler_gap_dependency,wh_vs_that_no_gap,True,False,False,False,605,-81.7277603149414,-85.121337890625,1
Sarah investigated that the doctor thinks about the fork.,Sarah investigated what the doctor thinks about the fork.,syntax,filler_gap_dependency,wh_vs_that_no_gap,True,False,False,False,606,-56.725215911865234,-54.46064758300781,0
Rodney learns that a lot of senators aren't working with Jane.,Rodney learns who a lot of senators aren't working with Jane.,syntax,filler_gap_dependency,wh_vs_that_no_gap,True,False,False,False,607,-69.78111267089844,-74.66659545898438,1
Many teenagers are forgetting that a fish will alarm Gerald.,Many teenagers are forgetting who a fish will alarm Gerald.,syntax,filler_gap_dependency,wh_vs_that_no_gap,True,False,False,False,608,-75.39183044433594,-79.35874938964844,1
A customer conceals that a lot of teachers should find Lissa.,A customer conceals who a lot of teachers should find Lissa.,syntax,filler_gap_dependency,wh_vs_that_no_gap,True,False,False,False,609,-87.44961547851562,-89.63816833496094,1
Eva might investigate that this waitress complains about Curtis.,Eva might investigate who this waitress complains about Curtis.,syntax,filler_gap_dependency,wh_vs_that_no_gap,True,False,False,False,610,-62.48420715332031,-64.95745849609375,1
Melinda has concealed that some pedestrians approach Kristin.,Melinda has concealed who some pedestrians approach Kristin.,syntax,filler_gap_dependency,wh_vs_that_no_gap,True,False,False,False,611,-79.75337219238281,-85.36763763427734,1
Amy did find out that this waiter hates the patient.,Amy did find out who this waiter hates the patient.,syntax,filler_gap_dependency,wh_vs_that_no_gap,True,False,False,False,612,-59.81034851074219,-63.271514892578125,1
A waitress did know that all stories won't disagree with the reports.,A waitress did know what all stories won't disagree with the reports.,syntax,filler_gap_dependency,wh_vs_that_no_gap,True,False,False,False,613,-71.96155548095703,-76.51652526855469,1
Scott is concealing that most couches had bothered Valerie.,Scott is concealing who most couches had bothered Valerie.,syntax,filler_gap_dependency,wh_vs_that_no_gap,True,False,False,False,614,-79.14091491699219,-81.3653793334961,1
The actor could remember that this doctor has gone to the rivers.,The actor could remember what this doctor has gone to the rivers.,syntax,filler_gap_dependency,wh_vs_that_no_gap,True,False,False,False,615,-68.14956665039062,-72.7119140625,1
Jennifer conceals that this student wears most socks.,Jennifer conceals what this student wears most socks.,syntax,filler_gap_dependency,wh_vs_that_no_gap,True,False,False,False,616,-58.91554260253906,-60.03240203857422,1
Rose couldn't realize that many dancers fix these screens.,Rose couldn't realize what many dancers fix these screens.,syntax,filler_gap_dependency,wh_vs_that_no_gap,True,False,False,False,617,-62.40632247924805,-66.09516906738281,1
Veronica remembered that a person messes up a lot of cars.,Veronica remembered what a person messes up a lot of cars.,syntax,filler_gap_dependency,wh_vs_that_no_gap,True,False,False,False,618,-70.33009338378906,-73.046630859375,1
Natalie learned that some child is arguing about April.,Natalie learned who some child is arguing about April.,syntax,filler_gap_dependency,wh_vs_that_no_gap,True,False,False,False,619,-61.269466400146484,-67.82594299316406,1
Noah might investigate that an alumnus loves some waitress.,Noah might investigate who an alumnus loves some waitress.,syntax,filler_gap_dependency,wh_vs_that_no_gap,True,False,False,False,620,-81.08490753173828,-83.30717468261719,1
A lot of organizations reveal that all associations boast about that newspaper article.,A lot of organizations reveal what all associations boast about that newspaper article.,syntax,filler_gap_dependency,wh_vs_that_no_gap,True,False,False,False,621,-85.6795425415039,-91.90769958496094,1
Cynthia hasn't investigated that the man attacks Sara.,Cynthia hasn't investigated who the man attacks Sara.,syntax,filler_gap_dependency,wh_vs_that_no_gap,True,False,False,False,622,-74.41856384277344,-78.48534393310547,1
Holly remembers that some actors dislike Angela.,Holly remembers who some actors dislike Angela.,syntax,filler_gap_dependency,wh_vs_that_no_gap,True,False,False,False,623,-61.68046569824219,-65.80265808105469,1
That organization won't figure out that a man discusses some movies.,That organization won't figure out what a man discusses some movies.,syntax,filler_gap_dependency,wh_vs_that_no_gap,True,False,False,False,624,-68.41380310058594,-67.3970718383789,0
That pedestrian was learning that some waitresses climb up all ladders.,That pedestrian was learning what some waitresses climb up all ladders.,syntax,filler_gap_dependency,wh_vs_that_no_gap,True,False,False,False,625,-89.17512512207031,-92.80091857910156,1
Some waiters know that some ladies would buy some bicycles.,Some waiters know what some ladies would buy some bicycles.,syntax,filler_gap_dependency,wh_vs_that_no_gap,True,False,False,False,626,-61.9846305847168,-65.33253479003906,1
Stacey wouldn't realize that some steak resembles the prints.,Stacey wouldn't realize what some steak resembles the prints.,syntax,filler_gap_dependency,wh_vs_that_no_gap,True,False,False,False,627,-71.9070053100586,-75.79490661621094,1
Dancers reveal that every girl did scan this story.,Dancers reveal what every girl did scan this story.,syntax,filler_gap_dependency,wh_vs_that_no_gap,True,False,False,False,628,-62.21117401123047,-67.38777160644531,1
Victoria discovers that every senator scans most newspaper articles.,Victoria discovers what every senator scans most newspaper articles.,syntax,filler_gap_dependency,wh_vs_that_no_gap,True,False,False,False,629,-66.59759521484375,-72.87791442871094,1
Brad hasn't investigated that some pedestrians weren't discussing Katherine.,Brad hasn't investigated who some pedestrians weren't discussing Katherine.,syntax,filler_gap_dependency,wh_vs_that_no_gap,True,False,False,False,630,-78.23641204833984,-81.95677185058594,1
Christine was concealing that a rug won't worry these associations.,Christine was concealing what a rug won't worry these associations.,syntax,filler_gap_dependency,wh_vs_that_no_gap,True,False,False,False,631,-85.34781646728516,-87.34505462646484,1
Caroline finds out that actresses hadn't worn this shirt.,Caroline finds out what actresses hadn't worn this shirt.,syntax,filler_gap_dependency,wh_vs_that_no_gap,True,False,False,False,632,-65.62425231933594,-67.84599304199219,1
Patricia was concealing that that person sells this screen.,Patricia was concealing what that person sells this screen.,syntax,filler_gap_dependency,wh_vs_that_no_gap,True,False,False,False,633,-72.03724670410156,-72.11817169189453,1
Some teachers could realize that the waiters were messing up all grocery stores.,Some teachers could realize what the waiters were messing up all grocery stores.,syntax,filler_gap_dependency,wh_vs_that_no_gap,True,False,False,False,634,-74.32481384277344,-78.87588500976562,1
Carol doesn't remember that every teenager hadn't kissed Paul.,Carol doesn't remember who every teenager hadn't kissed Paul.,syntax,filler_gap_dependency,wh_vs_that_no_gap,True,False,False,False,635,-68.82939147949219,-73.74526977539062,1
Jerry would find out that that man climbs down this slope.,Jerry would find out what that man climbs down this slope.,syntax,filler_gap_dependency,wh_vs_that_no_gap,True,False,False,False,636,-63.852230072021484,-64.17506408691406,1
The senator was finding out that every organization listens to Ella.,The senator was finding out who every organization listens to Ella.,syntax,filler_gap_dependency,wh_vs_that_no_gap,True,False,False,False,637,-72.08889770507812,-75.9464111328125,1
Melissa remembers that those pedestrians tour some mountain.,Melissa remembers what those pedestrians tour some mountain.,syntax,filler_gap_dependency,wh_vs_that_no_gap,True,False,False,False,638,-72.43154907226562,-74.43132019042969,1
Tammy learns that many museums have some closets.,Tammy learns what many museums have some closets.,syntax,filler_gap_dependency,wh_vs_that_no_gap,True,False,False,False,639,-57.44903564453125,-64.21908569335938,1
John can't realize that many cakes impress Paula.,John can't realize who many cakes impress Paula.,syntax,filler_gap_dependency,wh_vs_that_no_gap,True,False,False,False,640,-61.30699157714844,-66.4300537109375,1
Emily figured out that a student wouldn't explore some banks.,Emily figured out what a student wouldn't explore some banks.,syntax,filler_gap_dependency,wh_vs_that_no_gap,True,False,False,False,641,-59.5325927734375,-61.98395538330078,1
Danielle hadn't learned that a lot of alumni flee from Chad.,Danielle hadn't learned who a lot of alumni flee from Chad.,syntax,filler_gap_dependency,wh_vs_that_no_gap,True,False,False,False,642,-76.30897521972656,-80.10383605957031,1
The Borgias forget that a child had investigated a lot of committees.,The Borgias forget what a child had investigated a lot of committees.,syntax,filler_gap_dependency,wh_vs_that_no_gap,True,False,False,False,643,-81.90425872802734,-85.8163070678711,1
Emily discovered that that customer lifts many books.,Emily discovered what that customer lifts many books.,syntax,filler_gap_dependency,wh_vs_that_no_gap,True,False,False,False,644,-60.602081298828125,-61.570220947265625,1
A lady investigates that many guests didn't notice every river.,A lady investigates what many guests didn't notice every river.,syntax,filler_gap_dependency,wh_vs_that_no_gap,True,False,False,False,645,-75.61396026611328,-77.17697143554688,1
A lot of legislatures were finding out that this teenager fires Denise.,A lot of legislatures were finding out who this teenager fires Denise.,syntax,filler_gap_dependency,wh_vs_that_no_gap,True,False,False,False,646,-89.48318481445312,-90.66802978515625,1
A lot of schools hadn't discovered that all students clean the couch.,A lot of schools hadn't discovered what all students clean the couch.,syntax,filler_gap_dependency,wh_vs_that_no_gap,True,False,False,False,647,-71.7685317993164,-78.55016326904297,1
Timothy realizes that prints disturbed Ruth.,Timothy realizes who prints disturbed Ruth.,syntax,filler_gap_dependency,wh_vs_that_no_gap,True,False,False,False,648,-65.20729064941406,-68.45188903808594,1
Charles forgets that every senator does have a lot of eyes.,Charles forgets what every senator does have a lot of eyes.,syntax,filler_gap_dependency,wh_vs_that_no_gap,True,False,False,False,649,-63.010189056396484,-68.77708435058594,1
Marla is learning that that bird can't resemble all sketches.,Marla is learning what that bird can't resemble all sketches.,syntax,filler_gap_dependency,wh_vs_that_no_gap,True,False,False,False,650,-83.99270629882812,-85.31471252441406,1
Jerry is remembering that dancers visit Jessica.,Jerry is remembering who dancers visit Jessica.,syntax,filler_gap_dependency,wh_vs_that_no_gap,True,False,False,False,651,-51.774539947509766,-55.4154052734375,1
These universities know that many customers hadn't worn some shawls.,These universities know what many customers hadn't worn some shawls.,syntax,filler_gap_dependency,wh_vs_that_no_gap,True,False,False,False,652,-76.64878845214844,-81.64979553222656,1
Phillip isn't figuring out that a lot of waiters praise Thomas.,Phillip isn't figuring out who a lot of waiters praise Thomas.,syntax,filler_gap_dependency,wh_vs_that_no_gap,True,False,False,False,653,-80.79066467285156,-82.37410736083984,1
These libraries are finding out that a girl isn't exploring a river.,These libraries are finding out what a girl isn't exploring a river.,syntax,filler_gap_dependency,wh_vs_that_no_gap,True,False,False,False,654,-73.77691650390625,-73.18466186523438,0
Denise learns that every girl revealed some blouses.,Denise learns what every girl revealed some blouses.,syntax,filler_gap_dependency,wh_vs_that_no_gap,True,False,False,False,655,-64.0103759765625,-70.8006820678711,1
Most hospitals figure out that the actors were concealing Roger.,Most hospitals figure out who the actors were concealing Roger.,syntax,filler_gap_dependency,wh_vs_that_no_gap,True,False,False,False,656,-70.91658020019531,-73.04698181152344,1
The Clintons were figuring out that this woman did reveal every shirt.,The Clintons were figuring out what this woman did reveal every shirt.,syntax,filler_gap_dependency,wh_vs_that_no_gap,True,False,False,False,657,-72.57786560058594,-75.71232604980469,1
Some child had realized that every patient can discover Valerie.,Some child had realized who every patient can discover Valerie.,syntax,filler_gap_dependency,wh_vs_that_no_gap,True,False,False,False,658,-67.82279968261719,-74.63449096679688,1
The Lutherans conceal that a woman helps a lot of children.,The Lutherans conceal who a woman helps a lot of children.,syntax,filler_gap_dependency,wh_vs_that_no_gap,True,False,False,False,659,-72.72020721435547,-77.52919006347656,1
Carol hadn't investigated that a waiter should conceal that shirt.,Carol hadn't investigated what a waiter should conceal that shirt.,syntax,filler_gap_dependency,wh_vs_that_no_gap,True,False,False,False,660,-78.45120239257812,-77.46598815917969,0
Sherry isn't remembering that adults watch Christine.,Sherry isn't remembering who adults watch Christine.,syntax,filler_gap_dependency,wh_vs_that_no_gap,True,False,False,False,661,-66.69149780273438,-69.423583984375,1
Harvard University finds out that these ladies saw Craig.,Harvard University finds out who these ladies saw Craig.,syntax,filler_gap_dependency,wh_vs_that_no_gap,True,False,False,False,662,-63.35893630981445,-65.56680297851562,1
These hospitals weren't concealing that most candles impress all universities.,These hospitals weren't concealing what most candles impress all universities.,syntax,filler_gap_dependency,wh_vs_that_no_gap,True,False,False,False,663,-91.13465881347656,-94.0002212524414,1
These companies aren't realizing that the boy complains about Carla.,These companies aren't realizing who the boy complains about Carla.,syntax,filler_gap_dependency,wh_vs_that_no_gap,True,False,False,False,664,-69.28926086425781,-72.10673522949219,1
Mark hasn't discovered that a lady did visit Harvard University.,Mark hasn't discovered what a lady did visit Harvard University.,syntax,filler_gap_dependency,wh_vs_that_no_gap,True,False,False,False,665,-64.86541748046875,-68.10603332519531,1
Lawrence finds out that the restaurants have impressed these universities.,Lawrence finds out what the restaurants have impressed these universities.,syntax,filler_gap_dependency,wh_vs_that_no_gap,True,False,False,False,666,-71.38615417480469,-74.66808319091797,1
Nicole knew that these waitresses resembled all prints.,Nicole knew what these waitresses resembled all prints.,syntax,filler_gap_dependency,wh_vs_that_no_gap,True,False,False,False,667,-76.42723083496094,-80.44680786132812,1
Most universities don't investigate that those grocery stores weren't disgusting Martha.,Most universities don't investigate who those grocery stores weren't disgusting Martha.,syntax,filler_gap_dependency,wh_vs_that_no_gap,True,False,False,False,668,-89.3287353515625,-93.49661254882812,1
Tara should remember that dancers go to a lot of glaciers.,Tara should remember what dancers go to a lot of glaciers.,syntax,filler_gap_dependency,wh_vs_that_no_gap,True,False,False,False,669,-66.76715850830078,-70.34113311767578,1
Michelle found out that every blouse hadn't embarrassed Christina.,Michelle found out who every blouse hadn't embarrassed Christina.,syntax,filler_gap_dependency,wh_vs_that_no_gap,True,False,False,False,670,-68.5440673828125,-73.89778137207031,1
Heather hasn't revealed that most actors escape from Andrew.,Heather hasn't revealed who most actors escape from Andrew.,syntax,filler_gap_dependency,wh_vs_that_no_gap,True,False,False,False,671,-74.57687377929688,-79.42654418945312,1
Gregory isn't realizing that that waiter talks to Jessica.,Gregory isn't realizing who that waiter talks to Jessica.,syntax,filler_gap_dependency,wh_vs_that_no_gap,True,False,False,False,672,-69.51942443847656,-73.7541275024414,1
Many banks reveal that these men skate around some restaurant.,Many banks reveal what these men skate around some restaurant.,syntax,filler_gap_dependency,wh_vs_that_no_gap,True,False,False,False,673,-73.2147216796875,-77.68093872070312,1
Carol conceals that the patient would care for Phillip.,Carol conceals who the patient would care for Phillip.,syntax,filler_gap_dependency,wh_vs_that_no_gap,True,False,False,False,674,-67.74777221679688,-71.1160659790039,1
Frank knows that the senators couldn't sell every turtle.,Frank knows what the senators couldn't sell every turtle.,syntax,filler_gap_dependency,wh_vs_that_no_gap,True,False,False,False,675,-62.96076965332031,-64.8600845336914,1
Catherine can't know that most actors can take that hair.,Catherine can't know what most actors can take that hair.,syntax,filler_gap_dependency,wh_vs_that_no_gap,True,False,False,False,676,-71.07250213623047,-71.78416442871094,1
Janet is revealing that this student questions Gary.,Janet is revealing who this student questions Gary.,syntax,filler_gap_dependency,wh_vs_that_no_gap,True,False,False,False,677,-67.52384948730469,-71.83012390136719,1
Connie forgot that the steps worry Elizabeth.,Connie forgot who the steps worry Elizabeth.,syntax,filler_gap_dependency,wh_vs_that_no_gap,True,False,False,False,678,-69.14671325683594,-72.03767395019531,1
Julia discovers that all adults notice Renee.,Julia discovers who all adults notice Renee.,syntax,filler_gap_dependency,wh_vs_that_no_gap,True,False,False,False,679,-60.78217315673828,-67.76779174804688,1
Michael was figuring out that this person should like Samuel.,Michael was figuring out who this person should like Samuel.,syntax,filler_gap_dependency,wh_vs_that_no_gap,True,False,False,False,680,-54.864830017089844,-58.121543884277344,1
Alicia forgets that the child hadn't lifted the mirrors.,Alicia forgets what the child hadn't lifted the mirrors.,syntax,filler_gap_dependency,wh_vs_that_no_gap,True,False,False,False,681,-76.31831359863281,-78.80146789550781,1
Bradley revealed that some lady would investigate banks.,Bradley revealed what some lady would investigate banks.,syntax,filler_gap_dependency,wh_vs_that_no_gap,True,False,False,False,682,-64.2602310180664,-70.08385467529297,1
These people investigate that this organization buys a lot of pants.,These people investigate what this organization buys a lot of pants.,syntax,filler_gap_dependency,wh_vs_that_no_gap,True,False,False,False,683,-60.395381927490234,-62.732398986816406,1
Most patients investigate that every legislature isn't criticizing a lot of senators.,Most patients investigate who every legislature isn't criticizing a lot of senators.,syntax,filler_gap_dependency,wh_vs_that_no_gap,True,False,False,False,684,-81.96611022949219,-86.81288146972656,1
This dancer knows that the teenagers question Cindy.,This dancer knows who the teenagers question Cindy.,syntax,filler_gap_dependency,wh_vs_that_no_gap,True,False,False,False,685,-62.69261932373047,-64.39032745361328,1
Some committees have realized that some teacher won't walk through these art galleries.,Some committees have realized what some teacher won't walk through these art galleries.,syntax,filler_gap_dependency,wh_vs_that_no_gap,True,False,False,False,686,-80.34225463867188,-85.19974517822266,1
Lucille forgets that all organizations are describing the book.,Lucille forgets what all organizations are describing the book.,syntax,filler_gap_dependency,wh_vs_that_no_gap,True,False,False,False,687,-61.305267333984375,-64.51456451416016,1
Vincent hadn't remembered that every student researched some mall.,Vincent hadn't remembered what every student researched some mall.,syntax,filler_gap_dependency,wh_vs_that_no_gap,True,False,False,False,688,-84.59814453125,-87.2978515625,1
All patients learn that a man examined that report.,All patients learn what a man examined that report.,syntax,filler_gap_dependency,wh_vs_that_no_gap,True,False,False,False,689,-61.271278381347656,-61.651634216308594,1
The library hadn't forgotten that some man had fixed some convertible.,The library hadn't forgotten what some man had fixed some convertible.,syntax,filler_gap_dependency,wh_vs_that_no_gap,True,False,False,False,690,-72.94667053222656,-75.8359375,1
Sabrina could figure out that some pedestrians descended a lot of stairs.,Sabrina could figure out what some pedestrians descended a lot of stairs.,syntax,filler_gap_dependency,wh_vs_that_no_gap,True,False,False,False,691,-77.35006713867188,-80.02870178222656,1
Diana wasn't discovering that a man heals Wayne.,Diana wasn't discovering who a man heals Wayne.,syntax,filler_gap_dependency,wh_vs_that_no_gap,True,False,False,False,692,-65.49944305419922,-68.17147827148438,1
Some pedestrians did know that some man did heal Sabrina.,Some pedestrians did know who some man did heal Sabrina.,syntax,filler_gap_dependency,wh_vs_that_no_gap,True,False,False,False,693,-74.19402313232422,-78.701416015625,1
Maria conceals that a pepper distracted Theresa.,Maria conceals who a pepper distracted Theresa.,syntax,filler_gap_dependency,wh_vs_that_no_gap,True,False,False,False,694,-67.63212585449219,-68.06692504882812,1
The waiters won't realize that those men dislike Colleen.,The waiters won't realize who those men dislike Colleen.,syntax,filler_gap_dependency,wh_vs_that_no_gap,True,False,False,False,695,-71.41836547851562,-76.48307800292969,1
David discovered that the guy isn't helping Gina.,David discovered who the guy isn't helping Gina.,syntax,filler_gap_dependency,wh_vs_that_no_gap,True,False,False,False,696,-56.660552978515625,-62.080413818359375,1
Tiffany knows that every customer hadn't driven to some bank.,Tiffany knows what every customer hadn't driven to some bank.,syntax,filler_gap_dependency,wh_vs_that_no_gap,True,False,False,False,697,-77.33063507080078,-80.30979919433594,1
Most museums discover that this lady took the screen.,Most museums discover what this lady took the screen.,syntax,filler_gap_dependency,wh_vs_that_no_gap,True,False,False,False,698,-58.356021881103516,-57.877105712890625,0
Dawn realized that some girl was concealing Marla.,Dawn realized who some girl was concealing Marla.,syntax,filler_gap_dependency,wh_vs_that_no_gap,True,False,False,False,699,-69.94999694824219,-77.09494018554688,1
All girls find out that every computer shocks those women.,All girls find out who every computer shocks those women.,syntax,filler_gap_dependency,wh_vs_that_no_gap,True,False,False,False,700,-70.05233764648438,-72.74166870117188,1
Carol has known that a lot of boys can hide the mountains.,Carol has known what a lot of boys can hide the mountains.,syntax,filler_gap_dependency,wh_vs_that_no_gap,True,False,False,False,701,-63.05514144897461,-67.9962387084961,1
Ladies have investigated that the pork bores Robert.,Ladies have investigated who the pork bores Robert.,syntax,filler_gap_dependency,wh_vs_that_no_gap,True,False,False,False,702,-76.81033325195312,-81.89364624023438,1
Every guest is finding out that that government helps Danielle.,Every guest is finding out who that government helps Danielle.,syntax,filler_gap_dependency,wh_vs_that_no_gap,True,False,False,False,703,-68.38063049316406,-70.28005981445312,1
Derek remembers that some actresses leave Aaron.,Derek remembers who some actresses leave Aaron.,syntax,filler_gap_dependency,wh_vs_that_no_gap,True,False,False,False,704,-62.12234878540039,-66.91327667236328,1
Rodney didn't conceal that the candle aggravates Paula.,Rodney didn't conceal who the candle aggravates Paula.,syntax,filler_gap_dependency,wh_vs_that_no_gap,True,False,False,False,705,-78.1891860961914,-82.35100555419922,1
Cashiers weren't investigating that some lady sold many birds.,Cashiers weren't investigating what some lady sold many birds.,syntax,filler_gap_dependency,wh_vs_that_no_gap,True,False,False,False,706,-73.19563293457031,-75.47807312011719,1
Jodi remembered that a woman conceals Sally.,Jodi remembered who a woman conceals Sally.,syntax,filler_gap_dependency,wh_vs_that_no_gap,True,False,False,False,707,-67.8949203491211,-71.33268737792969,1
Marla might know that those shoes hadn't disgusted Kayla.,Marla might know who those shoes hadn't disgusted Kayla.,syntax,filler_gap_dependency,wh_vs_that_no_gap,True,False,False,False,708,-85.57300567626953,-91.32130432128906,1
Rodney investigates that the senator disagrees with Charles.,Rodney investigates who the senator disagrees with Charles.,syntax,filler_gap_dependency,wh_vs_that_no_gap,True,False,False,False,709,-62.144222259521484,-64.79985809326172,1
These pedestrians hadn't revealed that that museum hadn't appreciated Phillip.,These pedestrians hadn't revealed who that museum hadn't appreciated Phillip.,syntax,filler_gap_dependency,wh_vs_that_no_gap,True,False,False,False,710,-90.73714447021484,-94.42462158203125,1
Danielle figures out that a lot of adults were noticing this cilantro.,Danielle figures out what a lot of adults were noticing this cilantro.,syntax,filler_gap_dependency,wh_vs_that_no_gap,True,False,False,False,711,-81.39340209960938,-84.28522491455078,1
Some association learns that the teenager hasn't watched this student.,Some association learns who the teenager hasn't watched this student.,syntax,filler_gap_dependency,wh_vs_that_no_gap,True,False,False,False,712,-67.68439483642578,-72.43162536621094,1
Colleen wasn't forgetting that many ladies weren't referencing a lot of reports.,Colleen wasn't forgetting what many ladies weren't referencing a lot of reports.,syntax,filler_gap_dependency,wh_vs_that_no_gap,True,False,False,False,713,-79.51475524902344,-82.77133178710938,1
This teacher forgets that every light disturbs these cashiers.,This teacher forgets who every light disturbs these cashiers.,syntax,filler_gap_dependency,wh_vs_that_no_gap,True,False,False,False,714,-77.99015808105469,-83.73274230957031,1
Helen remembers that some child does skate around some cafes.,Helen remembers what some child does skate around some cafes.,syntax,filler_gap_dependency,wh_vs_that_no_gap,True,False,False,False,715,-75.50729370117188,-77.5367431640625,1
Children investigate that the senators skate around these art galleries.,Children investigate what the senators skate around these art galleries.,syntax,filler_gap_dependency,wh_vs_that_no_gap,True,False,False,False,716,-74.08612060546875,-72.92943572998047,0
Tammy isn't realizing that some waitresses were fleeing from Eva.,Tammy isn't realizing who some waitresses were fleeing from Eva.,syntax,filler_gap_dependency,wh_vs_that_no_gap,True,False,False,False,717,-85.10690307617188,-90.09419250488281,1
Alexander investigates that the adults ascend those stairs.,Alexander investigates what the adults ascend those stairs.,syntax,filler_gap_dependency,wh_vs_that_no_gap,True,False,False,False,718,-63.779415130615234,-63.8680534362793,1
The Clintons forget that a lady fires Meredith.,The Clintons forget who a lady fires Meredith.,syntax,filler_gap_dependency,wh_vs_that_no_gap,True,False,False,False,719,-69.54290008544922,-74.19752502441406,1
Every child hadn't figured out that these offspring have examined this documentary.,Every child hadn't figured out what these offspring have examined this documentary.,syntax,filler_gap_dependency,wh_vs_that_no_gap,True,False,False,False,720,-75.97994995117188,-79.5126953125,1
Sarah hasn't investigated that many boys explore the high schools.,Sarah hasn't investigated what many boys explore the high schools.,syntax,filler_gap_dependency,wh_vs_that_no_gap,True,False,False,False,721,-65.67958068847656,-68.03883361816406,1
Marcus isn't figuring out that a lot of guests are discovering Stacy.,Marcus isn't figuring out who a lot of guests are discovering Stacy.,syntax,filler_gap_dependency,wh_vs_that_no_gap,True,False,False,False,722,-66.77127075195312,-68.46734619140625,1
Jessica isn't figuring out that the senator shouldn't work with Steve.,Jessica isn't figuring out who the senator shouldn't work with Steve.,syntax,filler_gap_dependency,wh_vs_that_no_gap,True,False,False,False,723,-65.336181640625,-66.51842498779297,1
A lot of museums investigate that that waitress passed that grocery store.,A lot of museums investigate what that waitress passed that grocery store.,syntax,filler_gap_dependency,wh_vs_that_no_gap,True,False,False,False,724,-84.6157455444336,-83.5311508178711,0
The library was revealing that those children clean those public parks.,The library was revealing what those children clean those public parks.,syntax,filler_gap_dependency,wh_vs_that_no_gap,True,False,False,False,725,-69.57575988769531,-73.5396499633789,1
Anne wasn't remembering that these schools remember Martha.,Anne wasn't remembering who these schools remember Martha.,syntax,filler_gap_dependency,wh_vs_that_no_gap,True,False,False,False,726,-63.64265823364258,-66.9352035522461,1
Meredith was discovering that a woman helps Tracy.,Meredith was discovering who a woman helps Tracy.,syntax,filler_gap_dependency,wh_vs_that_no_gap,True,False,False,False,727,-63.042808532714844,-67.22471618652344,1
Brian figured out that this legislature didn't fire these guests.,Brian figured out who this legislature didn't fire these guests.,syntax,filler_gap_dependency,wh_vs_that_no_gap,True,False,False,False,728,-65.46755981445312,-70.66262817382812,1
These waitresses know that that adult climbs up those steps.,These waitresses know what that adult climbs up those steps.,syntax,filler_gap_dependency,wh_vs_that_no_gap,True,False,False,False,729,-75.51802062988281,-75.75995635986328,1
Keith wasn't finding out that some pictures look like Raymond.,Keith wasn't finding out who some pictures look like Raymond.,syntax,filler_gap_dependency,wh_vs_that_no_gap,True,False,False,False,730,-62.48581314086914,-63.90187454223633,1
Becky shouldn't figure out that the adults won't know some dancers.,Becky shouldn't figure out who the adults won't know some dancers.,syntax,filler_gap_dependency,wh_vs_that_no_gap,True,False,False,False,731,-72.3943099975586,-72.5381851196289,1
The waitresses figure out that that student wears gloves.,The waitresses figure out what that student wears gloves.,syntax,filler_gap_dependency,wh_vs_that_no_gap,True,False,False,False,732,-70.60706329345703,-72.58517456054688,1
Many committees discover that some pork isn't aggravating many hospitals.,Many committees discover what some pork isn't aggravating many hospitals.,syntax,filler_gap_dependency,wh_vs_that_no_gap,True,False,False,False,733,-80.74828338623047,-84.88607025146484,1
Lisa isn't learning that some driver passed museums.,Lisa isn't learning what some driver passed museums.,syntax,filler_gap_dependency,wh_vs_that_no_gap,True,False,False,False,734,-63.92508316040039,-65.42091369628906,1
That adult has investigated that a lot of men watch Amy.,That adult has investigated who a lot of men watch Amy.,syntax,filler_gap_dependency,wh_vs_that_no_gap,True,False,False,False,735,-73.47142028808594,-77.7030258178711,1
A lot of museums realize that all sheep would break this screen.,A lot of museums realize what all sheep would break this screen.,syntax,filler_gap_dependency,wh_vs_that_no_gap,True,False,False,False,736,-76.890380859375,-81.87458801269531,1
Anna conceals that some guest did clean some hospital.,Anna conceals what some guest did clean some hospital.,syntax,filler_gap_dependency,wh_vs_that_no_gap,True,False,False,False,737,-73.80646514892578,-73.98687744140625,1
Rhonda isn't finding out that all senators hadn't disliked Catherine.,Rhonda isn't finding out who all senators hadn't disliked Catherine.,syntax,filler_gap_dependency,wh_vs_that_no_gap,True,False,False,False,738,-87.53810119628906,-89.58269500732422,1
Every guy figures out that this cafe should aggravate ladies.,Every guy figures out who this cafe should aggravate ladies.,syntax,filler_gap_dependency,wh_vs_that_no_gap,True,False,False,False,739,-75.93734741210938,-81.11206817626953,1
Every organization realized that every pedestrian hadn't passed most rivers.,Every organization realized what every pedestrian hadn't passed most rivers.,syntax,filler_gap_dependency,wh_vs_that_no_gap,True,False,False,False,740,-75.27621459960938,-81.70065307617188,1
Amy had found out that those men questioned Teresa.,Amy had found out who those men questioned Teresa.,syntax,filler_gap_dependency,wh_vs_that_no_gap,True,False,False,False,741,-58.021446228027344,-62.560394287109375,1
Sandra discovered that that man is boycotting that lake.,Sandra discovered what that man is boycotting that lake.,syntax,filler_gap_dependency,wh_vs_that_no_gap,True,False,False,False,742,-70.58157348632812,-72.65154266357422,1
Alexander isn't remembering that the lady boasts about James.,Alexander isn't remembering who the lady boasts about James.,syntax,filler_gap_dependency,wh_vs_that_no_gap,True,False,False,False,743,-61.13739013671875,-63.24949264526367,1
A driver remembers that guys research a lot of drawings.,A driver remembers what guys research a lot of drawings.,syntax,filler_gap_dependency,wh_vs_that_no_gap,True,False,False,False,744,-64.808349609375,-68.10429382324219,1
These waiters do figure out that some series bother Gregory.,These waiters do figure out who some series bother Gregory.,syntax,filler_gap_dependency,wh_vs_that_no_gap,True,False,False,False,745,-83.08744812011719,-86.06949615478516,1
Travis is concealing that some senators weren't exploring all closets.,Travis is concealing what some senators weren't exploring all closets.,syntax,filler_gap_dependency,wh_vs_that_no_gap,True,False,False,False,746,-88.37921905517578,-91.51899719238281,1
Many children remember that many lakes did confuse Monet.,Many children remember who many lakes did confuse Monet.,syntax,filler_gap_dependency,wh_vs_that_no_gap,True,False,False,False,747,-78.46302795410156,-84.12196350097656,1
Roger learned that those pedestrians talk about Omar.,Roger learned who those pedestrians talk about Omar.,syntax,filler_gap_dependency,wh_vs_that_no_gap,True,False,False,False,748,-58.92852783203125,-64.7707290649414,1
A person had forgotten that the boys appreciated the girl.,A person had forgotten who the boys appreciated the girl.,syntax,filler_gap_dependency,wh_vs_that_no_gap,True,False,False,False,749,-53.544639587402344,-56.74078369140625,1
Some dancers figure out that a jacket bores Janice.,Some dancers figure out who a jacket bores Janice.,syntax,filler_gap_dependency,wh_vs_that_no_gap,True,False,False,False,750,-73.92827606201172,-74.95411682128906,1
Dan isn't revealing that many ladies weren't working with Grace.,Dan isn't revealing who many ladies weren't working with Grace.,syntax,filler_gap_dependency,wh_vs_that_no_gap,True,False,False,False,751,-64.50740814208984,-69.40934753417969,1
Those customers reveal that some pedestrians investigated Grace.,Those customers reveal who some pedestrians investigated Grace.,syntax,filler_gap_dependency,wh_vs_that_no_gap,True,False,False,False,752,-74.88268280029297,-78.77348327636719,1
Gregory isn't remembering that most parentheses irritate Tanya.,Gregory isn't remembering who most parentheses irritate Tanya.,syntax,filler_gap_dependency,wh_vs_that_no_gap,True,False,False,False,753,-92.95866394042969,-95.92867279052734,1
A lot of drivers forget that a lot of universities wouldn't impress Clyde.,A lot of drivers forget who a lot of universities wouldn't impress Clyde.,syntax,filler_gap_dependency,wh_vs_that_no_gap,True,False,False,False,754,-90.57843017578125,-96.38121795654297,1
Becca was concealing that that man hasn't returned to Rachelle.,Becca was concealing who that man hasn't returned to Rachelle.,syntax,filler_gap_dependency,wh_vs_that_no_gap,True,False,False,False,755,-84.50593566894531,-87.372314453125,1
Candice finds out that all pedestrians fixed that vase.,Candice finds out what all pedestrians fixed that vase.,syntax,filler_gap_dependency,wh_vs_that_no_gap,True,False,False,False,756,-78.743896484375,-81.81121826171875,1
Janice should forget that these waitresses aren't observing Sharon.,Janice should forget who these waitresses aren't observing Sharon.,syntax,filler_gap_dependency,wh_vs_that_no_gap,True,False,False,False,757,-85.72665405273438,-91.67007446289062,1
Brett might investigate that these banks referenced Carl.,Brett might investigate who these banks referenced Carl.,syntax,filler_gap_dependency,wh_vs_that_no_gap,True,False,False,False,758,-79.34114837646484,-82.99150085449219,1
Some child learned that all offspring boycotted that movie theater.,Some child learned what all offspring boycotted that movie theater.,syntax,filler_gap_dependency,wh_vs_that_no_gap,True,False,False,False,759,-93.02446746826172,-97.50408172607422,1
Deanna knows that the men had known Edward.,Deanna knows who the men had known Edward.,syntax,filler_gap_dependency,wh_vs_that_no_gap,True,False,False,False,760,-56.90061950683594,-59.28486633300781,1
Stacey investigates that a waitress is criticizing Lori.,Stacey investigates who a waitress is criticizing Lori.,syntax,filler_gap_dependency,wh_vs_that_no_gap,True,False,False,False,761,-67.41686248779297,-69.74798583984375,1
A lot of museums conceal that this waitress watched Samantha.,A lot of museums conceal who this waitress watched Samantha.,syntax,filler_gap_dependency,wh_vs_that_no_gap,True,False,False,False,762,-80.58765411376953,-85.04043579101562,1
Douglas didn't forget that a lot of men had worn this shoe.,Douglas didn't forget what a lot of men had worn this shoe.,syntax,filler_gap_dependency,wh_vs_that_no_gap,True,False,False,False,763,-69.77017974853516,-72.9303207397461,1
Matt investigates that a lot of boys hate Jason.,Matt investigates who a lot of boys hate Jason.,syntax,filler_gap_dependency,wh_vs_that_no_gap,True,False,False,False,764,-57.00768280029297,-58.93284225463867,1
Alexander figured out that the senators are observing Carolyn.,Alexander figured out who the senators are observing Carolyn.,syntax,filler_gap_dependency,wh_vs_that_no_gap,True,False,False,False,765,-59.66878890991211,-63.607330322265625,1
Sabrina reveals that the banks embarrass Renee.,Sabrina reveals who the banks embarrass Renee.,syntax,filler_gap_dependency,wh_vs_that_no_gap,True,False,False,False,766,-68.40758514404297,-73.68562316894531,1
Denise is finding out that some offspring hadn't approached Alice.,Denise is finding out who some offspring hadn't approached Alice.,syntax,filler_gap_dependency,wh_vs_that_no_gap,True,False,False,False,767,-78.12552642822266,-80.18660736083984,1
Alice had learned that this museum appreciates Regina.,Alice had learned who this museum appreciates Regina.,syntax,filler_gap_dependency,wh_vs_that_no_gap,True,False,False,False,768,-57.497379302978516,-64.52983856201172,1
Russell wasn't remembering that actresses cleaned a horse.,Russell wasn't remembering what actresses cleaned a horse.,syntax,filler_gap_dependency,wh_vs_that_no_gap,True,False,False,False,769,-65.11642456054688,-66.24406433105469,1
Some senator hasn't known that that child doesn't walk through some mountain.,Some senator hasn't known what that child doesn't walk through some mountain.,syntax,filler_gap_dependency,wh_vs_that_no_gap,True,False,False,False,770,-83.30545806884766,-85.89288330078125,1
A lot of committees investigate that a lot of children aren't listening to Meredith.,A lot of committees investigate who a lot of children aren't listening to Meredith.,syntax,filler_gap_dependency,wh_vs_that_no_gap,True,False,False,False,771,-84.47140502929688,-88.20051574707031,1
Ann was forgetting that this person would scare every dancer.,Ann was forgetting who this person would scare every dancer.,syntax,filler_gap_dependency,wh_vs_that_no_gap,True,False,False,False,772,-65.08121490478516,-72.16139221191406,1
The guests learn that the brochures don't shock Brenda.,The guests learn who the brochures don't shock Brenda.,syntax,filler_gap_dependency,wh_vs_that_no_gap,True,False,False,False,773,-70.795654296875,-77.40406799316406,1
Carlos can find out that some nose bores Emily.,Carlos can find out who some nose bores Emily.,syntax,filler_gap_dependency,wh_vs_that_no_gap,True,False,False,False,774,-73.298095703125,-73.21197509765625,0
Jesus is forgetting that those drivers are walking through that bank.,Jesus is forgetting what those drivers are walking through that bank.,syntax,filler_gap_dependency,wh_vs_that_no_gap,True,False,False,False,775,-60.960227966308594,-64.875244140625,1
Many boys realize that most people do watch Becky.,Many boys realize who most people do watch Becky.,syntax,filler_gap_dependency,wh_vs_that_no_gap,True,False,False,False,776,-60.09814453125,-68.44034576416016,1
Becky realized that a man could go to this hospital.,Becky realized what a man could go to this hospital.,syntax,filler_gap_dependency,wh_vs_that_no_gap,True,False,False,False,777,-49.46007537841797,-52.51619338989258,1
That guest found out that girls climb up most ladders.,That guest found out what girls climb up most ladders.,syntax,filler_gap_dependency,wh_vs_that_no_gap,True,False,False,False,778,-71.11458587646484,-73.82196044921875,1
Sarah is remembering that the legislature helps Rebecca.,Sarah is remembering who the legislature helps Rebecca.,syntax,filler_gap_dependency,wh_vs_that_no_gap,True,False,False,False,779,-56.29829025268555,-60.663021087646484,1
William is forgetting that every boy passes every library.,William is forgetting what every boy passes every library.,syntax,filler_gap_dependency,wh_vs_that_no_gap,True,False,False,False,780,-61.57175827026367,-66.25260925292969,1
A museum doesn't conceal that every senator is referencing Donna.,A museum doesn't conceal who every senator is referencing Donna.,syntax,filler_gap_dependency,wh_vs_that_no_gap,True,False,False,False,781,-82.53472900390625,-88.98628234863281,1
Dawn is finding out that some dog couldn't find the apple.,Dawn is finding out what some dog couldn't find the apple.,syntax,filler_gap_dependency,wh_vs_that_no_gap,True,False,False,False,782,-71.55401611328125,-72.15242767333984,1
Those ladies forget that a dancer lifts ladders.,Those ladies forget what a dancer lifts ladders.,syntax,filler_gap_dependency,wh_vs_that_no_gap,True,False,False,False,783,-63.55571746826172,-65.20060729980469,1
These senators don't discover that many teachers drop by some hospitals.,These senators don't discover what many teachers drop by some hospitals.,syntax,filler_gap_dependency,wh_vs_that_no_gap,True,False,False,False,784,-74.94965362548828,-77.92373657226562,1
The museums figure out that most pedestrians will lift a lot of glasses.,The museums figure out what most pedestrians will lift a lot of glasses.,syntax,filler_gap_dependency,wh_vs_that_no_gap,True,False,False,False,785,-74.3925552368164,-76.91991424560547,1
A lot of waitresses realize that the adults have boycotted the Lutherans.,A lot of waitresses realize who the adults have boycotted the Lutherans.,syntax,filler_gap_dependency,wh_vs_that_no_gap,True,False,False,False,786,-105.89552307128906,-112.28872680664062,1
Sarah isn't learning that every girl hadn't fled from Lisa.,Sarah isn't learning who every girl hadn't fled from Lisa.,syntax,filler_gap_dependency,wh_vs_that_no_gap,True,False,False,False,787,-68.056884765625,-72.43841552734375,1
Ladies remember that that woman had complained about Homer.,Ladies remember who that woman had complained about Homer.,syntax,filler_gap_dependency,wh_vs_that_no_gap,True,False,False,False,788,-65.572509765625,-70.7604751586914,1
Every person doesn't reveal that the alumnus escapes from all malls.,Every person doesn't reveal what the alumnus escapes from all malls.,syntax,filler_gap_dependency,wh_vs_that_no_gap,True,False,False,False,789,-74.0763168334961,-76.83989715576172,1
Renee had revealed that some student climbed up many hills.,Renee had revealed what some student climbed up many hills.,syntax,filler_gap_dependency,wh_vs_that_no_gap,True,False,False,False,790,-73.52593994140625,-77.58493041992188,1
Those dancers investigated that that dancer can't skate around the Great Lakes.,Those dancers investigated what that dancer can't skate around the Great Lakes.,syntax,filler_gap_dependency,wh_vs_that_no_gap,True,False,False,False,791,-89.22891235351562,-89.14927673339844,0
William has known that some doctor referenced Alicia.,William has known who some doctor referenced Alicia.,syntax,filler_gap_dependency,wh_vs_that_no_gap,True,False,False,False,792,-61.97125244140625,-66.69365692138672,1
A lot of men reveal that a man noticed most sweaters.,A lot of men reveal what a man noticed most sweaters.,syntax,filler_gap_dependency,wh_vs_that_no_gap,True,False,False,False,793,-70.2567367553711,-72.32333374023438,1
James is remembering that all students have those art galleries.,James is remembering what all students have those art galleries.,syntax,filler_gap_dependency,wh_vs_that_no_gap,True,False,False,False,794,-56.825042724609375,-61.65724182128906,1
Nicole won't remember that a woman hadn't walked through the public parks.,Nicole won't remember what a woman hadn't walked through the public parks.,syntax,filler_gap_dependency,wh_vs_that_no_gap,True,False,False,False,795,-72.86802673339844,-76.30516052246094,1
A lot of people discover that that library references Sheila.,A lot of people discover who that library references Sheila.,syntax,filler_gap_dependency,wh_vs_that_no_gap,True,False,False,False,796,-69.6789321899414,-71.96775817871094,1
Stephen found out that all senators won't research a photograph.,Stephen found out what all senators won't research a photograph.,syntax,filler_gap_dependency,wh_vs_that_no_gap,True,False,False,False,797,-66.94125366210938,-71.90922546386719,1
These actresses figure out that all cashiers hadn't respected Martin.,These actresses figure out who all cashiers hadn't respected Martin.,syntax,filler_gap_dependency,wh_vs_that_no_gap,True,False,False,False,798,-89.0553207397461,-90.52873992919922,1
Carl conceals that a dancer had worn this shawl.,Carl conceals what a dancer had worn this shawl.,syntax,filler_gap_dependency,wh_vs_that_no_gap,True,False,False,False,799,-70.76582336425781,-71.79534912109375,1
Caroline hadn't found out that some adult scanned a lot of books.,Caroline hadn't found out what some adult scanned a lot of books.,syntax,filler_gap_dependency,wh_vs_that_no_gap,True,False,False,False,800,-77.6708984375,-80.34965515136719,1
The Impressionists realize that this chair doesn't impress Kendra.,The Impressionists realize who this chair doesn't impress Kendra.,syntax,filler_gap_dependency,wh_vs_that_no_gap,True,False,False,False,801,-75.78865051269531,-85.86338806152344,1
The museums discover that some dancers kiss Patrick.,The museums discover who some dancers kiss Patrick.,syntax,filler_gap_dependency,wh_vs_that_no_gap,True,False,False,False,802,-66.43217468261719,-69.62126159667969,1
Meredith reveals that the patient would boast about every teenager.,Meredith reveals who the patient would boast about every teenager.,syntax,filler_gap_dependency,wh_vs_that_no_gap,True,False,False,False,803,-67.552734375,-74.468994140625,1
Victoria does figure out that some women praise Carla.,Victoria does figure out who some women praise Carla.,syntax,filler_gap_dependency,wh_vs_that_no_gap,True,False,False,False,804,-64.50568389892578,-65.52284240722656,1
That patient discovered that the hill bothered Kenneth.,That patient discovered who the hill bothered Kenneth.,syntax,filler_gap_dependency,wh_vs_that_no_gap,True,False,False,False,805,-66.42355346679688,-72.28640747070312,1
Grace has investigated that the committee will boast about all senators.,Grace has investigated who the committee will boast about all senators.,syntax,filler_gap_dependency,wh_vs_that_no_gap,True,False,False,False,806,-72.45913696289062,-78.28515625,1
Patricia reveals that those children sell every bird.,Patricia reveals what those children sell every bird.,syntax,filler_gap_dependency,wh_vs_that_no_gap,True,False,False,False,807,-58.43535232543945,-62.374000549316406,1
Alicia wasn't remembering that some girl boasted about Kimberley.,Alicia wasn't remembering who some girl boasted about Kimberley.,syntax,filler_gap_dependency,wh_vs_that_no_gap,True,False,False,False,808,-87.38838958740234,-91.45272064208984,1
Melanie finds out that a student can't visit those closets.,Melanie finds out what a student can't visit those closets.,syntax,filler_gap_dependency,wh_vs_that_no_gap,True,False,False,False,809,-72.3822250366211,-73.84765625,1
Todd shouldn't forget that these students couldn't bike to some hill.,Todd shouldn't forget what these students couldn't bike to some hill.,syntax,filler_gap_dependency,wh_vs_that_no_gap,True,False,False,False,810,-75.44014739990234,-77.98342895507812,1
Pedestrians conceal that some ice irritates Heather.,Pedestrians conceal who some ice irritates Heather.,syntax,filler_gap_dependency,wh_vs_that_no_gap,True,False,False,False,811,-84.19017791748047,-88.80208587646484,1
Catherine investigates that this waitress can reveal Heidi.,Catherine investigates who this waitress can reveal Heidi.,syntax,filler_gap_dependency,wh_vs_that_no_gap,True,False,False,False,812,-68.85401916503906,-72.45915222167969,1
Galileo will remember that many theses shocked Wendy.,Galileo will remember who many theses shocked Wendy.,syntax,filler_gap_dependency,wh_vs_that_no_gap,True,False,False,False,813,-81.3387222290039,-88.51045227050781,1
Patrick found out that all guys boast about Angela.,Patrick found out who all guys boast about Angela.,syntax,filler_gap_dependency,wh_vs_that_no_gap,True,False,False,False,814,-59.06873321533203,-62.57011795043945,1
All adults forget that that library had admired Colleen.,All adults forget who that library had admired Colleen.,syntax,filler_gap_dependency,wh_vs_that_no_gap,True,False,False,False,815,-72.57196044921875,-76.50677490234375,1
Some museum won't remember that a cashier should go to a mountain.,Some museum won't remember what a cashier should go to a mountain.,syntax,filler_gap_dependency,wh_vs_that_no_gap,True,False,False,False,816,-68.96255493164062,-71.3011703491211,1
A museum figures out that that customer couldn't admire these books.,A museum figures out what that customer couldn't admire these books.,syntax,filler_gap_dependency,wh_vs_that_no_gap,True,False,False,False,817,-78.11275482177734,-78.8055419921875,1
Dana was investigating that the museum impressed Clyde.,Dana was investigating who the museum impressed Clyde.,syntax,filler_gap_dependency,wh_vs_that_no_gap,True,False,False,False,818,-66.56047058105469,-72.40826416015625,1
Sherry concealed that most ladies escaped from Stacey.,Sherry concealed who most ladies escaped from Stacey.,syntax,filler_gap_dependency,wh_vs_that_no_gap,True,False,False,False,819,-74.14347839355469,-76.33073425292969,1
A lot of teachers discover that a lot of steps astounded Brenda.,A lot of teachers discover who a lot of steps astounded Brenda.,syntax,filler_gap_dependency,wh_vs_that_no_gap,True,False,False,False,820,-82.54006958007812,-86.32986450195312,1
The Clintons figure out that these doctors returned to Randolf.,The Clintons figure out who these doctors returned to Randolf.,syntax,filler_gap_dependency,wh_vs_that_no_gap,True,False,False,False,821,-78.97068786621094,-81.72674560546875,1
Randolf realized that a carriage is stunning Heidi.,Randolf realized who a carriage is stunning Heidi.,syntax,filler_gap_dependency,wh_vs_that_no_gap,True,False,False,False,822,-72.89495849609375,-79.56219482421875,1
Some person can discover that this fish finds that ice cream.,Some person can discover what this fish finds that ice cream.,syntax,filler_gap_dependency,wh_vs_that_no_gap,True,False,False,False,823,-65.71057891845703,-66.2839126586914,1
Bruce realizes that the man could fire Gregory.,Bruce realizes who the man could fire Gregory.,syntax,filler_gap_dependency,wh_vs_that_no_gap,True,False,False,False,824,-52.083335876464844,-58.20552062988281,1
Bethany would reveal that some students could heal the Impressionists.,Bethany would reveal who some students could heal the Impressionists.,syntax,filler_gap_dependency,wh_vs_that_no_gap,True,False,False,False,825,-83.03607177734375,-88.50333404541016,1
A lot of men figure out that every student appreciates Michael.,A lot of men figure out who every student appreciates Michael.,syntax,filler_gap_dependency,wh_vs_that_no_gap,True,False,False,False,826,-68.7919921875,-71.66990661621094,1
Rodney can't conceal that schools worry Wayne.,Rodney can't conceal who schools worry Wayne.,syntax,filler_gap_dependency,wh_vs_that_no_gap,True,False,False,False,827,-76.03557586669922,-78.19896697998047,1
Cindy can know that boys broke dishes.,Cindy can know what boys broke dishes.,syntax,filler_gap_dependency,wh_vs_that_no_gap,True,False,False,False,828,-68.90997314453125,-70.692138671875,1
Carrie does investigate that some dancer wore every hat.,Carrie does investigate what some dancer wore every hat.,syntax,filler_gap_dependency,wh_vs_that_no_gap,True,False,False,False,829,-78.90122985839844,-79.44554138183594,1
Teresa knows that most children can't leave Danielle.,Teresa knows who most children can't leave Danielle.,syntax,filler_gap_dependency,wh_vs_that_no_gap,True,False,False,False,830,-62.086891174316406,-66.02542114257812,1
The dancers figure out that many theses praised Chad.,The dancers figure out who many theses praised Chad.,syntax,filler_gap_dependency,wh_vs_that_no_gap,True,False,False,False,831,-78.17081451416016,-81.11862182617188,1
The Clintons know that a lot of rugs resemble the paintings.,The Clintons know what a lot of rugs resemble the paintings.,syntax,filler_gap_dependency,wh_vs_that_no_gap,True,False,False,False,832,-67.7348861694336,-70.21620178222656,1
Those patients find out that every candle had confused these banks.,Those patients find out what every candle had confused these banks.,syntax,filler_gap_dependency,wh_vs_that_no_gap,True,False,False,False,833,-78.370849609375,-79.97691345214844,1
Stacey revealed that this actor would find every hospital.,Stacey revealed what this actor would find every hospital.,syntax,filler_gap_dependency,wh_vs_that_no_gap,True,False,False,False,834,-67.11309814453125,-70.55977630615234,1
Some student has realized that a lot of boys hire Donna.,Some student has realized who a lot of boys hire Donna.,syntax,filler_gap_dependency,wh_vs_that_no_gap,True,False,False,False,835,-66.05004119873047,-71.63200378417969,1
Bradley shouldn't know that those teenagers couldn't see Brian.,Bradley shouldn't know who those teenagers couldn't see Brian.,syntax,filler_gap_dependency,wh_vs_that_no_gap,True,False,False,False,836,-66.84832763671875,-69.57637023925781,1
Some bank hasn't revealed that an actor breaks some cup.,Some bank hasn't revealed what an actor breaks some cup.,syntax,filler_gap_dependency,wh_vs_that_no_gap,True,False,False,False,837,-72.74246215820312,-75.55931854248047,1
Thomas figures out that every guest can escape from Theodore.,Thomas figures out who every guest can escape from Theodore.,syntax,filler_gap_dependency,wh_vs_that_no_gap,True,False,False,False,838,-60.3135986328125,-66.14437103271484,1
Dan realized that this student has criticized the movie theater.,Dan realized what this student has criticized the movie theater.,syntax,filler_gap_dependency,wh_vs_that_no_gap,True,False,False,False,839,-57.61468505859375,-61.57167434692383,1
Some hospital realized that a company won't know Sherry.,Some hospital realized who a company won't know Sherry.,syntax,filler_gap_dependency,wh_vs_that_no_gap,True,False,False,False,840,-64.09294891357422,-70.95362091064453,1
Many hospitals figure out that all feet couldn't bother Deanna.,Many hospitals figure out who all feet couldn't bother Deanna.,syntax,filler_gap_dependency,wh_vs_that_no_gap,True,False,False,False,841,-79.89405822753906,-80.93605041503906,1
The Clintons concealed that this dog would break chairs.,The Clintons concealed what this dog would break chairs.,syntax,filler_gap_dependency,wh_vs_that_no_gap,True,False,False,False,842,-69.70591735839844,-73.57508850097656,1
Many ladies did remember that this actor had discovered Candice.,Many ladies did remember who this actor had discovered Candice.,syntax,filler_gap_dependency,wh_vs_that_no_gap,True,False,False,False,843,-72.25121307373047,-76.91561126708984,1
These customers figure out that some pedestrians care for Steven.,These customers figure out who some pedestrians care for Steven.,syntax,filler_gap_dependency,wh_vs_that_no_gap,True,False,False,False,844,-70.50042724609375,-72.09928894042969,1
Phillip hadn't found out that actors didn't listen to Brad.,Phillip hadn't found out who actors didn't listen to Brad.,syntax,filler_gap_dependency,wh_vs_that_no_gap,True,False,False,False,845,-69.06692504882812,-73.1917724609375,1
Theresa wouldn't realize that that carriage hadn't worried Scott.,Theresa wouldn't realize who that carriage hadn't worried Scott.,syntax,filler_gap_dependency,wh_vs_that_no_gap,True,False,False,False,846,-82.88577270507812,-86.82820129394531,1
Many committees find out that all doctors research this essay.,Many committees find out what all doctors research this essay.,syntax,filler_gap_dependency,wh_vs_that_no_gap,True,False,False,False,847,-65.01052856445312,-67.05206298828125,1
The Impressionists know that some casserole hadn't scared some organization.,The Impressionists know what some casserole hadn't scared some organization.,syntax,filler_gap_dependency,wh_vs_that_no_gap,True,False,False,False,848,-92.96006774902344,-95.81287384033203,1
Kimberley does figure out that many drivers hadn't approached a lot of women.,Kimberley does figure out who many drivers hadn't approached a lot of women.,syntax,filler_gap_dependency,wh_vs_that_no_gap,True,False,False,False,849,-86.37415313720703,-89.95713806152344,1
That library isn't realizing that dogs look like a photograph.,That library isn't realizing what dogs look like a photograph.,syntax,filler_gap_dependency,wh_vs_that_no_gap,True,False,False,False,850,-60.6138916015625,-62.804161071777344,1
An adult does remember that a lot of senators shocked Karla.,An adult does remember who a lot of senators shocked Karla.,syntax,filler_gap_dependency,wh_vs_that_no_gap,True,False,False,False,851,-85.24679565429688,-91.54751586914062,1
Monica discovers that that guest might escape from Ellen.,Monica discovers who that guest might escape from Ellen.,syntax,filler_gap_dependency,wh_vs_that_no_gap,True,False,False,False,852,-68.48345947265625,-74.83007049560547,1
Clyde conceals that some senators hadn't cured Eric.,Clyde conceals who some senators hadn't cured Eric.,syntax,filler_gap_dependency,wh_vs_that_no_gap,True,False,False,False,853,-87.53221893310547,-91.91891479492188,1
Dan figured out that all pedestrians haven't gone to a lot of schools.,Dan figured out what all pedestrians haven't gone to a lot of schools.,syntax,filler_gap_dependency,wh_vs_that_no_gap,True,False,False,False,854,-68.70263671875,-74.02259826660156,1
William wasn't forgetting that the actresses couldn't disturb Amelia.,William wasn't forgetting who the actresses couldn't disturb Amelia.,syntax,filler_gap_dependency,wh_vs_that_no_gap,True,False,False,False,855,-65.5289535522461,-69.78278350830078,1
That committee wasn't realizing that the child notices Tina.,That committee wasn't realizing who the child notices Tina.,syntax,filler_gap_dependency,wh_vs_that_no_gap,True,False,False,False,856,-70.78656768798828,-74.42045593261719,1
Dawn wasn't figuring out that these pedestrians drive to the cafe.,Dawn wasn't figuring out what these pedestrians drive to the cafe.,syntax,filler_gap_dependency,wh_vs_that_no_gap,True,False,False,False,857,-75.73021697998047,-76.04966735839844,1
These people knew that the photograph couldn't look like that dog.,These people knew what the photograph couldn't look like that dog.,syntax,filler_gap_dependency,wh_vs_that_no_gap,True,False,False,False,858,-63.32684326171875,-65.24607849121094,1
Carolyn will investigate that many boys hadn't worn this blouse.,Carolyn will investigate what many boys hadn't worn this blouse.,syntax,filler_gap_dependency,wh_vs_that_no_gap,True,False,False,False,859,-78.5514144897461,-78.94475555419922,1
A student knows that the teacher didn't talk about some waiter.,A student knows who the teacher didn't talk about some waiter.,syntax,filler_gap_dependency,wh_vs_that_no_gap,True,False,False,False,860,-61.604225158691406,-65.90605163574219,1
Most banks remember that many teachers can't like that mountain.,Most banks remember what many teachers can't like that mountain.,syntax,filler_gap_dependency,wh_vs_that_no_gap,True,False,False,False,861,-69.56864929199219,-74.08203125,1
Many dancers figure out that sheep had climbed down some stairs.,Many dancers figure out what sheep had climbed down some stairs.,syntax,filler_gap_dependency,wh_vs_that_no_gap,True,False,False,False,862,-72.84110260009766,-72.73027801513672,0
April hadn't learned that all windows did irritate Michael.,April hadn't learned who all windows did irritate Michael.,syntax,filler_gap_dependency,wh_vs_that_no_gap,True,False,False,False,863,-72.93006896972656,-78.744140625,1
Sarah remembered that most students skate around this bank.,Sarah remembered what most students skate around this bank.,syntax,filler_gap_dependency,wh_vs_that_no_gap,True,False,False,False,864,-62.12477111816406,-63.427947998046875,1
Some library might remember that that boy praises April.,Some library might remember who that boy praises April.,syntax,filler_gap_dependency,wh_vs_that_no_gap,True,False,False,False,865,-66.15882873535156,-68.30207824707031,1
The Impressionists reveal that that student was walking through the art gallery.,The Impressionists reveal what that student was walking through the art gallery.,syntax,filler_gap_dependency,wh_vs_that_no_gap,True,False,False,False,866,-76.64611053466797,-78.74070739746094,1
Gary can remember that many pedestrians didn't observe Kimberley.,Gary can remember who many pedestrians didn't observe Kimberley.,syntax,filler_gap_dependency,wh_vs_that_no_gap,True,False,False,False,867,-66.53883361816406,-71.74571990966797,1
These adults knew that some man investigates Donna.,These adults knew who some man investigates Donna.,syntax,filler_gap_dependency,wh_vs_that_no_gap,True,False,False,False,868,-63.137794494628906,-67.92964172363281,1
Harvard University isn't forgetting that all teenagers are fixing some glass.,Harvard University isn't forgetting what all teenagers are fixing some glass.,syntax,filler_gap_dependency,wh_vs_that_no_gap,True,False,False,False,869,-80.87350463867188,-86.138916015625,1
Denise found out that that customer hasn't discovered the pepper.,Denise found out what that customer hasn't discovered the pepper.,syntax,filler_gap_dependency,wh_vs_that_no_gap,True,False,False,False,870,-74.3650131225586,-77.25399780273438,1
Tina reveals that this guy had researched this committee.,Tina reveals what this guy had researched this committee.,syntax,filler_gap_dependency,wh_vs_that_no_gap,True,False,False,False,871,-64.37228393554688,-66.551025390625,1
Many libraries weren't revealing that every senator healed Dana.,Many libraries weren't revealing who every senator healed Dana.,syntax,filler_gap_dependency,wh_vs_that_no_gap,True,False,False,False,872,-81.06877136230469,-87.48734283447266,1
Martha hasn't known that this woman wasn't examining those commentaries.,Martha hasn't known what this woman wasn't examining those commentaries.,syntax,filler_gap_dependency,wh_vs_that_no_gap,True,False,False,False,873,-76.78048706054688,-80.2884521484375,1
Laura hadn't remembered that that lady admires Sally.,Laura hadn't remembered who that lady admires Sally.,syntax,filler_gap_dependency,wh_vs_that_no_gap,True,False,False,False,874,-65.44282531738281,-67.16203308105469,1
Customers realized that these pictures looked like this library.,Customers realized what these pictures looked like this library.,syntax,filler_gap_dependency,wh_vs_that_no_gap,True,False,False,False,875,-55.50164031982422,-57.94677734375,1
Some government concealed that some senator has driven to most lakes.,Some government concealed what some senator has driven to most lakes.,syntax,filler_gap_dependency,wh_vs_that_no_gap,True,False,False,False,876,-80.24882507324219,-83.8393325805664,1
Ella forgot that this teenager hadn't dropped by this public park.,Ella forgot what this teenager hadn't dropped by this public park.,syntax,filler_gap_dependency,wh_vs_that_no_gap,True,False,False,False,877,-85.63677978515625,-88.79766082763672,1
Kathleen would figure out that most men run around every closet.,Kathleen would figure out what most men run around every closet.,syntax,filler_gap_dependency,wh_vs_that_no_gap,True,False,False,False,878,-75.5497817993164,-77.24101257324219,1
Stephanie didn't realize that the paintings worry Stacy.,Stephanie didn't realize who the paintings worry Stacy.,syntax,filler_gap_dependency,wh_vs_that_no_gap,True,False,False,False,879,-76.22323608398438,-80.45477294921875,1
Aaron has known that those women aren't driving to Harvard University.,Aaron has known what those women aren't driving to Harvard University.,syntax,filler_gap_dependency,wh_vs_that_no_gap,True,False,False,False,880,-63.912811279296875,-69.13140106201172,1
Dana realizes that this dog hadn't climbed down hills.,Dana realizes what this dog hadn't climbed down hills.,syntax,filler_gap_dependency,wh_vs_that_no_gap,True,False,False,False,881,-69.01529693603516,-73.18367004394531,1
Emily figured out that those doctors walk through the grocery store.,Emily figured out what those doctors walk through the grocery store.,syntax,filler_gap_dependency,wh_vs_that_no_gap,True,False,False,False,882,-52.07558059692383,-54.777809143066406,1
Donna hasn't learned that pedestrians were running around the mountain.,Donna hasn't learned what pedestrians were running around the mountain.,syntax,filler_gap_dependency,wh_vs_that_no_gap,True,False,False,False,883,-63.13595962524414,-66.0772705078125,1
Ann hasn't discovered that all scarves were shocking a lot of girls.,Ann hasn't discovered who all scarves were shocking a lot of girls.,syntax,filler_gap_dependency,wh_vs_that_no_gap,True,False,False,False,884,-75.15007019042969,-80.50828552246094,1
A museum knew that many associations had astounded Marla.,A museum knew who many associations had astounded Marla.,syntax,filler_gap_dependency,wh_vs_that_no_gap,True,False,False,False,885,-76.32901000976562,-82.71990203857422,1
Helen had realized that many dancers clean most eyes.,Helen had realized what many dancers clean most eyes.,syntax,filler_gap_dependency,wh_vs_that_no_gap,True,False,False,False,886,-71.57377624511719,-76.85704040527344,1
Theodore investigates that organizations describe every teenager.,Theodore investigates who organizations describe every teenager.,syntax,filler_gap_dependency,wh_vs_that_no_gap,True,False,False,False,887,-64.77458190917969,-67.11056518554688,1
Many guests learn that most mountains confused Naomi.,Many guests learn who most mountains confused Naomi.,syntax,filler_gap_dependency,wh_vs_that_no_gap,True,False,False,False,888,-71.74354553222656,-75.51190185546875,1
The girls forget that that person questioned Lawrence.,The girls forget who that person questioned Lawrence.,syntax,filler_gap_dependency,wh_vs_that_no_gap,True,False,False,False,889,-65.97207641601562,-69.2020263671875,1
The Lutherans reveal that all actors weren't discovering this adult.,The Lutherans reveal who all actors weren't discovering this adult.,syntax,filler_gap_dependency,wh_vs_that_no_gap,True,False,False,False,890,-82.2889404296875,-89.31016540527344,1
Guy was revealing that some waiter boasted about Amelia.,Guy was revealing who some waiter boasted about Amelia.,syntax,filler_gap_dependency,wh_vs_that_no_gap,True,False,False,False,891,-64.23153686523438,-71.41627502441406,1
Eva had investigated that a ladder won't irritate the Borgias.,Eva had investigated who a ladder won't irritate the Borgias.,syntax,filler_gap_dependency,wh_vs_that_no_gap,True,False,False,False,892,-82.63642883300781,-89.3429946899414,1
Stacy hasn't discovered that that driver flees from Tanya.,Stacy hasn't discovered who that driver flees from Tanya.,syntax,filler_gap_dependency,wh_vs_that_no_gap,True,False,False,False,893,-77.54161071777344,-81.17295837402344,1
John conceals that a woman is thinking about some guy.,John conceals who a woman is thinking about some guy.,syntax,filler_gap_dependency,wh_vs_that_no_gap,True,False,False,False,894,-54.97624588012695,-56.60808563232422,1
Douglas investigated that many cashiers do mess up every school.,Douglas investigated what many cashiers do mess up every school.,syntax,filler_gap_dependency,wh_vs_that_no_gap,True,False,False,False,895,-94.33002471923828,-94.43534088134766,1
Scott found out that every girl referenced Colleen.,Scott found out who every girl referenced Colleen.,syntax,filler_gap_dependency,wh_vs_that_no_gap,True,False,False,False,896,-59.31649398803711,-63.6705436706543,1
Ellen finds out that this woman helps this actress.,Ellen finds out who this woman helps this actress.,syntax,filler_gap_dependency,wh_vs_that_no_gap,True,False,False,False,897,-58.54541778564453,-62.06816101074219,1
Those companies forget that every teenager does kiss the Borgias.,Those companies forget who every teenager does kiss the Borgias.,syntax,filler_gap_dependency,wh_vs_that_no_gap,True,False,False,False,898,-79.94825744628906,-87.0926513671875,1
Amanda is revealing that all people were praising Bethany.,Amanda is revealing who all people were praising Bethany.,syntax,filler_gap_dependency,wh_vs_that_no_gap,True,False,False,False,899,-68.73191833496094,-74.17060852050781,1
Roger couldn't conceal that a lot of actors are alarming Ella.,Roger couldn't conceal who a lot of actors are alarming Ella.,syntax,filler_gap_dependency,wh_vs_that_no_gap,True,False,False,False,900,-81.32737731933594,-84.46371459960938,1
Benjamin learned that these guys disagreed with Gary.,Benjamin learned who these guys disagreed with Gary.,syntax,filler_gap_dependency,wh_vs_that_no_gap,True,False,False,False,901,-60.98417663574219,-65.34780883789062,1
Carolyn isn't realizing that those men help Leslie.,Carolyn isn't realizing who those men help Leslie.,syntax,filler_gap_dependency,wh_vs_that_no_gap,True,False,False,False,902,-71.27595520019531,-77.14947509765625,1
Jason has revealed that the child shouldn't break this cart.,Jason has revealed what the child shouldn't break this cart.,syntax,filler_gap_dependency,wh_vs_that_no_gap,True,False,False,False,903,-55.888912200927734,-62.69953536987305,1
Julie isn't discovering that those students had escaped from Lissa.,Julie isn't discovering who those students had escaped from Lissa.,syntax,filler_gap_dependency,wh_vs_that_no_gap,True,False,False,False,904,-78.93498229980469,-84.30960845947266,1
All schools couldn't investigate that every teacher passed the Great Lakes.,All schools couldn't investigate what every teacher passed the Great Lakes.,syntax,filler_gap_dependency,wh_vs_that_no_gap,True,False,False,False,905,-73.51420593261719,-76.00337982177734,1
This legislature knew that the children had hired Tiffany.,This legislature knew who the children had hired Tiffany.,syntax,filler_gap_dependency,wh_vs_that_no_gap,True,False,False,False,906,-58.483184814453125,-62.30278778076172,1
That museum has found out that every cashier knows Omar.,That museum has found out who every cashier knows Omar.,syntax,filler_gap_dependency,wh_vs_that_no_gap,True,False,False,False,907,-71.91556549072266,-76.599365234375,1
Sabrina has revealed that adults hadn't seen Monica.,Sabrina has revealed who adults hadn't seen Monica.,syntax,filler_gap_dependency,wh_vs_that_no_gap,True,False,False,False,908,-60.493186950683594,-66.48152923583984,1
Veronica couldn't forget that this patient scans the reports.,Veronica couldn't forget what this patient scans the reports.,syntax,filler_gap_dependency,wh_vs_that_no_gap,True,False,False,False,909,-63.954978942871094,-67.2477035522461,1
Heather investigated that the senators won't attack Alicia.,Heather investigated who the senators won't attack Alicia.,syntax,filler_gap_dependency,wh_vs_that_no_gap,True,False,False,False,910,-80.48406219482422,-85.496337890625,1
Florence remembers that every guest hadn't approached Natalie.,Florence remembers who every guest hadn't approached Natalie.,syntax,filler_gap_dependency,wh_vs_that_no_gap,True,False,False,False,911,-73.02073669433594,-78.36469268798828,1
Leslie does conceal that a screen alarms Spain.,Leslie does conceal what a screen alarms Spain.,syntax,filler_gap_dependency,wh_vs_that_no_gap,True,False,False,False,912,-80.0087890625,-80.9486312866211,1
Homer had remembered that all offspring bike to Spain.,Homer had remembered what all offspring bike to Spain.,syntax,filler_gap_dependency,wh_vs_that_no_gap,True,False,False,False,913,-81.07579040527344,-83.40481567382812,1
The Lutherans discover that every woman hadn't cared for some customer.,The Lutherans discover who every woman hadn't cared for some customer.,syntax,filler_gap_dependency,wh_vs_that_no_gap,True,False,False,False,914,-80.67849731445312,-86.55343627929688,1
Chad is realizing that the boys bore Sherry.,Chad is realizing who the boys bore Sherry.,syntax,filler_gap_dependency,wh_vs_that_no_gap,True,False,False,False,915,-65.22186279296875,-69.23292541503906,1
Most students figure out that every synthesis confuses Stacey.,Most students figure out who every synthesis confuses Stacey.,syntax,filler_gap_dependency,wh_vs_that_no_gap,True,False,False,False,916,-76.00347900390625,-79.34297180175781,1
A lot of dancers hadn't figured out that this senator hasn't worked with Lissa.,A lot of dancers hadn't figured out who this senator hasn't worked with Lissa.,syntax,filler_gap_dependency,wh_vs_that_no_gap,True,False,False,False,917,-99.55719757080078,-103.45695495605469,1
Kenneth had forgotten that that pedestrian forgets Elizabeth.,Kenneth had forgotten who that pedestrian forgets Elizabeth.,syntax,filler_gap_dependency,wh_vs_that_no_gap,True,False,False,False,918,-71.55807495117188,-75.77886962890625,1
Steve can't figure out that some actor cleaned the cups.,Steve can't figure out what some actor cleaned the cups.,syntax,filler_gap_dependency,wh_vs_that_no_gap,True,False,False,False,919,-65.2447509765625,-65.16899108886719,0
Douglas wouldn't investigate that some lady scans many reports.,Douglas wouldn't investigate what some lady scans many reports.,syntax,filler_gap_dependency,wh_vs_that_no_gap,True,False,False,False,920,-80.5450668334961,-82.24629211425781,1
Brett discovers that a waiter will clean the high school.,Brett discovers what a waiter will clean the high school.,syntax,filler_gap_dependency,wh_vs_that_no_gap,True,False,False,False,921,-67.42453002929688,-69.56912231445312,1
The adults discover that these waiters don't flee from Kimberley.,The adults discover who these waiters don't flee from Kimberley.,syntax,filler_gap_dependency,wh_vs_that_no_gap,True,False,False,False,922,-77.97334289550781,-83.22210693359375,1
All guests forget that that dancer didn't see a unicycle.,All guests forget what that dancer didn't see a unicycle.,syntax,filler_gap_dependency,wh_vs_that_no_gap,True,False,False,False,923,-80.12730407714844,-82.21903228759766,1
Children reveal that many schools praised Tamara.,Children reveal who many schools praised Tamara.,syntax,filler_gap_dependency,wh_vs_that_no_gap,True,False,False,False,924,-58.771846771240234,-63.946781158447266,1
Some ladies remember that every guest flees from those pedestrians.,Some ladies remember who every guest flees from those pedestrians.,syntax,filler_gap_dependency,wh_vs_that_no_gap,True,False,False,False,925,-74.3017349243164,-79.75921630859375,1
Naomi finds out that a man left Andrew.,Naomi finds out who a man left Andrew.,syntax,filler_gap_dependency,wh_vs_that_no_gap,True,False,False,False,926,-55.3289680480957,-57.88807678222656,1
A lot of patients find out that a lot of men find Kristin.,A lot of patients find out who a lot of men find Kristin.,syntax,filler_gap_dependency,wh_vs_that_no_gap,True,False,False,False,927,-68.74479675292969,-69.70558166503906,1
Jessica could forget that the report alarmed Adam.,Jessica could forget who the report alarmed Adam.,syntax,filler_gap_dependency,wh_vs_that_no_gap,True,False,False,False,928,-56.98603057861328,-61.76343536376953,1
Many patients conceal that the octopus does break that carriage.,Many patients conceal what the octopus does break that carriage.,syntax,filler_gap_dependency,wh_vs_that_no_gap,True,False,False,False,929,-81.48513793945312,-82.8285903930664,1
Jacqueline hadn't investigated that some fish climbs down these hills.,Jacqueline hadn't investigated what some fish climbs down these hills.,syntax,filler_gap_dependency,wh_vs_that_no_gap,True,False,False,False,930,-85.63824462890625,-85.96546173095703,1
Gerald finds out that a lot of offspring talk about the rivers.,Gerald finds out what a lot of offspring talk about the rivers.,syntax,filler_gap_dependency,wh_vs_that_no_gap,True,False,False,False,931,-71.95845794677734,-74.13306427001953,1
Some patients weren't remembering that the actors had worked with Jill.,Some patients weren't remembering who the actors had worked with Jill.,syntax,filler_gap_dependency,wh_vs_that_no_gap,True,False,False,False,932,-71.69743347167969,-74.33196258544922,1
A lot of libraries forget that teenagers are touring these college campuses.,A lot of libraries forget what teenagers are touring these college campuses.,syntax,filler_gap_dependency,wh_vs_that_no_gap,True,False,False,False,933,-75.2491683959961,-78.68482208251953,1
Some teenagers realize that many actors examined that play.,Some teenagers realize what many actors examined that play.,syntax,filler_gap_dependency,wh_vs_that_no_gap,True,False,False,False,934,-59.47502517700195,-65.76986694335938,1
Julia revealed that that pedestrian cures Kristin.,Julia revealed who that pedestrian cures Kristin.,syntax,filler_gap_dependency,wh_vs_that_no_gap,True,False,False,False,935,-64.98611450195312,-72.72075653076172,1
Scott figures out that the pedestrian discovered Lisa.,Scott figures out who the pedestrian discovered Lisa.,syntax,filler_gap_dependency,wh_vs_that_no_gap,True,False,False,False,936,-59.05059051513672,-64.27715301513672,1
Many students remember that some teenagers revealed Sherry.,Many students remember who some teenagers revealed Sherry.,syntax,filler_gap_dependency,wh_vs_that_no_gap,True,False,False,False,937,-61.58539962768555,-64.97281646728516,1
A teacher is realizing that the ladies research every grocery store.,A teacher is realizing what the ladies research every grocery store.,syntax,filler_gap_dependency,wh_vs_that_no_gap,True,False,False,False,938,-69.22171020507812,-71.37870788574219,1
The Lutherans investigate that those offspring had praised the drivers.,The Lutherans investigate who those offspring had praised the drivers.,syntax,filler_gap_dependency,wh_vs_that_no_gap,True,False,False,False,939,-84.11913299560547,-89.15896606445312,1
Laura knew that these boys climbed down a lot of ladders.,Laura knew what these boys climbed down a lot of ladders.,syntax,filler_gap_dependency,wh_vs_that_no_gap,True,False,False,False,940,-58.94841766357422,-61.00920867919922,1
These boys realized that this cashier is skated around this college campus.,These boys realized what this cashier is skated around this college campus.,syntax,filler_gap_dependency,wh_vs_that_no_gap,True,False,False,False,941,-87.89972686767578,-91.46971130371094,1
Craig investigated that a lot of guests clean many paintings.,Craig investigated what a lot of guests clean many paintings.,syntax,filler_gap_dependency,wh_vs_that_no_gap,True,False,False,False,942,-66.0870361328125,-66.88241577148438,1
That customer reveals that those legislatures have helped Paul.,That customer reveals who those legislatures have helped Paul.,syntax,filler_gap_dependency,wh_vs_that_no_gap,True,False,False,False,943,-66.0534439086914,-73.016357421875,1
Many children learn that the person criticizes many hills.,Many children learn what the person criticizes many hills.,syntax,filler_gap_dependency,wh_vs_that_no_gap,True,False,False,False,944,-63.03435516357422,-66.53504943847656,1
Tina wouldn't conceal that a lot of girls didn't tour those closets.,Tina wouldn't conceal what a lot of girls didn't tour those closets.,syntax,filler_gap_dependency,wh_vs_that_no_gap,True,False,False,False,945,-92.15077209472656,-93.23562622070312,1
Maria did learn that these waiters haven't fired Sandra.,Maria did learn who these waiters haven't fired Sandra.,syntax,filler_gap_dependency,wh_vs_that_no_gap,True,False,False,False,946,-74.00848388671875,-81.30548858642578,1
Some museum investigates that the pedestrian had aggravated Eva.,Some museum investigates who the pedestrian had aggravated Eva.,syntax,filler_gap_dependency,wh_vs_that_no_gap,True,False,False,False,947,-72.10944366455078,-76.48523712158203,1
Lisa knew that that man escapes from Rhonda.,Lisa knew who that man escapes from Rhonda.,syntax,filler_gap_dependency,wh_vs_that_no_gap,True,False,False,False,948,-57.217620849609375,-59.63153076171875,1
Margaret forgets that all cashiers explored a lot of rivers.,Margaret forgets what all cashiers explored a lot of rivers.,syntax,filler_gap_dependency,wh_vs_that_no_gap,True,False,False,False,949,-83.53644561767578,-88.61492919921875,1
Most men remember that this bread upsets some teachers.,Most men remember who this bread upsets some teachers.,syntax,filler_gap_dependency,wh_vs_that_no_gap,True,False,False,False,950,-69.13614654541016,-75.64918518066406,1
This boy does know that every bank fired Jerry.,This boy does know who every bank fired Jerry.,syntax,filler_gap_dependency,wh_vs_that_no_gap,True,False,False,False,951,-67.6163558959961,-72.14694213867188,1
Claire hadn't found out that these people shouldn't descend a mountain.,Claire hadn't found out what these people shouldn't descend a mountain.,syntax,filler_gap_dependency,wh_vs_that_no_gap,True,False,False,False,952,-74.26469421386719,-76.62279510498047,1
Brad learned that those schools haven't talked about that waiter.,Brad learned who those schools haven't talked about that waiter.,syntax,filler_gap_dependency,wh_vs_that_no_gap,True,False,False,False,953,-65.92003631591797,-71.9801025390625,1
Some banks learn that this waitress scares Janice.,Some banks learn who this waitress scares Janice.,syntax,filler_gap_dependency,wh_vs_that_no_gap,True,False,False,False,954,-68.42242431640625,-74.09764099121094,1
Matt found out that the offspring discover this rice.,Matt found out what the offspring discover this rice.,syntax,filler_gap_dependency,wh_vs_that_no_gap,True,False,False,False,955,-60.12664794921875,-63.08583450317383,1
Some student investigated that those teenagers astound Mary.,Some student investigated who those teenagers astound Mary.,syntax,filler_gap_dependency,wh_vs_that_no_gap,True,False,False,False,956,-74.25031280517578,-78.42648315429688,1
Andrew hasn't discovered that some children aren't ascending most slopes.,Andrew hasn't discovered what some children aren't ascending most slopes.,syntax,filler_gap_dependency,wh_vs_that_no_gap,True,False,False,False,957,-72.669677734375,-76.56343078613281,1
Timothy remembered that the guest was discovering Christopher.,Timothy remembered who the guest was discovering Christopher.,syntax,filler_gap_dependency,wh_vs_that_no_gap,True,False,False,False,958,-62.0372428894043,-67.09335327148438,1
These men conceal that some doctors break all screens.,These men conceal what some doctors break all screens.,syntax,filler_gap_dependency,wh_vs_that_no_gap,True,False,False,False,959,-71.76727294921875,-73.6553955078125,1
Most actresses are revealing that this library wouldn't listen to Dawn.,Most actresses are revealing who this library wouldn't listen to Dawn.,syntax,filler_gap_dependency,wh_vs_that_no_gap,True,False,False,False,960,-75.70011138916016,-80.61136627197266,1
Most companies realize that that teacher ascended a mountain.,Most companies realize what that teacher ascended a mountain.,syntax,filler_gap_dependency,wh_vs_that_no_gap,True,False,False,False,961,-65.93919372558594,-68.62236022949219,1
All guys learn that governments liked Veronica.,All guys learn who governments liked Veronica.,syntax,filler_gap_dependency,wh_vs_that_no_gap,True,False,False,False,962,-65.457763671875,-67.82264709472656,1
Every guy discovers that the doctor hasn't thought about some shoe.,Every guy discovers what the doctor hasn't thought about some shoe.,syntax,filler_gap_dependency,wh_vs_that_no_gap,True,False,False,False,963,-67.45364379882812,-72.02687072753906,1
These children figure out that every phenomenon worries the waiter.,These children figure out who every phenomenon worries the waiter.,syntax,filler_gap_dependency,wh_vs_that_no_gap,True,False,False,False,964,-70.47119140625,-74.11253356933594,1
David is investigating that a lot of theses insulted Kirsten.,David is investigating who a lot of theses insulted Kirsten.,syntax,filler_gap_dependency,wh_vs_that_no_gap,True,False,False,False,965,-68.99517822265625,-72.92277526855469,1
Many committees conceal that children aren't complaining about James.,Many committees conceal who children aren't complaining about James.,syntax,filler_gap_dependency,wh_vs_that_no_gap,True,False,False,False,966,-68.49189758300781,-74.91136169433594,1
Laura realizes that a lot of men help some woman.,Laura realizes who a lot of men help some woman.,syntax,filler_gap_dependency,wh_vs_that_no_gap,True,False,False,False,967,-49.46680450439453,-54.78904724121094,1
Some boys figure out that a senator is descending some hills.,Some boys figure out what a senator is descending some hills.,syntax,filler_gap_dependency,wh_vs_that_no_gap,True,False,False,False,968,-73.49247741699219,-74.40774536132812,1
These organizations reveal that some mice irritated Elizabeth.,These organizations reveal who some mice irritated Elizabeth.,syntax,filler_gap_dependency,wh_vs_that_no_gap,True,False,False,False,969,-68.924072265625,-74.40948486328125,1
Alicia discovered that that adult cures David.,Alicia discovered who that adult cures David.,syntax,filler_gap_dependency,wh_vs_that_no_gap,True,False,False,False,970,-75.580078125,-79.5584716796875,1
Rachel wasn't realizing that these pedestrians forgot an actor.,Rachel wasn't realizing who these pedestrians forgot an actor.,syntax,filler_gap_dependency,wh_vs_that_no_gap,True,False,False,False,971,-67.0614242553711,-72.41139221191406,1
The Impressionists learn that this senator wasn't breaking a lot of mirrors.,The Impressionists learn what this senator wasn't breaking a lot of mirrors.,syntax,filler_gap_dependency,wh_vs_that_no_gap,True,False,False,False,972,-87.33795166015625,-90.10350799560547,1
Stephen isn't learning that most waitresses brought a horse.,Stephen isn't learning what most waitresses brought a horse.,syntax,filler_gap_dependency,wh_vs_that_no_gap,True,False,False,False,973,-73.43242645263672,-75.36666870117188,1
Theresa couldn't reveal that those alumni sold that chicken.,Theresa couldn't reveal what those alumni sold that chicken.,syntax,filler_gap_dependency,wh_vs_that_no_gap,True,False,False,False,974,-78.94529724121094,-80.60739135742188,1
Christine conceals that all governments have fired Gina.,Christine conceals who all governments have fired Gina.,syntax,filler_gap_dependency,wh_vs_that_no_gap,True,False,False,False,975,-72.0559310913086,-75.87150573730469,1
The museums conceal that a lady skates around a lot of high schools.,The museums conceal what a lady skates around a lot of high schools.,syntax,filler_gap_dependency,wh_vs_that_no_gap,True,False,False,False,976,-84.89397430419922,-84.34762573242188,0
Diane shouldn't remember that a lot of stairs shock a lot of pedestrians.,Diane shouldn't remember who a lot of stairs shock a lot of pedestrians.,syntax,filler_gap_dependency,wh_vs_that_no_gap,True,False,False,False,977,-81.05752563476562,-85.7442398071289,1
Donna wasn't discovering that the rice impressed a lot of waitresses.,Donna wasn't discovering who the rice impressed a lot of waitresses.,syntax,filler_gap_dependency,wh_vs_that_no_gap,True,False,False,False,978,-84.47413635253906,-89.1572265625,1
Most people know that every teacher buys the closets.,Most people know what every teacher buys the closets.,syntax,filler_gap_dependency,wh_vs_that_no_gap,True,False,False,False,979,-49.73341369628906,-55.34601974487305,1
Heather figures out that a child watched the guest.,Heather figures out who a child watched the guest.,syntax,filler_gap_dependency,wh_vs_that_no_gap,True,False,False,False,980,-66.49213409423828,-69.488037109375,1
Brett doesn't discover that all waiters should conceal Winston Churchill.,Brett doesn't discover who all waiters should conceal Winston Churchill.,syntax,filler_gap_dependency,wh_vs_that_no_gap,True,False,False,False,981,-93.20502471923828,-96.43976593017578,1
Alicia remembered that a lot of fish hadn't shocked Eric.,Alicia remembered who a lot of fish hadn't shocked Eric.,syntax,filler_gap_dependency,wh_vs_that_no_gap,True,False,False,False,982,-83.25491333007812,-88.24612426757812,1
Rachel isn't investigating that many women descend many steps.,Rachel isn't investigating what many women descend many steps.,syntax,filler_gap_dependency,wh_vs_that_no_gap,True,False,False,False,983,-63.40538024902344,-66.17811584472656,1
Many guests are finding out that some man admires that broccoli.,Many guests are finding out what some man admires that broccoli.,syntax,filler_gap_dependency,wh_vs_that_no_gap,True,False,False,False,984,-72.58855438232422,-73.31493377685547,1
Brenda couldn't learn that a pedestrian knew Chad.,Brenda couldn't learn who a pedestrian knew Chad.,syntax,filler_gap_dependency,wh_vs_that_no_gap,True,False,False,False,985,-62.677730560302734,-66.19480895996094,1
Janice investigates that that waitress discusses that teacher.,Janice investigates who that waitress discusses that teacher.,syntax,filler_gap_dependency,wh_vs_that_no_gap,True,False,False,False,986,-72.82185363769531,-74.57906341552734,1
Chad realizes that many sketches should look like Raymond.,Chad realizes who many sketches should look like Raymond.,syntax,filler_gap_dependency,wh_vs_that_no_gap,True,False,False,False,987,-64.81233215332031,-72.79987335205078,1
The Impressionists aren't discovering that students haven't brought some skirt.,The Impressionists aren't discovering what students haven't brought some skirt.,syntax,filler_gap_dependency,wh_vs_that_no_gap,True,False,False,False,988,-85.84012603759766,-87.7671127319336,1
Kirsten had remembered that most drivers care for Margaret.,Kirsten had remembered who most drivers care for Margaret.,syntax,filler_gap_dependency,wh_vs_that_no_gap,True,False,False,False,989,-78.86813354492188,-83.37220764160156,1
Mark isn't remembering that every waitress might see all pies.,Mark isn't remembering what every waitress might see all pies.,syntax,filler_gap_dependency,wh_vs_that_no_gap,True,False,False,False,990,-72.39622497558594,-75.83755493164062,1
Wendy wasn't concealing that some waitresses hadn't admired Melanie.,Wendy wasn't concealing who some waitresses hadn't admired Melanie.,syntax,filler_gap_dependency,wh_vs_that_no_gap,True,False,False,False,991,-104.003173828125,-105.39021301269531,1
Mark was revealing that most men notice Amy.,Mark was revealing who most men notice Amy.,syntax,filler_gap_dependency,wh_vs_that_no_gap,True,False,False,False,992,-57.034507751464844,-62.90048599243164,1
All people remember that the children have talked to Amy.,All people remember who the children have talked to Amy.,syntax,filler_gap_dependency,wh_vs_that_no_gap,True,False,False,False,993,-49.412750244140625,-54.070167541503906,1
Peter remembers that that shirt annoys Leslie.,Peter remembers who that shirt annoys Leslie.,syntax,filler_gap_dependency,wh_vs_that_no_gap,True,False,False,False,994,-56.94514465332031,-58.66518020629883,1
Most drivers figure out that casseroles haven't looked like every print.,Most drivers figure out what casseroles haven't looked like every print.,syntax,filler_gap_dependency,wh_vs_that_no_gap,True,False,False,False,995,-78.52213287353516,-77.20198059082031,0
Some waitresses investigated that those windows aggravate Heidi.,Some waitresses investigated who those windows aggravate Heidi.,syntax,filler_gap_dependency,wh_vs_that_no_gap,True,False,False,False,996,-86.4467544555664,-92.11332702636719,1
Samuel isn't learning that every patient conceals Ellen.,Samuel isn't learning who every patient conceals Ellen.,syntax,filler_gap_dependency,wh_vs_that_no_gap,True,False,False,False,997,-75.36329650878906,-81.20317077636719,1
This teacher doesn't reveal that most slopes annoyed David.,This teacher doesn't reveal who most slopes annoyed David.,syntax,filler_gap_dependency,wh_vs_that_no_gap,True,False,False,False,998,-76.60922241210938,-79.3332290649414,1
A guest could know that a guest reveals Patrick.,A guest could know who a guest reveals Patrick.,syntax,filler_gap_dependency,wh_vs_that_no_gap,True,False,False,False,999,-61.75227355957031,-63.185489654541016,1
