sentence_good,sentence_bad,field,linguistics_term,UID,simple_LM_method,one_prefix_method,two_prefix_method,lexically_identical,pair_id,good_prob,bad_prob,correct
Cynthia scans these hard books.,Cynthia scans this hard books.,morphology,determiner_noun_agreement,determiner_noun_agreement_with_adj_2,True,False,True,True,0,-48.950965881347656,-50.08371353149414,1
Donna might hire this serious actress.,Donna might hire these serious actress.,morphology,determiner_noun_agreement,determiner_noun_agreement_with_adj_2,True,False,True,True,1,-49.25559997558594,-53.64812469482422,1
Wendy forgot those upset doctors.,Wendy forgot that upset doctors.,morphology,determiner_noun_agreement,determiner_noun_agreement_with_adj_2,True,False,True,True,2,-56.27555465698242,-54.84986877441406,0
Carlos hasn't fired those uncertain students.,Carlos hasn't fired that uncertain students.,morphology,determiner_noun_agreement,determiner_noun_agreement_with_adj_2,True,False,True,True,3,-55.48151779174805,-55.69624328613281,1
Claire will conceal those hopeful cashiers.,Claire will conceal that hopeful cashiers.,morphology,determiner_noun_agreement,determiner_noun_agreement_with_adj_2,True,False,True,True,4,-62.23420715332031,-64.79817962646484,1
Some actors buy these gray books.,Some actors buy this gray books.,morphology,determiner_noun_agreement,determiner_noun_agreement_with_adj_2,True,False,True,True,5,-42.1041374206543,-44.459171295166016,1
Jerry appreciates this lost report.,Jerry appreciates these lost report.,morphology,determiner_noun_agreement,determiner_noun_agreement_with_adj_2,True,False,True,True,6,-37.90541076660156,-41.250465393066406,1
Deanna reveals these black public parks.,Deanna reveals this black public parks.,morphology,determiner_noun_agreement,determiner_noun_agreement_with_adj_2,True,False,True,True,7,-50.8343505859375,-51.34845733642578,1
Tracy has boasted about those unsure children.,Tracy has boasted about that unsure children.,morphology,determiner_noun_agreement,determiner_noun_agreement_with_adj_2,True,False,True,True,8,-56.4127197265625,-57.792457580566406,1
This eggplant distracts this hopeful girl.,This eggplant distracts these hopeful girl.,morphology,determiner_noun_agreement,determiner_noun_agreement_with_adj_2,True,False,True,True,9,-56.24644470214844,-58.791648864746094,1
That sweater had resembled that out in the open drawing.,That sweater had resembled those out in the open drawing.,morphology,determiner_noun_agreement,determiner_noun_agreement_with_adj_2,True,False,True,True,10,-70.09349822998047,-72.40760803222656,1
Nancy astounded that young pedestrian.,Nancy astounded those young pedestrian.,morphology,determiner_noun_agreement,determiner_noun_agreement_with_adj_2,True,False,True,True,11,-61.73759460449219,-63.57866287231445,1
The documentaries can aggravate those busy actors.,The documentaries can aggravate that busy actors.,morphology,determiner_noun_agreement,determiner_noun_agreement_with_adj_2,True,False,True,True,12,-52.5986328125,-55.836143493652344,1
Most senators aren't exiting this popular restaurant.,Most senators aren't exiting these popular restaurant.,morphology,determiner_noun_agreement,determiner_noun_agreement_with_adj_2,True,False,True,True,13,-55.034751892089844,-58.9197998046875,1
Wayne looked like those bad paintings.,Wayne looked like that bad paintings.,morphology,determiner_noun_agreement,determiner_noun_agreement_with_adj_2,True,False,True,True,14,-42.984230041503906,-43.98603820800781,1
Christina loves these popular essays.,Christina loves this popular essays.,morphology,determiner_noun_agreement,determiner_noun_agreement_with_adj_2,True,False,True,True,15,-39.64243698120117,-40.237815856933594,1
Katherine hasn't bothered that delighted waiter.,Katherine hasn't bothered those delighted waiter.,morphology,determiner_noun_agreement,determiner_noun_agreement_with_adj_2,True,False,True,True,16,-59.28985595703125,-61.314544677734375,1
A lot of pedestrians had complained about this unconvinced teenager.,A lot of pedestrians had complained about these unconvinced teenager.,morphology,determiner_noun_agreement,determiner_noun_agreement_with_adj_2,True,False,True,True,17,-74.65019226074219,-77.74029541015625,1
This eggplant hasn't resembled that out in the open print.,This eggplant hasn't resembled those out in the open print.,morphology,determiner_noun_agreement,determiner_noun_agreement_with_adj_2,True,False,True,True,18,-75.41789245605469,-76.67131042480469,1
Kathleen cleaned that yellow college campus.,Kathleen cleaned those yellow college campus.,morphology,determiner_noun_agreement,determiner_noun_agreement_with_adj_2,True,False,True,True,19,-68.40089416503906,-67.18618774414062,0
Randolf had healed this young boy.,Randolf had healed these young boy.,morphology,determiner_noun_agreement,determiner_noun_agreement_with_adj_2,True,False,True,True,20,-45.43708801269531,-49.9569206237793,1
Many governments hadn't respected these excited children.,Many governments hadn't respected this excited children.,morphology,determiner_noun_agreement,determiner_noun_agreement_with_adj_2,True,False,True,True,21,-59.165504455566406,-60.684078216552734,1
Cheryl forgot these big waitresses.,Cheryl forgot this big waitresses.,morphology,determiner_noun_agreement,determiner_noun_agreement_with_adj_2,True,False,True,True,22,-67.93737030029297,-69.39944458007812,1
Judy wasn't embarrassing these old students.,Judy wasn't embarrassing this old students.,morphology,determiner_noun_agreement,determiner_noun_agreement_with_adj_2,True,False,True,True,23,-48.44660186767578,-50.837493896484375,1
The waitresses alarm those content dancers.,The waitresses alarm that content dancers.,morphology,determiner_noun_agreement,determiner_noun_agreement_with_adj_2,True,False,True,True,24,-68.17355346679688,-64.22312927246094,0
Most people leave those purple cafes.,Most people leave that purple cafes.,morphology,determiner_noun_agreement,determiner_noun_agreement_with_adj_2,True,False,True,True,25,-46.462677001953125,-46.452484130859375,0
A ladder won't annoy these popular governments.,A ladder won't annoy this popular governments.,morphology,determiner_noun_agreement,determiner_noun_agreement_with_adj_2,True,False,True,True,26,-60.355133056640625,-62.448570251464844,1
Most adults shocks these popular drivers.,Most adults shocks this popular drivers.,morphology,determiner_noun_agreement,determiner_noun_agreement_with_adj_2,True,False,True,True,27,-51.79463577270508,-52.499900817871094,1
Some turtle resembled that small photograph.,Some turtle resembled those small photograph.,morphology,determiner_noun_agreement,determiner_noun_agreement_with_adj_2,True,False,True,True,28,-53.848167419433594,-54.5922966003418,1
A lot of sweaters resemble these yellow pictures.,A lot of sweaters resemble this yellow pictures.,morphology,determiner_noun_agreement,determiner_noun_agreement_with_adj_2,True,False,True,True,29,-56.98572540283203,-58.42684555053711,1
Peter resembled these bad photographs.,Peter resembled this bad photographs.,morphology,determiner_noun_agreement,determiner_noun_agreement_with_adj_2,True,False,True,True,30,-38.00653076171875,-39.667388916015625,1
Galileo sounds like this important essay.,Galileo sounds like these important essay.,morphology,determiner_noun_agreement,determiner_noun_agreement_with_adj_2,True,False,True,True,31,-49.58422088623047,-53.363853454589844,1
Those ladies work with these lucky actors.,Those ladies work with this lucky actors.,morphology,determiner_noun_agreement,determiner_noun_agreement_with_adj_2,True,False,True,True,32,-43.50609588623047,-45.80417251586914,1
All women reveal that exposed painting.,All women reveal those exposed painting.,morphology,determiner_noun_agreement,determiner_noun_agreement_with_adj_2,True,False,True,True,33,-45.97612762451172,-48.591773986816406,1
Sandra had stunned that young teacher.,Sandra had stunned those young teacher.,morphology,determiner_noun_agreement,determiner_noun_agreement_with_adj_2,True,False,True,True,34,-51.1602668762207,-52.52235794067383,1
That plate resembles those big sketches.,That plate resembles that big sketches.,morphology,determiner_noun_agreement,determiner_noun_agreement_with_adj_2,True,False,True,True,35,-45.23345947265625,-45.77254867553711,1
Sarah has discussed that big waitress.,Sarah has discussed those big waitress.,morphology,determiner_noun_agreement,determiner_noun_agreement_with_adj_2,True,False,True,True,36,-42.87184143066406,-45.18290328979492,1
Heather hasn't worked with this content adult.,Heather hasn't worked with these content adult.,morphology,determiner_noun_agreement,determiner_noun_agreement_with_adj_2,True,False,True,True,37,-58.60881423950195,-63.27659606933594,1
Becca hadn't hugged these fast actors.,Becca hadn't hugged this fast actors.,morphology,determiner_noun_agreement,determiner_noun_agreement_with_adj_2,True,False,True,True,38,-61.259788513183594,-61.78402328491211,1
Robert isn't lifting that dirty dress.,Robert isn't lifting those dirty dress.,morphology,determiner_noun_agreement,determiner_noun_agreement_with_adj_2,True,False,True,True,39,-47.2281494140625,-48.20241928100586,1
Linda runs around these exposed grocery stores.,Linda runs around this exposed grocery stores.,morphology,determiner_noun_agreement,determiner_noun_agreement_with_adj_2,True,False,True,True,40,-58.34500503540039,-57.62240219116211,0
Most teachers sound like those ill drivers.,Most teachers sound like that ill drivers.,morphology,determiner_noun_agreement,determiner_noun_agreement_with_adj_2,True,False,True,True,41,-48.88726806640625,-50.653785705566406,1
Wendy isn't escaping from these unemployed dancers.,Wendy isn't escaping from this unemployed dancers.,morphology,determiner_noun_agreement,determiner_noun_agreement_with_adj_2,True,False,True,True,42,-64.12689208984375,-65.33995819091797,1
Homer won't watch that exposed teacher.,Homer won't watch those exposed teacher.,morphology,determiner_noun_agreement,determiner_noun_agreement_with_adj_2,True,False,True,True,43,-61.36591339111328,-62.603145599365234,1
All drivers confuses those ill actresses.,All drivers confuses that ill actresses.,morphology,determiner_noun_agreement,determiner_noun_agreement_with_adj_2,True,False,True,True,44,-58.10614776611328,-59.34941482543945,1
Connie had disturbed that important legislature.,Connie had disturbed those important legislature.,morphology,determiner_noun_agreement,determiner_noun_agreement_with_adj_2,True,False,True,True,45,-59.88727569580078,-62.176727294921875,1
Brad won't visit these gray schools.,Brad won't visit this gray schools.,morphology,determiner_noun_agreement,determiner_noun_agreement_with_adj_2,True,False,True,True,46,-47.06429672241211,-48.09113693237305,1
Joel is finding these red plates.,Joel is finding this red plates.,morphology,determiner_noun_agreement,determiner_noun_agreement_with_adj_2,True,False,True,True,47,-42.49829864501953,-44.497108459472656,1
Winston Churchill criticized that new high school.,Winston Churchill criticized those new high school.,morphology,determiner_noun_agreement,determiner_noun_agreement_with_adj_2,True,False,True,True,48,-60.201683044433594,-59.491092681884766,0
Sherry talked about these dirty hospitals.,Sherry talked about this dirty hospitals.,morphology,determiner_noun_agreement,determiner_noun_agreement_with_adj_2,True,False,True,True,49,-51.67375946044922,-53.75182342529297,1
Many mouths look like this small drawing.,Many mouths look like these small drawing.,morphology,determiner_noun_agreement,determiner_noun_agreement_with_adj_2,True,False,True,True,50,-41.59199523925781,-44.12495422363281,1
Valerie heals those ill rabbits.,Valerie heals that ill rabbits.,morphology,determiner_noun_agreement,determiner_noun_agreement_with_adj_2,True,False,True,True,51,-50.00007629394531,-51.72808074951172,1
Those senators shock that bad guy.,Those senators shock those bad guy.,morphology,determiner_noun_agreement,determiner_noun_agreement_with_adj_2,True,False,True,True,52,-46.52351379394531,-48.284645080566406,1
Diana would heal this sick hamster.,Diana would heal these sick hamster.,morphology,determiner_noun_agreement,determiner_noun_agreement_with_adj_2,True,False,True,True,53,-57.32035446166992,-59.49126052856445,1
Larry cures this sick driver.,Larry cures these sick driver.,morphology,determiner_noun_agreement,determiner_noun_agreement_with_adj_2,True,False,True,True,54,-39.795921325683594,-42.717193603515625,1
This actor might like that determined pedestrian.,This actor might like those determined pedestrian.,morphology,determiner_noun_agreement,determiner_noun_agreement_with_adj_2,True,False,True,True,55,-56.82373809814453,-58.20387268066406,1
This student runs around these red grocery stores.,This student runs around this red grocery stores.,morphology,determiner_noun_agreement,determiner_noun_agreement_with_adj_2,True,False,True,True,56,-53.344764709472656,-54.42338562011719,1
Laura had bought these small books.,Laura had bought this small books.,morphology,determiner_noun_agreement,determiner_noun_agreement_with_adj_2,True,False,True,True,57,-33.482322692871094,-35.33964538574219,1
Those organizations aggravate those busy teenagers.,Those organizations aggravate that busy teenagers.,morphology,determiner_noun_agreement,determiner_noun_agreement_with_adj_2,True,False,True,True,58,-48.92953872680664,-52.63195037841797,1
Melinda liked these green sketches.,Melinda liked this green sketches.,morphology,determiner_noun_agreement,determiner_noun_agreement_with_adj_2,True,False,True,True,59,-43.727195739746094,-44.483882904052734,1
Most children wear those smooth shawls.,Most children wear that smooth shawls.,morphology,determiner_noun_agreement,determiner_noun_agreement_with_adj_2,True,False,True,True,60,-53.15400695800781,-52.21377182006836,0
Many drivers had hidden those good scarves.,Many drivers had hidden that good scarves.,morphology,determiner_noun_agreement,determiner_noun_agreement_with_adj_2,True,False,True,True,61,-57.9925422668457,-57.02082061767578,0
Jill finds this hidden bird.,Jill finds these hidden bird.,morphology,determiner_noun_agreement,determiner_noun_agreement_with_adj_2,True,False,True,True,62,-42.447303771972656,-47.09077835083008,1
Kathleen is cleaning these purple banks.,Kathleen is cleaning this purple banks.,morphology,determiner_noun_agreement,determiner_noun_agreement_with_adj_2,True,False,True,True,63,-60.59455871582031,-61.32783126831055,1
Some picture isn't annoying these upset waitresses.,Some picture isn't annoying this upset waitresses.,morphology,determiner_noun_agreement,determiner_noun_agreement_with_adj_2,True,False,True,True,64,-66.6543960571289,-66.02188873291016,0
Kendra messes up that bad movie theater.,Kendra messes up those bad movie theater.,morphology,determiner_noun_agreement,determiner_noun_agreement_with_adj_2,True,False,True,True,65,-62.629425048828125,-63.643497467041016,1
Larry bored this bad teenager.,Larry bored these bad teenager.,morphology,determiner_noun_agreement,determiner_noun_agreement_with_adj_2,True,False,True,True,66,-37.25954055786133,-40.44232177734375,1
This waiter hasn't scanned that long book.,This waiter hasn't scanned those long book.,morphology,determiner_noun_agreement,determiner_noun_agreement_with_adj_2,True,False,True,True,67,-55.11036682128906,-59.60938262939453,1
Amy tours those smooth college campuses.,Amy tours that smooth college campuses.,morphology,determiner_noun_agreement,determiner_noun_agreement_with_adj_2,True,False,True,True,68,-49.40369415283203,-44.11952209472656,0
Some movies sound like this lost doctor.,Some movies sound like these lost doctor.,morphology,determiner_noun_agreement,determiner_noun_agreement_with_adj_2,True,False,True,True,69,-47.055885314941406,-50.88475799560547,1
Many patients research those blue sketches.,Many patients research that blue sketches.,morphology,determiner_noun_agreement,determiner_noun_agreement_with_adj_2,True,False,True,True,70,-52.206512451171875,-49.87957000732422,0
Valerie listens to those displeased dancers.,Valerie listens to that displeased dancers.,morphology,determiner_noun_agreement,determiner_noun_agreement_with_adj_2,True,False,True,True,71,-48.54142379760742,-53.52878952026367,1
Every lady didn't disturb those busy teenagers.,Every lady didn't disturb that busy teenagers.,morphology,determiner_noun_agreement,determiner_noun_agreement_with_adj_2,True,False,True,True,72,-51.494110107421875,-52.55088806152344,1
Danielle questioned this out in the open teenager.,Danielle questioned these out in the open teenager.,morphology,determiner_noun_agreement,determiner_noun_agreement_with_adj_2,True,False,True,True,73,-57.6754150390625,-59.98796844482422,1
The drivers watch these nice dancers.,The drivers watch this nice dancers.,morphology,determiner_noun_agreement,determiner_noun_agreement_with_adj_2,True,False,True,True,74,-48.045127868652344,-48.18494415283203,1
Clyde did approach these hidden senators.,Clyde did approach this hidden senators.,morphology,determiner_noun_agreement,determiner_noun_agreement_with_adj_2,True,False,True,True,75,-68.12455749511719,-68.83576965332031,1
The movies disagree with these old children.,The movies disagree with this old children.,morphology,determiner_noun_agreement,determiner_noun_agreement_with_adj_2,True,False,True,True,76,-41.42352294921875,-42.573272705078125,1
Every teacher buys that out in the open grocery store.,Every teacher buys those out in the open grocery store.,morphology,determiner_noun_agreement,determiner_noun_agreement_with_adj_2,True,False,True,True,77,-51.601470947265625,-52.867469787597656,1
Jessica hires this nice guy.,Jessica hires these nice guy.,morphology,determiner_noun_agreement,determiner_noun_agreement_with_adj_2,True,False,True,True,78,-32.6709098815918,-38.395294189453125,1
Dana hadn't lifted this new college campus.,Dana hadn't lifted these new college campus.,morphology,determiner_noun_agreement,determiner_noun_agreement_with_adj_2,True,False,True,True,79,-58.97330093383789,-63.6429443359375,1
A lot of organizations scare these confident senators.,A lot of organizations scare this confident senators.,morphology,determiner_noun_agreement,determiner_noun_agreement_with_adj_2,True,False,True,True,80,-62.47945022583008,-63.40699768066406,1
Lucille might take those bad dishes.,Lucille might take that bad dishes.,morphology,determiner_noun_agreement,determiner_noun_agreement_with_adj_2,True,False,True,True,81,-44.999385833740234,-47.53148651123047,1
Amelia hasn't dropped by those out in the open cafes.,Amelia hasn't dropped by that out in the open cafes.,morphology,determiner_noun_agreement,determiner_noun_agreement_with_adj_2,True,False,True,True,82,-70.61203002929688,-70.53380584716797,0
Meredith won't scan that bad documentary.,Meredith won't scan those bad documentary.,morphology,determiner_noun_agreement,determiner_noun_agreement_with_adj_2,True,False,True,True,83,-57.04199981689453,-59.632389068603516,1
Katherine healed these out in the open snakes.,Katherine healed this out in the open snakes.,morphology,determiner_noun_agreement,determiner_noun_agreement_with_adj_2,True,False,True,True,84,-63.492225646972656,-60.05681228637695,0
Ronald fires this bad customer.,Ronald fires these bad customer.,morphology,determiner_noun_agreement,determiner_noun_agreement_with_adj_2,True,False,True,True,85,-45.994388580322266,-48.954349517822266,1
Danielle wouldn't bring these long pamphlets.,Danielle wouldn't bring this long pamphlets.,morphology,determiner_noun_agreement,determiner_noun_agreement_with_adj_2,True,False,True,True,86,-52.191707611083984,-52.34321594238281,1
Jennifer was hurting that uncertain driver.,Jennifer was hurting those uncertain driver.,morphology,determiner_noun_agreement,determiner_noun_agreement_with_adj_2,True,False,True,True,87,-45.87974548339844,-47.543800354003906,1
Tiffany hasn't worked with this young teenager.,Tiffany hasn't worked with these young teenager.,morphology,determiner_noun_agreement,determiner_noun_agreement_with_adj_2,True,False,True,True,88,-54.36294174194336,-57.4625244140625,1
Sabrina was scanning this hard book.,Sabrina was scanning these hard book.,morphology,determiner_noun_agreement,determiner_noun_agreement_with_adj_2,True,False,True,True,89,-43.82111740112305,-49.36342239379883,1
Eric hired that ill student.,Eric hired those ill student.,morphology,determiner_noun_agreement,determiner_noun_agreement_with_adj_2,True,False,True,True,90,-43.27447509765625,-44.340476989746094,1
Liam flees from those determined actors.,Liam flees from that determined actors.,morphology,determiner_noun_agreement,determiner_noun_agreement_with_adj_2,True,False,True,True,91,-61.82755661010742,-64.771240234375,1
Noah notices that gray restaurant.,Noah notices those gray restaurant.,morphology,determiner_noun_agreement,determiner_noun_agreement_with_adj_2,True,False,True,True,92,-50.632720947265625,-56.69928741455078,1
Those children question those out in the open boys.,Those children question that out in the open boys.,morphology,determiner_noun_agreement,determiner_noun_agreement_with_adj_2,True,False,True,True,93,-58.165611267089844,-56.91591262817383,0
Most children conceal this smart dancer.,Most children conceal these smart dancer.,morphology,determiner_noun_agreement,determiner_noun_agreement_with_adj_2,True,False,True,True,94,-51.130645751953125,-55.28289794921875,1
Most actresses had healed these busy children.,Most actresses had healed this busy children.,morphology,determiner_noun_agreement,determiner_noun_agreement_with_adj_2,True,False,True,True,95,-54.23646926879883,-53.58866882324219,0
Gerald could examine that long essay.,Gerald could examine those long essay.,morphology,determiner_noun_agreement,determiner_noun_agreement_with_adj_2,True,False,True,True,96,-56.56468200683594,-55.66169738769531,0
Lawrence is insulting these popular documentaries.,Lawrence is insulting this popular documentaries.,morphology,determiner_noun_agreement,determiner_noun_agreement_with_adj_2,True,False,True,True,97,-49.64603042602539,-51.171142578125,1
All boys kiss these big actresses.,All boys kiss this big actresses.,morphology,determiner_noun_agreement,determiner_noun_agreement_with_adj_2,True,False,True,True,98,-47.05058288574219,-47.336551666259766,1
Many cashiers were discussing this concealed report.,Many cashiers were discussing these concealed report.,morphology,determiner_noun_agreement,determiner_noun_agreement_with_adj_2,True,False,True,True,99,-58.413360595703125,-59.67576599121094,1
Stacey cleaned this good cafe.,Stacey cleaned these good cafe.,morphology,determiner_noun_agreement,determiner_noun_agreement_with_adj_2,True,False,True,True,100,-49.892913818359375,-53.74870300292969,1
Guys love those small teenagers.,Guys love that small teenagers.,morphology,determiner_noun_agreement,determiner_noun_agreement_with_adj_2,True,False,True,True,101,-35.82099151611328,-37.43704605102539,1
Some guest broke this cheap fork.,Some guest broke these cheap fork.,morphology,determiner_noun_agreement,determiner_noun_agreement_with_adj_2,True,False,True,True,102,-50.359130859375,-53.16193389892578,1
The Great Lakes might stun those troubled pedestrians.,The Great Lakes might stun that troubled pedestrians.,morphology,determiner_noun_agreement,determiner_noun_agreement_with_adj_2,True,False,True,True,103,-60.561767578125,-63.29390335083008,1
Elaine had fled from that unlucky girl.,Elaine had fled from those unlucky girl.,morphology,determiner_noun_agreement,determiner_noun_agreement_with_adj_2,True,False,True,True,104,-55.47245788574219,-52.79013442993164,0
Dawn hadn't thought about that lucky waiter.,Dawn hadn't thought about those lucky waiter.,morphology,determiner_noun_agreement,determiner_noun_agreement_with_adj_2,True,False,True,True,105,-58.360572814941406,-58.202186584472656,0
This wheelbarrow annoys this small library.,This wheelbarrow annoys these small library.,morphology,determiner_noun_agreement,determiner_noun_agreement_with_adj_2,True,False,True,True,106,-61.56573486328125,-64.67961883544922,1
Michelle wasn't visiting that concealed mall.,Michelle wasn't visiting those concealed mall.,morphology,determiner_noun_agreement,determiner_noun_agreement_with_adj_2,True,False,True,True,107,-53.24231719970703,-56.30450439453125,1
Some book isn't astounding this messy bank.,Some book isn't astounding these messy bank.,morphology,determiner_noun_agreement,determiner_noun_agreement_with_adj_2,True,False,True,True,108,-56.511810302734375,-60.20299530029297,1
Kristin watches those lost actors.,Kristin watches that lost actors.,morphology,determiner_noun_agreement,determiner_noun_agreement_with_adj_2,True,False,True,True,109,-46.869808197021484,-44.225257873535156,0
Dawn hates this determined patient.,Dawn hates these determined patient.,morphology,determiner_noun_agreement,determiner_noun_agreement_with_adj_2,True,False,True,True,110,-46.173301696777344,-51.062774658203125,1
These people had praised that lucky customer.,These people had praised those lucky customer.,morphology,determiner_noun_agreement,determiner_noun_agreement_with_adj_2,True,False,True,True,111,-51.44520568847656,-49.160316467285156,0
Rodney goes to this new mall.,Rodney goes to these new mall.,morphology,determiner_noun_agreement,determiner_noun_agreement_with_adj_2,True,False,True,True,112,-40.00228500366211,-46.27037048339844,1
Those boys run around those popular public parks.,Those boys run around that popular public parks.,morphology,determiner_noun_agreement,determiner_noun_agreement_with_adj_2,True,False,True,True,113,-56.24601745605469,-55.67957305908203,0
Noah couldn't leave these smart actors.,Noah couldn't leave this smart actors.,morphology,determiner_noun_agreement,determiner_noun_agreement_with_adj_2,True,False,True,True,114,-50.75518798828125,-51.82384490966797,1
Lori should conceal this yellow library.,Lori should conceal these yellow library.,morphology,determiner_noun_agreement,determiner_noun_agreement_with_adj_2,True,False,True,True,115,-53.158721923828125,-55.82107162475586,1
The documentary does alarm these displeased actors.,The documentary does alarm this displeased actors.,morphology,determiner_noun_agreement,determiner_noun_agreement_with_adj_2,True,False,True,True,116,-66.708251953125,-66.93986511230469,1
The Clintons have exited that cheap museum.,The Clintons have exited those cheap museum.,morphology,determiner_noun_agreement,determiner_noun_agreement_with_adj_2,True,False,True,True,117,-59.959381103515625,-63.5830192565918,1
Many doctors go to this messy museum.,Many doctors go to these messy museum.,morphology,determiner_noun_agreement,determiner_noun_agreement_with_adj_2,True,False,True,True,118,-44.60088348388672,-50.154850006103516,1
The committee has taken these bad dogs.,The committee has taken this bad dogs.,morphology,determiner_noun_agreement,determiner_noun_agreement_with_adj_2,True,False,True,True,119,-45.37931823730469,-46.117801666259766,1
Lawrence did watch those unconvinced doctors.,Lawrence did watch that unconvinced doctors.,morphology,determiner_noun_agreement,determiner_noun_agreement_with_adj_2,True,False,True,True,120,-65.8741226196289,-65.70372772216797,0
Wayne should walk through these small libraries.,Wayne should walk through this small libraries.,morphology,determiner_noun_agreement,determiner_noun_agreement_with_adj_2,True,False,True,True,121,-46.729896545410156,-48.138671875,1
A waiter hasn't boycotted this popular organization.,A waiter hasn't boycotted these popular organization.,morphology,determiner_noun_agreement,determiner_noun_agreement_with_adj_2,True,False,True,True,122,-75.35712432861328,-81.07764434814453,1
Most guests can insult this concealed actress.,Most guests can insult these concealed actress.,morphology,determiner_noun_agreement,determiner_noun_agreement_with_adj_2,True,False,True,True,123,-55.92198181152344,-58.39272689819336,1
Some women reference that popular commentary.,Some women reference those popular commentary.,morphology,determiner_noun_agreement,determiner_noun_agreement_with_adj_2,True,False,True,True,124,-50.765625,-50.58972930908203,0
Carrie examines this popular play.,Carrie examines these popular play.,morphology,determiner_noun_agreement,determiner_noun_agreement_with_adj_2,True,False,True,True,125,-45.51799011230469,-45.966583251953125,1
Laurie hadn't cleaned these bad jackets.,Laurie hadn't cleaned this bad jackets.,morphology,determiner_noun_agreement,determiner_noun_agreement_with_adj_2,True,False,True,True,126,-57.241233825683594,-59.27336883544922,1
Margaret hasn't concealed those lost ladies.,Margaret hasn't concealed that lost ladies.,morphology,determiner_noun_agreement,determiner_noun_agreement_with_adj_2,True,False,True,True,127,-59.10237503051758,-59.433570861816406,1
Alan hasn't helped those delighted girls.,Alan hasn't helped that delighted girls.,morphology,determiner_noun_agreement,determiner_noun_agreement_with_adj_2,True,False,True,True,128,-43.86405563354492,-46.11509323120117,1
Vanessa hasn't discovered these brown sketches.,Vanessa hasn't discovered this brown sketches.,morphology,determiner_noun_agreement,determiner_noun_agreement_with_adj_2,True,False,True,True,129,-53.611778259277344,-54.49919509887695,1
Liam hasn't insulted that clever student.,Liam hasn't insulted those clever student.,morphology,determiner_noun_agreement,determiner_noun_agreement_with_adj_2,True,False,True,True,130,-60.50168991088867,-63.899864196777344,1
Some customer cleans those old couches.,Some customer cleans that old couches.,morphology,determiner_noun_agreement,determiner_noun_agreement_with_adj_2,True,False,True,True,131,-49.256805419921875,-50.74272537231445,1
Matt would discuss that green college campus.,Matt would discuss those green college campus.,morphology,determiner_noun_agreement,determiner_noun_agreement_with_adj_2,True,False,True,True,132,-51.33171844482422,-51.85739517211914,1
Mitchell bikes to this big art gallery.,Mitchell bikes to these big art gallery.,morphology,determiner_noun_agreement,determiner_noun_agreement_with_adj_2,True,False,True,True,133,-59.60047912597656,-64.53487396240234,1
Marie will research that messy library.,Marie will research those messy library.,morphology,determiner_noun_agreement,determiner_noun_agreement_with_adj_2,True,False,True,True,134,-48.06581497192383,-48.865196228027344,1
The actors break these gray couches.,The actors break this gray couches.,morphology,determiner_noun_agreement,determiner_noun_agreement_with_adj_2,True,False,True,True,135,-50.29903030395508,-50.77503204345703,1
Many students describe these concealed high schools.,Many students describe this concealed high schools.,morphology,determiner_noun_agreement,determiner_noun_agreement_with_adj_2,True,False,True,True,136,-46.531028747558594,-48.407440185546875,1
Every shawl has bothered that big waitress.,Every shawl has bothered those big waitress.,morphology,determiner_noun_agreement,determiner_noun_agreement_with_adj_2,True,False,True,True,137,-60.96846389770508,-63.831031799316406,1
An adult wouldn't clean this concealed cafe.,An adult wouldn't clean these concealed cafe.,morphology,determiner_noun_agreement,determiner_noun_agreement_with_adj_2,True,False,True,True,138,-62.76896667480469,-65.82150268554688,1
That adult remembers those small customers.,That adult remembers that small customers.,morphology,determiner_noun_agreement,determiner_noun_agreement_with_adj_2,True,False,True,True,139,-46.08932113647461,-44.36231994628906,0
Tara had seen these concealed libraries.,Tara had seen this concealed libraries.,morphology,determiner_noun_agreement,determiner_noun_agreement_with_adj_2,True,False,True,True,140,-52.94137191772461,-53.7637939453125,1
The cilantro irritates these troubled girls.,The cilantro irritates this troubled girls.,morphology,determiner_noun_agreement,determiner_noun_agreement_with_adj_2,True,False,True,True,141,-58.23944091796875,-58.76871109008789,1
Jennifer isn't breaking those brown couches.,Jennifer isn't breaking that brown couches.,morphology,determiner_noun_agreement,determiner_noun_agreement_with_adj_2,True,False,True,True,142,-46.677101135253906,-47.593902587890625,1
Some children have that out in the open print.,Some children have those out in the open print.,morphology,determiner_noun_agreement,determiner_noun_agreement_with_adj_2,True,False,True,True,143,-48.54984664916992,-49.556392669677734,1
A lot of universities took that hidden hat.,A lot of universities took those hidden hat.,morphology,determiner_noun_agreement,determiner_noun_agreement_with_adj_2,True,False,True,True,144,-60.72618103027344,-61.363670349121094,1
That eggplant shocks these popular committees.,That eggplant shocks this popular committees.,morphology,determiner_noun_agreement,determiner_noun_agreement_with_adj_2,True,False,True,True,145,-65.7605972290039,-66.70584869384766,1
Sandra appreciated that important college campus.,Sandra appreciated those important college campus.,morphology,determiner_noun_agreement,determiner_noun_agreement_with_adj_2,True,False,True,True,146,-54.986427307128906,-57.755157470703125,1
All doctors love these bad plays.,All doctors love this bad plays.,morphology,determiner_noun_agreement,determiner_noun_agreement_with_adj_2,True,False,True,True,147,-40.87931823730469,-41.991085052490234,1
Tara will bring those white art galleries.,Tara will bring that white art galleries.,morphology,determiner_noun_agreement,determiner_noun_agreement_with_adj_2,True,False,True,True,148,-47.656620025634766,-48.586090087890625,1
Kayla exits those gray art galleries.,Kayla exits that gray art galleries.,morphology,determiner_noun_agreement,determiner_noun_agreement_with_adj_2,True,False,True,True,149,-56.45991516113281,-58.402923583984375,1
Catherine was discussing that popular public park.,Catherine was discussing those popular public park.,morphology,determiner_noun_agreement,determiner_noun_agreement_with_adj_2,True,False,True,True,150,-59.040992736816406,-60.659767150878906,1
Some actresses sound like these long commentaries.,Some actresses sound like this long commentaries.,morphology,determiner_noun_agreement,determiner_noun_agreement_with_adj_2,True,False,True,True,151,-53.45637130737305,-55.312225341796875,1
Robert wasn't buying these lost hamsters.,Robert wasn't buying this lost hamsters.,morphology,determiner_noun_agreement,determiner_noun_agreement_with_adj_2,True,False,True,True,152,-50.19792556762695,-51.84260177612305,1
Russell conceals this standing teenager.,Russell conceals these standing teenager.,morphology,determiner_noun_agreement,determiner_noun_agreement_with_adj_2,True,False,True,True,153,-41.0678825378418,-45.87230682373047,1
Every bird had stunned that cheap library.,Every bird had stunned those cheap library.,morphology,determiner_noun_agreement,determiner_noun_agreement_with_adj_2,True,False,True,True,154,-60.677494049072266,-63.18566131591797,1
Carol drives to that bad hospital.,Carol drives to those bad hospital.,morphology,determiner_noun_agreement,determiner_noun_agreement_with_adj_2,True,False,True,True,155,-55.24139404296875,-52.53074264526367,0
Raymond talked to that busy actor.,Raymond talked to those busy actor.,morphology,determiner_noun_agreement,determiner_noun_agreement_with_adj_2,True,False,True,True,156,-53.07304382324219,-52.552490234375,0
Gary is upsetting this important company.,Gary is upsetting these important company.,morphology,determiner_noun_agreement,determiner_noun_agreement_with_adj_2,True,False,True,True,157,-35.50146484375,-39.22096252441406,1
A lot of movie theaters embarrass that unemployed student.,A lot of movie theaters embarrass those unemployed student.,morphology,determiner_noun_agreement,determiner_noun_agreement_with_adj_2,True,False,True,True,158,-68.88973999023438,-68.36068725585938,0
Beverly watched that busy dancer.,Beverly watched those busy dancer.,morphology,determiner_noun_agreement,determiner_noun_agreement_with_adj_2,True,False,True,True,159,-54.4102897644043,-54.361572265625,0
An actress might cure this smart lady.,An actress might cure these smart lady.,morphology,determiner_noun_agreement,determiner_noun_agreement_with_adj_2,True,False,True,True,160,-52.666465759277344,-56.350093841552734,1
Lawrence wouldn't listen to that sick guy.,Lawrence wouldn't listen to those sick guy.,morphology,determiner_noun_agreement,determiner_noun_agreement_with_adj_2,True,False,True,True,161,-52.73900604248047,-52.172767639160156,0
Kathleen referenced these small ladies.,Kathleen referenced this small ladies.,morphology,determiner_noun_agreement,determiner_noun_agreement_with_adj_2,True,False,True,True,162,-51.33719253540039,-52.73855972290039,1
Erin will find those out in the open scarves.,Erin will find that out in the open scarves.,morphology,determiner_noun_agreement,determiner_noun_agreement_with_adj_2,True,False,True,True,163,-57.35987091064453,-55.41115188598633,0
Kristin noticed this important bird.,Kristin noticed these important bird.,morphology,determiner_noun_agreement,determiner_noun_agreement_with_adj_2,True,False,True,True,164,-39.473724365234375,-44.8291130065918,1
Jane did respect those content ladies.,Jane did respect that content ladies.,morphology,determiner_noun_agreement,determiner_noun_agreement_with_adj_2,True,False,True,True,165,-46.759803771972656,-47.36247253417969,1
Liam cured that blue cat.,Liam cured those blue cat.,morphology,determiner_noun_agreement,determiner_noun_agreement_with_adj_2,True,False,True,True,166,-52.81724548339844,-51.612266540527344,0
Brad isn't praising that bad dancer.,Brad isn't praising those bad dancer.,morphology,determiner_noun_agreement,determiner_noun_agreement_with_adj_2,True,False,True,True,167,-49.369728088378906,-50.277442932128906,1
A lot of girls could take these out in the open public parks.,A lot of girls could take this out in the open public parks.,morphology,determiner_noun_agreement,determiner_noun_agreement_with_adj_2,True,False,True,True,168,-66.26600646972656,-64.49446105957031,0
Stacy admired these nice students.,Stacy admired this nice students.,morphology,determiner_noun_agreement,determiner_noun_agreement_with_adj_2,True,False,True,True,169,-45.08407974243164,-45.135189056396484,1
Every story bothers that bad company.,Every story bothers those bad company.,morphology,determiner_noun_agreement,determiner_noun_agreement_with_adj_2,True,False,True,True,170,-42.00847625732422,-45.45981979370117,1
Andrew wasn't healing this upset patient.,Andrew wasn't healing these upset patient.,morphology,determiner_noun_agreement,determiner_noun_agreement_with_adj_2,True,False,True,True,171,-50.24541473388672,-52.92603302001953,1
John conceals that standing lady.,John conceals those standing lady.,morphology,determiner_noun_agreement,determiner_noun_agreement_with_adj_2,True,False,True,True,172,-43.89394760131836,-44.92707443237305,1
That patient was selling these important cups.,That patient was selling this important cups.,morphology,determiner_noun_agreement,determiner_noun_agreement_with_adj_2,True,False,True,True,173,-51.05260467529297,-52.59245681762695,1
Robert has criticized this good driver.,Robert has criticized these good driver.,morphology,determiner_noun_agreement,determiner_noun_agreement_with_adj_2,True,False,True,True,174,-40.645118713378906,-43.5562629699707,1
Jodi had revealed that brown snake.,Jodi had revealed those brown snake.,morphology,determiner_noun_agreement,determiner_noun_agreement_with_adj_2,True,False,True,True,175,-50.513885498046875,-54.08265686035156,1
Most girls see this important turtle.,Most girls see these important turtle.,morphology,determiner_noun_agreement,determiner_noun_agreement_with_adj_2,True,False,True,True,176,-42.59620666503906,-47.61787414550781,1
Kimberley arrived at those red high schools.,Kimberley arrived at that red high schools.,morphology,determiner_noun_agreement,determiner_noun_agreement_with_adj_2,True,False,True,True,177,-55.150596618652344,-58.7211799621582,1
Eva criticizes those hidden public parks.,Eva criticizes that hidden public parks.,morphology,determiner_noun_agreement,determiner_noun_agreement_with_adj_2,True,False,True,True,178,-50.317481994628906,-51.91497802734375,1
Christine helps these uncertain ladies.,Christine helps this uncertain ladies.,morphology,determiner_noun_agreement,determiner_noun_agreement_with_adj_2,True,False,True,True,179,-47.67084884643555,-46.37853240966797,0
Veronica has gone to that hard public park.,Veronica has gone to those hard public park.,morphology,determiner_noun_agreement,determiner_noun_agreement_with_adj_2,True,False,True,True,180,-55.38939666748047,-56.49970245361328,1
This photograph looked like this hidden painting.,This photograph looked like these hidden painting.,morphology,determiner_noun_agreement,determiner_noun_agreement_with_adj_2,True,False,True,True,181,-38.604305267333984,-43.463165283203125,1
Guys walk through this small museum.,Guys walk through these small museum.,morphology,determiner_noun_agreement,determiner_noun_agreement_with_adj_2,True,False,True,True,182,-37.24340057373047,-43.204376220703125,1
The Clintons aren't arriving at those concealed banks.,The Clintons aren't arriving at that concealed banks.,morphology,determiner_noun_agreement,determiner_noun_agreement_with_adj_2,True,False,True,True,183,-62.01913070678711,-63.04759979248047,1
That waitress admires these orange pictures.,That waitress admires this orange pictures.,morphology,determiner_noun_agreement,determiner_noun_agreement_with_adj_2,True,False,True,True,184,-51.50831604003906,-50.74237060546875,0
Barbara won't bother this scared adult.,Barbara won't bother these scared adult.,morphology,determiner_noun_agreement,determiner_noun_agreement_with_adj_2,True,False,True,True,185,-54.8149299621582,-57.511810302734375,1
Brenda would admire this concealed brochure.,Brenda would admire these concealed brochure.,morphology,determiner_noun_agreement,determiner_noun_agreement_with_adj_2,True,False,True,True,186,-55.99555206298828,-55.936317443847656,0
Edward wasn't complaining about that hidden senator.,Edward wasn't complaining about those hidden senator.,morphology,determiner_noun_agreement,determiner_noun_agreement_with_adj_2,True,False,True,True,187,-54.25450134277344,-55.65943908691406,1
Some teenagers buy that smooth jacket.,Some teenagers buy those smooth jacket.,morphology,determiner_noun_agreement,determiner_noun_agreement_with_adj_2,True,False,True,True,188,-48.846282958984375,-51.752830505371094,1
Some turtles stun those popular governments.,Some turtles stun that popular governments.,morphology,determiner_noun_agreement,determiner_noun_agreement_with_adj_2,True,False,True,True,189,-56.19660186767578,-57.70619201660156,1
These waiters biked to these new libraries.,These waiters biked to this new libraries.,morphology,determiner_noun_agreement,determiner_noun_agreement_with_adj_2,True,False,True,True,190,-56.06983947753906,-58.16731262207031,1
Grace isn't referencing this good movie.,Grace isn't referencing these good movie.,morphology,determiner_noun_agreement,determiner_noun_agreement_with_adj_2,True,False,True,True,191,-48.4212760925293,-51.552669525146484,1
Jane hadn't questioned that confident student.,Jane hadn't questioned those confident student.,morphology,determiner_noun_agreement,determiner_noun_agreement_with_adj_2,True,False,True,True,192,-49.40262985229492,-52.2149658203125,1
These patients criticize these nice ladies.,These patients criticize this nice ladies.,morphology,determiner_noun_agreement,determiner_noun_agreement_with_adj_2,True,False,True,True,193,-47.480003356933594,-49.26645278930664,1
Rachel reveals those exposed dogs.,Rachel reveals that exposed dogs.,morphology,determiner_noun_agreement,determiner_noun_agreement_with_adj_2,True,False,True,True,194,-37.49986267089844,-35.45684051513672,0
These patients look like these lost pictures.,These patients look like this lost pictures.,morphology,determiner_noun_agreement,determiner_noun_agreement_with_adj_2,True,False,True,True,195,-43.99635314941406,-44.94941711425781,1
Some pedestrian references these determined adults.,Some pedestrian references this determined adults.,morphology,determiner_noun_agreement,determiner_noun_agreement_with_adj_2,True,False,True,True,196,-57.599063873291016,-56.89387512207031,0
These pedestrians fire these unsure students.,These pedestrians fire this unsure students.,morphology,determiner_noun_agreement,determiner_noun_agreement_with_adj_2,True,False,True,True,197,-53.86539840698242,-55.61888122558594,1
Chad praised this important book.,Chad praised these important book.,morphology,determiner_noun_agreement,determiner_noun_agreement_with_adj_2,True,False,True,True,198,-35.632171630859375,-42.01396942138672,1
Gary cleans these green rugs.,Gary cleans this green rugs.,morphology,determiner_noun_agreement,determiner_noun_agreement_with_adj_2,True,False,True,True,199,-37.187164306640625,-37.43918228149414,1
Matt wasn't scaring these bad patients.,Matt wasn't scaring this bad patients.,morphology,determiner_noun_agreement,determiner_noun_agreement_with_adj_2,True,False,True,True,200,-47.65635681152344,-49.97783660888672,1
Dawn was thinking about that blue car.,Dawn was thinking about those blue car.,morphology,determiner_noun_agreement,determiner_noun_agreement_with_adj_2,True,False,True,True,201,-49.545188903808594,-50.433021545410156,1
Anna questioned this popular university.,Anna questioned these popular university.,morphology,determiner_noun_agreement,determiner_noun_agreement_with_adj_2,True,False,True,True,202,-39.06127166748047,-43.73849868774414,1
Every girl argued about that red report.,Every girl argued about those red report.,morphology,determiner_noun_agreement,determiner_noun_agreement_with_adj_2,True,False,True,True,203,-54.805519104003906,-56.29789733886719,1
Linda complained about that smooth report.,Linda complained about those smooth report.,morphology,determiner_noun_agreement,determiner_noun_agreement_with_adj_2,True,False,True,True,204,-52.73717498779297,-55.733543395996094,1
Bill can't complain about this happy patient.,Bill can't complain about these happy patient.,morphology,determiner_noun_agreement,determiner_noun_agreement_with_adj_2,True,False,True,True,205,-41.18605041503906,-44.016319274902344,1
Eric wasn't exiting these black college campuses.,Eric wasn't exiting this black college campuses.,morphology,determiner_noun_agreement,determiner_noun_agreement_with_adj_2,True,False,True,True,206,-55.92611312866211,-57.391319274902344,1
All doctors observe this fast teenager.,All doctors observe these fast teenager.,morphology,determiner_noun_agreement,determiner_noun_agreement_with_adj_2,True,False,True,True,207,-46.67481994628906,-51.095794677734375,1
Sally hadn't passed this good movie theater.,Sally hadn't passed these good movie theater.,morphology,determiner_noun_agreement,determiner_noun_agreement_with_adj_2,True,False,True,True,208,-61.85765838623047,-64.16261291503906,1
Those universities criticize that popular actress.,Those universities criticize those popular actress.,morphology,determiner_noun_agreement,determiner_noun_agreement_with_adj_2,True,False,True,True,209,-54.259559631347656,-53.1563720703125,0
Craig examines those important movies.,Craig examines that important movies.,morphology,determiner_noun_agreement,determiner_noun_agreement_with_adj_2,True,False,True,True,210,-34.99443817138672,-38.97693634033203,1
That muffin hurts those concealed guys.,That muffin hurts that concealed guys.,morphology,determiner_noun_agreement,determiner_noun_agreement_with_adj_2,True,False,True,True,211,-58.59270095825195,-57.84186935424805,0
Those senators conceal these hard shoes.,Those senators conceal this hard shoes.,morphology,determiner_noun_agreement,determiner_noun_agreement_with_adj_2,True,False,True,True,212,-47.18926239013672,-48.3677978515625,1
Students hadn't hurt that standing guest.,Students hadn't hurt those standing guest.,morphology,determiner_noun_agreement,determiner_noun_agreement_with_adj_2,True,False,True,True,213,-49.32855224609375,-51.902809143066406,1
Rachelle breaks those lost forks.,Rachelle breaks that lost forks.,morphology,determiner_noun_agreement,determiner_noun_agreement_with_adj_2,True,False,True,True,214,-50.794307708740234,-50.10236358642578,0
Some senators arrive at those smooth public parks.,Some senators arrive at that smooth public parks.,morphology,determiner_noun_agreement,determiner_noun_agreement_with_adj_2,True,False,True,True,215,-60.21722412109375,-59.77222442626953,0
Deborah couldn't remember this concealed high school.,Deborah couldn't remember these concealed high school.,morphology,determiner_noun_agreement,determiner_noun_agreement_with_adj_2,True,False,True,True,216,-59.54911804199219,-61.83601379394531,1
A lot of actors wouldn't impress those important associations.,A lot of actors wouldn't impress that important associations.,morphology,determiner_noun_agreement,determiner_noun_agreement_with_adj_2,True,False,True,True,217,-62.3312873840332,-63.03936004638672,1
Some patients disagree with that popular guest.,Some patients disagree with those popular guest.,morphology,determiner_noun_agreement,determiner_noun_agreement_with_adj_2,True,False,True,True,218,-49.65631866455078,-50.56867980957031,1
A child listens to that scared adult.,A child listens to those scared adult.,morphology,determiner_noun_agreement,determiner_noun_agreement_with_adj_2,True,False,True,True,219,-46.261924743652344,-44.83111572265625,0
Most trucks weren't looking like that bad painting.,Most trucks weren't looking like those bad painting.,morphology,determiner_noun_agreement,determiner_noun_agreement_with_adj_2,True,False,True,True,220,-53.84703826904297,-56.91441345214844,1
The doctor broke these new plates.,The doctor broke this new plates.,morphology,determiner_noun_agreement,determiner_noun_agreement_with_adj_2,True,False,True,True,221,-43.001651763916016,-45.1034049987793,1
Ronald fixed that lost glass.,Ronald fixed those lost glass.,morphology,determiner_noun_agreement,determiner_noun_agreement_with_adj_2,True,False,True,True,222,-51.22322082519531,-52.834503173828125,1
Donald would wear that bad glove.,Donald would wear those bad glove.,morphology,determiner_noun_agreement,determiner_noun_agreement_with_adj_2,True,False,True,True,223,-42.3539924621582,-44.09168243408203,1
The cucumber isn't boring those scared waitresses.,The cucumber isn't boring that scared waitresses.,morphology,determiner_noun_agreement,determiner_noun_agreement_with_adj_2,True,False,True,True,224,-72.07306671142578,-67.44241333007812,0
Michelle did bring that white print.,Michelle did bring those white print.,morphology,determiner_noun_agreement,determiner_noun_agreement_with_adj_2,True,False,True,True,225,-38.174278259277344,-40.27324295043945,1
Melanie was wearing these yellow scarves.,Melanie was wearing this yellow scarves.,morphology,determiner_noun_agreement,determiner_noun_agreement_with_adj_2,True,False,True,True,226,-46.991851806640625,-48.244712829589844,1
Many hamsters find this cheap skirt.,Many hamsters find these cheap skirt.,morphology,determiner_noun_agreement,determiner_noun_agreement_with_adj_2,True,False,True,True,227,-48.250267028808594,-49.892372131347656,1
That driver hadn't praised these lost actresses.,That driver hadn't praised this lost actresses.,morphology,determiner_noun_agreement,determiner_noun_agreement_with_adj_2,True,False,True,True,228,-62.99882507324219,-64.64028930664062,1
Every commentary bothers these purple schools.,Every commentary bothers this purple schools.,morphology,determiner_noun_agreement,determiner_noun_agreement_with_adj_2,True,False,True,True,229,-52.88734436035156,-53.03240966796875,1
Mary hadn't described this orange pamphlet.,Mary hadn't described these orange pamphlet.,morphology,determiner_noun_agreement,determiner_noun_agreement_with_adj_2,True,False,True,True,230,-48.72645568847656,-51.26143264770508,1
Some candle hasn't bored this standing boy.,Some candle hasn't bored these standing boy.,morphology,determiner_noun_agreement,determiner_noun_agreement_with_adj_2,True,False,True,True,231,-60.935264587402344,-64.75012969970703,1
Colleen hadn't distracted this popular legislature.,Colleen hadn't distracted these popular legislature.,morphology,determiner_noun_agreement,determiner_noun_agreement_with_adj_2,True,False,True,True,232,-62.30221939086914,-65.78538513183594,1
Roger boycotts these good universities.,Roger boycotts this good universities.,morphology,determiner_noun_agreement,determiner_noun_agreement_with_adj_2,True,False,True,True,233,-41.665924072265625,-44.11412048339844,1
That adult has worn those out in the open coats.,That adult has worn that out in the open coats.,morphology,determiner_noun_agreement,determiner_noun_agreement_with_adj_2,True,False,True,True,234,-62.33916473388672,-61.32794952392578,0
Harvard University has worked with those important drivers.,Harvard University has worked with that important drivers.,morphology,determiner_noun_agreement,determiner_noun_agreement_with_adj_2,True,False,True,True,235,-46.65202713012695,-49.97808837890625,1
All adults wear these brown sweaters.,All adults wear this brown sweaters.,morphology,determiner_noun_agreement,determiner_noun_agreement_with_adj_2,True,False,True,True,236,-42.7756462097168,-44.3857421875,1
Heather would complain about this old guest.,Heather would complain about these old guest.,morphology,determiner_noun_agreement,determiner_noun_agreement_with_adj_2,True,False,True,True,237,-55.07527542114258,-59.24335479736328,1
Lisa has discovered those big children.,Lisa has discovered that big children.,morphology,determiner_noun_agreement,determiner_noun_agreement_with_adj_2,True,False,True,True,238,-32.56909942626953,-30.305456161499023,0
The Lutherans haven't returned to those big drivers.,The Lutherans haven't returned to that big drivers.,morphology,determiner_noun_agreement,determiner_noun_agreement_with_adj_2,True,False,True,True,239,-62.699317932128906,-62.720359802246094,1
Angela doesn't buy these new skirts.,Angela doesn't buy this new skirts.,morphology,determiner_noun_agreement,determiner_noun_agreement_with_adj_2,True,False,True,True,240,-44.793975830078125,-46.92591094970703,1
Most dancers sound like these small books.,Most dancers sound like this small books.,morphology,determiner_noun_agreement,determiner_noun_agreement_with_adj_2,True,False,True,True,241,-43.349021911621094,-44.25340270996094,1
Rivers don't upset this good association.,Rivers don't upset these good association.,morphology,determiner_noun_agreement,determiner_noun_agreement_with_adj_2,True,False,True,True,242,-54.687278747558594,-56.20184326171875,1
Joel questions those troubled ladies.,Joel questions that troubled ladies.,morphology,determiner_noun_agreement,determiner_noun_agreement_with_adj_2,True,False,True,True,243,-44.394752502441406,-42.89930725097656,0
Donna had approached that fast teacher.,Donna had approached those fast teacher.,morphology,determiner_noun_agreement,determiner_noun_agreement_with_adj_2,True,False,True,True,244,-52.70313262939453,-55.147850036621094,1
All banks are confusing those popular boys.,All banks are confusing that popular boys.,morphology,determiner_noun_agreement,determiner_noun_agreement_with_adj_2,True,False,True,True,245,-53.088600158691406,-53.09086990356445,1
Melinda is exploring this purple mall.,Melinda is exploring these purple mall.,morphology,determiner_noun_agreement,determiner_noun_agreement_with_adj_2,True,False,True,True,246,-51.51396942138672,-54.6225471496582,1
Alexander breaks this clean glass.,Alexander breaks these clean glass.,morphology,determiner_noun_agreement,determiner_noun_agreement_with_adj_2,True,False,True,True,247,-37.740997314453125,-39.23629379272461,1
The guest hasn't disliked this lost boy.,The guest hasn't disliked these lost boy.,morphology,determiner_noun_agreement,determiner_noun_agreement_with_adj_2,True,False,True,True,248,-59.64921188354492,-62.323150634765625,1
Nicole loves those unemployed children.,Nicole loves that unemployed children.,morphology,determiner_noun_agreement,determiner_noun_agreement_with_adj_2,True,False,True,True,249,-42.663448333740234,-43.660072326660156,1
Many paintings alarm that out in the open actor.,Many paintings alarm those out in the open actor.,morphology,determiner_noun_agreement,determiner_noun_agreement_with_adj_2,True,False,True,True,250,-67.14415740966797,-69.01042938232422,1
The universities criticize those sick ladies.,The universities criticize that sick ladies.,morphology,determiner_noun_agreement,determiner_noun_agreement_with_adj_2,True,False,True,True,251,-51.608795166015625,-52.538787841796875,1
Heidi criticized that bad commentary.,Heidi criticized those bad commentary.,morphology,determiner_noun_agreement,determiner_noun_agreement_with_adj_2,True,False,True,True,252,-48.221473693847656,-46.896827697753906,0
Vanessa wasn't wearing these new blouses.,Vanessa wasn't wearing this new blouses.,morphology,determiner_noun_agreement,determiner_noun_agreement_with_adj_2,True,False,True,True,253,-51.08370590209961,-51.641021728515625,1
Some horse had broken that purple glass.,Some horse had broken those purple glass.,morphology,determiner_noun_agreement,determiner_noun_agreement_with_adj_2,True,False,True,True,254,-52.53675079345703,-53.639915466308594,1
Heidi couldn't pass these concealed banks.,Heidi couldn't pass this concealed banks.,morphology,determiner_noun_agreement,determiner_noun_agreement_with_adj_2,True,False,True,True,255,-56.32179260253906,-57.10523223876953,1
Many banks like that cheap scarf.,Many banks like those cheap scarf.,morphology,determiner_noun_agreement,determiner_noun_agreement_with_adj_2,True,False,True,True,256,-47.867313385009766,-48.762847900390625,1
Aaron disagrees with that long story.,Aaron disagrees with those long story.,morphology,determiner_noun_agreement,determiner_noun_agreement_with_adj_2,True,False,True,True,257,-35.396575927734375,-36.34383010864258,1
Kenneth discovers these new glasses.,Kenneth discovers this new glasses.,morphology,determiner_noun_agreement,determiner_noun_agreement_with_adj_2,True,False,True,True,258,-39.78892517089844,-40.468170166015625,1
That spinach can't annoy these displeased girls.,That spinach can't annoy this displeased girls.,morphology,determiner_noun_agreement,determiner_noun_agreement_with_adj_2,True,False,True,True,259,-61.743492126464844,-63.13593292236328,1
That hospital hasn't sold these green drawings.,That hospital hasn't sold this green drawings.,morphology,determiner_noun_agreement,determiner_noun_agreement_with_adj_2,True,False,True,True,260,-52.42018508911133,-52.67622375488281,1
These waiters bike to those blue cafes.,These waiters bike to that blue cafes.,morphology,determiner_noun_agreement,determiner_noun_agreement_with_adj_2,True,False,True,True,261,-57.56855010986328,-62.315826416015625,1
Catherine had noticed that standing guy.,Catherine had noticed those standing guy.,morphology,determiner_noun_agreement,determiner_noun_agreement_with_adj_2,True,False,True,True,262,-49.19676971435547,-54.6392936706543,1
Dana isn't messing up this concealed glass.,Dana isn't messing up these concealed glass.,morphology,determiner_noun_agreement,determiner_noun_agreement_with_adj_2,True,False,True,True,263,-56.83818054199219,-58.92169189453125,1
Florence wasn't researching these lost photographs.,Florence wasn't researching this lost photographs.,morphology,determiner_noun_agreement,determiner_noun_agreement_with_adj_2,True,False,True,True,264,-59.624507904052734,-61.3968505859375,1
Jesus doesn't remember this rough newspaper article.,Jesus doesn't remember these rough newspaper article.,morphology,determiner_noun_agreement,determiner_noun_agreement_with_adj_2,True,False,True,True,265,-50.94766616821289,-52.44426727294922,1
Many students heal this smart boy.,Many students heal these smart boy.,morphology,determiner_noun_agreement,determiner_noun_agreement_with_adj_2,True,False,True,True,266,-43.098365783691406,-45.8623046875,1
Susan biked to that important public park.,Susan biked to those important public park.,morphology,determiner_noun_agreement,determiner_noun_agreement_with_adj_2,True,False,True,True,267,-53.54325485229492,-56.32514190673828,1
Mitchell won't watch this busy waitress.,Mitchell won't watch these busy waitress.,morphology,determiner_noun_agreement,determiner_noun_agreement_with_adj_2,True,False,True,True,268,-56.277870178222656,-59.81076431274414,1
Emily could talk to this displeased lady.,Emily could talk to these displeased lady.,morphology,determiner_noun_agreement,determiner_noun_agreement_with_adj_2,True,False,True,True,269,-47.185482025146484,-50.433616638183594,1
Rhonda hides this smooth photograph.,Rhonda hides these smooth photograph.,morphology,determiner_noun_agreement,determiner_noun_agreement_with_adj_2,True,False,True,True,270,-48.0500602722168,-51.49131393432617,1
Many actors are describing that standing patient.,Many actors are describing those standing patient.,morphology,determiner_noun_agreement,determiner_noun_agreement_with_adj_2,True,False,True,True,271,-52.38969421386719,-54.7752799987793,1
These pedestrians escaped from this hidden cafe.,These pedestrians escaped from these hidden cafe.,morphology,determiner_noun_agreement,determiner_noun_agreement_with_adj_2,True,False,True,True,272,-50.5562744140625,-53.977577209472656,1
Derek discovered that good play.,Derek discovered those good play.,morphology,determiner_noun_agreement,determiner_noun_agreement_with_adj_2,True,False,True,True,273,-42.76203918457031,-46.45414733886719,1
Cindy toured that clean movie theater.,Cindy toured those clean movie theater.,morphology,determiner_noun_agreement,determiner_noun_agreement_with_adj_2,True,False,True,True,274,-66.03187561035156,-66.56857299804688,1
A cart might upset this happy pedestrian.,A cart might upset these happy pedestrian.,morphology,determiner_noun_agreement,determiner_noun_agreement_with_adj_2,True,False,True,True,275,-62.60527420043945,-64.28781127929688,1
Those newspaper articles impress these popular universities.,Those newspaper articles impress this popular universities.,morphology,determiner_noun_agreement,determiner_noun_agreement_with_adj_2,True,False,True,True,276,-55.18242263793945,-56.937835693359375,1
Samantha complains about this unemployed waiter.,Samantha complains about these unemployed waiter.,morphology,determiner_noun_agreement,determiner_noun_agreement_with_adj_2,True,False,True,True,277,-62.90693664550781,-64.61730194091797,1
Kenneth breaks these messy couches.,Kenneth breaks this messy couches.,morphology,determiner_noun_agreement,determiner_noun_agreement_with_adj_2,True,False,True,True,278,-47.076515197753906,-47.41642379760742,1
All waiters approached this clever doctor.,All waiters approached these clever doctor.,morphology,determiner_noun_agreement,determiner_noun_agreement_with_adj_2,True,False,True,True,279,-54.65149688720703,-58.32061767578125,1
Galileo is looking like this important sketch.,Galileo is looking like these important sketch.,morphology,determiner_noun_agreement,determiner_noun_agreement_with_adj_2,True,False,True,True,280,-53.5120849609375,-56.66878890991211,1
George did care for these displeased customers.,George did care for this displeased customers.,morphology,determiner_noun_agreement,determiner_noun_agreement_with_adj_2,True,False,True,True,281,-49.58137512207031,-49.17890548706055,0
Diana was touring this big cafe.,Diana was touring these big cafe.,morphology,determiner_noun_agreement,determiner_noun_agreement_with_adj_2,True,False,True,True,282,-47.10148620605469,-53.289100646972656,1
Lisa hasn't worked with these scared girls.,Lisa hasn't worked with this scared girls.,morphology,determiner_noun_agreement,determiner_noun_agreement_with_adj_2,True,False,True,True,283,-42.536354064941406,-42.67999267578125,1
Becca tours this good grocery store.,Becca tours these good grocery store.,morphology,determiner_noun_agreement,determiner_noun_agreement_with_adj_2,True,False,True,True,284,-49.707862854003906,-54.1061897277832,1
Denise has appreciated these exposed patients.,Denise has appreciated this exposed patients.,morphology,determiner_noun_agreement,determiner_noun_agreement_with_adj_2,True,False,True,True,285,-49.62602996826172,-51.85293960571289,1
A lot of teachers have these small shoes.,A lot of teachers have this small shoes.,morphology,determiner_noun_agreement,determiner_noun_agreement_with_adj_2,True,False,True,True,286,-47.07708740234375,-46.91999435424805,0
Paul disturbs those exposed hospitals.,Paul disturbs that exposed hospitals.,morphology,determiner_noun_agreement,determiner_noun_agreement_with_adj_2,True,False,True,True,287,-45.33064651489258,-42.05882263183594,0
These students impresses that out in the open patient.,These students impresses those out in the open patient.,morphology,determiner_noun_agreement,determiner_noun_agreement_with_adj_2,True,False,True,True,288,-62.77924346923828,-63.70016860961914,1
This documentary won't disagree with these good customers.,This documentary won't disagree with this good customers.,morphology,determiner_noun_agreement,determiner_noun_agreement_with_adj_2,True,False,True,True,289,-52.4894905090332,-53.38853454589844,1
Carol is passing those gray cafes.,Carol is passing that gray cafes.,morphology,determiner_noun_agreement,determiner_noun_agreement_with_adj_2,True,False,True,True,290,-53.08340072631836,-58.03474426269531,1
Laura hasn't known those displeased drivers.,Laura hasn't known that displeased drivers.,morphology,determiner_noun_agreement,determiner_noun_agreement_with_adj_2,True,False,True,True,291,-47.41178512573242,-46.51569366455078,0
This snake distracts that small bank.,This snake distracts those small bank.,morphology,determiner_noun_agreement,determiner_noun_agreement_with_adj_2,True,False,True,True,292,-52.680450439453125,-52.75204086303711,1
Mitchell has returned to that rough library.,Mitchell has returned to those rough library.,morphology,determiner_noun_agreement,determiner_noun_agreement_with_adj_2,True,False,True,True,293,-56.56483840942383,-57.1239013671875,1
Jeffrey isn't running around this new hospital.,Jeffrey isn't running around these new hospital.,morphology,determiner_noun_agreement,determiner_noun_agreement_with_adj_2,True,False,True,True,294,-48.36994171142578,-53.926822662353516,1
This picture looks like this rough school.,This picture looks like these rough school.,morphology,determiner_noun_agreement,determiner_noun_agreement_with_adj_2,True,False,True,True,295,-43.76903533935547,-46.70708465576172,1
Deborah scans this good documentary.,Deborah scans these good documentary.,morphology,determiner_noun_agreement,determiner_noun_agreement_with_adj_2,True,False,True,True,296,-49.1645393371582,-54.64208221435547,1
Some committees hate that young driver.,Some committees hate those young driver.,morphology,determiner_noun_agreement,determiner_noun_agreement_with_adj_2,True,False,True,True,297,-48.121864318847656,-47.68327331542969,0
This committee had alarmed this bad association.,This committee had alarmed these bad association.,morphology,determiner_noun_agreement,determiner_noun_agreement_with_adj_2,True,False,True,True,298,-51.18244171142578,-54.1470832824707,1
Emily broke these white forks.,Emily broke this white forks.,morphology,determiner_noun_agreement,determiner_noun_agreement_with_adj_2,True,False,True,True,299,-35.783538818359375,-38.63001251220703,1
Marie would argue about these bad stories.,Marie would argue about this bad stories.,morphology,determiner_noun_agreement,determiner_noun_agreement_with_adj_2,True,False,True,True,300,-37.69202423095703,-39.17198944091797,1
The woman discovered this red hamster.,The woman discovered these red hamster.,morphology,determiner_noun_agreement,determiner_noun_agreement_with_adj_2,True,False,True,True,301,-46.85948181152344,-51.7254638671875,1
The Impressionists haven't dropped by these orange libraries.,The Impressionists haven't dropped by this orange libraries.,morphology,determiner_noun_agreement,determiner_noun_agreement_with_adj_2,True,False,True,True,302,-69.82818603515625,-71.4364013671875,1
Kathleen scares this dirty museum.,Kathleen scares these dirty museum.,morphology,determiner_noun_agreement,determiner_noun_agreement_with_adj_2,True,False,True,True,303,-56.271629333496094,-60.363189697265625,1
Nicole did bother that messy museum.,Nicole did bother those messy museum.,morphology,determiner_noun_agreement,determiner_noun_agreement_with_adj_2,True,False,True,True,304,-57.756561279296875,-60.79777145385742,1
Adam might break those cheap forks.,Adam might break that cheap forks.,morphology,determiner_noun_agreement,determiner_noun_agreement_with_adj_2,True,False,True,True,305,-46.03515625,-47.5651741027832,1
Lucille might visit this old art gallery.,Lucille might visit these old art gallery.,morphology,determiner_noun_agreement,determiner_noun_agreement_with_adj_2,True,False,True,True,306,-46.01036071777344,-48.03788757324219,1
Kathleen boasted about those important reports.,Kathleen boasted about that important reports.,morphology,determiner_noun_agreement,determiner_noun_agreement_with_adj_2,True,False,True,True,307,-54.8154296875,-54.69844055175781,0
Teenagers worries these nice drivers.,Teenagers worries this nice drivers.,morphology,determiner_noun_agreement,determiner_noun_agreement_with_adj_2,True,False,True,True,308,-47.96837615966797,-51.40040969848633,1
Irene brought this hidden nose.,Irene brought these hidden nose.,morphology,determiner_noun_agreement,determiner_noun_agreement_with_adj_2,True,False,True,True,309,-46.44932556152344,-50.823829650878906,1
Many actors can't boast about that nice actor.,Many actors can't boast about those nice actor.,morphology,determiner_noun_agreement,determiner_noun_agreement_with_adj_2,True,False,True,True,310,-56.259002685546875,-58.768516540527344,1
George is helping those smart students.,George is helping that smart students.,morphology,determiner_noun_agreement,determiner_noun_agreement_with_adj_2,True,False,True,True,311,-37.23863983154297,-39.7449951171875,1
Jessica has broken that hidden fork.,Jessica has broken those hidden fork.,morphology,determiner_noun_agreement,determiner_noun_agreement_with_adj_2,True,False,True,True,312,-43.731178283691406,-43.76869201660156,1
Vanessa hadn't cured these upset actors.,Vanessa hadn't cured this upset actors.,morphology,determiner_noun_agreement,determiner_noun_agreement_with_adj_2,True,False,True,True,313,-59.56830978393555,-60.45470428466797,1
Jerry wasn't fixing that gray cup.,Jerry wasn't fixing those gray cup.,morphology,determiner_noun_agreement,determiner_noun_agreement_with_adj_2,True,False,True,True,314,-48.23668670654297,-50.4156494140625,1
Some boys did flee from these delighted guys.,Some boys did flee from this delighted guys.,morphology,determiner_noun_agreement,determiner_noun_agreement_with_adj_2,True,False,True,True,315,-58.45765686035156,-58.686500549316406,1
Some dogs find this good movie theater.,Some dogs find these good movie theater.,morphology,determiner_noun_agreement,determiner_noun_agreement_with_adj_2,True,False,True,True,316,-46.02495574951172,-48.615501403808594,1
Lucille hasn't worked with those hidden pedestrians.,Lucille hasn't worked with that hidden pedestrians.,morphology,determiner_noun_agreement,determiner_noun_agreement_with_adj_2,True,False,True,True,317,-52.41167449951172,-52.945125579833984,1
Liam exits those white art galleries.,Liam exits that white art galleries.,morphology,determiner_noun_agreement,determiner_noun_agreement_with_adj_2,True,False,True,True,318,-56.725914001464844,-58.59382629394531,1
Vincent hugs that good pedestrian.,Vincent hugs those good pedestrian.,morphology,determiner_noun_agreement,determiner_noun_agreement_with_adj_2,True,False,True,True,319,-53.28761291503906,-55.301292419433594,1
Katherine would know this nice waiter.,Katherine would know these nice waiter.,morphology,determiner_noun_agreement,determiner_noun_agreement_with_adj_2,True,False,True,True,320,-49.68103790283203,-53.357486724853516,1
Tammy hasn't attacked those displeased guests.,Tammy hasn't attacked that displeased guests.,morphology,determiner_noun_agreement,determiner_noun_agreement_with_adj_2,True,False,True,True,321,-59.401058197021484,-60.34027862548828,1
Mark didn't wear that small shirt.,Mark didn't wear those small shirt.,morphology,determiner_noun_agreement,determiner_noun_agreement_with_adj_2,True,False,True,True,322,-38.982582092285156,-41.293338775634766,1
Many actresses care for those delighted senators.,Many actresses care for that delighted senators.,morphology,determiner_noun_agreement,determiner_noun_agreement_with_adj_2,True,False,True,True,323,-56.29219436645508,-59.09966278076172,1
Becca isn't bringing this old shirt.,Becca isn't bringing these old shirt.,morphology,determiner_noun_agreement,determiner_noun_agreement_with_adj_2,True,False,True,True,324,-46.39375305175781,-48.916709899902344,1
The Impressionists kiss these content actors.,The Impressionists kiss this content actors.,morphology,determiner_noun_agreement,determiner_noun_agreement_with_adj_2,True,False,True,True,325,-63.267364501953125,-64.9239501953125,1
This boy was appreciating this exposed hospital.,This boy was appreciating these exposed hospital.,morphology,determiner_noun_agreement,determiner_noun_agreement_with_adj_2,True,False,True,True,326,-52.40545654296875,-58.76964569091797,1
Kristen wasn't skated around that hard college campus.,Kristen wasn't skated around those hard college campus.,morphology,determiner_noun_agreement,determiner_noun_agreement_with_adj_2,True,False,True,True,327,-71.98260498046875,-73.89617156982422,1
Carlos hadn't broken that new glass.,Carlos hadn't broken those new glass.,morphology,determiner_noun_agreement,determiner_noun_agreement_with_adj_2,True,False,True,True,328,-48.91990661621094,-51.019432067871094,1
Michael hasn't fixed this green glass.,Michael hasn't fixed these green glass.,morphology,determiner_noun_agreement,determiner_noun_agreement_with_adj_2,True,False,True,True,329,-45.671268463134766,-47.91552734375,1
Bethany doesn't hide those rough sweaters.,Bethany doesn't hide that rough sweaters.,morphology,determiner_noun_agreement,determiner_noun_agreement_with_adj_2,True,False,True,True,330,-60.51250457763672,-61.4925651550293,1
Sally isn't questioning those important libraries.,Sally isn't questioning that important libraries.,morphology,determiner_noun_agreement,determiner_noun_agreement_with_adj_2,True,False,True,True,331,-55.86860656738281,-58.70951461791992,1
The Impressionists pass this yellow bank.,The Impressionists pass these yellow bank.,morphology,determiner_noun_agreement,determiner_noun_agreement_with_adj_2,True,False,True,True,332,-58.4560546875,-61.80036163330078,1
That chicken resembles these exposed paintings.,That chicken resembles this exposed paintings.,morphology,determiner_noun_agreement,determiner_noun_agreement_with_adj_2,True,False,True,True,333,-50.282470703125,-51.47824478149414,1
Martha investigates that nice cashier.,Martha investigates those nice cashier.,morphology,determiner_noun_agreement,determiner_noun_agreement_with_adj_2,True,False,True,True,334,-58.93476104736328,-56.16995620727539,0
Samuel can walk through these big cafes.,Samuel can walk through this big cafes.,morphology,determiner_noun_agreement,determiner_noun_agreement_with_adj_2,True,False,True,True,335,-49.725059509277344,-51.245948791503906,1
These boxes should bother those content ladies.,These boxes should bother that content ladies.,morphology,determiner_noun_agreement,determiner_noun_agreement_with_adj_2,True,False,True,True,336,-56.18939971923828,-56.72746276855469,1
Mitchell flees from that yellow hospital.,Mitchell flees from those yellow hospital.,morphology,determiner_noun_agreement,determiner_noun_agreement_with_adj_2,True,False,True,True,337,-62.417701721191406,-62.49970245361328,1
Samuel wasn't concealing this determined driver.,Samuel wasn't concealing these determined driver.,morphology,determiner_noun_agreement,determiner_noun_agreement_with_adj_2,True,False,True,True,338,-63.16338348388672,-67.01896667480469,1
All senators remember that clean bank.,All senators remember those clean bank.,morphology,determiner_noun_agreement,determiner_noun_agreement_with_adj_2,True,False,True,True,339,-47.74535369873047,-52.034873962402344,1
The Impressionists leave that unconvinced waiter.,The Impressionists leave those unconvinced waiter.,morphology,determiner_noun_agreement,determiner_noun_agreement_with_adj_2,True,False,True,True,340,-75.15764617919922,-74.33343505859375,0
Lucille hasn't questioned that hopeful actor.,Lucille hasn't questioned those hopeful actor.,morphology,determiner_noun_agreement,determiner_noun_agreement_with_adj_2,True,False,True,True,341,-58.7540397644043,-58.75711441040039,1
The Borgias alarms that young boy.,The Borgias alarms those young boy.,morphology,determiner_noun_agreement,determiner_noun_agreement_with_adj_2,True,False,True,True,342,-58.01414489746094,-61.995094299316406,1
That cat shouldn't bother that unlucky adult.,That cat shouldn't bother those unlucky adult.,morphology,determiner_noun_agreement,determiner_noun_agreement_with_adj_2,True,False,True,True,343,-54.162864685058594,-53.526611328125,0
This drawing embarrassed these nice drivers.,This drawing embarrassed this nice drivers.,morphology,determiner_noun_agreement,determiner_noun_agreement_with_adj_2,True,False,True,True,344,-51.33622741699219,-52.9499397277832,1
Those men haven't complained about these lost senators.,Those men haven't complained about this lost senators.,morphology,determiner_noun_agreement,determiner_noun_agreement_with_adj_2,True,False,True,True,345,-54.84819030761719,-55.94420623779297,1
Every photograph shouldn't look like this scared patient.,Every photograph shouldn't look like these scared patient.,morphology,determiner_noun_agreement,determiner_noun_agreement_with_adj_2,True,False,True,True,346,-57.62722396850586,-60.68492126464844,1
Tina watched those hopeful guys.,Tina watched that hopeful guys.,morphology,determiner_noun_agreement,determiner_noun_agreement_with_adj_2,True,False,True,True,347,-48.98829650878906,-52.40315246582031,1
Some lady should complain about these important pedestrians.,Some lady should complain about this important pedestrians.,morphology,determiner_noun_agreement,determiner_noun_agreement_with_adj_2,True,False,True,True,348,-56.00861358642578,-57.98126983642578,1
The ladies dislike these yellow pamphlets.,The ladies dislike this yellow pamphlets.,morphology,determiner_noun_agreement,determiner_noun_agreement_with_adj_2,True,False,True,True,349,-52.102630615234375,-52.60210037231445,1
Jill discovered this content girl.,Jill discovered these content girl.,morphology,determiner_noun_agreement,determiner_noun_agreement_with_adj_2,True,False,True,True,350,-47.48503875732422,-51.275413513183594,1
Many customers criticize these blue high schools.,Many customers criticize this blue high schools.,morphology,determiner_noun_agreement,determiner_noun_agreement_with_adj_2,True,False,True,True,351,-53.640777587890625,-54.21046829223633,1
Kirsten was boycotting this bad association.,Kirsten was boycotting these bad association.,morphology,determiner_noun_agreement,determiner_noun_agreement_with_adj_2,True,False,True,True,352,-56.49717330932617,-59.88019561767578,1
Christina hugged those hopeful customers.,Christina hugged that hopeful customers.,morphology,determiner_noun_agreement,determiner_noun_agreement_with_adj_2,True,False,True,True,353,-47.54740524291992,-50.93189239501953,1
Rose attacks that clever dancer.,Rose attacks those clever dancer.,morphology,determiner_noun_agreement,determiner_noun_agreement_with_adj_2,True,False,True,True,354,-41.687686920166016,-45.41282272338867,1
David had noticed this big photograph.,David had noticed these big photograph.,morphology,determiner_noun_agreement,determiner_noun_agreement_with_adj_2,True,False,True,True,355,-37.35370635986328,-42.46023941040039,1
Patrick hasn't distracted that sick lady.,Patrick hasn't distracted those sick lady.,morphology,determiner_noun_agreement,determiner_noun_agreement_with_adj_2,True,False,True,True,356,-48.01206588745117,-48.15435028076172,1
Linda broke that hard couch.,Linda broke those hard couch.,morphology,determiner_noun_agreement,determiner_noun_agreement_with_adj_2,True,False,True,True,357,-46.7116584777832,-49.26529312133789,1
That waiter hasn't confused those out in the open girls.,That waiter hasn't confused that out in the open girls.,morphology,determiner_noun_agreement,determiner_noun_agreement_with_adj_2,True,False,True,True,358,-72.40435028076172,-69.66470336914062,0
A waiter loves this orange book.,A waiter loves these orange book.,morphology,determiner_noun_agreement,determiner_noun_agreement_with_adj_2,True,False,True,True,359,-41.58670425415039,-47.53218078613281,1
Sabrina did think about these brown prints.,Sabrina did think about this brown prints.,morphology,determiner_noun_agreement,determiner_noun_agreement_with_adj_2,True,False,True,True,360,-53.38532638549805,-54.286865234375,1
Amy might discover those rough schools.,Amy might discover that rough schools.,morphology,determiner_noun_agreement,determiner_noun_agreement_with_adj_2,True,False,True,True,361,-42.404502868652344,-44.40174102783203,1
These boys messed up those exposed libraries.,These boys messed up that exposed libraries.,morphology,determiner_noun_agreement,determiner_noun_agreement_with_adj_2,True,False,True,True,362,-54.246192932128906,-53.57841110229492,0
Larry hates those small guys.,Larry hates that small guys.,morphology,determiner_noun_agreement,determiner_noun_agreement_with_adj_2,True,False,True,True,363,-30.58000946044922,-31.99297523498535,1
Kirsten dislikes that bad restaurant.,Kirsten dislikes those bad restaurant.,morphology,determiner_noun_agreement,determiner_noun_agreement_with_adj_2,True,False,True,True,364,-57.550880432128906,-61.636131286621094,1
Tonya cures these old customers.,Tonya cures this old customers.,morphology,determiner_noun_agreement,determiner_noun_agreement_with_adj_2,True,False,True,True,365,-43.76731491088867,-46.63515090942383,1
Some adult lifts these white shirts.,Some adult lifts this white shirts.,morphology,determiner_noun_agreement,determiner_noun_agreement_with_adj_2,True,False,True,True,366,-46.0172119140625,-47.109291076660156,1
Steve examined these yellow newspaper articles.,Steve examined this yellow newspaper articles.,morphology,determiner_noun_agreement,determiner_noun_agreement_with_adj_2,True,False,True,True,367,-42.87699508666992,-45.06877136230469,1
Amelia won't hire these popular cashiers.,Amelia won't hire this popular cashiers.,morphology,determiner_noun_agreement,determiner_noun_agreement_with_adj_2,True,False,True,True,368,-56.919151306152344,-55.791664123535156,0
All guests had broken this bad dish.,All guests had broken these bad dish.,morphology,determiner_noun_agreement,determiner_noun_agreement_with_adj_2,True,False,True,True,369,-48.5822639465332,-53.238067626953125,1
All stories didn't distract this popular adult.,All stories didn't distract these popular adult.,morphology,determiner_noun_agreement,determiner_noun_agreement_with_adj_2,True,False,True,True,370,-54.0975341796875,-56.821128845214844,1
Cindy knows that troubled driver.,Cindy knows those troubled driver.,morphology,determiner_noun_agreement,determiner_noun_agreement_with_adj_2,True,False,True,True,371,-52.57511901855469,-55.032203674316406,1
Julia does investigate these out in the open doctors.,Julia does investigate this out in the open doctors.,morphology,determiner_noun_agreement,determiner_noun_agreement_with_adj_2,True,False,True,True,372,-65.8560562133789,-63.10272979736328,0
Science stuns these good governments.,Science stuns this good governments.,morphology,determiner_noun_agreement,determiner_noun_agreement_with_adj_2,True,False,True,True,373,-43.249053955078125,-45.487327575683594,1
Winston Churchill couldn't discover that old shoe.,Winston Churchill couldn't discover those old shoe.,morphology,determiner_noun_agreement,determiner_noun_agreement_with_adj_2,True,False,True,True,374,-63.3686408996582,-65.34620666503906,1
Natalie had explored that white movie theater.,Natalie had explored those white movie theater.,morphology,determiner_noun_agreement,determiner_noun_agreement_with_adj_2,True,False,True,True,375,-59.611907958984375,-61.07265853881836,1
Curtis hasn't escaped from that dirty cafe.,Curtis hasn't escaped from those dirty cafe.,morphology,determiner_noun_agreement,determiner_noun_agreement_with_adj_2,True,False,True,True,376,-62.831634521484375,-65.2734375,1
Martin hurt these unconvinced customers.,Martin hurt this unconvinced customers.,morphology,determiner_noun_agreement,determiner_noun_agreement_with_adj_2,True,False,True,True,377,-49.53312683105469,-51.1631965637207,1
The Impressionists worry that smart boy.,The Impressionists worry those smart boy.,morphology,determiner_noun_agreement,determiner_noun_agreement_with_adj_2,True,False,True,True,378,-57.19843292236328,-61.725379943847656,1
The Balkans couldn't aggravate this upset senator.,The Balkans couldn't aggravate these upset senator.,morphology,determiner_noun_agreement,determiner_noun_agreement_with_adj_2,True,False,True,True,379,-64.70706939697266,-67.60759735107422,1
Bruce wouldn't resemble those gray prints.,Bruce wouldn't resemble that gray prints.,morphology,determiner_noun_agreement,determiner_noun_agreement_with_adj_2,True,False,True,True,380,-48.433677673339844,-47.15650177001953,0
George hugged that excited doctor.,George hugged those excited doctor.,morphology,determiner_noun_agreement,determiner_noun_agreement_with_adj_2,True,False,True,True,381,-41.970008850097656,-42.953731536865234,1
Janice isn't escaping from that displeased dancer.,Janice isn't escaping from those displeased dancer.,morphology,determiner_noun_agreement,determiner_noun_agreement_with_adj_2,True,False,True,True,382,-64.01493835449219,-64.44499206542969,1
Most waitresses fire those serious adults.,Most waitresses fire that serious adults.,morphology,determiner_noun_agreement,determiner_noun_agreement_with_adj_2,True,False,True,True,383,-55.33070373535156,-55.25376892089844,0
All children won't conceal that hopeful cashier.,All children won't conceal those hopeful cashier.,morphology,determiner_noun_agreement,determiner_noun_agreement_with_adj_2,True,False,True,True,384,-67.56022644042969,-65.82730102539062,0
All cashiers weren't exploring these exposed grocery stores.,All cashiers weren't exploring this exposed grocery stores.,morphology,determiner_noun_agreement,determiner_noun_agreement_with_adj_2,True,False,True,True,385,-64.71568298339844,-66.86628723144531,1
Jessica wasn't thinking about that black print.,Jessica wasn't thinking about those black print.,morphology,determiner_noun_agreement,determiner_noun_agreement_with_adj_2,True,False,True,True,386,-42.853370666503906,-45.22470474243164,1
Donna didn't conceal these big banks.,Donna didn't conceal this big banks.,morphology,determiner_noun_agreement,determiner_noun_agreement_with_adj_2,True,False,True,True,387,-52.38841247558594,-52.55955123901367,1
This lady drove to that messy restaurant.,This lady drove to those messy restaurant.,morphology,determiner_noun_agreement,determiner_noun_agreement_with_adj_2,True,False,True,True,388,-48.595802307128906,-50.710906982421875,1
Roger sounds like those ill boys.,Roger sounds like that ill boys.,morphology,determiner_noun_agreement,determiner_noun_agreement_with_adj_2,True,False,True,True,389,-36.19334411621094,-38.80872344970703,1
Jacqueline hadn't forgotten those young guests.,Jacqueline hadn't forgotten that young guests.,morphology,determiner_noun_agreement,determiner_noun_agreement_with_adj_2,True,False,True,True,390,-56.413543701171875,-53.137115478515625,0
Patients scan this orange brochure.,Patients scan these orange brochure.,morphology,determiner_noun_agreement,determiner_noun_agreement_with_adj_2,True,False,True,True,391,-50.71290969848633,-53.345191955566406,1
That movie theater stunned those old guests.,That movie theater stunned that old guests.,morphology,determiner_noun_agreement,determiner_noun_agreement_with_adj_2,True,False,True,True,392,-49.9633903503418,-53.843971252441406,1
Deborah likes these important dogs.,Deborah likes this important dogs.,morphology,determiner_noun_agreement,determiner_noun_agreement_with_adj_2,True,False,True,True,393,-41.58563995361328,-43.78962707519531,1
Brian talks to these hopeful doctors.,Brian talks to this hopeful doctors.,morphology,determiner_noun_agreement,determiner_noun_agreement_with_adj_2,True,False,True,True,394,-40.60790252685547,-42.24597930908203,1
Some actors had insulted these important essays.,Some actors had insulted this important essays.,morphology,determiner_noun_agreement,determiner_noun_agreement_with_adj_2,True,False,True,True,395,-52.85926055908203,-54.11061096191406,1
The fish astounds those popular legislatures.,The fish astounds that popular legislatures.,morphology,determiner_noun_agreement,determiner_noun_agreement_with_adj_2,True,False,True,True,396,-67.74696350097656,-66.199462890625,0
Jill would find those brown drawings.,Jill would find that brown drawings.,morphology,determiner_noun_agreement,determiner_noun_agreement_with_adj_2,True,False,True,True,397,-52.56529998779297,-53.4039306640625,1
Most women approached these ill patients.,Most women approached this ill patients.,morphology,determiner_noun_agreement,determiner_noun_agreement_with_adj_2,True,False,True,True,398,-40.801048278808594,-41.88343811035156,1
Renee shouldn't wear that popular skirt.,Renee shouldn't wear those popular skirt.,morphology,determiner_noun_agreement,determiner_noun_agreement_with_adj_2,True,False,True,True,399,-52.315162658691406,-56.2859992980957,1
Kendra talks to that content adult.,Kendra talks to those content adult.,morphology,determiner_noun_agreement,determiner_noun_agreement_with_adj_2,True,False,True,True,400,-55.327186584472656,-52.4114875793457,0
These girls confuse those lost pedestrians.,These girls confuse that lost pedestrians.,morphology,determiner_noun_agreement,determiner_noun_agreement_with_adj_2,True,False,True,True,401,-51.92366409301758,-52.02985382080078,1
Every school hires this busy girl.,Every school hires these busy girl.,morphology,determiner_noun_agreement,determiner_noun_agreement_with_adj_2,True,False,True,True,402,-41.02024841308594,-46.70573806762695,1
Deborah looks like these red sketches.,Deborah looks like this red sketches.,morphology,determiner_noun_agreement,determiner_noun_agreement_with_adj_2,True,False,True,True,403,-43.63010787963867,-43.863887786865234,1
These boxes impress these unconvinced customers.,These boxes impress this unconvinced customers.,morphology,determiner_noun_agreement,determiner_noun_agreement_with_adj_2,True,False,True,True,404,-58.59931945800781,-58.98728561401367,1
Every hamster astounds those hopeful teenagers.,Every hamster astounds that hopeful teenagers.,morphology,determiner_noun_agreement,determiner_noun_agreement_with_adj_2,True,False,True,True,405,-65.91793060302734,-68.1683578491211,1
Doctors are appreciating this concealed library.,Doctors are appreciating these concealed library.,morphology,determiner_noun_agreement,determiner_noun_agreement_with_adj_2,True,False,True,True,406,-45.80167770385742,-47.39152526855469,1
Heidi shocked this standing teacher.,Heidi shocked these standing teacher.,morphology,determiner_noun_agreement,determiner_noun_agreement_with_adj_2,True,False,True,True,407,-46.523521423339844,-51.05648422241211,1
Holly couldn't help that excited doctor.,Holly couldn't help those excited doctor.,morphology,determiner_noun_agreement,determiner_noun_agreement_with_adj_2,True,False,True,True,408,-53.87440490722656,-52.35773468017578,0
These people haven't insulted this smart doctor.,These people haven't insulted these smart doctor.,morphology,determiner_noun_agreement,determiner_noun_agreement_with_adj_2,True,False,True,True,409,-53.33527374267578,-56.63945770263672,1
Forks aggravate that confident guest.,Forks aggravate those confident guest.,morphology,determiner_noun_agreement,determiner_noun_agreement_with_adj_2,True,False,True,True,410,-57.058555603027344,-57.91291046142578,1
Mark flees from this hard high school.,Mark flees from these hard high school.,morphology,determiner_noun_agreement,determiner_noun_agreement_with_adj_2,True,False,True,True,411,-47.73657989501953,-49.990726470947266,1
Many adults exit these dirty art galleries.,Many adults exit this dirty art galleries.,morphology,determiner_noun_agreement,determiner_noun_agreement_with_adj_2,True,False,True,True,412,-56.87091064453125,-57.41289138793945,1
These boys discovered those good patients.,These boys discovered that good patients.,morphology,determiner_noun_agreement,determiner_noun_agreement_with_adj_2,True,False,True,True,413,-44.096946716308594,-42.62889862060547,0
Raymond was going to those messy museums.,Raymond was going to that messy museums.,morphology,determiner_noun_agreement,determiner_noun_agreement_with_adj_2,True,False,True,True,414,-58.17390060424805,-60.16975021362305,1
This teacher drops by those smooth malls.,This teacher drops by that smooth malls.,morphology,determiner_noun_agreement,determiner_noun_agreement_with_adj_2,True,False,True,True,415,-60.12115478515625,-61.71739959716797,1
Carmen won't stun these clever actors.,Carmen won't stun this clever actors.,morphology,determiner_noun_agreement,determiner_noun_agreement_with_adj_2,True,False,True,True,416,-60.94447326660156,-65.5075454711914,1
Larry sees that hard rug.,Larry sees those hard rug.,morphology,determiner_noun_agreement,determiner_noun_agreement_with_adj_2,True,False,True,True,417,-35.65850067138672,-37.430519104003906,1
Marie fixed this blue dish.,Marie fixed these blue dish.,morphology,determiner_noun_agreement,determiner_noun_agreement_with_adj_2,True,False,True,True,418,-37.96139907836914,-41.68395233154297,1
Tara approached this concealed student.,Tara approached these concealed student.,morphology,determiner_noun_agreement,determiner_noun_agreement_with_adj_2,True,False,True,True,419,-50.505699157714844,-54.440711975097656,1
Kathleen criticizes these rough college campuses.,Kathleen criticizes this rough college campuses.,morphology,determiner_noun_agreement,determiner_noun_agreement_with_adj_2,True,False,True,True,420,-67.03970336914062,-68.39021301269531,1
Brett had found those popular customers.,Brett had found that popular customers.,morphology,determiner_noun_agreement,determiner_noun_agreement_with_adj_2,True,False,True,True,421,-51.0237922668457,-48.007904052734375,0
This student has arrived at those bad cafes.,This student has arrived at that bad cafes.,morphology,determiner_noun_agreement,determiner_noun_agreement_with_adj_2,True,False,True,True,422,-53.738807678222656,-56.26131057739258,1
Many reports aggravate these young senators.,Many reports aggravate this young senators.,morphology,determiner_noun_agreement,determiner_noun_agreement_with_adj_2,True,False,True,True,423,-51.634246826171875,-55.4161376953125,1
Christopher isn't scaring those unlucky teenagers.,Christopher isn't scaring that unlucky teenagers.,morphology,determiner_noun_agreement,determiner_noun_agreement_with_adj_2,True,False,True,True,424,-48.48058319091797,-49.85881042480469,1
Kendra has bored these important waiters.,Kendra has bored this important waiters.,morphology,determiner_noun_agreement,determiner_noun_agreement_with_adj_2,True,False,True,True,425,-61.61085510253906,-61.73784637451172,1
Beverly had healed those unlucky pedestrians.,Beverly had healed that unlucky pedestrians.,morphology,determiner_noun_agreement,determiner_noun_agreement_with_adj_2,True,False,True,True,426,-62.84511184692383,-63.074745178222656,1
William cares for these concealed patients.,William cares for this concealed patients.,morphology,determiner_noun_agreement,determiner_noun_agreement_with_adj_2,True,False,True,True,427,-44.89286804199219,-45.865516662597656,1
Alice drives to these yellow art galleries.,Alice drives to this yellow art galleries.,morphology,determiner_noun_agreement,determiner_noun_agreement_with_adj_2,True,False,True,True,428,-47.48976516723633,-48.10829544067383,1
This waiter hasn't cleaned these dirty shoes.,This waiter hasn't cleaned this dirty shoes.,morphology,determiner_noun_agreement,determiner_noun_agreement_with_adj_2,True,False,True,True,429,-51.5803108215332,-52.87541198730469,1
Sharon had escaped from these content students.,Sharon had escaped from this content students.,morphology,determiner_noun_agreement,determiner_noun_agreement_with_adj_2,True,False,True,True,430,-56.899505615234375,-56.623748779296875,0
A lot of boys boycotted that bad government.,A lot of boys boycotted those bad government.,morphology,determiner_noun_agreement,determiner_noun_agreement_with_adj_2,True,False,True,True,431,-74.77845001220703,-75.43099975585938,1
Beth hasn't sounded like this dirty grocery store.,Beth hasn't sounded like these dirty grocery store.,morphology,determiner_noun_agreement,determiner_noun_agreement_with_adj_2,True,False,True,True,432,-60.820499420166016,-62.0384521484375,1
Some people admire that out in the open sock.,Some people admire those out in the open sock.,morphology,determiner_noun_agreement,determiner_noun_agreement_with_adj_2,True,False,True,True,433,-55.93642807006836,-56.17072296142578,1
These women describe that upset teenager.,These women describe those upset teenager.,morphology,determiner_noun_agreement,determiner_noun_agreement_with_adj_2,True,False,True,True,434,-45.96472930908203,-47.52021789550781,1
Patricia was passing that big library.,Patricia was passing those big library.,morphology,determiner_noun_agreement,determiner_noun_agreement_with_adj_2,True,False,True,True,435,-50.681251525878906,-51.97486114501953,1
Tamara fired these excited teenagers.,Tamara fired this excited teenagers.,morphology,determiner_noun_agreement,determiner_noun_agreement_with_adj_2,True,False,True,True,436,-51.83490753173828,-52.240875244140625,1
These waiters were approaching this busy guy.,These waiters were approaching these busy guy.,morphology,determiner_noun_agreement,determiner_noun_agreement_with_adj_2,True,False,True,True,437,-52.69886016845703,-56.93394470214844,1
Lucille exits this gray restaurant.,Lucille exits these gray restaurant.,morphology,determiner_noun_agreement,determiner_noun_agreement_with_adj_2,True,False,True,True,438,-49.3011474609375,-53.68889617919922,1
Randolf would research those good plays.,Randolf would research that good plays.,morphology,determiner_noun_agreement,determiner_noun_agreement_with_adj_2,True,False,True,True,439,-53.62087631225586,-52.233001708984375,0
Some rugs distract these important adults.,Some rugs distract this important adults.,morphology,determiner_noun_agreement,determiner_noun_agreement_with_adj_2,True,False,True,True,440,-51.7762451171875,-53.3223991394043,1
The waiters research those popular legislatures.,The waiters research that popular legislatures.,morphology,determiner_noun_agreement,determiner_noun_agreement_with_adj_2,True,False,True,True,441,-60.750457763671875,-55.997535705566406,0
Michael conceals this happy waiter.,Michael conceals these happy waiter.,morphology,determiner_noun_agreement,determiner_noun_agreement_with_adj_2,True,False,True,True,442,-43.575077056884766,-46.202545166015625,1
Alan arrives at those bad malls.,Alan arrives at that bad malls.,morphology,determiner_noun_agreement,determiner_noun_agreement_with_adj_2,True,False,True,True,443,-42.68551254272461,-46.319522857666016,1
A lot of prints looked like this clean couch.,A lot of prints looked like these clean couch.,morphology,determiner_noun_agreement,determiner_noun_agreement_with_adj_2,True,False,True,True,444,-55.994544982910156,-60.40949249267578,1
Deanna has irritated that bad government.,Deanna has irritated those bad government.,morphology,determiner_noun_agreement,determiner_noun_agreement_with_adj_2,True,False,True,True,445,-52.63179016113281,-52.28772735595703,0
The children are talking to that ill lady.,The children are talking to those ill lady.,morphology,determiner_noun_agreement,determiner_noun_agreement_with_adj_2,True,False,True,True,446,-47.34391403198242,-45.29216766357422,0
Pedestrians describe those new art galleries.,Pedestrians describe that new art galleries.,morphology,determiner_noun_agreement,determiner_noun_agreement_with_adj_2,True,False,True,True,447,-52.20595932006836,-55.02809524536133,1
Senators drive to that brown high school.,Senators drive to those brown high school.,morphology,determiner_noun_agreement,determiner_noun_agreement_with_adj_2,True,False,True,True,448,-58.58762741088867,-57.580474853515625,0
Curtis can bring this rough book.,Curtis can bring these rough book.,morphology,determiner_noun_agreement,determiner_noun_agreement_with_adj_2,True,False,True,True,449,-49.517826080322266,-55.11757278442383,1
Wayne cleans that orange college campus.,Wayne cleans those orange college campus.,morphology,determiner_noun_agreement,determiner_noun_agreement_with_adj_2,True,False,True,True,450,-61.313018798828125,-60.598899841308594,0
Charles isn't biking to this concealed cafe.,Charles isn't biking to these concealed cafe.,morphology,determiner_noun_agreement,determiner_noun_agreement_with_adj_2,True,False,True,True,451,-55.22776794433594,-58.714988708496094,1
A coat did distract those determined doctors.,A coat did distract that determined doctors.,morphology,determiner_noun_agreement,determiner_noun_agreement_with_adj_2,True,False,True,True,452,-61.17554473876953,-63.38279342651367,1
Homer approached that employed student.,Homer approached those employed student.,morphology,determiner_noun_agreement,determiner_noun_agreement_with_adj_2,True,False,True,True,453,-52.50288391113281,-54.577484130859375,1
Nina approached that unsure girl.,Nina approached those unsure girl.,morphology,determiner_noun_agreement,determiner_noun_agreement_with_adj_2,True,False,True,True,454,-53.075706481933594,-52.7630615234375,0
Heidi had bothered this concealed waitress.,Heidi had bothered these concealed waitress.,morphology,determiner_noun_agreement,determiner_noun_agreement_with_adj_2,True,False,True,True,455,-60.672088623046875,-63.843997955322266,1
Tara hadn't described those exposed malls.,Tara hadn't described that exposed malls.,morphology,determiner_noun_agreement,determiner_noun_agreement_with_adj_2,True,False,True,True,456,-59.85905456542969,-59.442996978759766,0
Some drawing looks like those good eyes.,Some drawing looks like that good eyes.,morphology,determiner_noun_agreement,determiner_noun_agreement_with_adj_2,True,False,True,True,457,-43.38130569458008,-46.363746643066406,1
Children hadn't boycotted these exposed libraries.,Children hadn't boycotted this exposed libraries.,morphology,determiner_noun_agreement,determiner_noun_agreement_with_adj_2,True,False,True,True,458,-71.12716674804688,-73.27079772949219,1
Most mirrors were alarming this popular organization.,Most mirrors were alarming these popular organization.,morphology,determiner_noun_agreement,determiner_noun_agreement_with_adj_2,True,False,True,True,459,-54.85080337524414,-59.67578125,1
The teachers watch those exposed senators.,The teachers watch that exposed senators.,morphology,determiner_noun_agreement,determiner_noun_agreement_with_adj_2,True,False,True,True,460,-53.0182991027832,-48.73287582397461,0
Russell examines that brown book.,Russell examines those brown book.,morphology,determiner_noun_agreement,determiner_noun_agreement_with_adj_2,True,False,True,True,461,-39.68359375,-40.21466827392578,1
A lot of governments boast about those confident guys.,A lot of governments boast about that confident guys.,morphology,determiner_noun_agreement,determiner_noun_agreement_with_adj_2,True,False,True,True,462,-64.13042449951172,-66.72201538085938,1
The drawing is aggravating this exposed adult.,The drawing is aggravating these exposed adult.,morphology,determiner_noun_agreement,determiner_noun_agreement_with_adj_2,True,False,True,True,463,-56.13913345336914,-57.227256774902344,1
Samantha will argue about these confident patients.,Samantha will argue about this confident patients.,morphology,determiner_noun_agreement,determiner_noun_agreement_with_adj_2,True,False,True,True,464,-63.25251007080078,-64.28115844726562,1
The slope won't astound that new bank.,The slope won't astound those new bank.,morphology,determiner_noun_agreement,determiner_noun_agreement_with_adj_2,True,False,True,True,465,-62.73497009277344,-65.43508911132812,1
Larry wouldn't mess up those gray banks.,Larry wouldn't mess up that gray banks.,morphology,determiner_noun_agreement,determiner_noun_agreement_with_adj_2,True,False,True,True,466,-49.168212890625,-50.75677490234375,1
Jesus had worn these cheap coats.,Jesus had worn this cheap coats.,morphology,determiner_noun_agreement,determiner_noun_agreement_with_adj_2,True,False,True,True,467,-42.500667572021484,-44.53705596923828,1
Carol did escape from those good teenagers.,Carol did escape from that good teenagers.,morphology,determiner_noun_agreement,determiner_noun_agreement_with_adj_2,True,False,True,True,468,-51.72304153442383,-54.40308380126953,1
All ladies can go to this popular movie theater.,All ladies can go to these popular movie theater.,morphology,determiner_noun_agreement,determiner_noun_agreement_with_adj_2,True,False,True,True,469,-48.33699035644531,-51.37512969970703,1
Teenagers hire this clever cashier.,Teenagers hire these clever cashier.,morphology,determiner_noun_agreement,determiner_noun_agreement_with_adj_2,True,False,True,True,470,-48.93909454345703,-50.57844161987305,1
Joseph hadn't worked with this content pedestrian.,Joseph hadn't worked with these content pedestrian.,morphology,determiner_noun_agreement,determiner_noun_agreement_with_adj_2,True,False,True,True,471,-49.01525115966797,-52.939048767089844,1
Every pedestrian can't hurt that unconvinced girl.,Every pedestrian can't hurt those unconvinced girl.,morphology,determiner_noun_agreement,determiner_noun_agreement_with_adj_2,True,False,True,True,472,-67.15215301513672,-66.91303253173828,0
Some pants have stunned this blue hospital.,Some pants have stunned these blue hospital.,morphology,determiner_noun_agreement,determiner_noun_agreement_with_adj_2,True,False,True,True,473,-56.690185546875,-60.3387451171875,1
A lot of organizations love those old pedestrians.,A lot of organizations love that old pedestrians.,morphology,determiner_noun_agreement,determiner_noun_agreement_with_adj_2,True,False,True,True,474,-52.52537536621094,-53.361724853515625,1
Carol shouldn't take those lost pamphlets.,Carol shouldn't take that lost pamphlets.,morphology,determiner_noun_agreement,determiner_noun_agreement_with_adj_2,True,False,True,True,475,-49.69108581542969,-50.598812103271484,1
Douglas hadn't respected those clean grocery stores.,Douglas hadn't respected that clean grocery stores.,morphology,determiner_noun_agreement,determiner_noun_agreement_with_adj_2,True,False,True,True,476,-65.07861328125,-62.859344482421875,0
A teenager loves these delighted guests.,A teenager loves this delighted guests.,morphology,determiner_noun_agreement,determiner_noun_agreement_with_adj_2,True,False,True,True,477,-42.301761627197266,-42.990753173828125,1
Christopher wouldn't bike to these out in the open hospitals.,Christopher wouldn't bike to this out in the open hospitals.,morphology,determiner_noun_agreement,determiner_noun_agreement_with_adj_2,True,False,True,True,478,-66.93907928466797,-66.40373992919922,0
These adults should fire those lost patients.,These adults should fire that lost patients.,morphology,determiner_noun_agreement,determiner_noun_agreement_with_adj_2,True,False,True,True,479,-50.60100173950195,-50.881465911865234,1
Stephanie questions that sick adult.,Stephanie questions those sick adult.,morphology,determiner_noun_agreement,determiner_noun_agreement_with_adj_2,True,False,True,True,480,-53.48982620239258,-54.42192459106445,1
Every cart hasn't impressed these employed teenagers.,Every cart hasn't impressed this employed teenagers.,morphology,determiner_noun_agreement,determiner_noun_agreement_with_adj_2,True,False,True,True,481,-64.93151092529297,-66.64144897460938,1
The gates haven't bothered these exposed waiters.,The gates haven't bothered this exposed waiters.,morphology,determiner_noun_agreement,determiner_noun_agreement_with_adj_2,True,False,True,True,482,-64.01786804199219,-66.28395080566406,1
Donald cleans these new hospitals.,Donald cleans this new hospitals.,morphology,determiner_noun_agreement,determiner_noun_agreement_with_adj_2,True,False,True,True,483,-36.35029602050781,-37.04230499267578,1
Dawn wasn't concealing that new glass.,Dawn wasn't concealing those new glass.,morphology,determiner_noun_agreement,determiner_noun_agreement_with_adj_2,True,False,True,True,484,-60.28451156616211,-62.22734832763672,1
Tamara is wearing these good sweaters.,Tamara is wearing this good sweaters.,morphology,determiner_noun_agreement,determiner_noun_agreement_with_adj_2,True,False,True,True,485,-43.410701751708984,-44.263668060302734,1
A mirror bores this small senator.,A mirror bores these small senator.,morphology,determiner_noun_agreement,determiner_noun_agreement_with_adj_2,True,False,True,True,486,-56.48348617553711,-62.19326400756836,1
Todd didn't talk about these red brochures.,Todd didn't talk about this red brochures.,morphology,determiner_noun_agreement,determiner_noun_agreement_with_adj_2,True,False,True,True,487,-45.51461410522461,-45.49890899658203,0
Some mushrooms were alarming this out in the open library.,Some mushrooms were alarming these out in the open library.,morphology,determiner_noun_agreement,determiner_noun_agreement_with_adj_2,True,False,True,True,488,-62.59347915649414,-64.48148345947266,1
The man can care for those determined ladies.,The man can care for that determined ladies.,morphology,determiner_noun_agreement,determiner_noun_agreement_with_adj_2,True,False,True,True,489,-49.711917877197266,-53.48176574707031,1
Jeffrey has worked with this lost teenager.,Jeffrey has worked with these lost teenager.,morphology,determiner_noun_agreement,determiner_noun_agreement_with_adj_2,True,False,True,True,490,-47.52093505859375,-50.236907958984375,1
Every pedestrian goes to these important public parks.,Every pedestrian goes to this important public parks.,morphology,determiner_noun_agreement,determiner_noun_agreement_with_adj_2,True,False,True,True,491,-49.146854400634766,-48.289886474609375,0
The patients run around that good college campus.,The patients run around those good college campus.,morphology,determiner_noun_agreement,determiner_noun_agreement_with_adj_2,True,False,True,True,492,-59.24591827392578,-58.053428649902344,0
Samantha isn't referencing that exposed teenager.,Samantha isn't referencing those exposed teenager.,morphology,determiner_noun_agreement,determiner_noun_agreement_with_adj_2,True,False,True,True,493,-68.26020812988281,-72.31432342529297,1
Many boys drive to those new banks.,Many boys drive to that new banks.,morphology,determiner_noun_agreement,determiner_noun_agreement_with_adj_2,True,False,True,True,494,-48.49946975708008,-51.19054412841797,1
Some ladies clean these big brochures.,Some ladies clean this big brochures.,morphology,determiner_noun_agreement,determiner_noun_agreement_with_adj_2,True,False,True,True,495,-47.87041473388672,-47.74259948730469,0
Karla hasn't helped this nice girl.,Karla hasn't helped these nice girl.,morphology,determiner_noun_agreement,determiner_noun_agreement_with_adj_2,True,False,True,True,496,-45.144615173339844,-48.70830535888672,1
Guests had investigated that busy boy.,Guests had investigated those busy boy.,morphology,determiner_noun_agreement,determiner_noun_agreement_with_adj_2,True,False,True,True,497,-56.415958404541016,-58.591182708740234,1
Brian isn't appreciating these fast waiters.,Brian isn't appreciating this fast waiters.,morphology,determiner_noun_agreement,determiner_noun_agreement_with_adj_2,True,False,True,True,498,-48.570106506347656,-49.49125289916992,1
Lucille observed those young doctors.,Lucille observed that young doctors.,morphology,determiner_noun_agreement,determiner_noun_agreement_with_adj_2,True,False,True,True,499,-45.019676208496094,-41.786285400390625,0
Erin isn't criticizing this purple book.,Erin isn't criticizing these purple book.,morphology,determiner_noun_agreement,determiner_noun_agreement_with_adj_2,True,False,True,True,500,-49.756282806396484,-53.995506286621094,1
All men remembered these exposed pamphlets.,All men remembered this exposed pamphlets.,morphology,determiner_noun_agreement,determiner_noun_agreement_with_adj_2,True,False,True,True,501,-51.62419509887695,-51.98069381713867,1
The Impressionists reference these purple books.,The Impressionists reference this purple books.,morphology,determiner_noun_agreement,determiner_noun_agreement_with_adj_2,True,False,True,True,502,-60.08195495605469,-59.84178924560547,0
Many hospitals buy these gray hospitals.,Many hospitals buy this gray hospitals.,morphology,determiner_noun_agreement,determiner_noun_agreement_with_adj_2,True,False,True,True,503,-44.296630859375,-48.413490295410156,1
Timothy admires that hard dog.,Timothy admires those hard dog.,morphology,determiner_noun_agreement,determiner_noun_agreement_with_adj_2,True,False,True,True,504,-50.88836669921875,-51.87464141845703,1
Laurie thought about these hard forks.,Laurie thought about this hard forks.,morphology,determiner_noun_agreement,determiner_noun_agreement_with_adj_2,True,False,True,True,505,-52.30972671508789,-53.925270080566406,1
Paul did break these concealed dishes.,Paul did break this concealed dishes.,morphology,determiner_noun_agreement,determiner_noun_agreement_with_adj_2,True,False,True,True,506,-50.216278076171875,-53.06881332397461,1
A lot of adults bike to these hard cafes.,A lot of adults bike to this hard cafes.,morphology,determiner_noun_agreement,determiner_noun_agreement_with_adj_2,True,False,True,True,507,-60.747501373291016,-63.27875900268555,1
Karla was passing those big movie theaters.,Karla was passing that big movie theaters.,morphology,determiner_noun_agreement,determiner_noun_agreement_with_adj_2,True,False,True,True,508,-56.47364807128906,-55.030033111572266,0
Most companies could listen to those popular girls.,Most companies could listen to that popular girls.,morphology,determiner_noun_agreement,determiner_noun_agreement_with_adj_2,True,False,True,True,509,-50.01996994018555,-53.08271026611328,1
A lot of ladies had observed that employed waiter.,A lot of ladies had observed those employed waiter.,morphology,determiner_noun_agreement,determiner_noun_agreement_with_adj_2,True,False,True,True,510,-65.69110107421875,-70.79708099365234,1
All children insult these exposed grocery stores.,All children insult this exposed grocery stores.,morphology,determiner_noun_agreement,determiner_noun_agreement_with_adj_2,True,False,True,True,511,-57.18867492675781,-56.958465576171875,0
Many teenagers buy these bad scarves.,Many teenagers buy this bad scarves.,morphology,determiner_noun_agreement,determiner_noun_agreement_with_adj_2,True,False,True,True,512,-45.450462341308594,-47.24140930175781,1
Jesus shouldn't take this lost brochure.,Jesus shouldn't take these lost brochure.,morphology,determiner_noun_agreement,determiner_noun_agreement_with_adj_2,True,False,True,True,513,-48.24876403808594,-49.421958923339844,1
Most pedestrians return to that cheap art gallery.,Most pedestrians return to those cheap art gallery.,morphology,determiner_noun_agreement,determiner_noun_agreement_with_adj_2,True,False,True,True,514,-62.32709503173828,-60.411094665527344,0
Dennis hadn't discussed those upset customers.,Dennis hadn't discussed that upset customers.,morphology,determiner_noun_agreement,determiner_noun_agreement_with_adj_2,True,False,True,True,515,-58.90650939941406,-56.39122772216797,0
Current events annoy these popular organizations.,Current events annoy this popular organizations.,morphology,determiner_noun_agreement,determiner_noun_agreement_with_adj_2,True,False,True,True,516,-44.21231460571289,-48.12928009033203,1
A lot of pies had distracted this exposed library.,A lot of pies had distracted these exposed library.,morphology,determiner_noun_agreement,determiner_noun_agreement_with_adj_2,True,False,True,True,517,-68.616943359375,-72.42051696777344,1
Nancy hasn't revealed these out in the open dogs.,Nancy hasn't revealed this out in the open dogs.,morphology,determiner_noun_agreement,determiner_noun_agreement_with_adj_2,True,False,True,True,518,-64.67930603027344,-61.295066833496094,0
Many ladies hug this important girl.,Many ladies hug these important girl.,morphology,determiner_noun_agreement,determiner_noun_agreement_with_adj_2,True,False,True,True,519,-44.03850555419922,-47.658538818359375,1
Children research that out in the open grocery store.,Children research those out in the open grocery store.,morphology,determiner_noun_agreement,determiner_noun_agreement_with_adj_2,True,False,True,True,520,-47.85432815551758,-52.211456298828125,1
Matt hadn't revealed these popular reports.,Matt hadn't revealed this popular reports.,morphology,determiner_noun_agreement,determiner_noun_agreement_with_adj_2,True,False,True,True,521,-44.27078628540039,-45.9334602355957,1
Russell hasn't concealed these confident actresses.,Russell hasn't concealed this confident actresses.,morphology,determiner_noun_agreement,determiner_noun_agreement_with_adj_2,True,False,True,True,522,-53.424095153808594,-54.17323303222656,1
Scott would scan those rough reports.,Scott would scan that rough reports.,morphology,determiner_noun_agreement,determiner_noun_agreement_with_adj_2,True,False,True,True,523,-43.14544677734375,-45.85581970214844,1
Jacqueline hadn't hidden those hopeful doctors.,Jacqueline hadn't hidden that hopeful doctors.,morphology,determiner_noun_agreement,determiner_noun_agreement_with_adj_2,True,False,True,True,524,-68.82635498046875,-67.58648681640625,0
Kayla cures those employed girls.,Kayla cures that employed girls.,morphology,determiner_noun_agreement,determiner_noun_agreement_with_adj_2,True,False,True,True,525,-53.245426177978516,-50.8116455078125,0
Most patients disagree with this important commentary.,Most patients disagree with these important commentary.,morphology,determiner_noun_agreement,determiner_noun_agreement_with_adj_2,True,False,True,True,526,-40.79195785522461,-43.85420608520508,1
These waiters fix those blue chairs.,These waiters fix that blue chairs.,morphology,determiner_noun_agreement,determiner_noun_agreement_with_adj_2,True,False,True,True,527,-50.19709396362305,-52.363101959228516,1
Every association isn't selling that gray high school.,Every association isn't selling those gray high school.,morphology,determiner_noun_agreement,determiner_noun_agreement_with_adj_2,True,False,True,True,528,-61.84901428222656,-64.22006225585938,1
Ellen wasn't attacking that smart guy.,Ellen wasn't attacking those smart guy.,morphology,determiner_noun_agreement,determiner_noun_agreement_with_adj_2,True,False,True,True,529,-51.88362503051758,-53.23578643798828,1
Walter should take that gray art gallery.,Walter should take those gray art gallery.,morphology,determiner_noun_agreement,determiner_noun_agreement_with_adj_2,True,False,True,True,530,-55.858680725097656,-56.05693435668945,1
Some slope has annoyed these clever ladies.,Some slope has annoyed this clever ladies.,morphology,determiner_noun_agreement,determiner_noun_agreement_with_adj_2,True,False,True,True,531,-57.57850646972656,-59.951255798339844,1
Natalie might pass this green mall.,Natalie might pass these green mall.,morphology,determiner_noun_agreement,determiner_noun_agreement_with_adj_2,True,False,True,True,532,-53.302513122558594,-57.34071731567383,1
Men break those gray plates.,Men break that gray plates.,morphology,determiner_noun_agreement,determiner_noun_agreement_with_adj_2,True,False,True,True,533,-36.151390075683594,-39.18688201904297,1
The museums might praise those bad plays.,The museums might praise that bad plays.,morphology,determiner_noun_agreement,determiner_noun_agreement_with_adj_2,True,False,True,True,534,-53.82493591308594,-55.0152587890625,1
Patricia can't know those troubled drivers.,Patricia can't know that troubled drivers.,morphology,determiner_noun_agreement,determiner_noun_agreement_with_adj_2,True,False,True,True,535,-50.96133041381836,-51.32456970214844,1
Emily broke that exposed fork.,Emily broke those exposed fork.,morphology,determiner_noun_agreement,determiner_noun_agreement_with_adj_2,True,False,True,True,536,-40.532691955566406,-43.19789505004883,1
Jason passed that green bank.,Jason passed those green bank.,morphology,determiner_noun_agreement,determiner_noun_agreement_with_adj_2,True,False,True,True,537,-37.05156326293945,-37.964195251464844,1
Jill drove to that white art gallery.,Jill drove to those white art gallery.,morphology,determiner_noun_agreement,determiner_noun_agreement_with_adj_2,True,False,True,True,538,-57.164825439453125,-56.3009033203125,0
The blouse stuns this important library.,The blouse stuns these important library.,morphology,determiner_noun_agreement,determiner_noun_agreement_with_adj_2,True,False,True,True,539,-52.54235076904297,-56.48497009277344,1
The Borgias were examining that black newspaper article.,The Borgias were examining those black newspaper article.,morphology,determiner_noun_agreement,determiner_noun_agreement_with_adj_2,True,False,True,True,540,-66.1930923461914,-68.968994140625,1
Erin talked about those white college campuses.,Erin talked about that white college campuses.,morphology,determiner_noun_agreement,determiner_noun_agreement_with_adj_2,True,False,True,True,541,-49.01833724975586,-49.266944885253906,1
That waiter exits these big schools.,That waiter exits this big schools.,morphology,determiner_noun_agreement,determiner_noun_agreement_with_adj_2,True,False,True,True,542,-47.921146392822266,-48.75980758666992,1
These people heal this lost cat.,These people heal these lost cat.,morphology,determiner_noun_agreement,determiner_noun_agreement_with_adj_2,True,False,True,True,543,-44.14674377441406,-45.76783752441406,1
Regina had lifted these green shoes.,Regina had lifted this green shoes.,morphology,determiner_noun_agreement,determiner_noun_agreement_with_adj_2,True,False,True,True,544,-46.94126510620117,-48.33805847167969,1
These women see these concealed libraries.,These women see this concealed libraries.,morphology,determiner_noun_agreement,determiner_noun_agreement_with_adj_2,True,False,True,True,545,-46.13943862915039,-47.97570037841797,1
Katherine had arrived at these dirty libraries.,Katherine had arrived at this dirty libraries.,morphology,determiner_noun_agreement,determiner_noun_agreement_with_adj_2,True,False,True,True,546,-56.23265838623047,-56.958229064941406,1
That nose disturbed this determined boy.,That nose disturbed these determined boy.,morphology,determiner_noun_agreement,determiner_noun_agreement_with_adj_2,True,False,True,True,547,-53.772857666015625,-58.67829895019531,1
Florence helped those good actresses.,Florence helped that good actresses.,morphology,determiner_noun_agreement,determiner_noun_agreement_with_adj_2,True,False,True,True,548,-48.237831115722656,-51.39588165283203,1
Those hospitals respect these smart waiters.,Those hospitals respect this smart waiters.,morphology,determiner_noun_agreement,determiner_noun_agreement_with_adj_2,True,False,True,True,549,-53.34990310668945,-54.584571838378906,1
That school upsets that bad patient.,That school upsets those bad patient.,morphology,determiner_noun_agreement,determiner_noun_agreement_with_adj_2,True,False,True,True,550,-48.416290283203125,-52.019874572753906,1
These actors drop by these bad public parks.,These actors drop by this bad public parks.,morphology,determiner_noun_agreement,determiner_noun_agreement_with_adj_2,True,False,True,True,551,-59.988704681396484,-60.86585998535156,1
Guys can kiss this clever boy.,Guys can kiss these clever boy.,morphology,determiner_noun_agreement,determiner_noun_agreement_with_adj_2,True,False,True,True,552,-46.78002166748047,-49.55622100830078,1
Carol won't clean that smooth rug.,Carol won't clean those smooth rug.,morphology,determiner_noun_agreement,determiner_noun_agreement_with_adj_2,True,False,True,True,553,-53.946205139160156,-56.86402893066406,1
A waitress explored those small cafes.,A waitress explored that small cafes.,morphology,determiner_noun_agreement,determiner_noun_agreement_with_adj_2,True,False,True,True,554,-48.253562927246094,-49.7633056640625,1
Monet dislikes those determined teenagers.,Monet dislikes that determined teenagers.,morphology,determiner_noun_agreement,determiner_noun_agreement_with_adj_2,True,False,True,True,555,-61.749916076660156,-59.31035232543945,0
Russell has hired those determined guys.,Russell has hired that determined guys.,morphology,determiner_noun_agreement,determiner_noun_agreement_with_adj_2,True,False,True,True,556,-45.0117073059082,-46.522884368896484,1
Many snakes weren't bothering these bad universities.,Many snakes weren't bothering this bad universities.,morphology,determiner_noun_agreement,determiner_noun_agreement_with_adj_2,True,False,True,True,557,-57.98103332519531,-60.62895202636719,1
Thomas isn't hugging those scared teenagers.,Thomas isn't hugging that scared teenagers.,morphology,determiner_noun_agreement,determiner_noun_agreement_with_adj_2,True,False,True,True,558,-50.859405517578125,-49.2208251953125,0
Dana discovered these concealed pictures.,Dana discovered this concealed pictures.,morphology,determiner_noun_agreement,determiner_noun_agreement_with_adj_2,True,False,True,True,559,-47.089908599853516,-47.145530700683594,1
Sarah drops by this red art gallery.,Sarah drops by these red art gallery.,morphology,determiner_noun_agreement,determiner_noun_agreement_with_adj_2,True,False,True,True,560,-47.2459602355957,-51.09062957763672,1
Matt won't hurt this serious lady.,Matt won't hurt these serious lady.,morphology,determiner_noun_agreement,determiner_noun_agreement_with_adj_2,True,False,True,True,561,-40.97025680541992,-44.32166290283203,1
All patients approach this standing waiter.,All patients approach these standing waiter.,morphology,determiner_noun_agreement,determiner_noun_agreement_with_adj_2,True,False,True,True,562,-50.327632904052734,-53.15699005126953,1
The women reveal these bad dresses.,The women reveal this bad dresses.,morphology,determiner_noun_agreement,determiner_noun_agreement_with_adj_2,True,False,True,True,563,-42.49122619628906,-43.92726135253906,1
Carrie remembered those ill drivers.,Carrie remembered that ill drivers.,morphology,determiner_noun_agreement,determiner_noun_agreement_with_adj_2,True,False,True,True,564,-51.50236511230469,-51.54264831542969,1
Vincent broke those lost cups.,Vincent broke that lost cups.,morphology,determiner_noun_agreement,determiner_noun_agreement_with_adj_2,True,False,True,True,565,-51.95451354980469,-52.76041030883789,1
Maria hasn't insulted this important commentary.,Maria hasn't insulted these important commentary.,morphology,determiner_noun_agreement,determiner_noun_agreement_with_adj_2,True,False,True,True,566,-46.906394958496094,-48.0925407409668,1
Victoria drove to those blue grocery stores.,Victoria drove to that blue grocery stores.,morphology,determiner_noun_agreement,determiner_noun_agreement_with_adj_2,True,False,True,True,567,-41.965003967285156,-45.709686279296875,1
Denise fled from those small drivers.,Denise fled from that small drivers.,morphology,determiner_noun_agreement,determiner_noun_agreement_with_adj_2,True,False,True,True,568,-44.7254753112793,-46.40559387207031,1
These muffins haven't bored those standing guys.,These muffins haven't bored that standing guys.,morphology,determiner_noun_agreement,determiner_noun_agreement_with_adj_2,True,False,True,True,569,-56.76651382446289,-57.207244873046875,1
Many girls hadn't talked to that troubled patient.,Many girls hadn't talked to those troubled patient.,morphology,determiner_noun_agreement,determiner_noun_agreement_with_adj_2,True,False,True,True,570,-58.360321044921875,-59.634483337402344,1
A lot of bicycles didn't annoy this bad museum.,A lot of bicycles didn't annoy these bad museum.,morphology,determiner_noun_agreement,determiner_noun_agreement_with_adj_2,True,False,True,True,571,-66.42637634277344,-69.3702392578125,1
Amy had left these hard public parks.,Amy had left this hard public parks.,morphology,determiner_noun_agreement,determiner_noun_agreement_with_adj_2,True,False,True,True,572,-46.795799255371094,-46.15000534057617,0
Theodore helped this bad patient.,Theodore helped these bad patient.,morphology,determiner_noun_agreement,determiner_noun_agreement_with_adj_2,True,False,True,True,573,-46.51506042480469,-50.4653205871582,1
Donna doesn't boast about those lost reports.,Donna doesn't boast about that lost reports.,morphology,determiner_noun_agreement,determiner_noun_agreement_with_adj_2,True,False,True,True,574,-54.23960876464844,-54.679603576660156,1
Those teenagers break those cheap couches.,Those teenagers break that cheap couches.,morphology,determiner_noun_agreement,determiner_noun_agreement_with_adj_2,True,False,True,True,575,-49.95118713378906,-51.89537811279297,1
Alicia likes those orange coats.,Alicia likes that orange coats.,morphology,determiner_noun_agreement,determiner_noun_agreement_with_adj_2,True,False,True,True,576,-51.122161865234375,-51.61778259277344,1
Ruth shouldn't embarrass those out in the open cashiers.,Ruth shouldn't embarrass that out in the open cashiers.,morphology,determiner_noun_agreement,determiner_noun_agreement_with_adj_2,True,False,True,True,577,-74.49333190917969,-75.68730163574219,1
Many people kiss these displeased patients.,Many people kiss this displeased patients.,morphology,determiner_noun_agreement,determiner_noun_agreement_with_adj_2,True,False,True,True,578,-47.32497024536133,-48.46949768066406,1
Sally boasted about these ill cashiers.,Sally boasted about this ill cashiers.,morphology,determiner_noun_agreement,determiner_noun_agreement_with_adj_2,True,False,True,True,579,-62.23896026611328,-63.3307991027832,1
Many boys explore those cheap schools.,Many boys explore that cheap schools.,morphology,determiner_noun_agreement,determiner_noun_agreement_with_adj_2,True,False,True,True,580,-47.06767654418945,-48.42432403564453,1
Joel is cleaning those messy schools.,Joel is cleaning that messy schools.,morphology,determiner_noun_agreement,determiner_noun_agreement_with_adj_2,True,False,True,True,581,-48.632354736328125,-52.89872741699219,1
A lot of guests hadn't gone to these green grocery stores.,A lot of guests hadn't gone to this green grocery stores.,morphology,determiner_noun_agreement,determiner_noun_agreement_with_adj_2,True,False,True,True,582,-65.00672912597656,-65.22889709472656,1
Jason exits that purple college campus.,Jason exits those purple college campus.,morphology,determiner_noun_agreement,determiner_noun_agreement_with_adj_2,True,False,True,True,583,-52.80879592895508,-51.68815994262695,0
Nina visits this rough bank.,Nina visits these rough bank.,morphology,determiner_noun_agreement,determiner_noun_agreement_with_adj_2,True,False,True,True,584,-44.63361358642578,-50.535640716552734,1
That organization was buying that hard glove.,That organization was buying those hard glove.,morphology,determiner_noun_agreement,determiner_noun_agreement_with_adj_2,True,False,True,True,585,-54.27710723876953,-54.68126678466797,1
Lawrence isn't approaching those serious boys.,Lawrence isn't approaching that serious boys.,morphology,determiner_noun_agreement,determiner_noun_agreement_with_adj_2,True,False,True,True,586,-53.589378356933594,-55.137977600097656,1
These patients will research this important drawing.,These patients will research these important drawing.,morphology,determiner_noun_agreement,determiner_noun_agreement_with_adj_2,True,False,True,True,587,-41.646366119384766,-46.10334396362305,1
Mitchell might resemble these orange pictures.,Mitchell might resemble this orange pictures.,morphology,determiner_noun_agreement,determiner_noun_agreement_with_adj_2,True,False,True,True,588,-54.756675720214844,-56.51310729980469,1
The Great Lakes scare those young senators.,The Great Lakes scare that young senators.,morphology,determiner_noun_agreement,determiner_noun_agreement_with_adj_2,True,False,True,True,589,-56.25702667236328,-57.23190689086914,1
Kristen has those blue plates.,Kristen has that blue plates.,morphology,determiner_noun_agreement,determiner_noun_agreement_with_adj_2,True,False,True,True,590,-40.55176544189453,-43.55683898925781,1
Matt remembered that upset guest.,Matt remembered those upset guest.,morphology,determiner_noun_agreement,determiner_noun_agreement_with_adj_2,True,False,True,True,591,-38.865211486816406,-42.429100036621094,1
Bill noticed these concealed jackets.,Bill noticed this concealed jackets.,morphology,determiner_noun_agreement,determiner_noun_agreement_with_adj_2,True,False,True,True,592,-39.51984786987305,-40.451080322265625,1
Cynthia hasn't found this good drawing.,Cynthia hasn't found these good drawing.,morphology,determiner_noun_agreement,determiner_noun_agreement_with_adj_2,True,False,True,True,593,-50.967491149902344,-54.62483596801758,1
Claire could bike to this exposed high school.,Claire could bike to these exposed high school.,morphology,determiner_noun_agreement,determiner_noun_agreement_with_adj_2,True,False,True,True,594,-62.76215744018555,-64.93589782714844,1
These teenagers weren't revealing this black public park.,These teenagers weren't revealing these black public park.,morphology,determiner_noun_agreement,determiner_noun_agreement_with_adj_2,True,False,True,True,595,-61.882179260253906,-64.20760345458984,1
Most senators concealed those young guys.,Most senators concealed that young guys.,morphology,determiner_noun_agreement,determiner_noun_agreement_with_adj_2,True,False,True,True,596,-47.159671783447266,-50.492950439453125,1
Those teenagers kissed that unconvinced cashier.,Those teenagers kissed those unconvinced cashier.,morphology,determiner_noun_agreement,determiner_noun_agreement_with_adj_2,True,False,True,True,597,-70.35089111328125,-71.4172592163086,1
Daniel should talk to this delighted boy.,Daniel should talk to these delighted boy.,morphology,determiner_noun_agreement,determiner_noun_agreement_with_adj_2,True,False,True,True,598,-44.94432067871094,-47.37847900390625,1
The people cleaned that gray movie theater.,The people cleaned those gray movie theater.,morphology,determiner_noun_agreement,determiner_noun_agreement_with_adj_2,True,False,True,True,599,-59.778194427490234,-59.77171325683594,0
The adults approach those lost teenagers.,The adults approach that lost teenagers.,morphology,determiner_noun_agreement,determiner_noun_agreement_with_adj_2,True,False,True,True,600,-48.05863952636719,-43.87894821166992,0
Christine is dropping by these cheap grocery stores.,Christine is dropping by this cheap grocery stores.,morphology,determiner_noun_agreement,determiner_noun_agreement_with_adj_2,True,False,True,True,601,-50.473411560058594,-51.0943603515625,1
A student approaches that delighted lady.,A student approaches those delighted lady.,morphology,determiner_noun_agreement,determiner_noun_agreement_with_adj_2,True,False,True,True,602,-50.58168029785156,-53.22290802001953,1
The Clintons see those good guests.,The Clintons see that good guests.,morphology,determiner_noun_agreement,determiner_noun_agreement_with_adj_2,True,False,True,True,603,-46.03075408935547,-47.084320068359375,1
Most drawings look like those smart patients.,Most drawings look like that smart patients.,morphology,determiner_noun_agreement,determiner_noun_agreement_with_adj_2,True,False,True,True,604,-47.66357421875,-49.56244659423828,1
Martin wasn't confusing that important committee.,Martin wasn't confusing those important committee.,morphology,determiner_noun_agreement,determiner_noun_agreement_with_adj_2,True,False,True,True,605,-48.449363708496094,-53.66494369506836,1
All trucks look like this big picture.,All trucks look like these big picture.,morphology,determiner_noun_agreement,determiner_noun_agreement_with_adj_2,True,False,True,True,606,-38.949790954589844,-45.49293899536133,1
All governments hire those exposed actors.,All governments hire that exposed actors.,morphology,determiner_noun_agreement,determiner_noun_agreement_with_adj_2,True,False,True,True,607,-51.67653274536133,-50.88271713256836,0
This hospital will reference those out in the open doctors.,This hospital will reference that out in the open doctors.,morphology,determiner_noun_agreement,determiner_noun_agreement_with_adj_2,True,False,True,True,608,-66.386962890625,-65.4571533203125,0
That rug stuns this good committee.,That rug stuns these good committee.,morphology,determiner_noun_agreement,determiner_noun_agreement_with_adj_2,True,False,True,True,609,-53.9047737121582,-56.8094596862793,1
Pamela could return to these orange grocery stores.,Pamela could return to this orange grocery stores.,morphology,determiner_noun_agreement,determiner_noun_agreement_with_adj_2,True,False,True,True,610,-60.9160270690918,-61.22321319580078,1
Tanya talked to those uncertain waiters.,Tanya talked to that uncertain waiters.,morphology,determiner_noun_agreement,determiner_noun_agreement_with_adj_2,True,False,True,True,611,-56.22107696533203,-57.404197692871094,1
Most drawings look like this green print.,Most drawings look like these green print.,morphology,determiner_noun_agreement,determiner_noun_agreement_with_adj_2,True,False,True,True,612,-41.421077728271484,-43.101402282714844,1
Some waitresses admire this concealed newspaper article.,Some waitresses admire these concealed newspaper article.,morphology,determiner_noun_agreement,determiner_noun_agreement_with_adj_2,True,False,True,True,613,-69.84220886230469,-70.60783386230469,1
A lot of guys go to those concealed hospitals.,A lot of guys go to that concealed hospitals.,morphology,determiner_noun_agreement,determiner_noun_agreement_with_adj_2,True,False,True,True,614,-61.165531158447266,-60.840110778808594,0
This adult hadn't sold that soft jacket.,This adult hadn't sold those soft jacket.,morphology,determiner_noun_agreement,determiner_noun_agreement_with_adj_2,True,False,True,True,615,-55.648338317871094,-59.200443267822266,1
Some shoe confuses this yellow bank.,Some shoe confuses these yellow bank.,morphology,determiner_noun_agreement,determiner_noun_agreement_with_adj_2,True,False,True,True,616,-53.01753234863281,-55.80744552612305,1
These women drop by this orange school.,These women drop by these orange school.,morphology,determiner_noun_agreement,determiner_noun_agreement_with_adj_2,True,False,True,True,617,-48.963226318359375,-52.33880615234375,1
These patients approach these smart girls.,These patients approach this smart girls.,morphology,determiner_noun_agreement,determiner_noun_agreement_with_adj_2,True,False,True,True,618,-45.289154052734375,-46.640140533447266,1
That sketch hadn't looked like those out in the open malls.,That sketch hadn't looked like that out in the open malls.,morphology,determiner_noun_agreement,determiner_noun_agreement_with_adj_2,True,False,True,True,619,-68.93148803710938,-66.66332244873047,0
Alicia hadn't shocked these unemployed cashiers.,Alicia hadn't shocked this unemployed cashiers.,morphology,determiner_noun_agreement,determiner_noun_agreement_with_adj_2,True,False,True,True,620,-79.38604736328125,-79.96771240234375,1
The Impressionists drop by this gray mall.,The Impressionists drop by these gray mall.,morphology,determiner_noun_agreement,determiner_noun_agreement_with_adj_2,True,False,True,True,621,-64.6671142578125,-69.33934020996094,1
Aaron loved that brown newspaper article.,Aaron loved those brown newspaper article.,morphology,determiner_noun_agreement,determiner_noun_agreement_with_adj_2,True,False,True,True,622,-45.20206832885742,-47.100730895996094,1
Jane examined this bad play.,Jane examined these bad play.,morphology,determiner_noun_agreement,determiner_noun_agreement_with_adj_2,True,False,True,True,623,-38.870513916015625,-39.479957580566406,1
All guys could bore this unemployed dancer.,All guys could bore these unemployed dancer.,morphology,determiner_noun_agreement,determiner_noun_agreement_with_adj_2,True,False,True,True,624,-60.46223068237305,-62.82078552246094,1
Gerald had attacked that employed driver.,Gerald had attacked those employed driver.,morphology,determiner_noun_agreement,determiner_noun_agreement_with_adj_2,True,False,True,True,625,-56.30582809448242,-58.29772186279297,1
The library should like this troubled cashier.,The library should like these troubled cashier.,morphology,determiner_noun_agreement,determiner_noun_agreement_with_adj_2,True,False,True,True,626,-55.37699890136719,-58.464595794677734,1
A lot of trucks bore those confident children.,A lot of trucks bore that confident children.,morphology,determiner_noun_agreement,determiner_noun_agreement_with_adj_2,True,False,True,True,627,-59.62873840332031,-60.38140869140625,1
Those photographs hurt those hopeful patients.,Those photographs hurt that hopeful patients.,morphology,determiner_noun_agreement,determiner_noun_agreement_with_adj_2,True,False,True,True,628,-49.875770568847656,-51.8179931640625,1
Janet appreciated that scared dancer.,Janet appreciated those scared dancer.,morphology,determiner_noun_agreement,determiner_noun_agreement_with_adj_2,True,False,True,True,629,-55.92610549926758,-57.62497329711914,1
Some teenager forgets those ill doctors.,Some teenager forgets that ill doctors.,morphology,determiner_noun_agreement,determiner_noun_agreement_with_adj_2,True,False,True,True,630,-51.24342727661133,-49.6746940612793,0
That patient escapes from those hidden cashiers.,That patient escapes from that hidden cashiers.,morphology,determiner_noun_agreement,determiner_noun_agreement_with_adj_2,True,False,True,True,631,-60.187705993652344,-62.469844818115234,1
A person isn't touring this green restaurant.,A person isn't touring these green restaurant.,morphology,determiner_noun_agreement,determiner_noun_agreement_with_adj_2,True,False,True,True,632,-49.93257522583008,-55.339298248291016,1
Liam doesn't remember that fast pedestrian.,Liam doesn't remember those fast pedestrian.,morphology,determiner_noun_agreement,determiner_noun_agreement_with_adj_2,True,False,True,True,633,-54.60123825073242,-58.62641143798828,1
Every adult broke that purple plate.,Every adult broke those purple plate.,morphology,determiner_noun_agreement,determiner_noun_agreement_with_adj_2,True,False,True,True,634,-51.671669006347656,-53.74553298950195,1
Ann thought about those good committees.,Ann thought about that good committees.,morphology,determiner_noun_agreement,determiner_noun_agreement_with_adj_2,True,False,True,True,635,-42.11172103881836,-45.026344299316406,1
Ruth will dislike these fast dancers.,Ruth will dislike this fast dancers.,morphology,determiner_noun_agreement,determiner_noun_agreement_with_adj_2,True,False,True,True,636,-56.388221740722656,-55.94066619873047,0
Samantha impressed this troubled customer.,Samantha impressed these troubled customer.,morphology,determiner_noun_agreement,determiner_noun_agreement_with_adj_2,True,False,True,True,637,-54.92324447631836,-58.53887939453125,1
Most doors annoyed that content customer.,Most doors annoyed those content customer.,morphology,determiner_noun_agreement,determiner_noun_agreement_with_adj_2,True,False,True,True,638,-51.65367889404297,-55.39786911010742,1
A lot of cashiers have messed up that rough bank.,A lot of cashiers have messed up those rough bank.,morphology,determiner_noun_agreement,determiner_noun_agreement_with_adj_2,True,False,True,True,639,-65.8525390625,-66.31681060791016,1
Lisa alarmed those popular organizations.,Lisa alarmed that popular organizations.,morphology,determiner_noun_agreement,determiner_noun_agreement_with_adj_2,True,False,True,True,640,-40.827537536621094,-40.945858001708984,1
This student boasts about those important documentaries.,This student boasts about that important documentaries.,morphology,determiner_noun_agreement,determiner_noun_agreement_with_adj_2,True,False,True,True,641,-52.56568908691406,-53.1328010559082,1
Sarah wasn't passing those messy museums.,Sarah wasn't passing that messy museums.,morphology,determiner_noun_agreement,determiner_noun_agreement_with_adj_2,True,False,True,True,642,-50.94042205810547,-51.56610107421875,1
Sharon helps that young guy.,Sharon helps those young guy.,morphology,determiner_noun_agreement,determiner_noun_agreement_with_adj_2,True,False,True,True,643,-39.922706604003906,-39.26411819458008,0
Those teachers sound like these out in the open malls.,Those teachers sound like this out in the open malls.,morphology,determiner_noun_agreement,determiner_noun_agreement_with_adj_2,True,False,True,True,644,-57.25325012207031,-55.513343811035156,0
Amanda would admire these new dresses.,Amanda would admire this new dresses.,morphology,determiner_noun_agreement,determiner_noun_agreement_with_adj_2,True,False,True,True,645,-45.75570297241211,-47.80827331542969,1
Every waitress hadn't gone to that rough school.,Every waitress hadn't gone to those rough school.,morphology,determiner_noun_agreement,determiner_noun_agreement_with_adj_2,True,False,True,True,646,-56.326961517333984,-58.88719940185547,1
Many patients hire these concealed patients.,Many patients hire this concealed patients.,morphology,determiner_noun_agreement,determiner_noun_agreement_with_adj_2,True,False,True,True,647,-44.53908157348633,-47.250389099121094,1
Todd fired these ill senators.,Todd fired this ill senators.,morphology,determiner_noun_agreement,determiner_noun_agreement_with_adj_2,True,False,True,True,648,-41.47334289550781,-41.972164154052734,1
Many guests fix those whole cups.,Many guests fix that whole cups.,morphology,determiner_noun_agreement,determiner_noun_agreement_with_adj_2,True,False,True,True,649,-47.91192626953125,-49.103939056396484,1
Many senators run around those concealed movie theaters.,Many senators run around that concealed movie theaters.,morphology,determiner_noun_agreement,determiner_noun_agreement_with_adj_2,True,False,True,True,650,-63.50635528564453,-63.705406188964844,1
Alexander appreciates this exposed pamphlet.,Alexander appreciates these exposed pamphlet.,morphology,determiner_noun_agreement,determiner_noun_agreement_with_adj_2,True,False,True,True,651,-43.52765655517578,-45.69816970825195,1
Tamara wasn't visiting that popular art gallery.,Tamara wasn't visiting those popular art gallery.,morphology,determiner_noun_agreement,determiner_noun_agreement_with_adj_2,True,False,True,True,652,-54.37534713745117,-57.938934326171875,1
A guest will fix those out in the open plates.,A guest will fix that out in the open plates.,morphology,determiner_noun_agreement,determiner_noun_agreement_with_adj_2,True,False,True,True,653,-62.02762985229492,-61.243228912353516,0
Some guys explore those popular museums.,Some guys explore that popular museums.,morphology,determiner_noun_agreement,determiner_noun_agreement_with_adj_2,True,False,True,True,654,-45.058441162109375,-46.87541961669922,1
Some sweater stuns this out in the open teenager.,Some sweater stuns these out in the open teenager.,morphology,determiner_noun_agreement,determiner_noun_agreement_with_adj_2,True,False,True,True,655,-66.0020751953125,-67.4434814453125,1
A lot of adults describe these popular guests.,A lot of adults describe this popular guests.,morphology,determiner_noun_agreement,determiner_noun_agreement_with_adj_2,True,False,True,True,656,-52.16075897216797,-53.78026580810547,1
Governments can boast about those uncertain teachers.,Governments can boast about that uncertain teachers.,morphology,determiner_noun_agreement,determiner_noun_agreement_with_adj_2,True,False,True,True,657,-57.13090896606445,-58.62294006347656,1
Naomi has revealed those yellow hospitals.,Naomi has revealed that yellow hospitals.,morphology,determiner_noun_agreement,determiner_noun_agreement_with_adj_2,True,False,True,True,658,-51.351348876953125,-51.14668273925781,0
Jesus didn't exit these white schools.,Jesus didn't exit this white schools.,morphology,determiner_noun_agreement,determiner_noun_agreement_with_adj_2,True,False,True,True,659,-45.37972640991211,-47.760986328125,1
Valerie hadn't arrived at these old museums.,Valerie hadn't arrived at this old museums.,morphology,determiner_noun_agreement,determiner_noun_agreement_with_adj_2,True,False,True,True,660,-55.84210968017578,-57.580047607421875,1
Holly wouldn't help those smart waiters.,Holly wouldn't help that smart waiters.,morphology,determiner_noun_agreement,determiner_noun_agreement_with_adj_2,True,False,True,True,661,-55.171871185302734,-57.496421813964844,1
All men escape from these uncertain actors.,All men escape from this uncertain actors.,morphology,determiner_noun_agreement,determiner_noun_agreement_with_adj_2,True,False,True,True,662,-47.024139404296875,-47.74103546142578,1
Some college campus hasn't scared these unemployed boys.,Some college campus hasn't scared this unemployed boys.,morphology,determiner_noun_agreement,determiner_noun_agreement_with_adj_2,True,False,True,True,663,-58.40495300292969,-61.40805435180664,1
The guy fires those lucky pedestrians.,The guy fires that lucky pedestrians.,morphology,determiner_noun_agreement,determiner_noun_agreement_with_adj_2,True,False,True,True,664,-51.142486572265625,-50.36214828491211,0
Wayne is concealing that lost blouse.,Wayne is concealing those lost blouse.,morphology,determiner_noun_agreement,determiner_noun_agreement_with_adj_2,True,False,True,True,665,-55.44181823730469,-57.607940673828125,1
Students listen to that happy patient.,Students listen to those happy patient.,morphology,determiner_noun_agreement,determiner_noun_agreement_with_adj_2,True,False,True,True,666,-33.45173263549805,-32.42462158203125,0
Eva will cure these bad dogs.,Eva will cure this bad dogs.,morphology,determiner_noun_agreement,determiner_noun_agreement_with_adj_2,True,False,True,True,667,-33.901214599609375,-36.765174865722656,1
Alicia didn't take those red eyes.,Alicia didn't take that red eyes.,morphology,determiner_noun_agreement,determiner_noun_agreement_with_adj_2,True,False,True,True,668,-51.590293884277344,-53.039939880371094,1
This vase had disgusted these standing customers.,This vase had disgusted this standing customers.,morphology,determiner_noun_agreement,determiner_noun_agreement_with_adj_2,True,False,True,True,669,-63.142051696777344,-62.38510513305664,0
Allison boycotts these good legislatures.,Allison boycotts this good legislatures.,morphology,determiner_noun_agreement,determiner_noun_agreement_with_adj_2,True,False,True,True,670,-54.18440246582031,-57.14019012451172,1
Jennifer can return to these important children.,Jennifer can return to this important children.,morphology,determiner_noun_agreement,determiner_noun_agreement_with_adj_2,True,False,True,True,671,-37.09501647949219,-37.35179138183594,1
Some bananas embarrass these important banks.,Some bananas embarrass this important banks.,morphology,determiner_noun_agreement,determiner_noun_agreement_with_adj_2,True,False,True,True,672,-51.768428802490234,-53.45399856567383,1
The waitress has that important hamster.,The waitress has those important hamster.,morphology,determiner_noun_agreement,determiner_noun_agreement_with_adj_2,True,False,True,True,673,-50.93126678466797,-53.26485824584961,1
Derek healed this hopeful student.,Derek healed these hopeful student.,morphology,determiner_noun_agreement,determiner_noun_agreement_with_adj_2,True,False,True,True,674,-51.80381774902344,-56.75141906738281,1
Sheila hires these troubled customers.,Sheila hires this troubled customers.,morphology,determiner_noun_agreement,determiner_noun_agreement_with_adj_2,True,False,True,True,675,-45.96057891845703,-48.12799835205078,1
Douglas escapes from those upset teenagers.,Douglas escapes from that upset teenagers.,morphology,determiner_noun_agreement,determiner_noun_agreement_with_adj_2,True,False,True,True,676,-52.65674591064453,-52.150779724121094,0
Donna returned to these small guests.,Donna returned to this small guests.,morphology,determiner_noun_agreement,determiner_noun_agreement_with_adj_2,True,False,True,True,677,-39.234127044677734,-40.65426254272461,1
Brian is investigating those bad adults.,Brian is investigating that bad adults.,morphology,determiner_noun_agreement,determiner_noun_agreement_with_adj_2,True,False,True,True,678,-34.404205322265625,-37.03827667236328,1
Ellen could go to those popular schools.,Ellen could go to that popular schools.,morphology,determiner_noun_agreement,determiner_noun_agreement_with_adj_2,True,False,True,True,679,-47.64995574951172,-48.46619415283203,1
Men investigate those good museums.,Men investigate that good museums.,morphology,determiner_noun_agreement,determiner_noun_agreement_with_adj_2,True,False,True,True,680,-38.17573928833008,-40.66703796386719,1
Jacqueline talks to this lost waiter.,Jacqueline talks to these lost waiter.,morphology,determiner_noun_agreement,determiner_noun_agreement_with_adj_2,True,False,True,True,681,-56.656036376953125,-60.745033264160156,1
Samantha stunned this bad hospital.,Samantha stunned these bad hospital.,morphology,determiner_noun_agreement,determiner_noun_agreement_with_adj_2,True,False,True,True,682,-55.758968353271484,-60.463340759277344,1
Travel hasn't astounded these uncertain ladies.,Travel hasn't astounded this uncertain ladies.,morphology,determiner_noun_agreement,determiner_noun_agreement_with_adj_2,True,False,True,True,683,-62.09512710571289,-60.03651428222656,0
Kristin should conceal these sick teachers.,Kristin should conceal this sick teachers.,morphology,determiner_noun_agreement,determiner_noun_agreement_with_adj_2,True,False,True,True,684,-52.51191329956055,-53.82801055908203,1
Sally sounded like these dirty museums.,Sally sounded like this dirty museums.,morphology,determiner_noun_agreement,determiner_noun_agreement_with_adj_2,True,False,True,True,685,-57.35191345214844,-59.39875030517578,1
Rodney hasn't arrived at this good school.,Rodney hasn't arrived at these good school.,morphology,determiner_noun_agreement,determiner_noun_agreement_with_adj_2,True,False,True,True,686,-47.81173324584961,-51.19241714477539,1
George could examine those important newspaper articles.,George could examine that important newspaper articles.,morphology,determiner_noun_agreement,determiner_noun_agreement_with_adj_2,True,False,True,True,687,-47.917667388916016,-49.6378173828125,1
Many dancers disagree with these displeased dancers.,Many dancers disagree with this displeased dancers.,morphology,determiner_noun_agreement,determiner_noun_agreement_with_adj_2,True,False,True,True,688,-52.2801513671875,-52.59214782714844,1
Elaine has upset those scared students.,Elaine has upset that scared students.,morphology,determiner_noun_agreement,determiner_noun_agreement_with_adj_2,True,False,True,True,689,-54.12108612060547,-51.23667907714844,0
Elizabeth had discussed these good college campuses.,Elizabeth had discussed this good college campuses.,morphology,determiner_noun_agreement,determiner_noun_agreement_with_adj_2,True,False,True,True,690,-46.575618743896484,-47.72331237792969,1
The icicles alarm that good company.,The icicles alarm those good company.,morphology,determiner_noun_agreement,determiner_noun_agreement_with_adj_2,True,False,True,True,691,-54.29464340209961,-60.24559783935547,1
Most legislatures loved this unemployed teenager.,Most legislatures loved these unemployed teenager.,morphology,determiner_noun_agreement,determiner_noun_agreement_with_adj_2,True,False,True,True,692,-49.750877380371094,-51.75299835205078,1
Politics was shocking these scared teachers.,Politics was shocking this scared teachers.,morphology,determiner_noun_agreement,determiner_noun_agreement_with_adj_2,True,False,True,True,693,-46.7081184387207,-46.09803771972656,0
Todd should lift those out in the open shoes.,Todd should lift that out in the open shoes.,morphology,determiner_noun_agreement,determiner_noun_agreement_with_adj_2,True,False,True,True,694,-49.874351501464844,-51.3466796875,1
Kevin has biked to that cheap bank.,Kevin has biked to those cheap bank.,morphology,determiner_noun_agreement,determiner_noun_agreement_with_adj_2,True,False,True,True,695,-52.30201721191406,-53.2921257019043,1
Nicole was scaring those employed drivers.,Nicole was scaring that employed drivers.,morphology,determiner_noun_agreement,determiner_noun_agreement_with_adj_2,True,False,True,True,696,-59.58873748779297,-57.274715423583984,0
Some mouth does stun that unlucky waiter.,Some mouth does stun those unlucky waiter.,morphology,determiner_noun_agreement,determiner_noun_agreement_with_adj_2,True,False,True,True,697,-66.65409851074219,-63.05841827392578,0
Samuel drops by this hidden school.,Samuel drops by these hidden school.,morphology,determiner_noun_agreement,determiner_noun_agreement_with_adj_2,True,False,True,True,698,-54.533058166503906,-59.07675552368164,1
Nancy has argued about this serious patient.,Nancy has argued about these serious patient.,morphology,determiner_noun_agreement,determiner_noun_agreement_with_adj_2,True,False,True,True,699,-50.305084228515625,-54.93059158325195,1
Chad boycotted these blue schools.,Chad boycotted this blue schools.,morphology,determiner_noun_agreement,determiner_noun_agreement_with_adj_2,True,False,True,True,700,-63.971771240234375,-66.0787582397461,1
A lot of teachers weren't helping these troubled waiters.,A lot of teachers weren't helping this troubled waiters.,morphology,determiner_noun_agreement,determiner_noun_agreement_with_adj_2,True,False,True,True,701,-68.62109375,-68.92507934570312,1
The public parks haven't bothered these popular governments.,The public parks haven't bothered this popular governments.,morphology,determiner_noun_agreement,determiner_noun_agreement_with_adj_2,True,False,True,True,702,-59.95440673828125,-62.79734420776367,1
These dancers aren't embarrassing that sick senator.,These dancers aren't embarrassing those sick senator.,morphology,determiner_noun_agreement,determiner_noun_agreement_with_adj_2,True,False,True,True,703,-64.98866271972656,-66.70204162597656,1
Those people think about those black hats.,Those people think about that black hats.,morphology,determiner_noun_agreement,determiner_noun_agreement_with_adj_2,True,False,True,True,704,-36.00403594970703,-38.13771438598633,1
Science had disturbed these standing guys.,Science had disturbed this standing guys.,morphology,determiner_noun_agreement,determiner_noun_agreement_with_adj_2,True,False,True,True,705,-47.8911247253418,-48.39445495605469,1
Elizabeth hadn't arrived at this popular cafe.,Elizabeth hadn't arrived at these popular cafe.,morphology,determiner_noun_agreement,determiner_noun_agreement_with_adj_2,True,False,True,True,706,-45.096290588378906,-48.549461364746094,1
Liam boycotted these important universities.,Liam boycotted this important universities.,morphology,determiner_noun_agreement,determiner_noun_agreement_with_adj_2,True,False,True,True,707,-71.97686767578125,-72.01828002929688,1
Russell wasn't criticizing this young doctor.,Russell wasn't criticizing these young doctor.,morphology,determiner_noun_agreement,determiner_noun_agreement_with_adj_2,True,False,True,True,708,-45.89143371582031,-48.0346565246582,1
Those teachers heal that sick hamster.,Those teachers heal those sick hamster.,morphology,determiner_noun_agreement,determiner_noun_agreement_with_adj_2,True,False,True,True,709,-57.61722183227539,-56.88145446777344,0
Most waitresses revealed this yellow coat.,Most waitresses revealed these yellow coat.,morphology,determiner_noun_agreement,determiner_noun_agreement_with_adj_2,True,False,True,True,710,-51.8528938293457,-53.81480407714844,1
Omar can't attack these unconvinced teachers.,Omar can't attack this unconvinced teachers.,morphology,determiner_noun_agreement,determiner_noun_agreement_with_adj_2,True,False,True,True,711,-64.55863189697266,-66.01261901855469,1
Every guest fixes that purple glass.,Every guest fixes those purple glass.,morphology,determiner_noun_agreement,determiner_noun_agreement_with_adj_2,True,False,True,True,712,-51.88726806640625,-56.86505126953125,1
Richard should pass these dirty grocery stores.,Richard should pass this dirty grocery stores.,morphology,determiner_noun_agreement,determiner_noun_agreement_with_adj_2,True,False,True,True,713,-45.78230285644531,-47.474822998046875,1
Chad hasn't forgotten this troubled doctor.,Chad hasn't forgotten these troubled doctor.,morphology,determiner_noun_agreement,determiner_noun_agreement_with_adj_2,True,False,True,True,714,-51.89298629760742,-56.56046676635742,1
Those waiters watch those small girls.,Those waiters watch that small girls.,morphology,determiner_noun_agreement,determiner_noun_agreement_with_adj_2,True,False,True,True,715,-42.317012786865234,-43.839656829833984,1
Some fish haven't resembled this white drawing.,Some fish haven't resembled these white drawing.,morphology,determiner_noun_agreement,determiner_noun_agreement_with_adj_2,True,False,True,True,716,-59.0212516784668,-59.69915008544922,1
Marcus listens to these exposed teachers.,Marcus listens to this exposed teachers.,morphology,determiner_noun_agreement,determiner_noun_agreement_with_adj_2,True,False,True,True,717,-38.81867980957031,-42.071964263916016,1
The Lutherans could praise those nice boys.,The Lutherans could praise that nice boys.,morphology,determiner_noun_agreement,determiner_noun_agreement_with_adj_2,True,False,True,True,718,-59.324195861816406,-63.128170013427734,1
The woman visited that old high school.,The woman visited those old high school.,morphology,determiner_noun_agreement,determiner_noun_agreement_with_adj_2,True,False,True,True,719,-44.798954010009766,-45.722286224365234,1
Eva did heal that brown turtle.,Eva did heal those brown turtle.,morphology,determiner_noun_agreement,determiner_noun_agreement_with_adj_2,True,False,True,True,720,-47.36449432373047,-48.180572509765625,1
These people help these clever waitresses.,These people help this clever waitresses.,morphology,determiner_noun_agreement,determiner_noun_agreement_with_adj_2,True,False,True,True,721,-50.7071418762207,-51.42613983154297,1
Homer wasn't describing those hidden guests.,Homer wasn't describing that hidden guests.,morphology,determiner_noun_agreement,determiner_noun_agreement_with_adj_2,True,False,True,True,722,-58.94961929321289,-61.44651412963867,1
Many waiters buy those exposed prints.,Many waiters buy that exposed prints.,morphology,determiner_noun_agreement,determiner_noun_agreement_with_adj_2,True,False,True,True,723,-50.56251525878906,-50.41035842895508,0
Laurie hadn't returned to this serious driver.,Laurie hadn't returned to these serious driver.,morphology,determiner_noun_agreement,determiner_noun_agreement_with_adj_2,True,False,True,True,724,-53.53593826293945,-58.41618728637695,1
Sandra scanned these small reports.,Sandra scanned this small reports.,morphology,determiner_noun_agreement,determiner_noun_agreement_with_adj_2,True,False,True,True,725,-47.95611572265625,-48.95429229736328,1
A lot of guests appreciate that happy teenager.,A lot of guests appreciate those happy teenager.,morphology,determiner_noun_agreement,determiner_noun_agreement_with_adj_2,True,False,True,True,726,-53.66203308105469,-53.65111541748047,0
These teenagers drop by this white public park.,These teenagers drop by these white public park.,morphology,determiner_noun_agreement,determiner_noun_agreement_with_adj_2,True,False,True,True,727,-55.56094741821289,-58.10613250732422,1
Kirsten is discovering this long play.,Kirsten is discovering these long play.,morphology,determiner_noun_agreement,determiner_noun_agreement_with_adj_2,True,False,True,True,728,-52.30645751953125,-54.7896728515625,1
Stacy has criticized those dirty cafes.,Stacy has criticized that dirty cafes.,morphology,determiner_noun_agreement,determiner_noun_agreement_with_adj_2,True,False,True,True,729,-50.71088409423828,-53.02255630493164,1
Kimberley breaks this blue cup.,Kimberley breaks these blue cup.,morphology,determiner_noun_agreement,determiner_noun_agreement_with_adj_2,True,False,True,True,730,-48.5712776184082,-51.444618225097656,1
Those waitresses hadn't visited these delighted dancers.,Those waitresses hadn't visited this delighted dancers.,morphology,determiner_noun_agreement,determiner_noun_agreement_with_adj_2,True,False,True,True,731,-68.64276885986328,-69.1676025390625,1
This cashier reveals this small restaurant.,This cashier reveals these small restaurant.,morphology,determiner_noun_agreement,determiner_noun_agreement_with_adj_2,True,False,True,True,732,-48.57576370239258,-54.04850769042969,1
The women attack these uncertain boys.,The women attack this uncertain boys.,morphology,determiner_noun_agreement,determiner_noun_agreement_with_adj_2,True,False,True,True,733,-49.4638671875,-49.143760681152344,0
Doctors flee from those exposed banks.,Doctors flee from that exposed banks.,morphology,determiner_noun_agreement,determiner_noun_agreement_with_adj_2,True,False,True,True,734,-41.934261322021484,-43.63059616088867,1
The glacier confuses these popular legislatures.,The glacier confuses this popular legislatures.,morphology,determiner_noun_agreement,determiner_noun_agreement_with_adj_2,True,False,True,True,735,-59.68225860595703,-59.406097412109375,0
Carrie saw that cheap shawl.,Carrie saw those cheap shawl.,morphology,determiner_noun_agreement,determiner_noun_agreement_with_adj_2,True,False,True,True,736,-54.1536750793457,-56.35316848754883,1
Maria hasn't loved those excited boys.,Maria hasn't loved that excited boys.,morphology,determiner_noun_agreement,determiner_noun_agreement_with_adj_2,True,False,True,True,737,-46.327659606933594,-46.804908752441406,1
Some women weren't talking to that unconvinced dancer.,Some women weren't talking to those unconvinced dancer.,morphology,determiner_noun_agreement,determiner_noun_agreement_with_adj_2,True,False,True,True,738,-68.43289184570312,-67.646240234375,0
Janet isn't arriving at this purple restaurant.,Janet isn't arriving at these purple restaurant.,morphology,determiner_noun_agreement,determiner_noun_agreement_with_adj_2,True,False,True,True,739,-58.411781311035156,-62.46432113647461,1
Bruce had fired this troubled adult.,Bruce had fired these troubled adult.,morphology,determiner_noun_agreement,determiner_noun_agreement_with_adj_2,True,False,True,True,740,-44.877811431884766,-48.54648208618164,1
Rose hadn't scared this important government.,Rose hadn't scared these important government.,morphology,determiner_noun_agreement,determiner_noun_agreement_with_adj_2,True,False,True,True,741,-49.59672546386719,-51.0234260559082,1
Every association was insulting those out in the open brochures.,Every association was insulting that out in the open brochures.,morphology,determiner_noun_agreement,determiner_noun_agreement_with_adj_2,True,False,True,True,742,-67.82820129394531,-65.92311096191406,0
Jill doesn't drive to those orange movie theaters.,Jill doesn't drive to that orange movie theaters.,morphology,determiner_noun_agreement,determiner_noun_agreement_with_adj_2,True,False,True,True,743,-60.77973175048828,-61.517784118652344,1
Cucumbers hurt this exposed lady.,Cucumbers hurt these exposed lady.,morphology,determiner_noun_agreement,determiner_noun_agreement_with_adj_2,True,False,True,True,744,-58.39080810546875,-61.624629974365234,1
Stephen had messed up this bad glass.,Stephen had messed up these bad glass.,morphology,determiner_noun_agreement,determiner_noun_agreement_with_adj_2,True,False,True,True,745,-43.3048095703125,-46.37260437011719,1
Dawn was boring those young teachers.,Dawn was boring that young teachers.,morphology,determiner_noun_agreement,determiner_noun_agreement_with_adj_2,True,False,True,True,746,-51.516868591308594,-49.68031311035156,0
Sonia should tour these cheap restaurants.,Sonia should tour this cheap restaurants.,morphology,determiner_noun_agreement,determiner_noun_agreement_with_adj_2,True,False,True,True,747,-52.67158889770508,-53.52315902709961,1
Gina talks about those long plays.,Gina talks about that long plays.,morphology,determiner_noun_agreement,determiner_noun_agreement_with_adj_2,True,False,True,True,748,-41.12998580932617,-42.45878601074219,1
Adam researched this popular government.,Adam researched these popular government.,morphology,determiner_noun_agreement,determiner_noun_agreement_with_adj_2,True,False,True,True,749,-37.64410400390625,-41.585296630859375,1
Tina insults that smart senator.,Tina insults those smart senator.,morphology,determiner_noun_agreement,determiner_noun_agreement_with_adj_2,True,False,True,True,750,-58.07868194580078,-61.46039581298828,1
Steve didn't boast about those old teachers.,Steve didn't boast about that old teachers.,morphology,determiner_noun_agreement,determiner_noun_agreement_with_adj_2,True,False,True,True,751,-45.6876220703125,-46.548397064208984,1
Patrick was concealing this brown fork.,Patrick was concealing these brown fork.,morphology,determiner_noun_agreement,determiner_noun_agreement_with_adj_2,True,False,True,True,752,-48.10442352294922,-49.4033317565918,1
Marie couldn't clean this old jacket.,Marie couldn't clean these old jacket.,morphology,determiner_noun_agreement,determiner_noun_agreement_with_adj_2,True,False,True,True,753,-38.14725112915039,-41.6035270690918,1
Jesus had this gray bank.,Jesus had these gray bank.,morphology,determiner_noun_agreement,determiner_noun_agreement_with_adj_2,True,False,True,True,754,-36.399925231933594,-39.988189697265625,1
Daniel examines this good essay.,Daniel examines these good essay.,morphology,determiner_noun_agreement,determiner_noun_agreement_with_adj_2,True,False,True,True,755,-34.99296569824219,-36.915550231933594,1
Paula does break this yellow cup.,Paula does break these yellow cup.,morphology,determiner_noun_agreement,determiner_noun_agreement_with_adj_2,True,False,True,True,756,-49.68313980102539,-51.66596221923828,1
Homer boycotted that good university.,Homer boycotted those good university.,morphology,determiner_noun_agreement,determiner_noun_agreement_with_adj_2,True,False,True,True,757,-67.86888122558594,-69.93247985839844,1
Dana escaped from those hopeful waitresses.,Dana escaped from that hopeful waitresses.,morphology,determiner_noun_agreement,determiner_noun_agreement_with_adj_2,True,False,True,True,758,-58.75801086425781,-60.400230407714844,1
The children have complained about that long essay.,The children have complained about those long essay.,morphology,determiner_noun_agreement,determiner_noun_agreement_with_adj_2,True,False,True,True,759,-50.0390739440918,-51.08850860595703,1
Beverly can't help that lost waitress.,Beverly can't help those lost waitress.,morphology,determiner_noun_agreement,determiner_noun_agreement_with_adj_2,True,False,True,True,760,-59.868614196777344,-59.12359619140625,0
Elizabeth loves those important drivers.,Elizabeth loves that important drivers.,morphology,determiner_noun_agreement,determiner_noun_agreement_with_adj_2,True,False,True,True,761,-33.370750427246094,-32.74873352050781,0
Susan hadn't passed those out in the open libraries.,Susan hadn't passed that out in the open libraries.,morphology,determiner_noun_agreement,determiner_noun_agreement_with_adj_2,True,False,True,True,762,-59.33033752441406,-56.19422912597656,0
Patricia is breaking this gray chair.,Patricia is breaking these gray chair.,morphology,determiner_noun_agreement,determiner_noun_agreement_with_adj_2,True,False,True,True,763,-47.55199432373047,-50.98627853393555,1
Some men admire these concealed pamphlets.,Some men admire this concealed pamphlets.,morphology,determiner_noun_agreement,determiner_noun_agreement_with_adj_2,True,False,True,True,764,-51.81914520263672,-54.259300231933594,1
Tanya isn't wearing that popular hat.,Tanya isn't wearing those popular hat.,morphology,determiner_noun_agreement,determiner_noun_agreement_with_adj_2,True,False,True,True,765,-52.08201599121094,-53.968475341796875,1
Melanie cared for this smart waitress.,Melanie cared for these smart waitress.,morphology,determiner_noun_agreement,determiner_noun_agreement_with_adj_2,True,False,True,True,766,-48.11043167114258,-53.81947708129883,1
Many dancers hire that lucky adult.,Many dancers hire those lucky adult.,morphology,determiner_noun_agreement,determiner_noun_agreement_with_adj_2,True,False,True,True,767,-50.57801055908203,-48.42262649536133,0
Keith didn't disgust those bad universities.,Keith didn't disgust that bad universities.,morphology,determiner_noun_agreement,determiner_noun_agreement_with_adj_2,True,False,True,True,768,-52.774444580078125,-53.93178176879883,1
Angela cared for this determined student.,Angela cared for these determined student.,morphology,determiner_noun_agreement,determiner_noun_agreement_with_adj_2,True,False,True,True,769,-46.93196487426758,-52.37439727783203,1
Most waitresses aren't wearing that good sock.,Most waitresses aren't wearing those good sock.,morphology,determiner_noun_agreement,determiner_noun_agreement_with_adj_2,True,False,True,True,770,-57.23576354980469,-59.036293029785156,1
Those students bike to that out in the open movie theater.,Those students bike to those out in the open movie theater.,morphology,determiner_noun_agreement,determiner_noun_agreement_with_adj_2,True,False,True,True,771,-67.36447143554688,-65.21514129638672,0
Those women reveal that old student.,Those women reveal those old student.,morphology,determiner_noun_agreement,determiner_noun_agreement_with_adj_2,True,False,True,True,772,-41.30596160888672,-44.2554931640625,1
Some senator hadn't passed these white malls.,Some senator hadn't passed this white malls.,morphology,determiner_noun_agreement,determiner_noun_agreement_with_adj_2,True,False,True,True,773,-61.127445220947266,-62.51776885986328,1
Florence does skate around this red public park.,Florence does skate around these red public park.,morphology,determiner_noun_agreement,determiner_noun_agreement_with_adj_2,True,False,True,True,774,-68.65406799316406,-71.83363342285156,1
Steven hasn't loved these old drivers.,Steven hasn't loved this old drivers.,morphology,determiner_noun_agreement,determiner_noun_agreement_with_adj_2,True,False,True,True,775,-41.396087646484375,-43.87948989868164,1
All adults break this lost plate.,All adults break these lost plate.,morphology,determiner_noun_agreement,determiner_noun_agreement_with_adj_2,True,False,True,True,776,-48.154518127441406,-50.53057098388672,1
Carrie wasn't insulting these content senators.,Carrie wasn't insulting this content senators.,morphology,determiner_noun_agreement,determiner_noun_agreement_with_adj_2,True,False,True,True,777,-66.20585632324219,-66.68577575683594,1
Sheila sees that brown photograph.,Sheila sees those brown photograph.,morphology,determiner_noun_agreement,determiner_noun_agreement_with_adj_2,True,False,True,True,778,-48.518775939941406,-50.65200424194336,1
Every person wasn't researching these red books.,Every person wasn't researching this red books.,morphology,determiner_noun_agreement,determiner_noun_agreement_with_adj_2,True,False,True,True,779,-49.92340087890625,-51.38376998901367,1
Lissa cured those uncertain adults.,Lissa cured that uncertain adults.,morphology,determiner_noun_agreement,determiner_noun_agreement_with_adj_2,True,False,True,True,780,-53.78279113769531,-57.27417755126953,1
Sheila can examine those concealed newspaper articles.,Sheila can examine that concealed newspaper articles.,morphology,determiner_noun_agreement,determiner_noun_agreement_with_adj_2,True,False,True,True,781,-58.05732727050781,-60.38911437988281,1
Gerald was visiting these fast waitresses.,Gerald was visiting this fast waitresses.,morphology,determiner_noun_agreement,determiner_noun_agreement_with_adj_2,True,False,True,True,782,-57.36519241333008,-57.18251037597656,0
Ruth has fled from these dirty restaurants.,Ruth has fled from this dirty restaurants.,morphology,determiner_noun_agreement,determiner_noun_agreement_with_adj_2,True,False,True,True,783,-51.88137435913086,-53.82079315185547,1
Many companies haven't concealed this brown brochure.,Many companies haven't concealed these brown brochure.,morphology,determiner_noun_agreement,determiner_noun_agreement_with_adj_2,True,False,True,True,784,-58.201416015625,-59.258697509765625,1
A sketch couldn't look like this unsure dancer.,A sketch couldn't look like these unsure dancer.,morphology,determiner_noun_agreement,determiner_noun_agreement_with_adj_2,True,False,True,True,785,-60.723880767822266,-62.53997039794922,1
Larry didn't bike to these cheap banks.,Larry didn't bike to this cheap banks.,morphology,determiner_noun_agreement,determiner_noun_agreement_with_adj_2,True,False,True,True,786,-52.17827224731445,-54.000640869140625,1
Most organizations dislike those delighted girls.,Most organizations dislike that delighted girls.,morphology,determiner_noun_agreement,determiner_noun_agreement_with_adj_2,True,False,True,True,787,-50.639404296875,-50.05574035644531,0
Sheila had noticed this bad legislature.,Sheila had noticed these bad legislature.,morphology,determiner_noun_agreement,determiner_noun_agreement_with_adj_2,True,False,True,True,788,-50.432289123535156,-54.144386291503906,1
Carmen isn't concealing this good turtle.,Carmen isn't concealing these good turtle.,morphology,determiner_noun_agreement,determiner_noun_agreement_with_adj_2,True,False,True,True,789,-67.38887023925781,-69.22840881347656,1
Bradley has walked through those rough libraries.,Bradley has walked through that rough libraries.,morphology,determiner_noun_agreement,determiner_noun_agreement_with_adj_2,True,False,True,True,790,-51.86561965942383,-53.746952056884766,1
Many doctors pass those hard college campuses.,Many doctors pass that hard college campuses.,morphology,determiner_noun_agreement,determiner_noun_agreement_with_adj_2,True,False,True,True,791,-49.9755859375,-48.565513610839844,0
Frank isn't listening to these scared adults.,Frank isn't listening to this scared adults.,morphology,determiner_noun_agreement,determiner_noun_agreement_with_adj_2,True,False,True,True,792,-45.3427734375,-46.71685791015625,1
Leslie doesn't talk about this out in the open book.,Leslie doesn't talk about these out in the open book.,morphology,determiner_noun_agreement,determiner_noun_agreement_with_adj_2,True,False,True,True,793,-57.50214385986328,-58.555419921875,1
An essay was disagreeing with this sick guest.,An essay was disagreeing with these sick guest.,morphology,determiner_noun_agreement,determiner_noun_agreement_with_adj_2,True,False,True,True,794,-56.4233512878418,-61.17985153198242,1
The governments remember these popular museums.,The governments remember this popular museums.,morphology,determiner_noun_agreement,determiner_noun_agreement_with_adj_2,True,False,True,True,795,-45.94639587402344,-47.09428787231445,1
Many libraries work with that clever actor.,Many libraries work with those clever actor.,morphology,determiner_noun_agreement,determiner_noun_agreement_with_adj_2,True,False,True,True,796,-52.23488235473633,-50.56175231933594,0
Companies disgust this lucky lady.,Companies disgust these lucky lady.,morphology,determiner_noun_agreement,determiner_noun_agreement_with_adj_2,True,False,True,True,797,-38.45599365234375,-40.84874725341797,1
Cynthia wouldn't drop by those yellow banks.,Cynthia wouldn't drop by that yellow banks.,morphology,determiner_noun_agreement,determiner_noun_agreement_with_adj_2,True,False,True,True,798,-66.736083984375,-68.26904296875,1
William had cured this displeased patient.,William had cured these displeased patient.,morphology,determiner_noun_agreement,determiner_noun_agreement_with_adj_2,True,False,True,True,799,-47.934043884277344,-52.54168701171875,1
Sherry had insulted that gray mall.,Sherry had insulted those gray mall.,morphology,determiner_noun_agreement,determiner_noun_agreement_with_adj_2,True,False,True,True,800,-59.80314636230469,-62.02491760253906,1
Boys are driving to that clean art gallery.,Boys are driving to those clean art gallery.,morphology,determiner_noun_agreement,determiner_noun_agreement_with_adj_2,True,False,True,True,801,-63.21455001831055,-62.42707443237305,0
Patricia boasted about that determined adult.,Patricia boasted about those determined adult.,morphology,determiner_noun_agreement,determiner_noun_agreement_with_adj_2,True,False,True,True,802,-57.17676544189453,-57.08458709716797,0
Every teenager approached that concealed dancer.,Every teenager approached those concealed dancer.,morphology,determiner_noun_agreement,determiner_noun_agreement_with_adj_2,True,False,True,True,803,-52.531578063964844,-54.45192337036133,1
Christopher was healing that important lady.,Christopher was healing those important lady.,morphology,determiner_noun_agreement,determiner_noun_agreement_with_adj_2,True,False,True,True,804,-42.273780822753906,-47.57633972167969,1
Sandra scanned that important essay.,Sandra scanned those important essay.,morphology,determiner_noun_agreement,determiner_noun_agreement_with_adj_2,True,False,True,True,805,-52.2937126159668,-54.29143524169922,1
Most reports haven't sounded like those lucky waiters.,Most reports haven't sounded like that lucky waiters.,morphology,determiner_noun_agreement,determiner_noun_agreement_with_adj_2,True,False,True,True,806,-67.18487548828125,-69.96155548095703,1
Edward lifts these broken plates.,Edward lifts this broken plates.,morphology,determiner_noun_agreement,determiner_noun_agreement_with_adj_2,True,False,True,True,807,-38.49577331542969,-39.87815475463867,1
The Clintons distract that red hospital.,The Clintons distract those red hospital.,morphology,determiner_noun_agreement,determiner_noun_agreement_with_adj_2,True,False,True,True,808,-56.3796501159668,-56.263404846191406,0
Some tomato worries those small teachers.,Some tomato worries that small teachers.,morphology,determiner_noun_agreement,determiner_noun_agreement_with_adj_2,True,False,True,True,809,-51.85440444946289,-49.18836212158203,0
Sara noticed these white hospitals.,Sara noticed this white hospitals.,morphology,determiner_noun_agreement,determiner_noun_agreement_with_adj_2,True,False,True,True,810,-47.67966842651367,-48.52846908569336,1
Melanie was looking like this green print.,Melanie was looking like these green print.,morphology,determiner_noun_agreement,determiner_noun_agreement_with_adj_2,True,False,True,True,811,-48.048336029052734,-51.15711212158203,1
Some student is praising these popular movies.,Some student is praising this popular movies.,morphology,determiner_noun_agreement,determiner_noun_agreement_with_adj_2,True,False,True,True,812,-45.31222915649414,-46.56895446777344,1
Judy would scare that standing pedestrian.,Judy would scare those standing pedestrian.,morphology,determiner_noun_agreement,determiner_noun_agreement_with_adj_2,True,False,True,True,813,-52.786643981933594,-53.51556396484375,1
Customers leave those hidden waitresses.,Customers leave that hidden waitresses.,morphology,determiner_noun_agreement,determiner_noun_agreement_with_adj_2,True,False,True,True,814,-47.50792694091797,-48.06122589111328,1
Elizabeth dropped by this concealed bank.,Elizabeth dropped by these concealed bank.,morphology,determiner_noun_agreement,determiner_noun_agreement_with_adj_2,True,False,True,True,815,-42.98438262939453,-46.09986114501953,1
Sheila couldn't love this fast driver.,Sheila couldn't love these fast driver.,morphology,determiner_noun_agreement,determiner_noun_agreement_with_adj_2,True,False,True,True,816,-48.11041259765625,-51.45951843261719,1
Irene had those bad turtles.,Irene had that bad turtles.,morphology,determiner_noun_agreement,determiner_noun_agreement_with_adj_2,True,False,True,True,817,-48.2451057434082,-49.04969787597656,1
Timothy hadn't described this popular restaurant.,Timothy hadn't described these popular restaurant.,morphology,determiner_noun_agreement,determiner_noun_agreement_with_adj_2,True,False,True,True,818,-52.668121337890625,-57.005287170410156,1
Omar questioned those fast teachers.,Omar questioned that fast teachers.,morphology,determiner_noun_agreement,determiner_noun_agreement_with_adj_2,True,False,True,True,819,-51.78618621826172,-50.1173095703125,0
A dog scared those old girls.,A dog scared that old girls.,morphology,determiner_noun_agreement,determiner_noun_agreement_with_adj_2,True,False,True,True,820,-39.3668212890625,-39.40594482421875,1
Many senators scan these black newspaper articles.,Many senators scan this black newspaper articles.,morphology,determiner_noun_agreement,determiner_noun_agreement_with_adj_2,True,False,True,True,821,-53.57561111450195,-54.7503776550293,1
Ellen has hired that small teenager.,Ellen has hired those small teenager.,morphology,determiner_noun_agreement,determiner_noun_agreement_with_adj_2,True,False,True,True,822,-48.3541259765625,-47.62539291381836,0
Cheryl reveals these orange brochures.,Cheryl reveals this orange brochures.,morphology,determiner_noun_agreement,determiner_noun_agreement_with_adj_2,True,False,True,True,823,-62.388710021972656,-61.44330596923828,0
Katherine might attack these unemployed waitresses.,Katherine might attack this unemployed waitresses.,morphology,determiner_noun_agreement,determiner_noun_agreement_with_adj_2,True,False,True,True,824,-71.10144805908203,-72.16222381591797,1
Every icicle could embarrass these good universities.,Every icicle could embarrass this good universities.,morphology,determiner_noun_agreement,determiner_noun_agreement_with_adj_2,True,False,True,True,825,-64.82429504394531,-66.224609375,1
This girl cures that content actor.,This girl cures those content actor.,morphology,determiner_noun_agreement,determiner_noun_agreement_with_adj_2,True,False,True,True,826,-51.83443832397461,-54.99738311767578,1
Grace hasn't noticed those purple snakes.,Grace hasn't noticed that purple snakes.,morphology,determiner_noun_agreement,determiner_noun_agreement_with_adj_2,True,False,True,True,827,-51.09808349609375,-50.20961380004883,0
Janice is listening to this confident student.,Janice is listening to these confident student.,morphology,determiner_noun_agreement,determiner_noun_agreement_with_adj_2,True,False,True,True,828,-45.44670104980469,-49.39930725097656,1
Mary lifts these popular scarves.,Mary lifts this popular scarves.,morphology,determiner_noun_agreement,determiner_noun_agreement_with_adj_2,True,False,True,True,829,-40.94357681274414,-39.539161682128906,0
These people might talk about those serious waitresses.,These people might talk about that serious waitresses.,morphology,determiner_noun_agreement,determiner_noun_agreement_with_adj_2,True,False,True,True,830,-53.55961608886719,-54.9228515625,1
Dennis is hiding those hopeful guys.,Dennis is hiding that hopeful guys.,morphology,determiner_noun_agreement,determiner_noun_agreement_with_adj_2,True,False,True,True,831,-51.313209533691406,-54.61493682861328,1
The ice cream resembles that important print.,The ice cream resembles those important print.,morphology,determiner_noun_agreement,determiner_noun_agreement_with_adj_2,True,False,True,True,832,-49.90925598144531,-52.035255432128906,1
Rachelle doesn't break that hard chair.,Rachelle doesn't break those hard chair.,morphology,determiner_noun_agreement,determiner_noun_agreement_with_adj_2,True,False,True,True,833,-44.15465545654297,-46.664268493652344,1
Amy did dislike that cheap mall.,Amy did dislike those cheap mall.,morphology,determiner_noun_agreement,determiner_noun_agreement_with_adj_2,True,False,True,True,834,-46.830711364746094,-51.1260871887207,1
Many rabbits have embarrassed these uncertain senators.,Many rabbits have embarrassed this uncertain senators.,morphology,determiner_noun_agreement,determiner_noun_agreement_with_adj_2,True,False,True,True,835,-61.394222259521484,-60.94503402709961,0
Most ladies appreciate that popular story.,Most ladies appreciate those popular story.,morphology,determiner_noun_agreement,determiner_noun_agreement_with_adj_2,True,False,True,True,836,-44.89703369140625,-48.12450408935547,1
Melinda can appreciate that unsure guy.,Melinda can appreciate those unsure guy.,morphology,determiner_noun_agreement,determiner_noun_agreement_with_adj_2,True,False,True,True,837,-52.18946838378906,-53.98445129394531,1
David had cleaned those rough hamsters.,David had cleaned that rough hamsters.,morphology,determiner_noun_agreement,determiner_noun_agreement_with_adj_2,True,False,True,True,838,-52.61720275878906,-54.80939865112305,1
Melissa would know those unsure children.,Melissa would know that unsure children.,morphology,determiner_noun_agreement,determiner_noun_agreement_with_adj_2,True,False,True,True,839,-51.81937789916992,-48.403743743896484,0
These ladies hire this serious boy.,These ladies hire these serious boy.,morphology,determiner_noun_agreement,determiner_noun_agreement_with_adj_2,True,False,True,True,840,-46.03600311279297,-49.472991943359375,1
This bread astounded these concealed customers.,This bread astounded this concealed customers.,morphology,determiner_noun_agreement,determiner_noun_agreement_with_adj_2,True,False,True,True,841,-66.03480529785156,-67.20646667480469,1
The man should insult these sick students.,The man should insult this sick students.,morphology,determiner_noun_agreement,determiner_noun_agreement_with_adj_2,True,False,True,True,842,-49.68489074707031,-51.432403564453125,1
This actor might examine this important documentary.,This actor might examine these important documentary.,morphology,determiner_noun_agreement,determiner_noun_agreement_with_adj_2,True,False,True,True,843,-46.589195251464844,-51.853458404541016,1
Katherine had explored these green restaurants.,Katherine had explored this green restaurants.,morphology,determiner_noun_agreement,determiner_noun_agreement_with_adj_2,True,False,True,True,844,-53.246543884277344,-54.608219146728516,1
These women leave these smooth public parks.,These women leave this smooth public parks.,morphology,determiner_noun_agreement,determiner_noun_agreement_with_adj_2,True,False,True,True,845,-54.14305114746094,-53.163578033447266,0
Margaret didn't find these purple plates.,Margaret didn't find this purple plates.,morphology,determiner_noun_agreement,determiner_noun_agreement_with_adj_2,True,False,True,True,846,-50.5589599609375,-52.849666595458984,1
That nose aggravates these exposed teachers.,That nose aggravates this exposed teachers.,morphology,determiner_noun_agreement,determiner_noun_agreement_with_adj_2,True,False,True,True,847,-55.749900817871094,-58.11252212524414,1
Gregory talked to that popular senator.,Gregory talked to those popular senator.,morphology,determiner_noun_agreement,determiner_noun_agreement_with_adj_2,True,False,True,True,848,-50.728511810302734,-51.6485710144043,1
Melissa attacks these delighted adults.,Melissa attacks this delighted adults.,morphology,determiner_noun_agreement,determiner_noun_agreement_with_adj_2,True,False,True,True,849,-51.06306076049805,-50.72332000732422,0
Some muffin aggravates that good government.,Some muffin aggravates those good government.,morphology,determiner_noun_agreement,determiner_noun_agreement_with_adj_2,True,False,True,True,850,-53.50103759765625,-55.734458923339844,1
That spotlight distracts those good universities.,That spotlight distracts that good universities.,morphology,determiner_noun_agreement,determiner_noun_agreement_with_adj_2,True,False,True,True,851,-51.97829055786133,-52.58210754394531,1
The Borgias conceal those hidden dishes.,The Borgias conceal that hidden dishes.,morphology,determiner_noun_agreement,determiner_noun_agreement_with_adj_2,True,False,True,True,852,-62.02045440673828,-64.58732604980469,1
Some drawings look like this out in the open rug.,Some drawings look like these out in the open rug.,morphology,determiner_noun_agreement,determiner_noun_agreement_with_adj_2,True,False,True,True,853,-54.51185607910156,-56.14332580566406,1
This museum bothers this fast senator.,This museum bothers these fast senator.,morphology,determiner_noun_agreement,determiner_noun_agreement_with_adj_2,True,False,True,True,854,-53.61092758178711,-59.11394500732422,1
All girls wouldn't like these red books.,All girls wouldn't like this red books.,morphology,determiner_noun_agreement,determiner_noun_agreement_with_adj_2,True,False,True,True,855,-45.703025817871094,-46.567832946777344,1
Elizabeth attacked these popular guests.,Elizabeth attacked this popular guests.,morphology,determiner_noun_agreement,determiner_noun_agreement_with_adj_2,True,False,True,True,856,-38.207420349121094,-38.72292709350586,1
Galileo hasn't fixed those hard forks.,Galileo hasn't fixed that hard forks.,morphology,determiner_noun_agreement,determiner_noun_agreement_with_adj_2,True,False,True,True,857,-58.99369812011719,-57.61603546142578,0
Julie leaves that smooth grocery store.,Julie leaves those smooth grocery store.,morphology,determiner_noun_agreement,determiner_noun_agreement_with_adj_2,True,False,True,True,858,-46.59995651245117,-48.45427703857422,1
A lady has helped these nice girls.,A lady has helped this nice girls.,morphology,determiner_noun_agreement,determiner_noun_agreement_with_adj_2,True,False,True,True,859,-45.078636169433594,-44.27280044555664,0
The customers walk through these important museums.,The customers walk through this important museums.,morphology,determiner_noun_agreement,determiner_noun_agreement_with_adj_2,True,False,True,True,860,-45.21305847167969,-45.46128463745117,1
These waitresses forget this clever teacher.,These waitresses forget these clever teacher.,morphology,determiner_noun_agreement,determiner_noun_agreement_with_adj_2,True,False,True,True,861,-55.79901885986328,-57.18239974975586,1
A horse would irritate these hopeful actresses.,A horse would irritate this hopeful actresses.,morphology,determiner_noun_agreement,determiner_noun_agreement_with_adj_2,True,False,True,True,862,-57.5740966796875,-60.15095901489258,1
Alan bikes to those messy high schools.,Alan bikes to that messy high schools.,morphology,determiner_noun_agreement,determiner_noun_agreement_with_adj_2,True,False,True,True,863,-48.00522994995117,-51.62200927734375,1
Most doctors escape from those important malls.,Most doctors escape from that important malls.,morphology,determiner_noun_agreement,determiner_noun_agreement_with_adj_2,True,False,True,True,864,-50.712738037109375,-53.19277572631836,1
Christina was scanning this lost report.,Christina was scanning these lost report.,morphology,determiner_noun_agreement,determiner_noun_agreement_with_adj_2,True,False,True,True,865,-51.84849548339844,-55.09562683105469,1
Bill didn't look like those yellow paintings.,Bill didn't look like that yellow paintings.,morphology,determiner_noun_agreement,determiner_noun_agreement_with_adj_2,True,False,True,True,866,-43.68648147583008,-44.860755920410156,1
Ella lifts these gray birds.,Ella lifts this gray birds.,morphology,determiner_noun_agreement,determiner_noun_agreement_with_adj_2,True,False,True,True,867,-50.054710388183594,-53.04261016845703,1
Those actors boycott those new libraries.,Those actors boycott that new libraries.,morphology,determiner_noun_agreement,determiner_noun_agreement_with_adj_2,True,False,True,True,868,-47.429100036621094,-50.81252670288086,1
These guys hadn't passed those popular schools.,These guys hadn't passed that popular schools.,morphology,determiner_noun_agreement,determiner_noun_agreement_with_adj_2,True,False,True,True,869,-55.50807189941406,-55.140403747558594,0
Wendy does know these good customers.,Wendy does know this good customers.,morphology,determiner_noun_agreement,determiner_noun_agreement_with_adj_2,True,False,True,True,870,-50.712005615234375,-51.59527587890625,1
Some icicle astounds that bad university.,Some icicle astounds those bad university.,morphology,determiner_noun_agreement,determiner_noun_agreement_with_adj_2,True,False,True,True,871,-68.70069885253906,-70.36199951171875,1
The lady had concealed this exposed mall.,The lady had concealed these exposed mall.,morphology,determiner_noun_agreement,determiner_noun_agreement_with_adj_2,True,False,True,True,872,-57.957515716552734,-63.00868606567383,1
Jerry leaves these determined waiters.,Jerry leaves this determined waiters.,morphology,determiner_noun_agreement,determiner_noun_agreement_with_adj_2,True,False,True,True,873,-45.29682922363281,-46.941097259521484,1
Many teachers buy these rough hats.,Many teachers buy this rough hats.,morphology,determiner_noun_agreement,determiner_noun_agreement_with_adj_2,True,False,True,True,874,-42.028541564941406,-46.69748306274414,1
Alexander messes up this gray movie theater.,Alexander messes up these gray movie theater.,morphology,determiner_noun_agreement,determiner_noun_agreement_with_adj_2,True,False,True,True,875,-55.04150390625,-58.277259826660156,1
The Borgias bike to these concealed cafes.,The Borgias bike to this concealed cafes.,morphology,determiner_noun_agreement,determiner_noun_agreement_with_adj_2,True,False,True,True,876,-69.75283813476562,-71.09300231933594,1
This organization had hated those scared customers.,This organization had hated that scared customers.,morphology,determiner_noun_agreement,determiner_noun_agreement_with_adj_2,True,False,True,True,877,-55.88519287109375,-53.519134521484375,0
Some companies insult these concealed books.,Some companies insult this concealed books.,morphology,determiner_noun_agreement,determiner_noun_agreement_with_adj_2,True,False,True,True,878,-51.5788459777832,-52.04512023925781,1
Margaret hasn't irritated those important legislatures.,Margaret hasn't irritated that important legislatures.,morphology,determiner_noun_agreement,determiner_noun_agreement_with_adj_2,True,False,True,True,879,-64.2569808959961,-63.54695129394531,0
Every library dislikes that happy actor.,Every library dislikes those happy actor.,morphology,determiner_noun_agreement,determiner_noun_agreement_with_adj_2,True,False,True,True,880,-53.48897171020508,-56.29936218261719,1
Suzanne had scanned these white brochures.,Suzanne had scanned this white brochures.,morphology,determiner_noun_agreement,determiner_noun_agreement_with_adj_2,True,False,True,True,881,-54.879581451416016,-55.979835510253906,1
Peter hadn't forgotten those troubled teenagers.,Peter hadn't forgotten that troubled teenagers.,morphology,determiner_noun_agreement,determiner_noun_agreement_with_adj_2,True,False,True,True,882,-46.16409683227539,-43.67338562011719,0
Anne won't drive to this small museum.,Anne won't drive to these small museum.,morphology,determiner_noun_agreement,determiner_noun_agreement_with_adj_2,True,False,True,True,883,-40.28107452392578,-46.249610900878906,1
Sweaters bore those upset waiters.,Sweaters bore that upset waiters.,morphology,determiner_noun_agreement,determiner_noun_agreement_with_adj_2,True,False,True,True,884,-55.08404541015625,-54.63544464111328,0
Larry shouldn't confuse that important company.,Larry shouldn't confuse those important company.,morphology,determiner_noun_agreement,determiner_noun_agreement_with_adj_2,True,False,True,True,885,-41.370216369628906,-43.36678695678711,1
Cashiers will disturb this delighted boy.,Cashiers will disturb these delighted boy.,morphology,determiner_noun_agreement,determiner_noun_agreement_with_adj_2,True,False,True,True,886,-56.182952880859375,-58.232421875,1
Samuel hadn't biked to those cheap art galleries.,Samuel hadn't biked to that cheap art galleries.,morphology,determiner_noun_agreement,determiner_noun_agreement_with_adj_2,True,False,True,True,887,-70.9599609375,-71.61660766601562,1
Those dancers admire those concealed photographs.,Those dancers admire that concealed photographs.,morphology,determiner_noun_agreement,determiner_noun_agreement_with_adj_2,True,False,True,True,888,-53.63999938964844,-52.696189880371094,0
Some adults run around that black high school.,Some adults run around those black high school.,morphology,determiner_noun_agreement,determiner_noun_agreement_with_adj_2,True,False,True,True,889,-50.641845703125,-50.03508758544922,0
Mark cared for those clever ladies.,Mark cared for that clever ladies.,morphology,determiner_noun_agreement,determiner_noun_agreement_with_adj_2,True,False,True,True,890,-37.372283935546875,-39.183258056640625,1
Jill discovered this concealed hat.,Jill discovered these concealed hat.,morphology,determiner_noun_agreement,determiner_noun_agreement_with_adj_2,True,False,True,True,891,-48.823387145996094,-51.895164489746094,1
A blouse irritates those out in the open pedestrians.,A blouse irritates that out in the open pedestrians.,morphology,determiner_noun_agreement,determiner_noun_agreement_with_adj_2,True,False,True,True,892,-67.84968566894531,-68.69686889648438,1
Those waitresses discuss these good public parks.,Those waitresses discuss this good public parks.,morphology,determiner_noun_agreement,determiner_noun_agreement_with_adj_2,True,False,True,True,893,-56.323394775390625,-58.515037536621094,1
Stephen skated around these hidden high schools.,Stephen skated around this hidden high schools.,morphology,determiner_noun_agreement,determiner_noun_agreement_with_adj_2,True,False,True,True,894,-55.090335845947266,-55.325069427490234,1
Deborah wasn't discovering this employed dancer.,Deborah wasn't discovering these employed dancer.,morphology,determiner_noun_agreement,determiner_noun_agreement_with_adj_2,True,False,True,True,895,-57.83587646484375,-62.62504577636719,1
Emily cleans this small glass.,Emily cleans these small glass.,morphology,determiner_noun_agreement,determiner_noun_agreement_with_adj_2,True,False,True,True,896,-34.51207733154297,-36.36478805541992,1
A screen worries that fast waiter.,A screen worries those fast waiter.,morphology,determiner_noun_agreement,determiner_noun_agreement_with_adj_2,True,False,True,True,897,-53.96179962158203,-59.554534912109375,1
Those cars annoyed these exposed libraries.,Those cars annoyed this exposed libraries.,morphology,determiner_noun_agreement,determiner_noun_agreement_with_adj_2,True,False,True,True,898,-54.915252685546875,-55.33557891845703,1
Teenagers escape from those yellow libraries.,Teenagers escape from that yellow libraries.,morphology,determiner_noun_agreement,determiner_noun_agreement_with_adj_2,True,False,True,True,899,-51.905296325683594,-56.20622253417969,1
Some patient was hiring those hidden senators.,Some patient was hiring that hidden senators.,morphology,determiner_noun_agreement,determiner_noun_agreement_with_adj_2,True,False,True,True,900,-58.09241485595703,-60.560150146484375,1
Kirsten visited these yellow grocery stores.,Kirsten visited this yellow grocery stores.,morphology,determiner_noun_agreement,determiner_noun_agreement_with_adj_2,True,False,True,True,901,-53.38572692871094,-54.27337646484375,1
Michael brought this orange coat.,Michael brought these orange coat.,morphology,determiner_noun_agreement,determiner_noun_agreement_with_adj_2,True,False,True,True,902,-32.42332458496094,-35.09398651123047,1
Most adults hurts that popular teenager.,Most adults hurts those popular teenager.,morphology,determiner_noun_agreement,determiner_noun_agreement_with_adj_2,True,False,True,True,903,-49.61064910888672,-53.588348388671875,1
Steps aggravated those determined adults.,Steps aggravated that determined adults.,morphology,determiner_noun_agreement,determiner_noun_agreement_with_adj_2,True,False,True,True,904,-52.0567512512207,-52.428428649902344,1
The sweater bothered this important association.,The sweater bothered these important association.,morphology,determiner_noun_agreement,determiner_noun_agreement_with_adj_2,True,False,True,True,905,-56.46244430541992,-58.79008865356445,1
A lot of customers embarrasses those unsure senators.,A lot of customers embarrasses that unsure senators.,morphology,determiner_noun_agreement,determiner_noun_agreement_with_adj_2,True,False,True,True,906,-71.74382781982422,-69.04798126220703,0
A closet impresses that delighted waiter.,A closet impresses those delighted waiter.,morphology,determiner_noun_agreement,determiner_noun_agreement_with_adj_2,True,False,True,True,907,-58.191688537597656,-59.708274841308594,1
The Clintons flee from that uncertain student.,The Clintons flee from those uncertain student.,morphology,determiner_noun_agreement,determiner_noun_agreement_with_adj_2,True,False,True,True,908,-58.9507942199707,-60.646583557128906,1
Galileo had described those smooth books.,Galileo had described that smooth books.,morphology,determiner_noun_agreement,determiner_noun_agreement_with_adj_2,True,False,True,True,909,-60.397605895996094,-60.35831832885742,0
The hamsters shock those bad committees.,The hamsters shock that bad committees.,morphology,determiner_noun_agreement,determiner_noun_agreement_with_adj_2,True,False,True,True,910,-58.50212860107422,-60.468223571777344,1
All guys astound that standing girl.,All guys astound those standing girl.,morphology,determiner_noun_agreement,determiner_noun_agreement_with_adj_2,True,False,True,True,911,-57.054508209228516,-57.67884063720703,1
Deanna wasn't worrying this important waiter.,Deanna wasn't worrying these important waiter.,morphology,determiner_noun_agreement,determiner_noun_agreement_with_adj_2,True,False,True,True,912,-57.70042419433594,-60.060855865478516,1
All senators praise that determined dancer.,All senators praise those determined dancer.,morphology,determiner_noun_agreement,determiner_noun_agreement_with_adj_2,True,False,True,True,913,-57.813758850097656,-58.6598014831543,1
Laura is investigating these determined students.,Laura is investigating this determined students.,morphology,determiner_noun_agreement,determiner_noun_agreement_with_adj_2,True,False,True,True,914,-40.145896911621094,-40.73361587524414,1
Students escape from these hidden banks.,Students escape from this hidden banks.,morphology,determiner_noun_agreement,determiner_noun_agreement_with_adj_2,True,False,True,True,915,-38.50836181640625,-40.42646026611328,1
This sketch distracted that good organization.,This sketch distracted those good organization.,morphology,determiner_noun_agreement,determiner_noun_agreement_with_adj_2,True,False,True,True,916,-53.17738342285156,-55.187255859375,1
Kristen disagrees with this good doctor.,Kristen disagrees with these good doctor.,morphology,determiner_noun_agreement,determiner_noun_agreement_with_adj_2,True,False,True,True,917,-41.30707931518555,-45.37828063964844,1
Emily doesn't research this small college campus.,Emily doesn't research these small college campus.,morphology,determiner_noun_agreement,determiner_noun_agreement_with_adj_2,True,False,True,True,918,-48.750633239746094,-51.58189392089844,1
Diane wasn't cleaning that out in the open plate.,Diane wasn't cleaning those out in the open plate.,morphology,determiner_noun_agreement,determiner_noun_agreement_with_adj_2,True,False,True,True,919,-66.43421173095703,-67.0941162109375,1
Danielle boasts about those smart children.,Danielle boasts about that smart children.,morphology,determiner_noun_agreement,determiner_noun_agreement_with_adj_2,True,False,True,True,920,-49.38488006591797,-51.864410400390625,1
That rug isn't worrying these bad organizations.,That rug isn't worrying this bad organizations.,morphology,determiner_noun_agreement,determiner_noun_agreement_with_adj_2,True,False,True,True,921,-57.69593811035156,-60.47943115234375,1
Many senators didn't visit that rough hospital.,Many senators didn't visit those rough hospital.,morphology,determiner_noun_agreement,determiner_noun_agreement_with_adj_2,True,False,True,True,922,-58.11785888671875,-61.89612579345703,1
Donald isn't attacking these excited waitresses.,Donald isn't attacking this excited waitresses.,morphology,determiner_noun_agreement,determiner_noun_agreement_with_adj_2,True,False,True,True,923,-56.82328414916992,-57.93757247924805,1
Many apples will aggravate those big hospitals.,Many apples will aggravate that big hospitals.,morphology,determiner_noun_agreement,determiner_noun_agreement_with_adj_2,True,False,True,True,924,-52.68950271606445,-54.125022888183594,1
Most girls have bothered these ill senators.,Most girls have bothered this ill senators.,morphology,determiner_noun_agreement,determiner_noun_agreement_with_adj_2,True,False,True,True,925,-52.740516662597656,-52.776023864746094,1
Sherry messed up that bad museum.,Sherry messed up those bad museum.,morphology,determiner_noun_agreement,determiner_noun_agreement_with_adj_2,True,False,True,True,926,-55.740318298339844,-58.42334747314453,1
Rhonda criticizes those serious adults.,Rhonda criticizes that serious adults.,morphology,determiner_noun_agreement,determiner_noun_agreement_with_adj_2,True,False,True,True,927,-54.92390441894531,-56.95877456665039,1
Vanessa isn't boasting about those unlucky actresses.,Vanessa isn't boasting about that unlucky actresses.,morphology,determiner_noun_agreement,determiner_noun_agreement_with_adj_2,True,False,True,True,928,-58.91709899902344,-62.718955993652344,1
Rebecca sounds like these uncertain students.,Rebecca sounds like this uncertain students.,morphology,determiner_noun_agreement,determiner_noun_agreement_with_adj_2,True,False,True,True,929,-51.199951171875,-51.196258544921875,0
Samantha is lifting that hard painting.,Samantha is lifting those hard painting.,morphology,determiner_noun_agreement,determiner_noun_agreement_with_adj_2,True,False,True,True,930,-55.6841926574707,-57.28660202026367,1
These guys wore this white glove.,These guys wore these white glove.,morphology,determiner_noun_agreement,determiner_noun_agreement_with_adj_2,True,False,True,True,931,-38.02075958251953,-40.51329040527344,1
Deborah criticizes this bad cafe.,Deborah criticizes these bad cafe.,morphology,determiner_noun_agreement,determiner_noun_agreement_with_adj_2,True,False,True,True,932,-53.310821533203125,-57.732635498046875,1
Jerry noticed these black forks.,Jerry noticed this black forks.,morphology,determiner_noun_agreement,determiner_noun_agreement_with_adj_2,True,False,True,True,933,-37.094093322753906,-38.51490783691406,1
Carolyn has upset this popular waitress.,Carolyn has upset these popular waitress.,morphology,determiner_noun_agreement,determiner_noun_agreement_with_adj_2,True,False,True,True,934,-51.64130783081055,-55.72590637207031,1
Stephanie lifted those black rugs.,Stephanie lifted that black rugs.,morphology,determiner_noun_agreement,determiner_noun_agreement_with_adj_2,True,False,True,True,935,-54.1353874206543,-54.72194290161133,1
Allison had scanned that long documentary.,Allison had scanned those long documentary.,morphology,determiner_noun_agreement,determiner_noun_agreement_with_adj_2,True,False,True,True,936,-53.97052001953125,-57.56500244140625,1
The senator saw this brown turtle.,The senator saw these brown turtle.,morphology,determiner_noun_agreement,determiner_noun_agreement_with_adj_2,True,False,True,True,937,-46.84291458129883,-52.43040466308594,1
Eva finds those broken forks.,Eva finds that broken forks.,morphology,determiner_noun_agreement,determiner_noun_agreement_with_adj_2,True,False,True,True,938,-37.59052276611328,-37.822853088378906,1
Michael can't care for those hidden children.,Michael can't care for that hidden children.,morphology,determiner_noun_agreement,determiner_noun_agreement_with_adj_2,True,False,True,True,939,-38.568031311035156,-39.852535247802734,1
Bruce had passed those green college campuses.,Bruce had passed that green college campuses.,morphology,determiner_noun_agreement,determiner_noun_agreement_with_adj_2,True,False,True,True,940,-49.36412048339844,-48.079132080078125,0
Lawrence hadn't disturbed this old boy.,Lawrence hadn't disturbed these old boy.,morphology,determiner_noun_agreement,determiner_noun_agreement_with_adj_2,True,False,True,True,941,-50.491943359375,-53.538291931152344,1
The apple aggravates this hidden library.,The apple aggravates these hidden library.,morphology,determiner_noun_agreement,determiner_noun_agreement_with_adj_2,True,False,True,True,942,-55.58592987060547,-57.92180633544922,1
Omar should lift this bad report.,Omar should lift these bad report.,morphology,determiner_noun_agreement,determiner_noun_agreement_with_adj_2,True,False,True,True,943,-50.988182067871094,-55.12062072753906,1
The Borgias hadn't hidden these smooth eyes.,The Borgias hadn't hidden this smooth eyes.,morphology,determiner_noun_agreement,determiner_noun_agreement_with_adj_2,True,False,True,True,944,-66.21556091308594,-66.2401123046875,1
Nicole explores that bad art gallery.,Nicole explores those bad art gallery.,morphology,determiner_noun_agreement,determiner_noun_agreement_with_adj_2,True,False,True,True,945,-61.82148361206055,-58.13086700439453,0
A lot of cashiers are complaining about this good documentary.,A lot of cashiers are complaining about these good documentary.,morphology,determiner_noun_agreement,determiner_noun_agreement_with_adj_2,True,False,True,True,946,-62.02644729614258,-65.72767639160156,1
Ronald might flee from that small school.,Ronald might flee from those small school.,morphology,determiner_noun_agreement,determiner_noun_agreement_with_adj_2,True,False,True,True,947,-56.563560485839844,-57.37771224975586,1
This organization is impressing that unsure actress.,This organization is impressing those unsure actress.,morphology,determiner_noun_agreement,determiner_noun_agreement_with_adj_2,True,False,True,True,948,-59.57316589355469,-59.86521530151367,1
Anna should sell those purple hospitals.,Anna should sell that purple hospitals.,morphology,determiner_noun_agreement,determiner_noun_agreement_with_adj_2,True,False,True,True,949,-47.2631721496582,-49.781517028808594,1
Theresa had loved that out in the open patient.,Theresa had loved those out in the open patient.,morphology,determiner_noun_agreement,determiner_noun_agreement_with_adj_2,True,False,True,True,950,-62.94467544555664,-66.02599334716797,1
Lucille hadn't listened to those clever actresses.,Lucille hadn't listened to that clever actresses.,morphology,determiner_noun_agreement,determiner_noun_agreement_with_adj_2,True,False,True,True,951,-53.85991668701172,-56.2880859375,1
Timothy runs around those out in the open public parks.,Timothy runs around that out in the open public parks.,morphology,determiner_noun_agreement,determiner_noun_agreement_with_adj_2,True,False,True,True,952,-64.18934631347656,-64.5900650024414,1
Barbara could research this hidden picture.,Barbara could research these hidden picture.,morphology,determiner_noun_agreement,determiner_noun_agreement_with_adj_2,True,False,True,True,953,-54.01829528808594,-58.845855712890625,1
Mary hadn't revealed this black shirt.,Mary hadn't revealed these black shirt.,morphology,determiner_noun_agreement,determiner_noun_agreement_with_adj_2,True,False,True,True,954,-42.80215835571289,-45.1094856262207,1
Erin has worried these exposed customers.,Erin has worried this exposed customers.,morphology,determiner_noun_agreement,determiner_noun_agreement_with_adj_2,True,False,True,True,955,-48.37028503417969,-50.66437530517578,1
Many students kiss this happy doctor.,Many students kiss these happy doctor.,morphology,determiner_noun_agreement,determiner_noun_agreement_with_adj_2,True,False,True,True,956,-43.99628829956055,-46.47647476196289,1
Most students clean this exposed cat.,Most students clean these exposed cat.,morphology,determiner_noun_agreement,determiner_noun_agreement_with_adj_2,True,False,True,True,957,-48.38871765136719,-51.04250717163086,1
All committees help this hidden driver.,All committees help these hidden driver.,morphology,determiner_noun_agreement,determiner_noun_agreement_with_adj_2,True,False,True,True,958,-48.372406005859375,-52.321044921875,1
These newspaper articles can't worry those hopeful ladies.,These newspaper articles can't worry that hopeful ladies.,morphology,determiner_noun_agreement,determiner_noun_agreement_with_adj_2,True,False,True,True,959,-63.281707763671875,-62.663352966308594,0
These children boast about that exposed boy.,These children boast about those exposed boy.,morphology,determiner_noun_agreement,determiner_noun_agreement_with_adj_2,True,False,True,True,960,-52.504390716552734,-49.457725524902344,0
Lissa hadn't disgusted these sick senators.,Lissa hadn't disgusted this sick senators.,morphology,determiner_noun_agreement,determiner_noun_agreement_with_adj_2,True,False,True,True,961,-64.94242858886719,-66.09513854980469,1
Carl was talking about those red cafes.,Carl was talking about that red cafes.,morphology,determiner_noun_agreement,determiner_noun_agreement_with_adj_2,True,False,True,True,962,-41.28782653808594,-44.193817138671875,1
The art gallery shocks those important governments.,The art gallery shocks that important governments.,morphology,determiner_noun_agreement,determiner_noun_agreement_with_adj_2,True,False,True,True,963,-61.86517333984375,-58.667884826660156,0
Grace isn't returning to those hidden boys.,Grace isn't returning to that hidden boys.,morphology,determiner_noun_agreement,determiner_noun_agreement_with_adj_2,True,False,True,True,964,-52.31904220581055,-53.695716857910156,1
Janice left these young waiters.,Janice left this young waiters.,morphology,determiner_noun_agreement,determiner_noun_agreement_with_adj_2,True,False,True,True,965,-48.068058013916016,-47.97332763671875,0
All actors talk to these standing waiters.,All actors talk to this standing waiters.,morphology,determiner_noun_agreement,determiner_noun_agreement_with_adj_2,True,False,True,True,966,-53.04326629638672,-54.38990783691406,1
Kirsten isn't fixing this messy plate.,Kirsten isn't fixing these messy plate.,morphology,determiner_noun_agreement,determiner_noun_agreement_with_adj_2,True,False,True,True,967,-59.786014556884766,-62.59549331665039,1
Maria wasn't escaping from those unconvinced guests.,Maria wasn't escaping from that unconvinced guests.,morphology,determiner_noun_agreement,determiner_noun_agreement_with_adj_2,True,False,True,True,968,-60.50568389892578,-61.44794464111328,1
A lot of girls visit these gray cafes.,A lot of girls visit this gray cafes.,morphology,determiner_noun_agreement,determiner_noun_agreement_with_adj_2,True,False,True,True,969,-56.509090423583984,-55.975914001464844,0
Vanessa biked to these red high schools.,Vanessa biked to this red high schools.,morphology,determiner_noun_agreement,determiner_noun_agreement_with_adj_2,True,False,True,True,970,-62.99966812133789,-61.70878219604492,0
Some universities disturb this sick actor.,Some universities disturb these sick actor.,morphology,determiner_noun_agreement,determiner_noun_agreement_with_adj_2,True,False,True,True,971,-54.06653594970703,-56.38990020751953,1
Anna can observe these popular pedestrians.,Anna can observe this popular pedestrians.,morphology,determiner_noun_agreement,determiner_noun_agreement_with_adj_2,True,False,True,True,972,-42.29463577270508,-44.94976043701172,1
All drivers should love these ill cashiers.,All drivers should love this ill cashiers.,morphology,determiner_noun_agreement,determiner_noun_agreement_with_adj_2,True,False,True,True,973,-56.45462417602539,-57.41389465332031,1
Kenneth has known this young doctor.,Kenneth has known these young doctor.,morphology,determiner_noun_agreement,determiner_noun_agreement_with_adj_2,True,False,True,True,974,-43.39772415161133,-48.197410583496094,1
Some teenagers fire these delighted girls.,Some teenagers fire this delighted girls.,morphology,determiner_noun_agreement,determiner_noun_agreement_with_adj_2,True,False,True,True,975,-52.72282028198242,-51.62809753417969,0
Monica had loved those displeased waitresses.,Monica had loved that displeased waitresses.,morphology,determiner_noun_agreement,determiner_noun_agreement_with_adj_2,True,False,True,True,976,-64.49163055419922,-63.98069763183594,0
Those companies annoy those delighted waiters.,Those companies annoy that delighted waiters.,morphology,determiner_noun_agreement,determiner_noun_agreement_with_adj_2,True,False,True,True,977,-57.65757369995117,-59.2125244140625,1
Julia was returning to these good actors.,Julia was returning to this good actors.,morphology,determiner_noun_agreement,determiner_noun_agreement_with_adj_2,True,False,True,True,978,-44.54730987548828,-46.566856384277344,1
Wendy would boast about those delighted actresses.,Wendy would boast about that delighted actresses.,morphology,determiner_noun_agreement,determiner_noun_agreement_with_adj_2,True,False,True,True,979,-62.506431579589844,-64.37178039550781,1
Nicole is cleaning those green couches.,Nicole is cleaning that green couches.,morphology,determiner_noun_agreement,determiner_noun_agreement_with_adj_2,True,False,True,True,980,-51.32898712158203,-55.60017776489258,1
The Clintons toured that red high school.,The Clintons toured those red high school.,morphology,determiner_noun_agreement,determiner_noun_agreement_with_adj_2,True,False,True,True,981,-58.031005859375,-58.216712951660156,1
The waitresses have these hard movie theaters.,The waitresses have this hard movie theaters.,morphology,determiner_noun_agreement,determiner_noun_agreement_with_adj_2,True,False,True,True,982,-54.721435546875,-53.550559997558594,0
Those actors return to these bad art galleries.,Those actors return to this bad art galleries.,morphology,determiner_noun_agreement,determiner_noun_agreement_with_adj_2,True,False,True,True,983,-54.44245910644531,-56.046485900878906,1
All drawings look like these small skirts.,All drawings look like this small skirts.,morphology,determiner_noun_agreement,determiner_noun_agreement_with_adj_2,True,False,True,True,984,-43.130584716796875,-43.725807189941406,1
The Impressionists visit this rough bank.,The Impressionists visit these rough bank.,morphology,determiner_noun_agreement,determiner_noun_agreement_with_adj_2,True,False,True,True,985,-55.41688919067383,-60.05451583862305,1
Those waitresses weren't cleaning those bad grocery stores.,Those waitresses weren't cleaning that bad grocery stores.,morphology,determiner_noun_agreement,determiner_noun_agreement_with_adj_2,True,False,True,True,986,-59.313907623291016,-59.400535583496094,1
Lissa alarmed these nice adults.,Lissa alarmed this nice adults.,morphology,determiner_noun_agreement,determiner_noun_agreement_with_adj_2,True,False,True,True,987,-54.086570739746094,-55.76408004760742,1
The Lutherans sell those white paintings.,The Lutherans sell that white paintings.,morphology,determiner_noun_agreement,determiner_noun_agreement_with_adj_2,True,False,True,True,988,-57.28009033203125,-60.1227912902832,1
Organizations described this small movie theater.,Organizations described these small movie theater.,morphology,determiner_noun_agreement,determiner_noun_agreement_with_adj_2,True,False,True,True,989,-49.005218505859375,-53.22687530517578,1
Some teenagers talk about these smart girls.,Some teenagers talk about this smart girls.,morphology,determiner_noun_agreement,determiner_noun_agreement_with_adj_2,True,False,True,True,990,-39.26134490966797,-41.05777359008789,1
Heidi didn't kiss that nice teenager.,Heidi didn't kiss those nice teenager.,morphology,determiner_noun_agreement,determiner_noun_agreement_with_adj_2,True,False,True,True,991,-51.84742736816406,-54.13300323486328,1
A school insults those good art galleries.,A school insults that good art galleries.,morphology,determiner_noun_agreement,determiner_noun_agreement_with_adj_2,True,False,True,True,992,-57.37420654296875,-56.563392639160156,0
Sandra boasts about this excited teacher.,Sandra boasts about these excited teacher.,morphology,determiner_noun_agreement,determiner_noun_agreement_with_adj_2,True,False,True,True,993,-55.70352554321289,-60.559112548828125,1
Michelle can't argue about those sick children.,Michelle can't argue about that sick children.,morphology,determiner_noun_agreement,determiner_noun_agreement_with_adj_2,True,False,True,True,994,-41.92396545410156,-43.87739562988281,1
Robert isn't disturbing these cheap hospitals.,Robert isn't disturbing this cheap hospitals.,morphology,determiner_noun_agreement,determiner_noun_agreement_with_adj_2,True,False,True,True,995,-47.440185546875,-49.53791046142578,1
Martha didn't take that red movie theater.,Martha didn't take those red movie theater.,morphology,determiner_noun_agreement,determiner_noun_agreement_with_adj_2,True,False,True,True,996,-56.448055267333984,-58.273921966552734,1
Randolf wasn't leaving this black school.,Randolf wasn't leaving these black school.,morphology,determiner_noun_agreement,determiner_noun_agreement_with_adj_2,True,False,True,True,997,-52.26824951171875,-54.98237609863281,1
The Borgias investigate these happy cashiers.,The Borgias investigate this happy cashiers.,morphology,determiner_noun_agreement,determiner_noun_agreement_with_adj_2,True,False,True,True,998,-67.26889038085938,-68.15303039550781,1
Cheryl brought these important shawls.,Cheryl brought this important shawls.,morphology,determiner_noun_agreement,determiner_noun_agreement_with_adj_2,True,False,True,True,999,-62.26338195800781,-61.38246536254883,0
