sentence_good,sentence_bad,field,linguistics_term,UID,simple_LM_method,one_prefix_method,two_prefix_method,lexically_identical,pair_id,good_prob,bad_prob,correct
A niece of most senators hasn't descended most slopes.,A niece of most senators haven't descended most slopes.,morphology,subject_verb_agreement,distractor_agreement_relational_noun,True,True,False,False,0,-83.32875061035156,-81.25808715820312,0
The sketch of those trucks hasn't hurt Alan.,The sketch of those trucks haven't hurt Alan.,morphology,subject_verb_agreement,distractor_agreement_relational_noun,True,True,False,False,1,-59.65762710571289,-58.24553680419922,0
A newspaper article about the Borgias has disagreed with Marcus.,A newspaper article about the Borgias have disagreed with Marcus.,morphology,subject_verb_agreement,distractor_agreement_relational_noun,True,True,False,False,2,-80.9660415649414,-81.40281677246094,1
The niece of most guests has cleaned every college campus.,The niece of most guests have cleaned every college campus.,morphology,subject_verb_agreement,distractor_agreement_relational_noun,True,True,False,False,3,-77.92247772216797,-76.20500183105469,0
A sketch of lights doesn't appear.,A sketch of lights don't appear.,morphology,subject_verb_agreement,distractor_agreement_relational_noun,True,True,False,False,4,-47.01201629638672,-45.59693145751953,0
The movies about Galileo were astounding Melanie.,The movies about Galileo was astounding Melanie.,morphology,subject_verb_agreement,distractor_agreement_relational_noun,True,True,False,False,5,-60.19025421142578,-59.67145919799805,0
A cousin of a lot of dancers anticipates Naomi to aggravate Angela.,A cousin of a lot of dancers anticipate Naomi to aggravate Angela.,morphology,subject_verb_agreement,distractor_agreement_relational_noun,True,True,False,False,6,-102.82319641113281,-98.32610321044922,0
A movie about the Impressionists hasn't scared Harvard University.,A movie about the Impressionists haven't scared Harvard University.,morphology,subject_verb_agreement,distractor_agreement_relational_noun,True,True,False,False,7,-83.79658508300781,-83.16608428955078,0
The pamphlets about Galileo are winning.,The pamphlets about Galileo is winning.,morphology,subject_verb_agreement,distractor_agreement_relational_noun,True,True,False,False,8,-56.0777702331543,-55.5422248840332,0
The daughter of those senators works with Patrick.,The daughter of those senators work with Patrick.,morphology,subject_verb_agreement,distractor_agreement_relational_noun,True,True,False,False,9,-55.19720458984375,-53.26307678222656,0
A story about the Balkans doesn't irritate a person.,A story about the Balkans don't irritate a person.,morphology,subject_verb_agreement,distractor_agreement_relational_noun,True,True,False,False,10,-59.867000579833984,-58.79013442993164,0
The sisters of Timothy judge Randolf to weep.,The sisters of Timothy judges Randolf to weep.,morphology,subject_verb_agreement,distractor_agreement_relational_noun,True,True,False,False,11,-78.61288452148438,-78.61930847167969,1
The daughter of the Lutherans hasn't argued about that waitress.,The daughter of the Lutherans haven't argued about that waitress.,morphology,subject_verb_agreement,distractor_agreement_relational_noun,True,True,False,False,12,-81.30926513671875,-80.3961410522461,0
A nephew of senators is wanting to murmur.,A nephew of senators were wanting to murmur.,morphology,subject_verb_agreement,distractor_agreement_relational_noun,True,True,False,False,13,-59.835975646972656,-57.472068786621094,0
The prints of that high school are impressing Helen.,The prints of that high school was impressing Helen.,morphology,subject_verb_agreement,distractor_agreement_relational_noun,True,True,False,False,14,-67.91215515136719,-63.99300003051758,0
A report about the Impressionists has won.,A report about the Impressionists have won.,morphology,subject_verb_agreement,distractor_agreement_relational_noun,True,True,False,False,15,-59.18178176879883,-58.05999755859375,0
The grandsons of Douglas chuckle.,The grandsons of Douglas chuckles.,morphology,subject_verb_agreement,distractor_agreement_relational_noun,True,True,False,False,16,-53.433738708496094,-52.654563903808594,0
The mothers of Mary seem to shrink.,The mothers of Mary seems to shrink.,morphology,subject_verb_agreement,distractor_agreement_relational_noun,True,True,False,False,17,-48.880428314208984,-46.73206329345703,0
The books about Winston Churchill do look like paintings.,The books about Winston Churchill does look like paintings.,morphology,subject_verb_agreement,distractor_agreement_relational_noun,True,True,False,False,18,-66.8594970703125,-66.0464096069336,0
The sketches of some dancer do bore these girls.,The sketches of some dancer does bore these girls.,morphology,subject_verb_agreement,distractor_agreement_relational_noun,True,True,False,False,19,-63.91157150268555,-66.25696563720703,1
The daughter of most actresses is observing Christina.,The daughter of most actresses were observing Christina.,morphology,subject_verb_agreement,distractor_agreement_relational_noun,True,True,False,False,20,-62.490455627441406,-64.41565704345703,1
A story about the Lutherans hasn't won.,A story about the Lutherans haven't won.,morphology,subject_verb_agreement,distractor_agreement_relational_noun,True,True,False,False,21,-60.97056198120117,-60.28850555419922,0
The friends of every person do fix some cups.,The friends of every person does fix some cups.,morphology,subject_verb_agreement,distractor_agreement_relational_noun,True,True,False,False,22,-57.71492385864258,-56.62744903564453,0
A father of guys was passing most college campuses.,A father of guys are passing most college campuses.,morphology,subject_verb_agreement,distractor_agreement_relational_noun,True,True,False,False,23,-75.78135681152344,-71.65477752685547,0
The commentaries about music do disgust Kayla.,The commentaries about music does disgust Kayla.,morphology,subject_verb_agreement,distractor_agreement_relational_noun,True,True,False,False,24,-77.0169677734375,-78.61720275878906,1
The grandfathers of Diana drink.,The grandfathers of Diana drinks.,morphology,subject_verb_agreement,distractor_agreement_relational_noun,True,True,False,False,25,-46.627655029296875,-46.028099060058594,0
The daughters of Wayne don't exit art galleries.,The daughters of Wayne doesn't exit art galleries.,morphology,subject_verb_agreement,distractor_agreement_relational_noun,True,True,False,False,26,-71.66071319580078,-72.05683898925781,1
The pamphlets about art aggravate Sherry.,The pamphlets about art aggravates Sherry.,morphology,subject_verb_agreement,distractor_agreement_relational_noun,True,True,False,False,27,-73.02140808105469,-76.51817321777344,1
A granddaughter of the Impressionists wasn't lifting a convertible.,A granddaughter of the Impressionists aren't lifting a convertible.,morphology,subject_verb_agreement,distractor_agreement_relational_noun,True,True,False,False,28,-81.46495819091797,-80.6978759765625,0
The granddaughters of Walter have boasted about a teenager.,The granddaughters of Walter has boasted about a teenager.,morphology,subject_verb_agreement,distractor_agreement_relational_noun,True,True,False,False,29,-75.23295593261719,-74.3326416015625,0
The reports about art are scaring Melissa.,The reports about art was scaring Melissa.,morphology,subject_verb_agreement,distractor_agreement_relational_noun,True,True,False,False,30,-56.70195388793945,-56.60356903076172,0
A brochure about the Balkans doesn't impress Erin.,A brochure about the Balkans don't impress Erin.,morphology,subject_verb_agreement,distractor_agreement_relational_noun,True,True,False,False,31,-70.62975311279297,-69.37734985351562,0
The sons of Victoria long to waste away.,The sons of Victoria longs to waste away.,morphology,subject_verb_agreement,distractor_agreement_relational_noun,True,True,False,False,32,-55.450531005859375,-63.34917068481445,1
The report about the Impressionists hasn't sounded like Joel.,The report about the Impressionists haven't sounded like Joel.,morphology,subject_verb_agreement,distractor_agreement_relational_noun,True,True,False,False,33,-79.28787231445312,-78.52336120605469,0
The commentaries about politics have bothered this senator.,The commentaries about politics has bothered this senator.,morphology,subject_verb_agreement,distractor_agreement_relational_noun,True,True,False,False,34,-72.26890563964844,-73.21358489990234,1
A son of some actors spurs the actress to aggravate the child.,A son of some actors spur the actress to aggravate the child.,morphology,subject_verb_agreement,distractor_agreement_relational_noun,True,True,False,False,35,-92.65161895751953,-89.06233978271484,0
The shows about Monet weren't scaring Liam.,The shows about Monet wasn't scaring Liam.,morphology,subject_verb_agreement,distractor_agreement_relational_noun,True,True,False,False,36,-71.49421691894531,-69.48558044433594,0
The granddaughters of Michelle do shrug.,The granddaughters of Michelle does shrug.,morphology,subject_verb_agreement,distractor_agreement_relational_noun,True,True,False,False,37,-62.36822509765625,-64.38322448730469,1
The painting of a lot of sweaters resembles some drawings.,The painting of a lot of sweaters resemble some drawings.,morphology,subject_verb_agreement,distractor_agreement_relational_noun,True,True,False,False,38,-68.47428894042969,-71.19215393066406,1
The pamphlets about Winston Churchill have resembled those photographs.,The pamphlets about Winston Churchill has resembled those photographs.,morphology,subject_verb_agreement,distractor_agreement_relational_noun,True,True,False,False,39,-81.61799621582031,-80.14076232910156,0
The drawing of these pants exists.,The drawing of these pants exist.,morphology,subject_verb_agreement,distractor_agreement_relational_noun,True,True,False,False,40,-41.78200149536133,-42.04536056518555,1
The grandsons of Theodore are pressuring Steven's supervisors to flee from Maria.,The grandsons of Theodore is pressuring Steven's supervisors to flee from Maria.,morphology,subject_verb_agreement,distractor_agreement_relational_noun,True,True,False,False,41,-117.97073364257812,-117.53335571289062,0
The granddaughters of Amanda hug Noah.,The granddaughters of Amanda hugs Noah.,morphology,subject_verb_agreement,distractor_agreement_relational_noun,True,True,False,False,42,-69.71665954589844,-67.320068359375,0
The plays about Harvard University weren't worrying Douglas.,The plays about Harvard University wasn't worrying Douglas.,morphology,subject_verb_agreement,distractor_agreement_relational_noun,True,True,False,False,43,-66.68525695800781,-65.37484741210938,0
The stories about literature have irritated Clyde.,The stories about literature has irritated Clyde.,morphology,subject_verb_agreement,distractor_agreement_relational_noun,True,True,False,False,44,-55.152618408203125,-54.42962646484375,0
A story about the Impressionists worries all teachers.,A story about the Impressionists worry all teachers.,morphology,subject_verb_agreement,distractor_agreement_relational_noun,True,True,False,False,45,-71.62728881835938,-70.15447998046875,0
The print of all tomatoes hasn't shocked Barbara.,The print of all tomatoes haven't shocked Barbara.,morphology,subject_verb_agreement,distractor_agreement_relational_noun,True,True,False,False,46,-64.22434997558594,-64.00545501708984,0
A pamphlet about the Borgias aggravates Helen.,A pamphlet about the Borgias aggravate Helen.,morphology,subject_verb_agreement,distractor_agreement_relational_noun,True,True,False,False,47,-75.10250854492188,-72.89511108398438,0
The mother of those dancers has researched those documentaries.,The mother of those dancers have researched those documentaries.,morphology,subject_verb_agreement,distractor_agreement_relational_noun,True,True,False,False,48,-69.47329711914062,-67.52313232421875,0
The mothers of Cheryl do bake.,The mothers of Cheryl does bake.,morphology,subject_verb_agreement,distractor_agreement_relational_noun,True,True,False,False,49,-49.48820114135742,-49.290184020996094,0
The paintings of Donna have upset every guest.,The paintings of Donna has upset every guest.,morphology,subject_verb_agreement,distractor_agreement_relational_noun,True,True,False,False,50,-58.05530548095703,-57.405967712402344,0
A book about the Impressionists does resemble every photograph.,A book about the Impressionists do resemble every photograph.,morphology,subject_verb_agreement,distractor_agreement_relational_noun,True,True,False,False,51,-82.73831176757812,-80.35714721679688,0
The brochure about the Impressionists doesn't disturb that girl.,The brochure about the Impressionists don't disturb that girl.,morphology,subject_verb_agreement,distractor_agreement_relational_noun,True,True,False,False,52,-84.27568054199219,-81.46305084228516,0
The sons of a guy do fail to eat.,The sons of a guy does fail to eat.,morphology,subject_verb_agreement,distractor_agreement_relational_noun,True,True,False,False,53,-53.05560302734375,-52.53433609008789,0
The mother of the pedestrians isn't arriving at some closets.,The mother of the pedestrians weren't arriving at some closets.,morphology,subject_verb_agreement,distractor_agreement_relational_noun,True,True,False,False,54,-74.57292175292969,-74.97734069824219,1
The report about the Impressionists doesn't disagree with Rose.,The report about the Impressionists don't disagree with Rose.,morphology,subject_verb_agreement,distractor_agreement_relational_noun,True,True,False,False,55,-77.31373596191406,-75.43560028076172,0
The nieces of Gerald were crying.,The nieces of Gerald was crying.,morphology,subject_verb_agreement,distractor_agreement_relational_noun,True,True,False,False,56,-57.74700164794922,-56.697967529296875,0
The reports about Jesus have disappeared.,The reports about Jesus has disappeared.,morphology,subject_verb_agreement,distractor_agreement_relational_noun,True,True,False,False,57,-40.36874771118164,-39.499053955078125,0
A daughter of a lot of waiters speaks up.,A daughter of a lot of waiters speak up.,morphology,subject_verb_agreement,distractor_agreement_relational_noun,True,True,False,False,58,-59.06227111816406,-57.43797302246094,0
The nieces of Rachel discover this nose.,The nieces of Rachel discovers this nose.,morphology,subject_verb_agreement,distractor_agreement_relational_noun,True,True,False,False,59,-67.0577392578125,-64.77171325683594,0
The essays about Spain were disgusting Laurie.,The essays about Spain is disgusting Laurie.,morphology,subject_verb_agreement,distractor_agreement_relational_noun,True,True,False,False,60,-54.827064514160156,-53.887550354003906,0
The father of many pedestrians washes.,The father of many pedestrians wash.,morphology,subject_verb_agreement,distractor_agreement_relational_noun,True,True,False,False,61,-52.33613586425781,-46.79285430908203,0
A painting of most photographs wasn't hurting Becky.,A painting of most photographs weren't hurting Becky.,morphology,subject_verb_agreement,distractor_agreement_relational_noun,True,True,False,False,62,-65.03036499023438,-64.12891387939453,0
A sister of some children doesn't swallow.,A sister of some children don't swallow.,morphology,subject_verb_agreement,distractor_agreement_relational_noun,True,True,False,False,63,-48.72496032714844,-47.51278305053711,0
The newspaper articles about Harvard University do disturb Brian.,The newspaper articles about Harvard University does disturb Brian.,morphology,subject_verb_agreement,distractor_agreement_relational_noun,True,True,False,False,64,-72.71881103515625,-72.85929870605469,1
The prints of this icicle upset Stacy.,The prints of this icicle upsets Stacy.,morphology,subject_verb_agreement,distractor_agreement_relational_noun,True,True,False,False,65,-63.377098083496094,-68.61004638671875,1
The book about the Lutherans does sound like Guy.,The book about the Lutherans do sound like Guy.,morphology,subject_verb_agreement,distractor_agreement_relational_noun,True,True,False,False,66,-69.73306274414062,-66.96958923339844,0
The grandmothers of Heather aren't obliging Kathleen to walk through every cafe.,The grandmothers of Heather isn't obliging Kathleen to walk through every cafe.,morphology,subject_verb_agreement,distractor_agreement_relational_noun,True,True,False,False,67,-106.15015411376953,-103.96733093261719,0
A father of these patients intends to embarrass Gary.,A father of these patients intend to embarrass Gary.,morphology,subject_verb_agreement,distractor_agreement_relational_noun,True,True,False,False,68,-64.71217346191406,-62.818782806396484,0
A grandson of most doctors hasn't believed Wayne to walk through a public park.,A grandson of most doctors haven't believed Wayne to walk through a public park.,morphology,subject_verb_agreement,distractor_agreement_relational_noun,True,True,False,False,69,-105.76470184326172,-103.968505859375,0
The painting of a lot of eggplants has worried Spain.,The painting of a lot of eggplants have worried Spain.,morphology,subject_verb_agreement,distractor_agreement_relational_noun,True,True,False,False,70,-79.996826171875,-76.92344665527344,0
The nieces of the girl negotiate.,The nieces of the girl negotiates.,morphology,subject_verb_agreement,distractor_agreement_relational_noun,True,True,False,False,71,-51.898956298828125,-58.229957580566406,1
The grandmothers of Jennifer do regret Daniel will threaten to go to this art gallery.,The grandmothers of Jennifer does regret Daniel will threaten to go to this art gallery.,morphology,subject_verb_agreement,distractor_agreement_relational_noun,True,True,False,False,72,-111.61824035644531,-112.87628173828125,1
The granddaughters of Anna do describe Gerald.,The granddaughters of Anna does describe Gerald.,morphology,subject_verb_agreement,distractor_agreement_relational_noun,True,True,False,False,73,-72.43250274658203,-72.08845520019531,0
The report about the Great Lakes is astounding Todd.,The report about the Great Lakes are astounding Todd.,morphology,subject_verb_agreement,distractor_agreement_relational_noun,True,True,False,False,74,-65.3083724975586,-63.65492248535156,0
The shows about Spain do aggravate Christina.,The shows about Spain does aggravate Christina.,morphology,subject_verb_agreement,distractor_agreement_relational_noun,True,True,False,False,75,-62.487552642822266,-62.99724197387695,1
The photograph of jackets hasn't resembled some print.,The photograph of jackets haven't resembled some print.,morphology,subject_verb_agreement,distractor_agreement_relational_noun,True,True,False,False,76,-66.31196594238281,-65.41217041015625,0
The story about the Clintons doesn't hurt Rose.,The story about the Clintons don't hurt Rose.,morphology,subject_verb_agreement,distractor_agreement_relational_noun,True,True,False,False,77,-57.12275695800781,-56.9713020324707,0
The cousins of Martin are worrying that guest.,The cousins of Martin is worrying that guest.,morphology,subject_verb_agreement,distractor_agreement_relational_noun,True,True,False,False,78,-59.88620376586914,-58.854820251464844,0
The son of some waitresses wasn't wondering who begged Julia to practice.,The son of some waitresses weren't wondering who begged Julia to practice.,morphology,subject_verb_agreement,distractor_agreement_relational_noun,True,True,False,False,79,-97.95165252685547,-98.40718841552734,1
A granddaughter of the pedestrians isn't leaving.,A granddaughter of the pedestrians aren't leaving.,morphology,subject_verb_agreement,distractor_agreement_relational_noun,True,True,False,False,80,-50.29423904418945,-50.50333786010742,1
The commentary about the Impressionists hurts Joel.,The commentary about the Impressionists hurt Joel.,morphology,subject_verb_agreement,distractor_agreement_relational_noun,True,True,False,False,81,-71.84857177734375,-70.35498046875,0
A daughter of most pedestrians knows Lisa.,A daughter of most pedestrians know Lisa.,morphology,subject_verb_agreement,distractor_agreement_relational_noun,True,True,False,False,82,-58.28972625732422,-59.14799499511719,1
A newspaper article about the Balkans isn't bothering a teacher.,A newspaper article about the Balkans weren't bothering a teacher.,morphology,subject_verb_agreement,distractor_agreement_relational_noun,True,True,False,False,83,-69.65367126464844,-71.25515747070312,1
The documentary about the Clintons doesn't upset Lawrence.,The documentary about the Clintons don't upset Lawrence.,morphology,subject_verb_agreement,distractor_agreement_relational_noun,True,True,False,False,84,-68.30201721191406,-68.3314208984375,1
The brochures about Galileo were vanishing.,The brochures about Galileo was vanishing.,morphology,subject_verb_agreement,distractor_agreement_relational_noun,True,True,False,False,85,-57.4010009765625,-56.801185607910156,0
The newspaper articles about Galileo appear.,The newspaper articles about Galileo appears.,morphology,subject_verb_agreement,distractor_agreement_relational_noun,True,True,False,False,86,-49.851539611816406,-48.87201690673828,0
The picture of many college campuses does look like drawings.,The picture of many college campuses do look like drawings.,morphology,subject_verb_agreement,distractor_agreement_relational_noun,True,True,False,False,87,-73.53172302246094,-71.41079711914062,0
The show about the Borgias hasn't annoyed Mark.,The show about the Borgias haven't annoyed Mark.,morphology,subject_verb_agreement,distractor_agreement_relational_noun,True,True,False,False,88,-66.87629699707031,-67.649169921875,1
The brochures about Winston Churchill don't win.,The brochures about Winston Churchill doesn't win.,morphology,subject_verb_agreement,distractor_agreement_relational_noun,True,True,False,False,89,-63.93707275390625,-64.05433654785156,1
A commentary about the Clintons doesn't disagree.,A commentary about the Clintons don't disagree.,morphology,subject_verb_agreement,distractor_agreement_relational_noun,True,True,False,False,90,-58.2796516418457,-58.59122085571289,1
The essays about Spain hurt Brenda.,The essays about Spain hurts Brenda.,morphology,subject_verb_agreement,distractor_agreement_relational_noun,True,True,False,False,91,-53.336029052734375,-52.070404052734375,0
The daughters of Charles do think about what darkens.,The daughters of Charles does think about what darkens.,morphology,subject_verb_agreement,distractor_agreement_relational_noun,True,True,False,False,92,-66.67858123779297,-67.25126647949219,1
The print of many doctors hasn't upset Wendy.,The print of many doctors haven't upset Wendy.,morphology,subject_verb_agreement,distractor_agreement_relational_noun,True,True,False,False,93,-63.84987258911133,-61.93334197998047,0
The pictures of Cindy don't waste away.,The pictures of Cindy doesn't waste away.,morphology,subject_verb_agreement,distractor_agreement_relational_noun,True,True,False,False,94,-50.887306213378906,-50.53414535522461,0
The grandson of the teachers isn't singing.,The grandson of the teachers weren't singing.,morphology,subject_verb_agreement,distractor_agreement_relational_noun,True,True,False,False,95,-46.82160186767578,-46.8258056640625,1
The nephew of many waiters learns.,The nephew of many waiters learn.,morphology,subject_verb_agreement,distractor_agreement_relational_noun,True,True,False,False,96,-56.44728088378906,-55.14019012451172,0
The reports about politics don't stun libraries.,The reports about politics doesn't stun libraries.,morphology,subject_verb_agreement,distractor_agreement_relational_noun,True,True,False,False,97,-60.7114372253418,-61.889076232910156,1
A daughter of these actors does dare Randolf to discover this mountain.,A daughter of these actors do dare Randolf to discover this mountain.,morphology,subject_verb_agreement,distractor_agreement_relational_noun,True,True,False,False,98,-96.40361022949219,-93.46025085449219,0
The plays about Spain don't bother Holly.,The plays about Spain doesn't bother Holly.,morphology,subject_verb_agreement,distractor_agreement_relational_noun,True,True,False,False,99,-52.89296340942383,-54.28577423095703,1
The essays about Jesus weren't shocking Monet.,The essays about Jesus wasn't shocking Monet.,morphology,subject_verb_agreement,distractor_agreement_relational_noun,True,True,False,False,100,-69.2222900390625,-67.50650024414062,0
A story about the Impressionists bothers Scott.,A story about the Impressionists bother Scott.,morphology,subject_verb_agreement,distractor_agreement_relational_noun,True,True,False,False,101,-67.15214538574219,-65.90058898925781,0
The commentaries about politics do distract Carol.,The commentaries about politics does distract Carol.,morphology,subject_verb_agreement,distractor_agreement_relational_noun,True,True,False,False,102,-70.8873519897461,-71.5645751953125,1
The commentary about the Clintons hasn't irritated Cindy.,The commentary about the Clintons haven't irritated Cindy.,morphology,subject_verb_agreement,distractor_agreement_relational_noun,True,True,False,False,103,-73.72455596923828,-72.93899536132812,0
A drawing of many peppers doesn't hurt Lisa.,A drawing of many peppers don't hurt Lisa.,morphology,subject_verb_agreement,distractor_agreement_relational_noun,True,True,False,False,104,-61.655792236328125,-61.16667175292969,0
The daughter of those women anticipates a jacket to shrink.,The daughter of those women anticipate a jacket to shrink.,morphology,subject_verb_agreement,distractor_agreement_relational_noun,True,True,False,False,105,-74.02691650390625,-69.39732360839844,0
The daughters of Bruce don't beg Aaron to compromise.,The daughters of Bruce doesn't beg Aaron to compromise.,morphology,subject_verb_agreement,distractor_agreement_relational_noun,True,True,False,False,106,-73.3140640258789,-73.56948852539062,1
The books about Galileo are annoying Sandra.,The books about Galileo is annoying Sandra.,morphology,subject_verb_agreement,distractor_agreement_relational_noun,True,True,False,False,107,-55.13994598388672,-55.0800895690918,0
A commentary about the Balkans hasn't alarmed many ladies.,A commentary about the Balkans haven't alarmed many ladies.,morphology,subject_verb_agreement,distractor_agreement_relational_noun,True,True,False,False,108,-73.04669189453125,-71.2774429321289,0
The pictures of Walter do disturb Mary.,The pictures of Walter does disturb Mary.,morphology,subject_verb_agreement,distractor_agreement_relational_noun,True,True,False,False,109,-53.084510803222656,-54.640323638916016,1
The book about the Lutherans wastes away.,The book about the Lutherans waste away.,morphology,subject_verb_agreement,distractor_agreement_relational_noun,True,True,False,False,110,-59.711883544921875,-58.958656311035156,0
The book about the Great Lakes worries Theresa.,The book about the Great Lakes worry Theresa.,morphology,subject_verb_agreement,distractor_agreement_relational_noun,True,True,False,False,111,-59.660274505615234,-58.55973815917969,0
A pamphlet about the Lutherans does alarm Nicole.,A pamphlet about the Lutherans do alarm Nicole.,morphology,subject_verb_agreement,distractor_agreement_relational_noun,True,True,False,False,112,-79.72684478759766,-76.0728759765625,0
A painting of some horses has disturbed Steven.,A painting of some horses have disturbed Steven.,morphology,subject_verb_agreement,distractor_agreement_relational_noun,True,True,False,False,113,-60.153160095214844,-56.87098693847656,0
The picture of the shirts isn't astounding Frank.,The picture of the shirts weren't astounding Frank.,morphology,subject_verb_agreement,distractor_agreement_relational_noun,True,True,False,False,114,-61.283729553222656,-61.04613494873047,0
The fathers of Anne depart.,The fathers of Anne departs.,morphology,subject_verb_agreement,distractor_agreement_relational_noun,True,True,False,False,115,-38.79165267944336,-46.5106201171875,1
A movie about the Great Lakes embarrasses Jacqueline.,A movie about the Great Lakes embarrass Jacqueline.,morphology,subject_verb_agreement,distractor_agreement_relational_noun,True,True,False,False,116,-69.28125,-64.23011779785156,0
The print of all teenagers doesn't look like this photograph.,The print of all teenagers don't look like this photograph.,morphology,subject_verb_agreement,distractor_agreement_relational_noun,True,True,False,False,117,-65.01173400878906,-63.213924407958984,0
The photographs of Florence haven't disappeared.,The photographs of Florence hasn't disappeared.,morphology,subject_verb_agreement,distractor_agreement_relational_noun,True,True,False,False,118,-45.92432403564453,-44.78678894042969,0
The nieces of Ellen do regret some guy isn't spinning around.,The nieces of Ellen does regret some guy isn't spinning around.,morphology,subject_verb_agreement,distractor_agreement_relational_noun,True,True,False,False,119,-97.93623352050781,-98.34395599365234,1
The grandfather of most drivers hasn't failed to fire Eric.,The grandfather of most drivers haven't failed to fire Eric.,morphology,subject_verb_agreement,distractor_agreement_relational_noun,True,True,False,False,120,-79.32806396484375,-78.291748046875,0
The plays about art have alarmed Mitchell.,The plays about art has alarmed Mitchell.,morphology,subject_verb_agreement,distractor_agreement_relational_noun,True,True,False,False,121,-58.26759338378906,-58.09089660644531,0
The grandsons of Janet speak up.,The grandsons of Janet speaks up.,morphology,subject_verb_agreement,distractor_agreement_relational_noun,True,True,False,False,122,-58.22284698486328,-56.87303924560547,0
A pamphlet about the Balkans hasn't astounded Monica.,A pamphlet about the Balkans haven't astounded Monica.,morphology,subject_verb_agreement,distractor_agreement_relational_noun,True,True,False,False,123,-76.89464569091797,-75.72489166259766,0
The grandmothers of James don't boycott the lake.,The grandmothers of James doesn't boycott the lake.,morphology,subject_verb_agreement,distractor_agreement_relational_noun,True,True,False,False,124,-66.91201782226562,-67.58778381347656,1
The grandson of a lot of customers is cleaning a restaurant.,The grandson of a lot of customers were cleaning a restaurant.,morphology,subject_verb_agreement,distractor_agreement_relational_noun,True,True,False,False,125,-65.454345703125,-63.18134307861328,0
The drawings of this spinach are appearing.,The drawings of this spinach was appearing.,morphology,subject_verb_agreement,distractor_agreement_relational_noun,True,True,False,False,126,-50.37604522705078,-52.40794372558594,1
The movies about Monet aren't impressing a driver.,The movies about Monet wasn't impressing a driver.,morphology,subject_verb_agreement,distractor_agreement_relational_noun,True,True,False,False,127,-73.62850189208984,-71.24503326416016,0
The nieces of Tanya don't boycott committees.,The nieces of Tanya doesn't boycott committees.,morphology,subject_verb_agreement,distractor_agreement_relational_noun,True,True,False,False,128,-80.51383209228516,-81.21141052246094,1
A brother of most drivers doesn't study.,A brother of most drivers don't study.,morphology,subject_verb_agreement,distractor_agreement_relational_noun,True,True,False,False,129,-54.588661193847656,-52.49895095825195,0
The stories about Galileo do hurt Caroline.,The stories about Galileo does hurt Caroline.,morphology,subject_verb_agreement,distractor_agreement_relational_noun,True,True,False,False,130,-54.257869720458984,-54.4040412902832,1
The grandmothers of Emily don't propose to play.,The grandmothers of Emily doesn't propose to play.,morphology,subject_verb_agreement,distractor_agreement_relational_noun,True,True,False,False,131,-59.46186065673828,-59.9275016784668,1
The plays about travel confuse Veronica.,The plays about travel confuses Veronica.,morphology,subject_verb_agreement,distractor_agreement_relational_noun,True,True,False,False,132,-51.572998046875,-57.00114440917969,1
The documentaries about Monet were distracting most universities.,The documentaries about Monet is distracting most universities.,morphology,subject_verb_agreement,distractor_agreement_relational_noun,True,True,False,False,133,-75.00723266601562,-72.39887237548828,0
The grandmother of a lot of dancers replies.,The grandmother of a lot of dancers reply.,morphology,subject_verb_agreement,distractor_agreement_relational_noun,True,True,False,False,134,-51.990989685058594,-50.96806335449219,0
The photographs of Marie are boring Winston Churchill.,The photographs of Marie is boring Winston Churchill.,morphology,subject_verb_agreement,distractor_agreement_relational_noun,True,True,False,False,135,-64.25459289550781,-62.700439453125,0
A granddaughter of the Impressionists flees from Sabrina.,A granddaughter of the Impressionists flee from Sabrina.,morphology,subject_verb_agreement,distractor_agreement_relational_noun,True,True,False,False,136,-89.7669677734375,-84.62701416015625,0
A commentary about the Impressionists hasn't embarrassed Jane.,A commentary about the Impressionists haven't embarrassed Jane.,morphology,subject_verb_agreement,distractor_agreement_relational_noun,True,True,False,False,137,-81.45014953613281,-80.61825561523438,0
The story about the Lutherans doesn't sound like Wayne.,The story about the Lutherans don't sound like Wayne.,morphology,subject_verb_agreement,distractor_agreement_relational_noun,True,True,False,False,138,-70.12351989746094,-67.06854248046875,0
A documentary about the Lutherans does bore Frank.,A documentary about the Lutherans do bore Frank.,morphology,subject_verb_agreement,distractor_agreement_relational_noun,True,True,False,False,139,-76.33216857910156,-72.05628967285156,0
The newspaper articles about Jesus resemble some drawing.,The newspaper articles about Jesus resembles some drawing.,morphology,subject_verb_agreement,distractor_agreement_relational_noun,True,True,False,False,140,-65.18419647216797,-63.53274917602539,0
The commentaries about science are embarrassing Alicia.,The commentaries about science is embarrassing Alicia.,morphology,subject_verb_agreement,distractor_agreement_relational_noun,True,True,False,False,141,-68.91913604736328,-68.66700744628906,0
The newspaper article about the Borgias doesn't worry Carl.,The newspaper article about the Borgias don't worry Carl.,morphology,subject_verb_agreement,distractor_agreement_relational_noun,True,True,False,False,142,-72.02796173095703,-69.93809509277344,0
A granddaughter of a lot of girls was wanting to practice.,A granddaughter of a lot of girls were wanting to practice.,morphology,subject_verb_agreement,distractor_agreement_relational_noun,True,True,False,False,143,-58.96299743652344,-56.26544952392578,0
The sketch of scarves wastes away.,The sketch of scarves waste away.,morphology,subject_verb_agreement,distractor_agreement_relational_noun,True,True,False,False,144,-55.13761901855469,-54.9078254699707,0
The commentary about the Impressionists disgusts all drivers.,The commentary about the Impressionists disgust all drivers.,morphology,subject_verb_agreement,distractor_agreement_relational_noun,True,True,False,False,145,-88.19026184082031,-81.21649169921875,0
The newspaper article about the Borgias distracts Diana.,The newspaper article about the Borgias distract Diana.,morphology,subject_verb_agreement,distractor_agreement_relational_noun,True,True,False,False,146,-74.30487060546875,-72.47241973876953,0
The mothers of Melissa don't urge Valerie to win.,The mothers of Melissa doesn't urge Valerie to win.,morphology,subject_verb_agreement,distractor_agreement_relational_noun,True,True,False,False,147,-71.8499755859375,-72.29305267333984,1
The movies about science weren't distracting Stephanie.,The movies about science wasn't distracting Stephanie.,morphology,subject_verb_agreement,distractor_agreement_relational_noun,True,True,False,False,148,-60.002986907958984,-58.80268478393555,0
The documentaries about Spain don't astound Anna.,The documentaries about Spain doesn't astound Anna.,morphology,subject_verb_agreement,distractor_agreement_relational_noun,True,True,False,False,149,-71.11605834960938,-71.5736083984375,1
A story about the Lutherans is annoying a lot of boys.,A story about the Lutherans are annoying a lot of boys.,morphology,subject_verb_agreement,distractor_agreement_relational_noun,True,True,False,False,150,-73.09234619140625,-70.23567199707031,0
The movie about the Impressionists isn't annoying every guy.,The movie about the Impressionists weren't annoying every guy.,morphology,subject_verb_agreement,distractor_agreement_relational_noun,True,True,False,False,151,-78.74627685546875,-78.24148559570312,0
The report about the Lutherans does stun Andrew.,The report about the Lutherans do stun Andrew.,morphology,subject_verb_agreement,distractor_agreement_relational_noun,True,True,False,False,152,-76.0171890258789,-72.22850036621094,0
The friend of many doctors was motivating Jennifer to die.,The friend of many doctors are motivating Jennifer to die.,morphology,subject_verb_agreement,distractor_agreement_relational_noun,True,True,False,False,153,-74.67227172851562,-70.7864761352539,0
The drawings of Carlos were upsetting the Clintons.,The drawings of Carlos is upsetting the Clintons.,morphology,subject_verb_agreement,distractor_agreement_relational_noun,True,True,False,False,154,-66.885498046875,-64.72248840332031,0
A grandmother of those actresses does mutter.,A grandmother of those actresses do mutter.,morphology,subject_verb_agreement,distractor_agreement_relational_noun,True,True,False,False,155,-64.95706176757812,-64.47256469726562,0
The friend of the teenagers was firing Lawrence.,The friend of the teenagers were firing Lawrence.,morphology,subject_verb_agreement,distractor_agreement_relational_noun,True,True,False,False,156,-56.22834014892578,-56.435638427734375,1
A pamphlet about the Great Lakes irritates Emily.,A pamphlet about the Great Lakes irritate Emily.,morphology,subject_verb_agreement,distractor_agreement_relational_noun,True,True,False,False,157,-69.56077575683594,-67.71873474121094,0
The essay about the Clintons was boring Todd.,The essay about the Clintons were boring Todd.,morphology,subject_verb_agreement,distractor_agreement_relational_noun,True,True,False,False,158,-64.11162567138672,-65.69340515136719,1
The commentaries about Monet were winning.,The commentaries about Monet was winning.,morphology,subject_verb_agreement,distractor_agreement_relational_noun,True,True,False,False,159,-63.610313415527344,-60.74430847167969,0
A photograph of unicycles does upset Vincent.,A photograph of unicycles do upset Vincent.,morphology,subject_verb_agreement,distractor_agreement_relational_noun,True,True,False,False,160,-79.15122985839844,-75.87474822998047,0
The pictures of Erin don't embarrass Eric.,The pictures of Erin doesn't embarrass Eric.,morphology,subject_verb_agreement,distractor_agreement_relational_noun,True,True,False,False,161,-55.49439239501953,-55.574012756347656,1
The plays about science don't confuse Sharon.,The plays about science doesn't confuse Sharon.,morphology,subject_verb_agreement,distractor_agreement_relational_noun,True,True,False,False,162,-57.55087661743164,-57.62309265136719,1
The documentary about the Impressionists wasn't astounding Cynthia.,The documentary about the Impressionists aren't astounding Cynthia.,morphology,subject_verb_agreement,distractor_agreement_relational_noun,True,True,False,False,163,-83.37857055664062,-82.86074829101562,0
The drawings of some cake shock doctors.,The drawings of some cake shocks doctors.,morphology,subject_verb_agreement,distractor_agreement_relational_noun,True,True,False,False,164,-56.89447021484375,-58.23468780517578,1
The grandmothers of Larry do yearn to explore this hill.,The grandmothers of Larry does yearn to explore this hill.,morphology,subject_verb_agreement,distractor_agreement_relational_noun,True,True,False,False,165,-86.87088012695312,-87.74018859863281,1
The daughters of Christine do study.,The daughters of Christine does study.,morphology,subject_verb_agreement,distractor_agreement_relational_noun,True,True,False,False,166,-43.574493408203125,-44.433349609375,1
The report about the Borgias hasn't impressed Jane.,The report about the Borgias haven't impressed Jane.,morphology,subject_verb_agreement,distractor_agreement_relational_noun,True,True,False,False,167,-71.14735412597656,-71.4171142578125,1
The sons of Noah have boycotted a cafe.,The sons of Noah has boycotted a cafe.,morphology,subject_verb_agreement,distractor_agreement_relational_noun,True,True,False,False,168,-78.49231719970703,-77.80363464355469,0
The brochures about Galileo do resemble that print.,The brochures about Galileo does resemble that print.,morphology,subject_verb_agreement,distractor_agreement_relational_noun,True,True,False,False,169,-75.75916290283203,-75.55217742919922,0
A print of many carts exists.,A print of many carts exist.,morphology,subject_verb_agreement,distractor_agreement_relational_noun,True,True,False,False,170,-46.085227966308594,-45.91999053955078,0
The grandfather of most drivers doesn't look to debate.,The grandfather of most drivers don't look to debate.,morphology,subject_verb_agreement,distractor_agreement_relational_noun,True,True,False,False,171,-67.53490447998047,-65.49879455566406,0
The newspaper article about current events impresses Brett.,The newspaper article about current events impress Brett.,morphology,subject_verb_agreement,distractor_agreement_relational_noun,True,True,False,False,172,-73.76390838623047,-67.06739807128906,0
The stories about art don't disturb Jill.,The stories about art doesn't disturb Jill.,morphology,subject_verb_agreement,distractor_agreement_relational_noun,True,True,False,False,173,-53.72486877441406,-53.86060333251953,1
The brochures about science are disgusting Emily.,The brochures about science is disgusting Emily.,morphology,subject_verb_agreement,distractor_agreement_relational_noun,True,True,False,False,174,-65.16026306152344,-63.52086639404297,0
The essays about Galileo do irritate Jeffrey.,The essays about Galileo does irritate Jeffrey.,morphology,subject_verb_agreement,distractor_agreement_relational_noun,True,True,False,False,175,-66.08899688720703,-67.12842559814453,1
The cousins of Scott help Cynthia.,The cousins of Scott helps Cynthia.,morphology,subject_verb_agreement,distractor_agreement_relational_noun,True,True,False,False,176,-49.587432861328125,-50.21202850341797,1
The paintings of every sketch do look like Erin.,The paintings of every sketch does look like Erin.,morphology,subject_verb_agreement,distractor_agreement_relational_noun,True,True,False,False,177,-61.86848831176758,-62.11417770385742,1
The photograph of some pies does impress Tonya.,The photograph of some pies do impress Tonya.,morphology,subject_verb_agreement,distractor_agreement_relational_noun,True,True,False,False,178,-75.15093994140625,-73.63621520996094,0
The sisters of Bradley aren't neglecting to astound Anne.,The sisters of Bradley isn't neglecting to astound Anne.,morphology,subject_verb_agreement,distractor_agreement_relational_noun,True,True,False,False,179,-88.72857666015625,-87.60356140136719,0
A mother of all senators doesn't find Thomas.,A mother of all senators don't find Thomas.,morphology,subject_verb_agreement,distractor_agreement_relational_noun,True,True,False,False,180,-57.868892669677734,-55.50815963745117,0
A niece of these waiters hasn't bothered to disturb Carol.,A niece of these waiters haven't bothered to disturb Carol.,morphology,subject_verb_agreement,distractor_agreement_relational_noun,True,True,False,False,181,-85.64846801757812,-84.35154724121094,0
The father of these customers has intended to compromise.,The father of these customers have intended to compromise.,morphology,subject_verb_agreement,distractor_agreement_relational_noun,True,True,False,False,182,-55.20255661010742,-51.595703125,0
The sister of those men doesn't scare Grace.,The sister of those men don't scare Grace.,morphology,subject_verb_agreement,distractor_agreement_relational_noun,True,True,False,False,183,-54.37077713012695,-52.08006286621094,0
A commentary about the Balkans scares Joel.,A commentary about the Balkans scare Joel.,morphology,subject_verb_agreement,distractor_agreement_relational_noun,True,True,False,False,184,-56.68925857543945,-56.73680877685547,1
The painting of most stairs does disappear.,The painting of most stairs do disappear.,morphology,subject_verb_agreement,distractor_agreement_relational_noun,True,True,False,False,185,-51.31507873535156,-50.50600051879883,0
The show about current events disgusts Liam.,The show about current events disgust Liam.,morphology,subject_verb_agreement,distractor_agreement_relational_noun,True,True,False,False,186,-65.29874420166016,-60.65026092529297,0
The grandson of some waiters doesn't lie.,The grandson of some waiters don't lie.,morphology,subject_verb_agreement,distractor_agreement_relational_noun,True,True,False,False,187,-58.416053771972656,-57.874263763427734,0
A friend of the guests hasn't disagreed with a waiter.,A friend of the guests haven't disagreed with a waiter.,morphology,subject_verb_agreement,distractor_agreement_relational_noun,True,True,False,False,188,-62.54521942138672,-62.05717849731445,0
The cousins of Tamara do cheer.,The cousins of Tamara does cheer.,morphology,subject_verb_agreement,distractor_agreement_relational_noun,True,True,False,False,189,-54.50682830810547,-57.094947814941406,1
The show about current events hasn't astounded Rachelle.,The show about current events haven't astounded Rachelle.,morphology,subject_verb_agreement,distractor_agreement_relational_noun,True,True,False,False,190,-80.02242279052734,-78.79766082763672,0
The prints of some teenager do hurt Naomi.,The prints of some teenager does hurt Naomi.,morphology,subject_verb_agreement,distractor_agreement_relational_noun,True,True,False,False,191,-62.337127685546875,-62.54916763305664,1
The grandfather of boys falls.,The grandfather of boys fall.,morphology,subject_verb_agreement,distractor_agreement_relational_noun,True,True,False,False,192,-36.87311553955078,-34.97040557861328,0
A print of all turtles doesn't disgust most drivers.,A print of all turtles don't disgust most drivers.,morphology,subject_verb_agreement,distractor_agreement_relational_noun,True,True,False,False,193,-78.2843017578125,-76.08040618896484,0
The nephews of Anne haven't ascended the slope.,The nephews of Anne hasn't ascended the slope.,morphology,subject_verb_agreement,distractor_agreement_relational_noun,True,True,False,False,194,-67.15284729003906,-65.8067855834961,0
The granddaughters of David haven't joked around.,The granddaughters of David hasn't joked around.,morphology,subject_verb_agreement,distractor_agreement_relational_noun,True,True,False,False,195,-72.18519592285156,-70.53116607666016,0
The grandmothers of Claire are criticizing Jesus.,The grandmothers of Claire was criticizing Jesus.,morphology,subject_verb_agreement,distractor_agreement_relational_noun,True,True,False,False,196,-63.032875061035156,-63.02662658691406,0
The paintings of the guest disturb Rachel.,The paintings of the guest disturbs Rachel.,morphology,subject_verb_agreement,distractor_agreement_relational_noun,True,True,False,False,197,-50.17778396606445,-56.761207580566406,1
A son of women hasn't disliked that restaurant.,A son of women haven't disliked that restaurant.,morphology,subject_verb_agreement,distractor_agreement_relational_noun,True,True,False,False,198,-61.570621490478516,-61.154502868652344,0
The drawing of some couches isn't astounding that customer.,The drawing of some couches weren't astounding that customer.,morphology,subject_verb_agreement,distractor_agreement_relational_noun,True,True,False,False,199,-79.774658203125,-81.40969848632812,1
The pictures of Sharon have resembled those prints.,The pictures of Sharon has resembled those prints.,morphology,subject_verb_agreement,distractor_agreement_relational_noun,True,True,False,False,200,-59.47490310668945,-59.72502136230469,1
The prints of Deborah were annoying the patients.,The prints of Deborah was annoying the patients.,morphology,subject_verb_agreement,distractor_agreement_relational_noun,True,True,False,False,201,-59.59629440307617,-59.76811981201172,1
The commentaries about Winston Churchill are boring Regina.,The commentaries about Winston Churchill was boring Regina.,morphology,subject_verb_agreement,distractor_agreement_relational_noun,True,True,False,False,202,-83.41004180908203,-80.03074645996094,0
The granddaughters of Douglas expect this organization to reply.,The granddaughters of Douglas expects this organization to reply.,morphology,subject_verb_agreement,distractor_agreement_relational_noun,True,True,False,False,203,-80.64018249511719,-81.67262268066406,1
The friends of Jill aren't explaining most waiters hadn't urged Renee to play.,The friends of Jill wasn't explaining most waiters hadn't urged Renee to play.,morphology,subject_verb_agreement,distractor_agreement_relational_noun,True,True,False,False,204,-123.91156768798828,-122.56546020507812,0
The essays about Harvard University do astound Phillip.,The essays about Harvard University does astound Phillip.,morphology,subject_verb_agreement,distractor_agreement_relational_noun,True,True,False,False,205,-75.86967468261719,-76.3973388671875,1
The grandsons of Lawrence aren't regretting Andrea doubts Allison does stand up.,The grandsons of Lawrence wasn't regretting Andrea doubts Allison does stand up.,morphology,subject_verb_agreement,distractor_agreement_relational_noun,True,True,False,False,206,-130.30001831054688,-128.83560180664062,0
The documentaries about music aren't boring Tammy.,The documentaries about music wasn't boring Tammy.,morphology,subject_verb_agreement,distractor_agreement_relational_noun,True,True,False,False,207,-63.21937561035156,-63.68668746948242,1
The reports about Spain alarm Eva.,The reports about Spain alarms Eva.,morphology,subject_verb_agreement,distractor_agreement_relational_noun,True,True,False,False,208,-52.35401916503906,-54.85063934326172,1
A niece of a lot of waitresses slumps over.,A niece of a lot of waitresses slump over.,morphology,subject_verb_agreement,distractor_agreement_relational_noun,True,True,False,False,209,-72.73196411132812,-71.7884521484375,0
The prints of Judy don't waste away.,The prints of Judy doesn't waste away.,morphology,subject_verb_agreement,distractor_agreement_relational_noun,True,True,False,False,210,-52.03548049926758,-52.711036682128906,1
The story about the Borgias wasn't shocking the actress.,The story about the Borgias weren't shocking the actress.,morphology,subject_verb_agreement,distractor_agreement_relational_noun,True,True,False,False,211,-71.97264099121094,-73.86233520507812,1
A friend of many senators hasn't disagreed.,A friend of many senators haven't disagreed.,morphology,subject_verb_agreement,distractor_agreement_relational_noun,True,True,False,False,212,-57.834739685058594,-56.00067901611328,0
The newspaper article about the Impressionists has shocked Paula.,The newspaper article about the Impressionists have shocked Paula.,morphology,subject_verb_agreement,distractor_agreement_relational_noun,True,True,False,False,213,-83.08319091796875,-81.53524780273438,0
The grandmother of the Borgias murmurs.,The grandmother of the Borgias murmur.,morphology,subject_verb_agreement,distractor_agreement_relational_noun,True,True,False,False,214,-59.080360412597656,-54.61840057373047,0
The cousin of these ladies has suffered.,The cousin of these ladies have suffered.,morphology,subject_verb_agreement,distractor_agreement_relational_noun,True,True,False,False,215,-45.451072692871094,-42.613731384277344,0
The painting of all hats has alarmed Chad.,The painting of all hats have alarmed Chad.,morphology,subject_verb_agreement,distractor_agreement_relational_noun,True,True,False,False,216,-63.21217727661133,-62.2953987121582,0
The book about the Impressionists doesn't disagree.,The book about the Impressionists don't disagree.,morphology,subject_verb_agreement,distractor_agreement_relational_noun,True,True,False,False,217,-64.52884674072266,-62.558074951171875,0
The stories about Winston Churchill are embarrassing some teenager.,The stories about Winston Churchill was embarrassing some teenager.,morphology,subject_verb_agreement,distractor_agreement_relational_noun,True,True,False,False,218,-70.05476379394531,-68.61654663085938,0
A nephew of those drivers doesn't paint.,A nephew of those drivers don't paint.,morphology,subject_verb_agreement,distractor_agreement_relational_noun,True,True,False,False,219,-52.553531646728516,-50.117286682128906,0
The grandmothers of Kristen do forget about what weren't profiting.,The grandmothers of Kristen does forget about what weren't profiting.,morphology,subject_verb_agreement,distractor_agreement_relational_noun,True,True,False,False,220,-88.23844146728516,-88.61949157714844,1
The cousins of every woman aren't investigating Todd.,The cousins of every woman wasn't investigating Todd.,morphology,subject_verb_agreement,distractor_agreement_relational_noun,True,True,False,False,221,-64.54199981689453,-63.221710205078125,0
A sketch of all ladies doesn't vanish.,A sketch of all ladies don't vanish.,morphology,subject_verb_agreement,distractor_agreement_relational_noun,True,True,False,False,222,-53.67473602294922,-52.28400421142578,0
The paintings of Melanie don't exist.,The paintings of Melanie doesn't exist.,morphology,subject_verb_agreement,distractor_agreement_relational_noun,True,True,False,False,223,-42.54164123535156,-42.907562255859375,1
The pamphlets about Galileo weren't winning.,The pamphlets about Galileo isn't winning.,morphology,subject_verb_agreement,distractor_agreement_relational_noun,True,True,False,False,224,-61.70839309692383,-60.295448303222656,0
The photographs of Matt have vanished.,The photographs of Matt has vanished.,morphology,subject_verb_agreement,distractor_agreement_relational_noun,True,True,False,False,225,-41.83837890625,-40.58094787597656,0
The documentary about the Great Lakes disgusts Tiffany.,The documentary about the Great Lakes disgust Tiffany.,morphology,subject_verb_agreement,distractor_agreement_relational_noun,True,True,False,False,226,-71.24043273925781,-66.21743774414062,0
The grandson of most adults has scared Vincent.,The grandson of most adults have scared Vincent.,morphology,subject_verb_agreement,distractor_agreement_relational_noun,True,True,False,False,227,-66.10258483886719,-63.703956604003906,0
The plays about literature astound Catherine.,The plays about literature astounds Catherine.,morphology,subject_verb_agreement,distractor_agreement_relational_noun,True,True,False,False,228,-59.868690490722656,-62.740291595458984,1
A picture of shirts doesn't appear.,A picture of shirts don't appear.,morphology,subject_verb_agreement,distractor_agreement_relational_noun,True,True,False,False,229,-43.9915771484375,-42.39825439453125,0
The friends of April order some woman to see.,The friends of April orders some woman to see.,morphology,subject_verb_agreement,distractor_agreement_relational_noun,True,True,False,False,230,-53.584075927734375,-57.207977294921875,1
A drawing of most slopes doesn't stun Gary.,A drawing of most slopes don't stun Gary.,morphology,subject_verb_agreement,distractor_agreement_relational_noun,True,True,False,False,231,-72.54483032226562,-71.19466400146484,0
The paintings of a library don't distract Margaret.,The paintings of a library doesn't distract Margaret.,morphology,subject_verb_agreement,distractor_agreement_relational_noun,True,True,False,False,232,-58.243408203125,-57.910545349121094,0
The cousins of William whisper.,The cousins of William whispers.,morphology,subject_verb_agreement,distractor_agreement_relational_noun,True,True,False,False,233,-38.619606018066406,-37.26233673095703,0
A father of men prompts Richard to sell the book.,A father of men prompt Richard to sell the book.,morphology,subject_verb_agreement,distractor_agreement_relational_noun,True,True,False,False,234,-73.0426025390625,-70.93309020996094,0
The daughter of most children wasn't spurring Theresa to fall asleep.,The daughter of most children weren't spurring Theresa to fall asleep.,morphology,subject_verb_agreement,distractor_agreement_relational_noun,True,True,False,False,235,-89.236572265625,-89.37252807617188,1
A report about the Impressionists confuses Stacey.,A report about the Impressionists confuse Stacey.,morphology,subject_verb_agreement,distractor_agreement_relational_noun,True,True,False,False,236,-81.97403717041016,-76.54102325439453,0
The show about the Great Lakes doesn't upset Anna.,The show about the Great Lakes don't upset Anna.,morphology,subject_verb_agreement,distractor_agreement_relational_noun,True,True,False,False,237,-62.714935302734375,-61.73661804199219,0
The paintings of this mirror don't waste away.,The paintings of this mirror doesn't waste away.,morphology,subject_verb_agreement,distractor_agreement_relational_noun,True,True,False,False,238,-53.29267120361328,-53.4354362487793,1
The brother of those girls is talking.,The brother of those girls are talking.,morphology,subject_verb_agreement,distractor_agreement_relational_noun,True,True,False,False,239,-40.67869567871094,-37.23651885986328,0
The mother of many adults has learned.,The mother of many adults have learned.,morphology,subject_verb_agreement,distractor_agreement_relational_noun,True,True,False,False,240,-42.850975036621094,-40.0268440246582,0
The grandmother of teenagers is reading.,The grandmother of teenagers were reading.,morphology,subject_verb_agreement,distractor_agreement_relational_noun,True,True,False,False,241,-43.24946594238281,-43.39826583862305,1
The pictures of some apple don't distract some guests.,The pictures of some apple doesn't distract some guests.,morphology,subject_verb_agreement,distractor_agreement_relational_noun,True,True,False,False,242,-63.20792007446289,-62.70299530029297,0
The brochures about politics have alarmed a lot of teenagers.,The brochures about politics has alarmed a lot of teenagers.,morphology,subject_verb_agreement,distractor_agreement_relational_noun,True,True,False,False,243,-73.28587341308594,-74.26370239257812,1
The sketch of the Borgias has annoyed Colleen.,The sketch of the Borgias have annoyed Colleen.,morphology,subject_verb_agreement,distractor_agreement_relational_noun,True,True,False,False,244,-75.80472564697266,-75.86235046386719,1
A play about the Impressionists has confused Suzanne.,A play about the Impressionists have confused Suzanne.,morphology,subject_verb_agreement,distractor_agreement_relational_noun,True,True,False,False,245,-76.40126037597656,-74.7161865234375,0
The documentaries about music don't hurt Lucille.,The documentaries about music doesn't hurt Lucille.,morphology,subject_verb_agreement,distractor_agreement_relational_noun,True,True,False,False,246,-62.392669677734375,-62.388423919677734,0
The brothers of Bill hate Timothy.,The brothers of Bill hates Timothy.,morphology,subject_verb_agreement,distractor_agreement_relational_noun,True,True,False,False,247,-49.31159210205078,-47.60753631591797,0
The newspaper article about the Lutherans exists.,The newspaper article about the Lutherans exist.,morphology,subject_verb_agreement,distractor_agreement_relational_noun,True,True,False,False,248,-60.45677947998047,-59.20490646362305,0
The movies about Galileo haven't distracted Amy.,The movies about Galileo hasn't distracted Amy.,morphology,subject_verb_agreement,distractor_agreement_relational_noun,True,True,False,False,249,-61.03125,-59.975460052490234,0
A newspaper article about the Impressionists astounds Ann.,A newspaper article about the Impressionists astound Ann.,morphology,subject_verb_agreement,distractor_agreement_relational_noun,True,True,False,False,250,-87.30693054199219,-84.86355590820312,0
The commentary about the Borgias wins.,The commentary about the Borgias win.,morphology,subject_verb_agreement,distractor_agreement_relational_noun,True,True,False,False,251,-52.58992385864258,-51.735626220703125,0
An essay about the Borgias hasn't bothered Beth.,An essay about the Borgias haven't bothered Beth.,morphology,subject_verb_agreement,distractor_agreement_relational_noun,True,True,False,False,252,-70.9303970336914,-70.89555358886719,0
The granddaughters of Thomas have messed up this high school.,The granddaughters of Thomas has messed up this high school.,morphology,subject_verb_agreement,distractor_agreement_relational_noun,True,True,False,False,253,-75.22877502441406,-73.74333190917969,0
The essay about current events has shocked the Impressionists.,The essay about current events have shocked the Impressionists.,morphology,subject_verb_agreement,distractor_agreement_relational_noun,True,True,False,False,254,-81.9525375366211,-80.39359283447266,0
The sister of these dancers has swallowed.,The sister of these dancers have swallowed.,morphology,subject_verb_agreement,distractor_agreement_relational_noun,True,True,False,False,255,-49.40644836425781,-46.506168365478516,0
The photographs of Beverly look like Bill.,The photographs of Beverly looks like Bill.,morphology,subject_verb_agreement,distractor_agreement_relational_noun,True,True,False,False,256,-50.507102966308594,-48.51447296142578,0
The photograph of all patients isn't bothering the customer.,The photograph of all patients aren't bothering the customer.,morphology,subject_verb_agreement,distractor_agreement_relational_noun,True,True,False,False,257,-63.82042694091797,-63.13990020751953,0
The pamphlets about Harvard University do distract every library.,The pamphlets about Harvard University does distract every library.,morphology,subject_verb_agreement,distractor_agreement_relational_noun,True,True,False,False,258,-80.45318603515625,-80.60462951660156,1
A daughter of students struggles.,A daughter of students struggle.,morphology,subject_verb_agreement,distractor_agreement_relational_noun,True,True,False,False,259,-38.77613830566406,-37.67449951171875,0
The book about current events hasn't scared Michelle.,The book about current events haven't scared Michelle.,morphology,subject_verb_agreement,distractor_agreement_relational_noun,True,True,False,False,260,-63.835411071777344,-62.15550994873047,0
The brothers of Frank aren't healing Sonia.,The brothers of Frank wasn't healing Sonia.,morphology,subject_verb_agreement,distractor_agreement_relational_noun,True,True,False,False,261,-61.75959014892578,-60.51922607421875,0
The shows about Winston Churchill do hurt Andrew.,The shows about Winston Churchill does hurt Andrew.,morphology,subject_verb_agreement,distractor_agreement_relational_noun,True,True,False,False,262,-64.10449981689453,-64.07176208496094,0
The drawing of schools does scare Ellen.,The drawing of schools do scare Ellen.,morphology,subject_verb_agreement,distractor_agreement_relational_noun,True,True,False,False,263,-55.81742858886719,-53.60103988647461,0
The pamphlets about Galileo are wasting away.,The pamphlets about Galileo is wasting away.,morphology,subject_verb_agreement,distractor_agreement_relational_noun,True,True,False,False,264,-61.78839111328125,-62.14154815673828,1
The report about the Lutherans impresses Jerry.,The report about the Lutherans impress Jerry.,morphology,subject_verb_agreement,distractor_agreement_relational_noun,True,True,False,False,265,-72.48222351074219,-67.02206420898438,0
A book about the Lutherans does resemble some print.,A book about the Lutherans do resemble some print.,morphology,subject_verb_agreement,distractor_agreement_relational_noun,True,True,False,False,266,-78.40971374511719,-75.1019515991211,0
The daughter of some waiters wasn't sneezing.,The daughter of some waiters aren't sneezing.,morphology,subject_verb_agreement,distractor_agreement_relational_noun,True,True,False,False,267,-63.111236572265625,-62.93912887573242,0
A mother of many teenagers hasn't tempted Frank to get a job.,A mother of many teenagers haven't tempted Frank to get a job.,morphology,subject_verb_agreement,distractor_agreement_relational_noun,True,True,False,False,268,-83.43876647949219,-81.68451690673828,0
The brothers of Daniel have broken the plate.,The brothers of Daniel has broken the plate.,morphology,subject_verb_agreement,distractor_agreement_relational_noun,True,True,False,False,269,-52.64421844482422,-50.9892578125,0
The reports about Jesus were winning.,The reports about Jesus is winning.,morphology,subject_verb_agreement,distractor_agreement_relational_noun,True,True,False,False,270,-43.11289596557617,-39.87839126586914,0
A painting of all guys hasn't aggravated Matt.,A painting of all guys haven't aggravated Matt.,morphology,subject_verb_agreement,distractor_agreement_relational_noun,True,True,False,False,271,-63.90938186645508,-61.66254425048828,0
The prints of this pork aren't distracting Denise.,The prints of this pork wasn't distracting Denise.,morphology,subject_verb_agreement,distractor_agreement_relational_noun,True,True,False,False,272,-67.0980453491211,-67.40011596679688,1
The nieces of some boy are wasting away.,The nieces of some boy is wasting away.,morphology,subject_verb_agreement,distractor_agreement_relational_noun,True,True,False,False,273,-65.68675231933594,-63.3226203918457,0
The friend of many ladies doubts some cart hadn't tipped over.,The friend of many ladies doubt some cart hadn't tipped over.,morphology,subject_verb_agreement,distractor_agreement_relational_noun,True,True,False,False,274,-87.36837768554688,-84.00900268554688,0
The drawings of a movie theater embarrass Candice.,The drawings of a movie theater embarrasses Candice.,morphology,subject_verb_agreement,distractor_agreement_relational_noun,True,True,False,False,275,-69.47032928466797,-74.47052001953125,1
The nieces of Alexander do yell.,The nieces of Alexander does yell.,morphology,subject_verb_agreement,distractor_agreement_relational_noun,True,True,False,False,276,-57.66576385498047,-59.133506774902344,1
The cousins of Michael haven't listened to Amanda.,The cousins of Michael hasn't listened to Amanda.,morphology,subject_verb_agreement,distractor_agreement_relational_noun,True,True,False,False,277,-58.883846282958984,-57.5010986328125,0
The granddaughter of the Impressionists doesn't depart.,The granddaughter of the Impressionists don't depart.,morphology,subject_verb_agreement,distractor_agreement_relational_noun,True,True,False,False,278,-64.64521789550781,-62.95172119140625,0
The stories about travel embarrass Michael.,The stories about travel embarrasses Michael.,morphology,subject_verb_agreement,distractor_agreement_relational_noun,True,True,False,False,279,-49.16535949707031,-57.407596588134766,1
The fathers of every senator entice Monet to hide steps.,The fathers of every senator entices Monet to hide steps.,morphology,subject_verb_agreement,distractor_agreement_relational_noun,True,True,False,False,280,-92.14690399169922,-94.80452728271484,1
The sons of Frank entreat the companies to explain everything.,The sons of Frank entreats the companies to explain everything.,morphology,subject_verb_agreement,distractor_agreement_relational_noun,True,True,False,False,281,-72.567626953125,-80.53791046142578,1
The brochures about Harvard University do annoy this dancer.,The brochures about Harvard University does annoy this dancer.,morphology,subject_verb_agreement,distractor_agreement_relational_noun,True,True,False,False,282,-76.29119110107422,-77.02825927734375,1
The daughters of Galileo were needing to lift the stairs.,The daughters of Galileo was needing to lift the stairs.,morphology,subject_verb_agreement,distractor_agreement_relational_noun,True,True,False,False,283,-65.01211547851562,-63.59434509277344,0
The grandmother of the Clintons complains about Robert.,The grandmother of the Clintons complain about Robert.,morphology,subject_verb_agreement,distractor_agreement_relational_noun,True,True,False,False,284,-62.55284118652344,-64.57986450195312,1
The books about music haven't scared Scott.,The books about music hasn't scared Scott.,morphology,subject_verb_agreement,distractor_agreement_relational_noun,True,True,False,False,285,-52.240657806396484,-53.18962860107422,1
A son of all drivers hasn't concealed who is lifting the apples.,A son of all drivers haven't concealed who is lifting the apples.,morphology,subject_verb_agreement,distractor_agreement_relational_noun,True,True,False,False,286,-91.57416534423828,-89.77364349365234,0
The grandfather of the Borgias cares for Naomi.,The grandfather of the Borgias care for Naomi.,morphology,subject_verb_agreement,distractor_agreement_relational_noun,True,True,False,False,287,-63.61256408691406,-62.410743713378906,0
The daughter of many drivers has anticipated a lot of students to bake.,The daughter of many drivers have anticipated a lot of students to bake.,morphology,subject_verb_agreement,distractor_agreement_relational_noun,True,True,False,False,288,-77.91285705566406,-75.11385345458984,0
The prints of Rachel have impressed Kendra.,The prints of Rachel has impressed Kendra.,morphology,subject_verb_agreement,distractor_agreement_relational_noun,True,True,False,False,289,-66.28425598144531,-64.47209930419922,0
The movies about Spain don't disgust Harvard University.,The movies about Spain doesn't disgust Harvard University.,morphology,subject_verb_agreement,distractor_agreement_relational_noun,True,True,False,False,290,-65.99583435058594,-67.43948364257812,1
The nephews of Vincent do dare Dennis to examine a story.,The nephews of Vincent does dare Dennis to examine a story.,morphology,subject_verb_agreement,distractor_agreement_relational_noun,True,True,False,False,291,-83.21385192871094,-85.48535919189453,1
A show about the Impressionists was disagreeing.,A show about the Impressionists are disagreeing.,morphology,subject_verb_agreement,distractor_agreement_relational_noun,True,True,False,False,292,-67.85009765625,-64.96569061279297,0
A movie about the Lutherans doesn't bore Thomas.,A movie about the Lutherans don't bore Thomas.,morphology,subject_verb_agreement,distractor_agreement_relational_noun,True,True,False,False,293,-71.58293151855469,-69.79815673828125,0
The niece of women sells many projectors.,The niece of women sell many projectors.,morphology,subject_verb_agreement,distractor_agreement_relational_noun,True,True,False,False,294,-63.27698516845703,-63.234893798828125,0
The newspaper articles about art don't distract Joel.,The newspaper articles about art doesn't distract Joel.,morphology,subject_verb_agreement,distractor_agreement_relational_noun,True,True,False,False,295,-68.55258178710938,-68.81417846679688,1
The paintings of Beverly have disgusted that woman.,The paintings of Beverly has disgusted that woman.,morphology,subject_verb_agreement,distractor_agreement_relational_noun,True,True,False,False,296,-60.540164947509766,-59.589569091796875,0
The book about the Borgias does embarrass Michael.,The book about the Borgias do embarrass Michael.,morphology,subject_verb_agreement,distractor_agreement_relational_noun,True,True,False,False,297,-68.32183837890625,-66.54109191894531,0
An essay about current events doesn't shock Rose.,An essay about current events don't shock Rose.,morphology,subject_verb_agreement,distractor_agreement_relational_noun,True,True,False,False,298,-68.02972412109375,-65.92484283447266,0
The newspaper article about the Great Lakes is hurting Elaine.,The newspaper article about the Great Lakes are hurting Elaine.,morphology,subject_verb_agreement,distractor_agreement_relational_noun,True,True,False,False,299,-68.34326171875,-66.80624389648438,0
The granddaughters of Stacy weren't departing.,The granddaughters of Stacy wasn't departing.,morphology,subject_verb_agreement,distractor_agreement_relational_noun,True,True,False,False,300,-67.6221923828125,-66.9155502319336,0
The books about politics stun Leslie.,The books about politics stuns Leslie.,morphology,subject_verb_agreement,distractor_agreement_relational_noun,True,True,False,False,301,-50.20040512084961,-56.67426681518555,1
The daughters of Melanie do motivate the nephews of Sandra to benefit.,The daughters of Melanie does motivate the nephews of Sandra to benefit.,morphology,subject_verb_agreement,distractor_agreement_relational_noun,True,True,False,False,302,-94.71881103515625,-95.59967041015625,1
The prints of every vase aggravate Nina.,The prints of every vase aggravates Nina.,morphology,subject_verb_agreement,distractor_agreement_relational_noun,True,True,False,False,303,-66.94381713867188,-70.22514343261719,1
The grandmother of the Impressionists was getting fired.,The grandmother of the Impressionists were getting fired.,morphology,subject_verb_agreement,distractor_agreement_relational_noun,True,True,False,False,304,-66.89059448242188,-64.67558288574219,0
A report about current events was stunning Teresa.,A report about current events are stunning Teresa.,morphology,subject_verb_agreement,distractor_agreement_relational_noun,True,True,False,False,305,-64.34844970703125,-62.13272476196289,0
A book about the Borgias is disgusting these committees.,A book about the Borgias were disgusting these committees.,morphology,subject_verb_agreement,distractor_agreement_relational_noun,True,True,False,False,306,-69.95783996582031,-72.14353942871094,1
The reports about Galileo aren't disappearing.,The reports about Galileo wasn't disappearing.,morphology,subject_verb_agreement,distractor_agreement_relational_noun,True,True,False,False,307,-50.281097412109375,-49.77141571044922,0
The sketch of a lot of jackets doesn't upset organizations.,The sketch of a lot of jackets don't upset organizations.,morphology,subject_verb_agreement,distractor_agreement_relational_noun,True,True,False,False,308,-72.10491943359375,-70.01905059814453,0
The grandsons of Grace don't sit down.,The grandsons of Grace doesn't sit down.,morphology,subject_verb_agreement,distractor_agreement_relational_noun,True,True,False,False,309,-57.66795349121094,-58.69886779785156,1
A friend of teachers isn't worrying many guys.,A friend of teachers weren't worrying many guys.,morphology,subject_verb_agreement,distractor_agreement_relational_noun,True,True,False,False,310,-57.6483039855957,-55.99403762817383,0
The pamphlets about Monet disappear.,The pamphlets about Monet disappears.,morphology,subject_verb_agreement,distractor_agreement_relational_noun,True,True,False,False,311,-56.164615631103516,-57.60013961791992,1
The shows about Galileo weren't disturbing those women.,The shows about Galileo isn't disturbing those women.,morphology,subject_verb_agreement,distractor_agreement_relational_noun,True,True,False,False,312,-62.358642578125,-62.5673713684082,1
The mothers of Jacqueline observe every actress.,The mothers of Jacqueline observes every actress.,morphology,subject_verb_agreement,distractor_agreement_relational_noun,True,True,False,False,313,-61.965484619140625,-63.34638214111328,1
A cousin of most waiters doesn't order Cynthia to bake.,A cousin of most waiters don't order Cynthia to bake.,morphology,subject_verb_agreement,distractor_agreement_relational_noun,True,True,False,False,314,-93.41471862792969,-92.15450286865234,0
The grandfathers of Bethany have compelled that organization to like Steven.,The grandfathers of Bethany has compelled that organization to like Steven.,morphology,subject_verb_agreement,distractor_agreement_relational_noun,True,True,False,False,315,-98.15078735351562,-98.41600799560547,1
The newspaper article about current events has aggravated most associations.,The newspaper article about current events have aggravated most associations.,morphology,subject_verb_agreement,distractor_agreement_relational_noun,True,True,False,False,316,-76.34563446044922,-74.10139465332031,0
The friends of Jacqueline haven't respected Travis.,The friends of Jacqueline hasn't respected Travis.,morphology,subject_verb_agreement,distractor_agreement_relational_noun,True,True,False,False,317,-66.88137817382812,-66.71717834472656,0
The photograph of some drivers upsets Walter.,The photograph of some drivers upset Walter.,morphology,subject_verb_agreement,distractor_agreement_relational_noun,True,True,False,False,318,-61.52583694458008,-54.05436706542969,0
The photographs of Bill disappear.,The photographs of Bill disappears.,morphology,subject_verb_agreement,distractor_agreement_relational_noun,True,True,False,False,319,-35.580047607421875,-36.34528732299805,1
The books about Jesus have wasted away.,The books about Jesus has wasted away.,morphology,subject_verb_agreement,distractor_agreement_relational_noun,True,True,False,False,320,-48.64363098144531,-47.62417221069336,0
The paintings of an art gallery impress Rodney.,The paintings of an art gallery impresses Rodney.,morphology,subject_verb_agreement,distractor_agreement_relational_noun,True,True,False,False,321,-62.498416900634766,-68.93335723876953,1
The commentaries about Harvard University aggravate Cindy.,The commentaries about Harvard University aggravates Cindy.,morphology,subject_verb_agreement,distractor_agreement_relational_noun,True,True,False,False,322,-78.12614440917969,-81.25546264648438,1
The documentary about the Clintons sounds like these senators.,The documentary about the Clintons sound like these senators.,morphology,subject_verb_agreement,distractor_agreement_relational_noun,True,True,False,False,323,-66.94810485839844,-68.94062805175781,1
A niece of most waitresses isn't motivating Heather to talk about Janet.,A niece of most waitresses aren't motivating Heather to talk about Janet.,morphology,subject_verb_agreement,distractor_agreement_relational_noun,True,True,False,False,324,-112.32395935058594,-112.03480529785156,0
An essay about the Impressionists does sound like Gary.,An essay about the Impressionists do sound like Gary.,morphology,subject_verb_agreement,distractor_agreement_relational_noun,True,True,False,False,325,-77.39933776855469,-75.66262817382812,0
The commentary about the Balkans hasn't stunned Wendy.,The commentary about the Balkans haven't stunned Wendy.,morphology,subject_verb_agreement,distractor_agreement_relational_noun,True,True,False,False,326,-66.2342529296875,-64.95671081542969,0
The daughter of all girls hasn't forgotten what was vaporizing.,The daughter of all girls haven't forgotten what was vaporizing.,morphology,subject_verb_agreement,distractor_agreement_relational_noun,True,True,False,False,327,-73.50155639648438,-72.07305908203125,0
The essays about literature bother Carolyn.,The essays about literature bothers Carolyn.,morphology,subject_verb_agreement,distractor_agreement_relational_noun,True,True,False,False,328,-53.52503967285156,-52.80682373046875,0
The cousin of a lot of adults heals Heather.,The cousin of a lot of adults heal Heather.,morphology,subject_verb_agreement,distractor_agreement_relational_noun,True,True,False,False,329,-67.87342834472656,-61.528236389160156,0
The paintings of some skirt do bore Tanya.,The paintings of some skirt does bore Tanya.,morphology,subject_verb_agreement,distractor_agreement_relational_noun,True,True,False,False,330,-66.46212005615234,-68.40234375,1
The grandmothers of Gary aren't managing to shock many teenagers.,The grandmothers of Gary isn't managing to shock many teenagers.,morphology,subject_verb_agreement,distractor_agreement_relational_noun,True,True,False,False,331,-90.96345520019531,-89.36355590820312,0
The reports about music stun Susan.,The reports about music stuns Susan.,morphology,subject_verb_agreement,distractor_agreement_relational_noun,True,True,False,False,332,-49.97697067260742,-56.65110397338867,1
The granddaughter of a lot of adults arrives at Harvard University.,The granddaughter of a lot of adults arrive at Harvard University.,morphology,subject_verb_agreement,distractor_agreement_relational_noun,True,True,False,False,333,-61.993831634521484,-60.3129768371582,0
The prints of Erin were confusing every company.,The prints of Erin is confusing every company.,morphology,subject_verb_agreement,distractor_agreement_relational_noun,True,True,False,False,334,-56.39324951171875,-57.164608001708984,1
The documentary about the Clintons distracts Susan.,The documentary about the Clintons distract Susan.,morphology,subject_verb_agreement,distractor_agreement_relational_noun,True,True,False,False,335,-65.5223388671875,-62.217010498046875,0
The sons of Beverly don't fail to buy those mushrooms.,The sons of Beverly doesn't fail to buy those mushrooms.,morphology,subject_verb_agreement,distractor_agreement_relational_noun,True,True,False,False,336,-68.3060302734375,-67.9368896484375,0
The sisters of Theodore forget about what don't open.,The sisters of Theodore forgets about what don't open.,morphology,subject_verb_agreement,distractor_agreement_relational_noun,True,True,False,False,337,-61.46995544433594,-69.25762939453125,1
A niece of most guests watches Derek.,A niece of most guests watch Derek.,morphology,subject_verb_agreement,distractor_agreement_relational_noun,True,True,False,False,338,-61.057472229003906,-59.64432144165039,0
The grandmother of these cashiers wasn't motivating Tara's guests to weep.,The grandmother of these cashiers aren't motivating Tara's guests to weep.,morphology,subject_verb_agreement,distractor_agreement_relational_noun,True,True,False,False,339,-107.76114654541016,-108.78950500488281,1
The pamphlets about art don't irritate Alice.,The pamphlets about art doesn't irritate Alice.,morphology,subject_verb_agreement,distractor_agreement_relational_noun,True,True,False,False,340,-71.3131103515625,-71.76061248779297,1
The report about the Clintons resembles a print.,The report about the Clintons resemble a print.,morphology,subject_verb_agreement,distractor_agreement_relational_noun,True,True,False,False,341,-58.54035568237305,-62.379844665527344,1
The mother of the Impressionists swallows.,The mother of the Impressionists swallow.,morphology,subject_verb_agreement,distractor_agreement_relational_noun,True,True,False,False,342,-56.289329528808594,-55.69182586669922,0
The picture of all candles hasn't alarmed some universities.,The picture of all candles haven't alarmed some universities.,morphology,subject_verb_agreement,distractor_agreement_relational_noun,True,True,False,False,343,-69.55915832519531,-67.52626037597656,0
The photographs of Sheila haven't bored Erin.,The photographs of Sheila hasn't bored Erin.,morphology,subject_verb_agreement,distractor_agreement_relational_noun,True,True,False,False,344,-60.77485656738281,-61.007041931152344,1
The friends of Homer do distract every hospital.,The friends of Homer does distract every hospital.,morphology,subject_verb_agreement,distractor_agreement_relational_noun,True,True,False,False,345,-57.23307418823242,-57.74333953857422,1
The show about the Great Lakes was scaring Julia.,The show about the Great Lakes are scaring Julia.,morphology,subject_verb_agreement,distractor_agreement_relational_noun,True,True,False,False,346,-64.50326538085938,-63.20249938964844,0
The movies about Harvard University haven't astounded Kevin.,The movies about Harvard University hasn't astounded Kevin.,morphology,subject_verb_agreement,distractor_agreement_relational_noun,True,True,False,False,347,-71.27268981933594,-71.60427856445312,1
The granddaughters of every customer don't fire a waitress.,The granddaughters of every customer doesn't fire a waitress.,morphology,subject_verb_agreement,distractor_agreement_relational_noun,True,True,False,False,348,-81.93347930908203,-80.31241607666016,0
The photographs of Alexander resemble all sketches.,The photographs of Alexander resembles all sketches.,morphology,subject_verb_agreement,distractor_agreement_relational_noun,True,True,False,False,349,-53.673744201660156,-51.529476165771484,0
The picture of those cucumbers astounds Kayla.,The picture of those cucumbers astound Kayla.,morphology,subject_verb_agreement,distractor_agreement_relational_noun,True,True,False,False,350,-77.80172729492188,-77.13566589355469,0
A print of the dresses astounds Regina.,A print of the dresses astound Regina.,morphology,subject_verb_agreement,distractor_agreement_relational_noun,True,True,False,False,351,-64.13187408447266,-62.11558532714844,0
A pamphlet about the Borgias aggravates most hospitals.,A pamphlet about the Borgias aggravate most hospitals.,morphology,subject_verb_agreement,distractor_agreement_relational_noun,True,True,False,False,352,-82.0906982421875,-79.68548583984375,0
The nieces of an adult arrive at these malls.,The nieces of an adult arrives at these malls.,morphology,subject_verb_agreement,distractor_agreement_relational_noun,True,True,False,False,353,-73.63301849365234,-74.9051742553711,1
The grandfathers of Rose reveal these wheelbarrows.,The grandfathers of Rose reveals these wheelbarrows.,morphology,subject_verb_agreement,distractor_agreement_relational_noun,True,True,False,False,354,-78.09166717529297,-78.17520141601562,1
The drawing of the carriages astounds Anne.,The drawing of the carriages astound Anne.,morphology,subject_verb_agreement,distractor_agreement_relational_noun,True,True,False,False,355,-62.483760833740234,-60.16166305541992,0
The reports about art do aggravate Janice.,The reports about art does aggravate Janice.,morphology,subject_verb_agreement,distractor_agreement_relational_noun,True,True,False,False,356,-68.19970703125,-69.29296875,1
The pamphlets about Galileo appear.,The pamphlets about Galileo appears.,morphology,subject_verb_agreement,distractor_agreement_relational_noun,True,True,False,False,357,-51.41796875,-50.78130340576172,0
A print of some high schools vanishes.,A print of some high schools vanish.,morphology,subject_verb_agreement,distractor_agreement_relational_noun,True,True,False,False,358,-62.06262969970703,-50.770442962646484,0
The show about the Balkans is worrying Stacey.,The show about the Balkans were worrying Stacey.,morphology,subject_verb_agreement,distractor_agreement_relational_noun,True,True,False,False,359,-59.9592170715332,-60.89552307128906,1
A granddaughter of the Impressionists isn't revealing the cake.,A granddaughter of the Impressionists weren't revealing the cake.,morphology,subject_verb_agreement,distractor_agreement_relational_noun,True,True,False,False,360,-78.99874114990234,-78.53627014160156,0
The story about the Great Lakes hasn't shocked Beverly.,The story about the Great Lakes haven't shocked Beverly.,morphology,subject_verb_agreement,distractor_agreement_relational_noun,True,True,False,False,361,-67.28688049316406,-66.24937438964844,0
The grandfathers of the dancer convince Spain to dislike Samantha.,The grandfathers of the dancer convinces Spain to dislike Samantha.,morphology,subject_verb_agreement,distractor_agreement_relational_noun,True,True,False,False,362,-86.79844665527344,-97.46369171142578,1
The mothers of Karla do see the Borgias.,The mothers of Karla does see the Borgias.,morphology,subject_verb_agreement,distractor_agreement_relational_noun,True,True,False,False,363,-73.35791015625,-74.67205810546875,1
The sister of patients sits down.,The sister of patients sit down.,morphology,subject_verb_agreement,distractor_agreement_relational_noun,True,True,False,False,364,-40.41471862792969,-38.68518829345703,0
The brother of some customers does go fishing.,The brother of some customers do go fishing.,morphology,subject_verb_agreement,distractor_agreement_relational_noun,True,True,False,False,365,-55.0696907043457,-53.70937728881836,0
The sisters of a woman were intending to protest.,The sisters of a woman is intending to protest.,morphology,subject_verb_agreement,distractor_agreement_relational_noun,True,True,False,False,366,-51.977394104003906,-50.702850341796875,0
The sketch of a lot of turtles doesn't embarrass Laura.,The sketch of a lot of turtles don't embarrass Laura.,morphology,subject_verb_agreement,distractor_agreement_relational_noun,True,True,False,False,367,-66.2108154296875,-63.81911087036133,0
The sketches of that hair aren't hurting Martin.,The sketches of that hair wasn't hurting Martin.,morphology,subject_verb_agreement,distractor_agreement_relational_noun,True,True,False,False,368,-63.05489730834961,-62.13785171508789,0
The granddaughters of Becca try to disagree.,The granddaughters of Becca tries to disagree.,morphology,subject_verb_agreement,distractor_agreement_relational_noun,True,True,False,False,369,-72.19261932373047,-70.51455688476562,0
The drawings of this dress bore Gerald.,The drawings of this dress bores Gerald.,morphology,subject_verb_agreement,distractor_agreement_relational_noun,True,True,False,False,370,-53.80430603027344,-59.308021545410156,1
The pictures of some mouth distract a university.,The pictures of some mouth distracts a university.,morphology,subject_verb_agreement,distractor_agreement_relational_noun,True,True,False,False,371,-57.048526763916016,-58.62385559082031,1
The grandmothers of Diana do scratch.,The grandmothers of Diana does scratch.,morphology,subject_verb_agreement,distractor_agreement_relational_noun,True,True,False,False,372,-53.921348571777344,-55.038543701171875,1
The book about the Great Lakes doesn't hurt Douglas.,The book about the Great Lakes don't hurt Douglas.,morphology,subject_verb_agreement,distractor_agreement_relational_noun,True,True,False,False,373,-59.929969787597656,-58.55368423461914,0
A sister of the men was breaking the wheelbarrows.,A sister of the men were breaking the wheelbarrows.,morphology,subject_verb_agreement,distractor_agreement_relational_noun,True,True,False,False,374,-67.1224365234375,-63.490779876708984,0
The books about travel aren't alarming this government.,The books about travel isn't alarming this government.,morphology,subject_verb_agreement,distractor_agreement_relational_noun,True,True,False,False,375,-65.2960433959961,-64.64158630371094,0
The movie about the Balkans does worry Angela.,The movie about the Balkans do worry Angela.,morphology,subject_verb_agreement,distractor_agreement_relational_noun,True,True,False,False,376,-56.02777099609375,-56.397979736328125,1
The grandmothers of Vanessa do approach Maria.,The grandmothers of Vanessa does approach Maria.,morphology,subject_verb_agreement,distractor_agreement_relational_noun,True,True,False,False,377,-65.37886047363281,-66.19261169433594,1
The shows about literature don't stun Victoria.,The shows about literature doesn't stun Victoria.,morphology,subject_verb_agreement,distractor_agreement_relational_noun,True,True,False,False,378,-60.2004280090332,-61.317874908447266,1
A friend of teenagers doesn't force Kevin to perform.,A friend of teenagers don't force Kevin to perform.,morphology,subject_verb_agreement,distractor_agreement_relational_noun,True,True,False,False,379,-70.90469360351562,-69.55755615234375,0
The grandmothers of Roger are compromising.,The grandmothers of Roger is compromising.,morphology,subject_verb_agreement,distractor_agreement_relational_noun,True,True,False,False,380,-56.12626266479492,-55.39423370361328,0
The sons of Vincent haven't convinced Alice to astound Natalie.,The sons of Vincent hasn't convinced Alice to astound Natalie.,morphology,subject_verb_agreement,distractor_agreement_relational_noun,True,True,False,False,381,-93.82892608642578,-92.42335510253906,0
The shows about Monet don't confuse Andrea.,The shows about Monet doesn't confuse Andrea.,morphology,subject_verb_agreement,distractor_agreement_relational_noun,True,True,False,False,382,-65.95791625976562,-65.70721435546875,0
The commentaries about travel impress Helen.,The commentaries about travel impresses Helen.,morphology,subject_verb_agreement,distractor_agreement_relational_noun,True,True,False,False,383,-63.81688690185547,-71.2053451538086,1
The plays about Spain do irritate this guest.,The plays about Spain does irritate this guest.,morphology,subject_verb_agreement,distractor_agreement_relational_noun,True,True,False,False,384,-62.859275817871094,-64.25543212890625,1
The father of many students is whispering.,The father of many students are whispering.,morphology,subject_verb_agreement,distractor_agreement_relational_noun,True,True,False,False,385,-44.42994689941406,-42.476417541503906,0
A nephew of many people doesn't bake.,A nephew of many people don't bake.,morphology,subject_verb_agreement,distractor_agreement_relational_noun,True,True,False,False,386,-49.18170166015625,-46.13960266113281,0
The sister of all teenagers doesn't lift a lot of skirts.,The sister of all teenagers don't lift a lot of skirts.,morphology,subject_verb_agreement,distractor_agreement_relational_noun,True,True,False,False,387,-71.23681640625,-69.47235107421875,0
The shows about politics haven't aggravated Joel.,The shows about politics hasn't aggravated Joel.,morphology,subject_verb_agreement,distractor_agreement_relational_noun,True,True,False,False,388,-59.56269454956055,-60.432090759277344,1
A book about the Great Lakes doesn't astound Suzanne.,A book about the Great Lakes don't astound Suzanne.,morphology,subject_verb_agreement,distractor_agreement_relational_noun,True,True,False,False,389,-77.35722351074219,-76.41820526123047,0
The play about the Clintons has disagreed.,The play about the Clintons have disagreed.,morphology,subject_verb_agreement,distractor_agreement_relational_noun,True,True,False,False,390,-56.083648681640625,-56.559181213378906,1
The grandfather of the Clintons responds.,The grandfather of the Clintons respond.,morphology,subject_verb_agreement,distractor_agreement_relational_noun,True,True,False,False,391,-46.83149719238281,-46.42935562133789,0
A daughter of all doctors was imploring Kimberley to read.,A daughter of all doctors were imploring Kimberley to read.,morphology,subject_verb_agreement,distractor_agreement_relational_noun,True,True,False,False,392,-86.96649932861328,-84.80045318603516,0
The nieces of Wendy do look like many photographs.,The nieces of Wendy does look like many photographs.,morphology,subject_verb_agreement,distractor_agreement_relational_noun,True,True,False,False,393,-74.26878356933594,-74.25093078613281,0
The prints of Randolf were wasting away.,The prints of Randolf was wasting away.,morphology,subject_verb_agreement,distractor_agreement_relational_noun,True,True,False,False,394,-60.705413818359375,-58.894256591796875,0
The play about the Balkans hasn't disgusted Deanna.,The play about the Balkans haven't disgusted Deanna.,morphology,subject_verb_agreement,distractor_agreement_relational_noun,True,True,False,False,395,-76.01498413085938,-74.90376281738281,0
A drawing of most prints hasn't looked like every hamster.,A drawing of most prints haven't looked like every hamster.,morphology,subject_verb_agreement,distractor_agreement_relational_noun,True,True,False,False,396,-79.42276000976562,-78.28945922851562,0
A cousin of pedestrians has gone fishing.,A cousin of pedestrians have gone fishing.,morphology,subject_verb_agreement,distractor_agreement_relational_noun,True,True,False,False,397,-51.38673782348633,-51.283084869384766,0
The sisters of Alan do win.,The sisters of Alan does win.,morphology,subject_verb_agreement,distractor_agreement_relational_noun,True,True,False,False,398,-44.41337203979492,-44.25933074951172,0
A commentary about the Borgias does scare some cashiers.,A commentary about the Borgias do scare some cashiers.,morphology,subject_verb_agreement,distractor_agreement_relational_noun,True,True,False,False,399,-86.89169311523438,-86.05406951904297,0
A movie about the Clintons isn't winning.,A movie about the Clintons weren't winning.,morphology,subject_verb_agreement,distractor_agreement_relational_noun,True,True,False,False,400,-54.712120056152344,-56.56460189819336,1
The pictures of Douglas do annoy Dana.,The pictures of Douglas does annoy Dana.,morphology,subject_verb_agreement,distractor_agreement_relational_noun,True,True,False,False,401,-57.57032775878906,-57.875205993652344,1
A pamphlet about the Borgias has bothered Samantha.,A pamphlet about the Borgias have bothered Samantha.,morphology,subject_verb_agreement,distractor_agreement_relational_noun,True,True,False,False,402,-71.171875,-71.32000732421875,1
The pamphlets about Galileo haven't sounded like Roger.,The pamphlets about Galileo hasn't sounded like Roger.,morphology,subject_verb_agreement,distractor_agreement_relational_noun,True,True,False,False,403,-74.0042724609375,-73.61824035644531,0
The sister of the Impressionists appears to exit this lake.,The sister of the Impressionists appear to exit this lake.,morphology,subject_verb_agreement,distractor_agreement_relational_noun,True,True,False,False,404,-80.60641479492188,-80.8170394897461,1
The granddaughters of Curtis haven't fixed most couches.,The granddaughters of Curtis hasn't fixed most couches.,morphology,subject_verb_agreement,distractor_agreement_relational_noun,True,True,False,False,405,-90.07562255859375,-90.16539764404297,1
The paintings of the spotlight astound these women.,The paintings of the spotlight astounds these women.,morphology,subject_verb_agreement,distractor_agreement_relational_noun,True,True,False,False,406,-62.373775482177734,-63.30489730834961,1
An essay about the Borgias does scare some waiter.,An essay about the Borgias do scare some waiter.,morphology,subject_verb_agreement,distractor_agreement_relational_noun,True,True,False,False,407,-76.79638671875,-75.62748718261719,0
The cousins of Tanya aren't biking to this mall.,The cousins of Tanya wasn't biking to this mall.,morphology,subject_verb_agreement,distractor_agreement_relational_noun,True,True,False,False,408,-77.13047790527344,-76.48589324951172,0
A daughter of some people hasn't disagreed.,A daughter of some people haven't disagreed.,morphology,subject_verb_agreement,distractor_agreement_relational_noun,True,True,False,False,409,-50.849365234375,-48.21556091308594,0
A cousin of some boys was biking to some hills.,A cousin of some boys are biking to some hills.,morphology,subject_verb_agreement,distractor_agreement_relational_noun,True,True,False,False,410,-72.30996704101562,-71.27888488769531,0
The picture of these jackets does disturb Carlos.,The picture of these jackets do disturb Carlos.,morphology,subject_verb_agreement,distractor_agreement_relational_noun,True,True,False,False,411,-62.183624267578125,-59.42951965332031,0
A movie about the Balkans bothers most boys.,A movie about the Balkans bother most boys.,morphology,subject_verb_agreement,distractor_agreement_relational_noun,True,True,False,False,412,-58.68492126464844,-59.93659210205078,1
The drawings of every snake have embarrassed Stacey.,The drawings of every snake has embarrassed Stacey.,morphology,subject_verb_agreement,distractor_agreement_relational_noun,True,True,False,False,413,-71.97880554199219,-69.89981842041016,0
The movie about the Balkans does aggravate Bethany.,The movie about the Balkans do aggravate Bethany.,morphology,subject_verb_agreement,distractor_agreement_relational_noun,True,True,False,False,414,-69.56907653808594,-68.42108917236328,0
The sons of Jesus prod the Borgias to concur.,The sons of Jesus prods the Borgias to concur.,morphology,subject_verb_agreement,distractor_agreement_relational_noun,True,True,False,False,415,-89.02975463867188,-93.97665405273438,1
The sons of Victoria are suffering.,The sons of Victoria was suffering.,morphology,subject_verb_agreement,distractor_agreement_relational_noun,True,True,False,False,416,-40.67913055419922,-38.4445915222168,0
A son of many boys wasn't compelling Becky's associates to conspire.,A son of many boys weren't compelling Becky's associates to conspire.,morphology,subject_verb_agreement,distractor_agreement_relational_noun,True,True,False,False,417,-105.06570434570312,-104.63329315185547,0
A son of the Clintons jokes around.,A son of the Clintons joke around.,morphology,subject_verb_agreement,distractor_agreement_relational_noun,True,True,False,False,418,-53.92631530761719,-52.728294372558594,0
A newspaper article about the Impressionists does annoy Larry.,A newspaper article about the Impressionists do annoy Larry.,morphology,subject_verb_agreement,distractor_agreement_relational_noun,True,True,False,False,419,-83.83750915527344,-81.7036361694336,0
The mothers of Suzanne doubt Robert commanded Marie's nephew to bike to those closets.,The mothers of Suzanne doubts Robert commanded Marie's nephew to bike to those closets.,morphology,subject_verb_agreement,distractor_agreement_relational_noun,True,True,False,False,420,-125.21644592285156,-129.19850158691406,1
A daughter of the pedestrians hasn't discovered who is shrugging.,A daughter of the pedestrians haven't discovered who is shrugging.,morphology,subject_verb_agreement,distractor_agreement_relational_noun,True,True,False,False,421,-86.76530456542969,-86.03564453125,0
The paintings of Christine don't disappear.,The paintings of Christine doesn't disappear.,morphology,subject_verb_agreement,distractor_agreement_relational_noun,True,True,False,False,422,-43.228233337402344,-42.31935501098633,0
The grandsons of Tiffany haven't required Lisa's brother to irritate this association.,The grandsons of Tiffany hasn't required Lisa's brother to irritate this association.,morphology,subject_verb_agreement,distractor_agreement_relational_noun,True,True,False,False,423,-119.14884948730469,-118.76557922363281,0
The drawings of Homer look like many sketches.,The drawings of Homer looks like many sketches.,morphology,subject_verb_agreement,distractor_agreement_relational_noun,True,True,False,False,424,-56.96728515625,-55.103965759277344,0
A sister of most men hasn't want to hide.,A sister of most men haven't want to hide.,morphology,subject_verb_agreement,distractor_agreement_relational_noun,True,True,False,False,425,-57.75038528442383,-56.25434112548828,0
The paintings of Connie appear.,The paintings of Connie appears.,morphology,subject_verb_agreement,distractor_agreement_relational_noun,True,True,False,False,426,-37.89582061767578,-36.679344177246094,0
The painting of these cars doesn't vanish.,The painting of these cars don't vanish.,morphology,subject_verb_agreement,distractor_agreement_relational_noun,True,True,False,False,427,-46.161964416503906,-45.309715270996094,0
A story about the Balkans isn't distracting Omar.,A story about the Balkans aren't distracting Omar.,morphology,subject_verb_agreement,distractor_agreement_relational_noun,True,True,False,False,428,-63.57135009765625,-64.14108276367188,1
The grandfathers of Gina haven't forgotten about who hasn't escaped from James.,The grandfathers of Gina hasn't forgotten about who hasn't escaped from James.,morphology,subject_verb_agreement,distractor_agreement_relational_noun,True,True,False,False,429,-96.72486877441406,-96.54127502441406,0
The brother of cashiers hasn't sneezed.,The brother of cashiers haven't sneezed.,morphology,subject_verb_agreement,distractor_agreement_relational_noun,True,True,False,False,430,-60.96062469482422,-61.12224197387695,1
The drawings of Tanya don't bore Noah.,The drawings of Tanya doesn't bore Noah.,morphology,subject_verb_agreement,distractor_agreement_relational_noun,True,True,False,False,431,-64.57534790039062,-64.61782836914062,1
The father of the Impressionists hasn't hurt every guy.,The father of the Impressionists haven't hurt every guy.,morphology,subject_verb_agreement,distractor_agreement_relational_noun,True,True,False,False,432,-74.20618438720703,-73.87440490722656,0
The stories about Galileo have disturbed Victoria.,The stories about Galileo has disturbed Victoria.,morphology,subject_verb_agreement,distractor_agreement_relational_noun,True,True,False,False,433,-56.302345275878906,-55.20665740966797,0
The nieces of that lady don't ascertain all legislatures to testify.,The nieces of that lady doesn't ascertain all legislatures to testify.,morphology,subject_verb_agreement,distractor_agreement_relational_noun,True,True,False,False,434,-95.72265625,-94.33665466308594,0
A drawing of all steps was looking like that drawing.,A drawing of all steps are looking like that drawing.,morphology,subject_verb_agreement,distractor_agreement_relational_noun,True,True,False,False,435,-63.06986999511719,-61.540103912353516,0
The nieces of Angela don't annoy Carl.,The nieces of Angela doesn't annoy Carl.,morphology,subject_verb_agreement,distractor_agreement_relational_noun,True,True,False,False,436,-68.28451538085938,-67.95756530761719,0
The stories about music have stunned Elizabeth.,The stories about music has stunned Elizabeth.,morphology,subject_verb_agreement,distractor_agreement_relational_noun,True,True,False,False,437,-53.22693634033203,-52.87977981567383,0
The newspaper articles about Monet disappear.,The newspaper articles about Monet disappears.,morphology,subject_verb_agreement,distractor_agreement_relational_noun,True,True,False,False,438,-55.423858642578125,-56.82801055908203,1
A grandson of most pedestrians is seeming to marry.,A grandson of most pedestrians are seeming to marry.,morphology,subject_verb_agreement,distractor_agreement_relational_noun,True,True,False,False,439,-63.503089904785156,-63.87590026855469,1
The books about Monet aren't vanishing.,The books about Monet wasn't vanishing.,morphology,subject_verb_agreement,distractor_agreement_relational_noun,True,True,False,False,440,-56.15866470336914,-54.592323303222656,0
The book about the Impressionists doesn't vanish.,The book about the Impressionists don't vanish.,morphology,subject_verb_agreement,distractor_agreement_relational_noun,True,True,False,False,441,-64.29689025878906,-62.650779724121094,0
The movie about the Great Lakes shocks Carol.,The movie about the Great Lakes shock Carol.,morphology,subject_verb_agreement,distractor_agreement_relational_noun,True,True,False,False,442,-57.753379821777344,-56.95683288574219,0
The sons of Dennis don't explain everything.,The sons of Dennis doesn't explain everything.,morphology,subject_verb_agreement,distractor_agreement_relational_noun,True,True,False,False,443,-47.97140884399414,-48.30037307739258,1
The report about the Borgias wasn't confusing Clyde.,The report about the Borgias weren't confusing Clyde.,morphology,subject_verb_agreement,distractor_agreement_relational_noun,True,True,False,False,444,-72.52242279052734,-73.89756774902344,1
The fathers of Sheila research art.,The fathers of Sheila researches art.,morphology,subject_verb_agreement,distractor_agreement_relational_noun,True,True,False,False,445,-50.08266067504883,-56.336700439453125,1
The nephews of Stephen do resemble these paintings.,The nephews of Stephen does resemble these paintings.,morphology,subject_verb_agreement,distractor_agreement_relational_noun,True,True,False,False,446,-68.68309783935547,-69.56501007080078,1
The cousins of Naomi do admire the eye.,The cousins of Naomi does admire the eye.,morphology,subject_verb_agreement,distractor_agreement_relational_noun,True,True,False,False,447,-57.46817398071289,-59.37423324584961,1
A sister of these adults does worry Aaron.,A sister of these adults do worry Aaron.,morphology,subject_verb_agreement,distractor_agreement_relational_noun,True,True,False,False,448,-62.18181610107422,-59.395347595214844,0
The grandmother of men threatens to write.,The grandmother of men threaten to write.,morphology,subject_verb_agreement,distractor_agreement_relational_noun,True,True,False,False,449,-45.008872985839844,-46.39238739013672,1
The movie about the Great Lakes distracts Florence.,The movie about the Great Lakes distract Florence.,morphology,subject_verb_agreement,distractor_agreement_relational_noun,True,True,False,False,450,-59.72956085205078,-55.853126525878906,0
A drawing of a lot of carts has embarrassed many museums.,A drawing of a lot of carts have embarrassed many museums.,morphology,subject_verb_agreement,distractor_agreement_relational_noun,True,True,False,False,451,-75.01961517333984,-74.47893524169922,0
The paintings of Joel were looking like all prints.,The paintings of Joel was looking like all prints.,morphology,subject_verb_agreement,distractor_agreement_relational_noun,True,True,False,False,452,-60.926231384277344,-59.73409652709961,0
The shows about Spain were alarming that person.,The shows about Spain was alarming that person.,morphology,subject_verb_agreement,distractor_agreement_relational_noun,True,True,False,False,453,-54.878658294677734,-54.73294448852539,0
The paintings of the restaurant shock Donald.,The paintings of the restaurant shocks Donald.,morphology,subject_verb_agreement,distractor_agreement_relational_noun,True,True,False,False,454,-49.622615814208984,-50.64994812011719,1
The photograph of these glasses wasn't irritating Homer.,The photograph of these glasses aren't irritating Homer.,morphology,subject_verb_agreement,distractor_agreement_relational_noun,True,True,False,False,455,-65.21482849121094,-63.93714904785156,0
The movies about literature alarm Bruce.,The movies about literature alarms Bruce.,morphology,subject_verb_agreement,distractor_agreement_relational_noun,True,True,False,False,456,-50.2916145324707,-52.90796661376953,1
A drawing of these mushrooms hasn't annoyed a lady.,A drawing of these mushrooms haven't annoyed a lady.,morphology,subject_verb_agreement,distractor_agreement_relational_noun,True,True,False,False,457,-65.48374938964844,-63.94727325439453,0
The paintings of this broccoli don't stun Roger.,The paintings of this broccoli doesn't stun Roger.,morphology,subject_verb_agreement,distractor_agreement_relational_noun,True,True,False,False,458,-64.36858367919922,-64.7229995727539,1
The sister of some guys doesn't think Stacy can't wear many pants.,The sister of some guys don't think Stacy can't wear many pants.,morphology,subject_verb_agreement,distractor_agreement_relational_noun,True,True,False,False,459,-89.40384674072266,-85.22241973876953,0
The prints of Denise look like most drawings.,The prints of Denise looks like most drawings.,morphology,subject_verb_agreement,distractor_agreement_relational_noun,True,True,False,False,460,-57.72801208496094,-55.730735778808594,0
The newspaper articles about Monet were boring Robert.,The newspaper articles about Monet was boring Robert.,morphology,subject_verb_agreement,distractor_agreement_relational_noun,True,True,False,False,461,-75.10504913330078,-72.6524658203125,0
A movie about the Borgias doesn't sound like Katherine.,A movie about the Borgias don't sound like Katherine.,morphology,subject_verb_agreement,distractor_agreement_relational_noun,True,True,False,False,462,-70.5890884399414,-69.07586669921875,0
The essays about science do disgust that legislature.,The essays about science does disgust that legislature.,morphology,subject_verb_agreement,distractor_agreement_relational_noun,True,True,False,False,463,-65.60233306884766,-65.34869384765625,0
The brochure about the Impressionists isn't upsetting Caroline.,The brochure about the Impressionists weren't upsetting Caroline.,morphology,subject_verb_agreement,distractor_agreement_relational_noun,True,True,False,False,464,-86.29724884033203,-86.49000549316406,1
The sisters of Tammy clean a lake.,The sisters of Tammy cleans a lake.,morphology,subject_verb_agreement,distractor_agreement_relational_noun,True,True,False,False,465,-53.578922271728516,-53.46075439453125,0
A book about current events hasn't aggravated Christina.,A book about current events haven't aggravated Christina.,morphology,subject_verb_agreement,distractor_agreement_relational_noun,True,True,False,False,466,-70.58413696289062,-68.82814025878906,0
The photograph of the dogs has impressed Judy.,The photograph of the dogs have impressed Judy.,morphology,subject_verb_agreement,distractor_agreement_relational_noun,True,True,False,False,467,-56.575843811035156,-54.73332977294922,0
The movies about Galileo haven't won.,The movies about Galileo hasn't won.,morphology,subject_verb_agreement,distractor_agreement_relational_noun,True,True,False,False,468,-52.6926155090332,-51.410003662109375,0
The picture of most students doesn't alarm Amelia.,The picture of most students don't alarm Amelia.,morphology,subject_verb_agreement,distractor_agreement_relational_noun,True,True,False,False,469,-65.99655151367188,-63.74237060546875,0
A movie about current events disturbs a lot of senators.,A movie about current events disturb a lot of senators.,morphology,subject_verb_agreement,distractor_agreement_relational_noun,True,True,False,False,470,-80.21122741699219,-68.18074035644531,0
The friends of Carl aren't approaching Guy.,The friends of Carl isn't approaching Guy.,morphology,subject_verb_agreement,distractor_agreement_relational_noun,True,True,False,False,471,-56.90922546386719,-55.24318313598633,0
The pictures of some skirt alarm that adult.,The pictures of some skirt alarms that adult.,morphology,subject_verb_agreement,distractor_agreement_relational_noun,True,True,False,False,472,-61.776947021484375,-64.46100616455078,1
The grandfathers of every guest entreat Angela to get a job.,The grandfathers of every guest entreats Angela to get a job.,morphology,subject_verb_agreement,distractor_agreement_relational_noun,True,True,False,False,473,-86.5118408203125,-92.19468688964844,1
The commentaries about music stun those companies.,The commentaries about music stuns those companies.,morphology,subject_verb_agreement,distractor_agreement_relational_noun,True,True,False,False,474,-67.26335144042969,-76.30992126464844,1
The mothers of some adult have healed Patricia.,The mothers of some adult has healed Patricia.,morphology,subject_verb_agreement,distractor_agreement_relational_noun,True,True,False,False,475,-65.66165161132812,-66.54495239257812,1
A sketch of most computers falls.,A sketch of most computers fall.,morphology,subject_verb_agreement,distractor_agreement_relational_noun,True,True,False,False,476,-47.63392639160156,-46.24714660644531,0
The documentary about the Lutherans distracts James.,The documentary about the Lutherans distract James.,morphology,subject_verb_agreement,distractor_agreement_relational_noun,True,True,False,False,477,-69.04850769042969,-68.71150207519531,0
The essays about art have astounded Theresa.,The essays about art has astounded Theresa.,morphology,subject_verb_agreement,distractor_agreement_relational_noun,True,True,False,False,478,-65.48802947998047,-64.82837677001953,0
The granddaughters of Cindy induce some child to forfeit.,The granddaughters of Cindy induces some child to forfeit.,morphology,subject_verb_agreement,distractor_agreement_relational_noun,True,True,False,False,479,-86.21404266357422,-87.10218048095703,1
The mothers of Monica were attacking Victoria.,The mothers of Monica is attacking Victoria.,morphology,subject_verb_agreement,distractor_agreement_relational_noun,True,True,False,False,480,-55.9914665222168,-54.991851806640625,0
The books about Winston Churchill do distract Sally.,The books about Winston Churchill does distract Sally.,morphology,subject_verb_agreement,distractor_agreement_relational_noun,True,True,False,False,481,-66.12617492675781,-66.61689758300781,1
The grandmother of a lot of actresses wasn't discovering who hadn't responded.,The grandmother of a lot of actresses weren't discovering who hadn't responded.,morphology,subject_verb_agreement,distractor_agreement_relational_noun,True,True,False,False,482,-91.20524597167969,-92.32733154296875,1
The reports about Galileo aren't falling.,The reports about Galileo isn't falling.,morphology,subject_verb_agreement,distractor_agreement_relational_noun,True,True,False,False,483,-47.648582458496094,-47.06831359863281,0
The reports about literature do impress Omar.,The reports about literature does impress Omar.,morphology,subject_verb_agreement,distractor_agreement_relational_noun,True,True,False,False,484,-59.84363555908203,-60.81147766113281,1
A commentary about the Borgias was boring Colleen.,A commentary about the Borgias are boring Colleen.,morphology,subject_verb_agreement,distractor_agreement_relational_noun,True,True,False,False,485,-77.23406982421875,-76.68730163574219,0
The grandfathers of Gary don't hunt.,The grandfathers of Gary doesn't hunt.,morphology,subject_verb_agreement,distractor_agreement_relational_noun,True,True,False,False,486,-53.55328369140625,-53.718143463134766,1
The mother of the Impressionists doesn't annoy Dan.,The mother of the Impressionists don't annoy Dan.,morphology,subject_verb_agreement,distractor_agreement_relational_noun,True,True,False,False,487,-73.99560546875,-72.16674041748047,0
The show about the Lutherans does disgust Marla.,The show about the Lutherans do disgust Marla.,morphology,subject_verb_agreement,distractor_agreement_relational_noun,True,True,False,False,488,-80.48428344726562,-76.59602355957031,0
The play about the Borgias has won.,The play about the Borgias have won.,morphology,subject_verb_agreement,distractor_agreement_relational_noun,True,True,False,False,489,-53.59977340698242,-54.036598205566406,1
The paintings of Danielle weren't aggravating Galileo.,The paintings of Danielle isn't aggravating Galileo.,morphology,subject_verb_agreement,distractor_agreement_relational_noun,True,True,False,False,490,-66.2513198852539,-64.63932037353516,0
The drawings of Mary do bore the Borgias.,The drawings of Mary does bore the Borgias.,morphology,subject_verb_agreement,distractor_agreement_relational_noun,True,True,False,False,491,-68.20787048339844,-69.44451141357422,1
The show about the Great Lakes aggravates Michael.,The show about the Great Lakes aggravate Michael.,morphology,subject_verb_agreement,distractor_agreement_relational_noun,True,True,False,False,492,-64.97088623046875,-62.583221435546875,0
The prints of Pamela vanish.,The prints of Pamela vanishes.,morphology,subject_verb_agreement,distractor_agreement_relational_noun,True,True,False,False,493,-39.91929244995117,-48.907135009765625,1
A granddaughter of a lot of teachers isn't judging Carla to complain.,A granddaughter of a lot of teachers weren't judging Carla to complain.,morphology,subject_verb_agreement,distractor_agreement_relational_noun,True,True,False,False,494,-86.32660675048828,-85.0759048461914,0
A cousin of ladies wonders who is running around all public parks.,A cousin of ladies wonder who is running around all public parks.,morphology,subject_verb_agreement,distractor_agreement_relational_noun,True,True,False,False,495,-88.80603790283203,-83.84978485107422,0
The shows about Galileo do disturb some university.,The shows about Galileo does disturb some university.,morphology,subject_verb_agreement,distractor_agreement_relational_noun,True,True,False,False,496,-62.2296028137207,-61.507484436035156,0
The friends of that child have irritated Allison.,The friends of that child has irritated Allison.,morphology,subject_verb_agreement,distractor_agreement_relational_noun,True,True,False,False,497,-58.37713623046875,-56.282291412353516,0
The pamphlets about Monet have sounded like public parks.,The pamphlets about Monet has sounded like public parks.,morphology,subject_verb_agreement,distractor_agreement_relational_noun,True,True,False,False,498,-85.07595825195312,-83.05158996582031,0
A painting of those bikes is scaring Laura.,A painting of those bikes are scaring Laura.,morphology,subject_verb_agreement,distractor_agreement_relational_noun,True,True,False,False,499,-60.04739761352539,-58.30482482910156,0
The paintings of a guy are scaring Homer.,The paintings of a guy is scaring Homer.,morphology,subject_verb_agreement,distractor_agreement_relational_noun,True,True,False,False,500,-60.3931884765625,-56.92837905883789,0
The pictures of this picture have vanished.,The pictures of this picture has vanished.,morphology,subject_verb_agreement,distractor_agreement_relational_noun,True,True,False,False,501,-41.950347900390625,-40.66839599609375,0
The print of those projectors confuses Tara.,The print of those projectors confuse Tara.,morphology,subject_verb_agreement,distractor_agreement_relational_noun,True,True,False,False,502,-74.61720275878906,-68.44685363769531,0
The sketches of some slope weren't shocking Barbara.,The sketches of some slope isn't shocking Barbara.,morphology,subject_verb_agreement,distractor_agreement_relational_noun,True,True,False,False,503,-67.81688690185547,-66.16850280761719,0
A commentary about the Clintons does irritate Marla.,A commentary about the Clintons do irritate Marla.,morphology,subject_verb_agreement,distractor_agreement_relational_noun,True,True,False,False,504,-78.25631713867188,-77.57112121582031,0
The photograph of actresses does hurt Cynthia.,The photograph of actresses do hurt Cynthia.,morphology,subject_verb_agreement,distractor_agreement_relational_noun,True,True,False,False,505,-60.529075622558594,-60.66930389404297,1
The books about literature scare Michael.,The books about literature scares Michael.,morphology,subject_verb_agreement,distractor_agreement_relational_noun,True,True,False,False,506,-48.78074645996094,-50.07575225830078,1
The books about music hurt Becca.,The books about music hurts Becca.,morphology,subject_verb_agreement,distractor_agreement_relational_noun,True,True,False,False,507,-51.06147766113281,-51.33473205566406,1
The mothers of Joel have attacked Bethany.,The mothers of Joel has attacked Bethany.,morphology,subject_verb_agreement,distractor_agreement_relational_noun,True,True,False,False,508,-63.94377136230469,-62.23096466064453,0
The son of most customers hasn't thought Jacqueline isn't biking to these cafes.,The son of most customers haven't thought Jacqueline isn't biking to these cafes.,morphology,subject_verb_agreement,distractor_agreement_relational_noun,True,True,False,False,509,-117.70439147949219,-116.19503784179688,0
The grandmothers of Stephanie do upset Ellen.,The grandmothers of Stephanie does upset Ellen.,morphology,subject_verb_agreement,distractor_agreement_relational_noun,True,True,False,False,510,-63.923500061035156,-64.822021484375,1
The shows about Harvard University have upset those guests.,The shows about Harvard University has upset those guests.,morphology,subject_verb_agreement,distractor_agreement_relational_noun,True,True,False,False,511,-64.45951843261719,-64.14675903320312,0
The daughter of those girls has studied.,The daughter of those girls have studied.,morphology,subject_verb_agreement,distractor_agreement_relational_noun,True,True,False,False,512,-41.988555908203125,-38.28401565551758,0
The brother of those adults does forget Kristen.,The brother of those adults do forget Kristen.,morphology,subject_verb_agreement,distractor_agreement_relational_noun,True,True,False,False,513,-63.855892181396484,-60.24448776245117,0
The nephew of guys does clean a movie theater.,The nephew of guys do clean a movie theater.,morphology,subject_verb_agreement,distractor_agreement_relational_noun,True,True,False,False,514,-68.7952880859375,-66.44196319580078,0
The commentaries about art bother Galileo.,The commentaries about art bothers Galileo.,morphology,subject_verb_agreement,distractor_agreement_relational_noun,True,True,False,False,515,-65.36228942871094,-65.20368957519531,0
The book about the Clintons does disturb the hospital.,The book about the Clintons do disturb the hospital.,morphology,subject_verb_agreement,distractor_agreement_relational_noun,True,True,False,False,516,-60.68408203125,-61.036720275878906,1
The fathers of Cindy do fail to clean many reports.,The fathers of Cindy does fail to clean many reports.,morphology,subject_verb_agreement,distractor_agreement_relational_noun,True,True,False,False,517,-74.96253967285156,-74.89892578125,0
The movie about the Balkans isn't irritating Tammy.,The movie about the Balkans aren't irritating Tammy.,morphology,subject_verb_agreement,distractor_agreement_relational_noun,True,True,False,False,518,-63.000389099121094,-63.42323303222656,1
The fathers of George were scanning that report.,The fathers of George was scanning that report.,morphology,subject_verb_agreement,distractor_agreement_relational_noun,True,True,False,False,519,-58.32400894165039,-57.36463928222656,0
The newspaper article about the Lutherans doesn't appear.,The newspaper article about the Lutherans don't appear.,morphology,subject_verb_agreement,distractor_agreement_relational_noun,True,True,False,False,520,-68.03045654296875,-66.45791625976562,0
The painting of the Lutherans does bother Matt.,The painting of the Lutherans do bother Matt.,morphology,subject_verb_agreement,distractor_agreement_relational_noun,True,True,False,False,521,-69.01521301269531,-66.2332763671875,0
The sister of all cashiers forces Andrea's best friend to cry.,The sister of all cashiers force Andrea's best friend to cry.,morphology,subject_verb_agreement,distractor_agreement_relational_noun,True,True,False,False,522,-92.69660949707031,-90.08833312988281,0
The drawings of Ruth were hurting that lady.,The drawings of Ruth is hurting that lady.,morphology,subject_verb_agreement,distractor_agreement_relational_noun,True,True,False,False,523,-57.63875198364258,-56.38785934448242,0
The prints of Carrie do scare a patient.,The prints of Carrie does scare a patient.,morphology,subject_verb_agreement,distractor_agreement_relational_noun,True,True,False,False,524,-59.34707260131836,-59.03186798095703,0
The brochures about literature are impressing Ellen.,The brochures about literature is impressing Ellen.,morphology,subject_verb_agreement,distractor_agreement_relational_noun,True,True,False,False,525,-69.70890808105469,-69.68475341796875,0
The paintings of a gate haven't worried that hospital.,The paintings of a gate hasn't worried that hospital.,morphology,subject_verb_agreement,distractor_agreement_relational_noun,True,True,False,False,526,-60.63911056518555,-61.20318603515625,1
A picture of those carriages does impress a woman.,A picture of those carriages do impress a woman.,morphology,subject_verb_agreement,distractor_agreement_relational_noun,True,True,False,False,527,-65.48661041259766,-63.59369659423828,0
The friends of Ruth weren't hugging Scott.,The friends of Ruth wasn't hugging Scott.,morphology,subject_verb_agreement,distractor_agreement_relational_noun,True,True,False,False,528,-57.042091369628906,-55.4769401550293,0
The drawings of every sketch haven't impressed Holly.,The drawings of every sketch hasn't impressed Holly.,morphology,subject_verb_agreement,distractor_agreement_relational_noun,True,True,False,False,529,-69.343994140625,-69.67790222167969,1
The nephew of most adults is arriving at this high school.,The nephew of most adults are arriving at this high school.,morphology,subject_verb_agreement,distractor_agreement_relational_noun,True,True,False,False,530,-65.27975463867188,-62.892295837402344,0
The nieces of Rachel have sat down.,The nieces of Rachel has sat down.,morphology,subject_verb_agreement,distractor_agreement_relational_noun,True,True,False,False,531,-57.98139572143555,-57.64022445678711,0
The grandfathers of Charles have escaped.,The grandfathers of Charles has escaped.,morphology,subject_verb_agreement,distractor_agreement_relational_noun,True,True,False,False,532,-46.93230438232422,-46.69203186035156,0
The fathers of Becky haven't left a lot of glaciers.,The fathers of Becky hasn't left a lot of glaciers.,morphology,subject_verb_agreement,distractor_agreement_relational_noun,True,True,False,False,533,-69.10784149169922,-67.66850280761719,0
The grandsons of Julia haven't obliged Veronica to reveal Dennis.,The grandsons of Julia hasn't obliged Veronica to reveal Dennis.,morphology,subject_verb_agreement,distractor_agreement_relational_noun,True,True,False,False,534,-100.02522277832031,-98.32623291015625,0
The reports about Spain don't astound Richard.,The reports about Spain doesn't astound Richard.,morphology,subject_verb_agreement,distractor_agreement_relational_noun,True,True,False,False,535,-67.9870376586914,-68.11226654052734,1
The prints of a skirt were looking like every sketch.,The prints of a skirt is looking like every sketch.,morphology,subject_verb_agreement,distractor_agreement_relational_noun,True,True,False,False,536,-62.23619842529297,-61.56914520263672,0
The paintings of Ruth do disgust some university.,The paintings of Ruth does disgust some university.,morphology,subject_verb_agreement,distractor_agreement_relational_noun,True,True,False,False,537,-60.645809173583984,-61.75840759277344,1
The story about the Balkans has irritated Roger.,The story about the Balkans have irritated Roger.,morphology,subject_verb_agreement,distractor_agreement_relational_noun,True,True,False,False,538,-52.946014404296875,-53.16289520263672,1
The grandson of many adults believes Liam to clean chairs.,The grandson of many adults believe Liam to clean chairs.,morphology,subject_verb_agreement,distractor_agreement_relational_noun,True,True,False,False,539,-77.55697631835938,-75.1353759765625,0
The granddaughter of the Borgias coughs.,The granddaughter of the Borgias cough.,morphology,subject_verb_agreement,distractor_agreement_relational_noun,True,True,False,False,540,-49.9739875793457,-48.99284362792969,0
The drawings of every chair are disappearing.,The drawings of every chair is disappearing.,morphology,subject_verb_agreement,distractor_agreement_relational_noun,True,True,False,False,541,-48.32352066040039,-48.06535339355469,0
The books about politics don't distract Roger.,The books about politics doesn't distract Roger.,morphology,subject_verb_agreement,distractor_agreement_relational_noun,True,True,False,False,542,-54.198978424072266,-55.39595413208008,1
The reports about Harvard University haven't stunned Kevin.,The reports about Harvard University hasn't stunned Kevin.,morphology,subject_verb_agreement,distractor_agreement_relational_noun,True,True,False,False,543,-64.78656005859375,-64.92488098144531,1
A drawing of most unicycles confuses Gerald.,A drawing of most unicycles confuse Gerald.,morphology,subject_verb_agreement,distractor_agreement_relational_noun,True,True,False,False,544,-86.24247741699219,-79.77656555175781,0
The pamphlets about Harvard University upset Dennis.,The pamphlets about Harvard University upsets Dennis.,morphology,subject_verb_agreement,distractor_agreement_relational_noun,True,True,False,False,545,-67.33515930175781,-75.24745178222656,1
The mother of those teenagers hasn't screamed.,The mother of those teenagers haven't screamed.,morphology,subject_verb_agreement,distractor_agreement_relational_noun,True,True,False,False,546,-54.80778884887695,-52.96033477783203,0
A painting of some forks does hurt Randolf.,A painting of some forks do hurt Randolf.,morphology,subject_verb_agreement,distractor_agreement_relational_noun,True,True,False,False,547,-74.61856079101562,-72.75352478027344,0
The stories about Spain don't bore a lot of pedestrians.,The stories about Spain doesn't bore a lot of pedestrians.,morphology,subject_verb_agreement,distractor_agreement_relational_noun,True,True,False,False,548,-64.03213500976562,-63.98963928222656,0
The pamphlets about Harvard University aren't disgusting Suzanne.,The pamphlets about Harvard University wasn't disgusting Suzanne.,morphology,subject_verb_agreement,distractor_agreement_relational_noun,True,True,False,False,549,-79.36771392822266,-78.62628173828125,0
A newspaper article about the Impressionists hasn't disappeared.,A newspaper article about the Impressionists haven't disappeared.,morphology,subject_verb_agreement,distractor_agreement_relational_noun,True,True,False,False,550,-73.47747039794922,-72.712158203125,0
The brochures about Monet have fallen.,The brochures about Monet has fallen.,morphology,subject_verb_agreement,distractor_agreement_relational_noun,True,True,False,False,551,-59.15266036987305,-57.423606872558594,0
A father of adults observes Sally.,A father of adults observe Sally.,morphology,subject_verb_agreement,distractor_agreement_relational_noun,True,True,False,False,552,-52.38909149169922,-50.86882400512695,0
The brothers of David implore Wendy to conceal Theodore.,The brothers of David implores Wendy to conceal Theodore.,morphology,subject_verb_agreement,distractor_agreement_relational_noun,True,True,False,False,553,-79.99573516845703,-80.94790649414062,1
The friends of Raymond don't imagine Robert hadn't compelled Denise to wear those scarves.,The friends of Raymond doesn't imagine Robert hadn't compelled Denise to wear those scarves.,morphology,subject_verb_agreement,distractor_agreement_relational_noun,True,True,False,False,554,-121.04351806640625,-121.26949310302734,1
The granddaughters of Bill don't spin around.,The granddaughters of Bill doesn't spin around.,morphology,subject_verb_agreement,distractor_agreement_relational_noun,True,True,False,False,555,-65.53646087646484,-64.86217498779297,0
The prints of Naomi do irritate Tiffany.,The prints of Naomi does irritate Tiffany.,morphology,subject_verb_agreement,distractor_agreement_relational_noun,True,True,False,False,556,-61.27526092529297,-63.21712112426758,1
The documentaries about Spain do disgust Sally.,The documentaries about Spain does disgust Sally.,morphology,subject_verb_agreement,distractor_agreement_relational_noun,True,True,False,False,557,-62.46064758300781,-63.338592529296875,1
A picture of those turtles doesn't worry Charles.,A picture of those turtles don't worry Charles.,morphology,subject_verb_agreement,distractor_agreement_relational_noun,True,True,False,False,558,-54.623252868652344,-51.81306457519531,0
The grandfathers of Ella scare Steven.,The grandfathers of Ella scares Steven.,morphology,subject_verb_agreement,distractor_agreement_relational_noun,True,True,False,False,559,-56.722450256347656,-59.534698486328125,1
The grandsons of Carol were disappearing.,The grandsons of Carol is disappearing.,morphology,subject_verb_agreement,distractor_agreement_relational_noun,True,True,False,False,560,-57.849788665771484,-57.98956298828125,1
The print of all sweaters does irritate these ladies.,The print of all sweaters do irritate these ladies.,morphology,subject_verb_agreement,distractor_agreement_relational_noun,True,True,False,False,561,-80.43498229980469,-77.90147399902344,0
The cousins of Diana don't sing.,The cousins of Diana doesn't sing.,morphology,subject_verb_agreement,distractor_agreement_relational_noun,True,True,False,False,562,-45.08068084716797,-45.094451904296875,1
A mother of a lot of drivers wasn't requiring every legislature to appreciate some high school.,A mother of a lot of drivers weren't requiring every legislature to appreciate some high school.,morphology,subject_verb_agreement,distractor_agreement_relational_noun,True,True,False,False,563,-105.54756164550781,-104.95169067382812,0
The paintings of this light stun the company.,The paintings of this light stuns the company.,morphology,subject_verb_agreement,distractor_agreement_relational_noun,True,True,False,False,564,-52.0255126953125,-56.74767303466797,1
The sister of doctors writes.,The sister of doctors write.,morphology,subject_verb_agreement,distractor_agreement_relational_noun,True,True,False,False,565,-38.94628143310547,-37.672767639160156,0
A show about the Clintons doesn't astound Homer.,A show about the Clintons don't astound Homer.,morphology,subject_verb_agreement,distractor_agreement_relational_noun,True,True,False,False,566,-76.75863647460938,-78.11736297607422,1
A report about current events hasn't bored Heidi.,A report about current events haven't bored Heidi.,morphology,subject_verb_agreement,distractor_agreement_relational_noun,True,True,False,False,567,-69.04539489746094,-67.45419311523438,0
The newspaper articles about Harvard University aren't embarrassing Beverly.,The newspaper articles about Harvard University isn't embarrassing Beverly.,morphology,subject_verb_agreement,distractor_agreement_relational_noun,True,True,False,False,568,-77.64140319824219,-76.61900329589844,0
A documentary about the Impressionists disturbs Paul.,A documentary about the Impressionists disturb Paul.,morphology,subject_verb_agreement,distractor_agreement_relational_noun,True,True,False,False,569,-80.37657165527344,-71.81770324707031,0
The pictures of every student weren't disturbing Katherine.,The pictures of every student wasn't disturbing Katherine.,morphology,subject_verb_agreement,distractor_agreement_relational_noun,True,True,False,False,570,-64.25146484375,-63.529510498046875,0
The grandfathers of Carmen do oblige every museum to debate.,The grandfathers of Carmen does oblige every museum to debate.,morphology,subject_verb_agreement,distractor_agreement_relational_noun,True,True,False,False,571,-89.31582641601562,-90.25780487060547,1
The movies about Galileo have shocked Galileo.,The movies about Galileo has shocked Galileo.,morphology,subject_verb_agreement,distractor_agreement_relational_noun,True,True,False,False,572,-59.392398834228516,-57.46124267578125,0
The pamphlet about the Clintons vanishes.,The pamphlet about the Clintons vanish.,morphology,subject_verb_agreement,distractor_agreement_relational_noun,True,True,False,False,573,-59.567710876464844,-51.868194580078125,0
The son of all actresses fails to fall apart.,The son of all actresses fail to fall apart.,morphology,subject_verb_agreement,distractor_agreement_relational_noun,True,True,False,False,574,-58.03693389892578,-58.091094970703125,1
The reports about travel were distracting that child.,The reports about travel is distracting that child.,morphology,subject_verb_agreement,distractor_agreement_relational_noun,True,True,False,False,575,-57.543975830078125,-57.419677734375,0
The fathers of Stacey have said most universities hadn't worked with the guys.,The fathers of Stacey has said most universities hadn't worked with the guys.,morphology,subject_verb_agreement,distractor_agreement_relational_noun,True,True,False,False,576,-96.04850006103516,-95.14010620117188,0
The movies about politics don't aggravate Amanda.,The movies about politics doesn't aggravate Amanda.,morphology,subject_verb_agreement,distractor_agreement_relational_noun,True,True,False,False,577,-60.818790435791016,-62.00236511230469,1
The sketch of all stairs appears.,The sketch of all stairs appear.,morphology,subject_verb_agreement,distractor_agreement_relational_noun,True,True,False,False,578,-45.013648986816406,-44.11298370361328,0
The brothers of Rodney don't resemble every print.,The brothers of Rodney doesn't resemble every print.,morphology,subject_verb_agreement,distractor_agreement_relational_noun,True,True,False,False,579,-67.53343963623047,-66.75979614257812,0
A sister of these cashiers is slumping over.,A sister of these cashiers were slumping over.,morphology,subject_verb_agreement,distractor_agreement_relational_noun,True,True,False,False,580,-70.57353973388672,-69.52741241455078,0
The sketches of Vanessa don't distract many legislatures.,The sketches of Vanessa doesn't distract many legislatures.,morphology,subject_verb_agreement,distractor_agreement_relational_noun,True,True,False,False,581,-69.38578796386719,-69.38089752197266,0
The newspaper article about the Borgias does sound like Vanessa.,The newspaper article about the Borgias do sound like Vanessa.,morphology,subject_verb_agreement,distractor_agreement_relational_noun,True,True,False,False,582,-79.10166931152344,-77.38050079345703,0
The essays about Spain stun those drivers.,The essays about Spain stuns those drivers.,morphology,subject_verb_agreement,distractor_agreement_relational_noun,True,True,False,False,583,-61.7246208190918,-69.05065155029297,1
The nephews of Kirsten do regret a lot of libraries learn who persuades these offspring to discuss James.,The nephews of Kirsten does regret a lot of libraries learn who persuades these offspring to discuss James.,morphology,subject_verb_agreement,distractor_agreement_relational_noun,True,True,False,False,584,-158.44752502441406,-160.36671447753906,1
A story about the Great Lakes was disgusting a lot of adults.,A story about the Great Lakes are disgusting a lot of adults.,morphology,subject_verb_agreement,distractor_agreement_relational_noun,True,True,False,False,585,-69.98091125488281,-66.73894500732422,0
The daughters of Suzanne hide.,The daughters of Suzanne hides.,morphology,subject_verb_agreement,distractor_agreement_relational_noun,True,True,False,False,586,-41.21225357055664,-42.329246520996094,1
The drawing of most actresses does worry Andrea.,The drawing of most actresses do worry Andrea.,morphology,subject_verb_agreement,distractor_agreement_relational_noun,True,True,False,False,587,-68.82022094726562,-68.57508850097656,0
The print of the slopes exists.,The print of the slopes exist.,morphology,subject_verb_agreement,distractor_agreement_relational_noun,True,True,False,False,588,-38.648677825927734,-37.77554702758789,0
The movie about the Balkans worries Galileo.,The movie about the Balkans worry Galileo.,morphology,subject_verb_agreement,distractor_agreement_relational_noun,True,True,False,False,589,-55.748680114746094,-55.286277770996094,0
The fathers of Barbara do believe Teresa to get fired.,The fathers of Barbara does believe Teresa to get fired.,morphology,subject_verb_agreement,distractor_agreement_relational_noun,True,True,False,False,590,-72.90275573730469,-73.91524505615234,1
The brother of some girls is going fishing.,The brother of some girls were going fishing.,morphology,subject_verb_agreement,distractor_agreement_relational_noun,True,True,False,False,591,-48.70433807373047,-45.405906677246094,0
The newspaper article about the Lutherans was annoying waitresses.,The newspaper article about the Lutherans are annoying waitresses.,morphology,subject_verb_agreement,distractor_agreement_relational_noun,True,True,False,False,592,-86.35847473144531,-83.52244567871094,0
The drawings of Becca don't impress Jill.,The drawings of Becca doesn't impress Jill.,morphology,subject_verb_agreement,distractor_agreement_relational_noun,True,True,False,False,593,-67.41172790527344,-67.07150268554688,0
The granddaughters of Roger have run around the lake.,The granddaughters of Roger has run around the lake.,morphology,subject_verb_agreement,distractor_agreement_relational_noun,True,True,False,False,594,-67.788818359375,-66.63066864013672,0
A brochure about the Lutherans has appeared.,A brochure about the Lutherans have appeared.,morphology,subject_verb_agreement,distractor_agreement_relational_noun,True,True,False,False,595,-66.98202514648438,-65.16240692138672,0
The granddaughters of Dawn weren't arguing about Pamela.,The granddaughters of Dawn wasn't arguing about Pamela.,morphology,subject_verb_agreement,distractor_agreement_relational_noun,True,True,False,False,596,-80.67857360839844,-78.62249755859375,0
A photograph of some cafes is appearing.,A photograph of some cafes are appearing.,morphology,subject_verb_agreement,distractor_agreement_relational_noun,True,True,False,False,597,-52.362911224365234,-53.40276336669922,1
The daughters of Stacey do confuse Carlos.,The daughters of Stacey does confuse Carlos.,morphology,subject_verb_agreement,distractor_agreement_relational_noun,True,True,False,False,598,-62.043487548828125,-62.76945877075195,1
The paintings of that skirt worry Sheila.,The paintings of that skirt worries Sheila.,morphology,subject_verb_agreement,distractor_agreement_relational_noun,True,True,False,False,599,-57.97266387939453,-57.898719787597656,0
The picture of these art galleries has irritated Kendra.,The picture of these art galleries have irritated Kendra.,morphology,subject_verb_agreement,distractor_agreement_relational_noun,True,True,False,False,600,-75.59793090820312,-73.33575439453125,0
The essay about the Great Lakes confuses Brett.,The essay about the Great Lakes confuse Brett.,morphology,subject_verb_agreement,distractor_agreement_relational_noun,True,True,False,False,601,-68.59237670898438,-63.59813690185547,0
A documentary about current events astounds Bradley.,A documentary about current events astound Bradley.,morphology,subject_verb_agreement,distractor_agreement_relational_noun,True,True,False,False,602,-71.98220825195312,-69.49114990234375,0
The grandmothers of Brenda depart.,The grandmothers of Brenda departs.,morphology,subject_verb_agreement,distractor_agreement_relational_noun,True,True,False,False,603,-45.75518798828125,-52.603492736816406,1
The grandsons of that guy don't realize who sounds like Amy.,The grandsons of that guy doesn't realize who sounds like Amy.,morphology,subject_verb_agreement,distractor_agreement_relational_noun,True,True,False,False,604,-85.66702270507812,-85.2476806640625,0
The story about the Borgias has alarmed all banks.,The story about the Borgias have alarmed all banks.,morphology,subject_verb_agreement,distractor_agreement_relational_noun,True,True,False,False,605,-66.46588897705078,-66.42826843261719,0
The drawings of the doctor haven't confused Martin.,The drawings of the doctor hasn't confused Martin.,morphology,subject_verb_agreement,distractor_agreement_relational_noun,True,True,False,False,606,-58.9010124206543,-56.86929702758789,0
The nephews of Rodney weren't vanishing.,The nephews of Rodney isn't vanishing.,morphology,subject_verb_agreement,distractor_agreement_relational_noun,True,True,False,False,607,-57.88468551635742,-56.16764450073242,0
The grandmothers of Chad weren't aggravating Kayla.,The grandmothers of Chad wasn't aggravating Kayla.,morphology,subject_verb_agreement,distractor_agreement_relational_noun,True,True,False,False,608,-82.42606353759766,-80.78709411621094,0
The sketches of some mouth are wasting away.,The sketches of some mouth is wasting away.,morphology,subject_verb_agreement,distractor_agreement_relational_noun,True,True,False,False,609,-52.9049072265625,-52.726009368896484,0
The nephew of most cashiers wasn't talking.,The nephew of most cashiers aren't talking.,morphology,subject_verb_agreement,distractor_agreement_relational_noun,True,True,False,False,610,-63.56629943847656,-63.36252212524414,0
The movies about literature confuse Jacqueline.,The movies about literature confuses Jacqueline.,morphology,subject_verb_agreement,distractor_agreement_relational_noun,True,True,False,False,611,-56.40415573120117,-62.50495910644531,1
The fathers of Lissa do complain about Liam.,The fathers of Lissa does complain about Liam.,morphology,subject_verb_agreement,distractor_agreement_relational_noun,True,True,False,False,612,-66.901611328125,-67.47727966308594,1
A niece of a lot of cashiers implores Matt to ascend a lot of steps.,A niece of a lot of cashiers implore Matt to ascend a lot of steps.,morphology,subject_verb_agreement,distractor_agreement_relational_noun,True,True,False,False,613,-111.19471740722656,-110.35684967041016,0
The essays about Jesus are irritating Brett.,The essays about Jesus is irritating Brett.,morphology,subject_verb_agreement,distractor_agreement_relational_noun,True,True,False,False,614,-59.39913558959961,-56.63241958618164,0
The grandmothers of Catherine don't urge Galileo to exercise.,The grandmothers of Catherine doesn't urge Galileo to exercise.,morphology,subject_verb_agreement,distractor_agreement_relational_noun,True,True,False,False,615,-79.82532501220703,-81.0506820678711,1
A son of the teachers helps Nina.,A son of the teachers help Nina.,morphology,subject_verb_agreement,distractor_agreement_relational_noun,True,True,False,False,616,-47.836082458496094,-47.191707611083984,0
The reports about science have stunned Sharon.,The reports about science has stunned Sharon.,morphology,subject_verb_agreement,distractor_agreement_relational_noun,True,True,False,False,617,-56.90349197387695,-55.31951141357422,0
The paintings of Emily have confused a bank.,The paintings of Emily has confused a bank.,morphology,subject_verb_agreement,distractor_agreement_relational_noun,True,True,False,False,618,-57.90153884887695,-56.754329681396484,0
A daughter of all dancers motivates Carrie to see every hat.,A daughter of all dancers motivate Carrie to see every hat.,morphology,subject_verb_agreement,distractor_agreement_relational_noun,True,True,False,False,619,-92.36868286132812,-85.39549255371094,0
The daughter of many adults hasn't suffered.,The daughter of many adults haven't suffered.,morphology,subject_verb_agreement,distractor_agreement_relational_noun,True,True,False,False,620,-49.65850830078125,-48.96430969238281,0
The pictures of Leslie haven't bored Debra.,The pictures of Leslie hasn't bored Debra.,morphology,subject_verb_agreement,distractor_agreement_relational_noun,True,True,False,False,621,-66.89537811279297,-65.828857421875,0
The brother of children yells.,The brother of children yell.,morphology,subject_verb_agreement,distractor_agreement_relational_noun,True,True,False,False,622,-35.06645202636719,-35.375343322753906,1
The stories about Jesus win.,The stories about Jesus wins.,morphology,subject_verb_agreement,distractor_agreement_relational_noun,True,True,False,False,623,-34.608543395996094,-34.60221481323242,0
The photographs of Lisa don't aggravate Becky.,The photographs of Lisa doesn't aggravate Becky.,morphology,subject_verb_agreement,distractor_agreement_relational_noun,True,True,False,False,624,-63.25430679321289,-62.97990417480469,0
A grandfather of a lot of teachers doesn't fire Matt.,A grandfather of a lot of teachers don't fire Matt.,morphology,subject_verb_agreement,distractor_agreement_relational_noun,True,True,False,False,625,-67.05908203125,-64.95848083496094,0
The paintings of every fork weren't upsetting Beverly.,The paintings of every fork wasn't upsetting Beverly.,morphology,subject_verb_agreement,distractor_agreement_relational_noun,True,True,False,False,626,-70.13848114013672,-69.3233642578125,0
The sons of Edward litter.,The sons of Edward litters.,morphology,subject_verb_agreement,distractor_agreement_relational_noun,True,True,False,False,627,-37.74211883544922,-41.938385009765625,1
The grandson of the Impressionists has ordered Tara to reference Veronica.,The grandson of the Impressionists have ordered Tara to reference Veronica.,morphology,subject_verb_agreement,distractor_agreement_relational_noun,True,True,False,False,628,-101.65191650390625,-100.14497375488281,0
The shows about Galileo aren't hurting these teachers.,The shows about Galileo wasn't hurting these teachers.,morphology,subject_verb_agreement,distractor_agreement_relational_noun,True,True,False,False,629,-63.402069091796875,-62.798736572265625,0
The documentaries about Monet don't annoy that customer.,The documentaries about Monet doesn't annoy that customer.,morphology,subject_verb_agreement,distractor_agreement_relational_noun,True,True,False,False,630,-73.21651458740234,-73.0617446899414,0
A painting of all paintings doesn't resemble sketches.,A painting of all paintings don't resemble sketches.,morphology,subject_verb_agreement,distractor_agreement_relational_noun,True,True,False,False,631,-64.33871459960938,-62.02168273925781,0
A sister of many cashiers works hard.,A sister of many cashiers work hard.,morphology,subject_verb_agreement,distractor_agreement_relational_noun,True,True,False,False,632,-62.67091369628906,-61.273441314697266,0
A son of most doctors wasn't looking to insult Suzanne.,A son of most doctors aren't looking to insult Suzanne.,morphology,subject_verb_agreement,distractor_agreement_relational_noun,True,True,False,False,633,-80.03318786621094,-78.99568176269531,0
A picture of those mouths irritates some organizations.,A picture of those mouths irritate some organizations.,morphology,subject_verb_agreement,distractor_agreement_relational_noun,True,True,False,False,634,-63.53961181640625,-62.733924865722656,0
The pamphlets about Monet don't scare Mark.,The pamphlets about Monet doesn't scare Mark.,morphology,subject_verb_agreement,distractor_agreement_relational_noun,True,True,False,False,635,-72.84930419921875,-72.40522766113281,0
The reports about politics haven't confused some committee.,The reports about politics hasn't confused some committee.,morphology,subject_verb_agreement,distractor_agreement_relational_noun,True,True,False,False,636,-64.1041259765625,-64.98321533203125,1
The commentaries about Spain distract that patient.,The commentaries about Spain distracts that patient.,morphology,subject_verb_agreement,distractor_agreement_relational_noun,True,True,False,False,637,-72.00473022460938,-72.86807250976562,1
A grandmother of the men does appreciate Winston Churchill.,A grandmother of the men do appreciate Winston Churchill.,morphology,subject_verb_agreement,distractor_agreement_relational_noun,True,True,False,False,638,-69.96735382080078,-69.15068054199219,0
The grandsons of Nicole haven't neglected to assemble.,The grandsons of Nicole hasn't neglected to assemble.,morphology,subject_verb_agreement,distractor_agreement_relational_noun,True,True,False,False,639,-77.09049987792969,-77.01380920410156,0
The essay about the Great Lakes has confused Bradley.,The essay about the Great Lakes have confused Bradley.,morphology,subject_verb_agreement,distractor_agreement_relational_noun,True,True,False,False,640,-67.43360900878906,-66.22449493408203,0
The grandmothers of Gary are shouting.,The grandmothers of Gary is shouting.,morphology,subject_verb_agreement,distractor_agreement_relational_noun,True,True,False,False,641,-49.49403381347656,-48.348602294921875,0
A granddaughter of most students says Beth shouldn't refuse to complain about Dana.,A granddaughter of most students say Beth shouldn't refuse to complain about Dana.,morphology,subject_verb_agreement,distractor_agreement_relational_noun,True,True,False,False,642,-99.99311828613281,-98.734130859375,0
The sisters of Liam don't arrive at the lake.,The sisters of Liam doesn't arrive at the lake.,morphology,subject_verb_agreement,distractor_agreement_relational_noun,True,True,False,False,643,-56.68815612792969,-56.643035888671875,0
The commentary about the Great Lakes was embarrassing Beth.,The commentary about the Great Lakes were embarrassing Beth.,morphology,subject_verb_agreement,distractor_agreement_relational_noun,True,True,False,False,644,-65.02017211914062,-63.80375671386719,0
The granddaughters of Deborah don't love Christina.,The granddaughters of Deborah doesn't love Christina.,morphology,subject_verb_agreement,distractor_agreement_relational_noun,True,True,False,False,645,-72.32682800292969,-72.65029907226562,1
A nephew of ladies doesn't see.,A nephew of ladies don't see.,morphology,subject_verb_agreement,distractor_agreement_relational_noun,True,True,False,False,646,-43.38733673095703,-41.271690368652344,0
A commentary about the Borgias was impressing Victoria.,A commentary about the Borgias are impressing Victoria.,morphology,subject_verb_agreement,distractor_agreement_relational_noun,True,True,False,False,647,-73.65177917480469,-74.52297973632812,1
The daughter of the Borgias hasn't appeared to slow.,The daughter of the Borgias haven't appeared to slow.,morphology,subject_verb_agreement,distractor_agreement_relational_noun,True,True,False,False,648,-65.93109130859375,-66.7782974243164,1
The sons of Homer do attack Stacey.,The sons of Homer does attack Stacey.,morphology,subject_verb_agreement,distractor_agreement_relational_noun,True,True,False,False,649,-58.77397918701172,-59.43036651611328,1
The nephews of Paula aren't forgetting who respond.,The nephews of Paula wasn't forgetting who respond.,morphology,subject_verb_agreement,distractor_agreement_relational_noun,True,True,False,False,650,-75.7822265625,-74.29429626464844,0
The mothers of Bruce implore those doctors to surrender.,The mothers of Bruce implores those doctors to surrender.,morphology,subject_verb_agreement,distractor_agreement_relational_noun,True,True,False,False,651,-75.49047088623047,-75.9549560546875,1
The sons of Aaron haven't disliked every hill.,The sons of Aaron hasn't disliked every hill.,morphology,subject_verb_agreement,distractor_agreement_relational_noun,True,True,False,False,652,-64.6150894165039,-63.575897216796875,0
The father of many patients does stun Omar.,The father of many patients do stun Omar.,morphology,subject_verb_agreement,distractor_agreement_relational_noun,True,True,False,False,653,-66.37074279785156,-63.27348327636719,0
The documentaries about politics are irritating Deanna.,The documentaries about politics is irritating Deanna.,morphology,subject_verb_agreement,distractor_agreement_relational_noun,True,True,False,False,654,-68.42660522460938,-67.96781921386719,0
A daughter of those actors compels Patricia to talk to every person.,A daughter of those actors compel Patricia to talk to every person.,morphology,subject_verb_agreement,distractor_agreement_relational_noun,True,True,False,False,655,-84.676025390625,-81.00407409667969,0
A drawing of the Borgias was upsetting Regina.,A drawing of the Borgias were upsetting Regina.,morphology,subject_verb_agreement,distractor_agreement_relational_noun,True,True,False,False,656,-67.72154998779297,-68.26545715332031,1
The paintings of a coat do disgust Dana.,The paintings of a coat does disgust Dana.,morphology,subject_verb_agreement,distractor_agreement_relational_noun,True,True,False,False,657,-61.97602844238281,-63.67767333984375,1
The movie about the Borgias hasn't irritated Kenneth.,The movie about the Borgias haven't irritated Kenneth.,morphology,subject_verb_agreement,distractor_agreement_relational_noun,True,True,False,False,658,-69.8958740234375,-70.42494201660156,1
The play about the Borgias isn't winning.,The play about the Borgias aren't winning.,morphology,subject_verb_agreement,distractor_agreement_relational_noun,True,True,False,False,659,-59.971336364746094,-61.36121368408203,1
The daughter of these teenagers hasn't answered.,The daughter of these teenagers haven't answered.,morphology,subject_verb_agreement,distractor_agreement_relational_noun,True,True,False,False,660,-50.85078430175781,-49.213233947753906,0
The documentaries about science hurt a lot of guys.,The documentaries about science hurts a lot of guys.,morphology,subject_verb_agreement,distractor_agreement_relational_noun,True,True,False,False,661,-60.509769439697266,-59.44711685180664,0
The photographs of David do disappear.,The photographs of David does disappear.,morphology,subject_verb_agreement,distractor_agreement_relational_noun,True,True,False,False,662,-42.60840606689453,-43.25883102416992,1
The grandfathers of Matt do shout.,The grandfathers of Matt does shout.,morphology,subject_verb_agreement,distractor_agreement_relational_noun,True,True,False,False,663,-52.60982131958008,-53.45585250854492,1
The drawing of those doors distracts Kayla.,The drawing of those doors distract Kayla.,morphology,subject_verb_agreement,distractor_agreement_relational_noun,True,True,False,False,664,-64.30992126464844,-62.11905288696289,0
A brochure about the Impressionists distracts Holly.,A brochure about the Impressionists distract Holly.,morphology,subject_verb_agreement,distractor_agreement_relational_noun,True,True,False,False,665,-85.11174011230469,-82.56244659423828,0
The newspaper articles about Winston Churchill do disappear.,The newspaper articles about Winston Churchill does disappear.,morphology,subject_verb_agreement,distractor_agreement_relational_noun,True,True,False,False,666,-65.40193176269531,-65.89947509765625,1
The essays about science were embarrassing Jeffrey.,The essays about science is embarrassing Jeffrey.,morphology,subject_verb_agreement,distractor_agreement_relational_noun,True,True,False,False,667,-58.88737487792969,-56.672027587890625,0
The grandmothers of James disappear.,The grandmothers of James disappears.,morphology,subject_verb_agreement,distractor_agreement_relational_noun,True,True,False,False,668,-43.49031448364258,-44.89702606201172,1
The brothers of some waitress do forfeit.,The brothers of some waitress does forfeit.,morphology,subject_verb_agreement,distractor_agreement_relational_noun,True,True,False,False,669,-56.121421813964844,-57.197574615478516,1
A father of some senators hasn't joked around.,A father of some senators haven't joked around.,morphology,subject_verb_agreement,distractor_agreement_relational_noun,True,True,False,False,670,-67.26458740234375,-64.85365295410156,0
A brother of those patients doesn't eat.,A brother of those patients don't eat.,morphology,subject_verb_agreement,distractor_agreement_relational_noun,True,True,False,False,671,-46.11187744140625,-43.15522003173828,0
The shows about Spain embarrass Sara.,The shows about Spain embarrasses Sara.,morphology,subject_verb_agreement,distractor_agreement_relational_noun,True,True,False,False,672,-51.1821403503418,-58.654930114746094,1
An essay about the Great Lakes was confusing Galileo.,An essay about the Great Lakes are confusing Galileo.,morphology,subject_verb_agreement,distractor_agreement_relational_noun,True,True,False,False,673,-65.8124008178711,-64.17539978027344,0
The shows about Galileo don't distract all patients.,The shows about Galileo doesn't distract all patients.,morphology,subject_verb_agreement,distractor_agreement_relational_noun,True,True,False,False,674,-64.71223449707031,-64.27122497558594,0
The drawings of Donna resemble the photograph.,The drawings of Donna resembles the photograph.,morphology,subject_verb_agreement,distractor_agreement_relational_noun,True,True,False,False,675,-54.86283874511719,-53.46424102783203,0
A nephew of many students hasn't expected the guys to blink.,A nephew of many students haven't expected the guys to blink.,morphology,subject_verb_agreement,distractor_agreement_relational_noun,True,True,False,False,676,-81.24971008300781,-79.84896850585938,0
The pamphlet about the Great Lakes upsets this school.,The pamphlet about the Great Lakes upset this school.,morphology,subject_verb_agreement,distractor_agreement_relational_noun,True,True,False,False,677,-71.53355407714844,-62.336097717285156,0
The paintings of that report haven't stunned the actor.,The paintings of that report hasn't stunned the actor.,morphology,subject_verb_agreement,distractor_agreement_relational_noun,True,True,False,False,678,-67.30305480957031,-66.52398681640625,0
A daughter of the Lutherans was referencing Rodney.,A daughter of the Lutherans are referencing Rodney.,morphology,subject_verb_agreement,distractor_agreement_relational_noun,True,True,False,False,679,-70.61276245117188,-69.33171081542969,0
The fathers of Marie haven't protested.,The fathers of Marie hasn't protested.,morphology,subject_verb_agreement,distractor_agreement_relational_noun,True,True,False,False,680,-51.63282775878906,-50.626861572265625,0
A print of books has aggravated Caroline.,A print of books have aggravated Caroline.,morphology,subject_verb_agreement,distractor_agreement_relational_noun,True,True,False,False,681,-58.439781188964844,-56.80432891845703,0
A grandson of a lot of teenagers does alarm Marie.,A grandson of a lot of teenagers do alarm Marie.,morphology,subject_verb_agreement,distractor_agreement_relational_noun,True,True,False,False,682,-73.36273956298828,-70.96473693847656,0
The commentaries about literature haven't annoyed Grace.,The commentaries about literature hasn't annoyed Grace.,morphology,subject_verb_agreement,distractor_agreement_relational_noun,True,True,False,False,683,-73.49898529052734,-73.32904052734375,0
The documentaries about politics don't scare these men.,The documentaries about politics doesn't scare these men.,morphology,subject_verb_agreement,distractor_agreement_relational_noun,True,True,False,False,684,-59.08366775512695,-60.75631332397461,1
The friend of most actors hasn't dared Connie's ex-wife to bake.,The friend of most actors haven't dared Connie's ex-wife to bake.,morphology,subject_verb_agreement,distractor_agreement_relational_noun,True,True,False,False,685,-104.51190185546875,-103.40650939941406,0
The cousins of Kendra have nodded.,The cousins of Kendra has nodded.,morphology,subject_verb_agreement,distractor_agreement_relational_noun,True,True,False,False,686,-55.291500091552734,-53.50559997558594,0
The drawings of Melinda aren't aggravating that bank.,The drawings of Melinda wasn't aggravating that bank.,morphology,subject_verb_agreement,distractor_agreement_relational_noun,True,True,False,False,687,-75.98114776611328,-74.73587036132812,0
The shows about Monet aren't hurting these cashiers.,The shows about Monet wasn't hurting these cashiers.,morphology,subject_verb_agreement,distractor_agreement_relational_noun,True,True,False,False,688,-81.3467025756836,-79.59744262695312,0
The book about the Impressionists hasn't aggravated Tanya.,The book about the Impressionists haven't aggravated Tanya.,morphology,subject_verb_agreement,distractor_agreement_relational_noun,True,True,False,False,689,-81.0597152709961,-80.26383972167969,0
The grandsons of Victoria have blinked.,The grandsons of Victoria has blinked.,morphology,subject_verb_agreement,distractor_agreement_relational_noun,True,True,False,False,690,-60.84713363647461,-60.36210632324219,0
The grandmother of the Impressionists does forget who praises every teacher.,The grandmother of the Impressionists do forget who praises every teacher.,morphology,subject_verb_agreement,distractor_agreement_relational_noun,True,True,False,False,691,-100.1615219116211,-97.83161926269531,0
The nephew of some ladies does stand up.,The nephew of some ladies do stand up.,morphology,subject_verb_agreement,distractor_agreement_relational_noun,True,True,False,False,692,-52.58280563354492,-49.92005920410156,0
The pictures of Linda aren't stunning Jodi.,The pictures of Linda isn't stunning Jodi.,morphology,subject_verb_agreement,distractor_agreement_relational_noun,True,True,False,False,693,-69.96571350097656,-68.42890930175781,0
The cousin of a lot of customers has cooked.,The cousin of a lot of customers have cooked.,morphology,subject_verb_agreement,distractor_agreement_relational_noun,True,True,False,False,694,-54.39249038696289,-51.589134216308594,0
The friend of guests disturbs Victoria.,The friend of guests disturb Victoria.,morphology,subject_verb_agreement,distractor_agreement_relational_noun,True,True,False,False,695,-57.45994567871094,-49.94350051879883,0
The movies about Jesus do impress Gerald.,The movies about Jesus does impress Gerald.,morphology,subject_verb_agreement,distractor_agreement_relational_noun,True,True,False,False,696,-58.31996154785156,-58.67012023925781,1
A sister of a lot of patients doesn't confuse these drivers.,A sister of a lot of patients don't confuse these drivers.,morphology,subject_verb_agreement,distractor_agreement_relational_noun,True,True,False,False,697,-68.88162231445312,-66.48654174804688,0
The cousin of a lot of children wasn't researching most glaciers.,The cousin of a lot of children aren't researching most glaciers.,morphology,subject_verb_agreement,distractor_agreement_relational_noun,True,True,False,False,698,-75.56900024414062,-75.05404663085938,0
A story about the Impressionists hasn't upset some customers.,A story about the Impressionists haven't upset some customers.,morphology,subject_verb_agreement,distractor_agreement_relational_noun,True,True,False,False,699,-78.79826354980469,-77.5457763671875,0
A book about the Borgias was stunning adults.,A book about the Borgias are stunning adults.,morphology,subject_verb_agreement,distractor_agreement_relational_noun,True,True,False,False,700,-64.12104797363281,-63.67073059082031,0
The nephews of Connie haven't descended some ladders.,The nephews of Connie hasn't descended some ladders.,morphology,subject_verb_agreement,distractor_agreement_relational_noun,True,True,False,False,701,-74.34152221679688,-73.88178253173828,0
A pamphlet about the Lutherans doesn't appear.,A pamphlet about the Lutherans don't appear.,morphology,subject_verb_agreement,distractor_agreement_relational_noun,True,True,False,False,702,-64.04915618896484,-61.7958869934082,0
The play about the Lutherans bothers Walter.,The play about the Lutherans bother Walter.,morphology,subject_verb_agreement,distractor_agreement_relational_noun,True,True,False,False,703,-66.29971313476562,-65.05998992919922,0
The grandmothers of Peter weren't imagining that adult hugged Mary.,The grandmothers of Peter wasn't imagining that adult hugged Mary.,morphology,subject_verb_agreement,distractor_agreement_relational_noun,True,True,False,False,704,-93.01925659179688,-90.65794372558594,0
A nephew of the patients has blinked.,A nephew of the patients have blinked.,morphology,subject_verb_agreement,distractor_agreement_relational_noun,True,True,False,False,705,-51.839210510253906,-49.85887145996094,0
A book about current events impresses Becky.,A book about current events impress Becky.,morphology,subject_verb_agreement,distractor_agreement_relational_noun,True,True,False,False,706,-64.85249328613281,-58.58601379394531,0
The grandfathers of Heidi don't plan to shock Randolf.,The grandfathers of Heidi doesn't plan to shock Randolf.,morphology,subject_verb_agreement,distractor_agreement_relational_noun,True,True,False,False,707,-90.3538589477539,-91.55369567871094,1
The sisters of Rebecca want all pies to blacken.,The sisters of Rebecca wants all pies to blacken.,morphology,subject_verb_agreement,distractor_agreement_relational_noun,True,True,False,False,708,-79.46234893798828,-78.73169708251953,0
The sons of Scott have prevented every ladder from boring Sara.,The sons of Scott has prevented every ladder from boring Sara.,morphology,subject_verb_agreement,distractor_agreement_relational_noun,True,True,False,False,709,-86.6903076171875,-85.5376205444336,0
A sister of all girls doesn't implore Diana to fall asleep.,A sister of all girls don't implore Diana to fall asleep.,morphology,subject_verb_agreement,distractor_agreement_relational_noun,True,True,False,False,710,-85.60787200927734,-83.3560562133789,0
A granddaughter of most boys doesn't concur.,A granddaughter of most boys don't concur.,morphology,subject_verb_agreement,distractor_agreement_relational_noun,True,True,False,False,711,-66.72203063964844,-64.53387451171875,0
The grandmother of most customers was commissioning Veronica to disgust all patients.,The grandmother of most customers were commissioning Veronica to disgust all patients.,morphology,subject_verb_agreement,distractor_agreement_relational_noun,True,True,False,False,712,-109.14586639404297,-106.60134887695312,0
A report about the Balkans has annoyed Paul.,A report about the Balkans have annoyed Paul.,morphology,subject_verb_agreement,distractor_agreement_relational_noun,True,True,False,False,713,-56.70779800415039,-56.909889221191406,1
The niece of a lot of actresses has forgotten who consider a library to respect Joseph.,The niece of a lot of actresses have forgotten who consider a library to respect Joseph.,morphology,subject_verb_agreement,distractor_agreement_relational_noun,True,True,False,False,714,-108.45611572265625,-107.8150634765625,0
A picture of some reports is distracting many governments.,A picture of some reports are distracting many governments.,morphology,subject_verb_agreement,distractor_agreement_relational_noun,True,True,False,False,715,-64.59214782714844,-62.53832244873047,0
The newspaper articles about Monet aren't boring this actress.,The newspaper articles about Monet isn't boring this actress.,morphology,subject_verb_agreement,distractor_agreement_relational_noun,True,True,False,False,716,-85.57771301269531,-82.73391723632812,0
The books about Monet disappear.,The books about Monet disappears.,morphology,subject_verb_agreement,distractor_agreement_relational_noun,True,True,False,False,717,-43.04706954956055,-44.570411682128906,1
The commentaries about literature haven't hurt Mark.,The commentaries about literature hasn't hurt Mark.,morphology,subject_verb_agreement,distractor_agreement_relational_noun,True,True,False,False,718,-68.30438995361328,-67.93832397460938,0
The plays about art annoy a senator.,The plays about art annoys a senator.,morphology,subject_verb_agreement,distractor_agreement_relational_noun,True,True,False,False,719,-53.070556640625,-56.12470245361328,1
A brochure about the Lutherans worries Bill.,A brochure about the Lutherans worry Bill.,morphology,subject_verb_agreement,distractor_agreement_relational_noun,True,True,False,False,720,-76.56952667236328,-76.27498626708984,0
The granddaughters of Eva have explained these libraries aren't tempting Carolyn to reveal Ellen.,The granddaughters of Eva has explained these libraries aren't tempting Carolyn to reveal Ellen.,morphology,subject_verb_agreement,distractor_agreement_relational_noun,True,True,False,False,721,-133.7894744873047,-133.62551879882812,0
A movie about the Clintons doesn't stun Thomas.,A movie about the Clintons don't stun Thomas.,morphology,subject_verb_agreement,distractor_agreement_relational_noun,True,True,False,False,722,-65.41809844970703,-66.0193862915039,1
The movies about Galileo do upset Tamara.,The movies about Galileo does upset Tamara.,morphology,subject_verb_agreement,distractor_agreement_relational_noun,True,True,False,False,723,-66.03907775878906,-66.57185363769531,1
A grandson of most senators forgets who did break some couch.,A grandson of most senators forget who did break some couch.,morphology,subject_verb_agreement,distractor_agreement_relational_noun,True,True,False,False,724,-90.99542236328125,-84.90196990966797,0
A grandmother of most women exists.,A grandmother of most women exist.,morphology,subject_verb_agreement,distractor_agreement_relational_noun,True,True,False,False,725,-46.80902099609375,-45.69921875,0
The movie about the Clintons does disagree.,The movie about the Clintons do disagree.,morphology,subject_verb_agreement,distractor_agreement_relational_noun,True,True,False,False,726,-54.353145599365234,-54.71958923339844,1
The essay about current events has irritated Martin.,The essay about current events have irritated Martin.,morphology,subject_verb_agreement,distractor_agreement_relational_noun,True,True,False,False,727,-62.49520492553711,-61.23991394042969,0
The daughters of Amy haven't lifted the mall.,The daughters of Amy hasn't lifted the mall.,morphology,subject_verb_agreement,distractor_agreement_relational_noun,True,True,False,False,728,-60.46006774902344,-58.96963882446289,0
The fathers of Kayla aren't hunting.,The fathers of Kayla wasn't hunting.,morphology,subject_verb_agreement,distractor_agreement_relational_noun,True,True,False,False,729,-57.208160400390625,-55.9023323059082,0
A father of those girls does observe Becky.,A father of those girls do observe Becky.,morphology,subject_verb_agreement,distractor_agreement_relational_noun,True,True,False,False,730,-59.4219970703125,-56.79016876220703,0
The documentaries about politics don't bore Bradley.,The documentaries about politics doesn't bore Bradley.,morphology,subject_verb_agreement,distractor_agreement_relational_noun,True,True,False,False,731,-62.53081130981445,-63.48577117919922,1
A story about the Clintons was shocking Brenda.,A story about the Clintons are shocking Brenda.,morphology,subject_verb_agreement,distractor_agreement_relational_noun,True,True,False,False,732,-63.35612106323242,-64.74703979492188,1
The grandmothers of Ronald describe Colleen.,The grandmothers of Ronald describes Colleen.,morphology,subject_verb_agreement,distractor_agreement_relational_noun,True,True,False,False,733,-66.83643341064453,-65.74920654296875,0
A book about the Great Lakes does impress Karla.,A book about the Great Lakes do impress Karla.,morphology,subject_verb_agreement,distractor_agreement_relational_noun,True,True,False,False,734,-72.43682098388672,-71.24571228027344,0
The stories about travel weren't alarming Rodney.,The stories about travel wasn't alarming Rodney.,morphology,subject_verb_agreement,distractor_agreement_relational_noun,True,True,False,False,735,-62.0737190246582,-61.137176513671875,0
The essay about the Clintons upsets Noah.,The essay about the Clintons upset Noah.,morphology,subject_verb_agreement,distractor_agreement_relational_noun,True,True,False,False,736,-68.14027404785156,-62.90941619873047,0
The nieces of Phillip do cough.,The nieces of Phillip does cough.,morphology,subject_verb_agreement,distractor_agreement_relational_noun,True,True,False,False,737,-59.14844512939453,-61.350032806396484,1
A sister of many boys doesn't appear to clash.,A sister of many boys don't appear to clash.,morphology,subject_verb_agreement,distractor_agreement_relational_noun,True,True,False,False,738,-65.19187927246094,-62.84764862060547,0
The essay about the Balkans has aggravated Brian.,The essay about the Balkans have aggravated Brian.,morphology,subject_verb_agreement,distractor_agreement_relational_noun,True,True,False,False,739,-60.92393493652344,-60.511131286621094,0
The documentaries about Monet haven't won.,The documentaries about Monet hasn't won.,morphology,subject_verb_agreement,distractor_agreement_relational_noun,True,True,False,False,740,-61.71177673339844,-60.66350555419922,0
A grandson of these men presses Omar to listen to Clyde.,A grandson of these men press Omar to listen to Clyde.,morphology,subject_verb_agreement,distractor_agreement_relational_noun,True,True,False,False,741,-80.01509094238281,-78.0764389038086,0
The pamphlets about art do annoy Ann.,The pamphlets about art does annoy Ann.,morphology,subject_verb_agreement,distractor_agreement_relational_noun,True,True,False,False,742,-68.22235107421875,-68.84664916992188,1
The sketches of chicken astound Veronica.,The sketches of chicken astounds Veronica.,morphology,subject_verb_agreement,distractor_agreement_relational_noun,True,True,False,False,743,-59.1903190612793,-61.70005416870117,1
The sketches of Kayla have resembled this painting.,The sketches of Kayla has resembled this painting.,morphology,subject_verb_agreement,distractor_agreement_relational_noun,True,True,False,False,744,-65.24899291992188,-64.66943359375,0
The pamphlets about music have alarmed every pedestrian.,The pamphlets about music has alarmed every pedestrian.,morphology,subject_verb_agreement,distractor_agreement_relational_noun,True,True,False,False,745,-73.84636688232422,-73.48625946044922,0
The photographs of this fish shock Rhonda.,The photographs of this fish shocks Rhonda.,morphology,subject_verb_agreement,distractor_agreement_relational_noun,True,True,False,False,746,-61.947021484375,-63.076622009277344,1
A painting of some carriages wasn't scaring David.,A painting of some carriages weren't scaring David.,morphology,subject_verb_agreement,distractor_agreement_relational_noun,True,True,False,False,747,-69.40843200683594,-69.13639831542969,0
The pamphlet about current events doesn't worry a university.,The pamphlet about current events don't worry a university.,morphology,subject_verb_agreement,distractor_agreement_relational_noun,True,True,False,False,748,-66.10796356201172,-62.969703674316406,0
The book about the Great Lakes was embarrassing Deborah.,The book about the Great Lakes were embarrassing Deborah.,morphology,subject_verb_agreement,distractor_agreement_relational_noun,True,True,False,False,749,-62.750614166259766,-61.42076873779297,0
The books about art don't disgust all children.,The books about art doesn't disgust all children.,morphology,subject_verb_agreement,distractor_agreement_relational_noun,True,True,False,False,750,-61.59103775024414,-62.004150390625,1
The pamphlets about science haven't aggravated Ronald.,The pamphlets about science hasn't aggravated Ronald.,morphology,subject_verb_agreement,distractor_agreement_relational_noun,True,True,False,False,751,-72.17752075195312,-72.5994873046875,1
The sons of Leslie aren't wanting Melanie to think about some shawls.,The sons of Leslie wasn't wanting Melanie to think about some shawls.,morphology,subject_verb_agreement,distractor_agreement_relational_noun,True,True,False,False,752,-98.04353332519531,-96.63127899169922,0
A niece of these pedestrians is investigating what wasn't closing.,A niece of these pedestrians were investigating what wasn't closing.,morphology,subject_verb_agreement,distractor_agreement_relational_noun,True,True,False,False,753,-78.02330017089844,-78.20254516601562,1
The drawings of this water haven't disturbed Catherine.,The drawings of this water hasn't disturbed Catherine.,morphology,subject_verb_agreement,distractor_agreement_relational_noun,True,True,False,False,754,-62.020606994628906,-61.0511474609375,0
The grandfathers of Meredith aren't scanning the commentaries.,The grandfathers of Meredith wasn't scanning the commentaries.,morphology,subject_verb_agreement,distractor_agreement_relational_noun,True,True,False,False,755,-86.93923950195312,-84.92532348632812,0
The grandson of all adults has worried Walter.,The grandson of all adults have worried Walter.,morphology,subject_verb_agreement,distractor_agreement_relational_noun,True,True,False,False,756,-62.43812561035156,-59.90930938720703,0
The grandfather of the Lutherans doesn't investigate what are benefiting.,The grandfather of the Lutherans don't investigate what are benefiting.,morphology,subject_verb_agreement,distractor_agreement_relational_noun,True,True,False,False,757,-83.92081451416016,-82.10941314697266,0
The commentaries about Spain aren't embarrassing a lot of waiters.,The commentaries about Spain isn't embarrassing a lot of waiters.,morphology,subject_verb_agreement,distractor_agreement_relational_noun,True,True,False,False,758,-88.75321960449219,-88.62944793701172,0
The pictures of every eggplant were bothering Dennis.,The pictures of every eggplant was bothering Dennis.,morphology,subject_verb_agreement,distractor_agreement_relational_noun,True,True,False,False,759,-70.39033508300781,-69.91332244873047,0
The sketch of the Borgias has stunned Joseph.,The sketch of the Borgias have stunned Joseph.,morphology,subject_verb_agreement,distractor_agreement_relational_noun,True,True,False,False,760,-68.7352066040039,-69.14012908935547,1
The brother of some waitresses learns.,The brother of some waitresses learn.,morphology,subject_verb_agreement,distractor_agreement_relational_noun,True,True,False,False,761,-58.00464630126953,-56.23017120361328,0
The books about Spain don't bore doctors.,The books about Spain doesn't bore doctors.,morphology,subject_verb_agreement,distractor_agreement_relational_noun,True,True,False,False,762,-56.280052185058594,-56.648155212402344,1
A sketch of all pies does resemble some print.,A sketch of all pies do resemble some print.,morphology,subject_verb_agreement,distractor_agreement_relational_noun,True,True,False,False,763,-73.85262298583984,-72.95820617675781,0
A book about the Great Lakes is alarming that guest.,A book about the Great Lakes are alarming that guest.,morphology,subject_verb_agreement,distractor_agreement_relational_noun,True,True,False,False,764,-68.964599609375,-67.24301147460938,0
A cousin of these guys fails to break this skateboard.,A cousin of these guys fail to break this skateboard.,morphology,subject_verb_agreement,distractor_agreement_relational_noun,True,True,False,False,765,-65.0035400390625,-63.364463806152344,0
The documentaries about Galileo do scare John.,The documentaries about Galileo does scare John.,morphology,subject_verb_agreement,distractor_agreement_relational_noun,True,True,False,False,766,-62.250999450683594,-61.938690185546875,0
The movies about music alarm the pedestrians.,The movies about music alarms the pedestrians.,morphology,subject_verb_agreement,distractor_agreement_relational_noun,True,True,False,False,767,-51.872314453125,-54.600730895996094,1
The grandmother of some doctors was suffering.,The grandmother of some doctors are suffering.,morphology,subject_verb_agreement,distractor_agreement_relational_noun,True,True,False,False,768,-47.733245849609375,-46.033935546875,0
The mothers of Linda explain most teachers wave.,The mothers of Linda explains most teachers wave.,morphology,subject_verb_agreement,distractor_agreement_relational_noun,True,True,False,False,769,-70.26615905761719,-67.95967102050781,0
The nieces of James have murmured.,The nieces of James has murmured.,morphology,subject_verb_agreement,distractor_agreement_relational_noun,True,True,False,False,770,-58.064979553222656,-56.911582946777344,0
The painting of those vases was disturbing Rachelle.,The painting of those vases were disturbing Rachelle.,morphology,subject_verb_agreement,distractor_agreement_relational_noun,True,True,False,False,771,-72.53387451171875,-71.6364517211914,0
A pamphlet about current events does shock Brian.,A pamphlet about current events do shock Brian.,morphology,subject_verb_agreement,distractor_agreement_relational_noun,True,True,False,False,772,-71.46221923828125,-68.77616882324219,0
The commentaries about Galileo don't disgust Lori.,The commentaries about Galileo doesn't disgust Lori.,morphology,subject_verb_agreement,distractor_agreement_relational_noun,True,True,False,False,773,-79.73530578613281,-80.11827087402344,1
The mothers of Natalie do flee from Chad.,The mothers of Natalie does flee from Chad.,morphology,subject_verb_agreement,distractor_agreement_relational_noun,True,True,False,False,774,-63.925071716308594,-63.89374542236328,0
The grandmother of many waiters does win.,The grandmother of many waiters do win.,morphology,subject_verb_agreement,distractor_agreement_relational_noun,True,True,False,False,775,-62.644344329833984,-60.58606719970703,0
The newspaper article about the Lutherans does shock Theodore.,The newspaper article about the Lutherans do shock Theodore.,morphology,subject_verb_agreement,distractor_agreement_relational_noun,True,True,False,False,776,-84.61727905273438,-80.94540405273438,0
A book about the Balkans doesn't bother Andrea.,A book about the Balkans don't bother Andrea.,morphology,subject_verb_agreement,distractor_agreement_relational_noun,True,True,False,False,777,-57.589599609375,-56.31354904174805,0
A cousin of a lot of cashiers has helped Ronald.,A cousin of a lot of cashiers have helped Ronald.,morphology,subject_verb_agreement,distractor_agreement_relational_noun,True,True,False,False,778,-70.76789855957031,-69.78904724121094,0
The drawings of a photograph have looked like the woman.,The drawings of a photograph has looked like the woman.,morphology,subject_verb_agreement,distractor_agreement_relational_noun,True,True,False,False,779,-58.90411376953125,-57.776405334472656,0
The sons of Suzanne haven't donated.,The sons of Suzanne hasn't donated.,morphology,subject_verb_agreement,distractor_agreement_relational_noun,True,True,False,False,780,-53.3164176940918,-52.19514465332031,0
The painting of a lot of skirts has distracted Connie.,The painting of a lot of skirts have distracted Connie.,morphology,subject_verb_agreement,distractor_agreement_relational_noun,True,True,False,False,781,-66.26998901367188,-65.35002136230469,0
The brothers of Travis weren't revealing Melanie.,The brothers of Travis isn't revealing Melanie.,morphology,subject_verb_agreement,distractor_agreement_relational_noun,True,True,False,False,782,-64.0142822265625,-61.82170104980469,0
The daughter of most actresses isn't escaping.,The daughter of most actresses aren't escaping.,morphology,subject_verb_agreement,distractor_agreement_relational_noun,True,True,False,False,783,-56.03614807128906,-56.44087219238281,1
The fathers of Victoria aren't convincing Alice's student to heal Douglas.,The fathers of Victoria isn't convincing Alice's student to heal Douglas.,morphology,subject_verb_agreement,distractor_agreement_relational_noun,True,True,False,False,784,-96.384521484375,-95.10954284667969,0
The pictures of Martha don't disgust Anne.,The pictures of Martha doesn't disgust Anne.,morphology,subject_verb_agreement,distractor_agreement_relational_noun,True,True,False,False,785,-57.8259162902832,-58.49308776855469,1
A pamphlet about current events doesn't irritate Melanie.,A pamphlet about current events don't irritate Melanie.,morphology,subject_verb_agreement,distractor_agreement_relational_noun,True,True,False,False,786,-73.7093505859375,-71.17173767089844,0
The paintings of a pie were vanishing.,The paintings of a pie was vanishing.,morphology,subject_verb_agreement,distractor_agreement_relational_noun,True,True,False,False,787,-47.787994384765625,-45.587799072265625,0
A book about the Clintons does impress most committees.,A book about the Clintons do impress most committees.,morphology,subject_verb_agreement,distractor_agreement_relational_noun,True,True,False,False,788,-74.41548156738281,-74.78477478027344,1
A daughter of the Impressionists whispers.,A daughter of the Impressionists whisper.,morphology,subject_verb_agreement,distractor_agreement_relational_noun,True,True,False,False,789,-55.62394714355469,-55.52717208862305,0
The paintings of Matt weren't wasting away.,The paintings of Matt isn't wasting away.,morphology,subject_verb_agreement,distractor_agreement_relational_noun,True,True,False,False,790,-52.41084671020508,-50.824195861816406,0
The nephews of Guy were donating.,The nephews of Guy is donating.,morphology,subject_verb_agreement,distractor_agreement_relational_noun,True,True,False,False,791,-52.53675842285156,-52.685272216796875,1
The essays about science do scare Becca.,The essays about science does scare Becca.,morphology,subject_verb_agreement,distractor_agreement_relational_noun,True,True,False,False,792,-63.234275817871094,-62.160736083984375,0
The friends of Lawrence do try to stun Christine.,The friends of Lawrence does try to stun Christine.,morphology,subject_verb_agreement,distractor_agreement_relational_noun,True,True,False,False,793,-65.6663818359375,-66.51554870605469,1
The cousins of Alice have won.,The cousins of Alice has won.,morphology,subject_verb_agreement,distractor_agreement_relational_noun,True,True,False,False,794,-44.0120964050293,-42.52602767944336,0
The sisters of Adam haven't broken most computers.,The sisters of Adam hasn't broken most computers.,morphology,subject_verb_agreement,distractor_agreement_relational_noun,True,True,False,False,795,-63.87201690673828,-61.846717834472656,0
A nephew of many guests laughs.,A nephew of many guests laugh.,morphology,subject_verb_agreement,distractor_agreement_relational_noun,True,True,False,False,796,-46.45263671875,-44.29290008544922,0
An essay about the Great Lakes has upset Randolf.,An essay about the Great Lakes have upset Randolf.,morphology,subject_verb_agreement,distractor_agreement_relational_noun,True,True,False,False,797,-77.90541076660156,-76.65653991699219,0
The niece of the waiters does concur.,The niece of the waiters do concur.,morphology,subject_verb_agreement,distractor_agreement_relational_noun,True,True,False,False,798,-70.29241943359375,-67.64279174804688,0
The sons of Paul aren't drinking.,The sons of Paul wasn't drinking.,morphology,subject_verb_agreement,distractor_agreement_relational_noun,True,True,False,False,799,-43.987205505371094,-42.941986083984375,0
The paintings of Becca have alarmed Donald.,The paintings of Becca has alarmed Donald.,morphology,subject_verb_agreement,distractor_agreement_relational_noun,True,True,False,False,800,-64.16858673095703,-62.657684326171875,0
The pictures of a gate haven't existed.,The pictures of a gate hasn't existed.,morphology,subject_verb_agreement,distractor_agreement_relational_noun,True,True,False,False,801,-45.850364685058594,-46.23963165283203,1
The nieces of Russell dare Carolyn to pass most movie theaters.,The nieces of Russell dares Carolyn to pass most movie theaters.,morphology,subject_verb_agreement,distractor_agreement_relational_noun,True,True,False,False,802,-107.31724548339844,-110.803955078125,1
The photographs of a sock weren't confusing Sandra.,The photographs of a sock isn't confusing Sandra.,morphology,subject_verb_agreement,distractor_agreement_relational_noun,True,True,False,False,803,-63.30168914794922,-61.246543884277344,0
The prints of every painting haven't looked like a rabbit.,The prints of every painting hasn't looked like a rabbit.,morphology,subject_verb_agreement,distractor_agreement_relational_noun,True,True,False,False,804,-63.03215408325195,-62.626399993896484,0
A painting of pants was existing.,A painting of pants are existing.,morphology,subject_verb_agreement,distractor_agreement_relational_noun,True,True,False,False,805,-44.27777862548828,-40.73122024536133,0
A movie about the Clintons does win.,A movie about the Clintons do win.,morphology,subject_verb_agreement,distractor_agreement_relational_noun,True,True,False,False,806,-51.431129455566406,-52.065406799316406,1
The books about Jesus weren't irritating some dancers.,The books about Jesus isn't irritating some dancers.,morphology,subject_verb_agreement,distractor_agreement_relational_noun,True,True,False,False,807,-66.22782897949219,-63.85486602783203,0
The drawing of all doctors hasn't vanished.,The drawing of all doctors haven't vanished.,morphology,subject_verb_agreement,distractor_agreement_relational_noun,True,True,False,False,808,-52.113468170166016,-50.00940704345703,0
The prints of Matt don't annoy the guy.,The prints of Matt doesn't annoy the guy.,morphology,subject_verb_agreement,distractor_agreement_relational_noun,True,True,False,False,809,-57.08085632324219,-56.66636657714844,0
The granddaughters of Nina don't hope to talk to Regina.,The granddaughters of Nina doesn't hope to talk to Regina.,morphology,subject_verb_agreement,distractor_agreement_relational_noun,True,True,False,False,810,-80.34835815429688,-80.18040466308594,0
The mother of these patients has seemed to get a job.,The mother of these patients have seemed to get a job.,morphology,subject_verb_agreement,distractor_agreement_relational_noun,True,True,False,False,811,-56.269691467285156,-52.5640869140625,0
The pictures of Vincent don't bore Mary.,The pictures of Vincent doesn't bore Mary.,morphology,subject_verb_agreement,distractor_agreement_relational_noun,True,True,False,False,812,-56.55268096923828,-56.33380889892578,0
The fathers of Jessica have seen.,The fathers of Jessica has seen.,morphology,subject_verb_agreement,distractor_agreement_relational_noun,True,True,False,False,813,-40.35740661621094,-40.51286697387695,1
The pictures of Thomas disturb Lawrence.,The pictures of Thomas disturbs Lawrence.,morphology,subject_verb_agreement,distractor_agreement_relational_noun,True,True,False,False,814,-50.22918701171875,-55.09939193725586,1
The commentaries about Monet do hurt those boys.,The commentaries about Monet does hurt those boys.,morphology,subject_verb_agreement,distractor_agreement_relational_noun,True,True,False,False,815,-76.20854949951172,-76.55338287353516,1
The essay about the Great Lakes doesn't hurt Jacqueline.,The essay about the Great Lakes don't hurt Jacqueline.,morphology,subject_verb_agreement,distractor_agreement_relational_noun,True,True,False,False,816,-68.7833251953125,-67.63554382324219,0
The sons of Allison haven't wasted away.,The sons of Allison hasn't wasted away.,morphology,subject_verb_agreement,distractor_agreement_relational_noun,True,True,False,False,817,-55.191688537597656,-54.1521110534668,0
The report about the Balkans annoys Carmen.,The report about the Balkans annoy Carmen.,morphology,subject_verb_agreement,distractor_agreement_relational_noun,True,True,False,False,818,-57.48797607421875,-55.40478515625,0
A show about the Clintons sounds like most documentaries.,A show about the Clintons sound like most documentaries.,morphology,subject_verb_agreement,distractor_agreement_relational_noun,True,True,False,False,819,-67.78347778320312,-68.78446960449219,1
A sketch of waitresses has resembled most sketches.,A sketch of waitresses have resembled most sketches.,morphology,subject_verb_agreement,distractor_agreement_relational_noun,True,True,False,False,820,-76.87245178222656,-75.20278930664062,0
The pamphlets about travel weren't embarrassing a bank.,The pamphlets about travel wasn't embarrassing a bank.,morphology,subject_verb_agreement,distractor_agreement_relational_noun,True,True,False,False,821,-74.03019714355469,-73.27501678466797,0
The nieces of George don't continue to stand up.,The nieces of George doesn't continue to stand up.,morphology,subject_verb_agreement,distractor_agreement_relational_noun,True,True,False,False,822,-64.90336608886719,-64.85110473632812,0
The sketches of Jesus don't worry Tara.,The sketches of Jesus doesn't worry Tara.,morphology,subject_verb_agreement,distractor_agreement_relational_noun,True,True,False,False,823,-55.01700973510742,-55.46321105957031,1
The pictures of every waiter don't hurt this adult.,The pictures of every waiter doesn't hurt this adult.,morphology,subject_verb_agreement,distractor_agreement_relational_noun,True,True,False,False,824,-64.25851440429688,-64.80023193359375,1
The commentaries about Winston Churchill have shocked Kimberley.,The commentaries about Winston Churchill has shocked Kimberley.,morphology,subject_verb_agreement,distractor_agreement_relational_noun,True,True,False,False,825,-87.8642578125,-85.7380142211914,0
The prints of the skateboard exist.,The prints of the skateboard exists.,morphology,subject_verb_agreement,distractor_agreement_relational_noun,True,True,False,False,826,-40.26227569580078,-39.70184326171875,0
The prints of this drawing look like Stacy.,The prints of this drawing looks like Stacy.,morphology,subject_verb_agreement,distractor_agreement_relational_noun,True,True,False,False,827,-55.5291748046875,-54.52531814575195,0
The sisters of Amy aren't disappearing.,The sisters of Amy wasn't disappearing.,morphology,subject_verb_agreement,distractor_agreement_relational_noun,True,True,False,False,828,-48.1920051574707,-47.30604934692383,0
A granddaughter of most guys hasn't muttered.,A granddaughter of most guys haven't muttered.,morphology,subject_verb_agreement,distractor_agreement_relational_noun,True,True,False,False,829,-59.65930938720703,-57.1130485534668,0
The grandfathers of Guy were selling all dresses.,The grandfathers of Guy was selling all dresses.,morphology,subject_verb_agreement,distractor_agreement_relational_noun,True,True,False,False,830,-66.54072570800781,-65.42509460449219,0
A photograph of some restaurants alarms Alan.,A photograph of some restaurants alarm Alan.,morphology,subject_verb_agreement,distractor_agreement_relational_noun,True,True,False,False,831,-61.211063385009766,-58.25891876220703,0
The nephew of most doctors does refuse to care for Jodi.,The nephew of most doctors do refuse to care for Jodi.,morphology,subject_verb_agreement,distractor_agreement_relational_noun,True,True,False,False,832,-84.83959197998047,-82.03567504882812,0
The grandfathers of every driver have failed to see.,The grandfathers of every driver has failed to see.,morphology,subject_verb_agreement,distractor_agreement_relational_noun,True,True,False,False,833,-60.357696533203125,-60.26349639892578,0
The fathers of Kathleen have practiced.,The fathers of Kathleen has practiced.,morphology,subject_verb_agreement,distractor_agreement_relational_noun,True,True,False,False,834,-46.62360382080078,-46.03515625,0
The sisters of Cheryl were ascertaining the woman to see.,The sisters of Cheryl was ascertaining the woman to see.,morphology,subject_verb_agreement,distractor_agreement_relational_noun,True,True,False,False,835,-72.33419799804688,-71.876708984375,0
The fathers of Grace have yelled.,The fathers of Grace has yelled.,morphology,subject_verb_agreement,distractor_agreement_relational_noun,True,True,False,False,836,-46.45429229736328,-45.69844055175781,0
The brother of most teenagers vanishes.,The brother of most teenagers vanish.,morphology,subject_verb_agreement,distractor_agreement_relational_noun,True,True,False,False,837,-56.16808319091797,-47.901397705078125,0
A granddaughter of most teenagers boycotts all legislatures.,A granddaughter of most teenagers boycott all legislatures.,morphology,subject_verb_agreement,distractor_agreement_relational_noun,True,True,False,False,838,-81.76262664794922,-70.65522766113281,0
A brother of a lot of guests remembers who is falling.,A brother of a lot of guests remember who is falling.,morphology,subject_verb_agreement,distractor_agreement_relational_noun,True,True,False,False,839,-68.09237670898438,-63.63080596923828,0
A pamphlet about the Balkans shocks John.,A pamphlet about the Balkans shock John.,morphology,subject_verb_agreement,distractor_agreement_relational_noun,True,True,False,False,840,-59.55799865722656,-58.75267791748047,0
A book about current events hasn't embarrassed Spain.,A book about current events haven't embarrassed Spain.,morphology,subject_verb_agreement,distractor_agreement_relational_noun,True,True,False,False,841,-68.64273834228516,-66.72010803222656,0
A father of a lot of children has prevented all dishes from disappearing.,A father of a lot of children have prevented all dishes from disappearing.,morphology,subject_verb_agreement,distractor_agreement_relational_noun,True,True,False,False,842,-82.17816925048828,-79.92280578613281,0
The show about the Lutherans doesn't sound like Mitchell.,The show about the Lutherans don't sound like Mitchell.,morphology,subject_verb_agreement,distractor_agreement_relational_noun,True,True,False,False,843,-74.66500854492188,-71.93487548828125,0
The pamphlets about Galileo are impressing legislatures.,The pamphlets about Galileo was impressing legislatures.,morphology,subject_verb_agreement,distractor_agreement_relational_noun,True,True,False,False,844,-75.05039978027344,-75.02314758300781,0
A commentary about the Impressionists stuns this guy.,A commentary about the Impressionists stun this guy.,morphology,subject_verb_agreement,distractor_agreement_relational_noun,True,True,False,False,845,-80.91072082519531,-75.69862365722656,0
The drawings of some sketch upset that school.,The drawings of some sketch upsets that school.,morphology,subject_verb_agreement,distractor_agreement_relational_noun,True,True,False,False,846,-58.57758331298828,-65.27879333496094,1
The prints of a sketch were looking like all customers.,The prints of a sketch is looking like all customers.,morphology,subject_verb_agreement,distractor_agreement_relational_noun,True,True,False,False,847,-63.34034729003906,-62.256649017333984,0
The pictures of Lori were disturbing Richard.,The pictures of Lori is disturbing Richard.,morphology,subject_verb_agreement,distractor_agreement_relational_noun,True,True,False,False,848,-58.91241455078125,-57.96105194091797,0
The pictures of some car astound James.,The pictures of some car astounds James.,morphology,subject_verb_agreement,distractor_agreement_relational_noun,True,True,False,False,849,-57.049034118652344,-58.96455383300781,1
A print of all high schools hasn't distracted Kevin.,A print of all high schools haven't distracted Kevin.,morphology,subject_verb_agreement,distractor_agreement_relational_noun,True,True,False,False,850,-73.28032684326172,-71.36105346679688,0
The reports about Monet aren't falling.,The reports about Monet wasn't falling.,morphology,subject_verb_agreement,distractor_agreement_relational_noun,True,True,False,False,851,-53.18352127075195,-52.043006896972656,0
The brother of all women hasn't walked through that hill.,The brother of all women haven't walked through that hill.,morphology,subject_verb_agreement,distractor_agreement_relational_noun,True,True,False,False,852,-66.56961059570312,-65.84257507324219,0
A story about the Balkans wasn't embarrassing Ella.,A story about the Balkans aren't embarrassing Ella.,morphology,subject_verb_agreement,distractor_agreement_relational_noun,True,True,False,False,853,-60.35067367553711,-60.371238708496094,1
The niece of some children does exit those glaciers.,The niece of some children do exit those glaciers.,morphology,subject_verb_agreement,distractor_agreement_relational_noun,True,True,False,False,854,-70.6745834350586,-69.21715545654297,0
The cousins of Ellen haven't visited Heidi.,The cousins of Ellen hasn't visited Heidi.,morphology,subject_verb_agreement,distractor_agreement_relational_noun,True,True,False,False,855,-61.90288543701172,-60.43520736694336,0
A print of many eyes does vanish.,A print of many eyes do vanish.,morphology,subject_verb_agreement,distractor_agreement_relational_noun,True,True,False,False,856,-57.31778335571289,-54.69329071044922,0
The plays about literature aren't confusing a cashier.,The plays about literature wasn't confusing a cashier.,morphology,subject_verb_agreement,distractor_agreement_relational_noun,True,True,False,False,857,-69.38267517089844,-69.49958038330078,1
The nieces of Florence were laughing.,The nieces of Florence was laughing.,morphology,subject_verb_agreement,distractor_agreement_relational_noun,True,True,False,False,858,-53.49579620361328,-52.121925354003906,0
The books about Spain haven't aggravated Tiffany.,The books about Spain hasn't aggravated Tiffany.,morphology,subject_verb_agreement,distractor_agreement_relational_noun,True,True,False,False,859,-60.791465759277344,-61.0816650390625,1
The print of all photographs exists.,The print of all photographs exist.,morphology,subject_verb_agreement,distractor_agreement_relational_noun,True,True,False,False,860,-43.705745697021484,-42.970909118652344,0
The pamphlets about Winston Churchill don't fall.,The pamphlets about Winston Churchill doesn't fall.,morphology,subject_verb_agreement,distractor_agreement_relational_noun,True,True,False,False,861,-64.70028686523438,-64.14128112792969,0
The pictures of some hat were scaring Marcus.,The pictures of some hat is scaring Marcus.,morphology,subject_verb_agreement,distractor_agreement_relational_noun,True,True,False,False,862,-64.84764099121094,-63.77543640136719,0
The drawing of many men hasn't upset Ella.,The drawing of many men haven't upset Ella.,morphology,subject_verb_agreement,distractor_agreement_relational_noun,True,True,False,False,863,-60.7850341796875,-59.482147216796875,0
The fathers of Leslie have learned.,The fathers of Leslie has learned.,morphology,subject_verb_agreement,distractor_agreement_relational_noun,True,True,False,False,864,-42.046875,-41.0902214050293,0
The paintings of Judy aren't hurting Dawn.,The paintings of Judy wasn't hurting Dawn.,morphology,subject_verb_agreement,distractor_agreement_relational_noun,True,True,False,False,865,-58.64585494995117,-57.516937255859375,0
The book about the Clintons hasn't sounded like the museums.,The book about the Clintons haven't sounded like the museums.,morphology,subject_verb_agreement,distractor_agreement_relational_noun,True,True,False,False,866,-71.32792663574219,-70.01335144042969,0
A drawing of the movie theaters hasn't worried Heather.,A drawing of the movie theaters haven't worried Heather.,morphology,subject_verb_agreement,distractor_agreement_relational_noun,True,True,False,False,867,-73.12081909179688,-71.93128967285156,0
A father of a lot of ladies heals Meredith.,A father of a lot of ladies heal Meredith.,morphology,subject_verb_agreement,distractor_agreement_relational_noun,True,True,False,False,868,-67.23068237304688,-61.641727447509766,0
The show about the Borgias wasn't astounding Julia.,The show about the Borgias weren't astounding Julia.,morphology,subject_verb_agreement,distractor_agreement_relational_noun,True,True,False,False,869,-71.38555908203125,-73.02625274658203,1
The documentary about the Balkans hasn't confused April.,The documentary about the Balkans haven't confused April.,morphology,subject_verb_agreement,distractor_agreement_relational_noun,True,True,False,False,870,-65.77828979492188,-64.82713317871094,0
The newspaper articles about science are irritating Sandra.,The newspaper articles about science was irritating Sandra.,morphology,subject_verb_agreement,distractor_agreement_relational_noun,True,True,False,False,871,-66.4979476928711,-67.63667297363281,1
The grandmothers of Karla weren't compelling Beth to praise every essay.,The grandmothers of Karla isn't compelling Beth to praise every essay.,morphology,subject_verb_agreement,distractor_agreement_relational_noun,True,True,False,False,872,-114.9053955078125,-112.44021606445312,0
The shows about Winston Churchill aren't alarming Bethany.,The shows about Winston Churchill isn't alarming Bethany.,morphology,subject_verb_agreement,distractor_agreement_relational_noun,True,True,False,False,873,-78.6617431640625,-76.75888061523438,0
The grandmothers of Janice have trained.,The grandmothers of Janice has trained.,morphology,subject_verb_agreement,distractor_agreement_relational_noun,True,True,False,False,874,-56.666866302490234,-56.63512420654297,0
A print of many wheelbarrows wasn't upsetting Homer.,A print of many wheelbarrows aren't upsetting Homer.,morphology,subject_verb_agreement,distractor_agreement_relational_noun,True,True,False,False,875,-84.59777069091797,-85.28109741210938,1
The play about current events does impress Sheila.,The play about current events do impress Sheila.,morphology,subject_verb_agreement,distractor_agreement_relational_noun,True,True,False,False,876,-66.91229248046875,-64.91099548339844,0
A nephew of these senators hasn't scared Sally.,A nephew of these senators haven't scared Sally.,morphology,subject_verb_agreement,distractor_agreement_relational_noun,True,True,False,False,877,-65.940185546875,-63.38584899902344,0
The plays about travel don't shock Kirsten.,The plays about travel doesn't shock Kirsten.,morphology,subject_verb_agreement,distractor_agreement_relational_noun,True,True,False,False,878,-64.30490112304688,-65.16143798828125,1
A picture of all photographs doesn't look like those lights.,A picture of all photographs don't look like those lights.,morphology,subject_verb_agreement,distractor_agreement_relational_noun,True,True,False,False,879,-60.72795867919922,-58.34271240234375,0
The stories about travel astound Steve.,The stories about travel astounds Steve.,morphology,subject_verb_agreement,distractor_agreement_relational_noun,True,True,False,False,880,-56.01201629638672,-57.65458679199219,1
The movie about the Borgias wasn't embarrassing Eva.,The movie about the Borgias weren't embarrassing Eva.,morphology,subject_verb_agreement,distractor_agreement_relational_noun,True,True,False,False,881,-69.33590698242188,-70.82424926757812,1
The granddaughter of all senators leaves Eric.,The granddaughter of all senators leave Eric.,morphology,subject_verb_agreement,distractor_agreement_relational_noun,True,True,False,False,882,-58.789466857910156,-55.42796325683594,0
The niece of the Clintons isn't talking about all libraries.,The niece of the Clintons weren't talking about all libraries.,morphology,subject_verb_agreement,distractor_agreement_relational_noun,True,True,False,False,883,-71.75885009765625,-72.8353271484375,1
The brother of adults hasn't climbed down these slopes.,The brother of adults haven't climbed down these slopes.,morphology,subject_verb_agreement,distractor_agreement_relational_noun,True,True,False,False,884,-70.55935668945312,-68.87541198730469,0
A sister of many guys wasn't getting fired.,A sister of many guys weren't getting fired.,morphology,subject_verb_agreement,distractor_agreement_relational_noun,True,True,False,False,885,-58.035770416259766,-56.40077209472656,0
The cousin of the women doesn't commission Lawrence's student to confuse guys.,The cousin of the women don't commission Lawrence's student to confuse guys.,morphology,subject_verb_agreement,distractor_agreement_relational_noun,True,True,False,False,886,-98.65415954589844,-99.39163208007812,1
The fathers of Matt fall asleep.,The fathers of Matt falls asleep.,morphology,subject_verb_agreement,distractor_agreement_relational_noun,True,True,False,False,887,-44.25676727294922,-43.501441955566406,0
The mothers of Eva were revealing some cat.,The mothers of Eva is revealing some cat.,morphology,subject_verb_agreement,distractor_agreement_relational_noun,True,True,False,False,888,-58.96192169189453,-58.1161994934082,0
A photograph of the grocery stores does appear.,A photograph of the grocery stores do appear.,morphology,subject_verb_agreement,distractor_agreement_relational_noun,True,True,False,False,889,-55.80511474609375,-55.27323913574219,0
The paintings of Matt do impress Pamela.,The paintings of Matt does impress Pamela.,morphology,subject_verb_agreement,distractor_agreement_relational_noun,True,True,False,False,890,-57.84799575805664,-58.25123596191406,1
The print of those gloves does resemble some sketch.,The print of those gloves do resemble some sketch.,morphology,subject_verb_agreement,distractor_agreement_relational_noun,True,True,False,False,891,-70.75457763671875,-68.29879760742188,0
The movies about literature do worry libraries.,The movies about literature does worry libraries.,morphology,subject_verb_agreement,distractor_agreement_relational_noun,True,True,False,False,892,-57.79033660888672,-57.80595016479492,1
The prints of Galileo aren't distracting many patients.,The prints of Galileo isn't distracting many patients.,morphology,subject_verb_agreement,distractor_agreement_relational_noun,True,True,False,False,893,-67.46942901611328,-67.15797424316406,0
The pamphlets about art were scaring the Lutherans.,The pamphlets about art was scaring the Lutherans.,morphology,subject_verb_agreement,distractor_agreement_relational_noun,True,True,False,False,894,-83.28895568847656,-82.83193969726562,0
The sketches of some bird have upset Beverly.,The sketches of some bird has upset Beverly.,morphology,subject_verb_agreement,distractor_agreement_relational_noun,True,True,False,False,895,-65.01019287109375,-63.637123107910156,0
The pamphlets about literature haven't bothered Candice.,The pamphlets about literature hasn't bothered Candice.,morphology,subject_verb_agreement,distractor_agreement_relational_noun,True,True,False,False,896,-77.40811157226562,-78.09269714355469,1
The fathers of Rhonda aren't spurring Lawrence's plumbers to complain about Lawrence.,The fathers of Rhonda wasn't spurring Lawrence's plumbers to complain about Lawrence.,morphology,subject_verb_agreement,distractor_agreement_relational_noun,True,True,False,False,897,-127.10338592529297,-124.5753173828125,0
The mothers of a customer have continued to hide this box.,The mothers of a customer has continued to hide this box.,morphology,subject_verb_agreement,distractor_agreement_relational_noun,True,True,False,False,898,-68.48583984375,-66.66635131835938,0
The sketch of these pictures alarms April.,The sketch of these pictures alarm April.,morphology,subject_verb_agreement,distractor_agreement_relational_noun,True,True,False,False,899,-56.31917190551758,-54.872314453125,0
The shows about art alarm Chad.,The shows about art alarms Chad.,morphology,subject_verb_agreement,distractor_agreement_relational_noun,True,True,False,False,900,-49.547332763671875,-52.31336975097656,1
The painting of eyes isn't falling.,The painting of eyes weren't falling.,morphology,subject_verb_agreement,distractor_agreement_relational_noun,True,True,False,False,901,-43.60913848876953,-43.484825134277344,0
The niece of some men is advising Barbara to climb up hills.,The niece of some men were advising Barbara to climb up hills.,morphology,subject_verb_agreement,distractor_agreement_relational_noun,True,True,False,False,902,-83.45938110351562,-79.24629211425781,0
The pictures of Carrie resemble some sketch.,The pictures of Carrie resembles some sketch.,morphology,subject_verb_agreement,distractor_agreement_relational_noun,True,True,False,False,903,-56.21750259399414,-52.62966537475586,0
The sister of a lot of drivers responds.,The sister of a lot of drivers respond.,morphology,subject_verb_agreement,distractor_agreement_relational_noun,True,True,False,False,904,-49.3928108215332,-47.54045104980469,0
A pamphlet about the Lutherans vanishes.,A pamphlet about the Lutherans vanish.,morphology,subject_verb_agreement,distractor_agreement_relational_noun,True,True,False,False,905,-67.554443359375,-58.8419303894043,0
The granddaughter of the cashiers longs to insult Kirsten.,The granddaughter of the cashiers long to insult Kirsten.,morphology,subject_verb_agreement,distractor_agreement_relational_noun,True,True,False,False,906,-82.53583526611328,-76.2232666015625,0
The report about the Clintons doesn't impress some lady.,The report about the Clintons don't impress some lady.,morphology,subject_verb_agreement,distractor_agreement_relational_noun,True,True,False,False,907,-68.13374328613281,-68.26383972167969,1
A daughter of all teenagers doesn't hurt a child.,A daughter of all teenagers don't hurt a child.,morphology,subject_verb_agreement,distractor_agreement_relational_noun,True,True,False,False,908,-57.927764892578125,-57.03752136230469,0
The shows about Spain bore this senator.,The shows about Spain bores this senator.,morphology,subject_verb_agreement,distractor_agreement_relational_noun,True,True,False,False,909,-52.91715621948242,-58.92396926879883,1
The paintings of Jill do scare most organizations.,The paintings of Jill does scare most organizations.,morphology,subject_verb_agreement,distractor_agreement_relational_noun,True,True,False,False,910,-63.69129180908203,-63.865234375,1
The nephews of John haven't taken all hamsters.,The nephews of John hasn't taken all hamsters.,morphology,subject_verb_agreement,distractor_agreement_relational_noun,True,True,False,False,911,-68.79896545410156,-67.56024169921875,0
A friend of these teenagers is training.,A friend of these teenagers are training.,morphology,subject_verb_agreement,distractor_agreement_relational_noun,True,True,False,False,912,-42.70072555541992,-42.4979248046875,0
A friend of the customers has pressed Stephen to fire James.,A friend of the customers have pressed Stephen to fire James.,morphology,subject_verb_agreement,distractor_agreement_relational_noun,True,True,False,False,913,-80.8304443359375,-78.12649536132812,0
The fathers of Joseph do prod some nephews of Bruce to argue.,The fathers of Joseph does prod some nephews of Bruce to argue.,morphology,subject_verb_agreement,distractor_agreement_relational_noun,True,True,False,False,914,-95.94615173339844,-97.35281372070312,1
The movie about the Balkans does aggravate these libraries.,The movie about the Balkans do aggravate these libraries.,morphology,subject_verb_agreement,distractor_agreement_relational_noun,True,True,False,False,915,-69.32832336425781,-68.62557983398438,0
The niece of many ladies attempts to change.,The niece of many ladies attempt to change.,morphology,subject_verb_agreement,distractor_agreement_relational_noun,True,True,False,False,916,-50.78178024291992,-50.038848876953125,0
The brochures about Harvard University were irritating Tracy.,The brochures about Harvard University is irritating Tracy.,morphology,subject_verb_agreement,distractor_agreement_relational_noun,True,True,False,False,917,-71.57904052734375,-69.30024719238281,0
A movie about the Clintons isn't worrying Martin.,A movie about the Clintons weren't worrying Martin.,morphology,subject_verb_agreement,distractor_agreement_relational_noun,True,True,False,False,918,-66.07699584960938,-67.6048583984375,1
The nephews of Tonya do pressure Rachel's sisters to insult a grocery store.,The nephews of Tonya does pressure Rachel's sisters to insult a grocery store.,morphology,subject_verb_agreement,distractor_agreement_relational_noun,True,True,False,False,919,-117.56013488769531,-120.28701782226562,1
The photograph of most movie theaters hasn't appeared.,The photograph of most movie theaters haven't appeared.,morphology,subject_verb_agreement,distractor_agreement_relational_noun,True,True,False,False,920,-65.45636749267578,-65.01669311523438,0
A picture of many drivers does alarm Samantha.,A picture of many drivers do alarm Samantha.,morphology,subject_verb_agreement,distractor_agreement_relational_noun,True,True,False,False,921,-63.79988098144531,-60.14775848388672,0
The newspaper articles about Galileo have bothered Craig.,The newspaper articles about Galileo has bothered Craig.,morphology,subject_verb_agreement,distractor_agreement_relational_noun,True,True,False,False,922,-67.3779296875,-66.75444030761719,0
The pamphlet about the Clintons appears.,The pamphlet about the Clintons appear.,morphology,subject_verb_agreement,distractor_agreement_relational_noun,True,True,False,False,923,-50.195594787597656,-50.58514404296875,1
The nephews of Cynthia don't shout.,The nephews of Cynthia doesn't shout.,morphology,subject_verb_agreement,distractor_agreement_relational_noun,True,True,False,False,924,-51.31031799316406,-52.34529113769531,1
The photographs of a painting have looked like many couches.,The photographs of a painting has looked like many couches.,morphology,subject_verb_agreement,distractor_agreement_relational_noun,True,True,False,False,925,-68.85909271240234,-68.01763916015625,0
The shows about literature haven't aggravated Kristin.,The shows about literature hasn't aggravated Kristin.,morphology,subject_verb_agreement,distractor_agreement_relational_noun,True,True,False,False,926,-66.763427734375,-66.91123962402344,1
The pictures of that jacket haven't disgusted Laurie.,The pictures of that jacket hasn't disgusted Laurie.,morphology,subject_verb_agreement,distractor_agreement_relational_noun,True,True,False,False,927,-67.84869384765625,-67.37471008300781,0
The fathers of Samuel have found a guy to get a job.,The fathers of Samuel has found a guy to get a job.,morphology,subject_verb_agreement,distractor_agreement_relational_noun,True,True,False,False,928,-68.28168487548828,-67.3064956665039,0
The play about the Impressionists has alarmed Andrew.,The play about the Impressionists have alarmed Andrew.,morphology,subject_verb_agreement,distractor_agreement_relational_noun,True,True,False,False,929,-77.65518188476562,-75.52290344238281,0
The photographs of Becca aren't astounding Sherry.,The photographs of Becca wasn't astounding Sherry.,morphology,subject_verb_agreement,distractor_agreement_relational_noun,True,True,False,False,930,-74.78977966308594,-72.87081146240234,0
A movie about the Borgias hasn't hurt Adam.,A movie about the Borgias haven't hurt Adam.,morphology,subject_verb_agreement,distractor_agreement_relational_noun,True,True,False,False,931,-64.1110610961914,-64.58908081054688,1
The photograph of some movie theaters isn't alarming a lot of museums.,The photograph of some movie theaters weren't alarming a lot of museums.,morphology,subject_verb_agreement,distractor_agreement_relational_noun,True,True,False,False,932,-84.58084869384766,-85.73567199707031,1
The drawing of newspaper articles was bothering Stephanie.,The drawing of newspaper articles were bothering Stephanie.,morphology,subject_verb_agreement,distractor_agreement_relational_noun,True,True,False,False,933,-66.91744232177734,-64.63629150390625,0
A son of all actresses hasn't muttered.,A son of all actresses haven't muttered.,morphology,subject_verb_agreement,distractor_agreement_relational_noun,True,True,False,False,934,-56.459075927734375,-55.60227584838867,0
The paintings of Eva do impress Kristen.,The paintings of Eva does impress Kristen.,morphology,subject_verb_agreement,distractor_agreement_relational_noun,True,True,False,False,935,-59.13808822631836,-59.79381561279297,1
A newspaper article about the Borgias vanishes.,A newspaper article about the Borgias vanish.,morphology,subject_verb_agreement,distractor_agreement_relational_noun,True,True,False,False,936,-70.39642333984375,-61.12482452392578,0
The prints of Candice weren't wasting away.,The prints of Candice isn't wasting away.,morphology,subject_verb_agreement,distractor_agreement_relational_noun,True,True,False,False,937,-62.58545684814453,-61.62388610839844,0
The brothers of Candice have forgotten about what slow.,The brothers of Candice has forgotten about what slow.,morphology,subject_verb_agreement,distractor_agreement_relational_noun,True,True,False,False,938,-65.63824462890625,-65.08108520507812,0
A cousin of most dancers does shout.,A cousin of most dancers do shout.,morphology,subject_verb_agreement,distractor_agreement_relational_noun,True,True,False,False,939,-56.8742790222168,-54.752384185791016,0
The story about the Balkans aggravates the organization.,The story about the Balkans aggravate the organization.,morphology,subject_verb_agreement,distractor_agreement_relational_noun,True,True,False,False,940,-57.35542678833008,-56.54383850097656,0
The nephews of Edward aren't running around a grocery store.,The nephews of Edward wasn't running around a grocery store.,morphology,subject_verb_agreement,distractor_agreement_relational_noun,True,True,False,False,941,-74.78180694580078,-72.28060913085938,0
The niece of a lot of actresses is appreciating Clyde.,The niece of a lot of actresses were appreciating Clyde.,morphology,subject_verb_agreement,distractor_agreement_relational_noun,True,True,False,False,942,-75.7955551147461,-78.01842498779297,1
The essay about the Balkans does alarm Charles.,The essay about the Balkans do alarm Charles.,morphology,subject_verb_agreement,distractor_agreement_relational_noun,True,True,False,False,943,-62.49577331542969,-61.06086730957031,0
The fathers of Patricia haven't anticipated Irene to flee from Becca.,The fathers of Patricia hasn't anticipated Irene to flee from Becca.,morphology,subject_verb_agreement,distractor_agreement_relational_noun,True,True,False,False,944,-95.86259460449219,-94.93692016601562,0
The report about the Impressionists has sounded like Catherine.,The report about the Impressionists have sounded like Catherine.,morphology,subject_verb_agreement,distractor_agreement_relational_noun,True,True,False,False,945,-74.85215759277344,-72.67977905273438,0
The reports about Monet aren't appearing.,The reports about Monet isn't appearing.,morphology,subject_verb_agreement,distractor_agreement_relational_noun,True,True,False,False,946,-56.0328254699707,-53.795352935791016,0
A pamphlet about the Clintons doesn't exist.,A pamphlet about the Clintons don't exist.,morphology,subject_verb_agreement,distractor_agreement_relational_noun,True,True,False,False,947,-54.86464309692383,-55.48335647583008,1
A brother of many adults doesn't fail to bake.,A brother of many adults don't fail to bake.,morphology,subject_verb_agreement,distractor_agreement_relational_noun,True,True,False,False,948,-60.56047821044922,-57.73392105102539,0
A play about the Lutherans isn't hurting girls.,A play about the Lutherans weren't hurting girls.,morphology,subject_verb_agreement,distractor_agreement_relational_noun,True,True,False,False,949,-70.90296936035156,-71.01583862304688,1
The pamphlets about art aren't bothering Steve.,The pamphlets about art isn't bothering Steve.,morphology,subject_verb_agreement,distractor_agreement_relational_noun,True,True,False,False,950,-69.10411071777344,-68.78981018066406,0
The brochures about Jesus weren't alarming Victoria.,The brochures about Jesus wasn't alarming Victoria.,morphology,subject_verb_agreement,distractor_agreement_relational_noun,True,True,False,False,951,-73.28605651855469,-71.08512878417969,0
The paintings of Joseph don't hurt Rachel.,The paintings of Joseph doesn't hurt Rachel.,morphology,subject_verb_agreement,distractor_agreement_relational_noun,True,True,False,False,952,-49.795928955078125,-49.223350524902344,0
A father of those waiters has appeared to help Ronald.,A father of those waiters have appeared to help Ronald.,morphology,subject_verb_agreement,distractor_agreement_relational_noun,True,True,False,False,953,-73.38671875,-71.69361877441406,0
The brochure about the Clintons aggravates every museum.,The brochure about the Clintons aggravate every museum.,morphology,subject_verb_agreement,distractor_agreement_relational_noun,True,True,False,False,954,-77.4251480102539,-75.90533447265625,0
The paintings of April don't fall.,The paintings of April doesn't fall.,morphology,subject_verb_agreement,distractor_agreement_relational_noun,True,True,False,False,955,-37.60082244873047,-38.23826217651367,1
A show about the Clintons bothers Sonia.,A show about the Clintons bother Sonia.,morphology,subject_verb_agreement,distractor_agreement_relational_noun,True,True,False,False,956,-58.96255874633789,-60.42431640625,1
A grandfather of some waitresses has stunned Rose.,A grandfather of some waitresses have stunned Rose.,morphology,subject_verb_agreement,distractor_agreement_relational_noun,True,True,False,False,957,-79.95321655273438,-77.7380599975586,0
A niece of those actresses has figured out who hadn't declared some light to dim.,A niece of those actresses have figured out who hadn't declared some light to dim.,morphology,subject_verb_agreement,distractor_agreement_relational_noun,True,True,False,False,958,-115.13441467285156,-115.01744842529297,0
The brochures about art do impress the actress.,The brochures about art does impress the actress.,morphology,subject_verb_agreement,distractor_agreement_relational_noun,True,True,False,False,959,-70.51629638671875,-71.39646911621094,1
The sketch of eyes hasn't appeared.,The sketch of eyes haven't appeared.,morphology,subject_verb_agreement,distractor_agreement_relational_noun,True,True,False,False,960,-49.02949523925781,-48.45185089111328,0
The daughters of every adult have persuaded Deanna to praise Anna.,The daughters of every adult has persuaded Deanna to praise Anna.,morphology,subject_verb_agreement,distractor_agreement_relational_noun,True,True,False,False,961,-96.69331359863281,-97.26487731933594,1
A daughter of most actors has worried Tina.,A daughter of most actors have worried Tina.,morphology,subject_verb_agreement,distractor_agreement_relational_noun,True,True,False,False,962,-64.96993255615234,-63.5186767578125,0
A print of a lot of senators hasn't confused Denise.,A print of a lot of senators haven't confused Denise.,morphology,subject_verb_agreement,distractor_agreement_relational_noun,True,True,False,False,963,-74.08956146240234,-72.09272766113281,0
A book about the Impressionists shocks Bethany.,A book about the Impressionists shock Bethany.,morphology,subject_verb_agreement,distractor_agreement_relational_noun,True,True,False,False,964,-77.34483337402344,-77.57135009765625,1
The friends of Grace are donating.,The friends of Grace is donating.,morphology,subject_verb_agreement,distractor_agreement_relational_noun,True,True,False,False,965,-43.11650848388672,-43.34252166748047,1
The prints of that print weren't alarming Lawrence.,The prints of that print isn't alarming Lawrence.,morphology,subject_verb_agreement,distractor_agreement_relational_noun,True,True,False,False,966,-69.3133544921875,-68.25039672851562,0
The picture of most women hasn't impressed the Borgias.,The picture of most women haven't impressed the Borgias.,morphology,subject_verb_agreement,distractor_agreement_relational_noun,True,True,False,False,967,-75.99950408935547,-75.62605285644531,0
A grandmother of all patients was managing to alarm Frank.,A grandmother of all patients are managing to alarm Frank.,morphology,subject_verb_agreement,distractor_agreement_relational_noun,True,True,False,False,968,-78.27465057373047,-77.26294708251953,0
The granddaughter of most teachers describes Rhonda.,The granddaughter of most teachers describe Rhonda.,morphology,subject_verb_agreement,distractor_agreement_relational_noun,True,True,False,False,969,-63.653656005859375,-64.8685531616211,1
The nephews of Beverly are urging Spain to surrender.,The nephews of Beverly is urging Spain to surrender.,morphology,subject_verb_agreement,distractor_agreement_relational_noun,True,True,False,False,970,-75.68696594238281,-73.4704818725586,0
The newspaper article about the Impressionists has shocked this museum.,The newspaper article about the Impressionists have shocked this museum.,morphology,subject_verb_agreement,distractor_agreement_relational_noun,True,True,False,False,971,-82.80451202392578,-81.17356872558594,0
A father of the Clintons discovers Guy to criticize those stories.,A father of the Clintons discover Guy to criticize those stories.,morphology,subject_verb_agreement,distractor_agreement_relational_noun,True,True,False,False,972,-85.42266082763672,-87.26144409179688,1
The prints of some hat were wasting away.,The prints of some hat was wasting away.,morphology,subject_verb_agreement,distractor_agreement_relational_noun,True,True,False,False,973,-52.34823989868164,-51.10192108154297,0
The nieces of Randolf don't waste away.,The nieces of Randolf doesn't waste away.,morphology,subject_verb_agreement,distractor_agreement_relational_noun,True,True,False,False,974,-76.13917541503906,-77.79106140136719,1
A grandfather of these ladies does lie.,A grandfather of these ladies do lie.,morphology,subject_verb_agreement,distractor_agreement_relational_noun,True,True,False,False,975,-50.076812744140625,-47.963966369628906,0
The prints of every eggplant scare those schools.,The prints of every eggplant scares those schools.,morphology,subject_verb_agreement,distractor_agreement_relational_noun,True,True,False,False,976,-72.02003479003906,-73.53709411621094,1
The commentary about current events annoys Kirsten.,The commentary about current events annoy Kirsten.,morphology,subject_verb_agreement,distractor_agreement_relational_noun,True,True,False,False,977,-66.7197265625,-62.6081657409668,0
A book about current events confuses a lot of actresses.,A book about current events confuse a lot of actresses.,morphology,subject_verb_agreement,distractor_agreement_relational_noun,True,True,False,False,978,-76.34619903564453,-71.19268035888672,0
The sketches of some window worry Stephanie.,The sketches of some window worries Stephanie.,morphology,subject_verb_agreement,distractor_agreement_relational_noun,True,True,False,False,979,-58.39761734008789,-58.68603515625,1
The nephews of Alan exercise.,The nephews of Alan exercises.,morphology,subject_verb_agreement,distractor_agreement_relational_noun,True,True,False,False,980,-44.46103286743164,-44.029640197753906,0
The commentaries about Monet aren't astounding Travis.,The commentaries about Monet isn't astounding Travis.,morphology,subject_verb_agreement,distractor_agreement_relational_noun,True,True,False,False,981,-85.53600311279297,-82.91361999511719,0
The cousins of Jason haven't realized who believed Cindy to research some college campuses.,The cousins of Jason hasn't realized who believed Cindy to research some college campuses.,morphology,subject_verb_agreement,distractor_agreement_relational_noun,True,True,False,False,982,-122.76270294189453,-121.96143341064453,0
The pamphlets about Jesus are appearing.,The pamphlets about Jesus is appearing.,morphology,subject_verb_agreement,distractor_agreement_relational_noun,True,True,False,False,983,-55.417999267578125,-53.186126708984375,0
A picture of steps bothers Todd.,A picture of steps bother Todd.,morphology,subject_verb_agreement,distractor_agreement_relational_noun,True,True,False,False,984,-49.89759826660156,-48.188575744628906,0
The show about the Clintons has disagreed.,The show about the Clintons have disagreed.,morphology,subject_verb_agreement,distractor_agreement_relational_noun,True,True,False,False,985,-53.39105987548828,-53.939903259277344,1
A brother of all waiters wasn't praising Marie.,A brother of all waiters aren't praising Marie.,morphology,subject_verb_agreement,distractor_agreement_relational_noun,True,True,False,False,986,-71.94952392578125,-71.62666320800781,0
The prints of this ice shock Dana.,The prints of this ice shocks Dana.,morphology,subject_verb_agreement,distractor_agreement_relational_noun,True,True,False,False,987,-55.23090362548828,-56.388519287109375,1
The mother of most drivers has praised Veronica.,The mother of most drivers have praised Veronica.,morphology,subject_verb_agreement,distractor_agreement_relational_noun,True,True,False,False,988,-63.159767150878906,-61.24945068359375,0
The newspaper article about the Lutherans has looked like some sketch.,The newspaper article about the Lutherans have looked like some sketch.,morphology,subject_verb_agreement,distractor_agreement_relational_noun,True,True,False,False,989,-82.47319793701172,-80.07951354980469,0
The grandmothers of Galileo haven't visited many lakes.,The grandmothers of Galileo hasn't visited many lakes.,morphology,subject_verb_agreement,distractor_agreement_relational_noun,True,True,False,False,990,-73.46257019042969,-73.294677734375,0
The cousins of Tanya walk through those lakes.,The cousins of Tanya walks through those lakes.,morphology,subject_verb_agreement,distractor_agreement_relational_noun,True,True,False,False,991,-61.97616958618164,-61.479286193847656,0
The drawings of Jane are appearing.,The drawings of Jane is appearing.,morphology,subject_verb_agreement,distractor_agreement_relational_noun,True,True,False,False,992,-45.169639587402344,-43.69682693481445,0
An essay about the Clintons has alarmed these boys.,An essay about the Clintons have alarmed these boys.,morphology,subject_verb_agreement,distractor_agreement_relational_noun,True,True,False,False,993,-66.72942352294922,-67.68510437011719,1
The newspaper articles about Winston Churchill win.,The newspaper articles about Winston Churchill wins.,morphology,subject_verb_agreement,distractor_agreement_relational_noun,True,True,False,False,994,-57.340362548828125,-57.055355072021484,0
The stories about Spain aggravate Carl.,The stories about Spain aggravates Carl.,morphology,subject_verb_agreement,distractor_agreement_relational_noun,True,True,False,False,995,-53.00788879394531,-55.85877990722656,1
The drawings of Guy weren't scaring Bruce.,The drawings of Guy wasn't scaring Bruce.,morphology,subject_verb_agreement,distractor_agreement_relational_noun,True,True,False,False,996,-65.54962158203125,-64.12295532226562,0
The newspaper articles about Jesus don't look like every drawing.,The newspaper articles about Jesus doesn't look like every drawing.,morphology,subject_verb_agreement,distractor_agreement_relational_noun,True,True,False,False,997,-71.6038818359375,-71.98226165771484,1
A picture of many bikes has impressed Grace.,A picture of many bikes have impressed Grace.,morphology,subject_verb_agreement,distractor_agreement_relational_noun,True,True,False,False,998,-62.2066650390625,-59.74491882324219,0
A cousin of some teachers hasn't attacked the Borgias.,A cousin of some teachers haven't attacked the Borgias.,morphology,subject_verb_agreement,distractor_agreement_relational_noun,True,True,False,False,999,-78.55389404296875,-76.19374084472656,0
