sentence_good,sentence_bad,field,linguistics_term,UID,simple_LM_method,one_prefix_method,two_prefix_method,lexically_identical,pair_id,good_prob,bad_prob,correct
There is soon to be a cat existing.,There is willing to be a cat existing.,syntax_semantics,control_raising,existential_there_subject_raising,True,False,False,False,0,-46.78564453125,-42.51155090332031,0
There was bound to be a fish escaping.,There was unable to be a fish escaping.,syntax_semantics,control_raising,existential_there_subject_raising,True,False,False,False,1,-43.419952392578125,-40.8187370300293,0
There weren't about to be few prints of this eggplant scaring Paula.,There weren't unwilling to be few prints of this eggplant scaring Paula.,syntax_semantics,control_raising,existential_there_subject_raising,True,False,False,False,2,-102.05209350585938,-103.3853530883789,1
There were looking to be a lot of children assembling.,There were hoping to be a lot of children assembling.,syntax_semantics,control_raising,existential_there_subject_raising,True,False,False,False,3,-53.23509216308594,-52.959625244140625,0
There were likely to be some books about the Borgias disturbing this senator.,There were ready to be some books about the Borgias disturbing this senator.,syntax_semantics,control_raising,existential_there_subject_raising,True,False,False,False,4,-86.46871185302734,-84.57794952392578,0
There can't threaten to be hair confusing Travis.,There can't want to be hair confusing Travis.,syntax_semantics,control_raising,existential_there_subject_raising,True,False,False,False,5,-61.80368423461914,-53.50554656982422,0
There wasn't about to be a light fading.,There wasn't willing to be a light fading.,syntax_semantics,control_raising,existential_there_subject_raising,True,False,False,False,6,-49.266387939453125,-48.78783416748047,0
There are appearing to be many pedestrians falling asleep.,There are neglecting to be many pedestrians falling asleep.,syntax_semantics,control_raising,existential_there_subject_raising,True,False,False,False,7,-57.593441009521484,-60.56884765625,1
There looked to be plates chipping.,There proposed to be plates chipping.,syntax_semantics,control_raising,existential_there_subject_raising,True,False,False,False,8,-47.27080535888672,-48.42058181762695,1
There is sure to be chicken falling.,There is eager to be chicken falling.,syntax_semantics,control_raising,existential_there_subject_raising,True,False,False,False,9,-40.99909591674805,-42.55630874633789,1
There aren't appearing to be screens disgusting that guy.,There aren't wishing to be screens disgusting that guy.,syntax_semantics,control_raising,existential_there_subject_raising,True,False,False,False,10,-70.45076751708984,-67.68111419677734,0
There turned out to be more than three college campuses falling.,There try to be more than three college campuses falling.,syntax_semantics,control_raising,existential_there_subject_raising,True,False,False,False,11,-70.0355224609375,-65.32083129882812,0
There appear to be few bananas blackening.,There proposed to be few bananas blackening.,syntax_semantics,control_raising,existential_there_subject_raising,True,False,False,False,12,-58.10052490234375,-59.559322357177734,1
There didn't prove to be more than three commentaries confusing Frank.,There didn't bother to be more than three commentaries confusing Frank.,syntax_semantics,control_raising,existential_there_subject_raising,True,False,False,False,13,-82.71005249023438,-81.75516510009766,0
There might look to be few associations answering.,There might try to be few associations answering.,syntax_semantics,control_raising,existential_there_subject_raising,True,False,False,False,14,-57.43090057373047,-54.39299011230469,0
There were soon to be documentaries astounding Dana.,There were overjoyed to be documentaries astounding Dana.,syntax_semantics,control_raising,existential_there_subject_raising,True,False,False,False,15,-61.142662048339844,-72.69239807128906,1
There looked to be no cars distracting Samuel.,There attempt to be no cars distracting Samuel.,syntax_semantics,control_raising,existential_there_subject_raising,True,False,False,False,16,-57.58041763305664,-56.23877716064453,0
There weren't unlikely to be a lot of peppers bothering most women.,There weren't unable to be a lot of peppers bothering most women.,syntax_semantics,control_raising,existential_there_subject_raising,True,False,False,False,17,-77.1585693359375,-74.97845458984375,0
There is sure to be a screen dropping.,There is unwilling to be a screen dropping.,syntax_semantics,control_raising,existential_there_subject_raising,True,False,False,False,18,-45.80186080932617,-46.040306091308594,1
There threaten to be few nephews of Donald waking up.,There wished to be few nephews of Donald waking up.,syntax_semantics,control_raising,existential_there_subject_raising,True,False,False,False,19,-74.64030456542969,-71.30615234375,0
There looked to be a college campus irritating Jennifer.,There attempted to be a college campus irritating Jennifer.,syntax_semantics,control_raising,existential_there_subject_raising,True,False,False,False,20,-66.19218444824219,-66.68754577636719,1
There happens to be a pedestrian curing Stephanie.,There continues to be a pedestrian curing Stephanie.,syntax_semantics,control_raising,existential_there_subject_raising,True,False,False,False,21,-55.328575134277344,-58.750946044921875,1
There can fail to be a committee forfeiting.,There can like to be a committee forfeiting.,syntax_semantics,control_raising,existential_there_subject_raising,True,False,False,False,22,-55.79827880859375,-54.12431335449219,0
There was unlikely to be a committee convincing Caroline to slump over.,There was able to be a committee convincing Caroline to slump over.,syntax_semantics,control_raising,existential_there_subject_raising,True,False,False,False,23,-84.88810729980469,-78.75474548339844,0
There were certain to be more than three pictures hurting Sonia.,There were overjoyed to be more than three pictures hurting Sonia.,syntax_semantics,control_raising,existential_there_subject_raising,True,False,False,False,24,-66.70216369628906,-78.50025939941406,1
There is turning out to be a doctor yawning.,There is neglecting to be a doctor yawning.,syntax_semantics,control_raising,existential_there_subject_raising,True,False,False,False,25,-48.30824279785156,-48.832977294921875,1
There had appeared to be a girl upsetting Rachel.,There had needed to be a girl upsetting Rachel.,syntax_semantics,control_raising,existential_there_subject_raising,True,False,False,False,26,-54.440650939941406,-54.2850456237793,0
There weren't likely to be many coats looking like most drawings.,There weren't pleased to be many coats looking like most drawings.,syntax_semantics,control_raising,existential_there_subject_raising,True,False,False,False,27,-71.73370361328125,-75.95913696289062,1
There hadn't proven to be a shirt embarrassing Winston Churchill.,There hadn't intended to be a shirt embarrassing Winston Churchill.,syntax_semantics,control_raising,existential_there_subject_raising,True,False,False,False,28,-79.04083251953125,-76.52265930175781,0
There aren't sure to be few bicycles boring Homer.,There aren't unwilling to be few bicycles boring Homer.,syntax_semantics,control_raising,existential_there_subject_raising,True,False,False,False,29,-71.2906494140625,-73.4543228149414,1
There is soon to be a slope bothering the associations.,There is pleased to be a slope bothering the associations.,syntax_semantics,control_raising,existential_there_subject_raising,True,False,False,False,30,-61.24750900268555,-59.897911071777344,0
There would prove to be a print of Richard vanishing.,There would manage to be a print of Richard vanishing.,syntax_semantics,control_raising,existential_there_subject_raising,True,False,False,False,31,-60.060264587402344,-60.332210540771484,1
There wouldn't fail to be a bike tipping over.,There wouldn't hope to be a bike tipping over.,syntax_semantics,control_raising,existential_there_subject_raising,True,False,False,False,32,-54.46971130371094,-54.651737213134766,1
There have seemed to be fewer than three spotlights shocking Tammy.,There have tried to be fewer than three spotlights shocking Tammy.,syntax_semantics,control_raising,existential_there_subject_raising,True,False,False,False,33,-86.54243469238281,-84.72589111328125,0
There were unlikely to be some daughters of a lot of ladies climbing up the slope.,There were unhappy to be some daughters of a lot of ladies climbing up the slope.,syntax_semantics,control_raising,existential_there_subject_raising,True,False,False,False,34,-81.20930480957031,-81.35540008544922,1
There were likely to be more than three hats annoying Andrea.,There were ready to be more than three hats annoying Andrea.,syntax_semantics,control_raising,existential_there_subject_raising,True,False,False,False,35,-68.45472717285156,-66.47645568847656,0
There weren't turning out to be more than three skirts looking like a print.,There weren't managing to be more than three skirts looking like a print.,syntax_semantics,control_raising,existential_there_subject_raising,True,False,False,False,36,-82.38261413574219,-79.01771545410156,0
There are about to be few paintings of some mushroom bothering this guest.,There are anxious to be few paintings of some mushroom bothering this guest.,syntax_semantics,control_raising,existential_there_subject_raising,True,False,False,False,37,-84.53390502929688,-84.71121215820312,1
There isn't unlikely to be a guest expecting all companies to work hard.,There isn't happy to be a guest expecting all companies to work hard.,syntax_semantics,control_raising,existential_there_subject_raising,True,False,False,False,38,-85.12586975097656,-81.98153686523438,0
There wasn't unlikely to be a teacher forcing Curtis to clean a chair.,There wasn't ready to be a teacher forcing Curtis to clean a chair.,syntax_semantics,control_raising,existential_there_subject_raising,True,False,False,False,39,-90.06312561035156,-83.51190948486328,0
There are about to be some paintings of Tara embarrassing Charles.,There are anxious to be some paintings of Tara embarrassing Charles.,syntax_semantics,control_raising,existential_there_subject_raising,True,False,False,False,40,-72.99063110351562,-73.19098663330078,1
There aren't unlikely to be few public parks annoying Florence.,There aren't willing to be few public parks annoying Florence.,syntax_semantics,control_raising,existential_there_subject_raising,True,False,False,False,41,-83.07691955566406,-79.11273193359375,0
There happened to be some coats warping.,There bother to be some coats warping.,syntax_semantics,control_raising,existential_there_subject_raising,True,False,False,False,42,-53.313941955566406,-59.016075134277344,1
There were unlikely to be a lot of teachers needing many women to succeed.,There were unhappy to be a lot of teachers needing many women to succeed.,syntax_semantics,control_raising,existential_there_subject_raising,True,False,False,False,43,-76.12168884277344,-76.20854949951172,1
There could fail to be fish burning.,There could intend to be fish burning.,syntax_semantics,control_raising,existential_there_subject_raising,True,False,False,False,44,-43.8735466003418,-44.06360626220703,1
There wasn't seeming to be a girl disgusting Carolyn.,There wasn't neglecting to be a girl disgusting Carolyn.,syntax_semantics,control_raising,existential_there_subject_raising,True,False,False,False,45,-61.69558334350586,-66.55590057373047,1
There isn't unlikely to be an apple impressing Erin.,There isn't able to be an apple impressing Erin.,syntax_semantics,control_raising,existential_there_subject_raising,True,False,False,False,46,-65.63752746582031,-59.57670211791992,0
There wasn't unlikely to be broccoli blackening.,There wasn't willing to be broccoli blackening.,syntax_semantics,control_raising,existential_there_subject_raising,True,False,False,False,47,-61.13215637207031,-57.39325714111328,0
There fails to be a glove wrinkling.,There manages to be a glove wrinkling.,syntax_semantics,control_raising,existential_there_subject_raising,True,False,False,False,48,-45.74955749511719,-46.112159729003906,1
There are proving to be a lot of sweaters scaring Anna.,There are hoping to be a lot of sweaters scaring Anna.,syntax_semantics,control_raising,existential_there_subject_raising,True,False,False,False,49,-71.54029846191406,-66.24075317382812,0
There aren't apt to be many birds hurting Lisa.,There aren't unhappy to be many birds hurting Lisa.,syntax_semantics,control_raising,existential_there_subject_raising,True,False,False,False,50,-67.40258026123047,-69.22693634033203,1
There is apt to be a cat confusing Kimberley.,There is eager to be a cat confusing Kimberley.,syntax_semantics,control_raising,existential_there_subject_raising,True,False,False,False,51,-63.903316497802734,-65.9208755493164,1
There isn't about to be a shoe aggravating some libraries.,There isn't overjoyed to be a shoe aggravating some libraries.,syntax_semantics,control_raising,existential_there_subject_raising,True,False,False,False,52,-71.12442016601562,-86.56840515136719,1
There aren't turning out to be more than three plates dropping.,There aren't intending to be more than three plates dropping.,syntax_semantics,control_raising,existential_there_subject_raising,True,False,False,False,53,-67.93547821044922,-63.928565979003906,0
There should threaten to be few prints bothering a lot of women.,There should yearn to be few prints bothering a lot of women.,syntax_semantics,control_raising,existential_there_subject_raising,True,False,False,False,54,-72.6005859375,-88.41191101074219,1
There seems to be a friend of Jacqueline stunning Chad.,There yearned to be a friend of Jacqueline stunning Chad.,syntax_semantics,control_raising,existential_there_subject_raising,True,False,False,False,55,-68.52018737792969,-87.28976440429688,1
There isn't bound to be an adult attempting to forfeit.,There isn't unable to be an adult attempting to forfeit.,syntax_semantics,control_raising,existential_there_subject_raising,True,False,False,False,56,-62.80956268310547,-61.88679504394531,0
There are unlikely to be no stories about the Clintons winning.,There are eager to be no stories about the Clintons winning.,syntax_semantics,control_raising,existential_there_subject_raising,True,False,False,False,57,-65.57490539550781,-65.28044891357422,0
There weren't unlikely to be more than three glaciers stunning Cynthia.,There weren't unhappy to be more than three glaciers stunning Cynthia.,syntax_semantics,control_raising,existential_there_subject_raising,True,False,False,False,58,-82.8257064819336,-83.05853271484375,1
There appears to be an eggplant annoying Patricia.,There needs to be an eggplant annoying Patricia.,syntax_semantics,control_raising,existential_there_subject_raising,True,False,False,False,59,-65.07552337646484,-64.16313934326172,0
There hasn't proven to be a woman alarming Jessica.,There hasn't yearned to be a woman alarming Jessica.,syntax_semantics,control_raising,existential_there_subject_raising,True,False,False,False,60,-65.66027069091797,-78.71197509765625,1
There is appearing to be a woman leaving Ruth.,There is planning to be a woman leaving Ruth.,syntax_semantics,control_raising,existential_there_subject_raising,True,False,False,False,61,-51.57526397705078,-48.02056121826172,0
There could fail to be a convertible upsetting Sally.,There could long to be a convertible upsetting Sally.,syntax_semantics,control_raising,existential_there_subject_raising,True,False,False,False,62,-59.957130432128906,-63.095802307128906,1
There wasn't happening to be a cake appearing.,There wasn't needing to be a cake appearing.,syntax_semantics,control_raising,existential_there_subject_raising,True,False,False,False,63,-49.89778137207031,-53.095001220703125,1
There would happen to be no stories worrying Carrie.,There would neglect to be no stories worrying Carrie.,syntax_semantics,control_raising,existential_there_subject_raising,True,False,False,False,64,-56.61289978027344,-64.284423828125,1
There can happen to be grandsons of Adam playing.,There can continue to be grandsons of Adam playing.,syntax_semantics,control_raising,existential_there_subject_raising,True,False,False,False,65,-70.13015747070312,-72.02197265625,1
There isn't unlikely to be an art gallery aggravating the university.,There isn't ready to be an art gallery aggravating the university.,syntax_semantics,control_raising,existential_there_subject_raising,True,False,False,False,66,-76.94619750976562,-70.69287109375,0
There could fail to be few socks drying.,There could wish to be few socks drying.,syntax_semantics,control_raising,existential_there_subject_raising,True,False,False,False,67,-55.33341979980469,-54.7578125,0
There weren't failing to be few dancers driving to many museums.,There weren't continuing to be few dancers driving to many museums.,syntax_semantics,control_raising,existential_there_subject_raising,True,False,False,False,68,-82.99124908447266,-83.17996215820312,1
There did fail to be fewer than three sketches falling.,There did long to be fewer than three sketches falling.,syntax_semantics,control_raising,existential_there_subject_raising,True,False,False,False,69,-61.80584716796875,-64.40966796875,1
There were apt to be no organizations seeming to take a lot of glasses.,There were ready to be no organizations seeming to take a lot of glasses.,syntax_semantics,control_raising,existential_there_subject_raising,True,False,False,False,70,-70.54459381103516,-67.66633605957031,0
There weren't certain to be brothers of Sharon retaliating.,There weren't happy to be brothers of Sharon retaliating.,syntax_semantics,control_raising,existential_there_subject_raising,True,False,False,False,71,-71.6248779296875,-71.37598419189453,0
There seemed to be some sons of Heidi donating.,There failed to be some sons of Heidi donating.,syntax_semantics,control_raising,existential_there_subject_raising,True,False,False,False,72,-60.29887771606445,-63.43756103515625,1
There fails to be a woman wishing to sit down.,There neglects to be a woman wishing to sit down.,syntax_semantics,control_raising,existential_there_subject_raising,True,False,False,False,73,-50.15442657470703,-57.432044982910156,1
There was bound to be a mouth disgusting Becky.,There was reluctant to be a mouth disgusting Becky.,syntax_semantics,control_raising,existential_there_subject_raising,True,False,False,False,74,-53.37346649169922,-54.6236572265625,1
There had failed to be a bank managing to hire Brett.,There had bothered to be a bank managing to hire Brett.,syntax_semantics,control_raising,existential_there_subject_raising,True,False,False,False,75,-68.22552490234375,-70.44992065429688,1
There are apt to be many muffins wasting away.,There are reluctant to be many muffins wasting away.,syntax_semantics,control_raising,existential_there_subject_raising,True,False,False,False,76,-58.27491760253906,-61.3962287902832,1
There was failing to be an essay confusing the Lutherans.,There was longing to be an essay confusing the Lutherans.,syntax_semantics,control_raising,existential_there_subject_raising,True,False,False,False,77,-74.36271667480469,-73.91783142089844,0
There wasn't about to be hair worrying Todd.,There wasn't unwilling to be hair worrying Todd.,syntax_semantics,control_raising,existential_there_subject_raising,True,False,False,False,78,-59.23212814331055,-59.89815139770508,1
There could fail to be a guy thinking Kristen had liked to perform.,There could want to be a guy thinking Kristen had liked to perform.,syntax_semantics,control_raising,existential_there_subject_raising,True,False,False,False,79,-81.09432983398438,-78.40825653076172,0
There was appearing to be a story about the Great Lakes stunning Douglas.,There was attempting to be a story about the Great Lakes stunning Douglas.,syntax_semantics,control_raising,existential_there_subject_raising,True,False,False,False,80,-78.65897369384766,-75.72468566894531,0
There looks to be a boy escaping from actresses.,There neglects to be a boy escaping from actresses.,syntax_semantics,control_raising,existential_there_subject_raising,True,False,False,False,81,-54.900787353515625,-63.29957580566406,1
There proved to be a bird looking like some print.,There tried to be a bird looking like some print.,syntax_semantics,control_raising,existential_there_subject_raising,True,False,False,False,82,-54.65178680419922,-53.57271194458008,0
There was about to be a hospital alarming Jodi.,There was eager to be a hospital alarming Jodi.,syntax_semantics,control_raising,existential_there_subject_raising,True,False,False,False,83,-61.18644714355469,-63.76005554199219,1
There isn't happening to be a glacier evaporating.,There isn't proposing to be a glacier evaporating.,syntax_semantics,control_raising,existential_there_subject_raising,True,False,False,False,84,-53.021080017089844,-56.10095977783203,1
There did look to be a lot of wheelbarrows stopping.,There did attempt to be a lot of wheelbarrows stopping.,syntax_semantics,control_raising,existential_there_subject_raising,True,False,False,False,85,-67.62646484375,-68.0048599243164,1
There was apt to be a university negotiating.,There was unwilling to be a university negotiating.,syntax_semantics,control_raising,existential_there_subject_raising,True,False,False,False,86,-46.63850021362305,-46.68423843383789,1
There had seemed to be a lot of jackets shrinking.,There had intended to be a lot of jackets shrinking.,syntax_semantics,control_raising,existential_there_subject_raising,True,False,False,False,87,-56.33686828613281,-56.37339782714844,1
There threaten to be many essays about the Great Lakes stunning Stacey.,There tried to be many essays about the Great Lakes stunning Stacey.,syntax_semantics,control_raising,existential_there_subject_raising,True,False,False,False,88,-91.53099822998047,-86.7422866821289,0
There wasn't certain to be a nephew of Christina persuading Paul to spin around.,There wasn't willing to be a nephew of Christina persuading Paul to spin around.,syntax_semantics,control_raising,existential_there_subject_raising,True,False,False,False,89,-103.21395111083984,-101.68124389648438,0
There seem to be many companies helping Stacy.,There want to be many companies helping Stacy.,syntax_semantics,control_raising,existential_there_subject_raising,True,False,False,False,90,-53.3646125793457,-50.92695999145508,0
There was bound to be a story stunning Kimberley.,There was overjoyed to be a story stunning Kimberley.,syntax_semantics,control_raising,existential_there_subject_raising,True,False,False,False,91,-62.84006118774414,-73.48257446289062,1
There aren't apt to be few customers failing to upset Cheryl.,There aren't pleased to be few customers failing to upset Cheryl.,syntax_semantics,control_raising,existential_there_subject_raising,True,False,False,False,92,-88.99787902832031,-88.41999816894531,0
There hasn't looked to be a rabbit embarrassing Teresa.,There hasn't managed to be a rabbit embarrassing Teresa.,syntax_semantics,control_raising,existential_there_subject_raising,True,False,False,False,93,-65.15216827392578,-63.765541076660156,0
There had turned out to be few lakes looking like those paintings.,There had neglected to be few lakes looking like those paintings.,syntax_semantics,control_raising,existential_there_subject_raising,True,False,False,False,94,-71.73370361328125,-72.45233917236328,1
There was likely to be an apple charring.,There was unable to be an apple charring.,syntax_semantics,control_raising,existential_there_subject_raising,True,False,False,False,95,-48.508636474609375,-47.81033706665039,0
There aren't bound to be a lot of books disgusting Nina.,There aren't unwilling to be a lot of books disgusting Nina.,syntax_semantics,control_raising,existential_there_subject_raising,True,False,False,False,96,-66.27754211425781,-65.05557250976562,0
There wasn't about to be a candle fading.,There wasn't pleased to be a candle fading.,syntax_semantics,control_raising,existential_there_subject_raising,True,False,False,False,97,-50.638580322265625,-52.77424621582031,1
There appeared to be a university arguing.,There longed to be a university arguing.,syntax_semantics,control_raising,existential_there_subject_raising,True,False,False,False,98,-42.31088638305664,-51.65721130371094,1
There are sure to be a lot of stories disgusting Deanna.,There are unwilling to be a lot of stories disgusting Deanna.,syntax_semantics,control_raising,existential_there_subject_raising,True,False,False,False,99,-68.32159423828125,-69.54856872558594,1
There were about to be a lot of paintings confusing some guys.,There were unhappy to be a lot of paintings confusing some guys.,syntax_semantics,control_raising,existential_there_subject_raising,True,False,False,False,100,-66.20890808105469,-68.3148193359375,1
There are turning out to be more than three movies boring Denise.,There are bothering to be more than three movies boring Denise.,syntax_semantics,control_raising,existential_there_subject_raising,True,False,False,False,101,-70.96017456054688,-69.43708801269531,0
There wasn't likely to be a sweater wrinkling.,There wasn't anxious to be a sweater wrinkling.,syntax_semantics,control_raising,existential_there_subject_raising,True,False,False,False,102,-51.148658752441406,-54.158546447753906,1
There isn't likely to be pasta irritating Diana.,There isn't unable to be pasta irritating Diana.,syntax_semantics,control_raising,existential_there_subject_raising,True,False,False,False,103,-58.888084411621094,-62.067771911621094,1
There isn't bound to be a dish shocking Connie.,There isn't overjoyed to be a dish shocking Connie.,syntax_semantics,control_raising,existential_there_subject_raising,True,False,False,False,104,-63.81578063964844,-76.24461364746094,1
There are unlikely to be more than three dogs leaving.,There are willing to be more than three dogs leaving.,syntax_semantics,control_raising,existential_there_subject_raising,True,False,False,False,105,-51.13677215576172,-47.16358184814453,0
There are apt to be no dishes annoying Paula.,There are willing to be no dishes annoying Paula.,syntax_semantics,control_raising,existential_there_subject_raising,True,False,False,False,106,-56.82831573486328,-55.225337982177734,0
There seem to be a lot of carts confusing men.,There long to be a lot of carts confusing men.,syntax_semantics,control_raising,existential_there_subject_raising,True,False,False,False,107,-55.555824279785156,-58.886573791503906,1
There is soon to be a bike wasting away.,There is pleased to be a bike wasting away.,syntax_semantics,control_raising,existential_there_subject_raising,True,False,False,False,108,-55.271610260009766,-54.080101013183594,0
There aren't sure to be a lot of steps disgusting the patients.,There aren't unwilling to be a lot of steps disgusting the patients.,syntax_semantics,control_raising,existential_there_subject_raising,True,False,False,False,109,-72.28392028808594,-73.95842742919922,1
There are certain to be no trucks moving.,There are willing to be no trucks moving.,syntax_semantics,control_raising,existential_there_subject_raising,True,False,False,False,110,-46.36585235595703,-43.08965301513672,0
There weren't sure to be few art galleries confusing Homer.,There weren't pleased to be few art galleries confusing Homer.,syntax_semantics,control_raising,existential_there_subject_raising,True,False,False,False,111,-79.63609313964844,-82.80311584472656,1
There isn't bound to be a light stunning many waiters.,There isn't happy to be a light stunning many waiters.,syntax_semantics,control_raising,existential_there_subject_raising,True,False,False,False,112,-77.09988403320312,-74.71153259277344,0
There are sure to be fewer than three books existing.,There are pleased to be fewer than three books existing.,syntax_semantics,control_raising,existential_there_subject_raising,True,False,False,False,113,-56.84284210205078,-57.69637680053711,1
There wasn't certain to be a sweater scaring Lucille.,There wasn't unable to be a sweater scaring Lucille.,syntax_semantics,control_raising,existential_there_subject_raising,True,False,False,False,114,-71.0502700805664,-71.39449310302734,1
There are soon to be some plays about art impressing Elaine.,There are unable to be some plays about art impressing Elaine.,syntax_semantics,control_raising,existential_there_subject_raising,True,False,False,False,115,-81.86585998535156,-79.31210327148438,0
There was soon to be a glove warping.,There was unwilling to be a glove warping.,syntax_semantics,control_raising,existential_there_subject_raising,True,False,False,False,116,-53.86181640625,-52.742218017578125,0
There weren't about to be fewer than three women concealing Alicia.,There weren't unhappy to be fewer than three women concealing Alicia.,syntax_semantics,control_raising,existential_there_subject_raising,True,False,False,False,117,-81.70783996582031,-85.31710052490234,1
There looked to be a sock twirling.,There longed to be a sock twirling.,syntax_semantics,control_raising,existential_there_subject_raising,True,False,False,False,118,-50.857627868652344,-57.93537521362305,1
There failed to be a casserole baking.,There tried to be a casserole baking.,syntax_semantics,control_raising,existential_there_subject_raising,True,False,False,False,119,-55.799957275390625,-53.61626434326172,0
There proves to be a cafe disappearing.,There tried to be a cafe disappearing.,syntax_semantics,control_raising,existential_there_subject_raising,True,False,False,False,120,-45.553955078125,-41.59646987915039,0
There were about to be fewer than three eyes wasting away.,There were anxious to be fewer than three eyes wasting away.,syntax_semantics,control_raising,existential_there_subject_raising,True,False,False,False,121,-66.31192779541016,-64.68122100830078,0
There fail to be no grocery stores falling.,There planned to be no grocery stores falling.,syntax_semantics,control_raising,existential_there_subject_raising,True,False,False,False,122,-55.44440841674805,-55.632816314697266,1
There wasn't soon to be rice impressing Valerie.,There wasn't unhappy to be rice impressing Valerie.,syntax_semantics,control_raising,existential_there_subject_raising,True,False,False,False,123,-68.67152404785156,-71.50537109375,1
There aren't certain to be few books wasting away.,There aren't overjoyed to be few books wasting away.,syntax_semantics,control_raising,existential_there_subject_raising,True,False,False,False,124,-62.19656753540039,-77.97899627685547,1
There did fail to be many prints of William vanishing.,There did continue to be many prints of William vanishing.,syntax_semantics,control_raising,existential_there_subject_raising,True,False,False,False,125,-66.72291564941406,-66.24636840820312,0
There look to be a lot of reports about Jesus stunning Tammy.,There need to be a lot of reports about Jesus stunning Tammy.,syntax_semantics,control_raising,existential_there_subject_raising,True,False,False,False,126,-76.98683166503906,-74.21182250976562,0
There did appear to be an organization boasting.,There did want to be an organization boasting.,syntax_semantics,control_raising,existential_there_subject_raising,True,False,False,False,127,-47.00193786621094,-43.469512939453125,0
There have turned out to be some waiters shocking Katherine.,There have managed to be some waiters shocking Katherine.,syntax_semantics,control_raising,existential_there_subject_raising,True,False,False,False,128,-78.70881652832031,-73.35346984863281,0
There isn't likely to be a convertible wasting away.,There isn't anxious to be a convertible wasting away.,syntax_semantics,control_raising,existential_there_subject_raising,True,False,False,False,129,-55.91370391845703,-58.695865631103516,1
There were proving to be more than three sketches of Rebecca disappearing.,There were wishing to be more than three sketches of Rebecca disappearing.,syntax_semantics,control_raising,existential_there_subject_raising,True,False,False,False,130,-74.26106262207031,-71.71058654785156,0
There was looking to be a photograph disappearing.,There was continuing to be a photograph disappearing.,syntax_semantics,control_raising,existential_there_subject_raising,True,False,False,False,131,-43.98138427734375,-45.2259635925293,1
There is bound to be a dish worrying Peter.,There is happy to be a dish worrying Peter.,syntax_semantics,control_raising,existential_there_subject_raising,True,False,False,False,132,-55.24969482421875,-53.878170013427734,0
There has turned out to be a report about the Great Lakes confusing Charles.,There has managed to be a report about the Great Lakes confusing Charles.,syntax_semantics,control_raising,existential_there_subject_raising,True,False,False,False,133,-84.94417572021484,-78.20578002929688,0
There can turn out to be rice worrying Marla.,There can need to be rice worrying Marla.,syntax_semantics,control_raising,existential_there_subject_raising,True,False,False,False,134,-65.35456848144531,-60.987388610839844,0
There isn't about to be a documentary boring Guy.,There isn't ready to be a documentary boring Guy.,syntax_semantics,control_raising,existential_there_subject_raising,True,False,False,False,135,-60.347930908203125,-59.309654235839844,0
There is soon to be a daughter of Donald declaring those scarves to crumple.,There is happy to be a daughter of Donald declaring those scarves to crumple.,syntax_semantics,control_raising,existential_there_subject_raising,True,False,False,False,136,-106.44570922851562,-104.84800720214844,0
There were apt to be some associations failing to donate.,There were ready to be some associations failing to donate.,syntax_semantics,control_raising,existential_there_subject_raising,True,False,False,False,137,-64.82994842529297,-62.21337890625,0
There isn't soon to be spinach aggravating Connie.,There isn't unhappy to be spinach aggravating Connie.,syntax_semantics,control_raising,existential_there_subject_raising,True,False,False,False,138,-70.57954406738281,-73.89521789550781,1
There would look to be a hamster looking like a photograph.,There would manage to be a hamster looking like a photograph.,syntax_semantics,control_raising,existential_there_subject_raising,True,False,False,False,139,-58.85191345214844,-57.66690444946289,0
There looked to be a museum succeeding.,There likes to be a museum succeeding.,syntax_semantics,control_raising,existential_there_subject_raising,True,False,False,False,140,-45.62116622924805,-44.3394889831543,0
There are certain to be fewer than three pants hurting Todd.,There are unhappy to be fewer than three pants hurting Todd.,syntax_semantics,control_raising,existential_there_subject_raising,True,False,False,False,141,-71.11392974853516,-72.04289245605469,1
There were appearing to be no cats alarming Larry.,There were proposing to be no cats alarming Larry.,syntax_semantics,control_raising,existential_there_subject_raising,True,False,False,False,142,-64.96791076660156,-63.2529296875,0
There isn't apt to be a bank neglecting to waste away.,There isn't willing to be a bank neglecting to waste away.,syntax_semantics,control_raising,existential_there_subject_raising,True,False,False,False,143,-70.60771179199219,-67.95390319824219,0
There were sure to be many schools hiring Sandra.,There were excited to be many schools hiring Sandra.,syntax_semantics,control_raising,existential_there_subject_raising,True,False,False,False,144,-58.82410430908203,-60.06685256958008,1
There isn't certain to be a print of all cakes vanishing.,There isn't overjoyed to be a print of all cakes vanishing.,syntax_semantics,control_raising,existential_there_subject_raising,True,False,False,False,145,-72.32743835449219,-85.65103912353516,1
There isn't about to be a cake hurting Tiffany.,There isn't reluctant to be a cake hurting Tiffany.,syntax_semantics,control_raising,existential_there_subject_raising,True,False,False,False,146,-59.09491729736328,-63.3948974609375,1
There are bound to be some doctors imagining Danielle would train.,There are eager to be some doctors imagining Danielle would train.,syntax_semantics,control_raising,existential_there_subject_raising,True,False,False,False,147,-76.33930969238281,-77.10611724853516,1
There proves to be a chair looking like those pictures.,There attempts to be a chair looking like those pictures.,syntax_semantics,control_raising,existential_there_subject_raising,True,False,False,False,148,-53.962158203125,-54.29899597167969,1
There fails to be a cousin of Todd considering Kirsten to argue.,There needs to be a cousin of Todd considering Kirsten to argue.,syntax_semantics,control_raising,existential_there_subject_raising,True,False,False,False,149,-83.26449584960938,-80.7724838256836,0
There are sure to be fewer than three eyes astounding Tina.,There are unwilling to be fewer than three eyes astounding Tina.,syntax_semantics,control_raising,existential_there_subject_raising,True,False,False,False,150,-71.00990295410156,-71.94824981689453,1
There hadn't happened to be dishes astounding a teenager.,There hadn't yearned to be dishes astounding a teenager.,syntax_semantics,control_raising,existential_there_subject_raising,True,False,False,False,151,-67.48747253417969,-86.74173736572266,1
There were seeming to be no mirrors confusing a guest.,There were managing to be no mirrors confusing a guest.,syntax_semantics,control_raising,existential_there_subject_raising,True,False,False,False,152,-66.08883666992188,-66.72454833984375,1
There couldn't prove to be a woman waving.,There couldn't manage to be a woman waving.,syntax_semantics,control_raising,existential_there_subject_raising,True,False,False,False,153,-46.112613677978516,-46.045570373535156,0
There haven't threatened to be few documentaries irritating Becky.,There haven't failed to be few documentaries irritating Becky.,syntax_semantics,control_raising,existential_there_subject_raising,True,False,False,False,154,-76.25931549072266,-74.90863037109375,0
There happened to be a mushroom irritating Bruce.,There proposes to be a mushroom irritating Bruce.,syntax_semantics,control_raising,existential_there_subject_raising,True,False,False,False,155,-51.972660064697266,-59.93569564819336,1
There turned out to be some grocery stores stunning Carlos.,There long to be some grocery stores stunning Carlos.,syntax_semantics,control_raising,existential_there_subject_raising,True,False,False,False,156,-75.48670959472656,-72.19572448730469,0
There can turn out to be fewer than three plays aggravating Gerald.,There can continue to be fewer than three plays aggravating Gerald.,syntax_semantics,control_raising,existential_there_subject_raising,True,False,False,False,157,-80.12745666503906,-76.87608337402344,0
There is looking to be a lady prompting Dan to buy all windows.,There is needing to be a lady prompting Dan to buy all windows.,syntax_semantics,control_raising,existential_there_subject_raising,True,False,False,False,158,-80.82138061523438,-81.85264587402344,1
There were happening to be no committees managing to cope.,There were bothering to be no committees managing to cope.,syntax_semantics,control_raising,existential_there_subject_raising,True,False,False,False,159,-64.48514556884766,-66.46420288085938,1
There isn't bound to be a face stunning customers.,There isn't eager to be a face stunning customers.,syntax_semantics,control_raising,existential_there_subject_raising,True,False,False,False,160,-58.31816482543945,-59.21750259399414,1
There happen to be few drawings of Jill wasting away.,There intend to be few drawings of Jill wasting away.,syntax_semantics,control_raising,existential_there_subject_raising,True,False,False,False,161,-69.29559326171875,-70.31765747070312,1
There isn't apt to be an organization alarming Jeffrey.,There isn't eager to be an organization alarming Jeffrey.,syntax_semantics,control_raising,existential_there_subject_raising,True,False,False,False,162,-66.58535766601562,-67.33659362792969,1
There couldn't turn out to be pasta disgusting Raymond.,There couldn't try to be pasta disgusting Raymond.,syntax_semantics,control_raising,existential_there_subject_raising,True,False,False,False,163,-64.20751953125,-58.209808349609375,0
There is unlikely to be an essay upsetting Daniel.,There is ready to be an essay upsetting Daniel.,syntax_semantics,control_raising,existential_there_subject_raising,True,False,False,False,164,-57.821781158447266,-53.006900787353516,0
There aren't likely to be a lot of granddaughters of Scott collaborating.,There aren't unhappy to be a lot of granddaughters of Scott collaborating.,syntax_semantics,control_raising,existential_there_subject_raising,True,False,False,False,165,-84.28831481933594,-89.17833709716797,1
There aren't unlikely to be few lights fading.,There aren't happy to be few lights fading.,syntax_semantics,control_raising,existential_there_subject_raising,True,False,False,False,166,-62.83743667602539,-59.668426513671875,0
There have seemed to be few convertibles bothering the guest.,There have bothered to be few convertibles bothering the guest.,syntax_semantics,control_raising,existential_there_subject_raising,True,False,False,False,167,-81.57211303710938,-83.19853210449219,1
There are soon to be a lot of libraries thinking about what shouldn't reunite.,There are unwilling to be a lot of libraries thinking about what shouldn't reunite.,syntax_semantics,control_raising,existential_there_subject_raising,True,False,False,False,168,-84.11286163330078,-83.13922882080078,0
There seemed to be no boxes hurting Ruth.,There planned to be no boxes hurting Ruth.,syntax_semantics,control_raising,existential_there_subject_raising,True,False,False,False,169,-50.350860595703125,-54.29352569580078,1
There is likely to be a drawing falling.,There is happy to be a drawing falling.,syntax_semantics,control_raising,existential_there_subject_raising,True,False,False,False,170,-41.61840057373047,-43.262908935546875,1
There wasn't about to be a cousin of Robert discussing Carl.,There wasn't unhappy to be a cousin of Robert discussing Carl.,syntax_semantics,control_raising,existential_there_subject_raising,True,False,False,False,171,-71.04548645019531,-74.95932006835938,1
There aren't certain to be more than three essays astounding Heather.,There aren't excited to be more than three essays astounding Heather.,syntax_semantics,control_raising,existential_there_subject_raising,True,False,False,False,172,-78.08646392822266,-80.42854309082031,1
There prove to be many organizations interacting.,There continue to be many organizations interacting.,syntax_semantics,control_raising,existential_there_subject_raising,True,False,False,False,173,-49.64430236816406,-50.17394256591797,1
There isn't about to be a river freezing.,There isn't overjoyed to be a river freezing.,syntax_semantics,control_raising,existential_there_subject_raising,True,False,False,False,174,-48.025997161865234,-63.37293243408203,1
There are bound to be many waitresses prompting this offspring to salute.,There are able to be many waitresses prompting this offspring to salute.,syntax_semantics,control_raising,existential_there_subject_raising,True,False,False,False,175,-93.6773452758789,-88.77383422851562,0
There wasn't proving to be a picture of every mountain existing.,There wasn't liking to be a picture of every mountain existing.,syntax_semantics,control_raising,existential_there_subject_raising,True,False,False,False,176,-69.01368713378906,-64.91485595703125,0
There was seeming to be a screen irritating Wendy.,There was bothering to be a screen irritating Wendy.,syntax_semantics,control_raising,existential_there_subject_raising,True,False,False,False,177,-60.48101043701172,-59.76321029663086,0
There were soon to be no grandsons of Marla astounding Stephen.,There were happy to be no grandsons of Marla astounding Stephen.,syntax_semantics,control_raising,existential_there_subject_raising,True,False,False,False,178,-97.68016052246094,-97.0842514038086,0
There happens to be a screen impressing these ladies.,There yearns to be a screen impressing these ladies.,syntax_semantics,control_raising,existential_there_subject_raising,True,False,False,False,179,-59.970218658447266,-76.9506607055664,1
There proved to be a sister of Judy happening to stun a hospital.,There attempts to be a sister of Judy happening to stun a hospital.,syntax_semantics,control_raising,existential_there_subject_raising,True,False,False,False,180,-79.50958251953125,-82.91206359863281,1
There isn't about to be a turtle disappearing.,There isn't unhappy to be a turtle disappearing.,syntax_semantics,control_raising,existential_there_subject_raising,True,False,False,False,181,-47.171661376953125,-51.47119140625,1
There isn't bound to be a sketch existing.,There isn't able to be a sketch existing.,syntax_semantics,control_raising,existential_there_subject_raising,True,False,False,False,182,-51.68067932128906,-47.03553009033203,0
There were bound to be some sweaters disgusting Angela.,There were unwilling to be some sweaters disgusting Angela.,syntax_semantics,control_raising,existential_there_subject_raising,True,False,False,False,183,-66.4345474243164,-65.82801055908203,0
There happen to be few eyes distracting Amelia.,There failed to be few eyes distracting Amelia.,syntax_semantics,control_raising,existential_there_subject_raising,True,False,False,False,184,-61.015586853027344,-62.76966857910156,1
There weren't bound to be a lot of books confusing a museum.,There weren't eager to be a lot of books confusing a museum.,syntax_semantics,control_raising,existential_there_subject_raising,True,False,False,False,185,-68.86766815185547,-69.69989776611328,1
There is apt to be a snake leaving.,There is excited to be a snake leaving.,syntax_semantics,control_raising,existential_there_subject_raising,True,False,False,False,186,-42.15131759643555,-43.60663604736328,1
There were bound to be no dogs impressing actors.,There were happy to be no dogs impressing actors.,syntax_semantics,control_raising,existential_there_subject_raising,True,False,False,False,187,-62.74393844604492,-62.58245086669922,0
There was about to be a newspaper article about the Great Lakes disagreeing.,There was reluctant to be a newspaper article about the Great Lakes disagreeing.,syntax_semantics,control_raising,existential_there_subject_raising,True,False,False,False,188,-75.03501892089844,-78.00370788574219,1
There happened to be many rugs appearing.,There proposed to be many rugs appearing.,syntax_semantics,control_raising,existential_there_subject_raising,True,False,False,False,189,-47.938926696777344,-53.97704315185547,1
There is unlikely to be steak burning.,There is able to be steak burning.,syntax_semantics,control_raising,existential_there_subject_raising,True,False,False,False,190,-46.322784423828125,-41.419132232666016,0
There wasn't apt to be a mushroom disturbing Sarah.,There wasn't reluctant to be a mushroom disturbing Sarah.,syntax_semantics,control_raising,existential_there_subject_raising,True,False,False,False,191,-62.13629150390625,-63.87525177001953,1
There were sure to be few carts moving.,There were overjoyed to be few carts moving.,syntax_semantics,control_raising,existential_there_subject_raising,True,False,False,False,192,-52.60856628417969,-65.07015228271484,1
There weren't bound to be fewer than three casseroles existing.,There weren't willing to be fewer than three casseroles existing.,syntax_semantics,control_raising,existential_there_subject_raising,True,False,False,False,193,-86.82344055175781,-84.31144714355469,0
There was soon to be a friend of Becky describing every public park.,There was ready to be a friend of Becky describing every public park.,syntax_semantics,control_raising,existential_there_subject_raising,True,False,False,False,194,-77.83131408691406,-75.38748168945312,0
There are bound to be many waiters hunting.,There are anxious to be many waiters hunting.,syntax_semantics,control_raising,existential_there_subject_raising,True,False,False,False,195,-58.564552307128906,-56.62485885620117,0
There happens to be beef alarming some adults.,There planned to be beef alarming some adults.,syntax_semantics,control_raising,existential_there_subject_raising,True,False,False,False,196,-60.102386474609375,-63.97978973388672,1
There are unlikely to be closets vanishing.,There are eager to be closets vanishing.,syntax_semantics,control_raising,existential_there_subject_raising,True,False,False,False,197,-51.775421142578125,-51.431800842285156,0
There were sure to be few sketches wasting away.,There were excited to be few sketches wasting away.,syntax_semantics,control_raising,existential_there_subject_raising,True,False,False,False,198,-61.65734100341797,-63.4588737487793,1
There isn't sure to be a book shocking the Borgias.,There isn't able to be a book shocking the Borgias.,syntax_semantics,control_raising,existential_there_subject_raising,True,False,False,False,199,-69.96942901611328,-68.24557495117188,0
There has threatened to be water aggravating Angela.,There has attempted to be water aggravating Angela.,syntax_semantics,control_raising,existential_there_subject_raising,True,False,False,False,200,-62.03661346435547,-59.948177337646484,0
There appears to be a movie theater aggravating Jennifer.,There intends to be a movie theater aggravating Jennifer.,syntax_semantics,control_raising,existential_there_subject_raising,True,False,False,False,201,-65.38838195800781,-68.33187866210938,1
There couldn't prove to be a fish leaving.,There couldn't need to be a fish leaving.,syntax_semantics,control_raising,existential_there_subject_raising,True,False,False,False,202,-46.13554763793945,-41.58652114868164,0
There could fail to be a jacket disgusting Angela.,There could yearn to be a jacket disgusting Angela.,syntax_semantics,control_raising,existential_there_subject_raising,True,False,False,False,203,-58.129234313964844,-75.41100311279297,1
There happened to be a pie scaring Eva.,There manages to be a pie scaring Eva.,syntax_semantics,control_raising,existential_there_subject_raising,True,False,False,False,204,-51.11280822753906,-56.62549591064453,1
There proved to be a face disappearing.,There neglects to be a face disappearing.,syntax_semantics,control_raising,existential_there_subject_raising,True,False,False,False,205,-40.250877380371094,-49.05332946777344,1
There has seemed to be a waiter praising Russell.,There has managed to be a waiter praising Russell.,syntax_semantics,control_raising,existential_there_subject_raising,True,False,False,False,206,-60.034034729003906,-58.39448547363281,0
There weren't about to be more than three steps bothering every senator.,There weren't overjoyed to be more than three steps bothering every senator.,syntax_semantics,control_raising,existential_there_subject_raising,True,False,False,False,207,-76.14469909667969,-91.08906555175781,1
There did threaten to be a report annoying some organization.,There did intend to be a report annoying some organization.,syntax_semantics,control_raising,existential_there_subject_raising,True,False,False,False,208,-65.5176773071289,-63.06893539428711,0
There aren't appearing to be few dresses alarming Sherry.,There aren't continuing to be few dresses alarming Sherry.,syntax_semantics,control_raising,existential_there_subject_raising,True,False,False,False,209,-81.73456573486328,-80.43197631835938,0
There isn't likely to be a drawing looking like Connie.,There isn't pleased to be a drawing looking like Connie.,syntax_semantics,control_raising,existential_there_subject_raising,True,False,False,False,210,-59.99959945678711,-63.51354217529297,1
There isn't about to be a skateboard hurting the Lutherans.,There isn't able to be a skateboard hurting the Lutherans.,syntax_semantics,control_raising,existential_there_subject_raising,True,False,False,False,211,-77.76854705810547,-75.201904296875,0
There isn't soon to be a drawing of some student falling.,There isn't reluctant to be a drawing of some student falling.,syntax_semantics,control_raising,existential_there_subject_raising,True,False,False,False,212,-64.23130798339844,-67.40473937988281,1
There might threaten to be fewer than three glasses falling.,There might continue to be fewer than three glasses falling.,syntax_semantics,control_raising,existential_there_subject_raising,True,False,False,False,213,-64.18128967285156,-60.416053771972656,0
There are sure to be a lot of pants wasting away.,There are reluctant to be a lot of pants wasting away.,syntax_semantics,control_raising,existential_there_subject_raising,True,False,False,False,214,-55.04109191894531,-58.665245056152344,1
There were unlikely to be no birds ascending many steps.,There were ready to be no birds ascending many steps.,syntax_semantics,control_raising,existential_there_subject_raising,True,False,False,False,215,-63.96501541137695,-58.62052917480469,0
There is unlikely to be a driver wanting all students to bring every plane.,There is excited to be a driver wanting all students to bring every plane.,syntax_semantics,control_raising,existential_there_subject_raising,True,False,False,False,216,-84.010986328125,-83.72775268554688,0
There does look to be a doctor attacking David.,There does fail to be a doctor attacking David.,syntax_semantics,control_raising,existential_there_subject_raising,True,False,False,False,217,-52.675357818603516,-54.00141525268555,1
There wasn't soon to be a story about travel stunning Kimberley.,There wasn't ready to be a story about travel stunning Kimberley.,syntax_semantics,control_raising,existential_there_subject_raising,True,False,False,False,218,-82.01260375976562,-78.87272644042969,0
There hasn't looked to be a man hugging Jane.,There hasn't liked to be a man hugging Jane.,syntax_semantics,control_raising,existential_there_subject_raising,True,False,False,False,219,-57.5257682800293,-55.68507766723633,0
There is soon to be a cashier questioning Tanya.,There is pleased to be a cashier questioning Tanya.,syntax_semantics,control_raising,existential_there_subject_raising,True,False,False,False,220,-68.56871795654297,-67.89437866210938,0
There failed to be few men revealing Dana.,There longed to be few men revealing Dana.,syntax_semantics,control_raising,existential_there_subject_raising,True,False,False,False,221,-57.66822814941406,-65.44733428955078,1
There turned out to be fewer than three cousins of Jason revealing those pedestrians.,There wanted to be fewer than three cousins of Jason revealing those pedestrians.,syntax_semantics,control_raising,existential_there_subject_raising,True,False,False,False,222,-96.17564392089844,-89.50218200683594,0
There is unlikely to be fish burning.,There is unwilling to be fish burning.,syntax_semantics,control_raising,existential_there_subject_raising,True,False,False,False,223,-44.076045989990234,-42.0043830871582,0
There is about to be a doctor arguing about Bill.,There is overjoyed to be a doctor arguing about Bill.,syntax_semantics,control_raising,existential_there_subject_raising,True,False,False,False,224,-51.73223876953125,-66.40354919433594,1
There would happen to be no hospitals commissioning Brian to talk about Heather.,There would long to be no hospitals commissioning Brian to talk about Heather.,syntax_semantics,control_raising,existential_there_subject_raising,True,False,False,False,225,-90.17717742919922,-97.04548645019531,1
There was sure to be a truck wasting away.,There was overjoyed to be a truck wasting away.,syntax_semantics,control_raising,existential_there_subject_raising,True,False,False,False,226,-50.44952392578125,-64.20448303222656,1
There isn't bound to be a bicycle distracting Robert.,There isn't eager to be a bicycle distracting Robert.,syntax_semantics,control_raising,existential_there_subject_raising,True,False,False,False,227,-60.98332214355469,-61.757667541503906,1
There couldn't turn out to be a public park shocking Sharon.,There couldn't try to be a public park shocking Sharon.,syntax_semantics,control_raising,existential_there_subject_raising,True,False,False,False,228,-73.80889892578125,-68.11033630371094,0
There fail to be more than three senators blinking.,There proposed to be more than three senators blinking.,syntax_semantics,control_raising,existential_there_subject_raising,True,False,False,False,229,-56.43994903564453,-56.609825134277344,1
There wasn't appearing to be water shocking Roger.,There wasn't continuing to be water shocking Roger.,syntax_semantics,control_raising,existential_there_subject_raising,True,False,False,False,230,-65.24822998046875,-63.45227813720703,0
There hasn't appeared to be a nose vanishing.,There hasn't wished to be a nose vanishing.,syntax_semantics,control_raising,existential_there_subject_raising,True,False,False,False,231,-54.113006591796875,-53.731651306152344,0
There did turn out to be a lot of photographs irritating Marcus.,There did try to be a lot of photographs irritating Marcus.,syntax_semantics,control_raising,existential_there_subject_raising,True,False,False,False,232,-69.04037475585938,-62.778846740722656,0
There happen to be steps falling.,There proposed to be steps falling.,syntax_semantics,control_raising,existential_there_subject_raising,True,False,False,False,233,-37.73516082763672,-41.132652282714844,1
There happens to be an organization selling all shoes.,There continued to be an organization selling all shoes.,syntax_semantics,control_raising,existential_there_subject_raising,True,False,False,False,234,-54.486839294433594,-57.5988883972168,1
There weren't proving to be many stories impressing a lot of students.,There weren't neglecting to be many stories impressing a lot of students.,syntax_semantics,control_raising,existential_there_subject_raising,True,False,False,False,235,-81.06243896484375,-81.91932678222656,1
There were failing to be few libraries clashing.,There were neglecting to be few libraries clashing.,syntax_semantics,control_raising,existential_there_subject_raising,True,False,False,False,236,-63.06878662109375,-65.91397094726562,1
There was soon to be a casserole astounding Regina.,There was ready to be a casserole astounding Regina.,syntax_semantics,control_raising,existential_there_subject_raising,True,False,False,False,237,-72.57232666015625,-68.98025512695312,0
There isn't bound to be a committee taking that public park.,There isn't ready to be a committee taking that public park.,syntax_semantics,control_raising,existential_there_subject_raising,True,False,False,False,238,-71.99769592285156,-67.82215118408203,0
There wasn't unlikely to be a painting of the cakes embarrassing every government.,There wasn't overjoyed to be a painting of the cakes embarrassing every government.,syntax_semantics,control_raising,existential_there_subject_raising,True,False,False,False,239,-85.46886444091797,-96.40313720703125,1
There isn't soon to be a woman messing up these malls.,There isn't anxious to be a woman messing up these malls.,syntax_semantics,control_raising,existential_there_subject_raising,True,False,False,False,240,-72.13925170898438,-73.22894287109375,1
There were turning out to be few actors washing.,There were longing to be few actors washing.,syntax_semantics,control_raising,existential_there_subject_raising,True,False,False,False,241,-58.34066390991211,-54.95772933959961,0
There appears to be fish annoying Grace.,There bothered to be fish annoying Grace.,syntax_semantics,control_raising,existential_there_subject_raising,True,False,False,False,242,-50.5225944519043,-52.629547119140625,1
There can fail to be an actress upsetting that waiter.,There can continue to be an actress upsetting that waiter.,syntax_semantics,control_raising,existential_there_subject_raising,True,False,False,False,243,-66.35885620117188,-65.61466979980469,0
There happened to be a banana looking like these pictures.,There continues to be a banana looking like these pictures.,syntax_semantics,control_raising,existential_there_subject_raising,True,False,False,False,244,-48.86003112792969,-53.39469528198242,1
There isn't about to be a popsicle astounding Lissa.,There isn't overjoyed to be a popsicle astounding Lissa.,syntax_semantics,control_raising,existential_there_subject_raising,True,False,False,False,245,-77.1895751953125,-90.68179321289062,1
There had turned out to be some granddaughters of this teacher conspiring.,There had wished to be some granddaughters of this teacher conspiring.,syntax_semantics,control_raising,existential_there_subject_raising,True,False,False,False,246,-86.02415466308594,-84.21577453613281,0
There didn't fail to be a rabbit worrying Anne.,There didn't want to be a rabbit worrying Anne.,syntax_semantics,control_raising,existential_there_subject_raising,True,False,False,False,247,-58.31234359741211,-51.737205505371094,0
There happened to be broccoli falling.,There neglects to be broccoli falling.,syntax_semantics,control_raising,existential_there_subject_raising,True,False,False,False,248,-37.443199157714844,-50.87748718261719,1
There are certain to be no guys thinking about who works with Larry.,There are happy to be no guys thinking about who works with Larry.,syntax_semantics,control_raising,existential_there_subject_raising,True,False,False,False,249,-71.63349914550781,-70.50274658203125,0
There is sure to be a government trying to scare Martha.,There is reluctant to be a government trying to scare Martha.,syntax_semantics,control_raising,existential_there_subject_raising,True,False,False,False,250,-59.31928253173828,-62.233787536621094,1
There appeared to be many chairs annoying this company.,There proposed to be many chairs annoying this company.,syntax_semantics,control_raising,existential_there_subject_raising,True,False,False,False,251,-58.02020263671875,-60.91236877441406,1
There were sure to be muffins confusing Angela.,There were willing to be muffins confusing Angela.,syntax_semantics,control_raising,existential_there_subject_raising,True,False,False,False,252,-57.70209884643555,-56.37471008300781,0
There were apt to be fewer than three sisters of Vincent lifting these shoes.,There were able to be fewer than three sisters of Vincent lifting these shoes.,syntax_semantics,control_raising,existential_there_subject_raising,True,False,False,False,253,-88.89511108398438,-85.09642028808594,0
There is happening to be a plane stunning Rhonda.,There is intending to be a plane stunning Rhonda.,syntax_semantics,control_raising,existential_there_subject_raising,True,False,False,False,254,-61.30310821533203,-66.02286529541016,1
There have threatened to be more than three casseroles bothering Carla.,There have hoped to be more than three casseroles bothering Carla.,syntax_semantics,control_raising,existential_there_subject_raising,True,False,False,False,255,-87.40374755859375,-86.05245208740234,0
There appears to be a screen chipping.,There tries to be a screen chipping.,syntax_semantics,control_raising,existential_there_subject_raising,True,False,False,False,256,-45.826900482177734,-44.92400360107422,0
There were about to be a lot of malls existing.,There were happy to be a lot of malls existing.,syntax_semantics,control_raising,existential_there_subject_raising,True,False,False,False,257,-56.67870330810547,-56.60578918457031,0
There were unlikely to be no blouses wasting away.,There were excited to be no blouses wasting away.,syntax_semantics,control_raising,existential_there_subject_raising,True,False,False,False,258,-64.94939422607422,-63.86949920654297,0
There is failing to be a fork irritating Suzanne.,There is proposing to be a fork irritating Suzanne.,syntax_semantics,control_raising,existential_there_subject_raising,True,False,False,False,259,-61.198272705078125,-59.59285354614258,0
There aren't bound to be windows upsetting Phillip.,There aren't unwilling to be windows upsetting Phillip.,syntax_semantics,control_raising,existential_there_subject_raising,True,False,False,False,260,-65.36043548583984,-63.887027740478516,0
There isn't unlikely to be a photograph appearing.,There isn't unable to be a photograph appearing.,syntax_semantics,control_raising,existential_there_subject_raising,True,False,False,False,261,-52.87119674682617,-50.584930419921875,0
There shouldn't threaten to be a lot of steps hurting Sally.,There shouldn't need to be a lot of steps hurting Sally.,syntax_semantics,control_raising,existential_there_subject_raising,True,False,False,False,262,-67.4647216796875,-59.93461990356445,0
There were likely to be some glaciers appearing.,There were unwilling to be some glaciers appearing.,syntax_semantics,control_raising,existential_there_subject_raising,True,False,False,False,263,-49.10195541381836,-50.503929138183594,1
There isn't likely to be a grocery store irritating Benjamin.,There isn't anxious to be a grocery store irritating Benjamin.,syntax_semantics,control_raising,existential_there_subject_raising,True,False,False,False,264,-67.51347351074219,-70.80744934082031,1
There could prove to be a lot of nephews of some lady yelling.,There could continue to be a lot of nephews of some lady yelling.,syntax_semantics,control_raising,existential_there_subject_raising,True,False,False,False,265,-72.9600601196289,-73.45946502685547,1
There threatens to be a story disagreeing.,There tries to be a story disagreeing.,syntax_semantics,control_raising,existential_there_subject_raising,True,False,False,False,266,-46.25434875488281,-41.736934661865234,0
There wasn't about to be a movie distracting Sarah.,There wasn't eager to be a movie distracting Sarah.,syntax_semantics,control_raising,existential_there_subject_raising,True,False,False,False,267,-57.24794006347656,-61.462711334228516,1
There wasn't certain to be a ladder distracting Eric.,There wasn't overjoyed to be a ladder distracting Eric.,syntax_semantics,control_raising,existential_there_subject_raising,True,False,False,False,268,-61.42951202392578,-74.76943969726562,1
There weren't about to be more than three sketches confusing the Lutherans.,There weren't unwilling to be more than three sketches confusing the Lutherans.,syntax_semantics,control_raising,existential_there_subject_raising,True,False,False,False,269,-88.87423706054688,-88.67221069335938,0
There had appeared to be a bike accelerating.,There had hoped to be a bike accelerating.,syntax_semantics,control_raising,existential_there_subject_raising,True,False,False,False,270,-48.22548294067383,-47.346275329589844,0
There is apt to be a father of a waiter listening to Homer.,There is eager to be a father of a waiter listening to Homer.,syntax_semantics,control_raising,existential_there_subject_raising,True,False,False,False,271,-69.42758178710938,-71.06218719482422,1
There are sure to be some organizations requiring John to shrug.,There are unable to be some organizations requiring John to shrug.,syntax_semantics,control_raising,existential_there_subject_raising,True,False,False,False,272,-75.84286499023438,-75.48270416259766,0
There aren't certain to be essays about art alarming Sara.,There aren't ready to be essays about art alarming Sara.,syntax_semantics,control_raising,existential_there_subject_raising,True,False,False,False,273,-79.28021240234375,-76.92945861816406,0
There are certain to be a lot of universities predicting Denise to sing.,There are ready to be a lot of universities predicting Denise to sing.,syntax_semantics,control_raising,existential_there_subject_raising,True,False,False,False,274,-77.42530059814453,-72.64972686767578,0
There are apt to be fewer than three eyes upsetting Jacqueline.,There are reluctant to be fewer than three eyes upsetting Jacqueline.,syntax_semantics,control_raising,existential_there_subject_raising,True,False,False,False,275,-72.89871215820312,-76.19988250732422,1
There weren't about to be few children prodding Laurie to flee from Carolyn.,There weren't ready to be few children prodding Laurie to flee from Carolyn.,syntax_semantics,control_raising,existential_there_subject_raising,True,False,False,False,276,-103.49407958984375,-102.47044372558594,0
There seems to be a hospital declaring Stephanie to conceal Galileo.,There bothers to be a hospital declaring Stephanie to conceal Galileo.,syntax_semantics,control_raising,existential_there_subject_raising,True,False,False,False,277,-77.87709045410156,-83.74559020996094,1
There isn't bound to be a tomato alarming Sara.,There isn't excited to be a tomato alarming Sara.,syntax_semantics,control_raising,existential_there_subject_raising,True,False,False,False,278,-63.612892150878906,-63.467201232910156,0
There hadn't proven to be a lot of screens distracting Tanya.,There hadn't intended to be a lot of screens distracting Tanya.,syntax_semantics,control_raising,existential_there_subject_raising,True,False,False,False,279,-76.61163330078125,-74.31344604492188,0
There was seeming to be a glacier freezing.,There was intending to be a glacier freezing.,syntax_semantics,control_raising,existential_there_subject_raising,True,False,False,False,280,-50.069671630859375,-48.84452819824219,0
There weren't likely to be more than three tomatoes scaring Samantha.,There weren't eager to be more than three tomatoes scaring Samantha.,syntax_semantics,control_raising,existential_there_subject_raising,True,False,False,False,281,-75.08499145507812,-79.9577865600586,1
There hadn't happened to be a face falling.,There hadn't longed to be a face falling.,syntax_semantics,control_raising,existential_there_subject_raising,True,False,False,False,282,-46.18736267089844,-56.408485412597656,1
There was sure to be an essay distracting Omar.,There was eager to be an essay distracting Omar.,syntax_semantics,control_raising,existential_there_subject_raising,True,False,False,False,283,-56.366790771484375,-58.98420715332031,1
There wasn't soon to be a painting of Cindy disturbing Christine.,There wasn't unwilling to be a painting of Cindy disturbing Christine.,syntax_semantics,control_raising,existential_there_subject_raising,True,False,False,False,284,-75.2977523803711,-74.77192687988281,0
There can prove to be a ladder falling.,There can long to be a ladder falling.,syntax_semantics,control_raising,existential_there_subject_raising,True,False,False,False,285,-42.6395263671875,-47.100921630859375,1
There turns out to be a screen disappearing.,There neglects to be a screen disappearing.,syntax_semantics,control_raising,existential_there_subject_raising,True,False,False,False,286,-47.53375244140625,-50.54647445678711,1
There aren't happening to be fewer than three public parks disgusting Deanna.,There aren't wishing to be fewer than three public parks disgusting Deanna.,syntax_semantics,control_raising,existential_there_subject_raising,True,False,False,False,287,-97.561767578125,-99.52954864501953,1
There isn't likely to be an essay about Winston Churchill astounding Matt.,There isn't eager to be an essay about Winston Churchill astounding Matt.,syntax_semantics,control_raising,existential_there_subject_raising,True,False,False,False,288,-86.91851043701172,-91.90953063964844,1
There threatened to be a car upsetting Sarah.,There proposes to be a car upsetting Sarah.,syntax_semantics,control_raising,existential_there_subject_raising,True,False,False,False,289,-50.0252571105957,-51.669029235839844,1
There were likely to be a lot of eyes astounding those governments.,There were pleased to be a lot of eyes astounding those governments.,syntax_semantics,control_raising,existential_there_subject_raising,True,False,False,False,290,-70.1059341430664,-71.49266815185547,1
There failed to be no senators concealing who regret this spotlight dims.,There neglected to be no senators concealing who regret this spotlight dims.,syntax_semantics,control_raising,existential_there_subject_raising,True,False,False,False,291,-108.04495239257812,-112.23311614990234,1
There was likely to be a convertible chipping.,There was pleased to be a convertible chipping.,syntax_semantics,control_raising,existential_there_subject_raising,True,False,False,False,292,-49.129486083984375,-49.938926696777344,1
There looked to be fish irritating Bethany.,There neglects to be fish irritating Bethany.,syntax_semantics,control_raising,existential_there_subject_raising,True,False,False,False,293,-64.680908203125,-73.22927856445312,1
There seems to be a candle vanishing.,There attempted to be a candle vanishing.,syntax_semantics,control_raising,existential_there_subject_raising,True,False,False,False,294,-40.98630142211914,-45.10017013549805,1
There are apt to be some restaurants disappearing.,There are anxious to be some restaurants disappearing.,syntax_semantics,control_raising,existential_there_subject_raising,True,False,False,False,295,-46.651824951171875,-46.95075607299805,1
There were likely to be no pictures shocking Nina.,There were pleased to be no pictures shocking Nina.,syntax_semantics,control_raising,existential_there_subject_raising,True,False,False,False,296,-57.97886276245117,-59.13848876953125,1
There isn't unlikely to be a window hurting Homer.,There isn't reluctant to be a window hurting Homer.,syntax_semantics,control_raising,existential_there_subject_raising,True,False,False,False,297,-61.80672073364258,-61.16299057006836,0
There are likely to be no paintings of Sabrina embarrassing April.,There are ready to be no paintings of Sabrina embarrassing April.,syntax_semantics,control_raising,existential_there_subject_raising,True,False,False,False,298,-81.65830993652344,-80.82215881347656,0
There will happen to be some dresses stretching.,There will fail to be some dresses stretching.,syntax_semantics,control_raising,existential_there_subject_raising,True,False,False,False,299,-46.7869873046875,-49.40001678466797,1
There seem to be few cafes disturbing Vanessa.,There planned to be few cafes disturbing Vanessa.,syntax_semantics,control_raising,existential_there_subject_raising,True,False,False,False,300,-64.37326049804688,-67.1768798828125,1
There will threaten to be a story about politics distracting Russell.,There will wish to be a story about politics distracting Russell.,syntax_semantics,control_raising,existential_there_subject_raising,True,False,False,False,301,-69.02598571777344,-65.97493743896484,0
There fail to be fewer than three sisters of Brett standing up.,There intended to be fewer than three sisters of Brett standing up.,syntax_semantics,control_raising,existential_there_subject_raising,True,False,False,False,302,-75.7496337890625,-76.05976867675781,1
There are looking to be many men appearing to go to the public parks.,There are hoping to be many men appearing to go to the public parks.,syntax_semantics,control_raising,existential_there_subject_raising,True,False,False,False,303,-75.3697738647461,-75.504638671875,1
There couldn't happen to be few shirts fraying.,There couldn't want to be few shirts fraying.,syntax_semantics,control_raising,existential_there_subject_raising,True,False,False,False,304,-64.35400390625,-61.12874984741211,0
There isn't about to be a dancer lifting the bird.,There isn't eager to be a dancer lifting the bird.,syntax_semantics,control_raising,existential_there_subject_raising,True,False,False,False,305,-57.441322326660156,-60.337039947509766,1
There appeared to be few grandsons of Timothy persuading Nancy's colleague to leave.,There longed to be few grandsons of Timothy persuading Nancy's colleague to leave.,syntax_semantics,control_raising,existential_there_subject_raising,True,False,False,False,306,-120.6401596069336,-129.00009155273438,1
There threatens to be a book about Monet distracting Christine.,There hopes to be a book about Monet distracting Christine.,syntax_semantics,control_raising,existential_there_subject_raising,True,False,False,False,307,-76.57504272460938,-76.79458618164062,1
There were apt to be no mountains alarming Galileo.,There were anxious to be no mountains alarming Galileo.,syntax_semantics,control_raising,existential_there_subject_raising,True,False,False,False,308,-64.02249908447266,-63.37236785888672,0
There has turned out to be ice cream impressing Suzanne.,There has bothered to be ice cream impressing Suzanne.,syntax_semantics,control_raising,existential_there_subject_raising,True,False,False,False,309,-67.39401245117188,-66.7522201538086,0
There isn't about to be a pedestrian learning.,There isn't able to be a pedestrian learning.,syntax_semantics,control_raising,existential_there_subject_raising,True,False,False,False,310,-49.60932922363281,-47.35601043701172,0
There appeared to be a granddaughter of Wendy planning to resemble this sketch.,There bothered to be a granddaughter of Wendy planning to resemble this sketch.,syntax_semantics,control_raising,existential_there_subject_raising,True,False,False,False,311,-79.48538970947266,-82.560302734375,1
There happens to be a sketch of that teacher disappearing.,There needs to be a sketch of that teacher disappearing.,syntax_semantics,control_raising,existential_there_subject_raising,True,False,False,False,312,-55.966064453125,-56.95899200439453,1
There was turning out to be a picture of the plane vanishing.,There was wanting to be a picture of the plane vanishing.,syntax_semantics,control_raising,existential_there_subject_raising,True,False,False,False,313,-58.068626403808594,-53.393829345703125,0
There isn't seeming to be a lady finding the Clintons to conspire.,There isn't neglecting to be a lady finding the Clintons to conspire.,syntax_semantics,control_raising,existential_there_subject_raising,True,False,False,False,314,-90.97651672363281,-97.58296203613281,1
There were likely to be no pictures looking like every print.,There were unhappy to be no pictures looking like every print.,syntax_semantics,control_raising,existential_there_subject_raising,True,False,False,False,315,-63.25110626220703,-66.38729858398438,1
There wasn't likely to be a mother of this dancer wanting these actresses to surrender.,There wasn't happy to be a mother of this dancer wanting these actresses to surrender.,syntax_semantics,control_raising,existential_there_subject_raising,True,False,False,False,316,-91.49617767333984,-94.25448608398438,1
There weren't soon to be many newspaper articles annoying the Clintons.,There weren't willing to be many newspaper articles annoying the Clintons.,syntax_semantics,control_raising,existential_there_subject_raising,True,False,False,False,317,-90.90225982666016,-90.49935913085938,0
There are certain to be a lot of men washing.,There are eager to be a lot of men washing.,syntax_semantics,control_raising,existential_there_subject_raising,True,False,False,False,318,-46.41962432861328,-46.59821319580078,1
There turned out to be a movie about politics stunning Candice.,There needed to be a movie about politics stunning Candice.,syntax_semantics,control_raising,existential_there_subject_raising,True,False,False,False,319,-83.81097412109375,-78.86272430419922,0
There seemed to be a cafe disappearing.,There plans to be a cafe disappearing.,syntax_semantics,control_raising,existential_there_subject_raising,True,False,False,False,320,-40.36236572265625,-44.78192138671875,1
There weren't proving to be few guests disgusting many men.,There weren't planning to be few guests disgusting many men.,syntax_semantics,control_raising,existential_there_subject_raising,True,False,False,False,321,-81.52012634277344,-75.0836410522461,0
There threatened to be a dress soaking.,There bothered to be a dress soaking.,syntax_semantics,control_raising,existential_there_subject_raising,True,False,False,False,322,-45.253536224365234,-45.585662841796875,1
There isn't unlikely to be a grandfather of Russell breaking this cup.,There isn't ready to be a grandfather of Russell breaking this cup.,syntax_semantics,control_raising,existential_there_subject_raising,True,False,False,False,323,-80.17352294921875,-74.27481079101562,0
There is certain to be a painting vanishing.,There is anxious to be a painting vanishing.,syntax_semantics,control_raising,existential_there_subject_raising,True,False,False,False,324,-47.93769836425781,-47.131126403808594,0
There are likely to be no birds waking up.,There are anxious to be no birds waking up.,syntax_semantics,control_raising,existential_there_subject_raising,True,False,False,False,325,-45.86915588378906,-47.40776062011719,1
There are apt to be no carriages upsetting Monet.,There are overjoyed to be no carriages upsetting Monet.,syntax_semantics,control_raising,existential_there_subject_raising,True,False,False,False,326,-69.31993103027344,-84.4227523803711,1
There appeared to be a lot of friends of Tracy listening to Kristen.,There continue to be a lot of friends of Tracy listening to Kristen.,syntax_semantics,control_raising,existential_there_subject_raising,True,False,False,False,327,-75.0462417602539,-75.73693084716797,1
There were bound to be some newspaper articles disagreeing with the dancer.,There were unhappy to be some newspaper articles disagreeing with the dancer.,syntax_semantics,control_raising,existential_there_subject_raising,True,False,False,False,328,-79.16978454589844,-81.01185607910156,1
There isn't certain to be a university arguing.,There isn't reluctant to be a university arguing.,syntax_semantics,control_raising,existential_there_subject_raising,True,False,False,False,329,-50.204368591308594,-53.19437026977539,1
There hadn't happened to be a report distracting Kevin.,There hadn't needed to be a report distracting Kevin.,syntax_semantics,control_raising,existential_there_subject_raising,True,False,False,False,330,-61.5229606628418,-64.90322875976562,1
There wasn't bound to be a shawl annoying Craig.,There wasn't ready to be a shawl annoying Craig.,syntax_semantics,control_raising,existential_there_subject_raising,True,False,False,False,331,-69.15301513671875,-64.75906372070312,0
There is certain to be a library expecting Steve to hide this sweater.,There is overjoyed to be a library expecting Steve to hide this sweater.,syntax_semantics,control_raising,existential_there_subject_raising,True,False,False,False,332,-84.5409927368164,-96.77656555175781,1
There aren't likely to be fewer than three college campuses shocking Travis.,There aren't willing to be fewer than three college campuses shocking Travis.,syntax_semantics,control_raising,existential_there_subject_raising,True,False,False,False,333,-91.25845336914062,-93.03176879882812,1
There had appeared to be a painting hurting Andrew.,There had attempted to be a painting hurting Andrew.,syntax_semantics,control_raising,existential_there_subject_raising,True,False,False,False,334,-57.5890998840332,-56.52141571044922,0
There aren't sure to be few plates impressing these drivers.,There aren't pleased to be few plates impressing these drivers.,syntax_semantics,control_raising,existential_there_subject_raising,True,False,False,False,335,-76.18424987792969,-79.44326782226562,1
There aren't sure to be a lot of teenagers healing some men.,There aren't pleased to be a lot of teenagers healing some men.,syntax_semantics,control_raising,existential_there_subject_raising,True,False,False,False,336,-70.22079467773438,-73.6103286743164,1
There was apt to be a scarf annoying Meredith.,There was unwilling to be a scarf annoying Meredith.,syntax_semantics,control_raising,existential_there_subject_raising,True,False,False,False,337,-57.43172073364258,-57.819305419921875,1
There isn't sure to be a child entreating theses to explain everything.,There isn't happy to be a child entreating theses to explain everything.,syntax_semantics,control_raising,existential_there_subject_raising,True,False,False,False,338,-84.27410888671875,-85.42709350585938,1
There were bound to be some waiters hurting Jennifer.,There were pleased to be some waiters hurting Jennifer.,syntax_semantics,control_raising,existential_there_subject_raising,True,False,False,False,339,-68.86430358886719,-68.45402526855469,0
There are sure to be no photographs of the screen hurting Michelle.,There are unable to be no photographs of the screen hurting Michelle.,syntax_semantics,control_raising,existential_there_subject_raising,True,False,False,False,340,-71.40878295898438,-70.56153106689453,0
There hasn't turned out to be a river scaring Douglas.,There hasn't failed to be a river scaring Douglas.,syntax_semantics,control_raising,existential_there_subject_raising,True,False,False,False,341,-67.21115112304688,-64.25648498535156,0
There was bound to be a report about Spain appearing.,There was happy to be a report about Spain appearing.,syntax_semantics,control_raising,existential_there_subject_raising,True,False,False,False,342,-57.49756622314453,-56.81313705444336,0
There weren't certain to be fewer than three pictures of those dishes astounding Suzanne.,There weren't excited to be fewer than three pictures of those dishes astounding Suzanne.,syntax_semantics,control_raising,existential_there_subject_raising,True,False,False,False,343,-95.90203094482422,-97.73345184326172,1
There is about to be a grandmother of Christina ordering Valerie to wear a dress.,There is unable to be a grandmother of Christina ordering Valerie to wear a dress.,syntax_semantics,control_raising,existential_there_subject_raising,True,False,False,False,344,-94.29879760742188,-95.39450073242188,1
There isn't apt to be a dish embarrassing some libraries.,There isn't anxious to be a dish embarrassing some libraries.,syntax_semantics,control_raising,existential_there_subject_raising,True,False,False,False,345,-69.00590515136719,-68.83195495605469,0
There were turning out to be few glasses chipping.,There were continuing to be few glasses chipping.,syntax_semantics,control_raising,existential_there_subject_raising,True,False,False,False,346,-63.35216522216797,-59.25031280517578,0
There proved to be more than three drivers needing to clash.,There hope to be more than three drivers needing to clash.,syntax_semantics,control_raising,existential_there_subject_raising,True,False,False,False,347,-66.25044250488281,-66.65864562988281,1
There have threatened to be a lot of nephews of Brenda smiling.,There have liked to be a lot of nephews of Brenda smiling.,syntax_semantics,control_raising,existential_there_subject_raising,True,False,False,False,348,-71.58399200439453,-68.94890594482422,0
There would happen to be some unicycles embarrassing Roger.,There would wish to be some unicycles embarrassing Roger.,syntax_semantics,control_raising,existential_there_subject_raising,True,False,False,False,349,-75.42301940917969,-77.46953582763672,1
There are apt to be more than three dishes vanishing.,There are anxious to be more than three dishes vanishing.,syntax_semantics,control_raising,existential_there_subject_raising,True,False,False,False,350,-53.58683395385742,-53.9486083984375,1
There prove to be grandsons of Irene vanishing.,There propose to be grandsons of Irene vanishing.,syntax_semantics,control_raising,existential_there_subject_raising,True,False,False,False,351,-73.65396118164062,-74.14016723632812,1
There turn out to be many movies confusing Todd.,There long to be many movies confusing Todd.,syntax_semantics,control_raising,existential_there_subject_raising,True,False,False,False,352,-61.68902587890625,-56.675994873046875,0
There is apt to be a painting of all planes disturbing this person.,There is eager to be a painting of all planes disturbing this person.,syntax_semantics,control_raising,existential_there_subject_raising,True,False,False,False,353,-73.64108276367188,-75.38334655761719,1
There were bound to be no dishes disgusting Rebecca.,There were happy to be no dishes disgusting Rebecca.,syntax_semantics,control_raising,existential_there_subject_raising,True,False,False,False,354,-61.8006477355957,-61.1774787902832,0
There wasn't about to be a plane appearing.,There wasn't anxious to be a plane appearing.,syntax_semantics,control_raising,existential_there_subject_raising,True,False,False,False,355,-49.123634338378906,-50.94883346557617,1
There had proven to be no prints of Michelle boring Donna.,There had liked to be no prints of Michelle boring Donna.,syntax_semantics,control_raising,existential_there_subject_raising,True,False,False,False,356,-76.51387023925781,-75.48018646240234,0
There isn't bound to be a drawing impressing Jeffrey.,There isn't reluctant to be a drawing impressing Jeffrey.,syntax_semantics,control_raising,existential_there_subject_raising,True,False,False,False,357,-67.02371978759766,-68.78182983398438,1
There aren't apt to be rugs wasting away.,There aren't willing to be rugs wasting away.,syntax_semantics,control_raising,existential_there_subject_raising,True,False,False,False,358,-62.28570556640625,-59.26219940185547,0
There can't turn out to be a casserole burning.,There can't like to be a casserole burning.,syntax_semantics,control_raising,existential_there_subject_raising,True,False,False,False,359,-64.58674621582031,-58.03435134887695,0
There was unlikely to be a pedestrian existing.,There was willing to be a pedestrian existing.,syntax_semantics,control_raising,existential_there_subject_raising,True,False,False,False,360,-49.12034225463867,-45.010990142822266,0
There happened to be pork burning.,There yearns to be pork burning.,syntax_semantics,control_raising,existential_there_subject_raising,True,False,False,False,361,-36.33217239379883,-55.34468078613281,1
There couldn't appear to be few shawls warping.,There couldn't continue to be few shawls warping.,syntax_semantics,control_raising,existential_there_subject_raising,True,False,False,False,362,-78.41148376464844,-79.4646224975586,1
There would look to be fewer than three photographs of Jacqueline disturbing Michelle.,There would propose to be fewer than three photographs of Jacqueline disturbing Michelle.,syntax_semantics,control_raising,existential_there_subject_raising,True,False,False,False,363,-91.41212463378906,-91.44502258300781,1
There wasn't sure to be a company surrendering.,There wasn't overjoyed to be a company surrendering.,syntax_semantics,control_raising,existential_there_subject_raising,True,False,False,False,364,-55.770755767822266,-73.09149932861328,1
There proves to be a popsicle scaring Frank.,There continued to be a popsicle scaring Frank.,syntax_semantics,control_raising,existential_there_subject_raising,True,False,False,False,365,-65.30048370361328,-63.527164459228516,0
There happens to be a child requiring Florence to reveal some public park.,There hopes to be a child requiring Florence to reveal some public park.,syntax_semantics,control_raising,existential_there_subject_raising,True,False,False,False,366,-83.03175354003906,-88.12738037109375,1
There were bound to be many windows upsetting Roger.,There were excited to be many windows upsetting Roger.,syntax_semantics,control_raising,existential_there_subject_raising,True,False,False,False,367,-59.76348114013672,-60.25333786010742,1
There happen to be no children failing to look like a drawing.,There bothered to be no children failing to look like a drawing.,syntax_semantics,control_raising,existential_there_subject_raising,True,False,False,False,368,-65.24835968017578,-69.28120422363281,1
There hadn't threatened to be a library impressing Deborah.,There hadn't planned to be a library impressing Deborah.,syntax_semantics,control_raising,existential_there_subject_raising,True,False,False,False,369,-71.91790771484375,-70.95504760742188,0
There were bound to be many malls impressing all senators.,There were anxious to be many malls impressing all senators.,syntax_semantics,control_raising,existential_there_subject_raising,True,False,False,False,370,-76.59542846679688,-75.07047271728516,0
There will happen to be a candle darkening.,There will wish to be a candle darkening.,syntax_semantics,control_raising,existential_there_subject_raising,True,False,False,False,371,-48.388160705566406,-49.73236846923828,1
There hadn't seemed to be a lot of shows about travel disagreeing with David.,There hadn't attempted to be a lot of shows about travel disagreeing with David.,syntax_semantics,control_raising,existential_there_subject_raising,True,False,False,False,372,-88.87041473388672,-91.73178100585938,1
There is likely to be a drawing of Robert disgusting the Borgias.,There is ready to be a drawing of Robert disgusting the Borgias.,syntax_semantics,control_raising,existential_there_subject_raising,True,False,False,False,373,-85.56637573242188,-84.19194030761719,0
There has appeared to be a guy turning out to drop by closets.,There has tried to be a guy turning out to drop by closets.,syntax_semantics,control_raising,existential_there_subject_raising,True,False,False,False,374,-79.42141723632812,-77.04183197021484,0
There was sure to be a grandson of Victoria realizing who obligate some friend of Samuel to stretch.,There was pleased to be a grandson of Victoria realizing who obligate some friend of Samuel to stretch.,syntax_semantics,control_raising,existential_there_subject_raising,True,False,False,False,375,-129.9842529296875,-129.93722534179688,0
There isn't apt to be a college campus bothering Kirsten.,There isn't unhappy to be a college campus bothering Kirsten.,syntax_semantics,control_raising,existential_there_subject_raising,True,False,False,False,376,-73.48257446289062,-75.1398696899414,1
There wasn't unlikely to be bread alarming Kathleen.,There wasn't anxious to be bread alarming Kathleen.,syntax_semantics,control_raising,existential_there_subject_raising,True,False,False,False,377,-67.7037353515625,-65.53543853759766,0
There didn't fail to be a gate worrying Bethany.,There didn't yearn to be a gate worrying Bethany.,syntax_semantics,control_raising,existential_there_subject_raising,True,False,False,False,378,-72.31675720214844,-90.8554458618164,1
There proved to be a book disagreeing.,There neglects to be a book disagreeing.,syntax_semantics,control_raising,existential_there_subject_raising,True,False,False,False,379,-44.07260513305664,-52.41886901855469,1
There weren't unlikely to be fewer than three socks wasting away.,There weren't reluctant to be fewer than three socks wasting away.,syntax_semantics,control_raising,existential_there_subject_raising,True,False,False,False,380,-77.58694458007812,-78.25395965576172,1
There seems to be a book appearing.,There bothers to be a book appearing.,syntax_semantics,control_raising,existential_there_subject_raising,True,False,False,False,381,-37.84154510498047,-43.276573181152344,1
There isn't appearing to be a driver enticing Keith's grandmother to describe Steven.,There isn't neglecting to be a driver enticing Keith's grandmother to describe Steven.,syntax_semantics,control_raising,existential_there_subject_raising,True,False,False,False,382,-99.88365173339844,-102.07087707519531,1
There looked to be a closet wasting away.,There fails to be a closet wasting away.,syntax_semantics,control_raising,existential_there_subject_raising,True,False,False,False,383,-51.03958511352539,-51.366493225097656,1
There aren't certain to be more than three mountains scaring this driver.,There aren't ready to be more than three mountains scaring this driver.,syntax_semantics,control_raising,existential_there_subject_raising,True,False,False,False,384,-78.21129608154297,-75.88279724121094,0
There turns out to be a play about music boring those pedestrians.,There bothers to be a play about music boring those pedestrians.,syntax_semantics,control_raising,existential_there_subject_raising,True,False,False,False,385,-84.94316101074219,-82.36595153808594,0
There prove to be some shirts drying.,There failed to be some shirts drying.,syntax_semantics,control_raising,existential_there_subject_raising,True,False,False,False,386,-47.896541595458984,-47.43882369995117,0
There will happen to be some sisters of Grace meeting.,There will continue to be some sisters of Grace meeting.,syntax_semantics,control_raising,existential_there_subject_raising,True,False,False,False,387,-60.2967643737793,-62.5112190246582,1
There was about to be a carriage distracting the man.,There was ready to be a carriage distracting the man.,syntax_semantics,control_raising,existential_there_subject_raising,True,False,False,False,388,-52.28791427612305,-49.89653778076172,0
There weren't seeming to be many couches impressing Katherine.,There weren't wanting to be many couches impressing Katherine.,syntax_semantics,control_raising,existential_there_subject_raising,True,False,False,False,389,-85.17804718017578,-83.06999206542969,0
There threatened to be a door boring some waiter.,There planned to be a door boring some waiter.,syntax_semantics,control_raising,existential_there_subject_raising,True,False,False,False,390,-61.417274475097656,-60.74102783203125,0
There turned out to be plays about literature disagreeing with Paul.,There wish to be plays about literature disagreeing with Paul.,syntax_semantics,control_raising,existential_there_subject_raising,True,False,False,False,391,-80.5715103149414,-74.13970947265625,0
There appeared to be a lamp darkening.,There yearned to be a lamp darkening.,syntax_semantics,control_raising,existential_there_subject_raising,True,False,False,False,392,-48.011558532714844,-62.073707580566406,1
There had turned out to be some students communicating.,There had continued to be some students communicating.,syntax_semantics,control_raising,existential_there_subject_raising,True,False,False,False,393,-54.72574234008789,-52.25820541381836,0
There was unlikely to be a dish tipping over.,There was unwilling to be a dish tipping over.,syntax_semantics,control_raising,existential_there_subject_raising,True,False,False,False,394,-49.15631103515625,-46.57939147949219,0
There isn't soon to be a convertible turning.,There isn't able to be a convertible turning.,syntax_semantics,control_raising,existential_there_subject_raising,True,False,False,False,395,-51.99601745605469,-49.050086975097656,0
There would fail to be a story upsetting Kirsten.,There would plan to be a story upsetting Kirsten.,syntax_semantics,control_raising,existential_there_subject_raising,True,False,False,False,396,-56.33405303955078,-57.71852111816406,1
There aren't soon to be a lot of paintings of many closets distracting Winston Churchill.,There aren't ready to be a lot of paintings of many closets distracting Winston Churchill.,syntax_semantics,control_raising,existential_there_subject_raising,True,False,False,False,397,-104.1405029296875,-101.48568725585938,0
There can happen to be a mouth falling.,There can propose to be a mouth falling.,syntax_semantics,control_raising,existential_there_subject_raising,True,False,False,False,398,-40.40337371826172,-44.322174072265625,1
There have failed to be many skirts astounding the pedestrians.,There have planned to be many skirts astounding the pedestrians.,syntax_semantics,control_raising,existential_there_subject_raising,True,False,False,False,399,-74.82814025878906,-75.05345916748047,1
There prove to be a lot of pictures looking like those photographs.,There needed to be a lot of pictures looking like those photographs.,syntax_semantics,control_raising,existential_there_subject_raising,True,False,False,False,400,-60.49961853027344,-61.02152633666992,1
There are soon to be fewer than three paintings of socks embarrassing Timothy.,There are unable to be fewer than three paintings of socks embarrassing Timothy.,syntax_semantics,control_raising,existential_there_subject_raising,True,False,False,False,401,-85.79338836669922,-83.13385772705078,0
There failed to be few icicles confusing Allison.,There hope to be few icicles confusing Allison.,syntax_semantics,control_raising,existential_there_subject_raising,True,False,False,False,402,-70.28028869628906,-70.32156372070312,1
There was bound to be steak distracting Rachel.,There was overjoyed to be steak distracting Rachel.,syntax_semantics,control_raising,existential_there_subject_raising,True,False,False,False,403,-56.624122619628906,-68.1720962524414,1
There isn't likely to be a mushroom disgusting Veronica.,There isn't eager to be a mushroom disgusting Veronica.,syntax_semantics,control_raising,existential_there_subject_raising,True,False,False,False,404,-58.807273864746094,-63.195648193359375,1
There were apt to be fewer than three carriages upsetting Claire.,There were overjoyed to be fewer than three carriages upsetting Claire.,syntax_semantics,control_raising,existential_there_subject_raising,True,False,False,False,405,-75.7911148071289,-88.56208801269531,1
There have appeared to be some cars turning.,There have tried to be some cars turning.,syntax_semantics,control_raising,existential_there_subject_raising,True,False,False,False,406,-47.329551696777344,-44.70549011230469,0
There are proving to be socks bothering Deanna.,There are trying to be socks bothering Deanna.,syntax_semantics,control_raising,existential_there_subject_raising,True,False,False,False,407,-72.30081176757812,-62.778751373291016,0
There proves to be a nose looking like pictures.,There needs to be a nose looking like pictures.,syntax_semantics,control_raising,existential_there_subject_raising,True,False,False,False,408,-53.84461212158203,-49.54737091064453,0
There is about to be an essay about literature alarming Peter.,There is willing to be an essay about literature alarming Peter.,syntax_semantics,control_raising,existential_there_subject_raising,True,False,False,False,409,-71.47740173339844,-71.11256408691406,0
There are looking to be more than three lakes upsetting Christopher.,There are attempting to be more than three lakes upsetting Christopher.,syntax_semantics,control_raising,existential_there_subject_raising,True,False,False,False,410,-66.10139465332031,-65.36454772949219,0
There isn't soon to be a cashier donating.,There isn't willing to be a cashier donating.,syntax_semantics,control_raising,existential_there_subject_raising,True,False,False,False,411,-60.76372528076172,-60.47306823730469,0
There can happen to be few reports vanishing.,There can try to be few reports vanishing.,syntax_semantics,control_raising,existential_there_subject_raising,True,False,False,False,412,-52.244361877441406,-52.2801628112793,1
There are sure to be more than three vases slipping.,There are anxious to be more than three vases slipping.,syntax_semantics,control_raising,existential_there_subject_raising,True,False,False,False,413,-60.626075744628906,-60.93275451660156,1
There are unlikely to be high schools disturbing Randolf.,There are willing to be high schools disturbing Randolf.,syntax_semantics,control_raising,existential_there_subject_raising,True,False,False,False,414,-72.89142608642578,-68.86536407470703,0
There aren't certain to be many glaciers evaporating.,There aren't unwilling to be many glaciers evaporating.,syntax_semantics,control_raising,existential_there_subject_raising,True,False,False,False,415,-63.08024978637695,-63.034420013427734,0
There does appear to be a grocery store wasting away.,There does try to be a grocery store wasting away.,syntax_semantics,control_raising,existential_there_subject_raising,True,False,False,False,416,-59.97901916503906,-56.76767349243164,0
There didn't seem to be a tomato embarrassing the Borgias.,There didn't continue to be a tomato embarrassing the Borgias.,syntax_semantics,control_raising,existential_there_subject_raising,True,False,False,False,417,-66.20443725585938,-70.31998443603516,1
There proves to be a drawing scaring Gary.,There attempted to be a drawing scaring Gary.,syntax_semantics,control_raising,existential_there_subject_raising,True,False,False,False,418,-58.39769744873047,-57.38880157470703,0
There isn't about to be a couch boring David.,There isn't willing to be a couch boring David.,syntax_semantics,control_raising,existential_there_subject_raising,True,False,False,False,419,-58.43515396118164,-58.980003356933594,1
There were unlikely to be fewer than three windows hurting the teenager.,There were eager to be fewer than three windows hurting the teenager.,syntax_semantics,control_raising,existential_there_subject_raising,True,False,False,False,420,-73.71778106689453,-72.54034423828125,0
There proved to be a painting wasting away.,There wants to be a painting wasting away.,syntax_semantics,control_raising,existential_there_subject_raising,True,False,False,False,421,-50.06361770629883,-48.50685501098633,0
There is likely to be an association remembering what can't upset Chad.,There is unable to be an association remembering what can't upset Chad.,syntax_semantics,control_raising,existential_there_subject_raising,True,False,False,False,422,-75.65237426757812,-77.45005798339844,1
There wasn't soon to be a tomato boring Carla.,There wasn't unhappy to be a tomato boring Carla.,syntax_semantics,control_raising,existential_there_subject_raising,True,False,False,False,423,-64.44468688964844,-67.05622100830078,1
There is soon to be a cart existing.,There is unhappy to be a cart existing.,syntax_semantics,control_raising,existential_there_subject_raising,True,False,False,False,424,-48.36842346191406,-48.395668029785156,1
There aren't likely to be a lot of shows about the Balkans disagreeing with Craig.,There aren't overjoyed to be a lot of shows about the Balkans disagreeing with Craig.,syntax_semantics,control_raising,existential_there_subject_raising,True,False,False,False,425,-93.46974182128906,-110.81217956542969,1
There do happen to be many icicles disturbing Caroline.,There do continue to be many icicles disturbing Caroline.,syntax_semantics,control_raising,existential_there_subject_raising,True,False,False,False,426,-68.93680572509766,-71.59371185302734,1
There were likely to be some organizations convincing a grandson of Rhonda to smile.,There were eager to be some organizations convincing a grandson of Rhonda to smile.,syntax_semantics,control_raising,existential_there_subject_raising,True,False,False,False,427,-98.05168151855469,-101.03482818603516,1
There was about to be a mirror cracking.,There was pleased to be a mirror cracking.,syntax_semantics,control_raising,existential_there_subject_raising,True,False,False,False,428,-41.96963882446289,-42.595855712890625,1
There had seemed to be vases falling apart.,There had planned to be vases falling apart.,syntax_semantics,control_raising,existential_there_subject_raising,True,False,False,False,429,-53.85942840576172,-54.65504455566406,1
There appears to be a bike steering.,There proposed to be a bike steering.,syntax_semantics,control_raising,existential_there_subject_raising,True,False,False,False,430,-42.79848098754883,-45.16166687011719,1
There are likely to be fewer than three boys littering.,There are ready to be fewer than three boys littering.,syntax_semantics,control_raising,existential_there_subject_raising,True,False,False,False,431,-60.07413864135742,-58.52496337890625,0
There aren't certain to be many malls annoying all libraries.,There aren't unwilling to be many malls annoying all libraries.,syntax_semantics,control_raising,existential_there_subject_raising,True,False,False,False,432,-79.25640106201172,-79.10459899902344,0
There isn't unlikely to be a guy needing Steve to murmur.,There isn't unable to be a guy needing Steve to murmur.,syntax_semantics,control_raising,existential_there_subject_raising,True,False,False,False,433,-82.85592651367188,-80.41716003417969,0
There were certain to be a lot of screens chipping.,There were unable to be a lot of screens chipping.,syntax_semantics,control_raising,existential_there_subject_raising,True,False,False,False,434,-59.028358459472656,-55.85977554321289,0
There was about to be a bank obliging Mitchell to speak up.,There was able to be a bank obliging Mitchell to speak up.,syntax_semantics,control_raising,existential_there_subject_raising,True,False,False,False,435,-73.55064392089844,-70.74687957763672,0
There wasn't apt to be an eggplant disgusting all teenagers.,There wasn't unwilling to be an eggplant disgusting all teenagers.,syntax_semantics,control_raising,existential_there_subject_raising,True,False,False,False,436,-84.4508285522461,-82.07213592529297,0
There was turning out to be a shawl stretching.,There was wishing to be a shawl stretching.,syntax_semantics,control_raising,existential_there_subject_raising,True,False,False,False,437,-56.128684997558594,-53.08689880371094,0
There was failing to be a photograph annoying Gerald.,There was planning to be a photograph annoying Gerald.,syntax_semantics,control_raising,existential_there_subject_raising,True,False,False,False,438,-59.13676452636719,-56.539039611816406,0
There happened to be an art gallery looking like every print.,There proposed to be an art gallery looking like every print.,syntax_semantics,control_raising,existential_there_subject_raising,True,False,False,False,439,-65.64209747314453,-71.55437469482422,1
There can fail to be fewer than three teachers escaping.,There can need to be fewer than three teachers escaping.,syntax_semantics,control_raising,existential_there_subject_raising,True,False,False,False,440,-61.26392364501953,-59.41399002075195,0
There wasn't certain to be a driver sneezing.,There wasn't unhappy to be a driver sneezing.,syntax_semantics,control_raising,existential_there_subject_raising,True,False,False,False,441,-53.390533447265625,-56.27683639526367,1
There wasn't likely to be a muffin appearing.,There wasn't reluctant to be a muffin appearing.,syntax_semantics,control_raising,existential_there_subject_raising,True,False,False,False,442,-49.96355438232422,-55.35404586791992,1
There were sure to be some mouths disturbing Carrie.,There were able to be some mouths disturbing Carrie.,syntax_semantics,control_raising,existential_there_subject_raising,True,False,False,False,443,-59.798030853271484,-55.80165481567383,0
There aren't likely to be a lot of eyes irritating Becky.,There aren't willing to be a lot of eyes irritating Becky.,syntax_semantics,control_raising,existential_there_subject_raising,True,False,False,False,444,-64.50395202636719,-66.14273834228516,1
There are soon to be fewer than three windows alarming a lot of governments.,There are able to be fewer than three windows alarming a lot of governments.,syntax_semantics,control_raising,existential_there_subject_raising,True,False,False,False,445,-82.3018798828125,-77.24565887451172,0
There hasn't looked to be a legislature hurting Heidi.,There hasn't neglected to be a legislature hurting Heidi.,syntax_semantics,control_raising,existential_there_subject_raising,True,False,False,False,446,-69.37981414794922,-71.2722396850586,1
There weren't sure to be governments neglecting to irritate Alexander.,There weren't willing to be governments neglecting to irritate Alexander.,syntax_semantics,control_raising,existential_there_subject_raising,True,False,False,False,447,-87.46489715576172,-88.30079650878906,1
There have appeared to be few governments embarrassing Angela.,There have attempted to be few governments embarrassing Angela.,syntax_semantics,control_raising,existential_there_subject_raising,True,False,False,False,448,-64.72946166992188,-64.78746795654297,1
There is failing to be a girl falling asleep.,There is wishing to be a girl falling asleep.,syntax_semantics,control_raising,existential_there_subject_raising,True,False,False,False,449,-46.606910705566406,-45.451690673828125,0
There were failing to be some books upsetting Lisa.,There were continuing to be some books upsetting Lisa.,syntax_semantics,control_raising,existential_there_subject_raising,True,False,False,False,450,-61.79692459106445,-60.4818115234375,0
There wasn't sure to be a child reading.,There wasn't unable to be a child reading.,syntax_semantics,control_raising,existential_there_subject_raising,True,False,False,False,451,-44.136016845703125,-46.37071990966797,1
There are unlikely to be fewer than three glasses warping.,There are able to be fewer than three glasses warping.,syntax_semantics,control_raising,existential_there_subject_raising,True,False,False,False,452,-71.70259857177734,-66.83715057373047,0
There isn't bound to be a cake upsetting Irene.,There isn't able to be a cake upsetting Irene.,syntax_semantics,control_raising,existential_there_subject_raising,True,False,False,False,453,-62.06523895263672,-57.65450668334961,0
There threatened to be some sons of Jane learning.,There bothered to be some sons of Jane learning.,syntax_semantics,control_raising,existential_there_subject_raising,True,False,False,False,454,-59.66560745239258,-60.63740539550781,1
There happened to be a lot of doctors revealing what bother to confuse Michael.,There attempted to be a lot of doctors revealing what bother to confuse Michael.,syntax_semantics,control_raising,existential_there_subject_raising,True,False,False,False,455,-85.99287414550781,-91.5030746459961,1
There are likely to be more than three prints stunning Tina.,There are reluctant to be more than three prints stunning Tina.,syntax_semantics,control_raising,existential_there_subject_raising,True,False,False,False,456,-66.04202270507812,-71.40408325195312,1
There prove to be fewer than three screens alarming Tara.,There tried to be fewer than three screens alarming Tara.,syntax_semantics,control_raising,existential_there_subject_raising,True,False,False,False,457,-71.84609985351562,-69.91494750976562,0
There were likely to be fewer than three dancers curing Jeffrey.,There were able to be fewer than three dancers curing Jeffrey.,syntax_semantics,control_raising,existential_there_subject_raising,True,False,False,False,458,-75.40400695800781,-72.09658813476562,0
There isn't failing to be a library boasting.,There isn't yearning to be a library boasting.,syntax_semantics,control_raising,existential_there_subject_raising,True,False,False,False,459,-52.836448669433594,-64.81830596923828,1
There are about to be no nieces of Maria hiding Bradley.,There are excited to be no nieces of Maria hiding Bradley.,syntax_semantics,control_raising,existential_there_subject_raising,True,False,False,False,460,-86.98928833007812,-88.61854553222656,1
There hasn't turned out to be an eye scaring all schools.,There hasn't tried to be an eye scaring all schools.,syntax_semantics,control_raising,existential_there_subject_raising,True,False,False,False,461,-72.87059020996094,-66.27429962158203,0
There was bound to be a river disappearing.,There was eager to be a river disappearing.,syntax_semantics,control_raising,existential_there_subject_raising,True,False,False,False,462,-42.210182189941406,-42.791343688964844,1
There hadn't threatened to be associations urging Julie's granddaughters to exercise.,There hadn't tried to be associations urging Julie's granddaughters to exercise.,syntax_semantics,control_raising,existential_there_subject_raising,True,False,False,False,463,-107.6683578491211,-103.02874755859375,0
There have seemed to be a lot of pictures confusing Kayla.,There have longed to be a lot of pictures confusing Kayla.,syntax_semantics,control_raising,existential_there_subject_raising,True,False,False,False,464,-68.0125961303711,-74.712158203125,1
There isn't sure to be steak disgusting that bank.,There isn't able to be steak disgusting that bank.,syntax_semantics,control_raising,existential_there_subject_raising,True,False,False,False,465,-62.61979675292969,-61.52128982543945,0
There weren't sure to be few women leaving some mall.,There weren't pleased to be few women leaving some mall.,syntax_semantics,control_raising,existential_there_subject_raising,True,False,False,False,466,-70.23851013183594,-73.40654754638672,1
There turn out to be fewer than three museums confusing Becca.,There intend to be fewer than three museums confusing Becca.,syntax_semantics,control_raising,existential_there_subject_raising,True,False,False,False,467,-80.23664855957031,-74.00628662109375,0
There are certain to be few turtles leaving.,There are anxious to be few turtles leaving.,syntax_semantics,control_raising,existential_there_subject_raising,True,False,False,False,468,-51.746097564697266,-50.510719299316406,0
There was certain to be a closet shutting.,There was unable to be a closet shutting.,syntax_semantics,control_raising,existential_there_subject_raising,True,False,False,False,469,-47.170921325683594,-44.36784744262695,0
There are sure to be no libraries entreating Rose to train.,There are reluctant to be no libraries entreating Rose to train.,syntax_semantics,control_raising,existential_there_subject_raising,True,False,False,False,470,-79.02063751220703,-82.16943359375,1
There looked to be an essay about the Great Lakes stunning Dawn.,There manages to be an essay about the Great Lakes stunning Dawn.,syntax_semantics,control_raising,existential_there_subject_raising,True,False,False,False,471,-76.60480499267578,-76.73387145996094,1
There was certain to be a niece of Alicia explaining a lot of actors investigate who should implore Tanya to hate Steven.,There was willing to be a niece of Alicia explaining a lot of actors investigate who should implore Tanya to hate Steven.,syntax_semantics,control_raising,existential_there_subject_raising,True,False,False,False,472,-161.1317901611328,-156.9359130859375,0
There had seemed to be some customers escaping from Cindy.,There had tried to be some customers escaping from Cindy.,syntax_semantics,control_raising,existential_there_subject_raising,True,False,False,False,473,-64.79178619384766,-62.767086029052734,0
There were soon to be no students judging some cups to shatter.,There were happy to be no students judging some cups to shatter.,syntax_semantics,control_raising,existential_there_subject_raising,True,False,False,False,474,-80.82081604003906,-81.02159881591797,1
There didn't turn out to be a son of Alice referencing Sherry.,There didn't fail to be a son of Alice referencing Sherry.,syntax_semantics,control_raising,existential_there_subject_raising,True,False,False,False,475,-78.19364166259766,-74.12770080566406,0
There should fail to be a grandmother of Robert dying.,There should bother to be a grandmother of Robert dying.,syntax_semantics,control_raising,existential_there_subject_raising,True,False,False,False,476,-60.5621223449707,-62.00323486328125,1
There is about to be a vase appearing.,There is eager to be a vase appearing.,syntax_semantics,control_raising,existential_there_subject_raising,True,False,False,False,477,-49.113365173339844,-52.372840881347656,1
There can appear to be an essay alarming Vanessa.,There can like to be an essay alarming Vanessa.,syntax_semantics,control_raising,existential_there_subject_raising,True,False,False,False,478,-60.640594482421875,-58.64556121826172,0
There hasn't threatened to be a unicycle confusing Kendra.,There hasn't tried to be a unicycle confusing Kendra.,syntax_semantics,control_raising,existential_there_subject_raising,True,False,False,False,479,-83.59103393554688,-78.7724609375,0
There are apt to be no prints of some turtle hurting Craig.,There are pleased to be no prints of some turtle hurting Craig.,syntax_semantics,control_raising,existential_there_subject_raising,True,False,False,False,480,-75.42231750488281,-76.15690612792969,1
There were sure to be some college campuses impressing those children.,There were willing to be some college campuses impressing those children.,syntax_semantics,control_raising,existential_there_subject_raising,True,False,False,False,481,-80.2754898071289,-78.33519744873047,0
There do threaten to be many couches appearing.,There do attempt to be many couches appearing.,syntax_semantics,control_raising,existential_there_subject_raising,True,False,False,False,482,-64.60250091552734,-61.565834045410156,0
There isn't sure to be a brother of Elizabeth investigating who haven't profited.,There isn't ready to be a brother of Elizabeth investigating who haven't profited.,syntax_semantics,control_raising,existential_there_subject_raising,True,False,False,False,483,-91.27046966552734,-90.4749755859375,0
There should turn out to be a company astounding some pedestrians.,There should fail to be a company astounding some pedestrians.,syntax_semantics,control_raising,existential_there_subject_raising,True,False,False,False,484,-73.3297119140625,-67.12117004394531,0
There was likely to be a newspaper article about science disgusting Janet.,There was happy to be a newspaper article about science disgusting Janet.,syntax_semantics,control_raising,existential_there_subject_raising,True,False,False,False,485,-77.61109924316406,-79.2030029296875,1
There is soon to be a picture annoying Maria.,There is excited to be a picture annoying Maria.,syntax_semantics,control_raising,existential_there_subject_raising,True,False,False,False,486,-54.504600524902344,-53.35160446166992,0
There threaten to be a lot of mouths wasting away.,There liked to be a lot of mouths wasting away.,syntax_semantics,control_raising,existential_there_subject_raising,True,False,False,False,487,-58.58149719238281,-54.59880828857422,0
There isn't sure to be a sketch alarming a lot of students.,There isn't unwilling to be a sketch alarming a lot of students.,syntax_semantics,control_raising,existential_there_subject_raising,True,False,False,False,488,-68.81671142578125,-70.28858947753906,1
There isn't likely to be a car confusing Sally.,There isn't happy to be a car confusing Sally.,syntax_semantics,control_raising,existential_there_subject_raising,True,False,False,False,489,-53.46000671386719,-54.93766403198242,1
There had failed to be more than three ladders impressing Mary.,There had longed to be more than three ladders impressing Mary.,syntax_semantics,control_raising,existential_there_subject_raising,True,False,False,False,490,-72.07777404785156,-81.10737609863281,1
There is sure to be a college campus disgusting Donna.,There is unwilling to be a college campus disgusting Donna.,syntax_semantics,control_raising,existential_there_subject_raising,True,False,False,False,491,-66.29180908203125,-66.60028076171875,1
There are unlikely to be paintings of all snakes looking like the apple.,There are overjoyed to be paintings of all snakes looking like the apple.,syntax_semantics,control_raising,existential_there_subject_raising,True,False,False,False,492,-76.90550231933594,-89.60279083251953,1
There appeared to be a grandfather of the Borgias doubting Lucille can't sway many grandmothers of Claire to study.,There wishes to be a grandfather of the Borgias doubting Lucille can't sway many grandmothers of Claire to study.,syntax_semantics,control_raising,existential_there_subject_raising,True,False,False,False,493,-158.12863159179688,-158.8488311767578,1
There are soon to be newspaper articles about the Clintons disappearing.,There are ready to be newspaper articles about the Clintons disappearing.,syntax_semantics,control_raising,existential_there_subject_raising,True,False,False,False,494,-80.46464538574219,-75.7828369140625,0
There have threatened to be many windows falling apart.,There have attempted to be many windows falling apart.,syntax_semantics,control_raising,existential_there_subject_raising,True,False,False,False,495,-53.92789077758789,-51.69920349121094,0
There were unlikely to be no senators falling.,There were eager to be no senators falling.,syntax_semantics,control_raising,existential_there_subject_raising,True,False,False,False,496,-52.26073455810547,-51.17778778076172,0
There should threaten to be more than three newspaper articles falling.,There should neglect to be more than three newspaper articles falling.,syntax_semantics,control_raising,existential_there_subject_raising,True,False,False,False,497,-72.01579284667969,-72.96369171142578,1
There should look to be a college campus existing.,There should hope to be a college campus existing.,syntax_semantics,control_raising,existential_there_subject_raising,True,False,False,False,498,-58.357025146484375,-57.962562561035156,0
There happened to be some doctors flirting.,There wished to be some doctors flirting.,syntax_semantics,control_raising,existential_there_subject_raising,True,False,False,False,499,-44.46507263183594,-48.93235778808594,1
There seemed to be some schools spurring Beverly to confuse Robert.,There liked to be some schools spurring Beverly to confuse Robert.,syntax_semantics,control_raising,existential_there_subject_raising,True,False,False,False,500,-86.33244323730469,-89.31256103515625,1
There seem to be boxes closing.,There failed to be boxes closing.,syntax_semantics,control_raising,existential_there_subject_raising,True,False,False,False,501,-38.520809173583984,-41.2638053894043,1
There isn't soon to be a face boring some actresses.,There isn't happy to be a face boring some actresses.,syntax_semantics,control_raising,existential_there_subject_raising,True,False,False,False,502,-67.34205627441406,-67.05535888671875,0
There were certain to be a lot of schools impressing Grace.,There were eager to be a lot of schools impressing Grace.,syntax_semantics,control_raising,existential_there_subject_raising,True,False,False,False,503,-66.9920425415039,-67.42853546142578,1
There turned out to be few fish wasting away.,There hope to be few fish wasting away.,syntax_semantics,control_raising,existential_there_subject_raising,True,False,False,False,504,-60.786346435546875,-55.87015151977539,0
There were certain to be no lights astounding the woman.,There were able to be no lights astounding the woman.,syntax_semantics,control_raising,existential_there_subject_raising,True,False,False,False,505,-66.20254516601562,-60.53749084472656,0
There can seem to be few icicles disturbing this pedestrian.,There can intend to be few icicles disturbing this pedestrian.,syntax_semantics,control_raising,existential_there_subject_raising,True,False,False,False,506,-80.7973403930664,-81.64247131347656,1
There threatened to be few lights disturbing Regina.,There longed to be few lights disturbing Regina.,syntax_semantics,control_raising,existential_there_subject_raising,True,False,False,False,507,-62.98133850097656,-68.85548400878906,1
There were soon to be a lot of mothers of this man forgetting about what was brightening.,There were willing to be a lot of mothers of this man forgetting about what was brightening.,syntax_semantics,control_raising,existential_there_subject_raising,True,False,False,False,508,-91.41242218017578,-88.72225952148438,0
There is apt to be a mirror confusing Sabrina.,There is eager to be a mirror confusing Sabrina.,syntax_semantics,control_raising,existential_there_subject_raising,True,False,False,False,509,-64.6955337524414,-66.79207611083984,1
There is certain to be a documentary about travel hurting Todd.,There is unwilling to be a documentary about travel hurting Todd.,syntax_semantics,control_raising,existential_there_subject_raising,True,False,False,False,510,-73.48995971679688,-71.9166259765625,0
There should happen to be more than three grandmothers of Tiffany taking the lake.,There should fail to be more than three grandmothers of Tiffany taking the lake.,syntax_semantics,control_raising,existential_there_subject_raising,True,False,False,False,511,-83.40531921386719,-85.88259887695312,1
There can't turn out to be a daughter of Carl appearing to bring the mushroom.,There can't try to be a daughter of Carl appearing to bring the mushroom.,syntax_semantics,control_raising,existential_there_subject_raising,True,False,False,False,512,-88.03506469726562,-79.94007873535156,0
There proved to be a lady proposing to irritate Tina.,There neglected to be a lady proposing to irritate Tina.,syntax_semantics,control_raising,existential_there_subject_raising,True,False,False,False,513,-74.96802520751953,-79.23077392578125,1
There did threaten to be a teacher exiting glaciers.,There did need to be a teacher exiting glaciers.,syntax_semantics,control_raising,existential_there_subject_raising,True,False,False,False,514,-63.17323303222656,-58.18583679199219,0
There were soon to be more than three pictures bothering some government.,There were able to be more than three pictures bothering some government.,syntax_semantics,control_raising,existential_there_subject_raising,True,False,False,False,515,-65.52740478515625,-60.4801139831543,0
There had happened to be tomatoes baking.,There had continued to be tomatoes baking.,syntax_semantics,control_raising,existential_there_subject_raising,True,False,False,False,516,-44.00077819824219,-48.51579284667969,1
There are certain to be no hats flattening.,There are anxious to be no hats flattening.,syntax_semantics,control_raising,existential_there_subject_raising,True,False,False,False,517,-57.733699798583984,-56.32493591308594,0
There were certain to be more than three gates alarming Samuel.,There were excited to be more than three gates alarming Samuel.,syntax_semantics,control_raising,existential_there_subject_raising,True,False,False,False,518,-69.49026489257812,-69.69050598144531,1
There hadn't looked to be more than three commentaries about the Lutherans aggravating Sabrina.,There hadn't managed to be more than three commentaries about the Lutherans aggravating Sabrina.,syntax_semantics,control_raising,existential_there_subject_raising,True,False,False,False,519,-135.33612060546875,-132.990966796875,0
There shouldn't seem to be a story about literature disturbing Sabrina.,There shouldn't neglect to be a story about literature disturbing Sabrina.,syntax_semantics,control_raising,existential_there_subject_raising,True,False,False,False,520,-78.01566314697266,-86.28828430175781,1
There does turn out to be a mouth scaring the committee.,There does bother to be a mouth scaring the committee.,syntax_semantics,control_raising,existential_there_subject_raising,True,False,False,False,521,-66.34536743164062,-62.68424987792969,0
There was apt to be a sock shrinking.,There was anxious to be a sock shrinking.,syntax_semantics,control_raising,existential_there_subject_raising,True,False,False,False,522,-45.839134216308594,-44.90058898925781,0
There hasn't proven to be a boy vanishing.,There hasn't managed to be a boy vanishing.,syntax_semantics,control_raising,existential_there_subject_raising,True,False,False,False,523,-54.356285095214844,-50.859195709228516,0
There hasn't happened to be a face looking like most prints.,There hasn't needed to be a face looking like most prints.,syntax_semantics,control_raising,existential_there_subject_raising,True,False,False,False,524,-65.33612823486328,-68.56172180175781,1
There was apt to be a story disagreeing.,There was unable to be a story disagreeing.,syntax_semantics,control_raising,existential_there_subject_raising,True,False,False,False,525,-43.68088150024414,-42.16801452636719,0
There is unlikely to be a girl wanting Steve to cheer.,There is overjoyed to be a girl wanting Steve to cheer.,syntax_semantics,control_raising,existential_there_subject_raising,True,False,False,False,526,-70.07144165039062,-81.4649658203125,1
There seemed to be fewer than three books embarrassing Martha.,There need to be fewer than three books embarrassing Martha.,syntax_semantics,control_raising,existential_there_subject_raising,True,False,False,False,527,-63.09260177612305,-63.025238037109375,0
There isn't certain to be a teenager examining an essay.,There isn't unable to be a teenager examining an essay.,syntax_semantics,control_raising,existential_there_subject_raising,True,False,False,False,528,-63.384056091308594,-64.0708236694336,1
There happened to be many cucumbers scaring a lot of teenagers.,There planned to be many cucumbers scaring a lot of teenagers.,syntax_semantics,control_raising,existential_there_subject_raising,True,False,False,False,529,-71.41268920898438,-77.36784362792969,1
There didn't fail to be a slope impressing Gary.,There didn't plan to be a slope impressing Gary.,syntax_semantics,control_raising,existential_there_subject_raising,True,False,False,False,530,-66.03468322753906,-66.84910583496094,1
There appeared to be a lot of candles darkening.,There continue to be a lot of candles darkening.,syntax_semantics,control_raising,existential_there_subject_raising,True,False,False,False,531,-53.794219970703125,-54.75373840332031,1
There hasn't proven to be a school astounding Jesus.,There hasn't yearned to be a school astounding Jesus.,syntax_semantics,control_raising,existential_there_subject_raising,True,False,False,False,532,-64.99348449707031,-77.760986328125,1
There isn't sure to be a girl finding out what should shrink.,There isn't unable to be a girl finding out what should shrink.,syntax_semantics,control_raising,existential_there_subject_raising,True,False,False,False,533,-68.16928100585938,-71.0162353515625,1
There proved to be a blouse shocking Donna.,There longs to be a blouse shocking Donna.,syntax_semantics,control_raising,existential_there_subject_raising,True,False,False,False,534,-60.23417282104492,-70.53430938720703,1
There should happen to be some public parks shocking Cheryl.,There should hope to be some public parks shocking Cheryl.,syntax_semantics,control_raising,existential_there_subject_raising,True,False,False,False,535,-70.33029174804688,-73.49642944335938,1
There is likely to be a cousin of Natalie spurring Sarah to drink.,There is anxious to be a cousin of Natalie spurring Sarah to drink.,syntax_semantics,control_raising,existential_there_subject_raising,True,False,False,False,536,-84.94770812988281,-86.71223449707031,1
There have seemed to be few skateboards aggravating Martin.,There have wished to be few skateboards aggravating Martin.,syntax_semantics,control_raising,existential_there_subject_raising,True,False,False,False,537,-79.72169494628906,-80.38874816894531,1
There was about to be a story annoying Catherine.,There was able to be a story annoying Catherine.,syntax_semantics,control_raising,existential_there_subject_raising,True,False,False,False,538,-50.020877838134766,-46.49714660644531,0
There wasn't soon to be a library disappearing.,There wasn't pleased to be a library disappearing.,syntax_semantics,control_raising,existential_there_subject_raising,True,False,False,False,539,-50.34111785888672,-51.35116195678711,1
There was certain to be a commentary aggravating Marla.,There was excited to be a commentary aggravating Marla.,syntax_semantics,control_raising,existential_there_subject_raising,True,False,False,False,540,-68.3333740234375,-68.13652038574219,0
There was sure to be a mirror tipping over.,There was unable to be a mirror tipping over.,syntax_semantics,control_raising,existential_there_subject_raising,True,False,False,False,541,-48.07248306274414,-47.44597244262695,0
There can seem to be no bananas boring Debra.,There can yearn to be no bananas boring Debra.,syntax_semantics,control_raising,existential_there_subject_raising,True,False,False,False,542,-66.28752136230469,-86.17896270751953,1
There was bound to be a dog existing.,There was able to be a dog existing.,syntax_semantics,control_raising,existential_there_subject_raising,True,False,False,False,543,-42.960899353027344,-38.18470764160156,0
There has seemed to be a waitress discovering Carrie to criticize the teenager.,There has attempted to be a waitress discovering Carrie to criticize the teenager.,syntax_semantics,control_raising,existential_there_subject_raising,True,False,False,False,544,-88.08367156982422,-87.63862609863281,0
There weren't failing to be many slopes upsetting Suzanne.,There weren't trying to be many slopes upsetting Suzanne.,syntax_semantics,control_raising,existential_there_subject_raising,True,False,False,False,545,-74.78469848632812,-69.2898941040039,0
There happened to be a cup embarrassing most children.,There proposes to be a cup embarrassing most children.,syntax_semantics,control_raising,existential_there_subject_raising,True,False,False,False,546,-52.15168762207031,-60.00382995605469,1
There wasn't bound to be a hamster existing.,There wasn't happy to be a hamster existing.,syntax_semantics,control_raising,existential_there_subject_raising,True,False,False,False,547,-57.521018981933594,-56.173484802246094,0
There has looked to be a customer enticing Amy to sound like all reports.,There has want to be a customer enticing Amy to sound like all reports.,syntax_semantics,control_raising,existential_there_subject_raising,True,False,False,False,548,-92.9384994506836,-89.42003631591797,0
There are soon to be a lot of steps scaring the men.,There are overjoyed to be a lot of steps scaring the men.,syntax_semantics,control_raising,existential_there_subject_raising,True,False,False,False,549,-62.57716369628906,-75.02325439453125,1
There are certain to be a lot of drawings irritating Diana.,There are able to be a lot of drawings irritating Diana.,syntax_semantics,control_raising,existential_there_subject_raising,True,False,False,False,550,-62.573944091796875,-57.49742889404297,0
There were apt to be fewer than three rivers alarming Donna.,There were eager to be fewer than three rivers alarming Donna.,syntax_semantics,control_raising,existential_there_subject_raising,True,False,False,False,551,-72.53831481933594,-73.97769165039062,1
There isn't seeming to be a photograph astounding Clyde.,There isn't continuing to be a photograph astounding Clyde.,syntax_semantics,control_raising,existential_there_subject_raising,True,False,False,False,552,-65.65457153320312,-66.24041748046875,1
There can look to be a blouse hurting Bill.,There can yearn to be a blouse hurting Bill.,syntax_semantics,control_raising,existential_there_subject_raising,True,False,False,False,553,-58.2320671081543,-75.59344482421875,1
There wasn't apt to be a glass tipping over.,There wasn't able to be a glass tipping over.,syntax_semantics,control_raising,existential_there_subject_raising,True,False,False,False,554,-55.108943939208984,-49.775245666503906,0
There have failed to be some eyes boring many pedestrians.,There have want to be some eyes boring many pedestrians.,syntax_semantics,control_raising,existential_there_subject_raising,True,False,False,False,555,-68.78323364257812,-67.43849182128906,0
There would look to be planes crashing.,There would plan to be planes crashing.,syntax_semantics,control_raising,existential_there_subject_raising,True,False,False,False,556,-45.80475616455078,-47.31977081298828,1
There is threatening to be a cart dropping.,There is liking to be a cart dropping.,syntax_semantics,control_raising,existential_there_subject_raising,True,False,False,False,557,-47.37099838256836,-48.50629425048828,1
There turns out to be a skateboard aggravating Jacqueline.,There likes to be a skateboard aggravating Jacqueline.,syntax_semantics,control_raising,existential_there_subject_raising,True,False,False,False,558,-71.54757690429688,-67.881103515625,0
There wasn't certain to be a cafe embarrassing Anne.,There wasn't eager to be a cafe embarrassing Anne.,syntax_semantics,control_raising,existential_there_subject_raising,True,False,False,False,559,-62.296627044677734,-64.89065551757812,1
There weren't about to be many mirrors alarming teenagers.,There weren't anxious to be many mirrors alarming teenagers.,syntax_semantics,control_raising,existential_there_subject_raising,True,False,False,False,560,-69.99528503417969,-71.93637084960938,1
There are appearing to be no forks hurting Ella.,There are longing to be no forks hurting Ella.,syntax_semantics,control_raising,existential_there_subject_raising,True,False,False,False,561,-64.71084594726562,-62.580902099609375,0
There proves to be hair existing.,There bothers to be hair existing.,syntax_semantics,control_raising,existential_there_subject_raising,True,False,False,False,562,-44.7575798034668,-45.19301986694336,1
There turns out to be a hill disgusting Jodi.,There wishes to be a hill disgusting Jodi.,syntax_semantics,control_raising,existential_there_subject_raising,True,False,False,False,563,-65.1418685913086,-60.9678955078125,0
There was about to be a screen fading.,There was happy to be a screen fading.,syntax_semantics,control_raising,existential_there_subject_raising,True,False,False,False,564,-45.517601013183594,-46.142120361328125,1
There hadn't failed to be few photographs of Caroline confusing Rachel.,There hadn't neglected to be few photographs of Caroline confusing Rachel.,syntax_semantics,control_raising,existential_there_subject_raising,True,False,False,False,565,-84.89746856689453,-87.63613891601562,1
There were seeming to be a lot of vases scaring Steven.,There were managing to be a lot of vases scaring Steven.,syntax_semantics,control_raising,existential_there_subject_raising,True,False,False,False,566,-74.048095703125,-75.37773132324219,1
There is unlikely to be a glove worrying Patricia.,There is willing to be a glove worrying Patricia.,syntax_semantics,control_raising,existential_there_subject_raising,True,False,False,False,567,-60.66953659057617,-57.41548156738281,0
There was unlikely to be a book about the Balkans impressing Spain.,There was ready to be a book about the Balkans impressing Spain.,syntax_semantics,control_raising,existential_there_subject_raising,True,False,False,False,568,-74.50052642822266,-69.21136474609375,0
There weren't bound to be few grandfathers of those guys smiling.,There weren't able to be few grandfathers of those guys smiling.,syntax_semantics,control_raising,existential_there_subject_raising,True,False,False,False,569,-81.59413146972656,-77.03600311279297,0
There are about to be a lot of scarves loosening.,There are overjoyed to be a lot of scarves loosening.,syntax_semantics,control_raising,existential_there_subject_raising,True,False,False,False,570,-61.428993225097656,-76.7415542602539,1
There are sure to be some rabbits astounding a lot of waiters.,There are reluctant to be some rabbits astounding a lot of waiters.,syntax_semantics,control_raising,existential_there_subject_raising,True,False,False,False,571,-78.5721435546875,-82.17623138427734,1
There can't appear to be a fish distracting that association.,There can't yearn to be a fish distracting that association.,syntax_semantics,control_raising,existential_there_subject_raising,True,False,False,False,572,-68.89679718017578,-85.7501220703125,1
There isn't unlikely to be a boy swallowing.,There isn't overjoyed to be a boy swallowing.,syntax_semantics,control_raising,existential_there_subject_raising,True,False,False,False,573,-54.39087677001953,-66.1202392578125,1
There appears to be a bank imploring Natalie to stand up.,There manages to be a bank imploring Natalie to stand up.,syntax_semantics,control_raising,existential_there_subject_raising,True,False,False,False,574,-73.1287841796875,-74.41140747070312,1
There is happening to be pasta alarming Tammy.,There is liking to be pasta alarming Tammy.,syntax_semantics,control_raising,existential_there_subject_raising,True,False,False,False,575,-58.200439453125,-62.201210021972656,1
There wasn't likely to be a movie theater irritating that waiter.,There wasn't anxious to be a movie theater irritating that waiter.,syntax_semantics,control_raising,existential_there_subject_raising,True,False,False,False,576,-76.33299255371094,-80.12055969238281,1
There haven't turned out to be fewer than three forks disturbing this company.,There haven't yearned to be fewer than three forks disturbing this company.,syntax_semantics,control_raising,existential_there_subject_raising,True,False,False,False,577,-82.13563537597656,-92.96209716796875,1
There aren't sure to be many scarves crumpling.,There aren't unwilling to be many scarves crumpling.,syntax_semantics,control_raising,existential_there_subject_raising,True,False,False,False,578,-77.29393005371094,-78.46732330322266,1
There might happen to be some sons of Christopher talking.,There might propose to be some sons of Christopher talking.,syntax_semantics,control_raising,existential_there_subject_raising,True,False,False,False,579,-60.22541809082031,-62.93341827392578,1
There isn't bound to be a teenager exploring a lake.,There isn't ready to be a teenager exploring a lake.,syntax_semantics,control_raising,existential_there_subject_raising,True,False,False,False,580,-63.61132049560547,-59.631591796875,0
There happened to be no grocery stores impressing Tara.,There try to be no grocery stores impressing Tara.,syntax_semantics,control_raising,existential_there_subject_raising,True,False,False,False,581,-68.28518676757812,-72.70440673828125,1
There isn't seeming to be a print of most women disturbing Curtis.,There isn't yearning to be a print of most women disturbing Curtis.,syntax_semantics,control_raising,existential_there_subject_raising,True,False,False,False,582,-81.98509216308594,-94.80259704589844,1
There are about to be some malls alarming Regina.,There are reluctant to be some malls alarming Regina.,syntax_semantics,control_raising,existential_there_subject_raising,True,False,False,False,583,-66.56122589111328,-69.96492004394531,1
There threaten to be more than three slopes appearing.,There attempt to be more than three slopes appearing.,syntax_semantics,control_raising,existential_there_subject_raising,True,False,False,False,584,-57.27887725830078,-52.852779388427734,0
There turned out to be fewer than three dresses distracting some school.,There neglected to be fewer than three dresses distracting some school.,syntax_semantics,control_raising,existential_there_subject_raising,True,False,False,False,585,-76.22244262695312,-76.87112426757812,1
There aren't soon to be few slopes looking like the painting.,There aren't unhappy to be few slopes looking like the painting.,syntax_semantics,control_raising,existential_there_subject_raising,True,False,False,False,586,-72.53550720214844,-75.54434967041016,1
There was likely to be a book about politics aggravating Kevin.,There was eager to be a book about politics aggravating Kevin.,syntax_semantics,control_raising,existential_there_subject_raising,True,False,False,False,587,-70.26248168945312,-73.28289031982422,1
There wasn't turning out to be a report about Jesus irritating Samantha.,There wasn't bothering to be a report about Jesus irritating Samantha.,syntax_semantics,control_raising,existential_there_subject_raising,True,False,False,False,588,-81.06956481933594,-78.3499984741211,0
There weren't apt to be horses looking like every print.,There weren't pleased to be horses looking like every print.,syntax_semantics,control_raising,existential_there_subject_raising,True,False,False,False,589,-70.89580535888672,-69.86524963378906,0
There aren't happening to be few lights impressing a lot of governments.,There aren't managing to be few lights impressing a lot of governments.,syntax_semantics,control_raising,existential_there_subject_raising,True,False,False,False,590,-81.60482788085938,-84.45952606201172,1
There appeared to be an icicle annoying Deborah.,There hoped to be an icicle annoying Deborah.,syntax_semantics,control_raising,existential_there_subject_raising,True,False,False,False,591,-60.85906219482422,-62.82340621948242,1
There aren't likely to be few eggplants disappearing.,There aren't ready to be few eggplants disappearing.,syntax_semantics,control_raising,existential_there_subject_raising,True,False,False,False,592,-77.75251770019531,-77.09310150146484,0
There isn't happening to be a gate upsetting Dana.,There isn't neglecting to be a gate upsetting Dana.,syntax_semantics,control_raising,existential_there_subject_raising,True,False,False,False,593,-60.32825469970703,-68.99696350097656,1
There weren't soon to be more than three nieces of April considering most cakes to bore Jessica.,There weren't anxious to be more than three nieces of April considering most cakes to bore Jessica.,syntax_semantics,control_raising,existential_there_subject_raising,True,False,False,False,594,-135.7581787109375,-136.89422607421875,1
There threatens to be a rug annoying the actresses.,There liked to be a rug annoying the actresses.,syntax_semantics,control_raising,existential_there_subject_raising,True,False,False,False,595,-62.6386604309082,-59.1693115234375,0
There turns out to be a unicycle moving.,There bothered to be a unicycle moving.,syntax_semantics,control_raising,existential_there_subject_raising,True,False,False,False,596,-56.96607971191406,-53.75248718261719,0
There should appear to be more than three newspaper articles about Galileo existing.,There should need to be more than three newspaper articles about Galileo existing.,syntax_semantics,control_raising,existential_there_subject_raising,True,False,False,False,597,-85.50065612792969,-83.75953674316406,0
There didn't turn out to be more than three guys happening to break all couches.,There didn't propose to be more than three guys happening to break all couches.,syntax_semantics,control_raising,existential_there_subject_raising,True,False,False,False,598,-92.84382629394531,-89.94990539550781,0
There were threatening to be more than three muffins scaring Stacy.,There were neglecting to be more than three muffins scaring Stacy.,syntax_semantics,control_raising,existential_there_subject_raising,True,False,False,False,599,-75.57489013671875,-77.93843841552734,1
There are certain to be some waiters retaliating.,There are reluctant to be some waiters retaliating.,syntax_semantics,control_raising,existential_there_subject_raising,True,False,False,False,600,-63.058135986328125,-64.92742156982422,1
There threatens to be a hat upsetting Galileo.,There tried to be a hat upsetting Galileo.,syntax_semantics,control_raising,existential_there_subject_raising,True,False,False,False,601,-57.07284164428711,-53.421295166015625,0
There isn't seeming to be an actor liking to donate.,There isn't yearning to be an actor liking to donate.,syntax_semantics,control_raising,existential_there_subject_raising,True,False,False,False,602,-67.6954574584961,-80.23257446289062,1
There are happening to be some doors worrying Victoria.,There are yearning to be some doors worrying Victoria.,syntax_semantics,control_raising,existential_there_subject_raising,True,False,False,False,603,-58.28131866455078,-75.58357238769531,1
There is sure to be a story about the Impressionists disagreeing.,There is pleased to be a story about the Impressionists disagreeing.,syntax_semantics,control_raising,existential_there_subject_raising,True,False,False,False,604,-76.1315689086914,-77.45462799072266,1
There is about to be a school talking to Robert.,There is willing to be a school talking to Robert.,syntax_semantics,control_raising,existential_there_subject_raising,True,False,False,False,605,-50.597373962402344,-51.42072296142578,1
There weren't certain to be gates looking like the sketch.,There weren't willing to be gates looking like the sketch.,syntax_semantics,control_raising,existential_there_subject_raising,True,False,False,False,606,-66.24716186523438,-65.52655029296875,0
There proved to be pasta burning.,There plans to be pasta burning.,syntax_semantics,control_raising,existential_there_subject_raising,True,False,False,False,607,-40.72310256958008,-41.86485290527344,1
There wouldn't turn out to be many books about travel upsetting Catherine.,There wouldn't like to be many books about travel upsetting Catherine.,syntax_semantics,control_raising,existential_there_subject_raising,True,False,False,False,608,-80.20979309082031,-72.70220947265625,0
There might seem to be a patient buying some rug.,There might wish to be a patient buying some rug.,syntax_semantics,control_raising,existential_there_subject_raising,True,False,False,False,609,-57.728553771972656,-59.17631530761719,1
There are likely to be a lot of gates hurting Wayne.,There are eager to be a lot of gates hurting Wayne.,syntax_semantics,control_raising,existential_there_subject_raising,True,False,False,False,610,-58.489479064941406,-62.38148880004883,1
There were unlikely to be a lot of cars shocking the Lutherans.,There were pleased to be a lot of cars shocking the Lutherans.,syntax_semantics,control_raising,existential_there_subject_raising,True,False,False,False,611,-81.50698852539062,-79.25025939941406,0
There are sure to be a lot of pictures upsetting a teenager.,There are eager to be a lot of pictures upsetting a teenager.,syntax_semantics,control_raising,existential_there_subject_raising,True,False,False,False,612,-59.930850982666016,-61.923439025878906,1
There proved to be few paintings of Angela confusing Kenneth.,There longed to be few paintings of Angela confusing Kenneth.,syntax_semantics,control_raising,existential_there_subject_raising,True,False,False,False,613,-74.55491638183594,-82.7226791381836,1
There can threaten to be some waiters reuniting.,There can hope to be some waiters reuniting.,syntax_semantics,control_raising,existential_there_subject_raising,True,False,False,False,614,-72.29192352294922,-69.15336608886719,0
There is soon to be a dish worrying all ladies.,There is willing to be a dish worrying all ladies.,syntax_semantics,control_raising,existential_there_subject_raising,True,False,False,False,615,-62.60434341430664,-58.95758819580078,0
There was proving to be a print of some cafe falling.,There was yearning to be a print of some cafe falling.,syntax_semantics,control_raising,existential_there_subject_raising,True,False,False,False,616,-67.95514678955078,-78.71902465820312,1
There is bound to be a blouse folding.,There is happy to be a blouse folding.,syntax_semantics,control_raising,existential_there_subject_raising,True,False,False,False,617,-52.51934814453125,-51.46797180175781,0
There aren't seeming to be eyes upsetting Jill.,There aren't hoping to be eyes upsetting Jill.,syntax_semantics,control_raising,existential_there_subject_raising,True,False,False,False,618,-64.37633514404297,-64.73809814453125,1
There are sure to be no prints of Samuel irritating many associations.,There are anxious to be no prints of Samuel irritating many associations.,syntax_semantics,control_raising,existential_there_subject_raising,True,False,False,False,619,-80.97673034667969,-80.44904327392578,0
There were soon to be a lot of grandfathers of Deanna thinking about who suffer.,There were excited to be a lot of grandfathers of Deanna thinking about who suffer.,syntax_semantics,control_raising,existential_there_subject_raising,True,False,False,False,620,-104.44637298583984,-105.09024810791016,1
There can't happen to be a picture alarming Tara.,There can't fail to be a picture alarming Tara.,syntax_semantics,control_raising,existential_there_subject_raising,True,False,False,False,621,-56.72024154663086,-59.46715545654297,1
There aren't about to be a lot of mushrooms disgusting Matt.,There aren't reluctant to be a lot of mushrooms disgusting Matt.,syntax_semantics,control_raising,existential_there_subject_raising,True,False,False,False,622,-67.9523696899414,-72.509033203125,1
There were apt to be no prints of Andrew irritating the museum.,There were unwilling to be no prints of Andrew irritating the museum.,syntax_semantics,control_raising,existential_there_subject_raising,True,False,False,False,623,-76.78569030761719,-77.12234497070312,1
There appeared to be a guest crying.,There manages to be a guest crying.,syntax_semantics,control_raising,existential_there_subject_raising,True,False,False,False,624,-38.84989929199219,-40.31086730957031,1
There weren't unlikely to be more than three associations predicting Jason to bring every window.,There weren't excited to be more than three associations predicting Jason to bring every window.,syntax_semantics,control_raising,existential_there_subject_raising,True,False,False,False,625,-106.1087417602539,-105.13316345214844,0
There looked to be a photograph vanishing.,There proposed to be a photograph vanishing.,syntax_semantics,control_raising,existential_there_subject_raising,True,False,False,False,626,-44.180946350097656,-45.36861038208008,1
There looked to be few nieces of Becca appreciating Stephanie.,There intend to be few nieces of Becca appreciating Stephanie.,syntax_semantics,control_raising,existential_there_subject_raising,True,False,False,False,627,-104.72959899902344,-103.08124542236328,0
There were unlikely to be few windows disturbing Vincent.,There were willing to be few windows disturbing Vincent.,syntax_semantics,control_raising,existential_there_subject_raising,True,False,False,False,628,-65.989013671875,-61.77711868286133,0
There are likely to be no vases cracking.,There are willing to be no vases cracking.,syntax_semantics,control_raising,existential_there_subject_raising,True,False,False,False,629,-51.778160095214844,-52.180511474609375,1
There don't threaten to be a lot of books about art embarrassing Keith.,There don't fail to be a lot of books about art embarrassing Keith.,syntax_semantics,control_raising,existential_there_subject_raising,True,False,False,False,630,-76.75298309326172,-73.38746643066406,0
There are likely to be few actors watching Cindy.,There are pleased to be few actors watching Cindy.,syntax_semantics,control_raising,existential_there_subject_raising,True,False,False,False,631,-57.5872688293457,-60.632694244384766,1
There is apt to be a committee attempting to meet.,There is anxious to be a committee attempting to meet.,syntax_semantics,control_raising,existential_there_subject_raising,True,False,False,False,632,-51.587860107421875,-52.27368927001953,1
There wasn't soon to be a gate shutting.,There wasn't unable to be a gate shutting.,syntax_semantics,control_raising,existential_there_subject_raising,True,False,False,False,633,-52.44908905029297,-52.52767562866211,1
There is sure to be a chair wasting away.,There is reluctant to be a chair wasting away.,syntax_semantics,control_raising,existential_there_subject_raising,True,False,False,False,634,-50.90270233154297,-53.81189727783203,1
There were certain to be no movies about the Borgias embarrassing Heidi.,There were able to be no movies about the Borgias embarrassing Heidi.,syntax_semantics,control_raising,existential_there_subject_raising,True,False,False,False,635,-88.04180145263672,-82.86954498291016,0
There threaten to be a lot of movies irritating Tiffany.,There wanted to be a lot of movies irritating Tiffany.,syntax_semantics,control_raising,existential_there_subject_raising,True,False,False,False,636,-65.78115844726562,-58.92723083496094,0
There was certain to be a car accelerating.,There was able to be a car accelerating.,syntax_semantics,control_raising,existential_there_subject_raising,True,False,False,False,637,-43.16395568847656,-37.68376922607422,0
There wasn't likely to be a show about literature hurting Bethany.,There wasn't excited to be a show about literature hurting Bethany.,syntax_semantics,control_raising,existential_there_subject_raising,True,False,False,False,638,-84.37821197509766,-89.3388442993164,1
There were looking to be sweaters soaking.,There were longing to be sweaters soaking.,syntax_semantics,control_raising,existential_there_subject_raising,True,False,False,False,639,-52.458274841308594,-52.76742172241211,1
There are apt to be fewer than three men aggravating Leslie.,There are willing to be fewer than three men aggravating Leslie.,syntax_semantics,control_raising,existential_there_subject_raising,True,False,False,False,640,-67.39724731445312,-65.46178436279297,0
There wasn't certain to be a slope stunning Derek.,There wasn't willing to be a slope stunning Derek.,syntax_semantics,control_raising,existential_there_subject_raising,True,False,False,False,641,-65.59361267089844,-64.07954406738281,0
There hasn't failed to be broccoli boring Derek.,There hasn't yearned to be broccoli boring Derek.,syntax_semantics,control_raising,existential_there_subject_raising,True,False,False,False,642,-65.9061050415039,-79.9524917602539,1
There seemed to be a projector wasting away.,There intended to be a projector wasting away.,syntax_semantics,control_raising,existential_there_subject_raising,True,False,False,False,643,-50.686222076416016,-54.36847686767578,1
There wouldn't prove to be a lot of museums thinking about who did commission those schools to succeed.,There wouldn't need to be a lot of museums thinking about who did commission those schools to succeed.,syntax_semantics,control_raising,existential_there_subject_raising,True,False,False,False,644,-110.56135559082031,-105.99563598632812,0
There failed to be essays aggravating Mary.,There neglect to be essays aggravating Mary.,syntax_semantics,control_raising,existential_there_subject_raising,True,False,False,False,645,-58.194400787353516,-62.24605178833008,1
There isn't soon to be a truck disappearing.,There isn't ready to be a truck disappearing.,syntax_semantics,control_raising,existential_there_subject_raising,True,False,False,False,646,-47.45707702636719,-44.897491455078125,0
There happen to be more than three fathers of Christine spinning around.,There bothered to be more than three fathers of Christine spinning around.,syntax_semantics,control_raising,existential_there_subject_raising,True,False,False,False,647,-71.0946044921875,-74.80854797363281,1
There was likely to be a lake embarrassing some pedestrian.,There was overjoyed to be a lake embarrassing some pedestrian.,syntax_semantics,control_raising,existential_there_subject_raising,True,False,False,False,648,-61.595420837402344,-76.03126525878906,1
There have happened to be some sons of Travis discussing Jessica.,There have yearned to be some sons of Travis discussing Jessica.,syntax_semantics,control_raising,existential_there_subject_raising,True,False,False,False,649,-69.89207458496094,-89.55144500732422,1
There is likely to be a movie about Harvard University hurting many drivers.,There is eager to be a movie about Harvard University hurting many drivers.,syntax_semantics,control_raising,existential_there_subject_raising,True,False,False,False,650,-79.6330795288086,-83.22835540771484,1
There should seem to be bikes slowing.,There should hope to be bikes slowing.,syntax_semantics,control_raising,existential_there_subject_raising,True,False,False,False,651,-49.05167770385742,-52.26199722290039,1
There was bound to be a restaurant confusing Monet.,There was unwilling to be a restaurant confusing Monet.,syntax_semantics,control_raising,existential_there_subject_raising,True,False,False,False,652,-61.13923645019531,-59.976524353027344,0
There happened to be screens shocking Elaine.,There try to be screens shocking Elaine.,syntax_semantics,control_raising,existential_there_subject_raising,True,False,False,False,653,-52.30136489868164,-55.130306243896484,1
There were likely to be no senators exploring that hill.,There were excited to be no senators exploring that hill.,syntax_semantics,control_raising,existential_there_subject_raising,True,False,False,False,654,-63.969451904296875,-66.12870788574219,1
There is sure to be a shoe scaring the Impressionists.,There is excited to be a shoe scaring the Impressionists.,syntax_semantics,control_raising,existential_there_subject_raising,True,False,False,False,655,-77.49824523925781,-78.76222229003906,1
There isn't certain to be a cucumber hurting the Lutherans.,There isn't willing to be a cucumber hurting the Lutherans.,syntax_semantics,control_raising,existential_there_subject_raising,True,False,False,False,656,-81.408935546875,-80.18486022949219,0
There weren't likely to be a lot of essays embarrassing Karla.,There weren't able to be a lot of essays embarrassing Karla.,syntax_semantics,control_raising,existential_there_subject_raising,True,False,False,False,657,-74.06983947753906,-73.30670166015625,0
There was certain to be steak baking.,There was unhappy to be steak baking.,syntax_semantics,control_raising,existential_there_subject_raising,True,False,False,False,658,-46.587928771972656,-47.31365966796875,1
There can look to be many doors looking like some photograph.,There can wish to be many doors looking like some photograph.,syntax_semantics,control_raising,existential_there_subject_raising,True,False,False,False,659,-62.99687194824219,-62.39509963989258,0
There is soon to be an eggplant upsetting Monica.,There is happy to be an eggplant upsetting Monica.,syntax_semantics,control_raising,existential_there_subject_raising,True,False,False,False,660,-70.20210266113281,-67.791259765625,0
There wasn't unlikely to be a report upsetting Brad.,There wasn't reluctant to be a report upsetting Brad.,syntax_semantics,control_raising,existential_there_subject_raising,True,False,False,False,661,-68.5859375,-68.8048095703125,1
There aren't about to be a lot of jackets fraying.,There aren't unable to be a lot of jackets fraying.,syntax_semantics,control_raising,existential_there_subject_raising,True,False,False,False,662,-66.0326156616211,-68.19668579101562,1
There isn't likely to be a grandfather of Brad fleeing from Clyde.,There isn't anxious to be a grandfather of Brad fleeing from Clyde.,syntax_semantics,control_raising,existential_there_subject_raising,True,False,False,False,663,-77.05418395996094,-80.96028137207031,1
There aren't bound to be fewer than three sons of Ellen appearing.,There aren't willing to be fewer than three sons of Ellen appearing.,syntax_semantics,control_raising,existential_there_subject_raising,True,False,False,False,664,-78.37290954589844,-75.61377716064453,0
There have proven to be cups existing.,There have needed to be cups existing.,syntax_semantics,control_raising,existential_there_subject_raising,True,False,False,False,665,-47.6212272644043,-47.01709747314453,0
There were about to be few screens vanishing.,There were unwilling to be few screens vanishing.,syntax_semantics,control_raising,existential_there_subject_raising,True,False,False,False,666,-56.085960388183594,-55.62085723876953,0
There happened to be a hill worrying Regina.,There longs to be a hill worrying Regina.,syntax_semantics,control_raising,existential_there_subject_raising,True,False,False,False,667,-52.61894989013672,-66.43528747558594,1
There doesn't prove to be a cup tipping over.,There doesn't like to be a cup tipping over.,syntax_semantics,control_raising,existential_there_subject_raising,True,False,False,False,668,-51.254676818847656,-46.084068298339844,0
There was bound to be a ladder astounding most students.,There was unhappy to be a ladder astounding most students.,syntax_semantics,control_raising,existential_there_subject_raising,True,False,False,False,669,-64.21174621582031,-65.36112976074219,1
There were certain to be some lakes vanishing.,There were willing to be some lakes vanishing.,syntax_semantics,control_raising,existential_there_subject_raising,True,False,False,False,670,-52.341644287109375,-48.832550048828125,0
There were sure to be more than three cucumbers bothering Gary.,There were excited to be more than three cucumbers bothering Gary.,syntax_semantics,control_raising,existential_there_subject_raising,True,False,False,False,671,-72.3902816772461,-74.0698471069336,1
There was certain to be a light disgusting Larry.,There was ready to be a light disgusting Larry.,syntax_semantics,control_raising,existential_there_subject_raising,True,False,False,False,672,-54.61981964111328,-50.25515365600586,0
There turn out to be no reports about the Lutherans impressing Deanna.,There like to be no reports about the Lutherans impressing Deanna.,syntax_semantics,control_raising,existential_there_subject_raising,True,False,False,False,673,-109.56181335449219,-100.59326171875,0
There proved to be a photograph of many waitresses disgusting Steve.,There bothered to be a photograph of many waitresses disgusting Steve.,syntax_semantics,control_raising,existential_there_subject_raising,True,False,False,False,674,-85.102294921875,-86.99473571777344,1
There is sure to be a sketch distracting Monica.,There is reluctant to be a sketch distracting Monica.,syntax_semantics,control_raising,existential_there_subject_raising,True,False,False,False,675,-58.14929962158203,-61.549278259277344,1
There appeared to be a commentary stunning Debra.,There liked to be a commentary stunning Debra.,syntax_semantics,control_raising,existential_there_subject_raising,True,False,False,False,676,-63.54466247558594,-63.650978088378906,1
There are looking to be unicycles scaring Mark.,There are continuing to be unicycles scaring Mark.,syntax_semantics,control_raising,existential_there_subject_raising,True,False,False,False,677,-72.20214080810547,-73.55421447753906,1
There are apt to be a lot of fathers of Michael discovering what shrink.,There are unable to be a lot of fathers of Michael discovering what shrink.,syntax_semantics,control_raising,existential_there_subject_raising,True,False,False,False,678,-82.48137664794922,-81.90425872802734,0
There weren't apt to be fewer than three customers touring every school.,There weren't eager to be fewer than three customers touring every school.,syntax_semantics,control_raising,existential_there_subject_raising,True,False,False,False,679,-83.08911895751953,-83.28203582763672,1
There was happening to be a movie bothering Jane.,There was longing to be a movie bothering Jane.,syntax_semantics,control_raising,existential_there_subject_raising,True,False,False,False,680,-52.92639923095703,-56.26905822753906,1
There is likely to be a father of James standing up.,There is reluctant to be a father of James standing up.,syntax_semantics,control_raising,existential_there_subject_raising,True,False,False,False,681,-56.28541564941406,-60.80640411376953,1
There won't threaten to be a banana disgusting Curtis.,There won't manage to be a banana disgusting Curtis.,syntax_semantics,control_raising,existential_there_subject_raising,True,False,False,False,682,-63.30999755859375,-60.0576171875,0
There have threatened to be rugs scaring Patricia.,There have planned to be rugs scaring Patricia.,syntax_semantics,control_raising,existential_there_subject_raising,True,False,False,False,683,-63.43993377685547,-61.57008361816406,0
There isn't soon to be a screen scaring Spain.,There isn't reluctant to be a screen scaring Spain.,syntax_semantics,control_raising,existential_there_subject_raising,True,False,False,False,684,-63.83650588989258,-66.99503326416016,1
There fails to be a fish breaking every computer.,There wants to be a fish breaking every computer.,syntax_semantics,control_raising,existential_there_subject_raising,True,False,False,False,685,-54.23114776611328,-51.84360885620117,0
There seem to be a lot of students obliging Kendra to reveal this bird.,There hoped to be a lot of students obliging Kendra to reveal this bird.,syntax_semantics,control_raising,existential_there_subject_raising,True,False,False,False,686,-92.40963745117188,-96.22776794433594,1
There are soon to be rabbits looking like those prints.,There are pleased to be rabbits looking like those prints.,syntax_semantics,control_raising,existential_there_subject_raising,True,False,False,False,687,-60.65949249267578,-59.202659606933594,0
There turns out to be a muffin charring.,There failed to be a muffin charring.,syntax_semantics,control_raising,existential_there_subject_raising,True,False,False,False,688,-57.94580078125,-53.21331787109375,0
There wasn't failing to be pasta baking.,There wasn't neglecting to be pasta baking.,syntax_semantics,control_raising,existential_there_subject_raising,True,False,False,False,689,-53.46600341796875,-56.99156188964844,1
There isn't failing to be a vase irritating Veronica.,There isn't longing to be a vase irritating Veronica.,syntax_semantics,control_raising,existential_there_subject_raising,True,False,False,False,690,-69.96574401855469,-69.33233642578125,0
There were likely to be no newspaper articles about science upsetting Beth.,There were unable to be no newspaper articles about science upsetting Beth.,syntax_semantics,control_raising,existential_there_subject_raising,True,False,False,False,691,-82.7071762084961,-82.79817199707031,1
There are certain to be fewer than three pedestrians praising a lot of patients.,There are ready to be fewer than three pedestrians praising a lot of patients.,syntax_semantics,control_raising,existential_there_subject_raising,True,False,False,False,692,-80.25982666015625,-75.08918762207031,0
There turned out to be many bikes shocking Alicia.,There proposed to be many bikes shocking Alicia.,syntax_semantics,control_raising,existential_there_subject_raising,True,False,False,False,693,-66.97644805908203,-64.84732055664062,0
There seemed to be a bike moving.,There wants to be a bike moving.,syntax_semantics,control_raising,existential_there_subject_raising,True,False,False,False,694,-37.94600296020508,-39.258399963378906,1
There hasn't proven to be a play about the Lutherans disturbing a woman.,There hasn't planned to be a play about the Lutherans disturbing a woman.,syntax_semantics,control_raising,existential_there_subject_raising,True,False,False,False,695,-98.62984466552734,-96.64238739013672,0
There hadn't looked to be a closet worrying Carlos.,There hadn't planned to be a closet worrying Carlos.,syntax_semantics,control_raising,existential_there_subject_raising,True,False,False,False,696,-67.27501678466797,-66.7955322265625,0
There turned out to be a river disappearing.,There hopes to be a river disappearing.,syntax_semantics,control_raising,existential_there_subject_raising,True,False,False,False,697,-44.11812973022461,-42.45608901977539,0
There happened to be a dog disturbing Paula.,There plans to be a dog disturbing Paula.,syntax_semantics,control_raising,existential_there_subject_raising,True,False,False,False,698,-47.77353286743164,-53.9122428894043,1
There wasn't unlikely to be rice embarrassing Julie.,There wasn't pleased to be rice embarrassing Julie.,syntax_semantics,control_raising,existential_there_subject_raising,True,False,False,False,699,-64.17298126220703,-62.312232971191406,0
There appeared to be a high school hurting Danielle.,There liked to be a high school hurting Danielle.,syntax_semantics,control_raising,existential_there_subject_raising,True,False,False,False,700,-52.49347686767578,-52.05799865722656,0
There isn't about to be a public park existing.,There isn't unwilling to be a public park existing.,syntax_semantics,control_raising,existential_there_subject_raising,True,False,False,False,701,-57.02293014526367,-58.04994201660156,1
There weren't unlikely to be few documentaries upsetting Kathleen.,There weren't reluctant to be few documentaries upsetting Kathleen.,syntax_semantics,control_raising,existential_there_subject_raising,True,False,False,False,702,-77.90349578857422,-78.29962921142578,1
There weren't about to be more than three fathers of Carmen conspiring.,There weren't excited to be more than three fathers of Carmen conspiring.,syntax_semantics,control_raising,existential_there_subject_raising,True,False,False,False,703,-80.27474975585938,-82.71459197998047,1
There is soon to be an adult enticing Florence to complain.,There is able to be an adult enticing Florence to complain.,syntax_semantics,control_raising,existential_there_subject_raising,True,False,False,False,704,-70.3819351196289,-65.60909271240234,0
There aren't unlikely to be few eyes alarming Kimberley.,There aren't reluctant to be few eyes alarming Kimberley.,syntax_semantics,control_raising,existential_there_subject_raising,True,False,False,False,705,-84.83296966552734,-84.96116638183594,1
There wasn't sure to be a sketch existing.,There wasn't overjoyed to be a sketch existing.,syntax_semantics,control_raising,existential_there_subject_raising,True,False,False,False,706,-49.936614990234375,-66.8625259399414,1
There wasn't about to be a cake appearing.,There wasn't anxious to be a cake appearing.,syntax_semantics,control_raising,existential_there_subject_raising,True,False,False,False,707,-49.94364929199219,-51.65325164794922,1
There threatened to be fewer than three forks cracking.,There liked to be fewer than three forks cracking.,syntax_semantics,control_raising,existential_there_subject_raising,True,False,False,False,708,-61.72869873046875,-59.383968353271484,0
There wouldn't prove to be lakes hurting that teenager.,There wouldn't yearn to be lakes hurting that teenager.,syntax_semantics,control_raising,existential_there_subject_raising,True,False,False,False,709,-67.15853881835938,-85.72602844238281,1
There were certain to be many doors alarming Tara.,There were ready to be many doors alarming Tara.,syntax_semantics,control_raising,existential_there_subject_raising,True,False,False,False,710,-63.7641716003418,-59.030067443847656,0
There aren't likely to be college campuses scaring Nicole.,There aren't eager to be college campuses scaring Nicole.,syntax_semantics,control_raising,existential_there_subject_raising,True,False,False,False,711,-76.87322998046875,-82.13697052001953,1
There are sure to be some casseroles impressing Adam.,There are happy to be some casseroles impressing Adam.,syntax_semantics,control_raising,existential_there_subject_raising,True,False,False,False,712,-79.01461791992188,-79.34043884277344,1
There was bound to be ice impressing Bill.,There was able to be ice impressing Bill.,syntax_semantics,control_raising,existential_there_subject_raising,True,False,False,False,713,-55.91718673706055,-50.960533142089844,0
There should prove to be a mother of Laura firing Sharon.,There should continue to be a mother of Laura firing Sharon.,syntax_semantics,control_raising,existential_there_subject_raising,True,False,False,False,714,-69.8831787109375,-70.44890594482422,1
There will appear to be more than three actors needing to examine a book.,There will plan to be more than three actors needing to examine a book.,syntax_semantics,control_raising,existential_there_subject_raising,True,False,False,False,715,-75.0031967163086,-76.58883666992188,1
There seemed to be a lot of pictures aggravating Barbara.,There wished to be a lot of pictures aggravating Barbara.,syntax_semantics,control_raising,existential_there_subject_raising,True,False,False,False,716,-59.522071838378906,-63.09531784057617,1
There wasn't apt to be a slope vanishing.,There wasn't reluctant to be a slope vanishing.,syntax_semantics,control_raising,existential_there_subject_raising,True,False,False,False,717,-55.38298797607422,-56.8260383605957,1
There looked to be an essay about the Borgias confusing that lady.,There intends to be an essay about the Borgias confusing that lady.,syntax_semantics,control_raising,existential_there_subject_raising,True,False,False,False,718,-83.83802032470703,-84.58865356445312,1
There wasn't soon to be a grandmother of some teachers speaking up.,There wasn't reluctant to be a grandmother of some teachers speaking up.,syntax_semantics,control_raising,existential_there_subject_raising,True,False,False,False,719,-75.2021484375,-78.50081634521484,1
There could threaten to be a skateboard slipping.,There could manage to be a skateboard slipping.,syntax_semantics,control_raising,existential_there_subject_raising,True,False,False,False,720,-51.729610443115234,-47.66195297241211,0
There are about to be few documentaries embarrassing Richard.,There are unable to be few documentaries embarrassing Richard.,syntax_semantics,control_raising,existential_there_subject_raising,True,False,False,False,721,-64.18905639648438,-63.91616439819336,0
There aren't certain to be few skirts drying.,There aren't reluctant to be few skirts drying.,syntax_semantics,control_raising,existential_there_subject_raising,True,False,False,False,722,-61.558326721191406,-64.83845520019531,1
There had threatened to be many documentaries about art alarming an organization.,There had want to be many documentaries about art alarming an organization.,syntax_semantics,control_raising,existential_there_subject_raising,True,False,False,False,723,-83.15303039550781,-80.2397689819336,0
There isn't sure to be a carriage slowing.,There isn't overjoyed to be a carriage slowing.,syntax_semantics,control_raising,existential_there_subject_raising,True,False,False,False,724,-50.66632080078125,-67.44316864013672,1
There haven't happened to be more than three ladies boasting.,There haven't want to be more than three ladies boasting.,syntax_semantics,control_raising,existential_there_subject_raising,True,False,False,False,725,-58.28912353515625,-53.655765533447266,0
There wasn't unlikely to be a skirt stunning Melanie.,There wasn't anxious to be a skirt stunning Melanie.,syntax_semantics,control_raising,existential_there_subject_raising,True,False,False,False,726,-68.09425354003906,-66.08592987060547,0
There isn't appearing to be a chair shattering.,There isn't wishing to be a chair shattering.,syntax_semantics,control_raising,existential_there_subject_raising,True,False,False,False,727,-55.27799987792969,-52.42768859863281,0
There were threatening to be fewer than three drivers appearing.,There were liking to be fewer than three drivers appearing.,syntax_semantics,control_raising,existential_there_subject_raising,True,False,False,False,728,-61.68999481201172,-61.689212799072266,0
There isn't likely to be a nephew of Bill pressuring Scott to exist.,There isn't excited to be a nephew of Bill pressuring Scott to exist.,syntax_semantics,control_raising,existential_there_subject_raising,True,False,False,False,729,-83.11602783203125,-86.75270080566406,1
There were apt to be few turtles looking like some drawing.,There were reluctant to be few turtles looking like some drawing.,syntax_semantics,control_raising,existential_there_subject_raising,True,False,False,False,730,-67.39480590820312,-70.66449737548828,1
There aren't likely to be public parks bothering every guest.,There aren't anxious to be public parks bothering every guest.,syntax_semantics,control_raising,existential_there_subject_raising,True,False,False,False,731,-72.21218872070312,-75.89492797851562,1
There has happened to be a plane rusting.,There has continued to be a plane rusting.,syntax_semantics,control_raising,existential_there_subject_raising,True,False,False,False,732,-45.745262145996094,-50.81048583984375,1
There was bound to be a company arguing.,There was pleased to be a company arguing.,syntax_semantics,control_raising,existential_there_subject_raising,True,False,False,False,733,-44.409942626953125,-42.841758728027344,0
There aren't unlikely to be many friends of Curtis talking to Linda.,There aren't unwilling to be many friends of Curtis talking to Linda.,syntax_semantics,control_raising,existential_there_subject_raising,True,False,False,False,734,-84.30772399902344,-80.96951293945312,0
There weren't sure to be a lot of drawings of Helen appearing.,There weren't anxious to be a lot of drawings of Helen appearing.,syntax_semantics,control_raising,existential_there_subject_raising,True,False,False,False,735,-70.11988830566406,-72.98062896728516,1
There weren't certain to be a lot of doors alarming Teresa.,There weren't excited to be a lot of doors alarming Teresa.,syntax_semantics,control_raising,existential_there_subject_raising,True,False,False,False,736,-70.10173034667969,-71.39694213867188,1
There hadn't appeared to be a picture irritating Angela.,There hadn't intended to be a picture irritating Angela.,syntax_semantics,control_raising,existential_there_subject_raising,True,False,False,False,737,-63.422340393066406,-62.69194793701172,0
There was certain to be a bank longing to communicate.,There was unable to be a bank longing to communicate.,syntax_semantics,control_raising,existential_there_subject_raising,True,False,False,False,738,-54.76123809814453,-52.13057327270508,0
There aren't sure to be more than three rugs bothering a lot of women.,There aren't anxious to be more than three rugs bothering a lot of women.,syntax_semantics,control_raising,existential_there_subject_raising,True,False,False,False,739,-79.93213653564453,-82.7482681274414,1
There are soon to be no pies vanishing.,There are unhappy to be no pies vanishing.,syntax_semantics,control_raising,existential_there_subject_raising,True,False,False,False,740,-51.48269271850586,-52.01469802856445,1
There aren't certain to be carts tipping over.,There aren't happy to be carts tipping over.,syntax_semantics,control_raising,existential_there_subject_raising,True,False,False,False,741,-60.46034622192383,-60.255252838134766,0
There look to be some slopes vanishing.,There intended to be some slopes vanishing.,syntax_semantics,control_raising,existential_there_subject_raising,True,False,False,False,742,-50.026363372802734,-50.23664855957031,1
There can't fail to be a lot of gloves disgusting pedestrians.,There can't continue to be a lot of gloves disgusting pedestrians.,syntax_semantics,control_raising,existential_there_subject_raising,True,False,False,False,743,-66.43545532226562,-66.91783142089844,1
There had seemed to be some gates embarrassing James.,There had needed to be some gates embarrassing James.,syntax_semantics,control_raising,existential_there_subject_raising,True,False,False,False,744,-59.13267135620117,-60.233985900878906,1
There look to be fewer than three grandfathers of every man discovering Naomi to cure Bruce.,There managed to be fewer than three grandfathers of every man discovering Naomi to cure Bruce.,syntax_semantics,control_raising,existential_there_subject_raising,True,False,False,False,745,-118.7392349243164,-117.95858764648438,0
There are threatening to be fewer than three chairs falling apart.,There are continuing to be fewer than three chairs falling apart.,syntax_semantics,control_raising,existential_there_subject_raising,True,False,False,False,746,-61.503456115722656,-61.687461853027344,1
There are bound to be art galleries distracting Richard.,There are excited to be art galleries distracting Richard.,syntax_semantics,control_raising,existential_there_subject_raising,True,False,False,False,747,-66.36567687988281,-66.38200378417969,1
There was about to be a nose scaring an adult.,There was unhappy to be a nose scaring an adult.,syntax_semantics,control_raising,existential_there_subject_raising,True,False,False,False,748,-59.880836486816406,-62.547637939453125,1
There wasn't sure to be beef charring.,There wasn't pleased to be beef charring.,syntax_semantics,control_raising,existential_there_subject_raising,True,False,False,False,749,-57.248741149902344,-60.76921081542969,1
There have turned out to be no grandmothers of Lissa departing.,There have failed to be no grandmothers of Lissa departing.,syntax_semantics,control_raising,existential_there_subject_raising,True,False,False,False,750,-84.40055084228516,-80.07283020019531,0
There have happened to be some nephews of Timothy judging John to love Douglas.,There have needed to be some nephews of Timothy judging John to love Douglas.,syntax_semantics,control_raising,existential_there_subject_raising,True,False,False,False,751,-98.32664489746094,-101.40144348144531,1
There turned out to be a carriage stopping.,There attempts to be a carriage stopping.,syntax_semantics,control_raising,existential_there_subject_raising,True,False,False,False,752,-46.05791473388672,-45.2012939453125,0
There isn't about to be an eye annoying Kevin.,There isn't ready to be an eye annoying Kevin.,syntax_semantics,control_raising,existential_there_subject_raising,True,False,False,False,753,-56.98408508300781,-55.591278076171875,0
There weren't soon to be a lot of governments wanting many ladies to clash.,There weren't unhappy to be a lot of governments wanting many ladies to clash.,syntax_semantics,control_raising,existential_there_subject_raising,True,False,False,False,754,-87.91558837890625,-91.36419677734375,1
There shouldn't fail to be fish distracting Travis.,There shouldn't want to be fish distracting Travis.,syntax_semantics,control_raising,existential_there_subject_raising,True,False,False,False,755,-61.07530975341797,-55.43321990966797,0
There might appear to be a student suffering.,There might fail to be a student suffering.,syntax_semantics,control_raising,existential_there_subject_raising,True,False,False,False,756,-43.46461486816406,-43.54875183105469,1
There aren't bound to be more than three jackets alarming Barbara.,There aren't unwilling to be more than three jackets alarming Barbara.,syntax_semantics,control_raising,existential_there_subject_raising,True,False,False,False,757,-80.51923370361328,-78.5523910522461,0
There aren't certain to be more than three boxes distracting Bethany.,There aren't unable to be more than three boxes distracting Bethany.,syntax_semantics,control_raising,existential_there_subject_raising,True,False,False,False,758,-81.81426239013672,-82.69284057617188,1
There had looked to be more than three planes accelerating.,There had hoped to be more than three planes accelerating.,syntax_semantics,control_raising,existential_there_subject_raising,True,False,False,False,759,-57.75675964355469,-55.54107666015625,0
There are looking to be icicles falling.,There are intending to be icicles falling.,syntax_semantics,control_raising,existential_there_subject_raising,True,False,False,False,760,-51.60899353027344,-51.90265655517578,1
There was certain to be a box hurting Bethany.,There was happy to be a box hurting Bethany.,syntax_semantics,control_raising,existential_there_subject_raising,True,False,False,False,761,-64.12791442871094,-62.993553161621094,0
There is soon to be pork blackening.,There is excited to be pork blackening.,syntax_semantics,control_raising,existential_there_subject_raising,True,False,False,False,762,-51.99475860595703,-50.590415954589844,0
There wasn't unlikely to be pasta vanishing.,There wasn't pleased to be pasta vanishing.,syntax_semantics,control_raising,existential_there_subject_raising,True,False,False,False,763,-55.46772766113281,-53.66319274902344,0
There was certain to be a guest departing.,There was excited to be a guest departing.,syntax_semantics,control_raising,existential_there_subject_raising,True,False,False,False,764,-43.993797302246094,-43.532989501953125,0
There was apt to be a mall alarming all teachers.,There was pleased to be a mall alarming all teachers.,syntax_semantics,control_raising,existential_there_subject_raising,True,False,False,False,765,-64.99430847167969,-64.8948974609375,0
There weren't bound to be many computers boring Tara.,There weren't excited to be many computers boring Tara.,syntax_semantics,control_raising,existential_there_subject_raising,True,False,False,False,766,-71.55438232421875,-71.79148864746094,1
There is sure to be a door disturbing many waiters.,There is overjoyed to be a door disturbing many waiters.,syntax_semantics,control_raising,existential_there_subject_raising,True,False,False,False,767,-71.885986328125,-83.6551513671875,1
There fail to be fewer than three candles bothering Liam.,There tried to be fewer than three candles bothering Liam.,syntax_semantics,control_raising,existential_there_subject_raising,True,False,False,False,768,-69.79935455322266,-67.09588623046875,0
There weren't seeming to be many customers forgetting what were folding.,There weren't neglecting to be many customers forgetting what were folding.,syntax_semantics,control_raising,existential_there_subject_raising,True,False,False,False,769,-82.77870178222656,-86.4704360961914,1
There hadn't proven to be an association appreciating Randolf.,There hadn't continued to be an association appreciating Randolf.,syntax_semantics,control_raising,existential_there_subject_raising,True,False,False,False,770,-84.3172378540039,-83.47055053710938,0
There failed to be a man complaining about Roger.,There neglects to be a man complaining about Roger.,syntax_semantics,control_raising,existential_there_subject_raising,True,False,False,False,771,-50.746212005615234,-59.508338928222656,1
There can't threaten to be a bike annoying Lucille.,There can't intend to be a bike annoying Lucille.,syntax_semantics,control_raising,existential_there_subject_raising,True,False,False,False,772,-67.3007583618164,-63.872154235839844,0
There failed to be fewer than three peppers falling.,There try to be fewer than three peppers falling.,syntax_semantics,control_raising,existential_there_subject_raising,True,False,False,False,773,-58.38004684448242,-57.89997863769531,0
There might turn out to be a print aggravating Sandra.,There might attempt to be a print aggravating Sandra.,syntax_semantics,control_raising,existential_there_subject_raising,True,False,False,False,774,-67.27250671386719,-63.12760925292969,0
There was about to be a gate flinging open.,There was overjoyed to be a gate flinging open.,syntax_semantics,control_raising,existential_there_subject_raising,True,False,False,False,775,-51.36878204345703,-64.55157470703125,1
There couldn't happen to be a sweater distracting Anna.,There couldn't intend to be a sweater distracting Anna.,syntax_semantics,control_raising,existential_there_subject_raising,True,False,False,False,776,-56.784019470214844,-58.85975646972656,1
There is bound to be a carriage disappearing.,There is able to be a carriage disappearing.,syntax_semantics,control_raising,existential_there_subject_raising,True,False,False,False,777,-45.30569076538086,-40.6337890625,0
There isn't about to be a turtle finding the guest.,There isn't eager to be a turtle finding the guest.,syntax_semantics,control_raising,existential_there_subject_raising,True,False,False,False,778,-58.56459426879883,-61.414268493652344,1
There isn't unlikely to be a dish cracking.,There isn't excited to be a dish cracking.,syntax_semantics,control_raising,existential_there_subject_raising,True,False,False,False,779,-51.39192581176758,-49.36101531982422,0
There had turned out to be newspaper articles impressing Sarah.,There had wished to be newspaper articles impressing Sarah.,syntax_semantics,control_raising,existential_there_subject_raising,True,False,False,False,780,-75.63780975341797,-73.21894836425781,0
There wasn't failing to be pork vanishing.,There wasn't bothering to be pork vanishing.,syntax_semantics,control_raising,existential_there_subject_raising,True,False,False,False,781,-54.897544860839844,-54.410377502441406,0
There was about to be a government realizing who hadn't hoped to conceal Lawrence.,There was unhappy to be a government realizing who hadn't hoped to conceal Lawrence.,syntax_semantics,control_raising,existential_there_subject_raising,True,False,False,False,782,-92.06534576416016,-94.59134674072266,1
There has appeared to be a cousin of Holly returning to the Lutherans.,There has proposed to be a cousin of Holly returning to the Lutherans.,syntax_semantics,control_raising,existential_there_subject_raising,True,False,False,False,783,-84.45722961425781,-85.57450866699219,1
There isn't happening to be a rabbit alarming Colleen.,There isn't proposing to be a rabbit alarming Colleen.,syntax_semantics,control_raising,existential_there_subject_raising,True,False,False,False,784,-69.53813171386719,-73.47938537597656,1
There were soon to be no vases disgusting Samantha.,There were anxious to be no vases disgusting Samantha.,syntax_semantics,control_raising,existential_there_subject_raising,True,False,False,False,785,-66.94866180419922,-65.617431640625,0
There are sure to be some brothers of Walter breaking plates.,There are unwilling to be some brothers of Walter breaking plates.,syntax_semantics,control_raising,existential_there_subject_raising,True,False,False,False,786,-69.9591064453125,-70.58984375,1
There could seem to be some couches confusing Rachel.,There could fail to be some couches confusing Rachel.,syntax_semantics,control_raising,existential_there_subject_raising,True,False,False,False,787,-68.24118041992188,-70.20884704589844,1
There was about to be hair upsetting Guy.,There was ready to be hair upsetting Guy.,syntax_semantics,control_raising,existential_there_subject_raising,True,False,False,False,788,-53.149078369140625,-51.2374382019043,0
There fails to be a plane tipping over.,There attempted to be a plane tipping over.,syntax_semantics,control_raising,existential_there_subject_raising,True,False,False,False,789,-48.23234176635742,-48.48644256591797,1
There seems to be pork upsetting that boy.,There wishes to be pork upsetting that boy.,syntax_semantics,control_raising,existential_there_subject_raising,True,False,False,False,790,-50.885986328125,-53.9409294128418,1
There aren't about to be birds distracting Sarah.,There aren't excited to be birds distracting Sarah.,syntax_semantics,control_raising,existential_there_subject_raising,True,False,False,False,791,-59.388343811035156,-62.2089729309082,1
There was appearing to be a mountain disturbing Kimberley.,There was intending to be a mountain disturbing Kimberley.,syntax_semantics,control_raising,existential_there_subject_raising,True,False,False,False,792,-67.4762191772461,-65.65608978271484,0
There didn't appear to be a guy attempting to murmur.,There didn't yearn to be a guy attempting to murmur.,syntax_semantics,control_raising,existential_there_subject_raising,True,False,False,False,793,-61.502647399902344,-79.91001892089844,1
There weren't about to be many mountains impressing Dan.,There weren't eager to be many mountains impressing Dan.,syntax_semantics,control_raising,existential_there_subject_raising,True,False,False,False,794,-71.96003723144531,-75.76152038574219,1
There threatened to be a cafe embarrassing this patient.,There intended to be a cafe embarrassing this patient.,syntax_semantics,control_raising,existential_there_subject_raising,True,False,False,False,795,-58.7999267578125,-57.56719207763672,0
There wasn't likely to be a skirt astounding most guys.,There wasn't excited to be a skirt astounding most guys.,syntax_semantics,control_raising,existential_there_subject_raising,True,False,False,False,796,-68.82756805419922,-73.02991485595703,1
There seemed to be a grandfather of that lady laughing.,There liked to be a grandfather of that lady laughing.,syntax_semantics,control_raising,existential_there_subject_raising,True,False,False,False,797,-53.45534896850586,-56.056148529052734,1
There happened to be a lot of drivers retaliating.,There attempt to be a lot of drivers retaliating.,syntax_semantics,control_raising,existential_there_subject_raising,True,False,False,False,798,-50.27973175048828,-54.17759704589844,1
There are bound to be fewer than three children irritating Colleen.,There are able to be fewer than three children irritating Colleen.,syntax_semantics,control_raising,existential_there_subject_raising,True,False,False,False,799,-77.4703369140625,-72.99413299560547,0
There isn't seeming to be a truck upsetting Pamela.,There isn't intending to be a truck upsetting Pamela.,syntax_semantics,control_raising,existential_there_subject_raising,True,False,False,False,800,-62.22995376586914,-62.597373962402344,1
There are about to be many lights irritating Rhonda.,There are eager to be many lights irritating Rhonda.,syntax_semantics,control_raising,existential_there_subject_raising,True,False,False,False,801,-68.47801971435547,-70.65628051757812,1
There are unlikely to be some sketches of Emily disappearing.,There are reluctant to be some sketches of Emily disappearing.,syntax_semantics,control_raising,existential_there_subject_raising,True,False,False,False,802,-63.733917236328125,-64.83524322509766,1
There hasn't looked to be a public park embarrassing Alice.,There hasn't hoped to be a public park embarrassing Alice.,syntax_semantics,control_raising,existential_there_subject_raising,True,False,False,False,803,-72.01754760742188,-72.49177551269531,1
There has threatened to be a show about Galileo embarrassing Tammy.,There has hoped to be a show about Galileo embarrassing Tammy.,syntax_semantics,control_raising,existential_there_subject_raising,True,False,False,False,804,-77.1513671875,-75.91220092773438,0
There was appearing to be pork appearing.,There was managing to be pork appearing.,syntax_semantics,control_raising,existential_there_subject_raising,True,False,False,False,805,-47.66324996948242,-47.96002197265625,1
There seems to be a casserole disgusting Amelia.,There tries to be a casserole disgusting Amelia.,syntax_semantics,control_raising,existential_there_subject_raising,True,False,False,False,806,-64.00296020507812,-64.67628479003906,1
There turns out to be a banana alarming Tanya.,There needs to be a banana alarming Tanya.,syntax_semantics,control_raising,existential_there_subject_raising,True,False,False,False,807,-63.125946044921875,-56.75041198730469,0
There were failing to be more than three hills shocking Phillip.,There were liking to be more than three hills shocking Phillip.,syntax_semantics,control_raising,existential_there_subject_raising,True,False,False,False,808,-72.77873229980469,-72.4063491821289,0
There was likely to be a drawing of Sally falling.,There was excited to be a drawing of Sally falling.,syntax_semantics,control_raising,existential_there_subject_raising,True,False,False,False,809,-57.38062286376953,-58.353885650634766,1
There have looked to be some jackets bothering Monica.,There have managed to be some jackets bothering Monica.,syntax_semantics,control_raising,existential_there_subject_raising,True,False,False,False,810,-64.57362365722656,-61.73607635498047,0
There aren't about to be granddaughters of Marie answering.,There aren't reluctant to be granddaughters of Marie answering.,syntax_semantics,control_raising,existential_there_subject_raising,True,False,False,False,811,-77.8979721069336,-82.58290100097656,1
There seemed to be a screen disgusting Holly.,There proposed to be a screen disgusting Holly.,syntax_semantics,control_raising,existential_there_subject_raising,True,False,False,False,812,-51.991519927978516,-56.74976348876953,1
There weren't likely to be sweaters embarrassing most students.,There weren't pleased to be sweaters embarrassing most students.,syntax_semantics,control_raising,existential_there_subject_raising,True,False,False,False,813,-70.66980743408203,-74.73633575439453,1
There weren't likely to be fewer than three books impressing an organization.,There weren't anxious to be fewer than three books impressing an organization.,syntax_semantics,control_raising,existential_there_subject_raising,True,False,False,False,814,-76.42220306396484,-80.33500671386719,1
There is sure to be hair confusing Erin.,There is unhappy to be hair confusing Erin.,syntax_semantics,control_raising,existential_there_subject_raising,True,False,False,False,815,-54.79344940185547,-58.04859924316406,1
There prove to be fewer than three icicles freezing.,There continue to be fewer than three icicles freezing.,syntax_semantics,control_raising,existential_there_subject_raising,True,False,False,False,816,-67.06096649169922,-67.47386932373047,1
There didn't look to be a lot of libraries boasting.,There didn't neglect to be a lot of libraries boasting.,syntax_semantics,control_raising,existential_there_subject_raising,True,False,False,False,817,-57.06174087524414,-61.32583236694336,1
There was soon to be a nephew of every cashier laughing.,There was anxious to be a nephew of every cashier laughing.,syntax_semantics,control_raising,existential_there_subject_raising,True,False,False,False,818,-70.38047790527344,-68.02973937988281,0
There happen to be many senators wanting every tomato to go bad.,There wanted to be many senators wanting every tomato to go bad.,syntax_semantics,control_raising,existential_there_subject_raising,True,False,False,False,819,-83.486572265625,-80.64591979980469,0
There turn out to be essays about science distracting Margaret.,There wanted to be essays about science distracting Margaret.,syntax_semantics,control_raising,existential_there_subject_raising,True,False,False,False,820,-71.64237976074219,-61.65596008300781,0
There happens to be a woman shocking Amanda.,There bothers to be a woman shocking Amanda.,syntax_semantics,control_raising,existential_there_subject_raising,True,False,False,False,821,-50.01468276977539,-55.168373107910156,1
There had turned out to be a lot of prints boring Chad.,There had needed to be a lot of prints boring Chad.,syntax_semantics,control_raising,existential_there_subject_raising,True,False,False,False,822,-68.55532836914062,-65.69862365722656,0
There hasn't happened to be a car steering.,There hasn't attempted to be a car steering.,syntax_semantics,control_raising,existential_there_subject_raising,True,False,False,False,823,-45.53733825683594,-50.696311950683594,1
There are unlikely to be some shirts tightening.,There are pleased to be some shirts tightening.,syntax_semantics,control_raising,existential_there_subject_raising,True,False,False,False,824,-53.6523323059082,-52.24810791015625,0
There is bound to be a dancer insulting that public park.,There is anxious to be a dancer insulting that public park.,syntax_semantics,control_raising,existential_there_subject_raising,True,False,False,False,825,-70.99266052246094,-69.63384246826172,0
There isn't bound to be steak blackening.,There isn't pleased to be steak blackening.,syntax_semantics,control_raising,existential_there_subject_raising,True,False,False,False,826,-57.496925354003906,-57.53012466430664,1
There are apt to be few turtles ascending the mountains.,There are unhappy to be few turtles ascending the mountains.,syntax_semantics,control_raising,existential_there_subject_raising,True,False,False,False,827,-61.52837371826172,-64.24195861816406,1
There were sure to be no planes boring Craig.,There were happy to be no planes boring Craig.,syntax_semantics,control_raising,existential_there_subject_raising,True,False,False,False,828,-60.489288330078125,-61.080291748046875,1
There shouldn't prove to be beef scorching.,There shouldn't continue to be beef scorching.,syntax_semantics,control_raising,existential_there_subject_raising,True,False,False,False,829,-54.46914291381836,-55.040870666503906,1
There isn't unlikely to be a skateboard stunning that patient.,There isn't ready to be a skateboard stunning that patient.,syntax_semantics,control_raising,existential_there_subject_raising,True,False,False,False,830,-71.3564682006836,-65.045166015625,0
There happened to be no snakes vanishing.,There planned to be no snakes vanishing.,syntax_semantics,control_raising,existential_there_subject_raising,True,False,False,False,831,-44.06904602050781,-49.762420654296875,1
There wasn't apt to be a photograph wasting away.,There wasn't pleased to be a photograph wasting away.,syntax_semantics,control_raising,existential_there_subject_raising,True,False,False,False,832,-58.90961456298828,-58.27116775512695,0
There would fail to be a ladder distracting Sara.,There would attempt to be a ladder distracting Sara.,syntax_semantics,control_raising,existential_there_subject_raising,True,False,False,False,833,-56.175872802734375,-56.103485107421875,0
There wasn't apt to be a blouse worrying Peter.,There wasn't willing to be a blouse worrying Peter.,syntax_semantics,control_raising,existential_there_subject_raising,True,False,False,False,834,-64.98174285888672,-61.885581970214844,0
There are unlikely to be more than three sons of Homer disappearing.,There are unwilling to be more than three sons of Homer disappearing.,syntax_semantics,control_raising,existential_there_subject_raising,True,False,False,False,835,-63.64976501464844,-62.56804656982422,0
There were certain to be more than three malls looking like a lot of prints.,There were unwilling to be more than three malls looking like a lot of prints.,syntax_semantics,control_raising,existential_there_subject_raising,True,False,False,False,836,-77.93033599853516,-76.4464111328125,0
There can appear to be fewer than three horses appearing.,There can neglect to be fewer than three horses appearing.,syntax_semantics,control_raising,existential_there_subject_raising,True,False,False,False,837,-58.455108642578125,-62.61479949951172,1
There weren't likely to be windows worrying all teachers.,There weren't overjoyed to be windows worrying all teachers.,syntax_semantics,control_raising,existential_there_subject_raising,True,False,False,False,838,-63.41535568237305,-80.23909759521484,1
There wasn't certain to be an actor thinking about what was hurting Marcus.,There wasn't unwilling to be an actor thinking about what was hurting Marcus.,syntax_semantics,control_raising,existential_there_subject_raising,True,False,False,False,839,-79.92697143554688,-79.40010070800781,0
There wasn't soon to be fish existing.,There wasn't unable to be fish existing.,syntax_semantics,control_raising,existential_there_subject_raising,True,False,False,False,840,-51.01723098754883,-50.89395523071289,0
There hadn't appeared to be a photograph appearing.,There hadn't want to be a photograph appearing.,syntax_semantics,control_raising,existential_there_subject_raising,True,False,False,False,841,-53.68281173706055,-45.23539733886719,0
There had looked to be a door worrying Becky.,There had needed to be a door worrying Becky.,syntax_semantics,control_raising,existential_there_subject_raising,True,False,False,False,842,-56.7677001953125,-56.399505615234375,0
There were unlikely to be cashiers protesting.,There were willing to be cashiers protesting.,syntax_semantics,control_raising,existential_there_subject_raising,True,False,False,False,843,-56.888816833496094,-53.36339569091797,0
There were apt to be a lot of sisters of Theresa waking up.,There were unhappy to be a lot of sisters of Theresa waking up.,syntax_semantics,control_raising,existential_there_subject_raising,True,False,False,False,844,-68.5538330078125,-70.8097152709961,1
There aren't sure to be fewer than three shawls flattening.,There aren't eager to be fewer than three shawls flattening.,syntax_semantics,control_raising,existential_there_subject_raising,True,False,False,False,845,-83.96060180664062,-88.19137573242188,1
There threatens to be a computer distracting Matt.,There tried to be a computer distracting Matt.,syntax_semantics,control_raising,existential_there_subject_raising,True,False,False,False,846,-53.956214904785156,-50.40475082397461,0
There hadn't failed to be a senator thinking about these patients.,There hadn't neglected to be a senator thinking about these patients.,syntax_semantics,control_raising,existential_there_subject_raising,True,False,False,False,847,-67.60237121582031,-70.09246063232422,1
There could fail to be a skirt vanishing.,There could wish to be a skirt vanishing.,syntax_semantics,control_raising,existential_there_subject_raising,True,False,False,False,848,-48.671058654785156,-47.826698303222656,0
There is bound to be bread aggravating Stephen.,There is unwilling to be bread aggravating Stephen.,syntax_semantics,control_raising,existential_there_subject_raising,True,False,False,False,849,-61.28939437866211,-59.7713623046875,0
There aren't certain to be a lot of eggplants irritating Gina.,There aren't reluctant to be a lot of eggplants irritating Gina.,syntax_semantics,control_raising,existential_there_subject_raising,True,False,False,False,850,-88.21990966796875,-90.83905029296875,1
There happened to be a shoe drying.,There hoped to be a shoe drying.,syntax_semantics,control_raising,existential_there_subject_raising,True,False,False,False,851,-38.642242431640625,-43.63774871826172,1
There seems to be a mushroom worrying those doctors.,There intends to be a mushroom worrying those doctors.,syntax_semantics,control_raising,existential_there_subject_raising,True,False,False,False,852,-56.47359085083008,-61.03425979614258,1
There could seem to be fewer than three cats disappearing.,There could yearn to be fewer than three cats disappearing.,syntax_semantics,control_raising,existential_there_subject_raising,True,False,False,False,853,-57.751319885253906,-77.18917083740234,1
There are likely to be few planes maneuvering.,There are happy to be few planes maneuvering.,syntax_semantics,control_raising,existential_there_subject_raising,True,False,False,False,854,-51.44087219238281,-53.86589050292969,1
There wasn't appearing to be pasta disturbing a lot of children.,There wasn't hoping to be pasta disturbing a lot of children.,syntax_semantics,control_raising,existential_there_subject_raising,True,False,False,False,855,-70.28998565673828,-67.81761932373047,0
There appear to be no children declaring James to lift the gates.,There wished to be no children declaring James to lift the gates.,syntax_semantics,control_raising,existential_there_subject_raising,True,False,False,False,856,-76.4883804321289,-75.90203094482422,0
There had threatened to be a gate astounding Dana.,There had neglected to be a gate astounding Dana.,syntax_semantics,control_raising,existential_there_subject_raising,True,False,False,False,857,-62.710872650146484,-64.13026428222656,1
There had happened to be a print of the rivers distracting Daniel.,There had proposed to be a print of the rivers distracting Daniel.,syntax_semantics,control_raising,existential_there_subject_raising,True,False,False,False,858,-70.22970581054688,-74.813720703125,1
There is apt to be a glacier annoying Mark.,There is reluctant to be a glacier annoying Mark.,syntax_semantics,control_raising,existential_there_subject_raising,True,False,False,False,859,-55.276390075683594,-58.23951721191406,1
There happened to be fewer than three men finding out who has argued.,There tried to be fewer than three men finding out who has argued.,syntax_semantics,control_raising,existential_there_subject_raising,True,False,False,False,860,-71.3025894165039,-74.34158325195312,1
There aren't likely to be mothers of Travis speaking up.,There aren't pleased to be mothers of Travis speaking up.,syntax_semantics,control_raising,existential_there_subject_raising,True,False,False,False,861,-69.7672348022461,-73.56954956054688,1
There are failing to be fewer than three skirts twisting.,There are wishing to be fewer than three skirts twisting.,syntax_semantics,control_raising,existential_there_subject_raising,True,False,False,False,862,-63.183624267578125,-62.44385528564453,0
There isn't about to be fish distracting the patients.,There isn't ready to be fish distracting the patients.,syntax_semantics,control_raising,existential_there_subject_raising,True,False,False,False,863,-60.35747146606445,-58.56684875488281,0
There were unlikely to be no students explaining everything.,There were anxious to be no students explaining everything.,syntax_semantics,control_raising,existential_there_subject_raising,True,False,False,False,864,-54.443824768066406,-51.83356475830078,0
There wasn't sure to be a popsicle worrying Lori.,There wasn't pleased to be a popsicle worrying Lori.,syntax_semantics,control_raising,existential_there_subject_raising,True,False,False,False,865,-72.47843933105469,-75.71339416503906,1
There was sure to be an actress compelling Linda's husband to cook.,There was anxious to be an actress compelling Linda's husband to cook.,syntax_semantics,control_raising,existential_there_subject_raising,True,False,False,False,866,-78.34967803955078,-77.92333221435547,0
There weren't bound to be many documentaries stunning Mark.,There weren't anxious to be many documentaries stunning Mark.,syntax_semantics,control_raising,existential_there_subject_raising,True,False,False,False,867,-74.95408630371094,-74.52613067626953,0
There were unlikely to be few eggplants embarrassing Carolyn.,There were excited to be few eggplants embarrassing Carolyn.,syntax_semantics,control_raising,existential_there_subject_raising,True,False,False,False,868,-85.23094177246094,-84.3843002319336,0
There wasn't likely to be a government confusing Frank.,There wasn't eager to be a government confusing Frank.,syntax_semantics,control_raising,existential_there_subject_raising,True,False,False,False,869,-57.53655242919922,-63.24056625366211,1
There are soon to be fewer than three birds worrying Bill.,There are unable to be fewer than three birds worrying Bill.,syntax_semantics,control_raising,existential_there_subject_raising,True,False,False,False,870,-68.09451293945312,-65.28755187988281,0
There are likely to be a lot of mushrooms stunning Keith.,There are ready to be a lot of mushrooms stunning Keith.,syntax_semantics,control_raising,existential_there_subject_raising,True,False,False,False,871,-61.55419921875,-59.78764343261719,0
There had turned out to be many shoes twisting.,There had longed to be many shoes twisting.,syntax_semantics,control_raising,existential_there_subject_raising,True,False,False,False,872,-54.07965850830078,-58.62599563598633,1
There was sure to be a mother of Rodney commissioning some sons of Ronald to struggle.,There was able to be a mother of Rodney commissioning some sons of Ronald to struggle.,syntax_semantics,control_raising,existential_there_subject_raising,True,False,False,False,873,-108.65899658203125,-105.57917022705078,0
There are likely to be more than three bicycles looking like those pictures.,There are eager to be more than three bicycles looking like those pictures.,syntax_semantics,control_raising,existential_there_subject_raising,True,False,False,False,874,-65.17599487304688,-68.89144897460938,1
There isn't about to be a truck existing.,There isn't willing to be a truck existing.,syntax_semantics,control_raising,existential_there_subject_raising,True,False,False,False,875,-48.582489013671875,-48.487823486328125,0
There aren't certain to be more than three gates aggravating Laura.,There aren't unhappy to be more than three gates aggravating Laura.,syntax_semantics,control_raising,existential_there_subject_raising,True,False,False,False,876,-76.90217590332031,-80.05255889892578,1
There fail to be few women coming here.,There bother to be few women coming here.,syntax_semantics,control_raising,existential_there_subject_raising,True,False,False,False,877,-47.35420227050781,-47.39641571044922,1
There is happening to be a cafe looking like the paintings.,There is bothering to be a cafe looking like the paintings.,syntax_semantics,control_raising,existential_there_subject_raising,True,False,False,False,878,-55.758148193359375,-60.71664047241211,1
There wasn't sure to be a wheelbarrow embarrassing some customer.,There wasn't excited to be a wheelbarrow embarrassing some customer.,syntax_semantics,control_raising,existential_there_subject_raising,True,False,False,False,879,-75.18846130371094,-78.72305297851562,1
There appeared to be a painting looking like these blouses.,There wants to be a painting looking like these blouses.,syntax_semantics,control_raising,existential_there_subject_raising,True,False,False,False,880,-65.04833984375,-64.15029907226562,0
There is unlikely to be a horse worrying Paul.,There is unhappy to be a horse worrying Paul.,syntax_semantics,control_raising,existential_there_subject_raising,True,False,False,False,881,-55.76721954345703,-56.400123596191406,1
There isn't sure to be a closet boring Jerry.,There isn't reluctant to be a closet boring Jerry.,syntax_semantics,control_raising,existential_there_subject_raising,True,False,False,False,882,-56.94741439819336,-61.92189025878906,1
There happened to be a girl remembering who tries to scratch.,There managed to be a girl remembering who tries to scratch.,syntax_semantics,control_raising,existential_there_subject_raising,True,False,False,False,883,-58.62294006347656,-63.432945251464844,1
There did appear to be a library boasting.,There did wish to be a library boasting.,syntax_semantics,control_raising,existential_there_subject_raising,True,False,False,False,884,-46.49094772338867,-45.642372131347656,0
There are certain to be some lakes disturbing Allison.,There are able to be some lakes disturbing Allison.,syntax_semantics,control_raising,existential_there_subject_raising,True,False,False,False,885,-60.0679931640625,-55.10759353637695,0
There was bound to be a play about the Lutherans distracting Sara.,There was unwilling to be a play about the Lutherans distracting Sara.,syntax_semantics,control_raising,existential_there_subject_raising,True,False,False,False,886,-91.24335479736328,-89.24365234375,0
There can prove to be a book alarming Omar.,There can like to be a book alarming Omar.,syntax_semantics,control_raising,existential_there_subject_raising,True,False,False,False,887,-58.57743835449219,-57.56773376464844,0
There wasn't unlikely to be a grandson of Brenda thinking Tamara has investigated that pedestrian.,There wasn't pleased to be a grandson of Brenda thinking Tamara has investigated that pedestrian.,syntax_semantics,control_raising,existential_there_subject_raising,True,False,False,False,888,-116.51087951660156,-115.373779296875,0
There is soon to be a mouth annoying Dennis.,There is able to be a mouth annoying Dennis.,syntax_semantics,control_raising,existential_there_subject_raising,True,False,False,False,889,-57.42003631591797,-51.50685501098633,0
There aren't bound to be more than three bicycles disturbing Kimberley.,There aren't ready to be more than three bicycles disturbing Kimberley.,syntax_semantics,control_raising,existential_there_subject_raising,True,False,False,False,890,-88.01188659667969,-84.08189392089844,0
There doesn't look to be a candle disappearing.,There doesn't long to be a candle disappearing.,syntax_semantics,control_raising,existential_there_subject_raising,True,False,False,False,891,-47.508209228515625,-49.7946891784668,1
There had proven to be no governments concealing Kevin.,There had proposed to be no governments concealing Kevin.,syntax_semantics,control_raising,existential_there_subject_raising,True,False,False,False,892,-70.42257690429688,-70.37661743164062,0
There happen to be a lot of cousins of Mark laughing.,There hope to be a lot of cousins of Mark laughing.,syntax_semantics,control_raising,existential_there_subject_raising,True,False,False,False,893,-59.61698913574219,-61.02045440673828,1
There weren't soon to be many movie theaters disgusting a dancer.,There weren't happy to be many movie theaters disgusting a dancer.,syntax_semantics,control_raising,existential_there_subject_raising,True,False,False,False,894,-86.77133178710938,-86.30538177490234,0
There proves to be a photograph disturbing Meredith.,There wants to be a photograph disturbing Meredith.,syntax_semantics,control_raising,existential_there_subject_raising,True,False,False,False,895,-58.43422317504883,-54.46320724487305,0
There isn't likely to be water falling.,There isn't reluctant to be water falling.,syntax_semantics,control_raising,existential_there_subject_raising,True,False,False,False,896,-42.26470184326172,-47.45865249633789,1
There could prove to be a hamster worrying Steven.,There could yearn to be a hamster worrying Steven.,syntax_semantics,control_raising,existential_there_subject_raising,True,False,False,False,897,-60.29450607299805,-79.22308349609375,1
There are about to be some documentaries about literature irritating Larry.,There are unable to be some documentaries about literature irritating Larry.,syntax_semantics,control_raising,existential_there_subject_raising,True,False,False,False,898,-76.92298889160156,-76.936767578125,1
There wasn't certain to be spinach going bad.,There wasn't unhappy to be spinach going bad.,syntax_semantics,control_raising,existential_there_subject_raising,True,False,False,False,899,-59.5765380859375,-62.30113220214844,1
There seemed to be a nephew of Mary pushing those libraries to confer.,There planned to be a nephew of Mary pushing those libraries to confer.,syntax_semantics,control_raising,existential_there_subject_raising,True,False,False,False,900,-84.908935546875,-89.00735473632812,1
There didn't turn out to be many waiters motivating Richard to complain.,There didn't long to be many waiters motivating Richard to complain.,syntax_semantics,control_raising,existential_there_subject_raising,True,False,False,False,901,-98.66474914550781,-98.6617431640625,0
There was certain to be a vase disgusting Gary.,There was anxious to be a vase disgusting Gary.,syntax_semantics,control_raising,existential_there_subject_raising,True,False,False,False,902,-63.71996307373047,-61.22894287109375,0
There were unlikely to be some rabbits astounding these people.,There were excited to be some rabbits astounding these people.,syntax_semantics,control_raising,existential_there_subject_raising,True,False,False,False,903,-67.07508850097656,-66.03048706054688,0
There is soon to be a candle vanishing.,There is willing to be a candle vanishing.,syntax_semantics,control_raising,existential_there_subject_raising,True,False,False,False,904,-48.54187774658203,-44.817604064941406,0
There aren't likely to be fewer than three college campuses alarming Teresa.,There aren't excited to be fewer than three college campuses alarming Teresa.,syntax_semantics,control_raising,existential_there_subject_raising,True,False,False,False,905,-91.13381958007812,-95.7199478149414,1
There are turning out to be many projectors stunning Irene.,There are wanting to be many projectors stunning Irene.,syntax_semantics,control_raising,existential_there_subject_raising,True,False,False,False,906,-78.45045471191406,-72.53758239746094,0
There are soon to be no coats loosening.,There are unhappy to be no coats loosening.,syntax_semantics,control_raising,existential_there_subject_raising,True,False,False,False,907,-55.537635803222656,-56.17381286621094,1
There happens to be a granddaughter of this cashier watching Jessica.,There neglected to be a granddaughter of this cashier watching Jessica.,syntax_semantics,control_raising,existential_there_subject_raising,True,False,False,False,908,-72.58369445800781,-80.00262451171875,1
There is about to be a picture disturbing every senator.,There is unwilling to be a picture disturbing every senator.,syntax_semantics,control_raising,existential_there_subject_raising,True,False,False,False,909,-57.22695541381836,-58.81172180175781,1
There wasn't likely to be a skirt twisting.,There wasn't unable to be a skirt twisting.,syntax_semantics,control_raising,existential_there_subject_raising,True,False,False,False,910,-48.7126579284668,-51.081966400146484,1
There hadn't proven to be few books vanishing.,There hadn't hoped to be few books vanishing.,syntax_semantics,control_raising,existential_there_subject_raising,True,False,False,False,911,-62.0070915222168,-60.81605911254883,0
There were proving to be glaciers alarming Gregory.,There were continuing to be glaciers alarming Gregory.,syntax_semantics,control_raising,existential_there_subject_raising,True,False,False,False,912,-65.17485046386719,-62.773555755615234,0
There aren't about to be few grandsons of many drivers yelling.,There aren't unable to be few grandsons of many drivers yelling.,syntax_semantics,control_raising,existential_there_subject_raising,True,False,False,False,913,-91.88984680175781,-94.00145721435547,1
There was sure to be rice worrying these patients.,There was overjoyed to be rice worrying these patients.,syntax_semantics,control_raising,existential_there_subject_raising,True,False,False,False,914,-56.75545883178711,-70.33328247070312,1
There are about to be fewer than three commentaries about Monet worrying these waitresses.,There are reluctant to be fewer than three commentaries about Monet worrying these waitresses.,syntax_semantics,control_raising,existential_there_subject_raising,True,False,False,False,915,-123.62596893310547,-126.96501922607422,1
There are soon to be some cakes alarming Edward.,There are able to be some cakes alarming Edward.,syntax_semantics,control_raising,existential_there_subject_raising,True,False,False,False,916,-63.78346252441406,-59.089141845703125,0
There was certain to be a cart upsetting Deborah.,There was eager to be a cart upsetting Deborah.,syntax_semantics,control_raising,existential_there_subject_raising,True,False,False,False,917,-59.205406188964844,-58.94548416137695,0
There were about to be a lot of dancers expecting the steak to blacken.,There were eager to be a lot of dancers expecting the steak to blacken.,syntax_semantics,control_raising,existential_there_subject_raising,True,False,False,False,918,-89.05442810058594,-89.95623779296875,1
There were about to be some skirts embarrassing Lissa.,There were reluctant to be some skirts embarrassing Lissa.,syntax_semantics,control_raising,existential_there_subject_raising,True,False,False,False,919,-68.76476287841797,-71.28797149658203,1
There were unlikely to be a lot of coats warping.,There were anxious to be a lot of coats warping.,syntax_semantics,control_raising,existential_there_subject_raising,True,False,False,False,920,-64.29548645019531,-61.617095947265625,0
There was likely to be a boy descending this slope.,There was anxious to be a boy descending this slope.,syntax_semantics,control_raising,existential_there_subject_raising,True,False,False,False,921,-54.666351318359375,-54.588687896728516,0
There turned out to be a popsicle distracting Adam.,There yearned to be a popsicle distracting Adam.,syntax_semantics,control_raising,existential_there_subject_raising,True,False,False,False,922,-63.72658920288086,-74.7711410522461,1
There aren't unlikely to be apples wasting away.,There aren't anxious to be apples wasting away.,syntax_semantics,control_raising,existential_there_subject_raising,True,False,False,False,923,-60.2901725769043,-58.0733642578125,0
There isn't likely to be a computer upsetting the actresses.,There isn't able to be a computer upsetting the actresses.,syntax_semantics,control_raising,existential_there_subject_raising,True,False,False,False,924,-57.51203155517578,-56.84606170654297,0
There doesn't appear to be a newspaper article aggravating Carrie.,There doesn't wish to be a newspaper article aggravating Carrie.,syntax_semantics,control_raising,existential_there_subject_raising,True,False,False,False,925,-74.78010559082031,-73.547607421875,0
There was certain to be a teenager alarming Kristen.,There was unable to be a teenager alarming Kristen.,syntax_semantics,control_raising,existential_there_subject_raising,True,False,False,False,926,-61.4700813293457,-58.579322814941406,0
There weren't likely to be a lot of rugs astounding Sherry.,There weren't willing to be a lot of rugs astounding Sherry.,syntax_semantics,control_raising,existential_there_subject_raising,True,False,False,False,927,-74.85208892822266,-76.6371078491211,1
There was sure to be a woman upsetting Naomi.,There was excited to be a woman upsetting Naomi.,syntax_semantics,control_raising,existential_there_subject_raising,True,False,False,False,928,-52.7174186706543,-54.0856819152832,1
There are unlikely to be a lot of granddaughters of Galileo playing.,There are unhappy to be a lot of granddaughters of Galileo playing.,syntax_semantics,control_raising,existential_there_subject_raising,True,False,False,False,929,-77.2944564819336,-78.03450012207031,1
There is apt to be a convertible maneuvering.,There is anxious to be a convertible maneuvering.,syntax_semantics,control_raising,existential_there_subject_raising,True,False,False,False,930,-48.4671516418457,-49.12992477416992,1
There is soon to be a legislature reuniting.,There is willing to be a legislature reuniting.,syntax_semantics,control_raising,existential_there_subject_raising,True,False,False,False,931,-58.271541595458984,-54.644073486328125,0
There are about to be many muffins astounding Omar.,There are anxious to be many muffins astounding Omar.,syntax_semantics,control_raising,existential_there_subject_raising,True,False,False,False,932,-67.23394775390625,-68.01292419433594,1
There weren't certain to be fewer than three mirrors distracting Tara.,There weren't happy to be fewer than three mirrors distracting Tara.,syntax_semantics,control_raising,existential_there_subject_raising,True,False,False,False,933,-81.08241271972656,-80.40959930419922,0
There weren't unlikely to be cousins of Sandra scaring Rodney.,There weren't willing to be cousins of Sandra scaring Rodney.,syntax_semantics,control_raising,existential_there_subject_raising,True,False,False,False,934,-84.75411987304688,-81.15291595458984,0
There is likely to be a college campus alarming Joseph.,There is overjoyed to be a college campus alarming Joseph.,syntax_semantics,control_raising,existential_there_subject_raising,True,False,False,False,935,-64.8599624633789,-81.73616027832031,1
There won't threaten to be computers bothering Andrew.,There won't want to be computers bothering Andrew.,syntax_semantics,control_raising,existential_there_subject_raising,True,False,False,False,936,-61.38675308227539,-53.057029724121094,0
There wasn't soon to be a screen impressing Lisa.,There wasn't ready to be a screen impressing Lisa.,syntax_semantics,control_raising,existential_there_subject_raising,True,False,False,False,937,-67.19237518310547,-63.71885681152344,0
There wouldn't prove to be a son of Stacy winning.,There wouldn't try to be a son of Stacy winning.,syntax_semantics,control_raising,existential_there_subject_raising,True,False,False,False,938,-61.87169647216797,-59.50749969482422,0
There are unlikely to be many pictures of Rose shocking Carmen.,There are willing to be many pictures of Rose shocking Carmen.,syntax_semantics,control_raising,existential_there_subject_raising,True,False,False,False,939,-77.33607482910156,-73.4132080078125,0
There are unlikely to be many mountains disappearing.,There are willing to be many mountains disappearing.,syntax_semantics,control_raising,existential_there_subject_raising,True,False,False,False,940,-48.65834045410156,-44.80036926269531,0
There was certain to be bread impressing Alexander.,There was unable to be bread impressing Alexander.,syntax_semantics,control_raising,existential_there_subject_raising,True,False,False,False,941,-60.45757293701172,-57.38855743408203,0
There is likely to be a casserole disturbing Grace.,There is able to be a casserole disturbing Grace.,syntax_semantics,control_raising,existential_there_subject_raising,True,False,False,False,942,-66.29144287109375,-64.57518005371094,0
There hasn't failed to be a legislature continuing to profit.,There hasn't attempted to be a legislature continuing to profit.,syntax_semantics,control_raising,existential_there_subject_raising,True,False,False,False,943,-69.75416564941406,-70.28621673583984,1
There is looking to be a teacher advising Leslie's contractor to forfeit.,There is managing to be a teacher advising Leslie's contractor to forfeit.,syntax_semantics,control_raising,existential_there_subject_raising,True,False,False,False,944,-82.93609619140625,-86.05335998535156,1
There were failing to be bananas annoying every hospital.,There were longing to be bananas annoying every hospital.,syntax_semantics,control_raising,existential_there_subject_raising,True,False,False,False,945,-62.756263732910156,-61.37202453613281,0
There aren't unlikely to be more than three banks irritating Anna.,There aren't eager to be more than three banks irritating Anna.,syntax_semantics,control_raising,existential_there_subject_raising,True,False,False,False,946,-79.66605377197266,-79.4390869140625,0
There wasn't likely to be a mother of Omar questioning Monet.,There wasn't unhappy to be a mother of Omar questioning Monet.,syntax_semantics,control_raising,existential_there_subject_raising,True,False,False,False,947,-80.35083770751953,-86.15086364746094,1
There were apt to be some eggplants blackening.,There were reluctant to be some eggplants blackening.,syntax_semantics,control_raising,existential_there_subject_raising,True,False,False,False,948,-72.53931427001953,-75.40472412109375,1
There had happened to be ice looking like a drawing.,There had yearned to be ice looking like a drawing.,syntax_semantics,control_raising,existential_there_subject_raising,True,False,False,False,949,-52.82463455200195,-71.8508529663086,1
There fail to be no sisters of Caroline describing that museum.,There neglect to be no sisters of Caroline describing that museum.,syntax_semantics,control_raising,existential_there_subject_raising,True,False,False,False,950,-75.10674285888672,-78.16384887695312,1
There proves to be a sweater upsetting Jane.,There continued to be a sweater upsetting Jane.,syntax_semantics,control_raising,existential_there_subject_raising,True,False,False,False,951,-56.65507507324219,-54.6355094909668,0
There wasn't likely to be a hill disgusting Gerald.,There wasn't overjoyed to be a hill disgusting Gerald.,syntax_semantics,control_raising,existential_there_subject_raising,True,False,False,False,952,-60.6511116027832,-77.03328704833984,1
There turned out to be a lot of essays about politics annoying Amy.,There try to be a lot of essays about politics annoying Amy.,syntax_semantics,control_raising,existential_there_subject_raising,True,False,False,False,953,-78.8631591796875,-72.94076538085938,0
There fail to be no cashiers muttering.,There need to be no cashiers muttering.,syntax_semantics,control_raising,existential_there_subject_raising,True,False,False,False,954,-60.128318786621094,-56.58989715576172,0
There proved to be a glove bothering Charles.,There managed to be a glove bothering Charles.,syntax_semantics,control_raising,existential_there_subject_raising,True,False,False,False,955,-52.78084182739258,-52.90964126586914,1
There were bound to be no photographs of Kimberley disappearing.,There were willing to be no photographs of Kimberley disappearing.,syntax_semantics,control_raising,existential_there_subject_raising,True,False,False,False,956,-72.83088684082031,-70.40817260742188,0
There can't look to be a shirt twisting.,There can't want to be a shirt twisting.,syntax_semantics,control_raising,existential_there_subject_raising,True,False,False,False,957,-49.41474151611328,-44.21928024291992,0
There seemed to be a lot of unicycles dropping.,There intended to be a lot of unicycles dropping.,syntax_semantics,control_raising,existential_there_subject_raising,True,False,False,False,958,-66.32005310058594,-69.576416015625,1
There didn't threaten to be a waiter waving.,There didn't bother to be a waiter waving.,syntax_semantics,control_raising,existential_there_subject_raising,True,False,False,False,959,-51.668853759765625,-47.606300354003906,0
There aren't about to be many pictures of most candles confusing Derek.,There aren't excited to be many pictures of most candles confusing Derek.,syntax_semantics,control_raising,existential_there_subject_raising,True,False,False,False,960,-84.35041809082031,-86.955322265625,1
There weren't proving to be many shows about the Balkans alarming Carlos.,There weren't failing to be many shows about the Balkans alarming Carlos.,syntax_semantics,control_raising,existential_there_subject_raising,True,False,False,False,961,-95.64311218261719,-92.45670318603516,0
There were sure to be fewer than three prints looking like a closet.,There were eager to be fewer than three prints looking like a closet.,syntax_semantics,control_raising,existential_there_subject_raising,True,False,False,False,962,-71.55025482177734,-72.94942474365234,1
There aren't sure to be fewer than three reports boring some girl.,There aren't excited to be fewer than three reports boring some girl.,syntax_semantics,control_raising,existential_there_subject_raising,True,False,False,False,963,-80.7168197631836,-84.24772644042969,1
There were apt to be more than three dishes disappearing.,There were excited to be more than three dishes disappearing.,syntax_semantics,control_raising,existential_there_subject_raising,True,False,False,False,964,-52.699256896972656,-54.422447204589844,1
There turns out to be a grocery store impressing Michelle.,There liked to be a grocery store impressing Michelle.,syntax_semantics,control_raising,existential_there_subject_raising,True,False,False,False,965,-70.1772689819336,-65.54842376708984,0
There are apt to be more than three paintings of Candice alarming Robert.,There are ready to be more than three paintings of Candice alarming Robert.,syntax_semantics,control_raising,existential_there_subject_raising,True,False,False,False,966,-88.94813537597656,-86.40646362304688,0
There turned out to be more than three stories about current events distracting Brenda.,There manage to be more than three stories about current events distracting Brenda.,syntax_semantics,control_raising,existential_there_subject_raising,True,False,False,False,967,-86.35742950439453,-83.30208587646484,0
There aren't apt to be more than three lakes scaring Jane.,There aren't unwilling to be more than three lakes scaring Jane.,syntax_semantics,control_raising,existential_there_subject_raising,True,False,False,False,968,-77.38880157470703,-75.00222778320312,0
There turns out to be an essay boring Holly.,There wishes to be an essay boring Holly.,syntax_semantics,control_raising,existential_there_subject_raising,True,False,False,False,969,-59.43653106689453,-54.45753479003906,0
There are likely to be a lot of cups distracting most associations.,There are unwilling to be a lot of cups distracting most associations.,syntax_semantics,control_raising,existential_there_subject_raising,True,False,False,False,970,-66.1107406616211,-69.124267578125,1
There is bound to be ice appearing.,There is unhappy to be ice appearing.,syntax_semantics,control_raising,existential_there_subject_raising,True,False,False,False,971,-44.711265563964844,-45.632347106933594,1
There were unlikely to be fewer than three waitresses noticing some adult.,There were able to be fewer than three waitresses noticing some adult.,syntax_semantics,control_raising,existential_there_subject_raising,True,False,False,False,972,-88.92213439941406,-82.9488525390625,0
There is threatening to be a patient expecting this pedestrian to hug Stephanie.,There is needing to be a patient expecting this pedestrian to hug Stephanie.,syntax_semantics,control_raising,existential_there_subject_raising,True,False,False,False,973,-92.82195281982422,-93.76043701171875,1
There was apt to be a sock wrinkling.,There was unable to be a sock wrinkling.,syntax_semantics,control_raising,existential_there_subject_raising,True,False,False,False,974,-46.80229568481445,-45.936927795410156,0
There turns out to be hair falling.,There proposed to be hair falling.,syntax_semantics,control_raising,existential_there_subject_raising,True,False,False,False,975,-44.54981994628906,-40.85566329956055,0
There isn't unlikely to be a patient cleaning these wheelbarrows.,There isn't reluctant to be a patient cleaning these wheelbarrows.,syntax_semantics,control_raising,existential_there_subject_raising,True,False,False,False,976,-80.45025634765625,-79.96397399902344,0
There aren't soon to be few libraries appreciating Anne.,There aren't unwilling to be few libraries appreciating Anne.,syntax_semantics,control_raising,existential_there_subject_raising,True,False,False,False,977,-78.68965148925781,-78.85069274902344,1
There were soon to be movies about Jesus boring most actresses.,There were unwilling to be movies about Jesus boring most actresses.,syntax_semantics,control_raising,existential_there_subject_raising,True,False,False,False,978,-80.41648864746094,-79.47193145751953,0
There turns out to be a bicycle slowing.,There failed to be a bicycle slowing.,syntax_semantics,control_raising,existential_there_subject_raising,True,False,False,False,979,-50.812110900878906,-45.886924743652344,0
There were threatening to be no sweaters falling.,There were needing to be no sweaters falling.,syntax_semantics,control_raising,existential_there_subject_raising,True,False,False,False,980,-55.113059997558594,-54.9351806640625,0
There were certain to be pictures shocking Amy.,There were overjoyed to be pictures shocking Amy.,syntax_semantics,control_raising,existential_there_subject_raising,True,False,False,False,981,-57.017799377441406,-67.66419219970703,1
There isn't likely to be a banana impressing Catherine.,There isn't able to be a banana impressing Catherine.,syntax_semantics,control_raising,existential_there_subject_raising,True,False,False,False,982,-61.455562591552734,-60.82668685913086,0
There aren't certain to be fewer than three universities compelling Eric's hairdresser to murmur.,There aren't eager to be fewer than three universities compelling Eric's hairdresser to murmur.,syntax_semantics,control_raising,existential_there_subject_raising,True,False,False,False,983,-121.63221740722656,-124.07777404785156,1
There wasn't appearing to be a screen tipping over.,There wasn't managing to be a screen tipping over.,syntax_semantics,control_raising,existential_there_subject_raising,True,False,False,False,984,-60.21476745605469,-57.86164093017578,0
There will look to be a daughter of Tina begging the legislatures to conspire.,There will attempt to be a daughter of Tina begging the legislatures to conspire.,syntax_semantics,control_raising,existential_there_subject_raising,True,False,False,False,985,-103.52840423583984,-101.44038391113281,0
There isn't certain to be a ladder confusing Martin.,There isn't excited to be a ladder confusing Martin.,syntax_semantics,control_raising,existential_there_subject_raising,True,False,False,False,986,-58.64699935913086,-59.71794891357422,1
There couldn't seem to be a lake annoying Natalie.,There couldn't intend to be a lake annoying Natalie.,syntax_semantics,control_raising,existential_there_subject_raising,True,False,False,False,987,-57.315826416015625,-60.1179313659668,1
There weren't certain to be more than three actresses stretching.,There weren't happy to be more than three actresses stretching.,syntax_semantics,control_raising,existential_there_subject_raising,True,False,False,False,988,-65.44518280029297,-65.3070068359375,0
There are apt to be no doors confusing Winston Churchill.,There are excited to be no doors confusing Winston Churchill.,syntax_semantics,control_raising,existential_there_subject_raising,True,False,False,False,989,-68.66920471191406,-69.6722183227539,1
There were sure to be fewer than three students touring the school.,There were pleased to be fewer than three students touring the school.,syntax_semantics,control_raising,existential_there_subject_raising,True,False,False,False,990,-67.95588684082031,-67.94061279296875,0
There threatens to be a bike worrying Kevin.,There continued to be a bike worrying Kevin.,syntax_semantics,control_raising,existential_there_subject_raising,True,False,False,False,991,-56.02382278442383,-54.032440185546875,0
There wasn't sure to be a projector vanishing.,There wasn't anxious to be a projector vanishing.,syntax_semantics,control_raising,existential_there_subject_raising,True,False,False,False,992,-52.86732482910156,-55.67670440673828,1
There have threatened to be boxes wasting away.,There have longed to be boxes wasting away.,syntax_semantics,control_raising,existential_there_subject_raising,True,False,False,False,993,-54.132625579833984,-60.243465423583984,1
There shouldn't seem to be few cars impressing every woman.,There shouldn't continue to be few cars impressing every woman.,syntax_semantics,control_raising,existential_there_subject_raising,True,False,False,False,994,-69.68880462646484,-73.33124542236328,1
There can't seem to be many chairs disappearing.,There can't long to be many chairs disappearing.,syntax_semantics,control_raising,existential_there_subject_raising,True,False,False,False,995,-49.460445404052734,-55.53240966796875,1
There might fail to be a hat shrinking.,There might manage to be a hat shrinking.,syntax_semantics,control_raising,existential_there_subject_raising,True,False,False,False,996,-47.69169616699219,-47.48503875732422,0
There look to be no shows about art winning.,There proposed to be no shows about art winning.,syntax_semantics,control_raising,existential_there_subject_raising,True,False,False,False,997,-60.91414260864258,-60.91978454589844,1
There isn't bound to be a photograph alarming Jane.,There isn't reluctant to be a photograph alarming Jane.,syntax_semantics,control_raising,existential_there_subject_raising,True,False,False,False,998,-64.49553680419922,-66.3108139038086,1
There isn't certain to be a university changing.,There isn't eager to be a university changing.,syntax_semantics,control_raising,existential_there_subject_raising,True,False,False,False,999,-49.9688720703125,-52.3505973815918,1
