sentence_good,sentence_bad,field,linguistics_term,UID,simple_LM_method,one_prefix_method,two_prefix_method,lexically_identical,pair_id,good_prob,bad_prob,correct
Tamara really exited those mountains.,Tamara ever exited those mountains.,semantics,npi_licensing,npi_present_2,True,True,False,False,0,-48.9399528503418,-47.95955276489258,0
Karen could certainly boycott this association.,Karen could ever boycott this association.,semantics,npi_licensing,npi_present_2,True,True,False,False,1,-55.94139099121094,-54.18031692504883,0
Every committee could often sell a river.,Every committee could ever sell a river.,semantics,npi_licensing,npi_present_2,True,True,False,False,2,-46.692283630371094,-45.71542739868164,0
Charles had often arrived at those restaurants.,Charles had ever arrived at those restaurants.,semantics,npi_licensing,npi_present_2,True,True,False,False,3,-42.117156982421875,-40.32994842529297,0
Many skateboards also roll.,Many skateboards ever roll.,semantics,npi_licensing,npi_present_2,True,True,False,False,4,-41.2012939453125,-42.62615966796875,1
Some river really vaporizes.,Some river ever vaporizes.,semantics,npi_licensing,npi_present_2,True,True,False,False,5,-43.67644500732422,-45.02556228637695,1
Guy has really listened to all customers.,Guy has ever listened to all customers.,semantics,npi_licensing,npi_present_2,True,True,False,False,6,-43.652748107910156,-40.881710052490234,0
Mark certainly struggles.,Mark ever struggles.,semantics,npi_licensing,npi_present_2,True,True,False,False,7,-24.49108123779297,-23.476966857910156,0
Ladies also answer.,Ladies ever answer.,semantics,npi_licensing,npi_present_2,True,True,False,False,8,-30.471948623657227,-30.47544288635254,1
A driver has clearly taken many snakes.,A driver has ever taken many snakes.,semantics,npi_licensing,npi_present_2,True,True,False,False,9,-50.211341857910156,-45.835166931152344,0
Homer certainly spins around.,Homer ever spins around.,semantics,npi_licensing,npi_present_2,True,True,False,False,10,-43.62925720214844,-41.91571807861328,0
That pepper might certainly go bad.,That pepper might ever go bad.,semantics,npi_licensing,npi_present_2,True,True,False,False,11,-47.1478385925293,-44.69349670410156,0
Some waiter clearly praised every documentary.,Some waiter ever praised every documentary.,semantics,npi_licensing,npi_present_2,True,True,False,False,12,-52.86283493041992,-49.76324462890625,0
Janice really broke the chairs.,Janice ever broke the chairs.,semantics,npi_licensing,npi_present_2,True,True,False,False,13,-38.39530944824219,-37.52154541015625,0
Andrew had certainly hugged Sonia.,Andrew had ever hugged Sonia.,semantics,npi_licensing,npi_present_2,True,True,False,False,14,-41.51348876953125,-37.23749542236328,0
This pedestrian also expects many screens to chip.,This pedestrian ever expects many screens to chip.,semantics,npi_licensing,npi_present_2,True,True,False,False,15,-69.11617279052734,-70.68159484863281,1
The people really escape from Carlos.,The people ever escape from Carlos.,semantics,npi_licensing,npi_present_2,True,True,False,False,16,-41.08515930175781,-39.3885498046875,0
The Borgias often write.,The Borgias ever write.,semantics,npi_licensing,npi_present_2,True,True,False,False,17,-41.70608139038086,-41.20669937133789,0
The lakes would certainly confuse the Lutherans.,The lakes would ever confuse the Lutherans.,semantics,npi_licensing,npi_present_2,True,True,False,False,18,-60.117279052734375,-58.646156311035156,0
Valerie has certainly vanished.,Valerie has ever vanished.,semantics,npi_licensing,npi_present_2,True,True,False,False,19,-38.21307373046875,-33.17154312133789,0
Some association also urged Richard to yell.,Some association ever urged Richard to yell.,semantics,npi_licensing,npi_present_2,True,True,False,False,20,-57.299781799316406,-54.164676666259766,0
Jane did certainly require the senator to heal Brad.,Jane did ever require the senator to heal Brad.,semantics,npi_licensing,npi_present_2,True,True,False,False,21,-62.6003303527832,-60.05857849121094,0
Noah has certainly forfeited.,Noah has ever forfeited.,semantics,npi_licensing,npi_present_2,True,True,False,False,22,-44.455047607421875,-42.66974639892578,0
These teenagers often eat.,These teenagers ever eat.,semantics,npi_licensing,npi_present_2,True,True,False,False,23,-31.17753028869629,-30.393524169921875,0
All horses had really confused most children.,All horses had ever confused most children.,semantics,npi_licensing,npi_present_2,True,True,False,False,24,-51.57391357421875,-50.62825012207031,0
A spotlight had clearly faded.,A spotlight had ever faded.,semantics,npi_licensing,npi_present_2,True,True,False,False,25,-45.35816955566406,-41.501792907714844,0
Most bananas should certainly grow.,Most bananas should ever grow.,semantics,npi_licensing,npi_present_2,True,True,False,False,26,-36.59074401855469,-34.61863708496094,0
Douglas could clearly conceal many lakes.,Douglas could ever conceal many lakes.,semantics,npi_licensing,npi_present_2,True,True,False,False,27,-55.861000061035156,-52.96435546875,0
Julie has clearly discovered Tammy to fall asleep.,Julie has ever discovered Tammy to fall asleep.,semantics,npi_licensing,npi_present_2,True,True,False,False,28,-67.95811462402344,-61.281070709228516,0
Some senators clearly read.,Some senators ever read.,semantics,npi_licensing,npi_present_2,True,True,False,False,29,-35.93988037109375,-30.2701358795166,0
The Clintons often testified.,The Clintons ever testified.,semantics,npi_licensing,npi_present_2,True,True,False,False,30,-39.86323165893555,-40.32710266113281,1
Pedestrians really sell every public park.,Pedestrians ever sell every public park.,semantics,npi_licensing,npi_present_2,True,True,False,False,31,-60.796504974365234,-59.99398422241211,0
This unicycle also steers.,This unicycle ever steers.,semantics,npi_licensing,npi_present_2,True,True,False,False,32,-46.202816009521484,-49.00139617919922,1
That broccoli clearly grows.,That broccoli ever grows.,semantics,npi_licensing,npi_present_2,True,True,False,False,33,-36.34257125854492,-36.37946701049805,1
Heather certainly bothered to wave.,Heather ever bothered to wave.,semantics,npi_licensing,npi_present_2,True,True,False,False,34,-44.318748474121094,-42.573970794677734,0
Monet also references Robert.,Monet ever references Robert.,semantics,npi_licensing,npi_present_2,True,True,False,False,35,-42.36697769165039,-46.72205352783203,1
Russell has clearly talked to Bruce.,Russell has ever talked to Bruce.,semantics,npi_licensing,npi_present_2,True,True,False,False,36,-40.421722412109375,-34.0024299621582,0
Christine has clearly turned out to go fishing.,Christine has ever turned out to go fishing.,semantics,npi_licensing,npi_present_2,True,True,False,False,37,-53.12200927734375,-47.13507080078125,0
A guest also astounded a library.,A guest ever astounded a library.,semantics,npi_licensing,npi_present_2,True,True,False,False,38,-52.851722717285156,-53.116641998291016,1
Those pedestrians could often talk about these guests.,Those pedestrians could ever talk about these guests.,semantics,npi_licensing,npi_present_2,True,True,False,False,39,-53.21360778808594,-51.219451904296875,0
Most sketches really confuse Anna.,Most sketches ever confuse Anna.,semantics,npi_licensing,npi_present_2,True,True,False,False,40,-42.99161148071289,-42.41516876220703,0
The association had certainly profited.,The association had ever profited.,semantics,npi_licensing,npi_present_2,True,True,False,False,41,-42.34996032714844,-39.755226135253906,0
An organization also benefited.,An organization ever benefited.,semantics,npi_licensing,npi_present_2,True,True,False,False,42,-30.86433219909668,-33.46272659301758,1
The men might also confer.,The men might ever confer.,semantics,npi_licensing,npi_present_2,True,True,False,False,43,-34.96974182128906,-35.37760543823242,1
That senator clearly ascends most mountains.,That senator ever ascends most mountains.,semantics,npi_licensing,npi_present_2,True,True,False,False,44,-63.99573516845703,-61.68455123901367,0
Craig certainly flees from Edward.,Craig ever flees from Edward.,semantics,npi_licensing,npi_present_2,True,True,False,False,45,-47.78916931152344,-45.5264892578125,0
The truck has clearly tipped over.,The truck has ever tipped over.,semantics,npi_licensing,npi_present_2,True,True,False,False,46,-42.79054641723633,-39.903724670410156,0
The bicycles really fell apart.,The bicycles ever fell apart.,semantics,npi_licensing,npi_present_2,True,True,False,False,47,-38.816650390625,-39.057891845703125,1
Mary has really scratched.,Mary has ever scratched.,semantics,npi_licensing,npi_present_2,True,True,False,False,48,-26.436527252197266,-24.561681747436523,0
The Lutherans often drink.,The Lutherans ever drink.,semantics,npi_licensing,npi_present_2,True,True,False,False,49,-41.343204498291016,-42.17217254638672,1
The skirts had really loosened.,The skirts had ever loosened.,semantics,npi_licensing,npi_present_2,True,True,False,False,50,-39.619537353515625,-37.06258773803711,0
Clyde had certainly baked.,Clyde had ever baked.,semantics,npi_licensing,npi_present_2,True,True,False,False,51,-50.25230026245117,-47.24119186401367,0
Homer often escapes.,Homer ever escapes.,semantics,npi_licensing,npi_present_2,True,True,False,False,52,-34.65447235107422,-35.67951965332031,1
Candice has really worn shirts.,Candice has ever worn shirts.,semantics,npi_licensing,npi_present_2,True,True,False,False,53,-43.505226135253906,-41.00030517578125,0
Gerald would clearly care for Samuel.,Gerald would ever care for Samuel.,semantics,npi_licensing,npi_present_2,True,True,False,False,54,-54.006996154785156,-47.70500946044922,0
Most pedestrians really grin.,Most pedestrians ever grin.,semantics,npi_licensing,npi_present_2,True,True,False,False,55,-35.61876678466797,-35.76634979248047,1
Brian might certainly forfeit.,Brian might ever forfeit.,semantics,npi_licensing,npi_present_2,True,True,False,False,56,-29.59615707397461,-28.34142303466797,0
Susan had certainly arrived at that library.,Susan had ever arrived at that library.,semantics,npi_licensing,npi_present_2,True,True,False,False,57,-42.46404266357422,-38.076446533203125,0
Some universities often convince a thesis to impress Amelia.,Some universities ever convince a thesis to impress Amelia.,semantics,npi_licensing,npi_present_2,True,True,False,False,58,-70.04830932617188,-70.20003509521484,1
Peter clearly pressures Liam to have those public parks.,Peter ever pressures Liam to have those public parks.,semantics,npi_licensing,npi_present_2,True,True,False,False,59,-71.98853302001953,-72.10478210449219,1
The shoe clearly existed.,The shoe ever existed.,semantics,npi_licensing,npi_present_2,True,True,False,False,60,-34.60702133178711,-31.687000274658203,0
A lot of glaciers clearly freeze.,A lot of glaciers ever freeze.,semantics,npi_licensing,npi_present_2,True,True,False,False,61,-48.702606201171875,-45.584537506103516,0
Rodney often changes.,Rodney ever changes.,semantics,npi_licensing,npi_present_2,True,True,False,False,62,-28.648780822753906,-28.83111000061035,1
Many ladies should also succeed.,Many ladies should ever succeed.,semantics,npi_licensing,npi_present_2,True,True,False,False,63,-36.25386428833008,-34.184104919433594,0
Donna could certainly arrive at that hospital.,Donna could ever arrive at that hospital.,semantics,npi_licensing,npi_present_2,True,True,False,False,64,-50.15778350830078,-48.203704833984375,0
Some guy often hunted.,Some guy ever hunted.,semantics,npi_licensing,npi_present_2,True,True,False,False,65,-29.854412078857422,-28.669790267944336,0
Stephanie did clearly break some chair.,Stephanie did ever break some chair.,semantics,npi_licensing,npi_present_2,True,True,False,False,66,-56.91416931152344,-50.5041389465332,0
Denise often irritated all companies.,Denise ever irritated all companies.,semantics,npi_licensing,npi_present_2,True,True,False,False,67,-45.032100677490234,-45.91973114013672,1
Some ice really condenses.,Some ice ever condenses.,semantics,npi_licensing,npi_present_2,True,True,False,False,68,-40.55958938598633,-41.544795989990234,1
Deborah did often forget about what scorched.,Deborah did ever forget about what scorched.,semantics,npi_licensing,npi_present_2,True,True,False,False,69,-59.21415710449219,-56.63214874267578,0
Gina certainly swallows.,Gina ever swallows.,semantics,npi_licensing,npi_present_2,True,True,False,False,70,-34.14440155029297,-32.58628845214844,0
Samantha also wrote.,Samantha ever wrote.,semantics,npi_licensing,npi_present_2,True,True,False,False,71,-34.43055725097656,-36.00292205810547,1
Laurie has also healed Raymond.,Laurie has ever healed Raymond.,semantics,npi_licensing,npi_present_2,True,True,False,False,72,-52.452030181884766,-54.114864349365234,1
Sabrina should certainly wake up.,Sabrina should ever wake up.,semantics,npi_licensing,npi_present_2,True,True,False,False,73,-38.9765625,-36.62415313720703,0
Rhonda had clearly watched Julie.,Rhonda had ever watched Julie.,semantics,npi_licensing,npi_present_2,True,True,False,False,74,-49.14368438720703,-41.633811950683594,0
Susan did often propose to hire Amy.,Susan did ever propose to hire Amy.,semantics,npi_licensing,npi_present_2,True,True,False,False,75,-43.959869384765625,-41.363922119140625,0
Jesus has really yelled.,Jesus has ever yelled.,semantics,npi_licensing,npi_present_2,True,True,False,False,76,-25.907258987426758,-24.963699340820312,0
Catherine has also refused to swallow.,Catherine has ever refused to swallow.,semantics,npi_licensing,npi_present_2,True,True,False,False,77,-43.26744842529297,-42.13578796386719,0
Rhonda often responds.,Rhonda ever responds.,semantics,npi_licensing,npi_present_2,True,True,False,False,78,-33.762229919433594,-34.027313232421875,1
Those teachers really look to look like that cat.,Those teachers ever look to look like that cat.,semantics,npi_licensing,npi_present_2,True,True,False,False,79,-47.136966705322266,-48.965675354003906,1
Those companies clearly entreat Galileo to hug Winston Churchill.,Those companies ever entreat Galileo to hug Winston Churchill.,semantics,npi_licensing,npi_present_2,True,True,False,False,80,-90.25843811035156,-87.1761474609375,0
The Great Lakes clearly worry Beverly.,The Great Lakes ever worry Beverly.,semantics,npi_licensing,npi_present_2,True,True,False,False,81,-56.188880920410156,-52.492950439453125,0
Nancy should often return to Bill.,Nancy should ever return to Bill.,semantics,npi_licensing,npi_present_2,True,True,False,False,82,-46.8470573425293,-43.26917266845703,0
Jerry might certainly swallow.,Jerry might ever swallow.,semantics,npi_licensing,npi_present_2,True,True,False,False,83,-27.27884292602539,-26.46661376953125,0
Some legislature should really clash.,Some legislature should ever clash.,semantics,npi_licensing,npi_present_2,True,True,False,False,84,-42.02092361450195,-40.729278564453125,0
Some water could really evaporate.,Some water could ever evaporate.,semantics,npi_licensing,npi_present_2,True,True,False,False,85,-40.87445068359375,-40.19279098510742,0
Those cashiers had certainly debated.,Those cashiers had ever debated.,semantics,npi_licensing,npi_present_2,True,True,False,False,86,-49.218658447265625,-45.872398376464844,0
Tamara had often concealed the senator.,Tamara had ever concealed the senator.,semantics,npi_licensing,npi_present_2,True,True,False,False,87,-44.4089241027832,-43.65286636352539,0
Brian really discovered an eye.,Brian ever discovered an eye.,semantics,npi_licensing,npi_present_2,True,True,False,False,88,-30.35589599609375,-29.459049224853516,0
Vincent often looked like a painting.,Vincent ever looked like a painting.,semantics,npi_licensing,npi_present_2,True,True,False,False,89,-43.05662536621094,-43.86425018310547,1
Some guest also explained everything.,Some guest ever explained everything.,semantics,npi_licensing,npi_present_2,True,True,False,False,90,-36.98558044433594,-37.66609573364258,1
Tamara often forgets about who discussed Elaine.,Tamara ever forgets about who discussed Elaine.,semantics,npi_licensing,npi_present_2,True,True,False,False,91,-72.83810424804688,-70.2042236328125,0
A lot of senators have really embraced.,A lot of senators have ever embraced.,semantics,npi_licensing,npi_present_2,True,True,False,False,92,-53.767677307128906,-52.423858642578125,0
Every skateboard often slowed.,Every skateboard ever slowed.,semantics,npi_licensing,npi_present_2,True,True,False,False,93,-43.111175537109375,-43.52423095703125,1
Donald would clearly urge Marie to hide.,Donald would ever urge Marie to hide.,semantics,npi_licensing,npi_present_2,True,True,False,False,94,-54.40361785888672,-48.37448501586914,0
Lawrence certainly tries to sit down.,Lawrence ever tries to sit down.,semantics,npi_licensing,npi_present_2,True,True,False,False,95,-42.446449279785156,-39.34798049926758,0
Danielle should clearly paint.,Danielle should ever paint.,semantics,npi_licensing,npi_present_2,True,True,False,False,96,-38.8817138671875,-34.04634094238281,0
Those boys clearly want to sing.,Those boys ever want to sing.,semantics,npi_licensing,npi_present_2,True,True,False,False,97,-36.77546691894531,-30.514312744140625,0
Nina certainly cooperates.,Nina ever cooperates.,semantics,npi_licensing,npi_present_2,True,True,False,False,98,-39.03706359863281,-38.51854705810547,0
Homer has clearly explained everything.,Homer has ever explained everything.,semantics,npi_licensing,npi_present_2,True,True,False,False,99,-44.8834114074707,-40.36286926269531,0
Those glasses also twisted.,Those glasses ever twisted.,semantics,npi_licensing,npi_present_2,True,True,False,False,100,-33.49559783935547,-33.00059509277344,0
Becca could often return to Ann.,Becca could ever return to Ann.,semantics,npi_licensing,npi_present_2,True,True,False,False,101,-51.03004837036133,-48.787208557128906,0
Stacey certainly required that school to hurt Gary.,Stacey ever required that school to hurt Gary.,semantics,npi_licensing,npi_present_2,True,True,False,False,102,-67.61759948730469,-67.89702606201172,1
The Borgias really profited.,The Borgias ever profited.,semantics,npi_licensing,npi_present_2,True,True,False,False,103,-48.550506591796875,-47.630760192871094,0
Tiffany often answers.,Tiffany ever answers.,semantics,npi_licensing,npi_present_2,True,True,False,False,104,-39.74985885620117,-39.60333251953125,0
Those teachers also cough.,Those teachers ever cough.,semantics,npi_licensing,npi_present_2,True,True,False,False,105,-30.620651245117188,-31.618257522583008,1
Janice certainly obligated Ronald to drink.,Janice ever obligated Ronald to drink.,semantics,npi_licensing,npi_present_2,True,True,False,False,106,-62.105445861816406,-59.597171783447266,0
These children did certainly find Charles to hire Nicole.,These children did ever find Charles to hire Nicole.,semantics,npi_licensing,npi_present_2,True,True,False,False,107,-66.079345703125,-62.0639762878418,0
People really visit Nina.,People ever visit Nina.,semantics,npi_licensing,npi_present_2,True,True,False,False,108,-29.935504913330078,-29.052738189697266,0
Larry often went fishing.,Larry ever went fishing.,semantics,npi_licensing,npi_present_2,True,True,False,False,109,-28.283824920654297,-26.220701217651367,0
Tiffany did certainly scan that newspaper article.,Tiffany did ever scan that newspaper article.,semantics,npi_licensing,npi_present_2,True,True,False,False,110,-70.9267807006836,-68.63745880126953,0
Most mushrooms have also grown.,Most mushrooms have ever grown.,semantics,npi_licensing,npi_present_2,True,True,False,False,111,-35.82752227783203,-35.75996398925781,0
Rodney did often command every girl to tour some bank.,Rodney did ever command every girl to tour some bank.,semantics,npi_licensing,npi_present_2,True,True,False,False,112,-80.77754211425781,-77.67230987548828,0
Alan often investigated this committee.,Alan ever investigated this committee.,semantics,npi_licensing,npi_present_2,True,True,False,False,113,-33.63742446899414,-34.21586608886719,1
A lot of sweaters really crumpled.,A lot of sweaters ever crumpled.,semantics,npi_licensing,npi_present_2,True,True,False,False,114,-66.5267333984375,-68.21598052978516,1
Ruth has really concealed who had stood up.,Ruth has ever concealed who had stood up.,semantics,npi_licensing,npi_present_2,True,True,False,False,115,-62.9310302734375,-56.832603454589844,0
Dennis had also explored a high school.,Dennis had ever explored a high school.,semantics,npi_licensing,npi_present_2,True,True,False,False,116,-46.84294128417969,-46.04423522949219,0
Most shawls often wrinkle.,Most shawls ever wrinkle.,semantics,npi_licensing,npi_present_2,True,True,False,False,117,-47.90827941894531,-49.613128662109375,1
All boxes often open.,All boxes ever open.,semantics,npi_licensing,npi_present_2,True,True,False,False,118,-29.468311309814453,-28.925457000732422,0
Some tomato did really grow.,Some tomato did ever grow.,semantics,npi_licensing,npi_present_2,True,True,False,False,119,-36.566810607910156,-35.98262023925781,0
The Lutherans might also believe Patricia to buy most ladders.,The Lutherans might ever believe Patricia to buy most ladders.,semantics,npi_licensing,npi_present_2,True,True,False,False,120,-86.39717102050781,-85.45867919921875,0
Every jacket really fell.,Every jacket ever fell.,semantics,npi_licensing,npi_present_2,True,True,False,False,121,-31.804912567138672,-32.27165222167969,1
Tanya did clearly hide.,Tanya did ever hide.,semantics,npi_licensing,npi_present_2,True,True,False,False,122,-39.70165252685547,-33.88800811767578,0
All companies often hope to change.,All companies ever hope to change.,semantics,npi_licensing,npi_present_2,True,True,False,False,123,-38.57549285888672,-37.57063293457031,0
Carmen also smiles.,Carmen ever smiles.,semantics,npi_licensing,npi_present_2,True,True,False,False,124,-34.71244812011719,-36.429107666015625,1
Kathleen certainly won.,Kathleen ever won.,semantics,npi_licensing,npi_present_2,True,True,False,False,125,-43.43815994262695,-40.8889274597168,0
A lot of sweaters often appear.,A lot of sweaters ever appear.,semantics,npi_licensing,npi_present_2,True,True,False,False,126,-48.33995819091797,-48.50442123413086,1
The Lutherans clearly forget about what weren't threatening to get a job.,The Lutherans ever forget about what weren't threatening to get a job.,semantics,npi_licensing,npi_present_2,True,True,False,False,127,-86.99372863769531,-83.78960418701172,0
Ruth had also remembered what chipped.,Ruth had ever remembered what chipped.,semantics,npi_licensing,npi_present_2,True,True,False,False,128,-53.294334411621094,-51.448028564453125,0
A lot of adults also find out who weeps.,A lot of adults ever find out who weeps.,semantics,npi_licensing,npi_present_2,True,True,False,False,129,-66.42182159423828,-63.89562225341797,0
The shirt clearly unfolds.,The shirt ever unfolds.,semantics,npi_licensing,npi_present_2,True,True,False,False,130,-36.54814910888672,-37.0191650390625,1
Laurie has certainly insulted Timothy.,Laurie has ever insulted Timothy.,semantics,npi_licensing,npi_present_2,True,True,False,False,131,-58.43470764160156,-53.429107666015625,0
This spotlight clearly fades.,This spotlight ever fades.,semantics,npi_licensing,npi_present_2,True,True,False,False,132,-37.677207946777344,-38.162025451660156,1
The skateboard has clearly slipped.,The skateboard has ever slipped.,semantics,npi_licensing,npi_present_2,True,True,False,False,133,-48.724952697753906,-42.99560546875,0
Derek also enticed Andrew's dermatologist to skate around a lot of grocery stores.,Derek ever enticed Andrew's dermatologist to skate around a lot of grocery stores.,semantics,npi_licensing,npi_present_2,True,True,False,False,134,-122.74235534667969,-122.80591583251953,1
The Impressionists often change.,The Impressionists ever change.,semantics,npi_licensing,npi_present_2,True,True,False,False,135,-43.66398620605469,-44.647674560546875,1
Alexander has really saluted.,Alexander has ever saluted.,semantics,npi_licensing,npi_present_2,True,True,False,False,136,-32.04216003417969,-30.02881622314453,0
The apples certainly went bad.,The apples ever went bad.,semantics,npi_licensing,npi_present_2,True,True,False,False,137,-41.87831497192383,-39.27574157714844,0
Some blouse had certainly tightened.,Some blouse had ever tightened.,semantics,npi_licensing,npi_present_2,True,True,False,False,138,-44.5086555480957,-42.262298583984375,0
All scarves clearly fold.,All scarves ever fold.,semantics,npi_licensing,npi_present_2,True,True,False,False,139,-47.05354690551758,-44.399566650390625,0
All icicles often evaporate.,All icicles ever evaporate.,semantics,npi_licensing,npi_present_2,True,True,False,False,140,-46.190582275390625,-46.98917770385742,1
Some ladies might really hide Erin.,Some ladies might ever hide Erin.,semantics,npi_licensing,npi_present_2,True,True,False,False,141,-47.52716064453125,-46.52486038208008,0
Kristen had also compromised.,Kristen had ever compromised.,semantics,npi_licensing,npi_present_2,True,True,False,False,142,-31.882423400878906,-31.313026428222656,0
Galileo has often questioned Sonia.,Galileo has ever questioned Sonia.,semantics,npi_licensing,npi_present_2,True,True,False,False,143,-53.48179626464844,-52.839420318603516,0
Bruce had really considered Spain to answer.,Bruce had ever considered Spain to answer.,semantics,npi_licensing,npi_present_2,True,True,False,False,144,-44.68178176879883,-41.754638671875,0
Regina would often believe current events to confuse some bank.,Regina would ever believe current events to confuse some bank.,semantics,npi_licensing,npi_present_2,True,True,False,False,145,-75.50609588623047,-74.51417541503906,0
Samuel should also reveal what closes.,Samuel should ever reveal what closes.,semantics,npi_licensing,npi_present_2,True,True,False,False,146,-54.652076721191406,-54.31024169921875,0
A skirt has often aggravated those museums.,A skirt has ever aggravated those museums.,semantics,npi_licensing,npi_present_2,True,True,False,False,147,-58.07743453979492,-57.434017181396484,0
Mitchell has clearly healed that pedestrian.,Mitchell has ever healed that pedestrian.,semantics,npi_licensing,npi_present_2,True,True,False,False,148,-57.41073989868164,-54.569541931152344,0
Monet did often obligate most senators' colleagues to write.,Monet did ever obligate most senators' colleagues to write.,semantics,npi_licensing,npi_present_2,True,True,False,False,149,-89.15773010253906,-86.31744384765625,0
Leslie can certainly listen to Patrick.,Leslie can ever listen to Patrick.,semantics,npi_licensing,npi_present_2,True,True,False,False,150,-45.072410583496094,-43.33869934082031,0
This carriage also dropped.,This carriage ever dropped.,semantics,npi_licensing,npi_present_2,True,True,False,False,151,-30.94499969482422,-29.75202178955078,0
Kenneth does certainly boycott a lot of committees.,Kenneth does ever boycott a lot of committees.,semantics,npi_licensing,npi_present_2,True,True,False,False,152,-60.31734848022461,-58.89148712158203,0
Dancers clearly press Carla to flee from Christina.,Dancers ever press Carla to flee from Christina.,semantics,npi_licensing,npi_present_2,True,True,False,False,153,-79.46919250488281,-77.08454132080078,0
This dress clearly flattens.,This dress ever flattens.,semantics,npi_licensing,npi_present_2,True,True,False,False,154,-41.36384201049805,-40.18366241455078,0
Maria really implores these sisters of Stephen to spin around.,Maria ever implores these sisters of Stephen to spin around.,semantics,npi_licensing,npi_present_2,True,True,False,False,155,-84.62504577636719,-83.88412475585938,0
Alicia had often seen the spotlight.,Alicia had ever seen the spotlight.,semantics,npi_licensing,npi_present_2,True,True,False,False,156,-49.451717376708984,-47.32963180541992,0
Some doctor certainly broke the unicycle.,Some doctor ever broke the unicycle.,semantics,npi_licensing,npi_present_2,True,True,False,False,157,-51.878822326660156,-49.98029708862305,0
The light has certainly brightened.,The light has ever brightened.,semantics,npi_licensing,npi_present_2,True,True,False,False,158,-40.385887145996094,-39.53016662597656,0
Teresa clearly sounds like Deborah.,Teresa ever sounds like Deborah.,semantics,npi_licensing,npi_present_2,True,True,False,False,159,-48.328086853027344,-49.09807205200195,1
A lot of children clearly induce these governments to worry a guest.,A lot of children ever induce these governments to worry a guest.,semantics,npi_licensing,npi_present_2,True,True,False,False,160,-82.75477600097656,-79.31629180908203,0
Theodore often likes the fish.,Theodore ever likes the fish.,semantics,npi_licensing,npi_present_2,True,True,False,False,161,-41.33243179321289,-42.97296142578125,1
Frank certainly responds.,Frank ever responds.,semantics,npi_licensing,npi_present_2,True,True,False,False,162,-25.218605041503906,-23.857818603515625,0
Every student had really woken up.,Every student had ever woken up.,semantics,npi_licensing,npi_present_2,True,True,False,False,163,-45.75019836425781,-44.30341339111328,0
Sally often appreciates Ella.,Sally ever appreciates Ella.,semantics,npi_licensing,npi_present_2,True,True,False,False,164,-50.905067443847656,-50.79235076904297,0
Danielle has often studied.,Danielle has ever studied.,semantics,npi_licensing,npi_present_2,True,True,False,False,165,-30.557437896728516,-30.746732711791992,1
Holly clearly declares Florence to escape.,Holly ever declares Florence to escape.,semantics,npi_licensing,npi_present_2,True,True,False,False,166,-57.073238372802734,-53.66845703125,0
Carol really talks to drivers.,Carol ever talks to drivers.,semantics,npi_licensing,npi_present_2,True,True,False,False,167,-43.480960845947266,-44.52845764160156,1
Most boys often force Deborah to aggravate Alexander.,Most boys ever force Deborah to aggravate Alexander.,semantics,npi_licensing,npi_present_2,True,True,False,False,168,-73.26786804199219,-72.53463745117188,0
Those women often perform.,Those women ever perform.,semantics,npi_licensing,npi_present_2,True,True,False,False,169,-27.01170539855957,-26.80278205871582,0
Jason also required Wayne to find Jill.,Jason ever required Wayne to find Jill.,semantics,npi_licensing,npi_present_2,True,True,False,False,170,-54.50154495239258,-56.925323486328125,1
Omar can really seem to communicate.,Omar can ever seem to communicate.,semantics,npi_licensing,npi_present_2,True,True,False,False,171,-43.28376770019531,-44.43956756591797,1
Alicia can certainly grin.,Alicia can ever grin.,semantics,npi_licensing,npi_present_2,True,True,False,False,172,-45.6823616027832,-45.36317825317383,0
The Impressionists also argue about Todd.,The Impressionists ever argue about Todd.,semantics,npi_licensing,npi_present_2,True,True,False,False,173,-59.7630729675293,-60.60979461669922,1
Most boys have often clashed.,Most boys have ever clashed.,semantics,npi_licensing,npi_present_2,True,True,False,False,174,-37.74552917480469,-36.987064361572266,0
Susan often bikes to that mall.,Susan ever bikes to that mall.,semantics,npi_licensing,npi_present_2,True,True,False,False,175,-48.60634231567383,-47.913909912109375,0
Natalie often thinks about who have believed Stacey to exit that restaurant.,Natalie ever thinks about who have believed Stacey to exit that restaurant.,semantics,npi_licensing,npi_present_2,True,True,False,False,176,-101.69841766357422,-101.29776763916016,0
Teresa certainly thought about Laura.,Teresa ever thought about Laura.,semantics,npi_licensing,npi_present_2,True,True,False,False,177,-44.68579864501953,-42.02227020263672,0
Marcus did often tempt Carl's mothers to hire Paul.,Marcus did ever tempt Carl's mothers to hire Paul.,semantics,npi_licensing,npi_present_2,True,True,False,False,178,-72.34806823730469,-69.14985656738281,0
Carmen did really explain everything.,Carmen did ever explain everything.,semantics,npi_licensing,npi_present_2,True,True,False,False,179,-45.55139923095703,-44.26042556762695,0
Stephanie would often speak up.,Stephanie would ever speak up.,semantics,npi_licensing,npi_present_2,True,True,False,False,180,-45.2259521484375,-43.378257751464844,0
Amanda clearly practices.,Amanda ever practices.,semantics,npi_licensing,npi_present_2,True,True,False,False,181,-33.743431091308594,-32.88431167602539,0
Kimberley had often seemed to distract Michael.,Kimberley had ever seemed to distract Michael.,semantics,npi_licensing,npi_present_2,True,True,False,False,182,-58.76741027832031,-56.67942810058594,0
Dennis really fell.,Dennis ever fell.,semantics,npi_licensing,npi_present_2,True,True,False,False,183,-30.78976821899414,-31.7277774810791,1
Pedestrians also spin around.,Pedestrians ever spin around.,semantics,npi_licensing,npi_present_2,True,True,False,False,184,-45.892555236816406,-46.433467864990234,1
Some projectors also dimmed.,Some projectors ever dimmed.,semantics,npi_licensing,npi_present_2,True,True,False,False,185,-50.50242614746094,-51.63603973388672,1
Jill would clearly stretch.,Jill would ever stretch.,semantics,npi_licensing,npi_present_2,True,True,False,False,186,-39.22246551513672,-33.44740295410156,0
That bread will also bore Douglas.,That bread will ever bore Douglas.,semantics,npi_licensing,npi_present_2,True,True,False,False,187,-51.67734146118164,-50.3780403137207,0
Brett clearly scanned these newspaper articles.,Brett ever scanned these newspaper articles.,semantics,npi_licensing,npi_present_2,True,True,False,False,188,-61.32813262939453,-58.93788528442383,0
Michael does often break the window.,Michael does ever break the window.,semantics,npi_licensing,npi_present_2,True,True,False,False,189,-33.45719528198242,-31.26255989074707,0
Those hospitals also reacted.,Those hospitals ever reacted.,semantics,npi_licensing,npi_present_2,True,True,False,False,190,-33.430458068847656,-34.00969696044922,1
Russell had often tempted Patrick's podiatrist to read.,Russell had ever tempted Patrick's podiatrist to read.,semantics,npi_licensing,npi_present_2,True,True,False,False,191,-87.72611236572266,-86.99873352050781,0
Laura really approached a lot of teenagers.,Laura ever approached a lot of teenagers.,semantics,npi_licensing,npi_present_2,True,True,False,False,192,-41.41155242919922,-41.196022033691406,0
The Lutherans clearly scanned the commentaries.,The Lutherans ever scanned the commentaries.,semantics,npi_licensing,npi_present_2,True,True,False,False,193,-66.03590393066406,-64.96139526367188,0
Waitresses clearly marry.,Waitresses ever marry.,semantics,npi_licensing,npi_present_2,True,True,False,False,194,-37.231571197509766,-34.66569519042969,0
Laura could really sing.,Laura could ever sing.,semantics,npi_licensing,npi_present_2,True,True,False,False,195,-26.910873413085938,-26.010847091674805,0
Every popsicle should clearly evaporate.,Every popsicle should ever evaporate.,semantics,npi_licensing,npi_present_2,True,True,False,False,196,-54.26066207885742,-51.9592399597168,0
Patrick certainly talks to this guy.,Patrick ever talks to this guy.,semantics,npi_licensing,npi_present_2,True,True,False,False,197,-34.83461380004883,-33.12298583984375,0
Some eggplants often ripen.,Some eggplants ever ripen.,semantics,npi_licensing,npi_present_2,True,True,False,False,198,-48.62071990966797,-51.161155700683594,1
Kenneth can really cry.,Kenneth can ever cry.,semantics,npi_licensing,npi_present_2,True,True,False,False,199,-32.2820930480957,-32.73923110961914,1
Jennifer should really hide away.,Jennifer should ever hide away.,semantics,npi_licensing,npi_present_2,True,True,False,False,200,-31.16916847229004,-30.509971618652344,0
A lot of actors have often benefited.,A lot of actors have ever benefited.,semantics,npi_licensing,npi_present_2,True,True,False,False,201,-47.946712493896484,-47.866180419921875,0
Bicycles often crash.,Bicycles ever crash.,semantics,npi_licensing,npi_present_2,True,True,False,False,202,-43.921695709228516,-43.94287872314453,1
Theresa did clearly depart.,Theresa did ever depart.,semantics,npi_licensing,npi_present_2,True,True,False,False,203,-43.216392517089844,-37.96105194091797,0
Robert should clearly complain.,Robert should ever complain.,semantics,npi_licensing,npi_present_2,True,True,False,False,204,-30.6324520111084,-25.26150131225586,0
The apples clearly grew.,The apples ever grew.,semantics,npi_licensing,npi_present_2,True,True,False,False,205,-35.39540100097656,-33.15202713012695,0
Leslie clearly criticizes every hospital.,Leslie ever criticizes every hospital.,semantics,npi_licensing,npi_present_2,True,True,False,False,206,-58.05473327636719,-56.872928619384766,0
Mitchell certainly scared Jill.,Mitchell ever scared Jill.,semantics,npi_licensing,npi_present_2,True,True,False,False,207,-48.254295349121094,-45.173423767089844,0
Roger might often go fishing.,Roger might ever go fishing.,semantics,npi_licensing,npi_present_2,True,True,False,False,208,-30.97776222229004,-30.14308738708496,0
Denise clearly conceals some man.,Denise ever conceals some man.,semantics,npi_licensing,npi_present_2,True,True,False,False,209,-50.159393310546875,-48.72528839111328,0
Brad should often realize who might grin.,Brad should ever realize who might grin.,semantics,npi_licensing,npi_present_2,True,True,False,False,210,-46.25569534301758,-43.962093353271484,0
Tonya has clearly concealed Connie.,Tonya has ever concealed Connie.,semantics,npi_licensing,npi_present_2,True,True,False,False,211,-49.34980773925781,-45.761268615722656,0
Janet does really cure Michelle.,Janet does ever cure Michelle.,semantics,npi_licensing,npi_present_2,True,True,False,False,212,-44.479148864746094,-44.42963790893555,0
Monica certainly wins.,Monica ever wins.,semantics,npi_licensing,npi_present_2,True,True,False,False,213,-32.7396240234375,-30.147457122802734,0
A lot of teachers often listen to some actors.,A lot of teachers ever listen to some actors.,semantics,npi_licensing,npi_present_2,True,True,False,False,214,-54.076148986816406,-53.795013427734375,0
A lot of universities certainly want Kayla to sing.,A lot of universities ever want Kayla to sing.,semantics,npi_licensing,npi_present_2,True,True,False,False,215,-72.74551391601562,-70.04510498046875,0
Some box certainly annoys Gerald.,Some box ever annoys Gerald.,semantics,npi_licensing,npi_present_2,True,True,False,False,216,-49.48908996582031,-47.393898010253906,0
Patricia often moves.,Patricia ever moves.,semantics,npi_licensing,npi_present_2,True,True,False,False,217,-32.7691650390625,-32.22195053100586,0
Most libraries also seem to spin around.,Most libraries ever seem to spin around.,semantics,npi_licensing,npi_present_2,True,True,False,False,218,-47.92429733276367,-46.17012023925781,0
A skateboard had certainly chipped.,A skateboard had ever chipped.,semantics,npi_licensing,npi_present_2,True,True,False,False,219,-54.16456985473633,-52.05377197265625,0
Christopher also begs this cashier to sing.,Christopher ever begs this cashier to sing.,semantics,npi_licensing,npi_present_2,True,True,False,False,220,-57.642642974853516,-58.24626159667969,1
Those eyes had often shut.,Those eyes had ever shut.,semantics,npi_licensing,npi_present_2,True,True,False,False,221,-33.547019958496094,-31.947505950927734,0
Maria really hired Heather.,Maria ever hired Heather.,semantics,npi_licensing,npi_present_2,True,True,False,False,222,-32.773345947265625,-33.36939239501953,1
Omar could often boycott the Great Lakes.,Omar could ever boycott the Great Lakes.,semantics,npi_licensing,npi_present_2,True,True,False,False,223,-60.78541946411133,-59.858795166015625,0
These coats really twisted.,These coats ever twisted.,semantics,npi_licensing,npi_present_2,True,True,False,False,224,-33.1741943359375,-33.58201217651367,1
Richard had certainly laughed.,Richard had ever laughed.,semantics,npi_licensing,npi_present_2,True,True,False,False,225,-26.654306411743164,-22.360580444335938,0
A lot of senators should clearly yearn to love Naomi.,A lot of senators should ever yearn to love Naomi.,semantics,npi_licensing,npi_present_2,True,True,False,False,226,-92.58219909667969,-88.3224105834961,0
A lot of actresses really sell the scarf.,A lot of actresses ever sell the scarf.,semantics,npi_licensing,npi_present_2,True,True,False,False,227,-57.79886245727539,-57.573081970214844,0
Donna also thinks about what has tipped over.,Donna ever thinks about what has tipped over.,semantics,npi_licensing,npi_present_2,True,True,False,False,228,-57.206024169921875,-58.24203109741211,1
Most cashiers often respect Eva.,Most cashiers ever respect Eva.,semantics,npi_licensing,npi_present_2,True,True,False,False,229,-53.74408721923828,-53.20489501953125,0
The spotlight often dimmed.,The spotlight ever dimmed.,semantics,npi_licensing,npi_present_2,True,True,False,False,230,-42.94700622558594,-45.57868194580078,1
Most boys certainly leave Sabrina.,Most boys ever leave Sabrina.,semantics,npi_licensing,npi_present_2,True,True,False,False,231,-48.63296127319336,-45.66155242919922,0
Most actors certainly escaped from Peter.,Most actors ever escaped from Peter.,semantics,npi_licensing,npi_present_2,True,True,False,False,232,-47.272125244140625,-41.73432159423828,0
These peppers have clearly ripened.,These peppers have ever ripened.,semantics,npi_licensing,npi_present_2,True,True,False,False,233,-47.661102294921875,-43.21898651123047,0
Jason really fires Noah.,Jason ever fires Noah.,semantics,npi_licensing,npi_present_2,True,True,False,False,234,-37.39380645751953,-37.48015213012695,1
Heidi really drinks.,Heidi ever drinks.,semantics,npi_licensing,npi_present_2,True,True,False,False,235,-34.335975646972656,-35.98301696777344,1
A lot of actors clearly irritate Bruce.,A lot of actors ever irritate Bruce.,semantics,npi_licensing,npi_present_2,True,True,False,False,236,-61.652862548828125,-60.210296630859375,0
Wayne really complained.,Wayne ever complained.,semantics,npi_licensing,npi_present_2,True,True,False,False,237,-27.600845336914062,-27.359371185302734,0
Sheila often visited Rachelle.,Sheila ever visited Rachelle.,semantics,npi_licensing,npi_present_2,True,True,False,False,238,-46.34429931640625,-46.20624542236328,0
All organizations did certainly entreat these waitresses' associate to concur.,All organizations did ever entreat these waitresses' associate to concur.,semantics,npi_licensing,npi_present_2,True,True,False,False,239,-121.082763671875,-118.07968139648438,0
The carriages often rust.,The carriages ever rust.,semantics,npi_licensing,npi_present_2,True,True,False,False,240,-42.0453987121582,-41.797119140625,0
The scarves certainly soaked.,The scarves ever soaked.,semantics,npi_licensing,npi_present_2,True,True,False,False,241,-44.93621826171875,-42.61790084838867,0
Kevin also wears some shirt.,Kevin ever wears some shirt.,semantics,npi_licensing,npi_present_2,True,True,False,False,242,-32.49158477783203,-34.42774200439453,1
That person has clearly tried to clean the closet.,That person has ever tried to clean the closet.,semantics,npi_licensing,npi_present_2,True,True,False,False,243,-54.285858154296875,-48.376258850097656,0
Rachel has certainly listened to Sandra.,Rachel has ever listened to Sandra.,semantics,npi_licensing,npi_present_2,True,True,False,False,244,-40.57148742675781,-35.64889144897461,0
The vase really confuses Sarah.,The vase ever confuses Sarah.,semantics,npi_licensing,npi_present_2,True,True,False,False,245,-57.05711364746094,-56.38421630859375,0
A gate clearly closed.,A gate ever closed.,semantics,npi_licensing,npi_present_2,True,True,False,False,246,-34.2056770324707,-31.962615966796875,0
A cashier also swallows.,A cashier ever swallows.,semantics,npi_licensing,npi_present_2,True,True,False,False,247,-47.23334884643555,-47.97014236450195,1
Many girls would often lie.,Many girls would ever lie.,semantics,npi_licensing,npi_present_2,True,True,False,False,248,-31.57247543334961,-31.076019287109375,0
Charles does often yell.,Charles does ever yell.,semantics,npi_licensing,npi_present_2,True,True,False,False,249,-25.98158073425293,-25.044830322265625,0
Joel also annoyed Adam.,Joel ever annoyed Adam.,semantics,npi_licensing,npi_present_2,True,True,False,False,250,-38.313106536865234,-38.63390350341797,1
Sheila clearly pressured some analysis to change.,Sheila ever pressured some analysis to change.,semantics,npi_licensing,npi_present_2,True,True,False,False,251,-61.28402328491211,-60.91992950439453,0
This university would often compete.,This university would ever compete.,semantics,npi_licensing,npi_present_2,True,True,False,False,252,-35.13311004638672,-34.500396728515625,0
The book often disgusted this waiter.,The book ever disgusted this waiter.,semantics,npi_licensing,npi_present_2,True,True,False,False,253,-46.93673324584961,-48.08293533325195,1
Bill had really known Lori.,Bill had ever known Lori.,semantics,npi_licensing,npi_present_2,True,True,False,False,254,-35.810935974121094,-32.335113525390625,0
Rose clearly imagines Sherry couldn't eat.,Rose ever imagines Sherry couldn't eat.,semantics,npi_licensing,npi_present_2,True,True,False,False,255,-67.48284912109375,-65.9173583984375,0
Ella really hid some senators.,Ella ever hid some senators.,semantics,npi_licensing,npi_present_2,True,True,False,False,256,-48.831703186035156,-47.612632751464844,0
Some coat really crumples.,Some coat ever crumples.,semantics,npi_licensing,npi_present_2,True,True,False,False,257,-46.032047271728516,-47.16370391845703,1
Turtles might certainly ascend some hills.,Turtles might ever ascend some hills.,semantics,npi_licensing,npi_present_2,True,True,False,False,258,-59.36248779296875,-57.01640319824219,0
The Lutherans clearly practice.,The Lutherans ever practice.,semantics,npi_licensing,npi_present_2,True,True,False,False,259,-44.326271057128906,-42.9507942199707,0
The glasses often crumple.,The glasses ever crumple.,semantics,npi_licensing,npi_present_2,True,True,False,False,260,-44.3828125,-45.289306640625,1
Some dress clearly folded.,Some dress ever folded.,semantics,npi_licensing,npi_present_2,True,True,False,False,261,-34.6929931640625,-32.723541259765625,0
Frank really watched Samantha.,Frank ever watched Samantha.,semantics,npi_licensing,npi_present_2,True,True,False,False,262,-31.76340103149414,-29.664472579956055,0
The Lutherans also prompt Sarah's mother to wave.,The Lutherans ever prompt Sarah's mother to wave.,semantics,npi_licensing,npi_present_2,True,True,False,False,263,-74.50225830078125,-76.42308807373047,1
The universities often continue to lie.,The universities ever continue to lie.,semantics,npi_licensing,npi_present_2,True,True,False,False,264,-37.443477630615234,-38.34840393066406,1
April had clearly judged all adults to testify.,April had ever judged all adults to testify.,semantics,npi_licensing,npi_present_2,True,True,False,False,265,-56.068817138671875,-51.25266647338867,0
Kayla certainly murmured.,Kayla ever murmured.,semantics,npi_licensing,npi_present_2,True,True,False,False,266,-35.439720153808594,-33.22869110107422,0
Tina often discovered some cucumbers to resemble those prints.,Tina ever discovered some cucumbers to resemble those prints.,semantics,npi_licensing,npi_present_2,True,True,False,False,267,-79.07585144042969,-78.71622467041016,0
These people clearly hide away.,These people ever hide away.,semantics,npi_licensing,npi_present_2,True,True,False,False,268,-34.639198303222656,-29.603443145751953,0
These universities can often explain everything.,These universities can ever explain everything.,semantics,npi_licensing,npi_present_2,True,True,False,False,269,-38.68169403076172,-37.795249938964844,0
Florence has also taken some snakes.,Florence has ever taken some snakes.,semantics,npi_licensing,npi_present_2,True,True,False,False,270,-47.134063720703125,-48.611305236816406,1
Janet does often hate Stephanie.,Janet does ever hate Stephanie.,semantics,npi_licensing,npi_present_2,True,True,False,False,271,-45.30964279174805,-43.100311279296875,0
Catherine had really hated many waitresses.,Catherine had ever hated many waitresses.,semantics,npi_licensing,npi_present_2,True,True,False,False,272,-68.0450210571289,-63.048431396484375,0
This government also pressures Veronica to learn.,This government ever pressures Veronica to learn.,semantics,npi_licensing,npi_present_2,True,True,False,False,273,-59.69928741455078,-61.372920989990234,1
The Clintons often climb down a ladder.,The Clintons ever climb down a ladder.,semantics,npi_licensing,npi_present_2,True,True,False,False,274,-51.67399215698242,-50.763336181640625,0
Carmen often falls asleep.,Carmen ever falls asleep.,semantics,npi_licensing,npi_present_2,True,True,False,False,275,-43.265708923339844,-43.824317932128906,1
This sketch could often distract April.,This sketch could ever distract April.,semantics,npi_licensing,npi_present_2,True,True,False,False,276,-53.6866340637207,-51.39251708984375,0
Amanda really paints.,Amanda ever paints.,semantics,npi_licensing,npi_present_2,True,True,False,False,277,-32.04766082763672,-32.68404006958008,1
Skirts clearly tightened.,Skirts ever tightened.,semantics,npi_licensing,npi_present_2,True,True,False,False,278,-36.159568786621094,-34.92936325073242,0
Beth will often sigh.,Beth will ever sigh.,semantics,npi_licensing,npi_present_2,True,True,False,False,279,-36.627010345458984,-35.59254455566406,0
The Impressionists had also preferred these waiters to reply.,The Impressionists had ever preferred these waiters to reply.,semantics,npi_licensing,npi_present_2,True,True,False,False,280,-86.41671752929688,-86.49365234375,1
This river often irritates Deborah.,This river ever irritates Deborah.,semantics,npi_licensing,npi_present_2,True,True,False,False,281,-52.39128112792969,-53.71385192871094,1
That vase also irritates Mitchell.,That vase ever irritates Mitchell.,semantics,npi_licensing,npi_present_2,True,True,False,False,282,-57.1139030456543,-59.323974609375,1
Dennis should certainly kiss all guys.,Dennis should ever kiss all guys.,semantics,npi_licensing,npi_present_2,True,True,False,False,283,-51.88178253173828,-50.81911849975586,0
A plane had certainly accelerated.,A plane had ever accelerated.,semantics,npi_licensing,npi_present_2,True,True,False,False,284,-43.559574127197266,-39.7259521484375,0
Every student often appreciated Janet.,Every student ever appreciated Janet.,semantics,npi_licensing,npi_present_2,True,True,False,False,285,-43.44328689575195,-41.7988395690918,0
Most students had clearly competed.,Most students had ever competed.,semantics,npi_licensing,npi_present_2,True,True,False,False,286,-39.48466110229492,-34.02925491333008,0
Anne really woke up.,Anne ever woke up.,semantics,npi_licensing,npi_present_2,True,True,False,False,287,-21.576723098754883,-22.210975646972656,1
The spotlight might certainly dim.,The spotlight might ever dim.,semantics,npi_licensing,npi_present_2,True,True,False,False,288,-45.279197692871094,-44.185829162597656,0
This unicycle certainly drops.,This unicycle ever drops.,semantics,npi_licensing,npi_present_2,True,True,False,False,289,-47.3848991394043,-44.753021240234375,0
An eye clearly flings open.,An eye ever flings open.,semantics,npi_licensing,npi_present_2,True,True,False,False,290,-45.348472595214844,-43.60883712768555,0
Rhonda had also played.,Rhonda had ever played.,semantics,npi_licensing,npi_present_2,True,True,False,False,291,-30.439910888671875,-31.49693489074707,1
Catherine might really get fired.,Catherine might ever get fired.,semantics,npi_licensing,npi_present_2,True,True,False,False,292,-42.424476623535156,-41.34064483642578,0
Most people clearly reunited.,Most people ever reunited.,semantics,npi_licensing,npi_present_2,True,True,False,False,293,-31.130691528320312,-28.028894424438477,0
Ruth also lifts this spinach.,Ruth ever lifts this spinach.,semantics,npi_licensing,npi_present_2,True,True,False,False,294,-47.579559326171875,-49.68584060668945,1
Jacqueline has often commanded Jane's handyman to disturb those organizations.,Jacqueline has ever commanded Jane's handyman to disturb those organizations.,semantics,npi_licensing,npi_present_2,True,True,False,False,295,-98.16266632080078,-96.92417907714844,0
These libraries clearly beg Theresa to perform.,These libraries ever beg Theresa to perform.,semantics,npi_licensing,npi_present_2,True,True,False,False,296,-61.30141830444336,-58.24641036987305,0
Benjamin had often arrived at public parks.,Benjamin had ever arrived at public parks.,semantics,npi_licensing,npi_present_2,True,True,False,False,297,-51.26604080200195,-50.28782653808594,0
Margaret might often hide away.,Margaret might ever hide away.,semantics,npi_licensing,npi_present_2,True,True,False,False,298,-42.26702117919922,-42.5701904296875,1
Every guest also loves Diana.,Every guest ever loves Diana.,semantics,npi_licensing,npi_present_2,True,True,False,False,299,-40.62676239013672,-41.42750549316406,1
Becca did really sway Eva's sons to shrug.,Becca did ever sway Eva's sons to shrug.,semantics,npi_licensing,npi_present_2,True,True,False,False,300,-79.71647644042969,-77.62055969238281,0
George should really clean the cars.,George should ever clean the cars.,semantics,npi_licensing,npi_present_2,True,True,False,False,301,-33.52751159667969,-34.86811065673828,1
The Clintons also alarm Gary.,The Clintons ever alarm Gary.,semantics,npi_licensing,npi_present_2,True,True,False,False,302,-52.69137954711914,-54.60521697998047,1
Waitresses have really longed to compromise.,Waitresses have ever longed to compromise.,semantics,npi_licensing,npi_present_2,True,True,False,False,303,-56.73199462890625,-55.810691833496094,0
A bicycle really slows.,A bicycle ever slows.,semantics,npi_licensing,npi_present_2,True,True,False,False,304,-38.02972412109375,-38.956932067871094,1
Nancy had certainly resembled every print.,Nancy had ever resembled every print.,semantics,npi_licensing,npi_present_2,True,True,False,False,305,-52.34657669067383,-49.932151794433594,0
Some cars had clearly accelerated.,Some cars had ever accelerated.,semantics,npi_licensing,npi_present_2,True,True,False,False,306,-43.37799072265625,-38.99225616455078,0
Patients have really gotten a job.,Patients have ever gotten a job.,semantics,npi_licensing,npi_present_2,True,True,False,False,307,-45.04617691040039,-42.612918853759766,0
All adults clearly scream.,All adults ever scream.,semantics,npi_licensing,npi_present_2,True,True,False,False,308,-35.27553176879883,-31.04371452331543,0
Tina also expects Carrie to ascend those mountains.,Tina ever expects Carrie to ascend those mountains.,semantics,npi_licensing,npi_present_2,True,True,False,False,309,-70.41935729980469,-70.64042663574219,1
Raymond also manages to answer.,Raymond ever manages to answer.,semantics,npi_licensing,npi_present_2,True,True,False,False,310,-37.3465690612793,-37.62067794799805,1
A lot of patients clearly concur.,A lot of patients ever concur.,semantics,npi_licensing,npi_present_2,True,True,False,False,311,-50.01573181152344,-48.3905029296875,0
Some customers really litter.,Some customers ever litter.,semantics,npi_licensing,npi_present_2,True,True,False,False,312,-32.18994903564453,-32.75514602661133,1
Tara would often threaten to disappear.,Tara would ever threaten to disappear.,semantics,npi_licensing,npi_present_2,True,True,False,False,313,-42.48150634765625,-41.72344970703125,0
A lot of drivers often manage to wear all coats.,A lot of drivers ever manage to wear all coats.,semantics,npi_licensing,npi_present_2,True,True,False,False,314,-63.88383102416992,-63.57508087158203,0
Every man did really yearn to stun some person.,Every man did ever yearn to stun some person.,semantics,npi_licensing,npi_present_2,True,True,False,False,315,-79.27462768554688,-75.60751342773438,0
Those boys clearly force William to disappear.,Those boys ever force William to disappear.,semantics,npi_licensing,npi_present_2,True,True,False,False,316,-56.70444107055664,-53.740150451660156,0
The ice certainly vaporized.,The ice ever vaporized.,semantics,npi_licensing,npi_present_2,True,True,False,False,317,-41.66869354248047,-42.494667053222656,1
Every shirt often flattens.,Every shirt ever flattens.,semantics,npi_licensing,npi_present_2,True,True,False,False,318,-40.74418640136719,-41.69724655151367,1
That patient also works hard.,That patient ever works hard.,semantics,npi_licensing,npi_present_2,True,True,False,False,319,-37.86537551879883,-39.36376190185547,1
Some shoes certainly shrink.,Some shoes ever shrink.,semantics,npi_licensing,npi_present_2,True,True,False,False,320,-35.5656852722168,-33.094642639160156,0
A lot of teachers really react.,A lot of teachers ever react.,semantics,npi_licensing,npi_present_2,True,True,False,False,321,-39.61112976074219,-40.22285461425781,1
Maria had clearly laughed.,Maria had ever laughed.,semantics,npi_licensing,npi_present_2,True,True,False,False,322,-28.275888442993164,-21.993690490722656,0
The girls did really look to remember Guy.,The girls did ever look to remember Guy.,semantics,npi_licensing,npi_present_2,True,True,False,False,323,-51.47856140136719,-50.28894805908203,0
An eggplant really wastes away.,An eggplant ever wastes away.,semantics,npi_licensing,npi_present_2,True,True,False,False,324,-53.298240661621094,-53.49896240234375,1
Meredith also implored some cashiers' nephews to discuss most hills.,Meredith ever implored some cashiers' nephews to discuss most hills.,semantics,npi_licensing,npi_present_2,True,True,False,False,325,-115.56301879882812,-114.90245056152344,0
Phillip certainly slumps over.,Phillip ever slumps over.,semantics,npi_licensing,npi_present_2,True,True,False,False,326,-45.85460662841797,-44.19938659667969,0
The cashiers had really listened to some lady.,The cashiers had ever listened to some lady.,semantics,npi_licensing,npi_present_2,True,True,False,False,327,-61.37892150878906,-57.80885696411133,0
Every customer had certainly talked.,Every customer had ever talked.,semantics,npi_licensing,npi_present_2,True,True,False,False,328,-36.52739715576172,-33.06400680541992,0
All glasses really slip.,All glasses ever slip.,semantics,npi_licensing,npi_present_2,True,True,False,False,329,-31.555166244506836,-31.396148681640625,0
A lot of cakes have clearly burned.,A lot of cakes have ever burned.,semantics,npi_licensing,npi_present_2,True,True,False,False,330,-49.48768615722656,-45.7950439453125,0
Veronica should often smile.,Veronica should ever smile.,semantics,npi_licensing,npi_present_2,True,True,False,False,331,-37.76839828491211,-36.210487365722656,0
Caroline really wakes up.,Caroline ever wakes up.,semantics,npi_licensing,npi_present_2,True,True,False,False,332,-34.7977180480957,-34.1942138671875,0
A door clearly opened.,A door ever opened.,semantics,npi_licensing,npi_present_2,True,True,False,False,333,-34.31346130371094,-30.814136505126953,0
Most guys had also cooperated.,Most guys had ever cooperated.,semantics,npi_licensing,npi_present_2,True,True,False,False,334,-42.17694854736328,-42.05949020385742,0
Adam certainly swayed Janice's ex-husband to shout.,Adam ever swayed Janice's ex-husband to shout.,semantics,npi_licensing,npi_present_2,True,True,False,False,335,-80.06146240234375,-78.72041320800781,0
Mark certainly sneezes.,Mark ever sneezes.,semantics,npi_licensing,npi_present_2,True,True,False,False,336,-28.86223793029785,-27.474853515625,0
Vanessa often went fishing.,Vanessa ever went fishing.,semantics,npi_licensing,npi_present_2,True,True,False,False,337,-37.71011734008789,-35.97421646118164,0
Some skirts really soak.,Some skirts ever soak.,semantics,npi_licensing,npi_present_2,True,True,False,False,338,-34.827274322509766,-35.30651092529297,1
Denise did also look to practice.,Denise did ever look to practice.,semantics,npi_licensing,npi_present_2,True,True,False,False,339,-41.451133728027344,-39.92491149902344,0
Travis would clearly depart.,Travis would ever depart.,semantics,npi_licensing,npi_present_2,True,True,False,False,340,-39.48167419433594,-35.138458251953125,0
Every lake also vaporizes.,Every lake ever vaporizes.,semantics,npi_licensing,npi_present_2,True,True,False,False,341,-44.28801727294922,-47.67354202270508,1
Anna had clearly alarmed Robert.,Anna had ever alarmed Robert.,semantics,npi_licensing,npi_present_2,True,True,False,False,342,-39.55204772949219,-35.174354553222656,0
Teresa also donated.,Teresa ever donated.,semantics,npi_licensing,npi_present_2,True,True,False,False,343,-34.709259033203125,-37.4678955078125,1
Some men clearly tempt Steven to get fired.,Some men ever tempt Steven to get fired.,semantics,npi_licensing,npi_present_2,True,True,False,False,344,-61.6246452331543,-58.48763656616211,0
Kathleen often baked.,Kathleen ever baked.,semantics,npi_licensing,npi_present_2,True,True,False,False,345,-43.499595642089844,-44.46080780029297,1
Spinach can often go bad.,Spinach can ever go bad.,semantics,npi_licensing,npi_present_2,True,True,False,False,346,-47.901092529296875,-45.724708557128906,0
Amy has also departed.,Amy has ever departed.,semantics,npi_licensing,npi_present_2,True,True,False,False,347,-24.547222137451172,-25.769676208496094,1
The lamp often alarms Tonya.,The lamp ever alarms Tonya.,semantics,npi_licensing,npi_present_2,True,True,False,False,348,-55.014163970947266,-57.49837112426758,1
Daniel also litters.,Daniel ever litters.,semantics,npi_licensing,npi_present_2,True,True,False,False,349,-26.199851989746094,-29.13334083557129,1
Sheila also reads.,Sheila ever reads.,semantics,npi_licensing,npi_present_2,True,True,False,False,350,-31.449703216552734,-32.6186408996582,1
Most doctors often worry.,Most doctors ever worry.,semantics,npi_licensing,npi_present_2,True,True,False,False,351,-28.994192123413086,-27.694969177246094,0
Some window certainly tips over.,Some window ever tips over.,semantics,npi_licensing,npi_present_2,True,True,False,False,352,-41.21226501464844,-39.409568786621094,0
Mark also tried to skate around high schools.,Mark ever tried to skate around high schools.,semantics,npi_licensing,npi_present_2,True,True,False,False,353,-49.04695129394531,-51.62608337402344,1
Christopher often pushes Tammy to complain.,Christopher ever pushes Tammy to complain.,semantics,npi_licensing,npi_present_2,True,True,False,False,354,-52.898651123046875,-51.42535400390625,0
Carl clearly persuaded Dana to boast about Michael.,Carl ever persuaded Dana to boast about Michael.,semantics,npi_licensing,npi_present_2,True,True,False,False,355,-64.85809326171875,-61.58141326904297,0
Those patients also wear some socks.,Those patients ever wear some socks.,semantics,npi_licensing,npi_present_2,True,True,False,False,356,-40.474578857421875,-39.246986389160156,0
Connie might also yearn to wear these pants.,Connie might ever yearn to wear these pants.,semantics,npi_licensing,npi_present_2,True,True,False,False,357,-76.98847961425781,-76.34866333007812,0
Ella also looks to ascend mountains.,Ella ever looks to ascend mountains.,semantics,npi_licensing,npi_present_2,True,True,False,False,358,-53.68919372558594,-55.66426086425781,1
Those senators certainly took that mushroom.,Those senators ever took that mushroom.,semantics,npi_licensing,npi_present_2,True,True,False,False,359,-49.13005065917969,-46.417388916015625,0
That guy clearly believed these dishes to confuse Jesus.,That guy ever believed these dishes to confuse Jesus.,semantics,npi_licensing,npi_present_2,True,True,False,False,360,-70.01567840576172,-66.55414581298828,0
Barbara could also notice most newspaper articles.,Barbara could ever notice most newspaper articles.,semantics,npi_licensing,npi_present_2,True,True,False,False,361,-59.17868423461914,-59.6407470703125,1
These cashiers have certainly responded.,These cashiers have ever responded.,semantics,npi_licensing,npi_present_2,True,True,False,False,362,-50.64436340332031,-45.453224182128906,0
Many pedestrians clearly drive to some restaurants.,Many pedestrians ever drive to some restaurants.,semantics,npi_licensing,npi_present_2,True,True,False,False,363,-55.69139099121094,-52.86216354370117,0
Carl clearly tried to exit a lot of malls.,Carl ever tried to exit a lot of malls.,semantics,npi_licensing,npi_present_2,True,True,False,False,364,-57.23284149169922,-52.42781066894531,0
Alexander could really confuse the schools.,Alexander could ever confuse the schools.,semantics,npi_licensing,npi_present_2,True,True,False,False,365,-36.82218551635742,-36.830745697021484,1
These waitresses certainly forget Paula.,These waitresses ever forget Paula.,semantics,npi_licensing,npi_present_2,True,True,False,False,366,-56.4232177734375,-54.58378219604492,0
That legislature had often replied.,That legislature had ever replied.,semantics,npi_licensing,npi_present_2,True,True,False,False,367,-38.02180480957031,-36.92332458496094,0
Some dresses might often twirl.,Some dresses might ever twirl.,semantics,npi_licensing,npi_present_2,True,True,False,False,368,-43.69432067871094,-44.26995086669922,1
Ruth also boasts about Kirsten.,Ruth ever boasts about Kirsten.,semantics,npi_licensing,npi_present_2,True,True,False,False,369,-52.85888671875,-53.884132385253906,1
Jeffrey certainly falls asleep.,Jeffrey ever falls asleep.,semantics,npi_licensing,npi_present_2,True,True,False,False,370,-39.165618896484375,-38.89545440673828,0
Ruth clearly shrugs.,Ruth ever shrugs.,semantics,npi_licensing,npi_present_2,True,True,False,False,371,-37.59859085083008,-38.19779968261719,1
Some lady also grinned.,Some lady ever grinned.,semantics,npi_licensing,npi_present_2,True,True,False,False,372,-31.559497833251953,-29.75137710571289,0
Travel did also hurt every student.,Travel did ever hurt every student.,semantics,npi_licensing,npi_present_2,True,True,False,False,373,-39.850948333740234,-37.889434814453125,0
Nancy might really admire Jacqueline.,Nancy might ever admire Jacqueline.,semantics,npi_licensing,npi_present_2,True,True,False,False,374,-53.05966567993164,-52.09180450439453,0
Those people also criticize Linda.,Those people ever criticize Linda.,semantics,npi_licensing,npi_present_2,True,True,False,False,375,-37.67034149169922,-38.05000305175781,1
These cars had certainly dropped.,These cars had ever dropped.,semantics,npi_licensing,npi_present_2,True,True,False,False,376,-36.56924057006836,-31.883573532104492,0
The Great Lakes really disgusted Cheryl.,The Great Lakes ever disgusted Cheryl.,semantics,npi_licensing,npi_present_2,True,True,False,False,377,-54.29574966430664,-53.84296798706055,0
These windows certainly open.,These windows ever open.,semantics,npi_licensing,npi_present_2,True,True,False,False,378,-31.817501068115234,-29.338693618774414,0
Some libraries have certainly moved.,Some libraries have ever moved.,semantics,npi_licensing,npi_present_2,True,True,False,False,379,-39.421749114990234,-35.27669143676758,0
Raymond would also pass all high schools.,Raymond would ever pass all high schools.,semantics,npi_licensing,npi_present_2,True,True,False,False,380,-53.02300262451172,-51.75547409057617,0
Some unicycle certainly cracked.,Some unicycle ever cracked.,semantics,npi_licensing,npi_present_2,True,True,False,False,381,-43.78818893432617,-42.252601623535156,0
Some waiters really study.,Some waiters ever study.,semantics,npi_licensing,npi_present_2,True,True,False,False,382,-41.00615692138672,-39.97407150268555,0
All doctors really sell most projectors.,All doctors ever sell most projectors.,semantics,npi_licensing,npi_present_2,True,True,False,False,383,-55.707366943359375,-56.258087158203125,1
Samantha had really yelled.,Samantha had ever yelled.,semantics,npi_licensing,npi_present_2,True,True,False,False,384,-44.01495361328125,-41.48944854736328,0
Bradley had often persuaded many associations to clash.,Bradley had ever persuaded many associations to clash.,semantics,npi_licensing,npi_present_2,True,True,False,False,385,-64.755859375,-64.66069030761719,0
Wendy really explained everything.,Wendy ever explained everything.,semantics,npi_licensing,npi_present_2,True,True,False,False,386,-39.681270599365234,-38.446067810058594,0
Those organizations clearly motivate Teresa's son to fall asleep.,Those organizations ever motivate Teresa's son to fall asleep.,semantics,npi_licensing,npi_present_2,True,True,False,False,387,-76.72637176513672,-75.61412048339844,0
Pamela clearly left.,Pamela ever left.,semantics,npi_licensing,npi_present_2,True,True,False,False,388,-39.8119010925293,-34.27568054199219,0
Many mirrors often shattered.,Many mirrors ever shattered.,semantics,npi_licensing,npi_present_2,True,True,False,False,389,-32.837921142578125,-33.576053619384766,1
A lot of teenagers had certainly testified.,A lot of teenagers had ever testified.,semantics,npi_licensing,npi_present_2,True,True,False,False,390,-53.29023361206055,-50.74090576171875,0
Many doctors clearly profit.,Many doctors ever profit.,semantics,npi_licensing,npi_present_2,True,True,False,False,391,-33.44466781616211,-31.30052947998047,0
All schools often approve.,All schools ever approve.,semantics,npi_licensing,npi_present_2,True,True,False,False,392,-32.12220764160156,-31.699975967407227,0
A lot of drivers also descend every ladder.,A lot of drivers ever descend every ladder.,semantics,npi_licensing,npi_present_2,True,True,False,False,393,-60.07605743408203,-59.75741958618164,0
This hill also alarms Ruth.,This hill ever alarms Ruth.,semantics,npi_licensing,npi_present_2,True,True,False,False,394,-49.454742431640625,-48.603675842285156,0
Dan clearly tries to protest.,Dan ever tries to protest.,semantics,npi_licensing,npi_present_2,True,True,False,False,395,-33.24095916748047,-30.721328735351562,0
A convertible also slowed.,A convertible ever slowed.,semantics,npi_licensing,npi_present_2,True,True,False,False,396,-38.50908660888672,-40.146766662597656,1
That couch clearly tips over.,That couch ever tips over.,semantics,npi_licensing,npi_present_2,True,True,False,False,397,-43.141014099121094,-43.12931442260742,0
Many schools have also listened to Matt.,Many schools have ever listened to Matt.,semantics,npi_licensing,npi_present_2,True,True,False,False,398,-45.41991424560547,-44.57771301269531,0
Anne certainly mutters.,Anne ever mutters.,semantics,npi_licensing,npi_present_2,True,True,False,False,399,-30.06928253173828,-27.96930694580078,0
Phillip clearly disliked Theodore.,Phillip ever disliked Theodore.,semantics,npi_licensing,npi_present_2,True,True,False,False,400,-42.44212341308594,-39.060184478759766,0
That skirt often twirls.,That skirt ever twirls.,semantics,npi_licensing,npi_present_2,True,True,False,False,401,-46.090370178222656,-47.38856887817383,1
Stacey could often ask Michelle to see Derek.,Stacey could ever ask Michelle to see Derek.,semantics,npi_licensing,npi_present_2,True,True,False,False,402,-64.22145080566406,-61.89408874511719,0
Sabrina had certainly boycotted many companies.,Sabrina had ever boycotted many companies.,semantics,npi_licensing,npi_present_2,True,True,False,False,403,-73.38626098632812,-71.210693359375,0
This man had certainly stood up.,This man had ever stood up.,semantics,npi_licensing,npi_present_2,True,True,False,False,404,-36.656307220458984,-32.57538986206055,0
The museum clearly seems to pass that high school.,The museum ever seems to pass that high school.,semantics,npi_licensing,npi_present_2,True,True,False,False,405,-52.24570846557617,-51.74566650390625,0
Richard will often want some banks to worry.,Richard will ever want some banks to worry.,semantics,npi_licensing,npi_present_2,True,True,False,False,406,-50.66541290283203,-47.1397705078125,0
Stacy also saw.,Stacy ever saw.,semantics,npi_licensing,npi_present_2,True,True,False,False,407,-30.41796875,-27.855112075805664,0
Those pictures often looked like that hamster.,Those pictures ever looked like that hamster.,semantics,npi_licensing,npi_present_2,True,True,False,False,408,-48.61248016357422,-49.39787292480469,1
Many gloves really vanished.,Many gloves ever vanished.,semantics,npi_licensing,npi_present_2,True,True,False,False,409,-32.627506256103516,-31.483924865722656,0
The Lutherans certainly discover who could hunt.,The Lutherans ever discover who could hunt.,semantics,npi_licensing,npi_present_2,True,True,False,False,410,-60.94355010986328,-60.01148223876953,0
Carlos has certainly gotten a job.,Carlos has ever gotten a job.,semantics,npi_licensing,npi_present_2,True,True,False,False,411,-41.804290771484375,-36.89057159423828,0
Those patients have also benefited.,Those patients have ever benefited.,semantics,npi_licensing,npi_present_2,True,True,False,False,412,-34.274635314941406,-35.03946304321289,1
Many waiters really divorce.,Many waiters ever divorce.,semantics,npi_licensing,npi_present_2,True,True,False,False,413,-41.67681884765625,-42.57862091064453,1
Karen clearly remembered Sara.,Karen ever remembered Sara.,semantics,npi_licensing,npi_present_2,True,True,False,False,414,-43.32414245605469,-37.748939514160156,0
Some window did really shut.,Some window did ever shut.,semantics,npi_licensing,npi_present_2,True,True,False,False,415,-36.671939849853516,-34.57476043701172,0
Libraries certainly like to confuse all companies.,Libraries ever like to confuse all companies.,semantics,npi_licensing,npi_present_2,True,True,False,False,416,-60.933677673339844,-59.591819763183594,0
Linda clearly sways Michelle's student to talk.,Linda ever sways Michelle's student to talk.,semantics,npi_licensing,npi_present_2,True,True,False,False,417,-76.673095703125,-76.08736419677734,0
Tracy might certainly train.,Tracy might ever train.,semantics,npi_licensing,npi_present_2,True,True,False,False,418,-37.82606506347656,-36.615203857421875,0
Carlos would certainly wear those shawls.,Carlos would ever wear those shawls.,semantics,npi_licensing,npi_present_2,True,True,False,False,419,-56.94924545288086,-54.860740661621094,0
Brian does also dislike Karla.,Brian does ever dislike Karla.,semantics,npi_licensing,npi_present_2,True,True,False,False,420,-45.75695037841797,-45.51013946533203,0
Carrie also exits those malls.,Carrie ever exits those malls.,semantics,npi_licensing,npi_present_2,True,True,False,False,421,-53.086341857910156,-56.47833251953125,1
The senators could clearly cure Jennifer.,The senators could ever cure Jennifer.,semantics,npi_licensing,npi_present_2,True,True,False,False,422,-54.557106018066406,-51.288475036621094,0
Mary certainly attacks women.,Mary ever attacks women.,semantics,npi_licensing,npi_present_2,True,True,False,False,423,-31.59954071044922,-30.9927978515625,0
Linda would clearly fall asleep.,Linda would ever fall asleep.,semantics,npi_licensing,npi_present_2,True,True,False,False,424,-42.65748977661133,-37.08966064453125,0
Brett might also fire Sarah.,Brett might ever fire Sarah.,semantics,npi_licensing,npi_present_2,True,True,False,False,425,-50.78443145751953,-50.30244064331055,0
Some steps certainly aggravated Jessica.,Some steps ever aggravated Jessica.,semantics,npi_licensing,npi_present_2,True,True,False,False,426,-46.91693115234375,-44.270912170410156,0
That actor had also imagined Sandra sang.,That actor had ever imagined Sandra sang.,semantics,npi_licensing,npi_present_2,True,True,False,False,427,-61.57074737548828,-58.98708724975586,0
Susan really threatens to flee from Robert.,Susan ever threatens to flee from Robert.,semantics,npi_licensing,npi_present_2,True,True,False,False,428,-46.76131820678711,-47.31044387817383,1
All teachers certainly prove to smile.,All teachers ever prove to smile.,semantics,npi_licensing,npi_present_2,True,True,False,False,429,-44.88220977783203,-42.26832580566406,0
Sharon had clearly compromised.,Sharon had ever compromised.,semantics,npi_licensing,npi_present_2,True,True,False,False,430,-38.928680419921875,-35.82304000854492,0
Convertibles should really maneuver.,Convertibles should ever maneuver.,semantics,npi_licensing,npi_present_2,True,True,False,False,431,-50.81101989746094,-50.466453552246094,0
Those students certainly mutter.,Those students ever mutter.,semantics,npi_licensing,npi_present_2,True,True,False,False,432,-39.90168762207031,-37.0897331237793,0
The actor also stretches.,The actor ever stretches.,semantics,npi_licensing,npi_present_2,True,True,False,False,433,-33.008934020996094,-34.579490661621094,1
These actors clearly chuckle.,These actors ever chuckle.,semantics,npi_licensing,npi_present_2,True,True,False,False,434,-36.533329010009766,-33.314842224121094,0
Julia certainly murmurs.,Julia ever murmurs.,semantics,npi_licensing,npi_present_2,True,True,False,False,435,-36.78947830200195,-34.436561584472656,0
Some planes also chip.,Some planes ever chip.,semantics,npi_licensing,npi_present_2,True,True,False,False,436,-33.72710418701172,-34.841102600097656,1
Most cashiers have also chatted.,Most cashiers have ever chatted.,semantics,npi_licensing,npi_present_2,True,True,False,False,437,-53.90638732910156,-53.641090393066406,0
Randolf also comes here.,Randolf ever comes here.,semantics,npi_licensing,npi_present_2,True,True,False,False,438,-33.07060241699219,-34.91623306274414,1
The guys would certainly date.,The guys would ever date.,semantics,npi_licensing,npi_present_2,True,True,False,False,439,-35.633853912353516,-33.35491943359375,0
Every river really condensed.,Every river ever condensed.,semantics,npi_licensing,npi_present_2,True,True,False,False,440,-35.26605224609375,-35.45484161376953,1
The blouse clearly flattened.,The blouse ever flattened.,semantics,npi_licensing,npi_present_2,True,True,False,False,441,-41.79805374145508,-40.41078186035156,0
Sharon will also discuss some school.,Sharon will ever discuss some school.,semantics,npi_licensing,npi_present_2,True,True,False,False,442,-46.9178581237793,-47.897438049316406,1
Kevin clearly shrugs.,Kevin ever shrugs.,semantics,npi_licensing,npi_present_2,True,True,False,False,443,-29.04798126220703,-29.495330810546875,1
Andrea often advises Christina's oncologist to spin around.,Andrea ever advises Christina's oncologist to spin around.,semantics,npi_licensing,npi_present_2,True,True,False,False,444,-101.57408142089844,-101.00205993652344,0
That convertible can really distract Paul.,That convertible can ever distract Paul.,semantics,npi_licensing,npi_present_2,True,True,False,False,445,-52.204498291015625,-51.14734649658203,0
A lot of associations really debate.,A lot of associations ever debate.,semantics,npi_licensing,npi_present_2,True,True,False,False,446,-44.58445358276367,-45.41114044189453,1
Most customers really reunited.,Most customers ever reunited.,semantics,npi_licensing,npi_present_2,True,True,False,False,447,-32.59463882446289,-31.7813720703125,0
Many doctors certainly find a glass.,Many doctors ever find a glass.,semantics,npi_licensing,npi_present_2,True,True,False,False,448,-38.351600646972656,-35.19635009765625,0
Helen had really talked.,Helen had ever talked.,semantics,npi_licensing,npi_present_2,True,True,False,False,449,-31.446578979492188,-28.27774429321289,0
Kathleen has really nodded.,Kathleen has ever nodded.,semantics,npi_licensing,npi_present_2,True,True,False,False,450,-49.80452346801758,-45.545379638671875,0
That guest has really woken up.,That guest has ever woken up.,semantics,npi_licensing,npi_present_2,True,True,False,False,451,-46.28463363647461,-44.798343658447266,0
Rachel often scratches.,Rachel ever scratches.,semantics,npi_licensing,npi_present_2,True,True,False,False,452,-23.926149368286133,-24.666980743408203,1
Natalie has really forgotten about who has read.,Natalie has ever forgotten about who has read.,semantics,npi_licensing,npi_present_2,True,True,False,False,453,-56.49768829345703,-52.74633026123047,0
Valerie would really stretch.,Valerie would ever stretch.,semantics,npi_licensing,npi_present_2,True,True,False,False,454,-39.0054817199707,-36.732505798339844,0
Some spotlights certainly brighten.,Some spotlights ever brighten.,semantics,npi_licensing,npi_present_2,True,True,False,False,455,-50.819149017333984,-50.9320182800293,1
Alice clearly left James.,Alice ever left James.,semantics,npi_licensing,npi_present_2,True,True,False,False,456,-30.75299072265625,-26.780181884765625,0
Sharon had often praised this guest.,Sharon had ever praised this guest.,semantics,npi_licensing,npi_present_2,True,True,False,False,457,-46.429176330566406,-45.817176818847656,0
Theresa really doubted Ella bothers to boast.,Theresa ever doubted Ella bothers to boast.,semantics,npi_licensing,npi_present_2,True,True,False,False,458,-75.486328125,-75.2608413696289,0
Ronald often moves.,Ronald ever moves.,semantics,npi_licensing,npi_present_2,True,True,False,False,459,-31.725669860839844,-32.264892578125,1
Erin really sighs.,Erin ever sighs.,semantics,npi_licensing,npi_present_2,True,True,False,False,460,-29.817380905151367,-32.75469970703125,1
Erin also advised the ladies to argue about Tanya.,Erin ever advised the ladies to argue about Tanya.,semantics,npi_licensing,npi_present_2,True,True,False,False,461,-69.93578338623047,-68.73118591308594,0
Deanna has really persuaded Mark's colleague to help that guy.,Deanna has ever persuaded Mark's colleague to help that guy.,semantics,npi_licensing,npi_present_2,True,True,False,False,462,-79.03431701660156,-76.06098937988281,0
Patrick had really figured out who is whispering.,Patrick had ever figured out who is whispering.,semantics,npi_licensing,npi_present_2,True,True,False,False,463,-47.633766174316406,-46.90468215942383,0
Those lamps certainly brighten.,Those lamps ever brighten.,semantics,npi_licensing,npi_present_2,True,True,False,False,464,-41.660179138183594,-41.724998474121094,1
Most waiters often conceal Andrea.,Most waiters ever conceal Andrea.,semantics,npi_licensing,npi_present_2,True,True,False,False,465,-56.316741943359375,-54.343109130859375,0
David had certainly visited Lisa.,David had ever visited Lisa.,semantics,npi_licensing,npi_present_2,True,True,False,False,466,-35.27747344970703,-30.33580207824707,0
Some banks can clearly cooperate.,Some banks can ever cooperate.,semantics,npi_licensing,npi_present_2,True,True,False,False,467,-40.572914123535156,-37.365848541259766,0
Frank had often induced Sarah to notice some beef.,Frank had ever induced Sarah to notice some beef.,semantics,npi_licensing,npi_present_2,True,True,False,False,468,-64.0775375366211,-62.926551818847656,0
Gina also swallowed.,Gina ever swallowed.,semantics,npi_licensing,npi_present_2,True,True,False,False,469,-28.149471282958984,-29.917415618896484,1
Kenneth clearly saluted.,Kenneth ever saluted.,semantics,npi_licensing,npi_present_2,True,True,False,False,470,-33.19791030883789,-33.88541793823242,1
Every committee clearly boasted about Larry.,Every committee ever boasted about Larry.,semantics,npi_licensing,npi_present_2,True,True,False,False,471,-50.08110427856445,-48.6273307800293,0
Those shawls often wrinkle.,Those shawls ever wrinkle.,semantics,npi_licensing,npi_present_2,True,True,False,False,472,-47.25846862792969,-48.789939880371094,1
Bethany would really vanish.,Bethany would ever vanish.,semantics,npi_licensing,npi_present_2,True,True,False,False,473,-43.546051025390625,-42.425262451171875,0
Christopher certainly tried to mutter.,Christopher ever tried to mutter.,semantics,npi_licensing,npi_present_2,True,True,False,False,474,-37.45608901977539,-34.534175872802734,0
All glasses often loosened.,All glasses ever loosened.,semantics,npi_licensing,npi_present_2,True,True,False,False,475,-37.759429931640625,-36.74945831298828,0
That actress can really approach Heidi.,That actress can ever approach Heidi.,semantics,npi_licensing,npi_present_2,True,True,False,False,476,-53.825103759765625,-53.99449920654297,1
Russell often remembered Tiffany.,Russell ever remembered Tiffany.,semantics,npi_licensing,npi_present_2,True,True,False,False,477,-33.09892272949219,-32.98176193237305,0
Some teenagers would often assemble.,Some teenagers would ever assemble.,semantics,npi_licensing,npi_present_2,True,True,False,False,478,-38.0543327331543,-37.09844970703125,0
The glacier also melted.,The glacier ever melted.,semantics,npi_licensing,npi_present_2,True,True,False,False,479,-32.952362060546875,-35.04622268676758,1
Sabrina has also swallowed.,Sabrina has ever swallowed.,semantics,npi_licensing,npi_present_2,True,True,False,False,480,-34.3471794128418,-35.91681671142578,1
Some lamp has certainly brightened.,Some lamp has ever brightened.,semantics,npi_licensing,npi_present_2,True,True,False,False,481,-42.29167938232422,-41.01049041748047,0
Stephanie often discovers who advises Galileo to upset Jesus.,Stephanie ever discovers who advises Galileo to upset Jesus.,semantics,npi_licensing,npi_present_2,True,True,False,False,482,-96.83320617675781,-95.537841796875,0
Rachelle certainly speaks up.,Rachelle ever speaks up.,semantics,npi_licensing,npi_present_2,True,True,False,False,483,-37.76174545288086,-35.34263610839844,0
Museums also discuss Leslie.,Museums ever discuss Leslie.,semantics,npi_licensing,npi_present_2,True,True,False,False,484,-55.31353759765625,-53.53950119018555,0
Maria clearly said Kimberley telephoned.,Maria ever said Kimberley telephoned.,semantics,npi_licensing,npi_present_2,True,True,False,False,485,-67.12371826171875,-63.3944206237793,0
The skateboard also falls apart.,The skateboard ever falls apart.,semantics,npi_licensing,npi_present_2,True,True,False,False,486,-44.33336639404297,-46.60186767578125,1
Bruce could often cure Angela.,Bruce could ever cure Angela.,semantics,npi_licensing,npi_present_2,True,True,False,False,487,-38.79828643798828,-38.058204650878906,0
Cynthia has certainly muttered.,Cynthia has ever muttered.,semantics,npi_licensing,npi_present_2,True,True,False,False,488,-50.74934768676758,-46.31741714477539,0
A screen has really disgusted Catherine.,A screen has ever disgusted Catherine.,semantics,npi_licensing,npi_present_2,True,True,False,False,489,-50.891578674316406,-50.112831115722656,0
Those waiters have certainly sounded like Christopher.,Those waiters have ever sounded like Christopher.,semantics,npi_licensing,npi_present_2,True,True,False,False,490,-61.07154846191406,-57.01932144165039,0
Russell clearly attacks Alexander.,Russell ever attacks Alexander.,semantics,npi_licensing,npi_present_2,True,True,False,False,491,-35.802146911621094,-34.707725524902344,0
Benjamin could certainly manage to come here.,Benjamin could ever manage to come here.,semantics,npi_licensing,npi_present_2,True,True,False,False,492,-45.293251037597656,-42.803382873535156,0
Many guys certainly disagreed with Kristin.,Many guys ever disagreed with Kristin.,semantics,npi_licensing,npi_present_2,True,True,False,False,493,-52.80147171020508,-49.459983825683594,0
Sonia certainly needs to murmur.,Sonia ever needs to murmur.,semantics,npi_licensing,npi_present_2,True,True,False,False,494,-50.132843017578125,-49.713043212890625,0
Helen has also sounded like a lot of customers.,Helen has ever sounded like a lot of customers.,semantics,npi_licensing,npi_present_2,True,True,False,False,495,-47.570030212402344,-49.30069351196289,1
Susan certainly boasts about Paula.,Susan ever boasts about Paula.,semantics,npi_licensing,npi_present_2,True,True,False,False,496,-42.68923568725586,-41.77265167236328,0
Harvard University clearly succeeded.,Harvard University ever succeeded.,semantics,npi_licensing,npi_present_2,True,True,False,False,497,-44.058815002441406,-40.855201721191406,0
Most dancers could often chat.,Most dancers could ever chat.,semantics,npi_licensing,npi_present_2,True,True,False,False,498,-38.178504943847656,-37.815208435058594,0
Guests clearly try to fall.,Guests ever try to fall.,semantics,npi_licensing,npi_present_2,True,True,False,False,499,-40.431522369384766,-37.61593246459961,0
A lot of associations clearly force every grandfather of Brenda to hire some cashier.,A lot of associations ever force every grandfather of Brenda to hire some cashier.,semantics,npi_licensing,npi_present_2,True,True,False,False,500,-114.10480499267578,-112.3658447265625,0
Melanie will really consider Melissa to return to Natalie.,Melanie will ever consider Melissa to return to Natalie.,semantics,npi_licensing,npi_present_2,True,True,False,False,501,-67.60098266601562,-65.46940612792969,0
Theresa did really get fired.,Theresa did ever get fired.,semantics,npi_licensing,npi_present_2,True,True,False,False,502,-44.313846588134766,-42.09168243408203,0
Todd certainly concealed every convertible.,Todd ever concealed every convertible.,semantics,npi_licensing,npi_present_2,True,True,False,False,503,-42.44708251953125,-40.42747497558594,0
The dancers often embraced.,The dancers ever embraced.,semantics,npi_licensing,npi_present_2,True,True,False,False,504,-33.53578186035156,-34.539161682128906,1
Harvard University clearly talked about those essays.,Harvard University ever talked about those essays.,semantics,npi_licensing,npi_present_2,True,True,False,False,505,-59.0172119140625,-56.04524612426758,0
The Impressionists often fall asleep.,The Impressionists ever fall asleep.,semantics,npi_licensing,npi_present_2,True,True,False,False,506,-52.098411560058594,-52.82247543334961,1
Most eyes also close.,Most eyes ever close.,semantics,npi_licensing,npi_present_2,True,True,False,False,507,-28.6032772064209,-27.762828826904297,0
Wendy clearly regretted Edward shrugged.,Wendy ever regretted Edward shrugged.,semantics,npi_licensing,npi_present_2,True,True,False,False,508,-60.30430221557617,-56.20944595336914,0
All students do certainly approve.,All students do ever approve.,semantics,npi_licensing,npi_present_2,True,True,False,False,509,-39.70069885253906,-36.642356872558594,0
The man often cries.,The man ever cries.,semantics,npi_licensing,npi_present_2,True,True,False,False,510,-27.567623138427734,-28.89059829711914,1
Marla also wants to murmur.,Marla ever wants to murmur.,semantics,npi_licensing,npi_present_2,True,True,False,False,511,-45.872100830078125,-47.405521392822266,1
These actresses clearly declare the Clintons to vanish.,These actresses ever declare the Clintons to vanish.,semantics,npi_licensing,npi_present_2,True,True,False,False,512,-67.76397705078125,-64.86702728271484,0
All pedestrians clearly yell.,All pedestrians ever yell.,semantics,npi_licensing,npi_present_2,True,True,False,False,513,-38.887367248535156,-34.79931640625,0
Deborah had clearly discovered Carrie.,Deborah had ever discovered Carrie.,semantics,npi_licensing,npi_present_2,True,True,False,False,514,-49.6274299621582,-43.08546447753906,0
Christine clearly obliged Todd to eat.,Christine ever obliged Todd to eat.,semantics,npi_licensing,npi_present_2,True,True,False,False,515,-55.67533874511719,-52.595733642578125,0
Marie certainly prodded Michelle to approach Christina.,Marie ever prodded Michelle to approach Christina.,semantics,npi_licensing,npi_present_2,True,True,False,False,516,-74.67234802246094,-74.78632354736328,1
Every blouse also frayed.,Every blouse ever frayed.,semantics,npi_licensing,npi_present_2,True,True,False,False,517,-45.44357681274414,-45.873680114746094,1
Some unicycle clearly slows.,Some unicycle ever slows.,semantics,npi_licensing,npi_present_2,True,True,False,False,518,-46.36956024169922,-44.68848419189453,0
Most legislatures certainly fail to approve.,Most legislatures ever fail to approve.,semantics,npi_licensing,npi_present_2,True,True,False,False,519,-46.16189956665039,-44.01643371582031,0
Samuel has certainly sighed.,Samuel has ever sighed.,semantics,npi_licensing,npi_present_2,True,True,False,False,520,-38.6739501953125,-33.800140380859375,0
Michelle does often hide these ladies.,Michelle does ever hide these ladies.,semantics,npi_licensing,npi_present_2,True,True,False,False,521,-39.115196228027344,-36.877811431884766,0
The pedestrians really see.,The pedestrians ever see.,semantics,npi_licensing,npi_present_2,True,True,False,False,522,-31.718671798706055,-31.485332489013672,0
Caroline also threatened to leave a lot of men.,Caroline ever threatened to leave a lot of men.,semantics,npi_licensing,npi_present_2,True,True,False,False,523,-52.31541442871094,-52.149497985839844,0
Stacy often departed.,Stacy ever departed.,semantics,npi_licensing,npi_present_2,True,True,False,False,524,-32.26263427734375,-31.65738296508789,0
All museums really hope to have this couch.,All museums ever hope to have this couch.,semantics,npi_licensing,npi_present_2,True,True,False,False,525,-53.33942794799805,-55.225284576416016,1
Valerie had certainly ascertained this school to collaborate.,Valerie had ever ascertained this school to collaborate.,semantics,npi_licensing,npi_present_2,True,True,False,False,526,-75.51976013183594,-71.63825225830078,0
A lot of museums will certainly correspond.,A lot of museums will ever correspond.,semantics,npi_licensing,npi_present_2,True,True,False,False,527,-51.77281188964844,-50.384883880615234,0
Jessica had clearly failed to shrug.,Jessica had ever failed to shrug.,semantics,npi_licensing,npi_present_2,True,True,False,False,528,-40.71240234375,-34.7404670715332,0
Some doctor had really admired Brenda.,Some doctor had ever admired Brenda.,semantics,npi_licensing,npi_present_2,True,True,False,False,529,-47.36731719970703,-43.48279571533203,0
Adults could really attack Michael.,Adults could ever attack Michael.,semantics,npi_licensing,npi_present_2,True,True,False,False,530,-48.22366714477539,-45.47515869140625,0
Barbara has often practiced.,Barbara has ever practiced.,semantics,npi_licensing,npi_present_2,True,True,False,False,531,-33.191200256347656,-33.873207092285156,1
That hospital had certainly worried.,That hospital had ever worried.,semantics,npi_licensing,npi_present_2,True,True,False,False,532,-39.102821350097656,-36.245887756347656,0
The Impressionists will also sing.,The Impressionists will ever sing.,semantics,npi_licensing,npi_present_2,True,True,False,False,533,-51.00126647949219,-51.59673309326172,1
Some cars can certainly crash.,Some cars can ever crash.,semantics,npi_licensing,npi_present_2,True,True,False,False,534,-34.54497146606445,-32.99360656738281,0
Most organizations really retaliated.,Most organizations ever retaliated.,semantics,npi_licensing,npi_present_2,True,True,False,False,535,-39.68268585205078,-39.382904052734375,0
Many ladies really disagree.,Many ladies ever disagree.,semantics,npi_licensing,npi_present_2,True,True,False,False,536,-30.29830551147461,-30.77682876586914,1
Jacqueline might clearly tour that lake.,Jacqueline might ever tour that lake.,semantics,npi_licensing,npi_present_2,True,True,False,False,537,-61.35094451904297,-57.341556549072266,0
The senator did clearly explore Spain.,The senator did ever explore Spain.,semantics,npi_licensing,npi_present_2,True,True,False,False,538,-50.39149475097656,-45.204193115234375,0
Some scarf also shrinks.,Some scarf ever shrinks.,semantics,npi_licensing,npi_present_2,True,True,False,False,539,-39.51654052734375,-39.892578125,1
A lot of skateboards clearly disappear.,A lot of skateboards ever disappear.,semantics,npi_licensing,npi_present_2,True,True,False,False,540,-53.56559753417969,-51.08502960205078,0
Some adults also hide Janice.,Some adults ever hide Janice.,semantics,npi_licensing,npi_present_2,True,True,False,False,541,-47.525482177734375,-46.07188415527344,0
The hospital often implored Cheryl to insult Nicole.,The hospital ever implored Cheryl to insult Nicole.,semantics,npi_licensing,npi_present_2,True,True,False,False,542,-79.0495834350586,-79.12984466552734,1
Tracy also required Charles to protest.,Tracy ever required Charles to protest.,semantics,npi_licensing,npi_present_2,True,True,False,False,543,-53.965179443359375,-56.103363037109375,1
Naomi also predicts Brad to attack Sharon.,Naomi ever predicts Brad to attack Sharon.,semantics,npi_licensing,npi_present_2,True,True,False,False,544,-67.33600616455078,-68.52305603027344,1
Those senators clearly run around many museums.,Those senators ever run around many museums.,semantics,npi_licensing,npi_present_2,True,True,False,False,545,-51.913326263427734,-48.49320983886719,0
Leslie often thought about who were dating.,Leslie ever thought about who were dating.,semantics,npi_licensing,npi_present_2,True,True,False,False,546,-49.11320495605469,-49.771446228027344,1
The Impressionists certainly sound like a man.,The Impressionists ever sound like a man.,semantics,npi_licensing,npi_present_2,True,True,False,False,547,-57.08573532104492,-56.5849609375,0
Carolyn had clearly lifted the icicle.,Carolyn had ever lifted the icicle.,semantics,npi_licensing,npi_present_2,True,True,False,False,548,-56.58961486816406,-51.919944763183594,0
Lissa also concurred.,Lissa ever concurred.,semantics,npi_licensing,npi_present_2,True,True,False,False,549,-39.479225158691406,-41.879703521728516,1
That convertible also disgusts some child.,That convertible ever disgusts some child.,semantics,npi_licensing,npi_present_2,True,True,False,False,550,-59.19585418701172,-59.10517501831055,0
Every lake does clearly condense.,Every lake does ever condense.,semantics,npi_licensing,npi_present_2,True,True,False,False,551,-50.156593322753906,-48.06713104248047,0
George would also upset Danielle.,George would ever upset Danielle.,semantics,npi_licensing,npi_present_2,True,True,False,False,552,-36.241519927978516,-35.76242446899414,0
Danielle certainly speaks up.,Danielle ever speaks up.,semantics,npi_licensing,npi_present_2,True,True,False,False,553,-37.456626892089844,-34.857276916503906,0
The slopes really appear.,The slopes ever appear.,semantics,npi_licensing,npi_present_2,True,True,False,False,554,-31.184505462646484,-30.32907485961914,0
Gregory might really blink.,Gregory might ever blink.,semantics,npi_licensing,npi_present_2,True,True,False,False,555,-37.958560943603516,-37.97439193725586,1
Children certainly explore Spain.,Children ever explore Spain.,semantics,npi_licensing,npi_present_2,True,True,False,False,556,-31.97785186767578,-30.121511459350586,0
Tina clearly insults George.,Tina ever insults George.,semantics,npi_licensing,npi_present_2,True,True,False,False,557,-43.318389892578125,-41.850852966308594,0
Julie has often observed this waitress.,Julie has ever observed this waitress.,semantics,npi_licensing,npi_present_2,True,True,False,False,558,-46.112518310546875,-45.72481918334961,0
A lot of companies also talk about Erin.,A lot of companies ever talk about Erin.,semantics,npi_licensing,npi_present_2,True,True,False,False,559,-49.208404541015625,-48.054039001464844,0
Catherine does often hate Omar.,Catherine does ever hate Omar.,semantics,npi_licensing,npi_present_2,True,True,False,False,560,-48.577796936035156,-46.6905403137207,0
Many waitresses clearly marry.,Many waitresses ever marry.,semantics,npi_licensing,npi_present_2,True,True,False,False,561,-49.04754638671875,-46.47549819946289,0
Angela certainly reveals Clyde.,Angela ever reveals Clyde.,semantics,npi_licensing,npi_present_2,True,True,False,False,562,-45.831214904785156,-43.883216857910156,0
The Lutherans also salute.,The Lutherans ever salute.,semantics,npi_licensing,npi_present_2,True,True,False,False,563,-41.60047912597656,-43.98184585571289,1
Meredith will often cook.,Meredith will ever cook.,semantics,npi_licensing,npi_present_2,True,True,False,False,564,-39.46385192871094,-37.95317077636719,0
Sheila certainly imagines all convertibles hadn't rolled.,Sheila ever imagines all convertibles hadn't rolled.,semantics,npi_licensing,npi_present_2,True,True,False,False,565,-97.75379943847656,-95.34820556640625,0
The Borgias also heal every person.,The Borgias ever heal every person.,semantics,npi_licensing,npi_present_2,True,True,False,False,566,-51.38380432128906,-52.035438537597656,1
Richard clearly insults Jason.,Richard ever insults Jason.,semantics,npi_licensing,npi_present_2,True,True,False,False,567,-37.76805877685547,-35.109596252441406,0
Some pedestrians clearly climb up some slopes.,Some pedestrians ever climb up some slopes.,semantics,npi_licensing,npi_present_2,True,True,False,False,568,-54.164512634277344,-50.15291213989258,0
A light also disappeared.,A light ever disappeared.,semantics,npi_licensing,npi_present_2,True,True,False,False,569,-30.251575469970703,-30.24407196044922,0
Laurie had often looked to profit.,Laurie had ever looked to profit.,semantics,npi_licensing,npi_present_2,True,True,False,False,570,-51.294166564941406,-50.829490661621094,0
Irene also cleaned the hospital.,Irene ever cleaned the hospital.,semantics,npi_licensing,npi_present_2,True,True,False,False,571,-42.74163055419922,-43.39576721191406,1
That company should often force this doctor to drop by those hills.,That company should ever force this doctor to drop by those hills.,semantics,npi_licensing,npi_present_2,True,True,False,False,572,-80.61758422851562,-78.72176361083984,0
Those plates do clearly fall apart.,Those plates do ever fall apart.,semantics,npi_licensing,npi_present_2,True,True,False,False,573,-45.089996337890625,-41.37760925292969,0
Those children will clearly interact.,Those children will ever interact.,semantics,npi_licensing,npi_present_2,True,True,False,False,574,-37.30559539794922,-33.4232063293457,0
This glove has often twirled.,This glove has ever twirled.,semantics,npi_licensing,npi_present_2,True,True,False,False,575,-45.532203674316406,-44.90489196777344,0
Tanya has really begged Candice to examine some reports.,Tanya has ever begged Candice to examine some reports.,semantics,npi_licensing,npi_present_2,True,True,False,False,576,-80.82777404785156,-77.04855346679688,0
A lot of eyes clearly upset Mary.,A lot of eyes ever upset Mary.,semantics,npi_licensing,npi_present_2,True,True,False,False,577,-52.02011489868164,-49.95549392700195,0
Keith clearly pushes that girl to fall asleep.,Keith ever pushes that girl to fall asleep.,semantics,npi_licensing,npi_present_2,True,True,False,False,578,-56.074283599853516,-51.96146011352539,0
That guy does clearly seem to complain about Wayne.,That guy does ever seem to complain about Wayne.,semantics,npi_licensing,npi_present_2,True,True,False,False,579,-60.500675201416016,-55.72142791748047,0
That mushroom had also aggravated Claire.,That mushroom had ever aggravated Claire.,semantics,npi_licensing,npi_present_2,True,True,False,False,580,-52.580596923828125,-50.1828498840332,0
Tanya had also littered.,Tanya had ever littered.,semantics,npi_licensing,npi_present_2,True,True,False,False,581,-36.80501174926758,-36.18360900878906,0
The Impressionists certainly badger Donna to get fired.,The Impressionists ever badger Donna to get fired.,semantics,npi_licensing,npi_present_2,True,True,False,False,582,-91.51427459716797,-91.51055908203125,0
Sheila had certainly worried Marcus.,Sheila had ever worried Marcus.,semantics,npi_licensing,npi_present_2,True,True,False,False,583,-48.727394104003906,-45.05759811401367,0
Donald should also remember Bradley.,Donald should ever remember Bradley.,semantics,npi_licensing,npi_present_2,True,True,False,False,584,-37.699920654296875,-34.00651550292969,0
The drivers have certainly watched some customer.,The drivers have ever watched some customer.,semantics,npi_licensing,npi_present_2,True,True,False,False,585,-52.3275260925293,-47.76459884643555,0
Diane had often cooked.,Diane had ever cooked.,semantics,npi_licensing,npi_present_2,True,True,False,False,586,-33.77155303955078,-33.904296875,1
This glove certainly frayed.,This glove ever frayed.,semantics,npi_licensing,npi_present_2,True,True,False,False,587,-42.93972396850586,-41.41992950439453,0
The senators certainly collaborate.,The senators ever collaborate.,semantics,npi_licensing,npi_present_2,True,True,False,False,588,-35.912696838378906,-35.53502655029297,0
Suzanne does really attack Alexander.,Suzanne does ever attack Alexander.,semantics,npi_licensing,npi_present_2,True,True,False,False,589,-50.237762451171875,-48.03998565673828,0
Those guests also think about who shouldn't train.,Those guests ever think about who shouldn't train.,semantics,npi_licensing,npi_present_2,True,True,False,False,590,-60.002410888671875,-57.016014099121094,0
Many children certainly collaborate.,Many children ever collaborate.,semantics,npi_licensing,npi_present_2,True,True,False,False,591,-33.622352600097656,-31.969507217407227,0
Lori should really whisper.,Lori should ever whisper.,semantics,npi_licensing,npi_present_2,True,True,False,False,592,-39.1912956237793,-38.476959228515625,0
Craig has often observed Randolf.,Craig has ever observed Randolf.,semantics,npi_licensing,npi_present_2,True,True,False,False,593,-48.09416580200195,-46.459754943847656,0
Some dancers clearly disgust Suzanne.,Some dancers ever disgust Suzanne.,semantics,npi_licensing,npi_present_2,True,True,False,False,594,-49.17822265625,-47.74974822998047,0
Girls clearly clean most chairs.,Girls ever clean most chairs.,semantics,npi_licensing,npi_present_2,True,True,False,False,595,-40.30074691772461,-37.00740051269531,0
All senators often reply.,All senators ever reply.,semantics,npi_licensing,npi_present_2,True,True,False,False,596,-34.5563850402832,-31.8709774017334,0
Carrie had really come here.,Carrie had ever come here.,semantics,npi_licensing,npi_present_2,True,True,False,False,597,-36.79313659667969,-32.444923400878906,0
Russell clearly ordered many girls' ex-boyfriends to debate.,Russell ever ordered many girls' ex-boyfriends to debate.,semantics,npi_licensing,npi_present_2,True,True,False,False,598,-91.04766845703125,-87.4085693359375,0
These waiters can really see.,These waiters can ever see.,semantics,npi_licensing,npi_present_2,True,True,False,False,599,-41.770591735839844,-40.33564376831055,0
Most wheelbarrows also stop.,Most wheelbarrows ever stop.,semantics,npi_licensing,npi_present_2,True,True,False,False,600,-45.49611282348633,-45.80602264404297,1
Angela clearly remembered who approach Robert.,Angela ever remembered who approach Robert.,semantics,npi_licensing,npi_present_2,True,True,False,False,601,-60.97407531738281,-56.72186279296875,0
Lisa certainly read.,Lisa ever read.,semantics,npi_licensing,npi_present_2,True,True,False,False,602,-21.077228546142578,-18.58991241455078,0
Sharon really forced all theses to disgust Omar.,Sharon ever forced all theses to disgust Omar.,semantics,npi_licensing,npi_present_2,True,True,False,False,603,-81.23193359375,-81.65814971923828,1
The Borgias can certainly profit.,The Borgias can ever profit.,semantics,npi_licensing,npi_present_2,True,True,False,False,604,-48.73630905151367,-49.29296875,1
Every truck clearly crashed.,Every truck ever crashed.,semantics,npi_licensing,npi_present_2,True,True,False,False,605,-35.198707580566406,-33.39997100830078,0
All banks had also collaborated.,All banks had ever collaborated.,semantics,npi_licensing,npi_present_2,True,True,False,False,606,-39.38856506347656,-38.40057373046875,0
Some turtles certainly exist.,Some turtles ever exist.,semantics,npi_licensing,npi_present_2,True,True,False,False,607,-31.967327117919922,-30.761539459228516,0
The muffins clearly charred.,The muffins ever charred.,semantics,npi_licensing,npi_present_2,True,True,False,False,608,-43.68419647216797,-42.693302154541016,0
Jane would really explain everything.,Jane would ever explain everything.,semantics,npi_licensing,npi_present_2,True,True,False,False,609,-28.85314178466797,-26.994150161743164,0
That doctor did clearly drop by every mountain.,That doctor did ever drop by every mountain.,semantics,npi_licensing,npi_present_2,True,True,False,False,610,-60.20125198364258,-53.114532470703125,0
Barbara would really remember Bruce.,Barbara would ever remember Bruce.,semantics,npi_licensing,npi_present_2,True,True,False,False,611,-40.22993469238281,-37.96122741699219,0
Every box often flings open.,Every box ever flings open.,semantics,npi_licensing,npi_present_2,True,True,False,False,612,-45.04290771484375,-44.23921203613281,0
Elizabeth can really sing.,Elizabeth can ever sing.,semantics,npi_licensing,npi_present_2,True,True,False,False,613,-25.561447143554688,-25.418354034423828,0
Every student often sighed.,Every student ever sighed.,semantics,npi_licensing,npi_present_2,True,True,False,False,614,-32.85910415649414,-30.836441040039062,0
Those skirts also flattened.,Those skirts ever flattened.,semantics,npi_licensing,npi_present_2,True,True,False,False,615,-34.719478607177734,-35.314605712890625,1
Stephanie has also practiced.,Stephanie has ever practiced.,semantics,npi_licensing,npi_present_2,True,True,False,False,616,-38.44200897216797,-40.60080337524414,1
Most people really practice.,Most people ever practice.,semantics,npi_licensing,npi_present_2,True,True,False,False,617,-23.20907974243164,-24.506790161132812,1
Jill does also discover most casseroles.,Jill does ever discover most casseroles.,semantics,npi_licensing,npi_present_2,True,True,False,False,618,-70.81072998046875,-70.08500671386719,0
Colleen had also alarmed Stacey.,Colleen had ever alarmed Stacey.,semantics,npi_licensing,npi_present_2,True,True,False,False,619,-51.68577194213867,-49.19749450683594,0
Beverly clearly passed a river.,Beverly ever passed a river.,semantics,npi_licensing,npi_present_2,True,True,False,False,620,-46.390933990478516,-41.82946014404297,0
A legislature should often declare the spotlights to brighten.,A legislature should ever declare the spotlights to brighten.,semantics,npi_licensing,npi_present_2,True,True,False,False,621,-84.00053405761719,-82.94085693359375,0
These wheelbarrows had really slowed.,These wheelbarrows had ever slowed.,semantics,npi_licensing,npi_present_2,True,True,False,False,622,-54.66841125488281,-52.951377868652344,0
Michael does often want those girls to reply.,Michael does ever want those girls to reply.,semantics,npi_licensing,npi_present_2,True,True,False,False,623,-49.88008117675781,-46.55458068847656,0
Mary will certainly attempt to boast.,Mary will ever attempt to boast.,semantics,npi_licensing,npi_present_2,True,True,False,False,624,-35.619544982910156,-34.59138107299805,0
Many couches often shatter.,Many couches ever shatter.,semantics,npi_licensing,npi_present_2,True,True,False,False,625,-41.10884475708008,-41.929317474365234,1
All waitresses certainly appear to resemble a print.,All waitresses ever appear to resemble a print.,semantics,npi_licensing,npi_present_2,True,True,False,False,626,-71.71961975097656,-69.256103515625,0
Julie clearly surrenders.,Julie ever surrenders.,semantics,npi_licensing,npi_present_2,True,True,False,False,627,-45.11357116699219,-43.95847702026367,0
Dawn has certainly waved.,Dawn has ever waved.,semantics,npi_licensing,npi_present_2,True,True,False,False,628,-39.855499267578125,-35.89923095703125,0
Sara had really seen boys.,Sara had ever seen boys.,semantics,npi_licensing,npi_present_2,True,True,False,False,629,-38.816749572753906,-33.66811752319336,0
Every shawl often shrinks.,Every shawl ever shrinks.,semantics,npi_licensing,npi_present_2,True,True,False,False,630,-50.33555603027344,-49.393043518066406,0
Brian also watched Eric.,Brian ever watched Eric.,semantics,npi_licensing,npi_present_2,True,True,False,False,631,-29.08150291442871,-29.177845001220703,1
That icicle often melted.,That icicle ever melted.,semantics,npi_licensing,npi_present_2,True,True,False,False,632,-43.512813568115234,-43.27873992919922,0
Scott had often obliged a guest to fix some cart.,Scott had ever obliged a guest to fix some cart.,semantics,npi_licensing,npi_present_2,True,True,False,False,633,-62.899436950683594,-61.076446533203125,0
Walter does often doubt some committee won't cooperate.,Walter does ever doubt some committee won't cooperate.,semantics,npi_licensing,npi_present_2,True,True,False,False,634,-70.61331939697266,-67.794189453125,0
Every car had clearly slowed.,Every car had ever slowed.,semantics,npi_licensing,npi_present_2,True,True,False,False,635,-43.16761779785156,-38.33807373046875,0
The patient also surrenders.,The patient ever surrenders.,semantics,npi_licensing,npi_present_2,True,True,False,False,636,-46.054893493652344,-47.406646728515625,1
Kathleen had certainly thought Kathleen changes.,Kathleen had ever thought Kathleen changes.,semantics,npi_licensing,npi_present_2,True,True,False,False,637,-64.45635986328125,-62.29191589355469,0
Those boys certainly fail to wake up.,Those boys ever fail to wake up.,semantics,npi_licensing,npi_present_2,True,True,False,False,638,-40.11084747314453,-37.24742889404297,0
These women also confer.,These women ever confer.,semantics,npi_licensing,npi_present_2,True,True,False,False,639,-30.47745132446289,-31.264806747436523,1
William has often convinced most grandsons of that cashier to arrive at glaciers.,William has ever convinced most grandsons of that cashier to arrive at glaciers.,semantics,npi_licensing,npi_present_2,True,True,False,False,640,-109.70404815673828,-111.57525634765625,1
This hamster did certainly impress Florence.,This hamster did ever impress Florence.,semantics,npi_licensing,npi_present_2,True,True,False,False,641,-58.70438766479492,-55.64881134033203,0
Hospitals have also worked hard.,Hospitals have ever worked hard.,semantics,npi_licensing,npi_present_2,True,True,False,False,642,-49.553245544433594,-50.27122497558594,1
Some closet certainly shocks Martha.,Some closet ever shocks Martha.,semantics,npi_licensing,npi_present_2,True,True,False,False,643,-54.17657470703125,-51.371131896972656,0
Diana might clearly sigh.,Diana might ever sigh.,semantics,npi_licensing,npi_present_2,True,True,False,False,644,-42.285125732421875,-38.71484375,0
Dan certainly disappears.,Dan ever disappears.,semantics,npi_licensing,npi_present_2,True,True,False,False,645,-24.132102966308594,-24.236316680908203,1
Brenda will certainly scream.,Brenda will ever scream.,semantics,npi_licensing,npi_present_2,True,True,False,False,646,-32.33483123779297,-30.471357345581055,0
Robert has really attacked Kathleen.,Robert has ever attacked Kathleen.,semantics,npi_licensing,npi_present_2,True,True,False,False,647,-37.23249435424805,-33.095191955566406,0
The Clintons also confer.,The Clintons ever confer.,semantics,npi_licensing,npi_present_2,True,True,False,False,648,-41.606170654296875,-42.198829650878906,1
Gary has also explored some cafe.,Gary has ever explored some cafe.,semantics,npi_licensing,npi_present_2,True,True,False,False,649,-41.13067626953125,-42.30815887451172,1
All actresses clearly referenced Valerie.,All actresses ever referenced Valerie.,semantics,npi_licensing,npi_present_2,True,True,False,False,650,-51.5975341796875,-49.22941970825195,0
This lake should certainly melt.,This lake should ever melt.,semantics,npi_licensing,npi_present_2,True,True,False,False,651,-39.70759582519531,-37.96845245361328,0
These committees have really worked with Sandra.,These committees have ever worked with Sandra.,semantics,npi_licensing,npi_present_2,True,True,False,False,652,-49.19657897949219,-47.14408493041992,0
These actors have really revealed who had believed James to salute.,These actors have ever revealed who had believed James to salute.,semantics,npi_licensing,npi_present_2,True,True,False,False,653,-83.23297119140625,-77.74037170410156,0
Claire might certainly threaten to lift some car.,Claire might ever threaten to lift some car.,semantics,npi_licensing,npi_present_2,True,True,False,False,654,-60.327667236328125,-58.335594177246094,0
Scott has clearly worked with an actress.,Scott has ever worked with an actress.,semantics,npi_licensing,npi_present_2,True,True,False,False,655,-40.80997085571289,-33.675376892089844,0
Guy clearly concurs.,Guy ever concurs.,semantics,npi_licensing,npi_present_2,True,True,False,False,656,-32.915245056152344,-31.0599365234375,0
Angela also messed up malls.,Angela ever messed up malls.,semantics,npi_licensing,npi_present_2,True,True,False,False,657,-44.63268280029297,-45.315799713134766,1
Melissa also orders Anne to arrive at the art galleries.,Melissa ever orders Anne to arrive at the art galleries.,semantics,npi_licensing,npi_present_2,True,True,False,False,658,-73.11273193359375,-74.36395263671875,1
Some adults certainly wish to change.,Some adults ever wish to change.,semantics,npi_licensing,npi_present_2,True,True,False,False,659,-38.40972900390625,-35.241310119628906,0
Katherine would also upset Jason.,Katherine would ever upset Jason.,semantics,npi_licensing,npi_present_2,True,True,False,False,660,-45.01605987548828,-42.816532135009766,0
Alexander had really gotten a job.,Alexander had ever gotten a job.,semantics,npi_licensing,npi_present_2,True,True,False,False,661,-31.874935150146484,-29.699913024902344,0
All dancers also coped.,All dancers ever coped.,semantics,npi_licensing,npi_present_2,True,True,False,False,662,-40.738243103027344,-40.951393127441406,1
Homer often sits down.,Homer ever sits down.,semantics,npi_licensing,npi_present_2,True,True,False,False,663,-37.27219009399414,-36.95927429199219,0
Many teachers also date.,Many teachers ever date.,semantics,npi_licensing,npi_present_2,True,True,False,False,664,-27.606386184692383,-29.371219635009766,1
Leslie might also discover who hadn't pressured Candice to conceal April.,Leslie might ever discover who hadn't pressured Candice to conceal April.,semantics,npi_licensing,npi_present_2,True,True,False,False,665,-106.07907104492188,-104.05036163330078,0
That plane did also crack.,That plane did ever crack.,semantics,npi_licensing,npi_present_2,True,True,False,False,666,-41.56114196777344,-39.29152297973633,0
April certainly saw.,April ever saw.,semantics,npi_licensing,npi_present_2,True,True,False,False,667,-22.81019401550293,-19.49859619140625,0
Some convertible really accelerated.,Some convertible ever accelerated.,semantics,npi_licensing,npi_present_2,True,True,False,False,668,-37.478797912597656,-37.852725982666016,1
Jacqueline certainly reveals who have this box.,Jacqueline ever reveals who have this box.,semantics,npi_licensing,npi_present_2,True,True,False,False,669,-66.89810180664062,-65.52447509765625,0
These chairs can clearly disturb the Clintons.,These chairs can ever disturb the Clintons.,semantics,npi_licensing,npi_present_2,True,True,False,False,670,-57.833892822265625,-53.21012878417969,0
Those people clearly complain about some newspaper article.,Those people ever complain about some newspaper article.,semantics,npi_licensing,npi_present_2,True,True,False,False,671,-54.82598114013672,-51.189327239990234,0
This carriage could clearly chip.,This carriage could ever chip.,semantics,npi_licensing,npi_present_2,True,True,False,False,672,-42.228416442871094,-40.018096923828125,0
Most drivers also approve.,Most drivers ever approve.,semantics,npi_licensing,npi_present_2,True,True,False,False,673,-31.324417114257812,-31.35181427001953,1
Heidi really telephones.,Heidi ever telephones.,semantics,npi_licensing,npi_present_2,True,True,False,False,674,-40.643226623535156,-41.157142639160156,1
Lisa certainly littered.,Lisa ever littered.,semantics,npi_licensing,npi_present_2,True,True,False,False,675,-26.201282501220703,-24.90923309326172,0
Emily clearly walks through every art gallery.,Emily ever walks through every art gallery.,semantics,npi_licensing,npi_present_2,True,True,False,False,676,-53.00103759765625,-52.3317985534668,0
Eric often requires Benjamin to salute.,Eric ever requires Benjamin to salute.,semantics,npi_licensing,npi_present_2,True,True,False,False,677,-51.21305847167969,-50.29216003417969,0
Grace also needed to upset Daniel.,Grace ever needed to upset Daniel.,semantics,npi_licensing,npi_present_2,True,True,False,False,678,-51.65218734741211,-51.33149719238281,0
Tara has often managed to criticize Theodore.,Tara has ever managed to criticize Theodore.,semantics,npi_licensing,npi_present_2,True,True,False,False,679,-49.40591812133789,-48.56781768798828,0
Dan did really sing.,Dan did ever sing.,semantics,npi_licensing,npi_present_2,True,True,False,False,680,-24.41223907470703,-23.416662216186523,0
Many actors might clearly walk through these mountains.,Many actors might ever walk through these mountains.,semantics,npi_licensing,npi_present_2,True,True,False,False,681,-56.305259704589844,-51.521663665771484,0
Every sketch also looks like Rodney.,Every sketch ever looks like Rodney.,semantics,npi_licensing,npi_present_2,True,True,False,False,682,-46.668617248535156,-48.077186584472656,1
Paula can also stand up.,Paula can ever stand up.,semantics,npi_licensing,npi_present_2,True,True,False,False,683,-30.361557006835938,-31.27687644958496,1
Sarah has also managed to annoy some governments.,Sarah has ever managed to annoy some governments.,semantics,npi_licensing,npi_present_2,True,True,False,False,684,-48.33130645751953,-48.366580963134766,1
That museum has really met.,That museum has ever met.,semantics,npi_licensing,npi_present_2,True,True,False,False,685,-36.58824920654297,-32.73944854736328,0
Larry really sang.,Larry ever sang.,semantics,npi_licensing,npi_present_2,True,True,False,False,686,-24.00873565673828,-21.653087615966797,0
Teachers certainly predict Harvard University to succeed.,Teachers ever predict Harvard University to succeed.,semantics,npi_licensing,npi_present_2,True,True,False,False,687,-65.15327453613281,-61.946533203125,0
Men often cry.,Men ever cry.,semantics,npi_licensing,npi_present_2,True,True,False,False,688,-20.003454208374023,-18.23748207092285,0
Theresa can certainly beg the governments to bother Barbara.,Theresa can ever beg the governments to bother Barbara.,semantics,npi_licensing,npi_present_2,True,True,False,False,689,-72.54744720458984,-72.83491516113281,1
Gregory clearly swayed Connie to sit down.,Gregory ever swayed Connie to sit down.,semantics,npi_licensing,npi_present_2,True,True,False,False,690,-57.87393569946289,-55.1929931640625,0
The cakes also blackened.,The cakes ever blackened.,semantics,npi_licensing,npi_present_2,True,True,False,False,691,-36.67917251586914,-39.296913146972656,1
Colleen often respected Keith.,Colleen ever respected Keith.,semantics,npi_licensing,npi_present_2,True,True,False,False,692,-43.649085998535156,-43.27602005004883,0
Nicole certainly bakes.,Nicole ever bakes.,semantics,npi_licensing,npi_present_2,True,True,False,False,693,-37.426300048828125,-37.12517166137695,0
Martin clearly scanned some newspaper articles.,Martin ever scanned some newspaper articles.,semantics,npi_licensing,npi_present_2,True,True,False,False,694,-51.93220520019531,-48.68239212036133,0
Carrie had also protested.,Carrie had ever protested.,semantics,npi_licensing,npi_present_2,True,True,False,False,695,-36.52431869506836,-34.823158264160156,0
A lot of libraries often retaliate.,A lot of libraries ever retaliate.,semantics,npi_licensing,npi_present_2,True,True,False,False,696,-46.263275146484375,-47.85985565185547,1
The bicycle has really distracted Douglas.,The bicycle has ever distracted Douglas.,semantics,npi_licensing,npi_present_2,True,True,False,False,697,-51.06890869140625,-48.89814758300781,0
Many banks also pressure Diana to wash.,Many banks ever pressure Diana to wash.,semantics,npi_licensing,npi_present_2,True,True,False,False,698,-58.679473876953125,-62.414344787597656,1
Phillip does clearly complain.,Phillip does ever complain.,semantics,npi_licensing,npi_present_2,True,True,False,False,699,-38.39630126953125,-33.42556381225586,0
Veronica often brought these slopes.,Veronica ever brought these slopes.,semantics,npi_licensing,npi_present_2,True,True,False,False,700,-46.04043197631836,-45.199676513671875,0
Phillip clearly testifies.,Phillip ever testifies.,semantics,npi_licensing,npi_present_2,True,True,False,False,701,-42.98845672607422,-43.40452575683594,1
Marie certainly swayed Becca's contractor to explain everything.,Marie ever swayed Becca's contractor to explain everything.,semantics,npi_licensing,npi_present_2,True,True,False,False,702,-76.10881042480469,-75.07621765136719,0
These patients also divorced.,These patients ever divorced.,semantics,npi_licensing,npi_present_2,True,True,False,False,703,-27.563207626342773,-28.50430679321289,1
Most guests certainly pass these cafes.,Most guests ever pass these cafes.,semantics,npi_licensing,npi_present_2,True,True,False,False,704,-50.35057067871094,-48.278282165527344,0
Tamara clearly continues to cure Stacy.,Tamara ever continues to cure Stacy.,semantics,npi_licensing,npi_present_2,True,True,False,False,705,-52.69219970703125,-52.088783264160156,0
Many adults often neglect to argue.,Many adults ever neglect to argue.,semantics,npi_licensing,npi_present_2,True,True,False,False,706,-44.139015197753906,-44.525760650634766,1
The guy really begs Alicia to fix a dish.,The guy ever begs Alicia to fix a dish.,semantics,npi_licensing,npi_present_2,True,True,False,False,707,-69.26943969726562,-70.40512084960938,1
Emily does clearly visit James.,Emily does ever visit James.,semantics,npi_licensing,npi_present_2,True,True,False,False,708,-36.96857452392578,-32.62849426269531,0
Every light could certainly fade.,Every light could ever fade.,semantics,npi_licensing,npi_present_2,True,True,False,False,709,-39.74367141723633,-38.610389709472656,0
Leslie had certainly figured out who had criticized Steven.,Leslie had ever figured out who had criticized Steven.,semantics,npi_licensing,npi_present_2,True,True,False,False,710,-68.17095947265625,-63.87968826293945,0
Many socks certainly warp.,Many socks ever warp.,semantics,npi_licensing,npi_present_2,True,True,False,False,711,-37.87484359741211,-35.13395690917969,0
Gerald often yawned.,Gerald ever yawned.,semantics,npi_licensing,npi_present_2,True,True,False,False,712,-35.102630615234375,-36.960899353027344,1
Edward has often visited Larry.,Edward has ever visited Larry.,semantics,npi_licensing,npi_present_2,True,True,False,False,713,-31.650136947631836,-30.719749450683594,0
All men certainly find out who haven't walked through that hospital.,All men ever find out who haven't walked through that hospital.,semantics,npi_licensing,npi_present_2,True,True,False,False,714,-72.1556396484375,-69.02922058105469,0
Many doctors really confer.,Many doctors ever confer.,semantics,npi_licensing,npi_present_2,True,True,False,False,715,-33.458412170410156,-32.87474822998047,0
Most mountains should often alarm these committees.,Most mountains should ever alarm these committees.,semantics,npi_licensing,npi_present_2,True,True,False,False,716,-58.569068908691406,-58.237709045410156,0
Jill would really whisper.,Jill would ever whisper.,semantics,npi_licensing,npi_present_2,True,True,False,False,717,-33.883949279785156,-32.302589416503906,0
Teachers often hope to weep.,Teachers ever hope to weep.,semantics,npi_licensing,npi_present_2,True,True,False,False,718,-40.664100646972656,-40.02864074707031,0
Those doctors clearly change.,Those doctors ever change.,semantics,npi_licensing,npi_present_2,True,True,False,False,719,-29.945127487182617,-26.188297271728516,0
Stacy really shrugs.,Stacy ever shrugs.,semantics,npi_licensing,npi_present_2,True,True,False,False,720,-36.03041458129883,-37.025787353515625,1
Daniel often hated most reports.,Daniel ever hated most reports.,semantics,npi_licensing,npi_present_2,True,True,False,False,721,-35.36061096191406,-37.04967498779297,1
Linda also drinks.,Linda ever drinks.,semantics,npi_licensing,npi_present_2,True,True,False,False,722,-28.82367706298828,-31.698448181152344,1
This shoe clearly flattens.,This shoe ever flattens.,semantics,npi_licensing,npi_present_2,True,True,False,False,723,-44.347965240478516,-42.83599090576172,0
Beverly has really irritated Alan.,Beverly has ever irritated Alan.,semantics,npi_licensing,npi_present_2,True,True,False,False,724,-55.681800842285156,-53.70496368408203,0
Pamela clearly changes.,Pamela ever changes.,semantics,npi_licensing,npi_present_2,True,True,False,False,725,-41.16251754760742,-38.348060607910156,0
A lot of guests certainly criticize a mall.,A lot of guests ever criticize a mall.,semantics,npi_licensing,npi_present_2,True,True,False,False,726,-60.4085693359375,-58.171669006347656,0
Most photographs did also look like most glasses.,Most photographs did ever look like most glasses.,semantics,npi_licensing,npi_present_2,True,True,False,False,727,-53.54859924316406,-51.87908935546875,0
Noah will clearly sigh.,Noah will ever sigh.,semantics,npi_licensing,npi_present_2,True,True,False,False,728,-40.06829833984375,-35.90565490722656,0
Sara certainly wore a lot of sweaters.,Sara ever wore a lot of sweaters.,semantics,npi_licensing,npi_present_2,True,True,False,False,729,-55.45331954956055,-52.84381103515625,0
The hair also astounded Brett.,The hair ever astounded Brett.,semantics,npi_licensing,npi_present_2,True,True,False,False,730,-49.894287109375,-49.058074951171875,0
Dawn had certainly worn many hats.,Dawn had ever worn many hats.,semantics,npi_licensing,npi_present_2,True,True,False,False,731,-51.269935607910156,-47.48193359375,0
This student often died.,This student ever died.,semantics,npi_licensing,npi_present_2,True,True,False,False,732,-30.35464096069336,-27.939790725708008,0
Wayne should clearly visit the Borgias.,Wayne should ever visit the Borgias.,semantics,npi_licensing,npi_present_2,True,True,False,False,733,-57.59490203857422,-53.171104431152344,0
Anne often hugged some teenager.,Anne ever hugged some teenager.,semantics,npi_licensing,npi_present_2,True,True,False,False,734,-39.2017936706543,-40.874786376953125,1
A bike could clearly fall apart.,A bike could ever fall apart.,semantics,npi_licensing,npi_present_2,True,True,False,False,735,-48.48567199707031,-43.791038513183594,0
Nancy often muttered.,Nancy ever muttered.,semantics,npi_licensing,npi_present_2,True,True,False,False,736,-30.219202041625977,-29.67511749267578,0
John has certainly discovered the gates.,John has ever discovered the gates.,semantics,npi_licensing,npi_present_2,True,True,False,False,737,-37.73877716064453,-33.17346954345703,0
Some government also bores Susan.,Some government ever bores Susan.,semantics,npi_licensing,npi_present_2,True,True,False,False,738,-47.569908142089844,-46.924530029296875,0
Renee often buys every pie.,Renee ever buys every pie.,semantics,npi_licensing,npi_present_2,True,True,False,False,739,-46.4477424621582,-46.85371398925781,1
A lot of actors also mutter.,A lot of actors ever mutter.,semantics,npi_licensing,npi_present_2,True,True,False,False,740,-49.350128173828125,-49.321815490722656,0
These dishes also exist.,These dishes ever exist.,semantics,npi_licensing,npi_present_2,True,True,False,False,741,-29.245208740234375,-31.12738037109375,1
Bethany will also drop by those public parks.,Bethany will ever drop by those public parks.,semantics,npi_licensing,npi_present_2,True,True,False,False,742,-67.65423583984375,-69.32014465332031,1
Sally can really leave.,Sally can ever leave.,semantics,npi_licensing,npi_present_2,True,True,False,False,743,-30.874958038330078,-30.758224487304688,0
Some customers clearly buy the fish.,Some customers ever buy the fish.,semantics,npi_licensing,npi_present_2,True,True,False,False,744,-43.17793273925781,-38.052459716796875,0
That pedestrian will certainly investigate Ruth.,That pedestrian will ever investigate Ruth.,semantics,npi_licensing,npi_present_2,True,True,False,False,745,-52.72502899169922,-49.87590026855469,0
Jodi has often insulted Charles.,Jodi has ever insulted Charles.,semantics,npi_licensing,npi_present_2,True,True,False,False,746,-48.01228332519531,-46.381004333496094,0
Beth really sees Frank.,Beth ever sees Frank.,semantics,npi_licensing,npi_present_2,True,True,False,False,747,-37.46650695800781,-36.99064636230469,0
The bananas really ripen.,The bananas ever ripen.,semantics,npi_licensing,npi_present_2,True,True,False,False,748,-36.58316421508789,-38.54817581176758,1
All adults clearly testified.,All adults ever testified.,semantics,npi_licensing,npi_present_2,True,True,False,False,749,-38.02162170410156,-33.68799591064453,0
Helen often investigated many schools.,Helen ever investigated many schools.,semantics,npi_licensing,npi_present_2,True,True,False,False,750,-39.52360534667969,-42.167823791503906,1
Susan had really healed Ella.,Susan had ever healed Ella.,semantics,npi_licensing,npi_present_2,True,True,False,False,751,-45.04448318481445,-42.14910125732422,0
Most mirrors also slipped.,Most mirrors ever slipped.,semantics,npi_licensing,npi_present_2,True,True,False,False,752,-34.78475570678711,-32.71605682373047,0
Every plate often tips over.,Every plate ever tips over.,semantics,npi_licensing,npi_present_2,True,True,False,False,753,-40.648963928222656,-40.32847595214844,0
Every eggplant might clearly rot.,Every eggplant might ever rot.,semantics,npi_licensing,npi_present_2,True,True,False,False,754,-55.18140411376953,-51.755680084228516,0
The museum really coped.,The museum ever coped.,semantics,npi_licensing,npi_present_2,True,True,False,False,755,-36.78875732421875,-38.80482482910156,1
Debra has clearly run around that public park.,Debra has ever run around that public park.,semantics,npi_licensing,npi_present_2,True,True,False,False,756,-58.983402252197266,-53.1697998046875,0
Ronald would also think about Helen.,Ronald would ever think about Helen.,semantics,npi_licensing,npi_present_2,True,True,False,False,757,-43.99796676635742,-41.31434631347656,0
Dennis also looked like that painting.,Dennis ever looked like that painting.,semantics,npi_licensing,npi_present_2,True,True,False,False,758,-44.638999938964844,-45.57817459106445,1
Every blouse had clearly folded.,Every blouse had ever folded.,semantics,npi_licensing,npi_present_2,True,True,False,False,759,-45.59684753417969,-42.260826110839844,0
Aaron clearly wishes to telephone.,Aaron ever wishes to telephone.,semantics,npi_licensing,npi_present_2,True,True,False,False,760,-35.292396545410156,-33.0267333984375,0
The convertible will often slow.,The convertible will ever slow.,semantics,npi_licensing,npi_present_2,True,True,False,False,761,-38.48106384277344,-37.659515380859375,0
A lot of waitresses really sneeze.,A lot of waitresses ever sneeze.,semantics,npi_licensing,npi_present_2,True,True,False,False,762,-66.6378173828125,-66.96099090576172,1
April will also fail to conceal these ladders.,April will ever fail to conceal these ladders.,semantics,npi_licensing,npi_present_2,True,True,False,False,763,-53.975433349609375,-52.093082427978516,0
These ladies have also gotten a job.,These ladies have ever gotten a job.,semantics,npi_licensing,npi_present_2,True,True,False,False,764,-40.64430236816406,-40.043800354003906,0
Some pedestrians have certainly badgered William's ex-husbands to cooperate.,Some pedestrians have ever badgered William's ex-husbands to cooperate.,semantics,npi_licensing,npi_present_2,True,True,False,False,765,-117.71240234375,-117.04857635498047,0
Tanya really cleans some mouths.,Tanya ever cleans some mouths.,semantics,npi_licensing,npi_present_2,True,True,False,False,766,-47.52870559692383,-47.42030334472656,0
Renee clearly responds.,Renee ever responds.,semantics,npi_licensing,npi_present_2,True,True,False,False,767,-33.75755310058594,-32.42879867553711,0
A lot of boxes also disgust those children.,A lot of boxes ever disgust those children.,semantics,npi_licensing,npi_present_2,True,True,False,False,768,-59.07136154174805,-61.371070861816406,1
The teacher really considered Joseph to shrug.,The teacher ever considered Joseph to shrug.,semantics,npi_licensing,npi_present_2,True,True,False,False,769,-57.28532791137695,-56.8442268371582,0
Caroline had clearly died.,Caroline had ever died.,semantics,npi_licensing,npi_present_2,True,True,False,False,770,-39.19347381591797,-32.870567321777344,0
This waiter really sees George.,This waiter ever sees George.,semantics,npi_licensing,npi_present_2,True,True,False,False,771,-42.19134521484375,-41.844093322753906,0
Most senators certainly tour schools.,Most senators ever tour schools.,semantics,npi_licensing,npi_present_2,True,True,False,False,772,-44.142425537109375,-42.0035285949707,0
Tanya should certainly talk.,Tanya should ever talk.,semantics,npi_licensing,npi_present_2,True,True,False,False,773,-34.280399322509766,-32.12435531616211,0
Gerald had often read.,Gerald had ever read.,semantics,npi_licensing,npi_present_2,True,True,False,False,774,-33.62205123901367,-30.99656867980957,0
All museums often lie.,All museums ever lie.,semantics,npi_licensing,npi_present_2,True,True,False,False,775,-32.454559326171875,-32.75455856323242,1
Sandra has certainly yearned to escape from Cindy.,Sandra has ever yearned to escape from Cindy.,semantics,npi_licensing,npi_present_2,True,True,False,False,776,-72.93245697021484,-69.70732879638672,0
That ice cream has clearly evaporated.,That ice cream has ever evaporated.,semantics,npi_licensing,npi_present_2,True,True,False,False,777,-49.98262405395508,-46.21516799926758,0
Most senators also like Nina.,Most senators ever like Nina.,semantics,npi_licensing,npi_present_2,True,True,False,False,778,-41.45802307128906,-41.00865173339844,0
The woman had really cooked.,The woman had ever cooked.,semantics,npi_licensing,npi_present_2,True,True,False,False,779,-32.56684112548828,-30.761436462402344,0
Grace also sways Marla to bake.,Grace ever sways Marla to bake.,semantics,npi_licensing,npi_present_2,True,True,False,False,780,-74.892578125,-74.9571304321289,1
Larry would really need to observe Deanna.,Larry would ever need to observe Deanna.,semantics,npi_licensing,npi_present_2,True,True,False,False,781,-48.12641906738281,-48.832828521728516,1
Most companies certainly scare a lot of guys.,Most companies ever scare a lot of guys.,semantics,npi_licensing,npi_present_2,True,True,False,False,782,-46.729942321777344,-43.744075775146484,0
Those candles had really dimmed.,Those candles had ever dimmed.,semantics,npi_licensing,npi_present_2,True,True,False,False,783,-46.73810577392578,-46.17015075683594,0
Michelle does clearly boast.,Michelle does ever boast.,semantics,npi_licensing,npi_present_2,True,True,False,False,784,-29.82940673828125,-26.08283233642578,0
Denise often wonders what responded.,Denise ever wonders what responded.,semantics,npi_licensing,npi_present_2,True,True,False,False,785,-49.126686096191406,-48.40171432495117,0
These women also obliged Alexander to conceal Samuel.,These women ever obliged Alexander to conceal Samuel.,semantics,npi_licensing,npi_present_2,True,True,False,False,786,-64.62847900390625,-64.75696563720703,1
These pedestrians clearly came here.,These pedestrians ever came here.,semantics,npi_licensing,npi_present_2,True,True,False,False,787,-38.045082092285156,-34.09138870239258,0
Most adults often push Julia's granddaughters to get a job.,Most adults ever push Julia's granddaughters to get a job.,semantics,npi_licensing,npi_present_2,True,True,False,False,788,-84.26056671142578,-83.4601058959961,0
Carolyn really littered.,Carolyn ever littered.,semantics,npi_licensing,npi_present_2,True,True,False,False,789,-35.59349060058594,-35.28813171386719,0
Many spotlights did also dim.,Many spotlights did ever dim.,semantics,npi_licensing,npi_present_2,True,True,False,False,790,-52.05242919921875,-52.33814239501953,1
Theodore really retaliates.,Theodore ever retaliates.,semantics,npi_licensing,npi_present_2,True,True,False,False,791,-41.76959991455078,-41.76593017578125,0
Regina really thinks about every boy.,Regina ever thinks about every boy.,semantics,npi_licensing,npi_present_2,True,True,False,False,792,-41.79445266723633,-42.56462860107422,1
Those teachers had certainly wept.,Those teachers had ever wept.,semantics,npi_licensing,npi_present_2,True,True,False,False,793,-45.84366989135742,-40.51490020751953,0
These reports also alarmed Anne.,These reports ever alarmed Anne.,semantics,npi_licensing,npi_present_2,True,True,False,False,794,-42.872833251953125,-41.182373046875,0
Most teenagers certainly neglect to perform.,Most teenagers ever neglect to perform.,semantics,npi_licensing,npi_present_2,True,True,False,False,795,-48.27006530761719,-45.5447883605957,0
Many waiters clearly profit.,Many waiters ever profit.,semantics,npi_licensing,npi_present_2,True,True,False,False,796,-44.044376373291016,-42.64751052856445,0
Connie had certainly concealed the glove.,Connie had ever concealed the glove.,semantics,npi_licensing,npi_present_2,True,True,False,False,797,-48.91753387451172,-44.433406829833984,0
Kayla certainly leaves.,Kayla ever leaves.,semantics,npi_licensing,npi_present_2,True,True,False,False,798,-32.99653244018555,-32.59935760498047,0
Theresa should really descend those steps.,Theresa should ever descend those steps.,semantics,npi_licensing,npi_present_2,True,True,False,False,799,-55.212886810302734,-52.94334030151367,0
Most students really disagree.,Most students ever disagree.,semantics,npi_licensing,npi_present_2,True,True,False,False,800,-28.93494415283203,-30.271690368652344,1
Guys really train.,Guys ever train.,semantics,npi_licensing,npi_present_2,True,True,False,False,801,-27.324888229370117,-29.437074661254883,1
Christina had also tried to bother Gerald.,Christina had ever tried to bother Gerald.,semantics,npi_licensing,npi_present_2,True,True,False,False,802,-49.36317443847656,-46.50109100341797,0
Carmen clearly pushes Alexander's guest to boycott all malls.,Carmen ever pushes Alexander's guest to boycott all malls.,semantics,npi_licensing,npi_present_2,True,True,False,False,803,-93.80801391601562,-93.65908813476562,0
Pamela clearly exits schools.,Pamela ever exits schools.,semantics,npi_licensing,npi_present_2,True,True,False,False,804,-55.03041076660156,-52.54697036743164,0
Drivers would also convince a lot of people to irritate the actresses.,Drivers would ever convince a lot of people to irritate the actresses.,semantics,npi_licensing,npi_present_2,True,True,False,False,805,-81.72137451171875,-81.0460205078125,0
Janice had certainly blinked.,Janice had ever blinked.,semantics,npi_licensing,npi_present_2,True,True,False,False,806,-38.34450149536133,-34.158836364746094,0
These teachers certainly dare all libraries to alarm Wendy.,These teachers ever dare all libraries to alarm Wendy.,semantics,npi_licensing,npi_present_2,True,True,False,False,807,-75.18644714355469,-73.69773864746094,0
Irene often watches Kendra.,Irene ever watches Kendra.,semantics,npi_licensing,npi_present_2,True,True,False,False,808,-55.452335357666016,-56.29709243774414,1
Jessica really hunts.,Jessica ever hunts.,semantics,npi_licensing,npi_present_2,True,True,False,False,809,-23.573387145996094,-24.484710693359375,1
This window clearly vanishes.,This window ever vanishes.,semantics,npi_licensing,npi_present_2,True,True,False,False,810,-44.46849822998047,-45.44839859008789,1
These schools do often clash.,These schools do ever clash.,semantics,npi_licensing,npi_present_2,True,True,False,False,811,-39.236915588378906,-38.75680923461914,0
Linda really messes up that glass.,Linda ever messes up that glass.,semantics,npi_licensing,npi_present_2,True,True,False,False,812,-52.61991882324219,-53.61615753173828,1
These museums should certainly debate.,These museums should ever debate.,semantics,npi_licensing,npi_present_2,True,True,False,False,813,-38.69328689575195,-37.680965423583984,0
Walter clearly finds out who prefer George to go to many museums.,Walter ever finds out who prefer George to go to many museums.,semantics,npi_licensing,npi_present_2,True,True,False,False,814,-89.7441177368164,-87.86647033691406,0
Many dancers have also assembled.,Many dancers have ever assembled.,semantics,npi_licensing,npi_present_2,True,True,False,False,815,-36.055721282958984,-36.34669494628906,1
Gina had often stunned Larry.,Gina had ever stunned Larry.,semantics,npi_licensing,npi_present_2,True,True,False,False,816,-42.74762725830078,-41.66001892089844,0
Edward really sat down.,Edward ever sat down.,semantics,npi_licensing,npi_present_2,True,True,False,False,817,-25.16452407836914,-23.14458656311035,0
Doctors would also reveal a lot of books.,Doctors would ever reveal a lot of books.,semantics,npi_licensing,npi_present_2,True,True,False,False,818,-38.71245574951172,-37.73152542114258,0
Samuel has really scratched.,Samuel has ever scratched.,semantics,npi_licensing,npi_present_2,True,True,False,False,819,-37.334259033203125,-34.6710319519043,0
Stephen has certainly learned.,Stephen has ever learned.,semantics,npi_licensing,npi_present_2,True,True,False,False,820,-24.91095542907715,-20.011760711669922,0
The Borgias certainly commission these sons of Stacey to joke around.,The Borgias ever commission these sons of Stacey to joke around.,semantics,npi_licensing,npi_present_2,True,True,False,False,821,-103.93694305419922,-102.43189239501953,0
Chairs clearly embarrass Amanda.,Chairs ever embarrass Amanda.,semantics,npi_licensing,npi_present_2,True,True,False,False,822,-45.604705810546875,-44.60212707519531,0
A lot of waiters certainly declare Sharon to return to Eric.,A lot of waiters ever declare Sharon to return to Eric.,semantics,npi_licensing,npi_present_2,True,True,False,False,823,-87.72157287597656,-85.21971130371094,0
Julia also appears.,Julia ever appears.,semantics,npi_licensing,npi_present_2,True,True,False,False,824,-24.93039321899414,-27.188692092895508,1
Adam did certainly attack Barbara.,Adam did ever attack Barbara.,semantics,npi_licensing,npi_present_2,True,True,False,False,825,-37.730247497558594,-33.80955505371094,0
Christopher often saw.,Christopher ever saw.,semantics,npi_licensing,npi_present_2,True,True,False,False,826,-20.718355178833008,-19.241565704345703,0
Vanessa did also care for George.,Vanessa did ever care for George.,semantics,npi_licensing,npi_present_2,True,True,False,False,827,-45.15978240966797,-43.35670852661133,0
Erin had often dared the children's granddaughters to hug.,Erin had ever dared the children's granddaughters to hug.,semantics,npi_licensing,npi_present_2,True,True,False,False,828,-87.82212829589844,-85.65530395507812,0
Susan would also yell.,Susan would ever yell.,semantics,npi_licensing,npi_present_2,True,True,False,False,829,-26.382600784301758,-22.88422966003418,0
Every doctor also replies.,Every doctor ever replies.,semantics,npi_licensing,npi_present_2,True,True,False,False,830,-34.19179153442383,-34.73069763183594,1
Every dress certainly stretched.,Every dress ever stretched.,semantics,npi_licensing,npi_present_2,True,True,False,False,831,-35.16630554199219,-32.8046760559082,0
Beth had clearly forgotten who slumped over.,Beth had ever forgotten who slumped over.,semantics,npi_licensing,npi_present_2,True,True,False,False,832,-58.56688690185547,-52.963592529296875,0
Eva also falls.,Eva ever falls.,semantics,npi_licensing,npi_present_2,True,True,False,False,833,-20.41792869567871,-22.006282806396484,1
William had certainly sneezed.,William had ever sneezed.,semantics,npi_licensing,npi_present_2,True,True,False,False,834,-36.091041564941406,-32.948814392089844,0
Every shoe clearly frays.,Every shoe ever frays.,semantics,npi_licensing,npi_present_2,True,True,False,False,835,-41.581809997558594,-40.429718017578125,0
Debra certainly argued about some person.,Debra ever argued about some person.,semantics,npi_licensing,npi_present_2,True,True,False,False,836,-45.694313049316406,-43.48865509033203,0
Melanie often escapes.,Melanie ever escapes.,semantics,npi_licensing,npi_present_2,True,True,False,False,837,-34.00324630737305,-33.82525634765625,0
Some student clearly helps Vincent.,Some student ever helps Vincent.,semantics,npi_licensing,npi_present_2,True,True,False,False,838,-44.06362533569336,-42.022727966308594,0
Christine will also drop by closets.,Christine will ever drop by closets.,semantics,npi_licensing,npi_present_2,True,True,False,False,839,-49.97264099121094,-50.77878189086914,1
Edward could certainly notice some library.,Edward could ever notice some library.,semantics,npi_licensing,npi_present_2,True,True,False,False,840,-39.67686080932617,-38.82343292236328,0
All glaciers clearly melted.,All glaciers ever melted.,semantics,npi_licensing,npi_present_2,True,True,False,False,841,-36.68824768066406,-34.44042205810547,0
Bill really bothered to love Christopher.,Bill ever bothered to love Christopher.,semantics,npi_licensing,npi_present_2,True,True,False,False,842,-41.36517333984375,-42.75666809082031,1
Jeffrey had often murmured.,Jeffrey had ever murmured.,semantics,npi_licensing,npi_present_2,True,True,False,False,843,-35.074989318847656,-33.43975830078125,0
Travis often obligates Alan to remember Joseph.,Travis ever obligates Alan to remember Joseph.,semantics,npi_licensing,npi_present_2,True,True,False,False,844,-78.16708374023438,-78.02131652832031,0
These scarves also shrank.,These scarves ever shrank.,semantics,npi_licensing,npi_present_2,True,True,False,False,845,-47.526527404785156,-47.409950256347656,0
Some children also talk.,Some children ever talk.,semantics,npi_licensing,npi_present_2,True,True,False,False,846,-25.588335037231445,-24.357070922851562,0
Allison should really boast about Sherry.,Allison should ever boast about Sherry.,semantics,npi_licensing,npi_present_2,True,True,False,False,847,-60.977760314941406,-60.17840576171875,0
Many pedestrians could often cope.,Many pedestrians could ever cope.,semantics,npi_licensing,npi_present_2,True,True,False,False,848,-39.41840362548828,-39.554656982421875,1
Those mountains often impress Thomas.,Those mountains ever impress Thomas.,semantics,npi_licensing,npi_present_2,True,True,False,False,849,-41.65107727050781,-41.33110427856445,0
Karla had really planned to aggravate Mitchell.,Karla had ever planned to aggravate Mitchell.,semantics,npi_licensing,npi_present_2,True,True,False,False,850,-61.08167266845703,-58.02692794799805,0
Cucumbers certainly char.,Cucumbers ever char.,semantics,npi_licensing,npi_present_2,True,True,False,False,851,-53.726097106933594,-49.78997039794922,0
Clyde has often cured Janice.,Clyde has ever cured Janice.,semantics,npi_licensing,npi_present_2,True,True,False,False,852,-62.25646209716797,-62.62702941894531,1
Customers also talk to Victoria.,Customers ever talk to Victoria.,semantics,npi_licensing,npi_present_2,True,True,False,False,853,-36.46633529663086,-35.76051330566406,0
Some skirt has certainly twirled.,Some skirt has ever twirled.,semantics,npi_licensing,npi_present_2,True,True,False,False,854,-48.16149139404297,-44.954532623291016,0
Andrew has often concurred.,Andrew has ever concurred.,semantics,npi_licensing,npi_present_2,True,True,False,False,855,-33.8525276184082,-34.48015213012695,1
Most cars had really rusted.,Most cars had ever rusted.,semantics,npi_licensing,npi_present_2,True,True,False,False,856,-44.665977478027344,-41.716270446777344,0
Barbara really escaped.,Barbara ever escaped.,semantics,npi_licensing,npi_present_2,True,True,False,False,857,-29.38250732421875,-26.995195388793945,0
Nina also toured every museum.,Nina ever toured every museum.,semantics,npi_licensing,npi_present_2,True,True,False,False,858,-42.57732391357422,-45.514122009277344,1
That shirt often warps.,That shirt ever warps.,semantics,npi_licensing,npi_present_2,True,True,False,False,859,-45.32617950439453,-45.950157165527344,1
Ladies clearly fire Rachel.,Ladies ever fire Rachel.,semantics,npi_licensing,npi_present_2,True,True,False,False,860,-45.06906509399414,-45.166446685791016,1
Stacy had certainly yawned.,Stacy had ever yawned.,semantics,npi_licensing,npi_present_2,True,True,False,False,861,-41.06260299682617,-36.96556854248047,0
Becky also exercises.,Becky ever exercises.,semantics,npi_licensing,npi_present_2,True,True,False,False,862,-27.615497589111328,-29.858497619628906,1
That waiter also disliked Noah.,That waiter ever disliked Noah.,semantics,npi_licensing,npi_present_2,True,True,False,False,863,-46.71308135986328,-46.3303337097168,0
These pedestrians also discover that mirror.,These pedestrians ever discover that mirror.,semantics,npi_licensing,npi_present_2,True,True,False,False,864,-48.15574645996094,-46.2291259765625,0
Valerie also intended to upset Kristen.,Valerie ever intended to upset Kristen.,semantics,npi_licensing,npi_present_2,True,True,False,False,865,-56.30536651611328,-56.368160247802734,1
That university often replied.,That university ever replied.,semantics,npi_licensing,npi_present_2,True,True,False,False,866,-33.96138381958008,-32.88179016113281,0
Paul often fixes that plate.,Paul ever fixes that plate.,semantics,npi_licensing,npi_present_2,True,True,False,False,867,-36.763816833496094,-35.16240310668945,0
The guy had often hated Todd.,The guy had ever hated Todd.,semantics,npi_licensing,npi_present_2,True,True,False,False,868,-44.09800720214844,-42.15293884277344,0
Most cashiers often say these mushrooms blackened.,Most cashiers ever say these mushrooms blackened.,semantics,npi_licensing,npi_present_2,True,True,False,False,869,-72.38359832763672,-72.43833923339844,1
These waitresses do certainly sit down.,These waitresses do ever sit down.,semantics,npi_licensing,npi_present_2,True,True,False,False,870,-52.93647003173828,-49.77417755126953,0
Every carriage had really rolled.,Every carriage had ever rolled.,semantics,npi_licensing,npi_present_2,True,True,False,False,871,-38.09040069580078,-34.67296600341797,0
This waiter clearly runs around most malls.,This waiter ever runs around most malls.,semantics,npi_licensing,npi_present_2,True,True,False,False,872,-58.104896545410156,-57.53413772583008,0
Mitchell clearly prods Colleen to boast about Douglas.,Mitchell ever prods Colleen to boast about Douglas.,semantics,npi_licensing,npi_present_2,True,True,False,False,873,-93.52766418457031,-94.06646728515625,1
The Impressionists really astounds Gregory.,The Impressionists ever astounds Gregory.,semantics,npi_licensing,npi_present_2,True,True,False,False,874,-71.1689453125,-69.79646301269531,0
The Impressionists would certainly worry.,The Impressionists would ever worry.,semantics,npi_licensing,npi_present_2,True,True,False,False,875,-51.914466857910156,-50.75987243652344,0
Monica had certainly found some glacier to melt.,Monica had ever found some glacier to melt.,semantics,npi_licensing,npi_present_2,True,True,False,False,876,-62.96979904174805,-58.837615966796875,0
That light really faded.,That light ever faded.,semantics,npi_licensing,npi_present_2,True,True,False,False,877,-31.561870574951172,-32.534645080566406,1
Tara had often grinned.,Tara had ever grinned.,semantics,npi_licensing,npi_present_2,True,True,False,False,878,-32.734310150146484,-31.632247924804688,0
Walter certainly induced Pamela to discover Richard.,Walter ever induced Pamela to discover Richard.,semantics,npi_licensing,npi_present_2,True,True,False,False,879,-63.0370979309082,-62.99945068359375,0
Organizations should clearly hope to love Jason.,Organizations should ever hope to love Jason.,semantics,npi_licensing,npi_present_2,True,True,False,False,880,-60.2894172668457,-55.90388870239258,0
That fork clearly chips.,That fork ever chips.,semantics,npi_licensing,npi_present_2,True,True,False,False,881,-34.51362228393555,-36.6351203918457,1
Tonya clearly disgusted Randolf.,Tonya ever disgusted Randolf.,semantics,npi_licensing,npi_present_2,True,True,False,False,882,-54.11351776123047,-53.37603759765625,0
The rabbits would clearly aggravate Bill.,The rabbits would ever aggravate Bill.,semantics,npi_licensing,npi_present_2,True,True,False,False,883,-54.40329360961914,-52.427879333496094,0
Those bicycles did also steer.,Those bicycles did ever steer.,semantics,npi_licensing,npi_present_2,True,True,False,False,884,-44.16737365722656,-41.54286193847656,0
Sarah also said Peter wasn't playing.,Sarah ever said Peter wasn't playing.,semantics,npi_licensing,npi_present_2,True,True,False,False,885,-39.273685455322266,-39.344322204589844,1
Some guy clearly smiled.,Some guy ever smiled.,semantics,npi_licensing,npi_present_2,True,True,False,False,886,-31.735198974609375,-27.092838287353516,0
Those guys also hug Deborah.,Those guys ever hug Deborah.,semantics,npi_licensing,npi_present_2,True,True,False,False,887,-41.12510299682617,-38.76607894897461,0
This woman certainly finds every driver.,This woman ever finds every driver.,semantics,npi_licensing,npi_present_2,True,True,False,False,888,-46.63014602661133,-44.638675689697266,0
Most cucumbers could also burn.,Most cucumbers could ever burn.,semantics,npi_licensing,npi_present_2,True,True,False,False,889,-45.864315032958984,-45.99290084838867,1
Phillip really spins around.,Phillip ever spins around.,semantics,npi_licensing,npi_present_2,True,True,False,False,890,-35.47800064086914,-37.629432678222656,1
Sara did really vanish.,Sara did ever vanish.,semantics,npi_licensing,npi_present_2,True,True,False,False,891,-36.15255355834961,-34.8637809753418,0
Many movies have clearly impressed Dennis.,Many movies have ever impressed Dennis.,semantics,npi_licensing,npi_present_2,True,True,False,False,892,-47.68024826049805,-45.45695495605469,0
Anna has often vanished.,Anna has ever vanished.,semantics,npi_licensing,npi_present_2,True,True,False,False,893,-24.56064796447754,-24.756244659423828,1
Jessica had often woken up.,Jessica had ever woken up.,semantics,npi_licensing,npi_present_2,True,True,False,False,894,-34.538848876953125,-32.526432037353516,0
Liam had also failed to conspire.,Liam had ever failed to conspire.,semantics,npi_licensing,npi_present_2,True,True,False,False,895,-54.949684143066406,-53.39260482788086,0
Noah often suffered.,Noah ever suffered.,semantics,npi_licensing,npi_present_2,True,True,False,False,896,-31.83669662475586,-30.789718627929688,0
A lot of girls have really fallen asleep.,A lot of girls have ever fallen asleep.,semantics,npi_licensing,npi_present_2,True,True,False,False,897,-47.60707473754883,-46.7469596862793,0
The couch could certainly slip.,The couch could ever slip.,semantics,npi_licensing,npi_present_2,True,True,False,False,898,-39.098243713378906,-37.906219482421875,0
Many patients often disliked pedestrians.,Many patients ever disliked pedestrians.,semantics,npi_licensing,npi_present_2,True,True,False,False,899,-41.022438049316406,-42.10716247558594,1
Edward really failed to appear.,Edward ever failed to appear.,semantics,npi_licensing,npi_present_2,True,True,False,False,900,-30.196922302246094,-27.694744110107422,0
Guys also scan some commentaries.,Guys ever scan some commentaries.,semantics,npi_licensing,npi_present_2,True,True,False,False,901,-54.9573974609375,-56.753936767578125,1
A skirt also warps.,A skirt ever warps.,semantics,npi_licensing,npi_present_2,True,True,False,False,902,-45.11465835571289,-46.82984161376953,1
Some customer can clearly ascend the mountain.,Some customer can ever ascend the mountain.,semantics,npi_licensing,npi_present_2,True,True,False,False,903,-50.07891845703125,-45.65734100341797,0
All skateboards certainly rusted.,All skateboards ever rusted.,semantics,npi_licensing,npi_present_2,True,True,False,False,904,-50.94777297973633,-47.348388671875,0
Janet had really neglected to upset those waitresses.,Janet had ever neglected to upset those waitresses.,semantics,npi_licensing,npi_present_2,True,True,False,False,905,-79.08074951171875,-75.73216247558594,0
Bill had clearly hoped to cook.,Bill had ever hoped to cook.,semantics,npi_licensing,npi_present_2,True,True,False,False,906,-37.008201599121094,-30.80377769470215,0
Sara clearly refuses to cough.,Sara ever refuses to cough.,semantics,npi_licensing,npi_present_2,True,True,False,False,907,-44.76361083984375,-41.44520568847656,0
Melissa also imagined Maria can't break every car.,Melissa ever imagined Maria can't break every car.,semantics,npi_licensing,npi_present_2,True,True,False,False,908,-69.50537109375,-67.48018646240234,0
Jodi often scratches.,Jodi ever scratches.,semantics,npi_licensing,npi_present_2,True,True,False,False,909,-34.08600997924805,-35.316471099853516,1
Brad also worries.,Brad ever worries.,semantics,npi_licensing,npi_present_2,True,True,False,False,910,-22.793991088867188,-23.840667724609375,1
Lisa clearly motivates every cashier to find every high school.,Lisa ever motivates every cashier to find every high school.,semantics,npi_licensing,npi_present_2,True,True,False,False,911,-82.13044738769531,-80.0238037109375,0
Stephen also hides.,Stephen ever hides.,semantics,npi_licensing,npi_present_2,True,True,False,False,912,-21.654766082763672,-23.444255828857422,1
Kristin clearly reacts.,Kristin ever reacts.,semantics,npi_licensing,npi_present_2,True,True,False,False,913,-33.02260971069336,-31.3654727935791,0
Galileo also longed to litter.,Galileo ever longed to litter.,semantics,npi_licensing,npi_present_2,True,True,False,False,914,-53.66429901123047,-54.312564849853516,1
Most schools should certainly cope.,Most schools should ever cope.,semantics,npi_licensing,npi_present_2,True,True,False,False,915,-34.772850036621094,-34.190711975097656,0
John has really cleaned many cups.,John has ever cleaned many cups.,semantics,npi_licensing,npi_present_2,True,True,False,False,916,-40.368553161621094,-39.50074768066406,0
These casseroles clearly waste away.,These casseroles ever waste away.,semantics,npi_licensing,npi_present_2,True,True,False,False,917,-58.164100646972656,-55.93722915649414,0
Angela also revealed Tina.,Angela ever revealed Tina.,semantics,npi_licensing,npi_present_2,True,True,False,False,918,-38.440345764160156,-40.848453521728516,1
Timothy often finds Carla to boycott most lakes.,Timothy ever finds Carla to boycott most lakes.,semantics,npi_licensing,npi_present_2,True,True,False,False,919,-82.71925354003906,-83.4378662109375,1
Steven really wakes up.,Steven ever wakes up.,semantics,npi_licensing,npi_present_2,True,True,False,False,920,-24.36998176574707,-23.41843032836914,0
That guy does also lie.,That guy does ever lie.,semantics,npi_licensing,npi_present_2,True,True,False,False,921,-35.62126922607422,-33.099586486816406,0
Margaret clearly forgets James.,Margaret ever forgets James.,semantics,npi_licensing,npi_present_2,True,True,False,False,922,-50.119415283203125,-46.07073211669922,0
Dennis really learned.,Dennis ever learned.,semantics,npi_licensing,npi_present_2,True,True,False,False,923,-29.257125854492188,-29.2474365234375,0
Monet has clearly concealed who nods.,Monet has ever concealed who nods.,semantics,npi_licensing,npi_present_2,True,True,False,False,924,-56.4161376953125,-52.71045684814453,0
An icicle had often condensed.,An icicle had ever condensed.,semantics,npi_licensing,npi_present_2,True,True,False,False,925,-48.313941955566406,-47.925941467285156,0
That box really closed.,That box ever closed.,semantics,npi_licensing,npi_present_2,True,True,False,False,926,-29.03985595703125,-30.363384246826172,1
Some driver really dared Kevin to scream.,Some driver ever dared Kevin to scream.,semantics,npi_licensing,npi_present_2,True,True,False,False,927,-58.350914001464844,-56.61015701293945,0
Some rivers often condense.,Some rivers ever condense.,semantics,npi_licensing,npi_present_2,True,True,False,False,928,-39.37751007080078,-41.708892822265625,1
Those teenagers certainly get fired.,Those teenagers ever get fired.,semantics,npi_licensing,npi_present_2,True,True,False,False,929,-39.23960876464844,-36.16425323486328,0
This girl really anticipates Kathleen to escape.,This girl ever anticipates Kathleen to escape.,semantics,npi_licensing,npi_present_2,True,True,False,False,930,-62.43118667602539,-61.52790069580078,0
These actresses also cook.,These actresses ever cook.,semantics,npi_licensing,npi_present_2,True,True,False,False,931,-32.91632843017578,-33.57770919799805,1
A lot of drivers often intend to visit Rodney.,A lot of drivers ever intend to visit Rodney.,semantics,npi_licensing,npi_present_2,True,True,False,False,932,-62.2376594543457,-61.308406829833984,0
Connie should certainly reference Gina.,Connie should ever reference Gina.,semantics,npi_licensing,npi_present_2,True,True,False,False,933,-51.93769073486328,-51.43988800048828,0
Kevin would clearly expect Pamela to grin.,Kevin would ever expect Pamela to grin.,semantics,npi_licensing,npi_present_2,True,True,False,False,934,-53.81754684448242,-46.35015106201172,0
Those universities also need to aggravate Marie.,Those universities ever need to aggravate Marie.,semantics,npi_licensing,npi_present_2,True,True,False,False,935,-56.71307373046875,-56.53497314453125,0
Alexander also cared for a guest.,Alexander ever cared for a guest.,semantics,npi_licensing,npi_present_2,True,True,False,False,936,-32.43782043457031,-31.829936981201172,0
Eva has clearly looked like many photographs.,Eva has ever looked like many photographs.,semantics,npi_licensing,npi_present_2,True,True,False,False,937,-45.638023376464844,-40.55352783203125,0
Frank has clearly trained.,Frank has ever trained.,semantics,npi_licensing,npi_present_2,True,True,False,False,938,-27.607872009277344,-23.677734375,0
The Impressionists could often attack Irene.,The Impressionists could ever attack Irene.,semantics,npi_licensing,npi_present_2,True,True,False,False,939,-64.63243865966797,-63.81163024902344,0
Every shirt really unfolds.,Every shirt ever unfolds.,semantics,npi_licensing,npi_present_2,True,True,False,False,940,-36.65251922607422,-37.137969970703125,1
Carlos does often fail to unfold.,Carlos does ever fail to unfold.,semantics,npi_licensing,npi_present_2,True,True,False,False,941,-46.52296447753906,-44.449119567871094,0
Margaret had certainly attacked all girls.,Margaret had ever attacked all girls.,semantics,npi_licensing,npi_present_2,True,True,False,False,942,-48.384490966796875,-44.46693420410156,0
Customers also embraced.,Customers ever embraced.,semantics,npi_licensing,npi_present_2,True,True,False,False,943,-30.152149200439453,-30.767314910888672,1
Those companies clearly beg Daniel's plumber to yawn.,Those companies ever beg Daniel's plumber to yawn.,semantics,npi_licensing,npi_present_2,True,True,False,False,944,-79.14056396484375,-75.13607025146484,0
Thomas also drops by Spain.,Thomas ever drops by Spain.,semantics,npi_licensing,npi_present_2,True,True,False,False,945,-33.72127151489258,-36.70462417602539,1
Carrie has often cried.,Carrie has ever cried.,semantics,npi_licensing,npi_present_2,True,True,False,False,946,-35.337120056152344,-34.18238067626953,0
Gregory has certainly answered.,Gregory has ever answered.,semantics,npi_licensing,npi_present_2,True,True,False,False,947,-33.916255950927734,-28.680503845214844,0
A lot of committees often correspond.,A lot of committees ever correspond.,semantics,npi_licensing,npi_present_2,True,True,False,False,948,-47.35956954956055,-48.44855499267578,1
A waiter has often cheered.,A waiter has ever cheered.,semantics,npi_licensing,npi_present_2,True,True,False,False,949,-39.82079315185547,-39.243186950683594,0
Peter really hurt that cashier.,Peter ever hurt that cashier.,semantics,npi_licensing,npi_present_2,True,True,False,False,950,-39.614681243896484,-38.78139877319336,0
This eye certainly opened.,This eye ever opened.,semantics,npi_licensing,npi_present_2,True,True,False,False,951,-31.765869140625,-28.846641540527344,0
Larry does often escape from Nicole.,Larry does ever escape from Nicole.,semantics,npi_licensing,npi_present_2,True,True,False,False,952,-41.44785690307617,-39.014869689941406,0
Nancy really irritated Omar.,Nancy ever irritated Omar.,semantics,npi_licensing,npi_present_2,True,True,False,False,953,-43.754390716552734,-44.72172927856445,1
Becky also talked.,Becky ever talked.,semantics,npi_licensing,npi_present_2,True,True,False,False,954,-26.130847930908203,-25.976381301879883,0
Some waiters really date.,Some waiters ever date.,semantics,npi_licensing,npi_present_2,True,True,False,False,955,-38.84380340576172,-39.07810592651367,1
All men had really descended many mountains.,All men had ever descended many mountains.,semantics,npi_licensing,npi_present_2,True,True,False,False,956,-50.712562561035156,-46.14470672607422,0
Brett has certainly nodded.,Brett has ever nodded.,semantics,npi_licensing,npi_present_2,True,True,False,False,957,-39.40964126586914,-35.47120666503906,0
The spotlight also faded.,The spotlight ever faded.,semantics,npi_licensing,npi_present_2,True,True,False,False,958,-34.12630081176758,-35.675315856933594,1
Dawn certainly regretted Stacy tours some hill.,Dawn ever regretted Stacy tours some hill.,semantics,npi_licensing,npi_present_2,True,True,False,False,959,-76.64439392089844,-76.15702056884766,0
Regina certainly talks to Wendy.,Regina ever talks to Wendy.,semantics,npi_licensing,npi_present_2,True,True,False,False,960,-42.20613098144531,-40.22663497924805,0
Martin should really long to listen to Natalie.,Martin should ever long to listen to Natalie.,semantics,npi_licensing,npi_present_2,True,True,False,False,961,-42.346588134765625,-43.54706573486328,1
Vanessa will also scan these commentaries.,Vanessa will ever scan these commentaries.,semantics,npi_licensing,npi_present_2,True,True,False,False,962,-61.687931060791016,-64.0274658203125,1
Teenagers certainly tour this closet.,Teenagers ever tour this closet.,semantics,npi_licensing,npi_present_2,True,True,False,False,963,-53.40187072753906,-49.50054931640625,0
Every hospital had clearly assembled.,Every hospital had ever assembled.,semantics,npi_licensing,npi_present_2,True,True,False,False,964,-41.071685791015625,-36.703285217285156,0
Most companies might also order Diana to play.,Most companies might ever order Diana to play.,semantics,npi_licensing,npi_present_2,True,True,False,False,965,-57.21855163574219,-58.71807861328125,1
Chad really liked some waitress.,Chad ever liked some waitress.,semantics,npi_licensing,npi_present_2,True,True,False,False,966,-43.619117736816406,-43.217323303222656,0
Martha often criticized Monica.,Martha ever criticized Monica.,semantics,npi_licensing,npi_present_2,True,True,False,False,967,-42.11424255371094,-42.51327133178711,1
This story could also disagree.,This story could ever disagree.,semantics,npi_licensing,npi_present_2,True,True,False,False,968,-33.846160888671875,-33.685394287109375,0
James really investigates the Lutherans.,James ever investigates the Lutherans.,semantics,npi_licensing,npi_present_2,True,True,False,False,969,-51.37244415283203,-50.09571838378906,0
Many guys might clearly flirt.,Many guys might ever flirt.,semantics,npi_licensing,npi_present_2,True,True,False,False,970,-42.94825744628906,-38.09709930419922,0
Kathleen had clearly moved.,Kathleen had ever moved.,semantics,npi_licensing,npi_present_2,True,True,False,False,971,-47.76616668701172,-42.469276428222656,0
The art gallery clearly shocked Gary.,The art gallery ever shocked Gary.,semantics,npi_licensing,npi_present_2,True,True,False,False,972,-54.62624740600586,-53.403846740722656,0
All customers often painted.,All customers ever painted.,semantics,npi_licensing,npi_present_2,True,True,False,False,973,-32.877403259277344,-32.19186782836914,0
All guys often distracts Denise.,All guys ever distracts Denise.,semantics,npi_licensing,npi_present_2,True,True,False,False,974,-51.59134292602539,-49.49354934692383,0
Rose could often threaten to approach Eric.,Rose could ever threaten to approach Eric.,semantics,npi_licensing,npi_present_2,True,True,False,False,975,-50.63219451904297,-49.66474914550781,0
Winston Churchill often stands up.,Winston Churchill ever stands up.,semantics,npi_licensing,npi_present_2,True,True,False,False,976,-46.336307525634766,-45.4775390625,0
Those pedestrians clearly hugged Stephen.,Those pedestrians ever hugged Stephen.,semantics,npi_licensing,npi_present_2,True,True,False,False,977,-49.167442321777344,-45.90723419189453,0
The patient had really fixed the fork.,The patient had ever fixed the fork.,semantics,npi_licensing,npi_present_2,True,True,False,False,978,-45.95635223388672,-44.619903564453125,0
Gerald has really fallen.,Gerald has ever fallen.,semantics,npi_licensing,npi_present_2,True,True,False,False,979,-37.27534484863281,-35.69459533691406,0
Maria also trained.,Maria ever trained.,semantics,npi_licensing,npi_present_2,True,True,False,False,980,-19.0994930267334,-21.512849807739258,1
Deanna really doubted this cilantro grew.,Deanna ever doubted this cilantro grew.,semantics,npi_licensing,npi_present_2,True,True,False,False,981,-68.67109680175781,-66.52998352050781,0
Douglas certainly practices.,Douglas ever practices.,semantics,npi_licensing,npi_present_2,True,True,False,False,982,-33.80937194824219,-33.10742950439453,0
Samuel clearly wore gloves.,Samuel ever wore gloves.,semantics,npi_licensing,npi_present_2,True,True,False,False,983,-43.5986328125,-39.799903869628906,0
Alicia has really revealed Kristen.,Alicia has ever revealed Kristen.,semantics,npi_licensing,npi_present_2,True,True,False,False,984,-59.84739303588867,-56.39582443237305,0
Patricia really persuades the hospital to aggravate Monica.,Patricia ever persuades the hospital to aggravate Monica.,semantics,npi_licensing,npi_present_2,True,True,False,False,985,-83.53839874267578,-84.03755187988281,1
This shoe does often embarrass Bruce.,This shoe does ever embarrass Bruce.,semantics,npi_licensing,npi_present_2,True,True,False,False,986,-53.66796112060547,-51.39422607421875,0
Some hats certainly look like a lot of sketches.,Some hats ever look like a lot of sketches.,semantics,npi_licensing,npi_present_2,True,True,False,False,987,-50.817073822021484,-49.77533721923828,0
Tracy certainly copes.,Tracy ever copes.,semantics,npi_licensing,npi_present_2,True,True,False,False,988,-40.842247009277344,-37.909793853759766,0
The people certainly interact.,The people ever interact.,semantics,npi_licensing,npi_present_2,True,True,False,False,989,-29.056339263916016,-27.608598709106445,0
Deborah clearly joked around.,Deborah ever joked around.,semantics,npi_licensing,npi_present_2,True,True,False,False,990,-44.15430450439453,-42.6339111328125,0
Phillip will also fall.,Phillip will ever fall.,semantics,npi_licensing,npi_present_2,True,True,False,False,991,-33.14363479614258,-33.642677307128906,1
Vanessa did often turn out to visit Andrea.,Vanessa did ever turn out to visit Andrea.,semantics,npi_licensing,npi_present_2,True,True,False,False,992,-62.10661315917969,-58.305171966552734,0
A lot of waiters certainly negotiated.,A lot of waiters ever negotiated.,semantics,npi_licensing,npi_present_2,True,True,False,False,993,-56.98159408569336,-55.16947555541992,0
Carolyn certainly commissions Ellen's piano teachers to sell these college campuses.,Carolyn ever commissions Ellen's piano teachers to sell these college campuses.,semantics,npi_licensing,npi_present_2,True,True,False,False,994,-108.54469299316406,-106.51063537597656,0
Jessica will certainly lift a lot of peppers.,Jessica will ever lift a lot of peppers.,semantics,npi_licensing,npi_present_2,True,True,False,False,995,-44.832366943359375,-43.1334228515625,0
Diana has often yearned to like Pamela.,Diana has ever yearned to like Pamela.,semantics,npi_licensing,npi_present_2,True,True,False,False,996,-67.2270278930664,-66.80337524414062,0
Marie has also climbed up the slope.,Marie has ever climbed up the slope.,semantics,npi_licensing,npi_present_2,True,True,False,False,997,-36.41426086425781,-34.88296890258789,0
Timothy often hates the Lutherans.,Timothy ever hates the Lutherans.,semantics,npi_licensing,npi_present_2,True,True,False,False,998,-55.53367614746094,-56.97097396850586,1
Tara really donated.,Tara ever donated.,semantics,npi_licensing,npi_present_2,True,True,False,False,999,-33.3609733581543,-33.163055419921875,0
