sentence_good,sentence_bad,field,linguistics_term,UID,simple_LM_method,one_prefix_method,two_prefix_method,lexically_identical,pair_id,good_prob,bad_prob,correct
Teresa had not ever sold a movie theater.,Teresa had probably ever sold a movie theater.,semantics,npi_licensing,sentential_negation_npi_licensor_present,True,False,True,False,0,-61.43942642211914,-61.328224182128906,0
Allison has not ever taken that ice cream.,Allison has fortunately ever taken that ice cream.,semantics,npi_licensing,sentential_negation_npi_licensor_present,True,False,True,False,1,-54.065582275390625,-61.567893981933594,1
Teresa would not ever ascertain Carmen to remember Jessica.,Teresa would fortunately ever ascertain Carmen to remember Jessica.,semantics,npi_licensing,sentential_negation_npi_licensor_present,True,False,True,False,2,-84.238525390625,-95.85023498535156,1
Sharon might not ever argue.,Sharon might probably ever argue.,semantics,npi_licensing,sentential_negation_npi_licensor_present,True,False,True,False,3,-38.51416778564453,-41.57953643798828,1
Those banks had not ever lied.,Those banks had really ever lied.,semantics,npi_licensing,sentential_negation_npi_licensor_present,True,False,True,False,4,-42.12275314331055,-44.10429763793945,1
All children do not ever struggle.,All children do really ever struggle.,semantics,npi_licensing,sentential_negation_npi_licensor_present,True,False,True,False,5,-32.67176055908203,-39.90599822998047,1
Theresa can not ever shock the Impressionists.,Theresa can fortunately ever shock the Impressionists.,semantics,npi_licensing,sentential_negation_npi_licensor_present,True,False,True,False,6,-63.690338134765625,-74.09199523925781,1
Theodore can not ever beg Sandra to stretch.,Theodore can really ever beg Sandra to stretch.,semantics,npi_licensing,sentential_negation_npi_licensor_present,True,False,True,False,7,-73.92716979980469,-74.92170715332031,1
Valerie does not ever manage to like some coats.,Valerie does probably ever manage to like some coats.,semantics,npi_licensing,sentential_negation_npi_licensor_present,True,False,True,False,8,-60.38007354736328,-66.84162902832031,1
Barbara has not ever boycotted that river.,Barbara has really ever boycotted that river.,semantics,npi_licensing,sentential_negation_npi_licensor_present,True,False,True,False,9,-79.10957336425781,-82.318603515625,1
Sherry had not ever remembered who wasn't arriving at some closets.,Sherry had really ever remembered who wasn't arriving at some closets.,semantics,npi_licensing,sentential_negation_npi_licensor_present,True,False,True,False,10,-85.17491149902344,-86.91011047363281,1
Those children can not ever exercise.,Those children can fortunately ever exercise.,semantics,npi_licensing,sentential_negation_npi_licensor_present,True,False,True,False,11,-36.86314392089844,-46.554447174072266,1
Angela did not ever heal Becca.,Angela did probably ever heal Becca.,semantics,npi_licensing,sentential_negation_npi_licensor_present,True,False,True,False,12,-53.313377380371094,-59.29457092285156,1
Julia had not ever forced Kirsten to get a job.,Julia had really ever forced Kirsten to get a job.,semantics,npi_licensing,sentential_negation_npi_licensor_present,True,False,True,False,13,-61.961238861083984,-65.64927673339844,1
Anna does not ever hunt.,Anna does fortunately ever hunt.,semantics,npi_licensing,sentential_negation_npi_licensor_present,True,False,True,False,14,-29.728687286376953,-42.464027404785156,1
Maria might not ever reference Sara.,Maria might fortunately ever reference Sara.,semantics,npi_licensing,sentential_negation_npi_licensor_present,True,False,True,False,15,-43.914588928222656,-55.048370361328125,1
Ice has not ever vaporized.,Ice has probably ever vaporized.,semantics,npi_licensing,sentential_negation_npi_licensor_present,True,False,True,False,16,-36.458187103271484,-39.12790298461914,1
Theresa will not ever concur.,Theresa will really ever concur.,semantics,npi_licensing,sentential_negation_npi_licensor_present,True,False,True,False,17,-48.869056701660156,-54.23185729980469,1
Donna had not ever tempted Sheila's boss to explore those schools.,Donna had probably ever tempted Sheila's boss to explore those schools.,semantics,npi_licensing,sentential_negation_npi_licensor_present,True,False,True,False,18,-92.3647232055664,-91.90058898925781,0
Edward did not ever attempt to appear.,Edward did probably ever attempt to appear.,semantics,npi_licensing,sentential_negation_npi_licensor_present,True,False,True,False,19,-33.92665100097656,-38.24142074584961,1
Jerry has not ever cleaned this report.,Jerry has really ever cleaned this report.,semantics,npi_licensing,sentential_negation_npi_licensor_present,True,False,True,False,20,-40.906612396240234,-44.45792770385742,1
The senator has not ever discovered who sounded like Eva.,The senator has fortunately ever discovered who sounded like Eva.,semantics,npi_licensing,sentential_negation_npi_licensor_present,True,False,True,False,21,-72.58296203613281,-80.77373504638672,1
Anna had not ever escaped from Laurie.,Anna had probably ever escaped from Laurie.,semantics,npi_licensing,sentential_negation_npi_licensor_present,True,False,True,False,22,-45.3330078125,-45.468971252441406,1
Some customers had not ever talked.,Some customers had really ever talked.,semantics,npi_licensing,sentential_negation_npi_licensor_present,True,False,True,False,23,-39.53718566894531,-41.61388397216797,1
Robert has not ever threatened to appear.,Robert has really ever threatened to appear.,semantics,npi_licensing,sentential_negation_npi_licensor_present,True,False,True,False,24,-38.050071716308594,-42.05889129638672,1
Paul has not ever bothered to descend most mountains.,Paul has really ever bothered to descend most mountains.,semantics,npi_licensing,sentential_negation_npi_licensor_present,True,False,True,False,25,-54.85574722290039,-58.383567810058594,1
Some driver can not ever discover what was dimming.,Some driver can fortunately ever discover what was dimming.,semantics,npi_licensing,sentential_negation_npi_licensor_present,True,False,True,False,26,-63.66850280761719,-72.65373229980469,1
The Lutherans did not ever weep.,The Lutherans did fortunately ever weep.,semantics,npi_licensing,sentential_negation_npi_licensor_present,True,False,True,False,27,-49.004112243652344,-61.86062240600586,1
Homer has not ever disturbed those doctors.,Homer has really ever disturbed those doctors.,semantics,npi_licensing,sentential_negation_npi_licensor_present,True,False,True,False,28,-56.64639663696289,-60.968162536621094,1
Nicole will not ever flee from that library.,Nicole will really ever flee from that library.,semantics,npi_licensing,sentential_negation_npi_licensor_present,True,False,True,False,29,-56.34947967529297,-61.461891174316406,1
Grace has not ever looked like prints.,Grace has really ever looked like prints.,semantics,npi_licensing,sentential_negation_npi_licensor_present,True,False,True,False,30,-46.5637321472168,-48.12657928466797,1
Lawrence might not ever entreat Lucille to wake up.,Lawrence might fortunately ever entreat Lucille to wake up.,semantics,npi_licensing,sentential_negation_npi_licensor_present,True,False,True,False,31,-75.58629608154297,-87.47663879394531,1
Janet has not ever want to talk to Irene.,Janet has really ever want to talk to Irene.,semantics,npi_licensing,sentential_negation_npi_licensor_present,True,False,True,False,32,-61.04592514038086,-63.705116271972656,1
Rodney should not ever study.,Rodney should fortunately ever study.,semantics,npi_licensing,sentential_negation_npi_licensor_present,True,False,True,False,33,-36.302978515625,-47.78516387939453,1
Rebecca will not ever donate.,Rebecca will fortunately ever donate.,semantics,npi_licensing,sentential_negation_npi_licensor_present,True,False,True,False,34,-39.88033676147461,-52.346988677978516,1
That cashier had not ever researched many newspaper articles.,That cashier had probably ever researched many newspaper articles.,semantics,npi_licensing,sentential_negation_npi_licensor_present,True,False,True,False,35,-65.62319946289062,-66.15087890625,1
Andrea had not ever referenced Melissa.,Andrea had fortunately ever referenced Melissa.,semantics,npi_licensing,sentential_negation_npi_licensor_present,True,False,True,False,36,-54.994136810302734,-61.50635528564453,1
Mushrooms had not ever upset Tammy.,Mushrooms had fortunately ever upset Tammy.,semantics,npi_licensing,sentential_negation_npi_licensor_present,True,False,True,False,37,-64.22272491455078,-70.84658813476562,1
Benjamin might not ever want Nancy to see many paintings.,Benjamin might probably ever want Nancy to see many paintings.,semantics,npi_licensing,sentential_negation_npi_licensor_present,True,False,True,False,38,-72.40345764160156,-75.30443572998047,1
Many guys have not ever stood up.,Many guys have probably ever stood up.,semantics,npi_licensing,sentential_negation_npi_licensor_present,True,False,True,False,39,-38.692203521728516,-38.38084030151367,0
Jerry does not ever induce Sabrina to climb up those steps.,Jerry does really ever induce Sabrina to climb up those steps.,semantics,npi_licensing,sentential_negation_npi_licensor_present,True,False,True,False,40,-71.22023010253906,-77.63810729980469,1
These mouths had not ever wasted away.,These mouths had fortunately ever wasted away.,semantics,npi_licensing,sentential_negation_npi_licensor_present,True,False,True,False,41,-51.839195251464844,-58.82143783569336,1
Jane had not ever swallowed.,Jane had probably ever swallowed.,semantics,npi_licensing,sentential_negation_npi_licensor_present,True,False,True,False,42,-31.569686889648438,-31.938495635986328,1
A dress has not ever shrunk.,A dress has really ever shrunk.,semantics,npi_licensing,sentential_negation_npi_licensor_present,True,False,True,False,43,-40.337318420410156,-43.43215560913086,1
Donna will not ever weep.,Donna will really ever weep.,semantics,npi_licensing,sentential_negation_npi_licensor_present,True,False,True,False,44,-39.387325286865234,-44.429691314697266,1
Tonya should not ever clean this dog.,Tonya should fortunately ever clean this dog.,semantics,npi_licensing,sentential_negation_npi_licensor_present,True,False,True,False,45,-44.93600845336914,-57.650909423828125,1
Alicia has not ever sung.,Alicia has fortunately ever sung.,semantics,npi_licensing,sentential_negation_npi_licensor_present,True,False,True,False,46,-49.238548278808594,-57.693119049072266,1
Joel has not ever impressed most girls.,Joel has really ever impressed most girls.,semantics,npi_licensing,sentential_negation_npi_licensor_present,True,False,True,False,47,-51.646060943603516,-54.29859924316406,1
Dawn will not ever hug Liam.,Dawn will fortunately ever hug Liam.,semantics,npi_licensing,sentential_negation_npi_licensor_present,True,False,True,False,48,-53.621212005615234,-65.945068359375,1
Gerald had not ever wept.,Gerald had fortunately ever wept.,semantics,npi_licensing,sentential_negation_npi_licensor_present,True,False,True,False,49,-52.5430908203125,-58.980682373046875,1
All teenagers can not ever cope.,All teenagers can really ever cope.,semantics,npi_licensing,sentential_negation_npi_licensor_present,True,False,True,False,50,-40.290748596191406,-41.670310974121094,1
Tamara might not ever discover Vincent.,Tamara might really ever discover Vincent.,semantics,npi_licensing,sentential_negation_npi_licensor_present,True,False,True,False,51,-49.14922332763672,-53.81151580810547,1
These boys would not ever communicate.,These boys would really ever communicate.,semantics,npi_licensing,sentential_negation_npi_licensor_present,True,False,True,False,52,-35.06596755981445,-38.82685852050781,1
Carmen will not ever insult most dancers.,Carmen will really ever insult most dancers.,semantics,npi_licensing,sentential_negation_npi_licensor_present,True,False,True,False,53,-65.45526123046875,-69.71566772460938,1
That apple has not ever grown.,That apple has probably ever grown.,semantics,npi_licensing,sentential_negation_npi_licensor_present,True,False,True,False,54,-35.81407928466797,-36.71965026855469,1
Roger had not ever judged Ann to perform.,Roger had really ever judged Ann to perform.,semantics,npi_licensing,sentential_negation_npi_licensor_present,True,False,True,False,55,-58.729454040527344,-60.666038513183594,1
This screen will not ever bother Derek.,This screen will probably ever bother Derek.,semantics,npi_licensing,sentential_negation_npi_licensor_present,True,False,True,False,56,-48.82715606689453,-50.06096267700195,1
Banks have not ever conferred.,Banks have fortunately ever conferred.,semantics,npi_licensing,sentential_negation_npi_licensor_present,True,False,True,False,57,-43.59762954711914,-50.34660339355469,1
Thomas had not ever broken the computer.,Thomas had really ever broken the computer.,semantics,npi_licensing,sentential_negation_npi_licensor_present,True,False,True,False,58,-38.18586349487305,-41.296051025390625,1
Kenneth would not ever eat.,Kenneth would really ever eat.,semantics,npi_licensing,sentential_negation_npi_licensor_present,True,False,True,False,59,-35.37391662597656,-38.765628814697266,1
Every driver has not ever sat down.,Every driver has really ever sat down.,semantics,npi_licensing,sentential_negation_npi_licensor_present,True,False,True,False,60,-41.386024475097656,-43.31535339355469,1
A lot of icicles should not ever evaporate.,A lot of icicles should fortunately ever evaporate.,semantics,npi_licensing,sentential_negation_npi_licensor_present,True,False,True,False,61,-54.44023132324219,-65.54029846191406,1
Samantha had not ever littered.,Samantha had fortunately ever littered.,semantics,npi_licensing,sentential_negation_npi_licensor_present,True,False,True,False,62,-55.012046813964844,-61.72614288330078,1
Jessica has not ever messed up those couches.,Jessica has probably ever messed up those couches.,semantics,npi_licensing,sentential_negation_npi_licensor_present,True,False,True,False,63,-49.239295959472656,-50.61042022705078,1
Every truck has not ever turned.,Every truck has fortunately ever turned.,semantics,npi_licensing,sentential_negation_npi_licensor_present,True,False,True,False,64,-36.97395324707031,-43.97797393798828,1
Most wheelbarrows can not ever accelerate.,Most wheelbarrows can probably ever accelerate.,semantics,npi_licensing,sentential_negation_npi_licensor_present,True,False,True,False,65,-54.56829071044922,-55.07368469238281,1
Jennifer would not ever litter.,Jennifer would really ever litter.,semantics,npi_licensing,sentential_negation_npi_licensor_present,True,False,True,False,66,-35.368927001953125,-39.0368537902832,1
Rebecca does not ever approach Amelia.,Rebecca does really ever approach Amelia.,semantics,npi_licensing,sentential_negation_npi_licensor_present,True,False,True,False,67,-50.601741790771484,-56.515384674072266,1
All stories will not ever disagree with Curtis.,All stories will probably ever disagree with Curtis.,semantics,npi_licensing,sentential_negation_npi_licensor_present,True,False,True,False,68,-51.967864990234375,-53.475616455078125,1
A person had not ever swallowed.,A person had fortunately ever swallowed.,semantics,npi_licensing,sentential_negation_npi_licensor_present,True,False,True,False,69,-40.0679817199707,-47.314300537109375,1
Rose has not ever neglected to climb down every mountain.,Rose has fortunately ever neglected to climb down every mountain.,semantics,npi_licensing,sentential_negation_npi_licensor_present,True,False,True,False,70,-56.90264892578125,-64.3678207397461,1
A lot of senators had not ever advised Beth to nod.,A lot of senators had really ever advised Beth to nod.,semantics,npi_licensing,sentential_negation_npi_licensor_present,True,False,True,False,71,-82.63157653808594,-85.9188232421875,1
Kenneth had not ever passed Harvard University.,Kenneth had fortunately ever passed Harvard University.,semantics,npi_licensing,sentential_negation_npi_licensor_present,True,False,True,False,72,-50.808616638183594,-56.97538757324219,1
Donald has not ever investigated who have retaliated.,Donald has fortunately ever investigated who have retaliated.,semantics,npi_licensing,sentential_negation_npi_licensor_present,True,False,True,False,73,-52.96385192871094,-62.423057556152344,1
Tracy has not ever wondered who attempt to flee from Candice.,Tracy has probably ever wondered who attempt to flee from Candice.,semantics,npi_licensing,sentential_negation_npi_licensor_present,True,False,True,False,74,-74.84771728515625,-76.2850570678711,1
Those reports have not ever disgusted Alexander.,Those reports have really ever disgusted Alexander.,semantics,npi_licensing,sentential_negation_npi_licensor_present,True,False,True,False,75,-54.366241455078125,-57.962215423583984,1
A lot of apples have not ever blackened.,A lot of apples have really ever blackened.,semantics,npi_licensing,sentential_negation_npi_licensor_present,True,False,True,False,76,-53.016258239746094,-56.09978485107422,1
This pie has not ever charred.,This pie has probably ever charred.,semantics,npi_licensing,sentential_negation_npi_licensor_present,True,False,True,False,77,-45.80948257446289,-47.29496765136719,1
Sabrina did not ever scan those newspaper articles.,Sabrina did probably ever scan those newspaper articles.,semantics,npi_licensing,sentential_negation_npi_licensor_present,True,False,True,False,78,-57.1879997253418,-61.54792404174805,1
Naomi had not ever cleaned this plate.,Naomi had probably ever cleaned this plate.,semantics,npi_licensing,sentential_negation_npi_licensor_present,True,False,True,False,79,-50.86043167114258,-52.094757080078125,1
Scott has not ever considered the spinach to go bad.,Scott has really ever considered the spinach to go bad.,semantics,npi_licensing,sentential_negation_npi_licensor_present,True,False,True,False,80,-59.04877471923828,-62.347373962402344,1
Raymond should not ever fail to aggravate Benjamin.,Raymond should really ever fail to aggravate Benjamin.,semantics,npi_licensing,sentential_negation_npi_licensor_present,True,False,True,False,81,-64.81147003173828,-69.794189453125,1
Those governments do not ever hurt these waitresses.,Those governments do really ever hurt these waitresses.,semantics,npi_licensing,sentential_negation_npi_licensor_present,True,False,True,False,82,-57.92426300048828,-64.09603118896484,1
Paula would not ever descend that ladder.,Paula would probably ever descend that ladder.,semantics,npi_licensing,sentential_negation_npi_licensor_present,True,False,True,False,83,-50.968536376953125,-51.65964889526367,1
Some legislature has not ever failed to climb down the mountain.,Some legislature has fortunately ever failed to climb down the mountain.,semantics,npi_licensing,sentential_negation_npi_licensor_present,True,False,True,False,84,-59.24536895751953,-66.60183715820312,1
Amy could not ever heal Julia.,Amy could really ever heal Julia.,semantics,npi_licensing,sentential_negation_npi_licensor_present,True,False,True,False,85,-42.36304473876953,-46.72010803222656,1
Linda had not ever arrived at that river.,Linda had fortunately ever arrived at that river.,semantics,npi_licensing,sentential_negation_npi_licensor_present,True,False,True,False,86,-56.48570251464844,-62.47275161743164,1
Katherine had not ever bought the car.,Katherine had really ever bought the car.,semantics,npi_licensing,sentential_negation_npi_licensor_present,True,False,True,False,87,-44.16794967651367,-46.136688232421875,1
The Clintons can not ever marry.,The Clintons can really ever marry.,semantics,npi_licensing,sentential_negation_npi_licensor_present,True,False,True,False,88,-42.26007843017578,-44.659584045410156,1
David had not ever brought these ladders.,David had really ever brought these ladders.,semantics,npi_licensing,sentential_negation_npi_licensor_present,True,False,True,False,89,-45.60527038574219,-47.40163803100586,1
Eric had not ever induced Sharon's mentee to discover Todd.,Eric had fortunately ever induced Sharon's mentee to discover Todd.,semantics,npi_licensing,sentential_negation_npi_licensor_present,True,False,True,False,90,-87.89815521240234,-93.32460021972656,1
Margaret had not ever irritated this child.,Margaret had probably ever irritated this child.,semantics,npi_licensing,sentential_negation_npi_licensor_present,True,False,True,False,91,-56.98179626464844,-58.28160095214844,1
David might not ever figure out what grow.,David might fortunately ever figure out what grow.,semantics,npi_licensing,sentential_negation_npi_licensor_present,True,False,True,False,92,-43.49814987182617,-54.962158203125,1
Dawn will not ever alarm most schools.,Dawn will really ever alarm most schools.,semantics,npi_licensing,sentential_negation_npi_licensor_present,True,False,True,False,93,-57.86913299560547,-62.79397201538086,1
A customer might not ever sneeze.,A customer might fortunately ever sneeze.,semantics,npi_licensing,sentential_negation_npi_licensor_present,True,False,True,False,94,-50.883949279785156,-62.74726867675781,1
Mary might not ever salute.,Mary might really ever salute.,semantics,npi_licensing,sentential_negation_npi_licensor_present,True,False,True,False,95,-34.75537872314453,-39.412147521972656,1
Kevin should not ever play.,Kevin should fortunately ever play.,semantics,npi_licensing,sentential_negation_npi_licensor_present,True,False,True,False,96,-27.344341278076172,-37.65811538696289,1
Heidi would not ever arrive at a high school.,Heidi would fortunately ever arrive at a high school.,semantics,npi_licensing,sentential_negation_npi_licensor_present,True,False,True,False,97,-50.351348876953125,-60.66875457763672,1
Those lamps will not ever darken.,Those lamps will really ever darken.,semantics,npi_licensing,sentential_negation_npi_licensor_present,True,False,True,False,98,-47.33406448364258,-51.24420166015625,1
Paula had not ever said Ann was compromising.,Paula had really ever said Ann was compromising.,semantics,npi_licensing,sentential_negation_npi_licensor_present,True,False,True,False,99,-65.315673828125,-68.31536102294922,1
All actresses would not ever look like those pictures.,All actresses would fortunately ever look like those pictures.,semantics,npi_licensing,sentential_negation_npi_licensor_present,True,False,True,False,100,-55.922367095947266,-64.84677124023438,1
Nicole had not ever forfeited.,Nicole had fortunately ever forfeited.,semantics,npi_licensing,sentential_negation_npi_licensor_present,True,False,True,False,101,-45.00013732910156,-50.76753234863281,1
Tamara did not ever drive to every library.,Tamara did fortunately ever drive to every library.,semantics,npi_licensing,sentential_negation_npi_licensor_present,True,False,True,False,102,-51.76799011230469,-62.81900405883789,1
Those dresses had not ever soaked.,Those dresses had really ever soaked.,semantics,npi_licensing,sentential_negation_npi_licensor_present,True,False,True,False,103,-44.99748992919922,-45.96348190307617,1
Shoes did not ever wrinkle.,Shoes did fortunately ever wrinkle.,semantics,npi_licensing,sentential_negation_npi_licensor_present,True,False,True,False,104,-45.10234069824219,-55.760128021240234,1
Melanie had not ever cleaned those museums.,Melanie had fortunately ever cleaned those museums.,semantics,npi_licensing,sentential_negation_npi_licensor_present,True,False,True,False,105,-60.100494384765625,-66.68868255615234,1
Becky would not ever fire Bradley.,Becky would probably ever fire Bradley.,semantics,npi_licensing,sentential_negation_npi_licensor_present,True,False,True,False,106,-47.79109191894531,-48.59505081176758,1
Nicole should not ever practice.,Nicole should probably ever practice.,semantics,npi_licensing,sentential_negation_npi_licensor_present,True,False,True,False,107,-37.585777282714844,-40.767005920410156,1
Rachel did not ever donate.,Rachel did probably ever donate.,semantics,npi_licensing,sentential_negation_npi_licensor_present,True,False,True,False,108,-29.181842803955078,-34.346492767333984,1
Paul would not ever command Brian's sister to yell.,Paul would probably ever command Brian's sister to yell.,semantics,npi_licensing,sentential_negation_npi_licensor_present,True,False,True,False,109,-66.41554260253906,-66.19091796875,0
The doctor could not ever investigate some actor.,The doctor could fortunately ever investigate some actor.,semantics,npi_licensing,sentential_negation_npi_licensor_present,True,False,True,False,110,-57.63706588745117,-68.8740234375,1
A blouse had not ever shrunk.,A blouse had fortunately ever shrunk.,semantics,npi_licensing,sentential_negation_npi_licensor_present,True,False,True,False,111,-43.85615539550781,-50.55814743041992,1
Sarah will not ever complain.,Sarah will fortunately ever complain.,semantics,npi_licensing,sentential_negation_npi_licensor_present,True,False,True,False,112,-26.52664566040039,-38.856815338134766,1
Kirsten had not ever cleaned a cup.,Kirsten had fortunately ever cleaned a cup.,semantics,npi_licensing,sentential_negation_npi_licensor_present,True,False,True,False,113,-58.7013053894043,-64.18527221679688,1
That waitress might not ever hate this play.,That waitress might fortunately ever hate this play.,semantics,npi_licensing,sentential_negation_npi_licensor_present,True,False,True,False,114,-54.23448181152344,-65.95356750488281,1
Martin has not ever investigated Victoria.,Martin has probably ever investigated Victoria.,semantics,npi_licensing,sentential_negation_npi_licensor_present,True,False,True,False,115,-42.803192138671875,-45.07551956176758,1
Every sock did not ever stretch.,Every sock did fortunately ever stretch.,semantics,npi_licensing,sentential_negation_npi_licensor_present,True,False,True,False,116,-42.86235046386719,-55.41815185546875,1
Some vase has not ever chipped.,Some vase has really ever chipped.,semantics,npi_licensing,sentential_negation_npi_licensor_present,True,False,True,False,117,-47.561614990234375,-50.483421325683594,1
Gregory might not ever obligate the Lutherans to confer.,Gregory might really ever obligate the Lutherans to confer.,semantics,npi_licensing,sentential_negation_npi_licensor_present,True,False,True,False,118,-75.20071411132812,-81.11436462402344,1
The teachers had not ever ascertained Roger to cough.,The teachers had probably ever ascertained Roger to cough.,semantics,npi_licensing,sentential_negation_npi_licensor_present,True,False,True,False,119,-71.15470886230469,-73.90164184570312,1
The students might not ever communicate.,The students might really ever communicate.,semantics,npi_licensing,sentential_negation_npi_licensor_present,True,False,True,False,120,-34.39183044433594,-39.46614074707031,1
Galileo would not ever cheer.,Galileo would probably ever cheer.,semantics,npi_licensing,sentential_negation_npi_licensor_present,True,False,True,False,121,-50.330047607421875,-52.04668045043945,1
Those adults had not ever ascertained Guy to scratch.,Those adults had really ever ascertained Guy to scratch.,semantics,npi_licensing,sentential_negation_npi_licensor_present,True,False,True,False,122,-73.06027221679688,-74.484130859375,1
Rhonda will not ever drop by all glaciers.,Rhonda will probably ever drop by all glaciers.,semantics,npi_licensing,sentential_negation_npi_licensor_present,True,False,True,False,123,-58.007102966308594,-58.934146881103516,1
Some hospital had not ever benefited.,Some hospital had really ever benefited.,semantics,npi_licensing,sentential_negation_npi_licensor_present,True,False,True,False,124,-43.67240524291992,-47.28626251220703,1
A lot of drivers have not ever climbed down a slope.,A lot of drivers have really ever climbed down a slope.,semantics,npi_licensing,sentential_negation_npi_licensor_present,True,False,True,False,125,-63.19193649291992,-65.64274597167969,1
Rodney might not ever find Martin to bring the hills.,Rodney might probably ever find Martin to bring the hills.,semantics,npi_licensing,sentential_negation_npi_licensor_present,True,False,True,False,126,-66.29686737060547,-69.58082580566406,1
Janice has not ever painted.,Janice has really ever painted.,semantics,npi_licensing,sentential_negation_npi_licensor_present,True,False,True,False,127,-38.87725830078125,-41.02358627319336,1
Helen might not ever scan some commentaries.,Helen might fortunately ever scan some commentaries.,semantics,npi_licensing,sentential_negation_npi_licensor_present,True,False,True,False,128,-56.10080337524414,-68.86282348632812,1
Diane has not ever fallen asleep.,Diane has probably ever fallen asleep.,semantics,npi_licensing,sentential_negation_npi_licensor_present,True,False,True,False,129,-45.58679962158203,-46.86186218261719,1
Ronald might not ever want Renee to hunt.,Ronald might really ever want Renee to hunt.,semantics,npi_licensing,sentential_negation_npi_licensor_present,True,False,True,False,130,-61.73445129394531,-65.6720199584961,1
This lady can not ever swallow.,This lady can fortunately ever swallow.,semantics,npi_licensing,sentential_negation_npi_licensor_present,True,False,True,False,131,-39.26129150390625,-48.491676330566406,1
The Clintons could not ever testify.,The Clintons could probably ever testify.,semantics,npi_licensing,sentential_negation_npi_licensor_present,True,False,True,False,132,-40.117061614990234,-43.07679748535156,1
Tammy had not ever coughed.,Tammy had really ever coughed.,semantics,npi_licensing,sentential_negation_npi_licensor_present,True,False,True,False,133,-50.44853210449219,-52.728660583496094,1
Susan did not ever mutter.,Susan did fortunately ever mutter.,semantics,npi_licensing,sentential_negation_npi_licensor_present,True,False,True,False,134,-36.04560089111328,-45.95140075683594,1
Actors had not ever retaliated.,Actors had fortunately ever retaliated.,semantics,npi_licensing,sentential_negation_npi_licensor_present,True,False,True,False,135,-48.092838287353516,-54.56047821044922,1
Jacqueline has not ever suffered.,Jacqueline has probably ever suffered.,semantics,npi_licensing,sentential_negation_npi_licensor_present,True,False,True,False,136,-40.91266632080078,-43.1461296081543,1
Melanie did not ever read.,Melanie did fortunately ever read.,semantics,npi_licensing,sentential_negation_npi_licensor_present,True,False,True,False,137,-34.60493850708008,-45.57152557373047,1
Kirsten had not ever investigated who biked to many public parks.,Kirsten had really ever investigated who biked to many public parks.,semantics,npi_licensing,sentential_negation_npi_licensor_present,True,False,True,False,138,-91.74189758300781,-94.31971740722656,1
Every bicycle had not ever slowed.,Every bicycle had fortunately ever slowed.,semantics,npi_licensing,sentential_negation_npi_licensor_present,True,False,True,False,139,-42.27611541748047,-48.02919006347656,1
This dancer will not ever argue.,This dancer will really ever argue.,semantics,npi_licensing,sentential_negation_npi_licensor_present,True,False,True,False,140,-41.33710479736328,-45.24064636230469,1
A lot of trucks can not ever vanish.,A lot of trucks can really ever vanish.,semantics,npi_licensing,sentential_negation_npi_licensor_present,True,False,True,False,141,-50.6871223449707,-52.09107971191406,1
Karla could not ever fix many windows.,Karla could fortunately ever fix many windows.,semantics,npi_licensing,sentential_negation_npi_licensor_present,True,False,True,False,142,-48.36043167114258,-59.981876373291016,1
Ruth can not ever say a government predicted these dancers to scream.,Ruth can really ever say a government predicted these dancers to scream.,semantics,npi_licensing,sentential_negation_npi_licensor_present,True,False,True,False,143,-98.69001770019531,-100.3664321899414,1
William had not ever walked through that art gallery.,William had really ever walked through that art gallery.,semantics,npi_licensing,sentential_negation_npi_licensor_present,True,False,True,False,144,-49.73497772216797,-50.53315734863281,1
Gary did not ever turn out to embrace.,Gary did fortunately ever turn out to embrace.,semantics,npi_licensing,sentential_negation_npi_licensor_present,True,False,True,False,145,-41.8101921081543,-52.38459777832031,1
Some hats should not ever twist.,Some hats should fortunately ever twist.,semantics,npi_licensing,sentential_negation_npi_licensor_present,True,False,True,False,146,-43.65940856933594,-54.02298355102539,1
Most companies had not ever prodded Carmen to flee from Alexander.,Most companies had probably ever prodded Carmen to flee from Alexander.,semantics,npi_licensing,sentential_negation_npi_licensor_present,True,False,True,False,147,-94.1112060546875,-93.21578216552734,0
Rhonda has not ever messed up many pants.,Rhonda has really ever messed up many pants.,semantics,npi_licensing,sentential_negation_npi_licensor_present,True,False,True,False,148,-59.752262115478516,-60.898311614990234,1
Elaine had not ever lied.,Elaine had really ever lied.,semantics,npi_licensing,sentential_negation_npi_licensor_present,True,False,True,False,149,-42.807861328125,-45.00019836425781,1
This doctor might not ever commission Sarah to respect most teenagers.,This doctor might really ever commission Sarah to respect most teenagers.,semantics,npi_licensing,sentential_negation_npi_licensor_present,True,False,True,False,150,-84.75576782226562,-88.61326599121094,1
Angela had not ever kissed a lot of teenagers.,Angela had really ever kissed a lot of teenagers.,semantics,npi_licensing,sentential_negation_npi_licensor_present,True,False,True,False,151,-59.557762145996094,-61.90073013305664,1
Ruth had not ever believed this woman to stun Alicia.,Ruth had fortunately ever believed this woman to stun Alicia.,semantics,npi_licensing,sentential_negation_npi_licensor_present,True,False,True,False,152,-75.75457000732422,-82.33847045898438,1
Every actor has not ever chuckled.,Every actor has probably ever chuckled.,semantics,npi_licensing,sentential_negation_npi_licensor_present,True,False,True,False,153,-40.01390075683594,-41.01652145385742,1
Some student does not ever appreciate Lissa.,Some student does probably ever appreciate Lissa.,semantics,npi_licensing,sentential_negation_npi_licensor_present,True,False,True,False,154,-57.47635269165039,-64.47744750976562,1
The women have not ever communicated.,The women have probably ever communicated.,semantics,npi_licensing,sentential_negation_npi_licensor_present,True,False,True,False,155,-35.56586456298828,-38.472801208496094,1
Lissa had not ever disturbed Richard.,Lissa had fortunately ever disturbed Richard.,semantics,npi_licensing,sentential_negation_npi_licensor_present,True,False,True,False,156,-56.40559387207031,-62.97309112548828,1
Rhonda should not ever forfeit.,Rhonda should probably ever forfeit.,semantics,npi_licensing,sentential_negation_npi_licensor_present,True,False,True,False,157,-42.97773742675781,-44.27317428588867,1
Some scarf does not ever exist.,Some scarf does probably ever exist.,semantics,npi_licensing,sentential_negation_npi_licensor_present,True,False,True,False,158,-35.915260314941406,-42.63726043701172,1
That cart had not ever turned.,That cart had fortunately ever turned.,semantics,npi_licensing,sentential_negation_npi_licensor_present,True,False,True,False,159,-43.28630828857422,-48.99097442626953,1
Every pedestrian had not ever broken that plane.,Every pedestrian had probably ever broken that plane.,semantics,npi_licensing,sentential_negation_npi_licensor_present,True,False,True,False,160,-58.49762725830078,-58.37174987792969,0
Heidi did not ever boycott every public park.,Heidi did really ever boycott every public park.,semantics,npi_licensing,sentential_negation_npi_licensor_present,True,False,True,False,161,-61.130775451660156,-67.65771484375,1
Cheryl had not ever known who could observe Lisa.,Cheryl had probably ever known who could observe Lisa.,semantics,npi_licensing,sentential_negation_npi_licensor_present,True,False,True,False,162,-79.2132568359375,-79.83214569091797,1
Many waiters have not ever trained.,Many waiters have really ever trained.,semantics,npi_licensing,sentential_negation_npi_licensor_present,True,False,True,False,163,-41.66110610961914,-43.69502639770508,1
Many socks can not ever shrink.,Many socks can probably ever shrink.,semantics,npi_licensing,sentential_negation_npi_licensor_present,True,False,True,False,164,-41.19699478149414,-42.91846466064453,1
Some guests did not ever embrace.,Some guests did fortunately ever embrace.,semantics,npi_licensing,sentential_negation_npi_licensor_present,True,False,True,False,165,-38.86050796508789,-51.02099609375,1
All people had not ever learned.,All people had really ever learned.,semantics,npi_licensing,sentential_negation_npi_licensor_present,True,False,True,False,166,-35.221683502197266,-36.18268966674805,1
Every convertible might not ever steer.,Every convertible might really ever steer.,semantics,npi_licensing,sentential_negation_npi_licensor_present,True,False,True,False,167,-47.43654251098633,-51.72901916503906,1
Kevin can not ever wave.,Kevin can really ever wave.,semantics,npi_licensing,sentential_negation_npi_licensor_present,True,False,True,False,168,-33.21574401855469,-34.293235778808594,1
Some broccoli did not ever bother the person.,Some broccoli did probably ever bother the person.,semantics,npi_licensing,sentential_negation_npi_licensor_present,True,False,True,False,169,-50.5830192565918,-55.3787841796875,1
Bruce has not ever annoyed every waiter.,Bruce has probably ever annoyed every waiter.,semantics,npi_licensing,sentential_negation_npi_licensor_present,True,False,True,False,170,-51.99317932128906,-52.961936950683594,1
Wendy has not ever aggravated Alan.,Wendy has fortunately ever aggravated Alan.,semantics,npi_licensing,sentential_negation_npi_licensor_present,True,False,True,False,171,-60.62939453125,-69.11946868896484,1
That adult did not ever sing.,That adult did probably ever sing.,semantics,npi_licensing,sentential_negation_npi_licensor_present,True,False,True,False,172,-38.265079498291016,-42.65235900878906,1
Elizabeth can not ever describe a child.,Elizabeth can probably ever describe a child.,semantics,npi_licensing,sentential_negation_npi_licensor_present,True,False,True,False,173,-35.524784088134766,-35.61466979980469,1
Martin does not ever prefer all actors to profit.,Martin does probably ever prefer all actors to profit.,semantics,npi_licensing,sentential_negation_npi_licensor_present,True,False,True,False,174,-55.10355758666992,-61.017513275146484,1
Kayla had not ever judged Paula to flee from this lake.,Kayla had fortunately ever judged Paula to flee from this lake.,semantics,npi_licensing,sentential_negation_npi_licensor_present,True,False,True,False,175,-80.38372802734375,-87.58740234375,1
The libraries might not ever fight.,The libraries might probably ever fight.,semantics,npi_licensing,sentential_negation_npi_licensor_present,True,False,True,False,176,-41.2176513671875,-44.44781494140625,1
Kirsten should not ever waste away.,Kirsten should really ever waste away.,semantics,npi_licensing,sentential_negation_npi_licensor_present,True,False,True,False,177,-52.29742431640625,-56.25682067871094,1
Heather will not ever admire that glacier.,Heather will really ever admire that glacier.,semantics,npi_licensing,sentential_negation_npi_licensor_present,True,False,True,False,178,-62.964080810546875,-66.0112533569336,1
Patients have not ever talked.,Patients have fortunately ever talked.,semantics,npi_licensing,sentential_negation_npi_licensor_present,True,False,True,False,179,-38.22142791748047,-46.971595764160156,1
Some school could not ever compete.,Some school could probably ever compete.,semantics,npi_licensing,sentential_negation_npi_licensor_present,True,False,True,False,180,-35.75564193725586,-37.61249923706055,1
Carl will not ever induce some libraries to joke around.,Carl will really ever induce some libraries to joke around.,semantics,npi_licensing,sentential_negation_npi_licensor_present,True,False,True,False,181,-67.23712921142578,-71.49211883544922,1
Jill can not ever prevent Marcus from messing up most public parks.,Jill can probably ever prevent Marcus from messing up most public parks.,semantics,npi_licensing,sentential_negation_npi_licensor_present,True,False,True,False,182,-85.39311981201172,-86.88841247558594,1
Lissa had not ever skated around that mountain.,Lissa had really ever skated around that mountain.,semantics,npi_licensing,sentential_negation_npi_licensor_present,True,False,True,False,183,-68.64957427978516,-70.0074462890625,1
All coats had not ever twirled.,All coats had fortunately ever twirled.,semantics,npi_licensing,sentential_negation_npi_licensor_present,True,False,True,False,184,-52.19278335571289,-59.19023513793945,1
Children will not ever investigate Kristen.,Children will probably ever investigate Kristen.,semantics,npi_licensing,sentential_negation_npi_licensor_present,True,False,True,False,185,-41.95465087890625,-43.89376449584961,1
James has not ever lied.,James has really ever lied.,semantics,npi_licensing,sentential_negation_npi_licensor_present,True,False,True,False,186,-29.1838436126709,-32.812835693359375,1
Those unicycles could not ever turn.,Those unicycles could probably ever turn.,semantics,npi_licensing,sentential_negation_npi_licensor_present,True,False,True,False,187,-44.248199462890625,-46.40131378173828,1
Russell should not ever whisper.,Russell should probably ever whisper.,semantics,npi_licensing,sentential_negation_npi_licensor_present,True,False,True,False,188,-33.915618896484375,-35.42949676513672,1
Carrie might not ever plan to change.,Carrie might probably ever plan to change.,semantics,npi_licensing,sentential_negation_npi_licensor_present,True,False,True,False,189,-45.3838996887207,-47.50725173950195,1
Christina had not ever yearned to skate around this movie theater.,Christina had fortunately ever yearned to skate around this movie theater.,semantics,npi_licensing,sentential_negation_npi_licensor_present,True,False,True,False,190,-80.72270202636719,-86.21725463867188,1
Many peppers had not ever grown.,Many peppers had fortunately ever grown.,semantics,npi_licensing,sentential_negation_npi_licensor_present,True,False,True,False,191,-39.73506546020508,-46.120765686035156,1
Noah did not ever investigate who left Carlos.,Noah did fortunately ever investigate who left Carlos.,semantics,npi_licensing,sentential_negation_npi_licensor_present,True,False,True,False,192,-64.45060729980469,-76.01731872558594,1
That committee has not ever chatted.,That committee has probably ever chatted.,semantics,npi_licensing,sentential_negation_npi_licensor_present,True,False,True,False,193,-47.34716796875,-49.03985595703125,1
Some guests had not ever approved.,Some guests had probably ever approved.,semantics,npi_licensing,sentential_negation_npi_licensor_present,True,False,True,False,194,-36.53177261352539,-37.307090759277344,1
Julia might not ever wave.,Julia might fortunately ever wave.,semantics,npi_licensing,sentential_negation_npi_licensor_present,True,False,True,False,195,-37.62338638305664,-49.24405288696289,1
Kayla will not ever convince a waitress to resemble this drawing.,Kayla will really ever convince a waitress to resemble this drawing.,semantics,npi_licensing,sentential_negation_npi_licensor_present,True,False,True,False,196,-74.6598129272461,-79.63827514648438,1
Carolyn has not ever skated around a lot of museums.,Carolyn has probably ever skated around a lot of museums.,semantics,npi_licensing,sentential_negation_npi_licensor_present,True,False,True,False,197,-71.98009490966797,-71.85073852539062,0
Noah has not ever irritated Irene.,Noah has really ever irritated Irene.,semantics,npi_licensing,sentential_negation_npi_licensor_present,True,False,True,False,198,-56.71824645996094,-59.96759033203125,1
Some eggplants will not ever scorch.,Some eggplants will fortunately ever scorch.,semantics,npi_licensing,sentential_negation_npi_licensor_present,True,False,True,False,199,-51.421112060546875,-62.89057922363281,1
Rose has not ever loved Brad.,Rose has fortunately ever loved Brad.,semantics,npi_licensing,sentential_negation_npi_licensor_present,True,False,True,False,200,-41.23244857788086,-48.70896911621094,1
Ella would not ever see.,Ella would probably ever see.,semantics,npi_licensing,sentential_negation_npi_licensor_present,True,False,True,False,201,-36.27381134033203,-37.225738525390625,1
Nancy could not ever cry.,Nancy could really ever cry.,semantics,npi_licensing,sentential_negation_npi_licensor_present,True,False,True,False,202,-37.17437744140625,-40.70941925048828,1
Suzanne can not ever manage to forfeit.,Suzanne can fortunately ever manage to forfeit.,semantics,npi_licensing,sentential_negation_npi_licensor_present,True,False,True,False,203,-55.98188781738281,-64.97235107421875,1
Jennifer had not ever practiced.,Jennifer had fortunately ever practiced.,semantics,npi_licensing,sentential_negation_npi_licensor_present,True,False,True,False,204,-29.049541473388672,-35.42897033691406,1
Those cashiers had not ever boycotted these committees.,Those cashiers had fortunately ever boycotted these committees.,semantics,npi_licensing,sentential_negation_npi_licensor_present,True,False,True,False,205,-83.41751861572266,-91.21934509277344,1
Steve had not ever shocked Nina.,Steve had really ever shocked Nina.,semantics,npi_licensing,sentential_negation_npi_licensor_present,True,False,True,False,206,-47.359169006347656,-48.82799530029297,1
This couch has not ever chipped.,This couch has really ever chipped.,semantics,npi_licensing,sentential_negation_npi_licensor_present,True,False,True,False,207,-43.444976806640625,-45.73077392578125,1
Joel will not ever shock some dancers.,Joel will probably ever shock some dancers.,semantics,npi_licensing,sentential_negation_npi_licensor_present,True,False,True,False,208,-53.81724548339844,-54.825218200683594,1
These schools should not ever interact.,These schools should really ever interact.,semantics,npi_licensing,sentential_negation_npi_licensor_present,True,False,True,False,209,-34.629150390625,-39.40674591064453,1
A lot of children do not ever approve.,A lot of children do probably ever approve.,semantics,npi_licensing,sentential_negation_npi_licensor_present,True,False,True,False,210,-40.772125244140625,-48.62456130981445,1
Caroline might not ever praise Melinda.,Caroline might fortunately ever praise Melinda.,semantics,npi_licensing,sentential_negation_npi_licensor_present,True,False,True,False,211,-55.88105010986328,-68.39739990234375,1
Karen could not ever need to work with David.,Karen could fortunately ever need to work with David.,semantics,npi_licensing,sentential_negation_npi_licensor_present,True,False,True,False,212,-53.048152923583984,-63.55731964111328,1
A lot of tomatoes will not ever go bad.,A lot of tomatoes will fortunately ever go bad.,semantics,npi_licensing,sentential_negation_npi_licensor_present,True,False,True,False,213,-50.0822868347168,-62.01073455810547,1
The girls might not ever fail to discover a lot of skirts.,The girls might probably ever fail to discover a lot of skirts.,semantics,npi_licensing,sentential_negation_npi_licensor_present,True,False,True,False,214,-62.25841522216797,-64.65940856933594,1
Donald can not ever expect Deborah to buy some window.,Donald can really ever expect Deborah to buy some window.,semantics,npi_licensing,sentential_negation_npi_licensor_present,True,False,True,False,215,-67.00047302246094,-67.39469909667969,1
A lot of senators had not ever exited some mall.,A lot of senators had probably ever exited some mall.,semantics,npi_licensing,sentential_negation_npi_licensor_present,True,False,True,False,216,-73.31010437011719,-74.14952087402344,1
Barbara has not ever sighed.,Barbara has probably ever sighed.,semantics,npi_licensing,sentential_negation_npi_licensor_present,True,False,True,False,217,-46.07909393310547,-47.46722412109375,1
Alicia has not ever wasted away.,Alicia has really ever wasted away.,semantics,npi_licensing,sentential_negation_npi_licensor_present,True,False,True,False,218,-55.978126525878906,-59.24440002441406,1
Those teachers can not ever communicate.,Those teachers can fortunately ever communicate.,semantics,npi_licensing,sentential_negation_npi_licensor_present,True,False,True,False,219,-37.37235641479492,-47.313926696777344,1
Stephanie had not ever boasted.,Stephanie had really ever boasted.,semantics,npi_licensing,sentential_negation_npi_licensor_present,True,False,True,False,220,-49.7332763671875,-52.33362579345703,1
Sharon had not ever appeared to loosen.,Sharon had really ever appeared to loosen.,semantics,npi_licensing,sentential_negation_npi_licensor_present,True,False,True,False,221,-53.48382568359375,-55.67906951904297,1
Allison has not ever begged Bethany's teacher to mess up a skirt.,Allison has fortunately ever begged Bethany's teacher to mess up a skirt.,semantics,npi_licensing,sentential_negation_npi_licensor_present,True,False,True,False,222,-93.17465209960938,-100.15309143066406,1
Tammy does not ever drive to the closets.,Tammy does really ever drive to the closets.,semantics,npi_licensing,sentential_negation_npi_licensor_present,True,False,True,False,223,-50.107269287109375,-55.09519577026367,1
Gary did not ever bike to the schools.,Gary did fortunately ever bike to the schools.,semantics,npi_licensing,sentential_negation_npi_licensor_present,True,False,True,False,224,-47.61476135253906,-59.993778228759766,1
Robert does not ever propose to chuckle.,Robert does probably ever propose to chuckle.,semantics,npi_licensing,sentential_negation_npi_licensor_present,True,False,True,False,225,-43.392723083496094,-49.97480773925781,1
Sara can not ever conceal Beverly.,Sara can really ever conceal Beverly.,semantics,npi_licensing,sentential_negation_npi_licensor_present,True,False,True,False,226,-58.484718322753906,-60.613162994384766,1
Wendy should not ever leave every adult.,Wendy should fortunately ever leave every adult.,semantics,npi_licensing,sentential_negation_npi_licensor_present,True,False,True,False,227,-54.57788848876953,-65.84564208984375,1
Some pedestrian had not ever written.,Some pedestrian had fortunately ever written.,semantics,npi_licensing,sentential_negation_npi_licensor_present,True,False,True,False,228,-44.54822540283203,-50.676578521728516,1
The company would not ever interact.,The company would fortunately ever interact.,semantics,npi_licensing,sentential_negation_npi_licensor_present,True,False,True,False,229,-35.979759216308594,-47.188148498535156,1
Many patients have not ever continued to worry Paul.,Many patients have really ever continued to worry Paul.,semantics,npi_licensing,sentential_negation_npi_licensor_present,True,False,True,False,230,-56.72752380371094,-60.2353515625,1
Most convertibles had not ever moved.,Most convertibles had fortunately ever moved.,semantics,npi_licensing,sentential_negation_npi_licensor_present,True,False,True,False,231,-46.130653381347656,-53.590179443359375,1
Some newspaper article has not ever disagreed.,Some newspaper article has probably ever disagreed.,semantics,npi_licensing,sentential_negation_npi_licensor_present,True,False,True,False,232,-49.20563507080078,-51.00350570678711,1
Tiffany might not ever forget about who is hunting.,Tiffany might really ever forget about who is hunting.,semantics,npi_licensing,sentential_negation_npi_licensor_present,True,False,True,False,233,-65.7843017578125,-68.9154281616211,1
Becca does not ever yawn.,Becca does really ever yawn.,semantics,npi_licensing,sentential_negation_npi_licensor_present,True,False,True,False,234,-44.40176010131836,-51.29874038696289,1
Chad can not ever nod.,Chad can probably ever nod.,semantics,npi_licensing,sentential_negation_npi_licensor_present,True,False,True,False,235,-42.15740966796875,-42.82252502441406,1
That glacier had not ever frozen.,That glacier had fortunately ever frozen.,semantics,npi_licensing,sentential_negation_npi_licensor_present,True,False,True,False,236,-44.51700210571289,-50.488182067871094,1
Most shawls will not ever unfold.,Most shawls will fortunately ever unfold.,semantics,npi_licensing,sentential_negation_npi_licensor_present,True,False,True,False,237,-45.86079025268555,-57.38705825805664,1
All cars had not ever fallen apart.,All cars had probably ever fallen apart.,semantics,npi_licensing,sentential_negation_npi_licensor_present,True,False,True,False,238,-43.79131317138672,-43.70164489746094,0
A bird has not ever climbed down every slope.,A bird has fortunately ever climbed down every slope.,semantics,npi_licensing,sentential_negation_npi_licensor_present,True,False,True,False,239,-63.26168441772461,-69.75920867919922,1
These customers had not ever hugged.,These customers had probably ever hugged.,semantics,npi_licensing,sentential_negation_npi_licensor_present,True,False,True,False,240,-44.91695022583008,-46.303916931152344,1
Sabrina will not ever worry Tamara.,Sabrina will really ever worry Tamara.,semantics,npi_licensing,sentential_negation_npi_licensor_present,True,False,True,False,241,-55.007972717285156,-60.50027847290039,1
Candice would not ever regret planes aren't accelerating.,Candice would fortunately ever regret planes aren't accelerating.,semantics,npi_licensing,sentential_negation_npi_licensor_present,True,False,True,False,242,-68.08190155029297,-77.967041015625,1
The cilantro might not ever grow.,The cilantro might really ever grow.,semantics,npi_licensing,sentential_negation_npi_licensor_present,True,False,True,False,243,-41.021484375,-45.353416442871094,1
Marcus might not ever spur Vanessa to help Douglas.,Marcus might probably ever spur Vanessa to help Douglas.,semantics,npi_licensing,sentential_negation_npi_licensor_present,True,False,True,False,244,-67.33219146728516,-70.46426391601562,1
Those glasses had not ever twirled.,Those glasses had probably ever twirled.,semantics,npi_licensing,sentential_negation_npi_licensor_present,True,False,True,False,245,-51.36893844604492,-51.14318084716797,0
The Borgias have not ever noticed the pork.,The Borgias have fortunately ever noticed the pork.,semantics,npi_licensing,sentential_negation_npi_licensor_present,True,False,True,False,246,-60.39541244506836,-67.00621032714844,1
All legislatures will not ever reveal who has left.,All legislatures will fortunately ever reveal who has left.,semantics,npi_licensing,sentential_negation_npi_licensor_present,True,False,True,False,247,-60.1353645324707,-71.67362976074219,1
Brenda did not ever go to some closet.,Brenda did probably ever go to some closet.,semantics,npi_licensing,sentential_negation_npi_licensor_present,True,False,True,False,248,-49.256385803222656,-54.5776252746582,1
The school had not ever intended to conspire.,The school had probably ever intended to conspire.,semantics,npi_licensing,sentential_negation_npi_licensor_present,True,False,True,False,249,-55.09809112548828,-55.30583572387695,1
Steven has not ever described Carlos.,Steven has really ever described Carlos.,semantics,npi_licensing,sentential_negation_npi_licensor_present,True,False,True,False,250,-39.38147735595703,-42.54553985595703,1
A lot of cucumbers had not ever ripened.,A lot of cucumbers had really ever ripened.,semantics,npi_licensing,sentential_negation_npi_licensor_present,True,False,True,False,251,-57.55315017700195,-61.04513931274414,1
Most ladies will not ever like adults.,Most ladies will really ever like adults.,semantics,npi_licensing,sentential_negation_npi_licensor_present,True,False,True,False,252,-42.44071960449219,-44.79914093017578,1
Samantha might not ever respect Sally.,Samantha might probably ever respect Sally.,semantics,npi_licensing,sentential_negation_npi_licensor_present,True,False,True,False,253,-59.832332611083984,-63.57489776611328,1
Marla did not ever consider carts to rust.,Marla did probably ever consider carts to rust.,semantics,npi_licensing,sentential_negation_npi_licensor_present,True,False,True,False,254,-63.00086975097656,-67.9393310546875,1
Claire did not ever resemble pictures.,Claire did really ever resemble pictures.,semantics,npi_licensing,sentential_negation_npi_licensor_present,True,False,True,False,255,-45.810020446777344,-51.33208465576172,1
Some lady had not ever intended to argue.,Some lady had fortunately ever intended to argue.,semantics,npi_licensing,sentential_negation_npi_licensor_present,True,False,True,False,256,-50.56593322753906,-56.920936584472656,1
Some adult would not ever run around some bank.,Some adult would probably ever run around some bank.,semantics,npi_licensing,sentential_negation_npi_licensor_present,True,False,True,False,257,-57.85974884033203,-57.53410339355469,0
Joseph can not ever buy a lot of prints.,Joseph can probably ever buy a lot of prints.,semantics,npi_licensing,sentential_negation_npi_licensor_present,True,False,True,False,258,-44.1808967590332,-43.225318908691406,0
Sara will not ever disturb Holly.,Sara will fortunately ever disturb Holly.,semantics,npi_licensing,sentential_negation_npi_licensor_present,True,False,True,False,259,-48.77762985229492,-61.706336975097656,1
Keith had not ever brought all cars.,Keith had fortunately ever brought all cars.,semantics,npi_licensing,sentential_negation_npi_licensor_present,True,False,True,False,260,-41.67909240722656,-47.37825012207031,1
Judy has not ever eaten.,Judy has really ever eaten.,semantics,npi_licensing,sentential_negation_npi_licensor_present,True,False,True,False,261,-34.293739318847656,-37.265480041503906,1
Jane had not ever yelled.,Jane had fortunately ever yelled.,semantics,npi_licensing,sentential_negation_npi_licensor_present,True,False,True,False,262,-32.752098083496094,-39.20360565185547,1
The child had not ever saluted.,The child had really ever saluted.,semantics,npi_licensing,sentential_negation_npi_licensor_present,True,False,True,False,263,-46.08020782470703,-49.55852508544922,1
James will not ever kiss Noah.,James will really ever kiss Noah.,semantics,npi_licensing,sentential_negation_npi_licensor_present,True,False,True,False,264,-39.73041915893555,-43.76738739013672,1
Jane might not ever leave Irene.,Jane might probably ever leave Irene.,semantics,npi_licensing,sentential_negation_npi_licensor_present,True,False,True,False,265,-37.928672790527344,-40.62458419799805,1
Cindy has not ever neglected to exercise.,Cindy has probably ever neglected to exercise.,semantics,npi_licensing,sentential_negation_npi_licensor_present,True,False,True,False,266,-54.387855529785156,-57.44962692260742,1
Some committee did not ever succeed.,Some committee did probably ever succeed.,semantics,npi_licensing,sentential_negation_npi_licensor_present,True,False,True,False,267,-36.05610656738281,-41.77111053466797,1
The guest had not ever argued about every guy.,The guest had fortunately ever argued about every guy.,semantics,npi_licensing,sentential_negation_npi_licensor_present,True,False,True,False,268,-59.509765625,-66.93875885009766,1
Sarah had not ever fixed every plate.,Sarah had really ever fixed every plate.,semantics,npi_licensing,sentential_negation_npi_licensor_present,True,False,True,False,269,-47.11963653564453,-48.758968353271484,1
Janet does not ever stretch.,Janet does probably ever stretch.,semantics,npi_licensing,sentential_negation_npi_licensor_present,True,False,True,False,270,-36.77476501464844,-43.312950134277344,1
Debra did not ever examine documentaries.,Debra did probably ever examine documentaries.,semantics,npi_licensing,sentential_negation_npi_licensor_present,True,False,True,False,271,-48.021907806396484,-53.445335388183594,1
A lot of skateboards will not ever crack.,A lot of skateboards will fortunately ever crack.,semantics,npi_licensing,sentential_negation_npi_licensor_present,True,False,True,False,272,-51.62549591064453,-63.58723068237305,1
Some association has not ever communicated.,Some association has probably ever communicated.,semantics,npi_licensing,sentential_negation_npi_licensor_present,True,False,True,False,273,-41.34599685668945,-44.41865921020508,1
Anna did not ever worry Andrea.,Anna did really ever worry Andrea.,semantics,npi_licensing,sentential_negation_npi_licensor_present,True,False,True,False,274,-40.87327575683594,-47.408836364746094,1
Julie could not ever want Phillip to break every fork.,Julie could fortunately ever want Phillip to break every fork.,semantics,npi_licensing,sentential_negation_npi_licensor_present,True,False,True,False,275,-74.67644500732422,-84.85547637939453,1
The girl had not ever forced that girl to question Derek.,The girl had fortunately ever forced that girl to question Derek.,semantics,npi_licensing,sentential_negation_npi_licensor_present,True,False,True,False,276,-74.58753967285156,-81.6412353515625,1
Beverly has not ever ascended ladders.,Beverly has probably ever ascended ladders.,semantics,npi_licensing,sentential_negation_npi_licensor_present,True,False,True,False,277,-59.52275848388672,-61.59976577758789,1
Travis might not ever climb down a mountain.,Travis might fortunately ever climb down a mountain.,semantics,npi_licensing,sentential_negation_npi_licensor_present,True,False,True,False,278,-55.370025634765625,-66.74388122558594,1
Carmen did not ever paint.,Carmen did probably ever paint.,semantics,npi_licensing,sentential_negation_npi_licensor_present,True,False,True,False,279,-43.92704391479492,-49.93301773071289,1
The libraries have not ever fought.,The libraries have fortunately ever fought.,semantics,npi_licensing,sentential_negation_npi_licensor_present,True,False,True,False,280,-38.18840789794922,-45.304115295410156,1
Florence has not ever proven to question every school.,Florence has fortunately ever proven to question every school.,semantics,npi_licensing,sentential_negation_npi_licensor_present,True,False,True,False,281,-67.63026428222656,-74.92683410644531,1
Steve has not ever exited that movie theater.,Steve has probably ever exited that movie theater.,semantics,npi_licensing,sentential_negation_npi_licensor_present,True,False,True,False,282,-49.218238830566406,-50.028411865234375,1
A lot of legislatures did not ever worry Julia.,A lot of legislatures did really ever worry Julia.,semantics,npi_licensing,sentential_negation_npi_licensor_present,True,False,True,False,283,-64.80802154541016,-71.94015502929688,1
Samantha will not ever impress Randolf.,Samantha will really ever impress Randolf.,semantics,npi_licensing,sentential_negation_npi_licensor_present,True,False,True,False,284,-70.18087005615234,-75.4293212890625,1
Lucille does not ever alarm Tanya.,Lucille does fortunately ever alarm Tanya.,semantics,npi_licensing,sentential_negation_npi_licensor_present,True,False,True,False,285,-56.63859939575195,-69.43951416015625,1
Monica had not ever nodded.,Monica had fortunately ever nodded.,semantics,npi_licensing,sentential_negation_npi_licensor_present,True,False,True,False,286,-40.29597473144531,-46.949928283691406,1
All schools should not ever correspond.,All schools should probably ever correspond.,semantics,npi_licensing,sentential_negation_npi_licensor_present,True,False,True,False,287,-37.48288345336914,-41.00725555419922,1
A sock can not ever crumple.,A sock can fortunately ever crumple.,semantics,npi_licensing,sentential_negation_npi_licensor_present,True,False,True,False,288,-58.38775634765625,-67.78569030761719,1
These dancers did not ever cooperate.,These dancers did fortunately ever cooperate.,semantics,npi_licensing,sentential_negation_npi_licensor_present,True,False,True,False,289,-40.57656478881836,-52.244651794433594,1
Leslie might not ever fix a couch.,Leslie might probably ever fix a couch.,semantics,npi_licensing,sentential_negation_npi_licensor_present,True,False,True,False,290,-51.29450988769531,-53.06963348388672,1
Galileo did not ever urge Janet to leave.,Galileo did fortunately ever urge Janet to leave.,semantics,npi_licensing,sentential_negation_npi_licensor_present,True,False,True,False,291,-64.372314453125,-76.20012664794922,1
Keith will not ever scratch.,Keith will fortunately ever scratch.,semantics,npi_licensing,sentential_negation_npi_licensor_present,True,False,True,False,292,-29.822021484375,-41.733585357666016,1
Valerie has not ever answered.,Valerie has really ever answered.,semantics,npi_licensing,sentential_negation_npi_licensor_present,True,False,True,False,293,-41.17597198486328,-44.367431640625,1
Alexander does not ever go fishing.,Alexander does probably ever go fishing.,semantics,npi_licensing,sentential_negation_npi_licensor_present,True,False,True,False,294,-32.2634162902832,-38.02667999267578,1
Many glaciers will not ever freeze.,Many glaciers will probably ever freeze.,semantics,npi_licensing,sentential_negation_npi_licensor_present,True,False,True,False,295,-38.75459671020508,-39.91373062133789,1
A lot of students had not ever praised Heather.,A lot of students had probably ever praised Heather.,semantics,npi_licensing,sentential_negation_npi_licensor_present,True,False,True,False,296,-58.63553237915039,-60.02224349975586,1
Most actresses had not ever investigated what shocks a lot of senators.,Most actresses had really ever investigated what shocks a lot of senators.,semantics,npi_licensing,sentential_negation_npi_licensor_present,True,False,True,False,297,-84.98123168945312,-87.13243103027344,1
Teenagers would not ever testify.,Teenagers would really ever testify.,semantics,npi_licensing,sentential_negation_npi_licensor_present,True,False,True,False,298,-40.153743743896484,-44.69575881958008,1
Tara has not ever want to complain about John.,Tara has really ever want to complain about John.,semantics,npi_licensing,sentential_negation_npi_licensor_present,True,False,True,False,299,-61.948081970214844,-64.97267150878906,1
Some shawls do not ever exist.,Some shawls do probably ever exist.,semantics,npi_licensing,sentential_negation_npi_licensor_present,True,False,True,False,300,-39.177574157714844,-45.57699966430664,1
Some banks have not ever spurred Craig to sit down.,Some banks have fortunately ever spurred Craig to sit down.,semantics,npi_licensing,sentential_negation_npi_licensor_present,True,False,True,False,301,-68.32048034667969,-75.2733383178711,1
A school should not ever order Craig to cook.,A school should really ever order Craig to cook.,semantics,npi_licensing,sentential_negation_npi_licensor_present,True,False,True,False,302,-62.33826446533203,-65.39017486572266,1
This senator had not ever concurred.,This senator had really ever concurred.,semantics,npi_licensing,sentential_negation_npi_licensor_present,True,False,True,False,303,-49.213836669921875,-53.366973876953125,1
Some company should not ever correspond.,Some company should really ever correspond.,semantics,npi_licensing,sentential_negation_npi_licensor_present,True,False,True,False,304,-41.04774475097656,-46.498416900634766,1
Timothy should not ever listen to Stephen.,Timothy should probably ever listen to Stephen.,semantics,npi_licensing,sentential_negation_npi_licensor_present,True,False,True,False,305,-49.561710357666016,-50.96282196044922,1
Some people have not ever cooperated.,Some people have probably ever cooperated.,semantics,npi_licensing,sentential_negation_npi_licensor_present,True,False,True,False,306,-34.70388412475586,-35.710662841796875,1
Diana has not ever drunk.,Diana has really ever drunk.,semantics,npi_licensing,sentential_negation_npi_licensor_present,True,False,True,False,307,-42.827796936035156,-45.23844528198242,1
Most doctors do not ever conceal Kenneth.,Most doctors do fortunately ever conceal Kenneth.,semantics,npi_licensing,sentential_negation_npi_licensor_present,True,False,True,False,308,-50.769775390625,-63.81047058105469,1
Elizabeth had not ever asked Alexander's ex-girlfriend to practice.,Elizabeth had fortunately ever asked Alexander's ex-girlfriend to practice.,semantics,npi_licensing,sentential_negation_npi_licensor_present,True,False,True,False,309,-69.13076782226562,-75.35334777832031,1
The screens had not ever disgusted this guy.,The screens had probably ever disgusted this guy.,semantics,npi_licensing,sentential_negation_npi_licensor_present,True,False,True,False,310,-59.67903137207031,-60.210784912109375,1
Karla has not ever woken up.,Karla has probably ever woken up.,semantics,npi_licensing,sentential_negation_npi_licensor_present,True,False,True,False,311,-44.00466537475586,-44.785552978515625,1
Marla would not ever threaten to sell this rice.,Marla would probably ever threaten to sell this rice.,semantics,npi_licensing,sentential_negation_npi_licensor_present,True,False,True,False,312,-61.236412048339844,-61.923709869384766,1
Some legislature has not ever retaliated.,Some legislature has fortunately ever retaliated.,semantics,npi_licensing,sentential_negation_npi_licensor_present,True,False,True,False,313,-45.22719192504883,-53.744754791259766,1
Carol should not ever protest.,Carol should probably ever protest.,semantics,npi_licensing,sentential_negation_npi_licensor_present,True,False,True,False,314,-39.67894744873047,-42.09226608276367,1
Patrick can not ever eat.,Patrick can fortunately ever eat.,semantics,npi_licensing,sentential_negation_npi_licensor_present,True,False,True,False,315,-30.623743057250977,-39.527191162109375,1
Danielle might not ever yearn to wash.,Danielle might probably ever yearn to wash.,semantics,npi_licensing,sentential_negation_npi_licensor_present,True,False,True,False,316,-58.779903411865234,-60.0147705078125,1
Phillip does not ever protest.,Phillip does really ever protest.,semantics,npi_licensing,sentential_negation_npi_licensor_present,True,False,True,False,317,-39.151512145996094,-44.67197799682617,1
Waitresses might not ever forget who are embracing.,Waitresses might really ever forget who are embracing.,semantics,npi_licensing,sentential_negation_npi_licensor_present,True,False,True,False,318,-59.88743591308594,-63.34792709350586,1
Stephanie did not ever leave Carol.,Stephanie did fortunately ever leave Carol.,semantics,npi_licensing,sentential_negation_npi_licensor_present,True,False,True,False,319,-51.37939453125,-63.88980484008789,1
Some doctors had not ever coped.,Some doctors had fortunately ever coped.,semantics,npi_licensing,sentential_negation_npi_licensor_present,True,False,True,False,320,-42.762916564941406,-50.31379699707031,1
Valerie will not ever sigh.,Valerie will fortunately ever sigh.,semantics,npi_licensing,sentential_negation_npi_licensor_present,True,False,True,False,321,-42.122982025146484,-54.47412109375,1
Joseph has not ever planned to arrive at the river.,Joseph has probably ever planned to arrive at the river.,semantics,npi_licensing,sentential_negation_npi_licensor_present,True,False,True,False,322,-44.858619689941406,-46.537776947021484,1
The Lutherans might not ever say that student struggles.,The Lutherans might fortunately ever say that student struggles.,semantics,npi_licensing,sentential_negation_npi_licensor_present,True,False,True,False,323,-65.6445541381836,-77.84354400634766,1
Jerry has not ever remembered those teenagers.,Jerry has fortunately ever remembered those teenagers.,semantics,npi_licensing,sentential_negation_npi_licensor_present,True,False,True,False,324,-42.94291687011719,-51.5595817565918,1
Winston Churchill can not ever expect every shirt to crumple.,Winston Churchill can probably ever expect every shirt to crumple.,semantics,npi_licensing,sentential_negation_npi_licensor_present,True,False,True,False,325,-95.12214660644531,-94.19119262695312,0
The Lutherans had not ever met.,The Lutherans had really ever met.,semantics,npi_licensing,sentential_negation_npi_licensor_present,True,False,True,False,326,-44.354087829589844,-47.674163818359375,1
The scarves would not ever fray.,The scarves would fortunately ever fray.,semantics,npi_licensing,sentential_negation_npi_licensor_present,True,False,True,False,327,-46.94504928588867,-58.54233169555664,1
Some cars will not ever accelerate.,Some cars will really ever accelerate.,semantics,npi_licensing,sentential_negation_npi_licensor_present,True,False,True,False,328,-35.43498992919922,-40.411720275878906,1
This popsicle might not ever condense.,This popsicle might probably ever condense.,semantics,npi_licensing,sentential_negation_npi_licensor_present,True,False,True,False,329,-49.879425048828125,-52.853302001953125,1
Benjamin did not ever lie.,Benjamin did really ever lie.,semantics,npi_licensing,sentential_negation_npi_licensor_present,True,False,True,False,330,-40.56901550292969,-46.64219665527344,1
Some planes had not ever tipped over.,Some planes had fortunately ever tipped over.,semantics,npi_licensing,sentential_negation_npi_licensor_present,True,False,True,False,331,-48.46113586425781,-54.850990295410156,1
Valerie has not ever wished to disappear.,Valerie has fortunately ever wished to disappear.,semantics,npi_licensing,sentential_negation_npi_licensor_present,True,False,True,False,332,-48.14667510986328,-55.01218795776367,1
Spain can not ever entreat Caroline to learn.,Spain can probably ever entreat Caroline to learn.,semantics,npi_licensing,sentential_negation_npi_licensor_present,True,False,True,False,333,-60.02983856201172,-60.39176559448242,1
Caroline did not ever say a lot of guests question some driver.,Caroline did probably ever say a lot of guests question some driver.,semantics,npi_licensing,sentential_negation_npi_licensor_present,True,False,True,False,334,-88.92190551757812,-93.14778137207031,1
Alice could not ever fire Wayne.,Alice could probably ever fire Wayne.,semantics,npi_licensing,sentential_negation_npi_licensor_present,True,False,True,False,335,-44.456024169921875,-46.70789337158203,1
Carmen had not ever longed to train.,Carmen had fortunately ever longed to train.,semantics,npi_licensing,sentential_negation_npi_licensor_present,True,False,True,False,336,-63.28083801269531,-70.44160461425781,1
Janet had not ever shocked Benjamin.,Janet had fortunately ever shocked Benjamin.,semantics,npi_licensing,sentential_negation_npi_licensor_present,True,False,True,False,337,-55.2643928527832,-61.63866424560547,1
Colleen has not ever thought about some documentary.,Colleen has really ever thought about some documentary.,semantics,npi_licensing,sentential_negation_npi_licensor_present,True,False,True,False,338,-60.25342559814453,-61.67924499511719,1
Edward had not ever advised the libraries to fall.,Edward had probably ever advised the libraries to fall.,semantics,npi_licensing,sentential_negation_npi_licensor_present,True,False,True,False,339,-55.68476867675781,-56.34952163696289,1
Nina has not ever studied.,Nina has probably ever studied.,semantics,npi_licensing,sentential_negation_npi_licensor_present,True,False,True,False,340,-34.3568115234375,-36.7090950012207,1
Edward should not ever blink.,Edward should probably ever blink.,semantics,npi_licensing,sentential_negation_npi_licensor_present,True,False,True,False,341,-34.513038635253906,-36.36100387573242,1
Theresa does not ever disturb Robert.,Theresa does really ever disturb Robert.,semantics,npi_licensing,sentential_negation_npi_licensor_present,True,False,True,False,342,-48.52865982055664,-57.03577423095703,1
Raymond has not ever blinked.,Raymond has really ever blinked.,semantics,npi_licensing,sentential_negation_npi_licensor_present,True,False,True,False,343,-45.01382827758789,-46.986297607421875,1
That pasta has not ever scorched.,That pasta has really ever scorched.,semantics,npi_licensing,sentential_negation_npi_licensor_present,True,False,True,False,344,-43.79229736328125,-47.174339294433594,1
Kayla did not ever want every pepper to go bad.,Kayla did probably ever want every pepper to go bad.,semantics,npi_licensing,sentential_negation_npi_licensor_present,True,False,True,False,345,-67.71947479248047,-72.7571792602539,1
Leslie did not ever reference many newspaper articles.,Leslie did fortunately ever reference many newspaper articles.,semantics,npi_licensing,sentential_negation_npi_licensor_present,True,False,True,False,346,-54.77879333496094,-65.35588073730469,1
This lady could not ever approach Amelia.,This lady could probably ever approach Amelia.,semantics,npi_licensing,sentential_negation_npi_licensor_present,True,False,True,False,347,-51.075279235839844,-52.85240936279297,1
Many shirts had not ever warped.,Many shirts had probably ever warped.,semantics,npi_licensing,sentential_negation_npi_licensor_present,True,False,True,False,348,-47.66573715209961,-47.73716735839844,1
Some guest will not ever embarrass Cindy.,Some guest will really ever embarrass Cindy.,semantics,npi_licensing,sentential_negation_npi_licensor_present,True,False,True,False,349,-55.13346481323242,-60.4083366394043,1
Caroline has not ever found that woman.,Caroline has probably ever found that woman.,semantics,npi_licensing,sentential_negation_npi_licensor_present,True,False,True,False,350,-51.25794219970703,-51.804931640625,1
Jennifer might not ever remember a lot of guys.,Jennifer might really ever remember a lot of guys.,semantics,npi_licensing,sentential_negation_npi_licensor_present,True,False,True,False,351,-42.10736083984375,-45.495208740234375,1
Mary has not ever murmured.,Mary has fortunately ever murmured.,semantics,npi_licensing,sentential_negation_npi_licensor_present,True,False,True,False,352,-35.16585159301758,-43.58303451538086,1
Those skateboards would not ever steer.,Those skateboards would really ever steer.,semantics,npi_licensing,sentential_negation_npi_licensor_present,True,False,True,False,353,-49.94451141357422,-53.113525390625,1
Spain had not ever competed.,Spain had really ever competed.,semantics,npi_licensing,sentential_negation_npi_licensor_present,True,False,True,False,354,-31.670934677124023,-33.026878356933594,1
Those children had not ever implored that analysis to disturb most actresses.,Those children had fortunately ever implored that analysis to disturb most actresses.,semantics,npi_licensing,sentential_negation_npi_licensor_present,True,False,True,False,355,-94.30517578125,-100.1578369140625,1
Naomi would not ever spin around.,Naomi would really ever spin around.,semantics,npi_licensing,sentential_negation_npi_licensor_present,True,False,True,False,356,-43.67428970336914,-45.96380615234375,1
Jennifer had not ever failed to remember Patrick.,Jennifer had really ever failed to remember Patrick.,semantics,npi_licensing,sentential_negation_npi_licensor_present,True,False,True,False,357,-47.11033248901367,-49.296424865722656,1
Jill had not ever motivated every boy to complain.,Jill had probably ever motivated every boy to complain.,semantics,npi_licensing,sentential_negation_npi_licensor_present,True,False,True,False,358,-67.25138092041016,-67.93120574951172,1
These actresses could not ever react.,These actresses could fortunately ever react.,semantics,npi_licensing,sentential_negation_npi_licensor_present,True,False,True,False,359,-41.70615768432617,-52.56144714355469,1
Brad will not ever think Jennifer shouldn't want Angela to get fired.,Brad will really ever think Jennifer shouldn't want Angela to get fired.,semantics,npi_licensing,sentential_negation_npi_licensor_present,True,False,True,False,360,-77.95693969726562,-81.54940795898438,1
Deborah had not ever stunned Bethany.,Deborah had probably ever stunned Bethany.,semantics,npi_licensing,sentential_negation_npi_licensor_present,True,False,True,False,361,-59.61415481567383,-60.105934143066406,1
This dancer might not ever stun Thomas.,This dancer might probably ever stun Thomas.,semantics,npi_licensing,sentential_negation_npi_licensor_present,True,False,True,False,362,-56.351985931396484,-59.019866943359375,1
Many women do not ever interact.,Many women do fortunately ever interact.,semantics,npi_licensing,sentential_negation_npi_licensor_present,True,False,True,False,363,-30.42061996459961,-44.49032974243164,1
A picture does not ever look like Roger.,A picture does fortunately ever look like Roger.,semantics,npi_licensing,sentential_negation_npi_licensor_present,True,False,True,False,364,-43.493865966796875,-56.481170654296875,1
Kendra has not ever visited Valerie.,Kendra has really ever visited Valerie.,semantics,npi_licensing,sentential_negation_npi_licensor_present,True,False,True,False,365,-53.51744842529297,-57.09173583984375,1
A lot of students had not ever joked around.,A lot of students had really ever joked around.,semantics,npi_licensing,sentential_negation_npi_licensor_present,True,False,True,False,366,-52.13232421875,-53.77080535888672,1
Natalie had not ever cared for every cashier.,Natalie had fortunately ever cared for every cashier.,semantics,npi_licensing,sentential_negation_npi_licensor_present,True,False,True,False,367,-61.80507278442383,-66.63609313964844,1
The dancers might not ever say those cakes were blackening.,The dancers might probably ever say those cakes were blackening.,semantics,npi_licensing,sentential_negation_npi_licensor_present,True,False,True,False,368,-75.91320037841797,-78.84944152832031,1
Cynthia will not ever scan most newspaper articles.,Cynthia will probably ever scan most newspaper articles.,semantics,npi_licensing,sentential_negation_npi_licensor_present,True,False,True,False,369,-63.84281921386719,-64.33943939208984,1
Museums have not ever assembled.,Museums have probably ever assembled.,semantics,npi_licensing,sentential_negation_npi_licensor_present,True,False,True,False,370,-45.584754943847656,-47.354248046875,1
Every river has not ever vaporized.,Every river has probably ever vaporized.,semantics,npi_licensing,sentential_negation_npi_licensor_present,True,False,True,False,371,-45.271270751953125,-46.922481536865234,1
All socks have not ever distracted Amanda.,All socks have really ever distracted Amanda.,semantics,npi_licensing,sentential_negation_npi_licensor_present,True,False,True,False,372,-57.57952117919922,-59.53036880493164,1
Nancy had not ever aggravated Sarah.,Nancy had probably ever aggravated Sarah.,semantics,npi_licensing,sentential_negation_npi_licensor_present,True,False,True,False,373,-54.3991813659668,-56.23675537109375,1
This blouse had not ever frayed.,This blouse had fortunately ever frayed.,semantics,npi_licensing,sentential_negation_npi_licensor_present,True,False,True,False,374,-50.40705108642578,-57.774986267089844,1
Natalie had not ever expected most ladies to cooperate.,Natalie had fortunately ever expected most ladies to cooperate.,semantics,npi_licensing,sentential_negation_npi_licensor_present,True,False,True,False,375,-68.82286071777344,-73.52442169189453,1
Phillip might not ever write.,Phillip might probably ever write.,semantics,npi_licensing,sentential_negation_npi_licensor_present,True,False,True,False,376,-36.48199462890625,-39.19768524169922,1
A lot of glasses should not ever shrink.,A lot of glasses should fortunately ever shrink.,semantics,npi_licensing,sentential_negation_npi_licensor_present,True,False,True,False,377,-45.81067657470703,-57.95038986206055,1
That ice cream should not ever vaporize.,That ice cream should probably ever vaporize.,semantics,npi_licensing,sentential_negation_npi_licensor_present,True,False,True,False,378,-42.477115631103516,-45.05767059326172,1
Teresa had not ever brought that tomato.,Teresa had probably ever brought that tomato.,semantics,npi_licensing,sentential_negation_npi_licensor_present,True,False,True,False,379,-61.368247985839844,-62.39447021484375,1
These guests could not ever take these coats.,These guests could fortunately ever take these coats.,semantics,npi_licensing,sentential_negation_npi_licensor_present,True,False,True,False,380,-46.43311309814453,-57.00580596923828,1
Vanessa should not ever discover these mushrooms.,Vanessa should fortunately ever discover these mushrooms.,semantics,npi_licensing,sentential_negation_npi_licensor_present,True,False,True,False,381,-54.53768539428711,-65.98031616210938,1
Dennis had not ever aggravated some customer.,Dennis had fortunately ever aggravated some customer.,semantics,npi_licensing,sentential_negation_npi_licensor_present,True,False,True,False,382,-61.91558837890625,-68.37062072753906,1
Mary had not ever wished to move.,Mary had probably ever wished to move.,semantics,npi_licensing,sentential_negation_npi_licensor_present,True,False,True,False,383,-35.844078063964844,-36.48335266113281,1
These waitresses did not ever debate.,These waitresses did fortunately ever debate.,semantics,npi_licensing,sentential_negation_npi_licensor_present,True,False,True,False,384,-47.0623893737793,-60.313148498535156,1
Matt had not ever attacked that guest.,Matt had fortunately ever attacked that guest.,semantics,npi_licensing,sentential_negation_npi_licensor_present,True,False,True,False,385,-48.39042663574219,-54.840232849121094,1
Some chair had not ever shocked Carmen.,Some chair had really ever shocked Carmen.,semantics,npi_licensing,sentential_negation_npi_licensor_present,True,False,True,False,386,-61.56815719604492,-63.41619873046875,1
Ellen had not ever cured Sarah.,Ellen had probably ever cured Sarah.,semantics,npi_licensing,sentential_negation_npi_licensor_present,True,False,True,False,387,-47.814945220947266,-48.87798309326172,1
Benjamin could not ever walk through all restaurants.,Benjamin could probably ever walk through all restaurants.,semantics,npi_licensing,sentential_negation_npi_licensor_present,True,False,True,False,388,-57.75020980834961,-59.628299713134766,1
Tammy has not ever happened to explore some grocery store.,Tammy has really ever happened to explore some grocery store.,semantics,npi_licensing,sentential_negation_npi_licensor_present,True,False,True,False,389,-60.86431884765625,-62.09848403930664,1
A lot of waiters had not ever conferred.,A lot of waiters had probably ever conferred.,semantics,npi_licensing,sentential_negation_npi_licensor_present,True,False,True,False,390,-56.61317825317383,-57.79798126220703,1
A lot of cashiers could not ever testify.,A lot of cashiers could fortunately ever testify.,semantics,npi_licensing,sentential_negation_npi_licensor_present,True,False,True,False,391,-50.48307800292969,-62.165714263916016,1
Kimberley would not ever astound that lady.,Kimberley would really ever astound that lady.,semantics,npi_licensing,sentential_negation_npi_licensor_present,True,False,True,False,392,-64.6729965209961,-67.84089660644531,1
Michael would not ever appear.,Michael would really ever appear.,semantics,npi_licensing,sentential_negation_npi_licensor_present,True,False,True,False,393,-27.551467895507812,-30.372623443603516,1
The Borgias have not ever kissed.,The Borgias have fortunately ever kissed.,semantics,npi_licensing,sentential_negation_npi_licensor_present,True,False,True,False,394,-52.42949676513672,-60.42385482788086,1
Wayne should not ever require all schools to cope.,Wayne should fortunately ever require all schools to cope.,semantics,npi_licensing,sentential_negation_npi_licensor_present,True,False,True,False,395,-57.08946990966797,-68.24531555175781,1
Curtis should not ever conceal what shrink.,Curtis should fortunately ever conceal what shrink.,semantics,npi_licensing,sentential_negation_npi_licensor_present,True,False,True,False,396,-62.4097900390625,-75.16643524169922,1
A blouse did not ever fall.,A blouse did really ever fall.,semantics,npi_licensing,sentential_negation_npi_licensor_present,True,False,True,False,397,-36.972373962402344,-43.239627838134766,1
A skateboard had not ever maneuvered.,A skateboard had fortunately ever maneuvered.,semantics,npi_licensing,sentential_negation_npi_licensor_present,True,False,True,False,398,-48.72687530517578,-54.50187301635742,1
James could not ever cough.,James could probably ever cough.,semantics,npi_licensing,sentential_negation_npi_licensor_present,True,False,True,False,399,-33.90185546875,-34.99376678466797,1
Tammy had not ever found Sabrina.,Tammy had fortunately ever found Sabrina.,semantics,npi_licensing,sentential_negation_npi_licensor_present,True,False,True,False,400,-50.55168914794922,-56.56654357910156,1
Melinda has not ever remembered Lissa.,Melinda has fortunately ever remembered Lissa.,semantics,npi_licensing,sentential_negation_npi_licensor_present,True,False,True,False,401,-55.41498947143555,-62.155609130859375,1
Bradley had not ever pressured Sonia to telephone.,Bradley had probably ever pressured Sonia to telephone.,semantics,npi_licensing,sentential_negation_npi_licensor_present,True,False,True,False,402,-66.13158416748047,-67.3054428100586,1
Every pedestrian will not ever get fired.,Every pedestrian will really ever get fired.,semantics,npi_licensing,sentential_negation_npi_licensor_present,True,False,True,False,403,-43.94535446166992,-47.640872955322266,1
Curtis does not ever attempt to escape.,Curtis does probably ever attempt to escape.,semantics,npi_licensing,sentential_negation_npi_licensor_present,True,False,True,False,404,-44.49201202392578,-50.9764289855957,1
Tammy had not ever begged Tanya to scream.,Tammy had really ever begged Tanya to scream.,semantics,npi_licensing,sentential_negation_npi_licensor_present,True,False,True,False,405,-67.86073303222656,-69.742431640625,1
The unicycles could not ever crash.,The unicycles could probably ever crash.,semantics,npi_licensing,sentential_negation_npi_licensor_present,True,False,True,False,406,-45.38547897338867,-47.77143859863281,1
Kimberley has not ever found those actresses to compete.,Kimberley has really ever found those actresses to compete.,semantics,npi_licensing,sentential_negation_npi_licensor_present,True,False,True,False,407,-65.51629638671875,-67.594482421875,1
Some dancers will not ever badger Denise to have a lot of mirrors.,Some dancers will fortunately ever badger Denise to have a lot of mirrors.,semantics,npi_licensing,sentential_negation_npi_licensor_present,True,False,True,False,408,-92.32743835449219,-103.04629516601562,1
Samantha should not ever hide away.,Samantha should really ever hide away.,semantics,npi_licensing,sentential_negation_npi_licensor_present,True,False,True,False,409,-49.82666015625,-54.56393051147461,1
Gina could not ever return to Julia.,Gina could probably ever return to Julia.,semantics,npi_licensing,sentential_negation_npi_licensor_present,True,False,True,False,410,-43.99848937988281,-46.06300354003906,1
Jodi had not ever climbed down that mountain.,Jodi had really ever climbed down that mountain.,semantics,npi_licensing,sentential_negation_npi_licensor_present,True,False,True,False,411,-61.26213073730469,-63.90924835205078,1
Mushrooms had not ever ripened.,Mushrooms had probably ever ripened.,semantics,npi_licensing,sentential_negation_npi_licensor_present,True,False,True,False,412,-55.769996643066406,-58.10026931762695,1
Elaine can not ever figure out who kisses James.,Elaine can fortunately ever figure out who kisses James.,semantics,npi_licensing,sentential_negation_npi_licensor_present,True,False,True,False,413,-70.3184814453125,-79.28437805175781,1
A door has not ever flung open.,A door has probably ever flung open.,semantics,npi_licensing,sentential_negation_npi_licensor_present,True,False,True,False,414,-51.707801818847656,-52.67501449584961,1
Most bananas have not ever charred.,Most bananas have fortunately ever charred.,semantics,npi_licensing,sentential_negation_npi_licensor_present,True,False,True,False,415,-42.38690185546875,-50.85271453857422,1
Wendy has not ever proposed to complain about Denise.,Wendy has really ever proposed to complain about Denise.,semantics,npi_licensing,sentential_negation_npi_licensor_present,True,False,True,False,416,-70.93373107910156,-74.3200912475586,1
Most bicycles have not ever steered.,Most bicycles have probably ever steered.,semantics,npi_licensing,sentential_negation_npi_licensor_present,True,False,True,False,417,-43.38812255859375,-44.45213317871094,1
Melissa had not ever answered.,Melissa had probably ever answered.,semantics,npi_licensing,sentential_negation_npi_licensor_present,True,False,True,False,418,-38.31843566894531,-39.78961944580078,1
Some candles have not ever darkened.,Some candles have fortunately ever darkened.,semantics,npi_licensing,sentential_negation_npi_licensor_present,True,False,True,False,419,-42.31083297729492,-50.67074966430664,1
The boy has not ever concurred.,The boy has probably ever concurred.,semantics,npi_licensing,sentential_negation_npi_licensor_present,True,False,True,False,420,-41.643218994140625,-43.42502975463867,1
Nancy has not ever fled from some guest.,Nancy has probably ever fled from some guest.,semantics,npi_licensing,sentential_negation_npi_licensor_present,True,False,True,False,421,-59.29536437988281,-61.255348205566406,1
Every waitress could not ever research a lot of mountains.,Every waitress could probably ever research a lot of mountains.,semantics,npi_licensing,sentential_negation_npi_licensor_present,True,False,True,False,422,-64.0315933227539,-65.35008239746094,1
Most shirts would not ever resemble some paintings.,Most shirts would probably ever resemble some paintings.,semantics,npi_licensing,sentential_negation_npi_licensor_present,True,False,True,False,423,-54.14032745361328,-53.13500213623047,0
Some adults have not ever obligated Angela's friends to think about some student.,Some adults have probably ever obligated Angela's friends to think about some student.,semantics,npi_licensing,sentential_negation_npi_licensor_present,True,False,True,False,424,-93.02288818359375,-92.27955627441406,0
Jesus has not ever whispered.,Jesus has fortunately ever whispered.,semantics,npi_licensing,sentential_negation_npi_licensor_present,True,False,True,False,425,-30.910934448242188,-39.89460754394531,1
Those senators can not ever command Jesus's contractor to eat.,Those senators can really ever command Jesus's contractor to eat.,semantics,npi_licensing,sentential_negation_npi_licensor_present,True,False,True,False,426,-77.88325500488281,-79.88119506835938,1
Those waiters have not ever explained everything.,Those waiters have probably ever explained everything.,semantics,npi_licensing,sentential_negation_npi_licensor_present,True,False,True,False,427,-44.984825134277344,-46.50702667236328,1
Susan will not ever win.,Susan will fortunately ever win.,semantics,npi_licensing,sentential_negation_npi_licensor_present,True,False,True,False,428,-26.645931243896484,-37.19918441772461,1
Libraries have not ever struggled.,Libraries have really ever struggled.,semantics,npi_licensing,sentential_negation_npi_licensor_present,True,False,True,False,429,-40.56995391845703,-42.26341247558594,1
Cilantro has not ever ripened.,Cilantro has fortunately ever ripened.,semantics,npi_licensing,sentential_negation_npi_licensor_present,True,False,True,False,430,-48.77555465698242,-56.693138122558594,1
That apple has not ever baked.,That apple has probably ever baked.,semantics,npi_licensing,sentential_negation_npi_licensor_present,True,False,True,False,431,-41.34941864013672,-42.18890380859375,1
Florence has not ever hugged Debra.,Florence has fortunately ever hugged Debra.,semantics,npi_licensing,sentential_negation_npi_licensor_present,True,False,True,False,432,-61.74577331542969,-68.44477081298828,1
This museum would not ever donate.,This museum would fortunately ever donate.,semantics,npi_licensing,sentential_negation_npi_licensor_present,True,False,True,False,433,-41.228515625,-51.88981246948242,1
That skirt would not ever twirl.,That skirt would really ever twirl.,semantics,npi_licensing,sentential_negation_npi_licensor_present,True,False,True,False,434,-50.261329650878906,-52.13142013549805,1
Meredith might not ever wave.,Meredith might probably ever wave.,semantics,npi_licensing,sentential_negation_npi_licensor_present,True,False,True,False,435,-42.871700286865234,-44.94190216064453,1
Holly did not ever entreat Jane's oncologist to return to Ellen.,Holly did fortunately ever entreat Jane's oncologist to return to Ellen.,semantics,npi_licensing,sentential_negation_npi_licensor_present,True,False,True,False,436,-100.11827087402344,-111.51398468017578,1
A guy might not ever exit a lot of glaciers.,A guy might fortunately ever exit a lot of glaciers.,semantics,npi_licensing,sentential_negation_npi_licensor_present,True,False,True,False,437,-61.939781188964844,-72.10492706298828,1
The hospital had not ever worried Jessica.,The hospital had fortunately ever worried Jessica.,semantics,npi_licensing,sentential_negation_npi_licensor_present,True,False,True,False,438,-55.077613830566406,-62.95633316040039,1
This teacher had not ever thought Jacqueline isn't descending the slopes.,This teacher had probably ever thought Jacqueline isn't descending the slopes.,semantics,npi_licensing,sentential_negation_npi_licensor_present,True,False,True,False,439,-86.93190002441406,-88.39506530761719,1
Gregory did not ever waste away.,Gregory did fortunately ever waste away.,semantics,npi_licensing,sentential_negation_npi_licensor_present,True,False,True,False,440,-41.001121520996094,-53.155242919921875,1
Charles does not ever train.,Charles does probably ever train.,semantics,npi_licensing,sentential_negation_npi_licensor_present,True,False,True,False,441,-28.964271545410156,-36.445926666259766,1
Drivers have not ever dared those governments to surrender.,Drivers have probably ever dared those governments to surrender.,semantics,npi_licensing,sentential_negation_npi_licensor_present,True,False,True,False,442,-68.25552368164062,-69.20599365234375,1
This unicycle does not ever worry Kayla.,This unicycle does fortunately ever worry Kayla.,semantics,npi_licensing,sentential_negation_npi_licensor_present,True,False,True,False,443,-58.15245819091797,-73.03631591796875,1
Nina would not ever reference Caroline.,Nina would fortunately ever reference Caroline.,semantics,npi_licensing,sentential_negation_npi_licensor_present,True,False,True,False,444,-50.119022369384766,-61.469703674316406,1
These glasses had not ever twisted.,These glasses had really ever twisted.,semantics,npi_licensing,sentential_negation_npi_licensor_present,True,False,True,False,445,-44.20941925048828,-46.17828369140625,1
George did not ever conceal what were dropping.,George did really ever conceal what were dropping.,semantics,npi_licensing,sentential_negation_npi_licensor_present,True,False,True,False,446,-50.94620132446289,-57.724327087402344,1
These cucumbers had not ever ripened.,These cucumbers had probably ever ripened.,semantics,npi_licensing,sentential_negation_npi_licensor_present,True,False,True,False,447,-49.97591781616211,-52.29319763183594,1
Most guys would not ever embrace.,Most guys would fortunately ever embrace.,semantics,npi_licensing,sentential_negation_npi_licensor_present,True,False,True,False,448,-38.742610931396484,-48.52112579345703,1
Lawrence did not ever protest.,Lawrence did probably ever protest.,semantics,npi_licensing,sentential_negation_npi_licensor_present,True,False,True,False,449,-38.63994598388672,-43.86437225341797,1
Kirsten should not ever cook.,Kirsten should fortunately ever cook.,semantics,npi_licensing,sentential_negation_npi_licensor_present,True,False,True,False,450,-47.183387756347656,-58.76061248779297,1
Regina might not ever protest.,Regina might fortunately ever protest.,semantics,npi_licensing,sentential_negation_npi_licensor_present,True,False,True,False,451,-40.95191955566406,-53.64710998535156,1
Most schools might not ever negotiate.,Most schools might really ever negotiate.,semantics,npi_licensing,sentential_negation_npi_licensor_present,True,False,True,False,452,-36.63822937011719,-41.112091064453125,1
Most senators would not ever talk.,Most senators would really ever talk.,semantics,npi_licensing,sentential_negation_npi_licensor_present,True,False,True,False,453,-39.68547821044922,-43.0482177734375,1
Claire has not ever chuckled.,Claire has really ever chuckled.,semantics,npi_licensing,sentential_negation_npi_licensor_present,True,False,True,False,454,-41.622440338134766,-43.7028694152832,1
The truck has not ever maneuvered.,The truck has probably ever maneuvered.,semantics,npi_licensing,sentential_negation_npi_licensor_present,True,False,True,False,455,-43.272125244140625,-44.51587677001953,1
Aaron has not ever happened to confer.,Aaron has fortunately ever happened to confer.,semantics,npi_licensing,sentential_negation_npi_licensor_present,True,False,True,False,456,-40.26763153076172,-48.57188034057617,1
Diane had not ever donated.,Diane had probably ever donated.,semantics,npi_licensing,sentential_negation_npi_licensor_present,True,False,True,False,457,-41.441463470458984,-43.16926956176758,1
Theresa had not ever commanded all teenagers to lift this bike.,Theresa had really ever commanded all teenagers to lift this bike.,semantics,npi_licensing,sentential_negation_npi_licensor_present,True,False,True,False,458,-80.42088317871094,-84.28430938720703,1
Kristin did not ever hide some lamp.,Kristin did probably ever hide some lamp.,semantics,npi_licensing,sentential_negation_npi_licensor_present,True,False,True,False,459,-50.25539779663086,-55.00748062133789,1
The shoe will not ever shrink.,The shoe will probably ever shrink.,semantics,npi_licensing,sentential_negation_npi_licensor_present,True,False,True,False,460,-37.5855712890625,-39.113983154296875,1
Beth had not ever looked to win.,Beth had really ever looked to win.,semantics,npi_licensing,sentential_negation_npi_licensor_present,True,False,True,False,461,-50.24420166015625,-51.262237548828125,1
A light could not ever darken.,A light could fortunately ever darken.,semantics,npi_licensing,sentential_negation_npi_licensor_present,True,False,True,False,462,-47.01923370361328,-57.53692626953125,1
Wendy had not ever upset Deanna.,Wendy had probably ever upset Deanna.,semantics,npi_licensing,sentential_negation_npi_licensor_present,True,False,True,False,463,-61.76894760131836,-62.81071472167969,1
Monet had not ever looked to question those schools.,Monet had fortunately ever looked to question those schools.,semantics,npi_licensing,sentential_negation_npi_licensor_present,True,False,True,False,464,-62.957096099853516,-70.34686279296875,1
Kayla does not ever obligate every nephew of Kayla to bring that hill.,Kayla does fortunately ever obligate every nephew of Kayla to bring that hill.,semantics,npi_licensing,sentential_negation_npi_licensor_present,True,False,True,False,465,-93.05609893798828,-105.42768859863281,1
Those guests have not ever retaliated.,Those guests have really ever retaliated.,semantics,npi_licensing,sentential_negation_npi_licensor_present,True,False,True,False,466,-41.79606628417969,-45.338104248046875,1
All drivers had not ever lied.,All drivers had really ever lied.,semantics,npi_licensing,sentential_negation_npi_licensor_present,True,False,True,False,467,-42.396697998046875,-44.42188262939453,1
The cashiers have not ever conferred.,The cashiers have probably ever conferred.,semantics,npi_licensing,sentential_negation_npi_licensor_present,True,False,True,False,468,-46.89838409423828,-49.95294189453125,1
Teachers do not ever chat.,Teachers do really ever chat.,semantics,npi_licensing,sentential_negation_npi_licensor_present,True,False,True,False,469,-38.7930793762207,-45.73861312866211,1
These hats might not ever soak.,These hats might really ever soak.,semantics,npi_licensing,sentential_negation_npi_licensor_present,True,False,True,False,470,-43.64786911010742,-48.31507873535156,1
Alice had not ever forfeited.,Alice had probably ever forfeited.,semantics,npi_licensing,sentential_negation_npi_licensor_present,True,False,True,False,471,-35.32115936279297,-35.4007568359375,1
These ladies could not ever date.,These ladies could probably ever date.,semantics,npi_licensing,sentential_negation_npi_licensor_present,True,False,True,False,472,-38.875823974609375,-40.37361145019531,1
That eye can not ever fling open.,That eye can fortunately ever fling open.,semantics,npi_licensing,sentential_negation_npi_licensor_present,True,False,True,False,473,-57.06050491333008,-67.32492065429688,1
Carlos can not ever lift the paintings.,Carlos can probably ever lift the paintings.,semantics,npi_licensing,sentential_negation_npi_licensor_present,True,False,True,False,474,-48.14708709716797,-48.73569869995117,1
Ann had not ever come here.,Ann had really ever come here.,semantics,npi_licensing,sentential_negation_npi_licensor_present,True,False,True,False,475,-30.975486755371094,-33.02706527709961,1
A dancer has not ever cheered.,A dancer has fortunately ever cheered.,semantics,npi_licensing,sentential_negation_npi_licensor_present,True,False,True,False,476,-45.93686294555664,-52.58479309082031,1
Amy will not ever alarm Sara.,Amy will probably ever alarm Sara.,semantics,npi_licensing,sentential_negation_npi_licensor_present,True,False,True,False,477,-43.0933723449707,-43.73717498779297,1
Pamela would not ever sound like Gary.,Pamela would really ever sound like Gary.,semantics,npi_licensing,sentential_negation_npi_licensor_present,True,False,True,False,478,-52.55231475830078,-55.34803009033203,1
Richard had not ever passed Harvard University.,Richard had probably ever passed Harvard University.,semantics,npi_licensing,sentential_negation_npi_licensor_present,True,False,True,False,479,-42.19755554199219,-43.09950256347656,1
Ronald did not ever joke around.,Ronald did really ever joke around.,semantics,npi_licensing,sentential_negation_npi_licensor_present,True,False,True,False,480,-49.25086975097656,-54.655479431152344,1
Bradley had not ever thought about who messed up a lot of pants.,Bradley had fortunately ever thought about who messed up a lot of pants.,semantics,npi_licensing,sentential_negation_npi_licensor_present,True,False,True,False,481,-72.72618865966797,-78.96148681640625,1
Teachers might not ever donate.,Teachers might probably ever donate.,semantics,npi_licensing,sentential_negation_npi_licensor_present,True,False,True,False,482,-41.23984909057617,-45.65276336669922,1
A lady has not ever lifted the carts.,A lady has really ever lifted the carts.,semantics,npi_licensing,sentential_negation_npi_licensor_present,True,False,True,False,483,-54.167789459228516,-57.84751892089844,1
Marcus has not ever needed all ladies to surrender.,Marcus has fortunately ever needed all ladies to surrender.,semantics,npi_licensing,sentential_negation_npi_licensor_present,True,False,True,False,484,-54.88855743408203,-62.80026626586914,1
Tiffany can not ever persuade Wayne to eat.,Tiffany can fortunately ever persuade Wayne to eat.,semantics,npi_licensing,sentential_negation_npi_licensor_present,True,False,True,False,485,-68.9256591796875,-77.8338623046875,1
Every bank should not ever correspond.,Every bank should fortunately ever correspond.,semantics,npi_licensing,sentential_negation_npi_licensor_present,True,False,True,False,486,-40.350059509277344,-52.27924346923828,1
Timothy has not ever obligated that guest to spin around.,Timothy has really ever obligated that guest to spin around.,semantics,npi_licensing,sentential_negation_npi_licensor_present,True,False,True,False,487,-83.239013671875,-85.02761840820312,1
Some customers have not ever stretched.,Some customers have really ever stretched.,semantics,npi_licensing,sentential_negation_npi_licensor_present,True,False,True,False,488,-38.41536331176758,-42.07009506225586,1
Stacey has not ever found Guy to fall.,Stacey has probably ever found Guy to fall.,semantics,npi_licensing,sentential_negation_npi_licensor_present,True,False,True,False,489,-60.2464599609375,-61.48176193237305,1
Boys had not ever biked to the grocery store.,Boys had fortunately ever biked to the grocery store.,semantics,npi_licensing,sentential_negation_npi_licensor_present,True,False,True,False,490,-60.80033493041992,-66.837646484375,1
That jacket does not ever dry.,That jacket does fortunately ever dry.,semantics,npi_licensing,sentential_negation_npi_licensor_present,True,False,True,False,491,-38.78364944458008,-52.51847839355469,1
Carl does not ever write.,Carl does fortunately ever write.,semantics,npi_licensing,sentential_negation_npi_licensor_present,True,False,True,False,492,-27.637699127197266,-39.87006378173828,1
Natalie will not ever help Cindy.,Natalie will probably ever help Cindy.,semantics,npi_licensing,sentential_negation_npi_licensor_present,True,False,True,False,493,-49.852622985839844,-51.596099853515625,1
Many doctors might not ever conspire.,Many doctors might really ever conspire.,semantics,npi_licensing,sentential_negation_npi_licensor_present,True,False,True,False,494,-44.08067321777344,-48.446311950683594,1
These ladies had not ever profited.,These ladies had really ever profited.,semantics,npi_licensing,sentential_negation_npi_licensor_present,True,False,True,False,495,-47.2899169921875,-49.49757385253906,1
Martin will not ever seem to clean most glasses.,Martin will probably ever seem to clean most glasses.,semantics,npi_licensing,sentential_negation_npi_licensor_present,True,False,True,False,496,-53.231048583984375,-53.69635772705078,1
Stacey would not ever know Kathleen.,Stacey would really ever know Kathleen.,semantics,npi_licensing,sentential_negation_npi_licensor_present,True,False,True,False,497,-50.41088104248047,-53.065338134765625,1
Homer could not ever have fish.,Homer could really ever have fish.,semantics,npi_licensing,sentential_negation_npi_licensor_present,True,False,True,False,498,-44.63730239868164,-48.18830871582031,1
These girls did not ever know Catherine.,These girls did fortunately ever know Catherine.,semantics,npi_licensing,sentential_negation_npi_licensor_present,True,False,True,False,499,-41.31509780883789,-53.29596710205078,1
A carriage will not ever shatter.,A carriage will fortunately ever shatter.,semantics,npi_licensing,sentential_negation_npi_licensor_present,True,False,True,False,500,-44.95147705078125,-56.20322036743164,1
Alexander had not ever found many carts to stun Robert.,Alexander had fortunately ever found many carts to stun Robert.,semantics,npi_licensing,sentential_negation_npi_licensor_present,True,False,True,False,501,-74.64481353759766,-80.17085266113281,1
Natalie has not ever lifted every bank.,Natalie has really ever lifted every bank.,semantics,npi_licensing,sentential_negation_npi_licensor_present,True,False,True,False,502,-59.37726593017578,-62.3083610534668,1
Rachel would not ever urge Sandra's ex-girlfriends to describe an art gallery.,Rachel would probably ever urge Sandra's ex-girlfriends to describe an art gallery.,semantics,npi_licensing,sentential_negation_npi_licensor_present,True,False,True,False,503,-89.09906768798828,-88.8264389038086,0
Most governments will not ever testify.,Most governments will fortunately ever testify.,semantics,npi_licensing,sentential_negation_npi_licensor_present,True,False,True,False,504,-37.65092468261719,-50.356353759765625,1
Kayla has not ever approached Meredith.,Kayla has really ever approached Meredith.,semantics,npi_licensing,sentential_negation_npi_licensor_present,True,False,True,False,505,-49.6323127746582,-52.60163879394531,1
The spinach had not ever existed.,The spinach had fortunately ever existed.,semantics,npi_licensing,sentential_negation_npi_licensor_present,True,False,True,False,506,-38.73762130737305,-45.96980285644531,1
The senator will not ever sway Karen to have that convertible.,The senator will probably ever sway Karen to have that convertible.,semantics,npi_licensing,sentential_negation_npi_licensor_present,True,False,True,False,507,-88.38599395751953,-88.79359436035156,1
Lissa had not ever worried David.,Lissa had probably ever worried David.,semantics,npi_licensing,sentential_negation_npi_licensor_present,True,False,True,False,508,-55.99658203125,-56.58062744140625,1
Linda has not ever explained everything.,Linda has probably ever explained everything.,semantics,npi_licensing,sentential_negation_npi_licensor_present,True,False,True,False,509,-44.3055534362793,-46.68452072143555,1
Some boys could not ever conceal Lucille.,Some boys could probably ever conceal Lucille.,semantics,npi_licensing,sentential_negation_npi_licensor_present,True,False,True,False,510,-52.90898132324219,-54.40679931640625,1
Many senators might not ever flirt.,Many senators might fortunately ever flirt.,semantics,npi_licensing,sentential_negation_npi_licensor_present,True,False,True,False,511,-44.64697265625,-56.90184020996094,1
Most actresses have not ever lifted a chair.,Most actresses have fortunately ever lifted a chair.,semantics,npi_licensing,sentential_negation_npi_licensor_present,True,False,True,False,512,-54.526363372802734,-61.137367248535156,1
Angela has not ever concealed Rachelle.,Angela has probably ever concealed Rachelle.,semantics,npi_licensing,sentential_negation_npi_licensor_present,True,False,True,False,513,-56.744407653808594,-58.85025405883789,1
The Borgias have not ever married.,The Borgias have fortunately ever married.,semantics,npi_licensing,sentential_negation_npi_licensor_present,True,False,True,False,514,-49.77543258666992,-57.36028289794922,1
Linda had not ever scared Edward.,Linda had fortunately ever scared Edward.,semantics,npi_licensing,sentential_negation_npi_licensor_present,True,False,True,False,515,-56.672279357910156,-62.717533111572266,1
A lot of jackets have not ever wrinkled.,A lot of jackets have fortunately ever wrinkled.,semantics,npi_licensing,sentential_negation_npi_licensor_present,True,False,True,False,516,-55.54900360107422,-62.01702880859375,1
Bradley might not ever want to impress these cashiers.,Bradley might probably ever want to impress these cashiers.,semantics,npi_licensing,sentential_negation_npi_licensor_present,True,False,True,False,517,-60.33588409423828,-63.36322021484375,1
Bradley had not ever changed.,Bradley had fortunately ever changed.,semantics,npi_licensing,sentential_negation_npi_licensor_present,True,False,True,False,518,-34.282981872558594,-40.862430572509766,1
Sharon had not ever complained about Judy.,Sharon had fortunately ever complained about Judy.,semantics,npi_licensing,sentential_negation_npi_licensor_present,True,False,True,False,519,-55.06501770019531,-61.20268249511719,1
Joel has not ever cared for Carmen.,Joel has fortunately ever cared for Carmen.,semantics,npi_licensing,sentential_negation_npi_licensor_present,True,False,True,False,520,-47.601722717285156,-54.9450569152832,1
Those actors have not ever competed.,Those actors have really ever competed.,semantics,npi_licensing,sentential_negation_npi_licensor_present,True,False,True,False,521,-39.163143157958984,-41.08390426635742,1
A lot of planes did not ever drop.,A lot of planes did really ever drop.,semantics,npi_licensing,sentential_negation_npi_licensor_present,True,False,True,False,522,-44.16924285888672,-49.60635757446289,1
Denise should not ever hire Sheila.,Denise should really ever hire Sheila.,semantics,npi_licensing,sentential_negation_npi_licensor_present,True,False,True,False,523,-49.77019500732422,-54.28137969970703,1
The girl did not ever approach Marie.,The girl did fortunately ever approach Marie.,semantics,npi_licensing,sentential_negation_npi_licensor_present,True,False,True,False,524,-48.764217376708984,-60.05311584472656,1
That glass had not ever fallen apart.,That glass had really ever fallen apart.,semantics,npi_licensing,sentential_negation_npi_licensor_present,True,False,True,False,525,-42.924598693847656,-45.00416946411133,1
This ice has not ever frozen.,This ice has fortunately ever frozen.,semantics,npi_licensing,sentential_negation_npi_licensor_present,True,False,True,False,526,-38.837284088134766,-47.12116241455078,1
April had not ever protested.,April had fortunately ever protested.,semantics,npi_licensing,sentential_negation_npi_licensor_present,True,False,True,False,527,-33.75837326049805,-40.18560028076172,1
That dancer had not ever turned out to wave.,That dancer had fortunately ever turned out to wave.,semantics,npi_licensing,sentential_negation_npi_licensor_present,True,False,True,False,528,-57.334774017333984,-62.30064392089844,1
Phillip had not ever pushed Timothy to lift mountains.,Phillip had really ever pushed Timothy to lift mountains.,semantics,npi_licensing,sentential_negation_npi_licensor_present,True,False,True,False,529,-74.15691375732422,-75.21354675292969,1
An actor could not ever reference Lucille.,An actor could probably ever reference Lucille.,semantics,npi_licensing,sentential_negation_npi_licensor_present,True,False,True,False,530,-54.19272232055664,-55.36888122558594,1
Many hospitals will not ever wish to have that cake.,Many hospitals will really ever wish to have that cake.,semantics,npi_licensing,sentential_negation_npi_licensor_present,True,False,True,False,531,-54.51781463623047,-57.99571228027344,1
Rebecca would not ever induce Omar to forget Alicia.,Rebecca would probably ever induce Omar to forget Alicia.,semantics,npi_licensing,sentential_negation_npi_licensor_present,True,False,True,False,532,-75.46290588378906,-76.68064880371094,1
Rachelle should not ever plan to astound a lot of waitresses.,Rachelle should fortunately ever plan to astound a lot of waitresses.,semantics,npi_licensing,sentential_negation_npi_licensor_present,True,False,True,False,533,-76.01310729980469,-87.34136962890625,1
Many schools had not ever discovered who observed Jodi.,Many schools had probably ever discovered who observed Jodi.,semantics,npi_licensing,sentential_negation_npi_licensor_present,True,False,True,False,534,-68.67371368408203,-69.14520263671875,1
Kirsten had not ever found guests to kiss.,Kirsten had really ever found guests to kiss.,semantics,npi_licensing,sentential_negation_npi_licensor_present,True,False,True,False,535,-66.94294738769531,-67.74728393554688,1
Tanya had not ever hoped to have most dishes.,Tanya had fortunately ever hoped to have most dishes.,semantics,npi_licensing,sentential_negation_npi_licensor_present,True,False,True,False,536,-61.49794006347656,-66.94620513916016,1
A lot of waiters might not ever look like the drawings.,A lot of waiters might fortunately ever look like the drawings.,semantics,npi_licensing,sentential_negation_npi_licensor_present,True,False,True,False,537,-59.05366897583008,-70.01719665527344,1
Carmen would not ever hire the waiter.,Carmen would really ever hire the waiter.,semantics,npi_licensing,sentential_negation_npi_licensor_present,True,False,True,False,538,-56.50077438354492,-60.3757438659668,1
Every screen has not ever shattered.,Every screen has probably ever shattered.,semantics,npi_licensing,sentential_negation_npi_licensor_present,True,False,True,False,539,-40.339080810546875,-41.69518280029297,1
Janet would not ever laugh.,Janet would probably ever laugh.,semantics,npi_licensing,sentential_negation_npi_licensor_present,True,False,True,False,540,-37.82583236694336,-37.841732025146484,1
Caroline had not ever kissed Jessica.,Caroline had fortunately ever kissed Jessica.,semantics,npi_licensing,sentential_negation_npi_licensor_present,True,False,True,False,541,-56.8663330078125,-62.816864013671875,1
Marie should not ever run around the Great Lakes.,Marie should fortunately ever run around the Great Lakes.,semantics,npi_licensing,sentential_negation_npi_licensor_present,True,False,True,False,542,-47.093894958496094,-56.606658935546875,1
Michael had not ever expected most organizations to meet.,Michael had really ever expected most organizations to meet.,semantics,npi_licensing,sentential_negation_npi_licensor_present,True,False,True,False,543,-54.195281982421875,-54.97472381591797,1
Paula has not ever cared for Melissa.,Paula has probably ever cared for Melissa.,semantics,npi_licensing,sentential_negation_npi_licensor_present,True,False,True,False,544,-45.751922607421875,-47.42292022705078,1
Galileo has not ever swayed most friends of a customer to disturb Marie.,Galileo has really ever swayed most friends of a customer to disturb Marie.,semantics,npi_licensing,sentential_negation_npi_licensor_present,True,False,True,False,545,-109.00254821777344,-112.02168273925781,1
Donald might not ever like to conceal the Impressionists.,Donald might really ever like to conceal the Impressionists.,semantics,npi_licensing,sentential_negation_npi_licensor_present,True,False,True,False,546,-58.385169982910156,-62.72675323486328,1
A lot of pedestrians had not ever gone fishing.,A lot of pedestrians had probably ever gone fishing.,semantics,npi_licensing,sentential_negation_npi_licensor_present,True,False,True,False,547,-56.30784225463867,-56.89757537841797,1
Cashiers had not ever negotiated.,Cashiers had probably ever negotiated.,semantics,npi_licensing,sentential_negation_npi_licensor_present,True,False,True,False,548,-43.551605224609375,-44.925743103027344,1
These guys have not ever benefited.,These guys have probably ever benefited.,semantics,npi_licensing,sentential_negation_npi_licensor_present,True,False,True,False,549,-36.651893615722656,-37.44576644897461,1
Cilantro does not ever go bad.,Cilantro does probably ever go bad.,semantics,npi_licensing,sentential_negation_npi_licensor_present,True,False,True,False,550,-42.04243469238281,-49.26679611206055,1
A lot of actors can not ever assemble.,A lot of actors can fortunately ever assemble.,semantics,npi_licensing,sentential_negation_npi_licensor_present,True,False,True,False,551,-50.534141540527344,-59.12204360961914,1
Heather has not ever hoped to kiss Phillip.,Heather has really ever hoped to kiss Phillip.,semantics,npi_licensing,sentential_negation_npi_licensor_present,True,False,True,False,552,-66.19647979736328,-67.62777709960938,1
The people do not ever appear.,The people do fortunately ever appear.,semantics,npi_licensing,sentential_negation_npi_licensor_present,True,False,True,False,553,-29.22199249267578,-42.29408264160156,1
That spinach has not ever ripened.,That spinach has really ever ripened.,semantics,npi_licensing,sentential_negation_npi_licensor_present,True,False,True,False,554,-47.608314514160156,-51.70094680786133,1
Amelia has not ever swallowed.,Amelia has really ever swallowed.,semantics,npi_licensing,sentential_negation_npi_licensor_present,True,False,True,False,555,-42.60643005371094,-46.73481750488281,1
The couches did not ever slip.,The couches did probably ever slip.,semantics,npi_licensing,sentential_negation_npi_licensor_present,True,False,True,False,556,-41.583133697509766,-47.75773620605469,1
Ella has not ever forgotten teenagers.,Ella has fortunately ever forgotten teenagers.,semantics,npi_licensing,sentential_negation_npi_licensor_present,True,False,True,False,557,-49.851139068603516,-57.62328338623047,1
Christina had not ever washed.,Christina had probably ever washed.,semantics,npi_licensing,sentential_negation_npi_licensor_present,True,False,True,False,558,-38.35606384277344,-40.00358963012695,1
This glacier has not ever frozen.,This glacier has probably ever frozen.,semantics,npi_licensing,sentential_negation_npi_licensor_present,True,False,True,False,559,-43.11280059814453,-44.48850631713867,1
Guy would not ever explore a high school.,Guy would probably ever explore a high school.,semantics,npi_licensing,sentential_negation_npi_licensor_present,True,False,True,False,560,-39.8510627746582,-39.74085235595703,0
Most customers had not ever entreated the doctor to appreciate these dancers.,Most customers had probably ever entreated the doctor to appreciate these dancers.,semantics,npi_licensing,sentential_negation_npi_licensor_present,True,False,True,False,561,-89.34092712402344,-89.33143615722656,0
Every government could not ever react.,Every government could really ever react.,semantics,npi_licensing,sentential_negation_npi_licensor_present,True,False,True,False,562,-36.70433044433594,-40.75114059448242,1
Every cashier could not ever complain.,Every cashier could really ever complain.,semantics,npi_licensing,sentential_negation_npi_licensor_present,True,False,True,False,563,-42.080989837646484,-45.00719451904297,1
Barbara will not ever litter.,Barbara will probably ever litter.,semantics,npi_licensing,sentential_negation_npi_licensor_present,True,False,True,False,564,-46.2031364440918,-47.047149658203125,1
Steven had not ever needed Benjamin to swallow.,Steven had probably ever needed Benjamin to swallow.,semantics,npi_licensing,sentential_negation_npi_licensor_present,True,False,True,False,565,-55.83966827392578,-56.3948974609375,1
That child will not ever talk.,That child will fortunately ever talk.,semantics,npi_licensing,sentential_negation_npi_licensor_present,True,False,True,False,566,-36.17084503173828,-48.646522521972656,1
Steve has not ever spoken up.,Steve has really ever spoken up.,semantics,npi_licensing,sentential_negation_npi_licensor_present,True,False,True,False,567,-34.948204040527344,-37.822906494140625,1
Angela had not ever climbed down that hill.,Angela had probably ever climbed down that hill.,semantics,npi_licensing,sentential_negation_npi_licensor_present,True,False,True,False,568,-57.597023010253906,-59.31565856933594,1
Every cashier had not ever climbed down a lot of ladders.,Every cashier had fortunately ever climbed down a lot of ladders.,semantics,npi_licensing,sentential_negation_npi_licensor_present,True,False,True,False,569,-70.826904296875,-76.642822265625,1
These governments have not ever described the teachers.,These governments have fortunately ever described the teachers.,semantics,npi_licensing,sentential_negation_npi_licensor_present,True,False,True,False,570,-46.76570510864258,-55.55926513671875,1
Every organization would not ever chat.,Every organization would probably ever chat.,semantics,npi_licensing,sentential_negation_npi_licensor_present,True,False,True,False,571,-38.805084228515625,-40.46138381958008,1
The children have not ever painted.,The children have probably ever painted.,semantics,npi_licensing,sentential_negation_npi_licensor_present,True,False,True,False,572,-34.817665100097656,-36.59389114379883,1
Most girls had not ever grinned.,Most girls had fortunately ever grinned.,semantics,npi_licensing,sentential_negation_npi_licensor_present,True,False,True,False,573,-42.77056884765625,-48.863800048828125,1
Aaron could not ever lie.,Aaron could probably ever lie.,semantics,npi_licensing,sentential_negation_npi_licensor_present,True,False,True,False,574,-29.345115661621094,-30.380924224853516,1
Charles would not ever climb down a slope.,Charles would fortunately ever climb down a slope.,semantics,npi_licensing,sentential_negation_npi_licensor_present,True,False,True,False,575,-45.32247543334961,-55.38526916503906,1
Most lakes have not ever frozen.,Most lakes have fortunately ever frozen.,semantics,npi_licensing,sentential_negation_npi_licensor_present,True,False,True,False,576,-41.12059783935547,-48.30593490600586,1
Andrew would not ever salute.,Andrew would really ever salute.,semantics,npi_licensing,sentential_negation_npi_licensor_present,True,False,True,False,577,-34.11689376831055,-37.22894287109375,1
Katherine should not ever explain Lisa whispers.,Katherine should probably ever explain Lisa whispers.,semantics,npi_licensing,sentential_negation_npi_licensor_present,True,False,True,False,578,-60.37763595581055,-62.56315612792969,1
Amanda can not ever reveal who hasn't induced Wayne to scan all books.,Amanda can really ever reveal who hasn't induced Wayne to scan all books.,semantics,npi_licensing,sentential_negation_npi_licensor_present,True,False,True,False,579,-103.79560852050781,-105.92295837402344,1
That doctor had not ever questioned Tonya.,That doctor had fortunately ever questioned Tonya.,semantics,npi_licensing,sentential_negation_npi_licensor_present,True,False,True,False,580,-58.530643463134766,-65.405029296875,1
Every company has not ever swayed every adult to play.,Every company has fortunately ever swayed every adult to play.,semantics,npi_licensing,sentential_negation_npi_licensor_present,True,False,True,False,581,-61.33259963989258,-69.75181579589844,1
April had not ever laughed.,April had really ever laughed.,semantics,npi_licensing,sentential_negation_npi_licensor_present,True,False,True,False,582,-33.706642150878906,-35.62091064453125,1
All senators had not ever longed to argue about Bethany.,All senators had probably ever longed to argue about Bethany.,semantics,npi_licensing,sentential_negation_npi_licensor_present,True,False,True,False,583,-77.52601623535156,-78.82601928710938,1
That convertible has not ever dropped.,That convertible has probably ever dropped.,semantics,npi_licensing,sentential_negation_npi_licensor_present,True,False,True,False,584,-42.9642219543457,-43.90494918823242,1
Brad could not ever consider Samuel to hide.,Brad could fortunately ever consider Samuel to hide.,semantics,npi_licensing,sentential_negation_npi_licensor_present,True,False,True,False,585,-54.43994140625,-64.6455307006836,1
Sonia has not ever driven to some glacier.,Sonia has really ever driven to some glacier.,semantics,npi_licensing,sentential_negation_npi_licensor_present,True,False,True,False,586,-63.585548400878906,-65.88421630859375,1
Richard does not ever ask Elizabeth's senators to drive to that lake.,Richard does probably ever ask Elizabeth's senators to drive to that lake.,semantics,npi_licensing,sentential_negation_npi_licensor_present,True,False,True,False,587,-80.75747680664062,-87.0740966796875,1
Homer had not ever known Kristen.,Homer had really ever known Kristen.,semantics,npi_licensing,sentential_negation_npi_licensor_present,True,False,True,False,588,-51.6215934753418,-53.655242919921875,1
Joseph has not ever scared Barbara.,Joseph has really ever scared Barbara.,semantics,npi_licensing,sentential_negation_npi_licensor_present,True,False,True,False,589,-45.8657341003418,-49.46085739135742,1
Laurie had not ever disliked that river.,Laurie had fortunately ever disliked that river.,semantics,npi_licensing,sentential_negation_npi_licensor_present,True,False,True,False,590,-64.57281494140625,-70.08988189697266,1
Daniel would not ever leave the Lutherans.,Daniel would fortunately ever leave the Lutherans.,semantics,npi_licensing,sentential_negation_npi_licensor_present,True,False,True,False,591,-47.511573791503906,-58.15193176269531,1
This man would not ever complain.,This man would probably ever complain.,semantics,npi_licensing,sentential_negation_npi_licensor_present,True,False,True,False,592,-35.29344940185547,-36.14812469482422,1
All carriages should not ever slip.,All carriages should fortunately ever slip.,semantics,npi_licensing,sentential_negation_npi_licensor_present,True,False,True,False,593,-40.228736877441406,-52.19304656982422,1
This association will not ever reveal who fell asleep.,This association will fortunately ever reveal who fell asleep.,semantics,npi_licensing,sentential_negation_npi_licensor_present,True,False,True,False,594,-61.75597381591797,-73.11988830566406,1
Diana can not ever play.,Diana can probably ever play.,semantics,npi_licensing,sentential_negation_npi_licensor_present,True,False,True,False,595,-39.982017517089844,-40.89768981933594,1
Laurie should not ever practice.,Laurie should probably ever practice.,semantics,npi_licensing,sentential_negation_npi_licensor_present,True,False,True,False,596,-45.319091796875,-47.35020446777344,1
Peter had not ever gotten a job.,Peter had probably ever gotten a job.,semantics,npi_licensing,sentential_negation_npi_licensor_present,True,False,True,False,597,-32.390098571777344,-32.12314224243164,0
Carrie can not ever perform.,Carrie can really ever perform.,semantics,npi_licensing,sentential_negation_npi_licensor_present,True,False,True,False,598,-39.52094268798828,-40.90689468383789,1
Chad has not ever slumped over.,Chad has probably ever slumped over.,semantics,npi_licensing,sentential_negation_npi_licensor_present,True,False,True,False,599,-44.86594772338867,-45.83159637451172,1
All guests have not ever taken this window.,All guests have really ever taken this window.,semantics,npi_licensing,sentential_negation_npi_licensor_present,True,False,True,False,600,-46.34931945800781,-50.24521255493164,1
Laura can not ever return to Brenda.,Laura can probably ever return to Brenda.,semantics,npi_licensing,sentential_negation_npi_licensor_present,True,False,True,False,601,-41.160606384277344,-41.057106018066406,0
Theresa would not ever bother to research the Borgias.,Theresa would fortunately ever bother to research the Borgias.,semantics,npi_licensing,sentential_negation_npi_licensor_present,True,False,True,False,602,-71.86906433105469,-82.80181884765625,1
Sharon has not ever compromised.,Sharon has probably ever compromised.,semantics,npi_licensing,sentential_negation_npi_licensor_present,True,False,True,False,603,-39.25174331665039,-41.128936767578125,1
Nancy will not ever sigh.,Nancy will really ever sigh.,semantics,npi_licensing,sentential_negation_npi_licensor_present,True,False,True,False,604,-39.920928955078125,-45.072879791259766,1
The tomato will not ever blacken.,The tomato will probably ever blacken.,semantics,npi_licensing,sentential_negation_npi_licensor_present,True,False,True,False,605,-48.05420684814453,-49.05127716064453,1
Irene does not ever say Candice yearned to shock cashiers.,Irene does probably ever say Candice yearned to shock cashiers.,semantics,npi_licensing,sentential_negation_npi_licensor_present,True,False,True,False,606,-104.10161590576172,-110.51591491699219,1
Bradley had not ever ascertained Helen to scan many essays.,Bradley had probably ever ascertained Helen to scan many essays.,semantics,npi_licensing,sentential_negation_npi_licensor_present,True,False,True,False,607,-81.37574005126953,-82.28842163085938,1
That dress would not ever stretch.,That dress would probably ever stretch.,semantics,npi_licensing,sentential_negation_npi_licensor_present,True,False,True,False,608,-39.344383239746094,-39.933616638183594,1
Keith would not ever remember what has chipped.,Keith would really ever remember what has chipped.,semantics,npi_licensing,sentential_negation_npi_licensor_present,True,False,True,False,609,-52.043174743652344,-54.92674255371094,1
Russell does not ever discuss April.,Russell does really ever discuss April.,semantics,npi_licensing,sentential_negation_npi_licensor_present,True,False,True,False,610,-41.61766052246094,-47.727745056152344,1
Most customers have not ever disagreed with Allison.,Most customers have really ever disagreed with Allison.,semantics,npi_licensing,sentential_negation_npi_licensor_present,True,False,True,False,611,-51.41872787475586,-54.702667236328125,1
Carmen had not ever yawned.,Carmen had fortunately ever yawned.,semantics,npi_licensing,sentential_negation_npi_licensor_present,True,False,True,False,612,-49.90978240966797,-56.065582275390625,1
All customers have not ever succeeded.,All customers have probably ever succeeded.,semantics,npi_licensing,sentential_negation_npi_licensor_present,True,False,True,False,613,-35.735809326171875,-37.60769271850586,1
Marcus will not ever wave.,Marcus will probably ever wave.,semantics,npi_licensing,sentential_negation_npi_licensor_present,True,False,True,False,614,-30.26825714111328,-30.121845245361328,0
A waiter does not ever leave.,A waiter does fortunately ever leave.,semantics,npi_licensing,sentential_negation_npi_licensor_present,True,False,True,False,615,-37.55813217163086,-50.48340606689453,1
Carol had not ever gotten fired.,Carol had probably ever gotten fired.,semantics,npi_licensing,sentential_negation_npi_licensor_present,True,False,True,False,616,-44.65900421142578,-45.221717834472656,1
Dawn does not ever have that spotlight.,Dawn does fortunately ever have that spotlight.,semantics,npi_licensing,sentential_negation_npi_licensor_present,True,False,True,False,617,-50.75459671020508,-63.55268859863281,1
Katherine can not ever research every restaurant.,Katherine can fortunately ever research every restaurant.,semantics,npi_licensing,sentential_negation_npi_licensor_present,True,False,True,False,618,-61.20893096923828,-70.14613342285156,1
These cars had not ever turned.,These cars had probably ever turned.,semantics,npi_licensing,sentential_negation_npi_licensor_present,True,False,True,False,619,-38.229530334472656,-39.1104621887207,1
Mitchell would not ever escape from pedestrians.,Mitchell would really ever escape from pedestrians.,semantics,npi_licensing,sentential_negation_npi_licensor_present,True,False,True,False,620,-51.108516693115234,-54.56013870239258,1
Wayne had not ever expected Brian to forfeit.,Wayne had probably ever expected Brian to forfeit.,semantics,npi_licensing,sentential_negation_npi_licensor_present,True,False,True,False,621,-65.41375732421875,-65.58076477050781,1
The teenagers do not ever concur.,The teenagers do fortunately ever concur.,semantics,npi_licensing,sentential_negation_npi_licensor_present,True,False,True,False,622,-45.65218734741211,-58.82012939453125,1
Randolf has not ever discovered Candice.,Randolf has fortunately ever discovered Candice.,semantics,npi_licensing,sentential_negation_npi_licensor_present,True,False,True,False,623,-54.795753479003906,-61.328346252441406,1
Melinda has not ever prodded Sarah to see Guy.,Melinda has probably ever prodded Sarah to see Guy.,semantics,npi_licensing,sentential_negation_npi_licensor_present,True,False,True,False,624,-81.23609924316406,-81.33547973632812,1
Tamara could not ever beg this lady to salute.,Tamara could probably ever beg this lady to salute.,semantics,npi_licensing,sentential_negation_npi_licensor_present,True,False,True,False,625,-68.04962921142578,-70.62191772460938,1
Martin would not ever remember Irene.,Martin would really ever remember Irene.,semantics,npi_licensing,sentential_negation_npi_licensor_present,True,False,True,False,626,-38.636192321777344,-41.448204040527344,1
Alan can not ever entreat Tracy to vanish.,Alan can really ever entreat Tracy to vanish.,semantics,npi_licensing,sentential_negation_npi_licensor_present,True,False,True,False,627,-64.67603302001953,-66.68577575683594,1
Margaret had not ever swallowed.,Margaret had probably ever swallowed.,semantics,npi_licensing,sentential_negation_npi_licensor_present,True,False,True,False,628,-44.08763885498047,-45.853660583496094,1
Cindy had not ever baked.,Cindy had probably ever baked.,semantics,npi_licensing,sentential_negation_npi_licensor_present,True,False,True,False,629,-47.65592956542969,-49.04833984375,1
This skirt will not ever stretch.,This skirt will really ever stretch.,semantics,npi_licensing,sentential_negation_npi_licensor_present,True,False,True,False,630,-39.070960998535156,-42.79795837402344,1
Those icicles had not ever frozen.,Those icicles had probably ever frozen.,semantics,npi_licensing,sentential_negation_npi_licensor_present,True,False,True,False,631,-50.32121276855469,-52.001461029052734,1
Some guys had not ever coped.,Some guys had probably ever coped.,semantics,npi_licensing,sentential_negation_npi_licensor_present,True,False,True,False,632,-43.15156555175781,-42.64851760864258,0
Spain should not ever remember who was forgetting about who implored Rhonda to play.,Spain should really ever remember who was forgetting about who implored Rhonda to play.,semantics,npi_licensing,sentential_negation_npi_licensor_present,True,False,True,False,633,-101.79804992675781,-105.74586486816406,1
The shawl has not ever frayed.,The shawl has probably ever frayed.,semantics,npi_licensing,sentential_negation_npi_licensor_present,True,False,True,False,634,-53.899635314941406,-55.886077880859375,1
These organizations have not ever embarrassed most students.,These organizations have fortunately ever embarrassed most students.,semantics,npi_licensing,sentential_negation_npi_licensor_present,True,False,True,False,635,-54.425018310546875,-62.26789093017578,1
Elaine has not ever imagined this museum looks to walk through Harvard University.,Elaine has probably ever imagined this museum looks to walk through Harvard University.,semantics,npi_licensing,sentential_negation_npi_licensor_present,True,False,True,False,636,-87.14682006835938,-87.7631607055664,1
A lot of lakes had not ever vaporized.,A lot of lakes had really ever vaporized.,semantics,npi_licensing,sentential_negation_npi_licensor_present,True,False,True,False,637,-56.43473434448242,-58.090023040771484,1
Carolyn did not ever depart.,Carolyn did fortunately ever depart.,semantics,npi_licensing,sentential_negation_npi_licensor_present,True,False,True,False,638,-41.909969329833984,-51.41600036621094,1
Many senators might not ever surrender.,Many senators might probably ever surrender.,semantics,npi_licensing,sentential_negation_npi_licensor_present,True,False,True,False,639,-39.491798400878906,-42.374298095703125,1
All actresses could not ever ascend a lot of ladders.,All actresses could probably ever ascend a lot of ladders.,semantics,npi_licensing,sentential_negation_npi_licensor_present,True,False,True,False,640,-69.00082397460938,-71.0126953125,1
The woman would not ever protest.,The woman would probably ever protest.,semantics,npi_licensing,sentential_negation_npi_licensor_present,True,False,True,False,641,-40.737327575683594,-41.8658332824707,1
Those snakes have not ever found Angela.,Those snakes have probably ever found Angela.,semantics,npi_licensing,sentential_negation_npi_licensor_present,True,False,True,False,642,-48.81914520263672,-49.29378128051758,1
Judy has not ever ascended the hill.,Judy has fortunately ever ascended the hill.,semantics,npi_licensing,sentential_negation_npi_licensor_present,True,False,True,False,643,-47.09315490722656,-54.69546890258789,1
Naomi will not ever cook.,Naomi will fortunately ever cook.,semantics,npi_licensing,sentential_negation_npi_licensor_present,True,False,True,False,644,-36.947723388671875,-48.56040954589844,1
Rachelle had not ever proven to wash.,Rachelle had fortunately ever proven to wash.,semantics,npi_licensing,sentential_negation_npi_licensor_present,True,False,True,False,645,-49.72516632080078,-55.642974853515625,1
Many girls could not ever train.,Many girls could fortunately ever train.,semantics,npi_licensing,sentential_negation_npi_licensor_present,True,False,True,False,646,-37.13602066040039,-48.149993896484375,1
Alice has not ever played.,Alice has really ever played.,semantics,npi_licensing,sentential_negation_npi_licensor_present,True,False,True,False,647,-25.314640045166016,-27.572702407836914,1
A lot of shoes will not ever wrinkle.,A lot of shoes will fortunately ever wrinkle.,semantics,npi_licensing,sentential_negation_npi_licensor_present,True,False,True,False,648,-50.339683532714844,-61.06266784667969,1
Susan has not ever wept.,Susan has probably ever wept.,semantics,npi_licensing,sentential_negation_npi_licensor_present,True,False,True,False,649,-40.412071228027344,-42.79706573486328,1
This ice has not ever evaporated.,This ice has fortunately ever evaporated.,semantics,npi_licensing,sentential_negation_npi_licensor_present,True,False,True,False,650,-41.43547821044922,-50.017921447753906,1
Ella can not ever commission Martha to climb up some ladder.,Ella can probably ever commission Martha to climb up some ladder.,semantics,npi_licensing,sentential_negation_npi_licensor_present,True,False,True,False,651,-92.75785827636719,-93.30030822753906,1
These cashiers could not ever marry.,These cashiers could really ever marry.,semantics,npi_licensing,sentential_negation_npi_licensor_present,True,False,True,False,652,-45.12855529785156,-49.170127868652344,1
That rice has not ever looked like many drawings.,That rice has fortunately ever looked like many drawings.,semantics,npi_licensing,sentential_negation_npi_licensor_present,True,False,True,False,653,-55.850608825683594,-63.77865219116211,1
Julie can not ever return to a restaurant.,Julie can fortunately ever return to a restaurant.,semantics,npi_licensing,sentential_negation_npi_licensor_present,True,False,True,False,654,-44.47203826904297,-53.31023025512695,1
That spinach has not ever grown.,That spinach has probably ever grown.,semantics,npi_licensing,sentential_negation_npi_licensor_present,True,False,True,False,655,-38.41526794433594,-39.93109130859375,1
Those pants had not ever loosened.,Those pants had really ever loosened.,semantics,npi_licensing,sentential_negation_npi_licensor_present,True,False,True,False,656,-48.3333740234375,-50.10765075683594,1
Frank might not ever climb down some hills.,Frank might really ever climb down some hills.,semantics,npi_licensing,sentential_negation_npi_licensor_present,True,False,True,False,657,-45.83006286621094,-49.46166229248047,1
Lori will not ever visit that hill.,Lori will fortunately ever visit that hill.,semantics,npi_licensing,sentential_negation_npi_licensor_present,True,False,True,False,658,-51.870079040527344,-62.65192794799805,1
The unicycles should not ever stop.,The unicycles should fortunately ever stop.,semantics,npi_licensing,sentential_negation_npi_licensor_present,True,False,True,False,659,-40.32234191894531,-53.08850860595703,1
Debra can not ever joke around.,Debra can really ever joke around.,semantics,npi_licensing,sentential_negation_npi_licensor_present,True,False,True,False,660,-48.65507125854492,-49.98493957519531,1
The couches might not ever chip.,The couches might really ever chip.,semantics,npi_licensing,sentential_negation_npi_licensor_present,True,False,True,False,661,-46.203269958496094,-50.19194793701172,1
Marie does not ever scratch.,Marie does probably ever scratch.,semantics,npi_licensing,sentential_negation_npi_licensor_present,True,False,True,False,662,-30.385974884033203,-37.26374435424805,1
A lot of universities could not ever reference Marie.,A lot of universities could really ever reference Marie.,semantics,npi_licensing,sentential_negation_npi_licensor_present,True,False,True,False,663,-65.42081451416016,-68.48934173583984,1
The banana can not ever blacken.,The banana can really ever blacken.,semantics,npi_licensing,sentential_negation_npi_licensor_present,True,False,True,False,664,-50.745697021484375,-52.84031677246094,1
Hospitals would not ever work hard.,Hospitals would fortunately ever work hard.,semantics,npi_licensing,sentential_negation_npi_licensor_present,True,False,True,False,665,-41.179840087890625,-52.144710540771484,1
Dancers would not ever cooperate.,Dancers would really ever cooperate.,semantics,npi_licensing,sentential_negation_npi_licensor_present,True,False,True,False,666,-39.400299072265625,-43.670162200927734,1
Dancers have not ever threatened to upset Monet.,Dancers have really ever threatened to upset Monet.,semantics,npi_licensing,sentential_negation_npi_licensor_present,True,False,True,False,667,-71.05399322509766,-72.58783721923828,1
Many cashiers will not ever alarm Tanya.,Many cashiers will really ever alarm Tanya.,semantics,npi_licensing,sentential_negation_npi_licensor_present,True,False,True,False,668,-62.57037353515625,-67.03807067871094,1
That guest has not ever disliked Vincent.,That guest has really ever disliked Vincent.,semantics,npi_licensing,sentential_negation_npi_licensor_present,True,False,True,False,669,-57.41470718383789,-59.464569091796875,1
Omar has not ever pushed Bruce's podiatrists to explain everything.,Omar has fortunately ever pushed Bruce's podiatrists to explain everything.,semantics,npi_licensing,sentential_negation_npi_licensor_present,True,False,True,False,670,-90.41752624511719,-96.45013427734375,1
Spain can not ever conceal Stacey.,Spain can fortunately ever conceal Stacey.,semantics,npi_licensing,sentential_negation_npi_licensor_present,True,False,True,False,671,-50.51689147949219,-60.07749557495117,1
Icicles have not ever frozen.,Icicles have really ever frozen.,semantics,npi_licensing,sentential_negation_npi_licensor_present,True,False,True,False,672,-48.36140823364258,-52.734615325927734,1
Every lake will not ever melt.,Every lake will fortunately ever melt.,semantics,npi_licensing,sentential_negation_npi_licensor_present,True,False,True,False,673,-39.279296875,-50.7472038269043,1
Alicia had not ever changed.,Alicia had probably ever changed.,semantics,npi_licensing,sentential_negation_npi_licensor_present,True,False,True,False,674,-45.73793029785156,-48.167572021484375,1
Those schools have not ever communicated.,Those schools have really ever communicated.,semantics,npi_licensing,sentential_negation_npi_licensor_present,True,False,True,False,675,-35.58441162109375,-38.3042106628418,1
Kimberley had not ever prodded Bradley's dentists to cheer.,Kimberley had fortunately ever prodded Bradley's dentists to cheer.,semantics,npi_licensing,sentential_negation_npi_licensor_present,True,False,True,False,676,-99.39708709716797,-104.82343292236328,1
All teenagers have not ever seen.,All teenagers have fortunately ever seen.,semantics,npi_licensing,sentential_negation_npi_licensor_present,True,False,True,False,677,-32.63123321533203,-40.0584716796875,1
Beth does not ever return to some mountains.,Beth does really ever return to some mountains.,semantics,npi_licensing,sentential_negation_npi_licensor_present,True,False,True,False,678,-51.172725677490234,-56.57568359375,1
Russell should not ever believe Sarah to murmur.,Russell should really ever believe Sarah to murmur.,semantics,npi_licensing,sentential_negation_npi_licensor_present,True,False,True,False,679,-61.35795593261719,-64.92308044433594,1
Kirsten has not ever argued.,Kirsten has fortunately ever argued.,semantics,npi_licensing,sentential_negation_npi_licensor_present,True,False,True,False,680,-45.80418395996094,-53.15064239501953,1
Every banana will not ever astound Robert.,Every banana will fortunately ever astound Robert.,semantics,npi_licensing,sentential_negation_npi_licensor_present,True,False,True,False,681,-59.77906799316406,-72.81515502929688,1
Most coats should not ever dry.,Most coats should really ever dry.,semantics,npi_licensing,sentential_negation_npi_licensor_present,True,False,True,False,682,-36.621726989746094,-41.03541564941406,1
The Lutherans had not ever left Jeffrey.,The Lutherans had fortunately ever left Jeffrey.,semantics,npi_licensing,sentential_negation_npi_licensor_present,True,False,True,False,683,-57.28224563598633,-64.32228088378906,1
This government did not ever talk about Linda.,This government did fortunately ever talk about Linda.,semantics,npi_licensing,sentential_negation_npi_licensor_present,True,False,True,False,684,-48.81487274169922,-61.16173553466797,1
Every guest should not ever resemble some paintings.,Every guest should probably ever resemble some paintings.,semantics,npi_licensing,sentential_negation_npi_licensor_present,True,False,True,False,685,-53.191612243652344,-54.14082336425781,1
Matt has not ever taken that public park.,Matt has really ever taken that public park.,semantics,npi_licensing,sentential_negation_npi_licensor_present,True,False,True,False,686,-44.169559478759766,-47.77789306640625,1
Alexander had not ever regretted many glasses don't fold.,Alexander had probably ever regretted many glasses don't fold.,semantics,npi_licensing,sentential_negation_npi_licensor_present,True,False,True,False,687,-68.19593811035156,-68.16088104248047,0
That popsicle has not ever evaporated.,That popsicle has really ever evaporated.,semantics,npi_licensing,sentential_negation_npi_licensor_present,True,False,True,False,688,-46.67367172241211,-49.259727478027344,1
Kenneth can not ever return to Adam.,Kenneth can probably ever return to Adam.,semantics,npi_licensing,sentential_negation_npi_licensor_present,True,False,True,False,689,-47.890811920166016,-48.680580139160156,1
Brad would not ever play.,Brad would probably ever play.,semantics,npi_licensing,sentential_negation_npi_licensor_present,True,False,True,False,690,-28.43509292602539,-28.55593490600586,1
Cynthia had not ever cleaned the painting.,Cynthia had fortunately ever cleaned the painting.,semantics,npi_licensing,sentential_negation_npi_licensor_present,True,False,True,False,691,-56.48328399658203,-62.48030090332031,1
These actors had not ever shocked Judy.,These actors had fortunately ever shocked Judy.,semantics,npi_licensing,sentential_negation_npi_licensor_present,True,False,True,False,692,-59.36566162109375,-65.47218322753906,1
Cheryl could not ever look to open.,Cheryl could probably ever look to open.,semantics,npi_licensing,sentential_negation_npi_licensor_present,True,False,True,False,693,-61.270965576171875,-63.05744171142578,1
Craig had not ever convinced Tiffany to slump over.,Craig had really ever convinced Tiffany to slump over.,semantics,npi_licensing,sentential_negation_npi_licensor_present,True,False,True,False,694,-64.41870880126953,-65.8843002319336,1
Beth had not ever gotten a job.,Beth had really ever gotten a job.,semantics,npi_licensing,sentential_negation_npi_licensor_present,True,False,True,False,695,-45.00877380371094,-46.35920715332031,1
Todd can not ever skate around some restaurant.,Todd can fortunately ever skate around some restaurant.,semantics,npi_licensing,sentential_negation_npi_licensor_present,True,False,True,False,696,-57.40658950805664,-66.71595764160156,1
Most legislatures had not ever figured out who performs.,Most legislatures had probably ever figured out who performs.,semantics,npi_licensing,sentential_negation_npi_licensor_present,True,False,True,False,697,-63.83795928955078,-63.84612274169922,1
Winston Churchill had not ever gone fishing.,Winston Churchill had really ever gone fishing.,semantics,npi_licensing,sentential_negation_npi_licensor_present,True,False,True,False,698,-58.710350036621094,-60.76284408569336,1
Some sock can not ever wrinkle.,Some sock can really ever wrinkle.,semantics,npi_licensing,sentential_negation_npi_licensor_present,True,False,True,False,699,-49.345733642578125,-51.145179748535156,1
Julie should not ever argue.,Julie should really ever argue.,semantics,npi_licensing,sentential_negation_npi_licensor_present,True,False,True,False,700,-34.8805046081543,-39.16893005371094,1
Carla might not ever dare all friends of Christopher to observe Suzanne.,Carla might really ever dare all friends of Christopher to observe Suzanne.,semantics,npi_licensing,sentential_negation_npi_licensor_present,True,False,True,False,701,-93.40940856933594,-97.65099334716797,1
Jessica can not ever turn out to talk.,Jessica can really ever turn out to talk.,semantics,npi_licensing,sentential_negation_npi_licensor_present,True,False,True,False,702,-41.40510177612305,-41.81742858886719,1
Karla will not ever press Mark to stun Julia.,Karla will really ever press Mark to stun Julia.,semantics,npi_licensing,sentential_negation_npi_licensor_present,True,False,True,False,703,-74.10293579101562,-78.97697448730469,1
Janet has not ever left most waitresses.,Janet has fortunately ever left most waitresses.,semantics,npi_licensing,sentential_negation_npi_licensor_present,True,False,True,False,704,-61.009891510009766,-68.1235122680664,1
A lot of bicycles had not ever embarrassed Samuel.,A lot of bicycles had fortunately ever embarrassed Samuel.,semantics,npi_licensing,sentential_negation_npi_licensor_present,True,False,True,False,705,-66.17535400390625,-72.09237670898438,1
Thomas might not ever cook.,Thomas might fortunately ever cook.,semantics,npi_licensing,sentential_negation_npi_licensor_present,True,False,True,False,706,-29.945919036865234,-41.78956604003906,1
Every school has not ever communicated.,Every school has really ever communicated.,semantics,npi_licensing,sentential_negation_npi_licensor_present,True,False,True,False,707,-36.5167121887207,-39.262168884277344,1
Bradley can not ever tour a lot of rivers.,Bradley can really ever tour a lot of rivers.,semantics,npi_licensing,sentential_negation_npi_licensor_present,True,False,True,False,708,-58.78513717651367,-60.18555450439453,1
Tanya has not ever begged every organization to lie.,Tanya has probably ever begged every organization to lie.,semantics,npi_licensing,sentential_negation_npi_licensor_present,True,False,True,False,709,-68.83859252929688,-70.84857940673828,1
This carriage could not ever accelerate.,This carriage could really ever accelerate.,semantics,npi_licensing,sentential_negation_npi_licensor_present,True,False,True,False,710,-45.260841369628906,-49.7396125793457,1
Monet had not ever performed.,Monet had really ever performed.,semantics,npi_licensing,sentential_negation_npi_licensor_present,True,False,True,False,711,-36.723731994628906,-39.235313415527344,1
A bike would not ever tip over.,A bike would probably ever tip over.,semantics,npi_licensing,sentential_negation_npi_licensor_present,True,False,True,False,712,-47.59475326538086,-47.475154876708984,0
A sweater has not ever flattened.,A sweater has really ever flattened.,semantics,npi_licensing,sentential_negation_npi_licensor_present,True,False,True,False,713,-46.191471099853516,-49.23173522949219,1
Jason might not ever hate the student.,Jason might really ever hate the student.,semantics,npi_licensing,sentential_negation_npi_licensor_present,True,False,True,False,714,-39.74589538574219,-44.35920715332031,1
Tanya had not ever begged Alicia to remember the libraries.,Tanya had really ever begged Alicia to remember the libraries.,semantics,npi_licensing,sentential_negation_npi_licensor_present,True,False,True,False,715,-77.1025161743164,-79.75343322753906,1
Anne has not ever thought about Carol.,Anne has probably ever thought about Carol.,semantics,npi_licensing,sentential_negation_npi_licensor_present,True,False,True,False,716,-37.844276428222656,-39.62114334106445,1
Paula should not ever tour that library.,Paula should probably ever tour that library.,semantics,npi_licensing,sentential_negation_npi_licensor_present,True,False,True,False,717,-51.576656341552734,-54.065006256103516,1
A lot of actresses do not ever distract most doctors.,A lot of actresses do really ever distract most doctors.,semantics,npi_licensing,sentential_negation_npi_licensor_present,True,False,True,False,718,-64.77035522460938,-71.40238952636719,1
April might not ever see every print.,April might really ever see every print.,semantics,npi_licensing,sentential_negation_npi_licensor_present,True,False,True,False,719,-43.036685943603516,-46.93250274658203,1
Leslie might not ever escape from Tracy.,Leslie might probably ever escape from Tracy.,semantics,npi_licensing,sentential_negation_npi_licensor_present,True,False,True,False,720,-53.35411071777344,-55.04632568359375,1
Mary had not ever muttered.,Mary had really ever muttered.,semantics,npi_licensing,sentential_negation_npi_licensor_present,True,False,True,False,721,-34.433258056640625,-36.441864013671875,1
Those trucks would not ever appear.,Those trucks would fortunately ever appear.,semantics,npi_licensing,sentential_negation_npi_licensor_present,True,False,True,False,722,-37.456729888916016,-47.07392883300781,1
Dennis has not ever boasted about Noah.,Dennis has probably ever boasted about Noah.,semantics,npi_licensing,sentential_negation_npi_licensor_present,True,False,True,False,723,-59.272735595703125,-59.53262710571289,1
The guests did not ever compete.,The guests did probably ever compete.,semantics,npi_licensing,sentential_negation_npi_licensor_present,True,False,True,False,724,-34.281375885009766,-40.32514953613281,1
Carlos has not ever known Susan.,Carlos has fortunately ever known Susan.,semantics,npi_licensing,sentential_negation_npi_licensor_present,True,False,True,False,725,-45.29730224609375,-52.84716033935547,1
That man has not ever cried.,That man has probably ever cried.,semantics,npi_licensing,sentential_negation_npi_licensor_present,True,False,True,False,726,-36.1107177734375,-37.71225357055664,1
Most shawls had not ever twisted.,Most shawls had fortunately ever twisted.,semantics,npi_licensing,sentential_negation_npi_licensor_present,True,False,True,False,727,-54.1898307800293,-60.29521942138672,1
Martha has not ever saluted.,Martha has really ever saluted.,semantics,npi_licensing,sentential_negation_npi_licensor_present,True,False,True,False,728,-45.6777229309082,-49.2724494934082,1
April had not ever intended to leave this mountain.,April had fortunately ever intended to leave this mountain.,semantics,npi_licensing,sentential_negation_npi_licensor_present,True,False,True,False,729,-49.81855773925781,-56.1214599609375,1
Rose would not ever imagine Stephen can appear to learn.,Rose would probably ever imagine Stephen can appear to learn.,semantics,npi_licensing,sentential_negation_npi_licensor_present,True,False,True,False,730,-64.32693481445312,-63.41050338745117,0
Christopher had not ever exercised.,Christopher had really ever exercised.,semantics,npi_licensing,sentential_negation_npi_licensor_present,True,False,True,False,731,-30.659324645996094,-33.40351104736328,1
Brett would not ever criticize Eric.,Brett would probably ever criticize Eric.,semantics,npi_licensing,sentential_negation_npi_licensor_present,True,False,True,False,732,-51.75794982910156,-52.71368408203125,1
Michael would not ever remember who should assemble.,Michael would fortunately ever remember who should assemble.,semantics,npi_licensing,sentential_negation_npi_licensor_present,True,False,True,False,733,-51.69815444946289,-61.5304069519043,1
This nose would not ever embarrass Wayne.,This nose would really ever embarrass Wayne.,semantics,npi_licensing,sentential_negation_npi_licensor_present,True,False,True,False,734,-56.95317077636719,-60.41716766357422,1
Many bicycles might not ever tip over.,Many bicycles might fortunately ever tip over.,semantics,npi_licensing,sentential_negation_npi_licensor_present,True,False,True,False,735,-49.047218322753906,-60.860984802246094,1
Donald will not ever investigate who approach Sonia.,Donald will really ever investigate who approach Sonia.,semantics,npi_licensing,sentential_negation_npi_licensor_present,True,False,True,False,736,-58.64739990234375,-64.13978576660156,1
Tracy does not ever whisper.,Tracy does really ever whisper.,semantics,npi_licensing,sentential_negation_npi_licensor_present,True,False,True,False,737,-36.10784149169922,-41.954383850097656,1
Suzanne will not ever practice.,Suzanne will probably ever practice.,semantics,npi_licensing,sentential_negation_npi_licensor_present,True,False,True,False,738,-39.55229187011719,-41.50448226928711,1
Pamela had not ever escaped.,Pamela had really ever escaped.,semantics,npi_licensing,sentential_negation_npi_licensor_present,True,False,True,False,739,-42.784767150878906,-46.32866668701172,1
Christine has not ever commanded Carlos's ex-husbands to assemble.,Christine has probably ever commanded Carlos's ex-husbands to assemble.,semantics,npi_licensing,sentential_negation_npi_licensor_present,True,False,True,False,740,-97.37264251708984,-99.2139892578125,1
Leslie might not ever flee from Brian.,Leslie might fortunately ever flee from Brian.,semantics,npi_licensing,sentential_negation_npi_licensor_present,True,False,True,False,741,-55.5535774230957,-66.81130981445312,1
Some legislature does not ever chat.,Some legislature does really ever chat.,semantics,npi_licensing,sentential_negation_npi_licensor_present,True,False,True,False,742,-43.07929611206055,-50.417903900146484,1
A lot of girls will not ever persuade Sharon's supervisor to hurt Holly.,A lot of girls will fortunately ever persuade Sharon's supervisor to hurt Holly.,semantics,npi_licensing,sentential_negation_npi_licensor_present,True,False,True,False,743,-95.897705078125,-108.4200439453125,1
Michael should not ever flee from Theresa.,Michael should probably ever flee from Theresa.,semantics,npi_licensing,sentential_negation_npi_licensor_present,True,False,True,False,744,-49.54351043701172,-49.89775848388672,1
Lucille could not ever lie.,Lucille could probably ever lie.,semantics,npi_licensing,sentential_negation_npi_licensor_present,True,False,True,False,745,-38.528541564941406,-40.25649642944336,1
Kristen had not ever explained these banks want to like this bicycle.,Kristen had really ever explained these banks want to like this bicycle.,semantics,npi_licensing,sentential_negation_npi_licensor_present,True,False,True,False,746,-87.32356262207031,-89.23745727539062,1
A lot of boys had not ever conferred.,A lot of boys had fortunately ever conferred.,semantics,npi_licensing,sentential_negation_npi_licensor_present,True,False,True,False,747,-53.29552459716797,-59.629127502441406,1
Some jacket had not ever crumpled.,Some jacket had really ever crumpled.,semantics,npi_licensing,sentential_negation_npi_licensor_present,True,False,True,False,748,-55.830963134765625,-57.75800704956055,1
Jennifer can not ever protest.,Jennifer can fortunately ever protest.,semantics,npi_licensing,sentential_negation_npi_licensor_present,True,False,True,False,749,-34.48349380493164,-43.76361846923828,1
That lake had not ever confused associations.,That lake had fortunately ever confused associations.,semantics,npi_licensing,sentential_negation_npi_licensor_present,True,False,True,False,750,-57.561729431152344,-63.0133056640625,1
Most jackets had not ever loosened.,Most jackets had really ever loosened.,semantics,npi_licensing,sentential_negation_npi_licensor_present,True,False,True,False,751,-50.675048828125,-52.76050567626953,1
Some organization has not ever wanted Rodney to know Gregory.,Some organization has fortunately ever wanted Rodney to know Gregory.,semantics,npi_licensing,sentential_negation_npi_licensor_present,True,False,True,False,752,-70.61871337890625,-79.947509765625,1
The movie can not ever disagree.,The movie can probably ever disagree.,semantics,npi_licensing,sentential_negation_npi_licensor_present,True,False,True,False,753,-36.6112060546875,-37.6474723815918,1
Renee will not ever turn out to rust.,Renee will probably ever turn out to rust.,semantics,npi_licensing,sentential_negation_npi_licensor_present,True,False,True,False,754,-47.748146057128906,-49.065277099609375,1
Steve would not ever eat.,Steve would probably ever eat.,semantics,npi_licensing,sentential_negation_npi_licensor_present,True,False,True,False,755,-28.156192779541016,-28.413394927978516,1
Marie has not ever longed to exist.,Marie has fortunately ever longed to exist.,semantics,npi_licensing,sentential_negation_npi_licensor_present,True,False,True,False,756,-41.468849182128906,-50.675113677978516,1
These universities have not ever retaliated.,These universities have probably ever retaliated.,semantics,npi_licensing,sentential_negation_npi_licensor_present,True,False,True,False,757,-44.52273941040039,-45.588443756103516,1
The Impressionists do not ever break a lot of glasses.,The Impressionists do probably ever break a lot of glasses.,semantics,npi_licensing,sentential_negation_npi_licensor_present,True,False,True,False,758,-56.33905792236328,-63.33281326293945,1
Larry would not ever clean the cucumber.,Larry would probably ever clean the cucumber.,semantics,npi_licensing,sentential_negation_npi_licensor_present,True,False,True,False,759,-44.04796600341797,-44.45061492919922,1
Jason had not ever seen.,Jason had probably ever seen.,semantics,npi_licensing,sentential_negation_npi_licensor_present,True,False,True,False,760,-23.957603454589844,-23.711997985839844,0
Many men had not ever succeeded.,Many men had fortunately ever succeeded.,semantics,npi_licensing,sentential_negation_npi_licensor_present,True,False,True,False,761,-35.30131530761719,-41.55891418457031,1
Some glaciers will not ever impress Travis.,Some glaciers will fortunately ever impress Travis.,semantics,npi_licensing,sentential_negation_npi_licensor_present,True,False,True,False,762,-53.95918273925781,-65.24162292480469,1
John has not ever argued.,John has probably ever argued.,semantics,npi_licensing,sentential_negation_npi_licensor_present,True,False,True,False,763,-28.768218994140625,-29.974323272705078,1
Mark has not ever spun around.,Mark has really ever spun around.,semantics,npi_licensing,sentential_negation_npi_licensor_present,True,False,True,False,764,-35.023136138916016,-37.573570251464844,1
The library had not ever conferred.,The library had really ever conferred.,semantics,npi_licensing,sentential_negation_npi_licensor_present,True,False,True,False,765,-42.25885772705078,-45.897335052490234,1
Linda might not ever hide some car.,Linda might really ever hide some car.,semantics,npi_licensing,sentential_negation_npi_licensor_present,True,False,True,False,766,-51.941810607910156,-56.707759857177734,1
Some children have not ever dated.,Some children have probably ever dated.,semantics,npi_licensing,sentential_negation_npi_licensor_present,True,False,True,False,767,-35.67725372314453,-37.04228973388672,1
These pedestrians had not ever conferred.,These pedestrians had fortunately ever conferred.,semantics,npi_licensing,sentential_negation_npi_licensor_present,True,False,True,False,768,-49.37407684326172,-55.90702438354492,1
Todd can not ever command Dana's ex-husband to listen to Helen.,Todd can probably ever command Dana's ex-husband to listen to Helen.,semantics,npi_licensing,sentential_negation_npi_licensor_present,True,False,True,False,769,-82.86772918701172,-83.44172668457031,1
The gates should not ever open.,The gates should fortunately ever open.,semantics,npi_licensing,sentential_negation_npi_licensor_present,True,False,True,False,770,-37.31705856323242,-48.61997985839844,1
Rachel had not ever cured Suzanne.,Rachel had fortunately ever cured Suzanne.,semantics,npi_licensing,sentential_negation_npi_licensor_present,True,False,True,False,771,-44.16372299194336,-49.515106201171875,1
This tomato did not ever go bad.,This tomato did probably ever go bad.,semantics,npi_licensing,sentential_negation_npi_licensor_present,True,False,True,False,772,-43.50167465209961,-48.07940673828125,1
Clyde had not ever thought about what haven't tipped over.,Clyde had fortunately ever thought about what haven't tipped over.,semantics,npi_licensing,sentential_negation_npi_licensor_present,True,False,True,False,773,-79.666748046875,-86.38397216796875,1
Every bike would not ever roll.,Every bike would fortunately ever roll.,semantics,npi_licensing,sentential_negation_npi_licensor_present,True,False,True,False,774,-41.042057037353516,-51.276466369628906,1
Richard had not ever screamed.,Richard had fortunately ever screamed.,semantics,npi_licensing,sentential_negation_npi_licensor_present,True,False,True,False,775,-33.31490707397461,-39.3721809387207,1
Roger has not ever pressured Andrew to hunt.,Roger has really ever pressured Andrew to hunt.,semantics,npi_licensing,sentential_negation_npi_licensor_present,True,False,True,False,776,-55.3237419128418,-58.61006164550781,1
The Impressionists can not ever wonder what figure out who plans to upset Charles.,The Impressionists can probably ever wonder what figure out who plans to upset Charles.,semantics,npi_licensing,sentential_negation_npi_licensor_present,True,False,True,False,777,-100.5310287475586,-100.83430480957031,1
Nancy could not ever smile.,Nancy could probably ever smile.,semantics,npi_licensing,sentential_negation_npi_licensor_present,True,False,True,False,778,-38.88658142089844,-40.62165451049805,1
Christopher can not ever clean the car.,Christopher can fortunately ever clean the car.,semantics,npi_licensing,sentential_negation_npi_licensor_present,True,False,True,False,779,-40.41114044189453,-48.91554641723633,1
Rhonda should not ever arrive at those hospitals.,Rhonda should probably ever arrive at those hospitals.,semantics,npi_licensing,sentential_negation_npi_licensor_present,True,False,True,False,780,-54.26274871826172,-55.888397216796875,1
Cynthia could not ever escape from Rachel.,Cynthia could probably ever escape from Rachel.,semantics,npi_licensing,sentential_negation_npi_licensor_present,True,False,True,False,781,-56.2280387878418,-57.667747497558594,1
Erin did not ever insult Rachel.,Erin did really ever insult Rachel.,semantics,npi_licensing,sentential_negation_npi_licensor_present,True,False,True,False,782,-43.731056213378906,-49.90269470214844,1
Museums do not ever profit.,Museums do fortunately ever profit.,semantics,npi_licensing,sentential_negation_npi_licensor_present,True,False,True,False,783,-45.42105484008789,-58.67124557495117,1
Science might not ever stun Kristin.,Science might really ever stun Kristin.,semantics,npi_licensing,sentential_negation_npi_licensor_present,True,False,True,False,784,-48.29115676879883,-53.429054260253906,1
Melanie has not ever healed Judy.,Melanie has really ever healed Judy.,semantics,npi_licensing,sentential_negation_npi_licensor_present,True,False,True,False,785,-50.81950378417969,-54.16579055786133,1
Rebecca has not ever baked.,Rebecca has really ever baked.,semantics,npi_licensing,sentential_negation_npi_licensor_present,True,False,True,False,786,-44.261199951171875,-46.262596130371094,1
Thomas could not ever want some cashiers to kiss.,Thomas could really ever want some cashiers to kiss.,semantics,npi_licensing,sentential_negation_npi_licensor_present,True,False,True,False,787,-62.61463928222656,-65.06547546386719,1
That dog will not ever leave.,That dog will probably ever leave.,semantics,npi_licensing,sentential_negation_npi_licensor_present,True,False,True,False,788,-33.70290756225586,-34.921993255615234,1
Lori had not ever fallen.,Lori had probably ever fallen.,semantics,npi_licensing,sentential_negation_npi_licensor_present,True,False,True,False,789,-40.40425491333008,-41.43140411376953,1
Omar should not ever get a job.,Omar should fortunately ever get a job.,semantics,npi_licensing,sentential_negation_npi_licensor_present,True,False,True,False,790,-40.46580505371094,-51.51033020019531,1
Those computers should not ever tip over.,Those computers should fortunately ever tip over.,semantics,npi_licensing,sentential_negation_npi_licensor_present,True,False,True,False,791,-47.81389236450195,-59.19416809082031,1
Some universities will not ever debate.,Some universities will fortunately ever debate.,semantics,npi_licensing,sentential_negation_npi_licensor_present,True,False,True,False,792,-40.938663482666016,-52.539512634277344,1
Melissa would not ever compromise.,Melissa would probably ever compromise.,semantics,npi_licensing,sentential_negation_npi_licensor_present,True,False,True,False,793,-36.02958679199219,-37.13604736328125,1
Most pedestrians had not ever dated.,Most pedestrians had fortunately ever dated.,semantics,npi_licensing,sentential_negation_npi_licensor_present,True,False,True,False,794,-44.73162078857422,-50.519813537597656,1
Danielle does not ever love the boy.,Danielle does probably ever love the boy.,semantics,npi_licensing,sentential_negation_npi_licensor_present,True,False,True,False,795,-41.06083297729492,-46.50086212158203,1
Derek has not ever yearned to explain everything.,Derek has probably ever yearned to explain everything.,semantics,npi_licensing,sentential_negation_npi_licensor_present,True,False,True,False,796,-65.20744323730469,-65.67579650878906,1
Russell has not ever talked about Margaret.,Russell has really ever talked about Margaret.,semantics,npi_licensing,sentential_negation_npi_licensor_present,True,False,True,False,797,-41.70360565185547,-44.36969757080078,1
Julia had not ever commissioned Rebecca to learn.,Julia had really ever commissioned Rebecca to learn.,semantics,npi_licensing,sentential_negation_npi_licensor_present,True,False,True,False,798,-58.525604248046875,-61.18867492675781,1
Daniel had not ever upset the Lutherans.,Daniel had fortunately ever upset the Lutherans.,semantics,npi_licensing,sentential_negation_npi_licensor_present,True,False,True,False,799,-53.96826171875,-60.37239074707031,1
A lot of convertibles have not ever turned.,A lot of convertibles have fortunately ever turned.,semantics,npi_licensing,sentential_negation_npi_licensor_present,True,False,True,False,800,-54.19490051269531,-61.16255569458008,1
The Lutherans have not ever scratched.,The Lutherans have fortunately ever scratched.,semantics,npi_licensing,sentential_negation_npi_licensor_present,True,False,True,False,801,-49.17816162109375,-56.56230545043945,1
The skirt can not ever shrink.,The skirt can probably ever shrink.,semantics,npi_licensing,sentential_negation_npi_licensor_present,True,False,True,False,802,-42.558143615722656,-44.20056915283203,1
Denise has not ever regretted this unicycle is accelerating.,Denise has probably ever regretted this unicycle is accelerating.,semantics,npi_licensing,sentential_negation_npi_licensor_present,True,False,True,False,803,-70.37905883789062,-72.79316711425781,1
Donald has not ever gotten fired.,Donald has probably ever gotten fired.,semantics,npi_licensing,sentential_negation_npi_licensor_present,True,False,True,False,804,-33.8311653137207,-35.281307220458984,1
Most waiters had not ever approved.,Most waiters had really ever approved.,semantics,npi_licensing,sentential_negation_npi_licensor_present,True,False,True,False,805,-42.3257942199707,-45.21868133544922,1
This driver has not ever boasted about literature.,This driver has probably ever boasted about literature.,semantics,npi_licensing,sentential_negation_npi_licensor_present,True,False,True,False,806,-59.81848907470703,-60.241477966308594,1
Daniel could not ever observe Stacy.,Daniel could really ever observe Stacy.,semantics,npi_licensing,sentential_negation_npi_licensor_present,True,False,True,False,807,-43.039955139160156,-46.388816833496094,1
The Impressionists would not ever explain Lisa hadn't wept.,The Impressionists would fortunately ever explain Lisa hadn't wept.,semantics,npi_licensing,sentential_negation_npi_licensor_present,True,False,True,False,808,-85.89505004882812,-97.11035919189453,1
A hat had not ever flattened.,A hat had fortunately ever flattened.,semantics,npi_licensing,sentential_negation_npi_licensor_present,True,False,True,False,809,-47.394256591796875,-53.446868896484375,1
That actress can not ever research the Balkans.,That actress can probably ever research the Balkans.,semantics,npi_licensing,sentential_negation_npi_licensor_present,True,False,True,False,810,-56.273651123046875,-57.27009963989258,1
Tanya had not ever anticipated Sharon to hide away.,Tanya had really ever anticipated Sharon to hide away.,semantics,npi_licensing,sentential_negation_npi_licensor_present,True,False,True,False,811,-69.845947265625,-71.3018798828125,1
Every student had not ever forfeited.,Every student had fortunately ever forfeited.,semantics,npi_licensing,sentential_negation_npi_licensor_present,True,False,True,False,812,-44.32170104980469,-51.86896514892578,1
Most drivers have not ever hidden away.,Most drivers have fortunately ever hidden away.,semantics,npi_licensing,sentential_negation_npi_licensor_present,True,False,True,False,813,-42.272552490234375,-49.82786178588867,1
This organization had not ever predicted every actor to scan some documentaries.,This organization had probably ever predicted every actor to scan some documentaries.,semantics,npi_licensing,sentential_negation_npi_licensor_present,True,False,True,False,814,-84.77117919921875,-85.7135009765625,1
The Clintons had not ever respected that woman.,The Clintons had probably ever respected that woman.,semantics,npi_licensing,sentential_negation_npi_licensor_present,True,False,True,False,815,-56.734825134277344,-57.8104362487793,1
Jesus can not ever scan all movies.,Jesus can fortunately ever scan all movies.,semantics,npi_licensing,sentential_negation_npi_licensor_present,True,False,True,False,816,-41.62506103515625,-52.04680633544922,1
Rachelle has not ever needed to donate.,Rachelle has fortunately ever needed to donate.,semantics,npi_licensing,sentential_negation_npi_licensor_present,True,False,True,False,817,-44.53453826904297,-51.67604064941406,1
All students will not ever profit.,All students will really ever profit.,semantics,npi_licensing,sentential_negation_npi_licensor_present,True,False,True,False,818,-36.60204315185547,-41.09416198730469,1
A lot of skateboards did not ever slow.,A lot of skateboards did really ever slow.,semantics,npi_licensing,sentential_negation_npi_licensor_present,True,False,True,False,819,-50.544986724853516,-56.61061096191406,1
Ice cream did not ever stun Eric.,Ice cream did probably ever stun Eric.,semantics,npi_licensing,sentential_negation_npi_licensor_present,True,False,True,False,820,-55.29119110107422,-61.54965591430664,1
Amanda did not ever dare those guests to weep.,Amanda did fortunately ever dare those guests to weep.,semantics,npi_licensing,sentential_negation_npi_licensor_present,True,False,True,False,821,-65.5479736328125,-77.7496566772461,1
Wayne should not ever shrug.,Wayne should probably ever shrug.,semantics,npi_licensing,sentential_negation_npi_licensor_present,True,False,True,False,822,-43.81988525390625,-45.90995407104492,1
Richard has not ever kissed Elaine.,Richard has fortunately ever kissed Elaine.,semantics,npi_licensing,sentential_negation_npi_licensor_present,True,False,True,False,823,-44.058353424072266,-52.109642028808594,1
Those cashiers do not ever embrace.,Those cashiers do really ever embrace.,semantics,npi_licensing,sentential_negation_npi_licensor_present,True,False,True,False,824,-44.69593048095703,-50.889503479003906,1
George does not ever complain.,George does probably ever complain.,semantics,npi_licensing,sentential_negation_npi_licensor_present,True,False,True,False,825,-27.391746520996094,-34.2376708984375,1
All shoes had not ever flattened.,All shoes had really ever flattened.,semantics,npi_licensing,sentential_negation_npi_licensor_present,True,False,True,False,826,-46.32605743408203,-48.71890640258789,1
A lot of guys will not ever eat.,A lot of guys will really ever eat.,semantics,npi_licensing,sentential_negation_npi_licensor_present,True,False,True,False,827,-41.75051498413086,-44.787025451660156,1
Teenagers do not ever react.,Teenagers do fortunately ever react.,semantics,npi_licensing,sentential_negation_npi_licensor_present,True,False,True,False,828,-35.89192581176758,-50.243324279785156,1
Winston Churchill had not ever hidden.,Winston Churchill had fortunately ever hidden.,semantics,npi_licensing,sentential_negation_npi_licensor_present,True,False,True,False,829,-54.223445892333984,-60.688201904296875,1
James would not ever reveal who hasn't sneezed.,James would fortunately ever reveal who hasn't sneezed.,semantics,npi_licensing,sentential_negation_npi_licensor_present,True,False,True,False,830,-61.37014389038086,-71.07411193847656,1
Peter might not ever realize what realize who fails to suffer.,Peter might fortunately ever realize what realize who fails to suffer.,semantics,npi_licensing,sentential_negation_npi_licensor_present,True,False,True,False,831,-68.1025161743164,-80.56964874267578,1
Some unicycle should not ever shatter.,Some unicycle should fortunately ever shatter.,semantics,npi_licensing,sentential_negation_npi_licensor_present,True,False,True,False,832,-46.745758056640625,-58.74860382080078,1
Carla had not ever attacked Phillip.,Carla had probably ever attacked Phillip.,semantics,npi_licensing,sentential_negation_npi_licensor_present,True,False,True,False,833,-53.15260696411133,-53.66453552246094,1
A guy could not ever criticize Brenda.,A guy could fortunately ever criticize Brenda.,semantics,npi_licensing,sentential_negation_npi_licensor_present,True,False,True,False,834,-52.83070755004883,-63.55530548095703,1
Allison can not ever shock Lucille.,Allison can fortunately ever shock Lucille.,semantics,npi_licensing,sentential_negation_npi_licensor_present,True,False,True,False,835,-57.57659149169922,-67.3675765991211,1
Raymond has not ever gone fishing.,Raymond has really ever gone fishing.,semantics,npi_licensing,sentential_negation_npi_licensor_present,True,False,True,False,836,-48.923255920410156,-51.070213317871094,1
Liam has not ever bothered to impress Kristen.,Liam has fortunately ever bothered to impress Kristen.,semantics,npi_licensing,sentential_negation_npi_licensor_present,True,False,True,False,837,-62.240013122558594,-69.90409088134766,1
The dancers did not ever retaliate.,The dancers did fortunately ever retaliate.,semantics,npi_licensing,sentential_negation_npi_licensor_present,True,False,True,False,838,-44.29991149902344,-56.75180435180664,1
Sally might not ever require every cashier to shout.,Sally might probably ever require every cashier to shout.,semantics,npi_licensing,sentential_negation_npi_licensor_present,True,False,True,False,839,-76.95069122314453,-80.15763854980469,1
Kenneth might not ever bike to these movie theaters.,Kenneth might fortunately ever bike to these movie theaters.,semantics,npi_licensing,sentential_negation_npi_licensor_present,True,False,True,False,840,-69.69627380371094,-82.23274230957031,1
Martin can not ever discover Maria to read.,Martin can probably ever discover Maria to read.,semantics,npi_licensing,sentential_negation_npi_licensor_present,True,False,True,False,841,-53.73607635498047,-53.4348258972168,0
Christopher might not ever figure out who cooked.,Christopher might fortunately ever figure out who cooked.,semantics,npi_licensing,sentential_negation_npi_licensor_present,True,False,True,False,842,-49.855201721191406,-60.751121520996094,1
Denise has not ever kissed Jessica.,Denise has fortunately ever kissed Jessica.,semantics,npi_licensing,sentential_negation_npi_licensor_present,True,False,True,False,843,-53.05548095703125,-60.768646240234375,1
Every guy should not ever hope to salute.,Every guy should really ever hope to salute.,semantics,npi_licensing,sentential_negation_npi_licensor_present,True,False,True,False,844,-52.691654205322266,-54.840423583984375,1
These rivers have not ever melted.,These rivers have probably ever melted.,semantics,npi_licensing,sentential_negation_npi_licensor_present,True,False,True,False,845,-42.22026824951172,-44.075958251953125,1
Adam does not ever boast.,Adam does probably ever boast.,semantics,npi_licensing,sentential_negation_npi_licensor_present,True,False,True,False,846,-28.97454071044922,-35.894744873046875,1
Julie had not ever cleaned a plate.,Julie had fortunately ever cleaned a plate.,semantics,npi_licensing,sentential_negation_npi_licensor_present,True,False,True,False,847,-45.75973892211914,-51.30681610107422,1
Ann does not ever observe the patients.,Ann does fortunately ever observe the patients.,semantics,npi_licensing,sentential_negation_npi_licensor_present,True,False,True,False,848,-38.05162811279297,-51.30708312988281,1
These wheelbarrows do not ever roll.,These wheelbarrows do really ever roll.,semantics,npi_licensing,sentential_negation_npi_licensor_present,True,False,True,False,849,-51.935035705566406,-57.68510818481445,1
Every eggplant had not ever scorched.,Every eggplant had probably ever scorched.,semantics,npi_licensing,sentential_negation_npi_licensor_present,True,False,True,False,850,-51.35170364379883,-52.00918197631836,1
Kirsten had not ever commissioned the adult to visit Martha.,Kirsten had really ever commissioned the adult to visit Martha.,semantics,npi_licensing,sentential_negation_npi_licensor_present,True,False,True,False,851,-82.42243194580078,-84.77610778808594,1
The patient would not ever forget about who hadn't hunted.,The patient would probably ever forget about who hadn't hunted.,semantics,npi_licensing,sentential_negation_npi_licensor_present,True,False,True,False,852,-69.6891860961914,-68.86334228515625,0
Homer might not ever skate around the lakes.,Homer might fortunately ever skate around the lakes.,semantics,npi_licensing,sentential_negation_npi_licensor_present,True,False,True,False,853,-59.76118850708008,-72.77232360839844,1
Richard can not ever yearn to annoy Becky.,Richard can probably ever yearn to annoy Becky.,semantics,npi_licensing,sentential_negation_npi_licensor_present,True,False,True,False,854,-65.9120101928711,-64.82514190673828,0
Many mirrors should not ever aggravate the patients.,Many mirrors should really ever aggravate the patients.,semantics,npi_licensing,sentential_negation_npi_licensor_present,True,False,True,False,855,-52.124900817871094,-57.448570251464844,1
Marcus has not ever failed to tour most museums.,Marcus has probably ever failed to tour most museums.,semantics,npi_licensing,sentential_negation_npi_licensor_present,True,False,True,False,856,-52.29755401611328,-54.247711181640625,1
That cashier should not ever intend to distract Paul.,That cashier should fortunately ever intend to distract Paul.,semantics,npi_licensing,sentential_negation_npi_licensor_present,True,False,True,False,857,-66.41603088378906,-78.87323760986328,1
The doctors do not ever think about Alan.,The doctors do really ever think about Alan.,semantics,npi_licensing,sentential_negation_npi_licensor_present,True,False,True,False,858,-46.89330291748047,-51.896888732910156,1
Kimberley can not ever describe a lot of documentaries.,Kimberley can probably ever describe a lot of documentaries.,semantics,npi_licensing,sentential_negation_npi_licensor_present,True,False,True,False,859,-60.24930191040039,-60.840721130371094,1
The Impressionists should not ever respond.,The Impressionists should fortunately ever respond.,semantics,npi_licensing,sentential_negation_npi_licensor_present,True,False,True,False,860,-41.51239776611328,-53.777748107910156,1
Many patients had not ever profited.,Many patients had probably ever profited.,semantics,npi_licensing,sentential_negation_npi_licensor_present,True,False,True,False,861,-45.41387176513672,-47.447853088378906,1
The chicken has not ever disgusted Sherry.,The chicken has fortunately ever disgusted Sherry.,semantics,npi_licensing,sentential_negation_npi_licensor_present,True,False,True,False,862,-55.957069396972656,-63.73606872558594,1
Guy had not ever wasted away.,Guy had probably ever wasted away.,semantics,npi_licensing,sentential_negation_npi_licensor_present,True,False,True,False,863,-38.32744598388672,-38.35417175292969,1
Some senator has not ever toured a public park.,Some senator has fortunately ever toured a public park.,semantics,npi_licensing,sentential_negation_npi_licensor_present,True,False,True,False,864,-60.00458526611328,-67.77371215820312,1
This teacher should not ever explain everything.,This teacher should probably ever explain everything.,semantics,npi_licensing,sentential_negation_npi_licensor_present,True,False,True,False,865,-39.28638458251953,-41.77031707763672,1
Steven has not ever planned to salute.,Steven has fortunately ever planned to salute.,semantics,npi_licensing,sentential_negation_npi_licensor_present,True,False,True,False,866,-42.38817596435547,-50.428955078125,1
Janice could not ever vanish.,Janice could fortunately ever vanish.,semantics,npi_licensing,sentential_negation_npi_licensor_present,True,False,True,False,867,-40.09869384765625,-50.32965087890625,1
Those planes will not ever tip over.,Those planes will fortunately ever tip over.,semantics,npi_licensing,sentential_negation_npi_licensor_present,True,False,True,False,868,-46.86210632324219,-58.49560546875,1
Alexander has not ever practiced.,Alexander has really ever practiced.,semantics,npi_licensing,sentential_negation_npi_licensor_present,True,False,True,False,869,-27.493858337402344,-31.253459930419922,1
Jessica could not ever descend these steps.,Jessica could probably ever descend these steps.,semantics,npi_licensing,sentential_negation_npi_licensor_present,True,False,True,False,870,-43.68820571899414,-46.02893829345703,1
Melanie could not ever impress this pedestrian.,Melanie could probably ever impress this pedestrian.,semantics,npi_licensing,sentential_negation_npi_licensor_present,True,False,True,False,871,-54.87535858154297,-58.50120544433594,1
Tammy will not ever boast.,Tammy will probably ever boast.,semantics,npi_licensing,sentential_negation_npi_licensor_present,True,False,True,False,872,-37.36195373535156,-38.57206726074219,1
Clyde does not ever command a lot of ladies to cook.,Clyde does really ever command a lot of ladies to cook.,semantics,npi_licensing,sentential_negation_npi_licensor_present,True,False,True,False,873,-81.46574401855469,-85.45545196533203,1
Julie does not ever dislike Julie.,Julie does probably ever dislike Julie.,semantics,npi_licensing,sentential_negation_npi_licensor_present,True,False,True,False,874,-43.58119583129883,-49.300418853759766,1
Tiffany can not ever move.,Tiffany can really ever move.,semantics,npi_licensing,sentential_negation_npi_licensor_present,True,False,True,False,875,-45.446407318115234,-47.17098617553711,1
Craig has not ever slumped over.,Craig has fortunately ever slumped over.,semantics,npi_licensing,sentential_negation_npi_licensor_present,True,False,True,False,876,-38.291770935058594,-46.35968017578125,1
Catherine has not ever forgotten who hasn't nodded.,Catherine has really ever forgotten who hasn't nodded.,semantics,npi_licensing,sentential_negation_npi_licensor_present,True,False,True,False,877,-65.18522644042969,-68.60554504394531,1
Bradley has not ever attempted to visit Elizabeth.,Bradley has really ever attempted to visit Elizabeth.,semantics,npi_licensing,sentential_negation_npi_licensor_present,True,False,True,False,878,-52.82770538330078,-55.88117218017578,1
Carolyn had not ever attacked Paula.,Carolyn had probably ever attacked Paula.,semantics,npi_licensing,sentential_negation_npi_licensor_present,True,False,True,False,879,-55.74933624267578,-55.92357635498047,1
These vases have not ever alarmed Adam.,These vases have fortunately ever alarmed Adam.,semantics,npi_licensing,sentential_negation_npi_licensor_present,True,False,True,False,880,-56.790706634521484,-64.63577270507812,1
A lot of libraries had not ever approved.,A lot of libraries had really ever approved.,semantics,npi_licensing,sentential_negation_npi_licensor_present,True,False,True,False,881,-48.0528678894043,-50.35857391357422,1
Some legislature did not ever hate many doctors.,Some legislature did fortunately ever hate many doctors.,semantics,npi_licensing,sentential_negation_npi_licensor_present,True,False,True,False,882,-54.8828125,-66.92811584472656,1
Some skirts have not ever twisted.,Some skirts have probably ever twisted.,semantics,npi_licensing,sentential_negation_npi_licensor_present,True,False,True,False,883,-42.59331130981445,-43.62890625,1
Gina had not ever stunned Todd.,Gina had probably ever stunned Todd.,semantics,npi_licensing,sentential_negation_npi_licensor_present,True,False,True,False,884,-53.296653747558594,-54.14332580566406,1
The Lutherans will not ever shout.,The Lutherans will fortunately ever shout.,semantics,npi_licensing,sentential_negation_npi_licensor_present,True,False,True,False,885,-48.34235382080078,-60.94663619995117,1
Those schools might not ever fire Jerry.,Those schools might really ever fire Jerry.,semantics,npi_licensing,sentential_negation_npi_licensor_present,True,False,True,False,886,-52.02119064331055,-56.46307373046875,1
That guest will not ever climb down most stairs.,That guest will fortunately ever climb down most stairs.,semantics,npi_licensing,sentential_negation_npi_licensor_present,True,False,True,False,887,-59.146671295166016,-71.40048217773438,1
Most legislatures have not ever benefited.,Most legislatures have probably ever benefited.,semantics,npi_licensing,sentential_negation_npi_licensor_present,True,False,True,False,888,-40.24008560180664,-41.87124252319336,1
Tonya could not ever reference Nina.,Tonya could probably ever reference Nina.,semantics,npi_licensing,sentential_negation_npi_licensor_present,True,False,True,False,889,-47.182621002197266,-49.63105773925781,1
A glass did not ever shatter.,A glass did fortunately ever shatter.,semantics,npi_licensing,sentential_negation_npi_licensor_present,True,False,True,False,890,-40.994651794433594,-54.53144836425781,1
Laura had not ever dropped by a college campus.,Laura had really ever dropped by a college campus.,semantics,npi_licensing,sentential_negation_npi_licensor_present,True,False,True,False,891,-48.3732795715332,-51.137428283691406,1
Julie has not ever irritated Dan.,Julie has really ever irritated Dan.,semantics,npi_licensing,sentential_negation_npi_licensor_present,True,False,True,False,892,-50.36787796020508,-52.72453308105469,1
Amy has not ever entreated Brian to wear a sweater.,Amy has really ever entreated Brian to wear a sweater.,semantics,npi_licensing,sentential_negation_npi_licensor_present,True,False,True,False,893,-68.73582458496094,-71.38468933105469,1
Deanna had not ever healed Gerald.,Deanna had probably ever healed Gerald.,semantics,npi_licensing,sentential_negation_npi_licensor_present,True,False,True,False,894,-52.25565719604492,-54.773765563964844,1
Wayne should not ever sound like this book.,Wayne should really ever sound like this book.,semantics,npi_licensing,sentential_negation_npi_licensor_present,True,False,True,False,895,-46.78130340576172,-49.9701042175293,1
This ice would not ever freeze.,This ice would really ever freeze.,semantics,npi_licensing,sentential_negation_npi_licensor_present,True,False,True,False,896,-37.70188903808594,-41.326622009277344,1
Kristen had not ever pressured these ladies' contractor to yawn.,Kristen had fortunately ever pressured these ladies' contractor to yawn.,semantics,npi_licensing,sentential_negation_npi_licensor_present,True,False,True,False,897,-90.36663055419922,-96.14720153808594,1
A lot of jackets do not ever warp.,A lot of jackets do probably ever warp.,semantics,npi_licensing,sentential_negation_npi_licensor_present,True,False,True,False,898,-49.1400260925293,-55.29317855834961,1
Steven had not ever visited Edward.,Steven had probably ever visited Edward.,semantics,npi_licensing,sentential_negation_npi_licensor_present,True,False,True,False,899,-39.501319885253906,-40.12084197998047,1
Most students had not ever returned to Michael.,Most students had fortunately ever returned to Michael.,semantics,npi_licensing,sentential_negation_npi_licensor_present,True,False,True,False,900,-49.2672233581543,-55.84811019897461,1
Many bananas will not ever rot.,Many bananas will really ever rot.,semantics,npi_licensing,sentential_negation_npi_licensor_present,True,False,True,False,901,-41.70751190185547,-46.881126403808594,1
Laurie should not ever long to visit Natalie.,Laurie should really ever long to visit Natalie.,semantics,npi_licensing,sentential_negation_npi_licensor_present,True,False,True,False,902,-69.9628677368164,-72.55349731445312,1
Marie has not ever forgotten about what buy many photographs.,Marie has probably ever forgotten about what buy many photographs.,semantics,npi_licensing,sentential_negation_npi_licensor_present,True,False,True,False,903,-62.34400939941406,-63.587547302246094,1
All doctors have not ever spurred Kayla's hairdresser to talk.,All doctors have really ever spurred Kayla's hairdresser to talk.,semantics,npi_licensing,sentential_negation_npi_licensor_present,True,False,True,False,904,-85.78620147705078,-88.64030456542969,1
Linda had not ever laughed.,Linda had really ever laughed.,semantics,npi_licensing,sentential_negation_npi_licensor_present,True,False,True,False,905,-42.54364013671875,-44.64034652709961,1
Richard had not ever intended to murmur.,Richard had probably ever intended to murmur.,semantics,npi_licensing,sentential_negation_npi_licensor_present,True,False,True,False,906,-47.54217529296875,-46.89371109008789,0
Sheila has not ever argued about Kimberley.,Sheila has probably ever argued about Kimberley.,semantics,npi_licensing,sentential_negation_npi_licensor_present,True,False,True,False,907,-56.09469223022461,-57.8171272277832,1
Phillip has not ever hated Florence.,Phillip has really ever hated Florence.,semantics,npi_licensing,sentential_negation_npi_licensor_present,True,False,True,False,908,-51.936607360839844,-53.748783111572266,1
Melissa can not ever describe Noah.,Melissa can probably ever describe Noah.,semantics,npi_licensing,sentential_negation_npi_licensor_present,True,False,True,False,909,-47.13573455810547,-48.063961029052734,1
A skirt did not ever shrink.,A skirt did really ever shrink.,semantics,npi_licensing,sentential_negation_npi_licensor_present,True,False,True,False,910,-43.01265335083008,-49.56681823730469,1
Some glasses have not ever twisted.,Some glasses have fortunately ever twisted.,semantics,npi_licensing,sentential_negation_npi_licensor_present,True,False,True,False,911,-41.32032775878906,-49.804786682128906,1
Every jacket had not ever soaked.,Every jacket had really ever soaked.,semantics,npi_licensing,sentential_negation_npi_licensor_present,True,False,True,False,912,-45.326881408691406,-47.04847717285156,1
All associations can not ever profit.,All associations can really ever profit.,semantics,npi_licensing,sentential_negation_npi_licensor_present,True,False,True,False,913,-43.15340805053711,-45.23432922363281,1
Brian does not ever train.,Brian does really ever train.,semantics,npi_licensing,sentential_negation_npi_licensor_present,True,False,True,False,914,-29.365224838256836,-36.214027404785156,1
Those pedestrians have not ever boasted about Carl.,Those pedestrians have really ever boasted about Carl.,semantics,npi_licensing,sentential_negation_npi_licensor_present,True,False,True,False,915,-62.326656341552734,-63.880836486816406,1
Most guests can not ever communicate.,Most guests can really ever communicate.,semantics,npi_licensing,sentential_negation_npi_licensor_present,True,False,True,False,916,-35.66445541381836,-38.07919692993164,1
These girls would not ever marry.,These girls would fortunately ever marry.,semantics,npi_licensing,sentential_negation_npi_licensor_present,True,False,True,False,917,-34.75360870361328,-45.641090393066406,1
A glacier does not ever evaporate.,A glacier does fortunately ever evaporate.,semantics,npi_licensing,sentential_negation_npi_licensor_present,True,False,True,False,918,-42.66081237792969,-55.46672439575195,1
All lakes had not ever melted.,All lakes had really ever melted.,semantics,npi_licensing,sentential_negation_npi_licensor_present,True,False,True,False,919,-46.537513732910156,-48.84986114501953,1
Many libraries did not ever negotiate.,Many libraries did probably ever negotiate.,semantics,npi_licensing,sentential_negation_npi_licensor_present,True,False,True,False,920,-38.666412353515625,-44.5421257019043,1
All people do not ever escape from some mountains.,All people do fortunately ever escape from some mountains.,semantics,npi_licensing,sentential_negation_npi_licensor_present,True,False,True,False,921,-47.76243591308594,-60.90475082397461,1
Eric should not ever sneeze.,Eric should fortunately ever sneeze.,semantics,npi_licensing,sentential_negation_npi_licensor_present,True,False,True,False,922,-41.32802200317383,-49.64759826660156,1
Ellen had not ever broken windows.,Ellen had really ever broken windows.,semantics,npi_licensing,sentential_negation_npi_licensor_present,True,False,True,False,923,-42.9831428527832,-45.412452697753906,1
Heather had not ever liked to annoy a teenager.,Heather had fortunately ever liked to annoy a teenager.,semantics,npi_licensing,sentential_negation_npi_licensor_present,True,False,True,False,924,-66.4697265625,-73.1053466796875,1
Jeffrey has not ever talked about that waitress.,Jeffrey has probably ever talked about that waitress.,semantics,npi_licensing,sentential_negation_npi_licensor_present,True,False,True,False,925,-58.20161056518555,-58.713096618652344,1
The organizations have not ever ordered Anne to notice Mary.,The organizations have really ever ordered Anne to notice Mary.,semantics,npi_licensing,sentential_negation_npi_licensor_present,True,False,True,False,926,-69.8132095336914,-72.87657928466797,1
Frank could not ever prompt Melanie to respect Timothy.,Frank could probably ever prompt Melanie to respect Timothy.,semantics,npi_licensing,sentential_negation_npi_licensor_present,True,False,True,False,927,-67.78005981445312,-70.47749328613281,1
That cake had not ever baked.,That cake had really ever baked.,semantics,npi_licensing,sentential_negation_npi_licensor_present,True,False,True,False,928,-41.431671142578125,-43.22335433959961,1
Stacey might not ever want to die.,Stacey might really ever want to die.,semantics,npi_licensing,sentential_negation_npi_licensor_present,True,False,True,False,929,-42.02620315551758,-46.411338806152344,1
Steven will not ever talk.,Steven will really ever talk.,semantics,npi_licensing,sentential_negation_npi_licensor_present,True,False,True,False,930,-28.00879669189453,-32.65769958496094,1
Laurie does not ever go to a mountain.,Laurie does probably ever go to a mountain.,semantics,npi_licensing,sentential_negation_npi_licensor_present,True,False,True,False,931,-51.133453369140625,-56.862220764160156,1
Some doctor can not ever see some apples.,Some doctor can really ever see some apples.,semantics,npi_licensing,sentential_negation_npi_licensor_present,True,False,True,False,932,-56.061790466308594,-56.39921188354492,1
The guys can not ever push Christina's dentists to astound Dan.,The guys can fortunately ever push Christina's dentists to astound Dan.,semantics,npi_licensing,sentential_negation_npi_licensor_present,True,False,True,False,933,-97.26713562011719,-106.58906555175781,1
Tiffany had not ever approached Stacey.,Tiffany had fortunately ever approached Stacey.,semantics,npi_licensing,sentential_negation_npi_licensor_present,True,False,True,False,934,-63.00065994262695,-68.01099395751953,1
Peter had not ever hidden away.,Peter had probably ever hidden away.,semantics,npi_licensing,sentential_negation_npi_licensor_present,True,False,True,False,935,-36.1760139465332,-36.41889190673828,1
Kayla might not ever reference Clyde.,Kayla might probably ever reference Clyde.,semantics,npi_licensing,sentential_negation_npi_licensor_present,True,False,True,False,936,-53.71106719970703,-57.12073516845703,1
Many women could not ever kiss.,Many women could really ever kiss.,semantics,npi_licensing,sentential_negation_npi_licensor_present,True,False,True,False,937,-36.88042449951172,-40.0287971496582,1
A lot of lakes might not ever condense.,A lot of lakes might fortunately ever condense.,semantics,npi_licensing,sentential_negation_npi_licensor_present,True,False,True,False,938,-55.17748260498047,-66.34013366699219,1
Mary had not ever smiled.,Mary had probably ever smiled.,semantics,npi_licensing,sentential_negation_npi_licensor_present,True,False,True,False,939,-33.90077209472656,-34.25834274291992,1
This school would not ever profit.,This school would probably ever profit.,semantics,npi_licensing,sentential_negation_npi_licensor_present,True,False,True,False,940,-37.41040802001953,-38.330650329589844,1
Wayne does not ever scan every newspaper article.,Wayne does really ever scan every newspaper article.,semantics,npi_licensing,sentential_negation_npi_licensor_present,True,False,True,False,941,-57.985496520996094,-62.857261657714844,1
Dawn did not ever believe that jacket to fold.,Dawn did fortunately ever believe that jacket to fold.,semantics,npi_licensing,sentential_negation_npi_licensor_present,True,False,True,False,942,-68.45796966552734,-79.01382446289062,1
Beth had not ever protested.,Beth had really ever protested.,semantics,npi_licensing,sentential_negation_npi_licensor_present,True,False,True,False,943,-42.98363494873047,-46.008338928222656,1
Jill would not ever laugh.,Jill would really ever laugh.,semantics,npi_licensing,sentential_negation_npi_licensor_present,True,False,True,False,944,-39.497337341308594,-41.94956970214844,1
Every actor had not ever shouted.,Every actor had fortunately ever shouted.,semantics,npi_licensing,sentential_negation_npi_licensor_present,True,False,True,False,945,-42.26065444946289,-48.959049224853516,1
Christine might not ever pressure Jessica to fire Omar.,Christine might fortunately ever pressure Jessica to fire Omar.,semantics,npi_licensing,sentential_negation_npi_licensor_present,True,False,True,False,946,-77.10091400146484,-89.46392822265625,1
Laura will not ever compromise.,Laura will probably ever compromise.,semantics,npi_licensing,sentential_negation_npi_licensor_present,True,False,True,False,947,-27.433673858642578,-28.77859115600586,1
Jacqueline had not ever examined documentaries.,Jacqueline had fortunately ever examined documentaries.,semantics,npi_licensing,sentential_negation_npi_licensor_present,True,False,True,False,948,-55.75776290893555,-61.74254608154297,1
Amelia will not ever explain an apple goes bad.,Amelia will fortunately ever explain an apple goes bad.,semantics,npi_licensing,sentential_negation_npi_licensor_present,True,False,True,False,949,-71.01949310302734,-82.76347351074219,1
Those legislatures do not ever cooperate.,Those legislatures do fortunately ever cooperate.,semantics,npi_licensing,sentential_negation_npi_licensor_present,True,False,True,False,950,-38.5493049621582,-51.837928771972656,1
Convertibles had not ever slipped.,Convertibles had probably ever slipped.,semantics,npi_licensing,sentential_negation_npi_licensor_present,True,False,True,False,951,-47.42281723022461,-49.02576446533203,1
Stephen will not ever see.,Stephen will really ever see.,semantics,npi_licensing,sentential_negation_npi_licensor_present,True,False,True,False,952,-24.809534072875977,-28.930641174316406,1
Christina has not ever forgotten what accelerated.,Christina has fortunately ever forgotten what accelerated.,semantics,npi_licensing,sentential_negation_npi_licensor_present,True,False,True,False,953,-49.03312301635742,-57.68783187866211,1
Those cucumbers could not ever rot.,Those cucumbers could fortunately ever rot.,semantics,npi_licensing,sentential_negation_npi_licensor_present,True,False,True,False,954,-45.25770568847656,-56.40079116821289,1
Tonya has not ever skated around these malls.,Tonya has fortunately ever skated around these malls.,semantics,npi_licensing,sentential_negation_npi_licensor_present,True,False,True,False,955,-57.936092376708984,-65.25621032714844,1
The jacket had not ever twisted.,The jacket had really ever twisted.,semantics,npi_licensing,sentential_negation_npi_licensor_present,True,False,True,False,956,-44.30628967285156,-47.26166534423828,1
Deborah can not ever scan some play.,Deborah can fortunately ever scan some play.,semantics,npi_licensing,sentential_negation_npi_licensor_present,True,False,True,False,957,-60.10955810546875,-69.5046157836914,1
Samuel has not ever sneezed.,Samuel has really ever sneezed.,semantics,npi_licensing,sentential_negation_npi_licensor_present,True,False,True,False,958,-47.7502326965332,-50.872474670410156,1
Some guys had not ever cooked.,Some guys had probably ever cooked.,semantics,npi_licensing,sentential_negation_npi_licensor_present,True,False,True,False,959,-40.15485382080078,-39.64935302734375,0
Jennifer has not ever cheered.,Jennifer has really ever cheered.,semantics,npi_licensing,sentential_negation_npi_licensor_present,True,False,True,False,960,-32.23816680908203,-35.713706970214844,1
Allison has not ever continued to sit down.,Allison has fortunately ever continued to sit down.,semantics,npi_licensing,sentential_negation_npi_licensor_present,True,False,True,False,961,-50.02794647216797,-57.441810607910156,1
Carla has not ever seen George.,Carla has fortunately ever seen George.,semantics,npi_licensing,sentential_negation_npi_licensor_present,True,False,True,False,962,-42.722686767578125,-51.181968688964844,1
Jerry might not ever wish to break a convertible.,Jerry might probably ever wish to break a convertible.,semantics,npi_licensing,sentential_negation_npi_licensor_present,True,False,True,False,963,-47.75895690917969,-49.66718292236328,1
Jessica had not ever slumped over.,Jessica had really ever slumped over.,semantics,npi_licensing,sentential_negation_npi_licensor_present,True,False,True,False,964,-38.829559326171875,-40.421142578125,1
Phillip did not ever go to the high schools.,Phillip did really ever go to the high schools.,semantics,npi_licensing,sentential_negation_npi_licensor_present,True,False,True,False,965,-46.59743118286133,-51.664772033691406,1
Sheila would not ever exercise.,Sheila would probably ever exercise.,semantics,npi_licensing,sentential_negation_npi_licensor_present,True,False,True,False,966,-38.25790786743164,-40.8674201965332,1
Those companies had not ever talked about James.,Those companies had fortunately ever talked about James.,semantics,npi_licensing,sentential_negation_npi_licensor_present,True,False,True,False,967,-50.27333068847656,-57.28559875488281,1
Brenda can not ever fall asleep.,Brenda can really ever fall asleep.,semantics,npi_licensing,sentential_negation_npi_licensor_present,True,False,True,False,968,-36.342281341552734,-37.533531188964844,1
Some schools will not ever look to rot.,Some schools will fortunately ever look to rot.,semantics,npi_licensing,sentential_negation_npi_licensor_present,True,False,True,False,969,-46.23126220703125,-58.36116027832031,1
Most pedestrians have not ever flirted.,Most pedestrians have probably ever flirted.,semantics,npi_licensing,sentential_negation_npi_licensor_present,True,False,True,False,970,-46.88832473754883,-47.56713104248047,1
Holly does not ever reference a report.,Holly does probably ever reference a report.,semantics,npi_licensing,sentential_negation_npi_licensor_present,True,False,True,False,971,-50.437225341796875,-58.55305099487305,1
The man would not ever prompt Naomi's colleagues to talk about some child.,The man would really ever prompt Naomi's colleagues to talk about some child.,semantics,npi_licensing,sentential_negation_npi_licensor_present,True,False,True,False,972,-87.03779602050781,-90.01344299316406,1
A skirt does not ever bore Rebecca.,A skirt does really ever bore Rebecca.,semantics,npi_licensing,sentential_negation_npi_licensor_present,True,False,True,False,973,-54.79916763305664,-60.70166015625,1
Beverly would not ever plan to ascend a lot of stairs.,Beverly would really ever plan to ascend a lot of stairs.,semantics,npi_licensing,sentential_negation_npi_licensor_present,True,False,True,False,974,-71.01481628417969,-73.94274139404297,1
The Lutherans have not ever kissed.,The Lutherans have really ever kissed.,semantics,npi_licensing,sentential_negation_npi_licensor_present,True,False,True,False,975,-51.68778991699219,-54.70354461669922,1
Frank would not ever fail to watch Teresa.,Frank would probably ever fail to watch Teresa.,semantics,npi_licensing,sentential_negation_npi_licensor_present,True,False,True,False,976,-49.928253173828125,-49.83901596069336,0
Carrie had not ever imagined many schools force a customer's contractors to love Wendy.,Carrie had probably ever imagined many schools force a customer's contractors to love Wendy.,semantics,npi_licensing,sentential_negation_npi_licensor_present,True,False,True,False,977,-117.1765365600586,-118.12310791015625,1
Randolf could not ever investigate a lot of waitresses.,Randolf could probably ever investigate a lot of waitresses.,semantics,npi_licensing,sentential_negation_npi_licensor_present,True,False,True,False,978,-66.7301025390625,-69.33822631835938,1
April would not ever spur Lawrence's students to confer.,April would fortunately ever spur Lawrence's students to confer.,semantics,npi_licensing,sentential_negation_npi_licensor_present,True,False,True,False,979,-71.24810791015625,-82.39266967773438,1
Those cashiers have not ever blinked.,Those cashiers have fortunately ever blinked.,semantics,npi_licensing,sentential_negation_npi_licensor_present,True,False,True,False,980,-47.01978302001953,-54.078372955322266,1
Most guests might not ever describe Patricia.,Most guests might probably ever describe Patricia.,semantics,npi_licensing,sentential_negation_npi_licensor_present,True,False,True,False,981,-46.752647399902344,-48.882781982421875,1
Julia has not ever yearned to reference Jodi.,Julia has probably ever yearned to reference Jodi.,semantics,npi_licensing,sentential_negation_npi_licensor_present,True,False,True,False,982,-72.66732025146484,-74.57111358642578,1
A lot of guys have not ever concealed the glasses.,A lot of guys have fortunately ever concealed the glasses.,semantics,npi_licensing,sentential_negation_npi_licensor_present,True,False,True,False,983,-56.400634765625,-62.91224670410156,1
Helen has not ever longed to train.,Helen has really ever longed to train.,semantics,npi_licensing,sentential_negation_npi_licensor_present,True,False,True,False,984,-53.58143615722656,-57.26546096801758,1
The Clintons had not ever married.,The Clintons had fortunately ever married.,semantics,npi_licensing,sentential_negation_npi_licensor_present,True,False,True,False,985,-42.94388198852539,-50.83405303955078,1
Gary has not ever tried to lift most grocery stores.,Gary has probably ever tried to lift most grocery stores.,semantics,npi_licensing,sentential_negation_npi_licensor_present,True,False,True,False,986,-50.601097106933594,-51.771324157714844,1
A bike did not ever stop.,A bike did fortunately ever stop.,semantics,npi_licensing,sentential_negation_npi_licensor_present,True,False,True,False,987,-36.184173583984375,-48.162757873535156,1
Donald has not ever arrived at most libraries.,Donald has probably ever arrived at most libraries.,semantics,npi_licensing,sentential_negation_npi_licensor_present,True,False,True,False,988,-44.264076232910156,-46.589805603027344,1
Bill had not ever boasted about Lissa.,Bill had fortunately ever boasted about Lissa.,semantics,npi_licensing,sentential_negation_npi_licensor_present,True,False,True,False,989,-56.69419860839844,-62.17121887207031,1
Some lakes have not ever melted.,Some lakes have probably ever melted.,semantics,npi_licensing,sentential_negation_npi_licensor_present,True,False,True,False,990,-42.49597930908203,-43.69971466064453,1
Women might not ever go to that hill.,Women might probably ever go to that hill.,semantics,npi_licensing,sentential_negation_npi_licensor_present,True,False,True,False,991,-39.875099182128906,-43.45863342285156,1
Homer will not ever spin around.,Homer will probably ever spin around.,semantics,npi_licensing,sentential_negation_npi_licensor_present,True,False,True,False,992,-46.03681945800781,-47.36267852783203,1
Every coat has not ever tightened.,Every coat has probably ever tightened.,semantics,npi_licensing,sentential_negation_npi_licensor_present,True,False,True,False,993,-39.28285217285156,-40.6744384765625,1
Chad should not ever declare Amy to hate commentaries.,Chad should really ever declare Amy to hate commentaries.,semantics,npi_licensing,sentential_negation_npi_licensor_present,True,False,True,False,994,-71.68761444091797,-77.01264953613281,1
Some window has not ever fallen apart.,Some window has really ever fallen apart.,semantics,npi_licensing,sentential_negation_npi_licensor_present,True,False,True,False,995,-42.83224868774414,-45.93067932128906,1
Sarah has not ever bored Gregory.,Sarah has probably ever bored Gregory.,semantics,npi_licensing,sentential_negation_npi_licensor_present,True,False,True,False,996,-47.18943405151367,-48.55524826049805,1
Rachel might not ever propose to weep.,Rachel might fortunately ever propose to weep.,semantics,npi_licensing,sentential_negation_npi_licensor_present,True,False,True,False,997,-42.574867248535156,-54.73543930053711,1
Samantha has not ever kissed Dan.,Samantha has probably ever kissed Dan.,semantics,npi_licensing,sentential_negation_npi_licensor_present,True,False,True,False,998,-57.01731491088867,-59.450584411621094,1
Cindy will not ever regret the doctors haven't conspired.,Cindy will fortunately ever regret the doctors haven't conspired.,semantics,npi_licensing,sentential_negation_npi_licensor_present,True,False,True,False,999,-79.16596984863281,-91.658935546875,1
