sentence_good,sentence_bad,field,linguistics_term,UID,simple_LM_method,one_prefix_method,two_prefix_method,lexically_identical,pair_id,good_slor,bad_slor,slor_diff,correct,good_model_logprob,bad_model_logprob,good_unigram_logprob,bad_unigram_logprob,good_num_tokens,bad_num_tokens
No girl attacked fewer than two waiters.,No girl attacked at most two waiters.,semantics,quantifiers,superlative_quantifiers_1,True,False,False,False,0,1.4470465545560514,0.4216197658405968,1.0254267887154547,1,-61.10081088542938,-64.49086356163025,-74.12422987643384,-68.28544145419562,9,9
No person would bring fewer than three gates.,No person would bring at most three gates.,semantics,quantifiers,superlative_quantifiers_1,True,False,False,False,1,1.8341489027951954,0.48980905166620736,1.344339851128988,1,-58.023354053497314,-64.28362429141998,-74.53069417865407,-68.69190575641585,9,9
No actor had driven to fewer than four malls.,No actor had driven to at most four malls.,semantics,quantifiers,superlative_quantifiers_1,True,False,False,False,2,1.2567582204129166,-0.1658849197730973,1.422643140186014,1,-73.36030876636505,-81.74795174598694,-85.92789097049422,-80.08910254825597,10,10
No pedestrian is observing more than seven waiters.,No pedestrian is observing at least seven waiters.,semantics,quantifiers,superlative_quantifiers_1,True,False,False,False,3,1.4163353489709096,1.5649875402860574,-0.14865219131514773,0,-69.78137910366058,-68.85641312599182,-83.94473259336968,-84.5062885288524,10,10
No boy could reference fewer than nine drivers.,No boy could reference at most nine drivers.,semantics,quantifiers,superlative_quantifiers_1,True,False,False,False,4,1.3965961514121767,0.2553106754018681,1.1412854760103086,1,-66.2451161146164,-70.67789697647095,-78.81448147732598,-72.97569305508776,9,9
No actor has sounded like more than nine mountains.,No actor has sounded like at least nine mountains.,semantics,quantifiers,superlative_quantifiers_1,True,False,False,False,5,1.5048396770534311,1.1865011352219113,0.3183385418315199,1,-65.13102197647095,-68.87596333026886,-80.17941874700526,-80.74097468248797,10,10
No sock annoyed more than seven companies.,No sock annoyed at least seven companies.,semantics,quantifiers,superlative_quantifiers_1,True,False,False,False,6,0.911317806656168,0.943494325287709,-0.03217651863154103,0,-61.76336455345154,-62.0675083398819,-69.05390700670088,-69.61546294218357,8,8
No man has revealed more than five forks.,No man has revealed at least five forks.,semantics,quantifiers,superlative_quantifiers_1,True,False,False,False,7,2.290843260221174,2.0731943250732203,0.2176489351479538,1,-51.86857318878174,-54.38896954059601,-72.4861625307723,-73.04771846625499,9,9
No customer would resemble more than eight pictures.,No customer would resemble at least eight pictures.,semantics,quantifiers,superlative_quantifiers_1,True,False,False,False,8,1.9494809312921921,1.6857168626467915,0.2637640686454006,1,-58.765013217926025,-61.700445771217346,-76.31034159955576,-76.87189753503847,9,9
No waiter had referenced more than ten teenagers.,No waiter had referenced at least ten teenagers.,semantics,quantifiers,superlative_quantifiers_1,True,False,False,False,9,2.0068489711211126,1.9018605896934213,0.10498838142769129,1,-62.98168444633484,-64.48813581466675,-81.04332518642485,-81.60488112190754,9,9
No adult skated around more than seven lakes.,No adult skated around at least seven lakes.,semantics,quantifiers,superlative_quantifiers_1,True,False,False,False,10,1.9211003146756382,2.04743072745494,-0.1263304127793019,0,-65.9327467083931,-65.23099851608276,-85.14374985514948,-85.70530579063217,10,10
No woman exited fewer than five public parks.,No woman exited at most five public parks.,semantics,quantifiers,superlative_quantifiers_1,True,False,False,False,11,2.1251972801815575,0.9116683520991052,1.2135289280824524,1,-65.94066846370697,-71.02364039421082,-85.06744398534099,-79.22865556310276,9,9
No hamster had climbed down more than five hills.,No hamster had climbed down at least five hills.,semantics,quantifiers,superlative_quantifiers_1,True,False,False,False,12,2.0628189793039167,2.07127633234138,-0.0084573530374632,0,-67.95178890228271,-68.42031395435333,-90.6427976746258,-91.20435361010851,11,11
No university might confuse fewer than four men.,No university might confuse at most four men.,semantics,quantifiers,superlative_quantifiers_1,True,False,False,False,13,1.8673435577177127,0.35230310352747235,1.5150404541902402,1,-62.61152470111847,-70.40810036659241,-79.41761672057788,-73.57882829833966,9,9
No lady brought more than two high schools.,No lady brought at least two high schools.,semantics,quantifiers,superlative_quantifiers_1,True,False,False,False,14,1.7667948546219572,1.8257540157027121,-0.05895916108075494,0,-53.937647342681885,-53.968570828437805,-69.8388010342795,-70.40035696976221,9,9
No apple distracted fewer than five hospitals.,No apple distracted at most five hospitals.,semantics,quantifiers,superlative_quantifiers_1,True,False,False,False,15,1.4184860467409415,0.05269864093572707,1.3657874058052144,1,-62.56378638744354,-67.65129721164703,-73.91167476137107,-68.07288633913285,8,8
No actor complained about more than two actresses.,No actor complained about at least two actresses.,semantics,quantifiers,superlative_quantifiers_1,True,False,False,False,16,2.671651662365889,2.0888328444435853,0.5828188179223037,1,-51.25021755695343,-57.05714285373688,-75.29508251824643,-75.85663845372915,9,9
No college campus astounded more than five libraries.,No college campus astounded at least five libraries.,semantics,quantifiers,superlative_quantifiers_1,True,False,False,False,17,2.192017301792217,2.336012117294831,-0.14399481550261406,0,-70.9286048412323,-70.05021262168884,-92.84877785915447,-93.41033379463715,10,10
No cafe is disgusting more than seven associations.,No cafe is disgusting at least seven associations.,semantics,quantifiers,superlative_quantifiers_1,True,False,False,False,18,1.7271019502442344,1.9865611360145548,-0.25945918577032034,0,-61.90291941165924,-60.129342675209045,-77.44683696385735,-78.00839289934004,9,9
No guest was touring fewer than nine schools.,No guest was touring at most nine schools.,semantics,quantifiers,superlative_quantifiers_1,True,False,False,False,19,1.898477356358629,1.1663086915708207,0.7321686647878083,1,-63.15583288669586,-63.90656244754791,-80.24212909392352,-74.4033406716853,9,9
No actor remembers fewer than seven documentaries.,No actor remembers at most seven documentaries.,semantics,quantifiers,superlative_quantifiers_1,True,False,False,False,20,1.9796114315780855,0.6792921508181706,1.3003192807599149,1,-61.12262827157974,-65.68639409542084,-76.95951972420443,-71.1207313019662,8,8
No wheelbarrow does hurt more than nine dancers.,No wheelbarrow does hurt at least nine dancers.,semantics,quantifiers,superlative_quantifiers_1,True,False,False,False,21,2.0730232332488057,1.9727328330562608,0.10029040019254487,1,-73.20718884468079,-74.8719391822815,-96.01044441041765,-96.57200034590036,11,11
No driver was researching more than three associations.,No driver was researching at least three associations.,semantics,quantifiers,superlative_quantifiers_1,True,False,False,False,22,2.1422867359823954,2.315202739220726,-0.17291600323833078,0,-56.47794550657272,-55.48325741291046,-75.75852613041428,-76.320082065897,9,9
No adult is passing fewer than five schools.,No adult is passing at most five schools.,semantics,quantifiers,superlative_quantifiers_1,True,False,False,False,23,1.756049484593875,0.41356610622201134,1.3424833783718637,1,-60.07508563995361,-66.31864762306213,-75.87953100129849,-70.04074257906024,9,9
No actor could approach fewer than ten waiters.,No actor could approach at most ten waiters.,semantics,quantifiers,superlative_quantifiers_1,True,False,False,False,24,0.5260518471174919,-0.5146255366522012,1.040677383769693,1,-80.30705416202545,-84.87503957748413,-85.56757263320037,-79.72878421096212,10,10
No actress was skated around fewer than seven rivers.,No actress was skated around at most seven rivers.,semantics,quantifiers,superlative_quantifiers_1,True,False,False,False,25,1.8057621410813944,0.853350459460808,0.9524116816205864,1,-75.35133475065231,-79.98907482624054,-95.21471830254765,-89.37592988030943,11,11
No guest visits more than nine cashiers.,No guest visits at least nine cashiers.,semantics,quantifiers,superlative_quantifiers_1,True,False,False,False,26,2.056896876093608,2.067722041376464,-0.01082516528285593,0,-61.28277790546417,-61.746907353401184,-79.79484979030664,-80.35640572578936,9,9
No eggplant has worried fewer than seven boys.,No eggplant has worried at most seven boys.,semantics,quantifiers,superlative_quantifiers_1,True,False,False,False,27,1.371874692590899,0.31018838815165284,1.0616863044392462,1,-75.76129138469696,-80.5393660068512,-89.48003831060595,-83.64124988836772,10,10
No man had discussed fewer than nine high schools.,No man had discussed at most nine high schools.,semantics,quantifiers,superlative_quantifiers_1,True,False,False,False,28,2.065138058298655,1.0697626006649812,0.9953754576336737,1,-64.38411331176758,-68.49907946586609,-85.03549389475413,-79.1967054725159,10,10
No cart has aggravated fewer than two actresses.,No cart has aggravated at most two actresses.,semantics,quantifiers,superlative_quantifiers_1,True,False,False,False,29,1.9899150648884674,0.3912314391758748,1.5986836257125927,1,-65.92221355438232,-74.47157776355743,-83.83144913837853,-77.9926607161403,9,9
No library had forgotten fewer than nine commentaries.,No library had forgotten at most nine commentaries.,semantics,quantifiers,superlative_quantifiers_1,True,False,False,False,30,1.4065112889600015,0.407905247658573,0.9986060413014286,1,-76.4892703294754,-80.63654232025146,-90.55438321907542,-84.7155947968372,10,10
No guest is hiding more than eight bikes.,No guest is hiding at least eight bikes.,semantics,quantifiers,superlative_quantifiers_1,True,False,False,False,31,1.8369711455082216,1.759276783938576,0.07769436156964571,1,-57.264573097229004,-58.52537828683853,-73.797313406803,-74.35886934228571,9,9
No teenager cleaned more than two college campuses.,No teenager cleaned at least two college campuses.,semantics,quantifiers,superlative_quantifiers_1,True,False,False,False,32,1.4451178861013336,1.5109119647803861,-0.06579407867905251,0,-68.11504089832306,-68.08445012569427,-81.12110187323506,-81.68265780871775,9,9
No guest had discussed more than three essays.,No guest had discussed at least three essays.,semantics,quantifiers,superlative_quantifiers_1,True,False,False,False,33,2.1268629424213543,2.13896722338109,-0.012104280959735814,0,-56.15275704860687,-56.605374455451965,-75.29452353039906,-75.85607946588178,9,9
No patient had talked to more than four teachers.,No patient had talked to at least four teachers.,semantics,quantifiers,superlative_quantifiers_1,True,False,False,False,34,1.9462509637499692,1.7934823472266743,0.15276861652329488,1,-56.697251081466675,-58.78649318218231,-76.15976071896637,-76.72131665444905,10,10
No waitress descends fewer than four ladders.,No waitress descends at most four ladders.,semantics,quantifiers,superlative_quantifiers_1,True,False,False,False,35,2.630375691192822,1.6388457225842643,0.9915299686085577,1,-71.03270542621613,-75.10921669006348,-97.33646233814434,-91.49767391590612,10,10
No guest discovers more than nine blouses.,No guest discovers at least nine blouses.,semantics,quantifiers,superlative_quantifiers_1,True,False,False,False,36,2.0576555621339816,1.9376108752448304,0.12004468688915115,1,-63.75336229801178,-65.39532041549683,-82.27226235721761,-82.8338182927003,9,9
No slope disturbs more than three men.,No slope disturbs at least three men.,semantics,quantifiers,superlative_quantifiers_1,True,False,False,False,37,2.1434351964520033,2.0834818593765285,0.05995333707547479,1,-59.10356688499451,-60.204702854156494,-78.39448365306254,-78.95603958854525,9,9
No guy has helped fewer than seven actresses.,No guy has helped at most seven actresses.,semantics,quantifiers,superlative_quantifiers_1,True,False,False,False,38,2.3911600568124434,1.120412987704024,1.2707470691084193,1,-58.27587008476257,-63.87380528450012,-79.79631059607456,-73.95752217383634,9,9
No guest could wear fewer than three scarves.,No guest could wear at most three scarves.,semantics,quantifiers,superlative_quantifiers_1,True,False,False,False,39,2.017595291414864,0.7255413622159438,1.2920539291989201,1,-68.49190282821655,-75.57365369796753,-88.66785574236519,-82.82906732012697,10,10
No driver climbs up more than five hills.,No driver climbs up at least five hills.,semantics,quantifiers,superlative_quantifiers_1,True,False,False,False,40,1.9746862218269712,1.945608627186952,0.029077594640019244,1,-55.66028314828873,-56.483537435531616,-73.43245914473147,-73.99401508021418,9,9
No commentary had sounded like fewer than nine glaciers.,No commentary had sounded like at most nine glaciers.,semantics,quantifiers,superlative_quantifiers_1,True,False,False,False,41,1.812766905047144,0.5711321753149292,1.2416347297322148,1,-72.98240768909454,-79.55996656417847,-91.11007673956598,-85.27128831732776,10,10
No actress upset fewer than ten waiters.,No actress upset at most ten waiters.,semantics,quantifiers,superlative_quantifiers_1,True,False,False,False,42,0.25827621598527783,-0.40759283813477193,0.6658690541200498,1,-75.9968250989914,-76.15085816383362,-78.3213110428589,-72.48252262062067,9,9
No girl passes fewer than two college campuses.,No girl passes at most two college campuses.,semantics,quantifiers,superlative_quantifiers_1,True,False,False,False,43,1.9354344060083628,0.8580919187116334,1.0773424872967294,1,-64.2646552324295,-68.12194919586182,-81.68356488650477,-75.84477646426652,9,9
No pepper resembles more than two sketches.,No pepper resembles at least two sketches.,semantics,quantifiers,superlative_quantifiers_1,True,False,False,False,44,1.6648251319691667,1.5599110421231153,0.10491408984605144,1,-57.60177981853485,-59.00264847278595,-70.92038087428818,-71.48193680977087,8,8
No teacher had arrived at fewer than eight banks.,No teacher had arrived at at most eight banks.,semantics,quantifiers,superlative_quantifiers_1,True,False,False,False,45,1.8104216626811365,0.6922787923849569,1.1181428702961795,1,-65.57170593738556,-70.91434621810913,-83.67592256419692,-77.8371341419587,10,10
No child has complained about fewer than nine documentaries.,No child has complained about at most nine documentaries.,semantics,quantifiers,superlative_quantifiers_1,True,False,False,False,46,2.473142279564678,1.1402076822024583,1.3329345973622195,1,-63.91472947597504,-71.40528702735901,-88.64615227162182,-82.80736384938359,10,10
No adult lifts more than two cakes.,No adult lifts at least two cakes.,semantics,quantifiers,superlative_quantifiers_1,True,False,False,False,47,1.4432522008410338,1.5083467703577753,-0.06509456951674153,0,-54.36733424663544,-54.40813362598419,-65.91335185336371,-66.4749077888464,8,8
No museum might fire more than ten teachers.,No museum might fire at least ten teachers.,semantics,quantifiers,superlative_quantifiers_1,True,False,False,False,48,1.3258689724715869,1.4284469847901688,-0.10257801231858199,0,-61.38425886631012,-61.0226126909256,-73.3170796185544,-73.87863555403712,9,9
No doctor distracted more than four museums.,No doctor distracted at least four museums.,semantics,quantifiers,superlative_quantifiers_1,True,False,False,False,49,1.0252641870337307,1.0713892803274838,-0.04612509329375314,0,-60.22229182720184,-60.414847016334534,-68.42440532347169,-68.9859612589544,8,8
No waiter broke fewer than seven forks.,No waiter broke at most seven forks.,semantics,quantifiers,superlative_quantifiers_1,True,False,False,False,50,1.636074172264884,0.5135172434351105,1.1225569288297734,1,-61.9270122051239,-65.06867921352386,-75.01560558324297,-69.17681716100475,8,8
No government listened to fewer than four waitresses.,No government listened to at most four waitresses.,semantics,quantifiers,superlative_quantifiers_1,True,False,False,False,51,1.4903555035369862,0.32409951363860046,1.1662559898983857,1,-69.81729191541672,-75.64106339216232,-84.72084695078658,-78.88205852854833,10,10
No boy knew fewer than six guys.,No boy knew at most six guys.,semantics,quantifiers,superlative_quantifiers_1,True,False,False,False,52,1.9173068566538305,0.5775086554937738,1.3397982011600567,1,-49.82980930805206,-54.7094064950943,-65.1682641612827,-59.32947573904449,8,8
No painting could embarrass more than five women.,No painting could embarrass at least five women.,semantics,quantifiers,superlative_quantifiers_1,True,False,False,False,53,1.1721521465407976,1.1341631608014842,0.03798898573931342,1,-63.46839904785156,-64.3718558549881,-74.01776836671874,-74.57932430220146,9,9
No teacher helped more than eight waiters.,No teacher helped at least eight waiters.,semantics,quantifiers,superlative_quantifiers_1,True,False,False,False,54,1.1321365407883281,0.9265100081918168,0.2056265325965113,1,-61.79366981983185,-64.20586454868317,-71.9828986869268,-72.54445462240952,9,9
No lady walked through fewer than ten banks.,No lady walked through at most ten banks.,semantics,quantifiers,superlative_quantifiers_1,True,False,False,False,55,1.8370120016152436,0.6198029768005457,1.2172090248146978,1,-61.46205806732178,-66.57815086841583,-77.99516608185897,-72.15637765962074,9,9
No cashier has observed fewer than two waiters.,No cashier has observed at most two waiters.,semantics,quantifiers,superlative_quantifiers_1,True,False,False,False,56,2.1772029281995526,1.026112346683905,1.1510905815156476,1,-69.81966304779053,-76.64287102222443,-93.7688952579856,-87.93010683574738,11,11
No print will look like more than two fish.,No print will look like at least two fish.,semantics,quantifiers,superlative_quantifiers_1,True,False,False,False,57,1.4681364955241947,1.19439448269963,0.2737420128245647,1,-59.0212527513504,-62.320228815078735,-73.70261770659235,-74.26417364207504,10,10
No patient hugged more than five people.,No patient hugged at least five people.,semantics,quantifiers,superlative_quantifiers_1,True,False,False,False,58,1.4593480786781186,1.4283453725801252,0.031002706097993382,1,-52.850929975509644,-53.660507559776306,-64.52571460493459,-65.08727054041731,8,8
No fish was looking like more than five drawings.,No fish was looking like at least five drawings.,semantics,quantifiers,superlative_quantifiers_1,True,False,False,False,59,1.7639740775092663,1.3699110531414278,0.39406302436783847,1,-57.73835515975952,-62.24054133892059,-75.37809593485218,-75.93965187033487,10,10
No lady might break more than six bikes.,No lady might break at least six bikes.,semantics,quantifiers,superlative_quantifiers_1,True,False,False,False,60,2.11490497833468,1.738023287684661,0.376881690650019,1,-54.219445049762726,-58.17293620109558,-73.25358985477484,-73.81514579025753,9,9
No hospital had loved fewer than eight patients.,No hospital had loved at most eight patients.,semantics,quantifiers,superlative_quantifiers_1,True,False,False,False,61,2.099584653789852,0.5796722218994843,1.5199124318903678,1,-58.63173794746399,-66.47216141223907,-77.52799983157266,-71.68921140933443,9,9
No boy notices more than seven schools.,No boy notices at least seven schools.,semantics,quantifiers,superlative_quantifiers_1,True,False,False,False,62,1.9361725448636644,2.0791015864406113,-0.14292904157694686,0,-50.386552572250366,-49.80467617511749,-65.87593293115968,-66.43748886664238,8,8
No customer ran around more than three restaurants.,No customer ran around at least three restaurants.,semantics,quantifiers,superlative_quantifiers_1,True,False,False,False,63,2.1856258671512085,2.143801176820356,0.041824690330852565,1,-54.914148688316345,-55.85212683677673,-74.58478149267722,-75.14633742815994,9,9
No doctor arrived at fewer than nine high schools.,No doctor arrived at at most nine high schools.,semantics,quantifiers,superlative_quantifiers_1,True,False,False,False,64,2.0486069933005724,1.015874551051573,1.0327324422489994,1,-64.65268182754517,-69.14121782779694,-85.13875176055089,-79.29996333831266,10,10
No actress has run around fewer than ten rivers.,No actress has run around at most ten rivers.,semantics,quantifiers,superlative_quantifiers_1,True,False,False,False,65,1.6721333260841873,0.5835355841334945,1.088597741950693,1,-68.6574137210846,-73.70460271835327,-85.37874698192647,-79.53995855968822,10,10
No guy took more than five snakes.,No guy took at least five snakes.,semantics,quantifiers,superlative_quantifiers_1,True,False,False,False,66,1.8447871644111453,1.4240152320005128,0.4207719324106325,1,-47.804609179496765,-51.732340574264526,-62.56290649478593,-63.12446243026863,8,8
No person will respect fewer than eight students.,No person will respect at most eight students.,semantics,quantifiers,superlative_quantifiers_1,True,False,False,False,67,2.2698297027308296,1.0396810923363629,1.2301486103944668,1,-56.441433787345886,-61.67398285865784,-76.86990111192335,-71.0311126896851,9,9
No committee had boasted about more than six people.,No committee had boasted about at least six people.,semantics,quantifiers,superlative_quantifiers_1,True,False,False,False,68,1.8338380643043393,1.6523715875401108,0.18146647676422845,1,-60.51733589172363,-62.89355659484863,-78.85571653476703,-79.41727247024974,10,10
No boy can investigate more than six women.,No boy can investigate at least six women.,semantics,quantifiers,superlative_quantifiers_1,True,False,False,False,69,2.2542896119992752,2.074160231148454,0.18012938085082109,1,-49.30317157506943,-51.485891938209534,-69.5917780830629,-70.15333401854562,9,9
No cashier can love fewer than ten stories.,No cashier can love at most ten stories.,semantics,quantifiers,superlative_quantifiers_1,True,False,False,False,70,1.5832471828338783,0.46606299364426607,1.1171841891896124,1,-69.12557017803192,-74.45862364768982,-84.9580420063707,-79.11925358413248,10,10
No teacher is finding fewer than two sketches.,No teacher is finding at most two sketches.,semantics,quantifiers,superlative_quantifiers_1,True,False,False,False,71,2.1565878499280333,0.6823522852048206,1.4742355647232128,1,-57.42898142337799,-64.85831308364868,-76.83827207273029,-70.99948365049207,9,9
No carriage does confuse more than seven adults.,No carriage does confuse at least seven adults.,semantics,quantifiers,superlative_quantifiers_1,True,False,False,False,72,1.5337314744390211,1.514147237404403,0.0195842370346182,1,-64.61620998382568,-65.35402405261993,-78.41979325377687,-78.98134918925956,9,9
No committee has fewer than ten blouses.,No committee has at most ten blouses.,semantics,quantifiers,superlative_quantifiers_1,True,False,False,False,73,2.614542711206866,1.1899942009058198,1.4245485103010462,1,-57.43068337440491,-64.4128315448761,-80.9615677752667,-75.12277935302848,9,9
No person is running around fewer than two closets.,No person is running around at most two closets.,semantics,quantifiers,superlative_quantifiers_1,True,False,False,False,74,2.831092301146862,1.9312189819426273,0.8998733192042347,1,-61.59516757726669,-65.65498566627502,-92.73718288988218,-86.89839446764393,11,11
No actor admires more than five candles.,No actor admires at least five candles.,semantics,quantifiers,superlative_quantifiers_1,True,False,False,False,75,1.4738339780362222,1.5188246846500515,-0.04499070661382931,0,-65.82455623149872,-65.98119580745697,-79.08906203382472,-79.65061796930743,9,9
No patient thought about more than six books.,No patient thought about at least six books.,semantics,quantifiers,superlative_quantifiers_1,True,False,False,False,76,1.8899508016294817,1.4171346404848748,0.4728161611446069,1,-51.560568034648895,-56.377469420433044,-68.57012524931423,-69.13168118479692,9,9
No mall disturbed fewer than six men.,No mall disturbed at most six men.,semantics,quantifiers,superlative_quantifiers_1,True,False,False,False,77,1.258486913293698,0.07887349785732667,1.1796134154363713,1,-61.82697856426239,-65.42509746551514,-71.89487387061197,-66.05608544837375,8,8
No teacher has cared for fewer than eight boys.,No teacher has cared for at most eight boys.,semantics,quantifiers,superlative_quantifiers_1,True,False,False,False,78,2.3158159526355346,1.0554855942602814,1.2603303583752532,1,-59.587711811065674,-66.35222697257996,-82.74587133742102,-76.90708291518277,10,10
No lady notices fewer than two turtles.,No lady notices at most two turtles.,semantics,quantifiers,superlative_quantifiers_1,True,False,False,False,79,2.0047510985394226,0.8175912582373286,1.187159840302094,1,-56.01802742481232,-59.676517724990845,-72.0560362131277,-66.21724779088947,8,8
No child has worked with more than five waitresses.,No child has worked with at least five waitresses.,semantics,quantifiers,superlative_quantifiers_1,True,False,False,False,80,1.8952800093012947,1.712085774202256,0.18319423509903876,1,-64.57826179265976,-67.15495431423187,-85.426341894974,-85.98789783045669,11,11
No actress had praised fewer than seven patients.,No actress had praised at most seven patients.,semantics,quantifiers,superlative_quantifiers_1,True,False,False,False,81,1.7304617114805896,0.5000024085638649,1.2304593029167248,1,-64.7754619717598,-70.0108072757721,-80.3496173750851,-74.51082895284688,9,9
No cashier examined more than nine plays.,No cashier examined at least nine plays.,semantics,quantifiers,superlative_quantifiers_1,True,False,False,False,82,1.5488865599725128,1.4950834023361557,0.053803157636357124,1,-63.32831871509552,-64.37410306930542,-77.26829775484813,-77.82985369033082,9,9
No waiter is observing more than six teenagers.,No waiter is observing at least six teenagers.,semantics,quantifiers,superlative_quantifiers_1,True,False,False,False,83,2.010457519137197,1.9154833405691722,0.0949741785680247,1,-59.86492359638214,-61.28124713897705,-77.95904126861691,-78.5205972040996,9,9
No woman was talking to more than eight customers.,No woman was talking to at least eight customers.,semantics,quantifiers,superlative_quantifiers_1,True,False,False,False,84,2.086559667571231,1.8102160073696552,0.27634366020157586,1,-52.55790627002716,-55.882898807525635,-73.42350294573947,-73.98505888122219,10,10
No patient was firing fewer than seven cashiers.,No patient was firing at most seven cashiers.,semantics,quantifiers,superlative_quantifiers_1,True,False,False,False,85,2.250740097746828,1.348306872006694,0.902433225740134,1,-66.99460393190384,-70.18014776706696,-89.50200490937212,-83.6632164871339,10,10
No customer had praised fewer than nine newspaper articles.,No customer had praised at most nine newspaper articles.,semantics,quantifiers,superlative_quantifiers_1,True,False,False,False,86,1.7467124026901786,0.7197488079066915,1.0269635947834872,1,-75.28040933609009,-79.7112568616867,-92.74753336299187,-86.90874494075362,10,10
No senator conceals fewer than eight guests.,No senator conceals at most eight guests.,semantics,quantifiers,superlative_quantifiers_1,True,False,False,False,87,1.3136925253864054,0.10451800800528115,1.2091745173811241,1,-74.32769048213959,-79.37147271633148,-86.15092321061724,-80.31213478837901,9,9
No student is admiring fewer than ten waitresses.,No student is admiring at most ten waitresses.,semantics,quantifiers,superlative_quantifiers_1,True,False,False,False,88,2.2644091870002296,1.429301770878758,0.8351074161214715,1,-74.84293460845947,-78.19032776355743,-99.751435665462,-93.91264724322377,11,11
No painting does hurt more than seven doctors.,No painting does hurt at least seven doctors.,semantics,quantifiers,superlative_quantifiers_1,True,False,False,False,89,1.0775460891001925,0.9313813885501866,0.14616470055000585,1,-63.79973125457764,-65.67676949501038,-73.49764605647937,-74.05920199196206,9,9
No student should escape from fewer than six public parks.,No student should escape from at most six public parks.,semantics,quantifiers,superlative_quantifiers_1,True,False,False,False,90,2.011259534336972,0.7182896868627118,1.2929698474742601,1,-74.79001593589783,-83.17389583587646,-96.91387081360452,-91.0750823913663,11,11
No lady healed fewer than three ladies.,No lady healed at most three ladies.,semantics,quantifiers,superlative_quantifiers_1,True,False,False,False,91,2.014039658503844,0.8433297464854412,1.1707099120184026,1,-54.86039173603058,-58.387282609939575,-70.97270900406133,-65.1339205818231,8,8
No skateboard had alarmed more than nine boys.,No skateboard had alarmed at least nine boys.,semantics,quantifiers,superlative_quantifiers_1,True,False,False,False,92,1.5782209091744561,1.750683201045021,-0.17246229187056494,0,-68.54640638828278,-67.38333940505981,-84.32861548002734,-84.89017141551003,10,10
No teacher cleans fewer than two restaurants.,No teacher cleans at most two restaurants.,semantics,quantifiers,superlative_quantifiers_1,True,False,False,False,93,2.1437111952473202,0.5796269146805244,1.5640842805667958,1,-56.14207077026367,-62.815956592559814,-73.29176033224223,-67.45297191000401,8,8
No actor breaks fewer than six forks.,No actor breaks at most six forks.,semantics,quantifiers,superlative_quantifiers_1,True,False,False,False,94,1.502745235508666,0.17856377910530696,1.324181456403359,1,-62.06488358974457,-66.81954681873322,-74.0868454738139,-68.24805705157567,8,8
No actress was thinking about fewer than six senators.,No actress was thinking about at most six senators.,semantics,quantifiers,superlative_quantifiers_1,True,False,False,False,95,2.213859727862868,1.0120203730009507,1.2018393548619173,1,-62.44105815887451,-68.62066328525543,-84.57965543750319,-78.74086701526494,10,10
No report does alarm fewer than nine banks.,No report does alarm at most nine banks.,semantics,quantifiers,superlative_quantifiers_1,True,False,False,False,96,1.09538075094519,0.167446855766621,0.9279338951785691,1,-70.58668673038483,-73.09930336475372,-80.44511348889154,-74.60632506665331,9,9
No university had listened to more than ten drivers.,No university had listened to at least ten drivers.,semantics,quantifiers,superlative_quantifiers_1,True,False,False,False,97,1.75281692753135,1.5305929913650345,0.22222393616631564,1,-61.10280480980873,-63.886600106954575,-78.63097408512223,-79.19253002060492,10,10
No teacher is biking to fewer than seven banks.,No teacher is biking to at most seven banks.,semantics,quantifiers,superlative_quantifiers_1,True,False,False,False,98,1.3718684712495275,0.06367320489431165,1.3081952663552159,1,-71.77868193387985,-79.02184617519379,-85.49736664637513,-79.6585782241369,10,10
No adult knows more than two girls.,No adult knows at least two girls.,semantics,quantifiers,superlative_quantifiers_1,True,False,False,False,99,1.8727659911523267,1.5031110691562946,0.3696549219960321,1,-46.01458305120468,-49.53337836265564,-60.996710980423295,-61.558266915905996,8,8
No plate has impressed more than two cashiers.,No plate has impressed at least two cashiers.,semantics,quantifiers,superlative_quantifiers_1,True,False,False,False,100,1.9164651165725473,1.8912246072155425,0.025240509357004726,1,-63.810863971710205,-64.62482500076294,-82.97551513743568,-83.53707107291837,10,10
No waiter attacks more than six waiters.,No waiter attacks at least six waiters.,semantics,quantifiers,superlative_quantifiers_1,True,False,False,False,101,1.0882931886117118,1.082807715042975,0.005485473568736854,1,-65.82887816429138,-66.4398033618927,-75.62351686179679,-76.18507279727947,9,9
No student had left fewer than two banks.,No student had left at most two banks.,semantics,quantifiers,superlative_quantifiers_1,True,False,False,False,102,2.0584440316815806,0.7680283039987393,1.2904157276828414,1,-55.94885802268982,-61.72381114959717,-74.47485430782405,-68.63606588558582,9,9
No patient hired fewer than nine men.,No patient hired at most nine men.,semantics,quantifiers,superlative_quantifiers_1,True,False,False,False,103,1.9021719149903973,0.6150413912328325,1.2871305237575648,1,-55.33597755432129,-59.794233322143555,-70.55335287424447,-64.71456445200621,8,8
No bird descends fewer than three hills.,No bird descends at most three hills.,semantics,quantifiers,superlative_quantifiers_1,True,False,False,False,104,2.683806500530775,1.5920386957876582,1.091767804743117,1,-58.99093556404114,-62.97805738449097,-83.14519406881811,-77.30640564657989,9,9
No woman was criticizing more than seven teenagers.,No woman was criticizing at least seven teenagers.,semantics,quantifiers,superlative_quantifiers_1,True,False,False,False,105,2.3439777424015222,2.311637396129233,0.0323403462722891,1,-55.014930963516235,-55.867550015449524,-76.11073064512993,-76.67228658061262,9,9
No waitress visited fewer than three teenagers.,No waitress visited at most three teenagers.,semantics,quantifiers,superlative_quantifiers_1,True,False,False,False,106,2.046871736062826,0.6718860371677451,1.374985698895081,1,-59.779855728149414,-64.94095289707184,-76.15482961665202,-70.3160411944138,8,8
No boy researches fewer than six museums.,No boy researches at most six museums.,semantics,quantifiers,superlative_quantifiers_1,True,False,False,False,107,2.409923958753909,1.3383935534829225,1.0715304052709866,1,-63.32451528310776,-67.12950050830841,-85.01383091189294,-79.17504248965471,9,9
No museum was describing more than five ladies.,No museum was describing at least five ladies.,semantics,quantifiers,superlative_quantifiers_1,True,False,False,False,108,1.6803853030404905,1.6908415817995666,-0.010456278759076065,0,-58.10581016540527,-58.573259592056274,-73.22927789276969,-73.79083382825237,9,9
No dancer likes fewer than eight forks.,No dancer likes at most eight forks.,semantics,quantifiers,superlative_quantifiers_1,True,False,False,False,109,2.0285918184038287,0.6855003414106413,1.3430914769931874,1,-58.18393421173096,-63.08987760543823,-74.41266875896159,-68.57388033672336,8,8
No cashier will flee from fewer than four cafes.,No cashier will flee from at most four cafes.,semantics,quantifiers,superlative_quantifiers_1,True,False,False,False,110,2.2541005875197375,0.9894751328219669,1.2646254546977707,1,-75.59900438785553,-83.67109596729279,-100.39411085057264,-94.55532242833442,11,11
No dancer had run around fewer than seven art galleries.,No dancer had run around at most seven art galleries.,semantics,quantifiers,superlative_quantifiers_1,True,False,False,False,111,1.946899951102195,1.1094041768645737,0.8374957742376212,1,-76.88409423828125,-80.25775933265686,-98.2999937004054,-92.46120527816717,11,11
No patient was fixing more than four windows.,No patient was fixing at least four windows.,semantics,quantifiers,superlative_quantifiers_1,True,False,False,False,112,1.6542774115621879,1.7343888305622543,-0.08011141900006646,0,-57.220558881759644,-57.06111204624176,-72.10905558581933,-72.67061152130205,9,9
No waitress breaks more than six unicycles.,No waitress breaks at least six unicycles.,semantics,quantifiers,superlative_quantifiers_1,True,False,False,False,113,2.718457068975397,2.6114561292823963,0.10700093969300051,1,-66.74097537994385,-68.37254071235657,-93.92554606969782,-94.48710200518053,10,10
No hospital praised fewer than six people.,No hospital praised at most six people.,semantics,quantifiers,superlative_quantifiers_1,True,False,False,False,114,1.3395008425968946,0.06666585213877685,1.2728349904581178,1,-58.115062952041626,-62.45895445346832,-68.83106969281678,-62.99228127057854,8,8
No museum can praise fewer than two guys.,No museum can praise at most two guys.,semantics,quantifiers,superlative_quantifiers_1,True,False,False,False,115,1.3957557473660371,0.18643553636486684,1.2093202110011703,1,-63.613562166690826,-68.65865564346313,-76.17536389298516,-70.33657547074694,9,9
No lady will argue about more than six people.,No lady will argue about at least six people.,semantics,quantifiers,superlative_quantifiers_1,True,False,False,False,116,2.2786243664611847,2.185132438036797,0.0934919284243878,1,-53.0219407081604,-54.51841592788696,-75.80818437277225,-76.36974030825493,10,10
No child knew more than nine guys.,No child knew at least nine guys.,semantics,quantifiers,superlative_quantifiers_1,True,False,False,False,117,1.6786332789699019,1.279504985170111,0.39912829379979087,1,-47.500126242637634,-51.25470852851868,-60.92919247439685,-61.490748409879565,8,8
No pedestrian has skated around more than three lakes.,No pedestrian has skated around at least three lakes.,semantics,quantifiers,superlative_quantifiers_1,True,False,False,False,118,2.497265524386478,2.540655187354916,-0.04338966296843827,0,-66.9838217496872,-67.06809139251709,-94.45374251793845,-95.01529845342117,11,11
No organization has criticized more than five rivers.,No organization has criticized at least five rivers.,semantics,quantifiers,superlative_quantifiers_1,True,False,False,False,119,2.071880444022611,2.0888118402531735,-0.016931396230562612,0,-57.09156405925751,-57.50073742866516,-75.738488055461,-76.30004399094372,9,9
No child will disgust fewer than four children.,No child will disgust at most four children.,semantics,quantifiers,superlative_quantifiers_1,True,False,False,False,120,1.7352859899340496,0.7105426876802343,1.0247433022538153,1,-59.236200988292694,-62.620102286338806,-74.85377489769914,-69.01498647546092,9,9
No museum has impressed fewer than nine senators.,No museum has impressed at most nine senators.,semantics,quantifiers,superlative_quantifiers_1,True,False,False,False,121,2.0748059669511085,0.9020768685636129,1.1727290983874956,1,-64.83172714710236,-69.54750061035156,-83.50498084966233,-77.66619242742408,9,9
No teenager will escape from fewer than two college campuses.,No teenager will escape from at most two college campuses.,semantics,quantifiers,superlative_quantifiers_1,True,False,False,False,122,2.2292699157768125,0.9761636222167092,1.2531062935601034,1,-73.79548847675323,-81.74086928367615,-98.31745755029817,-92.47866912805995,11,11
No lady can boycott fewer than six governments.,No lady can boycott at most six governments.,semantics,quantifiers,superlative_quantifiers_1,True,False,False,False,123,1.8609460107508338,0.47677699818979136,1.3841690125610424,1,-64.56000912189484,-71.178741812706,-81.30852321865234,-75.46973479641412,9,9
No sketch would irritate more than three actresses.,No sketch would irritate at least three actresses.,semantics,quantifiers,superlative_quantifiers_1,True,False,False,False,124,2.6031074051435694,2.3551476317561084,0.247959773387461,1,-62.33230662345886,-65.37346029281616,-88.36338067489456,-88.92493661037724,10,10
No patient has sounded like more than seven senators.,No patient has sounded like at least seven senators.,semantics,quantifiers,superlative_quantifiers_1,True,False,False,False,125,1.999151795344065,1.6433153396751095,0.3558364556689555,1,-63.29512858390808,-67.41504907608032,-83.28664653734873,-83.84820247283142,10,10
No customer has appreciated more than two dancers.,No customer has appreciated at least two dancers.,semantics,quantifiers,superlative_quantifiers_1,True,False,False,False,126,2.184295631456166,1.930231914101995,0.2540637173541711,1,-56.72442662715912,-59.572556018829346,-76.38308731026461,-76.9446432457473,9,9
No legislature forgot fewer than four patients.,No legislature forgot at most four patients.,semantics,quantifiers,superlative_quantifiers_1,True,False,False,False,127,1.5350220392863037,0.04600292447764076,1.489019114808663,1,-61.00391626358032,-67.0772807598114,-73.28409257787075,-67.44530415563253,8,8
No actor cured more than five dancers.,No actor cured at least five dancers.,semantics,quantifiers,superlative_quantifiers_1,True,False,False,False,128,1.5055415786219406,1.1084867143470447,0.3970548642748959,1,-57.08657628297806,-60.82457113265991,-69.13090891195358,-69.69246484743627,8,8
No lady drives to more than five closets.,No lady drives to at least five closets.,semantics,quantifiers,superlative_quantifiers_1,True,False,False,False,129,1.9748893551548121,1.8722571796238725,0.10263217553093962,1,-62.730728685855865,-64.31860637664795,-82.47962223740399,-83.04117817288667,10,10
No person is discussing fewer than ten patients.,No person is discussing at most ten patients.,semantics,quantifiers,superlative_quantifiers_1,True,False,False,False,130,2.3969939641699165,1.1266736775635655,1.270320286606351,1,-55.80907869338989,-61.403172850608826,-77.38202437091914,-71.54323594868092,9,9
No waitress worked with more than seven patients.,No waitress worked with at least seven patients.,semantics,quantifiers,superlative_quantifiers_1,True,False,False,False,131,2.1826702075992666,1.9630147151986408,0.21965549240062576,1,-54.882357716560364,-57.42081308364868,-74.52638958495376,-75.08794552043645,9,9
No person healed more than five ladies.,No person healed at least five ladies.,semantics,quantifiers,superlative_quantifiers_1,True,False,False,False,132,1.7332468774773755,1.533483096836381,0.19976378064099443,1,-52.13508379459381,-54.29474997520447,-66.00105881441281,-66.56261474989552,8,8
No guest bored more than eight senators.,No guest bored at least eight senators.,semantics,quantifiers,superlative_quantifiers_1,True,False,False,False,133,1.264726144450492,1.1164278751315209,0.14829826931897117,1,-60.65283727645874,-62.400779366493225,-70.77064643206268,-71.33220236754539,8,8
No cashier had lifted more than nine windows.,No cashier had lifted at least nine windows.,semantics,quantifiers,superlative_quantifiers_1,True,False,False,False,134,1.7449670672264062,1.6352190686649977,0.10974799856140849,1,-65.75006747245789,-67.40910339355469,-83.19973814472195,-83.76129408020466,10,10
No lamp might upset fewer than three actors.,No lamp might upset at most three actors.,semantics,quantifiers,superlative_quantifiers_1,True,False,False,False,135,1.1654864917934067,0.11024098279020539,1.0552455090032014,1,-69.61849927902222,-73.2769204378128,-80.10787770516288,-74.26908928292465,9,9
No woman drove to more than three glaciers.,No woman drove to at least three glaciers.,semantics,quantifiers,superlative_quantifiers_1,True,False,False,False,136,1.527910380875748,1.4449131198924603,0.08299726098328764,1,-57.22710847854614,-58.53563976287842,-70.97830190642787,-71.53985784191056,9,9
No organization respects fewer than seven actors.,No organization respects at most seven actors.,semantics,quantifiers,superlative_quantifiers_1,True,False,False,False,137,1.5385393764014133,0.37996786088454826,1.158571515516865,1,-63.025203347206116,-66.45498704910278,-75.33351835841742,-69.49472993617917,8,8
No university is firing more than five senators.,No university is firing at least five senators.,semantics,quantifiers,superlative_quantifiers_1,True,False,False,False,138,2.048415459528971,2.2082967547972094,-0.15988129526823824,0,-56.25760364532471,-55.38022792339325,-74.69334278108545,-75.25489871656814,9,9
No adult bikes to fewer than five libraries.,No adult bikes to at most five libraries.,semantics,quantifiers,superlative_quantifiers_1,True,False,False,False,139,0.9979586383982482,-0.6480149018693643,1.6459735402676126,1,-70.67405700683594,-79.64903044700623,-79.65568475242017,-73.81689633018195,9,9
No actress did cure fewer than eight teachers.,No actress did cure at most eight teachers.,semantics,quantifiers,superlative_quantifiers_1,True,False,False,False,140,1.417133473810155,0.22945370925996006,1.187679764550195,1,-67.53354948759079,-72.38387894630432,-80.28775075188219,-74.44896232964396,9,9
No guest is firing more than eight women.,No guest is firing at least eight women.,semantics,quantifiers,superlative_quantifiers_1,True,False,False,False,141,2.0236314353631335,2.1897128190263877,-0.1660813836632542,0,-53.369070291519165,-52.43589377403259,-71.58175320978737,-72.14330914527008,9,9
No doctor skates around more than seven malls.,No doctor skates around at least seven malls.,semantics,quantifiers,superlative_quantifiers_1,True,False,False,False,142,1.9666949775848166,2.107378159023713,-0.14068318143889647,0,-67.66696602106094,-66.8216901421547,-87.33391579690911,-87.89547173239183,10,10
No guest would work with fewer than seven patients.,No guest would work with at most seven patients.,semantics,quantifiers,superlative_quantifiers_1,True,False,False,False,143,1.899151213240532,0.685344044409959,1.213807168830573,1,-63.77148199081421,-70.07076525688171,-82.76299412321953,-76.9242057009813,10,10
No man took fewer than seven malls.,No man took at most seven malls.,semantics,quantifiers,superlative_quantifiers_1,True,False,False,False,144,1.8132620189398985,0.24119052225810478,1.5720714966817937,1,-56.01056921482086,-62.74835276603699,-70.51666536634005,-64.67787694410183,8,8
No girl does run around more than six libraries.,No girl does run around at least six libraries.,semantics,quantifiers,superlative_quantifiers_1,True,False,False,False,145,1.9464973782154005,1.9472316312981235,-0.0007342530827230132,0,-60.4777398109436,-61.03195321559906,-79.94271359309761,-80.5042695285803,10,10
No girl references fewer than six teachers.,No girl references at most six teachers.,semantics,quantifiers,superlative_quantifiers_1,True,False,False,False,146,1.8586218136024222,0.9401141590980195,0.9185076545044026,1,-56.43121075630188,-57.94048357009888,-71.30018526512126,-65.46139684288303,8,8
No waitress had hidden fewer than nine slopes.,No waitress had hidden at most nine slopes.,semantics,quantifiers,superlative_quantifiers_1,True,False,False,False,147,1.5388747466351573,0.2047109580900926,1.3341637885450648,1,-69.4254013299942,-75.59408700466156,-83.27527404971062,-77.4364856274724,9,9
No teacher was messing up more than three plates.,No teacher was messing up at least three plates.,semantics,quantifiers,superlative_quantifiers_1,True,False,False,False,148,1.9192280535531894,1.9483774024420342,-0.029149348888844795,0,-58.77020609378815,-59.040268540382385,-77.96248662932004,-78.52404256480273,10,10
No adult passes more than three lakes.,No adult passes at least three lakes.,semantics,quantifiers,superlative_quantifiers_1,True,False,False,False,149,1.9239154703624628,1.9827335068715861,-0.05881803650912332,0,-51.66157817840576,-51.75258982181549,-67.05290194130546,-67.61445787678818,8,8
No lady did talk about fewer than five doctors.,No lady did talk about at most five doctors.,semantics,quantifiers,superlative_quantifiers_1,True,False,False,False,150,1.6342169364777448,0.4710790562824229,1.1631378801953218,1,-64.87820613384247,-70.67079651355743,-81.22037549861992,-75.38158707638166,10,10
No actor sees fewer than three trucks.,No actor sees at most three trucks.,semantics,quantifiers,superlative_quantifiers_1,True,False,False,False,151,1.6198989895096787,0.1608798758931087,1.45901911361657,1,-57.58866238594055,-63.42202687263489,-70.54785430201798,-64.70906587977976,8,8
No doctor does forget fewer than four guys.,No doctor does forget at most four guys.,semantics,quantifiers,superlative_quantifiers_1,True,False,False,False,152,1.5293263719564942,0.5235383732656911,1.0057879986908032,1,-61.316757917404175,-64.53006148338318,-75.08069526501262,-69.2419068427744,9,9
No print looked like more than eight shawls.,No print looked like at least eight shawls.,semantics,quantifiers,superlative_quantifiers_1,True,False,False,False,153,2.2776949491885046,1.837449359984646,0.4402455892038586,1,-65.3015730381012,-70.70583045482635,-90.35621747917475,-90.91777341465746,11,11
No guy had listened to fewer than eight waitresses.,No guy had listened to at most eight waitresses.,semantics,quantifiers,superlative_quantifiers_1,True,False,False,False,154,1.36862007358369,0.28658325034246507,1.082036823241225,1,-76.47153604030609,-82.53515267372131,-91.52635684972668,-85.68756842748843,11,11
No patient hugs more than six girls.,No patient hugs at least six girls.,semantics,quantifiers,superlative_quantifiers_1,True,False,False,False,155,1.5944350345838423,1.659279666923883,-0.06484463234004068,0,-53.599894762039185,-53.642693638801575,-66.35537503870992,-66.91693097419264,8,8
No senator had talked to more than nine customers.,No senator had talked to at least nine customers.,semantics,quantifiers,superlative_quantifiers_1,True,False,False,False,156,2.024909587956762,1.909270093452284,0.11563949450447808,1,-59.57651096582413,-61.29446184635162,-79.82560684539175,-80.38716278087446,10,10
No person examines more than two reports.,No person examines at least two reports.,semantics,quantifiers,superlative_quantifiers_1,True,False,False,False,157,1.8809978507846594,1.744599112353292,0.1363987384313674,1,-50.08698225021362,-51.73972809314728,-65.1349650564909,-65.69652099197361,8,8
No scarf should look like fewer than ten drawings.,No scarf should look like at most ten drawings.,semantics,quantifiers,superlative_quantifiers_1,True,False,False,False,158,1.7408603984121527,0.6647596881501527,1.076100710262,1,-68.25402224063873,-73.17624092102051,-85.66262622476026,-79.82383780252204,10,10
No boy would visit fewer than six children.,No boy would visit at most six children.,semantics,quantifiers,superlative_quantifiers_1,True,False,False,False,159,2.220419063028967,0.7906541926357578,1.4297648703932093,1,-52.63307976722717,-59.66217517852783,-72.61685133448788,-66.77806291224965,9,9
No doctor fires fewer than four patients.,No doctor fires at most four patients.,semantics,quantifiers,superlative_quantifiers_1,True,False,False,False,160,1.5145208434030657,0.3847820317150159,1.1297388116880498,1,-59.07621967792511,-62.275341749191284,-71.19238642514964,-65.35359800291141,8,8
No print did look like more than seven pies.,No print did look like at least seven pies.,semantics,quantifiers,superlative_quantifiers_1,True,False,False,False,161,0.9618806931384085,0.7526302145469372,0.20925047859147128,1,-69.32200396060944,-71.97606468200684,-78.94081089199352,-79.50236682747621,10,10
No waitress should conceal fewer than ten essays.,No waitress should conceal at most ten essays.,semantics,quantifiers,superlative_quantifiers_1,True,False,False,False,162,1.902496024040248,0.5275817319551442,1.3749142920851036,1,-69.17646598815918,-75.71190619468689,-86.29893020452141,-80.46014178228319,9,9
No driver discovered fewer than nine teenagers.,No driver discovered at most nine teenagers.,semantics,quantifiers,superlative_quantifiers_1,True,False,False,False,163,1.811167385561678,0.5582661254674086,1.2529012600942693,1,-59.273237109184265,-63.457658767700195,-73.76257619367769,-67.92378777143946,8,8
No actress sells more than two screens.,No actress sells at least two screens.,semantics,quantifiers,superlative_quantifiers_1,True,False,False,False,164,1.830475874756658,1.5849354587072604,0.2455404160493977,1,-54.10982418060303,-56.635703444480896,-68.75363117865629,-69.31518711413898,8,8
No rabbit finds fewer than eight banks.,No rabbit finds at most eight banks.,semantics,quantifiers,superlative_quantifiers_1,True,False,False,False,165,1.8392444333784859,0.24303166975466794,1.596212763623818,1,-57.909117579460144,-64.84003126621246,-72.62307304648803,-66.7842846242498,8,8
No senator kisses more than eight guys.,No senator kisses at least eight guys.,semantics,quantifiers,superlative_quantifiers_1,True,False,False,False,166,1.236403975157426,1.2594921787192952,-0.023088203561869136,0,-58.075432777404785,-58.45228308439255,-67.9666645786642,-68.52822051414691,8,8
No play is scaring fewer than seven waitresses.,No play is scaring at most seven waitresses.,semantics,quantifiers,superlative_quantifiers_1,True,False,False,False,167,1.7356823378364936,0.8937123355202036,0.84197000231629,1,-75.71044218540192,-79.13332378864288,-94.80294790160335,-88.96415947936512,11,11
No patient had descended more than three hills.,No patient had descended at least three hills.,semantics,quantifiers,superlative_quantifiers_1,True,False,False,False,168,1.5560285896287762,1.4897008735542272,0.06632771607454901,1,-58.81571680307388,-59.97422218322754,-72.81997410973287,-73.38153004521558,9,9
No doctor described more than four books.,No doctor described at least four books.,semantics,quantifiers,superlative_quantifiers_1,True,False,False,False,169,1.8811252949325183,1.8039349794003954,0.07719031553212297,1,-47.99570643901825,-49.174784898757935,-63.044708798478396,-63.6062647339611,8,8
No waitress was climbing up fewer than ten steps.,No waitress was climbing up at most ten steps.,semantics,quantifiers,superlative_quantifiers_1,True,False,False,False,170,2.1671142807308654,1.380311902206384,0.7868023785244815,1,-64.12876403331757,-66.15799939632416,-85.79990684062622,-79.961118418388,10,10
No boy is hiding fewer than two adults.,No boy is hiding at most two adults.,semantics,quantifiers,superlative_quantifiers_1,True,False,False,False,171,2.566964954278259,1.24683507934556,1.320129874932699,1,-49.6917370557785,-55.73411750793457,-72.79442164428283,-66.95563322204461,9,9
No waiter describes fewer than six teachers.,No waiter describes at most six teachers.,semantics,quantifiers,superlative_quantifiers_1,True,False,False,False,172,2.247896057435291,0.7304741521994202,1.5174219052358708,1,-57.414310336112976,-63.71489715576172,-75.3974787955953,-69.55869037335708,8,8
No child brought fewer than nine bananas.,No child brought at most nine bananas.,semantics,quantifiers,superlative_quantifiers_1,True,False,False,False,173,1.5801844690643172,0.2303548061885614,1.3498296628757558,1,-56.51082623004913,-61.470675110816956,-69.15230198256367,-63.31351356032545,8,8
No adult will go to more than six museums.,No adult will go to at least six museums.,semantics,quantifiers,superlative_quantifiers_1,True,False,False,False,174,1.4639182758493121,1.389624693562925,0.07429358228638705,1,-60.243470549583435,-61.54796230792999,-74.88265330807656,-75.44420924355924,10,10
No actor loved more than seven children.,No actor loved at least seven children.,semantics,quantifiers,superlative_quantifiers_1,True,False,False,False,175,1.9094593724628277,1.351910247697993,0.5575491247648348,1,-48.10770404338837,-53.129652976989746,-63.38337902309099,-63.94493495857369,8,8
No dancer passes fewer than six grocery stores.,No dancer passes at most six grocery stores.,semantics,quantifiers,superlative_quantifiers_1,True,False,False,False,176,2.1108248984281235,0.9817430230893712,1.1290818753387524,1,-67.61920428276062,-71.94215273857117,-86.61662836861373,-80.77783994637551,9,9
No adult knew more than four doctors.,No adult knew at least four doctors.,semantics,quantifiers,superlative_quantifiers_1,True,False,False,False,177,1.4275320089005712,1.262405709233775,0.16512629966679615,1,-52.252013206481934,-54.13457953929901,-63.6722692776865,-64.23382521316921,8,8
No guest dropped by fewer than nine closets.,No guest dropped by at most nine closets.,semantics,quantifiers,superlative_quantifiers_1,True,False,False,False,178,2.31858156536141,1.1914049554984245,1.1271766098629856,1,-67.97369384765625,-73.40667152404785,-91.15950950127035,-85.3207210790321,10,10
No lady will appreciate fewer than eight books.,No lady will appreciate at most eight books.,semantics,quantifiers,superlative_quantifiers_1,True,False,False,False,179,2.0943924522245063,0.7811292178066052,1.3132632344179012,1,-57.53707158565521,-63.5176522731781,-76.38660365567577,-70.54781523343755,9,9
No painting astounded fewer than nine libraries.,No painting astounded at most nine libraries.,semantics,quantifiers,superlative_quantifiers_1,True,False,False,False,180,1.79108230686754,0.8024759563251647,0.9886063505423754,1,-71.43548572063446,-74.49415445327759,-87.55522648244232,-81.71643806020407,9,9
No boy will walk through fewer than seven art galleries.,No boy will walk through at most seven art galleries.,semantics,quantifiers,superlative_quantifiers_1,True,False,False,False,181,1.9540210202757697,1.023122589396275,0.9308984308794948,1,-73.79873263835907,-78.19982695579529,-95.29296386139254,-89.45417543915431,11,11
No association had sold more than nine glasses.,No association had sold at least nine glasses.,semantics,quantifiers,superlative_quantifiers_1,True,False,False,False,182,2.055358470800084,1.7664594016079098,0.288899069192174,1,-55.10876131057739,-58.27040886878967,-73.60698754777815,-74.16854348326086,9,9
No company has discussed more than six people.,No company has discussed at least six people.,semantics,quantifiers,superlative_quantifiers_1,True,False,False,False,183,2.3817123935868287,2.4213998232909355,-0.03968742970410677,0,-48.14396119117737,-48.34833025932312,-69.57937273345883,-70.14092866894154,9,9
No snake has descended fewer than eight stairs.,No snake has descended at most eight stairs.,semantics,quantifiers,superlative_quantifiers_1,True,False,False,False,184,1.7011866345637574,0.4318318835981201,1.2693547509656373,1,-64.32001942396164,-69.90542376041412,-79.63069913503546,-73.7919107127972,9,9
No person is cleaning more than three movie theaters.,No person is cleaning at least three movie theaters.,semantics,quantifiers,superlative_quantifiers_1,True,False,False,False,185,1.790840484594932,1.8403916748858336,-0.0495511902909016,0,-62.859510719776154,-62.92555475234985,-80.76791556572547,-81.32947150120819,10,10
No guy walks through fewer than two restaurants.,No guy walks through at most two restaurants.,semantics,quantifiers,superlative_quantifiers_1,True,False,False,False,186,2.082767895657677,0.8621959502937986,1.2205719453638784,1,-58.79561138153076,-63.941970467567444,-77.54052244244986,-71.70173402021163,9,9
No girl might work with fewer than five ladies.,No girl might work with at most five ladies.,semantics,quantifiers,superlative_quantifiers_1,True,False,False,False,187,2.002006801723141,0.704413789043383,1.297593012679758,1,-59.00618290901184,-66.14332461357117,-79.02625092624325,-73.187462504005,10,10
No driver has messed up more than two restaurants.,No driver has messed up at least two restaurants.,semantics,quantifiers,superlative_quantifiers_1,True,False,False,False,188,2.5643042263049067,2.5104535947440754,0.053850631560831363,1,-54.92862857878208,-56.028690829873085,-80.57167084183115,-81.13322677731384,10,10
No driver was healing more than three doctors.,No driver was healing at least three doctors.,semantics,quantifiers,superlative_quantifiers_1,True,False,False,False,189,1.8236730134804242,1.8664345328706071,-0.04276151939018291,0,-56.03426384925842,-56.21096611022949,-72.44732097058224,-73.00887690606496,9,9
No actor did lift fewer than nine boxes.,No actor did lift at most nine boxes.,semantics,quantifiers,superlative_quantifiers_1,True,False,False,False,190,0.7001118619367743,-0.4126769380523822,1.1127887999891566,1,-72.5014431476593,-76.67775392532349,-78.80244990509027,-72.96366148285205,9,9
No guy is annoying fewer than two universities.,No guy is annoying at most two universities.,semantics,quantifiers,superlative_quantifiers_1,True,False,False,False,191,1.9662747476375968,1.1520661438171278,0.814208603820469,1,-58.4685800075531,-59.9576690196991,-76.16505273629147,-70.32626431405325,9,9
No waiter could buy more than four snakes.,No waiter could buy at least four snakes.,semantics,quantifiers,superlative_quantifiers_1,True,False,False,False,192,2.0279028621642903,1.6727984371159625,0.35510442504832773,1,-55.936338901519775,-59.69383466243744,-74.18746466099839,-74.7490205964811,9,9
No hospital talked about fewer than nine dancers.,No hospital talked about at most nine dancers.,semantics,quantifiers,superlative_quantifiers_1,True,False,False,False,193,1.8612723522826589,0.4466096299454768,1.414662722337182,1,-62.593682408332825,-69.48685848712921,-79.34513357887676,-73.5063451566385,9,9
No bank had disliked more than eight waiters.,No bank had disliked at least eight waiters.,semantics,quantifiers,superlative_quantifiers_1,True,False,False,False,194,0.9298898854960896,0.8190727941841317,0.11081709131195794,1,-71.81414353847504,-73.48387038707733,-81.11304239343593,-81.67459832891865,10,10
No driver had investigated more than eight children.,No driver had investigated at least eight children.,semantics,quantifiers,superlative_quantifiers_1,True,False,False,False,195,2.2079577992982515,2.095215025776481,0.11274277352177053,1,-52.725902676582336,-54.302143573760986,-72.5975228702666,-73.15907880574932,9,9
No dancer hugged fewer than ten waiters.,No dancer hugged at most ten waiters.,semantics,quantifiers,superlative_quantifiers_1,True,False,False,False,196,0.5723454630064566,-0.060941573003109144,0.6332870360095657,1,-76.59920835494995,-76.46000325679779,-81.75031752200806,-75.91152909976981,9,9
No student had biked to fewer than five schools.,No student had biked to at most five schools.,semantics,quantifiers,superlative_quantifiers_1,True,False,False,False,197,1.832013366029328,0.602118096493492,1.229895269535836,1,-73.3318942785263,-81.02195382118225,-93.48404130484892,-87.64525288261066,11,11
No print had worried more than six students.,No print had worried at least six students.,semantics,quantifiers,superlative_quantifiers_1,True,False,False,False,198,1.0848089216159356,1.180192573837265,-0.09538365222132938,0,-63.256147027015686,-62.95925009250641,-73.0194273215591,-73.5809832570418,9,9
No student does look like more than eight sketches.,No student does look like at least eight sketches.,semantics,quantifiers,superlative_quantifiers_1,True,False,False,False,199,2.09481360435899,1.7269704724929824,0.36784313186600737,1,-59.49621868133545,-63.73620593547821,-80.44435472492535,-81.00591066040803,10,10
No waitress can climb up more than two steps.,No waitress can climb up at least two steps.,semantics,quantifiers,superlative_quantifiers_1,True,False,False,False,200,2.4438701954989823,2.4526571493396885,-0.008786953840706158,0,-54.360529482364655,-54.83421587944031,-78.79923143735448,-79.3607873728372,10,10
No pedestrian did see fewer than ten girls.,No pedestrian did see at most ten girls.,semantics,quantifiers,superlative_quantifiers_1,True,False,False,False,201,1.3384751309507377,0.05246352424296674,1.286011606707771,1,-64.11065196990967,-69.84596800804138,-76.1569281484663,-70.31813972622808,9,9
No dancer had fixed fewer than three screens.,No dancer had fixed at most three screens.,semantics,quantifiers,superlative_quantifiers_1,True,False,False,False,202,1.6991208331354244,0.4796644085667323,1.219456424568692,1,-64.96278262138367,-70.09910202026367,-80.25487011960249,-74.41608169736426,9,9
No guest is fixing more than ten planes.,No guest is fixing at least ten planes.,semantics,quantifiers,superlative_quantifiers_1,True,False,False,False,203,1.7128258712320037,1.4837868593408183,0.22903901189118536,1,-58.70556843280792,-61.32847547531128,-74.12100127389596,-74.68255720937864,9,9
No child was listening to fewer than three patients.,No child was listening to at most three patients.,semantics,quantifiers,superlative_quantifiers_1,True,False,False,False,204,2.1005380271428833,0.8513040628296722,1.249233964313211,1,-57.25760877132416,-63.91115999221802,-78.26298904275299,-72.42420062051474,10,10
No dancer cures fewer than two dogs.,No dancer cures at most two dogs.,semantics,quantifiers,superlative_quantifiers_1,True,False,False,False,205,1.9598502903301167,0.7034939203415718,1.256356369988545,1,-58.115178644657135,-62.32724118232727,-73.79398096729807,-67.95519254505984,8,8
No senator does fix more than nine unicycles.,No senator does fix at least nine unicycles.,semantics,quantifiers,superlative_quantifiers_1,True,False,False,False,206,2.3560937802261943,2.1571072240520652,0.19898655617412908,1,-74.29125225543976,-77.04166030883789,-100.2082838379279,-100.76983977341061,11,11
No mouth disturbed more than nine guests.,No mouth disturbed at least nine guests.,semantics,quantifiers,superlative_quantifiers_1,True,False,False,False,207,0.9712944345053494,0.8611207562985115,0.11017367820683788,1,-58.92240357398987,-60.36534893512726,-66.69275905003266,-67.25431498551535,8,8
No plane did impress more than nine schools.,No plane did impress at least nine schools.,semantics,quantifiers,superlative_quantifiers_1,True,False,False,False,208,1.3049071528837715,1.2572639233573284,0.047643229526443065,1,-63.296188831329346,-64.28653383255005,-75.04035320728329,-75.601909142766,9,9
No person was researching more than nine banks.,No person was researching at least nine banks.,semantics,quantifiers,superlative_quantifiers_1,True,False,False,False,209,1.7110036353279208,1.836651936675518,-0.1256483013475973,0,-59.150149285793304,-58.580870509147644,-74.54918200374459,-75.1107379392273,9,9
No boy remembered fewer than four high schools.,No boy remembered at most four high schools.,semantics,quantifiers,superlative_quantifiers_1,True,False,False,False,210,1.8095463211679619,0.883937258799689,0.9256090623682729,1,-60.750258922576904,-63.24195206165314,-77.03617581308856,-71.19738739085034,9,9
No man cares for more than ten women.,No man cares for at least ten women.,semantics,quantifiers,superlative_quantifiers_1,True,False,False,False,211,2.632001885024705,1.8555344108930885,0.7764674741316164,1,-44.467560172080994,-52.01732337474823,-68.15557713730334,-68.71713307278603,9,9
No college campus can distract fewer than seven girls.,No college campus can distract at most seven girls.,semantics,quantifiers,superlative_quantifiers_1,True,False,False,False,212,1.8085607908043755,0.8997438778064748,0.9088169129979007,1,-72.50141632556915,-75.75079703330994,-90.58702423361291,-84.74823581137468,10,10
No customer descends more than three hills.,No customer descends at least three hills.,semantics,quantifiers,superlative_quantifiers_1,True,False,False,False,213,2.193531284759732,2.2323762094326742,-0.038844924672942316,0,-60.37062883377075,-60.58258044719696,-80.11241039660834,-80.67396633209103,9,9
No adult questions fewer than nine committees.,No adult questions at most nine committees.,semantics,quantifiers,superlative_quantifiers_1,True,False,False,False,214,1.0830170418302991,0.2854516521211963,0.7975653897091028,1,-64.80306375026703,-65.3447984457016,-73.46720008490942,-67.62841166267117,8,8
No waiter was helping fewer than eight children.,No waiter was helping at most eight children.,semantics,quantifiers,superlative_quantifiers_1,True,False,False,False,215,2.012256184395309,0.9484753962240846,1.0637807881712245,1,-58.86608171463013,-62.60132038593292,-76.97638737418791,-71.13759895194968,9,9
No patient cleans fewer than six public parks.,No patient cleans at most six public parks.,semantics,quantifiers,superlative_quantifiers_1,True,False,False,False,216,2.1617828343266865,0.7257012756078072,1.4360815587188793,1,-66.1793885231018,-73.2653341293335,-85.63543403204199,-79.79664560980376,9,9
No patient has annoyed more than eight schools.,No patient has annoyed at least eight schools.,semantics,quantifiers,superlative_quantifiers_1,True,False,False,False,217,1.9136184871637265,1.9686140585762044,-0.054995571412477906,0,-57.919689416885376,-57.98628520965576,-75.14225580135891,-75.7038117368416,9,9
No book upset fewer than two adults.,No book upset at most two adults.,semantics,quantifiers,superlative_quantifiers_1,True,False,False,False,218,1.0042883722480482,0.09887074710250854,0.9054176251455397,1,-60.06148171424866,-61.466034293174744,-68.09578869223304,-62.25700026999481,8,8
No newspaper article looks like more than six pictures.,No newspaper article looks like at least six pictures.,semantics,quantifiers,superlative_quantifiers_1,True,False,False,False,219,2.078136248525314,1.7090266967717667,0.3691095517535472,1,-59.7430602312088,-63.99571168422699,-80.52442271646194,-81.08597865194466,10,10
No hospital did have fewer than eight boxes.,No hospital did have at most eight boxes.,semantics,quantifiers,superlative_quantifiers_1,True,False,False,False,220,1.5050570857270757,-0.07558335305602605,1.580640438783102,1,-59.815234303474426,-68.20220983028412,-73.36074807501811,-67.52195965277988,9,9
No girl approached more than two women.,No girl approached at least two women.,semantics,quantifiers,superlative_quantifiers_1,True,False,False,False,221,1.9706974380478748,1.8331513400069017,0.13754609804097306,1,-45.08724129199982,-46.7491660118103,-60.852820796382815,-61.41437673186552,8,8
No fish was boring more than two dancers.,No fish was boring at least two dancers.,semantics,quantifiers,superlative_quantifiers_1,True,False,False,False,222,1.6684084985449867,1.7995046842932665,-0.13109618574827975,0,-55.9680061340332,-55.34969639778137,-70.98368262093808,-71.54523855642077,9,9
No bicycle was stunning more than four waiters.,No bicycle was stunning at least four waiters.,semantics,quantifiers,superlative_quantifiers_1,True,False,False,False,223,1.3145334685137442,1.5152880467803385,-0.20075457826659426,0,-67.99676024913788,-66.55077040195465,-81.14209493427532,-81.70365086975804,10,10
No actor explored fewer than eight high schools.,No actor explored at most eight high schools.,semantics,quantifiers,superlative_quantifiers_1,True,False,False,False,224,1.7034045436175613,0.5962657606250004,1.107138782992561,1,-67.52951562404633,-71.65497624874115,-82.86015651660438,-77.02136809436615,9,9
No museum remembered fewer than three boys.,No museum remembered at most three boys.,semantics,quantifiers,superlative_quantifiers_1,True,False,False,False,225,1.1719485063218045,0.08473273600128639,1.087215770320518,1,-59.675814151763916,-62.534751892089844,-69.05140220233835,-63.212613780100135,8,8
No guest might go to fewer than nine banks.,No guest might go to at most nine banks.,semantics,quantifiers,superlative_quantifiers_1,True,False,False,False,226,1.3426248198024013,0.0959667417387351,1.2466580780636662,1,-67.87776899337769,-74.50556135177612,-81.3040171914017,-75.46522876916347,10,10
No convertible is confusing more than two waitresses.,No convertible is confusing at least two waitresses.,semantics,quantifiers,superlative_quantifiers_1,True,False,False,False,227,1.7873628788631124,1.8907692916176218,-0.10340641275450935,0,-67.40059876441956,-66.92809057235718,-85.27422755305068,-85.8357834885334,10,10
No dancer had cleaned fewer than four cups.,No dancer had cleaned at most four cups.,semantics,quantifiers,superlative_quantifiers_1,True,False,False,False,228,1.7944567907181959,0.5616955762884572,1.2327612144297386,1,-63.37301468849182,-68.62907719612122,-79.52312580495558,-73.68433738271733,9,9
No boy might descend fewer than five slopes.,No boy might descend at most five slopes.,semantics,quantifiers,superlative_quantifiers_1,True,False,False,False,229,1.7229560540419837,0.3018650899750652,1.4210909640669185,1,-64.97552108764648,-71.9265513420105,-80.48212557402434,-74.64333715178608,9,9
No senator argued about fewer than three newspaper articles.,No senator argued about at most three newspaper articles.,semantics,quantifiers,superlative_quantifiers_1,True,False,False,False,230,2.3760627696841228,0.9952148713308446,1.3808478983532781,1,-68.52906930446625,-76.4987598657608,-92.28969700130747,-86.45090857906925,10,10
No committee had hired fewer than four doctors.,No committee had hired at most four doctors.,semantics,quantifiers,superlative_quantifiers_1,True,False,False,False,231,2.1285659331779243,1.0064492049635652,1.1221167282143591,1,-59.82234442234039,-64.08260655403137,-78.97943782094171,-73.14064939870346,9,9
No adult had brought more than six hills.,No adult had brought at least six hills.,semantics,quantifiers,superlative_quantifiers_1,True,False,False,False,232,1.427052277185115,1.3266055842526359,0.10044669293247921,1,-57.56173229217529,-59.02730846405029,-70.40520278684133,-70.96675872232402,9,9
No bank will hurt fewer than five actresses.,No bank will hurt at most five actresses.,semantics,quantifiers,superlative_quantifiers_1,True,False,False,False,233,1.8388701010409945,0.4241986962938932,1.4146714047471014,1,-62.210165321826935,-69.10341954231262,-78.75999623119588,-72.92120780895766,9,9
No newspaper article is embarrassing fewer than two actresses.,No newspaper article is embarrassing at most two actresses.,semantics,quantifiers,superlative_quantifiers_1,True,False,False,False,234,2.082154347793002,1.3451411774422724,0.7370131703507297,1,-70.35545808076859,-71.88680136203766,-91.1770015586986,-85.33821313646038,10,10
No woman can escape from more than six college campuses.,No woman can escape from at least six college campuses.,semantics,quantifiers,superlative_quantifiers_1,True,False,False,False,235,2.018460101946245,1.8388603357875943,0.1795997661586506,1,-67.8903146982193,-70.42746806144714,-90.093375819628,-90.65493175511068,11,11
No school is embarrassing more than five guys.,No school is embarrassing at least five guys.,semantics,quantifiers,superlative_quantifiers_1,True,False,False,False,236,1.8862082887687501,1.9610760487493433,-0.07486775998059314,0,-51.800409853458405,-51.68815594911575,-68.77628445237715,-69.33784038785984,9,9
No doctor was complaining about fewer than five books.,No doctor was complaining about at most five books.,semantics,quantifiers,superlative_quantifiers_1,True,False,False,False,237,2.349416348483814,1.1311047016754856,1.2183116468083284,1,-58.542301297187805,-64.88662934303284,-82.03646478202594,-76.19767635978769,10,10
No senator was hiding fewer than five gloves.,No senator was hiding at most five gloves.,semantics,quantifiers,superlative_quantifiers_1,True,False,False,False,238,1.782755608502735,0.4582919725667536,1.3244636359359814,1,-62.70398557186127,-68.78536987304688,-78.74878604838588,-72.90999762614766,9,9
No cashier sells fewer than six cafes.,No cashier sells at most six cafes.,semantics,quantifiers,superlative_quantifiers_1,True,False,False,False,239,2.2307357903778526,1.0075704204288405,1.2231653699490121,1,-67.60485696792603,-72.77455687522888,-87.6814790813267,-81.84269065908845,9,9
No man was biking to more than four cafes.,No man was biking to at least four cafes.,semantics,quantifiers,superlative_quantifiers_1,True,False,False,False,240,1.3190674634909585,1.3284314320163388,-0.00936396852538035,0,-67.01328778266907,-67.48120403289795,-80.20396241757865,-80.76551835306134,10,10
No lady describes more than five reports.,No lady describes at least five reports.,semantics,quantifiers,superlative_quantifiers_1,True,False,False,False,241,1.7313519973582814,1.3902947059226491,0.34105729143563224,1,-52.36408579349518,-55.65410006046295,-66.21490177236143,-66.77645770784414,8,8
No man hugs more than three drivers.,No man hugs at least three drivers.,semantics,quantifiers,superlative_quantifiers_1,True,False,False,False,242,1.5606637014121887,1.6221083209014662,-0.061444619489277486,0,-52.622825026512146,-52.69282400608063,-65.10813463780966,-65.66969057329236,8,8
No story alarmed more than four waiters.,No story alarmed at least four waiters.,semantics,quantifiers,superlative_quantifiers_1,True,False,False,False,243,0.2874411979067588,0.4047787905196319,-0.11733759261287308,0,-69.1979501247406,-68.70346772670746,-71.78492090590143,-72.34647684138415,9,9
No teacher had lifted fewer than ten malls.,No teacher had lifted at most ten malls.,semantics,quantifiers,superlative_quantifiers_1,True,False,False,False,244,1.734149050896532,0.1311414525878768,1.6030075983086554,1,-66.0554530620575,-74.64373302459717,-81.66279452012628,-75.82400609788806,9,9
No adult had kissed fewer than six children.,No adult had kissed at most six children.,semantics,quantifiers,superlative_quantifiers_1,True,False,False,False,245,1.5049287557545483,0.14123567383128943,1.3636930819232589,1,-61.887405037879944,-68.32185435295105,-75.43176383967088,-69.59297541743265,9,9
No carriage should alarm fewer than four actresses.,No carriage should alarm at most four actresses.,semantics,quantifiers,superlative_quantifiers_1,True,False,False,False,246,1.0844610821241107,-0.09155461637629653,1.1760156985004073,1,-72.27875804901123,-77.02411091327667,-82.03890778812823,-76.20011936589,9,9
No teacher is noticing fewer than nine hats.,No teacher is noticing at most nine hats.,semantics,quantifiers,superlative_quantifiers_1,True,False,False,False,247,1.8361406693535685,0.743326432221298,1.0928142371322704,1,-62.796029686927795,-66.79256939888,-79.32129571110991,-73.48250728887169,9,9
No man does attack more than eight guests.,No man does attack at least eight guests.,semantics,quantifiers,superlative_quantifiers_1,True,False,False,False,248,1.478996833614316,1.3923264695104365,0.08667036410387952,1,-57.5767936706543,-58.9183828830719,-70.88776517318314,-71.44932110866583,9,9
No guy brought fewer than four snakes.,No guy brought at most four snakes.,semantics,quantifiers,superlative_quantifiers_1,True,False,False,False,249,1.7806884835628587,0.3860979974372851,1.3945904861255736,1,-54.19918417930603,-59.51711964607239,-68.4446920478089,-62.60590362557067,8,8
No guy investigates fewer than three guys.,No guy investigates at most three guys.,semantics,quantifiers,superlative_quantifiers_1,True,False,False,False,250,2.2812035583246093,1.1467387688581248,1.1344647894664845,1,-53.793622732162476,-57.03055262565613,-72.04325119875935,-66.20446277652113,8,8
No guy was taking more than three sketches.,No guy was taking at least three sketches.,semantics,quantifiers,superlative_quantifiers_1,True,False,False,False,251,1.956764194286633,1.7805227118279592,0.17624148245867377,1,-52.29899525642395,-54.44672453403473,-69.90987300500365,-70.47142894048636,9,9
No bird scares more than nine associations.,No bird scares at least nine associations.,semantics,quantifiers,superlative_quantifiers_1,True,False,False,False,252,1.4698409288569394,1.4769013912846383,-0.007060462427698866,0,-58.49842697381973,-59.00349920988083,-70.25715440467525,-70.81871034015793,8,8
No person had boycotted fewer than ten mountains.,No person had boycotted at most ten mountains.,semantics,quantifiers,superlative_quantifiers_1,True,False,False,False,253,1.0991311494671654,0.07278133651418144,1.026349812952984,1,-81.63310927152634,-87.08416879177094,-93.72355191566515,-87.88476349342693,11,11
No waiter messed up more than five schools.,No waiter messed up at least five schools.,semantics,quantifiers,superlative_quantifiers_1,True,False,False,False,254,2.056541176312761,2.0527485342602905,0.0037926420524705406,1,-57.04033060371876,-57.63602031767368,-75.54920119053361,-76.1107571260163,9,9
No patient had scanned fewer than eight essays.,No patient had scanned at most eight essays.,semantics,quantifiers,superlative_quantifiers_1,True,False,False,False,255,1.943605196572201,0.5665213086627495,1.3770838879094516,1,-65.60166275501251,-72.15662932395935,-83.09410952416232,-77.2553211019241,9,9
No man was visiting more than five people.,No man was visiting at least five people.,semantics,quantifiers,superlative_quantifiers_1,True,False,False,False,256,2.244663386758058,2.26775812180876,-0.02309473505070203,0,-45.14460092782974,-45.49830424785614,-65.34657140865227,-65.90812734413498,9,9
No senator drops by more than four grocery stores.,No senator drops by at least four grocery stores.,semantics,quantifiers,superlative_quantifiers_1,True,False,False,False,257,1.7037719233265478,1.6614351269574428,0.042336796369105034,1,-70.15761011838913,-71.14253401756287,-87.1953293516546,-87.7568852871373,10,10
No actor heals fewer than nine waitresses.,No actor heals at most nine waitresses.,semantics,quantifiers,superlative_quantifiers_1,True,False,False,False,258,1.3929852203340134,0.26882247659214425,1.124162743741869,1,-73.64886796474457,-77.92754423618317,-86.18573494775069,-80.34694652551246,9,9
No guest scanned more than seven documentaries.,No guest scanned at least seven documentaries.,semantics,quantifiers,superlative_quantifiers_1,True,False,False,False,259,1.4619848064945344,1.3750735247425112,0.08691128175202323,1,-61.03167462348938,-62.28852081298828,-72.72755307544566,-73.28910901092837,8,8
No guy had appreciated fewer than ten restaurants.,No guy had appreciated at most ten restaurants.,semantics,quantifiers,superlative_quantifiers_1,True,False,False,False,260,1.8931092877850928,0.48286036886639117,1.4102489189187017,1,-62.88485109806061,-69.7383029460907,-79.92283468812644,-74.08404626588822,9,9
No student had discovered more than seven documentaries.,No student had discovered at least seven documentaries.,semantics,quantifiers,superlative_quantifiers_1,True,False,False,False,261,2.2132790491916348,2.0213010133288947,0.1919780358627401,1,-56.07461702823639,-58.363975286483765,-75.9941284709611,-76.55568440644382,9,9
No child describes fewer than eight guys.,No child describes at most eight guys.,semantics,quantifiers,superlative_quantifiers_1,True,False,False,False,262,2.050788551906521,0.5635633878939847,1.4872251640125365,1,-53.22546195983887,-59.28447484970093,-69.63177037509104,-63.792981952852806,8,8
No actor sounded like more than nine essays.,No actor sounded like at least nine essays.,semantics,quantifiers,superlative_quantifiers_1,True,False,False,False,263,1.78536748527122,1.369114112083278,0.4162533731879421,1,-59.62040185928345,-63.92823815345764,-75.68870922672443,-76.25026516220714,9,9
No actor should clean more than five couches.,No actor should clean at least five couches.,semantics,quantifiers,superlative_quantifiers_1,True,False,False,False,264,1.5829559564575277,1.5912952317322522,-0.008339275274724445,0,-67.83818799257278,-68.31635117530823,-83.66774755714806,-84.22930349263075,10,10
No doctor had cured fewer than eight drivers.,No doctor had cured at most eight drivers.,semantics,quantifiers,superlative_quantifiers_1,True,False,False,False,265,2.005781555904333,0.6132481043326707,1.3925334515716623,1,-62.01889157295227,-68.71290421485901,-80.07092557609127,-74.23213715385305,9,9
No school discussed fewer than nine rivers.,No school discussed at most nine rivers.,semantics,quantifiers,superlative_quantifiers_1,True,False,False,False,266,1.2951643355459268,0.15366503570537304,1.1414992998405538,1,-61.09710216522217,-64.39030814170837,-71.45841684958958,-65.61962842735136,8,8
No woman has revealed fewer than nine rugs.,No woman has revealed at most nine rugs.,semantics,quantifiers,superlative_quantifiers_1,True,False,False,False,267,2.624539734429342,1.4296364767125085,1.1949032577168337,1,-62.12199366092682,-68.23223781585693,-88.36739100522024,-82.52860258298202,10,10
No teacher can drive to more than seven museums.,No teacher can drive to at least seven museums.,semantics,quantifiers,superlative_quantifiers_1,True,False,False,False,268,1.728344410662615,1.6555314554361644,0.07281295522645048,1,-60.290356159210205,-61.5800416469574,-77.57380026583635,-78.13535620131904,10,10
No customer hated fewer than eight customers.,No customer hated at most eight customers.,semantics,quantifiers,superlative_quantifiers_1,True,False,False,False,269,1.862697331570427,0.7456836347047648,1.117013696865662,1,-60.04702651500702,-63.14434766769409,-74.94860516757043,-69.10981674533221,8,8
No waitress saw more than two waitresses.,No waitress saw at least two waitresses.,semantics,quantifiers,superlative_quantifiers_1,True,False,False,False,270,1.316669298326537,1.145549139665298,0.17112015866123897,1,-63.02084302902222,-65.12248039245605,-74.87086671396105,-75.43242264944374,9,9
No hamster was stunning more than five dancers.,No hamster was stunning at least five dancers.,semantics,quantifiers,superlative_quantifiers_1,True,False,False,False,271,2.138246601887775,2.2178964867415885,-0.07964988485381364,0,-65.35872876644135,-65.12378585338593,-86.7411947853191,-87.30275072080181,10,10
No driver boycotts fewer than seven cafes.,No driver boycotts at most seven cafes.,semantics,quantifiers,superlative_quantifiers_1,True,False,False,False,272,2.126879233619456,1.0141485282907405,1.1127307053287154,1,-71.45787000656128,-75.6336579322815,-90.59978310913638,-84.76099468689816,9,9
No company is admiring more than nine planes.,No company is admiring at least nine planes.,semantics,quantifiers,superlative_quantifiers_1,True,False,False,False,273,2.4541366737504946,2.527701323723858,-0.07356464997336332,0,-59.2451576590538,-59.071067094802856,-83.78652439655875,-84.34808033204143,10,10
No driver was fixing fewer than five wheelbarrows.,No driver was fixing at most five wheelbarrows.,semantics,quantifiers,superlative_quantifiers_1,True,False,False,False,274,2.585781964545664,1.4822045428686061,1.103577421677058,1,-70.18666470050812,-76.48722791671753,-98.63026631051042,-92.7914778882722,11,11
No actor runs around more than ten public parks.,No actor runs around at least ten public parks.,semantics,quantifiers,superlative_quantifiers_1,True,False,False,False,275,1.7094922340875143,1.6562160840139568,0.05327615007355746,1,-68.15087103843689,-69.24518847465515,-85.24579337931203,-85.80734931479472,10,10
No senator had concealed fewer than two women.,No senator had concealed at most two women.,semantics,quantifiers,superlative_quantifiers_1,True,False,False,False,276,2.150834386677739,0.6891153205202001,1.4617190661575388,1,-58.5492285490036,-65.86591172218323,-77.90673802910325,-72.06794960686503,9,9
No doctor hated fewer than five commentaries.,No doctor hated at most five commentaries.,semantics,quantifiers,superlative_quantifiers_1,True,False,False,False,277,1.0313067164226923,-0.21114653113896034,1.2424532475616528,1,-73.34845268726349,-78.69174349308014,-82.63021313506772,-76.7914247128295,9,9
No lady can love fewer than six students.,No lady can love at most six students.,semantics,quantifiers,superlative_quantifiers_1,True,False,False,False,278,1.8137530106303297,0.4977576052597372,1.3159954053705925,1,-57.16351914405823,-63.168689370155334,-73.4872962397312,-67.64850781749297,9,9
No bird had resembled fewer than ten pictures.,No bird had resembled at most ten pictures.,semantics,quantifiers,superlative_quantifiers_1,True,False,False,False,279,1.780693802447527,0.3506755990685456,1.4300182033789812,1,-62.29401421546936,-69.32538962364197,-78.3202584374971,-72.48147001525888,9,9
No actress was returning to more than four waitresses.,No actress was returning to at least four waitresses.,semantics,quantifiers,superlative_quantifiers_1,True,False,False,False,280,1.2648064658644749,0.9827458330811655,0.2820606327833094,1,-72.16928297281265,-75.83350586891174,-86.08215409732188,-86.64371003280456,11,11
No teenager conceals fewer than six waiters.,No teenager conceals at most six waiters.,semantics,quantifiers,superlative_quantifiers_1,True,False,False,False,281,0.9785609205124473,-0.09416331775324523,1.0727242382656925,1,-82.24568343162537,-87.13413739204407,-92.03129263674984,-86.19250421451162,10,10
No committee can reference more than four teenagers.,No committee can reference at least four teenagers.,semantics,quantifiers,superlative_quantifiers_1,True,False,False,False,282,1.5872976323226864,1.5284602001612169,0.05883743216146953,1,-61.4566113948822,-62.547704219818115,-75.74229008578638,-76.30384602126907,9,9
No association knew fewer than three boys.,No association knew at most three boys.,semantics,quantifiers,superlative_quantifiers_1,True,False,False,False,283,1.4394304259092436,0.08411065370903348,1.3553197722002102,1,-55.88754403591156,-60.891313791275024,-67.40298744318551,-61.56419902094729,8,8
No lady can bike to more than three public parks.,No lady can bike to at least three public parks.,semantics,quantifiers,superlative_quantifiers_1,True,False,False,False,284,0.9275891191367485,0.8537135251367751,0.07387559399997334,1,-75.27500355243683,-76.64919102191925,-85.47848386294106,-86.04003979842378,11,11
No government had respected fewer than seven hospitals.,No government had respected at most seven hospitals.,semantics,quantifiers,superlative_quantifiers_1,True,False,False,False,285,2.117064946839409,0.8514050679351866,1.2656598789042226,1,-61.153159379959106,-66.70530986785889,-80.20674390151379,-74.36795547927557,9,9
No university buys fewer than five glaciers.,No university buys at most five glaciers.,semantics,quantifiers,superlative_quantifiers_1,True,False,False,False,286,2.068030164023263,0.31050249570965605,1.7575276683136067,1,-59.97289836406708,-68.19433128833771,-76.51713967625318,-70.67835125401496,8,8
No waitress had talked about more than six actresses.,No waitress had talked about at least six actresses.,semantics,quantifiers,superlative_quantifiers_1,True,False,False,False,287,2.3613494345697377,1.920137526859159,0.4412119077105787,1,-60.3179669380188,-65.2916419506073,-83.93146128371617,-84.49301721919889,10,10
No hospital was firing more than two doctors.,No hospital was firing at least two doctors.,semantics,quantifiers,superlative_quantifiers_1,True,False,False,False,288,2.284879745607267,2.548229578206133,-0.2633498325988657,0,-49.77301263809204,-47.96442008018494,-70.33693034855744,-70.89848628404013,9,9
No person went to more than two glaciers.,No person went to at least two glaciers.,semantics,quantifiers,superlative_quantifiers_1,True,False,False,False,289,1.4677970467080255,1.2644962608596932,0.20330078584833222,1,-53.91999328136444,-56.31125628948212,-67.13016670173667,-67.69172263721936,9,9
No customer had helped more than ten guys.,No customer had helped at least ten guys.,semantics,quantifiers,superlative_quantifiers_1,True,False,False,False,290,1.9142283153102793,1.8689652913091284,0.0452630240011509,1,-54.429701149463654,-55.398624300956726,-71.65775598725617,-72.21931192273888,9,9
No boy boycotts more than nine movie theaters.,No boy boycotts at least nine movie theaters.,semantics,quantifiers,superlative_quantifiers_1,True,False,False,False,291,1.9045085332958167,1.9629393970677058,-0.05843086377188911,0,-71.47510141134262,-71.45234870910645,-90.52018674430079,-91.0817426797835,10,10
No print worried more than eight museums.,No print worried at least eight museums.,semantics,quantifiers,superlative_quantifiers_1,True,False,False,False,292,0.748525373747789,0.7883498239551088,-0.03982445020731973,0,-63.638299345970154,-63.88125967979431,-69.62650233595247,-70.18805827143518,8,8
No driver skated around fewer than nine malls.,No driver skated around at most nine malls.,semantics,quantifiers,superlative_quantifiers_1,True,False,False,False,293,1.8221437932821316,0.9649738758286646,0.857169917453467,1,-75.29722809791565,-78.0301388502121,-93.51866603073697,-87.67987760849874,10,10
No newspaper article sounded like fewer than ten glaciers.,No newspaper article sounded like at most ten glaciers.,semantics,quantifiers,superlative_quantifiers_1,True,False,False,False,294,1.898731350339301,0.7673002682206118,1.1314310821186893,1,-74.33106005191803,-79.8065824508667,-93.31837355531104,-87.47958513307282,10,10
No cashier ascended fewer than four steps.,No cashier ascended at most four steps.,semantics,quantifiers,superlative_quantifiers_1,True,False,False,False,295,1.9319008130247128,0.8512087698647091,1.0806920431600038,1,-65.35640168190002,-69.2438416481018,-82.74350899912244,-76.90472057688419,9,9
No child should mess up more than four couches.,No child should mess up at least four couches.,semantics,quantifiers,superlative_quantifiers_1,True,False,False,False,296,2.197219230050386,2.22236523339247,-0.025146003342084278,0,-64.07433187961578,-64.35928177833557,-88.24374341017003,-88.80529934565274,11,11
No pedestrian is visiting fewer than six guys.,No pedestrian is visiting at most six guys.,semantics,quantifiers,superlative_quantifiers_1,True,False,False,False,297,2.4103714331274344,1.2825119298437357,1.1278595032836987,1,-57.89738726615906,-62.20933437347412,-79.59073016430597,-73.75194174206774,9,9
No student fixed fewer than six planes.,No student fixed at most six planes.,semantics,quantifiers,superlative_quantifiers_1,True,False,False,False,298,1.3418819451110444,0.14585947527613463,1.1960224698349098,1,-61.77677834033966,-65.5061696767807,-72.51183390122802,-66.67304547898978,8,8
No library helps more than eight adults.,No library helps at least eight adults.,semantics,quantifiers,superlative_quantifiers_1,True,False,False,False,299,1.6312563304492933,1.5317120677545404,0.09954426269475292,1,-55.06430971622467,-56.42221975326538,-68.11436035981902,-68.6759162953017,8,8
No actor has researched more than three rivers.,No actor has researched at least three rivers.,semantics,quantifiers,superlative_quantifiers_1,True,False,False,False,300,1.910518312782361,1.5979539611288058,0.31256435165355523,1,-58.70056426525116,-62.075199365615845,-75.89522908029241,-76.4567850157751,9,9
No fork did hurt fewer than ten women.,No fork did hurt at most ten women.,semantics,quantifiers,superlative_quantifiers_1,True,False,False,False,301,0.9994259225724704,-0.31472673235477244,1.3141526549272429,1,-67.08327925205231,-73.07186472415924,-76.07811255520454,-70.23932413296629,9,9
No school criticizes more than two movie theaters.,No school criticizes at least two movie theaters.,semantics,quantifiers,superlative_quantifiers_1,True,False,False,False,302,2.151743751046007,1.9841116911480783,0.16763205989792862,1,-63.83151018619537,-66.06938672065735,-85.34894769665544,-85.91050363213813,10,10
No waiter has researched fewer than nine movies.,No waiter has researched at most nine movies.,semantics,quantifiers,superlative_quantifiers_1,True,False,False,False,303,2.3935090232105583,0.938181932667779,1.455327090542779,1,-62.76366317272186,-70.02281856536865,-84.30524438161689,-78.46645595937866,9,9
No student did see more than three teenagers.,No student did see at least three teenagers.,semantics,quantifiers,superlative_quantifiers_1,True,False,False,False,304,1.784071820115312,1.3270727912317695,0.4569990288835426,1,-54.67973828315735,-59.35428547859192,-70.73638466419516,-71.29794059967784,9,9
No senator is bringing fewer than eight college campuses.,No senator is bringing at most eight college campuses.,semantics,quantifiers,superlative_quantifiers_1,True,False,False,False,305,2.3073404740564087,1.2120328584294158,1.095307615626993,1,-69.63712298870087,-74.75141072273254,-92.71052772926495,-86.8717393070267,10,10
No student was concealing more than three people.,No student was concealing at least three people.,semantics,quantifiers,superlative_quantifiers_1,True,False,False,False,306,2.150431221842959,2.0466904833657025,0.1037407384772564,1,-59.59773272275925,-61.196696043014526,-81.10204494118884,-81.66360087667155,10,10
No waitress has helped more than five adults.,No waitress has helped at least five adults.,semantics,quantifiers,superlative_quantifiers_1,True,False,False,False,307,2.3585163481458173,2.2089410300853336,0.14957531806048374,1,-54.63840961456299,-56.54614341259003,-75.86505674787534,-76.42661268335803,9,9
No university had hired more than four teachers.,No university had hired at least four teachers.,semantics,quantifiers,superlative_quantifiers_1,True,False,False,False,308,2.1790652212390094,2.095859834081643,0.08320538715736658,1,-53.51058733463287,-54.82099175453186,-73.12217432578396,-73.68373026126665,9,9
No customer will heal fewer than six guys.,No customer will heal at most six guys.,semantics,quantifiers,superlative_quantifiers_1,True,False,False,False,309,2.4855024609625596,1.3332749629465341,1.1522274980160254,1,-57.5059415102005,-62.037200570106506,-79.87546365886354,-74.03667523662531,9,9
No committee was upsetting fewer than two museums.,No committee was upsetting at most two museums.,semantics,quantifiers,superlative_quantifiers_1,True,False,False,False,310,1.752913747105102,0.860349592518642,0.89256415458646,1,-64.55359196662903,-66.74788093566895,-80.32981569057495,-74.49102726833672,9,9
No child complains about more than seven men.,No child complains about at least seven men.,semantics,quantifiers,superlative_quantifiers_1,True,False,False,False,311,2.3825512463206797,1.9524362036982932,0.43011504262238653,1,-50.3119660615921,-54.74455738067627,-71.75492727847822,-72.31648321396091,9,9
No photograph did annoy more than five people.,No photograph did annoy at least five people.,semantics,quantifiers,superlative_quantifiers_1,True,False,False,False,312,1.1834797946874511,1.2155972225774545,-0.03211742789000338,0,-61.74065291881561,-62.01315200328827,-72.39197107100267,-72.95352700648536,9,9
No person did impress fewer than three museums.,No person did impress at most three museums.,semantics,quantifiers,superlative_quantifiers_1,True,False,False,False,313,1.5460599782762,0.19721981752094722,1.3488401607552527,1,-65.66131126880646,-71.96208429336548,-79.57585107329226,-73.737062651054,9,9
No waitress sounded like more than six guests.,No waitress sounded like at least six guests.,semantics,quantifiers,superlative_quantifiers_1,True,False,False,False,314,1.997690612244251,1.5944135808336866,0.4032770314105645,1,-57.99480152130127,-62.185850739479065,-75.97401703149953,-76.53557296698224,9,9
No guest does break fewer than three forks.,No guest does break at most three forks.,semantics,quantifiers,superlative_quantifiers_1,True,False,False,False,315,1.479633290265863,-0.043743151651224506,1.5233764419170877,1,-66.11040616035461,-73.98200571537018,-79.42710577274738,-73.58831735050916,9,9
No waitress hides more than ten sketches.,No waitress hides at least ten sketches.,semantics,quantifiers,superlative_quantifiers_1,True,False,False,False,316,1.541446571060785,1.400374098322125,0.14107247273866008,1,-61.222267508506775,-62.91240322589874,-73.55384007699305,-74.11539601247574,8,8
No eye has annoyed fewer than five patients.,No eye has annoyed at most five patients.,semantics,quantifiers,superlative_quantifiers_1,True,False,False,False,317,2.1270628799600817,0.9626528349575822,1.1644100450024994,1,-60.12013202905655,-64.76103401184082,-79.26369794869728,-73.42490952645906,9,9
No lady climbed down more than seven stairs.,No lady climbed down at least seven stairs.,semantics,quantifiers,superlative_quantifiers_1,True,False,False,False,318,1.8568233153480282,1.931409317550033,-0.07458600220200484,0,-55.338950872421265,-55.22923278808594,-72.05036071055352,-72.61191664603624,9,9
No boy healed fewer than seven ladies.,No boy healed at most seven ladies.,semantics,quantifiers,superlative_quantifiers_1,True,False,False,False,319,1.7057727912853338,0.6364043056394593,1.0693684856458745,1,-57.650415539741516,-60.36657500267029,-71.29659787002419,-65.45780944778596,8,8
No guest admired more than four drawings.,No guest admired at least four drawings.,semantics,quantifiers,superlative_quantifiers_1,True,False,False,False,320,1.4544505628391597,1.3548730109503033,0.09957755188885642,1,-57.84841692447662,-59.20659327507019,-69.4840214271899,-70.04557736267262,8,8
No student is describing fewer than six schools.,No student is describing at most six schools.,semantics,quantifiers,superlative_quantifiers_1,True,False,False,False,321,2.7654218417924974,1.548072666589718,1.2173491752027794,1,-53.881165742874146,-58.99851989746094,-78.76996231900662,-72.9311738967684,9,9
No company remembered fewer than nine cafes.,No company remembered at most nine cafes.,semantics,quantifiers,superlative_quantifiers_1,True,False,False,False,322,1.4810245445113992,0.31530421181295054,1.1657203326984487,1,-63.21444880962372,-66.70142304897308,-75.06264516571491,-69.22385674347669,8,8
No driver was scanning fewer than seven movies.,No driver was scanning at most seven movies.,semantics,quantifiers,superlative_quantifiers_1,True,False,False,False,323,1.6515276608913325,0.6161560358772533,1.0353716250140792,1,-64.14316868782043,-67.62272489070892,-79.00691763584243,-73.1681292136042,9,9
No door was stunning fewer than three waitresses.,No door was stunning at most three waitresses.,semantics,quantifiers,superlative_quantifiers_1,True,False,False,False,324,1.35230855226186,0.42324626005443805,0.9290622922074221,1,-72.89929729700089,-76.35113179683685,-86.42238281961949,-80.58359439738123,10,10
No hospital embarrassed more than six associations.,No hospital embarrassed at least six associations.,semantics,quantifiers,superlative_quantifiers_1,True,False,False,False,325,0.8407021310208087,1.0100955156687377,-0.16939338464792897,0,-62.38994562625885,-61.596354484558105,-69.11556267442532,-69.677118609908,8,8
No man should approach fewer than three boys.,No man should approach at most three boys.,semantics,quantifiers,superlative_quantifiers_1,True,False,False,False,326,1.702007080359544,0.5392053342415422,1.1628017461180018,1,-57.89279353618622,-62.51922082901001,-73.21085725942211,-67.37206883718389,9,9
No mall aggravated fewer than eight dancers.,No mall aggravated at most eight dancers.,semantics,quantifiers,superlative_quantifiers_1,True,False,False,False,327,1.3278180066336702,0.1997301169460286,1.1280878896876416,1,-68.64648360013962,-71.83239829540253,-79.26902765320898,-73.43023923097076,8,8
No guest has discovered fewer than three movies.,No guest has discovered at most three movies.,semantics,quantifiers,superlative_quantifiers_1,True,False,False,False,328,2.5387393498524364,1.2206789879227686,1.3180603619296678,1,-54.093854546546936,-60.11760938167572,-76.94250869521886,-71.10372027298064,9,9
No teenager was biking to more than seven malls.,No teenager was biking to at least seven malls.,semantics,quantifiers,superlative_quantifiers_1,True,False,False,False,329,1.3185036342269882,1.2493187600838382,0.06918487414315,1,-73.31042331457138,-74.5638279914856,-86.49545965684126,-87.05701559232398,10,10
No pedestrian does heal fewer than five teenagers.,No pedestrian does heal at most five teenagers.,semantics,quantifiers,superlative_quantifiers_1,True,False,False,False,330,2.26503887600923,0.849415247325412,1.4156236286838182,1,-66.31052553653717,-73.21234977245331,-86.69587542062024,-80.85708699838202,9,9
No senator has passed fewer than five hills.,No senator has passed at most five hills.,semantics,quantifiers,superlative_quantifiers_1,True,False,False,False,331,2.4182842299982052,0.7076560348038691,1.710628195194336,1,-57.37692165374756,-66.93378698825836,-79.14147972373141,-73.30269130149318,9,9
No waitress sold fewer than two turtles.,No waitress sold at most two turtles.,semantics,quantifiers,superlative_quantifiers_1,True,False,False,False,332,2.021964046299992,0.5565289695105093,1.4654350767894826,1,-57.569769978523254,-63.45446217060089,-73.74548234892319,-67.90669392668497,8,8
No woman had admired fewer than three coats.,No woman had admired at most three coats.,semantics,quantifiers,superlative_quantifiers_1,True,False,False,False,333,2.108269275678601,0.8457985101793939,1.262470765499207,1,-58.94436526298523,-64.46781373023987,-77.91878874409264,-72.08000032185441,9,9
No guest might fix fewer than six bikes.,No guest might fix at most six bikes.,semantics,quantifiers,superlative_quantifiers_1,True,False,False,False,334,1.3963646900419602,-0.0649071227293992,1.4612718127713593,1,-68.6325312256813,-75.94518911838531,-81.19981343605895,-75.36102501382072,9,9
No government did conceal more than two books.,No government did conceal at least two books.,semantics,quantifiers,superlative_quantifiers_1,True,False,False,False,335,1.2094875352436594,1.0104426534870565,0.19904488175660284,1,-59.64467990398407,-61.997639775276184,-70.530067721177,-71.09162365665969,9,9
No hamster has annoyed fewer than seven museums.,No hamster has annoyed at most seven museums.,semantics,quantifiers,superlative_quantifiers_1,True,False,False,False,336,2.539434568553651,1.5527547252578984,0.9866798432957524,1,-68.44438850879669,-72.47239851951599,-93.8387341943332,-87.99994577209497,10,10
No woman left fewer than seven cafes.,No woman left at most seven cafes.,semantics,quantifiers,superlative_quantifiers_1,True,False,False,False,337,2.060963760330111,0.7977737103674869,1.263190049962624,1,-55.42902314662933,-59.6957551240921,-71.91673322927022,-66.077944807032,8,8
No company appreciates more than eight books.,No company appreciates at least eight books.,semantics,quantifiers,superlative_quantifiers_1,True,False,False,False,338,2.3916647467363057,2.4131673423839795,-0.02150259564767376,0,-54.87115168571472,-55.23918426036835,-76.39613440634147,-76.95769034182416,9,9
No window has alarmed fewer than eight organizations.,No window has alarmed at most eight organizations.,semantics,quantifiers,superlative_quantifiers_1,True,False,False,False,339,1.4450706231398303,0.32747726492652557,1.1175933582133046,1,-67.68748044967651,-71.90703225135803,-80.69311605793499,-74.85432763569676,9,9
No student is firing fewer than three drivers.,No student is firing at most three drivers.,semantics,quantifiers,superlative_quantifiers_1,True,False,False,False,340,2.272799851607099,1.1699485896589517,1.1028512619481474,1,-57.70817959308624,-61.79505252838135,-78.16337825755014,-72.32458983531191,9,9
No library insults fewer than eight women.,No library insults at most eight women.,semantics,quantifiers,superlative_quantifiers_1,True,False,False,False,341,1.4078416559557816,0.41905276408756365,0.988788891868218,1,-62.5781147480011,-64.64963746070862,-73.84084799564735,-68.00205957340913,8,8
No teenager noticed fewer than two people.,No teenager noticed at most two people.,semantics,quantifiers,superlative_quantifiers_1,True,False,False,False,342,1.9566014344388734,0.7895266755948711,1.1670747588440022,1,-52.42828917503357,-55.92609882354736,-68.08110065054456,-62.24231222830633,8,8
No pedestrian had dropped by fewer than two art galleries.,No pedestrian had dropped by at most two art galleries.,semantics,quantifiers,superlative_quantifiers_1,True,False,False,False,343,2.0278155913625695,0.8835915949715446,1.144223996391025,1,-75.60252022743225,-82.3501957654953,-97.90849173242052,-92.06970331018229,11,11
No mall has looked like fewer than seven prints.,No mall has looked like at most seven prints.,semantics,quantifiers,superlative_quantifiers_1,True,False,False,False,344,2.0602849785361856,1.0292688877962803,1.0310160907399053,1,-65.82986211776733,-70.30123460292816,-86.43271190312919,-80.59392348089096,10,10
No actress did run around fewer than ten mountains.,No actress did run around at most ten mountains.,semantics,quantifiers,superlative_quantifiers_1,True,False,False,False,345,1.1010791680363439,0.15785062202376424,0.9432285460125797,1,-73.50713694095612,-77.10063397884369,-84.51792862131956,-78.67914019908133,10,10
No adult had confused fewer than five teenagers.,No adult had confused at most five teenagers.,semantics,quantifiers,superlative_quantifiers_1,True,False,False,False,346,1.5566794867665281,0.2124813291236478,1.3441981576428803,1,-66.0324667096138,-72.2914617061615,-80.04258209051255,-74.20379366827433,9,9
No pedestrian had approached fewer than five drivers.,No pedestrian had approached at most five drivers.,semantics,quantifiers,superlative_quantifiers_1,True,False,False,False,347,2.1295734732447107,0.6528271489559327,1.476746324288778,1,-63.41631066799164,-70.86823916435242,-82.58247192719404,-76.74368350495581,9,9
No guy is exploring more than three cafes.,No guy is exploring at least three cafes.,semantics,quantifiers,superlative_quantifiers_1,True,False,False,False,348,1.9381999213238241,2.0887671961173107,-0.15056727479348653,0,-57.61388838291168,-56.82033884525299,-75.0576876748261,-75.61924361030879,9,9
No company had sold fewer than ten dresses.,No company had sold at most ten dresses.,semantics,quantifiers,superlative_quantifiers_1,True,False,False,False,349,2.5642394337673533,1.1587520650102254,1.4054873687571279,1,-54.10447037220001,-60.91506826877594,-77.1826252761062,-71.34383685386797,9,9
No senator observed fewer than ten guests.,No senator observed at most ten guests.,semantics,quantifiers,superlative_quantifiers_1,True,False,False,False,350,1.7627011153626135,0.3938913964394182,1.3688097189231954,1,-60.12183463573456,-65.2335239648819,-74.22344355863547,-68.38465513639724,8,8
No teacher loves fewer than six senators.,No teacher loves at most six senators.,semantics,quantifiers,superlative_quantifiers_1,True,False,False,False,351,2.0855117165157218,0.6023411212111291,1.4831705953045926,1,-56.62173479795456,-62.648311138153076,-73.30582853008033,-67.46704010784211,8,8
No cashier sold more than seven rabbits.,No cashier sold at least seven rabbits.,semantics,quantifiers,superlative_quantifiers_1,True,False,False,False,352,2.0807214446588174,1.7422708090247865,0.3384506356340309,1,-58.326754331588745,-61.93436598777771,-77.0532473335181,-77.61480326900079,9,9
No company took fewer than six stairs.,No company took at most six stairs.,semantics,quantifiers,superlative_quantifiers_1,True,False,False,False,353,1.9468007363270523,0.3388195869352968,1.6079811493917555,1,-51.80578863620758,-58.830849409103394,-67.380194526824,-61.54140610458577,8,8
No teenager would see more than seven schools.,No teenager would see at least seven schools.,semantics,quantifiers,superlative_quantifiers_1,True,False,False,False,354,1.9162162336628796,1.6146411108937064,0.3015751227691732,1,-54.11781299114227,-57.393545031547546,-71.36375909410819,-71.9253150295909,9,9
No waiter hires more than five guys.,No waiter hires at least five guys.,semantics,quantifiers,superlative_quantifiers_1,True,False,False,False,355,2.0157384297192955,1.856023747510367,0.1597146822089286,1,-53.88945931196213,-55.72873270511627,-70.01536674971649,-70.57692268519921,8,8
No convertible has confused fewer than four girls.,No convertible has confused at most four girls.,semantics,quantifiers,superlative_quantifiers_1,True,False,False,False,356,1.8093672676662227,0.7229884115755851,1.0863788560906376,1,-63.925084471702576,-67.86370575428009,-80.20938988069858,-74.37060145846036,9,9
No fish broke more than eight bikes.,No fish broke at least eight bikes.,semantics,quantifiers,superlative_quantifiers_1,True,False,False,False,357,1.7679118858244376,1.6638610724004117,0.10405081342402589,1,-52.022301852703094,-53.416264295578,-66.1655969392986,-66.7271528747813,8,8
No pedestrian does clean fewer than six movie theaters.,No pedestrian does clean at most six movie theaters.,semantics,quantifiers,superlative_quantifiers_1,True,False,False,False,358,1.5394588371706532,0.6036204445661241,0.9358383926045292,1,-77.903717815876,-81.42331331968307,-93.29830618758254,-87.45951776534432,10,10
No woman broke more than nine cars.,No woman broke at least nine cars.,semantics,quantifiers,superlative_quantifiers_1,True,False,False,False,359,2.086324519320498,1.8677779740062705,0.21854654531422746,1,-46.39572596549988,-48.7056542634964,-63.08632212006386,-63.64787805554656,8,8
No adult skates around more than nine college campuses.,No adult skates around at least nine college campuses.,semantics,quantifiers,superlative_quantifiers_1,True,False,False,False,360,2.2075639693231865,2.414768469573979,-0.2072045002507923,0,-73.57117414474487,-71.85348057746887,-97.85437780729993,-98.41593374278264,11,11
No person had returned to fewer than five children.,No person had returned to at most five children.,semantics,quantifiers,superlative_quantifiers_1,True,False,False,False,361,2.0577558968483403,0.557733059101065,1.5000228377472753,1,-55.940854251384735,-65.10229420661926,-76.51841321986814,-70.67962479762991,10,10
No adult does forget fewer than four newspaper articles.,No adult does forget at most four newspaper articles.,semantics,quantifiers,superlative_quantifiers_1,True,False,False,False,362,1.283692526333192,0.24268787730089797,1.041004649032294,1,-76.35960900783539,-80.9308670759201,-89.19653427116731,-83.35774584892908,10,10
No lady should kiss fewer than five waitresses.,No lady should kiss at most five waitresses.,semantics,quantifiers,superlative_quantifiers_1,True,False,False,False,363,1.197071246666536,-0.11572773343951895,1.3127989801060551,1,-74.92254620790482,-82.21174758672714,-86.89325867457018,-81.05447025233195,10,10
No lady is hugging fewer than seven adults.,No lady is hugging at most seven adults.,semantics,quantifiers,superlative_quantifiers_1,True,False,False,False,364,2.2613323565726406,1.2328785592177414,1.0284537973548993,1,-58.21185916662216,-61.629154920578,-78.56385037577593,-72.72506195353768,9,9
No customer was appreciating fewer than six children.,No customer was appreciating at most six children.,semantics,quantifiers,superlative_quantifiers_1,True,False,False,False,365,2.5298822190148966,1.744150709459379,0.7857315095555177,1,-63.107085824012756,-65.12561249732971,-88.40590801416172,-82.5671195919235,10,10
No hamster has disturbed more than four cashiers.,No hamster has disturbed at least four cashiers.,semantics,quantifiers,superlative_quantifiers_1,True,False,False,False,366,2.3217072814178463,2.2227878205667575,0.09891946085108883,1,-70.75863206386566,-72.40830206871033,-96.29741215946197,-96.85896809494466,11,11
No doctor embarrassed more than five museums.,No doctor embarrassed at least five museums.,semantics,quantifiers,superlative_quantifiers_1,True,False,False,False,367,0.8296684175285662,0.7710778506078952,0.058590566920670994,1,-61.52837157249451,-62.55865204334259,-68.16571891272304,-68.72727484820575,8,8
No cat was ascending more than four ladders.,No cat was ascending at least four ladders.,semantics,quantifiers,superlative_quantifiers_1,True,False,False,False,368,2.526314682011011,2.386964054503295,0.13935062750771587,1,-57.02718883752823,-58.982251048088074,-82.29033565763834,-82.85189159312102,10,10
No teenager had fixed more than two mirrors.,No teenager had fixed at least two mirrors.,semantics,quantifiers,superlative_quantifiers_1,True,False,False,False,369,1.5611863130866463,1.6045346335819046,-0.043348320495258275,0,-60.78715646266937,-60.95857751369476,-74.83783328044919,-75.3993892159319,9,9
No lady took fewer than eight photographs.,No lady took at most eight photographs.,semantics,quantifiers,superlative_quantifiers_1,True,False,False,False,370,1.936374996014056,0.3857691584738028,1.5506058375402532,1,-53.79762244224548,-60.363680720329285,-69.28862241035793,-63.44983398811971,8,8
No person fixes more than three planes.,No person fixes at least three planes.,semantics,quantifiers,superlative_quantifiers_1,True,False,False,False,371,1.8111513369955894,1.6395201142235543,0.17163122277203513,1,-52.54629933834076,-54.480905055999756,-67.03551003430547,-67.59706596978819,8,8
No driver listens to more than five waitresses.,No driver listens to at least five waitresses.,semantics,quantifiers,superlative_quantifiers_1,True,False,False,False,372,1.5530534542200343,1.3621054401137314,0.1909480141063029,1,-66.77139091491699,-69.24242699146271,-82.30192545711733,-82.86348139260002,10,10
No library was discussing more than eight dancers.,No library was discussing at least eight dancers.,semantics,quantifiers,superlative_quantifiers_1,True,False,False,False,373,1.7205287906462496,1.7393715356435595,-0.018842744997309868,0,-60.08826386928558,-60.48023509979248,-75.57302298510183,-76.13457892058452,9,9
No senator has sounded like more than seven boys.,No senator has sounded like at least seven boys.,semantics,quantifiers,superlative_quantifiers_1,True,False,False,False,374,2.0989526220335533,1.8360854349250104,0.26286718710854284,1,-59.38191384077072,-62.57214164733887,-80.37144006110626,-80.93299599658897,10,10
No person has praised more than four dancers.,No person has praised at least four dancers.,semantics,quantifiers,superlative_quantifiers_1,True,False,False,False,375,2.139982117523753,1.9379081674560945,0.20207395006765827,1,-55.02310800552368,-57.403329491615295,-74.28294706323746,-74.84450299872015,9,9
No pedestrian has loved fewer than three guests.,No pedestrian has loved at most three guests.,semantics,quantifiers,superlative_quantifiers_1,True,False,False,False,376,1.9772232722076966,0.5764047882577314,1.400818483949965,1,-62.88818049430847,-69.65675842761993,-80.68318994417774,-74.84440152193952,9,9
No driver cleans fewer than six lamps.,No driver cleans at most six lamps.,semantics,quantifiers,superlative_quantifiers_1,True,False,False,False,377,1.7388184963129731,0.2781786429979931,1.46063985331498,1,-61.526023387908936,-67.37235379219055,-75.43657135841272,-69.5977829361745,8,8
No senator skated around fewer than two high schools.,No senator skated around at most two high schools.,semantics,quantifiers,superlative_quantifiers_1,True,False,False,False,378,2.075466752085359,1.18522730452315,0.8902394475622089,1,-75.159677028656,-79.11352252960205,-97.98981130159495,-92.1510228793567,11,11
No vase does look like fewer than nine prints.,No vase does look like at most nine prints.,semantics,quantifiers,superlative_quantifiers_1,True,False,False,False,379,2.397891896250596,1.408534291821796,0.9893576044287999,1,-68.07594215869904,-73.12008738517761,-94.45275301745559,-88.61396459521737,11,11
No actress investigates fewer than three ladies.,No actress investigates at most three ladies.,semantics,quantifiers,superlative_quantifiers_1,True,False,False,False,380,1.6831469814474573,0.2949665352832227,1.3881804461642346,1,-61.24407798051834,-66.510733127594,-74.709253832098,-68.87046540985978,8,8
No picture is impressing more than four banks.,No picture is impressing at least four banks.,semantics,quantifiers,superlative_quantifiers_1,True,False,False,False,381,1.7049665516660695,1.9230763216402749,-0.2181097699742054,0,-65.24257707595825,-63.623035311698914,-82.29224259261895,-82.85379852810166,10,10
No waiter has admired fewer than nine couches.,No waiter has admired at most nine couches.,semantics,quantifiers,superlative_quantifiers_1,True,False,False,False,382,2.469863057040473,1.4712236490588992,0.9986394079815737,1,-70.01297497749329,-74.1605806350708,-94.71160554789802,-88.8728171256598,10,10
No student would clean fewer than three rugs.,No student would clean at most three rugs.,semantics,quantifiers,superlative_quantifiers_1,True,False,False,False,383,1.9365048290802007,0.8630122034968508,1.07349262558335,1,-67.13699018955231,-72.03312802314758,-86.50203848035432,-80.66325005811609,10,10
No girl was scanning more than five documentaries.,No girl was scanning at least five documentaries.,semantics,quantifiers,superlative_quantifiers_1,True,False,False,False,384,1.8336699569254273,1.855725869113292,-0.022055912187864735,0,-57.95684373378754,-58.31989645957947,-74.45987334611638,-75.0214292815991,9,9
No woman has run around fewer than eight restaurants.,No woman has run around at most eight restaurants.,semantics,quantifiers,superlative_quantifiers_1,True,False,False,False,385,2.43305439829802,1.452842708002143,0.9802116902958771,1,-60.67763555049896,-64.64096403121948,-85.00817953347917,-79.16939111124091,10,10
No glove can look like more than ten photographs.,No glove can look like at least ten photographs.,semantics,quantifiers,superlative_quantifiers_1,True,False,False,False,386,1.6439627705849262,1.3102903020757026,0.3336724685092236,1,-61.93708527088165,-65.8353658914566,-78.37671297673091,-78.93826891221363,10,10
No guy does talk to fewer than two drivers.,No guy does talk to at most two drivers.,semantics,quantifiers,superlative_quantifiers_1,True,False,False,False,387,1.8108704591967324,0.7540801637258397,1.0567902954708925,1,-61.36760628223419,-66.0967208147049,-79.47631087420152,-73.63752245196329,10,10
No sketch has bothered fewer than four doctors.,No sketch has bothered at most four doctors.,semantics,quantifiers,superlative_quantifiers_1,True,False,False,False,388,1.897437810694893,0.8095163996429449,1.0879214110519482,1,-64.29146814346313,-68.24397242069244,-81.36840843971717,-75.52962001747895,9,9
No waitress breaks fewer than eight computers.,No waitress breaks at most eight computers.,semantics,quantifiers,superlative_quantifiers_1,True,False,False,False,389,1.755837590456558,0.3938099785885498,1.3620276118680081,1,-62.52461463212967,-67.58204710483551,-76.57131535578213,-70.73252693354391,8,8
No doctor is disturbing more than two customers.,No doctor is disturbing at least two customers.,semantics,quantifiers,superlative_quantifiers_1,True,False,False,False,390,2.0207830089285324,2.1313521497447647,-0.11056914081623237,0,-53.12794637680054,-52.694380044937134,-71.31499345715733,-71.87654939264002,9,9
No student forgot fewer than seven children.,No student forgot at most seven children.,semantics,quantifiers,superlative_quantifiers_1,True,False,False,False,391,2.1333726757184692,0.8946760965438463,1.238696579174623,1,-52.24405038356781,-56.31483459472656,-69.31103178931556,-63.47224336707733,8,8
No guy was admiring more than two forks.,No guy was admiring at least two forks.,semantics,quantifiers,superlative_quantifiers_1,True,False,False,False,392,2.350528940195912,2.3484471837571532,0.0020817564387587417,1,-58.8369842171669,-59.4193577170372,-82.34227361912602,-82.90382955460873,10,10
No woman exited more than seven college campuses.,No woman exited at least seven college campuses.,semantics,quantifiers,superlative_quantifiers_1,True,False,False,False,393,1.883144506839301,1.9785695379295811,-0.09542503109028022,0,-65.78385019302368,-65.48658084869385,-82.73215075457739,-83.29370669006008,9,9
No patient was working with fewer than ten children.,No patient was working with at most ten children.,semantics,quantifiers,superlative_quantifiers_1,True,False,False,False,394,2.497470555758298,1.2034357138739806,1.2940348418843173,1,-54.161428332328796,-61.262988328933716,-79.13613388991178,-73.29734546767352,10,10
No guy concealed more than two ladies.,No guy concealed at least two ladies.,semantics,quantifiers,superlative_quantifiers_1,True,False,False,False,395,1.3448037338175745,1.5035117490931373,-0.15870801527556289,0,-53.278887152671814,-52.57077896595001,-64.03731702321241,-64.59887295869511,8,8
No drawing looks like more than eight drivers.,No drawing looks like at least eight drivers.,semantics,quantifiers,superlative_quantifiers_1,True,False,False,False,396,1.472407856529723,1.1585682966148927,0.31383955991483026,1,-57.91655874252319,-61.30267071723938,-71.1682294512907,-71.72978538677341,9,9
No girl climbed up more than five stairs.,No girl climbed up at least five stairs.,semantics,quantifiers,superlative_quantifiers_1,True,False,False,False,397,2.2575892337446373,2.2634347554706866,-0.005845521726049352,0,-49.098898351192474,-49.60784459114075,-69.41720145489421,-69.97875739037693,9,9
No senator fled from fewer than seven people.,No senator fled from at most seven people.,semantics,quantifiers,superlative_quantifiers_1,True,False,False,False,398,2.1418080685917382,0.7396082536218418,1.4021998149698964,1,-58.30327343940735,-65.0842833518982,-77.579546056733,-71.74075763449477,9,9
No senator was breaking more than three windows.,No senator was breaking at least three windows.,semantics,quantifiers,superlative_quantifiers_1,True,False,False,False,399,1.724189671894136,1.7838852152473994,-0.059695543353263325,0,-56.919007301330566,-56.94330334663391,-72.43671434837779,-72.9982702838605,9,9
No government had concealed fewer than eight adults.,No government had concealed at most eight adults.,semantics,quantifiers,superlative_quantifiers_1,True,False,False,False,400,2.0454369168266076,0.5937599617479665,1.451676955078641,1,-61.065985798835754,-68.2922899723053,-79.47491805027522,-73.636129628037,9,9
No teacher escapes from more than ten closets.,No teacher escapes from at least ten closets.,semantics,quantifiers,superlative_quantifiers_1,True,False,False,False,401,2.69922769629313,2.215870584038484,0.48335711225464584,1,-60.16635024547577,-65.56147730350494,-87.15862720840707,-87.72018314388978,10,10
No guy was investigating more than eight legislatures.,No guy was investigating at least eight legislatures.,semantics,quantifiers,superlative_quantifiers_1,True,False,False,False,402,2.099106540264946,2.04277145679139,0.05633508347355587,1,-57.890936493873596,-58.959508180618286,-76.78289535625811,-77.3444512917408,9,9
No shirt had looked like more than two drawings.,No shirt had looked like at least two drawings.,semantics,quantifiers,superlative_quantifiers_1,True,False,False,False,403,1.7383892702448265,1.348627913090428,0.3897613571543985,1,-58.707112312316895,-63.16628181934357,-76.09100501476516,-76.65256095024785,10,10
No teenager should think about fewer than eight bananas.,No teenager should think about at most eight bananas.,semantics,quantifiers,superlative_quantifiers_1,True,False,False,False,404,1.6981930103552514,0.42866319957979326,1.2695298107754582,1,-68.39765357971191,-75.25416326522827,-85.37958368326443,-79.5407952610262,10,10
No actress is breaking more than nine skateboards.,No actress is breaking at least nine skateboards.,semantics,quantifiers,superlative_quantifiers_1,True,False,False,False,405,2.1647601480603074,2.123094309256513,0.041665838803794486,1,-64.6860613822937,-65.66427570581436,-86.33366286289677,-86.89521879837949,10,10
No library did know more than three dancers.,No library did know at least three dancers.,semantics,quantifiers,superlative_quantifiers_1,True,False,False,False,406,0.8253789601598984,0.6914356886929782,0.1339432714669202,1,-62.25628054141998,-64.02332592010498,-69.68469118285907,-70.24624711834178,9,9
No doctor can help fewer than three actors.,No doctor can help at most three actors.,semantics,quantifiers,superlative_quantifiers_1,True,False,False,False,407,2.0726950596629132,0.7418009700026005,1.3308940896603128,1,-55.13067877292633,-61.26993715763092,-73.78493430989255,-67.94614588765432,9,9
No man visits fewer than six people.,No man visits at most six people.,semantics,quantifiers,superlative_quantifiers_1,True,False,False,False,408,1.6836802845500038,0.6889858836867289,0.994694400863275,1,-52.65218496322632,-54.77095174789429,-66.12162723962635,-60.28283881738812,8,8
No lady has biked to more than ten cafes.,No lady has biked to at least ten cafes.,semantics,quantifiers,superlative_quantifiers_1,True,False,False,False,409,1.3618722887242531,1.2673701497718872,0.09450213895236592,1,-77.17373561859131,-78.77481508255005,-92.15433079455809,-92.71588673004081,11,11
No patient had broken fewer than nine trucks.,No patient had broken at most nine trucks.,semantics,quantifiers,superlative_quantifiers_1,True,False,False,False,410,1.8014791619345027,0.45553249541439794,1.3459466665201048,1,-61.60148185491562,-67.87621343135834,-77.81479431232614,-71.97600589008792,9,9
No driver tours more than five schools.,No driver tours at least five schools.,semantics,quantifiers,superlative_quantifiers_1,True,False,False,False,411,1.725393631164156,1.9915548734828725,-0.2661612423187165,0,-53.93359112739563,-52.36585712432861,-67.73674017670888,-68.2982961121916,8,8
No boy had watched more than ten doctors.,No boy had watched at least ten doctors.,semantics,quantifiers,superlative_quantifiers_1,True,False,False,False,412,1.9956947944977546,1.8140723570317396,0.18162243746601492,1,-51.940881192684174,-54.13703906536102,-69.90213434316397,-70.46369027864668,9,9
No mall could distract fewer than six people.,No mall could distract at most six people.,semantics,quantifiers,superlative_quantifiers_1,True,False,False,False,413,1.8113964123292652,0.7042449799065353,1.1071514324227298,1,-63.15475690364838,-67.28033137321472,-79.45732461461176,-73.61853619237354,9,9
No girl was dropping by fewer than five college campuses.,No girl was dropping by at most five college campuses.,semantics,quantifiers,superlative_quantifiers_1,True,False,False,False,414,1.970903880592914,0.9762016143647698,0.9947022662281442,1,-73.05878865718842,-78.16172516345978,-94.73873134371047,-88.89994292147225,11,11
No woman climbed down more than six stairs.,No woman climbed down at least six stairs.,semantics,quantifiers,superlative_quantifiers_1,True,False,False,False,415,2.016621360379825,2.077972853219715,-0.06135149283988994,0,-53.17094552516937,-53.18033802509308,-71.3205377685878,-71.88209370407051,9,9
No cashier bikes to more than eight libraries.,No cashier bikes to at least eight libraries.,semantics,quantifiers,superlative_quantifiers_1,True,False,False,False,416,1.2664567633514197,1.1954764602169519,0.07098030313446779,1,-72.95631551742554,-74.22767448425293,-85.62088315093973,-86.18243908642245,10,10
No student was noticing more than four socks.,No student was noticing at least four socks.,semantics,quantifiers,superlative_quantifiers_1,True,False,False,False,417,1.5239787181209326,1.5108149344758033,0.013163783645129268,1,-59.44103562831879,-60.121065616607666,-73.15684409140718,-73.7184000268899,9,9
No waiter has bought more than six dresses.,No waiter has bought at least six dresses.,semantics,quantifiers,superlative_quantifiers_1,True,False,False,False,418,2.471059899422452,2.346399495069281,0.12466040435317094,1,-53.12329959869385,-54.8067991733551,-75.36283869349592,-75.92439462897863,9,9
No university talks to more than three children.,No university talks to at least three children.,semantics,quantifiers,superlative_quantifiers_1,True,False,False,False,419,2.3802930876256974,2.125034124952587,0.25525896267311055,1,-45.985780358314514,-48.844666957855225,-67.40841814694579,-67.96997408242851,9,9
No dancer cleans fewer than five shoes.,No dancer cleans at most five shoes.,semantics,quantifiers,superlative_quantifiers_1,True,False,False,False,420,1.5792325513448837,0.10969598954143933,1.4695365618034444,1,-61.054495096206665,-66.971999168396,-73.68835550696573,-67.84956708472751,8,8
No doctor respects more than seven girls.,No doctor respects at least seven girls.,semantics,quantifiers,superlative_quantifiers_1,True,False,False,False,421,1.6220486585870475,1.475110507657206,0.14693815092984153,1,-52.32477355003357,-54.06183469295502,-65.30116281872995,-65.86271875421266,8,8
No doctor worked with more than eight guys.,No doctor worked with at least eight guys.,semantics,quantifiers,superlative_quantifiers_1,True,False,False,False,422,2.026574689061985,1.7332232058869925,0.2933514831749924,1,-50.14547157287598,-53.347190856933594,-68.38464377443384,-68.94619970991653,9,9
No window has bothered more than six committees.,No window has bothered at least six committees.,semantics,quantifiers,superlative_quantifiers_1,True,False,False,False,423,1.391778648026856,1.6279315832249748,-0.23615293519811886,0,-62.815049052238464,-61.25122857093811,-75.34105688448017,-75.90261281996288,9,9
No customer was fixing fewer than four bicycles.,No customer was fixing at most four bicycles.,semantics,quantifiers,superlative_quantifiers_1,True,False,False,False,424,1.9106957728392109,0.8151156815072133,1.0955800913319975,1,-64.27552378177643,-68.29695618152618,-81.47178573732933,-75.6329973150911,9,9
No university might boast about fewer than five actors.,No university might boast about at most five actors.,semantics,quantifiers,superlative_quantifiers_1,True,False,False,False,425,1.8948178140322711,0.4801882560758742,1.414629557956397,1,-70.19605278968811,-78.50355994701385,-89.14423093001082,-83.3054425077726,10,10
No patient hid fewer than nine banks.,No patient hid at most nine banks.,semantics,quantifiers,superlative_quantifiers_1,True,False,False,False,426,1.5270774138609795,0.1890903296347446,1.337987084226235,1,-61.44571113586426,-66.31081938743591,-73.6623304467521,-67.82354202451387,8,8
No person can scan more than two stories.,No person can scan at least two stories.,semantics,quantifiers,superlative_quantifiers_1,True,False,False,False,427,2.3070767325864696,2.1125890431554586,0.19448768943101102,1,-49.52209144830704,-51.83403658866882,-70.28578204158526,-70.84733797706795,9,9
No photograph was looking like fewer than two boys.,No photograph was looking like at most two boys.,semantics,quantifiers,superlative_quantifiers_1,True,False,False,False,428,2.147100358189192,1.1455662983178143,1.0015340598713778,1,-56.78461217880249,-60.961164355278015,-78.25561576069441,-72.41682733845616,10,10
No teacher explored more than three museums.,No teacher explored at least three museums.,semantics,quantifiers,superlative_quantifiers_1,True,False,False,False,429,1.8968162190124396,1.7861821470787795,0.11063407193366004,1,-53.887533724308014,-55.33416223526001,-69.06206347640753,-69.62361941189025,8,8
No print has looked like more than five prints.,No print has looked like at least five prints.,semantics,quantifiers,superlative_quantifiers_1,True,False,False,False,430,1.8173088635686525,1.4757325569017723,0.3415763066668802,1,-61.31670165061951,-65.294020652771,-79.48979028630603,-80.05134622178872,10,10
No child examines fewer than nine plays.,No child examines at most nine plays.,semantics,quantifiers,superlative_quantifiers_1,True,False,False,False,431,1.403088606158832,0.18192978473853572,1.2211588214202962,1,-59.72792077064514,-63.65840291976929,-70.9526296199158,-65.11384119767757,8,8
No person could boycott fewer than four rivers.,No person could boycott at most four rivers.,semantics,quantifiers,superlative_quantifiers_1,True,False,False,False,432,1.799703460773846,0.4533522442841742,1.3463512164896718,1,-64.31361293792725,-70.59198546409607,-80.51094408489186,-74.67215566265364,9,9
No teacher drives to fewer than nine hospitals.,No teacher drives to at most nine hospitals.,semantics,quantifiers,superlative_quantifiers_1,True,False,False,False,433,1.636299836772802,0.1824178012379573,1.4538820355348447,1,-63.62921643257141,-70.87536633014679,-78.35591496352663,-72.5171265412884,9,9
No actor has cleaned more than nine cars.,No actor has cleaned at least nine cars.,semantics,quantifiers,superlative_quantifiers_1,True,False,False,False,434,1.593771250102814,1.546732405051652,0.04703884505116207,1,-59.363262832164764,-60.34816837310791,-73.70720408309009,-74.26876001857278,9,9
No man toured more than eight schools.,No man toured at least eight schools.,semantics,quantifiers,superlative_quantifiers_1,True,False,False,False,435,1.5033640057602078,1.6858463468833946,-0.18248234112318684,0,-53.890945076942444,-52.992642283439636,-65.9178571230241,-66.4794130585068,8,8
No guy might drive to more than eight hills.,No guy might drive to at least eight hills.,semantics,quantifiers,superlative_quantifiers_1,True,False,False,False,436,1.315359172213212,1.375862781546698,-0.060503609333485864,0,-63.466490149497986,-63.42300999164581,-76.6200818716301,-77.18163780711279,10,10
No adult did scan more than nine newspaper articles.,No adult did scan at least nine newspaper articles.,semantics,quantifiers,superlative_quantifiers_1,True,False,False,False,437,0.8608820650309582,0.9150295184920992,-0.054147453461141026,0,-78.54098224639893,-78.5610636472702,-87.14980289670851,-87.7113588321912,10,10
No actor is watching fewer than four pedestrians.,No actor is watching at most four pedestrians.,semantics,quantifiers,superlative_quantifiers_1,True,False,False,False,438,1.661302432215147,0.4349048745711646,1.2263975576439825,1,-63.36647343635559,-68.56526303291321,-78.31819532629191,-72.47940690405369,9,9
No man might think about fewer than seven committees.,No man might think about at most seven committees.,semantics,quantifiers,superlative_quantifiers_1,True,False,False,False,439,2.031332309249734,0.8732253471757531,1.158106962073981,1,-61.341285943984985,-67.08356714248657,-81.65460903648233,-75.8158206142441,10,10
No woman is exploring fewer than ten museums.,No woman is exploring at most ten museums.,semantics,quantifiers,superlative_quantifiers_1,True,False,False,False,440,2.2522133976222847,1.1964765476639816,1.055736849958303,1,-59.118767499923706,-62.78161072731018,-79.38868807852427,-73.54989965628602,9,9
No person had fixed fewer than six glasses.,No person had fixed at most six glasses.,semantics,quantifiers,superlative_quantifiers_1,True,False,False,False,441,1.7320632315159041,0.4633844833176208,1.2686787481982833,1,-60.01298749446869,-65.59230780601501,-75.60155657811183,-69.7627681558736,9,9
No boy has thought about more than five pies.,No boy has thought about at least five pies.,semantics,quantifiers,superlative_quantifiers_1,True,False,False,False,442,2.24745631224514,1.9013525380890202,0.3461037741561199,1,-52.88391178846359,-56.90650546550751,-75.35847491091499,-75.92003084639771,10,10
No guest observes more than four children.,No guest observes at least four children.,semantics,quantifiers,superlative_quantifiers_1,True,False,False,False,443,2.0016769412427067,2.0229940300379745,-0.021317088795267836,0,-51.03764462471008,-51.42866384983063,-67.05106015465174,-67.61261609013442,8,8
No teacher boasts about more than ten movies.,No teacher boasts about at least ten movies.,semantics,quantifiers,superlative_quantifiers_1,True,False,False,False,444,2.153311649329715,1.5687246265064547,0.5845870228232601,1,-56.13989168405533,-61.96273082494736,-75.51969652802276,-76.08125246350545,9,9
No actress fixes fewer than six forks.,No actress fixes at most six forks.,semantics,quantifiers,superlative_quantifiers_1,True,False,False,False,445,1.368734989538929,-0.08401274687179239,1.4527477364107213,1,-65.2720195055008,-71.05521297454834,-76.22189942181222,-70.383110999574,8,8
No boy is disgusting more than nine students.,No boy is disgusting at least nine students.,semantics,quantifiers,superlative_quantifiers_1,True,False,False,False,446,1.854620320843452,1.949678902577653,-0.09505858173420112,0,-53.738542318344116,-53.444571018218994,-70.43012520593518,-70.99168114141787,9,9
No actor had noticed fewer than nine lakes.,No actor had noticed at most nine lakes.,semantics,quantifiers,superlative_quantifiers_1,True,False,False,False,447,1.6173034666263801,0.31295415981654173,1.3043493068098384,1,-64.553457736969,-70.45381307601929,-79.10918893660642,-73.27040051436816,9,9
No museum was taking more than four planes.,No museum was taking at least four planes.,semantics,quantifiers,superlative_quantifiers_1,True,False,False,False,448,1.7308794586974254,1.510688160276702,0.2201912984207235,1,-55.25297284126282,-57.79625046253204,-70.83088796953965,-71.39244390502236,9,9
No man returned to fewer than three ladies.,No man returned to at most three ladies.,semantics,quantifiers,superlative_quantifiers_1,True,False,False,False,449,1.898891439139359,0.4194034733821073,1.4794879657572517,1,-53.052998185157776,-60.5296014547348,-70.143021137412,-64.30423271517377,9,9
No waiter was messing up fewer than two restaurants.,No waiter was messing up at most two restaurants.,semantics,quantifiers,superlative_quantifiers_1,True,False,False,False,450,2.190792914412802,1.3977282454105677,0.7930646690022343,1,-64.79812431335449,-66.88998258113861,-86.70605345748251,-80.86726503524429,10,10
No grocery store upset fewer than six girls.,No grocery store upset at most six girls.,semantics,quantifiers,superlative_quantifiers_1,True,False,False,False,451,1.6608958140488963,0.9045018083119203,0.756394005736976,1,-66.2695130109787,-67.23827064037323,-81.21757533741877,-75.37878691518051,9,9
No company works with fewer than two women.,No company works with at most two women.,semantics,quantifiers,superlative_quantifiers_1,True,False,False,False,452,2.4748605301090296,0.8678172734938288,1.6070432566152009,1,-49.377567291259766,-58.00216817855835,-71.65131206224103,-65.81252364000281,9,9
No teenager descends more than seven slopes.,No teenager descends at least seven slopes.,semantics,quantifiers,superlative_quantifiers_1,True,False,False,False,453,2.126901089251662,2.175336348287058,-0.048435259035395806,0,-65.24098479747772,-65.36662340164185,-84.38309460074268,-84.94465053622537,9,9
No organization buys fewer than eight chairs.,No organization buys at most eight chairs.,semantics,quantifiers,superlative_quantifiers_1,True,False,False,False,454,1.768394742655662,0.3321679534628821,1.43622678919278,1,-60.558253049850464,-66.20927894115448,-74.70541099109576,-68.86662256885754,8,8
No guy was concealing fewer than five pedestrians.,No guy was concealing at most five pedestrians.,semantics,quantifiers,superlative_quantifiers_1,True,False,False,False,455,2.2358182086064433,0.862286887687705,1.3735313209187383,1,-69.76129162311554,-77.6578164100647,-92.11947370917997,-86.28068528694175,10,10
No horse does ascend more than four hills.,No horse does ascend at least four hills.,semantics,quantifiers,superlative_quantifiers_1,True,False,False,False,456,1.6721935620227808,1.5735409755207823,0.09865258650199848,1,-59.72512584924698,-61.17455506324768,-74.774867907452,-75.33642384293472,9,9
No pedestrian brought fewer than nine doors.,No pedestrian brought at most nine doors.,semantics,quantifiers,superlative_quantifiers_1,True,False,False,False,457,1.825092688654756,0.5363989436809931,1.288693744973763,1,-58.98298966884613,-63.45375120639801,-73.58373117808418,-67.74494275584595,8,8
No customer would kiss fewer than three actors.,No customer would kiss at most three actors.,semantics,quantifiers,superlative_quantifiers_1,True,False,False,False,458,1.7098715339298376,0.44726118759804007,1.2626103463317975,1,-63.39559245109558,-68.9202971458435,-78.78443625646412,-72.94564783422587,9,9
No guest might care for more than nine guests.,No guest might care for at least nine guests.,semantics,quantifiers,superlative_quantifiers_1,True,False,False,False,459,1.911472169095194,1.5367451060692132,0.3747270630259807,1,-60.17794871330261,-64.4867752790451,-79.29267040425455,-79.85422633973724,10,10
No pedestrian had taken more than ten dishes.,No pedestrian had taken at least ten dishes.,semantics,quantifiers,superlative_quantifiers_1,True,False,False,False,460,2.0919906020195986,1.8365358447111362,0.25545475730846245,1,-55.68441998958588,-58.54506874084473,-74.51233540776227,-75.07389134324495,9,9
No man will drive to more than two closets.,No man will drive to at least two closets.,semantics,quantifiers,superlative_quantifiers_1,True,False,False,False,461,2.3469237692504623,2.276932848369078,0.06999092088138426,1,-58.420193672180176,-59.75164973735809,-84.23635513393526,-84.79791106941795,11,11
No driver questioned more than ten waitresses.,No driver questioned at least ten waitresses.,semantics,quantifiers,superlative_quantifiers_1,True,False,False,False,462,1.092057977158166,1.0040581513207896,0.08799982583737642,1,-67.37433707714081,-68.72789144515991,-77.2028588715643,-77.76441480704702,9,9
No public park has looked like more than five drawings.,No public park has looked like at least five drawings.,semantics,quantifiers,superlative_quantifiers_1,True,False,False,False,463,2.0724075481311286,1.9031424254231282,0.16926512270800043,1,-65.22092056274414,-67.64439284801483,-88.01740359218655,-88.57895952766924,11,11
No senator can know more than two dancers.,No senator can know at least two dancers.,semantics,quantifiers,superlative_quantifiers_1,True,False,False,False,464,1.8752356478278627,1.4725000120285283,0.40273563579933436,1,-52.98911798000336,-57.175294637680054,-69.86623881045412,-70.42779474593681,9,9
No doctor can exit fewer than two art galleries.,No doctor can exit at most two art galleries.,semantics,quantifiers,superlative_quantifiers_1,True,False,False,False,465,1.6181720854864268,0.48366160092099053,1.1345104845654364,1,-72.90710210800171,-78.41341853141785,-89.08882296286598,-83.25003454062775,10,10
No lady had listened to fewer than five actresses.,No lady had listened to at most five actresses.,semantics,quantifiers,superlative_quantifiers_1,True,False,False,False,466,1.9651961528203628,0.7080826332817821,1.2571135195385805,1,-63.575748026371,-70.30809479951859,-83.22770955457463,-77.3889211323364,10,10
No cat descended more than eight ladders.,No cat descended at least eight ladders.,semantics,quantifiers,superlative_quantifiers_1,True,False,False,False,467,2.384997257883182,2.137118555571637,0.24787870231154496,1,-54.792919635772705,-57.585383892059326,-76.25789495672134,-76.81945089220406,9,9
No teacher was lifting more than five public parks.,No teacher was lifting at least five public parks.,semantics,quantifiers,superlative_quantifiers_1,True,False,False,False,468,1.4698545462721655,1.2565204580997034,0.21333408817246213,1,-68.28101348876953,-70.97591030597687,-82.97955895149119,-83.5411148869739,10,10
No patient was exiting more than six public parks.,No patient was exiting at least six public parks.,semantics,quantifiers,superlative_quantifiers_1,True,False,False,False,469,1.9395314675451032,2.077228033087772,-0.13769656554266874,0,-68.29820436239243,-67.48279464244843,-87.69351903784346,-88.25507497332615,10,10
No cashier should talk about fewer than ten schools.,No cashier should talk about at most ten schools.,semantics,quantifiers,superlative_quantifiers_1,True,False,False,False,470,2.3174019900751883,1.2577306610418681,1.0596713290333202,1,-68.22686111927032,-74.04445731639862,-93.7182830100974,-87.87949458785917,11,11
No patient is boasting about fewer than five men.,No patient is boasting about at most five men.,semantics,quantifiers,superlative_quantifiers_1,True,False,False,False,471,2.4001565274450796,0.9400858426652576,1.460070684779822,1,-59.86427962779999,-68.62619805335999,-83.86584490225079,-78.02705648001256,10,10
No lady watched more than six doctors.,No lady watched at least six doctors.,semantics,quantifiers,superlative_quantifiers_1,True,False,False,False,472,1.6438773873677306,1.5682383125182078,0.07563907484952281,1,-51.45871877670288,-52.62538731098175,-64.60973787564473,-65.17129381112741,8,8
No actor was scanning more than four movies.,No actor was scanning at least four movies.,semantics,quantifiers,superlative_quantifiers_1,True,False,False,False,473,1.6534232875959338,1.624898049199045,0.028525238396888808,1,-57.86036169528961,-58.6786447763443,-72.74117128365302,-73.3027272191357,9,9
No waitress had cleaned more than ten forks.,No waitress had cleaned at least ten forks.,semantics,quantifiers,superlative_quantifiers_1,True,False,False,False,474,1.9199128218397101,1.805323907032573,0.11458891480713707,1,-61.0042564868927,-62.59711265563965,-78.28347188345009,-78.8450278189328,9,9
No teacher should fire fewer than four waitresses.,No teacher should fire at most four waitresses.,semantics,quantifiers,superlative_quantifiers_1,True,False,False,False,475,1.0256820214997362,-0.002217133748607125,1.0278991552483434,1,-75.95501065254211,-80.39521378278732,-86.21183086753948,-80.37304244530125,10,10
No boy was talking about more than three drivers.,No boy was talking about at least three drivers.,semantics,quantifiers,superlative_quantifiers_1,True,False,False,False,476,2.4625938048848384,2.1574351017106976,0.30515870317414073,1,-48.87915909290314,-52.49230206012726,-73.50509714175152,-74.06665307723424,10,10
No patient hires fewer than four waiters.,No patient hires at most four waiters.,semantics,quantifiers,superlative_quantifiers_1,True,False,False,False,477,1.5529491410320242,0.5066335071907323,1.0463156338412918,1,-67.48392260074615,-71.06197488307953,-81.46046487003437,-75.62167644779612,9,9
No school is taking fewer than seven doors.,No school is taking at most seven doors.,semantics,quantifiers,superlative_quantifiers_1,True,False,False,False,478,2.1289596581767274,0.8573538318373374,1.27160582633939,1,-53.77300453186035,-59.378668546676636,-72.9336414554509,-67.09485303321267,9,9
No legislature does respect fewer than two hills.,No legislature does respect at most two hills.,semantics,quantifiers,superlative_quantifiers_1,True,False,False,False,479,1.609786063866333,0.3594149220472376,1.2503711418190955,1,-65.61524295806885,-71.02979481220245,-80.10331753286584,-74.26452911062759,9,9
No driver had fixed more than ten mirrors.,No driver had fixed at least ten mirrors.,semantics,quantifiers,superlative_quantifiers_1,True,False,False,False,480,1.5850176649475114,1.6390560652377562,-0.05403840029024476,0,-60.08745324611664,-60.16266357898712,-74.35261223064424,-74.91416816612693,9,9
No senator will hug fewer than eight men.,No senator will hug at most eight men.,semantics,quantifiers,superlative_quantifiers_1,True,False,False,False,481,1.8298355357159248,0.5098818918496116,1.319953643866313,1,-62.148442029953,-68.1892364025116,-78.61696185139633,-72.7781734291581,9,9
No girl would respect more than four ladies.,No girl would respect at least four ladies.,semantics,quantifiers,superlative_quantifiers_1,True,False,False,False,482,2.124917654208054,1.8952432700490394,0.22967438415901453,1,-50.317344188690186,-52.945969581604004,-69.44160307656267,-70.00315901204536,9,9
No waiter attacked fewer than nine men.,No waiter attacked at most nine men.,semantics,quantifiers,superlative_quantifiers_1,True,False,False,False,483,1.7252676092558872,0.6178364021191527,1.1074312071367345,1,-58.28489434719086,-61.30555558204651,-72.08703522123795,-66.24824679899973,8,8
No senator was admiring fewer than nine snakes.,No senator was admiring at most nine snakes.,semantics,quantifiers,superlative_quantifiers_1,True,False,False,False,484,2.593514895091849,1.6394964331599653,0.9540184619318837,1,-66.42929330468178,-70.13068950176239,-92.36444225560027,-86.52565383336204,10,10
No cashier has cleaned fewer than eight couches.,No cashier has cleaned at most eight couches.,semantics,quantifiers,superlative_quantifiers_1,True,False,False,False,485,2.8012499540469094,1.8528983295028638,0.9483516245440455,1,-71.01735842227936,-75.61043787002563,-101.83110791679536,-95.99231949455714,11,11
No girl had cleaned more than two apples.,No girl had cleaned at least two apples.,semantics,quantifiers,superlative_quantifiers_1,True,False,False,False,486,2.069450739822445,2.011005307541448,0.05844543228099708,1,-50.77322995662689,-51.86079478263855,-69.3982866150289,-69.95984255051158,9,9
No pedestrian is biking to more than five schools.,No pedestrian is biking to at least five schools.,semantics,quantifiers,superlative_quantifiers_1,True,False,False,False,487,1.7165656004488483,1.779022585121845,-0.06245698467299676,0,-65.39171028137207,-65.32869637012482,-82.55736628586055,-83.11892222134327,10,10
No senator researched more than nine mountains.,No senator researched at least nine mountains.,semantics,quantifiers,superlative_quantifiers_1,True,False,False,False,488,1.549024198698067,1.417940466045966,0.13108373265210105,1,-59.69991981983185,-61.31014561653137,-72.09211340941638,-72.6536693448991,8,8
No glacier is confusing more than four adults.,No glacier is confusing at least four adults.,semantics,quantifiers,superlative_quantifiers_1,True,False,False,False,489,1.8820611263888811,2.0353612476543694,-0.1533001212654883,0,-59.66495370864868,-58.846808552742004,-76.60350384614861,-77.16505978163133,9,9
No eggplant stunned fewer than two ladies.,No eggplant stunned at most two ladies.,semantics,quantifiers,superlative_quantifiers_1,True,False,False,False,490,1.3604466499267036,0.1096676798825816,1.250778970044122,1,-72.05606734752655,-77.47428965568542,-84.30008719686688,-78.46129877462866,9,9
No teacher is describing fewer than six rivers.,No teacher is describing at most six rivers.,semantics,quantifiers,superlative_quantifiers_1,True,False,False,False,491,2.178243465050978,0.79580616610281,1.382437298948168,1,-58.7987562417984,-65.40190351009369,-78.4029474272572,-72.56415900501898,9,9
No horse is ascending more than two slopes.,No horse is ascending at least two slopes.,semantics,quantifiers,superlative_quantifiers_1,True,False,False,False,492,1.6794125917557114,1.8524645002068654,-0.17305190845115392,0,-57.91332757472992,-56.91741633415222,-73.02804090053132,-73.58959683601401,9,9
No teenager has irritated more than four guests.,No teenager has irritated at least four guests.,semantics,quantifiers,superlative_quantifiers_1,True,False,False,False,493,1.9073278497419703,1.9734489592386935,-0.06612110949672312,0,-60.76100790500641,-60.727473855018616,-77.92695855268414,-78.48851448816686,9,9
No driver had revealed more than five planes.,No driver had revealed at least five planes.,semantics,quantifiers,superlative_quantifiers_1,True,False,False,False,494,1.9915352485078333,1.7138028446047966,0.27773240390303666,1,-55.464930057525635,-58.52607762813568,-73.38874729409613,-73.95030322957885,9,9
No girl has more than eight casseroles.,No girl has at least eight casseroles.,semantics,quantifiers,superlative_quantifiers_1,True,False,False,False,495,2.91835860846885,2.789789847273164,0.12856876119568605,1,-53.884201526641846,-55.73144507408142,-83.06778761133035,-83.62934354681306,10,10
No lady is returning to more than four girls.,No lady is returning to at least four girls.,semantics,quantifiers,superlative_quantifiers_1,True,False,False,False,496,2.0395342769537224,1.9418970123782118,0.09763726457551059,1,-51.969470739364624,-53.50739932060242,-72.36481350890185,-72.92636944438453,10,10
No man fixes fewer than two plates.,No man fixes at most two plates.,semantics,quantifiers,superlative_quantifiers_1,True,False,False,False,497,1.6216970586940924,0.5511876358390886,1.0705094228550038,1,-56.69553565979004,-59.420822620391846,-69.66911212934278,-63.830323707104554,8,8
No waiter examines more than five plays.,No waiter examines at least five plays.,semantics,quantifiers,superlative_quantifiers_1,True,False,False,False,498,1.3292304934306571,0.9222946915198627,0.4069358019107945,1,-58.277506589889526,-62.09454894065857,-68.91135053733478,-69.47290647281747,8,8
No student has argued about more than ten newspaper articles.,No student has argued about at least ten newspaper articles.,semantics,quantifiers,superlative_quantifiers_1,True,False,False,False,499,2.658206681962174,2.3279446453442616,0.33026203661791254,1,-64.37784087657928,-68.57227921485901,-93.6181143781632,-94.17967031364589,11,11
No company might dislike more than ten books.,No company might dislike at least ten books.,semantics,quantifiers,superlative_quantifiers_1,True,False,False,False,500,1.900134514960396,1.609301990300998,0.29083252465939813,1,-56.22477436065674,-59.403823018074036,-73.3259849953003,-73.88754093078302,9,9
No boy should heal fewer than eight turtles.,No boy should heal at most eight turtles.,semantics,quantifiers,superlative_quantifiers_1,True,False,False,False,501,1.932483629128563,0.5546720082428338,1.3778116208857292,1,-63.15730428695679,-69.71882045269012,-80.54965694911385,-74.71086852687563,9,9
No museum had praised more than six men.,No museum had praised at least six men.,semantics,quantifiers,superlative_quantifiers_1,True,False,False,False,502,1.4805715593253979,1.2986891462670878,0.1818824130583101,1,-58.679831862449646,-60.87832951545715,-72.00497589637823,-72.56653183186094,9,9
No boy flees from fewer than ten boys.,No boy flees from at most ten boys.,semantics,quantifiers,superlative_quantifiers_1,True,False,False,False,503,1.8431282280933545,0.5454347815871501,1.2976934465062044,1,-64.67848408222198,-71.81663012504578,-83.10976636315553,-77.27097794091728,10,10
No guest fixes fewer than nine trucks.,No guest fixes at most nine trucks.,semantics,quantifiers,superlative_quantifiers_1,True,False,False,False,504,1.3819468913323938,0.04721775228609815,1.3347291390462956,1,-64.7239054441452,-69.56295013427734,-75.77948057480435,-69.94069215256613,8,8
No legislature had loved fewer than six stories.,No legislature had loved at most six stories.,semantics,quantifiers,superlative_quantifiers_1,True,False,False,False,505,2.019286662679131,0.609771728601667,1.409514934077464,1,-60.561705470085144,-67.40855145454407,-78.73528543419732,-72.89649701195907,9,9
No lady wears more than six shirts.,No lady wears at least six shirts.,semantics,quantifiers,superlative_quantifiers_1,True,False,False,False,506,2.0917823057960447,1.9754459245519485,0.11633638124409629,1,-50.391151666641235,-51.88339865207672,-67.1254101130096,-67.68696604849231,8,8
No bird is climbing up more than ten slopes.,No bird is climbing up at least ten slopes.,semantics,quantifiers,superlative_quantifiers_1,True,False,False,False,507,2.284665559795255,2.526938158691729,-0.242272598896474,0,-56.355395793914795,-54.49422574043274,-79.20205139186734,-79.76360732735003,10,10
No customer passed fewer than seven college campuses.,No customer passed at most seven college campuses.,semantics,quantifiers,superlative_quantifiers_1,True,False,False,False,508,1.8519947491437057,0.8240116099321679,1.0279831392115377,1,-68.87833225727081,-72.2913920879364,-85.54628499956416,-79.70749657732591,9,9
No student has disliked fewer than four closets.,No student has disliked at most four closets.,semantics,quantifiers,superlative_quantifiers_1,True,False,False,False,509,2.8413704164592617,1.7245312547163962,1.1168391617428655,1,-64.991779088974,-70.32138228416443,-93.40548325356662,-87.56669483132839,10,10
No man forgets fewer than eight essays.,No man forgets at most eight essays.,semantics,quantifiers,superlative_quantifiers_1,True,False,False,False,510,2.7313430128835896,1.6317328329679635,1.0996101799156262,1,-58.41985899209976,-62.47756218910217,-83.00194610805207,-77.16315768581384,9,9
No girl is examining fewer than four stories.,No girl is examining at most four stories.,semantics,quantifiers,superlative_quantifiers_1,True,False,False,False,511,2.2119851758295903,1.0803812027972886,1.1316039730323018,1,-54.88956952095032,-59.23521685600281,-74.79743610341663,-68.9586476811784,9,9
No cashier sold more than three cars.,No cashier sold at least three cars.,semantics,quantifiers,superlative_quantifiers_1,True,False,False,False,512,2.351349703516724,2.0329402289960115,0.31840947452071244,1,-52.75538372993469,-56.18262493610382,-73.91753106158521,-74.47908699706792,9,9
No cashier boycotts fewer than five universities.,No cashier boycotts at most five universities.,semantics,quantifiers,superlative_quantifiers_1,True,False,False,False,513,2.5601266767070685,1.457650148192505,1.1024765285145635,1,-71.84754383563995,-77.03352069854736,-97.44881060271064,-91.61002218047241,10,10
No organization can talk to fewer than nine pedestrians.,No organization can talk to at most nine pedestrians.,semantics,quantifiers,superlative_quantifiers_1,True,False,False,False,514,1.667511963715637,0.6767598595632563,0.9907521041523807,1,-67.6135448217392,-71.68227744102478,-84.28866445889557,-78.44987603665734,10,10
No boy is curing more than four adults.,No boy is curing at least four adults.,semantics,quantifiers,superlative_quantifiers_1,True,False,False,False,515,2.1053620905590993,1.9655341154295154,0.1398279751295839,1,-53.92621096968651,-55.74621868133545,-72.8744697847184,-73.43602572020109,9,9
No skirt might embarrass fewer than five actors.,No skirt might embarrass at most five actors.,semantics,quantifiers,superlative_quantifiers_1,True,False,False,False,516,1.3616734079571005,-0.000672065929693291,1.3623454738867937,1,-71.43194591999054,-77.85426676273346,-83.68700659160444,-77.84821816936622,9,9
No bike has bothered more than seven adults.,No bike has bothered at least seven adults.,semantics,quantifiers,superlative_quantifiers_1,True,False,False,False,517,1.8175580723852123,1.8391233323827596,-0.021565259997547326,0,-59.33880698680878,-59.70627558231354,-75.69682963827569,-76.25838557375837,9,9
No senator might escape from more than eight senators.,No senator might escape from at least eight senators.,semantics,quantifiers,superlative_quantifiers_1,True,False,False,False,518,2.089862483325706,1.928550792671399,0.16131169065430684,1,-64.33956217765808,-66.51423501968384,-85.23818701091514,-85.79974294639783,10,10
No dancer had hidden more than five actresses.,No dancer had hidden at least five actresses.,semantics,quantifiers,superlative_quantifiers_1,True,False,False,False,519,1.8410725902265754,1.6055241683249493,0.23554842190162617,1,-59.66880691051483,-62.35029864311218,-76.23846022255401,-76.80001615803673,9,9
No person did watch fewer than six children.,No person did watch at most six children.,semantics,quantifiers,superlative_quantifiers_1,True,False,False,False,520,1.8042012764131907,0.31781065569022204,1.4863906207229687,1,-56.290990471839905,-63.8297176361084,-72.52880195955862,-66.6900135373204,9,9
No woman did cure fewer than seven horses.,No woman did cure at most seven horses.,semantics,quantifiers,superlative_quantifiers_1,True,False,False,False,521,1.6386831253533165,0.46152197128056904,1.1771611540727474,1,-62.60270714759827,-67.35836911201477,-77.35085527577812,-71.51206685353989,9,9
No girl watches fewer than ten adults.,No girl watches at most ten adults.,semantics,quantifiers,superlative_quantifiers_1,True,False,False,False,522,1.949372574374145,0.770032207815488,1.179340366558657,1,-54.2035129070282,-57.799447417259216,-69.79849350202136,-63.95970507978312,8,8
No hamster ascends fewer than four slopes.,No hamster ascends at most four slopes.,semantics,quantifiers,superlative_quantifiers_1,True,False,False,False,523,1.8143391744075017,1.0247802598760927,0.789558914531409,1,-79.28597962856293,-81.3427803516388,-97.42937137263795,-91.59058295039972,10,10
No plate was scaring more than six girls.,No plate was scaring at least six girls.,semantics,quantifiers,superlative_quantifiers_1,True,False,False,False,524,2.0222262581481316,2.0957505617374466,-0.07352430358931494,0,-58.77944779396057,-58.60576069355011,-79.00171037544189,-79.56326631092458,10,10
No student was ascending fewer than five hills.,No student was ascending at most five hills.,semantics,quantifiers,superlative_quantifiers_1,True,False,False,False,525,1.2947767772153516,0.09136267125568212,1.2034141059596695,1,-68.14356535673141,-73.13550388813019,-79.79655635166958,-73.95776792943133,9,9
No person passes fewer than three museums.,No person passes at most three museums.,semantics,quantifiers,superlative_quantifiers_1,True,False,False,False,526,2.0774704555256953,0.7502739428698568,1.3271965126558385,1,-55.15269434452057,-59.93147802352905,-71.77245798872613,-65.93366956648791,8,8
No lady questions fewer than six men.,No lady questions at most six men.,semantics,quantifiers,superlative_quantifiers_1,True,False,False,False,527,1.3265797417927878,0.440832588196284,0.8857471535965038,1,-56.147231221199036,-57.39442002773285,-66.75986915554134,-60.92108073330312,8,8
No man hugs fewer than seven senators.,No man hugs at most seven senators.,semantics,quantifiers,superlative_quantifiers_1,True,False,False,False,528,1.436150635737441,0.47770128292027536,0.9584493528171656,1,-61.83548319339752,-63.664289593696594,-73.32468827929705,-67.4858998570588,8,8
No woman has skated around fewer than five glaciers.,No woman has skated around at most five glaciers.,semantics,quantifiers,superlative_quantifiers_1,True,False,False,False,529,2.361835962277708,1.217918832272403,1.1439171300053048,1,-71.14413261413574,-77.88843262195587,-97.12432819919053,-91.2855397769523,11,11
No patient lifted fewer than nine eyes.,No patient lifted at most nine eyes.,semantics,quantifiers,superlative_quantifiers_1,True,False,False,False,530,1.4521716117986827,0.2971033443773319,1.1550682674213508,1,-58.47731399536133,-61.8790717124939,-70.09468688975079,-64.25589846751255,8,8
No waitress was listening to more than four students.,No waitress was listening to at least four students.,semantics,quantifiers,superlative_quantifiers_1,True,False,False,False,531,2.2590674198905076,1.9799263348956884,0.27914108499481927,1,-54.92781043052673,-58.28077721595764,-77.51848462943181,-78.08004056491453,10,10
No child has admired fewer than four socks.,No child has admired at most four socks.,semantics,quantifiers,superlative_quantifiers_1,True,False,False,False,532,1.8844004482968413,0.6240741387073633,1.260326309589478,1,-60.636518716812134,-66.14066708087921,-77.5961227514837,-71.75733432924548,9,9
No customer fired more than six children.,No customer fired at least six children.,semantics,quantifiers,superlative_quantifiers_1,True,False,False,False,533,1.8937596851734,1.948143195715879,-0.05438351054247903,0,-49.917264342308044,-50.04375219345093,-65.06734182369524,-65.62889775917796,8,8
No doctor is talking to more than five actresses.,No doctor is talking to at least five actresses.,semantics,quantifiers,superlative_quantifiers_1,True,False,False,False,534,1.9300214209774311,1.6009457878430395,0.3290756331343916,1,-55.57202345132828,-59.42433571815491,-74.87223766110259,-75.4337935965853,10,10
No driver could clean fewer than seven restaurants.,No driver could clean at most seven restaurants.,semantics,quantifiers,superlative_quantifiers_1,True,False,False,False,535,1.6331407162650275,0.534767643997188,1.0983730722678395,1,-64.54107701778412,-68.58764624595642,-79.23934346416937,-73.40055504193111,9,9
No man boasts about fewer than eight adults.,No man boasts about at most eight adults.,semantics,quantifiers,superlative_quantifiers_1,True,False,False,False,536,2.2701550436667333,0.6506378991841346,1.6195171444825986,1,-59.63292348384857,-68.36978936195374,-80.06431887684917,-74.22553045461095,9,9
No pedestrian can know more than eight men.,No pedestrian can know at least eight men.,semantics,quantifiers,superlative_quantifiers_1,True,False,False,False,537,1.792764267305292,1.5469350640816073,0.24582920322368462,1,-53.019357442855835,-55.793376207351685,-69.15423584860346,-69.71579178408615,9,9
No student has sold more than six restaurants.,No student has sold at least six restaurants.,semantics,quantifiers,superlative_quantifiers_1,True,False,False,False,538,3.026469294810713,2.672639495222692,0.35382979958802085,1,-47.491600036621094,-51.237624168395996,-74.72982368991751,-75.29137962540022,9,9
No man cleans more than four casseroles.,No man cleans at least four casseroles.,semantics,quantifiers,superlative_quantifiers_1,True,False,False,False,539,2.6543497724161087,2.4303172584738406,0.22403251394226809,1,-61.160282492637634,-63.96216356754303,-87.70378021679872,-88.26533615228144,10,10
No pedestrian had healed fewer than three guys.,No pedestrian had healed at most three guys.,semantics,quantifiers,superlative_quantifiers_1,True,False,False,False,540,2.2605300000690565,0.882443628261863,1.3780863718071936,1,-60.571210503578186,-67.13519942760468,-80.9159805041997,-75.07719208196144,9,9
No shawl will bore fewer than five men.,No shawl will bore at most five men.,semantics,quantifiers,superlative_quantifiers_1,True,False,False,False,541,2.3667337614765502,1.102556804637694,1.2641769568388563,1,-66.64205169677734,-74.70920979976654,-92.6761230730194,-86.83733465078117,11,11
No child would hug fewer than two guys.,No child would hug at most two guys.,semantics,quantifiers,superlative_quantifiers_1,True,False,False,False,542,1.7498588652958473,0.6347188077705445,1.115140057525303,1,-57.3492214679718,-61.546693563461304,-73.09795125563443,-67.2591628333962,9,9
No organization had sold fewer than four slopes.,No organization had sold at most four slopes.,semantics,quantifiers,superlative_quantifiers_1,True,False,False,False,543,1.8637180700213365,0.453778777364025,1.4099392926573115,1,-62.62398660182953,-69.47465181350708,-79.39744923202156,-73.5586608097833,9,9
No girl might criticize more than four closets.,No girl might criticize at least four closets.,semantics,quantifiers,superlative_quantifiers_1,True,False,False,False,544,2.709042026262961,2.6658706396972462,0.04317138656571462,1,-59.844688415527344,-60.837958216667175,-86.93510867815695,-87.49666461363964,10,10
No library did help fewer than eight drivers.,No library did help at most eight drivers.,semantics,quantifiers,superlative_quantifiers_1,True,False,False,False,545,0.6945277891503818,-0.35238705680757537,1.0469148459579571,1,-71.6824266910553,-75.26587188243866,-77.93317679340873,-72.09438837117048,9,9
No adult arrived at fewer than three malls.,No adult arrived at at most three malls.,semantics,quantifiers,superlative_quantifiers_1,True,False,False,False,546,1.4044722370422877,-0.01745293376468895,1.4219251708069767,1,-67.2226282954216,-74.18116641044617,-79.86287842880219,-74.02409000656397,9,9
No boy hated fewer than four essays.,No boy hated at most four essays.,semantics,quantifiers,superlative_quantifiers_1,True,False,False,False,547,1.7492875885899437,0.6096500547301105,1.1396375338598332,1,-57.45911920070648,-60.737431049346924,-71.45341990942603,-65.61463148718781,8,8
No teacher does climb down fewer than two hills.,No teacher does climb down at most two hills.,semantics,quantifiers,superlative_quantifiers_1,True,False,False,False,548,1.2233277451716902,0.3150042394232401,0.9083235057484501,1,-71.74599552154541,-74.99044215679169,-83.97927297326231,-78.14048455102409,10,10
No man talked about more than four pedestrians.,No man talked about at least four pedestrians.,semantics,quantifiers,superlative_quantifiers_1,True,False,False,False,549,2.145781674888544,1.71259023786715,0.43319143702139407,1,-52.51800990104675,-56.978288769721985,-71.83004497504365,-72.39160091052634,9,9
No waiter has concealed fewer than two mushrooms.,No waiter has concealed at most two mushrooms.,semantics,quantifiers,superlative_quantifiers_1,True,False,False,False,550,2.029771296169097,0.5887522211317907,1.4410190750373064,1,-64.1064122915268,-71.23679554462433,-82.37435395704867,-76.53556553481044,9,9
No teenager should complain about more than five actors.,No teenager should complain about at least five actors.,semantics,quantifiers,superlative_quantifiers_1,True,False,False,False,551,2.353850318238858,1.9466219987469657,0.4072283194918922,1,-61.06821036338806,-65.70204949378967,-84.60671354577664,-85.16826948125933,10,10
No teacher buys more than eight shoes.,No teacher buys at least eight shoes.,semantics,quantifiers,superlative_quantifiers_1,True,False,False,False,552,2.0241196448603738,1.4161033269688588,0.608016317891515,1,-50.51752471923828,-55.94321119785309,-66.71048187812127,-67.27203781360396,8,8
No man had found more than two men.,No man had found at least two men.,semantics,quantifiers,superlative_quantifiers_1,True,False,False,False,553,2.3125733815786864,2.091839151071441,0.2207342305072455,1,-41.3934770822525,-43.941641092300415,-62.20663751646068,-62.76819345194338,9,9
No adult is discovering more than two slopes.,No adult is discovering at least two slopes.,semantics,quantifiers,superlative_quantifiers_1,True,False,False,False,554,1.447135015736996,1.3776445381331603,0.06949047760383564,1,-60.6725617647171,-61.85953199863434,-73.69677690635007,-74.25833284183278,9,9
No customer should care for fewer than three teenagers.,No customer should care for at most three teenagers.,semantics,quantifiers,superlative_quantifiers_1,True,False,False,False,555,2.1635998452304106,0.9007986597524991,1.2628011854779115,1,-63.85864496231079,-70.64786839485168,-85.4946434146149,-79.65585499237667,10,10
No cup might hurt fewer than seven girls.,No cup might hurt at most seven girls.,semantics,quantifiers,superlative_quantifiers_1,True,False,False,False,556,1.5104422068441496,0.29368108444398267,1.2167611224001669,1,-61.346209704875946,-66.4582713842392,-74.9401895664733,-69.10140114423504,9,9
No child admires more than three candles.,No child admires at least three candles.,semantics,quantifiers,superlative_quantifiers_1,True,False,False,False,557,1.6435840701608098,1.753569098703723,-0.10998502854291314,0,-61.704038858413696,-61.27572953701019,-76.49629548986098,-77.0578514253437,9,9
No girl was hugging more than six men.,No girl was hugging at least six men.,semantics,quantifiers,superlative_quantifiers_1,True,False,False,False,558,2.0684286259475346,2.0582142523170877,0.010214373630446971,1,-49.63375198841095,-50.28723728656769,-68.24960962193876,-68.81116555742148,9,9
No adult did think about more than five skirts.,No adult did think about at least five skirts.,semantics,quantifiers,superlative_quantifiers_1,True,False,False,False,559,0.949097866623049,0.8322663447881723,0.11683152183487666,1,-67.38182127475739,-69.11169242858887,-76.87279994098787,-77.43435587647059,10,10
No actress is irritating fewer than four committees.,No actress is irritating at most four committees.,semantics,quantifiers,superlative_quantifiers_1,True,False,False,False,560,1.698271883787151,0.6642157961992786,1.0340560875878726,1,-66.03190550208092,-69.49962186813354,-81.31635245616528,-75.47756403392705,9,9
No picture looks like more than eight lakes.,No picture looks like at least eight lakes.,semantics,quantifiers,superlative_quantifiers_1,True,False,False,False,561,1.6570925567508885,1.2355370590096868,0.4215554977412017,1,-55.06986081600189,-59.425416231155396,-69.98369382675989,-70.54524976224258,9,9
No adult has revealed fewer than seven spotlights.,No adult has revealed at most seven spotlights.,semantics,quantifiers,superlative_quantifiers_1,True,False,False,False,562,1.8839950376257462,0.65419966193177,1.2297953756939761,1,-72.80067694187164,-79.25984227657318,-91.6406273181291,-85.80183889589088,10,10
No lady had sold more than ten scarves.,No lady had sold at least ten scarves.,semantics,quantifiers,superlative_quantifiers_1,True,False,False,False,563,2.3028730660739827,1.887393556396546,0.41547950967743663,1,-59.40178894996643,-64.11813998222351,-82.43051961070626,-82.99207554618897,10,10
No girl could think about more than seven libraries.,No girl could think about at least seven libraries.,semantics,quantifiers,superlative_quantifiers_1,True,False,False,False,564,1.9107460571509336,1.8489441540561387,0.06180190309479494,1,-57.01098418235779,-58.19055914878845,-76.11844475386712,-76.68000068934984,10,10
No closet bothered more than eight customers.,No closet bothered at least eight customers.,semantics,quantifiers,superlative_quantifiers_1,True,False,False,False,565,0.9096934500187857,0.9317038600420844,-0.022010410023298732,0,-62.30235552787781,-62.68782818317413,-69.57990312802809,-70.14145906351081,8,8
No eye might disgust fewer than seven waitresses.,No eye might disgust at most seven waitresses.,semantics,quantifiers,superlative_quantifiers_1,True,False,False,False,566,1.0791807338098294,0.28149486305397886,0.7976858707558505,1,-79.96219998598099,-82.10027027130127,-90.75400732407928,-84.91521890184106,10,10
No dancer sounded like more than three hospitals.,No dancer sounded like at least three hospitals.,semantics,quantifiers,superlative_quantifiers_1,True,False,False,False,567,1.7615356862221303,1.3398804500420074,0.4216552361801229,1,-58.78176975250244,-63.13822281360626,-74.63559092850161,-75.19714686398433,9,9
No nose has annoyed more than three actresses.,No nose has annoyed at least three actresses.,semantics,quantifiers,superlative_quantifiers_1,True,False,False,False,568,1.80004140197951,1.8608117760237899,-0.060770374044279984,0,-59.002974152565,-59.01759672164917,-75.20334677038059,-75.76490270586328,9,9
No cashier climbed down more than eight stairs.,No cashier climbed down at least eight stairs.,semantics,quantifiers,superlative_quantifiers_1,True,False,False,False,569,1.8443829855850709,1.9538677310021597,-0.10948474541708886,0,-65.27264028787613,-64.73934876918793,-83.71647014372684,-84.27802607920952,10,10
No teacher should fix fewer than eight cups.,No teacher should fix at most eight cups.,semantics,quantifiers,superlative_quantifiers_1,True,False,False,False,570,1.5748238491398594,-0.012512793987674008,1.5873366431275333,1,-64.17175632715225,-72.61899769306183,-78.34517096941099,-72.50638254717276,9,9
No child should break fewer than three screens.,No child should break at most three screens.,semantics,quantifiers,superlative_quantifiers_1,True,False,False,False,571,2.0126707732846207,0.6227218453377993,1.3899489279468216,1,-58.96165871620178,-65.63241064548492,-77.07569567576337,-71.23690725352512,9,9
No teenager should cure fewer than three adults.,No teenager should cure at most three adults.,semantics,quantifiers,superlative_quantifiers_1,True,False,False,False,572,2.1603527746690045,0.770741752076156,1.3896110225928484,1,-62.83028054237366,-69.49799132347107,-82.2734555143947,-76.43466709215647,9,9
No dancer has concealed more than seven guests.,No dancer has concealed at least seven guests.,semantics,quantifiers,superlative_quantifiers_1,True,False,False,False,573,1.8438845428700574,1.7761117386738823,0.06777280419617515,1,-60.2275675535202,-61.399078726768494,-76.82252843935072,-77.38408437483344,9,9
No screen could stun more than eight customers.,No screen could stun at least eight customers.,semantics,quantifiers,superlative_quantifiers_1,True,False,False,False,574,0.9823443715097571,1.2138117193546962,-0.23146734784493916,0,-69.01034820079803,-67.48869800567627,-77.85144754438585,-78.41300347986854,9,9
No pedestrian might attack more than four women.,No pedestrian might attack at least four women.,semantics,quantifiers,superlative_quantifiers_1,True,False,False,False,575,1.9663843892811979,2.0185685486771283,-0.05218415939593046,0,-57.00771826505661,-57.09961676597595,-74.70517776858739,-75.2667337040701,9,9
No cashier was buying more than four high schools.,No cashier was buying at least four high schools.,semantics,quantifiers,superlative_quantifiers_1,True,False,False,False,576,2.2975015519719633,2.2786489670988264,0.0188525848731369,1,-64.93836510181427,-65.70729947090149,-90.21088217350587,-90.77243810898858,11,11
No teacher had broken fewer than five chairs.,No teacher had broken at most five chairs.,semantics,quantifiers,superlative_quantifiers_1,True,False,False,False,577,1.7914893972123436,0.31728407191224367,1.4742053253001,1,-59.50934422016144,-66.93840372562408,-75.63274879507253,-69.79396037283428,9,9
No lady skated around more than seven museums.,No lady skated around at least seven museums.,semantics,quantifiers,superlative_quantifiers_1,True,False,False,False,578,1.929518506089596,1.9199602767962205,0.009558229293375575,1,-65.46715688705444,-66.12429511547089,-84.7623419479504,-85.32389788343309,10,10
No cashier fled from fewer than five people.,No cashier fled from at most five people.,semantics,quantifiers,superlative_quantifiers_1,True,False,False,False,579,2.104549892543136,0.7251996085735556,1.3793502839695804,1,-63.83252263069153,-71.78723704814911,-84.87802155612289,-79.03923313388466,10,10
No guy was criticizing more than five hills.,No guy was criticizing at least five hills.,semantics,quantifiers,superlative_quantifiers_1,True,False,False,False,580,1.5214377374781867,1.4652405394162145,0.05619719806197221,1,-59.55969440937042,-60.62702512741089,-73.2526340466741,-73.81418998215682,9,9
No pedestrian has seen fewer than seven cats.,No pedestrian has seen at most seven cats.,semantics,quantifiers,superlative_quantifiers_1,True,False,False,False,581,2.431883119013921,1.0098775018047124,1.4220056172092086,1,-58.24829173088074,-65.20755386352539,-80.13523980200603,-74.2964513797678,9,9
No child has passed more than four mountains.,No child has passed at least four mountains.,semantics,quantifiers,superlative_quantifiers_1,True,False,False,False,582,2.129248565945643,1.826198956719493,0.3030496092261499,1,-49.87166714668274,-53.160669565200806,-69.03490424019353,-69.59646017567624,9,9
No government concealed more than eight waitresses.,No government concealed at least eight waitresses.,semantics,quantifiers,superlative_quantifiers_1,True,False,False,False,583,0.981866216912465,1.152556721792384,-0.170690504879919,0,-68.43992757797241,-67.46526896953583,-77.2767235301846,-77.83827946566728,9,9
No cashier did remember fewer than seven schools.,No cashier did remember at most seven schools.,semantics,quantifiers,superlative_quantifiers_1,True,False,False,False,584,1.495790307984862,0.6358610531061629,0.8599292548786991,1,-71.79637086391449,-74.55687499046326,-86.75427394376311,-80.91548552152489,10,10
No lady had visited more than six movie theaters.,No lady had visited at least six movie theaters.,semantics,quantifiers,superlative_quantifiers_1,True,False,False,False,585,1.832916682266179,1.6404046124786504,0.19251206978752866,1,-64.65268903970718,-67.13936567306519,-82.98185586236897,-83.54341179785169,10,10
No senator drives to more than three closets.,No senator drives to at least three closets.,semantics,quantifiers,superlative_quantifiers_1,True,False,False,False,586,1.9853527699733717,1.9955523419743257,-0.010199572000954005,0,-65.48917216062546,-65.94873237609863,-85.34269986035918,-85.90425579584189,10,10
No teenager has thought about more than six waiters.,No teenager has thought about at least six waiters.,semantics,quantifiers,superlative_quantifiers_1,True,False,False,False,587,1.7407557445915374,1.4159590583414312,0.32479668625010616,1,-66.5201159119606,-70.65443539619446,-85.66842910246751,-86.2299850379502,11,11
No driver could fix more than four couches.,No driver could fix at least four couches.,semantics,quantifiers,superlative_quantifiers_1,True,False,False,False,588,2.258555708121574,2.191702800140149,0.06685290798142507,1,-60.696821093559265,-61.9269061088562,-83.282378174775,-83.84393411025769,10,10
No actor had hired fewer than eight women.,No actor had hired at most eight women.,semantics,quantifiers,superlative_quantifiers_1,True,False,False,False,589,1.9317924521453007,0.6816264960044786,1.250165956140822,1,-59.67871618270874,-65.09142136573792,-77.06484825201645,-71.22605982977822,9,9
No waiter investigated more than six pedestrians.,No waiter investigated at least six pedestrians.,semantics,quantifiers,superlative_quantifiers_1,True,False,False,False,590,1.7512825982543383,1.6286057282187762,0.12267687003556205,1,-60.03767263889313,-61.58064353466034,-74.04793342492783,-74.60948936041055,8,8
No actor had worn more than seven coats.,No actor had worn at least seven coats.,semantics,quantifiers,superlative_quantifiers_1,True,False,False,False,591,1.543176390000986,1.2711427729394478,0.2720336170615383,1,-60.328837633132935,-63.338696122169495,-74.21742514314181,-74.77898107862453,9,9
No senator exits more than three lakes.,No senator exits at least three lakes.,semantics,quantifiers,superlative_quantifiers_1,True,False,False,False,592,1.69129926785077,1.869824188386417,-0.17852492053564717,0,-57.74123692512512,-56.87459349632263,-71.27163106793128,-71.83318700341397,8,8
No school would fire more than ten doctors.,No school would fire at least ten doctors.,semantics,quantifiers,superlative_quantifiers_1,True,False,False,False,593,1.7842037995505455,1.7466718291136754,0.03753197043687018,1,-53.130726397037506,-54.030070066452026,-69.18856059299242,-69.7501165284751,9,9
No guest did examine fewer than seven books.,No guest did examine at most seven books.,semantics,quantifiers,superlative_quantifiers_1,True,False,False,False,594,1.189089313189707,0.051013825455561976,1.138075487734145,1,-68.60025203227997,-73.00414299964905,-79.30205585098733,-73.4632674287491,9,9
No actress had noticed more than six books.,No actress had noticed at least six books.,semantics,quantifiers,superlative_quantifiers_1,True,False,False,False,595,1.9421949776803191,1.7414659070809426,0.2007290705993765,1,-53.08360707759857,-55.45172464847565,-70.56336187672144,-71.12491781220413,9,9
No girl broke more than five windows.,No girl broke at least five windows.,semantics,quantifiers,superlative_quantifiers_1,True,False,False,False,596,1.786701134927216,1.4331556124286928,0.3535455224985231,1,-47.66081416606903,-51.05073428153992,-61.95442324548676,-62.51597918096946,8,8
No person could examine fewer than two documentaries.,No person could examine at most two documentaries.,semantics,quantifiers,superlative_quantifiers_1,True,False,False,False,597,2.0185156187850106,0.6660109777144467,1.352504641070564,1,-61.73287856578827,-68.06663191318512,-79.89951913485336,-74.06073071261514,9,9
No photograph had bored fewer than nine children.,No photograph had bored at most nine children.,semantics,quantifiers,superlative_quantifiers_1,True,False,False,False,598,2.0269641261531004,0.9427087848736606,1.0842553412794398,1,-60.21548879146576,-64.13499844074249,-78.45816592684366,-72.61937750460544,9,9
No doctor has walked through fewer than ten lakes.,No doctor has walked through at most ten lakes.,semantics,quantifiers,superlative_quantifiers_1,True,False,False,False,599,2.1232279005562473,0.767054000558835,1.3561738999974122,1,-64.7799242734909,-72.5028748512268,-86.01220327905338,-80.17341485681516,10,10
No pedestrian reveals fewer than seven malls.,No pedestrian reveals at most seven malls.,semantics,quantifiers,superlative_quantifiers_1,True,False,False,False,600,2.180355660717602,0.9930612778310888,1.1872943828865132,1,-64.62898814678192,-68.2885547876358,-82.07183343252274,-76.23304501028451,8,8
No waiter did respect fewer than five waitresses.,No waiter did respect at most five waitresses.,semantics,quantifiers,superlative_quantifiers_1,True,False,False,False,601,0.9915056917856078,-0.12914941892042292,1.1206551107060307,1,-80.46144032478333,-85.82920300960541,-90.3764972426394,-84.53770882040118,10,10
No senator might resemble more than three drawings.,No senator might resemble at least three drawings.,semantics,quantifiers,superlative_quantifiers_1,True,False,False,False,602,1.8915718246789577,1.6621824301948291,0.22938939448412854,1,-62.40788984298706,-65.0339503288269,-79.43203626509768,-79.99359220058037,9,9
No waitress will conceal more than six doctors.,No waitress will conceal at least six doctors.,semantics,quantifiers,superlative_quantifiers_1,True,False,False,False,603,1.9743012370121689,1.7197874913444702,0.2545137456676987,1,-60.15897619724274,-63.01115584373474,-77.92768733035226,-78.48924326583497,9,9
No pedestrian examined more than five documentaries.,No pedestrian examined at least five documentaries.,semantics,quantifiers,superlative_quantifiers_1,True,False,False,False,604,1.7500362834668266,1.8155700200062768,-0.06553373653945016,0,-59.717323541641235,-59.75460958480835,-73.71761380937585,-74.27916974485856,8,8
No association has fewer than three carriages.,No association has at most three carriages.,semantics,quantifiers,superlative_quantifiers_1,True,False,False,False,605,2.991181097559683,1.1735756382789413,1.8176054592807418,1,-50.59202003479004,-61.11168074607849,-77.51264991282719,-71.67386149058896,9,9
No actor was healing fewer than eight drivers.,No actor was healing at most eight drivers.,semantics,quantifiers,superlative_quantifiers_1,True,False,False,False,606,1.4357329522098483,0.28805412967795024,1.1476788225318981,1,-67.2782091498375,-71.76853013038635,-80.19980571972613,-74.3610172974879,9,9
No person will cure fewer than seven teenagers.,No person will cure at most seven teenagers.,semantics,quantifiers,superlative_quantifiers_1,True,False,False,False,607,2.391875310856177,1.1702415418593166,1.2216337689968604,1,-59.04915010929108,-64.2050656080246,-80.57602790699667,-74.73723948475845,9,9
No casserole looks like fewer than six pictures.,No casserole looks like at most six pictures.,semantics,quantifiers,superlative_quantifiers_1,True,False,False,False,608,3.2864221401362927,2.318638729488565,0.9677834106477277,1,-59.857398211956024,-64.6642273068428,-96.00804175345525,-90.16925333121702,11,11
No patient is exiting more than seven college campuses.,No patient is exiting at least seven college campuses.,semantics,quantifiers,superlative_quantifiers_1,True,False,False,False,609,2.050625694279853,2.157557614484463,-0.10693192020461018,0,-69.77768301963806,-69.26991975307465,-90.28393996243659,-90.84549589791928,10,10
No company was bothering more than nine actresses.,No company was bothering at least nine actresses.,semantics,quantifiers,superlative_quantifiers_1,True,False,False,False,610,1.8547714507588244,1.7528438473132093,0.10192760344561513,1,-58.54824924468994,-60.02715361118317,-75.24119230151936,-75.80274823700205,9,9
No lady sees more than four waitresses.,No lady sees at least four waitresses.,semantics,quantifiers,superlative_quantifiers_1,True,False,False,False,611,1.3314930554062192,1.2277532985682393,0.10373975683797987,1,-62.3897922039032,-63.885005950927734,-74.37322970255917,-74.93478563804189,9,9
No person helps more than three customers.,No person helps at least three customers.,semantics,quantifiers,superlative_quantifiers_1,True,False,False,False,612,2.02006844887034,1.949559486191994,0.07050896267834617,1,-48.39244830608368,-49.518075942993164,-64.5529958970464,-65.11455183252912,8,8
No doctor has walked through more than nine restaurants.,No doctor has walked through at least nine restaurants.,semantics,quantifiers,superlative_quantifiers_1,True,False,False,False,613,2.1186292016617956,2.0274564899656213,0.09117271169617425,1,-60.184250593185425,-61.65753364562988,-81.37054260980338,-81.9320985452861,10,10
No cake would annoy more than seven actresses.,No cake would annoy at least seven actresses.,semantics,quantifiers,superlative_quantifiers_1,True,False,False,False,614,1.5958660137343403,1.3414610399206153,0.25440497381372507,1,-62.923165798187256,-65.77436649799347,-77.28595992179632,-77.847515857279,9,9
No print can look like fewer than nine adults.,No print can look like at most nine adults.,semantics,quantifiers,superlative_quantifiers_1,True,False,False,False,615,1.5417861083215143,0.5423821873241905,0.9994039209973238,1,-67.78943157196045,-71.94468235969543,-83.20729265517559,-77.36850423293734,10,10
No patient knew fewer than two drivers.,No patient knew at most two drivers.,semantics,quantifiers,superlative_quantifiers_1,True,False,False,False,616,1.7856047915041664,0.3726518354074111,1.4129529560967553,1,-54.82556909322739,-60.290404319763184,-69.11040742526072,-63.27161900302247,8,8
No snake does break more than seven couches.,No snake does break at least seven couches.,semantics,quantifiers,superlative_quantifiers_1,True,False,False,False,617,2.291323865985612,2.2262658207513795,0.06505804523423242,1,-61.594712257385254,-62.806848645210266,-84.50795091724137,-85.06950685272406,10,10
No dancer descended more than nine steps.,No dancer descended at least nine steps.,semantics,quantifiers,superlative_quantifiers_1,True,False,False,False,618,1.4986521898308922,1.488169723801331,0.010482466029561266,1,-56.70388901233673,-57.34930467605591,-68.69310653098387,-69.25466246646656,8,8
No teacher goes to fewer than four movie theaters.,No teacher goes to at most four movie theaters.,semantics,quantifiers,superlative_quantifiers_1,True,False,False,False,619,1.8915015167673743,0.7016915713140293,1.189809945453345,1,-65.00392490625381,-71.06323593854904,-83.91894007392756,-78.08015165168933,10,10
No guy does insult fewer than nine banks.,No guy does insult at most nine banks.,semantics,quantifiers,superlative_quantifiers_1,True,False,False,False,620,1.3491044630171762,0.1095058540850131,1.2395986089321631,1,-68.8444652557373,-74.16206431388855,-80.98640542289189,-75.14761700065367,9,9
No waitress has described more than three banks.,No waitress has described at least three banks.,semantics,quantifiers,superlative_quantifiers_1,True,False,False,False,621,1.938210870941396,1.8943062169264617,0.043904654014934374,1,-58.22125780582428,-59.177955627441406,-75.66515564429685,-76.22671157977956,9,9
No woman will return to more than ten movie theaters.,No woman will return to at least ten movie theaters.,semantics,quantifiers,superlative_quantifiers_1,True,False,False,False,622,1.861821078904923,1.6798762980440822,0.18194478086084076,1,-65.94241017103195,-68.50535869598389,-86.4224420389861,-86.98399797446879,11,11
No person was dropping by more than nine high schools.,No person was dropping by at least nine high schools.,semantics,quantifiers,superlative_quantifiers_1,True,False,False,False,623,1.6236036834564904,1.8251864470073955,-0.2015827635509051,0,-68.52960312366486,-66.87374866008759,-86.38924364168625,-86.95079957716894,11,11
No patient was going to more than six cafes.,No patient was going to at least six cafes.,semantics,quantifiers,superlative_quantifiers_1,True,False,False,False,624,1.6228110134643514,1.5358563555859235,0.08695465787842793,1,-60.10469365119934,-61.53579616546631,-76.33280378584286,-76.89435972132554,10,10
No association remembers more than ten actors.,No association remembers at least ten actors.,semantics,quantifiers,superlative_quantifiers_1,True,False,False,False,625,1.854275012521569,1.5118722207359383,0.3424027917856307,1,-55.644644141197205,-58.945422410964966,-70.47884424136976,-71.04040017685247,8,8
No child had bought more than seven muffins.,No child had bought at least seven muffins.,semantics,quantifiers,superlative_quantifiers_1,True,False,False,False,626,2.5391373820871563,2.3755183479498783,0.16361903413727807,1,-54.7938574552536,-56.99160373210907,-80.18523127612517,-80.74678721160785,10,10
No patient describes more than seven commentaries.,No patient describes at least seven commentaries.,semantics,quantifiers,superlative_quantifiers_1,True,False,False,False,627,1.6118571335201846,1.3836093931566102,0.22824774036357431,1,-65.69627010822296,-68.31205570697784,-80.20298430990462,-80.76454024538734,9,9
No driver flees from more than four museums.,No driver flees from at least four museums.,semantics,quantifiers,superlative_quantifiers_1,True,False,False,False,628,1.5130074213753404,1.4337300324788487,0.07927738889649172,1,-68.44344854354858,-69.79777836799622,-83.57352275730199,-84.1350786927847,10,10
No man is observing fewer than six students.,No man is observing at most six students.,semantics,quantifiers,superlative_quantifiers_1,True,False,False,False,629,2.061153343668448,0.9872027447782633,1.0739505988901845,1,-56.83437466621399,-60.66114163398743,-75.38475475923002,-69.5459663369918,9,9
No guy sounds like more than four high schools.,No guy sounds like at least four high schools.,semantics,quantifiers,superlative_quantifiers_1,True,False,False,False,630,1.897725718302644,1.7274668578676056,0.17025886043503835,1,-58.99140590429306,-61.25555044412613,-77.9686630873195,-78.53021902280219,10,10
No lady had biked to more than nine lakes.,No lady had biked to at least nine lakes.,semantics,quantifiers,superlative_quantifiers_1,True,False,False,False,631,1.2709725761141717,1.1625920266490548,0.10838054946511688,1,-74.84636080265045,-76.60010278224945,-88.82705913990634,-89.38861507538905,11,11
No senator escapes from fewer than ten dancers.,No senator escapes from at most ten dancers.,semantics,quantifiers,superlative_quantifiers_1,True,False,False,False,632,2.124892739749138,0.5463809815131115,1.5785117582360264,1,-65.04672503471375,-73.41454243659973,-84.17075969245599,-78.33197127021774,9,9
No waiter was fleeing from fewer than two doctors.,No waiter was fleeing from at most two doctors.,semantics,quantifiers,superlative_quantifiers_1,True,False,False,False,633,2.2095140599196412,0.8697852244669064,1.3397288354527348,1,-64.48513984680176,-72.04363977909088,-86.58028044599817,-80.74149202375995,10,10
No doctor had fled from more than seven hospitals.,No doctor had fled from at least seven hospitals.,semantics,quantifiers,superlative_quantifiers_1,True,False,False,False,634,2.2200951909239395,1.9357196260249452,0.2843755648989943,1,-57.92546761035919,-61.33077919483185,-80.12641951959858,-80.6879754550813,10,10
No senator discovered more than three couches.,No senator discovered at least three couches.,semantics,quantifiers,superlative_quantifiers_1,True,False,False,False,635,2.3673264403132226,2.3291559518078264,0.03817048850539617,1,-56.945276498794556,-57.850366830825806,-78.25121446161356,-78.81277039709624,9,9
No child was healing fewer than three cashiers.,No child was healing at most three cashiers.,semantics,quantifiers,superlative_quantifiers_1,True,False,False,False,636,1.8603919460193565,0.8621036630396901,0.9982882829796664,1,-68.08400732278824,-72.22810173034668,-86.6879267829818,-80.84913836074358,10,10
No child fled from more than three cafes.,No child fled from at least three cafes.,semantics,quantifiers,superlative_quantifiers_1,True,False,False,False,637,1.9014410986587127,1.574744432747009,0.32669666591170365,1,-57.05951249599457,-60.56133842468262,-74.17248238392298,-74.7340383194057,9,9
No man is annoying more than two people.,No man is annoying at least two people.,semantics,quantifiers,superlative_quantifiers_1,True,False,False,False,638,2.1037980926145234,2.3373428345210843,-0.23354474190656083,0,-45.28316366672516,-43.74281692504883,-64.21734650025587,-64.77890243573859,9,9
No actor is questioning fewer than nine pedestrians.,No actor is questioning at most nine pedestrians.,semantics,quantifiers,superlative_quantifiers_1,True,False,False,False,639,1.5765333417415819,0.5752746801390458,1.001258661602536,1,-67.89998525381088,-71.07252478599548,-82.08878532948512,-76.2499969072469,9,9
No cat climbs down more than two steps.,No cat climbs down at least two steps.,semantics,quantifiers,superlative_quantifiers_1,True,False,False,False,640,2.6266283889567634,2.6277538784676913,-0.0011254895109278351,0,-47.206037521362305,-47.75746405124664,-70.84569302197318,-71.40724895745586,9,9
No woman has passed fewer than two malls.,No woman has passed at most two malls.,semantics,quantifiers,superlative_quantifiers_1,True,False,False,False,641,2.613038150862666,1.1201888370592188,1.492849313803447,1,-54.57100033760071,-62.167855739593506,-78.0883436953647,-72.24955527312648,9,9
No senator concealed more than five children.,No senator concealed at least five children.,semantics,quantifiers,superlative_quantifiers_1,True,False,False,False,642,1.686273495864235,1.6622188734053864,0.024054622458848485,1,-53.463773131370544,-54.21776604652405,-66.95396109828442,-67.51551703376714,8,8
No unicycle was scaring fewer than two dancers.,No unicycle was scaring at most two dancers.,semantics,quantifiers,superlative_quantifiers_1,True,False,False,False,643,2.53569026826392,1.7171948400366803,0.8184954282272399,1,-70.7292662858963,-73.89392757415771,-98.62185923679942,-92.7830708145612,11,11
No company respected more than two mountains.,No company respected at least two mountains.,semantics,quantifiers,superlative_quantifiers_1,True,False,False,False,644,1.1706485041750092,1.1853737960952806,-0.014725291920271388,0,-55.22161102294922,-55.66536462306976,-64.58679905634929,-65.14835499183201,8,8
No cashier talked about more than nine grocery stores.,No cashier talked about at least nine grocery stores.,semantics,quantifiers,superlative_quantifiers_1,True,False,False,False,645,2.5746927229262258,2.3458956731094633,0.2287970498167624,1,-67.63474774360657,-70.71307122707367,-95.95636769579505,-96.51792363127777,11,11
No teenager has fled from more than five museums.,No teenager has fled from at least five museums.,semantics,quantifiers,superlative_quantifiers_1,True,False,False,False,646,2.420181469290216,2.0345037097958825,0.38567775949433347,1,-59.983039021492004,-64.40137255191803,-84.18485371439417,-84.74640964987685,10,10
No waitress sounds like more than nine books.,No waitress sounds like at least nine books.,semantics,quantifiers,superlative_quantifiers_1,True,False,False,False,647,1.8935747713221045,1.5832345802338226,0.3103401910882819,1,-56.15655583143234,-59.511173486709595,-73.19872877333128,-73.760284708814,9,9
No man has sold more than ten eyes.,No man has sold at least ten eyes.,semantics,quantifiers,superlative_quantifiers_1,True,False,False,False,648,2.459911047772645,2.1205800184215935,0.3393310293510514,1,-45.25856405496597,-48.874099254608154,-67.39776348491978,-67.9593194204025,9,9
No book does confuse more than four doctors.,No book does confuse at least four doctors.,semantics,quantifiers,superlative_quantifiers_1,True,False,False,False,649,1.2480686846005824,1.2637861196537397,-0.015717435053157258,0,-62.933117628097534,-63.35321664810181,-74.16573578950278,-74.72729172498546,9,9
No committee referenced fewer than two teachers.,No committee referenced at most two teachers.,semantics,quantifiers,superlative_quantifiers_1,True,False,False,False,650,1.872471452349842,1.0523732270379824,0.8200982253118596,1,-59.655829310417175,-60.37782669067383,-74.63560092921591,-68.79681250697769,8,8
No report was looking like more than ten sketches.,No report was looking like at least ten sketches.,semantics,quantifiers,superlative_quantifiers_1,True,False,False,False,651,1.7449121831812846,1.435359509040802,0.3095526741404826,1,-60.35795772075653,-64.01504039764404,-77.80707955256938,-78.36863548805206,10,10
No teacher was wearing more than nine gloves.,No teacher was wearing at least nine gloves.,semantics,quantifiers,superlative_quantifiers_1,True,False,False,False,652,2.0479857739769045,1.810070014530516,0.23791575944638854,1,-53.34960460662842,-56.0524023771286,-71.78147657242056,-72.34303250790325,9,9
No teenager goes to fewer than four grocery stores.,No teenager goes to at most four grocery stores.,semantics,quantifiers,superlative_quantifiers_1,True,False,False,False,653,2.067515181871559,0.7058675429653789,1.36164763890618,1,-67.3600212931633,-75.13770925998688,-88.03517311187889,-82.19638468964067,10,10
No boy did escape from more than four patients.,No boy did escape from at least four patients.,semantics,quantifiers,superlative_quantifiers_1,True,False,False,False,654,1.5666605448556339,1.3215300847463738,0.2451304601092601,1,-60.852232813835144,-63.86509335041046,-76.51883826239148,-77.0803941978742,10,10
No window resembles more than nine sketches.,No window resembles at least nine sketches.,semantics,quantifiers,superlative_quantifiers_1,True,False,False,False,655,1.196225469060824,1.1811918754782766,0.015033593582547411,1,-61.398990988731384,-62.08081567287445,-70.96879474121798,-71.53035067670066,8,8
No school was admiring fewer than three bicycles.,No school was admiring at most three bicycles.,semantics,quantifiers,superlative_quantifiers_1,True,False,False,False,656,2.292279974807715,1.375263685941971,0.9170162888657443,1,-65.43559616804123,-68.76697063446045,-88.35839591611838,-82.51960749388016,10,10
No organization can stun fewer than four girls.,No organization can stun at most four girls.,semantics,quantifiers,superlative_quantifiers_1,True,False,False,False,657,1.4273860305177726,0.38341344201712485,1.0439725885006477,1,-65.73824739456177,-69.29521226882935,-78.58472166922172,-72.74593324698347,9,9
No doctor climbs down fewer than four ladders.,No doctor climbs down at most four ladders.,semantics,quantifiers,superlative_quantifiers_1,True,False,False,False,658,2.6148478459692654,1.6334780731881922,0.9813697727810733,1,-62.19636523723602,-66.17127454280853,-88.34484369692868,-82.50605527469045,10,10
No pie was confusing more than two boys.,No pie was confusing at least two boys.,semantics,quantifiers,superlative_quantifiers_1,True,False,False,False,659,1.6855264114513426,1.7327932472579448,-0.04726683580660218,0,-54.321422815322876,-54.45757722854614,-69.49116051838496,-70.05271645386765,9,9
No museum might buy fewer than three mushrooms.,No museum might buy at most three mushrooms.,semantics,quantifiers,superlative_quantifiers_1,True,False,False,False,660,1.8867948219543835,0.38163453964592187,1.5051602823084616,1,-62.64031720161438,-70.34797132015228,-79.62147059920383,-73.78268217696558,9,9
No child had scared fewer than six students.,No child had scared at most six students.,semantics,quantifiers,superlative_quantifiers_1,True,False,False,False,661,1.6155085378479914,0.4125340227662819,1.2029745150817095,1,-60.075259745121,-65.06324195861816,-74.61483658575293,-68.7760481635147,9,9
No pie scares fewer than three pedestrians.,No pie scares at most three pedestrians.,semantics,quantifiers,superlative_quantifiers_1,True,False,False,False,662,1.3859976045308215,0.2847320806635878,1.1012655238672338,1,-65.08393132686615,-68.0552670955658,-76.17191216311272,-70.3331237408745,8,8
No dancer does investigate fewer than nine cashiers.,No dancer does investigate at most nine cashiers.,semantics,quantifiers,superlative_quantifiers_1,True,False,False,False,663,1.8939801647237942,0.7894492786805444,1.10453088604325,1,-75.18621468544006,-80.39273512363434,-94.126016332678,-88.28722791043978,10,10
No legislature listened to fewer than five doctors.,No legislature listened to at most five doctors.,semantics,quantifiers,superlative_quantifiers_1,True,False,False,False,664,1.9239701641958566,0.43423145785751494,1.4897387063383416,1,-61.11726653575897,-68.6861264705658,-78.43299801352168,-72.59420959128343,9,9
No actress remembered more than four actors.,No actress remembered at least four actors.,semantics,quantifiers,superlative_quantifiers_1,True,False,False,False,665,1.7051730780182712,1.3797448545996431,0.3254282234186281,1,-52.97326993942261,-56.13825166225433,-66.61465456356878,-67.17621049905148,8,8
No teenager had helped more than ten actresses.,No teenager had helped at least ten actresses.,semantics,quantifiers,superlative_quantifiers_1,True,False,False,False,666,2.1014711909243937,1.9061232938827257,0.195347897041668,1,-58.0213280916214,-60.341015100479126,-76.93456880994094,-77.49612474542366,9,9
No bank referenced fewer than nine movies.,No bank referenced at most nine movies.,semantics,quantifiers,superlative_quantifiers_1,True,False,False,False,667,1.4492388095040205,0.5259205684279245,0.9233182410760961,1,-63.37928092479706,-64.9270384311676,-74.97319140082922,-69.134402978591,8,8
No customer is exploring more than eight museums.,No customer is exploring at least eight museums.,semantics,quantifiers,superlative_quantifiers_1,True,False,False,False,668,2.0692257182698106,2.178611097595327,-0.1093853793255164,0,-58.603883385658264,-58.180970907211304,-77.22691485008656,-77.78847078556925,9,9
No child is hiding more than ten forks.,No child is hiding at least ten forks.,semantics,quantifiers,superlative_quantifiers_1,True,False,False,False,669,2.0915569977526647,1.8223167589912603,0.26924023876140435,1,-52.06388568878174,-55.048603773117065,-70.88789866855572,-71.44945460403841,9,9
No man discussed more than seven waitresses.,No man discussed at least seven waitresses.,semantics,quantifiers,superlative_quantifiers_1,True,False,False,False,670,1.1590179828343707,1.2189868995795274,-0.0599689167451567,0,-64.42423510551453,-64.44607079029083,-74.85539695102386,-75.41695288650658,9,9
No adult has talked about more than three customers.,No adult has talked about at least three customers.,semantics,quantifiers,superlative_quantifiers_1,True,False,False,False,671,2.147517638385139,1.945461571548276,0.20205606683686317,1,-57.467672407627106,-60.049789011478424,-78.9428487914785,-79.50440472696118,10,10
No committee praised more than six cashiers.,No committee praised at least six cashiers.,semantics,quantifiers,superlative_quantifiers_1,True,False,False,False,672,1.8397932237587484,1.7545324035399972,0.08526082021875125,1,-62.90682005882263,-64.23572337627411,-79.46495907265137,-80.02651500813408,9,9
No customer does drop by fewer than seven movie theaters.,No customer does drop by at most seven movie theaters.,semantics,quantifiers,superlative_quantifiers_1,True,False,False,False,673,1.582506432966351,0.7165665365443229,0.8659398964220281,1,-81.17580646276474,-84.86235690116882,-98.5833772253946,-92.74458880315638,11,11
No cashier should work with more than two senators.,No cashier should work with at least two senators.,semantics,quantifiers,superlative_quantifiers_1,True,False,False,False,674,2.1187223247244447,1.9869848932506888,0.13173743147375583,1,-64.46965324878693,-66.48032093048096,-87.77559882075582,-88.33715475623853,11,11
No senator drives to more than eight libraries.,No senator drives to at least eight libraries.,semantics,quantifiers,superlative_quantifiers_1,True,False,False,False,675,1.251954027231878,1.2544345025097465,-0.0024804752778684325,0,-65.15207850933075,-65.69131016731262,-76.41966475441765,-76.98122068990034,9,9
No woman healed fewer than four actors.,No woman healed at most four actors.,semantics,quantifiers,superlative_quantifiers_1,True,False,False,False,676,2.0581587376665738,0.7805778018740241,1.2775809357925496,1,-56.12321746349335,-60.50507652759552,-72.58848736482594,-66.74969894258771,8,8
No dancer has biked to more than five high schools.,No dancer has biked to at least five high schools.,semantics,quantifiers,superlative_quantifiers_1,True,False,False,False,677,1.7781628838663224,1.771685047226022,0.006477836640300438,1,-77.47535240650177,-78.11464238166809,-98.81330701289764,-99.37486294838035,12,12
No cashier is breaking more than three convertibles.,No cashier is breaking at least three convertibles.,semantics,quantifiers,superlative_quantifiers_1,True,False,False,False,678,2.0107496756113843,1.8970188289986873,0.11373084661269695,1,-73.81150090694427,-75.62409615516663,-95.9297473386695,-96.49130327415219,11,11
No legislature is helping fewer than eight waiters.,No legislature is helping at most eight waiters.,semantics,quantifiers,superlative_quantifiers_1,True,False,False,False,679,1.3108099458113969,0.21604788553756862,1.0947620602738282,1,-72.91368108987808,-78.02251327037811,-86.02178054799205,-80.1829921257538,10,10
No woman was arguing about more than seven students.,No woman was arguing about at least seven students.,semantics,quantifiers,superlative_quantifiers_1,True,False,False,False,680,2.60817685317472,2.440097722678189,0.168079130496531,1,-52.13819921016693,-54.38054645061493,-78.21996774191413,-78.78152367739682,10,10
No boy visits fewer than seven grocery stores.,No boy visits at most seven grocery stores.,semantics,quantifiers,superlative_quantifiers_1,True,False,False,False,681,1.8371527429109418,0.9949004981060404,0.8422522448049014,1,-67.04032015800476,-68.78180193901062,-83.57469484420324,-77.73590642196498,9,9
No teacher went to more than ten high schools.,No teacher went to at least ten high schools.,semantics,quantifiers,superlative_quantifiers_1,True,False,False,False,682,2.044819752694744,1.8208587106820233,0.2239610420127205,1,-55.27978140115738,-58.08094775676727,-75.72797892810482,-76.2895348635875,10,10
No school should criticize more than ten hospitals.,No school should criticize at least ten hospitals.,semantics,quantifiers,superlative_quantifiers_1,True,False,False,False,683,1.9380961568725814,1.8801414363865472,0.05795472048603423,1,-58.79386478662491,-59.877013206481934,-76.23673019847814,-76.79828613396086,9,9
No library could like more than nine drivers.,No library could like at least nine drivers.,semantics,quantifiers,superlative_quantifiers_1,True,False,False,False,684,1.2955651968667137,1.2012769882871939,0.0942882085795198,1,-59.476362347602844,-60.88651216030121,-71.13644911940327,-71.69800505488595,9,9
No driver did climb up fewer than four stairs.,No driver did climb up at most four stairs.,semantics,quantifiers,superlative_quantifiers_1,True,False,False,False,685,1.3816683100413598,0.6151731267034932,0.7664951833378666,1,-69.4721063375473,-71.29826974868774,-83.2887894379609,-77.45000101572268,10,10
No customer would break more than seven chairs.,No customer would break at least seven chairs.,semantics,quantifiers,superlative_quantifiers_1,True,False,False,False,686,2.0914798590837367,1.8715860540678255,0.21989380501591116,1,-54.58339238166809,-57.123992562294006,-73.40671111342172,-73.96826704890444,9,9
No patient has returned to more than seven high schools.,No patient has returned to at least seven high schools.,semantics,quantifiers,superlative_quantifiers_1,True,False,False,False,687,2.1848203944729376,2.0427195901097495,0.14210080436318817,1,-61.789400935173035,-63.91406571865082,-85.82242527437535,-86.38398120985806,11,11
No actress had disliked fewer than three pedestrians.,No actress had disliked at most three pedestrians.,semantics,quantifiers,superlative_quantifiers_1,True,False,False,False,688,1.3296813427271905,0.0468250337226329,1.2828563090045577,1,-70.24146330356598,-75.94838166236877,-82.2085953881107,-76.36980696587247,9,9
No cashier had passed more than ten banks.,No cashier had passed at least ten banks.,semantics,quantifiers,superlative_quantifiers_1,True,False,False,False,689,2.0085417771512653,1.7614655114923834,0.24707626565888186,1,-62.105085253715515,-65.13740384578705,-82.19050302522817,-82.75205896071088,10,10
No skateboard resembled more than five drawings.,No skateboard resembled at least five drawings.,semantics,quantifiers,superlative_quantifiers_1,True,False,False,False,690,2.161574054527468,1.979446388224122,0.1821276663033462,1,-62.361873626708984,-64.56257855892181,-81.8160401174562,-82.37759605293891,9,9
No lady would think about more than six closets.,No lady would think about at least six closets.,semantics,quantifiers,superlative_quantifiers_1,True,False,False,False,691,2.3615224544843545,2.2271517981765006,0.13437065630785394,1,-60.890575647354126,-62.930208802223206,-86.86732264668203,-87.42887858216471,11,11
No pedestrian runs around more than six high schools.,No pedestrian runs around at least six high schools.,semantics,quantifiers,superlative_quantifiers_1,True,False,False,False,692,2.482146093541428,2.67909222110917,-0.19694612756774177,0,-61.15168046951294,-59.74377512931824,-85.97314140492722,-86.53469734040993,10,10
No driver does break more than nine skateboards.,No driver does break at least nine skateboards.,semantics,quantifiers,superlative_quantifiers_1,True,False,False,False,693,2.39179357291016,2.307747472685159,0.08404610022500103,1,-63.209488570690155,-64.61150550842285,-87.12742429979176,-87.68898023527444,10,10
No bank had distracted more than seven governments.,No bank had distracted at least seven governments.,semantics,quantifiers,superlative_quantifiers_1,True,False,False,False,694,1.4926058932766213,1.5866332351833516,-0.09402734190673034,0,-62.22404217720032,-61.93935203552246,-75.65749521668991,-76.21905115217263,9,9
No person had observed fewer than six students.,No person had observed at most six students.,semantics,quantifiers,superlative_quantifiers_1,True,False,False,False,695,1.99525542303722,0.6961134031680652,1.2991420198691546,1,-57.92188084125519,-63.775370597839355,-75.87917964859017,-70.04039122635194,9,9
No actor is boycotting fewer than four hills.,No actor is boycotting at most four hills.,semantics,quantifiers,superlative_quantifiers_1,True,False,False,False,696,2.479267323786465,1.3857185458593648,1.0935487779271,1,-65.8497399687767,-70.94643932580948,-90.64241320664135,-84.80362478440313,10,10
No association respects fewer than two rivers.,No association respects at most two rivers.,semantics,quantifiers,superlative_quantifiers_1,True,False,False,False,697,1.7735207552364898,0.576639814604043,1.1968809406324468,1,-59.02385413646698,-62.76011323928833,-73.2120201783589,-67.37323175612067,8,8
No sweater can annoy fewer than ten guys.,No sweater can annoy at most ten guys.,semantics,quantifiers,superlative_quantifiers_1,True,False,False,False,698,1.562416384341219,0.5343686866766544,1.0280476976645647,1,-65.56581789255142,-68.97945874929428,-79.6275653516224,-73.78877692938417,9,9
No waiter respects more than two patients.,No waiter respects at least two patients.,semantics,quantifiers,superlative_quantifiers_1,True,False,False,False,699,1.7370323541581918,1.5187267457193094,0.21830560843888236,1,-55.134867906570435,-57.44286870956421,-69.03112673983597,-69.59268267531868,8,8
No actor had thought about more than two chairs.,No actor had thought about at least two chairs.,semantics,quantifiers,superlative_quantifiers_1,True,False,False,False,700,1.4672362273707933,1.1335426230545296,0.3336936043162637,1,-59.50154459476471,-63.400036573410034,-74.17390686847264,-74.73546280395533,10,10
No guest hides more than five windows.,No guest hides at least five windows.,semantics,quantifiers,superlative_quantifiers_1,True,False,False,False,701,1.3892124711136802,1.284976428805436,0.10423604230824424,1,-56.700725078582764,-58.09616935253143,-67.8144248474922,-68.37598078297492,8,8
No mushroom astounded more than ten committees.,No mushroom astounded at least ten committees.,semantics,quantifiers,superlative_quantifiers_1,True,False,False,False,702,1.754596399943703,1.7816983353944396,-0.02710193545073647,0,-67.90686845779419,-68.22450697422028,-83.69823605728752,-84.25979199277023,9,9
No snake climbs down fewer than eight mountains.,No snake climbs down at most eight mountains.,semantics,quantifiers,superlative_quantifiers_1,True,False,False,False,703,1.902993298114151,0.8377199765240562,1.065273321590095,1,-62.93920451402664,-66.68787598609924,-80.066144197054,-74.22735577481575,9,9
No teenager liked more than two apples.,No teenager liked at least two apples.,semantics,quantifiers,superlative_quantifiers_1,True,False,False,False,704,1.8409374069984423,1.4166910229863063,0.424246384012136,1,-51.39437693357468,-55.34990394115448,-66.12187618956222,-66.68343212504493,8,8
No child cleaned more than nine grocery stores.,No child cleaned at least nine grocery stores.,semantics,quantifiers,superlative_quantifiers_1,True,False,False,False,705,1.6806383607512347,1.813855769843261,-0.13321740909202617,0,-63.40295660495758,-62.76555585861206,-78.5287018517187,-79.09025778720141,9,9
No pedestrian has appreciated more than ten stories.,No pedestrian has appreciated at least ten stories.,semantics,quantifiers,superlative_quantifiers_1,True,False,False,False,706,1.959970448523298,1.8029420994527199,0.15702834907057817,1,-60.491936802864075,-62.466747879981995,-78.13167083957376,-78.69322677505647,9,9
No committee had disgusted fewer than four actors.,No committee had disgusted at most four actors.,semantics,quantifiers,superlative_quantifiers_1,True,False,False,False,707,1.4128201519697825,0.739706431432293,0.6731137205374895,1,-68.12802040576935,-68.34725546836853,-80.84340177349739,-75.00461335125917,9,9
No patient hates fewer than seven girls.,No patient hates at most seven girls.,semantics,quantifiers,superlative_quantifiers_1,True,False,False,False,708,2.2479842600318456,1.067978444867176,1.1800058151646695,1,-53.71171706914902,-57.31297516822815,-71.69559114940378,-65.85680272716556,8,8
No library was buying fewer than two blouses.,No library was buying at most two blouses.,semantics,quantifiers,superlative_quantifiers_1,True,False,False,False,709,2.3161548194310226,1.4070154333839582,0.9091393860470645,1,-64.99667382240295,-68.24927926063538,-88.15822201671318,-82.31943359447496,10,10
No senator researches fewer than three legislatures.,No senator researches at most three legislatures.,semantics,quantifiers,superlative_quantifiers_1,True,False,False,False,710,2.341802630767069,1.1571369737620911,1.184665657004978,1,-69.79175269603729,-74.61495518684387,-90.86797637294092,-85.02918795070269,9,9
No popsicle was looking like fewer than nine paintings.,No popsicle was looking like at most nine paintings.,semantics,quantifiers,superlative_quantifiers_1,True,False,False,False,711,2.250361168662842,1.2723013645582197,0.9780598041046225,1,-71.07634019851685,-75.99620962142944,-95.83031305380811,-89.99152463156986,11,11
No waiter is arguing about more than nine stories.,No waiter is arguing about at least nine stories.,semantics,quantifiers,superlative_quantifiers_1,True,False,False,False,712,2.290183956542589,2.103117188287803,0.1870667682547862,1,-58.89595299959183,-61.328176617622375,-81.79779256501772,-82.3593485005004,10,10
No senator examined more than five commentaries.,No senator examined at least five commentaries.,semantics,quantifiers,superlative_quantifiers_1,True,False,False,False,713,1.240497864278227,1.1989435671070288,0.041554297171198185,1,-69.80944228172302,-70.74498689174652,-80.97392306022707,-81.53547899570978,9,9
No customer disturbs more than six libraries.,No customer disturbs at least six libraries.,semantics,quantifiers,superlative_quantifiers_1,True,False,False,False,714,2.619395995374946,2.554119632384113,0.06527636299083284,1,-60.78723156452179,-61.936274766922,-84.3617955228963,-84.92335145837902,9,9
No girl cured fewer than five snakes.,No girl cured at most five snakes.,semantics,quantifiers,superlative_quantifiers_1,True,False,False,False,715,1.6942051414484212,0.2717830264042007,1.4224221150442204,1,-57.56697690486908,-63.10756540298462,-71.12061803645645,-65.28182961421822,8,8
No girl has walked through more than two closets.,No girl has walked through at least two closets.,semantics,quantifiers,superlative_quantifiers_1,True,False,False,False,716,3.0570432784656574,2.8998332601867314,0.157210018278926,1,-55.18984854221344,-57.48071467876434,-88.81732460533567,-89.37888054081839,11,11
No teenager criticizes more than seven pedestrians.,No teenager criticizes at least seven pedestrians.,semantics,quantifiers,superlative_quantifiers_1,True,False,False,False,717,2.0434018610854046,1.7017671453274754,0.34163471575792914,1,-65.39540219306946,-69.03167057037354,-83.7860189428381,-84.34757487832081,9,9
No cashier has watched more than nine patients.,No cashier has watched at least nine patients.,semantics,quantifiers,superlative_quantifiers_1,True,False,False,False,718,2.388325293800193,2.3990037354777343,-0.010678441677541173,0,-60.38484990596771,-60.83962142467499,-84.26810284396964,-84.82965877945233,10,10
No painting looks like fewer than seven customers.,No painting looks like at most seven customers.,semantics,quantifiers,superlative_quantifiers_1,True,False,False,False,719,1.9016345697980246,0.8024699743385244,1.0991645954595002,1,-59.67667806148529,-63.73037099838257,-76.79138918966751,-70.95260076742929,9,9
No pedestrian is thinking about fewer than five sweaters.,No pedestrian is thinking about at most five sweaters.,semantics,quantifiers,superlative_quantifiers_1,True,False,False,False,720,2.8571798912798116,1.7293778631754746,1.127802028104337,1,-67.40159845352173,-73.96863234043121,-98.83057725759966,-92.99178883536143,11,11
No senator investigates fewer than seven students.,No senator investigates at most seven students.,semantics,quantifiers,superlative_quantifiers_1,True,False,False,False,721,2.1905098554998297,0.8927824007615861,1.2977274547382436,1,-60.89083504676819,-65.43386626243591,-78.41491389076683,-72.5761254685286,8,8
No woman has lifted more than two restaurants.,No woman has lifted at least two restaurants.,semantics,quantifiers,superlative_quantifiers_1,True,False,False,False,722,2.2827898768752437,2.163270426115856,0.11951945075938752,1,-51.01482534408569,-52.65205633640289,-71.55993423596288,-72.1214901714456,9,9
No painting had looked like more than three customers.,No painting had looked like at least three customers.,semantics,quantifiers,superlative_quantifiers_1,True,False,False,False,723,1.444689712722243,1.1794902256659612,0.2651994870562817,1,-62.11367392539978,-65.32722473144531,-76.56057105262221,-77.12212698810492,10,10
No actress was revealing more than nine mountains.,No actress was revealing at least nine mountains.,semantics,quantifiers,superlative_quantifiers_1,True,False,False,False,724,1.2447166290134406,1.0932632348234677,0.15145339418997295,1,-63.22455132007599,-65.14918780326843,-74.42700098119695,-74.98855691667964,9,9
No teenager dropped by fewer than three art galleries.,No teenager dropped by at most three art galleries.,semantics,quantifiers,superlative_quantifiers_1,True,False,False,False,725,1.9603961635326328,0.7755714194380829,1.1848247440945499,1,-71.48245000839233,-77.49190902709961,-91.08641164371866,-85.24762322148044,10,10
No waitress was breaking fewer than ten dishes.,No waitress was breaking at most ten dishes.,semantics,quantifiers,superlative_quantifiers_1,True,False,False,False,726,1.81640810730771,0.7872711148916601,1.02913699241605,1,-63.792627811431885,-67.21607232093811,-80.14030077720128,-74.30151235496305,9,9
No adult disliked more than ten mountains.,No adult disliked at least ten mountains.,semantics,quantifiers,superlative_quantifiers_1,True,False,False,False,727,1.07599297662264,1.0446646130973356,0.031328363525304326,1,-59.439055144786835,-60.251237988471985,-68.04699895776795,-68.60855489325067,8,8
No photograph is looking like more than five shirts.,No photograph is looking like at least five shirts.,semantics,quantifiers,superlative_quantifiers_1,True,False,False,False,728,1.9080380646150588,1.689187375833771,0.21885068878128777,1,-58.64144670963287,-61.39150953292847,-77.72182735578346,-78.28338329126618,10,10
No guest had scanned fewer than four documentaries.,No guest had scanned at most four documentaries.,semantics,quantifiers,superlative_quantifiers_1,True,False,False,False,729,1.7492956656677923,0.4186073709776742,1.330688294690118,1,-67.56432914733887,-73.7017353773117,-83.307990138349,-77.46920171611077,9,9
No waitress respects more than four senators.,No waitress respects at least four senators.,semantics,quantifiers,superlative_quantifiers_1,True,False,False,False,730,1.6891064445911113,1.491531778639942,0.19757466595116924,1,-59.257956743240356,-61.4001100063324,-72.77080829996925,-73.33236423545193,8,8
No school should criticize more than six movies.,No school should criticize at least six movies.,semantics,quantifiers,superlative_quantifiers_1,True,False,False,False,731,1.847352046674094,1.6707335582144778,0.17661848845961625,1,-57.32281959056854,-59.473941922187805,-73.94898801063539,-74.5105439461181,9,9
No doctor skates around more than two glaciers.,No doctor skates around at least two glaciers.,semantics,quantifiers,superlative_quantifiers_1,True,False,False,False,732,2.0933744545803252,2.2599435279335864,-0.1665690733532612,0,-63.17774736881256,-62.073612570762634,-84.11149191461581,-84.6730478500985,10,10
No senator has upset fewer than four governments.,No senator has upset at most four governments.,semantics,quantifiers,superlative_quantifiers_1,True,False,False,False,733,2.458538286105102,1.1534566368931236,1.3050816492119786,1,-59.39678227901459,-65.30372869968414,-81.52362685396051,-75.68483843172226,9,9
No eggplant looked like fewer than seven pictures.,No eggplant looked like at most seven pictures.,semantics,quantifiers,superlative_quantifiers_1,True,False,False,False,734,1.7753584522511232,0.6733542369022245,1.1020042153488987,1,-70.1548365354538,-75.33609026670456,-87.90842105796503,-82.0696326357268,10,10
No child is boycotting more than four college campuses.,No child is boycotting at least four college campuses.,semantics,quantifiers,superlative_quantifiers_1,True,False,False,False,735,2.5454576056740037,2.710446812820798,-0.16498920714679421,0,-68.75815039873123,-67.50482505559921,-96.75818406114527,-97.31973999662799,11,11
No person was boring fewer than two customers.,No person was boring at most two customers.,semantics,quantifiers,superlative_quantifiers_1,True,False,False,False,736,1.5585266558858848,0.7070858020902114,0.8514408537956734,1,-61.126345068216324,-62.95052433013916,-75.15308497118929,-69.31429654895106,9,9
No legislature helped fewer than five guests.,No legislature helped at most five guests.,semantics,quantifiers,superlative_quantifiers_1,True,False,False,False,737,1.780756585260022,0.24285509032344876,1.5379014949365732,1,-58.92977023124695,-65.39419376850128,-73.17582291332712,-67.33703449108887,8,8
No adult describes fewer than four high schools.,No adult describes at most four high schools.,semantics,quantifiers,superlative_quantifiers_1,True,False,False,False,738,2.241485569958949,0.8080681799158135,1.4334173900431355,1,-60.65398132801056,-67.71594941616058,-80.8273514576411,-74.9885630354029,9,9
No pedestrian cured fewer than eight adults.,No pedestrian cured at most eight adults.,semantics,quantifiers,superlative_quantifiers_1,True,False,False,False,739,1.9092995442334804,0.5599278685470175,1.3493716756864629,1,-62.90014326572418,-67.85632824897766,-78.17453961959203,-72.3357511973538,8,8
No actress will attack more than seven waiters.,No actress will attack at least seven waiters.,semantics,quantifiers,superlative_quantifiers_1,True,False,False,False,740,0.9410598476367852,0.8420787725029584,0.09898107513382681,1,-69.91436004638672,-71.4657267332077,-79.32495852275457,-79.88651445823729,10,10
No guy observed more than three people.,No guy observed at least three people.,semantics,quantifiers,superlative_quantifiers_1,True,False,False,False,741,1.5110819007122274,1.6880175677030689,-0.1769356669908415,0,-48.15692675113678,-47.30299735069275,-60.2455819568346,-60.8071378923173,8,8
No waiter questions more than seven committees.,No waiter questions at least seven committees.,semantics,quantifiers,superlative_quantifiers_1,True,False,False,False,742,1.2599331646466396,1.367024362209417,-0.1070911975627773,0,-60.26346480846405,-59.96829116344452,-70.34293012563717,-70.90448606111985,8,8
No man heals fewer than ten girls.,No man heals at most ten girls.,semantics,quantifiers,superlative_quantifiers_1,True,False,False,False,743,2.0183334887817814,0.8679041465551727,1.1504293422266088,1,-54.51938736438751,-57.88403367996216,-70.66605527464176,-64.82726685240354,8,8
No story sounds like fewer than four public parks.,No story sounds like at most four public parks.,semantics,quantifiers,superlative_quantifiers_1,True,False,False,False,744,1.6613120769139527,0.52812675857395,1.1331853183400027,1,-68.93643391132355,-74.42949867248535,-85.54955468046307,-79.71076625822485,10,10
No girl has complained about more than four doctors.,No girl has complained about at least four doctors.,semantics,quantifiers,superlative_quantifiers_1,True,False,False,False,745,2.730208824593936,2.427910858266716,0.30229796632721984,1,-51.58416819572449,-55.16870379447937,-78.88625644166385,-79.44781237714653,10,10
No student was complaining about more than four documentaries.,No student was complaining about at least four documentaries.,semantics,quantifiers,superlative_quantifiers_1,True,False,False,False,746,2.4574580923998384,2.192552515846941,0.26490557655289715,1,-58.309261083602905,-61.51987278461456,-82.88384200760129,-83.44539794308398,10,10
No girl is fleeing from fewer than two drivers.,No girl is fleeing from at most two drivers.,semantics,quantifiers,superlative_quantifiers_1,True,False,False,False,747,2.2875363362384604,0.9655829529227191,1.3219533833157413,1,-59.745325922966,-67.12607133388519,-82.62068928535061,-76.78190086311238,10,10
No truck is aggravating fewer than three associations.,No truck is aggravating at most three associations.,semantics,quantifiers,superlative_quantifiers_1,True,False,False,False,748,2.3677337657217974,1.5113027372472885,0.8564310284745089,1,-66.40896022319794,-69.1344820857048,-90.08629788041591,-84.24750945817769,10,10
No lady was walking through more than ten libraries.,No lady was walking through at least ten libraries.,semantics,quantifiers,superlative_quantifiers_1,True,False,False,False,749,1.879284664767448,1.8277765672718629,0.05150809749558505,1,-60.86731421947479,-61.94395112991333,-79.66016086714927,-80.22171680263196,10,10
No girl was arriving at more than two libraries.,No girl was arriving at at least two libraries.,semantics,quantifiers,superlative_quantifiers_1,True,False,False,False,750,2.1510001387304243,2.079715327386728,0.07128481134369613,1,-55.50492751598358,-56.77933156490326,-77.01492890328782,-77.57648483877054,10,10
No guy returned to fewer than three cafes.,No guy returned to at most three cafes.,semantics,quantifiers,superlative_quantifiers_1,True,False,False,False,751,1.522945298261615,-0.03528360864926741,1.5582289069108823,1,-62.71536862850189,-70.90064036846161,-76.42187631285643,-70.5830878906182,9,9
No waiter had researched fewer than five photographs.,No waiter had researched at most five photographs.,semantics,quantifiers,superlative_quantifiers_1,True,False,False,False,752,2.074674368614053,0.5798953743042148,1.4947789943098382,1,-65.51748967170715,-73.13171219825745,-84.18955898923363,-78.35077056699538,9,9
No actress was attacking fewer than seven guests.,No actress was attacking at most seven guests.,semantics,quantifiers,superlative_quantifiers_1,True,False,False,False,753,1.6131063813603344,0.46642557900055537,1.146680802359779,1,-64.43995183706284,-68.92129063606262,-78.95790926930584,-73.11912084706762,9,9
No man was concealing fewer than seven stairs.,No man was concealing at most seven stairs.,semantics,quantifiers,superlative_quantifiers_1,True,False,False,False,754,2.048892020322893,0.9541009862312422,1.094791034091651,1,-67.05631971359253,-72.16544163227081,-87.54523991682146,-81.70645149458323,10,10
No customer was disgusting fewer than three senators.,No customer was disgusting at most three senators.,semantics,quantifiers,superlative_quantifiers_1,True,False,False,False,755,1.677128002535372,0.7844276778265503,0.8927003247088218,1,-65.74406236410141,-67.93957686424255,-80.83821438691976,-74.9994259646815,9,9
No customer has biked to fewer than four restaurants.,No customer has biked to at most four restaurants.,semantics,quantifiers,superlative_quantifiers_1,True,False,False,False,756,2.0183149176942705,0.7826321021739954,1.235682815520275,1,-74.69074392318726,-82.44446647167206,-96.89220801782423,-91.053419595586,11,11
No pedestrian observed fewer than three doctors.,No pedestrian observed at most three doctors.,semantics,quantifiers,superlative_quantifiers_1,True,False,False,False,757,1.8420146703572229,0.608601566104781,1.2334131042524419,1,-59.71681773662567,-63.74533414840698,-74.45293509948345,-68.61414667724523,8,8
No actress can respect fewer than seven malls.,No actress can respect at most seven malls.,semantics,quantifiers,superlative_quantifiers_1,True,False,False,False,758,1.4442432373815564,0.2917573598531678,1.1524858775283886,1,-69.24553644657135,-73.77912092208862,-82.24372558300536,-76.40493716076713,9,9
No teenager has worn more than six pants.,No teenager has worn at least six pants.,semantics,quantifiers,superlative_quantifiers_1,True,False,False,False,759,2.1386360365089936,1.9266699671396452,0.21196606936934836,1,-56.24210286140442,-58.71135342121124,-75.48982718998536,-76.05138312546805,9,9
No student skated around fewer than ten lakes.,No student skated around at most ten lakes.,semantics,quantifiers,superlative_quantifiers_1,True,False,False,False,760,1.8982953669018827,1.0525438397224633,0.8457515271794194,1,-71.92857897281647,-74.54730582237244,-90.9115326418353,-85.07274421959707,10,10
No actor is noticing fewer than three drivers.,No actor is noticing at most three drivers.,semantics,quantifiers,superlative_quantifiers_1,True,False,False,False,761,1.6850049218824286,0.4175331081362022,1.2674718137462264,1,-63.38723582029343,-68.95569372177124,-78.55228011723528,-72.71349169499706,9,9
No actor loved more than three adults.,No actor loved at least three adults.,semantics,quantifiers,superlative_quantifiers_1,True,False,False,False,762,1.763173422283261,1.1484669375011265,0.6147064847821344,1,-51.002412140369415,-56.48161995410919,-65.1077995186355,-65.6693554541182,8,8
No waiter hires more than nine doctors.,No waiter hires at least nine doctors.,semantics,quantifiers,superlative_quantifiers_1,True,False,False,False,763,2.0291227128506115,1.9206037191873833,0.10851899366322826,1,-56.82687282562256,-58.25658071041107,-73.05985452842745,-73.62141046391014,8,8
No cashier scans fewer than seven commentaries.,No cashier scans at most seven commentaries.,semantics,quantifiers,superlative_quantifiers_1,True,False,False,False,764,1.4942354175326102,0.6523692668065906,0.8418661507260197,1,-82.44112777709961,-85.02100086212158,-97.38348195242571,-91.54469353018749,10,10
No dancer had sold fewer than seven lamps.,No dancer had sold at most seven lamps.,semantics,quantifiers,superlative_quantifiers_1,True,False,False,False,765,1.9801602855279503,0.6278834401642415,1.3522768453637088,1,-62.94436168670654,-69.2760648727417,-80.7658042564581,-74.92701583421987,9,9
No dancer flees from more than four senators.,No dancer flees from at least four senators.,semantics,quantifiers,superlative_quantifiers_1,True,False,False,False,766,1.5628483397397275,1.2902784403337422,0.2725698994059853,1,-70.07193875312805,-73.3591936826706,-85.70042215052533,-86.26197808600801,10,10
No library was embarrassing more than four teenagers.,No library was embarrassing at least four teenagers.,semantics,quantifiers,superlative_quantifiers_1,True,False,False,False,767,1.5335419592713921,1.632407198266915,-0.09886523899552291,0,-61.60643780231476,-61.27820658683777,-75.40831543575729,-75.96987137124,9,9
No organization has fewer than three vases.,No organization has at most three vases.,semantics,quantifiers,superlative_quantifiers_1,True,False,False,False,768,2.7569455260735998,0.9850123245341504,1.7719332015394493,1,-53.08246648311615,-63.19107687473297,-77.89497621777855,-72.05618779554032,9,9
No lady did lift more than eight dresses.,No lady did lift at least eight dresses.,semantics,quantifiers,superlative_quantifiers_1,True,False,False,False,769,1.1860298137268899,0.9700053833040777,0.21602443042281216,1,-62.33775794506073,-64.84353375434875,-73.01202626860274,-73.57358220408545,9,9
No pedestrian passes more than two high schools.,No pedestrian passes at least two high schools.,semantics,quantifiers,superlative_quantifiers_1,True,False,False,False,770,2.3267576725906514,2.527022704151411,-0.2002650315607597,0,-56.508816719055176,-55.26798737049103,-77.44963577237104,-78.01119170785373,9,9
No dancer had escaped from fewer than four grocery stores.,No dancer had escaped from at most four grocery stores.,semantics,quantifiers,superlative_quantifiers_1,True,False,False,False,771,2.2645576688473663,0.9201420771187336,1.3444155917286327,1,-73.21654891967773,-82.16633200645447,-98.12668327699876,-92.28789485476054,11,11
No skirt embarrassed fewer than two children.,No skirt embarrassed at most two children.,semantics,quantifiers,superlative_quantifiers_1,True,False,False,False,772,1.2270441198869122,0.2985479339122108,0.9284961859747014,1,-60.126736760139465,-61.71591782569885,-69.94308971923476,-64.10430129699654,8,8
No child shocked more than seven universities.,No child shocked at least seven universities.,semantics,quantifiers,superlative_quantifiers_1,True,False,False,False,773,1.1857918840586557,1.3017639054720647,-0.11597202141340901,0,-57.65416181087494,-57.287941575050354,-67.14049688334418,-67.70205281882687,8,8
No girl is passing fewer than eight schools.,No girl is passing at most eight schools.,semantics,quantifiers,superlative_quantifiers_1,True,False,False,False,774,2.3056856154440766,1.1370051426847378,1.1686804727593387,1,-53.705735206604004,-58.38507103919983,-74.4569057456007,-68.61811732336247,9,9
No patient has climbed down fewer than ten hills.,No patient has climbed down at most ten hills.,semantics,quantifiers,superlative_quantifiers_1,True,False,False,False,775,2.0285682756712133,0.9624792026200595,1.0660890730511539,1,-66.16932082176208,-70.9914231300354,-86.45500357847422,-80.616215156236,10,10
No actress loved more than six ladies.,No actress loved at least six ladies.,semantics,quantifiers,superlative_quantifiers_1,True,False,False,False,776,1.493467050225945,0.9261666353781806,0.5673004148477645,1,-53.15509271621704,-58.25505197048187,-65.1028291180246,-65.66438505350732,8,8
No school hates fewer than two pedestrians.,No school hates at most two pedestrians.,semantics,quantifiers,superlative_quantifiers_1,True,False,False,False,777,1.5598349627634391,0.3899602757311129,1.1698746870323262,1,-59.73004484176636,-63.25025391578674,-72.20872454387387,-66.36993612163565,8,8
No child bought fewer than nine public parks.,No child bought at most nine public parks.,semantics,quantifiers,superlative_quantifiers_1,True,False,False,False,778,1.9352756636330513,0.6922387541442782,1.2430369094887732,1,-62.961764454841614,-68.31030821800232,-80.37924542753908,-74.54045700530082,9,9
No woman has dropped by more than ten rivers.,No woman has dropped by at least ten rivers.,semantics,quantifiers,superlative_quantifiers_1,True,False,False,False,779,1.9416702463500968,1.8882406023953138,0.053429643954783,1,-58.53574204444885,-59.63159441947937,-77.95244450794982,-78.51400044343251,10,10
No fish had bored fewer than seven men.,No fish had bored at most seven men.,semantics,quantifiers,superlative_quantifiers_1,True,False,False,False,780,2.112307419730355,0.8665503794271388,1.245757040303216,1,-56.34551119804382,-61.718536138534546,-75.35627797561702,-69.5174895533788,9,9
No teenager would skate around fewer than four lakes.,No teenager would skate around at most four lakes.,semantics,quantifiers,superlative_quantifiers_1,True,False,False,False,781,1.9319539606575062,0.758813312422484,1.1731406482350222,1,-71.6178891658783,-77.5105072259903,-90.93742877245336,-85.09864035021513,10,10
No organization was helping more than three boys.,No organization was helping at least three boys.,semantics,quantifiers,superlative_quantifiers_1,True,False,False,False,782,1.683471177959676,1.7295653122485406,-0.04609413428886455,0,-53.59271454811096,-53.7394232749939,-68.74395514974805,-69.30551108523076,9,9
No girl can see more than three cucumbers.,No girl can see at least three cucumbers.,semantics,quantifiers,superlative_quantifiers_1,True,False,False,False,783,3.2995853623922273,2.92633785354258,0.3732475088496474,1,-46.175895392894745,-50.46992641687393,-79.17174901681702,-79.73330495229973,10,10
No actress talks to fewer than four cashiers.,No actress talks to at most four cashiers.,semantics,quantifiers,superlative_quantifiers_1,True,False,False,False,784,1.83045298108743,0.5964690558748685,1.2339839252125615,1,-68.26105737686157,-74.76210820674896,-86.56558718773587,-80.72679876549765,10,10
No guy has messed up more than seven college campuses.,No guy has messed up at least seven college campuses.,semantics,quantifiers,superlative_quantifiers_1,True,False,False,False,785,2.489964581465159,2.5602873509427195,-0.07032276947756033,0,-66.19537587463856,-65.98338134586811,-93.58498627075531,-94.14654220623802,11,11
No child is talking to fewer than nine people.,No child is talking to at most nine people.,semantics,quantifiers,superlative_quantifiers_1,True,False,False,False,786,1.9582421956582863,0.9434339548977817,1.0148082407605046,1,-54.35599684715271,-58.66529083251953,-73.93841880373557,-68.09963038149735,10,10
No cashier is researching fewer than two high schools.,No cashier is researching at most two high schools.,semantics,quantifiers,superlative_quantifiers_1,True,False,False,False,787,2.5851904287105443,1.7283622130562692,0.856828215654275,1,-68.96246993541718,-72.54879188537598,-97.39956465123316,-91.56077622899494,11,11
No customer hired more than five adults.,No customer hired at least five adults.,semantics,quantifiers,superlative_quantifiers_1,True,False,False,False,788,2.119682636591385,1.8338436692209612,0.2858389673704238,1,-51.674238443374634,-54.52250611782074,-68.63169953610571,-69.19325547158843,8,8
No driver cured fewer than two guys.,No driver cured at most two guys.,semantics,quantifiers,superlative_quantifiers_1,True,False,False,False,789,1.6855372441120338,0.5609379770301919,1.1245992670818419,1,-56.24804615974426,-59.40605187416077,-69.73234411264053,-63.8935556904023,8,8
No wheelbarrow bored fewer than three waitresses.,No wheelbarrow bored at most three waitresses.,semantics,quantifiers,superlative_quantifiers_1,True,False,False,False,790,2.067386896097283,1.0521889875538812,1.0151979085434018,1,-80.14190113544464,-85.47028970718384,-102.88315699251476,-97.04436857027653,11,11
No customer exits more than three schools.,No customer exits at least three schools.,semantics,quantifiers,superlative_quantifiers_1,True,False,False,False,791,1.996433879009384,2.3718789411227554,-0.37544506211337136,0,-53.03882169723511,-50.59681713581085,-69.01029272931018,-69.5718486647929,8,8
No guy is dropping by more than five banks.,No guy is dropping by at least five banks.,semantics,quantifiers,superlative_quantifiers_1,True,False,False,False,792,1.764121885770632,1.9143875628989178,-0.15026567712828576,0,-59.849515199661255,-58.908414363861084,-77.49073405736758,-78.05228999285026,10,10
No student lifted fewer than eight stairs.,No student lifted at most eight stairs.,semantics,quantifiers,superlative_quantifiers_1,True,False,False,False,793,1.2121460110798061,0.046194941350853114,1.165951069728953,1,-62.44225126504898,-65.9310714006424,-72.13941935368743,-66.30063093144922,8,8
No teenager might see fewer than two eggplants.,No teenager might see at most two eggplants.,semantics,quantifiers,superlative_quantifiers_1,True,False,False,False,794,1.8786799780753514,0.556599720604365,1.3220802574709865,1,-75.54349601268768,-84.24759042263031,-96.20897577151655,-90.37018734927832,11,11
No driver found more than eight patients.,No driver found at least eight patients.,semantics,quantifiers,superlative_quantifiers_1,True,False,False,False,795,1.713605448246657,1.6524463681710024,0.061159080075654515,1,-50.552857995033264,-51.603686571121216,-64.26170158100652,-64.82325751648924,8,8
No lady did think about more than ten photographs.,No lady did think about at least ten photographs.,semantics,quantifiers,superlative_quantifiers_1,True,False,False,False,796,1.2029400168637863,1.0427733671984014,0.16016664966538485,1,-63.60350012779236,-65.7667225599289,-75.63290029643022,-76.19445623191291,10,10
No teenager had bored fewer than seven senators.,No teenager had bored at most seven senators.,semantics,quantifiers,superlative_quantifiers_1,True,False,False,False,797,2.159648538939289,0.9983297563832991,1.1613187825559899,1,-64.55198276042938,-69.16506338119507,-83.98881961088298,-78.15003118864476,9,9
No screen scares fewer than five men.,No screen scares at most five men.,semantics,quantifiers,superlative_quantifiers_1,True,False,False,False,798,1.2941869771128367,0.16382504356714378,1.130361933545693,1,-60.99912428855896,-64.20323133468628,-71.35262010546165,-65.51383168322343,8,8
No box has impressed more than two people.,No box has impressed at least two people.,semantics,quantifiers,superlative_quantifiers_1,True,False,False,False,799,1.3391501278966556,1.3439987222024063,-0.004848594305750797,0,-54.735777854919434,-55.25369644165039,-66.78812900598933,-67.34968494147205,9,9
No lady has disliked fewer than four people.,No lady has disliked at most four people.,semantics,quantifiers,superlative_quantifiers_1,True,False,False,False,800,2.152448481033111,0.9283318341989634,1.2241166468341476,1,-55.89504587650299,-61.073307275772095,-75.26708220580099,-69.42829378356276,9,9
No guy wore fewer than ten coats.,No guy wore at most ten coats.,semantics,quantifiers,superlative_quantifiers_1,True,False,False,False,801,1.761773953164706,0.46862073768045853,1.2931532154842476,1,-57.54137146472931,-62.04780876636505,-71.63556309004696,-65.79677466780872,8,8
No essay worried fewer than ten committees.,No essay worried at most ten committees.,semantics,quantifiers,superlative_quantifiers_1,True,False,False,False,802,1.4077583889135816,0.49810870732911994,0.9096496815844617,1,-64.17829471826553,-65.616703748703,-75.44036182957419,-69.60157340733596,8,8
No student had known fewer than five teenagers.,No student had known at most five teenagers.,semantics,quantifiers,superlative_quantifiers_1,True,False,False,False,803,2.444248997210391,1.006231373665391,1.4380176235450002,1,-55.825355887413025,-62.92872607707977,-77.82359686230654,-71.98480844006829,9,9
No guest should go to fewer than five lakes.,No guest should go to at most five lakes.,semantics,quantifiers,superlative_quantifiers_1,True,False,False,False,804,1.489426014771857,-0.002602785108828698,1.4920287998806856,1,-65.71333873271942,-74.79483830928802,-80.60759888043799,-74.76881045819974,10,10
No boy did question more than three guests.,No boy did question at least three guests.,semantics,quantifiers,superlative_quantifiers_1,True,False,False,False,805,1.2243731150138553,1.0204828789651244,0.2038902360487309,1,-57.37279415130615,-59.76936221122742,-68.39215218643085,-68.95370812191354,9,9
No cashier would find fewer than ten turtles.,No cashier would find at most ten turtles.,semantics,quantifiers,superlative_quantifiers_1,True,False,False,False,806,2.090300179352417,0.6619046425828486,1.4283955367695684,1,-66.77514004707336,-75.22030699253082,-87.67814184059753,-81.83935341835931,10,10
No person was questioning more than nine organizations.,No person was questioning at least nine organizations.,semantics,quantifiers,superlative_quantifiers_1,True,False,False,False,807,1.7517921878453946,1.832683579981512,-0.0808913921361174,0,-57.58700895309448,-57.42054235935211,-73.35313864370303,-73.91469457918572,9,9
No hospital disturbed more than eight children.,No hospital disturbed at least eight children.,semantics,quantifiers,superlative_quantifiers_1,True,False,False,False,808,1.3368679937152557,1.189566925004538,0.1473010687107177,1,-54.090030550956726,-55.82999503612518,-64.78497450067877,-65.34653043616149,8,8
No hospital had argued about fewer than nine students.,No hospital had argued about at most nine students.,semantics,quantifiers,superlative_quantifiers_1,True,False,False,False,809,2.1783675018753312,0.8914782316996963,1.286889270175635,1,-63.90705215930939,-70.93715643882751,-85.6907271780627,-79.85193875582448,10,10
No nose looked like fewer than nine photographs.,No nose looked like at most nine photographs.,semantics,quantifiers,superlative_quantifiers_1,True,False,False,False,810,1.9381050847260453,0.6467842406440746,1.2913208440819708,1,-58.87389039993286,-64.65698957443237,-76.31683616246727,-70.47804774022904,9,9
No driver has admired more than three restaurants.,No driver has admired at least three restaurants.,semantics,quantifiers,superlative_quantifiers_1,True,False,False,False,811,1.8610526500834068,1.7691134208180554,0.09193922926535136,1,-58.44165587425232,-59.83066487312317,-75.19112972500298,-75.75268566048567,9,9
No waitress does hire more than two actors.,No waitress does hire at least two actors.,semantics,quantifiers,superlative_quantifiers_1,True,False,False,False,812,1.938353987773218,1.447638280270294,0.49071570750292404,1,-59.77294063568115,-64.75093793869019,-77.21812652564012,-77.77968246112283,9,9
No popsicle astounded fewer than five men.,No popsicle astounded at most five men.,semantics,quantifiers,superlative_quantifiers_1,True,False,False,False,813,2.5143030787751455,1.6563291542683032,0.8579739245068423,1,-69.63287091255188,-72.37382173538208,-94.77590170030334,-88.93711327806511,10,10
No hill disturbed fewer than ten adults.,No hill disturbed at most ten adults.,semantics,quantifiers,superlative_quantifiers_1,True,False,False,False,814,1.1383982244005182,-0.21955811455784868,1.3579563389583669,1,-64.29798066616058,-69.3228429555893,-73.40516646136473,-67.5663780391265,8,8
No waitress is talking to more than three teenagers.,No waitress is talking to at least three teenagers.,semantics,quantifiers,superlative_quantifiers_1,True,False,False,False,815,2.2584437595621267,1.986778610980116,0.27166514858201074,1,-55.14335012435913,-58.421557545661926,-77.7277877199804,-78.28934365546309,10,10
No actress has questioned fewer than nine organizations.,No actress has questioned at most nine organizations.,semantics,quantifiers,superlative_quantifiers_1,True,False,False,False,816,1.9532772369649587,0.7148874565880085,1.2383897803769504,1,-63.94309502840042,-69.24981462955475,-81.52259016108505,-75.68380173884682,9,9
No patient is exiting more than four art galleries.,No patient is exiting at least four art galleries.,semantics,quantifiers,superlative_quantifiers_1,True,False,False,False,817,2.008385859493694,2.131423705735142,-0.12303784624144809,0,-68.40882456302643,-67.74000203609467,-88.49268315796337,-89.05423909344609,10,10
No person descends fewer than ten ladders.,No person descends at most ten ladders.,semantics,quantifiers,superlative_quantifiers_1,True,False,False,False,818,2.858042764324378,1.8117606723599522,1.046282091964426,1,-65.05372786521912,-69.67776036262512,-93.6341555084629,-87.79536708622464,10,10
No patient was noticing more than four malls.,No patient was noticing at least four malls.,semantics,quantifiers,superlative_quantifiers_1,True,False,False,False,819,1.6216981711602076,1.6589868980309272,-0.0372887268707196,0,-62.56412649154663,-62.79008388519287,-77.1594100319885,-77.72096596747122,9,9
No adult hid more than six doctors.,No adult hid at least six doctors.,semantics,quantifiers,superlative_quantifiers_1,True,False,False,False,820,1.3967702937612856,1.5070618286148303,-0.1102915348535447,0,-55.75041460990906,-55.429638266563416,-66.92457695999934,-67.48613289548206,8,8
No driver concealed fewer than five teachers.,No driver concealed at most five teachers.,semantics,quantifiers,superlative_quantifiers_1,True,False,False,False,821,1.2709060308138334,-0.08068256512924776,1.3515885959430811,1,-62.42079937458038,-67.39471971988678,-72.58804762109105,-66.7492591988528,8,8
No doctor discusses more than two movies.,No doctor discusses at least two movies.,semantics,quantifiers,superlative_quantifiers_1,True,False,False,False,822,2.0148166573065893,1.716370189979079,0.29844646732751023,1,-49.59761965274811,-52.54674732685089,-65.71615291120082,-66.27770884668352,8,8
No museum did take more than two prints.,No museum did take at least two prints.,semantics,quantifiers,superlative_quantifiers_1,True,False,False,False,823,1.1673854416374922,0.7692938421311877,0.39809159950630457,1,-59.59914672374725,-63.74352705478668,-70.10561569848468,-70.66717163396737,9,9
No hospital does remember more than five libraries.,No hospital does remember at least five libraries.,semantics,quantifiers,superlative_quantifiers_1,True,False,False,False,824,1.4468236568761388,1.3448517804249351,0.10197187645120365,1,-60.231465280056,-61.71076810359955,-73.25287819194125,-73.81443412742397,9,9
No bird should climb down fewer than four slopes.,No bird should climb down at most four slopes.,semantics,quantifiers,superlative_quantifiers_1,True,False,False,False,825,1.7838803801252112,0.8920161248268954,0.8918642552983158,1,-68.59374642372131,-71.67360055446625,-86.43255022497343,-80.5937618027352,10,10
No guest broke fewer than eight couches.,No guest broke at most eight couches.,semantics,quantifiers,superlative_quantifiers_1,True,False,False,False,826,2.114993392747664,1.1151567721374376,0.9998366206102263,1,-63.90940070152283,-67.06914186477661,-82.9443412362518,-77.10555281401355,9,9
No student is watching more than eight waiters.,No student is watching at least eight waiters.,semantics,quantifiers,superlative_quantifiers_1,True,False,False,False,827,1.4584583606033192,1.4253036895641855,0.03315467103913372,1,-63.2525429725647,-64.14564561843872,-77.83712657859789,-78.39868251408058,10,10
No doctor could research fewer than five lakes.,No doctor could research at most five lakes.,semantics,quantifiers,superlative_quantifiers_1,True,False,False,False,828,1.2257821513902247,0.16039836252514938,1.0653837888650752,1,-67.3465126156807,-71.09617829322815,-78.37855197819272,-72.5397635559545,9,9
No picture looked like more than seven eggplants.,No picture looked like at least seven eggplants.,semantics,quantifiers,superlative_quantifiers_1,True,False,False,False,829,1.5851429111234268,1.0643309048323575,0.5208120062910693,1,-71.9831235408783,-78.27361154556274,-89.41969556323599,-89.98125149871868,11,11
No customer should discover more than nine waitresses.,No customer should discover at least nine waitresses.,semantics,quantifiers,superlative_quantifiers_1,True,False,False,False,830,1.7244629972761545,1.7032403654978878,0.021222631778266665,1,-69.56804597377777,-70.34182822704315,-86.81267594653931,-87.37423188202203,10,10
No pedestrian had loved more than five customers.,No pedestrian had loved at least five customers.,semantics,quantifiers,superlative_quantifiers_1,True,False,False,False,831,1.904632748413456,1.73535953901166,0.1692732094017959,1,-58.580970764160156,-60.66598558425903,-75.72266549988126,-76.28422143536397,9,9
No school had appreciated more than three banks.,No school had appreciated at least three banks.,semantics,quantifiers,superlative_quantifiers_1,True,False,False,False,832,1.4399790383116025,1.3185409968211244,0.1214380414904781,1,-58.51252689957619,-60.167025208473206,-71.47233824438061,-72.03389417986332,9,9
No person might reference fewer than four teenagers.,No person might reference at most four teenagers.,semantics,quantifiers,superlative_quantifiers_1,True,False,False,False,833,1.5646715300130818,0.39934423575487205,1.1653272942582098,1,-66.50594037771225,-71.15509760379791,-80.58798414782999,-74.74919572559176,9,9
No child returns to fewer than six cashiers.,No child returns to at most six cashiers.,semantics,quantifiers,superlative_quantifiers_1,True,False,False,False,834,2.1473178999702753,0.8784564003138968,1.2688614996563785,1,-63.96284556388855,-70.81267213821411,-85.4360245635913,-79.59723614135308,10,10
No waitress observes fewer than ten doctors.,No waitress observes at most ten doctors.,semantics,quantifiers,superlative_quantifiers_1,True,False,False,False,835,1.7779019091065216,0.6052977167736735,1.172604192332848,1,-63.95227122306824,-67.4943163394928,-78.17548649592041,-72.33669807368219,8,8
No dancer sounded like more than five art galleries.,No dancer sounded like at least five art galleries.,semantics,quantifiers,superlative_quantifiers_1,True,False,False,False,836,1.9238609838093397,1.5716639519875826,0.3521970318217571,1,-67.36405217647552,-71.44757843017578,-86.60266201456892,-87.16421795005161,10,10
No woman messed up more than three gloves.,No woman messed up at least three gloves.,semantics,quantifiers,superlative_quantifiers_1,True,False,False,False,837,2.517506544508608,2.428713208658072,0.08879333585053617,1,-49.32259473204613,-50.68329069018364,-71.9801536326236,-72.54170956810628,9,9
No waitress had worn more than seven jackets.,No waitress had worn at least seven jackets.,semantics,quantifiers,superlative_quantifiers_1,True,False,False,False,838,2.129352513546359,1.9506320076840906,0.1787205058622685,1,-59.086230516433716,-61.25627100467682,-78.25040313835095,-78.81195907383363,9,9
No cake had worried more than ten boys.,No cake had worried at least ten boys.,semantics,quantifiers,superlative_quantifiers_1,True,False,False,False,839,1.179948834953513,1.082649081828505,0.09729975312500794,1,-58.72509026527405,-60.162343978881836,-69.34462977985567,-69.90618571533838,9,9
No boy worked with more than ten waitresses.,No boy worked with at least ten waitresses.,semantics,quantifiers,superlative_quantifiers_1,True,False,False,False,840,1.7426189175941034,1.404367965980171,0.33825095161393226,1,-61.11507034301758,-65.05913579463959,-78.54125951895861,-79.1028154544413,10,10
No government discusses more than five actresses.,No government discusses at least five actresses.,semantics,quantifiers,superlative_quantifiers_1,True,False,False,False,841,1.7503547974153797,1.4432298938085744,0.30712490360680533,1,-56.594624757766724,-59.61317992210388,-70.59746313708976,-71.15901907257248,8,8
No student is questioning more than four teenagers.,No student is questioning at least four teenagers.,semantics,quantifiers,superlative_quantifiers_1,True,False,False,False,842,2.271836159931278,2.2984143559911114,-0.02657819605983347,0,-54.772016167640686,-55.0943683385849,-75.21854160702219,-75.7800975425049,9,9
No teenager should lift fewer than seven newspaper articles.,No teenager should lift at most seven newspaper articles.,semantics,quantifiers,superlative_quantifiers_1,True,False,False,False,843,1.4854717017197374,0.2539031474483352,1.2315685542714023,1,-78.55906879901886,-85.03596591949463,-93.41378581621623,-87.57499739397798,10,10
No cafe will bore more than seven men.,No cafe will bore at least seven men.,semantics,quantifiers,superlative_quantifiers_1,True,False,False,False,844,1.8082839393724095,1.646465919993397,0.1618180193790124,1,-57.605011224746704,-59.6229293346405,-73.87956667909839,-74.44112261458108,9,9
No adult escaped from fewer than three people.,No adult escaped from at most three people.,semantics,quantifiers,superlative_quantifiers_1,True,False,False,False,845,1.9515556573806931,0.24762218966014554,1.7039334677205475,1,-55.83122432231903,-65.32783710956573,-73.39522523874527,-67.55643681650704,9,9
No waitress would break fewer than eight trucks.,No waitress would break at most eight trucks.,semantics,quantifiers,superlative_quantifiers_1,True,False,False,False,846,1.8910478444844614,0.4088612254530959,1.4821866190313655,1,-63.53110212087631,-71.03199326992035,-80.55053272123646,-74.71174429899821,9,9
No teacher does heal more than two cashiers.,No teacher does heal at least two cashiers.,semantics,quantifiers,superlative_quantifiers_1,True,False,False,False,847,1.9761895720608436,1.652740313409558,0.3234492586512856,1,-64.95647847652435,-68.7525269985199,-84.71837419713279,-85.27993013261548,10,10
No lady complains about more than ten senators.,No lady complains about at least ten senators.,semantics,quantifiers,superlative_quantifiers_1,True,False,False,False,848,2.4212292592881113,1.9507768925232685,0.4704523667648428,1,-55.63449168205261,-60.430118918418884,-77.42555501564561,-77.9871109511283,9,9
No guy has fled from more than two grocery stores.,No guy has fled from at least two grocery stores.,semantics,quantifiers,superlative_quantifiers_1,True,False,False,False,849,2.544398622265075,2.3900817375830896,0.15431688468198557,1,-62.05096220970154,-64.3100038766861,-90.03934705461737,-90.60090299010008,11,11
No pedestrian helps more than five ladies.,No pedestrian helps at least five ladies.,semantics,quantifiers,superlative_quantifiers_1,True,False,False,False,850,1.8254603121697386,1.9454070097153497,-0.11994669754561116,0,-54.40001368522644,-54.00199604034424,-69.00369618258435,-69.56525211806704,8,8
No actor exited more than nine art galleries.,No actor exited at least nine art galleries.,semantics,quantifiers,superlative_quantifiers_1,True,False,False,False,851,1.5467711503400652,1.5526641637225238,-0.005893013382458623,0,-69.6616952419281,-70.17021405696869,-83.58263559498869,-84.1441915304714,9,9
No boy went to more than three museums.,No boy went to at least three museums.,semantics,quantifiers,superlative_quantifiers_1,True,False,False,False,852,1.6596955132450546,1.4094296184193018,0.2502658948257528,1,-50.954418897628784,-53.768367886543274,-65.89167851683428,-66.45323445231699,9,9
No boy was arriving at fewer than seven closets.,No boy was arriving at at most seven closets.,semantics,quantifiers,superlative_quantifiers_1,True,False,False,False,853,2.622946116375485,1.537990616237734,1.084955500137751,1,-66.05621540546417,-72.15193748474121,-94.90862268559451,-89.06983426335628,11,11
No guest messed up fewer than two forks.,No guest messed up at most two forks.,semantics,quantifiers,superlative_quantifiers_1,True,False,False,False,854,1.9883279769467113,0.9584743512637885,1.0298536256829227,1,-62.08752699196339,-65.51742120087147,-79.98247878448379,-74.14369036224556,9,9
No man admires fewer than four closets.,No man admires at most four closets.,semantics,quantifiers,superlative_quantifiers_1,True,False,False,False,855,2.4378158935793066,1.6277934229966404,0.8100224705826662,1,-68.96001821756363,-71.22145450115204,-93.3381771533567,-87.49938873111844,10,10
No shawl was stunning more than six governments.,No shawl was stunning at least six governments.,semantics,quantifiers,superlative_quantifiers_1,True,False,False,False,856,1.975093250967518,2.0518470039884718,-0.07675375302095366,0,-70.34138512611389,-70.05864977836609,-92.06741088675659,-92.62896682223928,11,11
No pedestrian has admired fewer than six cups.,No pedestrian has admired at most six cups.,semantics,quantifiers,superlative_quantifiers_1,True,False,False,False,857,1.979659355166395,0.7410167053953514,1.2386426497710437,1,-65.92724615335464,-71.23624157905579,-83.7441803498522,-77.90539192761395,9,9
No guy researches fewer than nine mountains.,No guy researches at most nine mountains.,semantics,quantifiers,superlative_quantifiers_1,True,False,False,False,858,1.9755100976149373,0.948781411002822,1.0267286866121155,1,-66.723100066185,-70.12486982345581,-84.50269094471943,-78.66390252248121,9,9
No student is fixing more than two carts.,No student is fixing at least two carts.,semantics,quantifiers,superlative_quantifiers_1,True,False,False,False,859,1.8628984058551592,1.807079432377975,0.05581897347718412,1,-56.90160000324249,-57.965526700019836,-73.66768565593893,-74.22924159142161,9,9
No boy might sound like more than five movie theaters.,No boy might sound like at least five movie theaters.,semantics,quantifiers,superlative_quantifiers_1,True,False,False,False,860,1.9680010584035328,1.528925540888237,0.43907551751529583,1,-65.7084288597107,-71.09981548786163,-87.35644050214955,-87.91799643763224,11,11
No hospital might help more than nine adults.,No hospital might help at least nine adults.,semantics,quantifiers,superlative_quantifiers_1,True,False,False,False,861,1.8178975662620884,1.8476610742751487,-0.02976350801306027,0,-56.117029547691345,-56.41071391105652,-72.47810764405014,-73.03966357953286,9,9
No driver conceals more than nine commentaries.,No driver conceals at least nine commentaries.,semantics,quantifiers,superlative_quantifiers_1,True,False,False,False,862,0.8119197629754098,0.6967905855581022,0.11512917741730755,1,-82.13957810401917,-83.85242581367493,-90.25877573377326,-90.82033166925595,10,10
No vase was shocking fewer than five teenagers.,No vase was shocking at most five teenagers.,semantics,quantifiers,superlative_quantifiers_1,True,False,False,False,863,2.306960873725663,1.2989343421593418,1.0080265315663213,1,-68.11789965629578,-72.35937654972076,-91.1875083935524,-85.34871997131418,10,10
No guest was ascending more than seven hills.,No guest was ascending at least seven hills.,semantics,quantifiers,superlative_quantifiers_1,True,False,False,False,864,1.4957057585925686,1.6225371657797862,-0.12683140718721764,0,-61.9309446811676,-61.35101795196533,-75.39229650850072,-75.95385244398341,9,9
No patient should question fewer than six committees.,No patient should question at most six committees.,semantics,quantifiers,superlative_quantifiers_1,True,False,False,False,865,1.6349333197595115,0.4963977636405603,1.1385355561189512,1,-65.63277268409729,-70.04080426692963,-80.3471725619329,-74.50838413969467,9,9
No senator was wearing fewer than five scarves.,No senator was wearing at most five scarves.,semantics,quantifiers,superlative_quantifiers_1,True,False,False,False,866,2.0121601021768525,0.7416384224286133,1.270521679748239,1,-69.5938161611557,-76.46024453639984,-89.71541718292423,-83.87662876068597,10,10
No actress does boycott more than five glaciers.,No actress does boycott at least five glaciers.,semantics,quantifiers,superlative_quantifiers_1,True,False,False,False,867,1.1891330817505041,0.9833702035290659,0.20576287822143824,1,-69.8064172565937,-72.21983909606934,-80.50861499234824,-81.07017092783093,9,9
No student was working with fewer than three students.,No student was working with at most three students.,semantics,quantifiers,superlative_quantifiers_1,True,False,False,False,868,2.550863776009089,1.3664280833519171,1.184435692657172,1,-54.63830602169037,-60.643874526023865,-80.14694378178126,-74.30815535954304,10,10
No teacher does dislike fewer than six boys.,No teacher does dislike at most six boys.,semantics,quantifiers,superlative_quantifiers_1,True,False,False,False,869,1.8913567204268418,0.7353521290533062,1.1560045913735357,1,-61.29612910747528,-65.86138200759888,-78.31833959131686,-72.47955116907863,9,9
No pedestrian was biking to more than nine high schools.,No pedestrian was biking to at least nine high schools.,semantics,quantifiers,superlative_quantifiers_1,True,False,False,False,870,1.69236954666378,1.8118024144599603,-0.11943286779618023,0,-73.9063880443573,-73.15418243408203,-92.52245305765888,-93.0840089931416,11,11
No customer should drive to more than eight libraries.,No customer should drive to at least eight libraries.,semantics,quantifiers,superlative_quantifiers_1,True,False,False,False,871,1.75375605008864,1.74919088996717,0.004565160121470013,1,-63.72697973251343,-64.33418726921082,-81.26454023339983,-81.82609616888251,10,10
No boy has returned to more than five ladies.,No boy has returned to at least five ladies.,semantics,quantifiers,superlative_quantifiers_1,True,False,False,False,872,2.082652329781132,1.783001000416806,0.29965132936432615,1,-52.22966539859772,-55.787734627723694,-73.05618869640904,-73.61774463189175,10,10
No customer had concealed fewer than four grocery stores.,No customer had concealed at most four grocery stores.,semantics,quantifiers,superlative_quantifiers_1,True,False,False,False,873,2.1695588128927823,1.025324176239181,1.1442346366536014,1,-71.13586449623108,-76.73942244052887,-92.8314526251589,-86.99266420292068,10,10
No girl hid more than ten windows.,No girl hid at least ten windows.,semantics,quantifiers,superlative_quantifiers_1,True,False,False,False,874,1.6248562847872954,1.5327702916886459,0.09208599309864951,1,-51.30109763145447,-52.59934151172638,-64.29994790975283,-64.86150384523555,8,8
No dress embarrassed fewer than eight pedestrians.,No dress embarrassed at most eight pedestrians.,semantics,quantifiers,superlative_quantifiers_1,True,False,False,False,875,0.7981507402222761,-0.07103523302106396,0.86918597324334,1,-69.52161288261414,-70.63631224632263,-75.90681880439234,-70.06803038215412,8,8
No fish resembles more than seven pictures.,No fish resembles at least seven pictures.,semantics,quantifiers,superlative_quantifiers_1,True,False,False,False,876,1.6490174525135863,1.718436525273301,-0.0694190727597146,0,-53.824898064136505,-53.831101417541504,-67.0170376842452,-67.57859361972791,8,8
No guy discovers more than seven skirts.,No guy discovers at least seven skirts.,semantics,quantifiers,superlative_quantifiers_1,True,False,False,False,877,1.7142875571335061,1.6118793806642628,0.10240817646924327,1,-56.05015456676483,-57.430975914001465,-69.76445502383288,-70.32601095931557,8,8
No senator can conceal more than eight actresses.,No senator can conceal at least eight actresses.,semantics,quantifiers,superlative_quantifiers_1,True,False,False,False,878,1.8489378953768494,1.5324228220355565,0.3165150733412929,1,-62.75705164670944,-66.1672432422638,-79.39749270510109,-79.9590486405838,9,9
No guy had investigated fewer than five universities.,No guy had investigated at most five universities.,semantics,quantifiers,superlative_quantifiers_1,True,False,False,False,879,2.1854250326471965,0.827300918649112,1.3581241139980844,1,-59.95844054222107,-66.34276914596558,-79.62726583604584,-73.78847741380758,9,9
No rug was hurting fewer than seven women.,No rug was hurting at most seven women.,semantics,quantifiers,superlative_quantifiers_1,True,False,False,False,880,1.634302555964723,0.5848877388819081,1.0494148170828148,1,-62.73454564809799,-66.3404905796051,-77.4432686517805,-71.60448022954228,9,9
No senator might see fewer than seven planes.,No senator might see at most seven planes.,semantics,quantifiers,superlative_quantifiers_1,True,False,False,False,881,1.8260354196069417,0.25725931185733153,1.5687761077496103,1,-62.414849042892456,-70.6950455904007,-78.84916781935493,-73.01037939711668,9,9
No patient describes more than ten banks.,No patient describes at least ten banks.,semantics,quantifiers,superlative_quantifiers_1,True,False,False,False,882,1.653314775225141,1.363754689881386,0.289560085343755,1,-55.43624937534332,-58.31428599357605,-68.66276757714445,-69.22432351262714,8,8
No guest will drop by more than two college campuses.,No guest will drop by at least two college campuses.,semantics,quantifiers,superlative_quantifiers_1,True,False,False,False,883,1.8183837551135478,1.8386413214446071,-0.02025756633105935,0,-71.21290838718414,-71.55163109302521,-91.21512969343317,-91.77668562891589,11,11
No legislature likes fewer than six pants.,No legislature likes at most six pants.,semantics,quantifiers,superlative_quantifiers_1,True,False,False,False,884,1.3391934132320422,-0.28953761802330646,1.6287310312553487,1,-62.01121640205383,-69.2022762298584,-72.72476370791017,-66.88597528567195,8,8
No man was cleaning fewer than seven chairs.,No man was cleaning at most seven chairs.,semantics,quantifiers,superlative_quantifiers_1,True,False,False,False,885,1.8303882223290013,0.9224272740591712,0.9079609482698301,1,-58.27722227573395,-60.610082387924194,-74.75071627669496,-68.91192785445674,9,9
No photograph had upset more than seven hospitals.,No photograph had upset at least seven hospitals.,semantics,quantifiers,superlative_quantifiers_1,True,False,False,False,886,1.4556554759810088,1.615176136657406,-0.15952066067639725,0,-62.40263617038727,-61.52850615978241,-75.50353545421635,-76.06509138969906,9,9
No waitress would cure more than ten dancers.,No waitress would cure at least ten dancers.,semantics,quantifiers,superlative_quantifiers_1,True,False,False,False,887,1.9438575232858915,1.659925719752626,0.2839318035332654,1,-61.301451444625854,-64.41839361190796,-78.79616915419888,-79.3577250896816,9,9
No child scans more than ten documentaries.,No child scans at least ten documentaries.,semantics,quantifiers,superlative_quantifiers_1,True,False,False,False,888,1.5307266018150152,1.502542793083542,0.028183808731473192,1,-58.495558738708496,-59.28258514404297,-70.74137155322862,-71.3029274887113,8,8
No driver might hug more than five cashiers.,No driver might hug at least five cashiers.,semantics,quantifiers,superlative_quantifiers_1,True,False,False,False,889,1.911631417441697,1.7054000929220365,0.20623132451966053,1,-65.77927529811859,-68.40314447879791,-84.89558947253556,-85.45714540801828,10,10
No guest had discussed more than two documentaries.,No guest had discussed at least two documentaries.,semantics,quantifiers,superlative_quantifiers_1,True,False,False,False,890,1.8830704687047064,1.8307717852843868,0.052298683420319625,1,-58.592885851860046,-59.62512993812561,-75.5405200702024,-76.10207600568509,9,9
No senator has driven to fewer than ten schools.,No senator has driven to at most ten schools.,semantics,quantifiers,superlative_quantifiers_1,True,False,False,False,891,2.2587749861515873,0.9525481929924012,1.306226793159186,1,-62.92870342731476,-70.1521829366684,-85.51645328883063,-79.67766486659241,10,10
No cashier had gone to more than seven mountains.,No cashier had gone to at least seven mountains.,semantics,quantifiers,superlative_quantifiers_1,True,False,False,False,892,1.8301737606197512,1.6994679934307855,0.13070576718896576,1,-64.58755350112915,-66.58687287569046,-84.71946486794641,-85.2810208034291,11,11
No senator did explore fewer than five movie theaters.,No senator did explore at most five movie theaters.,semantics,quantifiers,superlative_quantifiers_1,True,False,False,False,893,1.9031682844799718,0.5025061749965488,1.4006621094834228,1,-74.179045855999,-82.34687852859497,-93.21072870079871,-87.37194027856046,10,10
No man can flee from more than nine mountains.,No man can flee from at least nine mountains.,semantics,quantifiers,superlative_quantifiers_1,True,False,False,False,894,1.8563586103213936,1.6818477333420163,0.17451087697937728,1,-59.137104511260986,-61.443769216537476,-77.70069061447492,-78.26224654995764,10,10
No driver has skated around fewer than nine banks.,No driver has skated around at most nine banks.,semantics,quantifiers,superlative_quantifiers_1,True,False,False,False,895,2.1750686014805494,1.1662140522341196,1.0088545492464298,1,-73.14816230535507,-78.40677392482758,-97.07391692164111,-91.23512849940289,11,11
No museum disturbed more than two hospitals.,No museum disturbed at least two hospitals.,semantics,quantifiers,superlative_quantifiers_1,True,False,False,False,896,1.0201645258426417,1.093406424451409,-0.07324189860876729,0,-59.52342772483826,-59.499048471450806,-67.68474393157939,-68.24629986706208,8,8
No cashier will kiss fewer than three girls.,No cashier will kiss at most three girls.,semantics,quantifiers,superlative_quantifiers_1,True,False,False,False,897,1.8536107382835412,0.8511249829699665,1.0024857553135746,1,-66.38066077232361,-70.56672990322113,-84.91676815515902,-79.0779797329208,10,10
No pedestrian breaks more than ten plates.,No pedestrian breaks at least ten plates.,semantics,quantifiers,superlative_quantifiers_1,True,False,False,False,898,1.9837673672402545,1.9895339469403304,-0.00576657970007588,0,-55.18446135520935,-55.69988465309143,-71.05460029313139,-71.61615622861407,8,8
No waiter is dropping by more than two grocery stores.,No waiter is dropping by at least two grocery stores.,semantics,quantifiers,superlative_quantifiers_1,True,False,False,False,899,2.247503000027613,2.3655351369971553,-0.11803213696954229,0,-67.33541262149811,-66.59861505031586,-92.05794562180185,-92.61950155728456,11,11
No book had sounded like fewer than three banks.,No book had sounded like at most three banks.,semantics,quantifiers,superlative_quantifiers_1,True,False,False,False,900,1.3324325886342763,0.21716827697380836,1.115264311660468,1,-68.2472152709961,-73.56106996536255,-81.57154115733886,-75.73275273510063,10,10
No guest walks through more than four cafes.,No guest walks through at least four cafes.,semantics,quantifiers,superlative_quantifiers_1,True,False,False,False,901,1.629715377813906,1.4758384190309388,0.15387695878296714,1,-63.238120436668396,-65.18456900119781,-77.90555883699355,-78.46711477247626,9,9
No girl did buy more than ten rugs.,No girl did buy at least ten rugs.,semantics,quantifiers,superlative_quantifiers_1,True,False,False,False,902,2.0121577234429253,1.6437419578336345,0.3684157656092908,1,-59.12802815437317,-63.37374174594879,-79.24960538880242,-79.81116132428514,10,10
No girl researches fewer than six movie theaters.,No girl researches at most six movie theaters.,semantics,quantifiers,superlative_quantifiers_1,True,False,False,False,903,2.4255218688663347,1.469329855017375,0.9561920138489597,1,-70.2810651063919,-74.00419682264328,-94.53628379505525,-88.69749537281703,10,10
No coat is distracting more than two adults.,No coat is distracting at least two adults.,semantics,quantifiers,superlative_quantifiers_1,True,False,False,False,904,1.9709498330559698,2.0082338379142755,-0.03728400485830563,0,-55.596525847911835,-55.8225257396698,-73.33507434541556,-73.89663028089828,9,9
No lady can conceal more than two reports.,No lady can conceal at least two reports.,semantics,quantifiers,superlative_quantifiers_1,True,False,False,False,905,1.6718611174292544,1.447281327695868,0.22457978973338633,1,-56.31724762916565,-58.90002167224884,-71.36399768602894,-71.92555362151165,9,9
No book sounded like more than six cashiers.,No book sounded like at least six cashiers.,semantics,quantifiers,superlative_quantifiers_1,True,False,False,False,906,1.8309780734649421,1.5301513881893611,0.300826685275581,1,-63.25939071178436,-66.82921350002289,-81.56917144643378,-82.1307273819165,10,10
No dancer discusses fewer than seven art galleries.,No dancer discusses at most seven art galleries.,semantics,quantifiers,superlative_quantifiers_1,True,False,False,False,907,2.0321463507503474,0.9334424329675781,1.0987039177827693,1,-70.84258317947388,-74.89213001728058,-89.131900336227,-83.29311191398878,9,9
No teacher had gone to fewer than seven public parks.,No teacher had gone to at most seven public parks.,semantics,quantifiers,superlative_quantifiers_1,True,False,False,False,908,1.7660829507156615,0.6204728212173646,1.145610129498297,1,-71.46818161010742,-78.23110461235046,-90.8950940679797,-85.05630564574147,11,11
No company is describing fewer than nine reports.,No company is describing at most nine reports.,semantics,quantifiers,superlative_quantifiers_1,True,False,False,False,909,2.4684427261333988,1.2408656190602647,1.227577107073134,1,-56.25664436817169,-61.466049909591675,-78.47262890337228,-72.63384048113406,9,9
No carriage was confusing fewer than four adults.,No carriage was confusing at most four adults.,semantics,quantifiers,superlative_quantifiers_1,True,False,False,False,910,1.7282874082783937,0.7037498413901283,1.0245375668882652,1,-63.826082706451416,-67.20813238620758,-79.38066938095696,-73.54188095871874,9,9
No boy messed up more than seven glasses.,No boy messed up at least seven glasses.,semantics,quantifiers,superlative_quantifiers_1,True,False,False,False,911,2.2192356990852065,2.175199457882823,0.044036241202383586,1,-51.64609536528587,-52.60397747159004,-71.61921665705273,-72.18077259253545,9,9
No teenager climbed up fewer than three mountains.,No teenager climbed up at most three mountains.,semantics,quantifiers,superlative_quantifiers_1,True,False,False,False,912,1.9044330302147487,0.7122940368840192,1.1921389933307296,1,-61.81205987930298,-66.70252239704132,-78.95195715123572,-73.1131687289975,9,9
No actress had examined fewer than four movies.,No actress had examined at most four movies.,semantics,quantifiers,superlative_quantifiers_1,True,False,False,False,913,1.9069600772976463,0.5691198742628356,1.3378402030348107,1,-60.665934920310974,-66.86770832538605,-77.82857561598979,-71.98978719375157,9,9
No teenager could love fewer than eight reports.,No teenager could love at most eight reports.,semantics,quantifiers,superlative_quantifiers_1,True,False,False,False,914,1.5814405190560907,0.3010091919105251,1.2804313271455656,1,-65.00001919269562,-70.68511271476746,-79.23298386420043,-73.39419544196218,9,9
No car aggravated more than five teachers.,No car aggravated at least five teachers.,semantics,quantifiers,superlative_quantifiers_1,True,False,False,False,915,1.4382253248432662,1.582165574119987,-0.14394024927672078,0,-55.68983495235443,-55.09986889362335,-67.19563755110056,-67.75719348658325,8,8
No fish has ascended more than nine slopes.,No fish has ascended at least nine slopes.,semantics,quantifiers,superlative_quantifiers_1,True,False,False,False,916,1.7709514305004272,1.7449063347499039,0.026045095750523384,1,-60.809209525585175,-61.60517132282257,-76.74777240008902,-77.3093283355717,9,9
No driver questions fewer than five senators.,No driver questions at most five senators.,semantics,quantifiers,superlative_quantifiers_1,True,False,False,False,917,1.4600996053192326,0.38642212108860896,1.0736774842306236,1,-61.006152629852295,-63.756784081459045,-72.68694947240616,-66.84816105016792,8,8
No teacher discovers more than three plays.,No teacher discovers at least three plays.,semantics,quantifiers,superlative_quantifiers_1,True,False,False,False,918,1.92527071794742,1.5038289485388034,0.42144176940861655,1,-50.855796456336975,-54.78888654708862,-66.25796219991634,-66.81951813539905,8,8
No woman disgusted more than six committees.,No woman disgusted at least six committees.,semantics,quantifiers,superlative_quantifiers_1,True,False,False,False,919,1.538945133631163,1.732938368456857,-0.19399323482569386,0,-56.43514704704285,-55.44475710391998,-68.74670811609215,-69.30826405157484,8,8
No lady toured more than five grocery stores.,No lady toured at least five grocery stores.,semantics,quantifiers,superlative_quantifiers_1,True,False,False,False,920,2.0573346174753055,2.114930832257673,-0.05759621478236765,0,-61.33428406715393,-61.37747406959534,-79.85029562443168,-80.4118515599144,9,9
No carriage had shocked fewer than three adults.,No carriage had shocked at most three adults.,semantics,quantifiers,superlative_quantifiers_1,True,False,False,False,921,1.5001608355501332,0.6493531916982312,0.850807643851902,1,-65.71522033214569,-67.53370070457458,-79.21666785209689,-73.37787942985867,9,9
No woman explores fewer than two malls.,No woman explores at most two malls.,semantics,quantifiers,superlative_quantifiers_1,True,False,False,False,922,2.017830706439046,0.6582644460252958,1.3595662604137502,1,-59.44081711769104,-64.47855877876282,-75.58346276920341,-69.74467434696518,8,8
No man skates around more than nine public parks.,No man skates around at least nine public parks.,semantics,quantifiers,superlative_quantifiers_1,True,False,False,False,923,2.298234051398393,2.44266761060845,-0.14443355921005718,0,-67.49407804012299,-66.46686482429504,-92.77465260550531,-93.336208540988,11,11
No hospital fires more than five drivers.,No hospital fires at least five drivers.,semantics,quantifiers,superlative_quantifiers_1,True,False,False,False,924,1.4496637983291478,1.5234861120675802,-0.0738223137384324,0,-55.50453329086304,-55.47551071643829,-67.10184367749622,-67.66339961297894,8,8
No waitress broke more than nine trucks.,No waitress broke at least nine trucks.,semantics,quantifiers,superlative_quantifiers_1,True,False,False,False,925,1.756371829958848,1.5206737202849574,0.2356981096738906,1,-54.81307113170624,-57.26021194458008,-68.86404577137702,-69.42560170685974,8,8
No person boasts about more than six commentaries.,No person boasts about at least six commentaries.,semantics,quantifiers,superlative_quantifiers_1,True,False,False,False,926,1.6204133273378971,1.264241029297955,0.3561722980399422,1,-70.52972215414047,-74.65300107002258,-86.73385542751944,-87.29541136300213,10,10
No person saw more than two dresses.,No person saw at least two dresses.,semantics,quantifiers,superlative_quantifiers_1,True,False,False,False,927,1.501739619097858,1.391368783627267,0.11037083547059101,1,-49.10017919540405,-50.54470181465149,-61.11409614818692,-61.675652083669625,8,8
No actress has ascended fewer than six slopes.,No actress has ascended at most six slopes.,semantics,quantifiers,superlative_quantifiers_1,True,False,False,False,928,1.3542447611020962,-0.05398228879296754,1.4082270498950638,1,-70.59996616840363,-77.43522119522095,-82.78816901832249,-76.94938059608424,9,9
No school was firing more than four people.,No school was firing at least four people.,semantics,quantifiers,superlative_quantifiers_1,True,False,False,False,929,1.7126019877282472,2.026249266048211,-0.31364727831996375,0,-50.51332497596741,-48.252055406570435,-65.92674286552163,-66.48829880100433,9,9
No guy does hate more than eight teenagers.,No guy does hate at least eight teenagers.,semantics,quantifiers,superlative_quantifiers_1,True,False,False,False,930,1.9295213170544767,1.7591416268952855,0.1703796901591912,1,-57.441369116306305,-59.53634226322174,-74.8070609697966,-75.36861690527931,9,9
No actress has seen more than two people.,No actress has seen at least two people.,semantics,quantifiers,superlative_quantifiers_1,True,False,False,False,931,1.883220800425764,1.6305929589642336,0.2526278414615304,1,-48.76291573047638,-51.598122239112854,-65.71190293430826,-66.27345886979096,9,9
No guest should work with fewer than two doctors.,No guest should work with at most two doctors.,semantics,quantifiers,superlative_quantifiers_1,True,False,False,False,932,1.8303789582862209,0.5814963156702447,1.248882642615976,1,-62.913896918296814,-69.56393492221832,-81.21768650115902,-75.37889807892077,10,10
No committee had talked about fewer than nine students.,No committee had talked about at most nine students.,semantics,quantifiers,superlative_quantifiers_1,True,False,False,False,933,2.4265828916958325,1.2468465722839,1.1797363194119326,1,-60.59523868560791,-66.55381345748901,-84.86106760256624,-79.02227918032801,10,10
No hospital took more than three restaurants.,No hospital took at least three restaurants.,semantics,quantifiers,superlative_quantifiers_1,True,False,False,False,934,1.901215581700594,1.572047166822312,0.3291684148782821,1,-48.4122097492218,-51.607113003730774,-63.621934402826554,-64.18349033830927,8,8
No university would shock fewer than seven teachers.,No university would shock at most seven teachers.,semantics,quantifiers,superlative_quantifiers_1,True,False,False,False,935,1.4196360757674522,0.28093683535983716,1.138699240407615,1,-67.09535375237465,-71.50485849380493,-79.87207843428172,-74.03329001204347,9,9
No senator runs around more than seven grocery stores.,No senator runs around at least seven grocery stores.,semantics,quantifiers,superlative_quantifiers_1,True,False,False,False,936,2.227045149754835,2.317721482620044,-0.09067633286520893,0,-67.0062615275383,-66.6610541343689,-89.27671302508665,-89.83826896056934,10,10
No adult had talked to fewer than ten pedestrians.,No adult had talked to at most ten pedestrians.,semantics,quantifiers,superlative_quantifiers_1,True,False,False,False,937,1.2122492136471066,-0.12392887774892643,1.336178091396033,1,-72.69740653038025,-80.22039902210236,-84.81989866685132,-78.98111024461309,10,10
No organization likes fewer than seven lamps.,No organization likes at most seven lamps.,semantics,quantifiers,superlative_quantifiers_1,True,False,False,False,938,1.3366173475873424,-0.1031823377283736,1.439799685315716,1,-62.78160786628723,-68.4612169265747,-73.47454664698597,-67.63575822474772,8,8
No boy passes fewer than five college campuses.,No boy passes at most five college campuses.,semantics,quantifiers,superlative_quantifiers_1,True,False,False,False,939,1.8037754412929543,0.6440905280140675,1.1596849132788867,1,-66.7054191827774,-71.30379498004913,-82.939398154414,-77.10060973217574,9,9
No patient did research more than nine reports.,No patient did research at least nine reports.,semantics,quantifiers,superlative_quantifiers_1,True,False,False,False,940,1.2231773064879405,1.532203979763008,-0.3090266732750675,0,-63.45698630809784,-61.23730218410492,-74.4655820664893,-75.02713800197199,9,9
No driver did question fewer than ten museums.,No driver did question at most ten museums.,semantics,quantifiers,superlative_quantifiers_1,True,False,False,False,941,0.9680570536578822,-0.10521945643632256,1.0732765100942048,1,-70.41430449485779,-74.23500466346741,-79.12681797777873,-73.2880295555405,9,9
No teacher scares fewer than nine customers.,No teacher scares at most nine customers.,semantics,quantifiers,superlative_quantifiers_1,True,False,False,False,942,1.567874991349484,0.40207073531119164,1.1658042560382924,1,-62.334118008613586,-65.8217636346817,-74.87711793940946,-69.03832951717123,8,8
No student watches fewer than ten men.,No student watches at most ten men.,semantics,quantifiers,superlative_quantifiers_1,True,False,False,False,943,1.8952414446281765,0.8500122589710495,1.045229185657127,1,-54.109545946121216,-56.632591009140015,-69.27147750314663,-63.43268908090841,8,8
No coat was disturbing more than eight banks.,No coat was disturbing at least eight banks.,semantics,quantifiers,superlative_quantifiers_1,True,False,False,False,944,1.24675732551853,1.2735976760515624,-0.026840350533032353,0,-62.775710701942444,-63.09570348262787,-73.99652663160921,-74.55808256709193,9,9
No guest was hugging fewer than eight doctors.,No guest was hugging at most eight doctors.,semantics,quantifiers,superlative_quantifiers_1,True,False,False,False,945,1.8608449961817195,0.837750113361071,1.0230948828206485,1,-63.334965467453,-66.70403099060059,-80.08257043308848,-74.24378201085023,9,9
No guy boycotted fewer than ten public parks.,No guy boycotted at most ten public parks.,semantics,quantifiers,superlative_quantifiers_1,True,False,False,False,946,0.975016507089066,-0.05603697389474343,1.0310534809838094,1,-88.69156062602997,-94.19436049461365,-99.4167422040097,-93.57795378177147,11,11
No woman is breaking more than six couches.,No woman is breaking at least six couches.,semantics,quantifiers,superlative_quantifiers_1,True,False,False,False,947,2.6448505199476897,2.6177516331340227,0.02709888681366701,1,-54.94038772583008,-55.77293252944946,-81.38889292530698,-81.95044886078969,10,10
No waiter had ascended fewer than eight hills.,No waiter had ascended at most eight hills.,semantics,quantifiers,superlative_quantifiers_1,True,False,False,False,948,1.6490598946545783,0.36009006969017165,1.2889698249644066,1,-67.80652570724487,-73.56846570968628,-82.64806475913608,-76.80927633689782,9,9
No actress has scanned fewer than seven newspaper articles.,No actress has scanned at most seven newspaper articles.,semantics,quantifiers,superlative_quantifiers_1,True,False,False,False,949,1.862716211836846,0.6589689003747423,1.2037473114621038,1,-74.43104577064514,-80.62973046302795,-93.0582078890136,-87.21941946677538,10,10
No customer would see more than nine eggplants.,No customer would see at least nine eggplants.,semantics,quantifiers,superlative_quantifiers_1,True,False,False,False,950,2.0144305922077668,1.6995126443176347,0.31491794789013206,1,-69.0259690284729,-73.05162239074707,-91.18470554275834,-91.74626147824105,11,11
No company should hate fewer than two waiters.,No company should hate at most two waiters.,semantics,quantifiers,superlative_quantifiers_1,True,False,False,False,951,1.2747862729044754,0.1785120785554824,1.096274194348993,1,-69.40626066923141,-74.5302141904831,-82.15412339827617,-76.31533497603792,10,10
No man had toured more than five libraries.,No man had toured at least five libraries.,semantics,quantifiers,superlative_quantifiers_1,True,False,False,False,952,1.6904269568779506,1.722572690351487,-0.03214573347353644,0,-58.57753503322601,-58.8497793674469,-73.79137764512757,-74.35293358061028,9,9
No patient is cleaning fewer than ten college campuses.,No patient is cleaning at most ten college campuses.,semantics,quantifiers,superlative_quantifiers_1,True,False,False,False,953,2.0795673134554646,1.0848656028844714,0.9947017105709932,1,-70.52785789966583,-74.63608658313751,-91.32353103422048,-85.48474261198223,10,10
No actor was annoying more than nine guests.,No actor was annoying at least nine guests.,semantics,quantifiers,superlative_quantifiers_1,True,False,False,False,954,1.264349205244855,1.5669428286821774,-0.3025936234373223,0,-62.06418216228485,-59.902395486831665,-73.44332500948855,-74.00488094497126,9,9
No student discovers more than three museums.,No student discovers at least three museums.,semantics,quantifiers,superlative_quantifiers_1,True,False,False,False,955,2.2715445560628815,2.120295722717078,0.15124883334580375,1,-52.15567588806152,-53.92722249031067,-70.32803233656458,-70.88958827204729,8,8
No adult hired more than two dancers.,No adult hired at least two dancers.,semantics,quantifiers,superlative_quantifiers_1,True,False,False,False,956,1.591597666684038,1.4976091231264768,0.09398854355756114,1,-53.92363941669464,-55.23710370063782,-66.65642075016694,-67.21797668564963,8,8
No woman healed more than three waitresses.,No woman healed at least three waitresses.,semantics,quantifiers,superlative_quantifiers_1,True,False,False,False,957,1.6708512628697936,1.5332598295147508,0.13759143335504276,1,-60.984686851501465,-62.784565687179565,-76.02234821732961,-76.58390415281232,9,9
No lady arrives at more than six art galleries.,No lady arrives at at least six art galleries.,semantics,quantifiers,superlative_quantifiers_1,True,False,False,False,958,2.06329887169197,1.8399625876843941,0.22333628400757566,1,-64.41675019264221,-67.21166896820068,-85.04973890956191,-85.61129484504463,10,10
No teacher is visiting more than four women.,No teacher is visiting at least four women.,semantics,quantifiers,superlative_quantifiers_1,True,False,False,False,959,2.433713109548696,2.1865428448653668,0.24717026468332914,1,-47.735276609659195,-50.52136492729187,-69.63869459559746,-70.20025053108017,9,9
No student is disgusting more than ten people.,No student is disgusting at least ten people.,semantics,quantifiers,superlative_quantifiers_1,True,False,False,False,960,1.8524857627053626,1.9755500636244392,-0.12306430091907661,0,-53.01546359062195,-52.46944081783295,-69.68783545497021,-70.2493913904529,9,9
No person was praising more than eight reports.,No person was praising at least eight reports.,semantics,quantifiers,superlative_quantifiers_1,True,False,False,False,961,1.66832987015328,1.5388530528743887,0.12947681727889138,1,-58.84428930282593,-60.571136593818665,-73.85925813420545,-74.42081406968816,9,9
No teenager drives to more than ten college campuses.,No teenager drives to at least ten college campuses.,semantics,quantifiers,superlative_quantifiers_1,True,False,False,False,962,1.5610314074162261,1.5228783981545888,0.03815300926163734,1,-71.86848139762878,-72.81156742572784,-87.47879547179105,-88.04035140727373,10,10
No student is selling fewer than nine rabbits.,No student is selling at most nine rabbits.,semantics,quantifiers,superlative_quantifiers_1,True,False,False,False,963,2.2781462935945362,1.1824991669053777,1.0956471266891585,1,-58.33317577838898,-62.35521149635315,-78.8364924207398,-72.99770399850155,9,9
No lady hires more than four waitresses.,No lady hires at least four waitresses.,semantics,quantifiers,superlative_quantifiers_1,True,False,False,False,964,1.4375355443942164,1.3947171651620982,0.042818379232118176,1,-65.1484078168869,-66.09532916545868,-78.08622771643485,-78.64778365191756,9,9
No child was examining fewer than six stories.,No child was examining at most six stories.,semantics,quantifiers,superlative_quantifiers_1,True,False,False,False,965,1.8668084808862142,0.7700703905155201,1.0967380903706943,1,-58.90128719806671,-62.933141589164734,-75.70256352604264,-69.86377510380441,9,9
No guy might bring fewer than six mushrooms.,No guy might bring at most six mushrooms.,semantics,quantifiers,superlative_quantifiers_1,True,False,False,False,966,1.911763922977463,0.5060933560332457,1.4056705669442173,1,-60.88571834564209,-67.6979650259018,-78.09159365243926,-72.252805230201,9,9
No actress was distracting more than six doctors.,No actress was distracting at least six doctors.,semantics,quantifiers,superlative_quantifiers_1,True,False,False,False,967,1.6360542551325352,1.7405065619970326,-0.10445230686449736,0,-60.371337950229645,-59.992823123931885,-75.09582624642246,-75.65738218190518,9,9
No teacher could boycott more than ten mountains.,No teacher could boycott at least ten mountains.,semantics,quantifiers,superlative_quantifiers_1,True,False,False,False,968,1.4630300764244768,1.2663365482337288,0.19669352819074803,1,-63.12836804986,-65.46016573905945,-76.29563873768029,-76.85719467316301,9,9
No waiter had explored fewer than four cafes.,No waiter had explored at most four cafes.,semantics,quantifiers,superlative_quantifiers_1,True,False,False,False,969,1.9905785899440975,0.6802250953384082,1.3103534946056894,1,-68.07213568687439,-74.02652871608734,-85.98734299637127,-80.14855457413302,9,9
No woman is escaping from more than eight actresses.,No woman is escaping from at least eight actresses.,semantics,quantifiers,superlative_quantifiers_1,True,False,False,False,970,2.324898929968853,2.051913002063267,0.27298592790558596,1,-58.012519121170044,-61.30393433570862,-81.26150842085858,-81.82306435634129,10,10
No story is irritating more than ten organizations.,No story is irritating at least ten organizations.,semantics,quantifiers,superlative_quantifiers_1,True,False,False,False,971,1.5206554626204662,1.6944821519808437,-0.17382668936037748,0,-60.138957023620605,-59.136072754859924,-73.8248561872048,-74.38641212268752,9,9
No boy bought more than six mushrooms.,No boy bought at least six mushrooms.,semantics,quantifiers,superlative_quantifiers_1,True,False,False,False,972,1.9004760326070649,1.6952780294466727,0.20519800316039216,1,-49.17506808042526,-51.3782080411911,-64.37887634128178,-64.94043227676448,8,8
No actress had remembered fewer than seven guests.,No actress had remembered at most seven guests.,semantics,quantifiers,superlative_quantifiers_1,True,False,False,False,973,1.6700924804617046,0.5164059667053872,1.1536865137563175,1,-63.49676060676575,-68.04115080833435,-78.52759293092109,-72.68880450868284,9,9
No customer reveals fewer than five teachers.,No customer reveals at most five teachers.,semantics,quantifiers,superlative_quantifiers_1,True,False,False,False,974,2.227781427588706,0.90862199033322,1.319159437255486,1,-57.34072518348694,-62.0552122592926,-75.16297660419659,-69.32418818195836,8,8
No guest did watch more than six women.,No guest did watch at least six women.,semantics,quantifiers,superlative_quantifiers_1,True,False,False,False,975,1.3100254167231986,1.0141610745745975,0.29586434214860113,1,-58.299016773700714,-61.52335178852081,-70.0892455242095,-70.65080145969219,9,9
No commentary was bothering more than three cashiers.,No commentary was bothering at least three cashiers.,semantics,quantifiers,superlative_quantifiers_1,True,False,False,False,976,2.1616985616899145,2.1654750358419763,-0.0037764741520618372,0,-64.3907173871994,-64.9145085811615,-86.00770300409854,-86.56925893958126,10,10
No driver helps fewer than four doctors.,No driver helps at most four doctors.,semantics,quantifiers,superlative_quantifiers_1,True,False,False,False,977,1.7088794427673157,0.5515906639095025,1.1572887788578132,1,-57.60520577430725,-61.02472758293152,-71.27624131644578,-65.43745289420754,8,8
No teenager was complaining about more than ten cashiers.,No teenager was complaining about at least ten cashiers.,semantics,quantifiers,superlative_quantifiers_1,True,False,False,False,978,2.5543938249175615,2.2741069017348767,0.2802869231826848,1,-65.20572662353516,-68.8504387140274,-93.30405869762834,-93.86561463311105,11,11
No actress is walking through fewer than seven closets.,No actress is walking through at most seven closets.,semantics,quantifiers,superlative_quantifiers_1,True,False,False,False,979,2.411781595890341,1.351173671980645,1.060607923909696,1,-70.56649470329285,-76.39439344406128,-97.0960922580866,-91.25730383584838,11,11
No adult skates around more than nine glaciers.,No adult skates around at least nine glaciers.,semantics,quantifiers,superlative_quantifiers_1,True,False,False,False,980,2.2869820107651293,2.568553167896775,-0.2815711571316455,0,-64.5642648935318,-62.31010925769806,-87.43408500118309,-87.99564093666581,10,10
No guy had found more than four trucks.,No guy had found at least four trucks.,semantics,quantifiers,superlative_quantifiers_1,True,False,False,False,981,1.9159378475825468,1.802406464873965,0.11353138270858176,1,-50.81729078292847,-52.40062916278839,-68.06073141117139,-68.62228734665408,9,9
No photograph looks like fewer than eight photographs.,No photograph looks like at most eight photographs.,semantics,quantifiers,superlative_quantifiers_1,True,False,False,False,982,2.1440552892608165,1.069536048813998,1.0745192404468185,1,-58.95891797542572,-62.79080271720886,-78.25541557877307,-72.41662715653484,9,9
No boy arrives at fewer than seven mountains.,No boy arrives at at most seven mountains.,semantics,quantifiers,superlative_quantifiers_1,True,False,False,False,983,1.86457531275524,0.6758299562339656,1.1887453565212744,1,-59.943058252334595,-64.80297803878784,-76.72423606713176,-70.88544764489353,9,9
No legislature helped fewer than eight dancers.,No legislature helped at most eight dancers.,semantics,quantifiers,superlative_quantifiers_1,True,False,False,False,984,1.6461194748426742,0.18919777416994066,1.4569217006727335,1,-62.32107126712799,-68.1376564502716,-75.49002706586938,-69.65123864363113,8,8
No child could sound like fewer than two commentaries.,No child could sound like at most two commentaries.,semantics,quantifiers,superlative_quantifiers_1,True,False,False,False,985,1.6272019322181668,0.5264822823278827,1.100719649890284,1,-73.4137681722641,-79.68289589881897,-91.31298942666393,-85.47420100442568,11,11
No lady was bringing more than two sweaters.,No lady was bringing at least two sweaters.,semantics,quantifiers,superlative_quantifiers_1,True,False,False,False,986,2.6584452746559775,2.5821625423222914,0.0762827323336861,1,-55.42515289783478,-56.74953615665436,-82.00960564439455,-82.57116157987727,10,10
No patient should take fewer than five coats.,No patient should take at most five coats.,semantics,quantifiers,superlative_quantifiers_1,True,False,False,False,987,2.039834243991913,0.19287092753682739,1.8469633164550854,1,-58.56854486465454,-69.35242629051208,-76.92705306058176,-71.08826463834353,9,9
No child climbed down more than four steps.,No child climbed down at least four steps.,semantics,quantifiers,superlative_quantifiers_1,True,False,False,False,988,2.011144583104305,2.0585173429874115,-0.04737275988310641,0,-52.010353088378906,-52.145554184913635,-70.11065433631765,-70.67221027180034,9,9
No art gallery disturbed fewer than eight libraries.,No art gallery disturbed at most eight libraries.,semantics,quantifiers,superlative_quantifiers_1,True,False,False,False,989,1.4973695862285012,0.5733658623807022,0.924003723847799,1,-73.97267627716064,-76.44992136955261,-87.44900255321716,-81.61021413097893,9,9
No dog descends more than seven slopes.,No dog descends at least seven slopes.,semantics,quantifiers,superlative_quantifiers_1,True,False,False,False,990,2.2478665970773384,2.272291621703829,-0.024425024626490544,0,-60.080410838127136,-60.422141551971436,-80.31121021182318,-80.8727661473059,9,9
No mountain alarmed more than ten waiters.,No mountain alarmed at least ten waiters.,semantics,quantifiers,superlative_quantifiers_1,True,False,False,False,991,0.40711442237388457,0.585068157206725,-0.17795373483284044,0,-70.51342707872391,-69.47339940071106,-74.17745688008887,-74.73901281557158,9,9
No girl has fewer than two mouths.,No girl has at most two mouths.,semantics,quantifiers,superlative_quantifiers_1,True,False,False,False,992,2.6288625830302728,0.8923209650840223,1.7365416179462505,1,-43.77195906639099,-51.82550358772278,-64.80285973063317,-58.964071308394956,8,8
No driver exited more than six hospitals.,No driver exited at least six hospitals.,semantics,quantifiers,superlative_quantifiers_1,True,False,False,False,993,1.8433955215001667,1.9741026902705627,-0.130707168770396,0,-56.754351019859314,-56.27024960517883,-71.50151519186065,-72.06307112734333,8,8
No waitress has described fewer than four public parks.,No waitress has described at most four public parks.,semantics,quantifiers,superlative_quantifiers_1,True,False,False,False,994,2.499057022172283,1.2817978741814016,1.2172591479908816,1,-67.29917454719543,-73.63297760486603,-92.28974476891827,-86.45095634668004,10,10
No customer has exited more than five grocery stores.,No customer has exited at least five grocery stores.,semantics,quantifiers,superlative_quantifiers_1,True,False,False,False,995,2.751713854702723,2.7553839405243226,-0.003670085821599667,0,-63.76110762357712,-64.28596270084381,-91.27824617060435,-91.83980210608703,10,10
No play has upset fewer than nine organizations.,No play has upset at most nine organizations.,semantics,quantifiers,superlative_quantifiers_1,True,False,False,False,996,1.472500504007829,0.45902173124713386,1.013478772760695,1,-64.5273585319519,-67.80987906455994,-77.77986306802237,-71.94107464578414,9,9
No dancer was biking to fewer than two schools.,No dancer was biking to at most two schools.,semantics,quantifiers,superlative_quantifiers_1,True,False,False,False,997,1.5533295157021825,0.16255961956333637,1.3907698961388462,1,-68.97082930803299,-77.03973984718323,-84.50412446505482,-78.66533604281659,10,10
No lake disturbs fewer than seven children.,No lake disturbs at most seven children.,semantics,quantifiers,superlative_quantifiers_1,True,False,False,False,998,2.54473883291512,1.3728275433676376,1.1719112895474826,1,-61.16977912187576,-65.87819230556488,-84.07242861811184,-78.23364019587362,9,9
No drawing looked like fewer than nine senators.,No drawing looked like at most nine senators.,semantics,quantifiers,superlative_quantifiers_1,True,False,False,False,999,1.2836565954381582,0.07239008748018388,1.2112665079579743,1,-66.9489153623581,-72.01152551174164,-78.50182472130152,-72.6630362990633,9,9
