sentence_good,sentence_bad,field,linguistics_term,UID,simple_LM_method,one_prefix_method,two_prefix_method,lexically_identical,pair_id,good_slor,bad_slor,slor_diff,correct,good_model_logprob,bad_model_logprob,good_unigram_logprob,bad_unigram_logprob,good_num_tokens,bad_num_tokens
Only Bill would ever complain.,Even Bill would ever complain.,semantics,npi_licensing,only_npi_licensor_present,True,False,True,False,0,2.1130443965033443,2.10001440104217,0.013029995461174337,1,-38.34208846092224,-38.18219351768494,-51.02035483994231,-50.782279923937956,6,6
Only Lori had ever healed Carl.,Even Lori had ever healed Carl.,semantics,npi_licensing,only_npi_licensor_present,True,False,True,False,1,1.498750864370385,1.4419295326481014,0.05682133172228365,1,-55.108938217163086,-55.26861262321472,-65.60019426775578,-65.36211935175143,7,7
Only these pedestrians ever obligate Carl to aggravate Brad.,Even these pedestrians ever obligate Carl to aggravate Brad.,semantics,npi_licensing,only_npi_licensor_present,True,False,True,False,2,1.4734212709164893,1.3610932020541948,0.11232806886229452,1,-98.49273562431335,-99.60259753465652,-116.17379087531123,-115.93571595930686,12,12
Only Alexander ever looked like this drawing.,Even Alexander ever looked like this drawing.,semantics,npi_licensing,only_npi_licensor_present,True,False,True,False,3,1.282436012377735,1.257803124165032,0.02463288821270293,1,-53.90490961074829,-53.86389780044556,-64.16439770977017,-63.92632279376581,8,8
Only libraries ever sway Sally to salute.,Even libraries ever sway Sally to salute.,semantics,npi_licensing,only_npi_licensor_present,True,False,True,False,4,0.4512052889733944,0.2810827527761859,0.17012253619720852,1,-72.49828970432281,-73.62119507789612,-76.10793201610997,-75.8698571001056,8,8
Only Meredith should ever wear the shawl.,Even Meredith should ever wear the shawl.,semantics,npi_licensing,only_npi_licensor_present,True,False,True,False,5,2.2049363671364803,2.05867482833298,0.14626153880350046,1,-61.74554419517517,-62.97008466720581,-83.79490786653997,-83.55683295053561,10,10
Only Grace ever reveals Janice.,Even Grace ever reveals Janice.,semantics,npi_licensing,only_npi_licensor_present,True,False,True,False,6,2.2767060779776136,2.080295198144366,0.1964108798332478,1,-51.66791129112244,-52.804712533950806,-67.60485383696573,-67.36677892096137,7,7
Only Aaron ever messes up some couches.,Even Aaron ever messes up some couches.,semantics,npi_licensing,only_npi_licensor_present,True,False,True,False,7,1.9814320499489013,1.9087604440639496,0.0726716058849517,1,-67.88061606884003,-68.36925721168518,-87.69493656832904,-87.45686165232468,10,10
Only Elizabeth ever doubted Patricia has arrived at the hospital.,Even Elizabeth ever doubted Patricia has arrived at the hospital.,semantics,npi_licensing,only_npi_licensor_present,True,False,True,False,8,2.385967207471212,2.2618616331993864,0.12410557427182578,1,-69.33072531223297,-70.45781171321869,-95.5763645944163,-95.33828967841194,11,11
Only Chad ever preferred Robert to waste away.,Even Chad ever preferred Robert to waste away.,semantics,npi_licensing,only_npi_licensor_present,True,False,True,False,9,0.7129660358224486,0.682175837377214,0.030790198445234562,1,-73.11172914505005,-73.1507660150528,-79.52842346745209,-79.29034855144772,9,9
Only the boys ever managed to watch most teenagers.,Even the boys ever managed to watch most teenagers.,semantics,npi_licensing,only_npi_licensor_present,True,False,True,False,10,2.378423440719655,2.2758723572145785,0.10255108350507669,1,-55.89777833223343,-56.68521425127983,-79.68201273942998,-79.44393782342561,10,10
Only the sweaters ever twirl.,Even the sweaters ever twirl.,semantics,npi_licensing,only_npi_licensor_present,True,False,True,False,11,3.026909997068014,2.8650967357826858,0.16181326128532802,1,-48.579790234565735,-49.636221408843994,-72.79507021110985,-72.55699529510548,8,8
Only Susan ever tries to exercise.,Even Susan ever tries to exercise.,semantics,npi_licensing,only_npi_licensor_present,True,False,True,False,12,2.108759988007837,2.119347554332591,-0.010587566324753883,0,-44.569396406412125,-44.25720852613449,-59.330716322466984,-59.092641406462626,7,7
Only Melanie ever investigates who reunite.,Even Melanie ever investigates who reunite.,semantics,npi_licensing,only_npi_licensor_present,True,False,True,False,13,2.4759077493728583,2.3616650146874143,0.11424273468544399,1,-60.75620651245117,-61.43207347393036,-80.56346850743404,-80.32539359142967,8,8
Only waiters ever cope.,Even waiters ever cope.,semantics,npi_licensing,only_npi_licensor_present,True,False,True,False,14,0.8876475769706597,0.6935590952067893,0.1940884817638704,1,-46.53035259246826,-47.45680856704712,-51.85623805429222,-51.618163138287855,6,6
Only Kendra could ever protest.,Even Kendra could ever protest.,semantics,npi_licensing,only_npi_licensor_present,True,False,True,False,15,1.7483064523208733,1.743276754477025,0.005029697843848435,1,-52.55322980880737,-52.35036277770996,-64.79137497505349,-64.55330005904914,7,7
Only the Clintons ever disagreed.,Even the Clintons ever disagreed.,semantics,npi_licensing,only_npi_licensor_present,True,False,True,False,16,1.282235216840031,1.4683487900535777,-0.1861135732135466,0,-49.09609270095825,-47.74133634567261,-56.78950400199844,-56.55142908599407,6,6
Only some dancers ever cure Debra.,Even some dancers ever cure Debra.,semantics,npi_licensing,only_npi_licensor_present,True,False,True,False,17,1.6855091313263522,1.6199325907222146,0.06557654060413753,1,-61.278693437576294,-61.56523084640503,-74.76276648818711,-74.52469157218275,8,8
Only these actresses ever assembled.,Even these actresses ever assembled.,semantics,npi_licensing,only_npi_licensor_present,True,False,True,False,18,1.7718805655573544,1.6858490264153534,0.08603153914200101,1,-44.74134397506714,-45.019458293914795,-55.372627368411266,-55.134552452406915,6,6
Only that unicycle ever crashed.,Even that unicycle ever crashed.,semantics,npi_licensing,only_npi_licensor_present,True,False,True,False,19,1.5461718320965525,1.4704917951261172,0.07568003697043535,1,-50.08614230155945,-50.377827644348145,-60.909345126235316,-60.671270210230965,7,7
Only Connie does ever learn who isn't imagining those mushrooms were growing.,Even Connie does ever learn who isn't imagining those mushrooms were growing.,semantics,npi_licensing,only_npi_licensor_present,True,False,True,False,20,2.1877778875333354,2.2431678660199026,-0.05538997848656724,0,-93.7952990187332,-92.7817644039169,-124.4241894441999,-124.18611452819553,14,14
Only some cashiers had ever replied.,Even some cashiers had ever replied.,semantics,npi_licensing,only_npi_licensor_present,True,False,True,False,21,1.4507612470681774,1.4859891247894659,-0.035227877721288436,0,-54.77212929725647,-54.25223135948181,-66.37821927380189,-66.14014435779754,8,8
Only some children ever marry.,Even some children ever marry.,semantics,npi_licensing,only_npi_licensor_present,True,False,True,False,22,2.114564161463123,1.9465025246775862,0.16806163678553676,1,-35.21590232849121,-35.98619723320007,-47.90328729726995,-47.66521238126559,6,6
Only Kayla has ever pressed Kenneth to hate Rachel.,Even Kayla has ever pressed Kenneth to hate Rachel.,semantics,npi_licensing,only_npi_licensor_present,True,False,True,False,23,1.5582545982170137,1.5007954698264272,0.057459128390586534,1,-83.04841470718384,-83.44239020347595,-100.18921528757099,-99.95114037156665,11,11
Only Wayne could ever talk.,Even Wayne could ever talk.,semantics,npi_licensing,only_npi_licensor_present,True,False,True,False,24,1.252975968143063,1.4241426832684343,-0.1711667151253713,0,-41.896931648254395,-40.6318564414978,-49.41478745711277,-49.17671254110841,6,6
Only Rebecca would ever observe John.,Even Rebecca would ever observe John.,semantics,npi_licensing,only_npi_licensor_present,True,False,True,False,25,1.5909646539528504,1.4192731145802457,0.17169153937260462,1,-50.86303639411926,-51.826802253723145,-61.999788971789215,-61.761714055784864,7,7
Only Emily ever found Liam.,Even Emily ever found Liam.,semantics,npi_licensing,only_npi_licensor_present,True,False,True,False,26,1.6416121393521408,1.3529591799856309,0.2886529593665099,1,-45.01569437980652,-46.50953722000122,-54.86536721591936,-54.627292299915005,6,6
Only that pedestrian will ever fail to attack Mitchell.,Even that pedestrian will ever fail to attack Mitchell.,semantics,npi_licensing,only_npi_licensor_present,True,False,True,False,27,2.0856769514200098,1.9694180185315786,0.11625893288843114,1,-65.33308780193329,-66.25760221481323,-86.18985731613338,-85.95178240012902,10,10
Only the Clintons ever work with every teenager.,Even the Clintons ever work with every teenager.,semantics,npi_licensing,only_npi_licensor_present,True,False,True,False,28,1.454198860527119,1.3944197973951304,0.05977906313198855,1,-64.57544076442719,-64.87537741661072,-77.66323050917126,-77.42515559316689,9,9
Only Patricia had ever painted.,Even Patricia had ever painted.,semantics,npi_licensing,only_npi_licensor_present,True,False,True,False,29,1.655559789694788,1.5336179620599484,0.12194182763483963,1,-42.08626866340637,-42.57984471321106,-52.0196274015751,-51.78155248557075,6,6
Only Wayne ever referenced Randolf.,Even Wayne ever referenced Randolf.,semantics,npi_licensing,only_npi_licensor_present,True,False,True,False,30,0.8554186594864502,1.0306482575148794,-0.1752295980284292,0,-68.12656927108765,-66.66188716888428,-74.1144998874928,-73.87642497148843,7,7
Only Patricia ever turns out to bring a lot of plates.,Even Patricia ever turns out to bring a lot of plates.,semantics,npi_licensing,only_npi_licensor_present,True,False,True,False,31,1.9320629895778108,1.9354554411324116,-0.0033924515546008838,0,-69.39252224564552,-69.11373791098595,-92.57727812057925,-92.33920320457489,12,12
Only Nina ever arrives at every high school.,Even Nina ever arrives at every high school.,semantics,npi_licensing,only_npi_licensor_present,True,False,True,False,32,2.7428474529031694,2.493475001796548,0.24937245110662154,1,-52.74035978317261,-54.74663692712784,-77.42598685930113,-77.18791194329677,9,9
Only Dana has ever painted.,Even Dana has ever painted.,semantics,npi_licensing,only_npi_licensor_present,True,False,True,False,33,1.677065147742881,1.5928037076049872,0.08426144013789383,1,-43.07791090011597,-43.345404624938965,-53.140301786573254,-52.90222687056889,6,6
Only Andrea could ever sway Walter's French teachers to salute.,Even Andrea could ever sway Walter's French teachers to salute.,semantics,npi_licensing,only_npi_licensor_present,True,False,True,False,34,1.2424388432368971,1.2610653429593626,-0.01862649972246544,0,-93.45688581466675,-92.9952929019928,-108.36615193350951,-108.12807701750515,12,12
Only Janice had ever bought some carriage.,Even Janice had ever bought some carriage.,semantics,npi_licensing,only_npi_licensor_present,True,False,True,False,35,1.9822501104573764,1.8742332069908134,0.10801690346656301,1,-58.834344029426575,-59.56842124462128,-76.67459502354296,-76.4365201075386,9,9
Only Eva ever waves.,Even Eva ever waves.,semantics,npi_licensing,only_npi_licensor_present,True,False,True,False,36,0.904834289494319,0.7089284337195949,0.19590585577472408,1,-40.411147117614746,-41.15260148048401,-44.93531856508634,-44.69724364908198,5,5
Only Helen ever shrugged.,Even Helen ever shrugged.,semantics,npi_licensing,only_npi_licensor_present,True,False,True,False,37,0.22682906371861264,-0.006540218646077278,0.23336928236468993,1,-43.952457904815674,-44.881229400634766,-45.08660322340874,-44.84852830740438,5,5
Only a plane has ever tipped over.,Even a plane has ever tipped over.,semantics,npi_licensing,only_npi_licensor_present,True,False,True,False,38,2.5365427256467505,2.4158193716499756,0.12072335399677492,1,-43.02479374408722,-43.75250566005707,-63.317135549261224,-63.07906063325687,8,8
Only this glacier ever disgusts Nancy.,Even this glacier ever disgusts Nancy.,semantics,npi_licensing,only_npi_licensor_present,True,False,True,False,39,0.6134363647373995,0.5040620629314034,0.10937430180599605,1,-66.38952124118805,-67.02644073963165,-71.29701215908725,-71.05893724308288,8,8
Only those apples had ever grown.,Even those apples had ever grown.,semantics,npi_licensing,only_npi_licensor_present,True,False,True,False,40,2.26052005797192,2.1950146701038316,0.06550538786808824,1,-41.69109106063843,-41.91155385971069,-57.514731466441866,-57.276656550437515,7,7
Only hospitals ever force Joseph to sing.,Even hospitals ever force Joseph to sing.,semantics,npi_licensing,only_npi_licensor_present,True,False,True,False,41,0.08426175028246874,0.05158736102453787,0.03267438925793087,1,-68.58373808860779,-68.60705828666687,-69.25783209086754,-69.01975717486317,8,8
Only these ladies ever competed.,Even these ladies ever competed.,semantics,npi_licensing,only_npi_licensor_present,True,False,True,False,42,1.6880645492412338,1.4951380401590448,0.192926509082189,1,-40.808544635772705,-41.728028774261475,-50.93693193122011,-50.698857015215744,6,6
Only Alan ever proposes to laugh.,Even Alan ever proposes to laugh.,semantics,npi_licensing,only_npi_licensor_present,True,False,True,False,43,1.8191189463970758,1.6082861948335696,0.21083275156350623,1,-49.155903458595276,-50.39365780353546,-61.88973608337481,-61.65166116737045,7,7
Only some bicycles might ever rust.,Even some bicycles might ever rust.,semantics,npi_licensing,only_npi_licensor_present,True,False,True,False,44,0.8898525761752418,0.7564158087164381,0.13343676745880373,1,-55.00310468673706,-55.699087142944336,-61.23207271996375,-60.9939978039594,7,7
Only those cashiers had ever concealed Erin.,Even those cashiers had ever concealed Erin.,semantics,npi_licensing,only_npi_licensor_present,True,False,True,False,45,1.686680004855794,1.6793461017418787,0.007333903113915241,1,-67.34749341011047,-67.17542362213135,-82.52761345381262,-82.28953853780826,9,9
Only those women ever wonder what isn't cracking.,Even those women ever wonder what isn't cracking.,semantics,npi_licensing,only_npi_licensor_present,True,False,True,False,46,1.8431400002903586,1.7498880586989345,0.09325194159142414,1,-62.507309421896935,-63.20175392180681,-80.93870942480052,-80.70063450879616,10,10
Only Natalie had ever induced a lot of libraries to annoy Naomi.,Even Natalie had ever induced a lot of libraries to annoy Naomi.,semantics,npi_licensing,only_npi_licensor_present,True,False,True,False,47,2.0033755225378864,2.042039516015767,-0.03866399347788052,0,-88.69773629307747,-87.95702946186066,-114.74161808606999,-114.50354317006563,13,13
Only Maria ever doubts many spotlights dim.,Even Maria ever doubts many spotlights dim.,semantics,npi_licensing,only_npi_licensor_present,True,False,True,False,48,0.3718136305323267,0.27306969980848017,0.09874393072384652,1,-84.55153608322144,-85.20215654373169,-87.89785875801238,-87.65978384200801,9,9
Only Tamara ever appreciates Omar.,Even Tamara ever appreciates Omar.,semantics,npi_licensing,only_npi_licensor_present,True,False,True,False,49,2.142408755657865,2.118106375200444,0.024302380457420725,1,-63.15398859977722,-63.11033272743225,-80.29325864504014,-80.0551837290358,8,8
Only some guys ever salute.,Even some guys ever salute.,semantics,npi_licensing,only_npi_licensor_present,True,False,True,False,50,1.521618803969016,1.4130020317744432,0.10861677219457277,1,-41.58126926422119,-41.99489498138428,-50.71098208803529,-50.472907172030936,6,6
Only Paula ever intends to escape from Carrie.,Even Paula ever intends to escape from Carrie.,semantics,npi_licensing,only_npi_licensor_present,True,False,True,False,51,2.3593373088401837,2.1843213499284264,0.17501595891175725,1,-61.03739248216152,-62.37446119636297,-82.27142826172317,-82.03335334571881,9,9
Only Steve ever hurt Bill.,Even Steve ever hurt Bill.,semantics,npi_licensing,only_npi_licensor_present,True,False,True,False,52,1.3653604226466467,1.2536554543334002,0.1117049683132465,1,-44.01645827293396,-44.44861316680908,-52.20862080881384,-51.97054589280948,6,6
Only Melissa ever liked that screen.,Even Melissa ever liked that screen.,semantics,npi_licensing,only_npi_licensor_present,True,False,True,False,53,1.4933388523454991,1.4061682149253645,0.08717063742013464,1,-49.41743052005768,-49.78955006599426,-59.87080248647617,-59.632727570471815,7,7
Only Frank would ever read.,Even Frank would ever read.,semantics,npi_licensing,only_npi_licensor_present,True,False,True,False,54,1.527322124456776,1.6568102519865266,-0.12948812752975059,0,-38.03942799568176,-37.0244243144989,-47.20336074242242,-46.96528582641806,6,6
Only this car ever bored Julie.,Even this car ever bored Julie.,semantics,npi_licensing,only_npi_licensor_present,True,False,True,False,55,0.8253678104918721,0.5729590140282903,0.25240879646358183,1,-53.82918179035187,-55.35796844959259,-59.60675646379497,-59.36868154779062,7,7
Only the broccoli ever disgusted Jennifer.,Even the broccoli ever disgusted Jennifer.,semantics,npi_licensing,only_npi_licensor_present,True,False,True,False,56,0.818824853306427,0.8329134644835727,-0.014088611177145771,0,-57.41676568984985,-57.08007049560547,-63.14853966299484,-62.91046474699048,7,7
Only Kristen ever hoped to boast.,Even Kristen ever hoped to boast.,semantics,npi_licensing,only_npi_licensor_present,True,False,True,False,57,1.7661294048193343,1.6062792307159799,0.15985017410335445,1,-51.509817600250244,-52.39069390296936,-63.872723433985584,-63.63464851798122,7,7
Only Kimberley has ever helped Mark.,Even Kimberley has ever helped Mark.,semantics,npi_licensing,only_npi_licensor_present,True,False,True,False,58,2.4575553283771576,2.4252546378902267,0.03230069048693096,1,-53.68172866106033,-53.702059268951416,-73.3421712880776,-73.10409637207323,8,8
Only Ann had ever judged Naomi to flee from a lot of cashiers.,Even Ann had ever judged Naomi to flee from a lot of cashiers.,semantics,npi_licensing,only_npi_licensor_present,True,False,True,False,59,2.2923767430815074,2.311972277525414,-0.019595534443906715,0,-92.45875468850136,-91.9267467558384,-126.84440583472397,-126.6063309187196,15,15
Only Nina did ever ask Katherine to learn.,Even Nina did ever ask Katherine to learn.,semantics,npi_licensing,only_npi_licensor_present,True,False,True,False,60,1.984100852053918,1.906544571162903,0.07755628089101507,1,-58.57924509048462,-59.03917670249939,-76.43615275896988,-76.19807784296552,9,9
Only Gregory ever smiles.,Even Gregory ever smiles.,semantics,npi_licensing,only_npi_licensor_present,True,False,True,False,61,0.8915019881271163,1.049377093389073,-0.15787510526195658,0,-41.15510547161102,-40.127655029296875,-45.612615412246605,-45.37454049624224,5,5
Only Jill ever thinks about cars.,Even Jill ever thinks about cars.,semantics,npi_licensing,only_npi_licensor_present,True,False,True,False,62,1.782277828550345,1.6503220662152234,0.13195576233512152,1,-48.24034333229065,-48.92595875263214,-60.71628813214306,-60.478213216138705,7,7
Only Mitchell ever eats.,Even Mitchell ever eats.,semantics,npi_licensing,only_npi_licensor_present,True,False,True,False,63,0.6863035698200562,0.44345500316886727,0.24284856665118898,1,-42.0344340801239,-43.01060199737549,-45.46595192922418,-45.227877013219825,5,5
Only Candice will ever grin.,Even Candice will ever grin.,semantics,npi_licensing,only_npi_licensor_present,True,False,True,False,64,2.0100853726640286,2.119609160418061,-0.10952378775403249,0,-48.91017496585846,-47.90543353557587,-62.98077257450666,-62.742697658502294,7,7
Only Vincent ever entreats Spain to impress Janet.,Even Vincent ever entreats Spain to impress Janet.,semantics,npi_licensing,only_npi_licensor_present,True,False,True,False,65,1.332284101459666,1.3039569057611713,0.028327195698494734,1,-88.17205905914307,-88.24558329582214,-102.82718417519939,-102.58910925919503,11,11
Only the Impressionists ever anticipate that patient to whisper.,Even the Impressionists ever anticipate that patient to whisper.,semantics,npi_licensing,only_npi_licensor_present,True,False,True,False,66,2.3832939726733806,2.464271043551394,-0.08097707087801354,0,-79.26726365089417,-78.05746388435364,-107.86679132297473,-107.62871640697037,12,12
Only the rabbit ever climbed up some mountains.,Even the rabbit ever climbed up some mountains.,semantics,npi_licensing,only_npi_licensor_present,True,False,True,False,67,2.0594834650703655,1.9083590519907685,0.151124413079597,1,-52.16484785079956,-53.2868926525116,-70.70019903643285,-70.46212412042851,9,9
Only Kayla does ever listen to Kendra.,Even Kayla does ever listen to Kendra.,semantics,npi_licensing,only_npi_licensor_present,True,False,True,False,68,2.609380202736946,2.4654309218193786,0.14394928091756753,1,-64.14164298772812,-65.34306088089943,-90.23544501509758,-89.99737009909322,10,10
Only Homer ever fires Guy.,Even Homer ever fires Guy.,semantics,npi_licensing,only_npi_licensor_present,True,False,True,False,69,0.9749541271537522,0.8446176806898187,0.1303364464639335,1,-51.38594472408295,-51.92988848686218,-57.23566948700546,-56.997594571001095,6,6
Only Jeffrey ever worried Melinda.,Even Jeffrey ever worried Melinda.,semantics,npi_licensing,only_npi_licensor_present,True,False,True,False,70,1.9291743103779677,1.8711496119673623,0.058024698410605424,1,-54.91709876060486,-55.08519673347473,-68.42131893325063,-68.18324401724627,7,7
Only Derek had ever hidden.,Even Derek had ever hidden.,semantics,npi_licensing,only_npi_licensor_present,True,False,True,False,71,1.7590602692374742,1.6490184294591816,0.11004183977829252,1,-40.58258295059204,-41.004759073257446,-51.136944566016886,-50.898869650012536,6,6
Only a projector had ever dimmed.,Even a projector had ever dimmed.,semantics,npi_licensing,only_npi_licensor_present,True,False,True,False,72,2.2278280452377253,2.180019679043454,0.0478083661942712,1,-51.27259111404419,-51.416983127593994,-69.09521547594599,-68.85714055994163,8,8
Only Wendy ever neglects to question some patient.,Even Wendy ever neglects to question some patient.,semantics,npi_licensing,only_npi_licensor_present,True,False,True,False,73,1.0096621069927523,0.8680186406990174,0.14164346629373492,1,-74.28811252117157,-75.46647226810455,-84.38473359109909,-84.14665867509473,10,10
Only Teresa has ever admired Suzanne.,Even Teresa has ever admired Suzanne.,semantics,npi_licensing,only_npi_licensor_present,True,False,True,False,74,2.569870503254005,2.512434494374998,0.057436008879006906,1,-49.682517886161804,-49.846495032310486,-67.67161140893984,-67.43353649293547,7,7
Only Dana has ever kissed Janice.,Even Dana has ever kissed Janice.,semantics,npi_licensing,only_npi_licensor_present,True,False,True,False,75,2.40108362352019,2.392398330546172,0.00868529297401821,1,-54.9253751039505,-54.75678253173828,-74.13404409211202,-73.89596917610766,8,8
Only Tracy ever exists.,Even Tracy ever exists.,semantics,npi_licensing,only_npi_licensor_present,True,False,True,False,76,1.8515677040188065,1.6184580356449003,0.23310966837390623,1,-36.86174154281616,-37.789214968681335,-46.119580062910195,-45.88150514690584,5,5
Only those waitresses have ever climbed up those mountains.,Even those waitresses have ever climbed up those mountains.,semantics,npi_licensing,only_npi_licensor_present,True,False,True,False,77,1.721902355988763,1.8670079005884526,-0.1451055445996896,0,-73.60389411449432,-71.76965820789337,-92.54482003037072,-92.30674511436635,11,11
Only a candle ever dimmed.,Even a candle ever dimmed.,semantics,npi_licensing,only_npi_licensor_present,True,False,True,False,78,2.821130156892831,2.5840329762369163,0.23709718065591456,1,-40.569586992263794,-41.99119234085083,-60.31749809051361,-60.079423174509245,7,7
Only Kristin ever shouts.,Even Kristin ever shouts.,semantics,npi_licensing,only_npi_licensor_present,True,False,True,False,79,1.1756012675027232,1.4115367340903948,-0.23593546658767162,0,-47.014830350875854,-45.36114263534546,-54.06843795589219,-53.83036303988783,6,6
Only the Clintons should ever wish to donate.,Even the Clintons should ever wish to donate.,semantics,npi_licensing,only_npi_licensor_present,True,False,True,False,80,1.6506508156954345,1.7148288765847641,-0.06417806088932965,0,-63.05550044775009,-62.23982298374176,-77.911357789009,-77.67328287300464,9,9
Only these actresses ever embrace.,Even these actresses ever embrace.,semantics,npi_licensing,only_npi_licensor_present,True,False,True,False,81,1.363775536766069,1.3064802710717405,0.057295265694328634,1,-47.66718316078186,-47.77287983894348,-55.849836381378275,-55.611761465373924,6,6
Only this painting ever looks like Clyde.,Even this painting ever looks like Clyde.,semantics,npi_licensing,only_npi_licensor_present,True,False,True,False,82,1.5175083448171947,1.3129822684259516,0.2045260763912431,1,-53.06260243058205,-54.460736125707626,-65.2026691891196,-64.96459427311524,8,8
Only Kristen did ever hug Carl.,Even Kristen did ever hug Carl.,semantics,npi_licensing,only_npi_licensor_present,True,False,True,False,83,1.3717702271677144,1.3139061207000324,0.05786410646768192,1,-54.12633717060089,-54.2933109998703,-63.72872876077489,-63.49065384477053,7,7
Only Richard ever nods.,Even Richard ever nods.,semantics,npi_licensing,only_npi_licensor_present,True,False,True,False,84,0.27771262298657434,0.10977250360100896,0.16794011938556538,1,-42.988231897354126,-43.58985757827759,-44.376795012287,-44.13872009628263,5,5
Only these plays ever astound Jeffrey.,Even these plays ever astound Jeffrey.,semantics,npi_licensing,only_npi_licensor_present,True,False,True,False,85,0.9563601960708574,1.0088633773943627,-0.05250318132350529,0,-68.22346186637878,-67.56536149978638,-75.87434343494564,-75.63626851894128,8,8
Only that committee ever competed.,Even that committee ever competed.,semantics,npi_licensing,only_npi_licensor_present,True,False,True,False,86,0.9540026234474025,0.7409499702739252,0.21305265317347732,1,-43.3868510723114,-44.4270920753479,-49.110866812995816,-48.87279189699145,6,6
Only Elaine ever works hard.,Even Elaine ever works hard.,semantics,npi_licensing,only_npi_licensor_present,True,False,True,False,87,1.7414095056236647,1.588722867089724,0.1526866385339407,1,-42.7219580411911,-43.40000295639038,-53.17041507493309,-52.932340158928724,6,6
Only George ever healed Bruce.,Even George ever healed Bruce.,semantics,npi_licensing,only_npi_licensor_present,True,False,True,False,88,1.4146952130119221,1.423518326751542,-0.00882311373961997,0,-48.043482065200806,-47.75246846675873,-56.53165334327234,-56.29357842726798,6,6
Only Dawn will ever read.,Even Dawn will ever read.,semantics,npi_licensing,only_npi_licensor_present,True,False,True,False,89,1.86889875726544,1.65015497313595,0.21874378412949014,1,-39.07437539100647,-40.14876317977905,-50.28776793459911,-50.04969301859475,6,6
Only these waiters ever entice Martha to conceal all sweaters.,Even these waiters ever entice Martha to conceal all sweaters.,semantics,npi_licensing,only_npi_licensor_present,True,False,True,False,90,1.796984264355956,1.872944456482898,-0.07596019212694216,0,-102.80403256416321,-101.50251495838165,-127.96181226514659,-127.72373734914223,14,14
Only Sandra will ever require Karen's student to drop by some college campus.,Even Sandra will ever require Karen's student to drop by some college campus.,semantics,npi_licensing,only_npi_licensor_present,True,False,True,False,91,1.9242708942566253,1.9122076203102325,0.012063273946392838,1,-102.18243145942688,-102.12530565261841,-131.04649487327626,-130.8084199572719,15,15
Only waiters have ever succeeded.,Even waiters have ever succeeded.,semantics,npi_licensing,only_npi_licensor_present,True,False,True,False,92,1.220893171658581,1.2332769537559645,-0.012383782097383556,0,-47.91662931442261,-47.59186792373657,-56.462881516032674,-56.22480660002832,7,7
Only Gregory can ever approach every person.,Even Gregory can ever approach every person.,semantics,npi_licensing,only_npi_licensor_present,True,False,True,False,93,1.92634528688059,2.0298626680570386,-0.10351738117644871,0,-53.47017776966095,-52.403963804244995,-68.88094006470567,-68.6428651487013,8,8
Only the students ever find out who talked about some movie theater.,Even the students ever find out who talked about some movie theater.,semantics,npi_licensing,only_npi_licensor_present,True,False,True,False,94,2.6807938377871077,2.673321573524821,0.007472264262286643,1,-67.42407822608948,-67.28314274549484,-102.27439811732188,-102.03632320131751,13,13
Only Julie ever respects Elaine.,Even Julie ever respects Elaine.,semantics,npi_licensing,only_npi_licensor_present,True,False,True,False,95,1.9036124733227489,1.5713154830673635,0.3322969902553854,1,-47.83246946334839,-49.58817648887634,-59.25414430328488,-59.016069387280524,6,6
Only that lamp has ever dimmed.,Even that lamp has ever dimmed.,semantics,npi_licensing,only_npi_licensor_present,True,False,True,False,96,2.6336431845496406,2.4718326203744887,0.16181056417515194,1,-46.62589406967163,-47.68230366706848,-67.69503954606876,-67.45696463006439,8,8
Only these horses did ever waste away.,Even these horses did ever waste away.,semantics,npi_licensing,only_npi_licensor_present,True,False,True,False,97,1.7694015993888073,1.5644817970659197,0.20491980232288753,1,-50.65024209022522,-52.051525592803955,-64.80545488533568,-64.56737996933131,8,8
Only these actresses had ever prompted Veronica's brothers to shrug.,Even these actresses had ever prompted Veronica's brothers to shrug.,semantics,npi_licensing,only_npi_licensor_present,True,False,True,False,98,1.7027723547344162,1.770855421029071,-0.06808306629465477,0,-88.99643039703369,-87.94135868549347,-109.42969865384669,-109.19162373784232,12,12
Only Victoria ever obliges all waitresses' doctors to watch some drivers.,Even Victoria ever obliges all waitresses' doctors to watch some drivers.,semantics,npi_licensing,only_npi_licensor_present,True,False,True,False,99,0.9722743720462991,0.8581972002040933,0.11407717184220578,1,-117.62768113613129,-119.10076379776001,-132.21179671682577,-131.9737218008214,15,15
Only Carol ever argued about Brad.,Even Carol ever argued about Brad.,semantics,npi_licensing,only_npi_licensor_present,True,False,True,False,100,1.869635330955735,1.740721500181674,0.12891383077406093,1,-51.93722057342529,-52.601542472839355,-65.02466789011544,-64.78659297411107,7,7
Only Leslie ever threatens to shrink.,Even Leslie ever threatens to shrink.,semantics,npi_licensing,only_npi_licensor_present,True,False,True,False,101,2.1176528034861724,2.213802977882662,-0.09615017439648943,0,-49.371218621730804,-48.46009248495102,-64.19478824613401,-63.95671333012965,7,7
Only Aaron ever observed Tonya.,Even Aaron ever observed Tonya.,semantics,npi_licensing,only_npi_licensor_present,True,False,True,False,102,0.7497426530112767,0.8162964646126168,-0.06655381160134011,0,-56.82681500911713,-56.12286341190338,-62.075013580196064,-61.8369386641917,7,7
Only Rachelle ever presses Carl to distract Linda.,Even Rachelle ever presses Carl to distract Linda.,semantics,npi_licensing,only_npi_licensor_present,True,False,True,False,103,1.3082802481142608,1.245546453127139,0.06273379498712184,1,-81.96875607967377,-82.35801911354065,-95.05155856081637,-94.81348364481204,10,10
Only Brett ever flees from Gerald.,Even Brett ever flees from Gerald.,semantics,npi_licensing,only_npi_licensor_present,True,False,True,False,104,1.1138733686962183,1.0023489187369172,0.11152444995930111,1,-64.65478086471558,-65.30890154838562,-73.56576781428532,-73.32769289828096,8,8
Only Mary would ever disappear.,Even Mary would ever disappear.,semantics,npi_licensing,only_npi_licensor_present,True,False,True,False,105,2.1182850792535497,2.009332573963171,0.10895250529037881,1,-37.637237548828125,-38.05287766456604,-50.34694802434942,-50.108873108345065,6,6
Only actresses ever ascend all ladders.,Even actresses ever ascend all ladders.,semantics,npi_licensing,only_npi_licensor_present,True,False,True,False,106,1.92285040405066,1.783137025129605,0.13971337892105495,1,-60.71140944957733,-61.591041564941406,-76.09421268198261,-75.85613776597825,8,8
Only Carlos ever chuckled.,Even Carlos ever chuckled.,semantics,npi_licensing,only_npi_licensor_present,True,False,True,False,107,0.8915607075376044,1.3399237936421529,-0.44836308610454845,0,-41.91132950782776,-39.43143916130066,-46.36913304551578,-46.13105812951142,5,5
Only Amelia should ever visit Jason.,Even Amelia should ever visit Jason.,semantics,npi_licensing,only_npi_licensor_present,True,False,True,False,108,1.960463128017872,1.8002305645734356,0.16023256344443637,1,-50.51609420776367,-51.39964723587036,-64.23933610388877,-64.00126118788441,7,7
Only Walter ever encouraged most organizations to answer.,Even Walter ever encouraged most organizations to answer.,semantics,npi_licensing,only_npi_licensor_present,True,False,True,False,109,0.8742728541863458,1.1277514985442185,-0.2534786443578727,0,-71.75244283676147,-69.23306012153625,-79.62089852443859,-79.38282360843422,9,9
Only the company ever respected Irene.,Even the company ever respected Irene.,semantics,npi_licensing,only_npi_licensor_present,True,False,True,False,110,2.506384813198295,2.4512645198493637,0.055120293348931426,1,-48.495263174176216,-48.6981506049633,-68.54634167976258,-68.30826676375821,8,8
Only some candles ever dim.,Even some candles ever dim.,semantics,npi_licensing,only_npi_licensor_present,True,False,True,False,111,1.2045904380609815,1.0151333961418783,0.1894570419191033,1,-44.56280040740967,-45.46146774291992,-51.79034303577556,-51.55226811977119,6,6
Only Jessica ever astounded Ella.,Even Jessica ever astounded Ella.,semantics,npi_licensing,only_npi_licensor_present,True,False,True,False,112,2.0121048127418,1.9606163067674842,0.05148850597431576,1,-60.40774154663086,-60.58157467842102,-76.50458004856526,-76.2665051325609,8,8
Only Michael did ever shrug.,Even Michael did ever shrug.,semantics,npi_licensing,only_npi_licensor_present,True,False,True,False,113,0.43671785806203545,0.528971560047046,-0.0922537019850106,0,-49.75627160072327,-48.96467447280884,-52.37657874909548,-52.138503833091114,6,6
Only this mushroom ever grew.,Even this mushroom ever grew.,semantics,npi_licensing,only_npi_licensor_present,True,False,True,False,114,1.0259849617449592,0.8056295077571723,0.2203554539877869,1,-44.388314723968506,-45.47237253189087,-50.54422449443826,-50.3061495784339,6,6
Only Marie would ever scratch.,Even Marie would ever scratch.,semantics,npi_licensing,only_npi_licensor_present,True,False,True,False,115,1.450318903462153,1.37459682209908,0.07572208136307301,1,-42.699997901916504,-42.916255474090576,-51.40191132268942,-51.16383640668506,6,6
Only cilantro has ever gone bad.,Even cilantro has ever gone bad.,semantics,npi_licensing,only_npi_licensor_present,True,False,True,False,116,2.4994373729719115,2.423460552011367,0.0759768209605447,1,-51.60226309299469,-51.97200274467468,-71.59776207676998,-71.35968716076562,8,8
Only the Clintons ever win.,Even the Clintons ever win.,semantics,npi_licensing,only_npi_licensor_present,True,False,True,False,117,1.2245341149919955,1.0641721466138978,0.16036196837809769,1,-45.320478558540344,-46.044575452804565,-52.66768324849232,-52.42960833248795,6,6
Only some gates did ever fling open.,Even some gates did ever fling open.,semantics,npi_licensing,only_npi_licensor_present,True,False,True,False,118,1.277128445642164,1.1615195528703168,0.11560889277184727,1,-61.635021686553955,-62.437426805496216,-73.12917769733343,-72.89110278132907,9,9
Only Eric ever researched the Balkans.,Even Eric ever researched the Balkans.,semantics,npi_licensing,only_npi_licensor_present,True,False,True,False,119,2.011132420739309,1.9581428843007498,0.052989536438559304,1,-51.15548896789551,-51.28834080696106,-65.23341591307067,-64.99534099706631,7,7
Only these women ever prevent Beverly from standing up.,Even these women ever prevent Beverly from standing up.,semantics,npi_licensing,only_npi_licensor_present,True,False,True,False,120,1.0102146553435887,0.901803734902515,0.1084109204410737,1,-74.76727509498596,-75.61330938339233,-84.86942164842185,-84.63134673241748,10,10
Only the Lutherans ever entreat Vanessa's colleagues to love these plays.,Even the Lutherans ever entreat Vanessa's colleagues to love these plays.,semantics,npi_licensing,only_npi_licensor_present,True,False,True,False,121,1.3098347910888928,1.4274492260861849,-0.11761443499729207,0,-111.55825865268707,-109.55596721172333,-131.20578051902046,-130.9677056030161,15,15
Only some men ever cooperated.,Even some men ever cooperated.,semantics,npi_licensing,only_npi_licensor_present,True,False,True,False,122,2.4567263606736325,2.4779039225529007,-0.021177561879268225,0,-43.51197648048401,-43.12565863132477,-60.70906100519944,-60.47098608919507,7,7
Only Tiffany would ever complain about the Lutherans.,Even Tiffany would ever complain about the Lutherans.,semantics,npi_licensing,only_npi_licensor_present,True,False,True,False,123,1.9087357218277645,1.8318208374393947,0.0769148843883698,1,-67.83048450946808,-68.36155843734741,-86.91784172774572,-86.67976681174136,10,10
Only the museum might ever benefit.,Even the museum might ever benefit.,semantics,npi_licensing,only_npi_licensor_present,True,False,True,False,124,1.520923969992492,1.4537192877616545,0.06720468223083742,1,-45.695961117744446,-45.92831897735596,-56.34242890769189,-56.10435399168754,7,7
Only Kenneth had ever healed Carla.,Even Kenneth had ever healed Carla.,semantics,npi_licensing,only_npi_licensor_present,True,False,True,False,125,2.0504977383233296,2.2003473447032924,-0.1498496063799628,0,-57.182058572769165,-55.7451868057251,-73.5860404793558,-73.34796556335144,8,8
Only the guy ever runs around a lot of hills.,Even the guy ever runs around a lot of hills.,semantics,npi_licensing,only_npi_licensor_present,True,False,True,False,126,2.662348161243676,2.678597074000839,-0.016248912757163225,0,-52.27709013223648,-51.86027717590332,-81.56291990591691,-81.32484498991255,11,11
Only Kimberley ever managed to train.,Even Kimberley ever managed to train.,semantics,npi_licensing,only_npi_licensor_present,True,False,True,False,127,2.383210883667644,2.2885252785739034,0.09468560509374058,1,-50.93329864740372,-51.45270857214928,-69.99898571674487,-69.7609108007405,8,8
Only Craig ever worries.,Even Craig ever worries.,semantics,npi_licensing,only_npi_licensor_present,True,False,True,False,128,1.5554678436314717,1.3104379854000825,0.24502985823138923,1,-38.766791105270386,-39.753865480422974,-46.544130323427744,-46.306055407423386,5,5
Only these actors should ever boast about some pedestrians.,Even these actors should ever boast about some pedestrians.,semantics,npi_licensing,only_npi_licensor_present,True,False,True,False,129,2.0805605911803724,2.084457457680827,-0.003896866500454621,0,-68.82523465156555,-68.54819107055664,-89.63084056336928,-89.39276564736491,10,10
Only Jeffrey has ever exercised.,Even Jeffrey has ever exercised.,semantics,npi_licensing,only_npi_licensor_present,True,False,True,False,130,2.1715180003036685,2.0626632863671497,0.1088547139365188,1,-42.93594551086426,-43.350998878479004,-55.96505351268627,-55.7269785966819,6,6
Only Bill ever spoke up.,Even Bill ever spoke up.,semantics,npi_licensing,only_npi_licensor_present,True,False,True,False,131,1.8098561519956107,1.7794024075644046,0.030453744431206076,1,-37.26806044578552,-37.21270799636841,-48.12719735775919,-47.889122441754836,6,6
Only this dancer ever alarmed this museum.,Even this dancer ever alarmed this museum.,semantics,npi_licensing,only_npi_licensor_present,True,False,True,False,132,1.1032151354659554,1.0049816570242172,0.09823347844173824,1,-60.41352105140686,-60.9613139629364,-69.2392421351345,-69.00116721913014,8,8
Only Anne will ever murmur.,Even Anne will ever murmur.,semantics,npi_licensing,only_npi_licensor_present,True,False,True,False,133,2.535800161638908,2.572709569101413,-0.036909407462504706,0,-46.10114109516144,-45.604700326919556,-63.851742226633796,-63.613667310629445,7,7
Only the mouths ever shut.,Even the mouths ever shut.,semantics,npi_licensing,only_npi_licensor_present,True,False,True,False,134,1.1088368963829598,0.8797919991248063,0.22904489725815347,1,-40.92644929885864,-42.0626437664032,-47.5794706771564,-47.341395761152036,6,6
Only some adults ever cured Heidi.,Even some adults ever cured Heidi.,semantics,npi_licensing,only_npi_licensor_present,True,False,True,False,135,2.172884242884852,2.1861032052648284,-0.013218962379976329,0,-51.16597580909729,-50.835368156433105,-66.37616550929125,-66.1380905932869,7,7
Only those boys ever commanded Karla to distract some cashier.,Even those boys ever commanded Karla to distract some cashier.,semantics,npi_licensing,only_npi_licensor_present,True,False,True,False,136,2.138145130553747,2.1235952869765677,0.014549843577179367,1,-89.91034543514252,-89.86141848564148,-117.70623213234123,-117.46815721633686,13,13
Only Harvard University could ever worry.,Even Harvard University could ever worry.,semantics,npi_licensing,only_npi_licensor_present,True,False,True,False,137,1.9201001391909653,1.8628287072511327,0.05727143193983264,1,-47.13606929779053,-47.29889440536499,-60.576770272127284,-60.33869535612292,7,7
Only Peter ever escaped from Diane.,Even Peter ever escaped from Diane.,semantics,npi_licensing,only_npi_licensor_present,True,False,True,False,138,1.7808909321322435,1.6590911200709075,0.12179981206133594,1,-49.47229993343353,-50.08682370185852,-61.93853645835924,-61.70046154235487,7,7
Only some doctors ever change.,Even some doctors ever change.,semantics,npi_licensing,only_npi_licensor_present,True,False,True,False,139,2.2408480978737906,2.0787335343889346,0.16211456348485598,1,-35.73114013671875,-36.465752601623535,-49.17622872396149,-48.93815380795714,6,6
Only the drivers had ever testified.,Even the drivers had ever testified.,semantics,npi_licensing,only_npi_licensor_present,True,False,True,False,140,1.9315307326671547,1.8333855347818877,0.09814519788526699,1,-44.15640950202942,-44.605350971221924,-57.6771246306995,-57.43904971469514,7,7
Only the mushroom ever bothers Ann.,Even the mushroom ever bothers Ann.,semantics,npi_licensing,only_npi_licensor_present,True,False,True,False,141,0.8941870143821637,0.7874937611205713,0.1066932532615924,1,-55.81489682197571,-56.32367467880249,-62.074205922650854,-61.83613100664649,7,7
Only Susan has ever sounded like many lakes.,Even Susan has ever sounded like many lakes.,semantics,npi_licensing,only_npi_licensor_present,True,False,True,False,142,2.131228348181537,1.9985951900144192,0.13263315816711785,1,-58.67805767059326,-59.63368117809296,-77.8591128042271,-77.62103788822273,9,9
Only some museum has ever retaliated.,Even some museum has ever retaliated.,semantics,npi_licensing,only_npi_licensor_present,True,False,True,False,143,2.437164601730654,2.415661441656397,0.02150316007425701,1,-52.44579315185547,-52.37974351644516,-71.9431099657007,-71.70503504969633,8,8
Only scarves can ever wrinkle.,Even scarves can ever wrinkle.,semantics,npi_licensing,only_npi_licensor_present,True,False,True,False,144,2.432118772388936,2.411712181316357,0.020406591072578806,1,-54.29741454124451,-54.2225923538208,-73.754364720356,-73.51628980435166,8,8
Only some unicycles ever rust.,Even some unicycles ever rust.,semantics,npi_licensing,only_npi_licensor_present,True,False,True,False,145,2.030555942111576,2.0521725031519544,-0.021616561040378457,0,-58.33135914802551,-57.92035174369812,-74.57580668491812,-74.33773176891376,8,8
Only guests have ever ascended mountains.,Even guests have ever ascended mountains.,semantics,npi_licensing,only_npi_licensor_present,True,False,True,False,146,1.620096254831233,1.2584524100735826,0.36164384475765043,1,-51.18325316905975,-53.47668516635895,-62.523926952878384,-62.285852036874026,7,7
Only that plane ever slipped.,Even that plane ever slipped.,semantics,npi_licensing,only_npi_licensor_present,True,False,True,False,147,1.4274895977215454,1.0422534309067106,0.38523616681483475,1,-39.621527671813965,-41.69486975669861,-48.18646525814324,-47.94839034213887,6,6
Only Derek ever dies.,Even Derek ever dies.,semantics,npi_licensing,only_npi_licensor_present,True,False,True,False,148,2.5005564185598486,2.3430047211866154,0.15755169737323316,1,-33.253559827804565,-33.80324339866638,-45.75634192060381,-45.51826700459946,5,5
Only universities ever approved.,Even universities ever approved.,semantics,npi_licensing,only_npi_licensor_present,True,False,True,False,149,1.2831913202115544,1.0698455268452762,0.21334579336627812,1,-39.694260597229004,-40.52291464805603,-46.110217198286776,-45.87214228228241,5,5
Only Deanna would ever manage to buy many scarves.,Even Deanna would ever manage to buy many scarves.,semantics,npi_licensing,only_npi_licensor_present,True,False,True,False,150,2.208014187081448,2.1415731563308404,0.06644103075060759,1,-77.16502714157104,-77.72424459457397,-103.66119738654842,-103.42312247054406,12,12
Only ladies ever grinned.,Even ladies ever grinned.,semantics,npi_licensing,only_npi_licensor_present,True,False,True,False,151,1.4436975820952056,1.407859475343919,0.035838106751286514,1,-37.10991680622101,-37.05103242397308,-44.32840471669704,-44.09032980069268,5,5
Only those teenagers ever explore that museum.,Even those teenagers ever explore that museum.,semantics,npi_licensing,only_npi_licensor_present,True,False,True,False,152,2.037255502396679,1.929561366119934,0.10769413627674496,1,-55.32968616485596,-55.95316433906555,-71.62773018402939,-71.38965526802502,8,8
Only a boy ever revealed the Borgias.,Even a boy ever revealed the Borgias.,semantics,npi_licensing,only_npi_licensor_present,True,False,True,False,153,1.8430288611263468,1.6809502799389722,0.16207858118737462,1,-58.04208946228027,-59.26272177696228,-74.6293492124174,-74.39127429641303,9,9
Only the Impressionists have ever wondered who references Edward.,Even the Impressionists have ever wondered who references Edward.,semantics,npi_licensing,only_npi_licensor_present,True,False,True,False,154,2.4006216808999383,2.5047341357018027,-0.10411245480186437,0,-81.395742893219,-79.90831851959229,-110.20320306401825,-109.96512814801392,12,12
Only Steven ever hides away.,Even Steven ever hides away.,semantics,npi_licensing,only_npi_licensor_present,True,False,True,False,155,1.248631733108662,0.9451828346145467,0.3034488984941154,1,-45.778140902519226,-47.36075937747955,-53.2699313011712,-53.03185638516683,6,6
Only some icicle ever confuses Patricia.,Even some icicle ever confuses Patricia.,semantics,npi_licensing,only_npi_licensor_present,True,False,True,False,156,2.2528643439019365,2.204422388852189,0.04844195504974724,1,-69.3036994934082,-69.50160217285156,-89.57947858852563,-89.34140367252127,9,9
Only the Lutherans ever push Tina to describe all teachers.,Even the Lutherans ever push Tina to describe all teachers.,semantics,npi_licensing,only_npi_licensor_present,True,False,True,False,157,0.7935802915013568,0.9109479450998089,-0.11736765359845214,0,-94.87545680999756,-93.22897005081177,-104.39842030801384,-104.16034539200948,12,12
Only those adults ever run around most closets.,Even those adults ever run around most closets.,semantics,npi_licensing,only_npi_licensor_present,True,False,True,False,158,2.8406595469083697,2.827849577185222,0.012809969723147852,1,-61.77614486217499,-61.6661696434021,-90.18274033125869,-89.94466541525432,10,10
Only Kathleen has ever attempted to hire Janice.,Even Kathleen has ever attempted to hire Janice.,semantics,npi_licensing,only_npi_licensor_present,True,False,True,False,159,2.9471934595085942,2.9330000808813708,0.014193378627223474,1,-61.46324834227562,-61.36710721254349,-90.93518293736156,-90.6971080213572,10,10
Only Eric would ever respect Sherry.,Even Eric would ever respect Sherry.,semantics,npi_licensing,only_npi_licensor_present,True,False,True,False,160,2.1546880488196614,2.111388118351556,0.04329993046810543,1,-55.36577129364014,-55.474095821380615,-72.60327568419743,-72.36520076819306,8,8
Only Sonia ever painted.,Even Sonia ever painted.,semantics,npi_licensing,only_npi_licensor_present,True,False,True,False,161,1.5676230682978953,1.2036767462145774,0.3639463220833179,1,-38.24213528633118,-39.82379198074341,-46.080250627820654,-45.842175711816296,5,5
Only Irene should ever boycott those art galleries.,Even Irene should ever boycott those art galleries.,semantics,npi_licensing,only_npi_licensor_present,True,False,True,False,162,2.6178752912932652,2.6261565756256173,-0.00828128433235209,0,-70.41076424717903,-70.08987648785114,-96.58951716011168,-96.35144224410732,10,10
Only that light ever brightens.,Even that light ever brightens.,semantics,npi_licensing,only_npi_licensor_present,True,False,True,False,163,1.262720277448201,1.040016937309603,0.22270334013859783,1,-46.83790326118469,-48.15875172615051,-55.6769452033221,-55.438870287317734,7,7
Only Douglas has ever loved Brad.,Even Douglas has ever loved Brad.,semantics,npi_licensing,only_npi_licensor_present,True,False,True,False,164,1.8055799680761606,1.8038486209751952,0.0017313471009654524,1,-50.227705001831055,-50.00174951553345,-62.86676477836418,-62.62868986235981,7,7
Only Gregory could ever appreciate that art gallery.,Even Gregory could ever appreciate that art gallery.,semantics,npi_licensing,only_npi_licensor_present,True,False,True,False,165,1.7360398267326376,1.8461694593514153,-0.11012963261877773,0,-64.58595049381256,-63.3567088842392,-80.2103089344063,-79.97223401840193,9,9
Only Russell ever spun around.,Even Russell ever spun around.,semantics,npi_licensing,only_npi_licensor_present,True,False,True,False,166,1.3788132637812183,1.229727878279963,0.14908538550125527,1,-46.77470517158508,-47.43114256858826,-55.04758475427239,-54.809509838268035,6,6
Only some committees ever surrender.,Even some committees ever surrender.,semantics,npi_licensing,only_npi_licensor_present,True,False,True,False,167,1.0394493167792451,1.096391796687841,-0.0569424799085958,0,-47.66852355003357,-47.08879375457764,-53.90521945070904,-53.66714453470468,6,6
Only Carmen can ever listen to Eric.,Even Carmen can ever listen to Eric.,semantics,npi_licensing,only_npi_licensor_present,True,False,True,False,168,2.336666288053765,2.3592523409931587,-0.022586052939393753,0,-47.66601401567459,-47.24725067615509,-66.35934432010471,-66.12126940410036,8,8
Only Becky ever doubts some women can question those organizations.,Even Becky ever doubts some women can question those organizations.,semantics,npi_licensing,only_npi_licensor_present,True,False,True,False,169,1.179527132320831,1.1530667757711177,0.026460356549713238,1,-84.42992281913757,-84.48291182518005,-97.40472127466671,-97.16664635866235,11,11
Only those hospitals ever long to conceal Patrick.,Even those hospitals ever long to conceal Patrick.,semantics,npi_licensing,only_npi_licensor_present,True,False,True,False,170,1.2006077743674457,1.1581000577515366,0.04250771661590913,1,-67.419429063797,-67.56392359733582,-78.22489903310401,-77.98682411709964,9,9
Only a lamp ever brightened.,Even a lamp ever brightened.,semantics,npi_licensing,only_npi_licensor_present,True,False,True,False,171,2.0414589453811547,1.7985644807351986,0.2428944646459561,1,-43.36067318916321,-44.82285952568054,-57.65088580683129,-57.41281089082693,7,7
Only a coat ever wrinkled.,Even a coat ever wrinkled.,semantics,npi_licensing,only_npi_licensor_present,True,False,True,False,172,2.56743315622769,2.303297060755056,0.2641360954726344,1,-40.64906358718872,-42.2599413394928,-58.62109568078255,-58.38302076477819,7,7
Only icicles have ever condensed.,Even icicles have ever condensed.,semantics,npi_licensing,only_npi_licensor_present,True,False,True,False,173,2.5970202355261813,2.6318902615527446,-0.034870026026563306,0,-49.190226316452026,-48.70806121826172,-67.3693679651353,-67.13129304913093,7,7
Only Ronald has ever thought people learn.,Even Ronald has ever thought people learn.,semantics,npi_licensing,only_npi_licensor_present,True,False,True,False,174,0.7176228387258341,0.8540648272984086,-0.1364419885725745,0,-60.537846088409424,-59.20823526382446,-66.2788287982161,-66.04075388221173,8,8
Only girls ever astounds the Clintons.,Even girls ever astounds the Clintons.,semantics,npi_licensing,only_npi_licensor_present,True,False,True,False,175,0.5598080081586829,0.3553172847723758,0.20449072338630714,1,-70.25995457172394,-71.65780544281006,-74.7384186369934,-74.50034372098906,8,8
Only those art galleries ever hurt all waitresses.,Even those art galleries ever hurt all waitresses.,semantics,npi_licensing,only_npi_licensor_present,True,False,True,False,176,1.213378576972667,1.210453489222786,0.0029250877498809835,1,-77.77245831489563,-77.56363427639008,-89.9062440846223,-89.66816916861794,10,10
Only Wayne might ever sell a lot of hospitals.,Even Wayne might ever sell a lot of hospitals.,semantics,npi_licensing,only_npi_licensor_present,True,False,True,False,177,2.297020624697987,2.427092216790581,-0.1300715920925941,0,-58.87055188417435,-57.33176104724407,-81.84075813115422,-81.60268321514988,10,10
Only those spotlights ever fall.,Even those spotlights ever fall.,semantics,npi_licensing,only_npi_licensor_present,True,False,True,False,178,1.954995679503069,1.834983751336517,0.12001192816655193,1,-48.02053117752075,-48.62253975868225,-61.705500934042234,-61.46742601803787,7,7
Only Randolf ever watched Derek.,Even Randolf ever watched Derek.,semantics,npi_licensing,only_npi_licensor_present,True,False,True,False,179,1.502682694150719,1.491130000221838,0.01155269392888103,1,-59.34930109977722,-59.192095041275024,-69.86807995883225,-69.63000504282789,7,7
Only Sandra had ever realized who worked with Monica.,Even Sandra had ever realized who worked with Monica.,semantics,npi_licensing,only_npi_licensor_present,True,False,True,False,180,2.5603106952204655,2.544130821932865,0.01617987328760062,1,-61.36480784416199,-61.28853166103363,-86.96791479636664,-86.72983988036228,10,10
Only Melanie ever kisses Sherry.,Even Melanie ever kisses Sherry.,semantics,npi_licensing,only_npi_licensor_present,True,False,True,False,181,2.494415907549751,2.378538089425226,0.1158778181245248,1,-51.18327486515045,-51.75634467601776,-68.64418621799871,-68.40611130199434,7,7
Only the student ever conceals Caroline.,Even the student ever conceals Caroline.,semantics,npi_licensing,only_npi_licensor_present,True,False,True,False,182,1.2109627527309357,1.2131048968001075,-0.002142144069171792,0,-60.900957107543945,-60.645745038986206,-70.58865912939143,-70.35058421338707,8,8
Only Margaret ever wins.,Even Margaret ever wins.,semantics,npi_licensing,only_npi_licensor_present,True,False,True,False,183,1.6313675946999822,1.214856985430994,0.4165106092689881,1,-36.73255968093872,-38.5770378112793,-44.88939765443863,-44.65132273843427,5,5
Only Jill has ever wondered who swallows.,Even Jill has ever wondered who swallows.,semantics,npi_licensing,only_npi_licensor_present,True,False,True,False,184,2.6128728815555684,2.585249001050092,0.02762388050547626,1,-59.10878109931946,-59.11932110786438,-82.62463703331957,-82.38656211731521,9,9
Only Scott had ever asked Colleen to aggravate Brian.,Even Scott had ever asked Colleen to aggravate Brian.,semantics,npi_licensing,only_npi_licensor_present,True,False,True,False,185,2.0503810240480482,2.1432722786221725,-0.09289125457412428,0,-85.08587682247162,-83.73310685157776,-109.6904491110482,-109.45237419504383,12,12
Only Donald can ever litter.,Even Donald can ever litter.,semantics,npi_licensing,only_npi_licensor_present,True,False,True,False,186,0.6957816896141745,0.7137041477662791,-0.01792245815210458,0,-47.76172161102295,-47.41611194610596,-51.936411748708,-51.69833683270363,6,6
Only Grace might ever exit these malls.,Even Grace might ever exit these malls.,semantics,npi_licensing,only_npi_licensor_present,True,False,True,False,187,1.624798786238589,1.4156436715730578,0.20915511466553127,1,-63.302857875823975,-64.73802387714386,-76.30124816573269,-76.06317324972832,8,8
Only those pedestrians ever say Suzanne is doubting Keith was cleaning every face.,Even those pedestrians ever say Suzanne is doubting Keith was cleaning every face.,semantics,npi_licensing,only_npi_licensor_present,True,False,True,False,188,1.6032300718396166,1.5304198579162138,0.07281021392340281,1,-113.97155225276947,-114.82563054561615,-138.02000333036372,-137.78192841435936,15,15
Only Andrea has ever distracted Maria.,Even Andrea has ever distracted Maria.,semantics,npi_licensing,only_npi_licensor_present,True,False,True,False,189,2.0551091948396447,2.1751479571877974,-0.1200387623481527,0,-51.6831841468811,-50.6048378944397,-66.06894851075862,-65.83087359475428,7,7
Only these boys ever implore Angela to complain about Tanya.,Even these boys ever implore Angela to complain about Tanya.,semantics,npi_licensing,only_npi_licensor_present,True,False,True,False,190,2.7032040187890667,2.609911854490922,0.0932921642981448,1,-81.99016404151917,-82.96488726139069,-117.13181628577703,-116.89374136977267,13,13
Only the book ever wastes away.,Even the book ever wastes away.,semantics,npi_licensing,only_npi_licensor_present,True,False,True,False,191,1.1979447957374052,1.2115912426297097,-0.013646446892304542,0,-46.85192012786865,-46.518320083618164,-55.23753369803049,-54.99945878202613,7,7
Only some rivers ever evaporated.,Even some rivers ever evaporated.,semantics,npi_licensing,only_npi_licensor_present,True,False,True,False,192,2.3925754135478527,2.271242237735514,0.12133317581233882,1,-46.7294203042984,-47.34067761898041,-63.47744819913337,-63.239373283129005,7,7
Only Stacy ever cleaned hamsters.,Even Stacy ever cleaned hamsters.,semantics,npi_licensing,only_npi_licensor_present,True,False,True,False,193,2.2168743789202745,1.9560756667179038,0.2607987122023707,1,-54.67486894130707,-56.2623850107193,-70.19298959374899,-69.95491467774463,7,7
Only the Borgias ever disagree.,Even the Borgias ever disagree.,semantics,npi_licensing,only_npi_licensor_present,True,False,True,False,194,1.4036866997313007,1.4533067466024596,-0.04962004687115895,0,-52.60528886318207,-52.01987361907959,-62.43109576130117,-62.19302084529681,7,7
Only the Impressionists ever obligate Diane to astound Randolf.,Even the Impressionists ever obligate Diane to astound Randolf.,semantics,npi_licensing,only_npi_licensor_present,True,False,True,False,195,1.9342898070731507,1.9508980520883463,-0.016608245015195644,0,-121.89660251140594,-121.40940392017365,-150.9109496175032,-150.67287470149884,15,15
Only the chairs ever bother Jill.,Even the chairs ever bother Jill.,semantics,npi_licensing,only_npi_licensor_present,True,False,True,False,196,0.6909273080761409,0.460744777111128,0.2301825309650129,1,-54.53801918029785,-55.911221981048584,-59.37451033683084,-59.13643542082648,7,7
Only Brian has ever ordered Mary to practice.,Even Brian has ever ordered Mary to practice.,semantics,npi_licensing,only_npi_licensor_present,True,False,True,False,197,1.6567667104239692,1.5099051818022753,0.14686152862169388,1,-60.460742831230164,-61.544421672821045,-75.37164322504589,-75.13356830904152,9,9
Only the Borgias ever retaliated.,Even the Borgias ever retaliated.,semantics,npi_licensing,only_npi_licensor_present,True,False,True,False,198,2.340127645505138,2.404012870190307,-0.0638852246851691,0,-56.64158868789673,-55.89243197441101,-75.36260985193783,-75.12453493593347,8,8
Only Peter has ever investigated Melanie.,Even Peter has ever investigated Melanie.,semantics,npi_licensing,only_npi_licensor_present,True,False,True,False,199,2.2084088735650647,2.178193846147719,0.03021502741734583,1,-49.58886444568634,-49.562294721603394,-65.04772656064179,-64.80965164463743,7,7
Only a pedestrian had ever looked to rust.,Even a pedestrian had ever looked to rust.,semantics,npi_licensing,only_npi_licensor_present,True,False,True,False,200,1.2624532757893026,1.1091078611906053,0.15334541459869722,1,-59.089343309402466,-60.23137712478638,-70.45142279150619,-70.21334787550182,9,9
Only Jessica has ever worried Melanie.,Even Jessica has ever worried Melanie.,semantics,npi_licensing,only_npi_licensor_present,True,False,True,False,201,1.6815398871635725,1.588501547123071,0.09303834004050149,1,-53.21595740318298,-53.62915086746216,-64.98673661332799,-64.74866169732366,7,7
Only the unicycle has ever rusted.,Even the unicycle has ever rusted.,semantics,npi_licensing,only_npi_licensor_present,True,False,True,False,202,2.4640875092453505,2.549837861985724,-0.08575035274037335,0,-54.31634545326233,-53.306517362594604,-76.49313303647048,-76.25505812046612,9,9
Only Wendy ever went fishing.,Even Wendy ever went fishing.,semantics,npi_licensing,only_npi_licensor_present,True,False,True,False,203,1.906836544999172,1.5714988635269986,0.33533768147217335,1,-40.922616481781006,-42.69656765460968,-52.36363575177604,-52.12556083577167,6,6
Only women ever disagree with that person.,Even women ever disagree with that person.,semantics,npi_licensing,only_npi_licensor_present,True,False,True,False,204,2.2141823572283386,1.8961546650147811,0.3180276922135574,1,-44.974008083343506,-47.28015470504761,-62.687466941170214,-62.44939202516586,8,8
Only a woman ever regretted Tonya could imagine David is arriving at a hospital.,Even a woman ever regretted Tonya could imagine David is arriving at a hospital.,semantics,npi_licensing,only_npi_licensor_present,True,False,True,False,205,2.026081422972302,2.0173474489849497,0.008733973987352428,1,-98.76926636695862,-98.67093503475189,-131.18656913451545,-130.9484942185111,16,16
Only Bill had ever washed.,Even Bill had ever washed.,semantics,npi_licensing,only_npi_licensor_present,True,False,True,False,206,1.460851319099574,1.3646031464787722,0.09624817262080176,1,-40.41551685333252,-40.75493097305298,-49.18062476792996,-48.94254985192561,6,6
Only a waiter ever wears some shoes.,Even a waiter ever wears some shoes.,semantics,npi_licensing,only_npi_licensor_present,True,False,True,False,207,2.4894486804471114,2.2829189715700053,0.2065297088771061,1,-47.422699332237244,-48.836862087249756,-67.33828877581414,-67.1002138598098,8,8
Only this company has ever clashed.,Even this company has ever clashed.,semantics,npi_licensing,only_npi_licensor_present,True,False,True,False,208,1.9992719394601894,1.8386039555707197,0.1606679838894698,1,-44.72457981109619,-45.611180782318115,-58.71948338731752,-58.48140847131315,7,7
Only the dancers ever speak up.,Even the dancers ever speak up.,semantics,npi_licensing,only_npi_licensor_present,True,False,True,False,209,1.8340539760163992,1.7408844887274892,0.09316948728890995,1,-41.062020778656006,-41.47613227367401,-53.9003986107708,-53.662323694766435,7,7
Only Rhonda could ever entreat Deborah to worry Andrew.,Even Rhonda could ever entreat Deborah to worry Andrew.,semantics,npi_licensing,only_npi_licensor_present,True,False,True,False,210,1.9640929618252443,2.0544761224859727,-0.09038316066072838,0,-90.69105887413025,-89.36838603019714,-114.26017441603318,-114.02209950002882,12,12
Only Alicia ever urged Leslie to litter.,Even Alicia ever urged Leslie to litter.,semantics,npi_licensing,only_npi_licensor_present,True,False,True,False,211,1.2796716963970738,1.3444358064706172,-0.06476411007354343,0,-65.54141139984131,-64.7852236032486,-75.7787849710179,-75.54071005501353,8,8
Only some coats had ever loosened.,Even some coats had ever loosened.,semantics,npi_licensing,only_npi_licensor_present,True,False,True,False,212,2.5315462978216132,2.380946951958844,0.15059934586276924,1,-49.88602057099342,-50.85274042189121,-70.13839095356633,-69.90031603756196,8,8
Only Peter ever comes here.,Even Peter ever comes here.,semantics,npi_licensing,only_npi_licensor_present,True,False,True,False,213,1.9728874054324923,1.8351063984407574,0.1377810069917349,1,-35.27861428260803,-35.86722540855408,-47.11593871520299,-46.87786379919862,6,6
Only Barbara had ever practiced.,Even Barbara had ever practiced.,semantics,npi_licensing,only_npi_licensor_present,True,False,True,False,214,1.993335939984527,1.8228159294934432,0.17052001049108378,1,-40.320926904678345,-41.10597205162048,-52.28094254458551,-52.04286762858114,6,6
Only the students ever appreciate Dawn.,Even the students ever appreciate Dawn.,semantics,npi_licensing,only_npi_licensor_present,True,False,True,False,215,1.1982500586010474,1.0951936082852731,0.10305645031577426,1,-51.96661949157715,-52.4499397277832,-60.35436990178448,-60.116294985780115,7,7
Only Carol could ever scan those commentaries.,Even Carol could ever scan those commentaries.,semantics,npi_licensing,only_npi_licensor_present,True,False,True,False,216,1.465084132628631,1.407783814745225,0.05730031788340595,1,-71.49578285217285,-71.77341079711914,-84.68154004583053,-84.44346512982617,9,9
Only Valerie ever loved Guy.,Even Valerie ever loved Guy.,semantics,npi_licensing,only_npi_licensor_present,True,False,True,False,217,1.953053275562829,2.015235997157929,-0.062182721595099855,0,-45.4516384601593,-44.84046721458435,-57.169958113536275,-56.931883197531924,6,6
Only Elaine ever prompted Erin to yell.,Even Elaine ever prompted Erin to yell.,semantics,npi_licensing,only_npi_licensor_present,True,False,True,False,218,1.5714873857582035,1.554428146832727,0.01705923892547645,1,-64.0275948047638,-63.92599380016327,-76.59949389082942,-76.36141897482509,8,8
Only the Impressionists ever predict Lori to shock this association.,Even the Impressionists ever predict Lori to shock this association.,semantics,npi_licensing,only_npi_licensor_present,True,False,True,False,219,2.2964003923748373,2.37484564221666,-0.07844524984182266,0,-93.23376226425171,-91.97589910030365,-123.0869673651246,-122.84889244912023,13,13
Only the Borgias ever paint.,Even the Borgias ever paint.,semantics,npi_licensing,only_npi_licensor_present,True,False,True,False,220,1.266465126843267,1.1667257431288374,0.09973938371442959,1,-52.03795671463013,-52.49805748462677,-60.903212602532996,-60.66513768652863,7,7
Only Adam has ever looked like a lot of pictures.,Even Adam has ever looked like a lot of pictures.,semantics,npi_licensing,only_npi_licensor_present,True,False,True,False,221,2.62562023143889,2.6324960320377113,-0.006875800598821424,0,-52.95017570257187,-52.63646697998047,-81.83199824839966,-81.59392333239529,11,11
Only some bikes could ever slip.,Even some bikes could ever slip.,semantics,npi_licensing,only_npi_licensor_present,True,False,True,False,222,1.466230349026502,1.2951295087135202,0.1711008403129819,1,-49.53204917907715,-50.49168014526367,-59.795661622262664,-59.55758670625831,7,7
Only the Impressionists ever exist.,Even the Impressionists ever exist.,semantics,npi_licensing,only_npi_licensor_present,True,False,True,False,223,3.7017486302449676,3.7726822382852774,-0.07093360804030979,0,-44.1847163438797,-43.379172563552856,-73.79870538583944,-73.56063046983508,8,8
Only Sonia can ever suffer.,Even Sonia can ever suffer.,semantics,npi_licensing,only_npi_licensor_present,True,False,True,False,224,1.9633519426952912,1.8872027344477604,0.0761492082475308,1,-40.5028760433197,-40.72169637680054,-52.28298769949145,-52.0449127834871,6,6
Only some legislatures ever find out who has continued to hide.,Even some legislatures ever find out who has continued to hide.,semantics,npi_licensing,only_npi_licensor_present,True,False,True,False,225,2.172937165197785,2.20478178962779,-0.03184462443000502,0,-70.72149467468262,-70.10128426551819,-96.79674065705603,-96.55866574105167,12,12
Only tomatoes ever grow.,Even tomatoes ever grow.,semantics,npi_licensing,only_npi_licensor_present,True,False,True,False,226,1.3638531341152131,1.0763770917254973,0.2874760423897158,1,-37.14325213432312,-38.342557430267334,-43.962517804899186,-43.72444288889482,5,5
Only some waitresses have ever climbed down those slopes.,Even some waitresses have ever climbed down those slopes.,semantics,npi_licensing,only_npi_licensor_present,True,False,True,False,227,1.270036565530205,1.3466791530944833,-0.07664258756427822,0,-80.53023993968964,-79.44909656047821,-94.50064216052189,-94.26256724451753,11,11
Only those people ever remember who was departing.,Even those people ever remember who was departing.,semantics,npi_licensing,only_npi_licensor_present,True,False,True,False,228,2.157425740905969,2.0502184142156983,0.10720732669027067,1,-52.22387373447418,-52.95066475868225,-71.6407054026279,-71.40263048662354,9,9
Only that actress will ever worry Teresa.,Even that actress will ever worry Teresa.,semantics,npi_licensing,only_npi_licensor_present,True,False,True,False,229,1.2351694249125558,1.1377472401920166,0.0974221847205392,1,-57.47729456424713,-58.01859712600708,-67.35864996354758,-67.12057504754321,8,8
Only Curtis does ever have some turtle.,Even Curtis does ever have some turtle.,semantics,npi_licensing,only_npi_licensor_present,True,False,True,False,230,0.9185753244857651,0.9235793259691825,-0.005004001483417397,0,-59.308358669281006,-59.0302517414093,-66.65696126516713,-66.41888634916276,8,8
Only Andrew ever scanned many stories.,Even Andrew ever scanned many stories.,semantics,npi_licensing,only_npi_licensor_present,True,False,True,False,231,1.6900200683635742,1.6118426819265406,0.07817738643703365,1,-52.71265757083893,-53.0218243598938,-64.54279804938395,-64.30472313337958,7,7
Only Florence did ever say the reports aren't scaring all teachers.,Even Florence did ever say the reports aren't scaring all teachers.,semantics,npi_licensing,only_npi_licensor_present,True,False,True,False,232,1.7790729844337108,1.7222606924316242,0.056812292002086595,1,-90.22845920175314,-90.78575637377799,-115.13548098382509,-114.89740606782073,14,14
Only the Clintons might ever walk through some school.,Even the Clintons might ever walk through some school.,semantics,npi_licensing,only_npi_licensor_present,True,False,True,False,233,1.7356270788839026,1.7416550021699408,-0.006027923286038295,0,-65.74321901798248,-65.44486486911774,-83.09948980682151,-82.86141489081714,10,10
Only Adam had ever listened to Elaine.,Even Adam had ever listened to Elaine.,semantics,npi_licensing,only_npi_licensor_present,True,False,True,False,234,1.9333054577537325,1.9614713995137727,-0.02816594176004017,0,-51.60942858457565,-51.14602613449097,-67.07587224660551,-66.83779733060115,8,8
Only Nancy had ever noticed Patrick.,Even Nancy had ever noticed Patrick.,semantics,npi_licensing,only_npi_licensor_present,True,False,True,False,235,1.9169494890882948,1.8367025782949662,0.08024691079332857,1,-47.882314920425415,-48.205968379974365,-61.30096134404348,-61.06288642803913,7,7
Only Nina ever falls asleep.,Even Nina ever falls asleep.,semantics,npi_licensing,only_npi_licensor_present,True,False,True,False,236,2.611631872204106,2.3541957229845636,0.2574361492195423,1,-38.52752876281738,-39.83407074213028,-54.19731999604202,-53.95924508003766,6,6
Only some mirrors ever chip.,Even some mirrors ever chip.,semantics,npi_licensing,only_npi_licensor_present,True,False,True,False,237,1.4640868978973032,1.3217243997531238,0.14236249814417934,1,-44.64250874519348,-45.2586088180542,-53.4270301325773,-53.18895521657294,6,6
Only Ann would ever push some mother of Sarah to talk about these documentaries.,Even Ann would ever push some mother of Sarah to talk about these documentaries.,semantics,npi_licensing,only_npi_licensor_present,True,False,True,False,238,1.4285775965908556,1.4359162186443712,-0.007338622053515653,0,-98.88417011499405,-98.53601586818695,-120.31283406385688,-120.07475914785252,15,15
Only those doctors ever ascend all ladders.,Even those doctors ever ascend all ladders.,semantics,npi_licensing,only_npi_licensor_present,True,False,True,False,239,2.5838537513747166,2.473831946340059,0.11002180503465775,1,-58.265578269958496,-59.01769959926605,-81.52026203233095,-81.28218711632658,9,9
Only Eric ever requires most synopses to bore Larry.,Even Eric ever requires most synopses to bore Larry.,semantics,npi_licensing,only_npi_licensor_present,True,False,True,False,240,0.9562043936577874,0.8218640165555561,0.13434037710223135,1,-100.36242628097534,-101.73643589019775,-111.83687900486879,-111.59880408886443,12,12
Only these cashiers ever research Monet.,Even these cashiers ever research Monet.,semantics,npi_licensing,only_npi_licensor_present,True,False,True,False,241,0.8895649582380416,0.7780445202425343,0.11152043799550726,1,-74.76017308235168,-75.52578210830688,-82.76625770649406,-82.5281827904897,9,9
Only some adults ever cook.,Even some adults ever cook.,semantics,npi_licensing,only_npi_licensor_present,True,False,True,False,242,2.040415502238106,1.9251164731859791,0.11529902905212697,1,-38.3392299413681,-38.792949199676514,-50.58172295479674,-50.34364803879239,6,6
Only those actresses ever descend every hill.,Even those actresses ever descend every hill.,semantics,npi_licensing,only_npi_licensor_present,True,False,True,False,243,1.4336568111583965,1.3331029387967135,0.100553872361683,1,-63.3346141576767,-63.900970220565796,-74.80386864694387,-74.5657937309395,8,8
Only Melissa should ever know who prompted the actresses to play.,Even Melissa should ever know who prompted the actresses to play.,semantics,npi_licensing,only_npi_licensor_present,True,False,True,False,244,1.902864047249788,1.9106641182409707,-0.007800070991182739,0,-74.92563354969025,-74.59395778179169,-97.7600021166877,-97.52192720068334,12,12
Only Melissa can ever forget Derek.,Even Melissa can ever forget Derek.,semantics,npi_licensing,only_npi_licensor_present,True,False,True,False,245,1.8226163195989276,1.6078938710967705,0.21472244850215705,1,-49.10128211975098,-50.36626434326172,-61.85959635694347,-61.62152144093911,7,7
Only the boys ever escape.,Even the boys ever escape.,semantics,npi_licensing,only_npi_licensor_present,True,False,True,False,246,2.1168059430556467,1.7321550739842924,0.3846508690713544,1,-31.943530321121216,-34.01336061954498,-44.644365979455095,-44.40629106345074,6,6
Only Todd ever donated.,Even Todd ever donated.,semantics,npi_licensing,only_npi_licensor_present,True,False,True,False,247,1.0753325993254137,0.9059506197408751,0.1693819795845386,1,-41.59343695640564,-42.202271938323975,-46.97009995303271,-46.73202503702835,5,5
Only Jodi ever works hard.,Even Jodi ever works hard.,semantics,npi_licensing,only_npi_licensor_present,True,False,True,False,248,2.345116273604536,2.371964076430982,-0.026847802826446276,0,-45.968799471855164,-45.542789936065674,-62.384613387086915,-62.14653847108255,7,7
Only Amelia had ever scratched.,Even Amelia had ever scratched.,semantics,npi_licensing,only_npi_licensor_present,True,False,True,False,249,1.6556429938886883,1.5271226016099888,0.1285203922786995,1,-43.669273853302,-44.20232129096985,-53.60313181663413,-53.36505690062978,6,6
Only Dawn could ever salute.,Even Dawn could ever salute.,semantics,npi_licensing,only_npi_licensor_present,True,False,True,False,250,1.3340455658807346,1.0818964380597353,0.2521491278209993,1,-46.57334661483765,-47.84816646575928,-54.577620010122054,-54.33954509411769,6,6
Only Sara had ever vanished.,Even Sara had ever vanished.,semantics,npi_licensing,only_npi_licensor_present,True,False,True,False,251,2.3134266912707573,2.2515148670246377,0.06191182424611963,1,-37.723692297935486,-37.85708832740784,-51.60425244556003,-51.366177529555664,6,6
Only that adult could ever prod some thesis to resemble that drawing.,Even that adult could ever prod some thesis to resemble that drawing.,semantics,npi_licensing,only_npi_licensor_present,True,False,True,False,252,0.7774253851173814,0.6932344190890092,0.08419096602837217,1,-101.01878046989441,-101.87518811225891,-111.12531047642037,-110.88723556041603,13,13
Only Brad ever boasted.,Even Brad ever boasted.,semantics,npi_licensing,only_npi_licensor_present,True,False,True,False,253,1.4018984950649198,1.191794479118687,0.21010401594623285,1,-40.43245983123779,-41.2449049949646,-47.44195230656239,-47.203877390558034,5,5
Only those plates ever drop.,Even those plates ever drop.,semantics,npi_licensing,only_npi_licensor_present,True,False,True,False,254,1.512960006100234,1.477634217741515,0.035325788358719024,1,-41.88551044464111,-41.85939025878906,-50.96327048124252,-50.72519556523815,6,6
Only Stacy would ever break most vases.,Even Stacy would ever break most vases.,semantics,npi_licensing,only_npi_licensor_present,True,False,True,False,255,2.0431853203682113,1.9495816677188411,0.0936036526493702,1,-62.88687801361084,-63.491235971450806,-81.27554589692474,-81.03747098092038,9,9
Only customers ever find the lights to darken.,Even customers ever find the lights to darken.,semantics,npi_licensing,only_npi_licensor_present,True,False,True,False,256,1.2607180013519552,0.9745348450405231,0.2861831563114321,1,-65.37069046497345,-67.99444711208344,-77.977870478493,-77.73979556248867,10,10
Only Heather could ever persuade Naomi to fix the plane.,Even Heather could ever persuade Naomi to fix the plane.,semantics,npi_licensing,only_npi_licensor_present,True,False,True,False,257,2.609122830750111,2.5958404705323956,0.01328236021771545,1,-67.46120661497116,-67.3692376613617,-96.16155775322238,-95.92348283721805,11,11
Only the bread had ever worried Rebecca.,Even the bread had ever worried Rebecca.,semantics,npi_licensing,only_npi_licensor_present,True,False,True,False,258,0.9080793598958028,0.7890191543021938,0.11906020559360897,1,-56.97950983047485,-57.69391655921936,-64.24414470964128,-64.00606979363691,8,8
Only the dancers ever scratch.,Even the dancers ever scratch.,semantics,npi_licensing,only_npi_licensor_present,True,False,True,False,259,1.542283241097324,1.443563422803404,0.09871981829391996,1,-40.41389226913452,-40.76813626289368,-49.667591715718466,-49.4295167997141,6,6
Only those lakes ever melt.,Even those lakes ever melt.,semantics,npi_licensing,only_npi_licensor_present,True,False,True,False,260,1.988323695218071,1.6927928366816392,0.2955308585364318,1,-42.27916121482849,-43.814271450042725,-54.20910338613692,-53.97102847013256,6,6
Only these actors would ever respect Christopher.,Even these actors would ever respect Christopher.,semantics,npi_licensing,only_npi_licensor_present,True,False,True,False,261,1.5546659735537922,1.5198892092653438,0.03477676428844845,1,-57.90339231491089,-57.94353151321411,-70.34072010334123,-70.10264518733686,8,8
Only Lori ever cured that dancer.,Even Lori ever cured that dancer.,semantics,npi_licensing,only_npi_licensor_present,True,False,True,False,262,1.358550224859142,1.3039733486106198,0.054576876248522144,1,-55.976662278175354,-56.120625495910645,-65.48651385218935,-65.24843893618498,7,7
Only some lake had ever frozen.,Even some lake had ever frozen.,semantics,npi_licensing,only_npi_licensor_present,True,False,True,False,263,1.804647239393951,1.5346896774753935,0.26995756191855746,1,-44.476367712020874,-46.12799572944641,-57.10889838777853,-56.870823471774166,7,7
Only Colleen ever nodded.,Even Colleen ever nodded.,semantics,npi_licensing,only_npi_licensor_present,True,False,True,False,264,1.2610905969706596,1.2322288131285422,0.02886178384211746,1,-49.08756732940674,-49.02266311645508,-56.654110911230696,-56.41603599522633,6,6
Only Carla ever insulted most adults.,Even Carla ever insulted most adults.,semantics,npi_licensing,only_npi_licensor_present,True,False,True,False,265,1.1478874435480897,1.2931487141755653,-0.14526127062747562,0,-66.6584974527359,-65.25833237171173,-75.84159700112062,-75.60352208511625,8,8
Only Kirsten had ever approached Patrick.,Even Kirsten had ever approached Patrick.,semantics,npi_licensing,only_npi_licensor_present,True,False,True,False,266,2.13686413622937,2.073034443850826,0.06382969237854397,1,-55.64052712917328,-55.913089752197266,-72.73544021900824,-72.49736530300387,8,8
Only Bradley can ever lie.,Even Bradley can ever lie.,semantics,npi_licensing,only_npi_licensor_present,True,False,True,False,267,1.078382235713126,1.369578082409949,-0.29119584669682297,0,-44.10115599632263,-42.11590600013733,-50.57144941060139,-50.333374494597024,6,6
Only the people ever forfeited.,Even the people ever forfeited.,semantics,npi_licensing,only_npi_licensor_present,True,False,True,False,268,2.663603616396554,2.6572159374158377,0.006387678980716238,1,-40.022247076034546,-39.8288859128952,-58.667472390810424,-58.429397474806066,7,7
Only some waitresses ever explore a lake.,Even some waitresses ever explore a lake.,semantics,npi_licensing,only_npi_licensor_present,True,False,True,False,269,0.8492391095085452,0.9066326187244127,-0.0573935092158675,0,-69.39903163909912,-68.64441514015198,-77.04218362467603,-76.80410870867169,9,9
Only Eva should ever dislike John.,Even Eva should ever dislike John.,semantics,npi_licensing,only_npi_licensor_present,True,False,True,False,270,1.5972739302401533,1.476098996244744,0.12117493399540935,1,-52.08762884140015,-52.69777846336365,-63.26854635308122,-63.030471437076855,7,7
Only Mitchell would ever climb up slopes.,Even Mitchell would ever climb up slopes.,semantics,npi_licensing,only_npi_licensor_present,True,False,True,False,271,1.5542042240491476,1.4432547204933535,0.11094950355579414,1,-58.624194622039795,-59.27371573448181,-71.05782841443298,-70.81975349842864,8,8
Only those companies will ever clash.,Even those companies will ever clash.,semantics,npi_licensing,only_npi_licensor_present,True,False,True,False,272,2.396575484440173,2.3316224783600643,0.0649530060801089,1,-44.536940574645996,-44.75353670120239,-61.31296896572721,-61.07489404972284,7,7
Only Paul ever concealed Homer.,Even Paul ever concealed Homer.,semantics,npi_licensing,only_npi_licensor_present,True,False,True,False,273,0.9266067926443474,1.0062926764645337,-0.07968588382018627,0,-50.879279017448425,-50.16308879852295,-56.43891977331451,-56.20084485731015,6,6
Only Laurie ever hates April.,Even Laurie ever hates April.,semantics,npi_licensing,only_npi_licensor_present,True,False,True,False,274,1.26730005430183,0.9536402841112425,0.31365977019058755,1,-48.52630114555359,-50.17018485069275,-56.13010147136457,-55.892026555360204,6,6
Only Frank had ever hired Patrick.,Even Frank had ever hired Patrick.,semantics,npi_licensing,only_npi_licensor_present,True,False,True,False,275,1.562742358743972,1.7043684247986985,-0.1416260660547266,0,-49.9709415435791,-48.74148416519165,-60.910138054786906,-60.67206313878254,7,7
Only some adults ever bothers Stephanie.,Even some adults ever bothers Stephanie.,semantics,npi_licensing,only_npi_licensor_present,True,False,True,False,276,1.9727776030484196,1.9378632432575915,0.03491435979082813,1,-52.83987271785736,-52.846198320388794,-66.6493159391963,-66.41124102319193,7,7
Only Monica ever exercises.,Even Monica ever exercises.,semantics,npi_licensing,only_npi_licensor_present,True,False,True,False,277,0.8918182109614576,0.812074226143153,0.07974398481830458,1,-42.77166712284088,-42.93231213092804,-47.23075817764817,-46.992683261643805,5,5
Only these schools ever donate.,Even these schools ever donate.,semantics,npi_licensing,only_npi_licensor_present,True,False,True,False,278,1.4282547307841764,1.2139514132175921,0.21430331756658427,1,-45.26957702636719,-46.31732201576233,-53.83910541107225,-53.60103049506788,6,6
Only a coat ever tightened.,Even a coat ever tightened.,semantics,npi_licensing,only_npi_licensor_present,True,False,True,False,279,1.3068880404862686,0.851463033441128,0.45542500704514066,1,-42.207282304763794,-44.70175743103027,-50.048610547681406,-49.81053563167704,6,6
Only Carlos has ever prevented Bill from driving to a high school.,Even Carlos has ever prevented Bill from driving to a high school.,semantics,npi_licensing,only_npi_licensor_present,True,False,True,False,280,1.8269086748081191,1.9697728549237337,-0.14286418011561453,0,-82.47515821456909,-80.37984895706177,-106.22497098707464,-105.9868960710703,13,13
Only that apple ever chars.,Even that apple ever chars.,semantics,npi_licensing,only_npi_licensor_present,True,False,True,False,281,0.7720289972962426,0.45955289587803466,0.312476101418208,1,-48.917606353759766,-50.55438804626465,-53.54978033753722,-53.31170542153286,6,6
Only Larry has ever happened to cooperate.,Even Larry has ever happened to cooperate.,semantics,npi_licensing,only_npi_licensor_present,True,False,True,False,282,2.3602912849410806,2.455644155986647,-0.09535287104556645,0,-47.986586928367615,-46.98568904399872,-66.86891720789626,-66.6308422918919,8,8
Only the Clintons ever cry.,Even the Clintons ever cry.,semantics,npi_licensing,only_npi_licensor_present,True,False,True,False,283,0.9652684943671481,0.9380048302607484,0.027263664106399688,1,-46.86558771133423,-46.79109477996826,-52.65719867753712,-52.41912376153275,6,6
Only Beth ever dropped by restaurants.,Even Beth ever dropped by restaurants.,semantics,npi_licensing,only_npi_licensor_present,True,False,True,False,284,1.1313146971774464,0.8738512905977213,0.2574634065797251,1,-54.340203166007996,-55.90437209606171,-62.25940604625012,-62.021331130245756,7,7
Only that cart had ever rusted.,Even that cart had ever rusted.,semantics,npi_licensing,only_npi_licensor_present,True,False,True,False,285,2.0670715968493845,1.9137088883852158,0.15336270846416866,1,-49.133687257766724,-50.12251400947571,-65.6702600325618,-65.43218511655743,8,8
Only Chad had ever forgotten about who explains everything.,Even Chad had ever forgotten about who explains everything.,semantics,npi_licensing,only_npi_licensor_present,True,False,True,False,286,1.921221948591625,1.963540922788613,-0.042318974196987824,0,-66.31909489631653,-65.65783023834229,-85.53131438223278,-85.29323946622841,10,10
Only Ella has ever gone to a library.,Even Ella has ever gone to a library.,semantics,npi_licensing,only_npi_licensor_present,True,False,True,False,287,2.5748409119500764,2.585069675232455,-0.010228763282378761,0,-50.05334413051605,-49.71298158168793,-75.80175325001682,-75.56367833401248,10,10
Only Kevin ever investigated Tonya.,Even Kevin ever investigated Tonya.,semantics,npi_licensing,only_npi_licensor_present,True,False,True,False,288,1.2841514262532843,1.3066882635417068,-0.022536837288422484,0,-55.000529289245605,-54.60469651222229,-63.989589273018595,-63.75151435701424,7,7
Only the hats can ever unfold.,Even the hats can ever unfold.,semantics,npi_licensing,only_npi_licensor_present,True,False,True,False,289,1.6229432342462917,1.4519819028618801,0.1709613313844116,1,-46.25083136558533,-47.20948576927185,-57.61143400530937,-57.37335908930501,7,7
Only Rachel ever dislikes Rhonda.,Even Rachel ever dislikes Rhonda.,semantics,npi_licensing,only_npi_licensor_present,True,False,True,False,290,2.2614434838033617,2.171394095618318,0.09004938818504371,1,-64.72372925281525,-65.20604944229126,-82.81527712324214,-82.5772022072378,8,8
Only the Lutherans ever pass some cafes.,Even the Lutherans ever pass some cafes.,semantics,npi_licensing,only_npi_licensor_present,True,False,True,False,291,0.706006436123428,0.7494621938871641,-0.043455757763736114,0,-73.5559151172638,-72.9267383813858,-79.90997304237465,-79.67189812637028,9,9
Only an actress would ever litter.,Even an actress would ever litter.,semantics,npi_licensing,only_npi_licensor_present,True,False,True,False,292,1.4522265721365386,1.4075581165869997,0.04466845554953891,1,-48.5574848651886,-48.632089138031006,-58.72307087014437,-58.484995954140004,7,7
Only Susan had ever discussed Mitchell.,Even Susan had ever discussed Mitchell.,semantics,npi_licensing,only_npi_licensor_present,True,False,True,False,293,1.873980294113282,1.8534900710292146,0.02049022308406734,1,-50.779919385910034,-50.68527603149414,-63.89778144470301,-63.65970652869864,7,7
Only Joel had ever left Matt.,Even Joel had ever left Matt.,semantics,npi_licensing,only_npi_licensor_present,True,False,True,False,294,1.3069089911419138,1.4583831750250096,-0.15147418388309575,0,-51.04285287857056,-49.74445867538452,-60.191215816563954,-59.95314090055959,7,7
Only a school would ever ascertain Winston Churchill to shrug.,Even a school would ever ascertain Winston Churchill to shrug.,semantics,npi_licensing,only_npi_licensor_present,True,False,True,False,295,1.4193431139710655,1.290499187183759,0.1288439267873065,1,-83.10219407081604,-84.28140234947205,-98.71496832449776,-98.4768934084934,11,11
Only this spinach ever chars.,Even this spinach ever chars.,semantics,npi_licensing,only_npi_licensor_present,True,False,True,False,296,1.203765678407039,1.1066231380913802,0.09714254031565872,1,-50.43429148197174,-50.77907180786133,-57.656885552413975,-57.41881063640961,6,6
Only those legislatures did ever communicate.,Even those legislatures did ever communicate.,semantics,npi_licensing,only_npi_licensor_present,True,False,True,False,297,1.7938880320970603,1.8856704462440033,-0.09178241414694299,0,-51.58292818069458,-50.70237636566162,-64.140144405374,-63.902069489369644,7,7
Only Spain did ever reunite.,Even Spain did ever reunite.,semantics,npi_licensing,only_npi_licensor_present,True,False,True,False,298,2.1212391574010376,2.2358139108729307,-0.11457475347189305,0,-47.74005913734436,-46.69996094703674,-62.58873323915162,-62.35065832314726,7,7
Only those banks ever wish to stun Jeffrey.,Even those banks ever wish to stun Jeffrey.,semantics,npi_licensing,only_npi_licensor_present,True,False,True,False,299,1.3516444134133172,1.2041105179076068,0.1475338955057104,1,-69.54289698600769,-70.63262712955475,-81.70769670672755,-81.46962179072321,9,9
Only these museums ever appear to divorce.,Even these museums ever appear to divorce.,semantics,npi_licensing,only_npi_licensor_present,True,False,True,False,300,1.9298401628417068,1.8224351686967672,0.10740499414493954,1,-53.94369101524353,-54.56485605239868,-69.38241231797718,-69.14433740197282,8,8
Only Melissa ever waves.,Even Melissa ever waves.,semantics,npi_licensing,only_npi_licensor_present,True,False,True,False,301,0.5898868650942048,0.3536223705560516,0.23626449453815324,1,-41.75602173805237,-42.69926929473877,-44.70545606352339,-44.46738114751903,5,5
Only Kendra would ever urge Tara to stun Bruce.,Even Kendra would ever urge Tara to stun Bruce.,semantics,npi_licensing,only_npi_licensor_present,True,False,True,False,302,1.8964412508829918,1.8710921199816384,0.02534913090135338,1,-87.62914109230042,-87.66990661621094,-108.48999485201333,-108.25191993600896,11,11
Only Valerie had ever urged the people to bother Adam.,Even Valerie had ever urged the people to bother Adam.,semantics,npi_licensing,only_npi_licensor_present,True,False,True,False,303,1.3908733646565126,1.46445428920005,-0.07358092454353748,0,-75.27716422080994,-74.22969913482666,-90.57677123203158,-90.33869631602721,11,11
Only David could ever talk.,Even David could ever talk.,semantics,npi_licensing,only_npi_licensor_present,True,False,True,False,304,1.4744487198146163,1.5238816502643904,-0.04943293044977404,0,-38.42248773574829,-37.88781523704529,-47.26918005463599,-47.03110513863163,6,6
Only Bill will ever implore Nancy to disappear.,Even Bill will ever implore Nancy to disappear.,semantics,npi_licensing,only_npi_licensor_present,True,False,True,False,305,2.098368367714298,2.1119491650886233,-0.013580797374325382,0,-68.057608127594,-67.68372523784637,-89.04129180473697,-88.8032168887326,10,10
Only women ever slump over.,Even women ever slump over.,semantics,npi_licensing,only_npi_licensor_present,True,False,True,False,306,2.0182474665318466,1.5148702048734666,0.50337726165838,1,-40.910064935684204,-43.69225358963013,-53.019549734875284,-52.781474818870926,6,6
Only Ella had ever seemed to hurt Joel.,Even Ella had ever seemed to hurt Joel.,semantics,npi_licensing,only_npi_licensor_present,True,False,True,False,307,2.217052707177365,2.262192334097668,-0.045139626920303044,0,-59.59846156835556,-58.90899038314819,-81.76898864012921,-81.53091372412487,10,10
Only Meredith would ever prove to write.,Even Meredith would ever prove to write.,semantics,npi_licensing,only_npi_licensor_present,True,False,True,False,308,1.9231343084645438,1.9270630868596967,-0.003928778395152932,0,-51.525601267814636,-51.25609612464905,-66.91067573553099,-66.67260081952662,8,8
Only the eyes should ever fling open.,Even the eyes should ever fling open.,semantics,npi_licensing,only_npi_licensor_present,True,False,True,False,309,1.5780855020269813,1.5794920505138823,-0.001406548486901027,0,-53.435221910476685,-53.18448805809021,-67.63799142871952,-67.39991651271515,9,9
Only these men had ever assembled.,Even these men had ever assembled.,semantics,npi_licensing,only_npi_licensor_present,True,False,True,False,310,2.15609756764375,2.06408660732039,0.09201096032336009,1,-41.110705852508545,-41.5167076587677,-56.203388826014795,-55.96531391001043,7,7
Only Regina ever badgered Walter's students to bring the candles.,Even Regina ever badgered Walter's students to bring the candles.,semantics,npi_licensing,only_npi_licensor_present,True,False,True,False,311,1.0175835505331923,1.001995128115613,0.015588422417579295,1,-100.5918083190918,-100.55638289451599,-113.8203944760233,-113.58231956001896,13,13
Only Laura can ever see.,Even Laura can ever see.,semantics,npi_licensing,only_npi_licensor_present,True,False,True,False,312,1.5760481698536093,1.3713729495033131,0.20467522035029617,1,-36.04911518096924,-37.03909158706665,-45.505404200090894,-45.26732928408653,6,6
Only Victoria has ever appeared.,Even Victoria has ever appeared.,semantics,npi_licensing,only_npi_licensor_present,True,False,True,False,313,1.8263124050032513,1.745171983275089,0.08114042172816238,1,-39.470826864242554,-39.71959447860718,-50.42870129426206,-50.19062637825771,6,6
Only William had ever happened to boast.,Even William had ever happened to boast.,semantics,npi_licensing,only_npi_licensor_present,True,False,True,False,314,1.6241958425739806,1.5771051461051275,0.04709069646885311,1,-51.48684120178223,-51.62549185752869,-64.48040794237407,-64.2423330263697,8,8
Only Aaron ever cooperates.,Even Aaron ever cooperates.,semantics,npi_licensing,only_npi_licensor_present,True,False,True,False,315,2.0485014790651057,2.022221311465715,0.02628016759939067,1,-45.65397107601166,-45.57357716560364,-57.94497995040229,-57.70690503439793,6,6
Only Teresa ever practiced.,Even Teresa ever practiced.,semantics,npi_licensing,only_npi_licensor_present,True,False,True,False,316,1.7226366252687555,1.6323220666436882,0.09031455862506732,1,-39.30889630317688,-39.52239418029785,-47.92207942952066,-47.68400451351629,5,5
Only Diana would ever neglect to buy this skirt.,Even Diana would ever neglect to buy this skirt.,semantics,npi_licensing,only_npi_licensor_present,True,False,True,False,317,2.012606054199665,2.015902892662095,-0.0032968384624298963,0,-64.04292440414429,-63.771881103515625,-84.16898494614094,-83.93091003013657,10,10
Only Colleen can ever play.,Even Colleen can ever play.,semantics,npi_licensing,only_npi_licensor_present,True,False,True,False,318,2.119991289494283,2.075860263481836,0.044131026012447006,1,-44.55075025558472,-44.62159252166748,-59.3906892820447,-59.15261436604033,7,7
Only Paul ever spurs Regina to read.,Even Paul ever spurs Regina to read.,semantics,npi_licensing,only_npi_licensor_present,True,False,True,False,319,1.056632970956075,1.0842430193429462,-0.02761004838687131,0,-70.10924792289734,-69.62268257141113,-79.61894466150201,-79.38086974549765,9,9
Only Melissa would ever return to Clyde.,Even Melissa would ever return to Clyde.,semantics,npi_licensing,only_npi_licensor_present,True,False,True,False,320,1.9839109917419222,1.8545074431288278,0.12940354861309444,1,-51.034854769706726,-51.83200824260712,-66.9061427036421,-66.66806778763774,8,8
Only this pie ever scorches.,Even this pie ever scorches.,semantics,npi_licensing,only_npi_licensor_present,True,False,True,False,321,1.8273113602024225,1.5596484238386321,0.26766293636379035,1,-48.91645288467407,-50.55201852321625,-61.70763240609103,-61.46955749008667,7,7
Only some patient ever tries to murmur.,Even some patient ever tries to murmur.,semantics,npi_licensing,only_npi_licensor_present,True,False,True,False,322,2.855139199299114,2.9625639499584033,-0.10742475065928936,0,-53.332602739334106,-52.127705067396164,-79.02885553302613,-78.7907806170218,9,9
Only Chad did ever shout.,Even Chad did ever shout.,semantics,npi_licensing,only_npi_licensor_present,True,False,True,False,323,0.8303972408981805,0.7410688496443605,0.08932839125381997,1,-47.304269790649414,-47.60216522216797,-52.2866532360385,-52.04857832003413,6,6
Only Lisa should ever oblige Maria to attack Kenneth.,Even Lisa should ever oblige Maria to attack Kenneth.,semantics,npi_licensing,only_npi_licensor_present,True,False,True,False,324,1.737559757428621,1.7019630383696138,0.03559671905900719,1,-80.02832245826721,-80.18181145191193,-99.14147978998204,-98.90340487397768,11,11
Only Dennis ever praises Carmen.,Even Dennis ever praises Carmen.,semantics,npi_licensing,only_npi_licensor_present,True,False,True,False,325,1.2778655964452856,1.1575564195037025,0.12030917694158316,1,-52.79040217399597,-53.27418231964111,-60.457595752667686,-60.21952083666333,6,6
Only Scott has ever figured out who haven't climbed up a mountain.,Even Scott has ever figured out who haven't climbed up a mountain.,semantics,npi_licensing,only_npi_licensor_present,True,False,True,False,326,2.536587398946687,2.534672963177976,0.001914435768711087,1,-75.31302759610116,-75.10175478085876,-110.82525118135479,-110.58717626535042,14,14
Only Edward can ever declare the Impressionists to scream.,Even Edward can ever declare the Impressionists to scream.,semantics,npi_licensing,only_npi_licensor_present,True,False,True,False,327,2.587811866108725,2.672163195663906,-0.08435132955518077,0,-76.67388987541199,-75.42359900474548,-107.72763226871669,-107.48955735271235,12,12
Only these pants would ever warp.,Even these pants would ever warp.,semantics,npi_licensing,only_npi_licensor_present,True,False,True,False,328,1.3944381303565112,1.1842709412864647,0.2101671890700465,1,-50.41418957710266,-51.64728498458862,-60.17525648959824,-59.937181573593875,7,7
Only Margaret has ever obliged Omar to explain everything.,Even Margaret has ever obliged Omar to explain everything.,semantics,npi_licensing,only_npi_licensor_present,True,False,True,False,329,1.4867614759129537,1.4239844675583668,0.06277700835458688,1,-73.13927209377289,-73.52896726131439,-88.00688685290243,-87.76881193689806,10,10
Only some cucumber ever blackens.,Even some cucumber ever blackens.,semantics,npi_licensing,only_npi_licensor_present,True,False,True,False,330,2.2577325915209947,2.17994064521427,0.07779194630672492,1,-53.58031451702118,-53.96457517147064,-71.64217524918914,-71.4041003331848,8,8
Only Valerie ever impressed Kenneth.,Even Valerie ever impressed Kenneth.,semantics,npi_licensing,only_npi_licensor_present,True,False,True,False,331,1.4507176597486169,1.6084755153031693,-0.15775785555455246,0,-50.138028025627136,-48.95340597629547,-58.84233398411884,-58.60425906811449,6,6
Only the Lutherans ever admire Paula.,Even the Lutherans ever admire Paula.,semantics,npi_licensing,only_npi_licensor_present,True,False,True,False,332,0.6288861079986141,0.7060846857454592,-0.07719857774684513,0,-67.82163500785828,-66.96597146987915,-72.85272387184719,-72.61464895584282,8,8
Only that actor ever conceals Melinda.,Even that actor ever conceals Melinda.,semantics,npi_licensing,only_npi_licensor_present,True,False,True,False,333,1.3521930325793,1.2444216207763519,0.10777141180294803,1,-70.26377511024475,-70.99564290046692,-82.43351240345845,-82.19543748745409,9,9
Only these guests ever predict Joseph to clean these libraries.,Even these guests ever predict Joseph to clean these libraries.,semantics,npi_licensing,only_npi_licensor_present,True,False,True,False,334,1.4787319090560465,1.3941360213409502,0.0845958877150963,1,-83.22314155101776,-83.91562139987946,-99.48919255063427,-99.2511176346299,11,11
Only Carl would ever suffer.,Even Carl would ever suffer.,semantics,npi_licensing,only_npi_licensor_present,True,False,True,False,335,1.6688989927912121,1.8153874378945112,-0.14648844510329906,0,-40.26145792007446,-39.14445233345032,-50.274851876821735,-50.036776960817384,6,6
Only these convertibles might ever fall apart.,Even these convertibles might ever fall apart.,semantics,npi_licensing,only_npi_licensor_present,True,False,True,False,336,2.1036698156767293,2.123062449843426,-0.019392634166696787,0,-64.21448159217834,-63.801872968673706,-83.1475099332689,-82.90943501726454,9,9
Only Candice will ever persuade most girls to pass most museums.,Even Candice will ever persuade most girls to pass most museums.,semantics,npi_licensing,only_npi_licensor_present,True,False,True,False,337,2.2325660825623745,2.2742518550089197,-0.041685772446545144,0,-86.90378475189209,-86.12379479408264,-115.92714382520296,-115.6890689091986,13,13
Only Michelle could ever find every nose.,Even Michelle could ever find every nose.,semantics,npi_licensing,only_npi_licensor_present,True,False,True,False,338,1.8181473160849801,1.6856993112283707,0.13244800485660946,1,-52.25462734699249,-53.076136469841,-66.79980587567233,-66.56173095966797,8,8
Only some dancer ever screamed.,Even some dancer ever screamed.,semantics,npi_licensing,only_npi_licensor_present,True,False,True,False,339,1.7130969052815612,1.7015693839694552,0.011527521312105993,1,-42.545390367507935,-42.37648057937622,-52.8239717991973,-52.58589688319295,6,6
Only Sherry does ever stretch.,Even Sherry does ever stretch.,semantics,npi_licensing,only_npi_licensor_present,True,False,True,False,340,2.0441797453830324,1.7452604738969961,0.29891927148603625,1,-49.11819088459015,-50.97255086898804,-63.427449102271375,-63.18937418626701,7,7
Only the waitresses ever dare Charles to watch Tammy.,Even the waitresses ever dare Charles to watch Tammy.,semantics,npi_licensing,only_npi_licensor_present,True,False,True,False,341,0.34026772598823835,0.43033011509115743,-0.09006238910291908,0,-91.6101598739624,-90.38139867782593,-95.35310485983302,-95.11502994382866,11,11
Only those people ever conspire.,Even those people ever conspire.,semantics,npi_licensing,only_npi_licensor_present,True,False,True,False,342,3.25828969143965,3.264367813016752,-0.006078121577102191,0,-39.89033579826355,-39.60971403121948,-62.6983636383411,-62.46028872233675,7,7
Only some ice could ever vaporize.,Even some ice could ever vaporize.,semantics,npi_licensing,only_npi_licensor_present,True,False,True,False,343,2.0316801061685723,1.861064684262555,0.17061542190601742,1,-52.36794114112854,-53.494789600372314,-68.62138199047712,-68.38330707447275,8,8
Only Bruce will ever sigh.,Even Bruce will ever sigh.,semantics,npi_licensing,only_npi_licensor_present,True,False,True,False,344,1.037545692590676,1.1385822979290612,-0.1010366053383851,0,-45.13805627822876,-44.29376173019409,-51.363330433772816,-51.12525551776846,6,6
Only Sarah has ever shouted.,Even Sarah has ever shouted.,semantics,npi_licensing,only_npi_licensor_present,True,False,True,False,345,1.5696828349475684,1.2214599604453582,0.34822287450221023,1,-40.59427523612976,-42.44553756713867,-50.01237224581517,-49.77429732981082,6,6
Only Melinda ever argued about a lot of adults.,Even Melinda ever argued about a lot of adults.,semantics,npi_licensing,only_npi_licensor_present,True,False,True,False,346,2.8889337070619607,2.843895078538031,0.0450386285239297,1,-60.714873880147934,-60.9722238779068,-92.4931446578295,-92.25506974182514,11,11
Only the teacher does ever flee from Ella.,Even the teacher does ever flee from Ella.,semantics,npi_licensing,only_npi_licensor_present,True,False,True,False,347,2.2039987794611817,2.143528601989621,0.06047017747156058,1,-59.05073130130768,-59.41735816001892,-81.0907190959195,-80.85264417991513,10,10
Only the company does ever predict Gina to climb up most ladders.,Even the company does ever predict Gina to climb up most ladders.,semantics,npi_licensing,only_npi_licensor_present,True,False,True,False,348,2.0529847796726455,2.047383125407092,0.0056016542655532575,1,-89.25956177711487,-89.09991002082825,-118.0013486925319,-117.76327377652754,14,14
Only the Clintons ever clean some bank.,Even the Clintons ever clean some bank.,semantics,npi_licensing,only_npi_licensor_present,True,False,True,False,349,0.5027743487276695,0.38096301624864637,0.1218113324790231,1,-65.4470249414444,-66.18344068527222,-69.46921973126575,-69.23114481526139,8,8
Only these actresses ever buy that river.,Even these actresses ever buy that river.,semantics,npi_licensing,only_npi_licensor_present,True,False,True,False,350,1.1587468934657927,0.8919605693075816,0.26678632415821113,1,-57.779433488845825,-59.67564916610718,-67.04940863657217,-66.81133372056783,8,8
Only Joseph ever approached an actor.,Even Joseph ever approached an actor.,semantics,npi_licensing,only_npi_licensor_present,True,False,True,False,351,1.3481336740182053,1.499247522278786,-0.15111384826058072,0,-51.70727229118347,-50.41140043735504,-61.14420800931091,-60.90613309330654,7,7
Only the adults ever litter.,Even the adults ever litter.,semantics,npi_licensing,only_npi_licensor_present,True,False,True,False,352,1.910488872432649,1.7339117584666301,0.17657711396601883,1,-38.58853507041931,-39.40992283821106,-50.051468305015206,-49.81339338901084,6,6
Only Deborah ever existed.,Even Deborah ever existed.,semantics,npi_licensing,only_npi_licensor_present,True,False,True,False,353,2.1033600580833807,1.8122778631591814,0.2910821949241993,1,-35.98583376407623,-37.20316982269287,-46.502634054493136,-46.26455913848878,5,5
Only Margaret had ever hidden George.,Even Margaret had ever hidden George.,semantics,npi_licensing,only_npi_licensor_present,True,False,True,False,354,1.477995855256904,1.2925150708237854,0.18548078443311855,1,-49.87014174461365,-50.93043231964111,-60.216112731411975,-59.97803781540761,7,7
Only the Borgias ever communicate.,Even the Borgias ever communicate.,semantics,npi_licensing,only_npi_licensor_present,True,False,True,False,355,1.417982799633883,1.429982932177693,-0.012000132543809938,0,-52.94393849372864,-52.6218626499176,-62.86981809116582,-62.63174317516145,7,7
Only the Clintons ever think a coat was fraying.,Even the Clintons ever think a coat was fraying.,semantics,npi_licensing,only_npi_licensor_present,True,False,True,False,356,1.067625658249147,1.0171341827863036,0.05049147546284338,1,-80.726726770401,-81.04405808448792,-92.47060901114162,-92.23253409513725,11,11
Only Peter had ever bought a shirt.,Even Peter had ever bought a shirt.,semantics,npi_licensing,only_npi_licensor_present,True,False,True,False,357,1.636561721406915,1.5785669661240131,0.05799475528290188,1,-49.262685894966125,-49.488569021224976,-62.355179666221446,-62.11710475021708,8,8
Only Carrie should ever train.,Even Carrie should ever train.,semantics,npi_licensing,only_npi_licensor_present,True,False,True,False,358,0.884658085503394,0.7152202768110681,0.16943780869232583,1,-46.20857894420624,-46.987130880355835,-51.5165274572266,-51.278452541222244,6,6
Only these screens ever faded.,Even these screens ever faded.,semantics,npi_licensing,only_npi_licensor_present,True,False,True,False,359,1.8385171552965314,1.6121820838720164,0.22633507142451492,1,-44.14125680923462,-45.261192321777344,-55.17235974101381,-54.93428482500944,6,6
Only this muffin ever burns.,Even this muffin ever burns.,semantics,npi_licensing,only_npi_licensor_present,True,False,True,False,360,1.7084066424312607,1.613719910394646,0.09468673203661471,1,-47.28312683105469,-47.70785903930664,-59.24197332807351,-59.00389841206916,7,7
Only those doctors have ever corresponded.,Even those doctors have ever corresponded.,semantics,npi_licensing,only_npi_licensor_present,True,False,True,False,361,2.809319458520527,2.8284279008122404,-0.0191084422917136,0,-45.65542376041412,-45.26448130607605,-68.12997942857834,-67.89190451257397,8,8
Only the companies ever press Sonia to scream.,Even the companies ever press Sonia to scream.,semantics,npi_licensing,only_npi_licensor_present,True,False,True,False,362,0.7929379730784092,0.7161410553618326,0.0767969177165766,1,-68.77331376075745,-69.22641110420227,-75.90975551846313,-75.67168060245876,9,9
Only Theodore ever skates around Harvard University.,Even Theodore ever skates around Harvard University.,semantics,npi_licensing,only_npi_licensor_present,True,False,True,False,363,2.313535777939061,2.2728034320269583,0.04073234591210273,1,-63.806594491004944,-63.935110688209534,-84.6284164924565,-84.39034157645216,9,9
Only eyes had ever flung open.,Even eyes had ever flung open.,semantics,npi_licensing,only_npi_licensor_present,True,False,True,False,364,1.5052967391922394,1.2190881241447582,0.2862086150474812,1,-46.260842084884644,-48.02622747421265,-56.79791925923032,-56.559844343225954,7,7
Only pasta has ever blackened.,Even pasta has ever blackened.,semantics,npi_licensing,only_npi_licensor_present,True,False,True,False,365,1.5560326751912328,1.1306906919241035,0.42534198326712924,1,-49.05888760089874,-51.79820656776428,-59.95111632723737,-59.71304141123301,7,7
Only Kevin ever approaches the Impressionists.,Even Kevin ever approaches the Impressionists.,semantics,npi_licensing,only_npi_licensor_present,True,False,True,False,366,3.0383074173090185,3.0317666665803906,0.00654075072862792,1,-59.74562084674835,-59.566412687301636,-87.09038760252952,-86.85231268652515,9,9
Only some ice cream ever evaporates.,Even some ice cream ever evaporates.,semantics,npi_licensing,only_npi_licensor_present,True,False,True,False,367,3.498159961546648,3.475628166864599,0.02253179468204891,1,-43.910208225250244,-43.85238766670227,-71.89548791762343,-71.65741300161906,8,8
Only Martin had ever trained.,Even Martin had ever trained.,semantics,npi_licensing,only_npi_licensor_present,True,False,True,False,368,1.6321705629442154,1.6619856179769148,-0.029815055032699433,0,-40.284952878952026,-39.867987632751465,-50.07797625661732,-49.839901340612954,6,6
Only the ladies have ever noticed John.,Even the ladies have ever noticed John.,semantics,npi_licensing,only_npi_licensor_present,True,False,True,False,369,1.8219623747966969,1.7028881025069218,0.11907427228977507,1,-46.90202045440674,-47.61653971672058,-61.47771945278031,-61.239644536775955,8,8
Only the Lutherans ever spin around.,Even the Lutherans ever spin around.,semantics,npi_licensing,only_npi_licensor_present,True,False,True,False,370,0.9836773776262149,1.0821217031777017,-0.09844432555148686,0,-59.703129053115845,-58.677499532699585,-67.57254807412556,-67.3344731581212,8,8
Only Martin had ever driven to movie theaters.,Even Martin had ever driven to movie theaters.,semantics,npi_licensing,only_npi_licensor_present,True,False,True,False,371,1.8872553657145374,1.9777424730842579,-0.09048710736972043,0,-59.72983491420746,-58.67737603187561,-76.7151332056383,-76.47705828963393,9,9
Only this hospital has ever debated.,Even this hospital has ever debated.,semantics,npi_licensing,only_npi_licensor_present,True,False,True,False,372,2.31090683529873,2.2371240993209858,0.0737827359777441,1,-42.450735449790955,-42.7291396856308,-58.62708329688206,-58.3890083808777,7,7
Only Lawrence has ever referenced Katherine.,Even Lawrence has ever referenced Katherine.,semantics,npi_licensing,only_npi_licensor_present,True,False,True,False,373,1.437745472844617,1.4358406591974568,0.0019048136471602195,1,-58.168524980545044,-57.9437837600708,-68.23274329045736,-67.994668374453,7,7
Only some children ever forget about who had revealed who breaks the unicycles.,Even some children ever forget about who had revealed who breaks the unicycles.,semantics,npi_licensing,only_npi_licensor_present,True,False,True,False,374,2.426389911842774,2.42892769772309,-0.002537785880315724,0,-96.99348175525665,-96.71480226516724,-135.81572034474104,-135.57764542873667,16,16
Only Nina has ever encouraged Theresa's associates to cry.,Even Nina has ever encouraged Theresa's associates to cry.,semantics,npi_licensing,only_npi_licensor_present,True,False,True,False,375,2.0454124206591784,2.042974702907225,0.00243771775195345,1,-75.68732064962387,-75.47606062889099,-98.18685727687483,-97.94878236087047,11,11
Only Mary can ever believe a lot of eggplants to ripen.,Even Mary can ever believe a lot of eggplants to ripen.,semantics,npi_licensing,only_npi_licensor_present,True,False,True,False,376,1.9618224174686343,1.9242813487160788,0.03754106875255547,1,-90.15284556150436,-90.47788667678833,-119.58018182353388,-119.34210690752951,15,15
Only Tara had ever urged Samuel's French teacher to bother Laurie.,Even Tara had ever urged Samuel's French teacher to bother Laurie.,semantics,npi_licensing,only_npi_licensor_present,True,False,True,False,377,1.4638573760333817,1.490483448100922,-0.026626072067540196,0,-97.667041182518,-97.08282732963562,-116.69718707095197,-116.4591121549476,13,13
Only some shoes ever fray.,Even some shoes ever fray.,semantics,npi_licensing,only_npi_licensor_present,True,False,True,False,378,0.8061212218350752,0.6225072232433048,0.1836139985917704,1,-46.901092886924744,-47.76470196247101,-51.737820217935194,-51.49974530193084,6,6
Only Sharon can ever forget about who did play.,Even Sharon can ever forget about who did play.,semantics,npi_licensing,only_npi_licensor_present,True,False,True,False,379,1.7654488756809799,1.7332881030594252,0.0321607726215547,1,-61.1397545337677,-61.22328734397888,-78.7942432905775,-78.55616837457313,10,10
Only Tracy ever boycotts a river.,Even Tracy ever boycotts a river.,semantics,npi_licensing,only_npi_licensor_present,True,False,True,False,380,1.3883032942243325,1.3065044852772232,0.08179880894710934,1,-62.62379693984985,-63.04011249542236,-73.73022329364451,-73.49214837764015,8,8
Only the women ever hugged.,Even the women ever hugged.,semantics,npi_licensing,only_npi_licensor_present,True,False,True,False,381,1.7993957298837,1.6428081461631454,0.1565875837205546,1,-36.93321919441223,-37.6346697807312,-47.72959357371443,-47.491518657710074,6,6
Only the governments ever help Florence.,Even the governments ever help Florence.,semantics,npi_licensing,only_npi_licensor_present,True,False,True,False,382,0.5852908868895922,0.5322298929968962,0.05306099389269603,1,-53.16633915901184,-53.29969120025635,-57.263375367238986,-57.02530045123462,7,7
Only women ever notice a woman.,Even women ever notice a woman.,semantics,npi_licensing,only_npi_licensor_present,True,False,True,False,383,2.2312399593256416,1.7731427884789497,0.4580971708466919,1,-39.29122352600098,-42.25982880592346,-54.90990324128047,-54.67182832527611,7,7
Only a window ever chips.,Even a window ever chips.,semantics,npi_licensing,only_npi_licensor_present,True,False,True,False,384,0.6449859590245843,0.17464556514371074,0.47034039388087356,1,-42.966731905937195,-45.55069935321808,-46.8366476600847,-46.59857274408034,6,6
Only Amelia ever realizes what fall.,Even Amelia ever realizes what fall.,semantics,npi_licensing,only_npi_licensor_present,True,False,True,False,385,1.171415571069131,1.1106987863024986,0.06071678476663234,1,-55.47153830528259,-55.65848088264465,-63.67144730276651,-63.433372386762144,7,7
Only Patrick ever exercises.,Even Patrick ever exercises.,semantics,npi_licensing,only_npi_licensor_present,True,False,True,False,386,0.7312613636078581,0.5911501045051921,0.14011125910266597,1,-42.218462347984314,-42.680943727493286,-45.874769166023604,-45.63669425001925,5,5
Only some companies ever neglect to talk about Grace.,Even some companies ever neglect to talk about Grace.,semantics,npi_licensing,only_npi_licensor_present,True,False,True,False,387,1.8027179969078388,1.8747296924717092,-0.07201169556387033,0,-65.00286173820496,-64.04466986656189,-83.03004170728335,-82.79196679127898,10,10
Only Samuel ever cleaned every high school.,Even Samuel ever cleaned every high school.,semantics,npi_licensing,only_npi_licensor_present,True,False,True,False,388,1.4302321120469195,1.3197297625362268,0.11050234951069271,1,-59.53257131576538,-60.17851519584656,-70.97442821214074,-70.73635329613637,8,8
Only some prints ever look like some glove.,Even some prints ever look like some glove.,semantics,npi_licensing,only_npi_licensor_present,True,False,True,False,389,2.133150093577604,2.064781352105131,0.06836874147247318,1,-54.58351445198059,-54.960758209228516,-73.78186529417903,-73.54379037817469,9,9
Only Becky ever convinces Brad to complain.,Even Becky ever convinces Brad to complain.,semantics,npi_licensing,only_npi_licensor_present,True,False,True,False,390,2.3167461565480525,2.343728654121037,-0.026982497572984432,0,-66.81001633405685,-66.32909893989563,-87.66073174298933,-87.42265682698496,9,9
Only Julia ever obligated these companies to protest.,Even Julia ever obligated these companies to protest.,semantics,npi_licensing,only_npi_licensor_present,True,False,True,False,391,1.203537875934864,1.2085798044249525,-0.005041928490088443,0,-72.05200052261353,-71.76854825019836,-82.8838414060273,-82.64576649002294,9,9
Only Samuel ever forgets about what fell.,Even Samuel ever forgets about what fell.,semantics,npi_licensing,only_npi_licensor_present,True,False,True,False,392,1.9047675785053413,2.0317716569333806,-0.1270040784280393,0,-61.03344488143921,-59.65233325958252,-78.17635308798728,-77.93827817198294,9,9
Only a sketch ever looks like many unicycles.,Even a sketch ever looks like many unicycles.,semantics,npi_licensing,only_npi_licensor_present,True,False,True,False,393,2.6753150444007447,2.564087866423253,0.11122717797749182,1,-66.71413028240204,-67.69955432415009,-96.14259577081023,-95.90452085480587,11,11
Only Catherine has ever shocked most committees.,Even Catherine has ever shocked most committees.,semantics,npi_licensing,only_npi_licensor_present,True,False,True,False,394,1.1505802983834172,1.2428853455230389,-0.09230504713962162,0,-65.13731813430786,-64.16080284118652,-74.3419605213752,-74.10388560537083,8,8
Only these dancers ever divorced.,Even these dancers ever divorced.,semantics,npi_licensing,only_npi_licensor_present,True,False,True,False,395,2.096145538291252,1.9941396960626498,0.1020058422286021,1,-41.426817655563354,-41.8007777929306,-54.00369088531087,-53.7656159693065,6,6
Only Keith ever seemed to heal that customer.,Even Keith ever seemed to heal that customer.,semantics,npi_licensing,only_npi_licensor_present,True,False,True,False,396,1.4192583204926388,1.3157096990898778,0.103548621402761,1,-64.14475655555725,-64.83861923217773,-76.918081439991,-76.68000652398663,9,9
Only Victoria ever pressed this hospital to impress Kayla.,Even Victoria ever pressed this hospital to impress Kayla.,semantics,npi_licensing,only_npi_licensor_present,True,False,True,False,397,1.6085149174619175,1.5354145874451577,0.07310033001675986,1,-82.28800666332245,-82.85403537750244,-99.98167075540354,-99.74359583939918,11,11
Only these doctors ever fall asleep.,Even these doctors ever fall asleep.,semantics,npi_licensing,only_npi_licensor_present,True,False,True,False,398,2.9119278263508557,2.70853714894997,0.2033906774008858,1,-39.686065435409546,-40.871725261211395,-60.06956021986554,-59.831485303861186,7,7
Only Denise ever spoke up.,Even Denise ever spoke up.,semantics,npi_licensing,only_npi_licensor_present,True,False,True,False,399,2.0984483081555987,1.9078396250265766,0.19060868312902213,1,-38.39894711971283,-39.304524302482605,-50.98963696864642,-50.751562052642065,6,6
Only Tammy does ever cry.,Even Tammy does ever cry.,semantics,npi_licensing,only_npi_licensor_present,True,False,True,False,400,1.7864439685238658,1.79928336243774,-0.01283939391387423,0,-43.04066622257233,-42.72555494308472,-53.75933003371552,-53.521255117711156,6,6
Only Sarah ever grins.,Even Sarah ever grins.,semantics,npi_licensing,only_npi_licensor_present,True,False,True,False,401,1.2855168881438732,0.8918990565760794,0.39361783156779384,1,-44.651262640953064,-46.77489471435547,-52.3643639698163,-52.126289053811945,6,6
Only those pedestrians ever met.,Even those pedestrians ever met.,semantics,npi_licensing,only_npi_licensor_present,True,False,True,False,402,2.2717232469369044,2.249200059438781,0.02252318749812332,1,-39.754547357559204,-39.65161156654358,-53.38488683918063,-53.146811923176266,6,6
Only Joseph had ever swayed Denise's electrician to nod.,Even Joseph had ever swayed Denise's electrician to nod.,semantics,npi_licensing,only_npi_licensor_present,True,False,True,False,403,1.0853118148638903,1.1020993523493157,-0.016787537485425386,0,-93.79463684558868,-93.35511147975922,-106.81837862395537,-106.580303707951,12,12
Only Nicole ever smiles.,Even Nicole ever smiles.,semantics,npi_licensing,only_npi_licensor_present,True,False,True,False,404,1.1327848578058195,1.222776280816801,-0.08999142301098151,0,-39.250932097435,-38.56290006637573,-44.914856386464095,-44.67678147045974,5,5
Only some teenagers ever profit.,Even some teenagers ever profit.,semantics,npi_licensing,only_npi_licensor_present,True,False,True,False,405,1.655721955795812,1.6576151156424075,-0.001893159846595438,0,-43.93876600265503,-43.689332127571106,-53.8730977374299,-53.63502282142555,6,6
Only Galileo ever hugs those ladies.,Even Galileo ever hugs those ladies.,semantics,npi_licensing,only_npi_licensor_present,True,False,True,False,406,1.4669331978393327,1.465656719327498,0.0012764785118346555,1,-56.870288014411926,-56.64114844799042,-67.13882039928725,-66.9007454832829,7,7
Only Amanda could ever appear to get fired.,Even Amanda could ever appear to get fired.,semantics,npi_licensing,only_npi_licensor_present,True,False,True,False,407,2.054732718794971,2.088118205596525,-0.03338548680155373,0,-54.71637034416199,-54.177826046943665,-73.20896481331673,-72.97088989731239,9,9
Only Theodore ever runs around some museum.,Even Theodore ever runs around some museum.,semantics,npi_licensing,only_npi_licensor_present,True,False,True,False,408,1.406067925461322,1.3831280475788184,0.022939877882503623,1,-59.667853116989136,-59.6132972240448,-70.91639652067971,-70.67832160467535,8,8
Only these associations ever criticize Marie.,Even these associations ever criticize Marie.,semantics,npi_licensing,only_npi_licensor_present,True,False,True,False,409,1.0334025861722378,1.008549609628785,0.024852976543452865,1,-60.33595013618469,-60.2718460559845,-67.56976823939036,-67.33169332338599,7,7
Only these ladies ever marry.,Even these ladies ever marry.,semantics,npi_licensing,only_npi_licensor_present,True,False,True,False,410,2.021283025327333,1.767978083971279,0.25330494135605397,1,-38.484591484069824,-39.76634621620178,-50.61228963603382,-50.37421472002946,6,6
Only Deanna has ever turned out to confer.,Even Deanna has ever turned out to confer.,semantics,npi_licensing,only_npi_licensor_present,True,False,True,False,411,1.8939410039902982,1.863893764388763,0.030047239601535214,1,-63.59967267513275,-63.66207015514374,-82.53908271503573,-82.30100779903137,10,10
Only Christina ever wished to talk to Dennis.,Even Christina ever wished to talk to Dennis.,semantics,npi_licensing,only_npi_licensor_present,True,False,True,False,412,1.9077900396343448,1.8502895296173532,0.057500510016991635,1,-57.7879444360733,-58.06737411022186,-74.9580547927824,-74.71997987677804,9,9
Only the Clintons ever grin.,Even the Clintons ever grin.,semantics,npi_licensing,only_npi_licensor_present,True,False,True,False,413,0.6789144649495142,0.6153844739388177,0.06352999101069656,1,-50.831114411354065,-50.97421944141388,-54.90460120105115,-54.666526285046785,6,6
Only Christina ever shrugged.,Even Christina ever shrugged.,semantics,npi_licensing,only_npi_licensor_present,True,False,True,False,414,0.31449413388960606,0.31530787688502215,-0.0008137429954160891,0,-46.76439046859741,-46.52224683761597,-48.33686113804544,-48.09878622204108,5,5
Only Suzanne ever blinks.,Even Suzanne ever blinks.,semantics,npi_licensing,only_npi_licensor_present,True,False,True,False,415,2.0930494181817196,1.8823156638450154,0.21073375433670427,1,-43.82515037059784,-44.85147798061371,-56.38344687968816,-56.1453719636838,6,6
Only the Lutherans ever concur.,Even the Lutherans ever concur.,semantics,npi_licensing,only_npi_licensor_present,True,False,True,False,416,0.6654990922414754,0.7813063700253231,-0.1158072777838477,0,-64.69738602638245,-63.5328528881073,-70.02137876431425,-69.78330384830988,8,8
Only Melanie had ever gone fishing.,Even Melanie had ever gone fishing.,semantics,npi_licensing,only_npi_licensor_present,True,False,True,False,417,2.059413729492628,1.8970469451074672,0.1623667843851606,1,-45.97774684429169,-46.87623941898346,-60.39364295074008,-60.15556803473573,7,7
Only dogs ever fall asleep.,Even dogs ever fall asleep.,semantics,npi_licensing,only_npi_licensor_present,True,False,True,False,418,2.9440256132816707,2.63120261283087,0.3128230004508006,1,-33.670890510082245,-35.309753596782684,-51.33504418977227,-51.096969273767904,6,6
Only Winston Churchill ever ate.,Even Winston Churchill ever ate.,semantics,npi_licensing,only_npi_licensor_present,True,False,True,False,419,1.9519602583951823,1.8097799517818676,0.1421803066133147,1,-46.51537084579468,-47.130377769470215,-58.22713239616577,-57.98905748016142,6,6
Only scarves ever dry.,Even scarves ever dry.,semantics,npi_licensing,only_npi_licensor_present,True,False,True,False,420,1.628362247763146,1.486606365957062,0.141755881806084,1,-44.666913986206055,-45.27937436103821,-54.43708747278493,-54.19901255678058,6,6
Only Elaine could ever admire Joseph.,Even Elaine could ever admire Joseph.,semantics,npi_licensing,only_npi_licensor_present,True,False,True,False,421,1.8044145153260485,1.6585828257470163,0.14583168957903214,1,-52.101202845573425,-52.883949756622314,-64.73210445285576,-64.49402953685143,7,7
Only some senators have ever worried.,Even some senators have ever worried.,semantics,npi_licensing,only_npi_licensor_present,True,False,True,False,422,1.7317450700774708,1.8178601383599806,-0.08611506828250981,0,-46.487966775894165,-45.64708638191223,-58.61018226643646,-58.372107350432096,7,7
Only this bank should ever manage to love Kayla.,Even this bank should ever manage to love Kayla.,semantics,npi_licensing,only_npi_licensor_present,True,False,True,False,423,2.025355946620527,1.9816463526634787,0.04370959395704843,1,-69.13834130764008,-69.38107192516327,-91.41725672046587,-91.17918180446154,11,11
Only Stacey ever regretted Melissa learns.,Even Stacey ever regretted Melissa learns.,semantics,npi_licensing,only_npi_licensor_present,True,False,True,False,424,2.2525656573041637,2.193946409256789,0.05861924804737484,1,-63.480912923812866,-63.7117919921875,-81.50143818224618,-81.26336326624181,8,8
Only Mitchell has ever cheered.,Even Mitchell has ever cheered.,semantics,npi_licensing,only_npi_licensor_present,True,False,True,False,425,1.1500427712570744,1.019945796387636,0.1300969748694385,1,-47.24907922744751,-47.79158616065979,-54.14933585498996,-53.911260938985606,6,6
Only the Borgias had ever divorced.,Even the Borgias had ever divorced.,semantics,npi_licensing,only_npi_licensor_present,True,False,True,False,426,2.3008394023993333,2.4231023996541623,-0.12226299725482903,0,-50.217745542526245,-49.001566648483276,-68.62446076172091,-68.38638584571657,8,8
Only the dancers ever care for these cashiers.,Even the dancers ever care for these cashiers.,semantics,npi_licensing,only_npi_licensor_present,True,False,True,False,427,2.0113116607472477,1.9301312534020298,0.08118040734521781,1,-62.23392951488495,-62.807658672332764,-82.34704612235743,-82.10897120635306,10,10
Only girls ever yearn to profit.,Even girls ever yearn to profit.,semantics,npi_licensing,only_npi_licensor_present,True,False,True,False,428,0.7560469277609494,0.4040386126597806,0.3520083151011688,1,-57.47372615337372,-60.05171775817871,-63.52210157546131,-63.284026659456956,8,8
Only Colleen will ever answer.,Even Colleen will ever answer.,semantics,npi_licensing,only_npi_licensor_present,True,False,True,False,429,2.210995726819615,2.172671794018753,0.03832393280086199,1,-46.328041315078735,-46.35823392868042,-61.80501140281604,-61.56693648681169,7,7
Only Beverly did ever talk to Jesus.,Even Beverly did ever talk to Jesus.,semantics,npi_licensing,only_npi_licensor_present,True,False,True,False,430,1.4683078207074693,1.543332631960519,-0.0750248112530496,0,-53.14934504032135,-52.3110716342926,-64.8958076059811,-64.65773268997675,8,8
Only Karen ever entreated Carlos's friend to work with Noah.,Even Karen ever entreated Carlos's friend to work with Noah.,semantics,npi_licensing,only_npi_licensor_present,True,False,True,False,431,2.1028724470046862,2.0527697991408442,0.050102647863842,1,-87.04021143913269,-87.45347094535828,-114.37755325019361,-114.13947833418925,13,13
Only Lissa ever helped the Clintons.,Even Lissa ever helped the Clintons.,semantics,npi_licensing,only_npi_licensor_present,True,False,True,False,432,0.9227958155716607,1.0113374254401677,-0.08854160986850701,0,-65.93389630317688,-64.98748850822449,-73.31626282775017,-73.07818791174583,8,8
Only some hospital has ever looked to notice Veronica.,Even some hospital has ever looked to notice Veronica.,semantics,npi_licensing,only_npi_licensor_present,True,False,True,False,433,1.4313902138522991,1.3666394811324807,0.06475073271981846,1,-68.46520328521729,-68.87463569641113,-82.77910542374028,-82.54103050773594,10,10
Only Diane ever judges every plane to shatter.,Even Diane ever judges every plane to shatter.,semantics,npi_licensing,only_npi_licensor_present,True,False,True,False,434,0.9874457619448739,0.9209555469480917,0.0664902149967822,1,-75.80210518836975,-76.16244220733643,-84.68911704587362,-84.45104212986925,9,9
Only those teachers ever need to wave.,Even those teachers ever need to wave.,semantics,npi_licensing,only_npi_licensor_present,True,False,True,False,435,1.6974578374537082,1.641921788668954,0.055536048784754044,1,-50.24740183353424,-50.45361530780792,-63.827064533163906,-63.588989617159555,8,8
Only some ladies ever predict Monica to notice Kirsten.,Even some ladies ever predict Monica to notice Kirsten.,semantics,npi_licensing,only_npi_licensor_present,True,False,True,False,436,1.6813335068327149,1.6269307691611061,0.05440273767160875,1,-83.20227348804474,-83.56262868642807,-101.6969420632046,-101.45886714720024,11,11
Only Becky ever urged Florence to stretch.,Even Becky ever urged Florence to stretch.,semantics,npi_licensing,only_npi_licensor_present,True,False,True,False,437,1.1286380610891875,1.0403630882779424,0.08827497281124508,1,-63.013922333717346,-63.48204720020294,-72.04302682243085,-71.80495190642648,8,8
Only Omar ever trains.,Even Omar ever trains.,semantics,npi_licensing,only_npi_licensor_present,True,False,True,False,438,-0.6497521604494295,-0.46460218431497396,-0.18514997613445555,0,-48.82867360115051,-47.66484880447388,-45.579912798903365,-45.34183788289901,5,5
Only those teenagers ever donate.,Even those teenagers ever donate.,semantics,npi_licensing,only_npi_licensor_present,True,False,True,False,439,2.206474252209999,2.1640075889886092,0.04246666322138992,1,-43.38508582115173,-43.40181088447571,-56.62393133441173,-56.385856418407364,6,6
Only Carrie ever escapes.,Even Carrie ever escapes.,semantics,npi_licensing,only_npi_licensor_present,True,False,True,False,440,2.1835447041750102,1.9868902617456214,0.1966544424293888,1,-36.86774659156799,-37.61294388771057,-47.78547011244304,-47.54739519643868,5,5
Only the senators ever drop by every glacier.,Even the senators ever drop by every glacier.,semantics,npi_licensing,only_npi_licensor_present,True,False,True,False,441,1.4543959775891153,1.3295731074274026,0.12482287016171267,1,-64.6025927066803,-65.48792362213135,-77.69215650498234,-77.45408158897797,9,9
Only the children ever depart.,Even the children ever depart.,semantics,npi_licensing,only_npi_licensor_present,True,False,True,False,442,1.9732320356141233,1.7914619067084783,0.18177012890564503,1,-34.981120109558105,-35.83366596698761,-46.820512323242845,-46.58243740723848,6,6
Only these scarves have ever soaked.,Even these scarves have ever soaked.,semantics,npi_licensing,only_npi_licensor_present,True,False,True,False,443,2.343195788668428,2.1889504844267478,0.15424530424168026,1,-52.11208200454712,-53.107969522476196,-70.85764831389454,-70.61957339789018,8,8
Only the eggplant ever grew.,Even the eggplant ever grew.,semantics,npi_licensing,only_npi_licensor_present,True,False,True,False,444,1.2139785416143585,1.2558462551169438,-0.041867713502585335,0,-50.529456615448,-49.99830770492554,-59.02730640674851,-58.78923149074414,7,7
Only this steak would ever char.,Even this steak would ever char.,semantics,npi_licensing,only_npi_licensor_present,True,False,True,False,445,0.7910884182435751,0.6509610123788333,0.14012740586474182,1,-53.19542646408081,-53.93824338912964,-58.733045391785836,-58.49497047578147,7,7
Only Monet ever concurred.,Even Monet ever concurred.,semantics,npi_licensing,only_npi_licensor_present,True,False,True,False,446,1.199337399259154,1.22758764828747,-0.028250249028315855,0,-59.79459726810455,-59.35877060890198,-68.18995906291863,-67.95188414691427,7,7
Only Samantha ever anticipates Benjamin to disappear.,Even Samantha ever anticipates Benjamin to disappear.,semantics,npi_licensing,only_npi_licensor_present,True,False,True,False,447,1.8914994981426787,1.9632570247391514,-0.07175752659647272,0,-69.74547326564789,-68.86158061027527,-86.768968748932,-86.53089383292763,9,9
Only teenagers ever worried.,Even teenagers ever worried.,semantics,npi_licensing,only_npi_licensor_present,True,False,True,False,448,2.029219750091481,1.998136544272505,0.031083205818975834,1,-35.532575249671936,-35.44991636276245,-45.67867400012934,-45.440599084124976,5,5
Only the wheelbarrow ever turns.,Even the wheelbarrow ever turns.,semantics,npi_licensing,only_npi_licensor_present,True,False,True,False,449,2.712497004179138,2.3887324543129154,0.3237645498662225,1,-45.33545660972595,-47.68749809265137,-67.03543264315906,-66.79735772715469,8,8
Only Julie ever wondered who had escaped.,Even Julie ever wondered who had escaped.,semantics,npi_licensing,only_npi_licensor_present,True,False,True,False,450,2.2049784585095757,2.0925449483104828,0.11243351019909298,1,-51.33444142341614,-51.99583458900452,-68.97426909149274,-68.73619417548838,8,8
Only Frank has ever explained everything.,Even Frank has ever explained everything.,semantics,npi_licensing,only_npi_licensor_present,True,False,True,False,451,1.8201654274706465,1.8732108851574532,-0.053045457686806685,0,-45.46604239940643,-44.85664927959442,-58.20720039170096,-57.96912547569659,7,7
Only that spotlight ever faded.,Even that spotlight ever faded.,semantics,npi_licensing,only_npi_licensor_present,True,False,True,False,452,1.5220531955340018,1.3392599926372195,0.18279320289678225,1,-44.34406518936157,-45.202749490737915,-53.47638436256558,-53.23830944656123,6,6
Only the waitress ever trained.,Even the waitress ever trained.,semantics,npi_licensing,only_npi_licensor_present,True,False,True,False,453,2.003401022832025,1.9919952142045492,0.011405808627475755,1,-38.34131574630737,-38.17167568206787,-50.36172188329952,-50.123646967295166,6,6
Only some doctors ever sound like Natalie.,Even some doctors ever sound like Natalie.,semantics,npi_licensing,only_npi_licensor_present,True,False,True,False,454,1.8094612131513585,1.720844169283751,0.08861704386760749,1,-53.997825145721436,-54.46868658065796,-68.4735148509323,-68.23543993492797,8,8
Only these organizations ever correspond.,Even these organizations ever correspond.,semantics,npi_licensing,only_npi_licensor_present,True,False,True,False,455,1.5991590002473213,1.6041796356734952,-0.005020635426173925,0,-45.40006875991821,-45.13187003135681,-54.99502276140214,-54.75694784539778,6,6
Only April ever obliged Dennis to concur.,Even April ever obliged Dennis to concur.,semantics,npi_licensing,only_npi_licensor_present,True,False,True,False,456,0.5180563847808375,0.42080484839835386,0.09725153638248363,1,-76.28189039230347,-76.91907930374146,-80.944397855331,-80.70632293932664,9,9
Only Maria could ever force Carol to irritate Matt.,Even Maria could ever force Carol to irritate Matt.,semantics,npi_licensing,only_npi_licensor_present,True,False,True,False,457,1.9439896153982168,1.93654735620582,0.007442259192396827,1,-79.5529533624649,-79.3967432975769,-100.93683913184529,-100.69876421584092,11,11
Only Andrea will ever sneeze.,Even Andrea will ever sneeze.,semantics,npi_licensing,only_npi_licensor_present,True,False,True,False,458,2.5422274014169695,2.780261409189869,-0.23803400777289951,0,-51.271350145339966,-49.129003167152405,-71.60916935667572,-71.37109444067136,8,8
Only Steve ever proposes to praise Jeffrey.,Even Steve ever proposes to praise Jeffrey.,semantics,npi_licensing,only_npi_licensor_present,True,False,True,False,459,1.5851552588772826,1.5688172212524236,0.01633803762485897,1,-64.03060591220856,-63.923235297203064,-76.71184798322682,-76.47377306722245,8,8
Only Lisa ever disturbs Kevin.,Even Lisa ever disturbs Kevin.,semantics,npi_licensing,only_npi_licensor_present,True,False,True,False,460,2.2270695243097407,2.057293065143869,0.1697764591658717,1,-54.63255047798157,-55.582910776138306,-70.22203714814975,-69.98396223214539,7,7
Only Valerie would ever exercise.,Even Valerie would ever exercise.,semantics,npi_licensing,only_npi_licensor_present,True,False,True,False,461,1.683287574902387,1.7589214554978827,-0.0756338805954957,0,-43.5005921125412,-42.80871391296387,-53.60031756195552,-53.36224264595116,6,6
Only Suzanne could ever drop by that school.,Even Suzanne could ever drop by that school.,semantics,npi_licensing,only_npi_licensor_present,True,False,True,False,462,1.6969471960379805,1.532734450676208,0.16421274536177255,1,-56.659353137016296,-57.89919292926788,-71.93187790135812,-71.69380298535376,9,9
Only Paul would ever wash.,Even Paul would ever wash.,semantics,npi_licensing,only_npi_licensor_present,True,False,True,False,463,0.9186710854741295,0.8373421938591848,0.08132889161494461,1,-43.224117279052734,-43.47401571273804,-48.73614379189751,-48.498068875893146,6,6
Only Christopher had ever helped Lawrence.,Even Christopher had ever helped Lawrence.,semantics,npi_licensing,only_npi_licensor_present,True,False,True,False,464,1.5895034357310942,1.652955625977107,-0.06345219024601279,0,-50.224127531051636,-49.541887283325195,-61.350651581169295,-61.112576665164944,7,7
Only the couch ever tipped over.,Even the couch ever tipped over.,semantics,npi_licensing,only_npi_licensor_present,True,False,True,False,465,1.7148861673879818,1.6973264322091464,0.017559735178835467,1,-44.200122237205505,-44.084965467453,-56.20432540892138,-55.96625049291703,7,7
Only Stacy had ever hated Jodi.,Even Stacy had ever hated Jodi.,semantics,npi_licensing,only_npi_licensor_present,True,False,True,False,466,2.3529552776892615,2.3619168487718305,-0.008961571082569009,0,-56.486305475234985,-56.17653799057007,-75.30994769674908,-75.07187278074471,8,8
Only some government had ever negotiated.,Even some government had ever negotiated.,semantics,npi_licensing,only_npi_licensor_present,True,False,True,False,467,1.607173724763521,1.7031833684375275,-0.09600964367400655,0,-47.180298805236816,-46.270156383514404,-58.43051487858146,-58.1924399625771,7,7
Only some cashiers ever observe Mary.,Even some cashiers ever observe Mary.,semantics,npi_licensing,only_npi_licensor_present,True,False,True,False,468,1.015234484826511,0.961741832276271,0.05349265255023994,1,-64.60110020637512,-64.7909665107727,-72.72297608498721,-72.48490116898287,8,8
Only some shawls can ever crumple.,Even some shawls can ever crumple.,semantics,npi_licensing,only_npi_licensor_present,True,False,True,False,469,1.9187878720740732,1.7486090561349334,0.17017881593913975,1,-71.48727822303772,-73.12117028236389,-92.59394481585252,-92.35586989984816,11,11
Only doctors ever profit.,Even doctors ever profit.,semantics,npi_licensing,only_npi_licensor_present,True,False,True,False,470,1.7203821847542826,1.4258249436722465,0.29455724108203607,1,-36.482022166252136,-37.71673345565796,-45.08393309002355,-44.84585817401919,5,5
Only these wheelbarrows ever steer.,Even these wheelbarrows ever steer.,semantics,npi_licensing,only_npi_licensor_present,True,False,True,False,471,2.234765302207478,1.8321040212030262,0.40266128100445187,1,-56.28531265258789,-59.26852798461914,-74.16343507024771,-73.92536015424335,8,8
Only Rebecca ever swallows.,Even Rebecca ever swallows.,semantics,npi_licensing,only_npi_licensor_present,True,False,True,False,472,2.5788782674611057,2.309413712177848,0.26946455528325775,1,-42.2616240978241,-43.64033651351929,-57.73489370259073,-57.496818786586374,6,6
Only Gerald had ever performed.,Even Gerald had ever performed.,semantics,npi_licensing,only_npi_licensor_present,True,False,True,False,473,1.6079469310069616,1.8074112691308908,-0.19946433812392916,0,-41.32077646255493,-39.88591551780701,-50.9684580485967,-50.73038313259235,6,6
Only the legislatures had ever attempted to collaborate.,Even the legislatures had ever attempted to collaborate.,semantics,npi_licensing,only_npi_licensor_present,True,False,True,False,474,2.223184720694361,2.3818183548775886,-0.15863363418322773,0,-58.14082050323486,-56.47504287958145,-78.14948298948411,-77.91140807347975,9,9
Only Sally ever concealed the dancer.,Even Sally ever concealed the dancer.,semantics,npi_licensing,only_npi_licensor_present,True,False,True,False,475,1.314654734870223,1.1522756548983384,0.16237907997188472,1,-51.9609375,-52.85951614379883,-61.16352064409156,-60.9254457280872,7,7
Only this organization ever testified.,Even this organization ever testified.,semantics,npi_licensing,only_npi_licensor_present,True,False,True,False,476,1.6444950381458898,1.6232657482765507,0.02122928986933914,1,-42.90858507156372,-42.79788589477539,-52.77555530043906,-52.537480384434694,6,6
Only Robert ever goes fishing.,Even Robert ever goes fishing.,semantics,npi_licensing,only_npi_licensor_present,True,False,True,False,477,1.110529224310825,0.909806904529173,0.2007223197816519,1,-44.714743971824646,-45.68100297451019,-51.377919317689596,-51.13984440168523,6,6
Only those glasses ever stretched.,Even those glasses ever stretched.,semantics,npi_licensing,only_npi_licensor_present,True,False,True,False,478,1.8224552869980108,1.6064080169981583,0.21604726999985258,1,-40.8556592464447,-41.91386795043945,-51.79039096843277,-51.5523160524284,6,6
Only Danielle ever appears to train.,Even Danielle ever appears to train.,semantics,npi_licensing,only_npi_licensor_present,True,False,True,False,479,1.7059090653386053,1.5453661660536713,0.16054289928493404,1,-47.853981375694275,-48.73970675468445,-59.79534483306451,-59.55726991706015,7,7
Only the Clintons had ever pressured Catherine to upset Andrea.,Even the Clintons had ever pressured Catherine to upset Andrea.,semantics,npi_licensing,only_npi_licensor_present,True,False,True,False,480,1.629356449657135,1.697737183223056,-0.06838073356592078,0,-86.46862506866455,-85.47836208343506,-104.39154601489304,-104.15347109888867,11,11
Only a library should ever fight.,Even a library should ever fight.,semantics,npi_licensing,only_npi_licensor_present,True,False,True,False,481,1.4341213917837368,1.226543735020908,0.2075776567628287,1,-44.49943780899048,-45.71440649032593,-54.538287551476635,-54.300212635472285,7,7
Only Frank has ever anticipated Tammy to litter.,Even Frank has ever anticipated Tammy to litter.,semantics,npi_licensing,only_npi_licensor_present,True,False,True,False,482,0.9099297365906536,0.9366403641333407,-0.02671062754268716,0,-74.59814143180847,-74.11967086791992,-82.78750906112435,-82.54943414511999,9,9
Only the senators ever murmured.,Even the senators ever murmured.,semantics,npi_licensing,only_npi_licensor_present,True,False,True,False,483,2.569377718648261,2.637612015089449,-0.06823429644118795,0,-43.17865389585495,-42.46293890476227,-61.16429792639278,-60.92622301038841,7,7
Only Andrew has ever concealed this window.,Even Andrew has ever concealed this window.,semantics,npi_licensing,only_npi_licensor_present,True,False,True,False,484,1.5143255879294237,1.3546566037398904,0.15966898418953335,1,-55.8073570728302,-56.8466340303421,-67.92196177626559,-67.68388686026123,8,8
Only these companies ever hope to dislike Elaine.,Even these companies ever hope to dislike Elaine.,semantics,npi_licensing,only_npi_licensor_present,True,False,True,False,485,1.5141547149738384,1.4159615973950994,0.09819311757873894,1,-65.65107047557831,-66.29673361778259,-79.27846291034285,-79.04038799433849,9,9
Only a public park could ever fall.,Even a public park could ever fall.,semantics,npi_licensing,only_npi_licensor_present,True,False,True,False,486,1.8142243552424233,1.6823115702935745,0.13191278494884884,1,-48.071309328079224,-48.88853669166565,-62.58510417001861,-62.347029254014245,8,8
Only some cars ever roll.,Even some cars ever roll.,semantics,npi_licensing,only_npi_licensor_present,True,False,True,False,487,1.327256374639017,1.1243334116358277,0.20292296300318924,1,-40.843600273132324,-41.823063135147095,-48.807138520966426,-48.56906360496206,6,6
Only that hospital has ever collaborated.,Even that hospital has ever collaborated.,semantics,npi_licensing,only_npi_licensor_present,True,False,True,False,488,1.6553176350033465,1.549858776905154,0.10545885809819255,1,-46.26158809661865,-46.761725187301636,-57.84881154164208,-57.61073662563771,7,7
Only the Impressionists ever scream.,Even the Impressionists ever scream.,semantics,npi_licensing,only_npi_licensor_present,True,False,True,False,489,3.3198580788406673,3.3797752733115267,-0.059917194470859414,0,-47.487064361572266,-46.769651889801025,-74.0459289922976,-73.80785407629324,8,8
Only Laurie should ever attempt to complain.,Even Laurie should ever attempt to complain.,semantics,npi_licensing,only_npi_licensor_present,True,False,True,False,490,2.4484178764056885,2.2617002522630187,0.1867176241426698,1,-49.76613947749138,-51.02180555462837,-69.35348248873689,-69.11540757273252,8,8
Only this glass had ever dropped.,Even this glass had ever dropped.,semantics,npi_licensing,only_npi_licensor_present,True,False,True,False,491,1.4047269803547269,1.2947856826704398,0.10994129768428706,1,-44.18370032310486,-44.7152144908905,-54.016789185587946,-53.77871426958358,7,7
Only the apples ever grew.,Even the apples ever grew.,semantics,npi_licensing,only_npi_licensor_present,True,False,True,False,492,1.0829179113847545,0.9491523103658182,0.1337656010189363,1,-40.31311583518982,-40.87763452529907,-46.810623303498346,-46.57254838749398,6,6
Only Cynthia ever hires Linda.,Even Cynthia ever hires Linda.,semantics,npi_licensing,only_npi_licensor_present,True,False,True,False,493,1.9906353812765676,1.9111418358835468,0.07949354539302078,1,-49.47868800163269,-49.71757435798645,-61.422500289292095,-61.18442537328773,6,6
Only that tomato ever bothers Alan.,Even that tomato ever bothers Alan.,semantics,npi_licensing,only_npi_licensor_present,True,False,True,False,494,1.5208261904398586,1.2110574430932266,0.30976874734663196,1,-52.82546055316925,-54.75576686859131,-63.47124388624826,-63.233168970243895,7,7
Only Benjamin might ever prevent Galileo from returning to Tina.,Even Benjamin might ever prevent Galileo from returning to Tina.,semantics,npi_licensing,only_npi_licensor_present,True,False,True,False,495,1.5409710881890637,1.5590254418922855,-0.018054353703221837,0,-85.3983051776886,-84.96163237094879,-102.3489871477683,-102.11091223176393,11,11
Only Sabrina ever stands up.,Even Sabrina ever stands up.,semantics,npi_licensing,only_npi_licensor_present,True,False,True,False,496,2.296065054215599,2.3577222420692516,-0.061657187853652484,0,-48.06778109073639,-47.39810585975647,-64.14023647024558,-63.90216155424123,7,7
Only some spinach ever blackens.,Even some spinach ever blackens.,semantics,npi_licensing,only_npi_licensor_present,True,False,True,False,497,1.1179923677871904,1.0570003968905815,0.060991970896608905,1,-53.13112771511078,-53.31999659538269,-60.95707428962111,-60.71899937361676,7,7
Only guests ever climb down that mountain.,Even guests ever climb down that mountain.,semantics,npi_licensing,only_npi_licensor_present,True,False,True,False,498,1.8640117802647822,1.4001189457057972,0.463892834558985,1,-50.980215072631836,-54.453282833099365,-65.8923093147501,-65.65423439874574,8,8
Only Sally has ever predicted Florence to kiss Winston Churchill.,Even Sally has ever predicted Florence to kiss Winston Churchill.,semantics,npi_licensing,only_npi_licensor_present,True,False,True,False,499,1.9985158807041408,1.8162389799684424,0.18227690073569836,1,-83.03008997440338,-84.7970609664917,-105.01376466214893,-104.77568974614456,11,11
Only Donald would ever train.,Even Donald would ever train.,semantics,npi_licensing,only_npi_licensor_present,True,False,True,False,500,0.425205525249325,0.48915310063979217,-0.06394757539046719,0,-46.3632915019989,-45.74153113365173,-48.91452465349485,-48.676449737490486,6,6
Only that doctor ever attacks this doctor.,Even that doctor ever attacks this doctor.,semantics,npi_licensing,only_npi_licensor_present,True,False,True,False,501,1.6890286823892593,1.5112099199528481,0.17781876243641115,1,-49.60014748573303,-50.78462266921997,-63.11237694484711,-62.874302028842756,8,8
Only Vincent would ever stand up.,Even Vincent would ever stand up.,semantics,npi_licensing,only_npi_licensor_present,True,False,True,False,502,1.9834185574830607,2.090343974412554,-0.10692541692949331,0,-42.60261631011963,-41.616063475608826,-56.486546212501054,-56.2484712964967,7,7
Only Sabrina ever entreats Alice to walk through many glaciers.,Even Sabrina ever entreats Alice to walk through many glaciers.,semantics,npi_licensing,only_npi_licensor_present,True,False,True,False,503,1.6797905064756935,1.7358054687998248,-0.05601496232413128,0,-106.91542148590088,-105.8931370973587,-130.4324885765606,-130.19441366055625,14,14
Only the unicycle ever worries a driver.,Even the unicycle ever worries a driver.,semantics,npi_licensing,only_npi_licensor_present,True,False,True,False,504,1.3558870391499813,1.4794857717672332,-0.12359873261725185,0,-62.960943937301636,-61.610480427742004,-75.16392728965147,-74.9258523736471,9,9
Only Claire ever figures out who practiced.,Even Claire ever figures out who practiced.,semantics,npi_licensing,only_npi_licensor_present,True,False,True,False,505,1.186533211673769,1.0869587181315516,0.09957449354221737,1,-61.60361647605896,-62.162137508392334,-71.09588216944911,-70.85780725344475,8,8
Only Gerald ever loves Carla.,Even Gerald ever loves Carla.,semantics,npi_licensing,only_npi_licensor_present,True,False,True,False,506,2.325381622501368,2.4662167860096207,-0.14083516350825276,0,-48.89637625217438,-47.672455191612244,-65.17404760968395,-64.93597269367959,7,7
Only Irene does ever aggravate this driver.,Even Irene does ever aggravate this driver.,semantics,npi_licensing,only_npi_licensor_present,True,False,True,False,507,2.5249251048062717,2.461430630872175,0.0634944739340968,1,-65.15501347184181,-65.55188329517841,-90.40426451990453,-90.16618960390016,10,10
Only the waitresses ever learn who trained.,Even the waitresses ever learn who trained.,semantics,npi_licensing,only_npi_licensor_present,True,False,True,False,508,0.5621811745103665,0.681239609407451,-0.11905843489708445,0,-69.88059258460999,-68.57099175453186,-74.94022315520328,-74.70214823919892,9,9
Only some planes ever maneuver.,Even some planes ever maneuver.,semantics,npi_licensing,only_npi_licensor_present,True,False,True,False,509,1.5064923453857364,1.36445576543919,0.1420365799465464,1,-45.024636030197144,-45.63878059387207,-54.06359010251156,-53.82551518650721,6,6
Only Kirsten ever cleans some bank.,Even Kirsten ever cleans some bank.,semantics,npi_licensing,only_npi_licensor_present,True,False,True,False,510,1.960294644200431,1.767992593833533,0.19230205036689796,1,-58.274757862091064,-59.57509934902191,-73.95711501569451,-73.71904009969018,8,8
Only Dennis has ever failed to praise this teacher.,Even Dennis has ever failed to praise this teacher.,semantics,npi_licensing,only_npi_licensor_present,True,False,True,False,511,2.003196858556669,1.9354388450102789,0.06775801354639,1,-63.74030804634094,-64.17981326580048,-83.77227663190763,-83.53420171590327,10,10
Only Donna should ever go fishing.,Even Donna should ever go fishing.,semantics,npi_licensing,only_npi_licensor_present,True,False,True,False,512,1.7851215258351587,1.6004789700364657,0.18464255579869304,1,-46.76122009754181,-47.815643072128296,-59.25707077838792,-59.018995862383555,7,7
Only Stacy ever murmured.,Even Stacy ever murmured.,semantics,npi_licensing,only_npi_licensor_present,True,False,True,False,513,2.762007111906499,2.6832430652773573,0.0787640466291415,1,-40.97623611986637,-41.210745483636856,-57.548278791305364,-57.310203875301,6,6
Only Eric had ever washed.,Even Eric had ever washed.,semantics,npi_licensing,only_npi_licensor_present,True,False,True,False,514,1.5044666989212974,1.343260549959248,0.16120614896204932,1,-41.24183130264282,-41.97099328041077,-50.268631496170606,-50.030556580166255,6,6
Only some adults ever practice.,Even some adults ever practice.,semantics,npi_licensing,only_npi_licensor_present,True,False,True,False,515,2.0078842175595732,1.9307090941661684,0.07717512339340482,1,-39.027562379837036,-39.252538204193115,-51.07486768519448,-50.836792769190126,6,6
Only the patient ever benefits.,Even the patient ever benefits.,semantics,npi_licensing,only_npi_licensor_present,True,False,True,False,516,1.6810735090675248,1.6868861114088283,-0.00581260234130343,0,-38.27414655685425,-38.00119602680206,-48.3605876112594,-48.12251269525503,6,6
Only Wendy does ever sing.,Even Wendy does ever sing.,semantics,npi_licensing,only_npi_licensor_present,True,False,True,False,517,1.6077292613844882,1.2704830987912519,0.33724616259323636,1,-41.88108015060425,-43.6664822101593,-51.52745571891118,-51.28938080290681,6,6
Only Cheryl had ever exercised.,Even Cheryl had ever exercised.,semantics,npi_licensing,only_npi_licensor_present,True,False,True,False,518,2.0655119360762746,1.9400748523353737,0.1254370837409009,1,-43.26319694519043,-43.77774453163147,-55.656268561648076,-55.41819364564371,6,6
Only Stephen can ever distract Veronica.,Even Stephen can ever distract Veronica.,semantics,npi_licensing,only_npi_licensor_present,True,False,True,False,519,1.3969927081228681,1.5416576573868253,-0.14466494926395712,0,-56.8752703666687,-55.62454080581665,-66.65421932352878,-66.41614440752443,7,7
Only Gary should ever speak up.,Even Gary should ever speak up.,semantics,npi_licensing,only_npi_licensor_present,True,False,True,False,520,1.4161964340954774,1.4142707417927494,0.0019256923027279882,1,-47.24907946586609,-47.024484395980835,-57.16245450453443,-56.92437958853008,7,7
Only Tina had ever appeared to protest.,Even Tina had ever appeared to protest.,semantics,npi_licensing,only_npi_licensor_present,True,False,True,False,521,2.226756482103603,2.157365959489578,0.06939052261402523,1,-49.29838299751282,-49.615432262420654,-67.11243485434164,-66.87435993833728,8,8
Only the libraries ever hoped to disgust the teenagers.,Even the libraries ever hoped to disgust the teenagers.,semantics,npi_licensing,only_npi_licensor_present,True,False,True,False,522,1.271249748828049,1.3369939563891422,-0.06574420756109323,0,-70.860915184021,-69.9653981924057,-83.57341267230149,-83.33533775629712,10,10
Only that mushroom had ever wasted away.,Even that mushroom had ever wasted away.,semantics,npi_licensing,only_npi_licensor_present,True,False,True,False,523,1.9361133484356419,1.813409436401109,0.12270391203453279,1,-49.992706418037415,-50.736262798309326,-65.48161320552255,-65.2435382895182,8,8
Only some plates will ever exist.,Even some plates will ever exist.,semantics,npi_licensing,only_npi_licensor_present,True,False,True,False,524,2.1904551414306743,2.2476868802535868,-0.05723173882291244,0,-42.658420979976654,-42.019723892211914,-57.99160696999137,-57.75353205398702,7,7
Only some window ever shuts.,Even some window ever shuts.,semantics,npi_licensing,only_npi_licensor_present,True,False,True,False,525,0.7021375483099147,0.4195844885532895,0.2825530597566252,1,-46.585448026657104,-48.042691469192505,-50.79827331651659,-50.56019840051224,6,6
Only those carriages ever waste away.,Even those carriages ever waste away.,semantics,npi_licensing,only_npi_licensor_present,True,False,True,False,526,1.9813137936485283,1.8089199330551864,0.17239386059334194,1,-52.67726957798004,-53.81834554672241,-68.52777992716827,-68.2897050111639,8,8
Only that river ever impresses Barbara.,Even that river ever impresses Barbara.,semantics,npi_licensing,only_npi_licensor_present,True,False,True,False,527,0.5551471786664663,0.2593192214983411,0.29582795716812527,1,-64.0627429485321,-66.19129168987274,-68.50392037786384,-68.26584546185947,8,8
Only some dress should ever wrinkle.,Even some dress should ever wrinkle.,semantics,npi_licensing,only_npi_licensor_present,True,False,True,False,528,1.912189095850433,1.7188902025031503,0.19329889334728279,1,-53.953094244003296,-55.26141047477722,-69.25060701080676,-69.01253209480242,8,8
Only Carol ever falls asleep.,Even Carol ever falls asleep.,semantics,npi_licensing,only_npi_licensor_present,True,False,True,False,529,2.145085777811451,1.9338983923915773,0.2111873854198738,1,-41.93814182281494,-42.967191219329834,-54.80865648968365,-54.5705815736793,6,6
Only Amelia ever approves.,Even Amelia ever approves.,semantics,npi_licensing,only_npi_licensor_present,True,False,True,False,530,1.6566260993273219,1.483475580314071,0.17315051901325096,1,-41.614794969558716,-42.242472648620605,-49.897925466195325,-49.65985055019096,5,5
Only the ladies ever die.,Even the ladies ever die.,semantics,npi_licensing,only_npi_licensor_present,True,False,True,False,531,2.307931334536439,2.1016696173561584,0.20626171718028052,1,-31.812870860099792,-32.812366247177124,-45.660458867318425,-45.422383951314075,6,6
Only that government ever threatened to look like the bicycles.,Even that government ever threatened to look like the bicycles.,semantics,npi_licensing,only_npi_licensor_present,True,False,True,False,532,1.9148317971100668,1.8424987739413128,0.07233302316875401,1,-62.274120450019836,-62.831708788871765,-83.33727021823057,-83.0991953022262,11,11
Only the libraries ever commission some governments to meet.,Even the libraries ever commission some governments to meet.,semantics,npi_licensing,only_npi_licensor_present,True,False,True,False,533,1.245397994101873,1.2990266158589805,-0.053628621757107586,0,-71.34159874916077,-70.56723761558533,-83.7955786901795,-83.55750377417513,10,10
Only a pepper had ever blackened.,Even a pepper had ever blackened.,semantics,npi_licensing,only_npi_licensor_present,True,False,True,False,534,1.2995968158911264,1.0883997355025574,0.211197080388569,1,-52.75109398365021,-54.202595710754395,-63.14786851077922,-62.909793594774854,8,8
Only Paula might ever go fishing.,Even Paula might ever go fishing.,semantics,npi_licensing,only_npi_licensor_present,True,False,True,False,535,1.9162371800231222,1.667343031043366,0.24889414897975626,1,-46.4459091424942,-47.950093269348145,-59.85956940265606,-59.621494486651706,7,7
Only Angela ever donates.,Even Angela ever donates.,semantics,npi_licensing,only_npi_licensor_present,True,False,True,False,536,-0.5027561844504819,-0.937842775396072,0.4350865909455901,1,-53.546406269073486,-55.918850898742676,-50.529869162370595,-50.291794246366244,6,6
Only Edward ever confused James.,Even Edward ever confused James.,semantics,npi_licensing,only_npi_licensor_present,True,False,True,False,537,1.0350042906571548,1.139841129200698,-0.1048368385435432,0,-48.13682508468628,-47.269729137420654,-54.34685082862921,-54.10877591262484,6,6
Only the Borgias ever look to come here.,Even the Borgias ever look to come here.,semantics,npi_licensing,only_npi_licensor_present,True,False,True,False,538,1.5813440514718935,1.5189327533757904,0.06241129809610313,1,-60.295194149017334,-60.681232213974,-76.10863466373627,-75.8705597477319,10,10
Only Bradley ever testifies.,Even Bradley ever testifies.,semantics,npi_licensing,only_npi_licensor_present,True,False,True,False,539,1.2410697730518077,1.3344417773820954,-0.0933720043302877,0,-50.586081981658936,-49.78777503967285,-58.03250061996978,-57.79442570396542,6,6
Only the hats ever wrinkled.,Even the hats ever wrinkled.,semantics,npi_licensing,only_npi_licensor_present,True,False,True,False,540,2.298663406111285,2.222493980947447,0.07616942516383807,1,-43.20494556427002,-43.50005662441254,-59.295589407049015,-59.057514491044664,7,7
Only Jodi ever encourages Benjamin to appreciate Catherine.,Even Jodi ever encourages Benjamin to appreciate Catherine.,semantics,npi_licensing,only_npi_licensor_present,True,False,True,False,541,1.956528025039998,2.0838357840270247,-0.12730775898702684,0,-77.82669854164124,-76.3155460357666,-97.39197879204121,-97.15390387603685,10,10
Only Michael ever proved to fade.,Even Michael ever proved to fade.,semantics,npi_licensing,only_npi_licensor_present,True,False,True,False,542,1.3884256649860955,1.2855676129879317,0.10285805199816389,1,-50.69559442996979,-51.177525877952576,-60.414574084872456,-60.1764991688681,7,7
Only Jennifer might ever distract Steven.,Even Jennifer might ever distract Steven.,semantics,npi_licensing,only_npi_licensor_present,True,False,True,False,543,1.5018178976433205,1.4552068245411607,0.04661107310215984,1,-56.01359021663666,-56.10179281234741,-66.5263155001399,-66.28824058413554,7,7
Only Stephen has ever come here.,Even Stephen has ever come here.,semantics,npi_licensing,only_npi_licensor_present,True,False,True,False,544,2.0903534339964502,2.1181835554285917,-0.027830121432141475,0,-39.866053104400635,-39.43316733837128,-54.498527142375785,-54.26045222637142,7,7
Only Christine ever messes up a high school.,Even Christine ever messes up a high school.,semantics,npi_licensing,only_npi_licensor_present,True,False,True,False,545,1.958417663529636,1.8116272765549013,0.14679038697473468,1,-61.124791860580444,-62.354620814323425,-80.7089684958768,-80.47089357987244,10,10
Only the paintings ever look like some jacket.,Even the paintings ever look like some jacket.,semantics,npi_licensing,only_npi_licensor_present,True,False,True,False,546,1.6380881050656468,1.5629174139861688,0.07517069107947805,1,-54.24693536758423,-54.685396671295166,-68.98972831317505,-68.75165339717068,9,9
Only Tracy did ever litter.,Even Tracy did ever litter.,semantics,npi_licensing,only_npi_licensor_present,True,False,True,False,547,0.8027467578955859,0.6975651603251359,0.10518159757044998,1,-48.9294810295105,-49.32249569892883,-53.745961576884014,-53.50788666087965,6,6
Only the student had ever neglected to criticize Sarah.,Even the student had ever neglected to criticize Sarah.,semantics,npi_licensing,only_npi_licensor_present,True,False,True,False,548,2.1363758605590872,2.252334346818148,-0.11595848625906058,0,-62.62707185745239,-61.22941207885742,-83.99083046304327,-83.7527555470389,10,10
Only that cart did ever fall apart.,Even that cart did ever fall apart.,semantics,npi_licensing,only_npi_licensor_present,True,False,True,False,549,2.155954916915542,1.9765974754754136,0.17935744144012844,1,-47.177350878715515,-48.37413549423218,-64.42499021403985,-64.18691529803549,8,8
Only those customers ever yawn.,Even those customers ever yawn.,semantics,npi_licensing,only_npi_licensor_present,True,False,True,False,550,1.4863635019850843,1.3453122662895325,0.14105123569555178,1,-44.5828914642334,-45.191123962402344,-53.501072476143904,-53.26299756013954,6,6
Only Sarah will ever dare the Impressionists to worry Natalie.,Even Sarah will ever dare the Impressionists to worry Natalie.,semantics,npi_licensing,only_npi_licensor_present,True,False,True,False,551,2.408762937183361,2.312383133076563,0.0963798041067978,1,-86.47087264060974,-87.48573517799377,-117.78479082399343,-117.5467159079891,13,13
Only the lakes had ever frozen.,Even the lakes had ever frozen.,semantics,npi_licensing,only_npi_licensor_present,True,False,True,False,552,1.8539584517228087,1.624807217351597,0.22915123437121165,1,-42.78251767158508,-44.1485013961792,-55.760226833644744,-55.52215191764038,7,7
Only those actresses ever approach Brian.,Even those actresses ever approach Brian.,semantics,npi_licensing,only_npi_licensor_present,True,False,True,False,553,1.5705096822279683,1.6251538046072451,-0.05464412237927685,0,-54.60286068916321,-53.982276916503906,-65.59642846475899,-65.35835354875462,7,7
Only the Borgias have ever retaliated.,Even the Borgias have ever retaliated.,semantics,npi_licensing,only_npi_licensor_present,True,False,True,False,554,2.581796483991209,2.6789215884583717,-0.0971251044671626,0,-58.01787608861923,-56.90567523241043,-81.25404444454011,-81.01596952853578,9,9
Only these actors have ever retaliated.,Even these actors have ever retaliated.,semantics,npi_licensing,only_npi_licensor_present,True,False,True,False,555,2.8167149382527725,2.9087914611843253,-0.09207652293155277,0,-49.474369049072266,-48.49968194961548,-72.00808855509445,-71.77001363909008,8,8
Only a coat has ever warped.,Even a coat has ever warped.,semantics,npi_licensing,only_npi_licensor_present,True,False,True,False,556,1.8965195243715465,1.6298211103695124,0.2666984140020341,1,-44.78465533256531,-46.413469314575195,-58.06029200316613,-57.82221708716178,7,7
Only Winston Churchill ever motivated a lot of pedestrians to drive to some movie theaters.,Even Winston Churchill ever motivated a lot of pedestrians to drive to some movie theaters.,semantics,npi_licensing,only_npi_licensor_present,True,False,True,False,557,2.5281811073256026,2.579850618189374,-0.05166951086377125,0,-100.7647979259491,-99.70001083612442,-141.21569564315874,-140.9776207271544,16,16
Only those pedestrians have ever concealed Margaret.,Even those pedestrians have ever concealed Margaret.,semantics,npi_licensing,only_npi_licensor_present,True,False,True,False,558,1.8002383307932206,1.7309063101380424,0.06933202065517818,1,-58.974284648895264,-59.290865898132324,-73.37619129524103,-73.13811637923666,8,8
Only the teenagers ever buy many rugs.,Even the teenagers ever buy many rugs.,semantics,npi_licensing,only_npi_licensor_present,True,False,True,False,559,2.133532992499662,1.962203598251951,0.1713293942477112,1,-57.675652742385864,-58.9795423746109,-76.87744967488283,-76.63937475887846,9,9
Only Kendra ever neglects to lift every rug.,Even Kendra ever neglects to lift every rug.,semantics,npi_licensing,only_npi_licensor_present,True,False,True,False,560,1.4217881064485234,1.3184421363706453,0.10334597007787805,1,-84.46935331821442,-85.36808407306671,-100.10902248914817,-99.87094757314381,11,11
Only Guy had ever intended to cry.,Even Guy had ever intended to cry.,semantics,npi_licensing,only_npi_licensor_present,True,False,True,False,561,1.8920406590402514,2.117239708081023,-0.22519904904077137,0,-49.75709980726242,-47.717432498931885,-64.89342507958443,-64.65535016358007,8,8
Only Gary had ever appeared to help Jason.,Even Gary had ever appeared to help Jason.,semantics,npi_licensing,only_npi_licensor_present,True,False,True,False,562,1.939501786317,1.9760118015795836,-0.03651001526258346,0,-56.40247929096222,-55.835814237594604,-73.85799536781522,-73.61992045181086,9,9
Only Vincent had ever convinced Caroline's oncologists to compromise.,Even Vincent had ever convinced Caroline's oncologists to compromise.,semantics,npi_licensing,only_npi_licensor_present,True,False,True,False,563,0.805474076561058,0.9136930110512498,-0.10821893449019182,0,-101.42356657981873,-99.7786455154419,-111.89472957511248,-111.65665465910814,13,13
Only that ice cream ever melts.,Even that ice cream ever melts.,semantics,npi_licensing,only_npi_licensor_present,True,False,True,False,564,2.9943940364388593,2.9464980404644305,0.04789599597442873,1,-38.989983439445496,-39.087180495262146,-59.95074169451751,-59.71266677851316,7,7
Only the Lutherans ever drive to most lakes.,Even the Lutherans ever drive to most lakes.,semantics,npi_licensing,only_npi_licensor_present,True,False,True,False,565,0.5959323705493546,0.58376614291071,0.0121662276386445,1,-76.66079843044281,-76.54438579082489,-82.62012213593636,-82.38204721993199,10,10
Only Kirsten should ever hope to bake.,Even Kirsten should ever hope to bake.,semantics,npi_licensing,only_npi_licensor_present,True,False,True,False,566,1.8722639778235393,1.7388753903885383,0.13338858743500093,1,-60.167208194732666,-61.12963056564331,-77.01758399514452,-76.77950907914015,9,9
Only the university has ever threatened to leave.,Even the university has ever threatened to leave.,semantics,npi_licensing,only_npi_licensor_present,True,False,True,False,567,2.3759504987872586,2.3613412262411058,0.014609272546152852,1,-46.694013595581055,-46.587422132492065,-68.07756808466638,-67.83949316866202,9,9
Only Kristen had ever left.,Even Kristen had ever left.,semantics,npi_licensing,only_npi_licensor_present,True,False,True,False,568,1.7336497517991158,1.6493335151244608,0.08431623667465504,1,-39.50394010543823,-39.77176260948181,-49.90583861623293,-49.667763700228576,6,6
Only Connie ever passed the museums.,Even Connie ever passed the museums.,semantics,npi_licensing,only_npi_licensor_present,True,False,True,False,569,1.3098791289725469,1.2908575473058477,0.019021581666699205,1,-52.220553159713745,-52.11562931537628,-61.38970706252157,-61.151632146517215,7,7
Only Carlos might ever drive to this grocery store.,Even Carlos might ever drive to this grocery store.,semantics,npi_licensing,only_npi_licensor_present,True,False,True,False,570,2.1117210940799596,2.2391179143272097,-0.1273968202472502,0,-63.336584627628326,-61.82454150915146,-84.45379556842792,-84.21572065242356,10,10
Only Laurie ever questions every actress.,Even Laurie ever questions every actress.,semantics,npi_licensing,only_npi_licensor_present,True,False,True,False,571,0.804293915365202,0.549144139706977,0.25514977565822505,1,-57.81931746006012,-59.36729097366333,-63.449374867616534,-63.21129995161217,7,7
Only Russell did ever force Nina to confuse all guests.,Even Russell did ever force Nina to confuse all guests.,semantics,npi_licensing,only_npi_licensor_present,True,False,True,False,572,1.109610537493141,1.1440502839055748,-0.03443974641243375,0,-85.6921089887619,-85.07519686222076,-97.89782490118645,-97.65974998518209,11,11
Only Scott ever boycotts a lot of lakes.,Even Scott ever boycotts a lot of lakes.,semantics,npi_licensing,only_npi_licensor_present,True,False,True,False,573,2.310325625868677,2.343117936047034,-0.03279231017835693,0,-64.6885342001915,-64.12253618240356,-87.79179045887827,-87.5537155428739,10,10
Only Douglas ever performed.,Even Douglas ever performed.,semantics,npi_licensing,only_npi_licensor_present,True,False,True,False,574,1.0377973993907985,1.0453897163760828,-0.0075923169852842864,0,-39.38264441490173,-39.10660791397095,-44.571631411855726,-44.33355649585136,5,5
Only Spain might ever surrender.,Even Spain might ever surrender.,semantics,npi_licensing,only_npi_licensor_present,True,False,True,False,575,1.703178632766317,1.7173991457724966,-0.014220513006179658,0,-42.34177124500275,-42.018373250961304,-52.56084304160065,-52.32276812559628,6,6
Only the teenagers ever drink.,Even the teenagers ever drink.,semantics,npi_licensing,only_npi_licensor_present,True,False,True,False,576,1.449135566731396,1.4210567097666182,0.028078856964777854,1,-39.2194629907608,-39.149861216545105,-47.91427639114918,-47.676201475144815,6,6
Only the Borgias ever wash.,Even the Borgias ever wash.,semantics,npi_licensing,only_npi_licensor_present,True,False,True,False,577,0.8913147392171419,0.7851678391594591,0.10614690005768279,1,-54.286720991134644,-54.79167437553406,-60.52592416565464,-60.28784924965027,7,7
Only these waiters ever laugh.,Even these waiters ever laugh.,semantics,npi_licensing,only_npi_licensor_present,True,False,True,False,578,0.9949076502890141,1.0939887213082966,-0.09908107101928254,0,-49.80692934989929,-48.87528693675995,-56.77128290192239,-56.533207985918025,7,7
Only those ladies ever disturb Jodi.,Even those ladies ever disturb Jodi.,semantics,npi_licensing,only_npi_licensor_present,True,False,True,False,579,2.2575302802241097,2.16632114956451,0.09120913065959968,1,-56.429993629455566,-56.92159175872803,-74.49023587124844,-74.25216095524411,8,8
Only Candice ever complained.,Even Candice ever complained.,semantics,npi_licensing,only_npi_licensor_present,True,False,True,False,580,2.4977461197763433,2.6593977282237056,-0.16165160844736226,0,-41.496238470077515,-40.28825390338898,-56.482715188735575,-56.24464027273121,6,6
Only that cilantro ever went bad.,Even that cilantro ever went bad.,semantics,npi_licensing,only_npi_licensor_present,True,False,True,False,581,1.8595214581762,1.788221336854022,0.071300121322178,1,-53.94177854061127,-54.274104595184326,-68.81795020602087,-68.5798752900165,8,8
Only Martha ever ascertained some bicycle to stop.,Even Martha ever ascertained some bicycle to stop.,semantics,npi_licensing,only_npi_licensor_present,True,False,True,False,582,1.7880933316415963,1.7385869159765235,0.049506415665072856,1,-72.73957526683807,-72.99656450748444,-90.62050858325404,-90.38243366724967,10,10
Only Dennis ever thought about who bothered to donate.,Even Dennis ever thought about who bothered to donate.,semantics,npi_licensing,only_npi_licensor_present,True,False,True,False,583,1.3998456743460337,1.3606634030443643,0.0391822713016694,1,-71.12400031089783,-71.27774810791016,-85.12245705435816,-84.8843821383538,10,10
Only Kenneth might ever push this government to help that man.,Even Kenneth might ever push this government to help that man.,semantics,npi_licensing,only_npi_licensor_present,True,False,True,False,584,1.0455362457136488,1.1793043358724138,-0.133768090158765,0,-79.39545845985413,-77.55216646194458,-91.94189340841791,-91.70381849241355,12,12
Only the cars can ever crack.,Even the cars can ever crack.,semantics,npi_licensing,only_npi_licensor_present,True,False,True,False,585,1.1088152442724422,0.878141536974683,0.23067370729775916,1,-44.400065183639526,-45.77670621871948,-52.16177189354662,-51.923696977542264,7,7
Only these actresses ever retaliated.,Even these actresses ever retaliated.,semantics,npi_licensing,only_npi_licensor_present,True,False,True,False,586,2.66956904360809,2.716464425927382,-0.04689538231929191,0,-49.30103814601898,-48.7346955537796,-67.98802145127561,-67.74994653527128,7,7
Only Tanya has ever helped Donna.,Even Tanya has ever helped Donna.,semantics,npi_licensing,only_npi_licensor_present,True,False,True,False,587,2.7805602545896626,2.807194304824911,-0.026634050235248452,0,-50.16640281677246,-49.71525549888611,-72.41088485348976,-72.1728099374854,8,8
Only Carol did ever leave Heidi.,Even Carol did ever leave Heidi.,semantics,npi_licensing,only_npi_licensor_present,True,False,True,False,588,1.7297219763657563,1.6861934681624962,0.04352850820326015,1,-50.78065872192383,-50.847283363342285,-62.88871255648412,-62.65063764047976,7,7
Only the spotlight ever darkens.,Even the spotlight ever darkens.,semantics,npi_licensing,only_npi_licensor_present,True,False,True,False,589,1.2255027082570524,1.3314912934397611,-0.1059885851827087,0,-50.76352906227112,-49.78353404998779,-59.342048020070486,-59.10397310406612,7,7
Only Angela has ever wept.,Even Angela has ever wept.,semantics,npi_licensing,only_npi_licensor_present,True,False,True,False,590,1.0439534314853194,0.7900441987838575,0.25390923270146193,1,-50.48872971534729,-52.028019428253174,-57.796403735744526,-57.558328819740176,7,7
Only Catherine should ever think about that association.,Even Catherine should ever think about that association.,semantics,npi_licensing,only_npi_licensor_present,True,False,True,False,591,1.4362019980314737,1.522144065800401,-0.08594206776892732,0,-58.6860237121582,-57.67447018623352,-71.61184169444147,-71.37376677843713,9,9
Only Florence has ever happened to shock Kirsten.,Even Florence has ever happened to shock Kirsten.,semantics,npi_licensing,only_npi_licensor_present,True,False,True,False,592,2.24960449588784,2.194536062364739,0.05506843352310087,1,-63.70267716050148,-64.01528657972813,-86.19872211937988,-85.96064720337552,10,10
Only these organizations ever remember Beverly.,Even these organizations ever remember Beverly.,semantics,npi_licensing,only_npi_licensor_present,True,False,True,False,593,0.7784023064683895,0.6975214406732297,0.08088086579515974,1,-57.55649471282959,-57.88458585739136,-63.00531085810832,-62.767235942103966,7,7
Only that gate ever opens.,Even that gate ever opens.,semantics,npi_licensing,only_npi_licensor_present,True,False,True,False,594,1.5557642089379773,1.113058078095739,0.4427061308422382,1,-38.67434477806091,-41.092506647109985,-48.00893003168878,-47.77085511568442,6,6
Only Connie had ever appeared to nod.,Even Connie had ever appeared to nod.,semantics,npi_licensing,only_npi_licensor_present,True,False,True,False,595,1.9721570951581349,2.031686293193829,-0.05952919803569401,0,-52.05255305767059,-51.338244557380676,-67.82980981893567,-67.59173490293131,8,8
Only Deanna might ever flee from a bank.,Even Deanna might ever flee from a bank.,semantics,npi_licensing,only_npi_licensor_present,True,False,True,False,596,1.7052963529279481,1.6190962450555388,0.08620010787240928,1,-66.30022323131561,-66.92414939403534,-83.3531867605951,-83.11511184459073,10,10
Only that glacier ever evaporates.,Even that glacier ever evaporates.,semantics,npi_licensing,only_npi_licensor_present,True,False,True,False,597,2.6527200361460195,2.4549991313701045,0.19772090477591497,1,-45.52934920787811,-46.675320625305176,-64.09838946090025,-63.86031454489591,7,7
Only Mark ever appeared to scream.,Even Mark ever appeared to scream.,semantics,npi_licensing,only_npi_licensor_present,True,False,True,False,598,1.8814328967524716,1.7790160553648329,0.10241684138763874,1,-44.48015511035919,-44.9589980840683,-57.65018538762649,-57.41211047162213,7,7
Only Eric ever motivated that lady to stun the customers.,Even Eric ever motivated that lady to stun the customers.,semantics,npi_licensing,only_npi_licensor_present,True,False,True,False,599,1.3678350468263432,1.2943382483869537,0.0734967984393895,1,-79.35169899463654,-79.92208886146545,-94.39788450972631,-94.15980959372195,11,11
Only the convertible ever stops.,Even the convertible ever stops.,semantics,npi_licensing,only_npi_licensor_present,True,False,True,False,600,1.3195885399589145,1.200251395564327,0.11933714439458742,1,-42.64072108268738,-43.11866903305054,-50.558252322440865,-50.3201774064365,6,6
Only Karla ever presses Florence to explore Spain.,Even Karla ever presses Florence to explore Spain.,semantics,npi_licensing,only_npi_licensor_present,True,False,True,False,601,1.0662130621136412,0.9606197843613188,0.10559327775232241,1,-85.42657768726349,-86.24443554878235,-96.0887083083999,-95.85063339239554,10,10
Only Beth ever examines stories.,Even Beth ever examines stories.,semantics,npi_licensing,only_npi_licensor_present,True,False,True,False,602,1.1047955025374623,0.9376194318275672,0.16717607070989504,1,-49.60374927520752,-50.368730783462524,-56.23252229043229,-55.99444737442793,6,6
Only some patients ever suffer.,Even some patients ever suffer.,semantics,npi_licensing,only_npi_licensor_present,True,False,True,False,603,2.2773028825001127,2.302185156472278,-0.024882273972165247,0,-37.77197861671448,-37.384610056877136,-51.435795911715154,-51.1977209957108,6,6
Only the senator ever upset Colleen.,Even the senator ever upset Colleen.,semantics,npi_licensing,only_npi_licensor_present,True,False,True,False,604,1.6826076068083609,1.791602893258247,-0.10899528644988621,0,-59.04296123981476,-57.932924032211304,-72.50382209428165,-72.26574717827728,8,8
Only that legislature did ever conspire.,Even that legislature did ever conspire.,semantics,npi_licensing,only_npi_licensor_present,True,False,True,False,605,2.135603873613011,2.1986946875926137,-0.0630908139796027,0,-55.313206911087036,-54.57040548324585,-72.39803789999112,-72.15996298398676,8,8
Only some committees do ever correspond.,Even some committees do ever correspond.,semantics,npi_licensing,only_npi_licensor_present,True,False,True,False,606,0.9323002812303197,1.0455110760709698,-0.11321079484065011,0,-54.59921169281006,-53.56866121292114,-61.1253136614223,-60.88723874541793,7,7
Only this sock ever crumples.,Even this sock ever crumples.,semantics,npi_licensing,only_npi_licensor_present,True,False,True,False,607,1.154098414452676,0.7901495008636559,0.36394891358902015,1,-59.476696491241455,-62.15021288394928,-68.70948380686286,-68.47140889085853,8,8
Only the Lutherans could ever chat.,Even the Lutherans could ever chat.,semantics,npi_licensing,only_npi_licensor_present,True,False,True,False,608,0.6821608205613447,0.8414996950058065,-0.1593388744444617,0,-61.42667770385742,-59.91389179229736,-66.88396426834818,-66.64588935234381,8,8
Only Martin should ever sing.,Even Martin should ever sing.,semantics,npi_licensing,only_npi_licensor_present,True,False,True,False,609,1.2315354993974346,1.184773804946392,0.0467616944510425,1,-42.57084345817566,-42.61333870887756,-49.96005645456027,-49.721981538555916,6,6
Only Aaron has ever gone fishing.,Even Aaron has ever gone fishing.,semantics,npi_licensing,only_npi_licensor_present,True,False,True,False,610,1.9299950518580462,1.7986834624638592,0.13131158939418697,1,-46.76342988014221,-47.444536089897156,-60.273395243148535,-60.03532032714417,7,7
Only Keith ever benefits.,Even Keith ever benefits.,semantics,npi_licensing,only_npi_licensor_present,True,False,True,False,611,0.9764313454874142,0.8692050656327936,0.10722627985462052,1,-41.124194622039795,-41.42225110530853,-46.006351349476866,-45.7682764334725,5,5
Only these schools ever meet.,Even these schools ever meet.,semantics,npi_licensing,only_npi_licensor_present,True,False,True,False,612,1.566157950399628,1.247610678810318,0.31854727158930984,1,-40.09070420265198,-41.76391291618347,-49.487651905049745,-49.24957698904538,6,6
Only a cart ever crashes.,Even a cart ever crashes.,semantics,npi_licensing,only_npi_licensor_present,True,False,True,False,613,1.2523322717639591,0.9213886844410576,0.3309435873229015,1,-43.30300414562225,-45.0505907535553,-50.81699777620601,-50.578922860201644,6,6
Only James ever forgets who say Deanna thinks about that projector.,Even James ever forgets who say Deanna thinks about that projector.,semantics,npi_licensing,only_npi_licensor_present,True,False,True,False,614,2.1367233540246287,2.094502062065398,0.042221291959230633,1,-95.01355159282684,-95.36657476425171,-124.92767854917165,-124.68960363316728,14,14
Only some people ever salute.,Even some people ever salute.,semantics,npi_licensing,only_npi_licensor_present,True,False,True,False,615,1.683624937059599,1.5637451917154064,0.11987974534419266,1,-38.66362166404724,-39.14482522010803,-48.765371286404836,-48.52729637040047,6,6
Only Stacey would ever realize what were aggravating Samuel.,Even Stacey would ever realize what were aggravating Samuel.,semantics,npi_licensing,only_npi_licensor_present,True,False,True,False,616,2.5601803151737337,2.5291130963436124,0.031067218830121313,1,-79.02265959978104,-79.15739130973816,-109.74482338186584,-109.5067484658615,12,12
Only the Impressionists ever played.,Even the Impressionists ever played.,semantics,npi_licensing,only_npi_licensor_present,True,False,True,False,617,3.437993036176831,3.495429068099625,-0.05743603192279423,0,-44.000821590423584,-43.303258419036865,-71.50476587983823,-71.26669096383387,8,8
Only Cynthia ever prodded Frank's partner to talk about waiters.,Even Cynthia ever prodded Frank's partner to talk about waiters.,semantics,npi_licensing,only_npi_licensor_present,True,False,True,False,618,1.8947970595604962,1.8803515230662924,0.01444553649420377,1,-99.95017433166504,-99.92878246307373,-128.37213022507248,-128.13405530906812,15,15
Only the sock ever twirls.,Even the sock ever twirls.,semantics,npi_licensing,only_npi_licensor_present,True,False,True,False,619,1.8709898705197627,1.6616534236236653,0.20933644689609743,1,-51.14474260807037,-52.5813592672348,-66.11266157222848,-65.87458665622412,8,8
Only Brenda has ever investigated Andrew.,Even Brenda has ever investigated Andrew.,semantics,npi_licensing,only_npi_licensor_present,True,False,True,False,620,1.8319275161430337,1.7826856132297775,0.04924190291325625,1,-53.05267524719238,-53.15929365158081,-65.87616786019362,-65.63809294418925,7,7
Only the skateboards have ever maneuvered.,Even the skateboards have ever maneuvered.,semantics,npi_licensing,only_npi_licensor_present,True,False,True,False,621,3.2940882270823915,3.232967489887462,0.061120737194929387,1,-56.42420053482056,-56.73621225357056,-86.07099457856208,-85.83291966255771,9,9
Only the actresses ever salute.,Even the actresses ever salute.,semantics,npi_licensing,only_npi_licensor_present,True,False,True,False,622,1.507864488653457,1.4900556709291983,0.017808817724258574,1,-42.97306203842163,-42.84184002876282,-52.02024897034237,-51.78217405433801,6,6
Only Melanie ever worried Meredith.,Even Melanie ever worried Meredith.,semantics,npi_licensing,only_npi_licensor_present,True,False,True,False,623,1.4457608845347483,1.3790578799958635,0.06670300453888478,1,-50.56637370586395,-50.728516817092896,-59.24093901307244,-59.00286409706808,6,6
Only the essays ever disgust Rachel.,Even the essays ever disgust Rachel.,semantics,npi_licensing,only_npi_licensor_present,True,False,True,False,624,0.5870020853848905,0.6074279305141518,-0.020425845129261266,0,-58.369208574295044,-57.988152742385864,-62.47822317198928,-62.24014825598493,7,7
Only Brett has ever helped Lucille.,Even Brett has ever helped Lucille.,semantics,npi_licensing,only_npi_licensor_present,True,False,True,False,625,2.559173343075372,2.463123063562467,0.09605027951290523,1,-53.733030796051025,-54.2633581161499,-74.206417540654,-73.96834262464964,8,8
Only Chad could ever scan a lot of books.,Even Chad could ever scan a lot of books.,semantics,npi_licensing,only_npi_licensor_present,True,False,True,False,626,1.9176794508008812,1.9494686744123129,-0.03178922361143166,0,-61.8520969748497,-61.29612982273102,-81.02889148285851,-80.79081656685415,10,10
Only the Borgias ever communicated.,Even the Borgias ever communicated.,semantics,npi_licensing,only_npi_licensor_present,True,False,True,False,627,1.6932381481866514,1.7145052703021701,-0.021267122115518733,0,-52.30156922340393,-51.91462445259094,-64.15423626071049,-63.91616134470613,7,7
Only Eva can ever examine that story.,Even Eva can ever examine that story.,semantics,npi_licensing,only_npi_licensor_present,True,False,True,False,628,1.9047470261220614,1.8252253232216304,0.07952170290043092,1,-50.837029814720154,-51.23512852191925,-66.07500602369664,-65.8369311076923,8,8
Only those carts ever slip.,Even those carts ever slip.,semantics,npi_licensing,only_npi_licensor_present,True,False,True,False,629,1.597081602299486,1.3595585801049108,0.23752302219457522,1,-44.62100100517273,-45.808064222335815,-54.203490618969646,-53.96541570296528,6,6
Only women have ever attempted to alarm Holly.,Even women have ever attempted to alarm Holly.,semantics,npi_licensing,only_npi_licensor_present,True,False,True,False,630,1.9779557260197957,1.799931975171641,0.1780237508481548,1,-58.65129026770592,-60.015429109334946,-76.45289180188408,-76.21481688587971,9,9
Only the legislatures ever reference Stacy.,Even the legislatures ever reference Stacy.,semantics,npi_licensing,only_npi_licensor_present,True,False,True,False,631,0.30539152698176103,0.38063140425692915,-0.07523987727516812,0,-63.92549252510071,-63.160738468170166,-66.06323321397304,-65.82515829796867,7,7
Only Nancy could ever work with Renee.,Even Nancy could ever work with Renee.,semantics,npi_licensing,only_npi_licensor_present,True,False,True,False,632,2.250723290912172,2.2367254295666488,0.013997861345523166,1,-54.79786801338196,-54.685773849487305,-75.0543776315915,-74.81630271558714,9,9
Only Patricia had ever concealed Sheila.,Even Patricia had ever concealed Sheila.,semantics,npi_licensing,only_npi_licensor_present,True,False,True,False,633,1.5994157000422493,1.5615657433766412,0.03784995666560809,1,-55.035879135131836,-55.06275391578674,-66.23178903542758,-65.99371411942323,7,7
Only the pedestrians did ever notice Curtis.,Even the pedestrians did ever notice Curtis.,semantics,npi_licensing,only_npi_licensor_present,True,False,True,False,634,1.50926965301419,1.4755661001572449,0.03370355285694515,1,-57.94140982627869,-57.97296333312988,-70.0155670503922,-69.77749213438784,8,8
Only the waiter ever tries to escape from Irene.,Even the waiter ever tries to escape from Irene.,semantics,npi_licensing,only_npi_licensor_present,True,False,True,False,635,3.0800486111143925,3.0172255923305924,0.06282301878380014,1,-57.27487639337778,-57.72785468399525,-91.1554111156361,-90.91733619963176,11,11
Only that documentary ever irritates Michelle.,Even that documentary ever irritates Michelle.,semantics,npi_licensing,only_npi_licensor_present,True,False,True,False,636,1.6553041419875676,1.5987893104297939,0.056514831557773704,1,-61.32033288478851,-61.53437662124634,-74.56276602068905,-74.32469110468469,8,8
Only Theodore has ever murmured.,Even Theodore has ever murmured.,semantics,npi_licensing,only_npi_licensor_present,True,False,True,False,637,2.5126872238066205,2.560124738043728,-0.047437514237107514,0,-45.83480082452297,-45.26466330885887,-63.42361139116932,-63.185536475164966,7,7
Only Winston Churchill ever forced every waiter to hide away.,Even Winston Churchill ever forced every waiter to hide away.,semantics,npi_licensing,only_npi_licensor_present,True,False,True,False,638,2.1229002455629598,2.1293554812068503,-0.0064552356438905,0,-79.07046699523926,-78.7613844871521,-102.42236969643182,-102.18429478042745,11,11
Only some hospitals ever find many senators to fight.,Even some hospitals ever find many senators to fight.,semantics,npi_licensing,only_npi_licensor_present,True,False,True,False,639,1.987848715110991,1.9530012988889751,0.034847416222015815,1,-64.32322788238525,-64.43362712860107,-84.20171503349516,-83.96364011749083,10,10
Only Samantha ever escapes.,Even Samantha ever escapes.,semantics,npi_licensing,only_npi_licensor_present,True,False,True,False,640,1.8548981364504826,1.8072555920618654,0.04764254438861726,1,-37.82049536705017,-37.82063317298889,-47.094986049302584,-46.85691113329822,5,5
Only Kristin had ever planned to reveal Winston Churchill.,Even Kristin had ever planned to reveal Winston Churchill.,semantics,npi_licensing,only_npi_licensor_present,True,False,True,False,641,2.5964367117042517,2.835443738799336,-0.23900702709508437,0,-74.12757539749146,-71.26042318344116,-102.68837922623823,-102.45030431023386,11,11
Only Danielle ever ascends a lot of hills.,Even Danielle ever ascends a lot of hills.,semantics,npi_licensing,only_npi_licensor_present,True,False,True,False,642,1.812660886476209,1.8070080875256138,0.005652798950595228,1,-69.41439110040665,-69.23284417390823,-87.54099996516874,-87.30292504916437,10,10
Only that tomato ever grows.,Even that tomato ever grows.,semantics,npi_licensing,only_npi_licensor_present,True,False,True,False,643,1.632974912589327,1.2612383236146616,0.3717365889746653,1,-40.482999324798584,-42.47534394264221,-50.280848800334546,-50.04277388433018,6,6
Only Jill had ever forgotten who testifies.,Even Jill had ever forgotten who testifies.,semantics,npi_licensing,only_npi_licensor_present,True,False,True,False,644,1.8413517344363615,1.8232621864182035,0.018089548018157986,1,-64.65853381156921,-64.58326482772827,-81.23069942149647,-80.9926245054921,9,9
Only cashiers ever love Benjamin.,Even cashiers ever love Benjamin.,semantics,npi_licensing,only_npi_licensor_present,True,False,True,False,645,1.1836511303324844,1.0255305467813247,0.15812058355115965,1,-55.8584760427475,-56.72724521160126,-64.14403395507489,-63.90595903907053,7,7
Only some drivers have ever worked hard.,Even some drivers have ever worked hard.,semantics,npi_licensing,only_npi_licensor_present,True,False,True,False,646,2.5390004254325618,2.4749050900534186,0.06409533537914314,1,-44.564231514930725,-44.838919281959534,-64.87623491839122,-64.63816000238688,8,8
Only Martha ever talked.,Even Martha ever talked.,semantics,npi_licensing,only_npi_licensor_present,True,False,True,False,647,1.9196932089552434,1.819320676468483,0.10037253248676037,1,-34.373019218444824,-34.63680696487427,-43.97148526322104,-43.73341034721668,5,5
Only Martha has ever lied.,Even Martha has ever lied.,semantics,npi_licensing,only_npi_licensor_present,True,False,True,False,648,2.2933908250584936,2.27573527074417,0.01765555431432375,1,-38.9843692779541,-38.85222768783569,-52.744714228305064,-52.50663931230071,6,6
Only a blouse will ever shrink.,Even a blouse will ever shrink.,semantics,npi_licensing,only_npi_licensor_present,True,False,True,False,649,3.1024411855861374,2.8837077088133327,0.21873347677280464,1,-42.701287031173706,-44.21307992935181,-67.5208165158628,-67.28274159985847,8,8
Only Catherine ever forgot who won't scratch.,Even Catherine ever forgot who won't scratch.,semantics,npi_licensing,only_npi_licensor_present,True,False,True,False,650,1.6521672239837717,1.592185594466514,0.05998162951725772,1,-60.619338631629944,-60.9210983812809,-75.48884364748389,-75.25076873147952,9,9
Only Mitchell had ever badgered Debra's mentees to exercise.,Even Mitchell had ever badgered Debra's mentees to exercise.,semantics,npi_licensing,only_npi_licensor_present,True,False,True,False,651,1.194735196151608,1.1925042526676972,0.00223094348391073,1,-114.82485437393188,-114.61801266670227,-131.5511471200544,-131.31307220405003,14,14
Only Winston Churchill has ever grinned.,Even Winston Churchill has ever grinned.,semantics,npi_licensing,only_npi_licensor_present,True,False,True,False,652,2.2377578965638594,2.217335452475855,0.020422444088004532,1,-51.681079030036926,-51.58596122264862,-67.34538430598394,-67.1073093899796,7,7
Only Melissa ever mutters.,Even Melissa ever mutters.,semantics,npi_licensing,only_npi_licensor_present,True,False,True,False,653,1.8195949187685987,1.6202805203011887,0.19931439846740995,1,-45.041614294052124,-45.999425768852234,-55.95918380666372,-55.721108890659366,6,6
Only Carmen ever praised some teenager.,Even Carmen ever praised some teenager.,semantics,npi_licensing,only_npi_licensor_present,True,False,True,False,654,1.504031377502368,1.6653435293943224,-0.16131215189195447,0,-56.32418096065521,-54.956920981407166,-66.85240060317179,-66.61432568716742,7,7
Only the beef ever charred.,Even the beef ever charred.,semantics,npi_licensing,only_npi_licensor_present,True,False,True,False,655,1.0972717390758457,0.9126134671076116,0.18465827196823414,1,-44.70448708534241,-45.57436180114746,-51.28811751979748,-51.05004260379313,6,6
Only Brian ever shrugs.,Even Brian ever shrugs.,semantics,npi_licensing,only_npi_licensor_present,True,False,True,False,656,1.4730155587493041,1.2375100345710888,0.23550552417821535,1,-43.96779155731201,-45.14274978637695,-52.80588490980784,-52.567809993803486,6,6
Only the glaciers ever bore that actor.,Even the glaciers ever bore that actor.,semantics,npi_licensing,only_npi_licensor_present,True,False,True,False,657,0.42658459696902007,0.3925880574806815,0.033996539488338584,1,-63.008570432662964,-63.04246783256531,-66.42124720841512,-66.18317229241076,8,8
Only those pedestrians ever consider Natalie to talk.,Even those pedestrians ever consider Natalie to talk.,semantics,npi_licensing,only_npi_licensor_present,True,False,True,False,658,1.3226971585859972,1.3388728373558303,-0.016175678769833057,0,-68.66232132911682,-68.27866530418396,-80.5665957563908,-80.32852084038643,9,9
Only Lucille ever longs to cry.,Even Lucille ever longs to cry.,semantics,npi_licensing,only_npi_licensor_present,True,False,True,False,659,1.4910924464213149,1.441838444313886,0.04925400210742881,1,-59.180754244327545,-59.38596534729004,-72.60058626211938,-72.36251134611501,9,9
Only the trucks could ever slip.,Even the trucks could ever slip.,semantics,npi_licensing,only_npi_licensor_present,True,False,True,False,660,1.540347403188949,1.3047340375899736,0.2356133655989754,1,-44.35221242904663,-45.76343107223511,-55.134644251369274,-54.89656933536492,7,7
Only the Clintons have ever refused to yawn.,Even the Clintons have ever refused to yawn.,semantics,npi_licensing,only_npi_licensor_present,True,False,True,False,661,1.2362820294910142,1.3133651185116169,-0.07708308902060268,0,-65.05024063587189,-64.1184179186821,-76.17677890129102,-75.93870398528665,9,9
Only Stacy had ever concurred.,Even Stacy had ever concurred.,semantics,npi_licensing,only_npi_licensor_present,True,False,True,False,662,2.2087331568313817,2.0872824065997526,0.1214507502316291,1,-52.08795404434204,-52.700034379959106,-67.54908614216171,-67.31101122615738,7,7
Only this waiter ever implores Dawn's brothers to listen to Carla.,Even this waiter ever implores Dawn's brothers to listen to Carla.,semantics,npi_licensing,only_npi_licensor_present,True,False,True,False,663,2.0219690504383303,1.9139858177415305,0.10798323269679977,1,-101.39515800774097,-102.7768315821886,-131.72469376431593,-131.48661884831156,15,15
Only Sherry ever hides away.,Even Sherry ever hides away.,semantics,npi_licensing,only_npi_licensor_present,True,False,True,False,664,2.296776867953755,2.1852169635658476,0.11155990438790742,1,-47.980085015296936,-48.522929430007935,-64.05752309097322,-63.81944817496887,7,7
Only this vase had ever chipped.,Even this vase had ever chipped.,semantics,npi_licensing,only_npi_licensor_present,True,False,True,False,665,2.4283555229580367,2.350753333245071,0.07760218971296551,1,-54.05757737159729,-54.517922163009644,-75.91277707821962,-75.67470216221528,9,9
Only Randolf can ever bike to this museum.,Even Randolf can ever bike to this museum.,semantics,npi_licensing,only_npi_licensor_present,True,False,True,False,666,1.0919294490857254,1.0062394794865555,0.08568996959916997,1,-74.93172830343246,-75.5505530834198,-85.85102279428972,-85.61294787828535,10,10
Only Jessica had ever talked about Gary.,Even Jessica had ever talked about Gary.,semantics,npi_licensing,only_npi_licensor_present,True,False,True,False,667,2.574730853191735,2.490343213356354,0.08438763983538067,1,-48.541125655174255,-48.978151857852936,-69.13897248070813,-68.90089756470377,8,8
Only Kayla does ever descend the stairs.,Even Kayla does ever descend the stairs.,semantics,npi_licensing,only_npi_licensor_present,True,False,True,False,668,1.3638954362966667,1.1101667797266386,0.2537286565700281,1,-66.82690620422363,-68.87238919734955,-79.10196513089363,-78.8638902148893,9,9
Only the convertible ever slips.,Even the convertible ever slips.,semantics,npi_licensing,only_npi_licensor_present,True,False,True,False,669,1.1348577480580555,1.030553590463344,0.10430415759471146,1,-45.69913828372955,-46.08688831329346,-52.508284772077886,-52.27020985607352,6,6
Only Paul had ever needed many actors to debate.,Even Paul had ever needed many actors to debate.,semantics,npi_licensing,only_npi_licensor_present,True,False,True,False,670,1.495824933744018,1.5895746578341943,-0.09374972409017635,0,-69.24760377407074,-68.07203161716461,-84.20585311151092,-83.96777819550655,10,10
Only Tanya has ever remembered who shouldn't push Kristin to telephone.,Even Tanya has ever remembered who shouldn't push Kristin to telephone.,semantics,npi_licensing,only_npi_licensor_present,True,False,True,False,671,2.6051407077627933,2.6609879006562704,-0.05584719289347717,0,-89.16839729622006,-88.09261448681355,-128.24550791266196,-128.0074329966576,15,15
Only these teenagers ever testify.,Even these teenagers ever testify.,semantics,npi_licensing,only_npi_licensor_present,True,False,True,False,672,2.0566390479662253,2.0081485009252575,0.04849054704096778,1,-43.28896188735962,-43.341830253601074,-55.62879617515697,-55.39072125915262,6,6
Only Tracy ever answered.,Even Tracy ever answered.,semantics,npi_licensing,only_npi_licensor_present,True,False,True,False,673,1.1203907357813194,1.0803807330491977,0.04001000273212174,1,-37.97440576553345,-37.9363808631897,-43.576359444440044,-43.338284528435686,5,5
Only Laura might ever turn out to clash.,Even Laura might ever turn out to clash.,semantics,npi_licensing,only_npi_licensor_present,True,False,True,False,674,1.6215287810361758,1.557916569689635,0.06361221134654071,1,-59.21175491809845,-59.54618990421295,-73.80551394742403,-73.56743903141967,9,9
Only Veronica ever annoyed Guy.,Even Veronica ever annoyed Guy.,semantics,npi_licensing,only_npi_licensor_present,True,False,True,False,675,1.532382812124658,1.4843452206475536,0.04803759147710451,1,-50.03287100791931,-50.08302164077759,-59.22716788066726,-58.98909296466291,6,6
Only Patricia ever screams.,Even Patricia ever screams.,semantics,npi_licensing,only_npi_licensor_present,True,False,True,False,676,1.2720555480340479,1.2236489674668447,0.04840658056720315,1,-40.48087525367737,-40.48483324050903,-46.84115299384761,-46.60307807784326,5,5
Only a pedestrian might ever reveal Caroline.,Even a pedestrian might ever reveal Caroline.,semantics,npi_licensing,only_npi_licensor_present,True,False,True,False,677,1.5227672061924515,1.305769014344154,0.2169981918482975,1,-59.983192801475525,-61.48110342025757,-72.16533045101514,-71.9272555350108,8,8
Only those ladies ever found Linda.,Even those ladies ever found Linda.,semantics,npi_licensing,only_npi_licensor_present,True,False,True,False,678,1.8967550713827188,1.8219696149808695,0.0747854564018493,1,-46.68199920654297,-46.96742248535156,-59.959284706222,-59.72120979021765,7,7
Only Lucille would ever fall asleep.,Even Lucille would ever fall asleep.,semantics,npi_licensing,only_npi_licensor_present,True,False,True,False,679,3.4956225264627285,3.433257111590059,0.062365414872669334,1,-42.325783133506775,-42.586631536483765,-70.2907633452086,-70.05268842920424,8,8
Only Naomi has ever run around those art galleries.,Even Naomi has ever run around those art galleries.,semantics,npi_licensing,only_npi_licensor_present,True,False,True,False,680,2.3520748992175102,2.293796313008767,0.05827858620874338,1,-66.79190480709076,-67.13661575317383,-90.31265379926586,-90.0745788832615,10,10
Only Deborah ever read.,Even Deborah ever read.,semantics,npi_licensing,only_npi_licensor_present,True,False,True,False,681,1.4799169651028294,1.0225327329395568,0.4573842321632726,1,-35.88187122344971,-37.93071746826172,-43.281456048963854,-43.0433811329595,5,5
Only Melanie ever notices Victoria.,Even Melanie ever notices Victoria.,semantics,npi_licensing,only_npi_licensor_present,True,False,True,False,682,1.4656869596223814,1.237530529199251,0.22815643042313027,1,-50.64537847042084,-51.77624213695526,-59.439500228155126,-59.20142531215077,6,6
Only Maria ever commands every synopsis to praise Becky.,Even Maria ever commands every synopsis to praise Becky.,semantics,npi_licensing,only_npi_licensor_present,True,False,True,False,683,1.2821376998826934,1.2381693782613525,0.0439683216213409,1,-85.01911115646362,-85.22071945667267,-97.84048815529056,-97.6024132392862,10,10
Only organizations ever want to take many glaciers.,Even organizations ever want to take many glaciers.,semantics,npi_licensing,only_npi_licensor_present,True,False,True,False,684,1.2523076134457432,1.1181806105575762,0.13412700288816692,1,-63.45855754613876,-64.42762565612793,-74.72932606715045,-74.49125115114612,9,9
Only wheelbarrows have ever accelerated.,Even wheelbarrows have ever accelerated.,semantics,npi_licensing,only_npi_licensor_present,True,False,True,False,685,2.1024272279134735,1.856771465583872,0.2456557623296014,1,-57.496689319610596,-59.22386050224304,-74.31610714291838,-74.07803222691402,8,8
Only the students have ever discovered Amanda.,Even the students have ever discovered Amanda.,semantics,npi_licensing,only_npi_licensor_present,True,False,True,False,686,1.8680799601431275,1.8237763470616493,0.04430361308147823,1,-49.23964023590088,-49.35599422454834,-64.1842799170459,-63.946205001041534,8,8
Only Omar ever expected Tara to boast.,Even Omar ever expected Tara to boast.,semantics,npi_licensing,only_npi_licensor_present,True,False,True,False,687,1.0275476855893473,1.2098693958034623,-0.18232171021411503,0,-67.48726963996887,-65.79062104225159,-75.70765112468365,-75.46957620867929,8,8
Only the broccoli ever ripens.,Even the broccoli ever ripens.,semantics,npi_licensing,only_npi_licensor_present,True,False,True,False,688,1.6262793373933815,1.5558962119350466,0.07038312545833492,1,-48.57817554473877,-48.83278250694275,-59.96213090649244,-59.724055990488075,7,7
Only Carol has ever known what fall.,Even Carol has ever known what fall.,semantics,npi_licensing,only_npi_licensor_present,True,False,True,False,689,1.4151056286825359,1.3107686644181218,0.10433696426441408,1,-53.735623359680176,-54.33224415779114,-65.05646838914046,-64.81839347313611,8,8
Only the banks might ever reply.,Even the banks might ever reply.,semantics,npi_licensing,only_npi_licensor_present,True,False,True,False,690,1.3650733372356032,1.2397423075991958,0.1253310296364074,1,-46.28916585445404,-46.92840814590454,-55.84467921510326,-55.60660429909891,7,7
Only John ever looks like photographs.,Even John ever looks like photographs.,semantics,npi_licensing,only_npi_licensor_present,True,False,True,False,691,1.5258365022958418,1.3545447568205924,0.1712917454752494,1,-46.82869577407837,-47.78966307640076,-57.50955129014926,-57.2714763741449,7,7
Only the cucumbers ever go bad.,Even the cucumbers ever go bad.,semantics,npi_licensing,only_npi_licensor_present,True,False,True,False,692,2.579719575670868,2.498955101025709,0.08076447464515901,1,-45.42881500720978,-45.8368558883667,-66.06657161257672,-65.82849669657237,8,8
Only Valerie ever passed this public park.,Even Valerie ever passed this public park.,semantics,npi_licensing,only_npi_licensor_present,True,False,True,False,693,1.4816499473454812,1.5109153042289876,-0.0292653568835064,0,-59.06520342826843,-58.593005657196045,-70.91840300703228,-70.68032809102795,8,8
Only schools could ever answer.,Even schools could ever answer.,semantics,npi_licensing,only_npi_licensor_present,True,False,True,False,694,1.1608955053511434,0.9191342750215993,0.2417612303295441,1,-42.2635395526886,-43.4760320186615,-49.22891258479546,-48.990837668791094,6,6
Only this unicycle would ever crack.,Even this unicycle would ever crack.,semantics,npi_licensing,only_npi_licensor_present,True,False,True,False,695,1.3457431027248496,1.3834333675310972,-0.0376902648062476,0,-56.5840961933136,-56.04449915885925,-67.3500410151124,-67.11196609910803,8,8
Only Julia ever spun around.,Even Julia ever spun around.,semantics,npi_licensing,only_npi_licensor_present,True,False,True,False,696,1.5032756695762746,1.396333271326301,0.10694239824997354,1,-45.008885622024536,-45.41246509552002,-54.02853963948218,-53.790464723477825,6,6
Only these couches ever drop.,Even these couches ever drop.,semantics,npi_licensing,only_npi_licensor_present,True,False,True,False,697,2.082914236628367,1.7509658346153796,0.33194840201298725,1,-47.41799736022949,-49.50356125831604,-61.99839701662806,-61.760322100623696,7,7
Only that committee ever hurts Angela.,Even that committee ever hurts Angela.,semantics,npi_licensing,only_npi_licensor_present,True,False,True,False,698,1.1828305443354807,0.9503106938601432,0.23251985047533752,1,-53.075889348983765,-54.46545338630676,-61.35570315933213,-61.117628243327765,7,7
Only Benjamin has ever remembered Rhonda.,Even Benjamin has ever remembered Rhonda.,semantics,npi_licensing,only_npi_licensor_present,True,False,True,False,699,1.885748320170812,1.8947009505566648,-0.0089526303858527,0,-61.02090382575989,-60.7112078666687,-76.10689038712638,-75.86881547112202,8,8
Only Stacey does ever murmur.,Even Stacey does ever murmur.,semantics,npi_licensing,only_npi_licensor_present,True,False,True,False,700,2.930170371231082,2.8530882566389835,0.07708211459209835,1,-52.622141003608704,-53.000723004341125,-76.06350397345736,-75.825429057453,8,8
Only these hats ever dry.,Even these hats ever dry.,semantics,npi_licensing,only_npi_licensor_present,True,False,True,False,701,1.3768605838547063,0.9888770402800245,0.3879835435746818,1,-42.72374129295349,-44.81356763839722,-50.98490479608173,-50.746829880077364,6,6
Only those boys ever profit.,Even those boys ever profit.,semantics,npi_licensing,only_npi_licensor_present,True,False,True,False,702,2.029178286511346,1.8277449230539535,0.2014333634573926,1,-38.17989468574524,-39.15041995048523,-50.354964404813316,-50.11688948880895,6,6
Only the women ever donate.,Even the women ever donate.,semantics,npi_licensing,only_npi_licensor_present,True,False,True,False,703,1.6367456390589556,1.3817675953240567,0.25497804373489896,1,-38.73407030105591,-40.02586364746094,-48.55454413540964,-48.31646921940528,6,6
Only a library should ever forget what aren't shrinking.,Even a library should ever forget what aren't shrinking.,semantics,npi_licensing,only_npi_licensor_present,True,False,True,False,704,1.5633961845352025,1.4289107235007144,0.1344854610344881,1,-71.82271840423346,-73.06398355960846,-89.02007643412068,-88.78200151811632,11,11
Only this sweater ever folds.,Even this sweater ever folds.,semantics,npi_licensing,only_npi_licensor_present,True,False,True,False,705,1.1304636026955481,0.9377904133536544,0.1926731893418937,1,-45.795382499694824,-46.71334671974182,-52.57816411586811,-52.34008919986375,6,6
Only associations ever meet.,Even associations ever meet.,semantics,npi_licensing,only_npi_licensor_present,True,False,True,False,706,0.6516611225626932,0.19357994520898955,0.4580811773537036,1,-40.94347858428955,-42.99580955505371,-44.20178419710302,-43.96370928109866,5,5
Only a patient has ever known who remembered those dancers.,Even a patient has ever known who remembered those dancers.,semantics,npi_licensing,only_npi_licensor_present,True,False,True,False,707,2.2446156341767676,2.236419788041874,0.008195846134893436,1,-66.31680226325989,-66.16888165473938,-91.00757423920433,-90.7694993232,11,11
Only Jane ever complained about that pedestrian.,Even Jane ever complained about that pedestrian.,semantics,npi_licensing,only_npi_licensor_present,True,False,True,False,708,1.98432608485005,1.8134703370162981,0.1708557478337518,1,-54.56515860557556,-55.69392967224121,-70.43976728437596,-70.2016923683716,8,8
Only the convertibles have ever fallen apart.,Even the convertibles have ever fallen apart.,semantics,npi_licensing,only_npi_licensor_present,True,False,True,False,709,2.381712384256474,2.4723465429075935,-0.09063415865111946,0,-56.94204604625702,-55.88826370239258,-78.37745750456529,-78.13938258856092,9,9
Only these gloves ever shrink.,Even these gloves ever shrink.,semantics,npi_licensing,only_npi_licensor_present,True,False,True,False,710,1.5552975823328576,1.2112754246440502,0.3440221576888074,1,-44.56679880619049,-46.39285683631897,-53.898584300187636,-53.66050938418327,6,6
Only Guy ever persuades Beth to litter.,Even Guy ever persuades Beth to litter.,semantics,npi_licensing,only_npi_licensor_present,True,False,True,False,711,1.1904354749942456,1.2942228157810531,-0.10378734078680751,0,-75.95357418060303,-74.7814131975174,-86.66749345555124,-86.42941853954687,9,9
Only the customers ever depart.,Even the customers ever depart.,semantics,npi_licensing,only_npi_licensor_present,True,False,True,False,712,1.9481929869601242,1.7753908139616652,0.172802172998459,1,-38.41917598247528,-39.21791410446167,-50.10833390423603,-49.87025898823166,6,6
Only some museum ever referenced Beth.,Even some museum ever referenced Beth.,semantics,npi_licensing,only_npi_licensor_present,True,False,True,False,713,0.9936363712361437,0.9470422088232014,0.04659416241294223,1,-59.17380619049072,-59.26189041137695,-66.12926078914373,-65.89118587313936,7,7
Only screens ever darken.,Even screens ever darken.,semantics,npi_licensing,only_npi_licensor_present,True,False,True,False,714,0.40173066160088783,0.16785345684507647,0.23387720475581136,1,-50.50455379486084,-51.66974210739136,-52.91493776446617,-52.676862848461816,6,6
Only these children ever disagreed.,Even these children ever disagreed.,semantics,npi_licensing,only_npi_licensor_present,True,False,True,False,715,2.2424001827841535,2.1554380561914877,0.08696212659266589,1,-38.492464661598206,-38.77616250514984,-51.946865758303126,-51.70879084229877,6,6
Only the lady ever figures out who would tempt those granddaughters of Kirsten to lie.,Even the lady ever figures out who would tempt those granddaughters of Kirsten to lie.,semantics,npi_licensing,only_npi_licensor_present,True,False,True,False,716,2.2694623740570243,2.2488947646402537,0.020567609416770605,1,-116.17732149362564,-116.33003115653992,-159.2971066007091,-159.05903168470473,19,19
Only that university has ever pushed Karen's teachers to fix these trucks.,Even that university has ever pushed Karen's teachers to fix these trucks.,semantics,npi_licensing,only_npi_licensor_present,True,False,True,False,717,1.8281592604711168,1.7639960341987933,0.06416322627232351,1,-90.79951977729797,-91.45973002910614,-116.39374942389361,-116.15567450788924,14,14
Only Carmen ever prefers some boy to see.,Even Carmen ever prefers some boy to see.,semantics,npi_licensing,only_npi_licensor_present,True,False,True,False,718,1.6324165977485987,1.6004805993486348,0.03193599839996386,1,-59.438514709472656,-59.48786377906799,-74.13026408921004,-73.89218917320571,9,9
Only Maria had ever turned out to succeed.,Even Maria had ever turned out to succeed.,semantics,npi_licensing,only_npi_licensor_present,True,False,True,False,719,2.0091822480730013,2.0480965557601047,-0.03891430768710347,0,-53.02515006065369,-52.43684637546539,-71.1077902933107,-70.86971537730633,9,9
Only Marcus should ever annoy Tamara.,Even Marcus should ever annoy Tamara.,semantics,npi_licensing,only_npi_licensor_present,True,False,True,False,720,2.217367850501482,2.290434097830694,-0.07306624732921208,0,-59.33928370475769,-58.51667881011963,-77.07822650876955,-76.84015159276518,8,8
Only some patients ever speak up.,Even some patients ever speak up.,semantics,npi_licensing,only_npi_licensor_present,True,False,True,False,721,1.8876760334580223,1.8943685426835708,-0.0066925092255485374,0,-42.640666365623474,-42.35574388504028,-55.85439859982963,-55.61632368382528,7,7
Only Tracy had ever spoken up.,Even Tracy had ever spoken up.,semantics,npi_licensing,only_npi_licensor_present,True,False,True,False,722,1.7336116280616796,1.6717240888623712,0.06188753919930834,1,-44.9877153635025,-45.18285322189331,-57.12299675993426,-56.88492184392991,7,7
Only Rachelle can ever whisper.,Even Rachelle can ever whisper.,semantics,npi_licensing,only_npi_licensor_present,True,False,True,False,723,0.9091432414405024,0.7220002367336866,0.18714300470681577,1,-53.04462003707886,-54.11654615402222,-59.408622727162374,-59.17054781115802,7,7
Only the women ever divorce.,Even the women ever divorce.,semantics,npi_licensing,only_npi_licensor_present,True,False,True,False,724,1.813210160872072,1.7192512238431579,0.09395893702891422,1,-35.78537142276764,-36.11105012893677,-46.66463238800007,-46.426557471995714,6,6
Only Janet had ever dropped by some movie theater.,Even Janet had ever dropped by some movie theater.,semantics,npi_licensing,only_npi_licensor_present,True,False,True,False,725,1.8521110215005563,1.888580491226722,-0.036469469726165604,0,-65.94935643672943,-65.34658682346344,-84.470466651735,-84.23239173573066,10,10
Only these dancers have ever interacted.,Even these dancers have ever interacted.,semantics,npi_licensing,only_npi_licensor_present,True,False,True,False,726,2.1929973143546664,2.160548594359414,0.03244871999525234,1,-48.19572973251343,-48.18479585647583,-63.54671093299609,-63.30863601699173,7,7
Only some icicles ever evaporated.,Even some icicles ever evaporated.,semantics,npi_licensing,only_npi_licensor_present,True,False,True,False,727,3.661714602909381,3.527290212340148,0.13442439056923305,1,-48.54105305671692,-49.37837326526642,-77.83476987999197,-77.5966949639876,8,8
Only organizations ever learn who has hated Todd.,Even organizations ever learn who has hated Todd.,semantics,npi_licensing,only_npi_licensor_present,True,False,True,False,728,1.1250146129961156,1.1152171307043437,0.009797482291771908,1,-71.19059944152832,-71.0407018661499,-81.31573095849336,-81.077656042489,9,9
Only Keith ever hoped to smile.,Even Keith ever hoped to smile.,semantics,npi_licensing,only_npi_licensor_present,True,False,True,False,729,1.6812679854709376,1.599381555258619,0.08188643021231856,1,-47.910013914108276,-48.24514400959015,-59.67888981240484,-59.44081489640048,7,7
Only Erin ever studies.,Even Erin ever studies.,semantics,npi_licensing,only_npi_licensor_present,True,False,True,False,730,1.0806167064244803,1.078116383486669,0.002500322937811328,1,-40.06021571159363,-39.83464241027832,-45.46329924371603,-45.225224327711665,5,5
Only Homer has ever questioned Becky.,Even Homer has ever questioned Becky.,semantics,npi_licensing,only_npi_licensor_present,True,False,True,False,731,1.9986461080334874,1.9600307255495721,0.03861538248391527,1,-50.093016266822815,-50.12524902820587,-64.08353902305723,-63.84546410705288,7,7
Only waiters ever think about what close.,Even waiters ever think about what close.,semantics,npi_licensing,only_npi_licensor_present,True,False,True,False,732,0.9547587487474706,0.8818524778594394,0.07290627088803114,1,-59.2967369556427,-59.714818477630615,-67.88956569436994,-67.65149077836557,9,9
Only Anne ever regrets a woman protested.,Even Anne ever regrets a woman protested.,semantics,npi_licensing,only_npi_licensor_present,True,False,True,False,733,1.302234737323431,1.3821811637002313,-0.07994642637680016,0,-60.68857705593109,-59.81093072891235,-71.10645495451854,-70.8683800385142,8,8
Only Bill would ever resemble every print.,Even Bill would ever resemble every print.,semantics,npi_licensing,only_npi_licensor_present,True,False,True,False,734,1.7595392974466009,1.7394816766680208,0.020057620778580088,1,-58.274016976356506,-58.19640302658081,-72.35033135592931,-72.11225643992498,8,8
Only Paul ever cures the Borgias.,Even Paul ever cures the Borgias.,semantics,npi_licensing,only_npi_licensor_present,True,False,True,False,735,1.427934605222962,1.4084755789906964,0.019459026232265586,1,-63.336904406547546,-63.254501700401306,-74.76038124833124,-74.52230633232688,8,8
Only the actresses ever investigate what slowed.,Even the actresses ever investigate what slowed.,semantics,npi_licensing,only_npi_licensor_present,True,False,True,False,736,0.621915721546948,0.7304261391127476,-0.1085104175657996,0,-65.94098377227783,-64.83482551574707,-70.91630954465342,-70.67823462864905,8,8
Only Melissa ever forfeited.,Even Melissa ever forfeited.,semantics,npi_licensing,only_npi_licensor_present,True,False,True,False,737,2.5728754304719352,2.4521882408731863,0.12068718959874891,1,-44.09280264377594,-44.578850865364075,-59.53005522660755,-59.29198031060319,6,6
Only Christopher ever played.,Even Christopher ever played.,semantics,npi_licensing,only_npi_licensor_present,True,False,True,False,738,1.0840355683708425,0.928837491526781,0.1551980768440615,1,-36.88559126853943,-37.42350673675537,-42.30576911039364,-42.067694194389276,5,5
Only some water ever melts.,Even some water ever melts.,semantics,npi_licensing,only_npi_licensor_present,True,False,True,False,739,2.182588684505884,1.9558238238561085,0.2267648606497754,1,-37.32244896888733,-38.444963216781616,-50.41798107592263,-50.17990615991827,6,6
Only ladies ever wave.,Even ladies ever wave.,semantics,npi_licensing,only_npi_licensor_present,True,False,True,False,740,1.165876342379724,0.9266875486014599,0.23918879377826419,1,-37.36808466911316,-38.32595372200012,-43.19746638101178,-42.95939146500742,5,5
Only Cynthia had ever protested.,Even Cynthia had ever protested.,semantics,npi_licensing,only_npi_licensor_present,True,False,True,False,741,2.036881819176108,1.977680536019367,0.059201283156741,1,-41.39241361618042,-41.509546399116516,-53.61370453123707,-53.37562961523272,6,6
Only the pedestrian ever sighs.,Even the pedestrian ever sighs.,semantics,npi_licensing,only_npi_licensor_present,True,False,True,False,742,1.3249229341344793,1.1981851667617778,0.12673776737270148,1,-47.865081667900085,-48.51417112350464,-57.13954220684144,-56.90146729083708,7,7
Only gloves ever twisted.,Even gloves ever twisted.,semantics,npi_licensing,only_npi_licensor_present,True,False,True,False,743,1.0741645319403688,0.9366858669462843,0.13747866499408445,1,-40.153226375579834,-40.6025447845459,-45.52404903528168,-45.28597411927732,5,5
Only Marcus ever loves Nina.,Even Marcus ever loves Nina.,semantics,npi_licensing,only_npi_licensor_present,True,False,True,False,744,2.2684752891882916,2.3557392280723626,-0.08726393888407102,0,-42.985154032707214,-42.22349548339844,-56.596005767836964,-56.35793085183261,6,6
Only Carolyn has ever praised Derek.,Even Carolyn has ever praised Derek.,semantics,npi_licensing,only_npi_licensor_present,True,False,True,False,745,1.9428416777507127,1.9342788209233592,0.008562856827353471,1,-52.52199077606201,-52.34385585784912,-66.121882520317,-65.88380760431264,7,7
Only those adults ever figure out who sighed.,Even those adults ever figure out who sighed.,semantics,npi_licensing,only_npi_licensor_present,True,False,True,False,746,2.2482491255204593,2.2256354657545594,0.022613659765899907,1,-56.13662922382355,-56.10207724571228,-76.37087135350768,-76.13279643750332,9,9
Only Liam ever got a job.,Even Liam ever got a job.,semantics,npi_licensing,only_npi_licensor_present,True,False,True,False,747,2.0138257082672544,1.939560157636931,0.07426555063032336,1,-41.0215802192688,-41.3033641576767,-55.11836017713958,-54.880285261135214,7,7
Only Randolf does ever boast about Carlos.,Even Randolf does ever boast about Carlos.,semantics,npi_licensing,only_npi_licensor_present,True,False,True,False,748,1.7861587083486243,1.8457579867854765,-0.0595992784368522,0,-71.09204864501953,-70.3175802230835,-87.16747702015715,-86.92940210415279,9,9
Only the women ever press Rebecca's son to arrive at this grocery store.,Even the women ever press Rebecca's son to arrive at this grocery store.,semantics,npi_licensing,only_npi_licensor_present,True,False,True,False,749,2.1082992413717134,2.0797021158017857,0.028597125569927773,1,-89.51174092292786,-89.70262289047241,-121.13622954350356,-120.8981546274992,15,15
Only Stacy ever badgered Martin to die.,Even Stacy ever badgered Martin to die.,semantics,npi_licensing,only_npi_licensor_present,True,False,True,False,750,1.3063811359248991,1.2559383456683786,0.05044279025652054,1,-70.67780995368958,-70.8937201499939,-82.43524017701367,-82.1971652610093,9,9
Only this casserole ever blackens.,Even this casserole ever blackens.,semantics,npi_licensing,only_npi_licensor_present,True,False,True,False,751,2.4544431468433774,2.225187005061656,0.22925614178172138,1,-57.025880336761475,-58.8511106967926,-79.11586865835187,-78.8777937423475,9,9
Only Christopher ever ate.,Even Christopher ever ate.,semantics,npi_licensing,only_npi_licensor_present,True,False,True,False,752,1.0591029151495206,0.8381254861173503,0.22097742903217032,1,-38.03536891937256,-38.90218114852905,-43.33088349512016,-43.092808579115804,5,5
Only Galileo does ever order these dancers' dentists to grin.,Even Galileo does ever order these dancers' dentists to grin.,semantics,npi_licensing,only_npi_licensor_present,True,False,True,False,753,1.8581324178398033,1.8644265294493214,-0.006294111609518094,0,-96.55717539787292,-96.23727703094482,-120.71289682979037,-120.474821913786,13,13
Only a gate had ever flung open.,Even a gate had ever flung open.,semantics,npi_licensing,only_npi_licensor_present,True,False,True,False,754,1.8860858874258968,1.6171663130311726,0.26891957439472414,1,-48.1124050617218,-50.025686740875244,-63.201092161128976,-62.963017245124625,8,8
Only some candles can ever brighten.,Even some candles can ever brighten.,semantics,npi_licensing,only_npi_licensor_present,True,False,True,False,755,1.156567571096062,1.0122283203974725,0.14433925069858944,1,-55.6134397983551,-56.53007888793945,-64.8659803671236,-64.62790545111923,8,8
Only Charles would ever praise Joel.,Even Charles would ever praise Joel.,semantics,npi_licensing,only_npi_licensor_present,True,False,True,False,756,1.2880271304011512,1.3271276556952927,-0.03910052529414143,0,-54.561416149139404,-54.04963755607605,-63.57760606194746,-63.3395311459431,7,7
Only Heidi ever sold all screens.,Even Heidi ever sold all screens.,semantics,npi_licensing,only_npi_licensor_present,True,False,True,False,757,1.4630090692044055,1.1794333445857421,0.2835757246186634,1,-54.876858949661255,-56.62381410598755,-65.1179224340921,-64.87984751808774,7,7
Only Rachelle had ever complained about Carl.,Even Rachelle had ever complained about Carl.,semantics,npi_licensing,only_npi_licensor_present,True,False,True,False,758,1.9729823640130537,1.8875821648515005,0.08540019916155317,1,-59.680822134017944,-60.21134901046753,-77.43766341013543,-77.19958849413104,9,9
Only this lake ever evaporates.,Even this lake ever evaporates.,semantics,npi_licensing,only_npi_licensor_present,True,False,True,False,759,2.572759760864905,2.2146338163016943,0.35812594456321056,1,-43.90363025665283,-46.17243695259094,-61.912948582707166,-61.6748736667028,7,7
Only the doctor ever discusses the Impressionists.,Even the doctor ever discusses the Impressionists.,semantics,npi_licensing,only_npi_licensor_present,True,False,True,False,760,3.2573301341537926,3.288264394701031,-0.030934260547238246,0,-57.05326533317566,-56.505847811698914,-89.62656667471359,-89.38849175870922,10,10
Only these associations ever conferred.,Even these associations ever conferred.,semantics,npi_licensing,only_npi_licensor_present,True,False,True,False,761,1.4638535197108773,1.4495224740635433,0.014331045647334006,1,-47.82781529426575,-47.675726652145386,-56.61093641253101,-56.372861496526646,6,6
Only Meredith ever prompts that student to climb up that slope.,Even Meredith ever prompts that student to climb up that slope.,semantics,npi_licensing,only_npi_licensor_present,True,False,True,False,762,1.361587213248555,1.3122971309429492,0.04929008230560572,1,-88.31318068504333,-88.66658675670624,-104.652227244026,-104.41415232802163,12,12
Only the lamps ever hurt Lisa.,Even the lamps ever hurt Lisa.,semantics,npi_licensing,only_npi_licensor_present,True,False,True,False,763,1.1446664496638792,1.0535652776084743,0.09110117205540491,1,-50.58519208431244,-50.98482537269592,-58.597857231959594,-58.35978231595524,7,7
Only the guests ever react.,Even the guests ever react.,semantics,npi_licensing,only_npi_licensor_present,True,False,True,False,764,1.5682756818100014,1.4548865246539802,0.11338915715602127,1,-39.79544711112976,-40.23770713806152,-49.20510120198977,-48.967026285985405,6,6
Only Joseph ever pushed Stacy's friends to explore this restaurant.,Even Joseph ever pushed Stacy's friends to explore this restaurant.,semantics,npi_licensing,only_npi_licensor_present,True,False,True,False,765,2.0287290836000267,2.1106586068992286,-0.08192952329920189,0,-80.3436770439148,-79.12244784832001,-104.68842604711512,-104.45035113111075,12,12
Only Cheryl has ever neglected to criticize Natalie.,Even Cheryl has ever neglected to criticize Natalie.,semantics,npi_licensing,only_npi_licensor_present,True,False,True,False,766,2.428452304238325,2.387700037129387,0.04075226710893798,1,-64.8239631652832,-64.95265865325928,-86.68003390342813,-86.44195898742376,9,9
Only David should ever criticize Derek.,Even David should ever criticize Derek.,semantics,npi_licensing,only_npi_licensor_present,True,False,True,False,767,1.7123919250028012,1.734913128844393,-0.02252120384159184,0,-53.487167835235596,-53.09144449234009,-65.4739113102552,-65.23583639425084,7,7
Only the hospitals ever plan to clash.,Even the hospitals ever plan to clash.,semantics,npi_licensing,only_npi_licensor_present,True,False,True,False,768,1.5264429452781432,1.4588110279058935,0.06763191737224972,1,-53.562933683395386,-53.86591410636902,-65.77447724562053,-65.53640232961617,8,8
Only Raymond has ever remembered all men.,Even Raymond has ever remembered all men.,semantics,npi_licensing,only_npi_licensor_present,True,False,True,False,769,1.6866718077276062,1.5396451326077063,0.14702667511989986,1,-52.470409631729126,-53.40854811668396,-65.96378409354998,-65.72570917754561,8,8
Only Claire ever ascertained Charles to smile.,Even Claire ever ascertained Charles to smile.,semantics,npi_licensing,only_npi_licensor_present,True,False,True,False,770,2.0582868961389016,2.0736184936658555,-0.0153315975269539,0,-65.70146822929382,-65.32540893554688,-84.22605029454394,-83.98797537853957,9,9
Only the waiters ever retaliated.,Even the waiters ever retaliated.,semantics,npi_licensing,only_npi_licensor_present,True,False,True,False,771,1.7258579459358288,1.8857841198464236,-0.15992617391059483,0,-54.09649181365967,-52.579007506370544,-67.9033553811463,-67.66528046514193,8,8
Only those ladies can ever disturb Steven.,Even those ladies can ever disturb Steven.,semantics,npi_licensing,only_npi_licensor_present,True,False,True,False,772,1.9987292386843407,1.9134891257688018,0.0852401129155389,1,-53.76315212249756,-54.206998109817505,-69.75298603197228,-69.51491111596792,8,8
Only Carl has ever doubted teachers might confer.,Even Carl has ever doubted teachers might confer.,semantics,npi_licensing,only_npi_licensor_present,True,False,True,False,773,1.2793407755422317,1.3481034071573201,-0.06876263161508844,0,-73.72969698905945,-72.87275838851929,-85.24376396893953,-85.00568905293517,9,9
Only forks ever dropped.,Even forks ever dropped.,semantics,npi_licensing,only_npi_licensor_present,True,False,True,False,774,0.6214179247426174,0.7181941444683815,-0.09677621972576411,0,-41.53013229370117,-40.80817627906799,-44.63722191741426,-44.3991470014099,5,5
Only the school ever annoyed every driver.,Even the school ever annoyed every driver.,semantics,npi_licensing,only_npi_licensor_present,True,False,True,False,775,1.1277520231423743,1.0446826964883975,0.08306932665397682,1,-55.7926322221756,-56.219111919403076,-64.81464840731459,-64.57657349131026,8,8
Only guys ever clean a lot of chairs.,Even guys ever clean a lot of chairs.,semantics,npi_licensing,only_npi_licensor_present,True,False,True,False,776,1.8397565815205956,1.567949975267693,0.27180660625290254,1,-52.50598669052124,-54.714171230793,-69.0637959242066,-68.82572100820224,9,9
Only Kenneth ever forfeited.,Even Kenneth ever forfeited.,semantics,npi_licensing,only_npi_licensor_present,True,False,True,False,777,2.494237773366695,2.6959909894546428,-0.2017532160879476,0,-44.25705635547638,-42.808462142944336,-59.22248299567655,-58.98440807967219,6,6
Only the Impressionists ever descend the slopes.,Even the Impressionists ever descend the slopes.,semantics,npi_licensing,only_npi_licensor_present,True,False,True,False,778,2.7005122199946783,2.6962096092993932,0.004302610695285036,1,-64.93159341812134,-64.73654460906982,-91.93671561806812,-91.69864070206376,10,10
Only shawls should ever fray.,Even shawls should ever fray.,semantics,npi_licensing,only_npi_licensor_present,True,False,True,False,779,1.7449486216115453,1.6575257568020128,0.08742286480953254,1,-58.472301721572876,-58.9336097240448,-72.43189069446524,-72.1938157784609,8,8
Only Mary does ever concur.,Even Mary does ever concur.,semantics,npi_licensing,only_npi_licensor_present,True,False,True,False,780,1.3552423629524515,1.1451775235724335,0.21006483938001796,1,-52.00853109359741,-53.240910053253174,-61.49522763426457,-61.25715271826021,7,7
Only Derek has ever concealed every dish.,Even Derek has ever concealed every dish.,semantics,npi_licensing,only_npi_licensor_present,True,False,True,False,781,1.750158376864949,1.6078749201669886,0.14228345669796028,1,-58.8984477519989,-59.79864048957825,-72.89971476691849,-72.66163985091416,8,8
Only Emily ever tempted Jacqueline to depart.,Even Emily ever tempted Jacqueline to depart.,semantics,npi_licensing,only_npi_licensor_present,True,False,True,False,782,2.3626446849912415,2.2288504001972615,0.13379428479397992,1,-67.08870953321457,-68.05478318035603,-88.35251169813574,-88.11443678213138,9,9
Only Suzanne ever concealed a lot of rabbits.,Even Suzanne ever concealed a lot of rabbits.,semantics,npi_licensing,only_npi_licensor_present,True,False,True,False,783,2.032925966546284,1.9180197098838947,0.1149062566623893,1,-57.69451066851616,-58.4905920624733,-75.99084436743271,-75.75276945142835,9,9
Only Beth ever tours that mall.,Even Beth ever tours that mall.,semantics,npi_licensing,only_npi_licensor_present,True,False,True,False,784,1.2740262130379674,0.9736099283236511,0.30041628471431625,1,-55.05457639694214,-56.91941547393799,-63.97275988820791,-63.734684972203546,7,7
Only Carmen has ever attempted to praise Carl.,Even Carmen has ever attempted to praise Carl.,semantics,npi_licensing,only_npi_licensor_present,True,False,True,False,785,2.1138476725545243,2.1400909831253268,-0.026243310570802425,0,-61.39313563704491,-60.91887092590332,-80.41776469003563,-80.17968977403126,9,9
Only pedestrians ever cook.,Even pedestrians ever cook.,semantics,npi_licensing,only_npi_licensor_present,True,False,True,False,786,1.039028842074488,0.950366095049155,0.08866274702533294,1,-41.00341844558716,-41.20865726470947,-46.1985626559596,-45.96048773995525,5,5
Only Carmen ever died.,Even Carmen ever died.,semantics,npi_licensing,only_npi_licensor_present,True,False,True,False,787,1.7904048244496849,1.7547585492871434,0.035646275162541485,1,-34.77821731567383,-34.71837377548218,-43.73024143792225,-43.492166521917895,5,5
Only a mushroom ever ripened.,Even a mushroom ever ripened.,semantics,npi_licensing,only_npi_licensor_present,True,False,True,False,788,2.121825102902015,1.9432254022298392,0.178599700672176,1,-45.95620882511139,-46.968331813812256,-60.808984545425496,-60.57090962942113,7,7
Only that mirror ever upsets Stacy.,Even that mirror ever upsets Stacy.,semantics,npi_licensing,only_npi_licensor_present,True,False,True,False,789,2.153335596447402,1.9952363303803509,0.15809926606705105,1,-56.91009843349457,-57.93681764602661,-74.13678320507378,-73.89870828906942,8,8
Only some closets ever disturbed Susan.,Even some closets ever disturbed Susan.,semantics,npi_licensing,only_npi_licensor_present,True,False,True,False,790,2.3298474158382056,2.4049509797281665,-0.07510356388996087,0,-56.91105055809021,-56.07214713096619,-75.54982988479586,-75.31175496879152,8,8
Only that ice cream ever impressed Susan.,Even that ice cream ever impressed Susan.,semantics,npi_licensing,only_npi_licensor_present,True,False,True,False,791,2.0671347747844244,2.0912519294870684,-0.024117154702643973,0,-52.801729917526245,-52.37071776390076,-69.33880811580164,-69.1007331997973,8,8
Only the men ever care for Tracy.,Even the men ever care for Tracy.,semantics,npi_licensing,only_npi_licensor_present,True,False,True,False,792,1.6413517010825833,1.4935547849405744,0.14779691614200896,1,-47.50015723705292,-48.44445765018463,-60.630970845713584,-60.392895929709226,8,8
Only these organizations ever find people to struggle.,Even these organizations ever find people to struggle.,semantics,npi_licensing,only_npi_licensor_present,True,False,True,False,793,1.782341504251453,1.7112227501692858,0.07111875408216717,1,-56.68657898902893,-57.0885728597641,-72.72765252729201,-72.48957761128767,9,9
Only those ladies ever salute.,Even those ladies ever salute.,semantics,npi_licensing,only_npi_licensor_present,True,False,True,False,794,1.9352604059896794,1.764909394534751,0.17035101145492848,1,-41.28568720817566,-42.06971836090088,-52.897249644113735,-52.659174728109384,6,6
Only Marcus has ever littered.,Even Marcus has ever littered.,semantics,npi_licensing,only_npi_licensor_present,True,False,True,False,795,1.5194338360066197,1.5016838281985418,0.017750007808077894,1,-46.572509765625,-46.440934896469116,-55.68911278166472,-55.45103786566037,6,6
Only broccoli ever ripens.,Even broccoli ever ripens.,semantics,npi_licensing,only_npi_licensor_present,True,False,True,False,796,1.5012124592287333,1.212360499821532,0.2888519594072012,1,-47.21820902824402,-48.71324586868286,-56.22548378361642,-55.987408867612054,6,6
Only some actors ever move.,Even some actors ever move.,semantics,npi_licensing,only_npi_licensor_present,True,False,True,False,797,1.4923370990948233,1.4558550998367525,0.03648199925807072,1,-40.51290464401245,-40.49372172355652,-49.46692723858139,-49.22885232257703,6,6
Only this association had ever assembled.,Even this association had ever assembled.,semantics,npi_licensing,only_npi_licensor_present,True,False,True,False,798,1.2502785634119828,1.208293508970232,0.041985054441750824,1,-49.2359185218811,-49.291738986968994,-57.98786846576498,-57.74979354976062,7,7
Only dancers did ever marry.,Even dancers did ever marry.,semantics,npi_licensing,only_npi_licensor_present,True,False,True,False,799,1.74018281487002,1.5854504455863132,0.15473236928370682,1,-41.6707489490509,-42.36106824874878,-52.11184583827102,-51.87377092226666,6,6
Only Cheryl will ever suffer.,Even Cheryl will ever suffer.,semantics,npi_licensing,only_npi_licensor_present,True,False,True,False,800,2.3182940158964875,2.2196346963170144,0.09865931957947316,1,-40.026108622550964,-40.37998962402344,-53.93587271792989,-53.697797801925525,6,6
Only this movie does ever disagree.,Even this movie does ever disagree.,semantics,npi_licensing,only_npi_licensor_present,True,False,True,False,801,1.5192023444647396,1.6266210153745948,-0.10741867090985524,0,-45.96528780460358,-44.975282192230225,-56.599704215856754,-56.36162929985239,7,7
Only Guy ever argued.,Even Guy ever argued.,semantics,npi_licensing,only_npi_licensor_present,True,False,True,False,802,1.1344667320401356,1.536816486731415,-0.4023497546912793,0,-40.05452764034271,-37.80470395088196,-45.72686130054339,-45.48878638453903,5,5
Only the patients ever break a carriage.,Even the patients ever break a carriage.,semantics,npi_licensing,only_npi_licensor_present,True,False,True,False,803,1.6453609155726694,1.5409402514858277,0.1044206640868417,1,-48.68542432785034,-49.28271472454071,-61.8483116524317,-61.61023673642733,8,8
Only Stephanie had ever cooked.,Even Stephanie had ever cooked.,semantics,npi_licensing,only_npi_licensor_present,True,False,True,False,804,1.4837102338890833,1.4369694805365718,0.04674075335251149,1,-43.59281611442566,-43.63518571853638,-52.49507751776016,-52.25700260175581,6,6
Only Sherry has ever said all candles haven't faded.,Even Sherry has ever said all candles haven't faded.,semantics,npi_licensing,only_npi_licensor_present,True,False,True,False,805,1.9076005461011316,1.8456122134384643,0.061988332662667345,1,-79.06304017454386,-79.5688252504915,-101.95424672775744,-101.71617181175307,12,12
Only William ever discussed Jesus.,Even William ever discussed Jesus.,semantics,npi_licensing,only_npi_licensor_present,True,False,True,False,806,1.0348571365924215,0.954306860452179,0.08055027614024246,1,-48.70221710205078,-48.94744384288788,-54.91135992160531,-54.67328500560095,6,6
Only Tara ever spurs Allison to slump over.,Even Tara ever spurs Allison to slump over.,semantics,npi_licensing,only_npi_licensor_present,True,False,True,False,807,1.304601864562477,1.21837412397675,0.08622774058572702,1,-80.83718538284302,-81.46138787269592,-93.88320402846779,-93.64512911246342,10,10
Only Andrew ever sneezed.,Even Andrew ever sneezed.,semantics,npi_licensing,only_npi_licensor_present,True,False,True,False,808,2.6761401473159623,2.5647545950289703,0.11138555228699198,1,-44.3958615064621,-44.937485456466675,-63.12884253767383,-62.89076762166947,7,7
Only dancers ever conspired.,Even dancers ever conspired.,semantics,npi_licensing,only_npi_licensor_present,True,False,True,False,809,2.721689119294107,2.7585101042737072,-0.03682098497960018,0,-43.35022473335266,-42.8912239074707,-59.680359449117304,-59.44228453311295,6,6
Only Ruth did ever describe Homer.,Even Ruth did ever describe Homer.,semantics,npi_licensing,only_npi_licensor_present,True,False,True,False,810,1.3777269869014026,1.471982176371395,-0.09425518946999234,0,-53.62499022483826,-52.727128982543945,-63.269079133148075,-63.03100421714371,7,7
Only these students have ever cleaned a lot of pies.,Even these students have ever cleaned a lot of pies.,semantics,npi_licensing,only_npi_licensor_present,True,False,True,False,811,2.588344218824956,2.485430726503058,0.10291349232189795,1,-58.95139256119728,-59.845366060733795,-87.4231789682718,-87.18510405226743,11,11
Only Margaret ever visited a lot of libraries.,Even Margaret ever visited a lot of libraries.,semantics,npi_licensing,only_npi_licensor_present,True,False,True,False,812,2.4344424255421364,2.343283439185699,0.09115898635643749,1,-53.14442166686058,-53.726777628064156,-75.05440349673981,-74.81632858073544,9,9
Only Jane has ever hunted.,Even Jane has ever hunted.,semantics,npi_licensing,only_npi_licensor_present,True,False,True,False,813,1.7610734786137112,1.6075959460482458,0.15347753256546537,1,-41.1301167011261,-41.812906980514526,-51.696557572808366,-51.458482656804,6,6
Only Dennis has ever predicted Robert to stand up.,Even Dennis has ever predicted Robert to stand up.,semantics,npi_licensing,only_npi_licensor_present,True,False,True,False,814,2.013956391118623,1.9311553811656779,0.08280100995294526,1,-63.50392496585846,-64.09386014938354,-83.64348887704469,-83.40541396104032,10,10
Only some boy ever refuses to scan the plays.,Even some boy ever refuses to scan the plays.,semantics,npi_licensing,only_npi_licensor_present,True,False,True,False,815,2.0669484264275466,2.0662046332380983,0.000743793189448283,1,-59.893042623996735,-59.662405639886856,-80.5625268882722,-80.32445197226784,10,10
Only Melissa should ever love Teresa.,Even Melissa should ever love Teresa.,semantics,npi_licensing,only_npi_licensor_present,True,False,True,False,816,1.7952263251261036,1.6961198405597995,0.09910648456630411,1,-50.465845227241516,-50.921515703201294,-63.03242950312424,-62.79435458711989,7,7
Only Andrea can ever protest.,Even Andrea can ever protest.,semantics,npi_licensing,only_npi_licensor_present,True,False,True,False,817,1.331443784704683,1.4650350363761266,-0.1335912516714437,0,-44.86952888965607,-43.82990646362305,-52.858191597884165,-52.62011668187981,6,6
Only these students ever break most screens.,Even these students ever break most screens.,semantics,npi_licensing,only_npi_licensor_present,True,False,True,False,818,1.4261088127430384,1.2681897315171433,0.15791908122589504,1,-59.67124164104462,-60.69651937484741,-71.08011214298892,-70.84203722698456,8,8
Only Kenneth could ever read.,Even Kenneth could ever read.,semantics,npi_licensing,only_npi_licensor_present,True,False,True,False,819,1.5675269697991443,1.7510721391328896,-0.18354516933374532,0,-39.90975761413574,-38.570411682128906,-49.31491943293061,-49.07684451692624,6,6
Only guys ever sway Lori to salute.,Even guys ever sway Lori to salute.,semantics,npi_licensing,only_npi_licensor_present,True,False,True,False,820,0.7373622769129042,0.4804661514622701,0.2568961254506341,1,-68.98798060417175,-70.80507469177246,-74.88687881947499,-74.64880390347062,8,8
Only Joseph ever investigated who was leaving David.,Even Joseph ever investigated who was leaving David.,semantics,npi_licensing,only_npi_licensor_present,True,False,True,False,821,1.3608951485307001,1.4933438860858657,-0.1324487375551655,0,-65.71257400512695,-64.2824604511261,-77.96063034190325,-77.72255542589889,9,9
Only that pedestrian had ever prodded Winston Churchill to appear.,Even that pedestrian had ever prodded Winston Churchill to appear.,semantics,npi_licensing,only_npi_licensor_present,True,False,True,False,822,1.974238658594793,1.9017155310298353,0.07252312756495782,1,-93.74950218200684,-94.45422792434692,-119.41460474373915,-119.17652982773478,13,13
Only the hospitals ever fail to retaliate.,Even the hospitals ever fail to retaliate.,semantics,npi_licensing,only_npi_licensor_present,True,False,True,False,823,2.4161523714137765,2.359815355412529,0.05633701600124752,1,-48.97670793533325,-49.18932914733887,-68.30592690664346,-68.0678519906391,8,8
Only Marla has ever implored some actresses to bore some doctor.,Even Marla has ever implored some actresses to bore some doctor.,semantics,npi_licensing,only_npi_licensor_present,True,False,True,False,824,1.9378337149590894,1.9872710407688277,-0.04943732580973825,0,-98.71976280212402,-97.78956532478333,-125.84943481155128,-125.61135989554691,14,14
Only Wendy did ever bother Samantha.,Even Wendy did ever bother Samantha.,semantics,npi_licensing,only_npi_licensor_present,True,False,True,False,825,1.6427663281256315,1.4380501370893808,0.20471619103625072,1,-52.35807418823242,-53.55301260948181,-63.85743848511184,-63.61936356910748,7,7
Only Tanya has ever confused Amelia.,Even Tanya has ever confused Amelia.,semantics,npi_licensing,only_npi_licensor_present,True,False,True,False,826,2.71929304731432,2.8185407242680895,-0.09924767695376957,0,-52.650068163871765,-51.618011832237244,-74.40441254238632,-74.16633762638196,8,8
Only the school did ever work hard.,Even the school did ever work hard.,semantics,npi_licensing,only_npi_licensor_present,True,False,True,False,827,1.720161957979533,1.6512021385286566,0.06895981945087648,1,-43.55659604072571,-43.87019968032837,-57.31789170456197,-57.07981678855762,8,8
Only teenagers ever fight.,Even teenagers ever fight.,semantics,npi_licensing,only_npi_licensor_present,True,False,True,False,828,1.8316657178091773,1.56856258687271,0.2631031309364673,1,-35.431685090065,-36.50912582874298,-44.59001367911089,-44.35193876310653,5,5
Only the ladies ever forgot who did prevent these doors from aggravating Melanie.,Even the ladies ever forgot who did prevent these doors from aggravating Melanie.,semantics,npi_licensing,only_npi_licensor_present,True,False,True,False,829,2.174411665869771,2.106229816191465,0.06818184967830598,1,-100.416543841362,-101.20119667053223,-133.03271882940857,-132.7946439134042,15,15
Only Joel might ever turn out to look like most sketches.,Even Joel might ever turn out to look like most sketches.,semantics,npi_licensing,only_npi_licensor_present,True,False,True,False,830,1.7497910149762366,1.8025818738708896,-0.05279085889465307,0,-76.18203246593475,-75.31046724319458,-97.1795246456496,-96.94144972964526,12,12
Only Carol ever required all cashiers to train.,Even Carol ever required all cashiers to train.,semantics,npi_licensing,only_npi_licensor_present,True,False,True,False,831,1.305312512645267,1.196063074061493,0.1092494385837739,1,-73.76656699180603,-74.6209864616394,-86.8196921182587,-86.58161720225434,10,10
Only these children ever regret Ann healed most people.,Even these children ever regret Ann healed most people.,semantics,npi_licensing,only_npi_licensor_present,True,False,True,False,832,1.272075800659411,1.1768793849371177,0.09519641572229331,1,-75.84226214885712,-76.55615139007568,-88.56302015545123,-88.32494523944686,10,10
Only some waiters ever complain about Donald.,Even some waiters ever complain about Donald.,semantics,npi_licensing,only_npi_licensor_present,True,False,True,False,833,1.0456485881385618,1.1971658052316911,-0.15151721709312937,0,-66.78210496902466,-65.18037509918213,-76.19294226227171,-75.95486734626735,9,9
Only adults ever exist.,Even adults ever exist.,semantics,npi_licensing,only_npi_licensor_present,True,False,True,False,834,2.6159163978447224,2.394956683312979,0.22095971453174323,1,-31.77810561656952,-32.64482927322388,-44.85768760579313,-44.619612689788774,5,5
Only Ella ever begs Ruth to compromise.,Even Ella ever begs Ruth to compromise.,semantics,npi_licensing,only_npi_licensor_present,True,False,True,False,835,1.8002826451911806,1.8272930708516115,-0.02701042566043088,0,-66.7566590309143,-66.27549028396606,-82.95920283763493,-82.72112792163057,9,9
Only Emily did ever cry.,Even Emily did ever cry.,semantics,npi_licensing,only_npi_licensor_present,True,False,True,False,836,1.9103641879243003,1.7543597760482292,0.15600441187607106,1,-38.95830297470093,-39.656254529953,-50.42048810224673,-50.18241318624238,6,6
Only gloves ever tightened.,Even gloves ever tightened.,semantics,npi_licensing,only_npi_licensor_present,True,False,True,False,837,0.7519067693148187,0.4963295592462714,0.2555772100685473,1,-43.31795883178711,-44.35776996612549,-47.0774926783612,-46.839417762356845,5,5
Only these organizations ever like Edward.,Even these organizations ever like Edward.,semantics,npi_licensing,only_npi_licensor_present,True,False,True,False,838,1.0205591761455,0.919827511334749,0.10073166481075091,1,-51.87176060676575,-52.338807344436646,-59.015674839784246,-58.77759992377989,7,7
Only the Lutherans ever cheer.,Even the Lutherans ever cheer.,semantics,npi_licensing,only_npi_licensor_present,True,False,True,False,839,0.012117784397726641,0.19220727268276505,-0.1800894882850384,0,-58.82418131828308,-57.32547998428345,-58.90900580906717,-58.6709308930628,7,7
Only Paul will ever question Steven.,Even Paul will ever question Steven.,semantics,npi_licensing,only_npi_licensor_present,True,False,True,False,840,0.6221302296641511,0.7199204173466863,-0.09779018768253522,0,-55.07944917678833,-54.156842947006226,-59.43436078443739,-59.19628586843303,7,7
Only Dan ever looks like these sketches.,Even Dan ever looks like these sketches.,semantics,npi_licensing,only_npi_licensor_present,True,False,True,False,841,1.8023447067918354,1.7061982700857463,0.09614643670608913,1,-53.69753658771515,-54.2286331653595,-68.11629424204983,-67.87821932604547,8,8
Only some customers can ever date.,Even some customers can ever date.,semantics,npi_licensing,only_npi_licensor_present,True,False,True,False,842,2.1707374727060715,2.052248851931097,0.11848862077497468,1,-41.886260867118835,-42.47760629653931,-57.081423176061335,-56.843348260056985,7,7
Only guests ever walk through some rivers.,Even guests ever walk through some rivers.,semantics,npi_licensing,only_npi_licensor_present,True,False,True,False,843,1.9995260854118158,1.5885534135305939,0.4109726718812219,1,-52.307400822639465,-55.357107281684875,-68.30360950593399,-68.06553458992963,8,8
Only this girl ever brought the windows.,Even this girl ever brought the windows.,semantics,npi_licensing,only_npi_licensor_present,True,False,True,False,844,1.8603409116154124,1.5191552651858506,0.34118564642956173,1,-44.369866371154785,-46.861276626586914,-59.252593664078084,-59.01451874807372,8,8
Only these customers ever hide some door.,Even these customers ever hide some door.,semantics,npi_licensing,only_npi_licensor_present,True,False,True,False,845,1.7063858395633709,1.4555861516861714,0.2507996878771994,1,-53.026113867759705,-54.79443645477295,-66.67720058426667,-66.43912566826232,8,8
Only Dan should ever spur those theses to disturb Kimberley.,Even Dan should ever spur those theses to disturb Kimberley.,semantics,npi_licensing,only_npi_licensor_present,True,False,True,False,846,1.5457267279017275,1.554460631850864,-0.008733903949136534,0,-98.89817935228348,-98.54656368494034,-118.99262681500593,-118.75455189900157,13,13
Only some spinach ever goes bad.,Even some spinach ever goes bad.,semantics,npi_licensing,only_npi_licensor_present,True,False,True,False,847,1.2993255016516645,1.242010524261351,0.05731497739031344,1,-50.0194296836853,-50.18255960941315,-59.114708195246955,-58.876633279242604,7,7
Only these doctors ever manage to hide.,Even these doctors ever manage to hide.,semantics,npi_licensing,only_npi_licensor_present,True,False,True,False,848,2.253372912159527,2.051977696394985,0.201395215764542,1,-48.05485928058624,-49.42794609069824,-66.08184257786246,-65.84376766185812,8,8
Only this icicle ever condenses.,Even this icicle ever condenses.,semantics,npi_licensing,only_npi_licensor_present,True,False,True,False,849,3.6255126931900215,3.441541330703636,0.18397136248638546,1,-50.652846455574036,-51.886542439460754,-79.65694800109421,-79.41887308508984,8,8
Only the Borgias have ever hugged.,Even the Borgias have ever hugged.,semantics,npi_licensing,only_npi_licensor_present,True,False,True,False,850,1.7299362587373288,1.8146603401195804,-0.08472408138225163,0,-55.435006618499756,-54.51913905143738,-69.27449668839839,-69.03642177239402,8,8
Only Stacy will ever obligate Ann's brother to hide away.,Even Stacy will ever obligate Ann's brother to hide away.,semantics,npi_licensing,only_npi_licensor_present,True,False,True,False,851,1.847241432461389,1.859207384518553,-0.011965952057163998,0,-87.24510419368744,-86.85147190093994,-111.2592428156855,-111.02116789968113,13,13
Only Stacy should ever happen to bother Gerald.,Even Stacy should ever happen to bother Gerald.,semantics,npi_licensing,only_npi_licensor_present,True,False,True,False,852,1.987502439344417,1.9986606388534875,-0.011158199509070599,0,-61.95906949043274,-61.62057077884674,-79.84659144453249,-79.60851652852813,9,9
Only this apple has ever burned.,Even this apple has ever burned.,semantics,npi_licensing,only_npi_licensor_present,True,False,True,False,853,1.719874866774116,1.463862611905991,0.25601225486812496,1,-44.09941244125366,-45.65342330932617,-56.13853650867247,-55.90046159266811,7,7
Only the cakes would ever char.,Even the cakes would ever char.,semantics,npi_licensing,only_npi_licensor_present,True,False,True,False,854,0.4294828599268864,0.2861768916253616,0.1433059683015248,1,-52.58859324455261,-53.353660106658936,-55.59497326404082,-55.35689834803647,7,7
Only Judy does ever kiss some child.,Even Judy does ever kiss some child.,semantics,npi_licensing,only_npi_licensor_present,True,False,True,False,855,1.7618044004427666,1.6936187559205536,0.0681856445222131,1,-52.96095669269562,-53.26836693286896,-67.05539189623775,-66.81731698023339,8,8
Only Sabrina has ever cheered.,Even Sabrina has ever cheered.,semantics,npi_licensing,only_npi_licensor_present,True,False,True,False,856,2.039540886676755,2.1108730153208564,-0.07133212864410154,0,-52.67701196670532,-51.93961215019226,-66.9537981734426,-66.71572325743826,7,7
Only a candle ever darkened.,Even a candle ever darkened.,semantics,npi_licensing,only_npi_licensor_present,True,False,True,False,857,2.0912077346140165,1.7692554483508391,0.3219522862631774,1,-38.643054246902466,-40.33669304847717,-51.190300654586565,-50.95222573858221,6,6
Only customers ever drive to some grocery store.,Even customers ever drive to some grocery store.,semantics,npi_licensing,only_npi_licensor_present,True,False,True,False,858,2.794576195949096,2.4785579437751215,0.3160182521739743,1,-51.78043210506439,-54.38652145862579,-76.93161786860625,-76.69354295260189,9,9
Only Victoria ever conceals every chair.,Even Victoria ever conceals every chair.,semantics,npi_licensing,only_npi_licensor_present,True,False,True,False,859,0.7093266200828658,0.5889777173657293,0.1203489027171365,1,-67.80179989337921,-68.52651619911194,-73.47641285404214,-73.23833793803777,8,8
Only Craig had ever happened to weep.,Even Craig had ever happened to weep.,semantics,npi_licensing,only_npi_licensor_present,True,False,True,False,860,2.0724254828096456,2.018273617789349,0.05415186502029634,1,-49.42430102825165,-49.61944103240967,-66.00370489072881,-65.76562997472446,8,8
Only a blouse ever folds.,Even a blouse ever folds.,semantics,npi_licensing,only_npi_licensor_present,True,False,True,False,861,2.538316800152463,2.207713998540128,0.330602801612335,1,-42.87319302558899,-44.94933772087097,-60.64141062665623,-60.40333571065187,7,7
Only Gina can ever drop by the libraries.,Even Gina can ever drop by the libraries.,semantics,npi_licensing,only_npi_licensor_present,True,False,True,False,862,1.1652479060313619,1.1787993909738868,-0.013551484942524894,0,-62.89559781551361,-62.53555953502655,-73.38282896979587,-73.14475405379153,9,9
Only Sara could ever badger Colleen's hairdresser to swallow.,Even Sara could ever badger Colleen's hairdresser to swallow.,semantics,npi_licensing,only_npi_licensor_present,True,False,True,False,863,2.3763830364667253,2.368746808672782,0.007636227793943462,1,-104.81882524490356,-104.7029299736023,-142.84095382837117,-142.6028789123668,16,16
Only Gina ever fails to shut.,Even Gina ever fails to shut.,semantics,npi_licensing,only_npi_licensor_present,True,False,True,False,864,1.6247390815992497,1.5362128216831903,0.08852625991605945,1,-49.241377115249634,-49.622986018657684,-60.61455068644438,-60.37647577044002,7,7
Only Jesus ever dislikes Nancy.,Even Jesus ever dislikes Nancy.,semantics,npi_licensing,only_npi_licensor_present,True,False,True,False,865,2.2400227941884503,2.0206271712369164,0.21939562295153392,1,-53.2240070104599,-54.52170145511627,-68.90416656977905,-68.66609165377469,7,7
Only some committees ever hope to negotiate.,Even some committees ever hope to negotiate.,semantics,npi_licensing,only_npi_licensor_present,True,False,True,False,866,1.4150959828736411,1.4405571329089994,-0.025461150035358315,0,-57.09800672531128,-56.65624260902405,-68.41877458830041,-68.18069967229604,8,8
Only Colleen would ever shout.,Even Colleen would ever shout.,semantics,npi_licensing,only_npi_licensor_present,True,False,True,False,867,1.8115306577707102,1.7783133784558274,0.03321727931488283,1,-50.52979350090027,-50.5242395401001,-63.21050810529524,-62.97243318929089,7,7
Only the candles ever dim.,Even the candles ever dim.,semantics,npi_licensing,only_npi_licensor_present,True,False,True,False,868,1.3066980376815056,1.1664888566709106,0.14020918101059499,1,-40.86622881889343,-41.46940898895264,-48.706417044982466,-48.4683421289781,6,6
Only Steven had ever preferred these children to divorce.,Even Steven had ever preferred these children to divorce.,semantics,npi_licensing,only_npi_licensor_present,True,False,True,False,869,1.8546319536042717,1.8164698038770069,0.03816214972726484,1,-65.12241005897522,-65.26595664024353,-83.66872959501794,-83.4306546790136,10,10
Only this woman should ever wish to shock Laurie.,Even this woman should ever wish to shock Laurie.,semantics,npi_licensing,only_npi_licensor_present,True,False,True,False,870,1.8847862125386854,1.7874847693791822,0.09730144315950318,1,-62.91797757148743,-63.652917087078094,-81.76583969687428,-81.52776478086992,10,10
Only the casserole might ever bore these adults.,Even the casserole might ever bore these adults.,semantics,npi_licensing,only_npi_licensor_present,True,False,True,False,871,2.5517174857121616,2.538489978023449,0.013227507688712503,1,-68.80005776882172,-68.70748543739319,-96.8689501116555,-96.63087519565113,11,11
Only Tamara had ever bored Victoria.,Even Tamara had ever bored Victoria.,semantics,npi_licensing,only_npi_licensor_present,True,False,True,False,872,1.6989928413649906,1.7277719733587382,-0.028779131993747598,0,-60.2002592086792,-59.73195123672485,-73.79220193959912,-73.55412702359476,8,8
Only Melissa ever noticed every drawing.,Even Melissa ever noticed every drawing.,semantics,npi_licensing,only_npi_licensor_present,True,False,True,False,873,1.1013476150558168,0.8381907387473494,0.2631568763084674,1,-55.206074953079224,-56.81009817123413,-62.91550825846994,-62.67743334246558,7,7
Only Valerie ever wondered what hasn't conspired.,Even Valerie ever wondered what hasn't conspired.,semantics,npi_licensing,only_npi_licensor_present,True,False,True,False,874,2.744623554027149,2.859514883569028,-0.1148913295418792,0,-65.50948253646493,-64.12249432504177,-92.95571807673642,-92.71764316073205,10,10
Only those senators might ever flirt.,Even those senators might ever flirt.,semantics,npi_licensing,only_npi_licensor_present,True,False,True,False,875,2.0806015647218437,2.0957832569645762,-0.01518169224273258,0,-50.240137577056885,-49.895790815353394,-64.80434853010979,-64.56627361410543,7,7
Only Brian ever sounded like Marie.,Even Brian ever sounded like Marie.,semantics,npi_licensing,only_npi_licensor_present,True,False,True,False,876,1.9778864424372489,1.6950805543806047,0.2828058880566442,1,-47.9429247379303,-49.68449103832245,-61.78812983499104,-61.55005491898668,7,7
Only those people ever appear to meet.,Even those people ever appear to meet.,semantics,npi_licensing,only_npi_licensor_present,True,False,True,False,877,2.5585784792983866,2.4846691348488443,0.07390934444954222,1,-41.045307755470276,-41.398507595062256,-61.51393558985737,-61.27586067385301,8,8
Only the convertibles ever alarm a lot of universities.,Even the convertibles ever alarm a lot of universities.,semantics,npi_licensing,only_npi_licensor_present,True,False,True,False,878,1.3358089192487341,1.3634574966679984,-0.027648577419264297,0,-77.53000593185425,-76.98779666423798,-92.22390404359032,-91.98582912758596,11,11
Only the senators ever profit.,Even the senators ever profit.,semantics,npi_licensing,only_npi_licensor_present,True,False,True,False,879,1.5632314996149457,1.5490254846441356,0.014206014970810088,1,-41.62928330898285,-41.476444482803345,-51.00867230667252,-50.77059739066816,6,6
Only the Clintons ever slump over.,Even the Clintons ever slump over.,semantics,npi_licensing,only_npi_licensor_present,True,False,True,False,880,1.3427655799395748,1.228017729640803,0.11474785029877177,1,-55.33494305610657,-55.9001030921936,-64.73430211568359,-64.49622719967923,7,7
Only Pamela could ever murmur.,Even Pamela could ever murmur.,semantics,npi_licensing,only_npi_licensor_present,True,False,True,False,881,2.6772178628270678,2.6561481293266973,0.021069733500370447,1,-47.69421744346619,-47.60363066196442,-66.43474248325566,-66.1966675672513,7,7
Only the Lutherans ever kissed.,Even the Lutherans ever kissed.,semantics,npi_licensing,only_npi_licensor_present,True,False,True,False,882,0.6832639007313374,0.8798436100399353,-0.19657970930859792,0,-54.474862575531006,-52.860729694366455,-59.25770988065037,-59.019634964646,7,7
Only Kristen has ever scared a guy.,Even Kristen has ever scared a guy.,semantics,npi_licensing,only_npi_licensor_present,True,False,True,False,883,1.664310214983768,1.70209085533266,-0.037780640348891836,0,-52.932844161987305,-52.39252412319183,-66.24732588185745,-66.00925096585311,8,8
Only Amy would ever mutter.,Even Amy would ever mutter.,semantics,npi_licensing,only_npi_licensor_present,True,False,True,False,884,1.7626322202195084,1.8501305249783735,-0.08749830475886511,0,-48.00399661064148,-47.15343356132507,-60.34242215217804,-60.10434723617369,7,7
Only Melinda ever wants this boy to wash.,Even Melinda ever wants this boy to wash.,semantics,npi_licensing,only_npi_licensor_present,True,False,True,False,885,2.005453393591188,1.8175039013155527,0.18794949227563507,1,-61.762670397758484,-63.4040904045105,-81.81720433367036,-81.57912941766602,10,10
Only some pedestrians ever hire Kristen.,Even some pedestrians ever hire Kristen.,semantics,npi_licensing,only_npi_licensor_present,True,False,True,False,886,1.1204038479705665,1.1111992023880686,0.009204645582497895,1,-60.581735610961914,-60.408093214035034,-68.42456254675588,-68.18648763075151,7,7
Only Gerald ever trains.,Even Gerald ever trains.,semantics,npi_licensing,only_npi_licensor_present,True,False,True,False,887,0.17406620198752876,0.3055027610687617,-0.13143655908123292,0,-43.825379371643066,-42.930121660232544,-44.69571038158071,-44.45763546557635,5,5
Only Suzanne ever scanned some essay.,Even Suzanne ever scanned some essay.,semantics,npi_licensing,only_npi_licensor_present,True,False,True,False,888,1.6051568399676828,1.476157570192811,0.12899926977487186,1,-55.86134350299835,-56.52626347541809,-67.09744138277213,-66.85936646676777,7,7
Only the Borgias had ever sold every door.,Even the Borgias had ever sold every door.,semantics,npi_licensing,only_npi_licensor_present,True,False,True,False,889,2.033921322676997,2.0589560823773754,-0.025034759700378384,0,-63.54495012760162,-63.056527614593506,-83.8841633543716,-83.64608843836726,10,10
Only Michelle ever discovered Marcus.,Even Michelle ever discovered Marcus.,semantics,npi_licensing,only_npi_licensor_present,True,False,True,False,890,1.8103109590061617,1.7893009347567375,0.02101002424942422,1,-45.81250476837158,-45.70048999786377,-56.67437052240855,-56.436295606404194,6,6
Only Martha had ever compromised.,Even Martha had ever compromised.,semantics,npi_licensing,only_npi_licensor_present,True,False,True,False,891,2.125603539410599,2.1505066948766505,-0.024903155466051263,0,-40.91577398777008,-40.52828013896942,-53.669395224233675,-53.431320308229324,6,6
Only Tamara could ever depart.,Even Tamara could ever depart.,semantics,npi_licensing,only_npi_licensor_present,True,False,True,False,892,2.386002138039277,2.4124041321826004,-0.02640199414332356,0,-47.24444591999054,-46.82155704498291,-63.94646088626548,-63.70838597026111,7,7
Only Benjamin might ever skate around that hill.,Even Benjamin might ever skate around that hill.,semantics,npi_licensing,only_npi_licensor_present,True,False,True,False,893,1.7483843285896417,1.6787515315472017,0.06963279704243996,1,-61.79390525817871,-62.182525515556335,-77.52936421548549,-77.29128929948115,9,9
Only Daniel ever broke the carriages.,Even Daniel ever broke the carriages.,semantics,npi_licensing,only_npi_licensor_present,True,False,True,False,894,1.9719070359540183,1.921516730658528,0.05039030529549038,1,-51.32072627544403,-51.48577380180359,-67.09598256307618,-66.85790764707181,8,8
Only the men ever embraced.,Even the men ever embraced.,semantics,npi_licensing,only_npi_licensor_present,True,False,True,False,895,1.8320455803154505,1.7426649753928085,0.08938060492264199,1,-35.987051010131836,-36.28525972366333,-46.97932449202454,-46.74124957602018,6,6
Only this sweater ever twists.,Even this sweater ever twists.,semantics,npi_licensing,only_npi_licensor_present,True,False,True,False,896,1.3328849509296365,1.2392119771181385,0.09367297381149808,1,-45.69820261001587,-46.02216553688049,-53.69551231559369,-53.457437399589324,6,6
Only some waiter has ever confused William.,Even some waiter has ever confused William.,semantics,npi_licensing,only_npi_licensor_present,True,False,True,False,897,1.530652210610178,1.3999363167307415,0.1307158938794366,1,-58.16308903694153,-58.970741271972656,-70.40830672182295,-70.17023180581859,8,8
Only some women did ever kiss these women.,Even some women did ever kiss these women.,semantics,npi_licensing,only_npi_licensor_present,True,False,True,False,898,2.027687967652756,2.1011252458573355,-0.07343727820457957,0,-53.57324206829071,-52.67423164844513,-71.82243377716551,-71.58435886116115,9,9
Only the customers ever advise Marcus's senator to investigate Scott.,Even the customers ever advise Marcus's senator to investigate Scott.,semantics,npi_licensing,only_npi_licensor_present,True,False,True,False,899,1.7757109214367546,1.7972810958825274,-0.021570174445772805,0,-85.89998841285706,-85.40307140350342,-107.20851947009811,-106.97044455409375,12,12
Only Melanie could ever paint.,Even Melanie could ever paint.,semantics,npi_licensing,only_npi_licensor_present,True,False,True,False,900,1.6715435894044515,1.440886704396565,0.2306568850078865,1,-42.47126793861389,-43.61713433265686,-52.5005294750406,-52.26245455903625,6,6
Only Nicole ever baked.,Even Nicole ever baked.,semantics,npi_licensing,only_npi_licensor_present,True,False,True,False,901,0.6551188468251568,0.5587610924756035,0.09635775434955329,1,-42.5271098613739,-42.77082371711731,-45.802704095499685,-45.56462917949533,5,5
Only some men have ever divorced.,Even some men have ever divorced.,semantics,npi_licensing,only_npi_licensor_present,True,False,True,False,902,2.2742863788021657,2.3652942731649986,-0.09100789436283296,0,-38.865020990371704,-37.989890813827515,-54.78502564198686,-54.546950725982505,7,7
Only some museums might ever have a cat.,Even some museums might ever have a cat.,semantics,npi_licensing,only_npi_licensor_present,True,False,True,False,903,1.6639559319636323,1.635925335853162,0.02803059611047032,1,-54.16751313209534,-54.181713581085205,-69.14311651976803,-68.90504160376366,9,9
Only a carriage ever stops.,Even a carriage ever stops.,semantics,npi_licensing,only_npi_licensor_present,True,False,True,False,904,1.5718740996883511,1.1297040728894376,0.4421700267989135,1,-38.66731595993042,-41.08226120471954,-48.09856055806053,-47.86048564205617,6,6
Only Dennis has ever broken many dishes.,Even Dennis has ever broken many dishes.,semantics,npi_licensing,only_npi_licensor_present,True,False,True,False,905,1.4619244738308126,1.2649645141898098,0.19695995964100277,1,-57.69897651672363,-59.03658127784729,-69.39437230737013,-69.15629739136577,8,8
Only Claire ever broke some plane.,Even Claire ever broke some plane.,semantics,npi_licensing,only_npi_licensor_present,True,False,True,False,906,1.4107763487318843,1.1739428419945586,0.23683350673732573,1,-50.990750193595886,-52.41050982475281,-60.866184634719076,-60.62810971871472,7,7
Only dishes have ever tipped over.,Even dishes have ever tipped over.,semantics,npi_licensing,only_npi_licensor_present,True,False,True,False,907,1.8446971630521014,1.7846547963261534,0.06004236672594798,1,-45.51051664352417,-45.69273829460144,-58.42339678488888,-58.185321868884515,7,7
Only these girls ever discover every icicle.,Even these girls ever discover every icicle.,semantics,npi_licensing,only_npi_licensor_present,True,False,True,False,908,2.8156846285059425,2.5151866840847896,0.30049794442115285,1,-58.325531125068665,-60.791937708854675,-83.66669278162215,-83.42861786561778,9,9
Only Rodney might ever win.,Even Rodney might ever win.,semantics,npi_licensing,only_npi_licensor_present,True,False,True,False,909,1.7828199644475369,1.6213620057295242,0.16145795871801272,1,-42.053749084472656,-42.78442192077637,-52.75066887115788,-52.51259395515351,6,6
Only an eggplant has ever gone bad.,Even an eggplant has ever gone bad.,semantics,npi_licensing,only_npi_licensor_present,True,False,True,False,910,2.171942994384826,1.9928979775530895,0.17904501683173657,1,-56.54767417907715,-57.92100441455841,-76.09516112854058,-75.85708621253622,9,9
Only the actor did ever spin around.,Even the actor did ever spin around.,semantics,npi_licensing,only_npi_licensor_present,True,False,True,False,911,1.3010575969751494,1.4294312922146704,-0.1283736952395209,0,-51.916470527648926,-50.651406049728394,-62.32493130345012,-62.086856387445756,8,8
Only those gates ever close.,Even those gates ever close.,semantics,npi_licensing,only_npi_licensor_present,True,False,True,False,912,1.6659498442791214,1.5251277685745184,0.14082207570460303,1,-40.30120301246643,-40.9080605506897,-50.29690207814116,-50.05882716213681,6,6
Only these teachers ever listen to Judy.,Even these teachers ever listen to Judy.,semantics,npi_licensing,only_npi_licensor_present,True,False,True,False,913,1.9057840140356248,1.6969152400835945,0.2088687739520303,1,-51.36883118748665,-52.801706463098526,-66.61510329977165,-66.37702838376728,8,8
Only those jackets ever fray.,Even those jackets ever fray.,semantics,npi_licensing,only_npi_licensor_present,True,False,True,False,914,1.6386515690579238,1.4619122509852562,0.17673931807266752,1,-46.49754762649536,-47.319908618927,-56.329457040842904,-56.09138212483854,6,6
Only a gate ever alarms Jason.,Even a gate ever alarms Jason.,semantics,npi_licensing,only_npi_licensor_present,True,False,True,False,915,0.9768669028445061,0.5415847040578805,0.43528219878662555,1,-55.055920004844666,-57.86482048034668,-61.89398832475621,-61.65591340875184,7,7
Only Janet ever praised Jason.,Even Janet ever praised Jason.,semantics,npi_licensing,only_npi_licensor_present,True,False,True,False,916,1.47446299980252,1.3904612769701288,0.08400172283239127,1,-48.8173291683197,-49.08326458930969,-57.66410716713482,-57.426032251130465,6,6
Only Theodore ever investigates Lori.,Even Theodore ever investigates Lori.,semantics,npi_licensing,only_npi_licensor_present,True,False,True,False,917,0.9079504645237991,0.9821052161227625,-0.07415475159896334,0,-58.25680470466614,-57.57380127906799,-63.70450749180893,-63.46643257580457,6,6
Only Paula ever whispers.,Even Paula ever whispers.,semantics,npi_licensing,only_npi_licensor_present,True,False,True,False,918,1.308334650813522,1.1232701646677028,0.18506448614581927,1,-40.21956157684326,-40.90680909156799,-46.76123483091087,-46.52315991490651,5,5
Only Sonia should ever hope to pass some grocery stores.,Even Sonia should ever hope to pass some grocery stores.,semantics,npi_licensing,only_npi_licensor_present,True,False,True,False,919,2.1566856330419095,2.089407799005846,0.06727783403606358,1,-72.86354577541351,-73.36552703380585,-96.58708773887452,-96.34901282287015,11,11
Only the car could ever worry Carolyn.,Even the car could ever worry Carolyn.,semantics,npi_licensing,only_npi_licensor_present,True,False,True,False,920,1.2652857795451746,1.0984508418386811,0.1668349377064935,1,-53.143815994262695,-54.24042057991028,-63.26610223062409,-63.02802731461973,8,8
Only David ever remembered Denise.,Even David ever remembered Denise.,semantics,npi_licensing,only_npi_licensor_present,True,False,True,False,921,1.612020128523799,1.481881271457296,0.13013885706650297,1,-45.86420655250549,-46.40696477890015,-55.53632732364829,-55.29825240764392,6,6
Only a guest ever went fishing.,Even a guest ever went fishing.,semantics,npi_licensing,only_npi_licensor_present,True,False,True,False,922,2.119421347904635,1.9766401218658143,0.1427812260388206,1,-41.085686683654785,-41.84708034992218,-55.92163611898723,-55.68356120298288,7,7
Only the hat has ever soaked.,Even the hat has ever soaked.,semantics,npi_licensing,only_npi_licensor_present,True,False,True,False,923,1.6368315342597026,1.4677742136479972,0.16905732061170542,1,-43.39775252342224,-44.34307885169983,-54.85557326324016,-54.61749834723581,7,7
Only these companies have ever chatted.,Even these companies have ever chatted.,semantics,npi_licensing,only_npi_licensor_present,True,False,True,False,924,2.2399552776963,2.1562718294860375,0.08368344821026241,1,-49.573577880859375,-50.00497055053711,-67.49322010242977,-67.25514518642541,8,8
Only some students ever work with some drivers.,Even some students ever work with some drivers.,semantics,npi_licensing,only_npi_licensor_present,True,False,True,False,925,1.918860025209963,1.8840351221324991,0.03482490307746389,1,-54.63207709789276,-54.70742630958557,-71.90181732478243,-71.66374240877806,9,9
Only Tina did ever help Douglas.,Even Tina did ever help Douglas.,semantics,npi_licensing,only_npi_licensor_present,True,False,True,False,926,1.3776225729175218,1.261016334944148,0.11660623797337366,1,-52.12966859340668,-52.70783734321594,-61.77302660382933,-61.53495168782498,7,7
Only Brad ever kisses Helen.,Even Brad ever kisses Helen.,semantics,npi_licensing,only_npi_licensor_present,True,False,True,False,927,1.285400564889482,1.0835352863078331,0.20186527858164882,1,-47.88239562511444,-48.855512380599976,-55.59479901445133,-55.356724098446975,6,6
Only Leslie ever happens to approach Alice.,Even Leslie ever happens to approach Alice.,semantics,npi_licensing,only_npi_licensor_present,True,False,True,False,928,1.5576122579680174,1.566395611162708,-0.00878335319469059,0,-57.09484875202179,-56.7865070104599,-69.55574681576593,-69.31767189976156,8,8
Only some shawl might ever fray.,Even some shawl might ever fray.,semantics,npi_licensing,only_npi_licensor_present,True,False,True,False,929,2.076805875306115,1.8235309557830703,0.2532749195230446,1,-58.66908144950867,-60.71048080921173,-77.3603343272637,-77.12225941125936,9,9
Only the carriage ever steers.,Even the carriage ever steers.,semantics,npi_licensing,only_npi_licensor_present,True,False,True,False,930,1.572462911299351,1.0978816842523582,0.4745812270469927,1,-44.96210193634033,-48.04609560966492,-55.96934231543579,-55.731267399431424,7,7
Only Tina ever performed.,Even Tina ever performed.,semantics,npi_licensing,only_npi_licensor_present,True,False,True,False,931,1.7200257585210053,1.4573260318203765,0.2626997267006288,1,-37.27812957763672,-38.3535532951355,-45.878258370241745,-45.64018345423738,5,5
Only Kathleen does ever talk to a lot of pedestrians.,Even Kathleen does ever talk to a lot of pedestrians.,semantics,npi_licensing,only_npi_licensor_present,True,False,True,False,932,2.0793298337234543,2.176495042832657,-0.09716520910920279,0,-63.98214107751846,-62.675248861312866,-86.85476924847646,-86.6166943324721,11,11
Only Naomi ever worries.,Even Naomi ever worries.,semantics,npi_licensing,only_npi_licensor_present,True,False,True,False,933,2.132123756029043,1.9308659515162205,0.20125780451282238,1,-36.79556369781494,-37.563777804374695,-47.456182477960155,-47.2181075619558,5,5
Only Theodore can ever spur Bill's grandmothers to reply.,Even Theodore can ever spur Bill's grandmothers to reply.,semantics,npi_licensing,only_npi_licensor_present,True,False,True,False,934,1.1986728793662067,1.2742237023295881,-0.07555082296338145,0,-86.64207899570465,-85.49739420413971,-101.02615354809913,-100.78807863209477,12,12
Only those projectors ever dimmed.,Even those projectors ever dimmed.,semantics,npi_licensing,only_npi_licensor_present,True,False,True,False,935,1.988458402493908,1.9402760469559936,0.04818235553791439,1,-56.961044788360596,-57.108428716659546,-72.86871200831186,-72.6306370923075,8,8
Only Kayla ever prevented those screens from appearing.,Even Kayla ever prevented those screens from appearing.,semantics,npi_licensing,only_npi_licensor_present,True,False,True,False,936,1.3479364651797625,1.3624569536208297,-0.014520488441067236,0,-82.7067723274231,-82.32349252700806,-96.18613697922072,-95.94806206321635,10,10
Only Bethany does ever talk about a waiter.,Even Bethany does ever talk about a waiter.,semantics,npi_licensing,only_npi_licensor_present,True,False,True,False,937,2.4076333993993786,2.2872755266153177,0.12035787278406085,1,-59.76987898349762,-60.73538279533386,-83.8462129774914,-83.60813806148704,10,10
Only Harvard University has ever communicated.,Even Harvard University has ever communicated.,semantics,npi_licensing,only_npi_licensor_present,True,False,True,False,938,2.353490781644861,2.361051730544785,-0.007560948899923758,0,-47.94078040122986,-47.649778842926025,-64.41521587274389,-64.17714095673952,7,7
Only Theodore had ever longed to conceal Christine.,Even Theodore had ever longed to conceal Christine.,semantics,npi_licensing,only_npi_licensor_present,True,False,True,False,939,1.8257100603877092,1.7747801427542556,0.05092991763345367,1,-67.7012095451355,-67.9724338054657,-85.95831014901259,-85.72023523300825,10,10
Only Rhonda ever paints.,Even Rhonda ever paints.,semantics,npi_licensing,only_npi_licensor_present,True,False,True,False,940,1.5521122949819552,1.4746628710132939,0.07744942396866139,1,-49.58104372024536,-49.80766534805298,-58.89371749013709,-58.65564257413274,6,6
Only legislatures ever discover a bank to cope.,Even legislatures ever discover a bank to cope.,semantics,npi_licensing,only_npi_licensor_present,True,False,True,False,941,1.232988956820034,1.0987445526498714,0.1342444041701627,1,-68.98721194267273,-69.95733666419983,-80.08411255405304,-79.84603763804867,9,9
Only those customers had ever hoped to compromise.,Even those customers had ever hoped to compromise.,semantics,npi_licensing,only_npi_licensor_present,True,False,True,False,942,2.3476172082413598,2.366511560823211,-0.018894352581851237,0,-55.12082231044769,-54.712698221206665,-76.24937718461993,-76.01130226861557,9,9
Only Karla ever sees Amelia.,Even Karla ever sees Amelia.,semantics,npi_licensing,only_npi_licensor_present,True,False,True,False,943,1.4437129017014456,1.4720857489691153,-0.028372847267669643,0,-57.90760278701782,-57.47091794013977,-68.01359309892794,-67.77551818292358,7,7
Only Bethany has ever yearned to perform.,Even Bethany has ever yearned to perform.,semantics,npi_licensing,only_npi_licensor_present,True,False,True,False,944,1.9384715124203922,1.8144444015458192,0.12402711087457297,1,-66.89598977565765,-67.89818596839905,-86.28070489986158,-86.04262998385724,10,10
Only Caroline could ever yawn.,Even Caroline could ever yawn.,semantics,npi_licensing,only_npi_licensor_present,True,False,True,False,945,0.3763818072257455,0.40961526810917565,-0.033233460883430155,0,-50.11313772201538,-49.67566204071045,-52.371428565369854,-52.1333536493655,6,6
Only that shawl would ever shrink.,Even that shawl would ever shrink.,semantics,npi_licensing,only_npi_licensor_present,True,False,True,False,946,2.6301126092373104,2.4273854881888957,0.20272712104841473,1,-49.96583604812622,-51.55230522155762,-73.63684953126202,-73.39877461525768,9,9
Only Douglas did ever sit down.,Even Douglas did ever sit down.,semantics,npi_licensing,only_npi_licensor_present,True,False,True,False,947,1.535960753454066,1.6630432180640053,-0.12708246460993933,0,-45.422959327697754,-44.29530715942383,-56.174684601876216,-55.936609685871865,7,7
Only Raymond ever plays.,Even Raymond ever plays.,semantics,npi_licensing,only_npi_licensor_present,True,False,True,False,948,0.8928043981750605,0.59788440322492,0.29491999495014054,1,-38.94446277618408,-40.18098783493042,-43.408484767059385,-43.17040985105502,5,5
Only the Impressionists ever communicated.,Even the Impressionists ever communicated.,semantics,npi_licensing,only_npi_licensor_present,True,False,True,False,949,3.3804309039891507,3.4678523637683902,-0.08742145977923954,0,-49.14838242530823,-48.210935831069946,-76.19182965722143,-75.95375474121707,8,8
Only a library would ever need Gerald to think about many customers.,Even a library would ever need Gerald to think about many customers.,semantics,npi_licensing,only_npi_licensor_present,True,False,True,False,950,1.660801435933962,1.6054534784604864,0.05534795747347565,1,-79.71682798862457,-80.19827651977539,-101.30724665576608,-101.06917173976171,13,13
Only Walter would ever litter.,Even Walter would ever litter.,semantics,npi_licensing,only_npi_licensor_present,True,False,True,False,951,0.9607245546714497,1.1517710082866088,-0.19104645361515915,0,-46.88141965866089,-45.497066020965576,-52.64576698668959,-52.40769207068523,6,6
Only some committee does ever assemble.,Even some committee does ever assemble.,semantics,npi_licensing,only_npi_licensor_present,True,False,True,False,952,1.0802879398704042,1.0706243044633408,0.009663635407063387,1,-53.76506996154785,-53.594640493392944,-61.32708554064068,-61.08901062463633,7,7
Only Lisa might ever swallow.,Even Lisa might ever swallow.,semantics,npi_licensing,only_npi_licensor_present,True,False,True,False,953,1.6411162156452466,1.4730016499351504,0.1681145657100962,1,-43.3295681476593,-44.10018062591553,-53.17626544153078,-52.93819052552643,6,6
Only some doctors ever believe Rachel to wave.,Even some doctors ever believe Rachel to wave.,semantics,npi_licensing,only_npi_licensor_present,True,False,True,False,954,1.2307055341441355,1.2539228526658297,-0.023217318521694175,0,-64.34956932067871,-63.902538537979126,-75.42591912797593,-75.1878442119716,9,9
Only the cashiers have ever kissed Tonya.,Even the cashiers have ever kissed Tonya.,semantics,npi_licensing,only_npi_licensor_present,True,False,True,False,955,1.4332649793891021,1.4802887985377198,-0.04702381914861764,0,-67.51862621307373,-66.81031310558319,-81.85127600696475,-81.61320109096039,10,10
Only Lawrence ever forgets that newspaper article.,Even Lawrence ever forgets that newspaper article.,semantics,npi_licensing,only_npi_licensor_present,True,False,True,False,956,2.2875851866526173,2.2934261087831818,-0.005840922130564419,0,-62.782148361206055,-62.49150514602661,-83.37041504107961,-83.13234012507525,9,9
Only senators ever realize who muttered.,Even senators ever realize who muttered.,semantics,npi_licensing,only_npi_licensor_present,True,False,True,False,957,0.8785443691314551,0.7220106996427985,0.15653366948865655,1,-58.58195734024048,-59.43961811065674,-64.73176792416066,-64.49369300815633,7,7
Only this apple had ever ripened.,Even this apple had ever ripened.,semantics,npi_licensing,only_npi_licensor_present,True,False,True,False,958,1.9495653435712157,1.8041168504333562,0.14544849313785946,1,-50.24394679069519,-51.1694598197937,-65.84046953926492,-65.60239462326055,8,8
Only the Lutherans ever learn.,Even the Lutherans ever learn.,semantics,npi_licensing,only_npi_licensor_present,True,False,True,False,959,0.878107668368295,0.9614527044493103,-0.08334503608101529,0,-51.83836221694946,-51.01687204837799,-57.98511589552753,-57.74704097952316,7,7
Only Katherine might ever try to go to every lake.,Even Katherine might ever try to go to every lake.,semantics,npi_licensing,only_npi_licensor_present,True,False,True,False,960,1.8200359000498167,1.809323643347377,0.010712256702439804,1,-65.47406005859375,-65.35381996631622,-85.49445495914173,-85.25638004313737,11,11
Only the association ever annoys Omar.,Even the association ever annoys Omar.,semantics,npi_licensing,only_npi_licensor_present,True,False,True,False,961,1.0754558698319876,1.159136333488867,-0.08368046365687931,0,-60.80066096782684,-59.893142342567444,-69.40430792648274,-69.16623301047838,8,8
Only Laurie ever arrives at Spain.,Even Laurie ever arrives at Spain.,semantics,npi_licensing,only_npi_licensor_present,True,False,True,False,962,2.1123056359293253,1.676682243126108,0.4356233928032174,1,-48.527525186538696,-51.33881402015686,-63.313664638043974,-63.075589722039616,7,7
Only Karen did ever hunt.,Even Karen did ever hunt.,semantics,npi_licensing,only_npi_licensor_present,True,False,True,False,963,1.1877035804994673,1.0054683168142102,0.1822352636852571,1,-44.43956518173218,-45.294901847839355,-51.56578666472898,-51.32771174872462,6,6
Only Meredith ever concealed Samuel.,Even Meredith ever concealed Samuel.,semantics,npi_licensing,only_npi_licensor_present,True,False,True,False,964,0.9608507290870302,0.9318507816783234,0.028999947408706817,1,-53.78327131271362,-53.7191960811615,-59.548375687235804,-59.31030077123144,6,6
Only Phillip would ever speak up.,Even Phillip would ever speak up.,semantics,npi_licensing,only_npi_licensor_present,True,False,True,False,965,1.9727333148703892,2.0617218549579266,-0.08898854008753743,0,-43.68398416042328,-42.82298946380615,-57.493117364516,-57.25504244851164,7,7
Only that wheelbarrow ever bothered William.,Even that wheelbarrow ever bothered William.,semantics,npi_licensing,only_npi_licensor_present,True,False,True,False,966,1.915589479770432,1.5792904293201926,0.33629905045023945,1,-63.62548387050629,-66.41410040855408,-80.86578918844017,-80.62771427243581,9,9
Only this unicycle could ever steer.,Even this unicycle could ever steer.,semantics,npi_licensing,only_npi_licensor_present,True,False,True,False,967,1.8987763290273847,1.8614331377465199,0.03734319128086483,1,-54.421502113342285,-54.48217272758484,-69.61171274556136,-69.373637829557,8,8
Only the patients ever boycott a lot of associations.,Even the patients ever boycott a lot of associations.,semantics,npi_licensing,only_npi_licensor_present,True,False,True,False,968,2.293918871268346,2.3331655598131733,-0.03924668854482727,0,-58.921948313713074,-58.29140651226044,-81.86113702639653,-81.62306211039217,10,10
Only Guy ever asked Mitchell to research these lakes.,Even Guy ever asked Mitchell to research these lakes.,semantics,npi_licensing,only_npi_licensor_present,True,False,True,False,969,0.7556677656635031,1.012157255397753,-0.2564894897342498,0,-81.88665783405304,-79.08368802070618,-89.44333549068807,-89.2052605746837,10,10
Only these customers ever admire Julie.,Even these customers ever admire Julie.,semantics,npi_licensing,only_npi_licensor_present,True,False,True,False,970,1.9071222587339085,1.6571301751674892,0.24999208356641933,1,-51.83044612407684,-53.342315793037415,-65.1803019352142,-64.94222701920984,7,7
Only Kirsten has ever cleaned many cats.,Even Kirsten has ever cleaned many cats.,semantics,npi_licensing,only_npi_licensor_present,True,False,True,False,971,2.487554479174447,2.2731157871743557,0.21443869200009136,1,-58.83319854736328,-60.52507185935974,-81.2211888599333,-80.98311394392894,9,9
Only these women ever attacked Jeffrey.,Even these women ever attacked Jeffrey.,semantics,npi_licensing,only_npi_licensor_present,True,False,True,False,972,1.940949570596402,1.920073041294596,0.020876529301805835,1,-49.60200238227844,-49.51006317138672,-63.188649376453256,-62.95057446044889,7,7
Only Aaron ever aggravated Kristen.,Even Aaron ever aggravated Kristen.,semantics,npi_licensing,only_npi_licensor_present,True,False,True,False,973,1.3977042561388313,1.5422851539271665,-0.14458089778833516,0,-53.65429091453552,-52.54873061180115,-62.04051645136851,-61.802441535364146,6,6
Only some tomato had ever charred.,Even some tomato had ever charred.,semantics,npi_licensing,only_npi_licensor_present,True,False,True,False,974,1.2064710845224706,0.8726754834782001,0.33379560104427053,1,-52.30401039123535,-54.402504682540894,-60.749307982892645,-60.511233066888295,7,7
Only a school could ever fail to remember Laura.,Even a school could ever fail to remember Laura.,semantics,npi_licensing,only_npi_licensor_present,True,False,True,False,975,1.68027296637554,1.5246951441076078,0.15557782226793226,1,-60.12057018280029,-61.43827348947525,-76.9232998465557,-76.68522493055133,10,10
Only Rhonda ever returned to Brad.,Even Rhonda ever returned to Brad.,semantics,npi_licensing,only_npi_licensor_present,True,False,True,False,976,1.7746306003081855,1.8148120561439818,-0.04018145583579624,0,-58.145854115486145,-57.58632755279541,-72.34289891795163,-72.10482400194726,8,8
Only some banana ever bakes.,Even some banana ever bakes.,semantics,npi_licensing,only_npi_licensor_present,True,False,True,False,977,1.3418080036745204,1.2260809342115837,0.11572706946293665,1,-48.79150080680847,-49.36351537704468,-58.184156832530114,-57.94608191652576,7,7
Only some shawls will ever shrink.,Even some shawls will ever shrink.,semantics,npi_licensing,only_npi_licensor_present,True,False,True,False,978,2.531778369312977,2.3654194858659485,0.16635888344702865,1,-54.939900398254395,-56.199055433273315,-77.72590572207119,-77.48783080606685,9,9
Only April had ever sneezed.,Even April had ever sneezed.,semantics,npi_licensing,only_npi_licensor_present,True,False,True,False,979,1.9029788925069226,1.6703146926630161,0.23266419984390652,1,-52.30060839653015,-53.92384707927704,-67.52443953658553,-67.28636462058117,8,8
Only Renee ever visits Christopher.,Even Renee ever visits Christopher.,semantics,npi_licensing,only_npi_licensor_present,True,False,True,False,980,1.12272742908585,1.0315647280071383,0.09116270107871172,1,-58.82119870185852,-59.22126269340515,-66.68029070545947,-66.44221578945512,7,7
Only Liam might ever like every school.,Even Liam might ever like every school.,semantics,npi_licensing,only_npi_licensor_present,True,False,True,False,981,1.1155082506348464,1.0318834086915594,0.08362484194328701,1,-57.08988428115845,-57.52080810070038,-66.01395028623722,-65.77587537023285,8,8
Only these students ever work with Rhonda.,Even these students ever work with Rhonda.,semantics,npi_licensing,only_npi_licensor_present,True,False,True,False,982,1.8927980887032794,1.7360639381214784,0.15673415058180096,1,-61.13632524013519,-62.308857679367065,-78.17150803846471,-77.93343312246037,9,9
Only that lady ever fires Tammy.,Even that lady ever fires Tammy.,semantics,npi_licensing,only_npi_licensor_present,True,False,True,False,983,1.1154951934369564,0.715145590993235,0.4003496024437213,1,-53.8906466960907,-56.45501899719238,-61.69911305014939,-61.46103813414503,7,7
Only these dancers ever married.,Even these dancers ever married.,semantics,npi_licensing,only_npi_licensor_present,True,False,True,False,984,2.080821940027736,1.9468803463609927,0.13394159366674319,1,-39.12010598182678,-39.685680627822876,-51.6050376219932,-51.36696270598883,6,6
Only Guy has ever entreated a father of Julia to admire Julie.,Even Guy has ever entreated a father of Julia to admire Julie.,semantics,npi_licensing,only_npi_licensor_present,True,False,True,False,985,2.1345084614446597,2.219876974271021,-0.08536851282636126,0,-92.12681233882904,-90.69357824325562,-122.00993079905427,-121.77185588304991,14,14
Only waitresses ever describe Carolyn.,Even waitresses ever describe Carolyn.,semantics,npi_licensing,only_npi_licensor_present,True,False,True,False,986,0.5449632230160221,0.3787673000113005,0.16619592300472158,1,-63.248981952667236,-64.17427849769592,-67.06372451377939,-66.82564959777503,7,7
Only Rhonda will ever wave.,Even Rhonda will ever wave.,semantics,npi_licensing,only_npi_licensor_present,True,False,True,False,987,1.5190630474176967,1.5986386006136237,-0.07957555319592702,0,-53.41020178794861,-52.615097999572754,-64.04364311987248,-63.80556820386812,7,7
Only those skateboards ever turn.,Even those skateboards ever turn.,semantics,npi_licensing,only_npi_licensor_present,True,False,True,False,988,1.921258286470158,1.8581526497203191,0.06310563674983882,1,-49.81740212440491,-50.021066665649414,-63.26621012969601,-63.02813521369165,7,7
Only some skirt ever dried.,Even some skirt ever dried.,semantics,npi_licensing,only_npi_licensor_present,True,False,True,False,989,1.0935412844009906,0.6996714642633025,0.3938698201376881,1,-45.27697277069092,-47.402116775512695,-51.83822047709686,-51.60014556109251,6,6
Only Lisa ever compels Wayne to alarm Nicole.,Even Lisa ever compels Wayne to alarm Nicole.,semantics,npi_licensing,only_npi_licensor_present,True,False,True,False,990,0.63415703115827,0.547266665736575,0.08689036542169504,1,-88.46674609184265,-89.09757483005524,-94.80831640342535,-94.57024148742099,10,10
Only cashiers have ever succeeded.,Even cashiers have ever succeeded.,semantics,npi_licensing,only_npi_licensor_present,True,False,True,False,991,1.7570906223330514,1.6678036283357238,0.08928699399732754,1,-48.74210810661316,-49.12904214859009,-61.04174246294452,-60.803667546940154,7,7
Only these students ever found out who isn't prompting a waiter to yawn.,Even these students ever found out who isn't prompting a waiter to yawn.,semantics,npi_licensing,only_npi_licensor_present,True,False,True,False,992,1.833770083114024,1.787325366790289,0.046444716323734925,1,-95.41731635434553,-95.87591218319722,-122.92386760105589,-122.68579268505155,15,15
Only Samuel has ever lifted eyes.,Even Samuel has ever lifted eyes.,semantics,npi_licensing,only_npi_licensor_present,True,False,True,False,993,1.142673417925451,1.2656310367581491,-0.12295761883269818,0,-52.07473540306091,-50.97595715522766,-60.07344932853907,-59.835374412534705,7,7
Only Sandra had ever known who hasn't scanned the report.,Even Sandra had ever known who hasn't scanned the report.,semantics,npi_licensing,only_npi_licensor_present,True,False,True,False,994,2.4099762191489567,2.380313181752053,0.02966303739690357,1,-69.6545623447746,-69.77244387753308,-98.57427697456208,-98.33620205855772,12,12
Only the dancers might ever flirt.,Even the dancers might ever flirt.,semantics,npi_licensing,only_npi_licensor_present,True,False,True,False,995,1.9371788369172194,1.9125184004062896,0.02466043651092975,1,-46.32216191291809,-46.256710052490234,-59.882413771338626,-59.64433885533426,7,7
Only that driver ever describes some patients.,Even that driver ever describes some patients.,semantics,npi_licensing,only_npi_licensor_present,True,False,True,False,996,1.7957243047083828,1.5034774989064914,0.29224680580189144,1,-53.335992097854614,-55.43589162826538,-67.70178653552168,-67.46371161951731,8,8
Only that girl ever thought about that ice.,Even that girl ever thought about that ice.,semantics,npi_licensing,only_npi_licensor_present,True,False,True,False,997,1.9662530904068154,1.7486947442810872,0.21755834612572822,1,-46.10831093788147,-47.82826113700867,-63.80458875154281,-63.56651383553845,9,9
Only Amy ever won.,Even Amy ever won.,semantics,npi_licensing,only_npi_licensor_present,True,False,True,False,998,0.8024305961231064,0.651817976127191,0.15061261999591546,1,-36.21377968788147,-36.72876787185669,-40.225932668497,-39.987857752492644,5,5
Only Heidi ever researched the Clintons.,Even Heidi ever researched the Clintons.,semantics,npi_licensing,only_npi_licensor_present,True,False,True,False,999,1.5604546768825247,1.5039600978228975,0.05649457905962718,1,-59.501100301742554,-59.65848743915558,-70.42428303992023,-70.18620812391586,7,7
