sentence_good,sentence_bad,field,linguistics_term,UID,simple_LM_method,one_prefix_method,two_prefix_method,lexically_identical,pair_id,good_slor,bad_slor,slor_diff,correct,good_model_logprob,bad_model_logprob,good_unigram_logprob,bad_unigram_logprob,good_num_tokens,bad_num_tokens
Eric imagines himself taking every rug.,Eric imagines himself took every rug.,syntax/semantics,binding,principle_A_case_2,True,True,False,False,0,1.7386886464589395,1.8655956921643657,-0.1269070457054262,0,-62.72274923324585,-60.92511034011841,-76.63225840491737,-75.84987587743333,8,8
Stacy imagines herself praising this actress.,Stacy imagines herself praises this actress.,syntax/semantics,binding,principle_A_case_2,True,True,False,False,1,2.430228487424008,2.1958443908073377,0.23438409661667015,1,-66.53785848617554,-68.2898999452591,-88.4099148729916,-88.05249946252513,9,9
All pedestrians think about themselves exploring museums.,All pedestrians think about themselves explored museums.,syntax/semantics,binding,principle_A_case_2,True,True,False,False,2,1.4034772458577116,1.3763093735773175,0.02716787228039408,1,-63.19663608074188,-63.8415766954422,-74.42445404760358,-74.85205168406074,8,8
Cheryl is forgetting about herself thinking about Beverly.,Cheryl is forgetting about herself thought about Beverly.,syntax/semantics,binding,principle_A_case_2,True,True,False,False,3,1.8469574683253815,1.5369102197763054,0.31004724854907617,1,-72.75013661384583,-74.67776727676392,-93.06666876542502,-91.58377969430327,11,11
Some guests imagine themselves exploring a library.,Some guests imagine themselves explored a library.,syntax/semantics,binding,principle_A_case_2,True,True,False,False,4,1.988006261363516,1.9566300180399168,0.03137624332359934,1,-56.35940062999725,-57.03800821304321,-72.26345072090538,-72.69104835736255,8,8
Tonya is thinking about herself listening to Andrew.,Tonya is thinking about herself listened to Andrew.,syntax/semantics,binding,principle_A_case_2,True,True,False,False,5,1.8663623736903332,1.3063011864095415,0.5600611872807917,1,-59.12649965286255,-65.20319420099258,-77.79012338976588,-78.266206065088,10,10
Christina hasn't thought about herself noticing Sheila.,Christina hasn't thought about herself notices Sheila.,syntax/semantics,binding,principle_A_case_2,True,True,False,False,6,2.775980594110473,2.3122449194089882,0.4637356747014847,1,-61.10143115837127,-65.92670276481658,-88.861237099476,-89.04915195890646,10,10
Ann wouldn't forget about herself passing banks.,Ann wouldn't forget about herself passed banks.,syntax/semantics,binding,principle_A_case_2,True,True,False,False,7,2.118872781038795,1.7575057140094037,0.36136706702939136,1,-57.672698276117444,-59.696159737184644,-76.7425533054666,-75.51371116326928,9,9
These patients think about themselves concealing that girl.,These patients think about themselves concealed that girl.,syntax/semantics,binding,principle_A_case_2,True,True,False,False,8,1.9961429736449787,1.2055990252453752,0.7905439483996035,1,-65.23717069625854,-61.957831144332886,-85.19860043270833,-72.80822237154126,10,9
That association is forgetting about itself impressing Renee.,That association is forgetting about itself impresses Renee.,syntax/semantics,binding,principle_A_case_2,True,True,False,False,9,1.5391142132329465,0.9615612612649613,0.5775529519679852,1,-83.76651287078857,-87.55218994617462,-100.69676921635099,-98.1293638200892,11,11
Some teachers imagine themselves bringing many carriages.,Some teachers imagine themselves brought many carriages.,syntax/semantics,binding,principle_A_case_2,True,True,False,False,10,2.3691300240197615,2.318936792433141,0.05019323158662026,1,-61.657349824905396,-60.38881969451904,-82.97952004108325,-81.25925082641731,9,9
Stacy won't imagine herself biking to all malls.,Stacy won't imagine herself biked to all malls.,syntax/semantics,binding,principle_A_case_2,True,True,False,False,11,1.5367893191865134,1.8929259411958839,-0.35613662200937046,0,-81.14046938717365,-82.99135287106037,-98.0451518982253,-105.70646416541098,11,12
Most men forget about themselves climbing down the ladder.,Most men forget about themselves climb down the ladder.,syntax/semantics,binding,principle_A_case_2,True,True,False,False,12,2.4945567570044376,2.4543788777289364,0.040177879275501205,1,-55.890802443027496,-55.70986473560333,-80.83637001307187,-80.2536535128927,10,10
Paula hasn't forgotten about herself complaining about Deborah.,Paula hasn't forgotten about herself complained about Deborah.,syntax/semantics,binding,principle_A_case_2,True,True,False,False,13,2.8379118793144316,2.5530516074469123,0.2848602718675193,1,-63.23975950945169,-66.3484891699627,-94.45679018191043,-94.43205685187874,11,11
Steven doesn't think about himself listening to Theresa.,Steven doesn't think about himself listened to Theresa.,syntax/semantics,binding,principle_A_case_2,True,True,False,False,14,2.0085292267512784,1.6972242455061006,0.3113049812451778,1,-57.69520917907357,-61.28434166684747,-77.78050144658636,-78.25658412190847,10,10
The schools think about themselves irritating Paula.,The schools think about themselves irritated Paula.,syntax/semantics,binding,principle_A_case_2,True,True,False,False,15,0.7969642613522332,0.9591364088068168,-0.16217214745458364,0,-63.141196727752686,-61.77043700218201,-69.51691081857055,-69.44352827263654,8,8
Gregory had forgotten about himself talking to Elaine.,Gregory had forgotten about himself talked to Elaine.,syntax/semantics,binding,principle_A_case_2,True,True,False,False,16,2.5335426814685578,2.417152690364168,0.11638999110438997,1,-58.36122262477875,-61.04845082759857,-83.69664943946432,-85.21997773124025,10,10
Kevin wasn't forgetting about himself breaking a lot of unicycles.,Kevin wasn't forgetting about himself breaks a lot of unicycles.,syntax/semantics,binding,principle_A_case_2,True,True,False,False,17,2.9908447633099127,2.8004881381996256,0.19035662511028706,1,-78.56067305617034,-81.9359074216336,-120.43249974250912,-121.14274135642836,14,14
Scott would imagine himself dropping by some schools.,Scott would imagine himself dropped by some schools.,syntax/semantics,binding,principle_A_case_2,True,True,False,False,18,1.3421225517900806,1.7406580492791888,-0.3985354974891082,0,-65.04227590560913,-59.83588671684265,-77.12137887171986,-75.50180916035535,9,9
Guests think about themselves praising Todd.,Guests think about themselves praise Todd.,syntax/semantics,binding,principle_A_case_2,True,True,False,False,19,1.750602045835187,1.0357349635157966,0.7148670823193903,1,-60.66064810752869,-64.2602105140686,-74.66546447421018,-72.54609022219498,8,8
Jane imagines herself exiting a school.,Jane imagines herself exits a school.,syntax/semantics,binding,principle_A_case_2,True,True,False,False,20,2.3497586957269867,1.9895754037786944,0.36018329194829235,1,-57.967289686203,-58.96168637275696,-76.7653592520189,-74.87828960298651,8,8
Brett had imagined himself listening to Jeffrey.,Brett had imagined himself listened to Jeffrey.,syntax/semantics,binding,principle_A_case_2,True,True,False,False,21,2.1526045495267914,1.990439337410398,0.16216521211639345,1,-58.07174414396286,-60.00731372833252,-77.44518508970398,-77.9212677650261,9,9
Organizations think about themselves talking to Nancy.,Organizations think about themselves talked to Nancy.,syntax/semantics,binding,principle_A_case_2,True,True,False,False,22,1.6433037411049725,1.5032080951874225,0.14009564591754997,1,-61.65677320957184,-64.44096231460571,-76.44650687951659,-77.96983517129252,9,9
Theodore wasn't imagining himself observing the customers.,Theodore wasn't imagining himself observes the customers.,syntax/semantics,binding,principle_A_case_2,True,True,False,False,23,2.3305165001296673,1.9667316159346626,0.36378488419500465,1,-64.78841101378202,-69.63103234022856,-88.0935760150787,-89.29834849957518,10,10
Dawn will think about herself curing George.,Dawn will think about herself cured George.,syntax/semantics,binding,principle_A_case_2,True,True,False,False,24,1.1569906682896027,1.1547378444856458,0.0022528238039569715,1,-65.64970862865448,-63.744967341423035,-76.0626246432609,-74.13760794179385,9,9
Bethany was forgetting about herself questioning Rachelle.,Bethany was forgetting about herself questioned Rachelle.,syntax/semantics,binding,principle_A_case_2,True,True,False,False,25,1.1965593574798974,1.1052399307546041,0.09131942672529325,1,-83.1497073173523,-83.40271770954132,-96.31186024963117,-95.56035694784197,11,11
Dancers hadn't forgotten about themselves appreciating a public park.,Dancers hadn't forgotten about themselves appreciated a public park.,syntax/semantics,binding,principle_A_case_2,True,True,False,False,26,2.716103519235654,2.390194786135332,0.32590873310032187,1,-79.91302029043436,-75.664878629148,-115.22236604049786,-104.34721606277199,13,12
The men forget about themselves taking all hats.,The men forget about themselves took all hats.,syntax/semantics,binding,principle_A_case_2,True,True,False,False,27,1.6094550363012685,1.3731640737493995,0.236290962551869,1,-56.25450253486633,-57.59873867034912,-70.73959786157775,-69.95721533409372,9,9
Steven thinks about himself thinking about this college campus.,Steven thinks about himself thought about this college campus.,syntax/semantics,binding,principle_A_case_2,True,True,False,False,28,1.7621460730013836,1.414737729148331,0.34740834385305264,1,-66.33397078514099,-68.32516515254974,-83.95543151515483,-82.47254244403305,10,10
Becca is forgetting about herself biking to that high school.,Becca is forgetting about herself biked to that high school.,syntax/semantics,binding,principle_A_case_2,True,True,False,False,29,1.9855382887746724,2.179070187140153,-0.19353189836548057,0,-76.64889585971832,-79.80875515937805,-100.47535532501439,-108.13666759220004,12,13
Omar thought about himself working with Sheila.,Omar thought about himself worked with Sheila.,syntax/semantics,binding,principle_A_case_2,True,True,False,False,30,1.4333482403652402,1.1182994181970212,0.31504882216821906,1,-60.73089408874512,-63.85670590400696,-73.63102825203228,-73.92140066778015,9,9
Irene might imagine herself hugging Lissa.,Irene might imagine herself hugs Lissa.,syntax/semantics,binding,principle_A_case_2,True,True,False,False,31,1.3657959933865351,0.8990701111804292,0.4667258822061059,1,-67.81345319747925,-71.98861479759216,-80.10561713795806,-80.08024579821603,9,9
Jacqueline forgot about herself fleeing from these waitresses.,Jacqueline forgot about herself flees from these waitresses.,syntax/semantics,binding,principle_A_case_2,True,True,False,False,32,2.3335534092202557,2.0703414803397666,0.26321192888048905,1,-84.1520426273346,-92.43140387535095,-112.15468353797766,-119.34584311976792,12,13
Jerry wasn't thinking about himself returning to Leslie.,Jerry wasn't thinking about himself returned to Leslie.,syntax/semantics,binding,principle_A_case_2,True,True,False,False,33,2.7566396077801953,2.447794635133488,0.3088449726467073,1,-54.12682889774442,-55.56031082943082,-81.69322497554637,-80.0382571807657,10,10
Brett forgot about himself working with Jesus.,Brett forgot about himself worked with Jesus.,syntax/semantics,binding,principle_A_case_2,True,True,False,False,34,2.1280396229684837,1.832158144575699,0.2958814783927848,1,-54.349881649017334,-57.30318737030029,-73.50223825573369,-73.79261067148158,9,9
Dennis hasn't forgotten about himself scaring Paula.,Dennis hasn't forgotten about himself scared Paula.,syntax/semantics,binding,principle_A_case_2,True,True,False,False,35,2.882378812253377,2.6092017541667816,0.27317705808659554,1,-66.86711262632161,-61.653775562532246,-98.57327956110876,-87.74579310420006,11,10
Joseph thought about himself researching an essay.,Joseph thought about himself researches an essay.,syntax/semantics,binding,principle_A_case_2,True,True,False,False,36,1.7148612832191432,1.8707546924459564,-0.15589340922681316,0,-57.87698817253113,-65.25625109672546,-71.59587843828427,-82.09304332873907,8,9
Frank thought about himself talking to Michelle.,Frank thought about himself talked to Michelle.,syntax/semantics,binding,principle_A_case_2,True,True,False,False,37,1.939259163241423,1.780297493066496,0.1589616701749268,1,-46.675546526908875,-49.47056818008423,-62.18961983284026,-63.7129481246162,8,8
Amanda forgets about herself hurting Ruth.,Amanda forgets about herself hurt Ruth.,syntax/semantics,binding,principle_A_case_2,True,True,False,False,38,2.0866882513371174,1.9147701509035484,0.17191810043356903,1,-66.68766045570374,-65.73918437957764,-85.4678547177378,-82.97211573770957,9,9
Robert imagines himself visiting Joel.,Robert imagines himself visited Joel.,syntax/semantics,binding,principle_A_case_2,True,True,False,False,39,1.984543305036303,1.7997984547639834,0.18474485027231968,1,-57.51881229877472,-58.35222947597504,-71.41061543402884,-70.95081865932292,7,7
Todd shouldn't imagine himself helping William.,Todd shouldn't imagine himself helps William.,syntax/semantics,binding,principle_A_case_2,True,True,False,False,40,2.0597943171839788,1.5448231909371692,0.5149711262468095,1,-55.057200046256185,-59.48296699114144,-71.53555458372801,-71.84155251863879,8,8
Victoria hadn't imagined herself discussing Lori.,Victoria hadn't imagined herself discussed Lori.,syntax/semantics,binding,principle_A_case_2,True,True,False,False,41,1.9638998490378796,1.844100434515596,0.1197994145222836,1,-63.99186439439654,-64.61417574808002,-79.70306318669958,-79.36697922420478,8,8
Some governments think about themselves admiring some bread.,Some governments think about themselves admired some bread.,syntax/semantics,binding,principle_A_case_2,True,True,False,False,42,2.4446947626711704,1.763937613045916,0.6807571496252545,1,-63.060107588768005,-61.17440474033356,-87.50705521547971,-77.0498432577468,10,9
The Clintons think about themselves disagreeing with Alicia.,The Clintons think about themselves disagree with Alicia.,syntax/semantics,binding,principle_A_case_2,True,True,False,False,43,1.132434620714946,0.9433642114394003,0.18907040927554575,1,-77.08746695518494,-72.33080410957336,-88.4118131623344,-80.82108201252797,10,9
Gerald imagines himself cleaning this painting.,Gerald imagines himself cleaned this painting.,syntax/semantics,binding,principle_A_case_2,True,True,False,False,44,2.5006377532966315,2.5270113094895077,-0.02637355619287618,0,-61.938867807388306,-62.10309386253357,-84.44460758705799,-84.84619564793914,9,9
Liam forgot about himself thinking about Rose.,Liam forgot about himself thinks about Rose.,syntax/semantics,binding,principle_A_case_2,True,True,False,False,45,2.0601210359902526,1.6533754785714874,0.4067455574187653,1,-56.64744406938553,-61.28131175041199,-75.1885333932978,-76.16169105755537,9,9
Raymond did imagine himself distracting Gina.,Raymond did imagine himself distracted Gina.,syntax/semantics,binding,principle_A_case_2,True,True,False,False,46,1.9537153211936626,1.6998663193377581,0.25384900185590453,1,-62.92917859554291,-63.56974697113037,-78.55890116509221,-77.16867752583244,8,8
Kendra won't think about herself disturbing Colleen.,Kendra won't think about herself disturbs Colleen.,syntax/semantics,binding,principle_A_case_2,True,True,False,False,47,2.1515889751163657,2.5925305210255396,-0.4409415459091739,0,-73.62086324393749,-78.88009704649448,-97.28834197021752,-109.99046329880096,11,12
Regina imagined herself breaking a lot of forks.,Regina imagined herself broke a lot of forks.,syntax/semantics,binding,principle_A_case_2,True,True,False,False,48,2.3903693948488267,2.3678697837969707,0.02249961105185605,1,-63.28555002808571,-62.246790021657944,-87.18924397657398,-85.92548785962765,10,10
Some children imagine themselves bringing a lot of dogs.,Some children imagine themselves brought a lot of dogs.,syntax/semantics,binding,principle_A_case_2,True,True,False,False,49,2.6512192611774794,2.6546814956590454,-0.0034622344815660178,0,-52.9757424890995,-51.22085092961788,-79.4879351008743,-77.76766588620833,10,10
Janet hasn't thought about herself boycotting Harvard University.,Janet hasn't thought about herself boycotted Harvard University.,syntax/semantics,binding,principle_A_case_2,True,True,False,False,50,2.6524532181833536,1.2863777130038858,1.3660755051794677,1,-78.64354477450252,-96.93227873370051,-110.47298339270276,-113.65518900275103,12,13
Maria would forget about herself boycotting that committee.,Maria would forget about herself boycotts that committee.,syntax/semantics,binding,principle_A_case_2,True,True,False,False,51,2.130783229292612,1.9016323293654835,0.22915089992712856,1,-68.37720429897308,-70.88848578929901,-89.6850365918992,-89.90480908295385,10,10
Bethany wasn't forgetting about herself insulting Kevin.,Bethany wasn't forgetting about herself insulted Kevin.,syntax/semantics,binding,principle_A_case_2,True,True,False,False,52,1.9588476524159133,1.9604401369372304,-0.0015924845213171057,0,-76.47621032595634,-76.19850817322731,-98.02353450253139,-97.76334967953684,11,11
Most drivers think about themselves scanning the movie.,Most drivers think about themselves scanned the movie.,syntax/semantics,binding,principle_A_case_2,True,True,False,False,53,1.2257710365199221,1.2478556165909316,-0.02208458007100944,0,-64.07340931892395,-63.537532567977905,-75.10534864760325,-74.76823311729629,9,9
Adults forget about themselves distracting Dawn.,Adults forget about themselves distract Dawn.,syntax/semantics,binding,principle_A_case_2,True,True,False,False,54,1.9623616836158213,1.7255172377145556,0.23684444590126574,1,-64.55674934387207,-65.71596217155457,-80.25564281279864,-79.52010007327101,8,8
Florence should think about herself irritating Sharon.,Florence should think about herself irritated Sharon.,syntax/semantics,binding,principle_A_case_2,True,True,False,False,55,2.3799544248671083,2.4537556274995067,-0.07380120263239842,0,-69.56849122047424,-68.75709664821625,-93.36803546914533,-93.29465292321132,10,10
Karla imagined herself returning to Michael.,Karla imagined herself returns to Michael.,syntax/semantics,binding,principle_A_case_2,True,True,False,False,56,1.223318147699981,1.2068018187117602,0.016516328988220863,1,-63.8454025387764,-64.04887962341309,-73.63194772037625,-73.70329417310717,8,8
Eric thought about himself examining some commentaries.,Eric thought about himself examines some commentaries.,syntax/semantics,binding,principle_A_case_2,True,True,False,False,57,1.3238893426922875,0.8633245522733135,0.460564790418974,1,-68.35369896888733,-72.64202356338501,-80.26870305311792,-80.41194453384483,9,9
Amy wasn't thinking about herself listening to Marcus.,Amy wasn't thinking about herself listened to Marcus.,syntax/semantics,binding,principle_A_case_2,True,True,False,False,58,2.8961042669435217,2.4348277290348306,0.46127653790869116,1,-52.14419851638377,-57.233046570792794,-81.10524118581898,-81.5813238611411,10,10
Some people can imagine themselves referencing a lot of teachers.,Some people can imagine themselves referenced a lot of teachers.,syntax/semantics,binding,principle_A_case_2,True,True,False,False,59,2.9631760615809033,3.0351293241732935,-0.07195326259239021,0,-57.78109610080719,-56.080754458904266,-90.37603277819713,-89.4671770248105,11,11
Nina might forget about herself bringing those public parks.,Nina might forget about herself brought those public parks.,syntax/semantics,binding,principle_A_case_2,True,True,False,False,60,1.9994843604209507,1.6075178755675898,0.39196648485336083,1,-72.7588461637497,-75.3502082824707,-94.75317412838015,-93.03290491371419,11,11
Sandra couldn't imagine herself researching every commentary.,Sandra couldn't imagine herself researches every commentary.,syntax/semantics,binding,principle_A_case_2,True,True,False,False,61,2.475863902164653,2.5767438112983325,-0.10087990913367939,0,-68.31147021055222,-75.22309219837189,-93.07010923219875,-103.56727412265354,10,11
Leslie shouldn't forget about herself exiting many glaciers.,Leslie shouldn't forget about herself exits many glaciers.,syntax/semantics,binding,principle_A_case_2,True,True,False,False,62,2.443933437185548,1.886894213661647,0.5570392235239012,1,-78.47441785782576,-82.71477966755629,-105.35768566686679,-103.4706160178344,11,11
Todd has thought about himself dropping by that hill.,Todd has thought about himself dropped by that hill.,syntax/semantics,binding,principle_A_case_2,True,True,False,False,63,1.0126561127881417,1.2573438912931096,-0.24468777850496792,0,-69.38131356239319,-65.314866065979,-79.5078746902746,-77.8883049789101,10,10
Those pedestrians shouldn't forget about themselves boasting about Melissa.,Those pedestrians shouldn't forget about themselves boast about Melissa.,syntax/semantics,binding,principle_A_case_2,True,True,False,False,64,2.367464539303856,2.088316968425664,0.27914757087819186,1,-75.6769740767777,-77.66230084374547,-101.71908400912011,-100.63378749642777,11,11
Dawn imagined herself working with all men.,Dawn imagined herself works with all men.,syntax/semantics,binding,principle_A_case_2,True,True,False,False,65,1.413372220824098,1.0610491116085952,0.3523231092155028,1,-60.14530420303345,-63.82477903366089,-72.86565419045033,-73.37422103813824,9,9
The women think about themselves annoying these men.,The women think about themselves annoyed these men.,syntax/semantics,binding,principle_A_case_2,True,True,False,False,66,1.6381682969538833,1.8369420062304584,-0.19877370927657512,0,-55.01319193840027,-53.34023332595825,-69.75670661098522,-69.87271138203238,9,9
Gary wasn't imagining himself praising Marcus.,Gary wasn't imagining himself praised Marcus.,syntax/semantics,binding,principle_A_case_2,True,True,False,False,67,2.689096981627017,2.2990989936257122,0.3899979880013049,1,-57.05741818994284,-58.486896358430386,-78.57019404295897,-76.87968830743608,8,8
Stephanie imagines herself disturbing some libraries.,Stephanie imagines herself disturbs some libraries.,syntax/semantics,binding,principle_A_case_2,True,True,False,False,68,2.4203752012368653,3.189608046736471,-0.7692328454996056,0,-76.07630133628845,-77.89648616313934,-100.2800533486571,-112.98217467724052,10,11
Some company had forgotten about itself impressing Kirsten.,Some company had forgotten about itself impressed Kirsten.,syntax/semantics,binding,principle_A_case_2,True,True,False,False,69,2.253900874162458,1.8767137736681434,0.3771871004943148,1,-75.82451397180557,-70.2925703972578,-100.61742358759261,-89.05970813393924,11,10
Frank thinks about himself researching a lot of plays.,Frank thinks about himself researches a lot of plays.,syntax/semantics,binding,principle_A_case_2,True,True,False,False,70,2.1899271405537037,2.0889625528622484,0.10096458769145533,1,-59.25403378903866,-68.67188200354576,-81.1533051945757,-91.65047008503049,10,11
Raymond forgot about himself looking like all pictures.,Raymond forgot about himself looked like all pictures.,syntax/semantics,binding,principle_A_case_2,True,True,False,False,71,2.1417198025543795,1.9994047056801094,0.14231509687427013,1,-61.609713315963745,-63.15510392189026,-83.02691134150754,-83.14915097869135,10,10
All children hadn't thought about themselves bringing the peppers.,All children hadn't thought about themselves brought the peppers.,syntax/semantics,binding,principle_A_case_2,True,True,False,False,72,1.873376362806774,1.5795930655248547,0.29378329728191943,1,-66.94227989390492,-68.4536269493401,-87.54941988477944,-85.8291506701135,11,11
Allison thought about herself healing Jacqueline.,Allison thought about herself healed Jacqueline.,syntax/semantics,binding,principle_A_case_2,True,True,False,False,73,1.8157308476982874,1.8424025519450646,-0.026671704246777228,0,-68.16160941123962,-68.3141257762909,-84.50318704052421,-84.89574874379647,9,9
Amelia thinks about herself breaking that car.,Amelia thinks about herself broke that car.,syntax/semantics,binding,principle_A_case_2,True,True,False,False,74,2.1746548515445423,1.8680972667731623,0.30655758477137995,1,-56.40083980560303,-57.89610195159912,-75.97273346950391,-74.70897735255758,9,9
Elizabeth wasn't thinking about herself climbing down these steps.,Elizabeth wasn't thinking about herself climbed down these steps.,syntax/semantics,binding,principle_A_case_2,True,True,False,False,75,2.63201766595309,2.2704439638687033,0.36157370208438655,1,-61.841589111834764,-65.76026536896825,-90.79378343731875,-90.73514897152398,11,11
Some hospitals think about themselves talking about Joseph.,Some hospitals think about themselves talk about Joseph.,syntax/semantics,binding,principle_A_case_2,True,True,False,False,76,2.032133499769543,1.7021937213257148,0.32993977844382827,1,-55.78693109750748,-58.46312075853348,-74.07613259543336,-73.78286425046491,9,9
Cynthia thought about herself boring all men.,Cynthia thought about herself bored all men.,syntax/semantics,binding,principle_A_case_2,True,True,False,False,77,1.3328582361119488,1.3583394867903877,-0.025481250678438983,0,-72.8653998374939,-72.82693421840668,-86.19398219861338,-86.41032908631055,10,10
This dancer imagines herself attacking Todd.,This dancer imagines herself attacks Todd.,syntax/semantics,binding,principle_A_case_2,True,True,False,False,78,2.0136112883948627,2.115218473187653,-0.1016071847927904,0,-64.17772030830383,-62.715571641922,-80.28661061546273,-79.63731942742322,8,8
Connie isn't thinking about herself examining this story.,Connie isn't thinking about herself examines this story.,syntax/semantics,binding,principle_A_case_2,True,True,False,False,79,2.4997261967308035,2.023016783540023,0.47670941319078075,1,-63.31035424955189,-68.69739927537739,-90.80734241359073,-90.95058389431765,11,11
Veronica forgot about herself insulting a lot of guys.,Veronica forgot about herself insults a lot of guys.,syntax/semantics,binding,principle_A_case_2,True,True,False,False,80,1.9232525661016175,1.7653474260017958,0.1579051400998217,1,-74.12096536159515,-76.1582623720169,-95.27674358871295,-95.57708405803666,11,11
Liam won't imagine himself wearing a dress.,Liam won't imagine himself wore a dress.,syntax/semantics,binding,principle_A_case_2,True,True,False,False,81,2.745103483981924,2.546999407972777,0.19810407600914726,1,-52.547742284834385,-55.09571174532175,-79.99877712465363,-80.56570582504952,10,10
David thinks about himself questioning Amelia.,David thinks about himself questions Amelia.,syntax/semantics,binding,principle_A_case_2,True,True,False,False,82,1.049906007392577,0.545795222103832,0.504110785288745,1,-57.6701899766922,-58.8599191904068,-65.01953202844024,-62.68048574513362,7,7
Senators think about themselves shocking every guy.,Senators think about themselves shocked every guy.,syntax/semantics,binding,principle_A_case_2,True,True,False,False,83,1.5878890510578918,1.6531728556031926,-0.0652838045453008,0,-67.16259598731995,-65.60292541980743,-81.45359744684097,-80.48148112023617,9,9
Those waitresses forget about themselves shocking many universities.,Those waitresses forget about themselves shock many universities.,syntax/semantics,binding,principle_A_case_2,True,True,False,False,84,1.168249176592451,0.4761197368057964,0.6921294397866546,1,-82.21523427963257,-87.28358805179596,-93.89772604555708,-92.04478541985392,10,10
Jennifer thought about herself visiting those people.,Jennifer thought about herself visited those people.,syntax/semantics,binding,principle_A_case_2,True,True,False,False,85,1.3558464118775557,0.982156717135112,0.37368969474244373,1,-56.00879096984863,-58.538511753082275,-66.85556226486908,-66.39576549016317,8,8
Larry hasn't thought about himself healing Melissa.,Larry hasn't thought about himself healed Melissa.,syntax/semantics,binding,principle_A_case_2,True,True,False,False,86,1.6485392400489458,1.961364631666871,-0.3128253916179251,0,-64.06547262798995,-61.642605806700885,-78.90232578843046,-79.29488749170272,9,9
Kristin would think about herself climbing down all stairs.,Kristin would think about herself climbed down all stairs.,syntax/semantics,binding,principle_A_case_2,True,True,False,False,87,1.6637381182652342,1.4219226103239697,0.2418155079412645,1,-70.1799259185791,-72.78126204013824,-88.48104521949668,-88.42241075370191,11,11
Matt thought about himself boycotting that grocery store.,Matt thought about himself boycotted that grocery store.,syntax/semantics,binding,principle_A_case_2,True,True,False,False,88,2.3067251545415646,0.9289479503846368,1.3777772041569278,1,-67.78705585002899,-83.8180855512619,-90.85430739544464,-94.0365130054929,10,11
Roger thinks about himself observing Rodney.,Roger thinks about himself observed Rodney.,syntax/semantics,binding,principle_A_case_2,True,True,False,False,89,1.638579868835588,1.125200857861801,0.513379010973787,1,-55.18066191673279,-56.815470695495605,-66.6507209985819,-64.69187670052821,7,7
Lawrence thinks about himself talking about Craig.,Lawrence thinks about himself talked about Craig.,syntax/semantics,binding,principle_A_case_2,True,True,False,False,90,3.3909044407878923,3.1129926107734764,0.2779118300144159,1,-50.50752925872803,-54.5320640206337,-81.02566922581906,-82.54899751759498,9,9
Most doctors forget about themselves impressing all children.,Most doctors forget about themselves impressed all children.,syntax/semantics,binding,principle_A_case_2,True,True,False,False,91,2.2157772185302207,1.6224707855060798,0.5933064330241409,1,-66.9725775718689,-62.97039723396301,-89.1303497571711,-77.57263430351773,10,9
Benjamin thought about himself hiring Patricia.,Benjamin thought about himself hired Patricia.,syntax/semantics,binding,principle_A_case_2,True,True,False,False,92,2.3332941109955705,2.2940251846754585,0.03926892632011203,1,-57.64725112915039,-55.92660307884216,-76.31360401711495,-74.27880455624583,8,8
Theresa imagined herself alarming Gary.,Theresa imagined herself alarmed Gary.,syntax/semantics,binding,principle_A_case_2,True,True,False,False,93,1.452669082739009,1.526856025608676,-0.0741869428696671,0,-59.66062951087952,-57.98386812210083,-69.82931309005258,-68.67186030136156,7,7
Jennifer forgets about herself exploring many museums.,Jennifer forgets about herself explores many museums.,syntax/semantics,binding,principle_A_case_2,True,True,False,False,94,2.1142176158791353,1.9517336489626587,0.1624839669164766,1,-69.28977370262146,-72.07158374786377,-88.31773224553368,-89.6371865885277,9,9
Nicole thought about herself hiding Sally.,Nicole thought about herself hides Sally.,syntax/semantics,binding,principle_A_case_2,True,True,False,False,95,1.679651666975861,1.2917866646207408,0.3878650023551202,1,-56.93011152744293,-62.25919830799103,-70.36732486324982,-72.59349162495695,8,8
The actors had thought about themselves ascending this mountain.,The actors had thought about themselves ascend this mountain.,syntax/semantics,binding,principle_A_case_2,True,True,False,False,96,2.0174357590066223,1.4702888533682141,0.5471469056384082,1,-61.387897968292236,-66.55369138717651,-81.56225555835846,-81.25657992085866,10,10
Eric was thinking about himself boasting about David.,Eric was thinking about himself boasted about David.,syntax/semantics,binding,principle_A_case_2,True,True,False,False,97,3.030547696887734,2.5644941109132384,0.46605358597449564,1,-48.08183181285858,-51.784719824790955,-75.35676108484819,-74.8651668230101,9,9
The companies forget about themselves hiring Becca.,The companies forget about themselves hired Becca.,syntax/semantics,binding,principle_A_case_2,True,True,False,False,98,2.0227001999302052,1.7926392644350087,0.23006093549519657,1,-64.7342381477356,-64.76998710632324,-82.93853994710744,-80.90374048623832,9,9
Bradley has thought about himself hugging Emily.,Bradley has thought about himself hugged Emily.,syntax/semantics,binding,principle_A_case_2,True,True,False,False,99,2.526496277562049,2.2647882976660014,0.26170797989604777,1,-57.377976417541504,-59.85622990131378,-80.11644291559995,-80.2393245803078,9,9
Vincent can think about himself talking about Diana.,Vincent can think about himself talked about Diana.,syntax/semantics,binding,principle_A_case_2,True,True,False,False,100,2.1237340116119072,1.9105529468275932,0.21318106478431398,1,-56.29300978779793,-59.94814872741699,-77.530349903917,-79.05367819569292,10,10
That university isn't thinking about itself astounding some company.,That university isn't thinking about itself astounded some company.,syntax/semantics,binding,principle_A_case_2,True,True,False,False,101,1.3783867360909623,2.1978679186619132,-0.8194811825709509,0,-75.89437295496464,-74.18597938120365,-91.05662705196522,-100.56039440514661,11,12
Lucille can't forget about herself describing Joseph.,Lucille can't forget about herself described Joseph.,syntax/semantics,binding,principle_A_case_2,True,True,False,False,102,2.003903969517802,1.8542525791100188,0.14965139040778297,1,-66.69294142723083,-66.39041829109192,-86.73198112240885,-84.93294408219211,10,10
A lot of customers think about themselves approaching Timothy.,A lot of customers think about themselves approached Timothy.,syntax/semantics,binding,principle_A_case_2,True,True,False,False,103,2.0412178568684967,1.8731809849810817,0.168036871887415,1,-61.03542420268059,-62.665575474500656,-81.44760277136555,-81.39738532431147,10,10
The doctors thought about themselves upsetting Margaret.,The doctors thought about themselves upset Margaret.,syntax/semantics,binding,principle_A_case_2,True,True,False,False,104,2.0183129971535365,2.041755803291,-0.023442806137463634,0,-53.40265154838562,-50.636895418167114,-69.54915552561391,-66.97094184449512,8,8
Mark hadn't forgotten about himself skated around some high school.,Mark hadn't forgotten about himself skated around some high school.,syntax/semantics,binding,principle_A_case_2,True,True,False,False,105,2.353496289640744,2.353496289640744,0.0,0,-77.16467950120568,-77.16467950120568,-107.76013126653535,-107.76013126653535,13,13
This lady thinks about herself lifting some door.,This lady thinks about herself lifted some door.,syntax/semantics,binding,principle_A_case_2,True,True,False,False,106,1.728807643601461,1.5990035015060693,0.1298041420953917,1,-58.12484014034271,-58.274147152900696,-73.68410893275586,-72.66517866645532,9,9
Rhonda forgets about herself dropping by Harvard University.,Rhonda forgets about herself dropped by Harvard University.,syntax/semantics,binding,principle_A_case_2,True,True,False,False,107,1.7266762792210413,1.9300178777609356,-0.2033415985398943,0,-87.82399034500122,-83.96766304969788,-106.81742941643267,-105.19785970506817,11,11
All ladies think about themselves working with Sherry.,All ladies think about themselves worked with Sherry.,syntax/semantics,binding,principle_A_case_2,True,True,False,False,108,2.2631218804689524,2.146190851741923,0.11693102872702932,1,-59.27028679847717,-60.72996950149536,-81.9015056031667,-82.1918780189146,10,10
David thought about himself observing many boys.,David thought about himself observes many boys.,syntax/semantics,binding,principle_A_case_2,True,True,False,False,109,0.9072506096017143,0.3756296616093202,0.5316209479923941,1,-59.15210402011871,-64.60984408855438,-66.41010889693243,-67.61488138142894,8,8
The Lutherans think about themselves talking to the Clintons.,The Lutherans think about themselves talked to the Clintons.,syntax/semantics,binding,principle_A_case_2,True,True,False,False,110,1.2707669239508939,1.2078819093195585,0.06288501463133533,1,-75.11750555038452,-77.33256900310516,-89.09594171384435,-90.61927000562031,11,11
Lissa was thinking about herself boring Bruce.,Lissa was thinking about herself bored Bruce.,syntax/semantics,binding,principle_A_case_2,True,True,False,False,111,1.682480361399055,1.6845893357619528,-0.0021089743628976976,0,-61.83361625671387,-62.03098237514496,-76.97593950930536,-77.19228639700253,9,9
Erin forgets about herself visiting Vanessa.,Erin forgets about herself visited Vanessa.,syntax/semantics,binding,principle_A_case_2,True,True,False,False,112,1.0932202596588512,0.7442339664135349,0.34898629324531627,1,-73.12968826293945,-75.8107681274414,-82.96867059986911,-82.50887382516322,9,9
David imagined himself insulting Melanie.,David imagined himself insults Melanie.,syntax/semantics,binding,principle_A_case_2,True,True,False,False,113,1.0441446407245607,1.068154592945728,-0.024009952221167197,0,-54.74157011508942,-54.89785087108612,-61.00643795943678,-61.30677842876049,6,6
Rachel had forgotten about herself working with Walter.,Rachel had forgotten about herself works with Walter.,syntax/semantics,binding,principle_A_case_2,True,True,False,False,114,2.2576689148174927,1.7616413647433642,0.49602755007412846,1,-54.176008224487305,-59.14882302284241,-74.49502845784474,-75.00359530553268,9,9
This boy forgot about himself approaching the actress.,This boy forgot about himself approached the actress.,syntax/semantics,binding,principle_A_case_2,True,True,False,False,115,1.341336915929882,1.0859613786125868,0.25537553731729523,1,-58.07848334312439,-60.326645731925964,-70.15051558649333,-70.10029813943925,9,9
Todd thinks about himself approaching Travis.,Todd thinks about himself approached Travis.,syntax/semantics,binding,principle_A_case_2,True,True,False,False,116,1.476715821928244,1.0763550081385793,0.4003608137896646,1,-55.58921670913696,-58.341524958610535,-65.92622746263467,-65.87601001558059,7,7
Valerie forgets about herself kissing Ronald.,Valerie forgets about herself kisses Ronald.,syntax/semantics,binding,principle_A_case_2,True,True,False,False,117,1.8889850063697855,1.8137608494801516,0.07522415688963391,1,-73.66041028499603,-74.36753749847412,-90.6612753423241,-90.69138514379549,9,9
Ella wasn't thinking about herself biking to all banks.,Ella wasn't thinking about herself bikes to all banks.,syntax/semantics,binding,principle_A_case_2,True,True,False,False,118,1.9000279668381548,1.754710306244706,0.14531766059344875,1,-76.83296861685812,-76.70853498019278,-99.63330421891598,-97.76505865512925,12,12
Russell can think about himself walking through the art galleries.,Russell can think about himself walked through the art galleries.,syntax/semantics,binding,principle_A_case_2,True,True,False,False,119,2.0929471532035184,1.7854496398719173,0.30749751333160114,1,-66.91879534721375,-70.27052080631256,-89.94121403245245,-89.91046684490365,11,11
Janet hasn't forgotten about herself working with a lot of girls.,Janet hasn't forgotten about herself worked with a lot of girls.,syntax/semantics,binding,principle_A_case_2,True,True,False,False,120,3.027460467297936,2.7869923930845153,0.24046807421342065,1,-64.89672280475497,-68.55364825949073,-107.28116934692608,-107.57154176267395,14,14
Russell has thought about himself arriving at the museum.,Russell has thought about himself arrives at the museum.,syntax/semantics,binding,principle_A_case_2,True,True,False,False,121,2.146008646269209,1.994149646700612,0.15185899956859705,1,-58.68845474720001,-60.32952177524567,-80.1485412098921,-80.27101824225178,10,10
Kenneth thinks about himself scaring the university.,Kenneth thinks about himself scared the university.,syntax/semantics,binding,principle_A_case_2,True,True,False,False,122,2.4754385796722858,1.829291876384417,0.6461467032878687,1,-62.16452515125275,-59.62779760360718,-86.9189109479756,-76.09142449106693,10,9
Natalie forgets about herself scaring Victoria.,Natalie forgets about herself scares Victoria.,syntax/semantics,binding,principle_A_case_2,True,True,False,False,123,2.561376362180499,2.0419017736448475,0.5194745885356515,1,-70.40584647655487,-69.85489618778229,-96.01961009835986,-88.23201215058592,10,9
Some doctors think about themselves bringing some bicycle.,Some doctors think about themselves brought some bicycle.,syntax/semantics,binding,principle_A_case_2,True,True,False,False,124,2.043681749045703,1.8687950972608545,0.17488665178484863,1,-57.631181716918945,-57.48489236831665,-76.02431745833027,-74.30404824366434,9,9
Carmen was imagining herself praising Brian.,Carmen was imagining herself praises Brian.,syntax/semantics,binding,principle_A_case_2,True,True,False,False,125,1.9531837994941585,1.4628692791409195,0.4903145203532391,1,-66.03156888484955,-70.08698415756226,-83.61022308029698,-83.25280766983053,9,9
Thomas will imagine himself hurting Kayla.,Thomas will imagine himself hurt Kayla.,syntax/semantics,binding,principle_A_case_2,True,True,False,False,126,1.7466721404371448,1.6785107575566869,0.06816138288045792,1,-59.274728298187256,-57.3242803812027,-73.24810542168441,-70.75236644165619,8,8
Travis wouldn't forget about himself distracting Margaret.,Travis wouldn't forget about himself distracted Margaret.,syntax/semantics,binding,principle_A_case_2,True,True,False,False,127,2.586992555399894,2.460084859366373,0.12690769603352114,1,-63.704865077510476,-63.583718398585916,-89.57479063150942,-88.18456699224964,10,10
Cindy isn't forgetting about herself boasting about Tamara.,Cindy isn't forgetting about herself boasts about Tamara.,syntax/semantics,binding,principle_A_case_2,True,True,False,False,128,3.0380311404692226,2.4370455453682847,0.600985595100938,1,-73.33770017884672,-81.63008599542081,-112.83210500494661,-113.31167808520851,13,13
Some guys think about themselves escaping from a waitress.,Some guys think about themselves escape from a waitress.,syntax/semantics,binding,principle_A_case_2,True,True,False,False,129,2.4461875287208956,2.0881820664138018,0.35800546230709385,1,-57.364224314689636,-58.564154267311096,-81.82609960189859,-79.44597493144911,10,10
Holly thinks about herself finding that glove.,Holly thinks about herself found that glove.,syntax/semantics,binding,principle_A_case_2,True,True,False,False,130,1.450265847889186,1.294102929969897,0.15616291791928916,1,-62.38850736618042,-61.27311587333679,-75.4408999971831,-72.92004224306586,9,9
These doctors could think about themselves thinking about Valerie.,These doctors could think about themselves thought about Valerie.,syntax/semantics,binding,principle_A_case_2,True,True,False,False,131,2.454878179876752,2.1920013578208795,0.2628768220558726,1,-59.451688289642334,-60.597567439079285,-84.00047008840986,-82.51758101728808,10,10
Drivers forgot about themselves cleaning that shoe.,Drivers forgot about themselves clean that shoe.,syntax/semantics,binding,principle_A_case_2,True,True,False,False,132,1.177834706114434,0.9999935291238715,0.17784117699056257,1,-69.84327507019043,-69.70157027244568,-80.44378742522034,-78.70151203456052,9,9
Most guys think about themselves referencing these students.,Most guys think about themselves referenced these students.,syntax/semantics,binding,principle_A_case_2,True,True,False,False,133,1.8753457858397458,1.921751596040843,-0.04640581020109713,0,-63.059526443481445,-61.73301839828491,-79.93763851603916,-79.0287827626525,9,9
Nicole imagined herself confusing a lot of dancers.,Nicole imagined herself confused a lot of dancers.,syntax/semantics,binding,principle_A_case_2,True,True,False,False,134,2.349577115009106,2.3223037321978666,0.027273382811239255,1,-65.26525008678436,-64.19202199578285,-88.76102123687542,-87.41505931776152,10,10
The boy forgets about himself leaving the actor.,The boy forgets about himself left the actor.,syntax/semantics,binding,principle_A_case_2,True,True,False,False,135,1.9156730273655256,1.8081432578947756,0.10752976947074999,1,-60.324835538864136,-59.7895370721817,-79.48156581251939,-77.87096965112946,10,10
Katherine is imagining herself helping most adults.,Katherine is imagining herself helps most adults.,syntax/semantics,binding,principle_A_case_2,True,True,False,False,136,2.3356033574891595,2.2767261771350413,0.05887718035411815,1,-61.91088688373566,-62.746779441833496,-82.93131710113809,-83.23731503604887,9,9
Bradley isn't imagining himself attacking Dawn.,Bradley isn't imagining himself attacked Dawn.,syntax/semantics,binding,principle_A_case_2,True,True,False,False,137,2.270509981692546,2.2283164489853076,0.04219353270723847,1,-65.53510766476393,-64.84036379307508,-85.96969749999684,-84.89521183394285,9,9
Some waitresses forget about themselves hiring Russell.,Some waitresses forget about themselves hired Russell.,syntax/semantics,binding,principle_A_case_2,True,True,False,False,138,0.7921640834458464,0.6762058824104176,0.11595820103542887,1,-78.22734606266022,-77.23617041110992,-85.35682281367284,-83.32202335280368,9,9
Theodore might think about himself listening to Katherine.,Theodore might think about himself listens to Katherine.,syntax/semantics,binding,principle_A_case_2,True,True,False,False,139,1.9980395638485362,1.8051269772062455,0.19291258664229072,1,-61.21105045080185,-65.66880577802658,-81.19144608928721,-83.72007555008904,10,10
Students should think about themselves bringing those peppers.,Students should think about themselves brought those peppers.,syntax/semantics,binding,principle_A_case_2,True,True,False,False,140,2.1528242062188476,1.7374844171421968,0.4153397890766508,1,-60.200687408447266,-62.21847629547119,-79.5761052644169,-77.85583604975096,9,9
Wendy doesn't think about herself working with Kimberley.,Wendy doesn't think about herself worked with Kimberley.,syntax/semantics,binding,principle_A_case_2,True,True,False,False,141,3.1594261020019454,2.840336114996511,0.31908998700543423,1,-63.46656258031726,-67.9051048271358,-104.53910190634255,-104.82947432209045,13,13
Karen should forget about herself selling all dresses.,Karen should forget about herself sold all dresses.,syntax/semantics,binding,principle_A_case_2,True,True,False,False,142,1.7083810206572054,1.4003314203199353,0.30804960033727014,1,-67.77096116542816,-70.00978875160217,-84.85477137200022,-84.01310295480152,10,10
Christopher hasn't imagined himself admiring most books.,Christopher hasn't imagined himself admired most books.,syntax/semantics,binding,principle_A_case_2,True,True,False,False,143,2.216223468739108,1.6626024287302275,0.5536210400088803,1,-69.40721714682877,-66.14881801791489,-91.56945183421985,-81.11223987648694,10,9
Florence thinks about herself describing Marla.,Florence thinks about herself describes Marla.,syntax/semantics,binding,principle_A_case_2,True,True,False,False,144,3.260572077369491,2.8446396082993117,0.41593246907017933,1,-63.409207820892334,-67.11257123947144,-96.01492859458725,-95.55896732246455,10,10
Leslie thought about herself walking through those malls.,Leslie thought about herself walks through those malls.,syntax/semantics,binding,principle_A_case_2,True,True,False,False,145,2.477294152866327,2.015872679632531,0.4614214732337958,1,-66.7805632352829,-71.92783176898956,-91.55350476394617,-92.08655856531487,10,10
Sally thinks about herself distracting Carolyn.,Sally thinks about herself distracted Carolyn.,syntax/semantics,binding,principle_A_case_2,True,True,False,False,146,1.8896908143563955,1.8581010061593197,0.0315898081970758,1,-58.72160577774048,-57.58410060405731,-73.83913229259164,-72.44890865333187,8,8
The girl thinks about herself hurting Elaine.,The girl thinks about herself hurt Elaine.,syntax/semantics,binding,principle_A_case_2,True,True,False,False,147,2.0720394645767506,1.9227438145449351,0.14929565003181544,1,-51.9982545375824,-50.696880757808685,-68.5745702541964,-66.07883127416817,8,8
Jodi thought about herself impressing every girl.,Jodi thought about herself impressed every girl.,syntax/semantics,binding,principle_A_case_2,True,True,False,False,148,2.06741781544153,1.5979328677828195,0.4694849476587106,1,-67.77871596813202,-62.51378285884857,-88.45289412254732,-76.89517866889395,10,9
April wouldn't forget about herself looking like pictures.,April wouldn't forget about herself looked like pictures.,syntax/semantics,binding,principle_A_case_2,True,True,False,False,149,1.6674622737347504,1.621775735496192,0.045686538238558505,1,-62.34364657104015,-62.92275159060955,-79.01826930838766,-79.14050894557147,10,10
Tracy wasn't thinking about herself running around Harvard University.,Tracy wasn't thinking about herself ran around Harvard University.,syntax/semantics,binding,principle_A_case_2,True,True,False,False,150,2.9624789230062376,2.4720283119347974,0.49045061107144017,1,-68.86675619333982,-74.69452273100615,-104.41650326941468,-104.35886247422371,12,12
James imagined himself firing Tina.,James imagined himself fired Tina.,syntax/semantics,binding,principle_A_case_2,True,True,False,False,151,1.0509172711036772,1.398923842502447,-0.3480065713987699,0,-53.344841718673706,-50.38778793811798,-59.65034534529577,-58.78133099313266,6,6
Amelia isn't forgetting about herself astounding Kimberley.,Amelia isn't forgetting about herself astounded Kimberley.,syntax/semantics,binding,principle_A_case_2,True,True,False,False,152,2.6820939998694295,3.245228825744583,-0.5631348258751534,0,-75.97169158328325,-76.0357470260933,-105.47472558184697,-114.9784929350283,11,12
Kayla forgets about herself cleaning the vase.,Kayla forgets about herself cleans the vase.,syntax/semantics,binding,principle_A_case_2,True,True,False,False,153,1.9341265179313687,2.018283449219798,-0.08415693128842938,0,-78.71162796020508,-79.73347806930542,-99.98701965745013,-101.9345960107232,11,11
Most children imagine themselves concealing Kimberley.,Most children imagine themselves concealed Kimberley.,syntax/semantics,binding,principle_A_case_2,True,True,False,False,154,2.8220285076982226,2.1380429523619675,0.683985555336255,1,-65.93863368034363,-61.84216856956482,-91.33689024962763,-78.94651218846056,9,8
Lucille would think about herself admiring Kimberley.,Lucille would think about herself admires Kimberley.,syntax/semantics,binding,principle_A_case_2,True,True,False,False,155,3.122102012226267,2.7220205319890116,0.4000814802372554,1,-68.4040621817112,-73.36623927950859,-102.74718431620013,-103.30846513138772,11,11
Spain hasn't forgotten about itself referencing Christopher.,Spain hasn't forgotten about itself referenced Christopher.,syntax/semantics,binding,principle_A_case_2,True,True,False,False,156,1.9465917216438666,1.8313078265260887,0.11528389511777792,1,-68.70584947615862,-68.83454877883196,-86.22517497095342,-85.31631921756676,9,9
All patients had forgotten about themselves observing this teenager.,All patients had forgotten about themselves observed this teenager.,syntax/semantics,binding,principle_A_case_2,True,True,False,False,157,1.589866781414696,1.2767802365504308,0.31308654486426524,1,-71.63188600540161,-72.8039071559906,-87.53055381954857,-85.57170952149491,10,10
The Clintons imagine themselves boycotting some grocery stores.,The Clintons imagine themselves boycott some grocery stores.,syntax/semantics,binding,principle_A_case_2,True,True,False,False,158,1.6674029462309137,0.6632411277873618,1.004161818443552,1,-86.17767012119293,-85.96821975708008,-102.85169958350207,-91.93738990716633,10,9
Janice can't think about herself disturbing Beth.,Janice can't think about herself disturbs Beth.,syntax/semantics,binding,principle_A_case_2,True,True,False,False,159,2.1501225706871536,2.3517496268141698,-0.20162705612701615,0,-61.62571394443512,-69.95981508493423,-83.12693965130666,-95.8290609798901,10,11
April doesn't think about herself buying that eggplant.,April doesn't think about herself buys that eggplant.,syntax/semantics,binding,principle_A_case_2,True,True,False,False,160,2.1061845442937215,1.9294131176123002,0.17677142668142132,1,-67.1195751586929,-70.63873280677944,-90.28760514592383,-91.86227710051475,11,11
Matt was imagining himself disturbing Kevin.,Matt was imagining himself disturbs Kevin.,syntax/semantics,binding,principle_A_case_2,True,True,False,False,161,1.6725861772697255,2.291129322428482,-0.6185431451587564,0,-55.33080494403839,-61.41199493408203,-67.03890818492647,-79.74102951350989,7,8
Tonya is thinking about herself alarming Meredith.,Tonya is thinking about herself alarmed Meredith.,syntax/semantics,binding,principle_A_case_2,True,True,False,False,162,1.0936441886715835,0.7805119526301433,0.31313223604144025,1,-68.77745068073273,-70.43818801641464,-78.62024837877698,-77.46279559008593,9,9
The drivers forget about themselves referencing Deborah.,The drivers forget about themselves referenced Deborah.,syntax/semantics,binding,principle_A_case_2,True,True,False,False,163,1.1375698922548878,0.796109475882691,0.3414604163721968,1,-66.80691242218018,-68.62973999977112,-75.90747156021928,-74.99861580683265,8,8
Samantha thought about herself boycotting all organizations.,Samantha thought about herself boycotts all organizations.,syntax/semantics,binding,principle_A_case_2,True,True,False,False,164,2.2375924604885786,2.018584321188676,0.21900813929990282,1,-75.7975195646286,-78.42638158798218,-100.41103663000297,-100.63080912105761,11,11
Gina didn't think about herself ascending every mountain.,Gina didn't think about herself ascends every mountain.,syntax/semantics,binding,principle_A_case_2,True,True,False,False,165,1.8967165360898108,2.138755891042019,-0.24203935495220819,0,-66.96967954421416,-72.3998913266696,-87.83356144120208,-98.06496201917383,11,12
Carl won't think about himself appreciating Kayla.,Carl won't think about himself appreciates Kayla.,syntax/semantics,binding,principle_A_case_2,True,True,False,False,166,2.5155230830984654,2.670400371443182,-0.15487728834471648,0,-67.1933038905263,-65.30235797911882,-94.86405780460942,-94.67676206499382,11,11
Jerry hadn't thought about himself talking to Paula.,Jerry hadn't thought about himself talks to Paula.,syntax/semantics,binding,principle_A_case_2,True,True,False,False,167,2.175589261810271,1.8649350879166549,0.31065417389361594,1,-58.54084203578532,-63.73338077403605,-80.29673465388802,-82.3827316532026,10,10
Ronald was thinking about himself embarrassing David.,Ronald was thinking about himself embarrassed David.,syntax/semantics,binding,principle_A_case_2,True,True,False,False,168,2.2311577477209488,2.4981768375353335,-0.2670190898143847,0,-58.02400803565979,-55.38862764835358,-78.10442776514833,-77.87221918617158,9,9
Florence was thinking about herself biking to these art galleries.,Florence was thinking about herself bikes to these art galleries.,syntax/semantics,binding,principle_A_case_2,True,True,False,False,169,2.7663884662709415,2.3280154628766505,0.43837300339429097,1,-81.61094391345978,-85.44154739379883,-117.57399397498202,-115.70574841119529,13,13
Rhonda wasn't forgetting about herself distracting Julie.,Rhonda wasn't forgetting about herself distracted Julie.,syntax/semantics,binding,principle_A_case_2,True,True,False,False,170,2.2205372180310663,1.9905430027562119,0.22999421527485442,1,-74.13661913387477,-75.04633764736354,-96.34199131418544,-94.95176767492566,10,10
Every man is forgetting about himself astounding Pamela.,Every man is forgetting about himself astounded Pamela.,syntax/semantics,binding,principle_A_case_2,True,True,False,False,171,1.5796510312713994,2.571178845789666,-0.9915278145182667,0,-66.49992036819458,-64.50875854492188,-80.71677964963717,-90.22054700281853,9,10
Martin hasn't thought about himself running around a lake.,Martin hasn't thought about himself ran around a lake.,syntax/semantics,binding,principle_A_case_2,True,True,False,False,172,2.1401296263170866,1.7260604176987355,0.41406920861835106,1,-62.05933353211731,-66.55645403172821,-85.60075942160526,-85.5431186264143,11,11
Sarah isn't imagining herself curing Rose.,Sarah isn't imagining herself cures Rose.,syntax/semantics,binding,principle_A_case_2,True,True,False,False,173,1.7338222358493773,1.7252017050137205,0.008620530835656837,1,-62.10057989414781,-61.808929598890245,-75.97115778094283,-75.61054323900001,8,8
Some patients imagine themselves watching Travis.,Some patients imagine themselves watched Travis.,syntax/semantics,binding,principle_A_case_2,True,True,False,False,174,1.9457894840056562,1.5664753678022894,0.37931411620336686,1,-53.51020538806915,-56.6568717956543,-67.13073177610875,-67.62219937027032,7,7
Florence couldn't forget about herself annoying the Impressionists.,Florence couldn't forget about herself annoyed the Impressionists.,syntax/semantics,binding,principle_A_case_2,True,True,False,False,175,3.659881796714006,3.673258182117063,-0.013376385403057078,0,-78.25019321218133,-78.17892858758569,-129.4885383661774,-129.60454313722457,14,14
William was thinking about himself passing the college campuses.,William was thinking about himself passes the college campuses.,syntax/semantics,binding,principle_A_case_2,True,True,False,False,176,2.4369755930757577,1.9502828400726742,0.48669275300308357,1,-59.29677176475525,-65.06783592700958,-83.66652769551283,-84.57066432773632,10,10
Clyde had thought about himself boycotting that mountain.,Clyde had thought about himself boycotts that mountain.,syntax/semantics,binding,principle_A_case_2,True,True,False,False,177,1.7536848736884754,1.5170238743967441,0.23666099929173123,1,-77.62305456399918,-80.68275904655457,-98.66727304826088,-98.8870455393155,12,12
Kristen thinks about herself discussing many hospitals.,Kristen thinks about herself discussed many hospitals.,syntax/semantics,binding,principle_A_case_2,True,True,False,False,178,2.365310865660765,2.0593914751882525,0.3059193904725124,1,-62.42403018474579,-64.8412207365036,-83.71182797569267,-83.37574401319787,9,9
These actors think about themselves boring most customers.,These actors think about themselves bores most customers.,syntax/semantics,binding,principle_A_case_2,True,True,False,False,179,1.3864087156978888,1.6304465757539617,-0.24403786005607286,0,-67.01030743122101,-71.51128137111664,-79.48798587250201,-87.81574712865626,9,10
Paul should think about himself discussing a lot of senators.,Paul should think about himself discusses a lot of senators.,syntax/semantics,binding,principle_A_case_2,True,True,False,False,180,2.174469826440786,1.7916884131910924,0.3827814132496934,1,-63.00130093097687,-68.80918028950691,-86.92046902182551,-88.51775283460893,11,11
Gerald forgot about himself revealing some dish.,Gerald forgot about himself revealed some dish.,syntax/semantics,binding,principle_A_case_2,True,True,False,False,181,2.2158690591403456,1.9142799017184207,0.30158915742192494,1,-60.416903614997864,-61.43765950202942,-80.35972514726097,-78.6661786174952,9,9
Most women think about themselves cleaning all rugs.,Most women think about themselves cleaned all rugs.,syntax/semantics,binding,principle_A_case_2,True,True,False,False,182,2.218440266134144,2.3120230371995234,-0.0935827710653796,0,-62.35063648223877,-61.816396832466125,-84.5350391435802,-84.93662720446136,10,10
Many adults thought about themselves healing Victoria.,Many adults thought about themselves heal Victoria.,syntax/semantics,binding,principle_A_case_2,True,True,False,False,183,1.3246189196139184,1.4155934309955285,-0.09097451138161006,0,-63.59242010116577,-62.70307958126068,-74.18937145807712,-74.02782702922491,8,8
Benjamin is forgetting about himself firing Rose.,Benjamin is forgetting about himself fires Rose.,syntax/semantics,binding,principle_A_case_2,True,True,False,False,184,2.2763386994534756,2.0047051061400634,0.2716335933134122,1,-61.430174350738525,-63.74654817581177,-81.9172226458198,-81.78889413107234,9,9
Children think about themselves listening to Alexander.,Children think about themselves listened to Alexander.,syntax/semantics,binding,principle_A_case_2,True,True,False,False,185,1.186161571767176,1.021566630015048,0.16459494175212797,1,-54.87593424320221,-56.66877645254135,-64.36522681733962,-64.84130949266174,8,8
Roger thinks about himself lifting those prints.,Roger thinks about himself lifted those prints.,syntax/semantics,binding,principle_A_case_2,True,True,False,False,186,1.6850590531359657,1.259814280950117,0.4252447721858488,1,-59.34641170501709,-61.72943961620331,-72.82688413010482,-71.80795386380424,8,8
Sally wouldn't forget about herself concealing Gary.,Sally wouldn't forget about herself conceals Gary.,syntax/semantics,binding,principle_A_case_2,True,True,False,False,187,2.671655031333816,2.2058656410663104,0.46578939026750543,1,-67.81249513104558,-70.87355949357152,-97.20070047571755,-95.13808154530093,11,11
Pamela forgot about herself arguing about Florence.,Pamela forgot about herself argued about Florence.,syntax/semantics,binding,principle_A_case_2,True,True,False,False,188,1.95488963932969,1.3371575665484727,0.6177320727812172,1,-67.52717232704163,-73.61298382282257,-87.07606872033853,-86.9845594883073,10,10
Many organizations forgot about themselves buying some beef.,Many organizations forgot about themselves buy some beef.,syntax/semantics,binding,principle_A_case_2,True,True,False,False,189,1.8599146084644582,1.5492448229323026,0.31066978553215563,1,-65.41112971305847,-66.29978394508362,-82.1503611892386,-80.24298735147434,9,9
Jacqueline should think about herself exploring that river.,Jacqueline should think about herself explored that river.,syntax/semantics,binding,principle_A_case_2,True,True,False,False,190,2.1872188298740465,1.9846467328973072,0.20257209697673928,1,-71.37921810150146,-74.03510880470276,-95.43862523011597,-95.86622286657314,11,11
Anna thought about herself aggravating Raymond.,Anna thought about herself aggravated Raymond.,syntax/semantics,binding,principle_A_case_2,True,True,False,False,191,1.795481168819439,0.7090823556253595,1.0863988131940796,1,-59.780515253543854,-59.542789340019226,-74.14436460409937,-64.50636582939674,8,7
Beth is thinking about herself hugging Jason.,Beth is thinking about herself hugs Jason.,syntax/semantics,binding,principle_A_case_2,True,True,False,False,192,2.0001015341983583,1.7077390664387684,0.29236246775958996,1,-56.91038227081299,-59.51627314090729,-74.91129607859821,-74.8859247388562,9,9
Most adults forget about themselves talking about Vincent.,Most adults forget about themselves talked about Vincent.,syntax/semantics,binding,principle_A_case_2,True,True,False,False,193,2.4846825351554664,2.2600448134449715,0.2246377217104949,1,-56.774640172719955,-60.319707959890366,-79.13678298911915,-80.66011128089511,9,9
Paul had forgotten about himself upsetting a guy.,Paul had forgotten about himself upset a guy.,syntax/semantics,binding,principle_A_case_2,True,True,False,False,194,1.7759127414448193,1.7525572586129858,0.02335548283183342,1,-57.145962834358215,-54.77794849872589,-73.12917750736159,-70.55096382624276,9,9
Sandra does forget about herself irritating Jerry.,Sandra does forget about herself irritated Jerry.,syntax/semantics,binding,principle_A_case_2,True,True,False,False,195,1.2691128233926685,1.321887167785516,-0.05277434439284745,0,-69.46040391921997,-68.9120522737503,-80.88241932975399,-80.80903678381995,9,9
Andrea hadn't thought about herself concealing a lot of children.,Andrea hadn't thought about herself concealed a lot of children.,syntax/semantics,binding,principle_A_case_2,True,True,False,False,196,2.7780056568117026,2.316222210553353,0.46178344625834944,1,-74.13124694675207,-70.52205934375525,-113.0233261421159,-100.63294808094884,14,13
Rhonda had forgotten about herself shocking Bethany.,Rhonda had forgotten about herself shocked Bethany.,syntax/semantics,binding,principle_A_case_2,True,True,False,False,197,2.043383868118744,2.0670385222128713,-0.02365465409412737,0,-75.48815023899078,-74.2794873714447,-95.92198892017822,-94.94987259357342,10,10
Sonia imagined herself taking the pie.,Sonia imagined herself took the pie.,syntax/semantics,binding,principle_A_case_2,True,True,False,False,198,1.5414024049365658,1.5378658031381391,0.0035366017984266307,1,-54.747623324394226,-53.99353361129761,-67.07884256388675,-66.29646003640272,8,8
Pedestrians do think about themselves escaping from glaciers.,Pedestrians do think about themselves escaped from glaciers.,syntax/semantics,binding,principle_A_case_2,True,True,False,False,199,1.8664821873266326,1.5737096433389477,0.29277254398768493,1,-80.48581206798553,-82.08857333660126,-101.0171161285785,-99.39937941332968,11,11
Ellen will imagine herself praising Monet.,Ellen will imagine herself praised Monet.,syntax/semantics,binding,principle_A_case_2,True,True,False,False,200,1.9719923043592569,1.7686482515007325,0.20334405285852442,1,-65.4862494468689,-65.62584018707275,-83.23418018610221,-81.54367445057935,9,9
Keith forgot about himself discussing Bradley.,Keith forgot about himself discusses Bradley.,syntax/semantics,binding,principle_A_case_2,True,True,False,False,201,1.1444905052875316,0.5899337228747551,0.5545567824127765,1,-58.444741010665894,-63.923922300338745,-66.45617454767861,-68.05345836046203,7,7
Marie forgot about herself hiding Mitchell.,Marie forgot about herself hid Mitchell.,syntax/semantics,binding,principle_A_case_2,True,True,False,False,202,0.7783044924808239,0.16891931031962923,0.6093851821611946,1,-58.91874051094055,-64.28208577632904,-64.36687195830632,-65.46452094856645,7,7
Tanya thinks about herself watching Steve.,Tanya thinks about herself watched Steve.,syntax/semantics,binding,principle_A_case_2,True,True,False,False,203,2.626595953551764,1.9762745741304784,0.6503213794212854,1,-49.688610553741455,-55.382649183273315,-70.70137818215557,-71.19284577631714,8,8
This organization can think about itself distracting some bank.,This organization can think about itself distracts some bank.,syntax/semantics,binding,principle_A_case_2,True,True,False,False,204,1.2915571611689358,1.4811498674570152,-0.18959270628807934,0,-69.93548679351807,-72.30176877975464,-82.85105840520743,-88.5944173217818,10,11
These actresses could think about themselves ascending most stairs.,These actresses could think about themselves ascended most stairs.,syntax/semantics,binding,principle_A_case_2,True,True,False,False,205,1.3321281340572284,1.288738829892796,0.04338930416443243,1,-75.88017296791077,-75.56391561031342,-89.20145430848305,-88.45130390924137,10,10
A lot of patients imagine themselves bringing the box.,A lot of patients imagine themselves brought the box.,syntax/semantics,binding,principle_A_case_2,True,True,False,False,206,1.9693483213304177,1.8295658675991149,0.13978245373130282,1,-57.140854090452194,-56.81840941309929,-76.83433730375637,-75.11406808909044,10,10
Many students imagine themselves annoying the doctors.,Many students imagine themselves annoys the doctors.,syntax/semantics,binding,principle_A_case_2,True,True,False,False,207,1.9988628585640704,2.394345563965765,-0.3954827054016947,0,-55.86875915527344,-57.39759945869446,-71.859662023786,-78.94670953438634,8,9
Those guys think about themselves hiring these men.,Those guys think about themselves hire these men.,syntax/semantics,binding,principle_A_case_2,True,True,False,False,208,2.32987154852511,2.0239506032764734,0.30592094524863667,1,-54.34853529930115,-55.51171016693115,-75.31737923602714,-73.72726559641941,9,9
Brenda has thought about herself selling those carriages.,Brenda has thought about herself sold those carriages.,syntax/semantics,binding,principle_A_case_2,True,True,False,False,209,2.647384970218845,2.435883573239207,0.2115013969796382,1,-64.47969734668732,-65.96454429626465,-93.60093201909461,-92.75926360189592,11,11
Christine hadn't imagined herself upsetting all organizations.,Christine hadn't imagined herself upset all organizations.,syntax/semantics,binding,principle_A_case_2,True,True,False,False,210,1.7775845419043095,1.6555044433809,0.1220800985234094,1,-74.82291093841195,-73.46549824252725,-92.59875635745504,-90.02054267633625,10,10
All actors think about themselves confusing Tanya.,All actors think about themselves confuses Tanya.,syntax/semantics,binding,principle_A_case_2,True,True,False,False,211,2.3060665736750128,2.0111869710228234,0.2948796026521894,1,-59.079105377197266,-69.86123943328857,-79.83370454027238,-89.97310914351681,9,10
All organizations think about themselves arguing about Monica.,All organizations think about themselves argued about Monica.,syntax/semantics,binding,principle_A_case_2,True,True,False,False,212,2.174600738759681,1.7529274663633412,0.42167327239633967,1,-58.98954451084137,-62.6930947303772,-78.5609511596785,-78.46944192764727,9,9
Banks think about themselves boring Frank.,Banks think about themselves bored Frank.,syntax/semantics,binding,principle_A_case_2,True,True,False,False,213,0.8522742291229495,0.9956141198549933,-0.14333989073204378,0,-59.555195808410645,-58.624823570251465,-66.37338964139424,-66.58973652909141,8,8
Andrea forgets about herself hugging Craig.,Andrea forgets about herself hugged Craig.,syntax/semantics,binding,principle_A_case_2,True,True,False,False,214,1.6983853409905596,1.6492039606606537,0.04918138032990593,1,-71.23236870765686,-71.79788279533386,-86.5178367765719,-86.64071844127974,9,9
Omar imagined himself scanning these reports.,Omar imagined himself scans these reports.,syntax/semantics,binding,principle_A_case_2,True,True,False,False,215,1.2798733026279159,1.108948007455055,0.1709252951728608,1,-65.06449794769287,-66.99829578399658,-75.3034843687162,-75.86987984363702,8,8
Connie imagined herself bothering Clyde.,Connie imagined herself bothered Clyde.,syntax/semantics,binding,principle_A_case_2,True,True,False,False,216,1.4218346941382711,1.0595314253058672,0.36230326883240394,1,-60.82101082801819,-62.82659554481506,-70.77385368698609,-70.24331552195613,7,7
A lot of committees think about themselves praising Homer.,A lot of committees think about themselves praised Homer.,syntax/semantics,binding,principle_A_case_2,True,True,False,False,217,2.122597932150069,1.8575622321024183,0.26503570004765065,1,-63.38466855883598,-64.3445198237896,-84.61064788033667,-82.92014214481378,10,10
Judy is thinking about herself thinking about Tina.,Judy is thinking about herself thought about Tina.,syntax/semantics,binding,principle_A_case_2,True,True,False,False,218,3.050259239169833,2.570687776000679,0.47957146316915367,1,-51.723350405693054,-55.03617596626282,-82.22594279739138,-80.74305372626961,10,10
Some guys imagine themselves lifting the cat.,Some guys imagine themselves lift the cat.,syntax/semantics,binding,principle_A_case_2,True,True,False,False,219,1.5690249465641788,1.375367265525897,0.19365768103828174,1,-54.34473443031311,-54.66564726829529,-66.89693400282654,-65.66858539250246,8,8
Catherine thought about herself arguing about April.,Catherine thought about herself argued about April.,syntax/semantics,binding,principle_A_case_2,True,True,False,False,220,2.461781120413226,1.7095168846532387,0.7522642357599871,1,-53.99872648715973,-60.677595376968384,-76.15475657087876,-76.06324733884753,9,9
Derek forgot about himself returning to Edward.,Derek forgot about himself returns to Edward.,syntax/semantics,binding,principle_A_case_2,True,True,False,False,221,2.253722151755053,1.9015704257230905,0.35215172603196265,1,-55.75152903795242,-58.99224102497101,-76.0350284037479,-76.10637485647882,9,9
Alice had imagined herself approaching Sara.,Alice had imagined herself approaches Sara.,syntax/semantics,binding,principle_A_case_2,True,True,False,False,222,2.608284808575781,2.0026007443392593,0.6056840642365215,1,-47.278605937957764,-52.88840997219086,-65.53659959798823,-66.90661518256567,7,7
Karla imagined herself messing up the movie theater.,Karla imagined herself messes up the movie theater.,syntax/semantics,binding,principle_A_case_2,True,True,False,False,223,1.7278372025948385,1.445247671466792,0.28258953112804663,1,-73.859778881073,-80.99695241451263,-91.13815090702138,-96.89467680064735,10,11
Some associations think about themselves distracting every government.,Some associations think about themselves distract every government.,syntax/semantics,binding,principle_A_case_2,True,True,False,False,224,1.557201685317943,1.4428844971988042,0.11431718811913871,1,-66.62902057170868,-66.9223325252533,-80.64383573957016,-79.90829300004253,9,9
Some men forget about themselves cleaning that hospital.,Some men forget about themselves clean that hospital.,syntax/semantics,binding,principle_A_case_2,True,True,False,False,225,1.504705159033749,1.4377768216148215,0.06692833741892756,1,-59.72297275066376,-58.58305239677429,-73.2653191819675,-71.52304379130769,9,9
Most students think about themselves cleaning that closet.,Most students think about themselves clean that closet.,syntax/semantics,binding,principle_A_case_2,True,True,False,False,226,1.3146349894503355,1.182955503807531,0.13167948564280452,1,-63.50990402698517,-62.952744007110596,-75.34161893203819,-73.59934354137837,9,9
Carrie is thinking about herself hiring Brett.,Carrie is thinking about herself hired Brett.,syntax/semantics,binding,principle_A_case_2,True,True,False,False,227,2.680045719058645,2.344831580552886,0.335214138505759,1,-58.064491868019104,-59.04661965370178,-82.1849033395469,-80.15010387867775,9,9
Dana thought about herself stunning Rhonda.,Dana thought about herself stunned Rhonda.,syntax/semantics,binding,principle_A_case_2,True,True,False,False,228,1.027525708132212,0.93527522572268,0.09225048240953204,1,-73.17413401603699,-73.47015464305878,-82.4218653892269,-81.8876316745629,9,9
A lot of pedestrians imagine themselves hiding Caroline.,A lot of pedestrians imagine themselves hide Caroline.,syntax/semantics,binding,principle_A_case_2,True,True,False,False,229,1.3141396185902592,1.187337758488272,0.12680186010198713,1,-66.47951146960258,-67.45944365859032,-78.30676803691492,-78.14548348498477,9,9
A lot of banks think about themselves helping Catherine.,A lot of banks think about themselves helped Catherine.,syntax/semantics,binding,principle_A_case_2,True,True,False,False,230,1.7836654059427643,1.589479444740877,0.19418596120188725,1,-61.42576548457146,-62.87004038691521,-79.2624195439991,-78.76483483432398,10,10
Debra imagined herself questioning the Clintons.,Debra imagined herself questioned the Clintons.,syntax/semantics,binding,principle_A_case_2,True,True,False,False,231,1.3631541502600726,1.5302688311252517,-0.1671146808651791,0,-68.16749596595764,-66.07907521724701,-79.07272916803822,-78.32122586624902,8,8
Derek thought about himself revealing a glacier.,Derek thought about himself reveals a glacier.,syntax/semantics,binding,principle_A_case_2,True,True,False,False,232,1.9181483062849622,1.57749982294096,0.3406484833440022,1,-61.23042142391205,-64.20924639701843,-78.49375618047671,-78.40674480348707,9,9
Charles imagines himself biking to some movie theater.,Charles imagines himself bikes to some movie theater.,syntax/semantics,binding,principle_A_case_2,True,True,False,False,233,1.9086167568900407,1.5418269309457826,0.36678982594425813,1,-75.4434118270874,-77.24306452274323,-94.52957939598781,-92.66133383220105,10,10
Sonia is thinking about herself dropping by a hospital.,Sonia is thinking about herself drops by a hospital.,syntax/semantics,binding,principle_A_case_2,True,True,False,False,234,2.150681128963974,1.8807495110424564,0.26993161792151743,1,-61.79032492637634,-64.02032220363617,-85.44781734498005,-84.70856682510319,11,11
Alexander isn't forgetting about himself leaving Rachelle.,Alexander isn't forgetting about himself left Rachelle.,syntax/semantics,binding,principle_A_case_2,True,True,False,False,235,1.6738181501524565,1.5761228967301377,0.09769525342231877,1,-69.37033300474286,-68.73668937757611,-86.10851450626743,-84.49791834487749,10,10
Michelle had thought about herself scaring Heather.,Michelle had thought about herself scared Heather.,syntax/semantics,binding,principle_A_case_2,True,True,False,False,236,2.049381043118242,1.4678292633270402,0.581551779791202,1,-61.73252010345459,-57.606828927993774,-80.17694949151877,-69.3494630346101,9,8
Mary isn't thinking about herself concealing Walter.,Mary isn't thinking about herself concealed Walter.,syntax/semantics,binding,principle_A_case_2,True,True,False,False,237,2.4611929568665487,1.6394851041928038,0.8217078526737449,1,-64.36923870164901,-61.835424271412194,-88.9811682703145,-76.59079020914743,10,9
Kristin had thought about herself taking many wheelbarrows.,Kristin had thought about herself took many wheelbarrows.,syntax/semantics,binding,principle_A_case_2,True,True,False,False,238,2.0896300024750665,1.732374083404892,0.3572559190701745,1,-78.27904105186462,-81.78372955322266,-103.35460108156542,-102.57221855408136,12,12
Susan is forgetting about herself describing those malls.,Susan is forgetting about herself described those malls.,syntax/semantics,binding,principle_A_case_2,True,True,False,False,239,2.0790931815417903,1.6521689858831792,0.42692419565861117,1,-65.75976097583771,-67.80304169654846,-84.47159960971382,-82.67256256949707,9,9
All drivers imagine themselves escaping from Omar.,All drivers imagine themselves escaped from Omar.,syntax/semantics,binding,principle_A_case_2,True,True,False,False,240,1.4986773405354121,1.5185938279992754,-0.01991648746386332,0,-63.64234685897827,-61.865278244018555,-75.63176558326157,-74.01402886801276,8,8
Heather isn't imagining herself biking to the closets.,Heather isn't imagining herself biked to the closets.,syntax/semantics,binding,principle_A_case_2,True,True,False,False,241,2.2420696161799234,2.406063462575011,-0.1639938463950874,0,-77.95780781283975,-81.24513046070933,-104.86264320699883,-112.52395547418448,12,13
The dancers thought about themselves exploring those cafes.,The dancers thought about themselves explored those cafes.,syntax/semantics,binding,principle_A_case_2,True,True,False,False,242,2.0699385324878836,1.8862949788860577,0.18364355360182594,1,-63.338003039360046,-65.41839265823364,-81.967449831751,-82.39504746820816,9,9
Rachelle imagined herself touring the grocery store.,Rachelle imagined herself toured the grocery store.,syntax/semantics,binding,principle_A_case_2,True,True,False,False,243,1.8367718964464674,1.7646051722646392,0.07216672418182823,1,-68.08853542804718,-68.87370181083679,-84.61948249606539,-84.75514836121855,9,9
April thought about herself talking about Eva.,April thought about herself talks about Eva.,syntax/semantics,binding,principle_A_case_2,True,True,False,False,244,1.4931211465966179,1.276555092318393,0.21656605427822484,1,-53.85981559753418,-57.678341031074524,-65.80478477030712,-67.89078176962167,8,8
Andrew isn't thinking about himself shocking Jill.,Andrew isn't thinking about himself shocked Jill.,syntax/semantics,binding,principle_A_case_2,True,True,False,False,245,1.8193599382306427,1.883734175896671,-0.06437423766602834,0,-62.24046303331852,-60.68897856771946,-78.6147024773943,-77.6425861507895,9,9
That dancer thinks about herself concealing a lot of art galleries.,That dancer thinks about herself concealed a lot of art galleries.,syntax/semantics,binding,principle_A_case_2,True,True,False,False,246,2.4516249785582565,1.9417438435435959,0.5098811350146606,1,-82.38633978366852,-78.56616032123566,-114.25746450492585,-101.86708644375881,13,12
Leslie had thought about herself walking through this hill.,Leslie had thought about herself walks through this hill.,syntax/semantics,binding,principle_A_case_2,True,True,False,False,247,2.3934163758866744,1.9264713820720347,0.4669449938146397,1,-64.71426808834076,-70.38371682167053,-91.04184822309418,-91.57490202446292,11,11
Tara wouldn't think about herself helping Frank.,Tara wouldn't think about herself helps Frank.,syntax/semantics,binding,principle_A_case_2,True,True,False,False,248,2.167549522773041,1.5384360479840922,0.6291134747889489,1,-56.86424337513745,-63.46137605793774,-78.53973860286786,-78.84573653777866,10,10
Lisa imagined herself aggravating Becky.,Lisa imagined herself aggravated Becky.,syntax/semantics,binding,principle_A_case_2,True,True,False,False,249,2.53136512253803,1.3222288071998751,1.209136315338155,1,-53.85960382223129,-54.00778806209564,-71.5791596799975,-61.94116090529489,7,6
Most ladies imagine themselves discussing Melinda.,Most ladies imagine themselves discussed Melinda.,syntax/semantics,binding,principle_A_case_2,True,True,False,False,250,2.548365601784184,2.421804695963221,0.1265609058209627,1,-58.93240261077881,-59.608805894851685,-79.31932742505228,-78.98324346255745,8,8
Beth thought about herself returning to Tanya.,Beth thought about herself returned to Tanya.,syntax/semantics,binding,principle_A_case_2,True,True,False,False,251,2.1283227915180674,2.0542000040062502,0.07412278751181711,1,-59.317538022994995,-58.40379810333252,-80.60076593817567,-78.94579814339502,10,10
Rodney shouldn't think about himself cleaning a lot of boxes.,Rodney shouldn't think about himself cleans a lot of boxes.,syntax/semantics,binding,principle_A_case_2,True,True,False,False,252,2.836207978613861,2.7212758090451135,0.11493216956874752,1,-66.1149993352592,-69.55669389292598,-102.98570305723939,-104.93327941051245,13,13
Claire will forget about herself ascending mountains.,Claire will forget about herself ascends mountains.,syntax/semantics,binding,principle_A_case_2,True,True,False,False,253,2.3304058413057,2.618086367752457,-0.2876805264467568,0,-61.49733090400696,-66.52152037620544,-82.47098347575826,-92.70238405373001,9,10
The girls imagine themselves talking to Marie.,The girls imagine themselves talked to Marie.,syntax/semantics,binding,principle_A_case_2,True,True,False,False,254,1.8690344812234247,1.9492950544767282,-0.08026057325330349,0,-47.98495936393738,-48.86620306968689,-62.937235213724776,-64.46056350550072,8,8
Teenagers think about themselves distracting Barbara.,Teenagers think about themselves distract Barbara.,syntax/semantics,binding,principle_A_case_2,True,True,False,False,255,1.4961425308695873,1.3380235719621112,0.15811895890747607,1,-66.53677487373352,-67.0661838054657,-78.50591512069022,-77.77037238116259,8,8
Donald was thinking about himself taking spotlights.,Donald was thinking about himself took spotlights.,syntax/semantics,binding,principle_A_case_2,True,True,False,False,256,1.9453462954649927,1.623802491599444,0.3215438038655487,1,-59.6761189699173,-61.787630677223206,-77.18423562910223,-76.4018531016182,9,9
Emily hasn't thought about herself exploring some closet.,Emily hasn't thought about herself explored some closet.,syntax/semantics,binding,principle_A_case_2,True,True,False,False,257,1.9047451770169204,1.6220291525461819,0.2827160244707385,1,-66.24015307053924,-69.49491095170379,-85.28760484070844,-85.7152024771656,10,10
Catherine might think about herself shocking Laura.,Catherine might think about herself shocked Laura.,syntax/semantics,binding,principle_A_case_2,True,True,False,False,258,1.9637001304677553,2.0903074187980497,-0.12660728833029444,0,-60.59295904636383,-58.48137712478638,-78.26626022057363,-77.29414389396882,9,9
Tiffany imagined herself discovering Stephanie.,Tiffany imagined herself discovered Stephanie.,syntax/semantics,binding,principle_A_case_2,True,True,False,False,259,1.2260535282593175,1.4964175101389579,-0.2703639818796404,0,-69.68780469894409,-64.74168992042542,-79.49623292501863,-76.71303000153708,8,8
Connie imagined herself concealing Heidi.,Connie imagined herself concealed Heidi.,syntax/semantics,binding,principle_A_case_2,True,True,False,False,260,2.1300525481289014,1.4865015274849165,0.643551020643985,1,-67.10240840911865,-61.34694004058838,-84.14282879414986,-71.7524507329828,8,7
Brad can't think about himself firing Jane.,Brad can't think about himself fires Jane.,syntax/semantics,binding,principle_A_case_2,True,True,False,False,261,1.2215791846010151,0.9855457104545072,0.23603347414650788,1,-60.40441071987152,-62.40038347244263,-71.39862338128066,-71.27029486653319,9,9
Those cashiers imagine themselves touring some high school.,Those cashiers imagine themselves toured some high school.,syntax/semantics,binding,principle_A_case_2,True,True,False,False,262,1.7349408785592544,1.7644165527324986,-0.02947567417324426,0,-75.67672288417816,-75.51763200759888,-93.0261316697707,-93.16179753492386,10,10
All girls have thought about themselves arguing about Thomas.,All girls have thought about themselves argued about Thomas.,syntax/semantics,binding,principle_A_case_2,True,True,False,False,263,2.1593349235466888,1.7695856340830374,0.3897492894636514,1,-57.00125753879547,-60.80724120140076,-78.59460677426236,-78.50309754223113,10,10
Girls think about themselves arriving at those glaciers.,Girls think about themselves arrived at those glaciers.,syntax/semantics,binding,principle_A_case_2,True,True,False,False,264,1.5987680632763197,1.4067189874011143,0.19204907587520537,1,-64.19635510444641,-63.893317222595215,-78.58526767393329,-76.55378810920524,9,9
Tracy hasn't thought about herself scaring a lot of people.,Tracy hasn't thought about herself scared a lot of people.,syntax/semantics,binding,principle_A_case_2,True,True,False,False,265,2.9874272771295813,2.5926900045371806,0.39473727259240077,1,-68.44140237849206,-65.73292774241418,-110.2653842583062,-99.43789780139753,14,13
Paul forgot about himself breaking that dish.,Paul forgot about himself broke that dish.,syntax/semantics,binding,principle_A_case_2,True,True,False,False,266,0.9239203332865689,0.6970195072993359,0.22690082598723293,1,-59.161725759506226,-59.713176250457764,-66.55308842579878,-65.28933230885245,8,8
Regina wasn't imagining herself hiring Bruce.,Regina wasn't imagining herself hires Bruce.,syntax/semantics,binding,principle_A_case_2,True,True,False,False,267,2.2608142830364195,2.229188468774734,0.03162581426168565,1,-66.7238464448601,-67.90816176868975,-87.07117499218788,-87.97085798766236,9,9
Stephanie has thought about herself referencing every child.,Stephanie has thought about herself referenced every child.,syntax/semantics,binding,principle_A_case_2,True,True,False,False,268,2.237414128508639,2.233172741708121,0.004241386800518221,1,-72.91794800758362,-72.05574750900269,-97.52950342117865,-96.62064766779201,11,11
Those customers hadn't imagined themselves arriving at cafes.,Those customers hadn't imagined themselves arrived at cafes.,syntax/semantics,binding,principle_A_case_2,True,True,False,False,269,2.378661430766127,2.3963203232961603,-0.017658892530033388,0,-72.16070704907179,-69.95263855904341,-95.94732135673306,-93.91584179200501,10,10
Many committees forget about themselves selling that rice.,Many committees forget about themselves sold that rice.,syntax/semantics,binding,principle_A_case_2,True,True,False,False,270,1.2258157161224403,1.0622528564566192,0.16356285966582118,1,-69.3738706111908,-70.0042679309845,-80.40621205629276,-79.56454363909407,9,9
Renee thought about herself admiring some adult.,Renee thought about herself admires some adult.,syntax/semantics,binding,principle_A_case_2,True,True,False,False,271,1.889198089400199,1.1670644199824494,0.7221336694177496,1,-70.08567959070206,-77.86829710006714,-88.97766048470405,-89.53894129989163,10,10
Keith can't forget about himself impressing that library.,Keith can't forget about himself impressed that library.,syntax/semantics,binding,principle_A_case_2,True,True,False,False,272,1.9919229770824993,1.3855579723605929,0.6063650047219065,1,-70.07932978868484,-66.57718735933304,-91.99048253659234,-80.43276708293897,11,10
Elizabeth was forgetting about herself talking to Angela.,Elizabeth was forgetting about herself talks to Angela.,syntax/semantics,binding,principle_A_case_2,True,True,False,False,273,2.4571119518071876,2.063629625888066,0.3934823259191216,1,-51.85048699378967,-57.47782492637634,-73.96449456005436,-76.05049155936894,9,9
Ellen forgot about herself passing some mountain.,Ellen forgot about herself passed some mountain.,syntax/semantics,binding,principle_A_case_2,True,True,False,False,274,1.1749276189054885,0.8549926279064045,0.31993499099908396,1,-65.44132733345032,-67.09190011024475,-76.01567590359971,-74.78683376140239,9,9
Nancy had imagined herself climbing up a ladder.,Nancy had imagined herself climbed up a ladder.,syntax/semantics,binding,principle_A_case_2,True,True,False,False,275,2.7374671703581983,2.6671821057939495,0.07028506456424877,1,-55.513059973716736,-56.15727615356445,-82.88773167729872,-82.82909721150395,10,10
Some doctors forget about themselves taking those drawings.,Some doctors forget about themselves took those drawings.,syntax/semantics,binding,principle_A_case_2,True,True,False,False,276,2.097956303666207,1.7937822999444297,0.30417400372177705,1,-60.491437911987305,-62.44662141799927,-79.37304464498317,-78.59066211749914,9,9
Waiters imagine themselves scanning some newspaper articles.,Waiters imagine themselves scanned some newspaper articles.,syntax/semantics,binding,principle_A_case_2,True,True,False,False,277,0.6226474272924791,0.6941595696532564,-0.0715121423607773,0,-78.6488425731659,-77.66811776161194,-84.2526694187982,-83.91555388849125,9,9
Cashiers thought about themselves embarrassing Rachel.,Cashiers thought about themselves embarrasses Rachel.,syntax/semantics,binding,principle_A_case_2,True,True,False,False,278,0.9953307791462684,1.280500846491833,-0.2851700673455646,0,-68.02901005744934,-73.48167145252228,-75.99165629061949,-85.00617907094878,8,9
Allison isn't thinking about herself passing the Great Lakes.,Allison isn't thinking about herself passes the Great Lakes.,syntax/semantics,binding,principle_A_case_2,True,True,False,False,279,2.464961442774706,2.185860694734058,0.2791007480406478,1,-69.90247171372175,-74.155817322433,-99.48200902701822,-100.38614565924169,12,12
Irene might think about herself driving to all mountains.,Irene might think about herself drives to all mountains.,syntax/semantics,binding,principle_A_case_2,True,True,False,False,280,0.6722915331079894,0.4623829855152957,0.20990854759269367,1,-74.07262778282166,-77.90474390983582,-81.46783464700954,-82.99095675050407,11,11
The guests imagine themselves cleaning a lot of malls.,The guests imagine themselves cleaned a lot of malls.,syntax/semantics,binding,principle_A_case_2,True,True,False,False,281,1.978501590058471,1.9707089690444974,0.0077926210139736,1,-64.78104782104492,-65.26056209206581,-84.56606372162963,-84.96765178251079,10,10
Christina thinks about herself revealing some gate.,Christina thinks about herself revealed some gate.,syntax/semantics,binding,principle_A_case_2,True,True,False,False,282,1.9876092841865456,1.780364159899929,0.20724512428661668,1,-63.01918029785156,-63.190839886665344,-80.90766385553047,-79.2141173257647,9,9
Sherry thought about herself questioning every adult.,Sherry thought about herself questions every adult.,syntax/semantics,binding,principle_A_case_2,True,True,False,False,283,1.3589033548430853,0.9985585956898748,0.3603447591532105,1,-66.1738076210022,-67.07786417007446,-78.40393781458997,-76.06489153128334,9,9
Some committees think about themselves aggravating Amy.,Some committees think about themselves aggravated Amy.,syntax/semantics,binding,principle_A_case_2,True,True,False,False,284,2.0790133438016736,1.3397976172839492,0.7392157265177244,1,-64.55908560752869,-62.91382598876953,-83.27020570174375,-73.63220692704112,9,8
Judy can think about herself descending all slopes.,Judy can think about herself descends all slopes.,syntax/semantics,binding,principle_A_case_2,True,True,False,False,285,0.9872156520996327,1.636060540169697,-0.6488448880700644,0,-73.82468175888062,-77.08532583713531,-83.69683827987694,-95.08199177900198,10,11
The guy had thought about himself hugging some adult.,The guy had thought about himself hugged some adult.,syntax/semantics,binding,principle_A_case_2,True,True,False,False,286,1.75562316448528,1.6174125592885844,0.1382106051966956,1,-60.45610785484314,-61.961095571517944,-78.01233949969594,-78.13522116440379,10,10
Leslie imagined herself skated around the hospital.,Leslie imagined herself skated around the hospital.,syntax/semantics,binding,principle_A_case_2,True,True,False,False,287,2.7761966436956156,2.7761966436956156,0.0,0,-62.43218505382538,-62.43218505382538,-90.19415149078154,-90.19415149078154,10,10
Gina thinks about herself visiting Todd.,Gina thinks about herself visits Todd.,syntax/semantics,binding,principle_A_case_2,True,True,False,False,288,1.9206653355521226,1.5655028444845698,0.3551624910675528,1,-54.35470914840698,-57.51028394699097,-69.72003183282396,-70.03430670286753,8,8
Sheila forgot about herself discussing Donna.,Sheila forgot about herself discusses Donna.,syntax/semantics,binding,principle_A_case_2,True,True,False,False,289,2.1140034323060917,1.524237179820961,0.5897662524851306,1,-56.086177825927734,-62.401591658592224,-72.99820528437647,-74.59548909715991,8,8
Many girls think about themselves kissing Ann.,Many girls think about themselves kiss Ann.,syntax/semantics,binding,principle_A_case_2,True,True,False,False,290,2.0297013288436396,1.571456263521,0.45824506532263953,1,-51.71692132949829,-53.79298388957977,-67.95453196024741,-66.36463399774777,8,8
Rodney is imagining himself annoying Russell.,Rodney is imagining himself annoyed Russell.,syntax/semantics,binding,principle_A_case_2,True,True,False,False,291,2.3992281240352824,2.399747437705148,-0.0005193136698657952,0,-58.54388403892517,-58.6557343006134,-77.73770903120743,-77.85371380225459,8,8
Larry might forget about himself messing up every museum.,Larry might forget about himself messed up every museum.,syntax/semantics,binding,principle_A_case_2,True,True,False,False,292,1.3633772221893934,1.6578527920637498,-0.2944755698743564,0,-73.73924839496613,-70.68708702921867,-87.37302061686006,-87.26561494985617,10,10
Most waiters imagine themselves finding those photographs.,Most waiters imagine themselves find those photographs.,syntax/semantics,binding,principle_A_case_2,True,True,False,False,293,1.1990732919019156,1.0581173329899924,0.14095595891192314,1,-71.1563081741333,-69.80829071998596,-81.94796780125054,-79.3313467168959,9,9
Anna was thinking about herself climbing up many hills.,Anna was thinking about herself climbed up many hills.,syntax/semantics,binding,principle_A_case_2,True,True,False,False,294,2.2228104179657664,1.7624935030635356,0.4603169149022308,1,-59.2555992603302,-63.80013394355774,-81.48370343998786,-81.4250689741931,10,10
Alicia hadn't forgotten about herself helping a dancer.,Alicia hadn't forgotten about herself helps a dancer.,syntax/semantics,binding,principle_A_case_2,True,True,False,False,295,2.7068137117034445,2.294230273394175,0.41258343830926947,1,-66.94712347909808,-72.20412267372012,-99.42888801953941,-99.73488595445022,12,12
Stacy forgot about herself helping Ellen.,Stacy forgot about herself helps Ellen.,syntax/semantics,binding,principle_A_case_2,True,True,False,False,296,1.8826271343640393,1.1766444004702912,0.7059827338937481,1,-57.60540163516998,-63.559261441230774,-72.6664187100823,-72.9724166449931,8,8
Jerry thought about himself running around most closets.,Jerry thought about himself runs around most closets.,syntax/semantics,binding,principle_A_case_2,True,True,False,False,297,2.174463487391094,1.7364855527573382,0.4379779346337558,1,-66.42081844806671,-71.83405208587646,-88.16545332197765,-89.19890761344985,10,10
Nina didn't imagine herself arriving at this river.,Nina didn't imagine herself arrived at this river.,syntax/semantics,binding,principle_A_case_2,True,True,False,False,298,2.2869522060248615,2.182626838611924,0.10432536741293763,1,-61.60553366644308,-60.72163314325735,-86.76200793271656,-84.73052836798851,11,11
Rebecca would imagine herself embarrassing Brenda.,Rebecca would imagine herself embarrassed Brenda.,syntax/semantics,binding,principle_A_case_2,True,True,False,False,299,2.8136593287073097,3.0004851592969466,-0.18682583058963687,0,-55.56132924556732,-53.834514021873474,-78.0706038752258,-77.83839529624905,8,8
Dennis did think about himself listening to Monet.,Dennis did think about himself listens to Monet.,syntax/semantics,binding,principle_A_case_2,True,True,False,False,300,2.0030406054890837,1.5483255629837964,0.45471504250528727,1,-66.07850128412247,-73.60899621248245,-88.11194794450239,-90.64057740530421,11,11
Sarah thinks about herself hiding a pie.,Sarah thinks about herself hides a pie.,syntax/semantics,binding,principle_A_case_2,True,True,False,False,301,1.4337756762202858,1.2236610527122878,0.21011462350799803,1,-54.50146496295929,-58.40854871273041,-65.97167037272158,-68.19783713442871,8,8
Those drivers had thought about themselves cleaning these cakes.,Those drivers had thought about themselves clean these cakes.,syntax/semantics,binding,principle_A_case_2,True,True,False,False,302,1.6921556923153047,1.574986880990565,0.11716881132473977,1,-69.44142377376556,-68.87083649635315,-86.36298069691861,-84.6207053062588,10,10
Many associations think about themselves hurting Karen.,Many associations think about themselves hurt Karen.,syntax/semantics,binding,principle_A_case_2,True,True,False,False,303,1.739882333854279,1.6594550601371054,0.08042727371717362,1,-59.313188791275024,-57.46086800098419,-73.23224746210926,-70.73650848208104,8,8
Gary thinks about himself looking like paintings.,Gary thinks about himself looks like paintings.,syntax/semantics,binding,principle_A_case_2,True,True,False,False,304,1.4648051781748634,1.711547483338709,-0.24674230516384554,0,-56.317822337150574,-54.04775679111481,-68.03626376254948,-67.74013665782448,8,8
Laurie hadn't forgotten about herself escaping from Florence.,Laurie hadn't forgotten about herself escapes from Florence.,syntax/semantics,binding,principle_A_case_2,True,True,False,False,305,2.886700191549643,2.7737527747393074,0.11294741681033571,1,-68.39631846174598,-70.03659560903907,-103.0367207603417,-103.32162890591076,12,12
The Clintons thought about themselves kissing Catherine.,The Clintons thought about themselves kissed Catherine.,syntax/semantics,binding,principle_A_case_2,True,True,False,False,306,0.6750147658979557,0.3567018857164115,0.31831288018154424,1,-69.00731754302979,-71.03961086273193,-74.40743567021343,-73.89322594846323,8,8
Stacey thought about herself fleeing from Clyde.,Stacey thought about herself fled from Clyde.,syntax/semantics,binding,principle_A_case_2,True,True,False,False,307,2.1438865631535386,1.8490874905116799,0.2947990726418588,1,-62.02973127365112,-62.82078266143799,-81.32471034203297,-79.46257007604311,9,9
Danielle thought about herself firing Liam.,Danielle thought about herself fired Liam.,syntax/semantics,binding,principle_A_case_2,True,True,False,False,308,1.1152341264194625,0.9653675492312352,0.14986657718822727,1,-63.26259207725525,-63.59251034259796,-72.18446508861095,-71.31545073644784,8,8
Ella thinks about herself annoying Jesus.,Ella thinks about herself annoyed Jesus.,syntax/semantics,binding,principle_A_case_2,True,True,False,False,309,1.9477326083410453,1.7114489119048244,0.23628369643622094,1,-56.782771825790405,-58.78904616832733,-72.36463269251877,-72.48063746356593,8,8
Tammy had thought about herself cleaning some library.,Tammy had thought about herself cleans some library.,syntax/semantics,binding,principle_A_case_2,True,True,False,False,310,1.4296348212841223,1.0974599786603818,0.33217484262374053,1,-69.07043254375458,-74.33975732326508,-83.3667807565958,-85.3143571098689,10,10
Renee isn't forgetting about herself climbing down those hills.,Renee isn't forgetting about herself climbed down those hills.,syntax/semantics,binding,principle_A_case_2,True,True,False,False,311,2.5118858803441904,2.1856672301140043,0.32621865023018604,1,-73.26417334657162,-77.12016268353909,-103.40680391070191,-103.34816944490714,12,12
Florence didn't think about herself selling a lot of plates.,Florence didn't think about herself sold a lot of plates.,syntax/semantics,binding,principle_A_case_2,True,True,False,False,312,3.0981139026564626,2.9659349155803483,0.1321789870761143,1,-68.502152916044,-69.51099031791091,-111.87574755323448,-111.03407913603579,14,14
Andrea wouldn't think about herself fleeing from all rivers.,Andrea wouldn't think about herself flees from all rivers.,syntax/semantics,binding,principle_A_case_2,True,True,False,False,313,2.1041020660584215,2.048893183865757,0.05520888219266462,1,-71.97420797497034,-77.77898095920682,-97.2234327676714,-104.41459234946166,12,13
Deborah had thought about herself hurting Robert.,Deborah had thought about herself hurt Robert.,syntax/semantics,binding,principle_A_case_2,True,True,False,False,314,2.0240003838323,1.9923078130694465,0.0316925707628537,1,-62.09221839904785,-59.881712555885315,-80.30822185353856,-77.81248287351033,9,9
Donald imagines himself climbing up a hill.,Donald imagines himself climbed up a hill.,syntax/semantics,binding,principle_A_case_2,True,True,False,False,315,2.433979545551343,2.5576656797196273,-0.12368613416828422,0,-58.21452271938324,-57.042713046073914,-80.12033862934533,-80.06170416355056,9,9
Many boys imagine themselves helping Melanie.,Many boys imagine themselves help Melanie.,syntax/semantics,binding,principle_A_case_2,True,True,False,False,316,1.9128372136983631,1.2624774155035092,0.6503597981948539,1,-53.230379700660706,-55.27932155132294,-66.62024019654925,-64.1166634598475,7,7
Nina imagines herself exploring some cafe.,Nina imagines herself explores some cafe.,syntax/semantics,binding,principle_A_case_2,True,True,False,False,317,2.6208954998632645,2.608477709997061,0.012417789866203677,1,-62.531338930130005,-63.96255338191986,-86.11939842889939,-87.43885277189341,9,9
Alexander hasn't thought about himself buying the book.,Alexander hasn't thought about himself buys the book.,syntax/semantics,binding,principle_A_case_2,True,True,False,False,318,2.1310052685582916,2.0400950335783845,0.09091023497990713,1,-55.5540139246732,-58.03778822906315,-76.86406661025612,-78.438738564847,10,10
Kayla hasn't forgotten about herself bringing a lot of shoes.,Kayla hasn't forgotten about herself brought a lot of shoes.,syntax/semantics,binding,principle_A_case_2,True,True,False,False,319,2.3750114262634052,2.1946899142125895,0.1803215120508157,1,-73.95266464352608,-74.57657508552074,-104.82781318495034,-103.10754397028441,13,13
Robert could forget about himself hiring Margaret.,Robert could forget about himself hired Margaret.,syntax/semantics,binding,principle_A_case_2,True,True,False,False,320,1.3033843852788358,1.2097541602784148,0.09363022500042106,1,-60.99293863773346,-59.707180976867676,-71.42001371996415,-69.385214259095,8,8
A school thinks about itself praising Ronald.,A school thinks about itself praised Ronald.,syntax/semantics,binding,principle_A_case_2,True,True,False,False,321,0.3823246701599494,0.2002430611335626,0.18208160902638681,1,-67.94839191436768,-67.71453905105591,-71.00698927564727,-69.31648354012441,8,8
Rachelle hadn't thought about herself messing up these plates.,Rachelle hadn't thought about herself messed up these plates.,syntax/semantics,binding,principle_A_case_2,True,True,False,False,322,1.5707625455412,1.6755414893731786,-0.10477894383197861,0,-82.14941609278321,-80.78466309979558,-100.99856663927761,-100.89116097227372,12,12
Sarah thinks about herself observing Donald.,Sarah thinks about herself observed Donald.,syntax/semantics,binding,principle_A_case_2,True,True,False,False,323,1.6065823616845591,0.9591667926957693,0.6474155689887898,1,-53.397337913513184,-55.97040259838104,-64.6434144453051,-62.68457014725143,7,7
Jacqueline was thinking about herself boasting about the Lutherans.,Jacqueline was thinking about herself boasted about the Lutherans.,syntax/semantics,binding,principle_A_case_2,True,True,False,False,324,2.8776211245586976,2.5979505966822716,0.279670527876426,1,-77.78658664226532,-80.93070924282074,-115.19566126152839,-114.70406699969027,13,13
George was thinking about himself biking to that high school.,George was thinking about himself biked to that high school.,syntax/semantics,binding,principle_A_case_2,True,True,False,False,325,2.1346400586227916,2.386122403311051,-0.2514823446882595,0,-62.13692891597748,-64.64581298828125,-85.61796956082819,-93.27928182801386,11,12
Diana hadn't thought about herself shocking the patients.,Diana hadn't thought about herself shocked the patients.,syntax/semantics,binding,principle_A_case_2,True,True,False,False,326,1.6797680944902011,1.8326029781552895,-0.15283488366508835,0,-72.13147346489131,-69.47817341797054,-90.60892250428353,-89.63680617767872,11,11
The Lutherans imagine themselves lifting the bicycle.,The Lutherans imagine themselves lift the bicycle.,syntax/semantics,binding,principle_A_case_2,True,True,False,False,327,0.9014298791608818,0.660356761118556,0.24107311804232578,1,-71.39492535591125,-72.33623480796814,-79.50779426835919,-78.27944565803514,9,9
Michelle would imagine herself hugging Gerald.,Michelle would imagine herself hugs Gerald.,syntax/semantics,binding,principle_A_case_2,True,True,False,False,328,1.8956587235149658,1.4771554693137148,0.418503254201251,1,-54.06096792221069,-56.96511936187744,-67.33057898681545,-67.30520764707344,7,7
Tammy shouldn't forget about herself hurting Beth.,Tammy shouldn't forget about herself hurt Beth.,syntax/semantics,binding,principle_A_case_2,True,True,False,False,329,2.714582696101516,2.4897535948516234,0.22482910124989264,1,-61.06454188004136,-60.817093912512064,-88.21036884105652,-85.7146298610283,10,10
Some actress will think about herself questioning Patrick.,Some actress will think about herself questions Patrick.,syntax/semantics,binding,principle_A_case_2,True,True,False,False,330,1.4388936924549651,0.863259327313358,0.5756343651416072,1,-63.97302556037903,-66.81468856334686,-76.92306879247371,-74.58402250916708,9,9
Sheila hadn't imagined herself ascending some hill.,Sheila hadn't imagined herself ascended some hill.,syntax/semantics,binding,principle_A_case_2,True,True,False,False,331,2.1107979861993384,2.108078540490564,0.0027194457087742485,1,-68.81284590624273,-68.0898899640888,-89.92082576823611,-89.17067536899444,10,10
Florence should think about herself investigating a pedestrian.,Florence should think about herself investigated a pedestrian.,syntax/semantics,binding,principle_A_case_2,True,True,False,False,332,2.600220866203614,2.348172099039617,0.25204876716399705,1,-69.83565187454224,-72.97330212593079,-98.43808140278199,-98.80319521536657,11,11
The boys imagine themselves annoying Walter.,The boys imagine themselves annoyed Walter.,syntax/semantics,binding,principle_A_case_2,True,True,False,False,333,1.2596233883622676,1.7702696387880894,-0.5106462504258218,0,-52.870747804641724,-49.41222882270813,-61.6881115231776,-61.804116294224755,7,7
Most teachers think about themselves referencing Galileo.,Most teachers think about themselves referenced Galileo.,syntax/semantics,binding,principle_A_case_2,True,True,False,False,334,1.974097671962479,1.9006403319052048,0.07345734005727422,1,-62.00843906402588,-61.68724203109741,-77.80122043972571,-76.89236468633905,8,8
Most students forget about themselves lifting every photograph.,Most students forget about themselves lifted every photograph.,syntax/semantics,binding,principle_A_case_2,True,True,False,False,335,1.7519767620265472,1.6295919147123104,0.12238484731423682,1,-67.01272702217102,-67.09526038169861,-82.78051788040995,-81.7615876141094,9,9
Heather thinks about herself examining all newspaper articles.,Heather thinks about herself examined all newspaper articles.,syntax/semantics,binding,principle_A_case_2,True,True,False,False,336,1.5057241048176082,1.022963798691754,0.4827603061258543,1,-74.6075142621994,-78.85610353946686,-89.66475531037548,-89.0857415263844,10,10
Gerald was imagining himself descending the hill.,Gerald was imagining himself descended the hill.,syntax/semantics,binding,principle_A_case_2,True,True,False,False,337,2.4053479014096695,2.312631220451875,0.0927166809577944,1,-56.6390962600708,-56.41009211540222,-78.28722737275783,-77.2237730994691,9,9
Ruth had forgotten about herself breaking that skateboard.,Ruth had forgotten about herself breaks that skateboard.,syntax/semantics,binding,principle_A_case_2,True,True,False,False,338,2.1290460208146813,1.8745299446883208,0.2545160761263605,1,-70.65354144573212,-74.16345989704132,-94.07304767469361,-94.78328928861285,11,11
Linda forgot about herself researching every committee.,Linda forgot about herself researched every committee.,syntax/semantics,binding,principle_A_case_2,True,True,False,False,339,2.331560956068431,2.0364372628586347,0.2951236932097965,1,-61.837939977645874,-64.43280959129333,-82.82198858226175,-82.76074495702105,9,9
The guy can forget about himself listening to Thomas.,The guy can forget about himself listens to Thomas.,syntax/semantics,binding,principle_A_case_2,True,True,False,False,340,1.7394179522562694,1.5230564572849716,0.21636149497129775,1,-56.49034345149994,-61.18258786201477,-73.88452297406263,-76.41315243486449,10,10
Barbara shouldn't forget about herself cleaning this dish.,Barbara shouldn't forget about herself cleaned this dish.,syntax/semantics,binding,principle_A_case_2,True,True,False,False,341,2.711120492321452,2.6347694654852747,0.07635102683617712,1,-66.53407234884799,-67.77552170492709,-96.35639776438396,-96.75798582526511,11,11
Elaine hadn't thought about herself complaining about Judy.,Elaine hadn't thought about herself complains about Judy.,syntax/semantics,binding,principle_A_case_2,True,True,False,False,342,2.6946070632734647,2.3712165833273287,0.323390479946136,1,-66.35596089065075,-71.48020403087139,-95.99663858665886,-97.563586447472,11,11
Wendy isn't thinking about herself passing all mountains.,Wendy isn't thinking about herself passes all mountains.,syntax/semantics,binding,principle_A_case_2,True,True,False,False,343,2.442435526905354,2.2300566652611145,0.2123788616442397,1,-66.19010614231229,-69.64278911426663,-95.49933246517654,-96.4034690974,12,12
Marcus imagines himself lifting the water.,Marcus imagines himself lifted the water.,syntax/semantics,binding,principle_A_case_2,True,True,False,False,344,1.9409479356688593,2.011894873716699,-0.07094693804783958,0,-57.28542184829712,-55.69891607761383,-72.813005333648,-71.79407506734742,8,8
Caroline thinks about herself discovering Lisa.,Caroline thinks about herself discovers Lisa.,syntax/semantics,binding,principle_A_case_2,True,True,False,False,345,2.236935628674736,2.390017922639263,-0.15308229396452688,0,-58.31845426559448,-57.51153111457825,-76.21393929499237,-76.63167449569235,8,8
Those students imagined themselves hugging Jodi.,Those students imagined themselves hug Jodi.,syntax/semantics,binding,principle_A_case_2,True,True,False,False,346,2.174719889120027,1.7523149875655832,0.42240490155444377,1,-63.226306438446045,-64.89323425292969,-80.62406555140626,-78.91175415345435,8,8
Gary had thought about himself leaving the Borgias.,Gary had thought about himself left the Borgias.,syntax/semantics,binding,principle_A_case_2,True,True,False,False,347,2.3593617678204537,2.173877288819827,0.18548447900062692,1,-60.012123823165894,-60.25637245178223,-83.60574150137043,-81.9951453399805,10,10
A lot of organizations think about themselves taking all stairs.,A lot of organizations think about themselves took all stairs.,syntax/semantics,binding,principle_A_case_2,True,True,False,False,348,1.8406900530677215,1.5462040903613181,0.29448596270640337,1,-63.07991769909859,-65.53688076138496,-83.32750828284352,-82.54512575535946,11,11
Carrie should imagine herself thinking about most committees.,Carrie should imagine herself thought about most committees.,syntax/semantics,binding,principle_A_case_2,True,True,False,False,349,2.3659463993905376,2.1100361324532257,0.2559102669373119,1,-66.54022169113159,-67.61643528938293,-90.19968568503697,-88.71679661391519,10,10
The women aren't thinking about themselves noticing those adults.,The women aren't thinking about themselves noticed those adults.,syntax/semantics,binding,principle_A_case_2,True,True,False,False,350,3.0485322308026097,2.4542959299210323,0.5942363008815774,1,-57.507434975355864,-61.84636713191867,-91.04128951418457,-88.84362236105002,11,11
Adam thinks about himself approaching Leslie.,Adam thinks about himself approached Leslie.,syntax/semantics,binding,principle_A_case_2,True,True,False,False,351,1.2932365339945153,1.0147174233472893,0.278519110647226,1,-54.15079987049103,-56.05021619796753,-63.203455608452636,-63.153238161398555,7,7
A lot of students imagine themselves watching Derek.,A lot of students imagine themselves watched Derek.,syntax/semantics,binding,principle_A_case_2,True,True,False,False,352,2.153090990931629,1.8664904010751178,0.28660058985651116,1,-55.64824232459068,-58.71911522746086,-75.02606124297535,-75.51752883713692,9,9
These dancers imagine themselves astounding Winston Churchill.,These dancers imagine themselves astounded Winston Churchill.,syntax/semantics,binding,principle_A_case_2,True,True,False,False,353,2.042204383942977,2.9677485242322947,-0.9255441402893179,0,-70.03235900402069,-69.16402471065521,-86.3699940755645,-95.87376142874587,8,9
Craig is thinking about himself criticizing most restaurants.,Craig is thinking about himself criticized most restaurants.,syntax/semantics,binding,principle_A_case_2,True,True,False,False,354,1.8461892357486533,1.65099664519776,0.19519259055089333,1,-64.98308789730072,-64.99898183345795,-81.5987910190386,-79.85795164023779,9,9
George thinks about himself investigating Meredith.,George thinks about himself investigates Meredith.,syntax/semantics,binding,principle_A_case_2,True,True,False,False,355,1.9140942931444016,1.4712899449646955,0.44280434817970615,1,-53.21279001235962,-58.8680020570755,-66.61145006437043,-69.16703167182837,7,7
Some man forgot about himself kissing a lot of girls.,Some man forgot about himself kisses a lot of girls.,syntax/semantics,binding,principle_A_case_2,True,True,False,False,356,2.119378806709139,2.0097529911387952,0.10962581557034357,1,-60.08366948366165,-61.319663256406784,-83.39683635746218,-83.42694615893353,11,11
Sally forgets about herself criticizing Melanie.,Sally forgets about herself criticized Melanie.,syntax/semantics,binding,principle_A_case_2,True,True,False,False,357,2.333073072277336,2.1219148213133394,0.21115825096399643,1,-65.86620545387268,-66.02579033374786,-86.8638631043687,-85.12302372556792,9,9
Lissa is thinking about herself fleeing from that cafe.,Lissa is thinking about herself flees from that cafe.,syntax/semantics,binding,principle_A_case_2,True,True,False,False,358,2.018023678680322,1.7209709497682393,0.2970527289120828,1,-69.03739261627197,-77.7751612663269,-91.23565308175552,-98.42681266354577,11,12
The actresses forget about themselves breaking the glasses.,The actresses forget about themselves break the glasses.,syntax/semantics,binding,principle_A_case_2,True,True,False,False,359,1.3443931237647273,0.9900581492883715,0.35433497447635576,1,-62.487462282180786,-64.08375883102417,-74.58700039606333,-72.99428217461951,9,9
Laurie thinks about herself boasting about girls.,Laurie thinks about herself boasts about girls.,syntax/semantics,binding,principle_A_case_2,True,True,False,False,360,2.580120289530612,1.8761646341664489,0.703955655364163,1,-60.66057515144348,-68.17970478534698,-86.4617780467496,-86.94135112701147,10,10
Many girls can't think about themselves referencing every movie.,Many girls can't think about themselves referenced every movie.,syntax/semantics,binding,principle_A_case_2,True,True,False,False,361,2.5080490551754675,2.5616729520809205,-0.053623896905452995,0,-62.794726729393005,-61.29600811004639,-90.38326633632315,-89.47441058293651,11,11
Diana has thought about herself discovering Anne.,Diana has thought about herself discovers Anne.,syntax/semantics,binding,principle_A_case_2,True,True,False,False,362,2.07879996358005,1.7947911274493973,0.28400883613065275,1,-58.51453685760498,-61.488351583480835,-77.22373652982543,-77.64147173052541,9,9
Every woman can't think about herself cleaning every movie theater.,Every woman can't think about herself cleaned every movie theater.,syntax/semantics,binding,principle_A_case_2,True,True,False,False,363,2.1537746284053347,2.0487850780950816,0.10498955031025314,1,-71.72878992557526,-73.39025259017944,-97.57408546643927,-97.97567352732042,12,12
A lot of students forgot about themselves fixing many vases.,A lot of students forgot about themselves fixed many vases.,syntax/semantics,binding,principle_A_case_2,True,True,False,False,364,2.117090853181191,2.105910136090934,0.011180717090257364,1,-75.04948237538338,-73.78455486893654,-100.45457261355767,-99.05547650202774,12,12
Every actress is thinking about herself hiding broccoli.,Every actress is thinking about herself hid broccoli.,syntax/semantics,binding,principle_A_case_2,True,True,False,False,365,1.8399449876920546,1.3499151904147102,0.4900297972773444,1,-61.24374449253082,-66.75166165828705,-77.80324938175931,-78.90089837201944,9,9
Those drivers forget about themselves climbing up some ladders.,Those drivers forget about themselves climbed up some ladders.,syntax/semantics,binding,principle_A_case_2,True,True,False,False,366,2.667840975414531,2.5521307109827323,0.11571026443179866,1,-67.41440141201019,-68.62857985496521,-96.76065214157003,-96.70201767577527,11,11
Walter thought about himself questioning Kirsten.,Walter thought about himself questioned Kirsten.,syntax/semantics,binding,principle_A_case_2,True,True,False,False,367,2.321667027417634,2.201281816249036,0.1203852111685979,1,-61.20685252547264,-61.53881612420082,-82.10185577223135,-81.35035247044215,9,9
The actress imagines herself climbing up some hill.,The actress imagines herself climbed up some hill.,syntax/semantics,binding,principle_A_case_2,True,True,False,False,368,2.2242177514879584,2.301399060367314,-0.07718130887935537,0,-65.90990626811981,-65.0794587135315,-88.1520837829994,-88.09344931720463,10,10
Bradley thinks about himself boycotting this government.,Bradley thinks about himself boycotts this government.,syntax/semantics,binding,principle_A_case_2,True,True,False,False,369,2.7879888559304162,2.465483850053883,0.3225050058765331,1,-63.82937049865723,-67.27419304847717,-91.70925905796139,-91.929031549016,10,10
Sally thinks about herself bringing those apples.,Sally thinks about herself brought those apples.,syntax/semantics,binding,principle_A_case_2,True,True,False,False,370,2.0967858910198345,1.5631391207504888,0.5336467702693457,1,-57.94560384750366,-61.02815556526184,-76.81667686668217,-75.09640765201624,9,9
Ann imagines herself kissing Thomas.,Ann imagines herself kisses Thomas.,syntax/semantics,binding,principle_A_case_2,True,True,False,False,371,2.149153842409573,2.1980165095188795,-0.048862667109306646,0,-53.69024968147278,-53.378320813179016,-68.73432657833979,-68.76443637981117,7,7
Susan thinks about herself skated around a river.,Susan thinks about herself skated around a river.,syntax/semantics,binding,principle_A_case_2,True,True,False,False,372,1.9411734543870438,1.9411734543870438,0.0,0,-64.8468804359436,-64.8468804359436,-84.25861497981404,-84.25861497981404,10,10
Janet isn't thinking about herself boring Monica.,Janet isn't thinking about herself bored Monica.,syntax/semantics,binding,principle_A_case_2,True,True,False,False,373,2.325733299731712,2.0945455297573803,0.23118776997433166,1,-64.26097747683525,-66.78920206427574,-87.51831047415237,-87.73465736184954,10,10
Sheila hadn't thought about herself climbing up all steps.,Sheila hadn't thought about herself climbs up all steps.,syntax/semantics,binding,principle_A_case_2,True,True,False,False,374,2.1489844425173934,1.7018414374895248,0.44714300502786863,1,-69.93227454274893,-76.50753697007895,-95.72008785295765,-96.92963421995324,12,12
Joel forgets about himself fixing every mirror.,Joel forgets about himself fixes every mirror.,syntax/semantics,binding,principle_A_case_2,True,True,False,False,375,1.9625155811813215,2.109510521435669,-0.14699494025434756,0,-73.23445117473602,-73.34367871284485,-92.85960698654924,-94.43878392720154,10,10
Amelia hasn't forgotten about herself buying some eggplants.,Amelia hasn't forgotten about herself bought some eggplants.,syntax/semantics,binding,principle_A_case_2,True,True,False,False,376,2.8222296518022416,2.5646457728843908,0.25758387891785084,1,-79.91066637821496,-81.83626213856041,-116.5996518516441,-115.1766571860575,13,13
Richard hasn't thought about himself discovering this teacher.,Richard hasn't thought about himself discovers this teacher.,syntax/semantics,binding,principle_A_case_2,True,True,False,False,377,1.9102773551267034,1.7714231000044407,0.13885425512226268,1,-62.85734286857769,-64.6636206205003,-81.96011641984472,-82.3778516205447,10,10
The Impressionists imagine themselves discovering every rabbit.,The Impressionists imagine themselves discovered every rabbit.,syntax/semantics,binding,principle_A_case_2,True,True,False,False,378,3.178939895046452,3.075146294135064,0.10379360091138778,1,-66.6265594959259,-64.88129258155823,-98.41595844639042,-95.63275552290887,10,10
Samuel hasn't thought about himself descending all hills.,Samuel hasn't thought about himself descended all hills.,syntax/semantics,binding,principle_A_case_2,True,True,False,False,379,2.0643204649526994,2.0712125822737137,-0.006892117321014357,0,-71.78072292730212,-70.64145536348224,-94.48824804178182,-93.42479376849309,11,11
Guy wouldn't imagine himself fixing that cup.,Guy wouldn't imagine himself fixed that cup.,syntax/semantics,binding,principle_A_case_2,True,True,False,False,380,1.8511037699022097,1.6874166356634785,0.16368713423873116,1,-58.51166360452771,-58.585751701146364,-75.1715975336476,-73.77250142211767,9,9
Jane thought about herself upsetting the Impressionists.,Jane thought about herself upset the Impressionists.,syntax/semantics,binding,principle_A_case_2,True,True,False,False,381,2.9941496629753517,2.855499985804326,0.1386496771710255,1,-63.097395181655884,-61.905678272247314,-93.0388918114094,-90.46067813029057,10,10
Thomas was imagining himself curing Jane.,Thomas was imagining himself cures Jane.,syntax/semantics,binding,principle_A_case_2,True,True,False,False,382,0.9896484308099401,0.9267767357093979,0.06287169510054225,1,-58.757965326309204,-58.83745265007019,-65.68550434197878,-65.32488980003598,7,7
Theresa was forgetting about herself arguing about these commentaries.,Theresa was forgetting about herself argued about these commentaries.,syntax/semantics,binding,principle_A_case_2,True,True,False,False,383,2.0592775563219257,1.691217989944415,0.3680595663775106,1,-81.32886791229248,-85.65407347679138,-106.04019858815559,-105.94868935612436,12,12
Stephen couldn't think about himself referencing Rose.,Stephen couldn't think about himself referenced Rose.,syntax/semantics,binding,principle_A_case_2,True,True,False,False,384,1.7381043297954004,1.7042220477011716,0.03388228209422883,1,-62.88389939069748,-62.279984176158905,-78.52683835885608,-77.61798260546945,9,9
A lot of guys think about themselves firing Anna.,A lot of guys think about themselves fire Anna.,syntax/semantics,binding,principle_A_case_2,True,True,False,False,385,1.8926534894261522,1.2215126683128232,0.671140821113329,1,-58.0195617377758,-61.71826669573784,-76.94609663203732,-73.93339337886607,10,10
Leslie imagines herself discovering spinach.,Leslie imagines herself discovers spinach.,syntax/semantics,binding,principle_A_case_2,True,True,False,False,386,2.6155226655965045,3.096900518252056,-0.48137785265555166,0,-65.81192970275879,-62.378642082214355,-86.73611102753082,-87.1538462282308,8,8
Sara imagined herself irritating Angela.,Sara imagined herself irritated Angela.,syntax/semantics,binding,principle_A_case_2,True,True,False,False,387,1.9444785267486924,2.0871947912710636,-0.14271626452237118,0,-53.66125130653381,-52.588854908943176,-67.27260099377466,-67.19921844784062,7,7
The Impressionists think about themselves walking through some grocery store.,The Impressionists think about themselves walk through some grocery store.,syntax/semantics,binding,principle_A_case_2,True,True,False,False,388,3.5025270567297095,3.2759213252358585,0.226605731493851,1,-70.95525598526001,-73.1063916683197,-116.48810772274624,-115.69336889638586,13,13
Brenda did think about herself disgusting Ann.,Brenda did think about herself disgusted Ann.,syntax/semantics,binding,principle_A_case_2,True,True,False,False,389,1.440069788425218,1.3202308157970417,0.11983897262817633,1,-62.353620648384094,-64.2454628944397,-75.31424874421106,-76.12754023661307,9,9
All adults forget about themselves questioning Carol.,All adults forget about themselves questioned Carol.,syntax/semantics,binding,principle_A_case_2,True,True,False,False,390,1.1455401286359361,1.1675347699188627,-0.021994641282926608,0,-64.59263634681702,-63.665175914764404,-73.7569573759045,-73.0054540741153,8,8
This organization wouldn't think about itself hurting Bethany.,This organization wouldn't think about itself hurts Bethany.,syntax/semantics,binding,principle_A_case_2,True,True,False,False,391,2.144934797298426,1.898030451878986,0.24690434541944017,1,-69.74202626943588,-71.84567898511887,-93.33630903971857,-92.72401395578771,11,11
Robert thinks about himself describing Theodore.,Robert thinks about himself described Theodore.,syntax/semantics,binding,principle_A_case_2,True,True,False,False,392,1.5603190103856386,1.2629116981992194,0.29740731218641914,1,-54.180739760398865,-54.46355390548706,-65.10297283309833,-63.303935792881596,7,7
Donald had thought about himself admiring Jesus.,Donald had thought about himself admires Jesus.,syntax/semantics,binding,principle_A_case_2,True,True,False,False,393,2.671801787530888,1.8701691214269007,0.8016326661039872,1,-54.22549730539322,-62.00147211551666,-78.27171339317121,-78.83299420835877,9,9
Randolf isn't imagining himself climbing down these slopes.,Randolf isn't imagining himself climbed down these slopes.,syntax/semantics,binding,principle_A_case_2,True,True,False,False,394,1.8854654229399443,1.6585194857307963,0.22694593720914802,1,-82.60859689861536,-85.04636774212122,-103.34871655095475,-103.29008208515998,11,11
A lot of cashiers think about themselves criticizing some play.,A lot of cashiers think about themselves criticize some play.,syntax/semantics,binding,principle_A_case_2,True,True,False,False,395,1.9356435354111976,1.895453550125301,0.04018998528589668,1,-73.034853130579,-72.99152353405952,-96.26257555551337,-95.73696613556314,12,12
Florence forgot about herself observing Ruth.,Florence forgot about herself observed Ruth.,syntax/semantics,binding,principle_A_case_2,True,True,False,False,396,2.830646361771029,2.407246755100658,0.4233996066703707,1,-60.927103757858276,-62.77885591983795,-86.40292101379754,-84.44407671574388,9,9
The Clintons imagine themselves insulting Carolyn.,The Clintons imagine themselves insulted Carolyn.,syntax/semantics,binding,principle_A_case_2,True,True,False,False,397,0.2990676220183275,0.3619547033067566,-0.06288708128842913,0,-71.056609749794,-70.35621535778046,-73.1500831039223,-72.88989828092775,7,7
Alicia hasn't forgotten about herself complaining about Rachel.,Alicia hasn't forgotten about herself complains about Rachel.,syntax/semantics,binding,principle_A_case_2,True,True,False,False,398,3.193379550968809,3.0569680962991748,0.13641145466963422,1,-64.02588534541428,-67.22977066226304,-102.34643995703999,-103.91338781785313,12,12
Derek hadn't thought about himself boasting about Alicia.,Derek hadn't thought about himself boasts about Alicia.,syntax/semantics,binding,principle_A_case_2,True,True,False,False,399,2.7752352905276223,2.1244992574528707,0.6507360330747516,1,-66.39866887405515,-74.03633831813931,-96.92625706985899,-97.40583015012089,11,11
Lucille can't imagine herself upsetting Bradley.,Lucille can't imagine herself upset Bradley.,syntax/semantics,binding,principle_A_case_2,True,True,False,False,400,1.8460096285944871,1.7859482809623097,0.06006134763217741,1,-66.6248391866684,-64.5871776342392,-83.23892584401878,-80.66071216289998,9,9
Holly thinks about herself investigating Rebecca.,Holly thinks about herself investigates Rebecca.,syntax/semantics,binding,principle_A_case_2,True,True,False,False,401,1.7597046693357008,1.520260954671933,0.2394437146637678,1,-58.33214592933655,-62.803277254104614,-72.40978328402215,-74.96536489148008,8,8
Keith isn't thinking about himself leaving Theodore.,Keith isn't thinking about himself left Theodore.,syntax/semantics,binding,principle_A_case_2,True,True,False,False,402,2.352335620255477,2.085379743319559,0.26695587693591794,1,-55.36637068912387,-56.158377420157194,-76.53739127142316,-74.92679511003323,9,9
Those girls imagined themselves biking to that school.,Those girls imagined themselves bike to that school.,syntax/semantics,binding,principle_A_case_2,True,True,False,False,403,1.6833810889827323,1.0817082071637572,0.6016728818189752,1,-61.279399394989014,-62.64146709442139,-76.4298291958336,-72.3768409588952,9,9
Connie would imagine herself cleaning that bank.,Connie would imagine herself cleaned that bank.,syntax/semantics,binding,principle_A_case_2,True,True,False,False,404,1.5119105815627418,1.568305672781321,-0.05639509121857911,0,-64.56345868110657,-64.45749092102051,-78.17065391517124,-78.5722419760524,9,9
Karen thought about herself observing Carlos.,Karen thought about herself observed Carlos.,syntax/semantics,binding,principle_A_case_2,True,True,False,False,405,1.7245529599953677,1.102045403476346,0.6225075565190217,1,-57.32144832611084,-60.34266448020935,-71.11787200607378,-69.15902770802012,8,8
Carol wasn't forgetting about herself fixing chairs.,Carol wasn't forgetting about herself fixed chairs.,syntax/semantics,binding,principle_A_case_2,True,True,False,False,406,2.3571976853575904,2.153046843716774,0.20415084164081643,1,-65.14712400827557,-65.7895363131538,-88.71910086185147,-87.32000475032154,10,10
Anne imagines herself descending those slopes.,Anne imagines herself descends those slopes.,syntax/semantics,binding,principle_A_case_2,True,True,False,False,407,1.9756579835010761,2.882233482589669,-0.9065754990885928,0,-65.78003776073456,-67.03035378456116,-81.58530162874317,-92.97045512786818,8,9
Ronald should forget about himself messing up those rugs.,Ronald should forget about himself messes up those rugs.,syntax/semantics,binding,principle_A_case_2,True,True,False,False,408,2.2677477728057647,2.1519533897433427,0.11579438306242196,1,-78.63170981407166,-83.62581491470337,-105.84468308774083,-111.60120898136682,12,13
Rebecca doesn't think about herself discussing Beverly.,Rebecca doesn't think about herself discussed Beverly.,syntax/semantics,binding,principle_A_case_2,True,True,False,False,409,2.7436944407118347,2.459689006002577,0.28400543470925754,1,-60.28304952569306,-62.78701991029084,-87.7199939328114,-87.38390997031661,10,10
Lissa thinks about herself investigating Monet.,Lissa thinks about herself investigates Monet.,syntax/semantics,binding,principle_A_case_2,True,True,False,False,410,1.32258032158965,0.9285423638282914,0.39403795776135875,1,-70.78853511810303,-76.89045834541321,-82.69175801240988,-85.24733961986783,9,9
The associations forget about themselves firing Carol.,The associations forget about themselves fire Carol.,syntax/semantics,binding,principle_A_case_2,True,True,False,False,411,0.5639619215918081,0.14372246393717703,0.4202394576546311,1,-67.80710124969482,-68.15631365776062,-72.31879662242929,-69.30609336925804,8,8
Karen forgets about herself bringing a print.,Karen forgets about herself brought a print.,syntax/semantics,binding,principle_A_case_2,True,True,False,False,412,2.2703467270328246,2.0706844696439903,0.19966225738883425,1,-64.94968354701996,-65.22603690624237,-87.6531508173482,-85.93288160268227,10,10
This woman wasn't forgetting about herself curing this actor.,This woman wasn't forgetting about herself cured this actor.,syntax/semantics,binding,principle_A_case_2,True,True,False,False,413,1.9793704502279468,1.9140823562485887,0.06528809397935809,1,-71.1744860894978,-69.96763842180371,-92.94756104200522,-91.02254434053819,11,11
Ann had thought about herself arguing about Monet.,Ann had thought about herself argued about Monet.,syntax/semantics,binding,principle_A_case_2,True,True,False,False,414,2.0177672064939203,1.545897713058406,0.4718694934355143,1,-63.94442903995514,-68.57161474227905,-84.12210110489434,-84.03059187286311,10,10
Kevin imagined himself messing up some plates.,Kevin imagined himself messes up some plates.,syntax/semantics,binding,principle_A_case_2,True,True,False,False,415,1.5827667791122657,1.678402459444486,-0.09563568033222025,0,-60.240609765052795,-63.55364775657654,-72.90274399795092,-78.65926989157691,8,9
All ladies think about themselves stunning Tracy.,All ladies think about themselves stunned Tracy.,syntax/semantics,binding,principle_A_case_2,True,True,False,False,416,1.0991838169524577,0.8883747915947886,0.2108090253576691,1,-61.82466280460358,-62.9769012928009,-70.61813334022324,-70.08389962555921,8,8
A lot of waiters think about themselves noticing most art galleries.,A lot of waiters think about themselves noticed most art galleries.,syntax/semantics,binding,principle_A_case_2,True,True,False,False,417,1.6631064100877997,1.5212495997553395,0.14185681033246023,1,-85.5491515994072,-85.19562298059464,-107.1695349305486,-104.97186777741405,13,13
Aaron will think about himself healing all snakes.,Aaron will think about himself healed all snakes.,syntax/semantics,binding,principle_A_case_2,True,True,False,False,418,1.167787759477073,1.3875038612899036,-0.21971610181283063,0,-64.92617416381836,-63.34129095077515,-75.43626399911201,-75.82882570238428,9,9
These banks weren't thinking about themselves hurting those patients.,These banks weren't thinking about themselves hurt those patients.,syntax/semantics,binding,principle_A_case_2,True,True,False,False,419,2.717259320328904,2.3836229717153326,0.3336363486135716,1,-66.5056634619832,-67.67992431670427,-96.39551598560115,-93.89977700557293,11,11
Stacey is thinking about herself investigating Douglas.,Stacey is thinking about herself investigated Douglas.,syntax/semantics,binding,principle_A_case_2,True,True,False,False,420,2.47516380679515,1.9997215648238895,0.4754422419712605,1,-58.419427037239075,-63.063521027565,-80.69590129839543,-81.06101511098001,9,9
April didn't imagine herself leaving Janice.,April didn't imagine herself left Janice.,syntax/semantics,binding,principle_A_case_2,True,True,False,False,421,1.8777507670881006,1.7399563142592045,0.13779445282889613,1,-61.267999419011176,-60.897553333081305,-78.16775632280408,-76.55716016141415,9,9
Marie was forgetting about herself discovering some mirror.,Marie was forgetting about herself discovered some mirror.,syntax/semantics,binding,principle_A_case_2,True,True,False,False,422,1.7206582629133353,1.245890295721785,0.47476796719155034,1,-64.03435707092285,-65.52406585216522,-79.52028143714287,-76.73707851366129,9,9
This dancer thinks about herself walking through the public park.,This dancer thinks about herself walked through the public park.,syntax/semantics,binding,principle_A_case_2,True,True,False,False,423,2.3836890366163175,2.019445181319301,0.3642438552970164,1,-64.67828452587128,-68.65421974658966,-90.89886392865077,-90.86811674110197,11,11
Carl isn't imagining himself disgusting Donna.,Carl isn't imagining himself disgusted Donna.,syntax/semantics,binding,principle_A_case_2,True,True,False,False,424,1.4249777326745807,1.4206544665184957,0.004323266156085026,1,-62.465307713486254,-63.31318533513695,-73.8651295748829,-74.67842106728492,8,8
Some banks forget about themselves talking to every girl.,Some banks forget about themselves talked to every girl.,syntax/semantics,binding,principle_A_case_2,True,True,False,False,425,1.5499642615813058,1.349903845061877,0.20006041651942885,1,-64.1661365032196,-67.69006896018982,-79.66577911903266,-81.18910741080859,10,10
Some men thought about themselves returning to Robert.,Some men thought about themselves returned to Robert.,syntax/semantics,binding,principle_A_case_2,True,True,False,False,426,2.0745989316996987,2.076874092872787,-0.002275161173088236,0,-52.3815838098526,-50.70613956451416,-71.05297419514989,-69.39800640036924,9,9
Sarah wasn't forgetting about herself aggravating Karla.,Sarah wasn't forgetting about herself aggravated Karla.,syntax/semantics,binding,principle_A_case_2,True,True,False,False,427,2.623273460219968,2.091828083455769,0.5314453767641991,1,-73.8968655820936,-72.19659403525293,-102.75287364451324,-93.11487486981062,11,10
Sarah forgets about herself insulting Holly.,Sarah forgets about herself insulted Holly.,syntax/semantics,binding,principle_A_case_2,True,True,False,False,428,1.6326284937875215,1.498328180081561,0.1343003137059604,1,-65.59164452552795,-66.40586221218109,-78.65267247582813,-78.39248765283358,8,8
Every school forgets about itself disgusting Charles.,Every school forgets about itself disgusted Charles.,syntax/semantics,binding,principle_A_case_2,True,True,False,False,429,0.8463504018127045,0.9523701837664034,-0.10601978195369888,0,-76.20844888687134,-76.06756234169006,-83.82560250318568,-84.6388939955877,9,9
Jane wasn't imagining herself criticizing Diana.,Jane wasn't imagining herself criticized Diana.,syntax/semantics,binding,principle_A_case_2,True,True,False,False,430,2.781685851585827,2.487321039513855,0.2943648120719722,1,-55.95378609932959,-56.567865217104554,-78.20727291201621,-76.4664335332154,8,8
A lot of girls forget about themselves confusing the patient.,A lot of girls forget about themselves confuse the patient.,syntax/semantics,binding,principle_A_case_2,True,True,False,False,431,2.1379296142722732,2.1102497659035464,0.027679848368726834,1,-60.93350246548653,-61.983771711587906,-84.45072822248153,-85.19651913652692,11,11
A girl couldn't forget about herself embarrassing pedestrians.,A girl couldn't forget about herself embarrassed pedestrians.,syntax/semantics,binding,principle_A_case_2,True,True,False,False,432,1.91442382894856,1.8239632573820614,0.09046057156649856,1,-65.1675549224019,-65.83995205909014,-84.3117932118875,-84.07958463291075,10,10
Russell imagines himself finding every fork.,Russell imagines himself found every fork.,syntax/semantics,binding,principle_A_case_2,True,True,False,False,433,1.3096606661564003,1.5705738813905334,-0.26091321523413313,0,-68.97826623916626,-64.37010276317596,-79.45555156841746,-76.93469381430023,8,8
Karen forgets about herself disturbing some museum.,Karen forgets about herself disturbed some museum.,syntax/semantics,binding,principle_A_case_2,True,True,False,False,434,1.7946680635719503,1.8450375812586741,-0.05036951768672382,0,-73.69549119472504,-72.40446162223816,-91.64217183044454,-90.8548374348249,10,10
Tanya does forget about herself passing a mall.,Tanya does forget about herself passed a mall.,syntax/semantics,binding,principle_A_case_2,True,True,False,False,435,1.7750087848302853,1.353107260468036,0.42190152436224926,1,-67.08679628372192,-70.0769693851471,-84.83688413202478,-83.60804198982746,10,10
Amanda had thought about herself kissing Guy.,Amanda had thought about herself kisses Guy.,syntax/semantics,binding,principle_A_case_2,True,True,False,False,436,1.9317308925828565,1.5295936305762692,0.4021372620065873,1,-60.18319487571716,-63.8325400352478,-77.56877290896287,-77.59888271043422,9,9
These banks forgot about themselves alarming William.,These banks forgot about themselves alarm William.,syntax/semantics,binding,principle_A_case_2,True,True,False,False,437,0.409201356529973,0.14413540951086645,0.2650659470191066,1,-71.4618182182312,-71.14774560928345,-74.73542907047099,-72.30082888537038,8,8
Dawn hadn't forgotten about herself disturbing Aaron.,Dawn hadn't forgotten about herself disturbs Aaron.,syntax/semantics,binding,principle_A_case_2,True,True,False,False,438,1.7902907216492423,2.2636534603449623,-0.47336273869572,0,-71.1673323996365,-76.87217288091779,-89.07023961612893,-101.77236094471237,10,11
Lori was forgetting about herself irritating Rachelle.,Lori was forgetting about herself irritated Rachelle.,syntax/semantics,binding,principle_A_case_2,True,True,False,False,439,1.2502362567633725,1.3563268213495063,-0.10609056458613386,0,-77.63425302505493,-76.49996483325958,-90.13661559268866,-90.06323304675465,10,10
Carmen imagined herself exploring a river.,Carmen imagined herself explored a river.,syntax/semantics,binding,principle_A_case_2,True,True,False,False,440,2.0711917756386433,2.2010516728543497,-0.12985989721570634,0,-59.74003565311432,-58.99889421463013,-78.38076163386211,-78.80835927031927,9,9
Some guests thought about themselves returning to Peter.,Some guests thought about themselves returned to Peter.,syntax/semantics,binding,principle_A_case_2,True,True,False,False,441,1.995397591695002,1.8319306204692731,0.16346697122572884,1,-55.455039978027344,-55.27127492427826,-73.41361830328236,-71.75865050850172,9,9
Lawrence thought about himself referencing Tanya.,Lawrence thought about himself references Tanya.,syntax/semantics,binding,principle_A_case_2,True,True,False,False,442,2.9358798978808713,2.377007211924346,0.5588726859565254,1,-61.13854217529297,-63.41449975967407,-87.56146125622081,-84.80756466699319,9,9
Cindy hadn't imagined herself impressing Tracy.,Cindy hadn't imagined herself impressed Tracy.,syntax/semantics,binding,principle_A_case_2,True,True,False,False,443,2.6086759494115355,2.3677162164010155,0.24095973301051998,1,-72.18503017351031,-65.64558799937367,-100.8804656170372,-89.32275016338383,11,10
The Borgias imagine themselves attacking Valerie.,The Borgias imagine themselves attack Valerie.,syntax/semantics,binding,principle_A_case_2,True,True,False,False,444,1.4970872773224535,1.1197290121411214,0.3773582651813321,1,-68.37883234024048,-69.20605158805847,-80.3555305588201,-78.16388368518744,8,8
Most children think about themselves breaking those couches.,Most children think about themselves broke those couches.,syntax/semantics,binding,principle_A_case_2,True,True,False,False,445,2.419857181665128,2.1597389275678465,0.26011825409728173,1,-62.37292540073395,-63.71035182476044,-86.57149721738523,-85.3077411004389,10,10
All girls think about themselves hurting Rodney.,All girls think about themselves hurts Rodney.,syntax/semantics,binding,principle_A_case_2,True,True,False,False,446,1.66278143261529,1.2141978380632672,0.4485835945520229,1,-54.81143069267273,-57.78780436515808,-68.11368215359505,-67.50138706966422,8,8
Most customers think about themselves describing those rivers.,Most customers think about themselves describe those rivers.,syntax/semantics,binding,principle_A_case_2,True,True,False,False,447,1.899632138713593,1.8494777025683315,0.050154436145261494,1,-63.33802652359009,-62.47700023651123,-80.43471577201242,-79.12229955962621,9,9
Bethany thought about herself running around this library.,Bethany thought about herself ran around this library.,syntax/semantics,binding,principle_A_case_2,True,True,False,False,448,1.514417642494015,1.0395841644803558,0.47483347801365916,1,-72.18074119091034,-77.34626865386963,-88.8393352583445,-88.78169446315354,11,11
Theresa has thought about herself returning to Anna.,Theresa has thought about herself returned to Anna.,syntax/semantics,binding,principle_A_case_2,True,True,False,False,449,2.148461366763479,2.2325230241559892,-0.08406165739251037,0,-59.13655161857605,-56.6409672498703,-80.62116528621084,-78.9661974914302,10,10
Catherine thinks about herself curing Mark.,Catherine thinks about herself cures Mark.,syntax/semantics,binding,principle_A_case_2,True,True,False,False,450,1.9780270238124729,2.091006286410959,-0.11297926259848623,0,-58.7141307592392,-57.449682116508484,-74.53834694973898,-74.17773240779616,8,8
Most customers imagine themselves worrying this student.,Most customers imagine themselves worry this student.,syntax/semantics,binding,principle_A_case_2,True,True,False,False,451,1.2875519498460015,0.8860197568757755,0.401532192970226,1,-64.6389811038971,-65.32153940200806,-74.9393967026651,-72.40969745701426,8,8
Some teenagers imagine themselves investigating Travis.,Some teenagers imagine themselves investigate Travis.,syntax/semantics,binding,principle_A_case_2,True,True,False,False,452,1.9025692255472475,1.6484358567118258,0.2541333688354217,1,-58.5628981590271,-59.80361986160278,-71.88088273785783,-71.34267085858556,7,7
Christina is imagining herself hurting Regina.,Christina is imagining herself hurt Regina.,syntax/semantics,binding,principle_A_case_2,True,True,False,False,453,2.3763849896570903,2.114839749168791,0.2615452404882994,1,-59.03841555118561,-58.63503849506378,-78.04949546844233,-75.55375648841411,8,8
Children think about themselves dropping by a college campus.,Children think about themselves dropped by a college campus.,syntax/semantics,binding,principle_A_case_2,True,True,False,False,454,1.1803831622762062,1.222489404011307,-0.0421062417351008,0,-71.47122716903687,-69.43059504032135,-83.27505879179893,-81.65548908043442,10,10
Dan wouldn't forget about himself hurting some girl.,Dan wouldn't forget about himself hurt some girl.,syntax/semantics,binding,principle_A_case_2,True,True,False,False,455,2.258439227532881,2.1162484674714195,0.14219076006146159,1,-58.235105723142624,-57.16127434372902,-80.81949799847143,-78.32375901844321,10,10
Brian could think about himself insulting Karen.,Brian could think about himself insulted Karen.,syntax/semantics,binding,principle_A_case_2,True,True,False,False,456,1.510777502578069,1.6319227288234295,-0.1211452262453605,0,-57.2492800951004,-56.019933462142944,-69.33550011572495,-69.07531529273038,8,8
Scott hadn't imagined himself discussing Angela.,Scott hadn't imagined himself discussed Angela.,syntax/semantics,binding,principle_A_case_2,True,True,False,False,457,2.016565886744516,1.8233105722683902,0.19325531447612576,1,-59.98732610233128,-61.19728465564549,-76.11985319628741,-75.78376923379261,8,8
Laurie thinks about herself curing some ladies.,Laurie thinks about herself cured some ladies.,syntax/semantics,binding,principle_A_case_2,True,True,False,False,458,2.014547551416092,2.012703759191447,0.0018437922246450356,1,-68.5347329378128,-66.62815415859222,-88.68020845197373,-86.7551917505067,10,10
These waitresses can imagine themselves going to that grocery store.,These waitresses can imagine themselves go to that grocery store.,syntax/semantics,binding,principle_A_case_2,True,True,False,False,459,1.9157115398923068,2.041040831373875,-0.12532929148156802,0,-76.10382080078125,-74.03619623184204,-99.09235927948893,-98.52868620832854,12,12
Christina hasn't thought about herself cleaning every gate.,Christina hasn't thought about herself cleaned every gate.,syntax/semantics,binding,principle_A_case_2,True,True,False,False,460,2.0167083574358355,1.9247062887884956,0.09200206864733995,1,-71.04529145080596,-72.45890226680785,-93.22908338260015,-93.6306714434813,11,11
Stacey imagined herself alarming Tina.,Stacey imagined herself alarmed Tina.,syntax/semantics,binding,principle_A_case_2,True,True,False,False,461,1.8364661639470146,1.9545872306733583,-0.1181210667263437,0,-60.46485781669617,-58.480557560920715,-73.32012096432527,-72.16266817563422,7,7
The association couldn't think about itself insulting girls.,The association couldn't think about itself insulted girls.,syntax/semantics,binding,principle_A_case_2,True,True,False,False,462,1.4649381364087986,1.3061773087762447,0.15876082763255384,1,-67.02821762114763,-68.35564107447863,-81.67759898523562,-81.41741416224107,10,10
Jerry isn't forgetting about himself concealing Tonya.,Jerry isn't forgetting about himself concealed Tonya.,syntax/semantics,binding,principle_A_case_2,True,True,False,False,463,2.095685989869922,1.3596388379846531,0.7360471518852689,1,-75.2252209186554,-72.29100036621094,-98.27776680722454,-85.88738874605747,11,10
Catherine imagined herself concealing Stephen.,Catherine imagined herself concealed Stephen.,syntax/semantics,binding,principle_A_case_2,True,True,False,False,464,2.591987966186398,2.06879175365838,0.5231962125280178,1,-60.50400972366333,-54.367993116378784,-81.23991345315451,-68.84953539198744,8,7
Christopher might imagine himself breaking every chair.,Christopher might imagine himself breaks every chair.,syntax/semantics,binding,principle_A_case_2,True,True,False,False,465,1.2430022286572218,1.2726368009911546,-0.02963457233393285,0,-60.988022208213806,-61.46118724346161,-70.93204003747158,-71.64228165139085,8,8
Noah couldn't think about himself wearing the sock.,Noah couldn't think about himself wears the sock.,syntax/semantics,binding,principle_A_case_2,True,True,False,False,466,1.1543299585087228,0.7525659253934485,0.4017640331152743,1,-67.48181360308081,-73.41168516222388,-80.17944314667676,-81.68991034155181,11,11
Janet thought about herself approaching Maria.,Janet thought about herself approached Maria.,syntax/semantics,binding,principle_A_case_2,True,True,False,False,467,1.70305815989256,1.5435693257782255,0.15948883411433457,1,-57.27253317832947,-58.49822640419006,-70.89699845746995,-70.84678101041587,8,8
Alice is thinking about herself breaking those glasses.,Alice is thinking about herself broke those glasses.,syntax/semantics,binding,principle_A_case_2,True,True,False,False,468,2.5586597816401087,2.0676584978797083,0.4910012837604003,1,-52.0183367729187,-55.17359220981598,-75.04627480767968,-73.78251869073335,9,9
Brett imagines himself thinking about this hair.,Brett imagines himself thinks about this hair.,syntax/semantics,binding,principle_A_case_2,True,True,False,False,469,2.2629485346786593,2.2243451950977913,0.038603339580868035,1,-63.307833552360535,-64.66702461242676,-85.93731889914713,-86.91047656340467,10,10
Ronald thought about himself breaking a truck.,Ronald thought about himself broke a truck.,syntax/semantics,binding,principle_A_case_2,True,True,False,False,470,1.983621822951117,1.8113966301305564,0.1722251928205607,1,-56.090755462646484,-56.377026081085205,-73.94335186920654,-72.67959575226021,9,9
The Clintons think about themselves finding Claire.,The Clintons think about themselves find Claire.,syntax/semantics,binding,principle_A_case_2,True,True,False,False,471,0.4716861164878914,0.19923211456668355,0.27245400192120783,1,-68.72557640075684,-68.28858733177185,-72.49906533265997,-69.88244424830532,8,8
Lissa hasn't forgotten about herself praising Andrea.,Lissa hasn't forgotten about herself praises Andrea.,syntax/semantics,binding,principle_A_case_2,True,True,False,False,472,2.624284177122573,2.0666747290286565,0.5576094480939164,1,-65.68553254194558,-70.9042116124183,-91.9283743131713,-91.57095890270486,10,10
Kevin forgot about himself walking through Spain.,Kevin forgot about himself walked through Spain.,syntax/semantics,binding,principle_A_case_2,True,True,False,False,473,1.846834126158459,1.3747393205684055,0.47209480559005357,1,-54.73211872577667,-58.4781299829483,-69.50679173504435,-69.47604454749555,8,8
Bradley imagined himself boasting about Sandra.,Bradley imagined himself boasts about Sandra.,syntax/semantics,binding,principle_A_case_2,True,True,False,False,474,2.135234400498362,1.5451092357759997,0.5901251647223624,1,-62.32418894767761,-67.52476334571838,-79.40606415166451,-79.88563723192638,8,8
Jessica hadn't thought about herself insulting Tara.,Jessica hadn't thought about herself insulted Tara.,syntax/semantics,binding,principle_A_case_2,True,True,False,False,475,1.9055956244494452,1.7930902747650128,0.11250534968443238,1,-65.060690773651,-65.81305409781635,-82.21105139369601,-81.95086657070146,9,9
Theresa has imagined herself escaping from every grocery store.,Theresa has imagined herself escapes from every grocery store.,syntax/semantics,binding,principle_A_case_2,True,True,False,False,476,2.874110734120261,2.8116326333997885,0.06247810072047244,1,-69.79521703720093,-70.76738429069519,-101.4104351125238,-101.69534325809286,11,11
Most committees think about themselves admiring many candles.,Most committees think about themselves admired many candles.,syntax/semantics,binding,principle_A_case_2,True,True,False,False,477,2.250404457719216,1.5610051616861667,0.6893992960330493,1,-69.97164762020111,-67.96943378448486,-92.47569219739327,-82.01848023966036,10,9
Paul wasn't imagining himself investigating Grace.,Paul wasn't imagining himself investigates Grace.,syntax/semantics,binding,principle_A_case_2,True,True,False,False,478,2.438374926686162,2.100017512633894,0.33835741405226827,1,-55.22144133225083,-60.48388225212693,-74.72844074574013,-77.28402235319808,8,8
Many people think about themselves hurting Bethany.,Many people think about themselves hurt Bethany.,syntax/semantics,binding,principle_A_case_2,True,True,False,False,479,2.7650419685303183,2.730376834659656,0.03466513387066206,1,-52.88131499290466,-50.6975622177124,-77.76669270967753,-75.2709537296493,9,9
Naomi hasn't forgotten about herself boasting about Vincent.,Naomi hasn't forgotten about herself boasted about Vincent.,syntax/semantics,binding,principle_A_case_2,True,True,False,False,480,2.9300312171847698,2.591893714540393,0.3381375026443769,1,-69.63158819114324,-72.8595064583933,-101.8619315801757,-101.37033731833762,11,11
Cynthia imagined herself questioning Eva.,Cynthia imagined herself questioned Eva.,syntax/semantics,binding,principle_A_case_2,True,True,False,False,481,2.3104099447392095,2.6011159741332506,-0.2907060293940411,0,-63.45806574821472,-60.38091421127319,-81.9413453061284,-81.1898420043392,8,8
Mitchell thought about himself messing up this hospital.,Mitchell thought about himself messes up this hospital.,syntax/semantics,binding,principle_A_case_2,True,True,False,False,482,1.90328061055055,1.88350188431491,0.01977872623563992,1,-68.82001757621765,-72.89082884788513,-87.85282368172315,-93.60934957534914,10,11
Joel thinks about himself astounding Derek.,Joel thinks about himself astounded Derek.,syntax/semantics,binding,principle_A_case_2,True,True,False,False,483,1.5027774027425558,2.4201473552910406,-0.9173699525484849,0,-63.610944986343384,-63.355605363845825,-75.63316420828383,-85.13693156146519,8,9
Most boys imagine themselves complaining about Deanna.,Most boys imagine themselves complained about Deanna.,syntax/semantics,binding,principle_A_case_2,True,True,False,False,484,2.0829998133116465,2.0863217363268896,-0.0033219230152430335,0,-62.983222246170044,-62.92859160900116,-81.73022056597486,-81.70548723594317,9,9
Linda was imagining herself aggravating all hospitals.,Linda was imagining herself aggravated all hospitals.,syntax/semantics,binding,principle_A_case_2,True,True,False,False,485,2.7407025885931633,2.1210164358546013,0.619686152738562,1,-66.24550271034241,-64.92538189888,-93.65252859627404,-84.01452982157141,10,9
David has thought about himself complaining about those patients.,David has thought about himself complained about those patients.,syntax/semantics,binding,principle_A_case_2,True,True,False,False,486,2.3296673032046926,2.0186124212723087,0.31105488193238395,1,-59.19808465242386,-62.283900141716,-82.49475768447078,-82.47002435443909,10,10
Marcus thought about himself attacking Rhonda.,Marcus thought about himself attacked Rhonda.,syntax/semantics,binding,principle_A_case_2,True,True,False,False,487,1.1299651780196172,1.4186573535547922,-0.288692175535175,0,-66.98759162425995,-63.60356855392456,-76.02731304841689,-74.9528273823629,8,8
Peter couldn't imagine himself curing Larry.,Peter couldn't imagine himself cures Larry.,syntax/semantics,binding,principle_A_case_2,True,True,False,False,488,1.6028415284679056,1.605842681468232,-0.0030011530003264397,0,-59.974212882108986,-59.58958911616355,-72.79694510985223,-72.43633056790941,8,8
Paul forgets about himself biking to the schools.,Paul forgets about himself biked to the schools.,syntax/semantics,binding,principle_A_case_2,True,True,False,False,489,1.6720207858883243,1.9407613687266276,-0.2687405828383034,0,-68.8671282529831,-71.90027332305908,-85.58733611186634,-93.24864837905199,10,11
James would think about himself criticizing Carl.,James would think about himself criticizes Carl.,syntax/semantics,binding,principle_A_case_2,True,True,False,False,490,1.6162737576610482,1.727152997680965,-0.11087924001991678,0,-54.96702575683594,-60.498652935028076,-67.89721581812432,-76.04302991415676,8,9
Eva thinks about herself scaring Deanna.,Eva thinks about herself scares Deanna.,syntax/semantics,binding,principle_A_case_2,True,True,False,False,491,2.008941110588978,1.5276735246309663,0.4812675859580118,1,-65.33304381370544,-63.40452766418457,-83.41351380900625,-75.6259158612323,9,8
Samantha was forgetting about herself dropping by the mountains.,Samantha was forgetting about herself drops by the mountains.,syntax/semantics,binding,principle_A_case_2,True,True,False,False,492,2.2173234727156177,2.070813320444792,0.14651015227082587,1,-71.94225680828094,-72.96112811565399,-98.55013848086836,-97.8108879609915,12,12
Cindy might imagine herself disturbing actresses.,Cindy might imagine herself disturbs actresses.,syntax/semantics,binding,principle_A_case_2,True,True,False,False,493,2.139255119290883,2.41415237860019,-0.2748972593093071,0,-63.457196950912476,-71.27109056711197,-82.71049302453042,-95.41261435311387,9,10
All people might forget about themselves bringing the window.,All people might forget about themselves brought the window.,syntax/semantics,binding,principle_A_case_2,True,True,False,False,494,1.6921635762294585,1.5225845817610035,0.16957899446845492,1,-59.697933077812195,-59.67345380783081,-76.61956884010678,-74.89929962544085,10,10
Caroline did think about herself scaring Paula.,Caroline did think about herself scares Paula.,syntax/semantics,binding,principle_A_case_2,True,True,False,False,495,1.9154057563161075,1.4906771456044698,0.4247286107116377,1,-69.74486088752747,-67.69522619247437,-88.89891845068854,-81.1113205029146,10,9
Christine thought about herself hiding those customers.,Christine thought about herself hid those customers.,syntax/semantics,binding,principle_A_case_2,True,True,False,False,496,1.744229758457433,1.4224407070424137,0.32178905141501946,1,-62.01783561706543,-66.01158607006073,-77.71590344318233,-78.81355243344245,9,9
Lucille imagines herself attacking Leslie.,Lucille imagines herself attacks Leslie.,syntax/semantics,binding,principle_A_case_2,True,True,False,False,497,2.1756453914017584,2.188695273242736,-0.013049881840977662,0,-65.78283500671387,-65.02914476394653,-83.18799813792793,-82.53870694988842,8,8
Irene imagines herself kissing Gregory.,Irene imagines herself kisses Gregory.,syntax/semantics,binding,principle_A_case_2,True,True,False,False,498,1.8983489336298653,1.8540819396527546,0.04426699397711076,1,-61.39790880680084,-61.78215456008911,-76.58470027583977,-76.61481007731115,8,8
Todd thought about himself looking like this drawing.,Todd thought about himself looked like this drawing.,syntax/semantics,binding,principle_A_case_2,True,True,False,False,499,1.0736098987364895,0.9467172313687292,0.12689266736776028,1,-60.29821300506592,-61.56248664855957,-69.96070209369432,-70.08294173087813,9,9
Cheryl thought about herself helping Melissa.,Cheryl thought about herself helped Melissa.,syntax/semantics,binding,principle_A_case_2,True,True,False,False,500,1.679861796325718,1.3936974188448612,0.2861643774808569,1,-62.46449589729309,-64.54239058494568,-77.58325206422455,-77.08566735454943,9,9
Caroline imagined herself healing Brenda.,Caroline imagined herself heals Brenda.,syntax/semantics,binding,principle_A_case_2,True,True,False,False,501,1.9928316872231082,2.674996052794581,-0.6821643655714726,0,-57.950502157211304,-55.21657192707062,-71.90032396777306,-73.94154429663269,7,7
Randolf couldn't imagine himself escaping from Harvard University.,Randolf couldn't imagine himself escaped from Harvard University.,syntax/semantics,binding,principle_A_case_2,True,True,False,False,502,2.740534568537015,2.649610466453574,0.09092410208344104,1,-73.41374311223626,-72.79617151990533,-103.55962336614343,-101.94188665089465,11,11
Every boy has imagined himself confusing Jason.,Every boy has imagined himself confused Jason.,syntax/semantics,binding,principle_A_case_2,True,True,False,False,503,1.9080732262460387,2.022880058285775,-0.1148068320397364,0,-58.180215716362,-55.915799140930176,-73.44480152633031,-72.09883960721638,8,8
Denise hasn't imagined herself hugging every customer.,Denise hasn't imagined herself hugged every customer.,syntax/semantics,binding,principle_A_case_2,True,True,False,False,504,2.215694692886109,2.217852453930868,-0.0021577610447591766,0,-72.03244961425662,-72.13375366851687,-94.18939654311771,-94.31227820782556,10,10
These drivers had thought about themselves listening to Rhonda.,These drivers had thought about themselves listened to Rhonda.,syntax/semantics,binding,principle_A_case_2,True,True,False,False,505,1.6954168548928898,1.5458158444713594,0.1496010104215304,1,-76.06785672903061,-78.18955051898956,-94.7174421328524,-95.19352480817452,11,11
Those guys think about themselves hiding the mirrors.,Those guys think about themselves hid the mirrors.,syntax/semantics,binding,principle_A_case_2,True,True,False,False,506,2.3081932956821856,1.9136023364099073,0.3945909592722783,1,-52.30773043632507,-56.956698060035706,-73.08147009746475,-74.17911908772487,9,9
Elaine wasn't thinking about herself attacking Catherine.,Elaine wasn't thinking about herself attacked Catherine.,syntax/semantics,binding,principle_A_case_2,True,True,False,False,507,2.391879885618093,2.2246424482012346,0.16723743741685837,1,-64.93114674091339,-65.52903544902802,-88.84994559709432,-87.77545993104036,10,10
Suzanne couldn't think about herself complaining about Gregory.,Suzanne couldn't think about herself complained about Gregory.,syntax/semantics,binding,principle_A_case_2,True,True,False,False,508,3.008197880427221,2.7301452230162253,0.2780526574109956,1,-65.17267948482186,-68.20652538631111,-98.26285616952129,-98.23812283948959,11,11
Randolf has thought about himself exploring lakes.,Randolf has thought about himself explored lakes.,syntax/semantics,binding,principle_A_case_2,True,True,False,False,509,1.5363660425292,1.3676431739537582,0.16872286857544183,1,-70.46096456050873,-72.4070680141449,-84.28825894327153,-84.71585657972872,9,9
Rodney is thinking about himself boring Omar.,Rodney is thinking about himself bored Omar.,syntax/semantics,binding,principle_A_case_2,True,True,False,False,510,2.393092423798107,2.3562962676686885,0.036796156129418556,1,-58.86969268321991,-59.41720497608185,-80.40752449740287,-80.62387138510005,9,9
John thought about himself shocking Jessica.,John thought about himself shocked Jessica.,syntax/semantics,binding,principle_A_case_2,True,True,False,False,511,0.782494414455226,0.8551168193322128,-0.07262240487698679,0,-56.52743673324585,-55.046963572502136,-62.00489763443243,-61.03278130782763,7,7
Alice forgot about herself looking like most pictures.,Alice forgot about herself looked like most pictures.,syntax/semantics,binding,principle_A_case_2,True,True,False,False,512,1.8175277257429059,1.6834180485128816,0.13410967723002432,1,-57.57462668418884,-58.90385341644287,-73.932376215875,-74.0546158530588,9,9
Irene has imagined herself cleaning many reports.,Irene has imagined herself cleaned many reports.,syntax/semantics,binding,principle_A_case_2,True,True,False,False,513,0.9306742810959305,1.1056931985533507,-0.17501891745742015,0,-69.78332340717316,-68.6097412109375,-78.15939193703653,-78.56097999791766,9,9
Jason had thought about himself climbing up many mountains.,Jason had thought about himself climbs up many mountains.,syntax/semantics,binding,principle_A_case_2,True,True,False,False,514,1.7186556132977615,1.2741992425929909,0.4444563707047706,1,-63.203038692474365,-68.85714876651764,-80.38959482545198,-81.59914119244755,10,10
Julia hadn't imagined herself shocking Nina.,Julia hadn't imagined herself shocked Nina.,syntax/semantics,binding,principle_A_case_2,True,True,False,False,515,2.5407606524447663,2.8082238226779674,-0.2674631702332011,0,-62.136285573244095,-58.75700071454048,-85.00313144524699,-84.03101511864219,9,9
Walter forgot about himself curing George.,Walter forgot about himself cured George.,syntax/semantics,binding,principle_A_case_2,True,True,False,False,516,1.7088313577629393,1.494038159921594,0.21479319784134532,1,-60.89532387256622,-60.688652753829956,-74.56597473466974,-72.64095803320271,8,8
Sheila forgot about herself revealing Christina.,Sheila forgot about herself reveals Christina.,syntax/semantics,binding,principle_A_case_2,True,True,False,False,517,2.083636550393301,1.930988573322697,0.15264797707060396,1,-58.24800372123718,-59.38217616081238,-74.91709612438359,-74.83008474739395,8,8
Ruth was thinking about herself skated around a library.,Ruth was thinking about herself skates around a library.,syntax/semantics,binding,principle_A_case_2,True,True,False,False,518,2.181457691843041,2.3826609290930776,-0.20120323725003653,0,-70.9345988035202,-68.77004206180573,-97.1120911056367,-97.36197321092266,12,12
Sherry thinks about herself bothering these senators.,Sherry thinks about herself bothered these senators.,syntax/semantics,binding,principle_A_case_2,True,True,False,False,519,1.6318799111810922,1.356401485950171,0.27547842523092125,1,-68.45931029319763,-70.40807795524597,-83.14622949382746,-82.61569132879751,9,9
Melinda has thought about herself concealing Marla.,Melinda has thought about herself concealed Marla.,syntax/semantics,binding,principle_A_case_2,True,True,False,False,520,2.524808010049022,1.7890942318468575,0.7357137782021643,1,-74.3000158071518,-71.79158353805542,-102.07290391769104,-89.682525856524,11,10
The girls think about themselves dropping by a grocery store.,The girls think about themselves drop by a grocery store.,syntax/semantics,binding,principle_A_case_2,True,True,False,False,521,2.49281018236187,2.4752271813997906,0.01758300096207943,1,-58.9226159453392,-57.630912721157074,-86.34352795131977,-84.85841171655477,11,11
Doctors shouldn't think about themselves boring Lawrence.,Doctors shouldn't think about themselves bored Lawrence.,syntax/semantics,binding,principle_A_case_2,True,True,False,False,522,2.012988182171275,1.9401770453018388,0.07281113686943619,1,-60.300640657544136,-61.17228777706623,-78.41753429708561,-78.63388118478278,9,9
Many teenagers should think about themselves describing Sandra.,Many teenagers should think about themselves describe Sandra.,syntax/semantics,binding,principle_A_case_2,True,True,False,False,523,2.3963567886809916,2.2650628674944326,0.13129392118655892,1,-61.88907527923584,-61.75830435752869,-83.45628637736476,-82.14387016497858,9,9
This library had forgotten about itself stunning Christopher.,This library had forgotten about itself stuns Christopher.,syntax/semantics,binding,principle_A_case_2,True,True,False,False,524,0.9273674995541197,0.7731788764995116,0.15418862305460812,1,-72.15870356559753,-79.28784203529358,-80.50501106158461,-87.0196308002887,9,10
Men think about themselves boasting about Jeffrey.,Men think about themselves boast about Jeffrey.,syntax/semantics,binding,principle_A_case_2,True,True,False,False,525,1.69823571471931,1.3146929533824014,0.38354276133690846,1,-58.221495628356934,-60.20454120635986,-71.80738134611141,-70.72208483341907,8,8
Roger has forgotten about himself concealing a teenager.,Roger has forgotten about himself concealed a teenager.,syntax/semantics,binding,principle_A_case_2,True,True,False,False,526,2.4778863807129965,1.8761107873449103,0.6017755933680862,1,-65.18096935749054,-60.68445801734924,-89.9598331646205,-77.56945510345344,10,9
Susan is thinking about herself fixing this plate.,Susan is thinking about herself fixes this plate.,syntax/semantics,binding,principle_A_case_2,True,True,False,False,527,2.3434056483452377,1.9519876856056568,0.39141796273958085,1,-52.94374763965607,-58.0456862449646,-74.03439847476321,-75.61357541541551,9,9
Tara thinks about herself examining the documentary.,Tara thinks about herself examines the documentary.,syntax/semantics,binding,principle_A_case_2,True,True,False,False,528,1.7593366404589625,1.3263119907217817,0.4330246497371808,1,-60.510446071624756,-64.55090939998627,-76.34447583575542,-76.4877173164823,9,9
Jill was thinking about herself descending most hills.,Jill was thinking about herself descends most hills.,syntax/semantics,binding,principle_A_case_2,True,True,False,False,529,1.6864691916644035,2.144226114896035,-0.45775692323163164,0,-67.24114441871643,-71.90450257062912,-84.10583633536046,-95.4909898344855,10,11
Samuel thinks about himself leaving all grocery stores.,Samuel thinks about himself leaves all grocery stores.,syntax/semantics,binding,principle_A_case_2,True,True,False,False,530,2.587556809549966,2.3858257433666012,0.20173106618336467,1,-65.584432721138,-67.74834036827087,-91.46000081663766,-91.60659780193689,10,10
Tammy does think about herself irritating James.,Tammy does think about herself irritated James.,syntax/semantics,binding,principle_A_case_2,True,True,False,False,531,1.4209157500662886,1.462021915688859,-0.04110616562257041,0,-65.62311267852783,-65.17977464199066,-78.41135442912443,-78.33797188319039,9,9
Samantha imagined herself kissing Holly.,Samantha imagined herself kissed Holly.,syntax/semantics,binding,principle_A_case_2,True,True,False,False,532,2.444114729631611,2.491765740598634,-0.047651010967022955,0,-58.26883280277252,-57.37341499328613,-77.82175063982541,-77.3075409180752,8,8
Deborah has thought about herself wearing every dress.,Deborah has thought about herself wore every dress.,syntax/semantics,binding,principle_A_case_2,True,True,False,False,533,2.269956114756775,1.9127554282015127,0.35720068655526216,1,-65.01948320865631,-69.1584187746048,-87.71904435622406,-88.28597305661992,10,10
All guests imagine themselves exiting this cafe.,All guests imagine themselves exited this cafe.,syntax/semantics,binding,principle_A_case_2,True,True,False,False,534,1.5782192775825088,1.181307413863145,0.3969118637193638,1,-64.40634346008301,-67.15419435501099,-77.03209768074308,-76.60465366591615,8,8
Liam had thought about himself observing Deanna.,Liam had thought about himself observes Deanna.,syntax/semantics,binding,principle_A_case_2,True,True,False,False,535,1.6717128937225767,1.3027102308448633,0.36900266287771344,1,-68.50247585773468,-73.3972749710083,-85.21960479496045,-86.42437727945693,10,10
Karen would forget about herself exploring all banks.,Karen would forget about herself explores all banks.,syntax/semantics,binding,principle_A_case_2,True,True,False,False,536,1.7723429470570806,1.3019895851795753,0.4703533618775053,1,-67.56365740299225,-73.58664536476135,-85.28708687356306,-86.6065412165571,10,10
All adults imagine themselves shocking Teresa.,All adults imagine themselves shock Teresa.,syntax/semantics,binding,principle_A_case_2,True,True,False,False,537,1.187192207521743,0.6608353476964339,0.526356859825309,1,-61.38023853302002,-63.211795926094055,-69.69058398567222,-67.83764335996909,7,7
Some waiters think about themselves disgusting that woman.,Some waiters think about themselves disgusted that woman.,syntax/semantics,binding,principle_A_case_2,True,True,False,False,538,0.43133073410870965,0.5746582745003395,-0.14332754039162982,0,-74.69541811943054,-74.07543420791626,-79.00872546051764,-79.82201695291965,10,10
Julia imagines herself upsetting Bethany.,Julia imagines herself upset Bethany.,syntax/semantics,binding,principle_A_case_2,True,True,False,False,539,3.478376649402375,3.365590370795025,0.11278627860734991,1,-60.55943560600281,-58.99629843235016,-91.86482545062418,-89.28661176950538,9,9
Michael should forget about himself concealing the customer.,Michael should forget about himself conceals the customer.,syntax/semantics,binding,principle_A_case_2,True,True,False,False,540,2.172971725300539,1.4325858154970974,0.7403859098034418,1,-65.13552439212799,-70.47676455974579,-86.86524164513338,-84.80262271471676,10,10
Sabrina has thought about herself attacking Veronica.,Sabrina has thought about herself attacked Veronica.,syntax/semantics,binding,principle_A_case_2,True,True,False,False,541,2.369660551085758,2.3095183379246924,0.060142213161065605,1,-64.81655406951904,-64.28334832191467,-86.14349902929087,-85.0690133632369,9,9
Martin could think about himself disturbing Kristen.,Martin could think about himself disturbs Kristen.,syntax/semantics,binding,principle_A_case_2,True,True,False,False,542,1.2888173246167867,1.7898189114527838,-0.5010015868359972,0,-60.07303059101105,-66.97732031345367,-70.38356918794534,-83.08569051652873,8,9
Theresa thought about herself aggravating Jodi.,Theresa thought about herself aggravated Jodi.,syntax/semantics,binding,principle_A_case_2,True,True,False,False,543,2.7777482102169104,2.1058677826543906,0.6718804275625199,1,-65.50944006443024,-64.6961133480072,-93.28692216659934,-83.64892339189672,10,9
Jessica forgets about herself running around grocery stores.,Jessica forgets about herself runs around grocery stores.,syntax/semantics,binding,principle_A_case_2,True,True,False,False,544,2.4523678219446623,2.1049084810990535,0.3474593408456088,1,-71.22959017753601,-75.7376378774643,-95.75326839698263,-96.78672268845483,10,10
Frank is thinking about himself criticizing Mark.,Frank is thinking about himself criticized Mark.,syntax/semantics,binding,principle_A_case_2,True,True,False,False,545,2.563188349182095,2.3159234254348604,0.24726492374723463,1,-47.708319783210754,-47.94559979438782,-68.21382657666751,-66.4729871978667,8,8
Ruth would think about herself researching the Lutherans.,Ruth would think about herself researches the Lutherans.,syntax/semantics,binding,principle_A_case_2,True,True,False,False,546,1.4681112613462723,1.6787217504521383,-0.210610489105866,0,-76.77888178825378,-83.28060954809189,-92.92810566306278,-103.42527055351755,11,12
Some girl will forget about herself disturbing the boys.,Some girl will forget about herself disturbed the boys.,syntax/semantics,binding,principle_A_case_2,True,True,False,False,547,1.7253008317630532,1.7330448864408936,-0.007744054677840451,0,-61.30628037452698,-60.441505432128906,-78.55928869215751,-77.77195429653784,10,10
Gerald can think about himself looking like those sketches.,Gerald can think about himself looked like those sketches.,syntax/semantics,binding,principle_A_case_2,True,True,False,False,548,2.172367436293425,2.1471232154557174,0.0252442208377075,1,-64.17444789409637,-64.574373960495,-88.07048969332405,-88.19272933050789,11,11
Naomi forgets about herself insulting Katherine.,Naomi forgets about herself insulted Katherine.,syntax/semantics,binding,principle_A_case_2,True,True,False,False,549,2.454937157022559,2.3998260602211903,0.05511109680136883,1,-70.20661664009094,-70.44243168830872,-92.30105105329397,-92.04086623029943,9,9
Leslie forgets about herself touring the schools.,Leslie forgets about herself toured the schools.,syntax/semantics,binding,principle_A_case_2,True,True,False,False,550,1.799844004806647,1.8428302518902,-0.04298624708355292,0,-75.28879356384277,-74.9945969581604,-93.28723361190924,-93.4228994770624,10,10
Steven couldn't think about himself boring Elaine.,Steven couldn't think about himself bored Elaine.,syntax/semantics,binding,principle_A_case_2,True,True,False,False,551,1.3220166596607643,1.2838004493605253,0.03821621030023903,1,-63.0313972691074,-63.591690049506724,-74.92954720605428,-75.14589409375145,9,9
Tracy imagines herself listening to Wayne.,Tracy imagines herself listens to Wayne.,syntax/semantics,binding,principle_A_case_2,True,True,False,False,552,2.7591826664590227,3.028318612811211,-0.2691359463521885,0,-61.13532993197441,-61.24173587560654,-85.96797393010561,-88.49660339090744,9,9
Steve hadn't forgotten about himself boycotting the legislature.,Steve hadn't forgotten about himself boycotts the legislature.,syntax/semantics,binding,principle_A_case_2,True,True,False,False,553,2.462816334824755,2.1467718284119117,0.31604450641284343,1,-71.25153463333845,-74.94779669493437,-98.34251431641076,-98.5622868074654,11,11
Connie forgets about herself scanning the story.,Connie forgets about herself scans the story.,syntax/semantics,binding,principle_A_case_2,True,True,False,False,554,2.1039472927173137,1.8663871648878143,0.23756012782949942,1,-68.41729670763016,-71.35929346084595,-89.4567696348033,-90.02316510972409,10,10
Teachers think about themselves embarrassing April.,Teachers think about themselves embarrass April.,syntax/semantics,binding,principle_A_case_2,True,True,False,False,555,1.5575144912294547,1.5342856570992573,0.023228834130197384,1,-59.8124338388443,-60.87003016471863,-72.27254976867994,-73.14431542151269,8,8
Monica thought about herself buying the jacket.,Monica thought about herself bought the jacket.,syntax/semantics,binding,principle_A_case_2,True,True,False,False,556,1.63755189210712,1.3851293681357566,0.25242252397136333,1,-60.66092371940613,-61.50973176956177,-75.3988907483702,-73.97589608278358,9,9
Jacqueline forgot about herself driving to every college campus.,Jacqueline forgot about herself drove to every college campus.,syntax/semantics,binding,principle_A_case_2,True,True,False,False,557,2.1272783657336567,2.110473877362248,0.016804488371408688,1,-83.70062470436096,-84.46452796459198,-109.22796509316484,-109.79021449293896,12,12
Donald thinks about himself hurting many women.,Donald thinks about himself hurt many women.,syntax/semantics,binding,principle_A_case_2,True,True,False,False,558,1.3329291789333126,1.2234261634482557,0.10950301548505692,1,-59.10575795173645,-57.486043095588684,-69.76919138320295,-67.27345240317473,8,8
All schools forget about themselves boring Sally.,All schools forget about themselves bore Sally.,syntax/semantics,binding,principle_A_case_2,True,True,False,False,559,1.2307951601556049,0.9998905774832956,0.2309045826723093,1,-61.246784925460815,-62.90252947807312,-71.09314620670565,-70.90165409793948,8,8
Many ladies weren't thinking about themselves discussing Mark.,Many ladies weren't thinking about themselves discuss Mark.,syntax/semantics,binding,principle_A_case_2,True,True,False,False,560,3.0361548642555904,2.536117740603501,0.5000371236520893,1,-57.22603184171021,-61.36541825719178,-87.58758048426611,-86.72659566322679,10,10
Alexander forgets about himself questioning Emily.,Alexander forgets about himself questioned Emily.,syntax/semantics,binding,principle_A_case_2,True,True,False,False,561,1.9271230365544625,1.9042580449876958,0.02286499156676669,1,-62.24391782283783,-61.675334453582764,-77.66090211527353,-76.90939881348433,8,8
Many women think about themselves kissing many drivers.,Many women think about themselves kissed many drivers.,syntax/semantics,binding,principle_A_case_2,True,True,False,False,562,1.7933226203187884,1.7405653202392368,0.052757300079551595,1,-61.6943793296814,-61.654985308647156,-77.83428291255049,-77.32007319080029,9,9
Michelle imagined herself cleaning the rug.,Michelle imagined herself cleans the rug.,syntax/semantics,binding,principle_A_case_2,True,True,False,False,563,1.5098819884375894,1.6176114162125177,-0.10772942777492833,0,-53.25789964199066,-54.45137000083923,-63.82707356105379,-65.77464991432686,7,7
Some government wouldn't forget about itself disgusting Joel.,Some government wouldn't forget about itself disgusted Joel.,syntax/semantics,binding,principle_A_case_2,True,True,False,False,564,1.4716709977114562,1.766772837247828,-0.2951018395363718,0,-72.63853400945663,-70.5008071064949,-87.3552439865712,-88.16853547897318,10,10
Wayne won't imagine himself complaining about Renee.,Wayne won't imagine himself complained about Renee.,syntax/semantics,binding,principle_A_case_2,True,True,False,False,565,2.830712831300195,2.6272678496149626,0.2034449816852324,1,-66.11648910492659,-68.32965057343245,-97.25433024922873,-97.22959691919704,11,11
Kirsten has thought about herself running around this mountain.,Kirsten has thought about herself runs around this mountain.,syntax/semantics,binding,principle_A_case_2,True,True,False,False,566,2.5541153546395137,2.082803317897524,0.4713120367419896,1,-66.82885444164276,-73.51805317401886,-97.47823869731693,-98.51169298878915,12,12
Carmen forgets about herself discussing Kenneth.,Carmen forgets about herself discussed Kenneth.,syntax/semantics,binding,principle_A_case_2,True,True,False,False,567,1.877733110660867,1.7750675120722121,0.10266559858865487,1,-74.05574059486389,-74.74631261825562,-92.83307170147256,-92.49698773897774,10,10
Those actresses imagine themselves skated around some hill.,Those actresses imagine themselves skate around some hill.,syntax/semantics,binding,principle_A_case_2,True,True,False,False,568,1.3715457068918595,0.555306575081327,0.8162391318105325,1,-79.05404663085938,-79.93340730667114,-92.76950369977797,-84.93116648240309,10,9
Brett hadn't thought about himself disgusting Eric.,Brett hadn't thought about himself disgusted Eric.,syntax/semantics,binding,principle_A_case_2,True,True,False,False,569,1.5924549143773419,1.9471433980863821,-0.35468848370904027,0,-68.6051529198885,-65.87155957520008,-84.52970206366192,-85.3429935560639,10,10
A girl is imagining herself selling this public park.,A girl is imagining herself sells this public park.,syntax/semantics,binding,principle_A_case_2,True,True,False,False,570,1.709424249394803,1.565936333081575,0.1434879163132281,1,-65.70998561382294,-68.58022034168243,-82.80422810777097,-84.23958367249818,10,10
John thinks about himself escaping from Rachelle.,John thinks about himself escaped from Rachelle.,syntax/semantics,binding,principle_A_case_2,True,True,False,False,571,1.3774897076078692,1.220715873492872,0.15677383411499712,1,-65.66959393024445,-65.46282172203064,-78.06700129871527,-76.44926458346649,9,9
Rachel was forgetting about herself researching the movie theater.,Rachel was forgetting about herself researches the movie theater.,syntax/semantics,binding,principle_A_case_2,True,True,False,False,572,2.333312664782068,2.0813036099380793,0.2520090548439886,1,-64.51589703559875,-75.45184886455536,-87.84902368341943,-98.34618857387423,10,11
Travis was forgetting about himself complaining about some books.,Travis was forgetting about himself complains about some books.,syntax/semantics,binding,principle_A_case_2,True,True,False,False,573,2.4573165890467537,2.311093232114894,0.14622335693185962,1,-66.00289535522461,-69.17830014228821,-93.0333778347389,-94.60032569555204,11,11
Carla would think about herself investigating the waitress.,Carla would think about herself investigates the waitress.,syntax/semantics,binding,principle_A_case_2,True,True,False,False,574,2.169550761970018,2.036511934991509,0.13303882697850877,1,-62.047345995903015,-65.93331587314606,-83.7428536156032,-86.29843522306115,10,10
Renee hadn't imagined herself cleaning that truck.,Renee hadn't imagined herself cleans that truck.,syntax/semantics,binding,principle_A_case_2,True,True,False,False,575,1.368195326668257,1.2639199877523992,0.10427533891585772,1,-74.15525143407285,-77.14558117650449,-87.83720470075542,-89.78478105402849,10,10
Keith does imagine himself skated around a lot of restaurants.,Keith does imagine himself skates around a lot of restaurants.,syntax/semantics,binding,principle_A_case_2,True,True,False,False,576,2.238951901972129,2.301383451277436,-0.0624315493053067,0,-74.52965614199638,-74.03035965561867,-101.39707896566193,-101.6469610709479,12,12
Those senators forget about themselves breaking those couches.,Those senators forget about themselves break those couches.,syntax/semantics,binding,principle_A_case_2,True,True,False,False,577,2.3913833237711204,2.1384071945474235,0.25297612922369694,1,-70.33940982818604,-71.27645289897919,-94.25324306589724,-92.66052484445342,10,10
All adults imagine themselves disgusting Aaron.,All adults imagine themselves disgusted Aaron.,syntax/semantics,binding,principle_A_case_2,True,True,False,False,578,1.007091457619887,0.9483100469852924,0.05878141063459463,1,-60.45465433597565,-61.679415702819824,-67.50429453931486,-68.31758603171687,7,7
Many doctors think about themselves curing some cat.,Many doctors think about themselves cure some cat.,syntax/semantics,binding,principle_A_case_2,True,True,False,False,579,1.636109556426119,1.4824265968398214,0.15368295958629763,1,-63.97339487075806,-62.623370885849,-78.69838087859313,-75.96521025740739,9,9
A lot of actors are forgetting about themselves disturbing Nancy.,A lot of actors are forgetting about themselves disturbed Nancy.,syntax/semantics,binding,principle_A_case_2,True,True,False,False,580,2.2630644015444648,2.1955790949588705,0.06748530658559426,1,-67.52672901749611,-67.48173299431801,-92.42043743448522,-91.63310303886558,11,11
Charles imagined himself alarming Sarah.,Charles imagined himself alarmed Sarah.,syntax/semantics,binding,principle_A_case_2,True,True,False,False,581,1.0772361964744708,1.369973149517694,-0.29273695304322334,0,-52.95944666862488,-50.0455721616745,-59.4228638474717,-58.265411058780664,6,6
Marcus has imagined himself observing some teenagers.,Marcus has imagined himself observed some teenagers.,syntax/semantics,binding,principle_A_case_2,True,True,False,False,582,1.7506758828061457,1.6265026744888722,0.12417320831727352,1,-62.86418604850769,-61.89872741699219,-76.86959311095686,-74.91074881290317,8,8
Most doctors have forgotten about themselves confusing this adult.,Most doctors have forgotten about themselves confuse this adult.,syntax/semantics,binding,principle_A_case_2,True,True,False,False,583,1.8533248992502478,1.7299408244179062,0.1233840748323416,1,-68.29252195358276,-70.27215361595154,-86.82577094608524,-87.5715618601306,10,10
Martha hasn't forgotten about herself escaping from that child.,Martha hasn't forgotten about herself escapes from that child.,syntax/semantics,binding,principle_A_case_2,True,True,False,False,584,2.692239320244082,2.521664761958069,0.1705745582860132,1,-67.06182488240302,-69.39362772740424,-99.368696725332,-99.65360487090106,12,12
Most companies think about themselves taking this mushroom.,Most companies think about themselves took this mushroom.,syntax/semantics,binding,principle_A_case_2,True,True,False,False,585,1.4261827430304852,1.1277022014686067,0.29848054156187853,1,-62.69409108161926,-64.59803342819214,-75.52973576889363,-74.7473532414096,9,9
Tina imagined herself praising Samantha.,Tina imagined herself praises Samantha.,syntax/semantics,binding,principle_A_case_2,True,True,False,False,586,1.9191018490437028,1.3028502650662364,0.6162515839774665,1,-54.44588363170624,-58.40222930908203,-67.87959657501216,-67.52218116454569,7,7
Emily thinks about herself examining every report.,Emily thinks about herself examined every report.,syntax/semantics,binding,principle_A_case_2,True,True,False,False,587,1.6762250986465972,1.380092121928378,0.29613297671821925,1,-59.13820481300354,-60.92825484275818,-72.54800560217632,-71.9689918181852,8,8
Cheryl isn't thinking about herself insulting a lot of teachers.,Cheryl isn't thinking about herself insulted a lot of teachers.,syntax/semantics,binding,principle_A_case_2,True,True,False,False,588,2.299998213436644,2.2571307531206424,0.04286746031600153,1,-79.62758982926607,-79.96754945069551,-111.82756481737908,-111.56737999438451,14,14
Many drivers think about themselves disagreeing with Christina.,Many drivers think about themselves disagree with Christina.,syntax/semantics,binding,principle_A_case_2,True,True,False,False,589,1.699651386047887,1.5632690600952641,0.1363823259526229,1,-70.57347059249878,-65.90983176231384,-87.56998445297765,-79.97925330317122,10,9
Banks have thought about themselves confusing Theresa.,Banks have thought about themselves confuse Theresa.,syntax/semantics,binding,principle_A_case_2,True,True,False,False,590,1.762570742881975,1.5255369866773725,0.23703375620460254,1,-62.23289954662323,-65.11199426651001,-78.096036232561,-78.84182714660636,9,9
Deanna can think about herself biking to a bank.,Deanna can think about herself biked to a bank.,syntax/semantics,binding,principle_A_case_2,True,True,False,False,591,1.0112765834481856,1.1318569838444315,-0.12058040039624585,0,-75.62949466705322,-80.83256554603577,-86.75353708498326,-94.41484935216894,11,12
This organization isn't thinking about itself arguing about the waitress.,This organization isn't thinking about itself argued about the waitress.,syntax/semantics,binding,principle_A_case_2,True,True,False,False,592,2.6469106161048543,2.2108011221748023,0.43610949393005205,1,-66.05902594327927,-71.20083063840866,-97.82195333653752,-97.73044410450629,12,12
Carl wasn't thinking about himself dropping by a lot of college campuses.,Carl wasn't thinking about himself drops by a lot of college campuses.,syntax/semantics,binding,principle_A_case_2,True,True,False,False,593,2.176586854441364,2.005546539153542,0.1710403152878217,1,-81.85034186765552,-83.50565576180816,-112.32255782983461,-111.58330730995775,14,14
George imagined himself curing the dog.,George imagined himself cures the dog.,syntax/semantics,binding,principle_A_case_2,True,True,False,False,594,1.224983250325779,1.3073908264872693,-0.08240757616149041,0,-53.45806097984314,-52.5205934047699,-62.03294373212359,-61.67232919018078,7,7
Carrie isn't forgetting about herself hiring Joseph.,Carrie isn't forgetting about herself hired Joseph.,syntax/semantics,binding,principle_A_case_2,True,True,False,False,595,2.188543781721626,1.9419000353951474,0.24664374632647834,1,-69.26503604929894,-69.69667405169457,-91.1504738665152,-89.11567440564605,10,10
Renee will imagine herself kissing Claire.,Renee will imagine herself kisses Claire.,syntax/semantics,binding,principle_A_case_2,True,True,False,False,596,1.8337796173152867,1.7338790188116562,0.09990059850363053,1,-60.85468363761902,-61.683998227119446,-75.52492057614131,-75.5550303776127,8,8
Carolyn had thought about herself breaking a unicycle.,Carolyn had thought about herself broke a unicycle.,syntax/semantics,binding,principle_A_case_2,True,True,False,False,597,2.1711530415390503,1.911836676549931,0.25931636498911925,1,-71.51528608798981,-73.10400998592377,-95.39796954491936,-94.13421342797301,11,11
Teresa imagines herself insulting Carmen.,Teresa imagines herself insults Carmen.,syntax/semantics,binding,principle_A_case_2,True,True,False,False,598,2.800677962522002,2.9328205579277657,-0.13214259540576379,0,-65.7224131822586,-64.96561288833618,-88.12783688243462,-88.42817735175831,8,8
Candice forgets about herself irritating every guest.,Candice forgets about herself irritated every guest.,syntax/semantics,binding,principle_A_case_2,True,True,False,False,599,2.061857856766582,2.1159707392390685,-0.05411288247248658,0,-77.27827250957489,-76.66376113891602,-97.89685107724071,-97.8234685313067,10,10
Carolyn had thought about herself returning to Dawn.,Carolyn had thought about herself returned to Dawn.,syntax/semantics,binding,principle_A_case_2,True,True,False,False,600,2.3894986429935985,2.160307696378388,0.22919094661521067,1,-62.34250199794769,-62.97944366931915,-86.23748842788368,-84.58252063310303,10,10
Ruth thought about herself descending most steps.,Ruth thought about herself descended most steps.,syntax/semantics,binding,principle_A_case_2,True,True,False,False,601,1.4391603381110625,1.3337118666106658,0.10544847150039671,1,-65.13821566104889,-65.02379763126373,-78.09065870404845,-77.02720443075972,9,9
Emily had thought about herself fleeing from Dennis.,Emily had thought about herself fled from Dennis.,syntax/semantics,binding,principle_A_case_2,True,True,False,False,602,1.677921283988509,1.5153017365100885,0.16261954747842045,1,-61.67857909202576,-61.280014753341675,-76.77987064792234,-74.91773038193247,9,9
Rachel had thought about herself embarrassing Erin.,Rachel had thought about herself embarrassed Erin.,syntax/semantics,binding,principle_A_case_2,True,True,False,False,603,1.4230057839331458,1.5188748520897306,-0.0958690681565848,0,-58.931241035461426,-57.932079911231995,-70.31528730692659,-70.08307872794984,8,8
The ladies forgot about themselves kissing that person.,The ladies forgot about themselves kiss that person.,syntax/semantics,binding,principle_A_case_2,True,True,False,False,604,1.3580734288275949,0.9780254748059273,0.3800479540216676,1,-59.60904037952423,-61.439574003219604,-71.83170123897258,-70.24180327647295,9,9
Some patients are imagining themselves discussing Alice.,Some patients are imagining themselves discussed Alice.,syntax/semantics,binding,principle_A_case_2,True,True,False,False,605,2.3617620445086374,1.911142039728709,0.45062000477992825,1,-57.643898010253906,-60.912774085998535,-76.537994366323,-76.20191040382821,8,8
Diane hadn't imagined herself irritating Carrie.,Diane hadn't imagined herself irritated Carrie.,syntax/semantics,binding,principle_A_case_2,True,True,False,False,606,2.421433494936764,2.7399936129247857,-0.31856011798802175,0,-66.03401337191463,-63.09358976408839,-87.8269148263455,-87.75353228041146,9,9
Leslie doesn't think about herself escaping from Ronald.,Leslie doesn't think about herself escaped from Ronald.,syntax/semantics,binding,principle_A_case_2,True,True,False,False,607,2.287388058041296,2.070065327549594,0.21732273049170203,1,-69.34752691537142,-70.12034023553133,-94.50879555382568,-92.89105883857687,11,11
Ella thinks about herself talking to that actor.,Ella thinks about herself talks to that actor.,syntax/semantics,binding,principle_A_case_2,True,True,False,False,608,1.9331673842361083,1.5924715157013793,0.340695868534729,1,-58.733282804489136,-64.226238489151,-78.06495664685022,-80.1509536461648,10,10
The Lutherans think about themselves questioning Janice.,The Lutherans think about themselves questioned Janice.,syntax/semantics,binding,principle_A_case_2,True,True,False,False,609,1.3302299549806662,1.5822043634949836,-0.2519744085143174,0,-75.22675907611847,-71.9555116891861,-88.52905862592513,-87.77755532413593,10,10
Carol thinks about herself insulting Allison.,Carol thinks about herself insulted Allison.,syntax/semantics,binding,principle_A_case_2,True,True,False,False,610,1.528811740029738,1.512616666489965,0.01619507353977312,1,-63.172935962677,-63.04231172800064,-75.4034298829149,-75.14324505992036,8,8
Lissa thought about herself referencing Tracy.,Lissa thought about herself references Tracy.,syntax/semantics,binding,principle_A_case_2,True,True,False,False,611,1.2822844570515244,0.9280374240579761,0.3542470329935483,1,-64.56420302391052,-64.64428269863129,-74.82247868032272,-72.0685820910951,8,8
Some senators can't think about themselves questioning Theodore.,Some senators can't think about themselves questioned Theodore.,syntax/semantics,binding,principle_A_case_2,True,True,False,False,612,2.3895022005182454,2.403317190926484,-0.013814990408238526,0,-61.46324098110199,-60.57358777523041,-85.35826298628444,-84.60675968449524,10,10
A boy hadn't thought about himself confusing Adam.,A boy hadn't thought about himself confused Adam.,syntax/semantics,binding,principle_A_case_2,True,True,False,False,613,1.575604152074888,1.532012641750714,0.043591510324173965,1,-64.01118360832334,-63.10113679245114,-79.76722512907222,-78.42126320995828,10,10
George thought about himself working with Bruce.,George thought about himself worked with Bruce.,syntax/semantics,binding,principle_A_case_2,True,True,False,False,614,1.8083614675038575,1.5259670936357814,0.2823943738680761,1,-49.82239496707916,-52.37192237377167,-64.28928670711002,-64.57965912285792,8,8
Jennifer had thought about herself curing Ellen.,Jennifer had thought about herself cured Ellen.,syntax/semantics,binding,principle_A_case_2,True,True,False,False,615,1.355110959013924,1.6445414953129749,-0.2894305362990508,0,-61.22337365150452,-56.98291265964508,-72.06426132361591,-70.13924462214888,8,8
Lucille wouldn't forget about herself running around a lot of grocery stores.,Lucille wouldn't forget about herself ran around a lot of grocery stores.,syntax/semantics,binding,principle_A_case_2,True,True,False,False,616,2.8506510532223936,2.485037032114519,0.36561402110787444,1,-81.67823255062103,-87.10480207204819,-124.43799834895694,-124.38035755376598,15,15
Most women forget about themselves disagreeing with Sharon.,Most women forget about themselves disagreed with Sharon.,syntax/semantics,binding,principle_A_case_2,True,True,False,False,617,1.9190517568771697,2.0392447983973816,-0.12019304152021193,0,-67.76941919326782,-63.049773931503296,-86.95993676203952,-81.40297711707973,10,9
Theresa does think about herself attacking Bradley.,Theresa does think about herself attacked Bradley.,syntax/semantics,binding,principle_A_case_2,True,True,False,False,618,1.3241571709586581,1.3909976996833047,-0.06684052872464652,0,-66.64639949798584,-64.97034907341003,-78.56381403661376,-77.48932837055978,9,9
All libraries were forgetting about themselves appreciating a lot of museums.,All libraries were forgetting about themselves appreciated a lot of museums.,syntax/semantics,binding,principle_A_case_2,True,True,False,False,619,2.550853812754151,2.1238639901295144,0.4269898226246367,1,-80.1671113371849,-76.9666930437088,-113.32821090298887,-102.45306092526297,13,12
Those patients think about themselves irritating Andrew.,Those patients think about themselves irritate Andrew.,syntax/semantics,binding,principle_A_case_2,True,True,False,False,620,1.3732790986892596,2.0452531957005817,-0.6719740970113222,0,-62.10551381111145,-63.65160655975342,-73.09174660062553,-82.05888532105865,8,9
Keith thought about himself praising Gerald.,Keith thought about himself praised Gerald.,syntax/semantics,binding,principle_A_case_2,True,True,False,False,621,1.2611328327976017,1.0201217251986634,0.2410111075989383,1,-56.512667417526245,-56.50923943519592,-65.34059724710946,-63.65009151158657,7,7
Gerald forgets about himself talking about Paula.,Gerald forgets about himself talks about Paula.,syntax/semantics,binding,principle_A_case_2,True,True,False,False,622,2.960059481485189,2.8099259803897296,0.1501335010954592,1,-60.08265805244446,-63.66999006271362,-89.68325286729635,-91.76924986661092,10,10
Heather thinks about herself complaining about James.,Heather thinks about herself complained about James.,syntax/semantics,binding,principle_A_case_2,True,True,False,False,623,2.181865496864197,1.7765956129908602,0.40526988387333684,1,-57.89965492486954,-61.522350549697876,-77.53644439664731,-77.51171106661562,9,9
Those actors weren't thinking about themselves boasting about Peter.,Those actors weren't thinking about themselves boasted about Peter.,syntax/semantics,binding,principle_A_case_2,True,True,False,False,624,2.9004912463733152,2.5201485942517574,0.3803426521215578,1,-64.77722096443176,-68.46939587593079,-96.68262467453823,-96.19103041270012,11,11
Robert isn't thinking about himself climbing down every ladder.,Robert isn't thinking about himself climbed down every ladder.,syntax/semantics,binding,principle_A_case_2,True,True,False,False,625,2.472981345278333,2.1690082172538663,0.30397312802446663,1,-62.69906057789922,-65.98413052037358,-89.90185537596088,-89.84322091016611,11,11
Karla didn't imagine herself praising Pamela.,Karla didn't imagine herself praises Pamela.,syntax/semantics,binding,principle_A_case_2,True,True,False,False,626,2.1300242252521695,1.5241550542743343,0.6058691709778352,1,-66.86714442260563,-71.96255155093968,-86.03736244987516,-85.67994703940869,9,9
The customers imagine themselves escaping from Rodney.,The customers imagine themselves escape from Rodney.,syntax/semantics,binding,principle_A_case_2,True,True,False,False,627,1.8005695703470188,1.4309091950569552,0.36966037529006357,1,-59.23263204097748,-59.80979037284851,-73.63718860375363,-71.25706393330415,8,8
Marie thinks about herself exiting the movie theater.,Marie thinks about herself exited the movie theater.,syntax/semantics,binding,principle_A_case_2,True,True,False,False,628,2.2573308311341784,1.9441045116843094,0.313226319449869,1,-61.577707290649414,-63.96930015087128,-81.89368477085702,-81.46624075603006,9,9
Amy thought about herself appreciating a man.,Amy thought about herself appreciates a man.,syntax/semantics,binding,principle_A_case_2,True,True,False,False,629,2.2971635234984262,2.385908103718208,-0.08874458021978171,0,-52.872934460639954,-51.886937499046326,-73.54740617212579,-73.3601104325102,9,9
Michelle is thinking about herself exploring that school.,Michelle is thinking about herself explores that school.,syntax/semantics,binding,principle_A_case_2,True,True,False,False,630,2.3900265118039195,1.8313396892474556,0.5586868225564638,1,-51.04423427581787,-57.39187002182007,-72.55447288205315,-73.87392722504717,9,9
Timothy had thought about himself looking like a lot of paintings.,Timothy had thought about himself looks like a lot of paintings.,syntax/semantics,binding,principle_A_case_2,True,True,False,False,631,2.9244491593258166,2.814175956762448,0.11027320256336859,1,-62.561848640441895,-63.69927316904068,-100.57968771167751,-100.2835606069525,13,13
The children think about themselves describing Monet.,The children think about themselves describe Monet.,syntax/semantics,binding,principle_A_case_2,True,True,False,False,632,1.4850188238405653,1.2434732905205566,0.24154553332000872,1,-60.77026319503784,-61.63175678253174,-74.13543260960293,-72.82301639721675,9,9
Vanessa had thought about herself discovering every convertible.,Vanessa had thought about herself discovers every convertible.,syntax/semantics,binding,principle_A_case_2,True,True,False,False,633,2.336763554503918,1.9798029341777947,0.3569606203261231,1,-70.26107215881348,-74.24841356277466,-93.62870770385265,-94.0464429045526,10,10
Kirsten imagines herself listening to Daniel.,Kirsten imagines herself listens to Daniel.,syntax/semantics,binding,principle_A_case_2,True,True,False,False,634,2.88040709733761,3.0617300602644493,-0.18132296292683936,0,-63.657234221696854,-64.37263405323029,-92.46130519507295,-94.98993465587478,10,10
Marla doesn't think about herself talking about Marcus.,Marla doesn't think about herself talked about Marcus.,syntax/semantics,binding,principle_A_case_2,True,True,False,False,635,2.8002766191658126,2.5657518681313563,0.23452475103445636,1,-57.48182760365307,-61.58492815680802,-88.28487041447701,-89.80819870625294,11,11
Amanda imagines herself lifting that cart.,Amanda imagines herself lifted that cart.,syntax/semantics,binding,principle_A_case_2,True,True,False,False,636,2.30661101712673,2.3405035614581333,-0.03389254433140332,0,-64.99137043952942,-63.667407274246216,-85.75086959366999,-84.73193932736942,9,9
Some girls imagine themselves boasting about Gary.,Some girls imagine themselves boasted about Gary.,syntax/semantics,binding,principle_A_case_2,True,True,False,False,637,2.1391063083839086,1.733020585377048,0.40608572300686063,1,-57.214794874191284,-59.97188639640808,-74.32764534126255,-73.83605107942446,8,8
Men think about themselves arguing about politics.,Men think about themselves argued about politics.,syntax/semantics,binding,principle_A_case_2,True,True,False,False,638,2.573166041633545,2.1560933271275893,0.41707271450595584,1,-47.67539703845978,-50.920469522476196,-68.26072537152814,-68.16921613949691,8,8
The patients imagined themselves descending most ladders.,The patients imagined themselves descend most ladders.,syntax/semantics,binding,principle_A_case_2,True,True,False,False,639,2.385331062829999,2.2143426385633993,0.17098842426659955,1,-63.168089747428894,-64.4277423620224,-84.63606931289888,-84.35682610909299,9,9
Many actors didn't think about themselves boasting about Scott.,Many actors didn't think about themselves boasted about Scott.,syntax/semantics,binding,principle_A_case_2,True,True,False,False,640,2.7693501278585355,2.384261786431585,0.38508834142695036,1,-62.72401357628405,-66.46839107014239,-93.18686498272794,-92.69527072088982,11,11
Most schools think about themselves impressing Cindy.,Most schools think about themselves impressed Cindy.,syntax/semantics,binding,principle_A_case_2,True,True,False,False,641,1.730756190219299,1.311573992575223,0.41918219764407594,1,-67.8418083190918,-61.3683066368103,-83.41861403106549,-71.86089857741209,9,8
Some waitress isn't thinking about herself cleaning many plates.,Some waitress isn't thinking about herself cleans many plates.,syntax/semantics,binding,principle_A_case_2,True,True,False,False,642,2.039740260725557,1.7371306716005004,0.3026095891250564,1,-72.8270313963294,-78.10331322997808,-95.26417426431053,-97.21175061758359,11,11
Tracy had thought about herself exploring some closet.,Tracy had thought about herself explores some closet.,syntax/semantics,binding,principle_A_case_2,True,True,False,False,643,1.995553594877731,1.6857457847771116,0.3098078101006194,1,-66.95131313800812,-71.36884558200836,-86.90684908678543,-88.22630342977948,10,10
Nancy forgets about herself working with Todd.,Nancy forgets about herself works with Todd.,syntax/semantics,binding,principle_A_case_2,True,True,False,False,644,2.368869682883269,1.9674367982741614,0.40143288460910775,1,-64.38463079929352,-68.90752649307251,-88.07332762812621,-88.58189447581412,10,10
Julie imagined herself annoying Renee.,Julie imagined herself annoyed Renee.,syntax/semantics,binding,principle_A_case_2,True,True,False,False,645,2.68037367286178,2.77004630612889,-0.08967263326711006,0,-54.987687826156616,-54.386311531066895,-76.43067720905086,-76.54668198009801,8,8
The associations forget about themselves arguing about Dawn.,The associations forget about themselves argue about Dawn.,syntax/semantics,binding,principle_A_case_2,True,True,False,False,646,1.65723746335382,1.4716911583240535,0.18554630502976655,1,-65.44617927074432,-66.62053310871124,-80.3613164409287,-79.86575353362772,9,9
Debra can forget about herself hugging Jeffrey.,Debra can forget about herself hugs Jeffrey.,syntax/semantics,binding,principle_A_case_2,True,True,False,False,647,1.2830155852958631,1.2626780007005733,0.02033758459528978,1,-70.82031309604645,-70.97798001766205,-82.36745336370922,-82.34208202396721,9,9
The Borgias couldn't think about themselves admiring Gregory.,The Borgias couldn't think about themselves admire Gregory.,syntax/semantics,binding,principle_A_case_2,True,True,False,False,648,2.589792700825607,1.9121119854369872,0.6776807153886197,1,-76.0666871741414,-75.11335498839617,-107.14419958404869,-96.14658682820303,12,11
Most drivers thought about themselves observing Claire.,Most drivers thought about themselves observed Claire.,syntax/semantics,binding,principle_A_case_2,True,True,False,False,649,1.4502839305813424,1.111327888211033,0.3389560423703095,1,-63.42840015888214,-64.18120419979095,-75.03067160353288,-73.07182730547922,8,8
Wayne imagined himself walking through many grocery stores.,Wayne imagined himself walked through many grocery stores.,syntax/semantics,binding,principle_A_case_2,True,True,False,False,650,2.058651330549748,2.073686183728614,-0.015034853178866214,0,-74.03747653961182,-73.85638082027435,-94.62398984510929,-94.5932426575605,10,10
Mark wouldn't forget about himself questioning Jerry.,Mark wouldn't forget about himself questions Jerry.,syntax/semantics,binding,principle_A_case_2,True,True,False,False,651,2.372677047481384,1.9050390136606457,0.46763803382073843,1,-55.22274151444435,-57.09243753552437,-76.57683494177681,-74.23778865847018,9,9
Theodore imagines himself astounding these children.,Theodore imagines himself astounded these children.,syntax/semantics,binding,principle_A_case_2,True,True,False,False,652,1.8502322210118285,3.0112574118181983,-1.1610251908063698,0,-69.65688800811768,-65.70017123222351,-86.30897799722413,-95.81274535040549,9,10
Elaine can imagine herself descending all steps.,Elaine can imagine herself descended all steps.,syntax/semantics,binding,principle_A_case_2,True,True,False,False,653,1.2751024634941013,1.1929611432583158,0.08214132023578546,1,-69.51217818260193,-69.18799579143524,-80.98810035404884,-79.92464608076008,9,9
Gary imagines himself climbing down stairs.,Gary imagines himself climbs down stairs.,syntax/semantics,binding,principle_A_case_2,True,True,False,False,654,2.7047841337420344,2.8665709035277693,-0.16178676978573492,0,-55.34770917892456,-55.26296138763428,-76.98598224886084,-78.19552861585643,8,8
That waitress hadn't forgotten about herself insulting Holly.,That waitress hadn't forgotten about herself insults Holly.,syntax/semantics,binding,principle_A_case_2,True,True,False,False,655,1.860823542127207,1.7105759857232443,0.1502475564039627,1,-73.21213746070862,-75.01495349407196,-91.82037288198069,-92.1207133513044,10,10
Gary thinks about himself hiding some mouth.,Gary thinks about himself hid some mouth.,syntax/semantics,binding,principle_A_case_2,True,True,False,False,656,1.5820019865428314,1.1615701655078041,0.4204318210350273,1,-54.85113859176636,-59.3122421503067,-67.50715448410901,-68.60480347436913,8,8
David thinks about himself dropping by some college campuses.,David thinks about himself drops by some college campuses.,syntax/semantics,binding,principle_A_case_2,True,True,False,False,657,1.2036870209812691,1.1621369709009315,0.04155005008033763,1,-76.75164306163788,-76.42789304256439,-88.78851327145057,-88.0492627515737,10,10
Tonya has forgotten about herself climbing down most stairs.,Tonya has forgotten about herself climbs down most stairs.,syntax/semantics,binding,principle_A_case_2,True,True,False,False,658,0.8599402690725035,0.7191234107218143,0.14081685835068924,1,-81.99240756034851,-84.75093936920166,-91.45175052014605,-92.66129688714162,11,11
Benjamin has thought about himself stunning Stephen.,Benjamin has thought about himself stunned Stephen.,syntax/semantics,binding,principle_A_case_2,True,True,False,False,659,2.246657362279867,2.43119189593021,-0.18453453365034322,0,-62.03006207942963,-59.83501756191254,-82.24997833994843,-81.71574462528443,9,9
Debra forgets about herself finding Tiffany.,Debra forgets about herself finds Tiffany.,syntax/semantics,binding,principle_A_case_2,True,True,False,False,660,1.6140017420935413,1.4326312570198165,0.18137048507372477,1,-72.21404695510864,-74.3667345046997,-86.74006263395052,-87.26041581787806,9,9
Most students imagine themselves breaking the glasses.,Most students imagine themselves broke the glasses.,syntax/semantics,binding,principle_A_case_2,True,True,False,False,661,1.6478034788229188,1.4478508664129563,0.19995261240996243,1,-56.86140418052673,-57.19726896286011,-70.04383201111008,-68.78007589416376,8,8
Those ladies haven't forgotten about themselves exiting Spain.,Those ladies haven't forgotten about themselves exit Spain.,syntax/semantics,binding,principle_A_case_2,True,True,False,False,662,2.6838901935486406,2.1007751188920536,0.583115074656587,1,-64.11947053298354,-66.8356255851686,-90.95837246846995,-87.84337677408914,10,10
Carlos hadn't thought about himself breaking most unicycles.,Carlos hadn't thought about himself breaks most unicycles.,syntax/semantics,binding,principle_A_case_2,True,True,False,False,663,2.299635672454667,2.1725078277584022,0.1271278446962647,1,-86.04779882729053,-88.41070242226124,-115.9430625692012,-116.65330418312047,13,13
Gary thinks about himself ascending this hill.,Gary thinks about himself ascended this hill.,syntax/semantics,binding,principle_A_case_2,True,True,False,False,664,1.2877330979502517,1.178945596491701,0.10878750145855065,1,-60.85878086090088,-60.97893047332764,-71.16064564450289,-70.41049524526125,8,8
Mary hasn't thought about herself noticing Adam.,Mary hasn't thought about herself noticed Adam.,syntax/semantics,binding,principle_A_case_2,True,True,False,False,665,2.262221568428951,1.841724723685306,0.4204968447436448,1,-56.44449953734875,-58.031303986907005,-76.8044936532093,-74.60682650007476,9,9
Deborah hadn't imagined herself skated around a glacier.,Deborah hadn't imagined herself skates around a glacier.,syntax/semantics,binding,principle_A_case_2,True,True,False,False,666,2.7122380227897858,2.8847549253503666,-0.17251690256058083,0,-78.92001713067293,-77.09969640523195,-111.46687340415036,-111.71675550943635,12,12
Emily wasn't thinking about herself lifting some bread.,Emily wasn't thinking about herself lifts some bread.,syntax/semantics,binding,principle_A_case_2,True,True,False,False,667,2.795462040639123,2.26667728152554,0.528784759113583,1,-55.17290164902806,-60.541874784976244,-83.12752205541929,-83.20864760023164,10,10
Maria had thought about herself arriving at some hospitals.,Maria had thought about herself arrived at some hospitals.,syntax/semantics,binding,principle_A_case_2,True,True,False,False,668,1.8731676041614151,1.691065201372845,0.18210240278857004,1,-64.29123711585999,-64.08078157901764,-83.02291315747414,-80.99143359274609,10,10
Larry has imagined himself disturbing David.,Larry has imagined himself disturbs David.,syntax/semantics,binding,principle_A_case_2,True,True,False,False,669,1.8410116161998278,2.2421216517113614,-0.40111003551153357,0,-53.25556421279907,-60.90779364109039,-66.14264552619787,-78.84476685478128,7,8
Sally hadn't imagined herself questioning John.,Sally hadn't imagined herself questions John.,syntax/semantics,binding,principle_A_case_2,True,True,False,False,670,1.8005459002580249,1.4410272084994946,0.35951869175853024,1,-62.937812343705446,-63.83443428622559,-79.14272544602767,-76.80367916272104,9,9
Steve forgot about himself climbing up some ladders.,Steve forgot about himself climbed up some ladders.,syntax/semantics,binding,principle_A_case_2,True,True,False,False,671,2.3803505240920515,2.0598980777643447,0.32045244632770675,1,-61.41504919528961,-64.56093919277191,-85.21855443621013,-85.15991997041536,10,10
Karen thought about herself disagreeing with Mark.,Karen thought about herself disagrees with Mark.,syntax/semantics,binding,principle_A_case_2,True,True,False,False,672,1.6751277703234393,1.9906851870386915,-0.31555741671525217,0,-64.53023219108582,-58.77973407506943,-81.28150989432021,-76.69590075841765,10,9
Alicia was thinking about herself worrying Rebecca.,Alicia was thinking about herself worried Rebecca.,syntax/semantics,binding,principle_A_case_2,True,True,False,False,673,2.4137422088337503,2.3447358761982144,0.0690063326355359,1,-60.951852917671204,-59.94182217121124,-85.0892750060087,-83.38918093319339,10,10
Connie thinks about herself watching Richard.,Connie thinks about herself watches Richard.,syntax/semantics,binding,principle_A_case_2,True,True,False,False,674,2.0365846212709684,1.479373942218949,0.5572106790520195,1,-55.34778070449829,-60.47574472427368,-71.64045767466604,-72.31073626202527,8,8
Eric wasn't imagining himself cleaning every cake.,Eric wasn't imagining himself cleaned every cake.,syntax/semantics,binding,principle_A_case_2,True,True,False,False,675,2.0896502879877263,2.0705680373954434,0.019082250592282968,1,-61.99080753326416,-62.56413584947586,-80.7976601251537,-81.19924818603485,9,9
Most guys think about themselves disturbing Galileo.,Most guys think about themselves disturbed Galileo.,syntax/semantics,binding,principle_A_case_2,True,True,False,False,676,1.6850136390458559,1.501682125495421,0.18333151355043498,1,-59.54434013366699,-60.223657846450806,-73.02444924603384,-72.23711485041417,8,8
Some guys think about themselves embarrassing Connie.,Some guys think about themselves embarrass Connie.,syntax/semantics,binding,principle_A_case_2,True,True,False,False,677,1.4586024984036179,1.7102885249988233,-0.25168602659520545,0,-58.992555260658264,-57.85083270072937,-70.66137524788721,-71.53314090071996,8,8
Boys think about themselves running around the Great Lakes.,Boys think about themselves ran around the Great Lakes.,syntax/semantics,binding,principle_A_case_2,True,True,False,False,678,2.85666192905762,2.372713708764908,0.4839482202927119,1,-56.95305812358856,-62.21884775161743,-88.37633934322238,-88.31869854803142,11,11
Andrew thought about himself climbing up steps.,Andrew thought about himself climbed up steps.,syntax/semantics,binding,principle_A_case_2,True,True,False,False,679,1.507895155943853,1.2915672272094056,0.21632792873444728,1,-54.294710636138916,-55.96669960021973,-66.35787188368974,-66.29923741789497,8,8
Daniel thinks about himself admiring a lot of sweaters.,Daniel thinks about himself admires a lot of sweaters.,syntax/semantics,binding,principle_A_case_2,True,True,False,False,680,3.2800004054779444,2.9371956331856572,0.3428047722922871,1,-66.22637689113617,-70.90131497383118,-105.5863817568715,-106.14766257205906,12,12
Naomi could think about herself breaking a convertible.,Naomi could think about herself breaks a convertible.,syntax/semantics,binding,principle_A_case_2,True,True,False,False,681,2.087709091117529,1.836223606093742,0.25148548502378687,1,-65.60129010677338,-68.82638657093048,-86.47838101794866,-87.1886226318679,10,10
The Impressionists aren't forgetting about themselves praising a pedestrian.,The Impressionists aren't forgetting about themselves praised a pedestrian.,syntax/semantics,binding,principle_A_case_2,True,True,False,False,682,3.434208533996814,3.1784600425532075,0.25574849144360634,1,-77.07538013160229,-78.7096047848463,-121.72009107356087,-120.029585338038,13,13
Jeffrey should imagine himself scaring some student.,Jeffrey should imagine himself scared some student.,syntax/semantics,binding,principle_A_case_2,True,True,False,False,683,2.74175777181149,1.91183785961051,0.8299199122009802,1,-64.36677694320679,-63.750327467918396,-91.78435466132169,-80.95686820441298,10,9
Monica thinks about herself revealing Walter.,Monica thinks about herself reveals Walter.,syntax/semantics,binding,principle_A_case_2,True,True,False,False,684,1.7949638302990927,1.7017695194386633,0.0931943108604294,1,-62.13360619544983,-62.79214930534363,-76.49331683784257,-76.40630546085293,8,8
Patrick imagined himself describing Mitchell.,Patrick imagined himself described Mitchell.,syntax/semantics,binding,principle_A_case_2,True,True,False,False,685,0.8348416327643081,0.8886184431747578,-0.05377681041044968,0,-56.488795042037964,-54.36709713935852,-61.49784483862381,-59.69880779840707,6,6
Debra is imagining herself looking like these photographs.,Debra is imagining herself looked like these photographs.,syntax/semantics,binding,principle_A_case_2,True,True,False,False,686,2.3968181779273126,2.2922125079329247,0.1046056699943878,1,-63.14222574234009,-64.31052207946777,-87.11040752161321,-87.23264715879702,10,10
Many waiters think about themselves going to every mountain.,Many waiters think about themselves go to every mountain.,syntax/semantics,binding,principle_A_case_2,True,True,False,False,687,0.9616789252714905,0.9186482684339358,0.04303065683755469,1,-73.90571689605713,-73.81538105010986,-84.48418507404352,-83.92051200288316,11,11
Sara is imagining herself running around some library.,Sara is imagining herself ran around some library.,syntax/semantics,binding,principle_A_case_2,True,True,False,False,688,1.987603293023963,1.4271940447235862,0.5604092483003769,1,-63.890705704689026,-69.43715739250183,-83.76673863492866,-83.7090978397377,10,10
Ann forgot about herself firing Caroline.,Ann forgot about herself fires Caroline.,syntax/semantics,binding,principle_A_case_2,True,True,False,False,689,0.9283915031608204,0.42212651675751445,0.506264986403306,1,-57.217170000076294,-60.63269639015198,-63.71591052220204,-63.58758200745458,7,7
Most teenagers think about themselves shocking Becca.,Most teenagers think about themselves shock Becca.,syntax/semantics,binding,principle_A_case_2,True,True,False,False,690,2.2998061019964826,1.8035940890128093,0.49621201298367335,1,-65.42014575004578,-68.03311324119568,-86.11840066801412,-84.26546004231096,9,9
The waitresses forget about themselves annoying Debra.,The waitresses forget about themselves annoy Debra.,syntax/semantics,binding,principle_A_case_2,True,True,False,False,691,1.1904898802747312,1.2403212370410928,-0.04983135676636152,0,-78.35910058021545,-78.46893286705017,-90.26399938296277,-90.8721452374611,10,10
Senators weren't imagining themselves impressing Kevin.,Senators weren't imagining themselves impressed Kevin.,syntax/semantics,binding,principle_A_case_2,True,True,False,False,692,2.332484957502524,2.1164356526747414,0.2160493048277825,1,-77.9421754553914,-70.6613887026906,-101.26702503041665,-89.70930957676327,10,9
Florence couldn't imagine herself approaching a waiter.,Florence couldn't imagine herself approaches a waiter.,syntax/semantics,binding,principle_A_case_2,True,True,False,False,693,3.3137651352131923,2.9583875553172962,0.355377579895896,1,-63.09210905060172,-68.37127801403403,-99.54352553794683,-100.9135411225243,11,11
Adults think about themselves noticing the prints.,Adults think about themselves noticed the prints.,syntax/semantics,binding,principle_A_case_2,True,True,False,False,694,2.0966072041445676,1.8018892530306327,0.29471795111393484,1,-60.188254833221436,-60.643049240112305,-79.05771967052254,-76.860052517388,9,9
Teresa thought about herself hiding Anne.,Teresa thought about herself hides Anne.,syntax/semantics,binding,principle_A_case_2,True,True,False,False,695,1.7926124289797123,1.2772624940827448,0.5153499348969675,1,-58.44125986099243,-64.7902261018753,-72.78215929283013,-75.00832605453726,8,8
Most children think about themselves revealing Kristen.,Most children think about themselves reveal Kristen.,syntax/semantics,binding,principle_A_case_2,True,True,False,False,696,1.8096986006509077,1.8872912755660067,-0.07759267491509902,0,-57.776312828063965,-56.14937496185303,-72.25390163327123,-71.24770516638108,8,8
Every woman wouldn't think about herself helping Walter.,Every woman wouldn't think about herself helps Walter.,syntax/semantics,binding,principle_A_case_2,True,True,False,False,697,2.190877859045236,1.6846156606539893,0.5062621983912465,1,-59.49339481815696,-64.8620147369802,-81.40217340860931,-81.70817134352009,10,10
Colleen has imagined herself hurting Sheila.,Colleen has imagined herself hurt Sheila.,syntax/semantics,binding,principle_A_case_2,True,True,False,False,698,1.9377260073675657,2.158807026206201,-0.2210810188386354,0,-64.43376648426056,-60.169379353523254,-79.93557454320108,-77.43983556317286,8,8
Those hospitals forget about themselves concealing Theodore.,Those hospitals forget about themselves concealed Theodore.,syntax/semantics,binding,principle_A_case_2,True,True,False,False,699,2.3462521501039237,1.491617373831275,0.8546347762726487,1,-67.73861646652222,-64.53156876564026,-88.85488581745753,-76.46450775629046,9,8
Jessica is thinking about herself dropping by some cafes.,Jessica is thinking about herself dropped by some cafes.,syntax/semantics,binding,principle_A_case_2,True,True,False,False,700,2.0135648944138693,2.0215624497018267,-0.007997555287957425,0,-66.2931216955185,-64.59357643127441,-86.42877063965719,-84.80920092829268,10,10
Paul hadn't thought about himself hugging Diana.,Paul hadn't thought about himself hugs Diana.,syntax/semantics,binding,principle_A_case_2,True,True,False,False,701,2.114033460031089,1.6360834139218525,0.4779500461092363,1,-58.305255614221096,-62.581434689462185,-77.3315567545009,-77.30618541475886,9,9
The universities forget about themselves describing Brian.,The universities forget about themselves describe Brian.,syntax/semantics,binding,principle_A_case_2,True,True,False,False,702,0.9540520208144301,0.630664619434004,0.3233874013804261,1,-63.8188910484314,-65.09357404708862,-71.45130721494684,-70.13889100256065,8,8
Travis hadn't thought about himself investigating the Lutherans.,Travis hadn't thought about himself investigates the Lutherans.,syntax/semantics,binding,principle_A_case_2,True,True,False,False,703,2.035532217513366,1.790141169687698,0.24539104782566779,1,-78.5749322399497,-84.07520642131567,-103.0013188501101,-105.55690045756805,12,12
A lot of women think about themselves concealing Larry.,A lot of women think about themselves concealed Larry.,syntax/semantics,binding,principle_A_case_2,True,True,False,False,704,2.43294045049222,1.7444941039659825,0.6884463465262374,1,-64.03944292664528,-60.966468781232834,-90.8017878820597,-78.41140982089266,11,10
Gregory hasn't thought about himself buying this screen.,Gregory hasn't thought about himself buys this screen.,syntax/semantics,binding,principle_A_case_2,True,True,False,False,705,2.4258767334478417,2.264430625449695,0.16144610799814663,1,-65.431719571352,-68.7822987139225,-92.11636363927826,-93.69103559386915,11,11
Veronica thought about herself approaching Rebecca.,Veronica thought about herself approached Rebecca.,syntax/semantics,binding,principle_A_case_2,True,True,False,False,706,1.7868478810353174,1.502634718403069,0.2842131626322484,1,-62.14984965324402,-64.37333750724792,-76.44463270152656,-76.39441525447248,8,8
Rose thought about herself researching those legislatures.,Rose thought about herself researches those legislatures.,syntax/semantics,binding,principle_A_case_2,True,True,False,False,707,1.3375317240295068,1.3870930928782583,-0.04956136884875151,0,-65.77797389030457,-74.49155473709106,-76.47822768254062,-86.97539257299539,8,9
Some woman is thinking about herself worrying Marie.,Some woman is thinking about herself worried Marie.,syntax/semantics,binding,principle_A_case_2,True,True,False,False,708,2.1887521593540544,2.0816299402157608,0.10712221913829367,1,-56.04081863164902,-55.30482453107834,-75.7395880658355,-74.03949399302019,9,9
The doctors think about themselves listening to Larry.,The doctors think about themselves listened to Larry.,syntax/semantics,binding,principle_A_case_2,True,True,False,False,709,1.8984177256039882,1.730252948363083,0.16816477724090517,1,-53.20938616991043,-55.198951840400696,-70.29514570034632,-70.77122837566844,9,9
Victoria thought about herself upsetting Tanya.,Victoria thought about herself upset Tanya.,syntax/semantics,binding,principle_A_case_2,True,True,False,False,710,1.9336261280677327,1.8994336715966647,0.034192456471068056,1,-58.98152482509613,-56.67685079574585,-74.45053384963799,-71.87232016851917,8,8
Rebecca imagines herself fleeing from Raymond.,Rebecca imagines herself fled from Raymond.,syntax/semantics,binding,principle_A_case_2,True,True,False,False,711,2.7432792992541093,2.8839843187227814,-0.1407050194686721,0,-66.59783065319061,-63.46934521198273,-91.2873443464776,-89.42520408048776,9,9
Lisa was thinking about herself bringing many doors.,Lisa was thinking about herself brought many doors.,syntax/semantics,binding,principle_A_case_2,True,True,False,False,712,2.2668533434992986,1.7911843953217972,0.4756689481775014,1,-54.45078909397125,-57.01154041290283,-74.85246918546494,-73.13219997079901,9,9
Brett imagines himself hugging Irene.,Brett imagines himself hugs Irene.,syntax/semantics,binding,principle_A_case_2,True,True,False,False,713,2.9383075912871846,2.7098291036428495,0.2284784876443351,1,-62.55855345726013,-64.58948850631714,-89.00332177884479,-88.97795043910278,9,9
A lot of patients think about themselves scaring Colleen.,A lot of patients think about themselves scare Colleen.,syntax/semantics,binding,principle_A_case_2,True,True,False,False,714,2.2908446288811226,2.0123502266780418,0.27849440220308086,1,-73.67676857113838,-69.34342530369759,-101.16690411771185,-91.47927779715604,12,11
Many banks are forgetting about themselves astounding Eric.,Many banks are forgetting about themselves astounded Eric.,syntax/semantics,binding,principle_A_case_2,True,True,False,False,715,1.5040111770218958,2.360782963918851,-0.8567717868969551,0,-71.73953008651733,-71.17156839370728,-85.2756306797144,-94.77939803289578,9,10
Matt forgets about himself observing Melinda.,Matt forgets about himself observed Melinda.,syntax/semantics,binding,principle_A_case_2,True,True,False,False,716,2.4373132569439013,2.0948513007421417,0.3424619562017597,1,-66.5082129240036,-67.63152623176575,-88.44403223649871,-86.48518793844502,9,9
Wayne has forgotten about himself watching Wayne.,Wayne has forgotten about himself watched Wayne.,syntax/semantics,binding,principle_A_case_2,True,True,False,False,717,2.1958694554427294,1.6428799989497331,0.5529894564929962,1,-59.58579432964325,-65.05416703224182,-79.34861942862781,-79.84008702278942,9,9
Paula has thought about herself disturbing most waitresses.,Paula has thought about herself disturbed most waitresses.,syntax/semantics,binding,principle_A_case_2,True,True,False,False,718,1.0144446733401262,1.1315607495302695,-0.1171160761901433,0,-82.69737780094147,-80.62176656723022,-93.85626920768286,-93.06893481206319,11,11
Rebecca wasn't thinking about herself listening to Wayne.,Rebecca wasn't thinking about herself listened to Wayne.,syntax/semantics,binding,principle_A_case_2,True,True,False,False,719,3.3117790438404313,2.8792631998298672,0.4325158440105641,1,-56.43995746597648,-61.6737144254148,-92.86952694822122,-93.34560962354334,11,11
The girls are thinking about themselves thinking about Julie.,The girls are thinking about themselves think about Julie.,syntax/semantics,binding,principle_A_case_2,True,True,False,False,720,3.2132671241063093,2.676470928873923,0.5367961952323865,1,-45.89979809522629,-48.630745470523834,-78.03246933628938,-75.39545475926306,10,10
Actors should forget about themselves taking fish.,Actors should forget about themselves took fish.,syntax/semantics,binding,principle_A_case_2,True,True,False,False,721,2.201139608837388,1.763261896466929,0.4378777123704589,1,-56.00208377838135,-59.160600662231445,-75.81234025791784,-75.02995773043381,9,9
Gregory was imagining himself attacking Andrew.,Gregory was imagining himself attacks Andrew.,syntax/semantics,binding,principle_A_case_2,True,True,False,False,722,2.5555360855865246,2.276480352288498,0.27905573329802635,1,-56.33776664733887,-57.920921325683594,-76.78205533203106,-76.13276414399158,8,8
The Impressionists didn't think about themselves cleaning the malls.,The Impressionists didn't think about themselves cleaned the malls.,syntax/semantics,binding,principle_A_case_2,True,True,False,False,723,3.078735755768721,2.9599844116400766,0.1187513441286443,1,-72.46377277746797,-74.4091283120215,-112.48733760246134,-112.88892566334249,13,13
Many guys forget about themselves boycotting these committees.,Many guys forget about themselves boycott these committees.,syntax/semantics,binding,principle_A_case_2,True,True,False,False,724,2.4110447835086233,1.6009519514454698,0.8100928320631535,1,-71.19264900684357,-69.98021960258484,-95.3030968419298,-84.38878716559407,10,9
Wendy thought about herself approaching Suzanne.,Wendy thought about herself approached Suzanne.,syntax/semantics,binding,principle_A_case_2,True,True,False,False,725,2.0361963789486057,1.9241003543545976,0.11209602459400814,1,-59.05694317817688,-60.01558995246887,-77.38271058871433,-77.33249314166025,9,9
Jill forgot about herself leaving many cashiers.,Jill forgot about herself leaves many cashiers.,syntax/semantics,binding,principle_A_case_2,True,True,False,False,726,2.024992727275665,1.4938916392722348,0.5311010880034304,1,-66.91290438175201,-72.37051224708557,-87.16283165450866,-87.30942863980792,10,10
Elaine hasn't forgotten about herself walking through hills.,Elaine hasn't forgotten about herself walks through hills.,syntax/semantics,binding,principle_A_case_2,True,True,False,False,727,2.5972950738775826,2.131870605388369,0.4654244684892137,1,-67.43509256560355,-73.08781552035362,-96.00533837825697,-96.53839217962567,11,11
These children imagine themselves selling the window.,These children imagine themselves sold the window.,syntax/semantics,binding,principle_A_case_2,True,True,False,False,728,1.4448750279498306,1.340913911608176,0.1039611163416545,1,-54.44045567512512,-54.43047618865967,-65.99945589872377,-65.15778748152508,8,8
Many doctors think about themselves visiting Frank.,Many doctors think about themselves visit Frank.,syntax/semantics,binding,principle_A_case_2,True,True,False,False,729,1.9526988457114065,1.6270965274287192,0.32560231828268726,1,-54.21450209617615,-55.037944316864014,-69.8360928618674,-68.05471653629377,8,8
Ruth isn't forgetting about herself bringing a book.,Ruth isn't forgetting about herself brought a book.,syntax/semantics,binding,principle_A_case_2,True,True,False,False,730,2.137234718636307,1.8000356365185723,0.33719908211773486,1,-63.96225119382143,-65.95117188245058,-87.47183309882081,-85.75156388415488,11,11
Spain hadn't thought about itself worrying Linda.,Spain hadn't thought about itself worries Linda.,syntax/semantics,binding,principle_A_case_2,True,True,False,False,731,1.2348458246674139,0.965657279911789,0.2691885447556249,1,-69.78482053801417,-72.47392211481929,-80.8984329600209,-81.16483763402539,9,9
Most doctors forget about themselves approaching Becky.,Most doctors forget about themselves approached Becky.,syntax/semantics,binding,principle_A_case_2,True,True,False,False,732,1.6484102926454582,1.4167299966103855,0.23168029603507279,1,-60.45102334022522,-62.25424826145172,-73.63830568138889,-73.5880882343348,8,8
Scott doesn't imagine himself returning to Robert.,Scott doesn't imagine himself returned to Robert.,syntax/semantics,binding,principle_A_case_2,True,True,False,False,733,2.1770652397567383,2.123809329637797,0.05325591011894115,1,-54.4925107229501,-53.316846119239926,-74.08609788076075,-72.4311300859801,9,9
Jessica is thinking about herself examining those movies.,Jessica is thinking about herself examined those movies.,syntax/semantics,binding,principle_A_case_2,True,True,False,False,734,2.0390582280168794,1.5441040703399425,0.49495415767693696,1,-58.75701439380646,-62.632588028907776,-77.10853844595837,-76.52952466196726,9,9
Karla forgot about herself fixing every convertible.,Karla forgot about herself fixes every convertible.,syntax/semantics,binding,principle_A_case_2,True,True,False,False,735,0.7244079291380766,0.5573340080109088,0.1670739211271678,1,-80.4835455417633,-83.56638777256012,-87.003216904006,-88.5823938446583,9,9
Carolyn might forget about herself fleeing from many teenagers.,Carolyn might forget about herself fled from many teenagers.,syntax/semantics,binding,principle_A_case_2,True,True,False,False,736,2.548920658106562,2.3407440156409223,0.20817664246563972,1,-74.19413900375366,-74.62194180488586,-102.23226624292585,-100.37012597693601,11,11
Dan will forget about himself wearing every sock.,Dan will forget about himself wears every sock.,syntax/semantics,binding,principle_A_case_2,True,True,False,False,737,1.5641542205310215,1.2651998422263597,0.29895437830466176,1,-63.210140109062195,-67.4111967086792,-77.28752809384139,-78.79799528871644,9,9
Keith hasn't thought about himself admiring some pork.,Keith hasn't thought about himself admired some pork.,syntax/semantics,binding,principle_A_case_2,True,True,False,False,738,2.4994547709702704,1.7571199747927095,0.7423347961775608,1,-68.94522611889988,-68.41081689391285,-96.43922859957286,-85.98201664183995,11,10
Meredith imagined herself climbing up all hills.,Meredith imagined herself climbs up all hills.,syntax/semantics,binding,principle_A_case_2,True,True,False,False,739,1.8402258177294186,1.6430832343400066,0.19714258338941204,1,-61.14541244506836,-64.12924206256866,-77.70744480463313,-78.91699117162872,9,9
A museum forgets about itself listening to this senator.,A museum forgets about itself listens to this senator.,syntax/semantics,binding,principle_A_case_2,True,True,False,False,740,1.3876616925304317,1.188730928591334,0.1989307639390978,1,-78.29078143835068,-83.0076493024826,-93.55506005618543,-96.08368951698728,11,11
Aaron thinks about himself selling this projector.,Aaron thinks about himself sells this projector.,syntax/semantics,binding,principle_A_case_2,True,True,False,False,741,1.8083374337392222,1.6387027364973683,0.16963469724185387,1,-58.30550563335419,-61.097938776016235,-72.77220510326796,-74.20756066799518,8,8
Those boys shouldn't think about themselves shocking Marie.,Those boys shouldn't think about themselves shocked Marie.,syntax/semantics,binding,principle_A_case_2,True,True,False,False,742,2.1152311251104123,2.3306798527862385,-0.21544872767582612,0,-63.87912825495005,-60.75252465158701,-85.03143950605417,-84.0593231794494,10,10
These governments had thought about themselves disturbing Omar.,These governments had thought about themselves disturbed Omar.,syntax/semantics,binding,principle_A_case_2,True,True,False,False,743,1.4751779787272785,1.5471355456009077,-0.0719575668736292,0,-67.92162346839905,-66.48667097091675,-81.19822527694456,-80.41089088132492,9,9
Many students forget about themselves hiding Steve.,Many students forget about themselves hide Steve.,syntax/semantics,binding,principle_A_case_2,True,True,False,False,744,1.5129501109886228,1.376000484146516,0.13694962684210665,1,-59.83944380283356,-60.77375626564026,-71.94304469074254,-71.78176013881239,8,8
Kimberley has imagined herself ascending these hills.,Kimberley has imagined herself ascends these hills.,syntax/semantics,binding,principle_A_case_2,True,True,False,False,745,2.10202961750534,2.1949100103811903,-0.09288039287585015,0,-74.35703909397125,-81.46472573280334,-95.37733526902466,-105.60873584699644,10,11
Walter imagines himself irritating Pamela.,Walter imagines himself irritated Pamela.,syntax/semantics,binding,principle_A_case_2,True,True,False,False,746,2.528283108984507,2.777490852809784,-0.2492077438252771,0,-63.63395285606384,-61.56690835952759,-83.8602177279399,-83.78683518200586,8,8
Jacqueline imagines herself selling some restaurants.,Jacqueline imagines herself sells some restaurants.,syntax/semantics,binding,principle_A_case_2,True,True,False,False,747,3.4511839960811814,3.586516260660898,-0.13533226457971637,0,-66.95840936899185,-67.0404422879219,-101.47024932980366,-102.90560489453088,10,10
Guy thought about himself alarming Theodore.,Guy thought about himself alarmed Theodore.,syntax/semantics,binding,principle_A_case_2,True,True,False,False,748,1.3238555913460175,1.3117301550598413,0.012125436286176239,1,-55.52180814743042,-54.449233412742615,-64.78879728685254,-63.6313444981615,7,7
Many people think about themselves disgusting Guy.,Many people think about themselves disgusts Guy.,syntax/semantics,binding,principle_A_case_2,True,True,False,False,749,1.9078888727461276,1.8203494883166387,0.08753938442948894,1,-52.60109996795654,-58.20189189910889,-67.86421094992556,-74.58503729395864,8,9
Sally is imagining herself touring some glaciers.,Sally is imagining herself tours some glaciers.,syntax/semantics,binding,principle_A_case_2,True,True,False,False,750,1.358013696920709,1.1283837155344227,0.22962998138628632,1,-70.8650426864624,-72.89148771762848,-83.08716595874878,-83.04694115743828,9,9
Laurie thinks about herself boring Tonya.,Laurie thinks about herself bored Tonya.,syntax/semantics,binding,principle_A_case_2,True,True,False,False,751,1.5831886430852335,1.7004534769278847,-0.11726483384265118,0,-69.83270847797394,-68.87640702724457,-85.66459490882627,-85.88094179652342,10,10
Many actors are imagining themselves alarming this boy.,Many actors are imagining themselves alarmed this boy.,syntax/semantics,binding,principle_A_case_2,True,True,False,False,752,2.1797452459004867,2.296155425530925,-0.1164101796304382,0,-62.81138789653778,-60.60624349117279,-82.42909510964216,-81.27164232095112,9,9
Amanda thinks about herself curing Monica.,Amanda thinks about herself cures Monica.,syntax/semantics,binding,principle_A_case_2,True,True,False,False,753,2.132068150138462,2.0657313688831884,0.06633678125527354,1,-61.00815963745117,-61.17823934555054,-78.06470483855887,-77.70409029661604,8,8
The Impressionists think about themselves impressing Janice.,The Impressionists think about themselves impresses Janice.,syntax/semantics,binding,principle_A_case_2,True,True,False,False,754,3.2022532100204635,2.9379214972348535,0.26433171278560996,1,-75.37627077102661,-75.98084592819214,-113.80330929127217,-111.23590389501038,12,12
Cashiers imagine themselves hurting a lot of men.,Cashiers imagine themselves hurt a lot of men.,syntax/semantics,binding,principle_A_case_2,True,True,False,False,755,1.9173674367986309,1.7169499006141193,0.20041753618451152,1,-66.23585361242294,-65.74428999423981,-85.40952798040925,-82.913789000381,10,10
All people imagine themselves breaking some chairs.,All people imagine themselves break some chairs.,syntax/semantics,binding,principle_A_case_2,True,True,False,False,756,1.4727684725887578,1.226065968219899,0.24670250436885865,1,-55.914133071899414,-56.295034885406494,-67.69628085260948,-66.10356263116569,8,8
Martha was thinking about herself exiting hills.,Martha was thinking about herself exited hills.,syntax/semantics,binding,principle_A_case_2,True,True,False,False,757,2.2358161388293953,2.0221694980209546,0.21364664080844076,1,-62.11414384841919,-63.609519600868225,-82.23648909788375,-81.80904508305682,9,9
The Clintons think about themselves referencing some actor.,The Clintons think about themselves referenced some actor.,syntax/semantics,binding,principle_A_case_2,True,True,False,False,758,0.37514507160712657,0.38172223694975727,-0.0065771653426306975,0,-79.1521246433258,-78.18407440185547,-82.52843028778994,-81.61957453440328,9,9
Many cashiers think about themselves discussing Bethany.,Many cashiers think about themselves discussed Bethany.,syntax/semantics,binding,principle_A_case_2,True,True,False,False,759,2.1108809260082495,1.9010585381167715,0.209822387891478,1,-71.95681691169739,-73.71895682811737,-93.06562617177988,-92.72954220928509,10,10
The Impressionists forget about themselves confusing Kendra.,The Impressionists forget about themselves confuse Kendra.,syntax/semantics,binding,principle_A_case_2,True,True,False,False,760,3.451090007307533,3.2704680541657183,0.18062195314181473,1,-71.30162191390991,-74.03425431251526,-109.26361199429277,-110.00940290833816,11,11
Gerald wasn't thinking about himself cleaning a restaurant.,Gerald wasn't thinking about himself cleans a restaurant.,syntax/semantics,binding,principle_A_case_2,True,True,False,False,761,3.065480470916069,2.814220402474301,0.2512600684417676,1,-55.82238633185625,-60.53382343798876,-89.54267151193301,-91.49024786520607,11,11
The Impressionists were imagining themselves watching Sonia.,The Impressionists were imagining themselves watch Sonia.,syntax/semantics,binding,principle_A_case_2,True,True,False,False,762,3.5952703724347,3.016984947078498,0.578285425356202,1,-63.114471435546875,-68.014577627182,-99.06717515989388,-98.18442709796699,10,10
Most men think about themselves descending the hills.,Most men think about themselves descended the hills.,syntax/semantics,binding,principle_A_case_2,True,True,False,False,763,2.194712690377012,2.2812061689329,-0.08649347855588818,0,-53.090453147888184,-51.248557567596436,-72.8428673612813,-71.77941308799254,9,9
The dancers have forgotten about themselves boycotting some college campus.,The dancers have forgotten about themselves boycott some college campus.,syntax/semantics,binding,principle_A_case_2,True,True,False,False,764,2.443840555768285,1.7808481864140255,0.6629923693542594,1,-80.19944715499878,-79.02189409732819,-109.5255338242182,-98.61122414788247,12,11
Tracy had forgotten about herself scaring Sherry.,Tracy had forgotten about herself scared Sherry.,syntax/semantics,binding,principle_A_case_2,True,True,False,False,765,2.9539601061441916,2.4316499667952827,0.5223101393489089,1,-68.90116596221924,-66.25074100494385,-101.39472712980535,-90.56724067289667,11,10
Phillip isn't thinking about himself concealing that window.,Phillip isn't thinking about himself concealed that window.,syntax/semantics,binding,principle_A_case_2,True,True,False,False,766,2.6013777956357416,1.9081244308620973,0.6932533647736443,1,-72.29628941975534,-70.1330761667341,-103.51282296738424,-91.12244490621717,12,11
Every organization forgets about itself arguing about some guys.,Every organization forgets about itself argued about some guys.,syntax/semantics,binding,principle_A_case_2,True,True,False,False,767,1.92863838071191,1.6164918896190221,0.31214649109288795,1,-78.18931913375854,-81.53142130374908,-99.40434132158956,-99.31283208955833,11,11
Most actors imagine themselves walking through a mountain.,Most actors imagine themselves walked through a mountain.,syntax/semantics,binding,principle_A_case_2,True,True,False,False,768,2.320393287977661,2.139788404896949,0.18060488308071188,1,-57.511861085891724,-59.106557846069336,-78.39540067769067,-78.36465349014188,9,9
All teenagers think about themselves thinking about Patrick.,All teenagers think about themselves thought about Patrick.,syntax/semantics,binding,principle_A_case_2,True,True,False,False,769,1.969411013316081,1.6363119179566405,0.3330990953594404,1,-57.446116864681244,-58.961119651794434,-75.17081598452597,-73.6879269134042,9,9
These associations could forget about themselves upsetting Alexander.,These associations could forget about themselves upset Alexander.,syntax/semantics,binding,principle_A_case_2,True,True,False,False,770,1.5552705666665423,1.3030933691155755,0.2521771975509668,1,-69.67941546440125,-69.37079656124115,-83.67685056440013,-81.09863688328133,9,9
Ladies thought about themselves driving to Harvard University.,Ladies thought about themselves drove to Harvard University.,syntax/semantics,binding,principle_A_case_2,True,True,False,False,771,1.9683800879878675,2.0431195538556297,-0.07473946586776226,0,-64.45239567756653,-64.26725041866302,-84.1361965574452,-84.69844595721932,10,10
All actresses thought about themselves kissing Michelle.,All actresses thought about themselves kissed Michelle.,syntax/semantics,binding,principle_A_case_2,True,True,False,False,772,1.7183325449022036,1.4709583115140212,0.24737423338818232,1,-59.116464138031006,-60.58124828338623,-72.86312449724863,-72.3489147754984,8,8
Claire thought about herself alarming some cashiers.,Claire thought about herself alarmed some cashiers.,syntax/semantics,binding,principle_A_case_2,True,True,False,False,773,2.191373231584987,2.0750875293226327,0.11628570226235446,1,-69.8261821269989,-69.8315863609314,-91.73991444284877,-90.58246165415773,10,10
The libraries think about themselves distracting that driver.,The libraries think about themselves distract that driver.,syntax/semantics,binding,principle_A_case_2,True,True,False,False,774,0.2116974637058983,0.06515727611996959,0.14654018758592868,1,-73.13787484169006,-73.72119379043579,-75.04315201504315,-74.30760927551552,9,9
Jeffrey imagines himself upsetting Cindy.,Jeffrey imagines himself upset Cindy.,syntax/semantics,binding,principle_A_case_2,True,True,False,False,775,2.602990882213028,2.6744021355588963,-0.07141125334586818,0,-63.97361171245575,-60.82410800457001,-84.79753877015997,-82.21932508904118,8,8
Martha thought about herself visiting a grocery store.,Martha thought about herself visits a grocery store.,syntax/semantics,binding,principle_A_case_2,True,True,False,False,776,2.830358448982639,2.3839743372092244,0.44638411177341464,1,-59.26138198375702,-64.03949797153473,-87.56496647358341,-87.87924134362697,10,10
Kathleen didn't forget about herself aggravating the men.,Kathleen didn't forget about herself aggravated the men.,syntax/semantics,binding,principle_A_case_2,True,True,False,False,777,3.0077889656218155,2.469896265611439,0.5378927000103766,1,-69.95916969701648,-69.78367228806019,-109.06042625010008,-99.42242747539746,13,12
Rachel hasn't forgotten about herself climbing down many stairs.,Rachel hasn't forgotten about herself climbed down many stairs.,syntax/semantics,binding,principle_A_case_2,True,True,False,False,778,2.3303264212166694,2.226212153728258,0.10411426748841146,1,-68.02730421209708,-69.11392668867484,-93.66089484548044,-93.60226037968567,11,11
Andrew won't imagine himself fixing dishes.,Andrew won't imagine himself fixes dishes.,syntax/semantics,binding,principle_A_case_2,True,True,False,False,779,1.9325366478976953,1.7050498634063267,0.2274867844913686,1,-55.50498753786087,-58.90405875444412,-70.96528072104243,-72.54445766169474,8,8
Some companies haven't thought about themselves concealing Clyde.,Some companies haven't thought about themselves concealed Clyde.,syntax/semantics,binding,principle_A_case_2,True,True,False,False,780,2.592043378743904,1.8242270055905494,0.7678163731533547,1,-70.03030840680003,-67.91013745591044,-98.54278557298298,-86.15240751181594,11,10
Jacqueline forgets about herself stunning Becky.,Jacqueline forgets about herself stunned Becky.,syntax/semantics,binding,principle_A_case_2,True,True,False,False,781,2.738612206793215,2.6882129246632105,0.05039928213000433,1,-73.50836133956909,-73.47812044620514,-100.89448340750124,-100.36024969283724,10,10
Keith imagines himself breaking all chairs.,Keith imagines himself broke all chairs.,syntax/semantics,binding,principle_A_case_2,True,True,False,False,782,1.7870697899012384,1.879253041987507,-0.09218325208626865,0,-62.85080575942993,-60.84958362579346,-77.14736407863984,-75.88360796169351,8,8
Kevin couldn't imagine himself cleaning every high school.,Kevin couldn't imagine himself cleans every high school.,syntax/semantics,binding,principle_A_case_2,True,True,False,False,783,2.2011978404003996,1.9979850734869529,0.2032127669134467,1,-64.15521669201553,-68.13492071442306,-86.16719509601953,-88.11477144929259,10,10
Steve wasn't thinking about himself criticizing Patricia.,Steve wasn't thinking about himself criticized Patricia.,syntax/semantics,binding,principle_A_case_2,True,True,False,False,784,2.5343365772569877,2.2804925129189986,0.2538440643379891,1,-57.73386035859585,-58.27761755883694,-80.54288955390874,-78.80205017510792,9,9
The Clintons think about themselves arriving at some closet.,The Clintons think about themselves arrive at some closet.,syntax/semantics,binding,principle_A_case_2,True,True,False,False,785,0.8769141586424439,0.8668569900051437,0.010057168637300218,1,-77.62299346923828,-76.88952898979187,-86.39213505566272,-85.55809888984331,10,10
Mitchell had thought about himself fixing the computers.,Mitchell had thought about himself fixed the computers.,syntax/semantics,binding,principle_A_case_2,True,True,False,False,786,2.0620419332492643,1.8461595266098214,0.21588240663944291,1,-66.39136064052582,-67.15108859539032,-87.01177997301846,-85.61268386148853,10,10
Eric thinks about himself disturbing all men.,Eric thinks about himself disturbed all men.,syntax/semantics,binding,principle_A_case_2,True,True,False,False,787,1.067492495272596,1.0109641265347484,0.0565283687378475,1,-59.250956654548645,-58.91584920883179,-67.79089661672941,-67.00356222110977,8,8
That company should think about itself worrying Becky.,That company should think about itself worries Becky.,syntax/semantics,binding,principle_A_case_2,True,True,False,False,788,1.1399479054996833,1.0484726886817144,0.09147521681796889,1,-64.10924005508423,-65.19892168045044,-74.36877120458138,-74.63517587858587,9,9
All waitresses can forget about themselves arriving at schools.,All waitresses can forget about themselves arrive at schools.,syntax/semantics,binding,principle_A_case_2,True,True,False,False,789,1.5055280777709186,1.488363690795348,0.017164386975570656,1,-77.13884198665619,-76.49361407756805,-93.6996508421363,-92.86561467631688,11,11
Liam wouldn't think about himself confusing Natalie.,Liam wouldn't think about himself confused Natalie.,syntax/semantics,binding,principle_A_case_2,True,True,False,False,790,2.107130765233282,1.973797768598152,0.13333299663512976,1,-63.975220780819654,-63.96258882805705,-85.04652843315247,-83.70056651403857,10,10
Some customers forget about themselves confusing Lisa.,Some customers forget about themselves confused Lisa.,syntax/semantics,binding,principle_A_case_2,True,True,False,False,791,1.586491421516012,1.3771068918900227,0.2093845296259893,1,-61.69193196296692,-62.0210462808609,-74.38386333509501,-73.03790141598108,8,8
Sabrina is thinking about herself questioning these associations.,Sabrina is thinking about herself questioned these associations.,syntax/semantics,binding,principle_A_case_2,True,True,False,False,792,2.7767207644597476,2.532740003773168,0.2439807606865796,1,-65.23638117313385,-66.92468547821045,-93.00358881773133,-92.25208551594213,10,10
Ronald thought about himself shocking a committee.,Ronald thought about himself shocked a committee.,syntax/semantics,binding,principle_A_case_2,True,True,False,False,793,1.6219948016336236,1.3890892840251974,0.23290551760842626,1,-63.200440406799316,-64.32447373867035,-77.79839362150193,-76.82627729489712,9,9
Craig should forget about himself firing Melinda.,Craig should forget about himself fires Melinda.,syntax/semantics,binding,principle_A_case_2,True,True,False,False,794,1.7672310832201863,1.4587996882532304,0.30843139496695593,1,-67.82909512519836,-70.4766491651535,-83.73417487418004,-83.60584635943258,9,9
Eva thought about herself questioning Winston Churchill.,Eva thought about herself questioned Winston Churchill.,syntax/semantics,binding,principle_A_case_2,True,True,False,False,795,1.5516064520108515,1.5765246713176886,-0.02491821930683713,0,-66.46613144874573,-65.51528239250183,-78.87898306483254,-78.12747976304334,8,8
Kendra forgot about herself describing Carol.,Kendra forgot about herself describes Carol.,syntax/semantics,binding,principle_A_case_2,True,True,False,False,796,1.39804510287669,0.8597883328765512,0.5382567700001388,1,-64.83970141410828,-68.6897943019867,-76.0240622371218,-75.5681009649991,8,8
Walter is forgetting about himself messing up that museum.,Walter is forgetting about himself messed up that museum.,syntax/semantics,binding,principle_A_case_2,True,True,False,False,797,1.7226564569875145,1.9684033129674106,-0.2457468559798961,0,-73.3996696472168,-70.58904856443405,-92.34889067407946,-92.24148500707557,11,11
All men might think about themselves lifting this shoe.,All men might think about themselves lift this shoe.,syntax/semantics,binding,principle_A_case_2,True,True,False,False,798,1.4704532662409122,1.318588916644967,0.1518643495959453,1,-64.33572363853455,-64.62601852416992,-79.04025630094367,-77.81190769061959,10,10
Susan thinks about herself approaching Colleen.,Susan thinks about herself approaches Colleen.,syntax/semantics,binding,principle_A_case_2,True,True,False,False,799,1.7961310128064802,1.5683141731846817,0.22781683962179855,1,-62.49241054058075,-65.68496084213257,-76.86145864303259,-78.23147422761002,8,8
Bill imagined himself boring Janice.,Bill imagined himself bored Janice.,syntax/semantics,binding,principle_A_case_2,True,True,False,False,800,1.0714693600578877,1.2042188874596644,-0.1327495274017767,0,-59.852606654167175,-59.13970685005188,-67.35289217457239,-67.56923906226953,7,7
Guys thought about themselves criticizing Alexander.,Guys thought about themselves criticize Alexander.,syntax/semantics,binding,principle_A_case_2,True,True,False,False,801,2.172568566423376,1.9192997376577772,0.25326882876559864,1,-55.89130353927612,-57.391844749450684,-73.27185207066313,-72.7462426507129,8,8
Keith shouldn't imagine himself watching Catherine.,Keith shouldn't imagine himself watched Catherine.,syntax/semantics,binding,principle_A_case_2,True,True,False,False,802,2.145193713584689,1.9396654988934792,0.20552821469120985,1,-55.326245192438364,-57.46193850412965,-72.48779490111588,-72.97926249527748,8,8
Christine wasn't imagining herself scanning those essays.,Christine wasn't imagining herself scanned those essays.,syntax/semantics,binding,principle_A_case_2,True,True,False,False,803,2.719935330811327,2.590396996984583,0.12953833382674418,1,-68.25711849704385,-69.21538630500436,-95.45647180515712,-95.11935627485019,10,10
Sheila should forget about herself researching this hill.,Sheila should forget about herself researched this hill.,syntax/semantics,binding,principle_A_case_2,True,True,False,False,804,1.6208945816196518,1.4407260630210572,0.18016851859859462,1,-69.90902471542358,-71.64946627616882,-86.1179705316201,-86.0567269063794,10,10
Florence shouldn't think about herself discovering some projector.,Florence shouldn't think about herself discovered some projector.,syntax/semantics,binding,principle_A_case_2,True,True,False,False,805,2.7483189734412363,2.6167092622954704,0.13160971114576592,1,-75.8087214268744,-74.60483503714204,-108.78854910816924,-106.00534618468768,12,12
Carmen should think about herself messing up a lot of high schools.,Carmen should think about herself messed up a lot of high schools.,syntax/semantics,binding,principle_A_case_2,True,True,False,False,806,2.1968198276092625,2.451857236378599,-0.25503740876933634,0,-83.28732389211655,-79.35435709357262,-116.23962130625549,-116.1322156392516,15,15
Lissa forgot about herself helping Carrie.,Lissa forgot about herself helped Carrie.,syntax/semantics,binding,principle_A_case_2,True,True,False,False,807,1.9154833875720918,1.3684056859400293,0.5470777016320625,1,-57.45133948326111,-61.330376386642456,-72.77520658383784,-72.27762187416269,8,8
Samuel forgets about himself dropping by the Great Lakes.,Samuel forgets about himself dropped by the Great Lakes.,syntax/semantics,binding,principle_A_case_2,True,True,False,False,808,2.6377362916700235,2.7574561105272366,-0.11971981885721306,0,-77.5694854259491,-74.51327788829803,-109.22232092598938,-107.60275121462487,12,12
Those boys imagine themselves discovering that turtle.,Those boys imagine themselves discovered that turtle.,syntax/semantics,binding,principle_A_case_2,True,True,False,False,809,1.4564497414118698,1.6670714215890108,-0.210621680177141,0,-60.12641429901123,-55.65823793411255,-71.77801223030619,-68.99480930682464,8,8
All children think about themselves biking to the art gallery.,All children think about themselves bike to the art gallery.,syntax/semantics,binding,principle_A_case_2,True,True,False,False,810,1.957452889475165,1.2000311299099942,0.7574217595651709,1,-66.8755955696106,-71.1542466878891,-88.40757735383741,-84.35458911689904,11,11
Rodney thought about himself descending the ladder.,Rodney thought about himself descended the ladder.,syntax/semantics,binding,principle_A_case_2,True,True,False,False,811,2.226995090391796,1.9812347949405256,0.24576029545127032,1,-56.841792941093445,-57.99018132686615,-76.88474875461961,-75.82129448133088,9,9
Charles is thinking about himself upsetting Alice.,Charles is thinking about himself upset Alice.,syntax/semantics,binding,principle_A_case_2,True,True,False,False,812,2.1535538248473713,2.052297247010758,0.10125657783661346,1,-51.65788269042969,-49.889721632003784,-68.88631328920866,-66.30809960808985,8,8
Sabrina is thinking about herself talking about many glaciers.,Sabrina is thinking about herself talked about many glaciers.,syntax/semantics,binding,principle_A_case_2,True,True,False,False,813,2.9113954459372424,2.686336234900063,0.22505921103717963,1,-65.14026640355587,-69.1392460167408,-97.16561630886554,-98.68894460064149,11,11
Most teenagers imagine themselves cleaning some museum.,Most teenagers imagine themselves clean some museum.,syntax/semantics,binding,principle_A_case_2,True,True,False,False,814,1.5320197190780753,1.38101638395543,0.1510033351226454,1,-64.49167370796204,-63.957424998283386,-76.74783146058664,-75.00555606992683,8,8
Heidi thought about herself breaking this window.,Heidi thought about herself breaks this window.,syntax/semantics,binding,principle_A_case_2,True,True,False,False,815,1.5830209770400359,1.340313240871811,0.24270773616822483,1,-58.95484244823456,-61.84945368766785,-73.20203124159488,-73.91227285551415,9,9
Amanda had imagined herself skated around a lot of banks.,Amanda had imagined herself skated around a lot of banks.,syntax/semantics,binding,principle_A_case_2,True,True,False,False,816,2.494641340075167,2.494641340075167,0.0,0,-76.43493328988552,-76.43493328988552,-108.86527071086269,-108.86527071086269,13,13
Florence is thinking about herself concealing Sabrina.,Florence is thinking about herself conceals Sabrina.,syntax/semantics,binding,principle_A_case_2,True,True,False,False,817,3.598095725337783,3.1634286281999713,0.4346670971378117,1,-74.06942546367645,-77.22281169891357,-117.24657416772985,-115.18395523731323,12,12
That actress thinks about herself observing Andrea.,That actress thinks about herself observed Andrea.,syntax/semantics,binding,principle_A_case_2,True,True,False,False,818,1.581286760606286,0.9955305637884173,0.5857561968178686,1,-60.72648215293884,-63.4536874294281,-73.37677623778913,-71.41793193973544,8,8
Omar doesn't imagine himself helping Larry.,Omar doesn't imagine himself helped Larry.,syntax/semantics,binding,principle_A_case_2,True,True,False,False,819,1.425577518683446,1.1664433442801174,0.25913417440332864,1,-64.474260837771,-66.30888369772583,-77.30445850592201,-76.80687379624689,9,9
Ella didn't forget about herself disgusting William.,Ella didn't forget about herself disgusted William.,syntax/semantics,binding,principle_A_case_2,True,True,False,False,820,2.0966315005195555,1.9822821414780492,0.11434935904150634,1,-63.38968686433509,-65.34647194715217,-84.35600186953064,-85.16929336193266,10,10
Those people imagine themselves attacking Eva.,Those people imagine themselves attack Eva.,syntax/semantics,binding,principle_A_case_2,True,True,False,False,821,1.4965196325703565,1.0666402482343937,0.42987938433596273,1,-54.928247928619385,-55.74575674533844,-65.40388535661188,-63.212238482979195,7,7
Most governments haven't thought about themselves annoying all cashiers.,Most governments haven't thought about themselves annoy all cashiers.,syntax/semantics,binding,principle_A_case_2,True,True,False,False,822,1.836910657580648,1.7430690172295467,0.09384164035110132,1,-82.59709610976279,-84.33134164847434,-104.64002400073056,-105.2481698552289,12,12
Ellen thinks about herself climbing down most stairs.,Ellen thinks about herself climbed down most stairs.,syntax/semantics,binding,principle_A_case_2,True,True,False,False,823,1.524284081922025,1.2064470039605595,0.31783707796146543,1,-69.93783402442932,-73.0575703382492,-85.18067484364957,-85.1220403778548,10,10
Derek won't think about himself climbing down some hill.,Derek won't think about himself climbed down some hill.,syntax/semantics,binding,principle_A_case_2,True,True,False,False,824,2.4964658140500453,2.310595985698292,0.18586982835175325,1,-64.52270422130823,-66.6945076957345,-94.48029398990877,-94.421659524114,12,12
Matt forgets about himself passing many cafes.,Matt forgets about himself passed many cafes.,syntax/semantics,binding,principle_A_case_2,True,True,False,False,825,1.867260894116798,1.6248809105224653,0.24237998359433277,1,-69.86674678325653,-70.8193244934082,-86.67209483030771,-85.44325268811039,9,9
Most patients imagine themselves appreciating Galileo.,Most patients imagine themselves appreciated Galileo.,syntax/semantics,binding,principle_A_case_2,True,True,False,False,826,2.703539120605914,1.9932903742631984,0.7102487463427154,1,-61.58735132217407,-58.387481689453125,-83.21566428702138,-72.34051430929551,8,7
Tammy thinks about herself discussing April.,Tammy thinks about herself discussed April.,syntax/semantics,binding,principle_A_case_2,True,True,False,False,827,1.6449837707312867,1.1463463237249485,0.49863744700633816,1,-59.11733269691467,-62.77034831047058,-72.27720286276497,-71.94111890027017,8,8
Walter did imagine himself attacking some child.,Walter did imagine himself attacks some child.,syntax/semantics,binding,principle_A_case_2,True,True,False,False,828,1.3789914255037938,0.9649879439790381,0.41400348152475575,1,-65.82740867137909,-68.90414881706238,-78.23833150091323,-77.58904031287372,9,9
A lot of women think about themselves upsetting Tracy.,A lot of women think about themselves upset Tracy.,syntax/semantics,binding,principle_A_case_2,True,True,False,False,829,2.135630394660706,2.1631711152290904,-0.027540720568384636,0,-58.70223197340965,-55.84861108660698,-80.05853592001671,-77.48032223889788,10,10
An association forgets about itself praising Noah.,An association forgets about itself praised Noah.,syntax/semantics,binding,principle_A_case_2,True,True,False,False,830,1.9536003350898266,1.570416989069271,0.3831833460205556,1,-72.77280187606812,-74.53094625473022,-90.35520489187655,-88.66469915635366,9,9
Gerald thought about himself passing every lake.,Gerald thought about himself passed every lake.,syntax/semantics,binding,principle_A_case_2,True,True,False,False,831,2.129527510422684,1.856727249974578,0.2728002604481061,1,-57.35931932926178,-58.58567953109741,-76.52506692306594,-75.29622478086861,9,9
Kathleen thinks about herself going to some libraries.,Kathleen thinks about herself goes to some libraries.,syntax/semantics,binding,principle_A_case_2,True,True,False,False,832,2.1902087855385677,2.1279659799757553,0.062242805562812364,1,-67.96754556894302,-70.09049224853516,-92.05984220986727,-93.49811802826846,11,11
Diane imagined herself taking the schools.,Diane imagined herself took the schools.,syntax/semantics,binding,principle_A_case_2,True,True,False,False,833,1.7101800711286295,1.6637925428117626,0.04638752831686688,1,-55.49356651306152,-55.08228421211243,-69.17500708209056,-68.39262455460653,8,8
Angela isn't thinking about herself embarrassing Jerry.,Angela isn't thinking about herself embarrassed Jerry.,syntax/semantics,binding,principle_A_case_2,True,True,False,False,834,2.5283303737388367,2.5858709365679404,-0.05754056282910369,0,-63.216579699888825,-62.408965492621064,-88.49988343727719,-88.26767485830047,10,10
A lot of patients have forgotten about themselves exploring the library.,A lot of patients have forgotten about themselves explore the library.,syntax/semantics,binding,principle_A_case_2,True,True,False,False,835,2.5763706809093825,2.4523741712671048,0.12399650964227771,1,-63.15869668126106,-64.18591049313545,-94.07514485217365,-93.61440054834071,12,12
Nina can think about herself insulting this high school.,Nina can think about herself insulted this high school.,syntax/semantics,binding,principle_A_case_2,True,True,False,False,836,1.7019028383683639,1.6889227241722489,0.012980114196115,1,-66.96317458152771,-66.8457710146904,-85.68410580357971,-85.42392098058514,11,11
A lot of senators think about themselves revealing the apples.,A lot of senators think about themselves reveal the apples.,syntax/semantics,binding,principle_A_case_2,True,True,False,False,837,1.6882577355191715,1.6026867853174607,0.0855709502017108,1,-68.3884644806385,-68.32354846596718,-86.95929957134939,-85.95310310445925,11,11
Martin hadn't thought about himself admiring these cups.,Martin hadn't thought about himself admires these cups.,syntax/semantics,binding,principle_A_case_2,True,True,False,False,838,2.3249972190930737,1.7599721304851217,0.565025088607952,1,-69.6511477008462,-76.42770449072123,-95.22611711087,-95.78739792605757,11,11
Holly shouldn't imagine herself hurting Noah.,Holly shouldn't imagine herself hurt Noah.,syntax/semantics,binding,principle_A_case_2,True,True,False,False,839,2.0708697971273895,1.9496405992308452,0.1212291978965443,1,-61.85709943808615,-60.4524232391268,-80.49492761223266,-77.99918863220441,9,9
Aaron won't forget about himself exploring some museums.,Aaron won't forget about himself explored some museums.,syntax/semantics,binding,principle_A_case_2,True,True,False,False,840,2.3964931084570167,2.2105866261653886,0.1859064822916281,1,-62.825084425508976,-65.11174688488245,-86.79001551007914,-87.21761314653634,10,10
Some school forgets about itself hurting Tracy.,Some school forgets about itself hurts Tracy.,syntax/semantics,binding,principle_A_case_2,True,True,False,False,841,1.0668592327819921,1.1031429186857653,-0.03628368590377318,0,-74.69453287124634,-73.75568461418152,-84.29626596628427,-83.6839708823534,9,9
Florence will forget about herself healing Chad.,Florence will forget about herself heals Chad.,syntax/semantics,binding,principle_A_case_2,True,True,False,False,842,2.1307608010233396,2.296591665696411,-0.1658308646730715,0,-73.18408417701721,-73.56699585914612,-94.4916921872506,-96.53291251611023,10,10
All customers forget about themselves thinking about Tina.,All customers forget about themselves think about Tina.,syntax/semantics,binding,principle_A_case_2,True,True,False,False,843,1.8867362079088916,1.552342308243488,0.33439389966540367,1,-61.29475551843643,-61.66728603839874,-78.27538138961646,-75.63836681259014,9,9
All dancers think about themselves buying some mountain.,All dancers think about themselves bought some mountain.,syntax/semantics,binding,principle_A_case_2,True,True,False,False,844,1.3602422745539053,0.9641549401899536,0.3960873343639517,1,-63.18061566352844,-65.32240700721741,-75.42279613451359,-73.99980146892699,9,9
Amy has thought about herself attacking Anne.,Amy has thought about herself attacks Anne.,syntax/semantics,binding,principle_A_case_2,True,True,False,False,845,1.745760084528424,1.255425495429769,0.490334589098655,1,-53.909538984298706,-57.18292450904846,-67.8756196605261,-67.22632847248661,8,8
Tanya has thought about herself visiting Derek.,Tanya has thought about herself visited Derek.,syntax/semantics,binding,principle_A_case_2,True,True,False,False,846,2.24966504636206,1.7937510006219322,0.45591404574012806,1,-58.198729395866394,-61.842159032821655,-78.44571481312494,-77.98591803841904,9,9
Frank forgets about himself messing up cafes.,Frank forgets about himself messed up cafes.,syntax/semantics,binding,principle_A_case_2,True,True,False,False,847,1.757718815737898,2.1401769457601336,-0.3824581300222356,0,-69.8278546333313,-66.27832579612732,-85.64732397497238,-85.53991830796852,9,9
Ellen doesn't think about herself shocking Chad.,Ellen doesn't think about herself shocked Chad.,syntax/semantics,binding,principle_A_case_2,True,True,False,False,848,1.4918151912212836,1.4771920166220212,0.014623174599262434,1,-68.96504170820117,-68.13915712758899,-83.883193620414,-82.9110772938092,10,10
Aaron forgot about himself hugging many children.,Aaron forgot about himself hugged many children.,syntax/semantics,binding,principle_A_case_2,True,True,False,False,849,1.1673012880966205,1.1714769379127432,-0.0041756498161227285,0,-61.11616635322571,-61.2056428194046,-70.45457665799867,-70.57745832270655,8,8
Laura thinks about herself disturbing Florence.,Laura thinks about herself disturbed Florence.,syntax/semantics,binding,principle_A_case_2,True,True,False,False,850,1.362430107784523,1.2587405460467451,0.10368956173777777,1,-55.131895780563354,-55.070388317108154,-64.66890653505502,-63.88157213943537,7,7
Karen has thought about herself passing a college campus.,Karen has thought about herself passed a college campus.,syntax/semantics,binding,principle_A_case_2,True,True,False,False,851,2.095386844191924,1.8221198782307562,0.27326696596116773,1,-67.72934746742249,-69.50644195079803,-90.77860275353365,-89.54976061133635,11,11
The Borgias think about themselves upsetting Patrick.,The Borgias think about themselves upset Patrick.,syntax/semantics,binding,principle_A_case_2,True,True,False,False,852,1.3958670921687428,1.32488985585621,0.07097723631253272,1,-69.67493176460266,-67.73551321029663,-82.23773559412135,-79.65952191300252,9,9
Teresa wasn't imagining herself exiting these high schools.,Teresa wasn't imagining herself exits these high schools.,syntax/semantics,binding,principle_A_case_2,True,True,False,False,853,2.5059912983003354,2.003756183136031,0.5022351151643045,1,-80.24283597245812,-83.88035259023309,-107.80874025376181,-105.92167060472943,11,11
David hadn't thought about himself fleeing from every guest.,David hadn't thought about himself fled from every guest.,syntax/semantics,binding,principle_A_case_2,True,True,False,False,854,1.9221206043827614,1.7761333892062174,0.145987215176544,1,-70.72548092156649,-70.46920002251863,-91.86880756977686,-90.00666730378703,11,11
April forgets about herself skated around a college campus.,April forgets about herself skates around a college campus.,syntax/semantics,binding,principle_A_case_2,True,True,False,False,855,1.8861232450678027,2.253197387240327,-0.3670741421725243,0,-85.63301038742065,-81.47800278663635,-108.26648932823429,-108.51637143352028,12,12
The Borgias forget about themselves upsetting Dennis.,The Borgias forget about themselves upset Dennis.,syntax/semantics,binding,principle_A_case_2,True,True,False,False,856,1.4190935643668152,1.2452290154830779,0.17386454888373737,1,-72.7850992679596,-71.77166652679443,-85.55694134726093,-82.97872766614213,9,9
Carrie had thought about herself returning to a lot of actors.,Carrie had thought about herself returns to a lot of actors.,syntax/semantics,binding,principle_A_case_2,True,True,False,False,857,2.3003457758002943,2.0633724447262214,0.23697333107407292,1,-70.21959890425205,-73.37159866094589,-100.12409398965588,-100.19544044238677,13,13
Beth thinks about herself hugging Jodi.,Beth thinks about herself hugs Jodi.,syntax/semantics,binding,principle_A_case_2,True,True,False,False,858,1.9692961616450537,1.7590519269304064,0.21024423471464737,1,-63.645150899887085,-65.5119776725769,-81.36881635469257,-81.34344501495056,9,9
Victoria isn't imagining herself questioning Karen.,Victoria isn't imagining herself questions Karen.,syntax/semantics,binding,principle_A_case_2,True,True,False,False,859,1.9255270879839905,1.349028976430258,0.5764981115537324,1,-61.3969840221107,-63.66992263123393,-76.80120072598262,-74.462154442676,8,8
Amelia thought about herself skated around this mountain.,Amelia thought about herself skates around this mountain.,syntax/semantics,binding,principle_A_case_2,True,True,False,False,860,1.9486240853255687,2.216923307615637,-0.2682992222900682,0,-72.54354977607727,-69.84214043617249,-93.97841471465853,-94.22829681994449,11,11
Many universities think about themselves distracting this adult.,Many universities think about themselves distracted this adult.,syntax/semantics,binding,principle_A_case_2,True,True,False,False,861,1.6542244631370313,1.5958920577541909,0.05833240538284046,1,-64.57404565811157,-63.70881366729736,-79.46206582634485,-78.07184218708508,9,9
Jeffrey forgot about himself scanning many newspaper articles.,Jeffrey forgot about himself scanned many newspaper articles.,syntax/semantics,binding,principle_A_case_2,True,True,False,False,862,1.7693837267576413,1.843718013990312,-0.07433428723267066,0,-77.65435552597046,-76.57389712333679,-95.34819279354687,-95.01107726323991,10,10
Christopher forgot about himself scaring Craig.,Christopher forgot about himself scared Craig.,syntax/semantics,binding,principle_A_case_2,True,True,False,False,863,1.58198164810117,0.4569092267002607,1.1250724214009091,1,-61.12087643146515,-59.75087857246399,-73.77672961627451,-62.949243159365814,8,7
Valerie thought about herself watching Brenda.,Valerie thought about herself watches Brenda.,syntax/semantics,binding,principle_A_case_2,True,True,False,False,864,2.217149601447474,1.4048464207551383,0.8123031806923358,1,-56.39927840232849,-63.56798243522644,-74.13647521390828,-74.80675380126755,8,8
Deborah thinks about herself referencing every girl.,Deborah thinks about herself referenced every girl.,syntax/semantics,binding,principle_A_case_2,True,True,False,False,865,2.352143934387764,2.2126320624709783,0.1395118719167856,1,-65.51538503170013,-65.86213612556458,-86.68468044119001,-85.77582468780338,9,9
Many waitresses imagine themselves hiring Victoria.,Many waitresses imagine themselves hired Victoria.,syntax/semantics,binding,principle_A_case_2,True,True,False,False,866,0.5138681078025584,0.33611048645700237,0.17775762134555606,1,-76.24257254600525,-75.62983405590057,-80.35351740842572,-78.31871794755659,8,8
Ella couldn't think about herself describing Nancy.,Ella couldn't think about herself describes Nancy.,syntax/semantics,binding,principle_A_case_2,True,True,False,False,867,2.1943774698137815,1.7463005853650315,0.44807688444874993,1,-62.38510212069377,-66.40990969305858,-84.32887681883159,-83.8729155467089,10,10
Tamara thinks about herself approaching Phillip.,Tamara thinks about herself approached Phillip.,syntax/semantics,binding,principle_A_case_2,True,True,False,False,868,1.5984711228185482,1.2118243979075523,0.38664672491099594,1,-64.20683455467224,-67.24979090690613,-76.99460353722063,-76.94438609016655,8,8
Michelle forgets about herself looking like that painting.,Michelle forgets about herself looks like that painting.,syntax/semantics,binding,principle_A_case_2,True,True,False,False,869,2.209520637413681,2.1080274194720032,0.10149321794167765,1,-62.99131381511688,-63.710118889808655,-85.08652018925369,-84.79039308452869,10,10
Janet hasn't thought about herself selling hills.,Janet hasn't thought about herself sold hills.,syntax/semantics,binding,principle_A_case_2,True,True,False,False,870,1.9613196667745598,1.6093973404736972,0.3519223263008626,1,-65.85512087866664,-68.53267572447658,-85.46831754641224,-84.62664912921355,10,10
Most dancers forget about themselves embarrassing the people.,Most dancers forget about themselves embarrass the people.,syntax/semantics,binding,principle_A_case_2,True,True,False,False,871,1.217825063967145,1.2227508491573833,-0.00492578519023823,0,-65.02948451042175,-65.85691809654236,-75.98991008612606,-76.86167573895881,9,9
Alan thought about himself touring these mountains.,Alan thought about himself toured these mountains.,syntax/semantics,binding,principle_A_case_2,True,True,False,False,872,0.8536548819497902,0.6751679202535037,0.17848696169628653,1,-63.51353907585144,-65.07710063457489,-70.34277813144976,-70.47844399660292,8,8
Beth doesn't imagine herself hurting Carmen.,Beth doesn't imagine herself hurt Carmen.,syntax/semantics,binding,principle_A_case_2,True,True,False,False,873,2.1309191585431284,2.0184081797148994,0.11251097882822902,1,-59.1996748149395,-57.71653464436531,-78.37794724182766,-75.8822082617994,9,9
Carrie thinks about herself descending every ladder.,Carrie thinks about herself descends every ladder.,syntax/semantics,binding,principle_A_case_2,True,True,False,False,874,2.18135112799678,2.656504475260897,-0.47515334726411673,0,-64.28408908843994,-68.73635798692703,-83.91624924041096,-95.301402739536,9,10
Veronica forgot about herself working with Jessica.,Veronica forgot about herself worked with Jessica.,syntax/semantics,binding,principle_A_case_2,True,True,False,False,875,2.2353355203451724,1.8779699037815065,0.35736561656366583,1,-62.38916015625,-65.89582312107086,-82.50717983935655,-82.79755225510442,9,9
Joseph had imagined himself skated around the restaurant.,Joseph had imagined himself skates around the restaurant.,syntax/semantics,binding,principle_A_case_2,True,True,False,False,876,2.2153934977533907,2.37971458687162,-0.1643210891182294,0,-63.06679356098175,-61.67346477508545,-85.22072853851566,-85.47061064380165,10,10
Dancers think about themselves irritating the Clintons.,Dancers think about themselves irritated the Clintons.,syntax/semantics,binding,principle_A_case_2,True,True,False,False,877,1.00799493829189,1.1170273915655256,-0.10903245327363553,0,-73.27075231075287,-72.21607768535614,-82.34270675537988,-82.26932420944587,9,9
Many cashiers think about themselves appreciating Michael.,Many cashiers think about themselves appreciated Michael.,syntax/semantics,binding,principle_A_case_2,True,True,False,False,878,1.6344575207019574,1.2951582833641768,0.33929923733778056,1,-76.3590669631958,-70.17206764221191,-92.70364217021537,-81.8284921924895,10,9
Michael would imagine himself examining the story.,Michael would imagine himself examines the story.,syntax/semantics,binding,principle_A_case_2,True,True,False,False,879,1.973415816733306,1.4849795444572251,0.4884362722760809,1,-49.10872483253479,-53.15945649147034,-64.89605136640124,-65.03929284712814,8,8
Some teenagers forget about themselves discovering Carlos.,Some teenagers forget about themselves discovered Carlos.,syntax/semantics,binding,principle_A_case_2,True,True,False,False,880,1.7653058661880898,1.551074370486706,0.21423149570138378,1,-63.070539236068726,-62.00118827819824,-77.19298616557344,-74.40978324209189,8,8
Leslie isn't thinking about herself revealing Michelle.,Leslie isn't thinking about herself revealed Michelle.,syntax/semantics,binding,principle_A_case_2,True,True,False,False,881,2.8372759832080137,2.5621153133094396,0.275160669898574,1,-62.59735640883446,-63.65541657805443,-90.97011624091459,-89.27656971114882,10,10
Lori forgets about herself describing Gary.,Lori forgets about herself described Gary.,syntax/semantics,binding,principle_A_case_2,True,True,False,False,882,1.715118208001425,1.4837711172291834,0.23134709077224147,1,-70.9870331287384,-71.2701199054718,-86.42309700075123,-84.62405996053445,9,9
Cheryl was thinking about herself dropping by Harvard University.,Cheryl was thinking about herself drops by Harvard University.,syntax/semantics,binding,principle_A_case_2,True,True,False,False,883,2.0078318104823794,1.873466631092235,0.13436517939014436,1,-77.60115802288055,-78.47428965568542,-101.6951397486691,-100.95588922879224,12,12
Those dancers think about themselves selling this pasta.,Those dancers think about themselves sold this pasta.,syntax/semantics,binding,principle_A_case_2,True,True,False,False,884,1.713169106440129,1.4565424419359152,0.2566266645042139,1,-62.95524477958679,-64.42321634292603,-78.37376673754795,-77.53209832034926,9,9
Harvard University thinks about itself worrying the university.,Harvard University thinks about itself worried the university.,syntax/semantics,binding,principle_A_case_2,True,True,False,False,885,2.0612382851573443,1.9195474260783272,0.14169085907901713,1,-71.22113561630249,-70.93795013427734,-91.83351846787593,-90.13342439506062,10,10
Bill thinks about himself visiting Gerald.,Bill thinks about himself visited Gerald.,syntax/semantics,binding,principle_A_case_2,True,True,False,False,886,1.3882736241299531,1.1096274632093983,0.27864616092055483,1,-53.71418869495392,-55.204915046691895,-63.43210406386359,-62.97230728915768,7,7
A lot of adults think about themselves hiring this student.,A lot of adults think about themselves hire this student.,syntax/semantics,binding,principle_A_case_2,True,True,False,False,887,2.132011279294382,1.978365091965933,0.15364618732844915,1,-63.95356836915016,-64.05356279015541,-87.40569244138837,-85.81557880178067,11,11
These senators forget about themselves escaping from Adam.,These senators forget about themselves escape from Adam.,syntax/semantics,binding,principle_A_case_2,True,True,False,False,888,1.9437430973400782,1.7613656284424464,0.18237746889763184,1,-64.81519651412964,-64.07646906375885,-82.30888439019034,-79.92875971974087,9,9
Some dancer might forget about herself referencing Mark.,Some dancer might forget about herself references Mark.,syntax/semantics,binding,principle_A_case_2,True,True,False,False,889,1.307390525207953,1.0128177617706848,0.2945727634372681,1,-72.24245047569275,-72.13970875740051,-84.00896520256433,-81.25506861333668,9,9
Becca forgot about herself dropping by some public parks.,Becca forgot about herself drops by some public parks.,syntax/semantics,binding,principle_A_case_2,True,True,False,False,890,1.8348556344948113,1.8385267189741952,-0.0036710844793839126,0,-79.05571472644806,-78.27608227729797,-99.23912670589098,-98.49987618601412,11,11
Rachel could think about herself examining all stories.,Rachel could think about herself examines all stories.,syntax/semantics,binding,principle_A_case_2,True,True,False,False,891,1.6792215316959205,1.2765251424864599,0.4026963892094606,1,-59.25180506706238,-63.01931405067444,-74.36479885232566,-74.50804033305258,9,9
Richard thought about himself noticing those pies.,Richard thought about himself notices those pies.,syntax/semantics,binding,principle_A_case_2,True,True,False,False,892,1.3593836381757036,1.1409479944601024,0.2184356437156012,1,-59.76438617706299,-61.69978618621826,-70.63945528246862,-70.82737014189908,8,8
A lot of guys aren't forgetting about themselves boasting about Becca.,A lot of guys aren't forgetting about themselves boast about Becca.,syntax/semantics,binding,principle_A_case_2,True,True,False,False,893,3.2218286251978867,3.032301607393817,0.18952701780406978,1,-72.79650420509279,-74.36458594165742,-117.9021049578632,-116.81680844517086,14,14
The actresses imagine themselves fixing a lot of windows.,The actresses imagine themselves fixed a lot of windows.,syntax/semantics,binding,principle_A_case_2,True,True,False,False,894,1.6940641588050027,1.8205779280269154,-0.1265137692219127,0,-66.3478651046753,-63.68363130092621,-83.28850669272532,-81.88941058119536,10,10
Theodore should forget about himself ascending some slopes.,Theodore should forget about himself ascends some slopes.,syntax/semantics,binding,principle_A_case_2,True,True,False,False,895,1.7504894011846743,1.9315217265921119,-0.18103232540743752,0,-71.92257976531982,-78.41213536262512,-89.42747377716657,-99.65887435513835,10,11
Many senators hadn't thought about themselves revealing some skateboards.,Many senators hadn't thought about themselves reveal some skateboards.,syntax/semantics,binding,principle_A_case_2,True,True,False,False,896,2.741082341506752,2.620489302990246,0.12059303851650593,1,-79.46845917403698,-79.9093791693449,-112.361447272118,-111.35525080522785,12,12
Jill won't think about herself cleaning a dog.,Jill won't think about herself cleaned a dog.,syntax/semantics,binding,principle_A_case_2,True,True,False,False,897,1.8887549301973365,1.7094611873695322,0.1792937428278043,1,-60.992527686059475,-63.366346918046474,-81.76883191823018,-82.17041997911133,11,11
Colleen had thought about herself skated around the Great Lakes.,Colleen had thought about herself skates around the Great Lakes.,syntax/semantics,binding,principle_A_case_2,True,True,False,False,898,2.2886393682091817,2.5850234462667174,-0.29638407805753575,0,-82.60194170475006,-78.99883079528809,-112.35425349146942,-112.60413559675541,13,13
Anne won't imagine herself climbing down some hills.,Anne won't imagine herself climbs down some hills.,syntax/semantics,binding,principle_A_case_2,True,True,False,False,899,2.4074142911884335,2.2002874511996082,0.2071268399888253,1,-59.47999259829521,-62.76080736517906,-83.55413551017955,-84.76368187717515,10,10
Melinda thinks about herself discussing some newspaper article.,Melinda thinks about herself discusses some newspaper article.,syntax/semantics,binding,principle_A_case_2,True,True,False,False,900,2.2672157665513,1.8212716572328702,0.44594410931842976,1,-71.12386989593506,-77.18059480190277,-93.79602756144806,-95.39331137423147,10,10
Tamara isn't forgetting about herself climbing down these mountains.,Tamara isn't forgetting about herself climbs down these mountains.,syntax/semantics,binding,principle_A_case_2,True,True,False,False,901,2.3002556452804988,1.9623386485089067,0.33791699677159204,1,-76.36026052385569,-81.62481085211039,-103.96332826722167,-105.17287463421727,12,12
Laura imagines herself praising Kathleen.,Laura imagines herself praised Kathleen.,syntax/semantics,binding,principle_A_case_2,True,True,False,False,902,2.4582240306114733,2.383158418890482,0.07506561172099113,1,-57.42678415775299,-56.26173770427704,-74.6343523720333,-72.94384663651041,7,7
Kevin is thinking about himself helping some guy.,Kevin is thinking about himself helps some guy.,syntax/semantics,binding,principle_A_case_2,True,True,False,False,903,2.3622860385292674,1.782967206830853,0.5793188316984144,1,-50.902884125709534,-56.42275154590607,-72.16345847247294,-72.46945640738375,9,9
Stacey wasn't forgetting about herself scanning an essay.,Stacey wasn't forgetting about herself scans an essay.,syntax/semantics,binding,principle_A_case_2,True,True,False,False,904,2.8033275037147094,2.7343066863491106,0.06902081736559884,1,-69.30755937471986,-70.63318384066224,-100.14416191558166,-100.71055739050246,11,11
Elizabeth had thought about herself irritating Jeffrey.,Elizabeth had thought about herself irritated Jeffrey.,syntax/semantics,binding,principle_A_case_2,True,True,False,False,905,1.1943547358241169,1.5048582721098391,-0.31050353628572225,0,-62.84320545196533,-60.285794615745544,-72.39804333855827,-72.32466079262426,8,8
Michelle forgets about herself selling some spinach.,Michelle forgets about herself sold some spinach.,syntax/semantics,binding,principle_A_case_2,True,True,False,False,906,2.3100586841817563,2.0704592255686216,0.2395994586131347,1,-65.0840300321579,-66.39875674247742,-85.8745581897937,-85.03288977259501,9,9
Amelia thinks about herself examining a newspaper article.,Amelia thinks about herself examined a newspaper article.,syntax/semantics,binding,principle_A_case_2,True,True,False,False,907,2.4652157991508377,2.09122527938286,0.3739905197679776,1,-66.59969508647919,-69.76058650016785,-91.25185307798756,-90.67283929399645,10,10
Cindy wasn't thinking about herself talking to Brian.,Cindy wasn't thinking about herself talks to Brian.,syntax/semantics,binding,principle_A_case_2,True,True,False,False,908,2.9476623430536457,2.6333234415778386,0.3143389014758071,1,-56.62432125583291,-62.48238507285714,-91.99626937247666,-94.0822663717912,12,12
Mitchell thought about himself disgusting Marie.,Mitchell thought about himself disgusted Marie.,syntax/semantics,binding,principle_A_case_2,True,True,False,False,909,1.5501525055445775,1.7377859531841544,-0.1876334476395769,0,-64.17694330215454,-63.48916721343994,-76.57816334651116,-77.39145483891318,8,8
Every boy thinks about himself listening to George.,Every boy thinks about himself listens to George.,syntax/semantics,binding,principle_A_case_2,True,True,False,False,910,2.3034672409388737,2.109311817084653,0.19415542385422047,1,-51.2981076836586,-55.57413595914841,-72.02931285210846,-74.55794231291028,9,9
Kristen thought about herself running around high schools.,Kristen thought about herself runs around high schools.,syntax/semantics,binding,principle_A_case_2,True,True,False,False,911,2.1553849301927954,1.7562167241814763,0.3991682060113191,1,-64.25688230991364,-69.28201866149902,-85.81073161184159,-86.84418590331379,10,10
Matt does imagine himself hurting Elizabeth.,Matt does imagine himself hurt Elizabeth.,syntax/semantics,binding,principle_A_case_2,True,True,False,False,912,1.1159687967239864,0.9486489714531865,0.16731982527079992,1,-57.01641249656677,-55.69191229343414,-64.82819407363468,-62.33245509360645,7,7
Clyde forgets about himself hiring Stacy.,Clyde forgets about himself hired Stacy.,syntax/semantics,binding,principle_A_case_2,True,True,False,False,913,1.4401397563257319,1.314791104489305,0.12534865183642685,1,-79.33422386646271,-78.55291092395782,-93.73562142972003,-91.70082196885087,10,10
Gina thought about herself disturbing Janice.,Gina thought about herself disturbed Janice.,syntax/semantics,binding,principle_A_case_2,True,True,False,False,914,2.1239356645398764,2.0580543379469796,0.0658813265928968,1,-58.35357713699341,-58.15917468070984,-77.4689981178523,-76.68166372223266,9,9
Omar does imagine himself healing Beverly.,Omar does imagine himself healed Beverly.,syntax/semantics,binding,principle_A_case_2,True,True,False,False,915,0.0979436407414056,0.4675969885400413,-0.3696533477986357,0,-74.05092740058899,-71.48626232147217,-74.83447652652023,-75.2270382297925,8,8
Sandra is thinking about herself dropping by those closets.,Sandra is thinking about herself drops by those closets.,syntax/semantics,binding,principle_A_case_2,True,True,False,False,916,2.731984732972961,2.487549133774588,0.24443559919837332,1,-70.01156383752823,-72.20554050803185,-102.79538063320376,-102.0561301133269,12,12
Mitchell was imagining himself exiting this museum.,Mitchell was imagining himself exited this museum.,syntax/semantics,binding,principle_A_case_2,True,True,False,False,917,2.383680163006046,2.056821400340068,0.326858762665978,1,-68.95708751678467,-71.47137236595154,-90.41020898383908,-89.98276496901215,9,9
These people imagine themselves hiding many actors.,These people imagine themselves hide many actors.,syntax/semantics,binding,principle_A_case_2,True,True,False,False,918,1.94695545105483,2.0784161939665644,-0.13146074291173449,0,-54.954102873802185,-53.741132378578186,-70.52974648224082,-70.3684619303107,8,8
Adam thought about himself hugging Susan.,Adam thought about himself hugs Susan.,syntax/semantics,binding,principle_A_case_2,True,True,False,False,919,1.0288001248215923,0.5934244135247846,0.43537571129680774,1,-54.54758679866791,-57.56984543800354,-61.749187672419055,-61.72381633267703,7,7
The Impressionists forget about themselves kissing Alexander.,The Impressionists forget about themselves kiss Alexander.,syntax/semantics,binding,principle_A_case_2,True,True,False,False,920,2.967701608706855,2.6580828404033667,0.30961876830348833,1,-65.64937615394592,-67.1556658744812,-95.32639224101447,-93.73649427851487,10,10
Carol forgot about herself listening to a lot of customers.,Carol forgot about herself listened to a lot of customers.,syntax/semantics,binding,principle_A_case_2,True,True,False,False,921,2.2379257824923613,1.8867125576528778,0.3512132248394835,1,-66.8180504143238,-71.50869178771973,-93.67315980423214,-94.14924247955426,12,12
Some people forget about themselves going to these art galleries.,Some people forget about themselves go to these art galleries.,syntax/semantics,binding,principle_A_case_2,True,True,False,False,922,2.282504531166968,2.12198908803569,0.16051544313127808,1,-63.40348720550537,-64.60548400878906,-88.51103704834202,-87.94736397718165,11,11
Janice won't forget about herself wearing those blouses.,Janice won't forget about herself wears those blouses.,syntax/semantics,binding,principle_A_case_2,True,True,False,False,923,2.7941427062291075,2.4570937603518175,0.33704894587729006,1,-71.55313754081726,-77.10819208621979,-105.08285001556655,-106.5933172104416,12,12
Becky hadn't imagined herself describing Amelia.,Becky hadn't imagined herself describes Amelia.,syntax/semantics,binding,principle_A_case_2,True,True,False,False,924,2.2872493204758686,1.8714332336138,0.4158160868620686,1,-64.72901361435652,-68.01539712399244,-85.31425749863934,-84.85829622651664,9,9
Margaret was thinking about herself buying those dresses.,Margaret was thinking about herself buys those dresses.,syntax/semantics,binding,principle_A_case_2,True,True,False,False,925,3.4139572578538635,3.138440399224359,0.2755168586295045,1,-54.88460165262222,-59.21444219350815,-89.02417423116086,-90.59884618575174,10,10
Kevin had imagined himself confusing Ella.,Kevin had imagined himself confused Ella.,syntax/semantics,binding,principle_A_case_2,True,True,False,False,926,1.632398350658356,1.6938046214846025,-0.06140627082624661,0,-60.728994607925415,-58.89178252220154,-73.78818141319226,-72.44221949407836,8,8
Anna hadn't thought about herself revealing this actress.,Anna hadn't thought about herself revealed this actress.,syntax/semantics,binding,principle_A_case_2,True,True,False,False,927,1.7128463970736079,1.629146575029648,0.08369982204395976,1,-66.85515726171434,-65.99860895238817,-83.98362123245042,-82.29007470268465,10,10
A lot of actors think about themselves alarming Leslie.,A lot of actors think about themselves alarmed Leslie.,syntax/semantics,binding,principle_A_case_2,True,True,False,False,928,1.827150078894104,1.9393766876135003,-0.11222660871939638,0,-63.81502863764763,-61.53530976176262,-82.08652942658867,-80.92907663789762,10,10
Richard hasn't forgotten about himself exiting most schools.,Richard hasn't forgotten about himself exited most schools.,syntax/semantics,binding,principle_A_case_2,True,True,False,False,929,1.9637820902416876,1.6965334086686625,0.26724868157302506,1,-70.44968131138012,-72.69472411228344,-90.087502213797,-89.66005819897006,10,10
Alan won't imagine himself worrying those doctors.,Alan won't imagine himself worried those doctors.,syntax/semantics,binding,principle_A_case_2,True,True,False,False,930,2.176834863043325,2.0983477219113524,0.07848714113197275,1,-59.90074725449085,-58.90703745186329,-79.49226102188078,-77.79216694906546,9,9
Noah hadn't thought about himself approaching Kirsten.,Noah hadn't thought about himself approaches Kirsten.,syntax/semantics,binding,principle_A_case_2,True,True,False,False,931,1.3060864616678316,0.9368461093505299,0.3692403523173017,1,-75.82157927006483,-81.25323873013258,-90.18853034841098,-91.55854593298841,11,11
Melinda can forget about herself escaping from Paula.,Melinda can forget about herself escaped from Paula.,syntax/semantics,binding,principle_A_case_2,True,True,False,False,932,1.9034911415402775,1.6503950241459506,0.2530961173943269,1,-70.75811409950256,-71.67133855819702,-89.79302551490534,-88.17528879965653,10,10
Melissa thought about herself observing most actors.,Melissa thought about herself observed most actors.,syntax/semantics,binding,principle_A_case_2,True,True,False,False,933,2.1772455640880413,1.7530639842146438,0.42418157987339744,1,-63.61741352081299,-65.47620344161987,-83.21262359760536,-81.25377929955167,9,9
The Lutherans aren't thinking about themselves working with a cashier.,The Lutherans aren't thinking about themselves work with a cashier.,syntax/semantics,binding,principle_A_case_2,True,True,False,False,934,2.4299935276689513,2.0562351710677325,0.3737583566012188,1,-78.31155663728714,-82.1363337635994,-112.33146602465246,-110.92362615854765,14,14
Ella hadn't thought about herself observing the senator.,Ella hadn't thought about herself observed the senator.,syntax/semantics,binding,principle_A_case_2,True,True,False,False,935,2.0311111411325062,1.6326487161020629,0.3984624250304434,1,-69.77349019609392,-72.1977325733751,-92.11571274855149,-90.1568684504978,11,11
Carl forgets about himself breaking some car.,Carl forgets about himself breaks some car.,syntax/semantics,binding,principle_A_case_2,True,True,False,False,936,1.247190849771057,1.1946651636720054,0.05252568609905173,1,-66.30955493450165,-67.49252772331238,-77.53427258244116,-78.24451419636043,9,9
Some women think about themselves talking to Gerald.,Some women think about themselves talked to Gerald.,syntax/semantics,binding,principle_A_case_2,True,True,False,False,937,2.0759373502482643,1.9132487491652783,0.162688601082986,1,-51.223474740982056,-54.21100044250488,-69.90691089321643,-71.43023918499239,9,9
Beverly forgot about herself worrying Jacqueline.,Beverly forgot about herself worried Jacqueline.,syntax/semantics,binding,principle_A_case_2,True,True,False,False,938,2.5382068418102675,2.402474259718326,0.13573258209194128,1,-67.49621266126633,-67.15344440937042,-92.878281079369,-91.17818700655369,10,10
Craig forgets about himself returning to Daniel.,Craig forgets about himself returns to Daniel.,syntax/semantics,binding,principle_A_case_2,True,True,False,False,939,1.8431040736623647,1.840859553794865,0.002244519867499628,1,-65.11119496822357,-65.20274209976196,-81.69913163118485,-81.77047808391575,9,9
Margaret isn't thinking about herself hiding those hospitals.,Margaret isn't thinking about herself hides those hospitals.,syntax/semantics,binding,principle_A_case_2,True,True,False,False,940,2.6893132208945447,2.390648567664729,0.2986646532298156,1,-67.11251728888601,-72.62399523612112,-96.694962718726,-98.92112948043314,11,11
Ella thought about herself skated around many glaciers.,Ella thought about herself skates around many glaciers.,syntax/semantics,binding,principle_A_case_2,True,True,False,False,941,1.7152218421085323,2.0411634809191552,-0.3259416388106229,0,-78.49586713314056,-75.1603912115097,-97.36330739633442,-97.61318950162041,11,11
Dana won't forget about herself biking to the lake.,Dana won't forget about herself bikes to the lake.,syntax/semantics,binding,principle_A_case_2,True,True,False,False,942,2.290040102738859,1.814780106460314,0.4752599962785451,1,-65.42953311651945,-69.26440750807524,-92.91001434938576,-91.041768785599,12,12
Ronald will forget about himself going to Spain.,Ronald will forget about himself went to Spain.,syntax/semantics,binding,principle_A_case_2,True,True,False,False,943,2.196945552912419,1.994256892112236,0.202688660800183,1,-57.6526997089386,-60.40950095653534,-79.62215523806279,-80.3520698776577,10,10
Mitchell has thought about himself scanning a story.,Mitchell has thought about himself scans a story.,syntax/semantics,binding,principle_A_case_2,True,True,False,False,944,2.2964531165478803,2.1961159284480716,0.10033718809980874,1,-64.00300371646881,-65.5727710723877,-86.96753488194761,-87.53393035686841,10,10
Theresa didn't think about herself firing Kenneth.,Theresa didn't think about herself fires Kenneth.,syntax/semantics,binding,principle_A_case_2,True,True,False,False,945,1.9053550902922354,1.4449599734213705,0.4603951168708649,1,-63.03758643055335,-67.51320908451453,-82.0911373334757,-81.96280881872823,10,10
Alice thinks about herself firing Deanna.,Alice thinks about herself fires Deanna.,syntax/semantics,binding,principle_A_case_2,True,True,False,False,946,1.1978288061124118,0.7691098278647885,0.4287189782476233,1,-63.31609237194061,-66.61751568317413,-72.89872282083991,-72.77039430609244,8,8
Gary was imagining himself praising the boy.,Gary was imagining himself praises the boy.,syntax/semantics,binding,principle_A_case_2,True,True,False,False,947,2.0163466405523707,1.4900336221773003,0.5263130183750704,1,-52.825679421424866,-56.678768157958984,-68.95645254584383,-68.59903713537739,8,8
Melinda was thinking about herself breaking these bikes.,Melinda was thinking about herself breaks these bikes.,syntax/semantics,binding,principle_A_case_2,True,True,False,False,948,2.63456530064297,2.2943747169901854,0.34019058365278454,1,-61.76571440696716,-65.87786185741425,-88.11136741339686,-88.8216090273161,10,10
Christine should think about herself looking like many pictures.,Christine should think about herself looked like many pictures.,syntax/semantics,binding,principle_A_case_2,True,True,False,False,949,1.9289861312805074,1.940344364194795,-0.011358232914287614,0,-65.64684867858887,-65.64414775371552,-86.86569612267445,-86.98793575985826,11,11
Tammy thinks about herself finding those paintings.,Tammy thinks about herself finds those paintings.,syntax/semantics,binding,principle_A_case_2,True,True,False,False,950,2.0401617950062416,1.787819436861055,0.2523423581451867,1,-62.38318347930908,-65.17461788654327,-80.74463963436526,-81.26499281829277,9,9
Sara isn't thinking about herself embarrassing an association.,Sara isn't thinking about herself embarrassed an association.,syntax/semantics,binding,principle_A_case_2,True,True,False,False,951,2.207613944200362,2.128927568763655,0.07868637543670731,1,-65.66397289838642,-66.29731444921345,-89.9477262845904,-89.71551770561365,11,11
That bank thought about itself looking like this photograph.,That bank thought about itself looked like this photograph.,syntax/semantics,binding,principle_A_case_2,True,True,False,False,952,1.2032031867105588,1.3392286321527251,-0.13602544544216633,0,-65.756786942482,-64.51877212524414,-77.78881880958758,-77.91105844677139,10,10
The people forget about themselves revealing every man.,The people forget about themselves revealed every man.,syntax/semantics,binding,principle_A_case_2,True,True,False,False,953,2.07297620711744,1.9389999069842991,0.13397630013314066,1,-53.383832693099976,-52.89607286453247,-72.04061855715693,-70.34707202739116,9,9
The Lutherans forget about themselves passing Spain.,The Lutherans forget about themselves pass Spain.,syntax/semantics,binding,principle_A_case_2,True,True,False,False,954,1.174343597088125,0.7319489141616297,0.4423946829264954,1,-68.8177216053009,-71.91090548038483,-79.38681397909403,-78.4984457078395,9,9
Rose hadn't thought about herself arriving at the hill.,Rose hadn't thought about herself arrives at the hill.,syntax/semantics,binding,principle_A_case_2,True,True,False,False,955,2.2967687618306187,1.8961634605530728,0.4006053012775459,1,-61.83814768306911,-66.36728302948177,-87.10260406320592,-87.22508109556557,11,11
Paul thinks about himself cleaning many art galleries.,Paul thinks about himself cleans many art galleries.,syntax/semantics,binding,principle_A_case_2,True,True,False,False,956,1.6674613470922282,1.618709113079376,0.048752234012852114,1,-67.63014161586761,-70.01648807525635,-82.63729373969767,-84.58487009297073,9,9
Alice imagined herself confusing the student.,Alice imagined herself confused the student.,syntax/semantics,binding,principle_A_case_2,True,True,False,False,957,1.45004993532414,1.453309953087442,-0.003260017763301981,0,-53.543166399002075,-52.174384355545044,-63.693515946271056,-62.34755402715714,7,7
A woman imagines herself curing those boys.,A woman imagines herself cured those boys.,syntax/semantics,binding,principle_A_case_2,True,True,False,False,958,1.9850603094936206,2.2224999220138923,-0.2374396125202718,0,-65.01450955867767,-60.9525363445282,-82.88005234412026,-80.95503564265323,9,9
All waitresses couldn't think about themselves stunning Nina.,All waitresses couldn't think about themselves stunned Nina.,syntax/semantics,binding,principle_A_case_2,True,True,False,False,959,1.353585484520349,1.3528098632286236,0.0007756212917253702,1,-80.0612779147923,-79.53557603433728,-94.95071824451614,-94.41648452985214,11,11
Steven shouldn't think about himself hurting Jodi.,Steven shouldn't think about himself hurt Jodi.,syntax/semantics,binding,principle_A_case_2,True,True,False,False,960,2.413830330892824,2.2659231098881407,0.14790722100468345,1,-61.029270213097334,-60.01260344311595,-85.16757352202558,-82.67183454199736,10,10
Many dancers were thinking about themselves hiding the Clintons.,Many dancers were thinking about themselves hide the Clintons.,syntax/semantics,binding,principle_A_case_2,True,True,False,False,961,2.2617954168032184,1.8847148227094466,0.3770805940937718,1,-67.42248010635376,-71.03200149536133,-90.04043427438594,-89.8791497224558,10,10
That legislature forgot about itself aggravating Carrie.,That legislature forgot about itself aggravated Carrie.,syntax/semantics,binding,principle_A_case_2,True,True,False,False,962,1.355943471639367,0.5139870965214861,0.8419563751178809,1,-75.00566345453262,-73.45925915241241,-87.20915469928693,-77.5711559245843,9,8
Brett thinks about himself hiding Ellen.,Brett thinks about himself hid Ellen.,syntax/semantics,binding,principle_A_case_2,True,True,False,False,963,1.5834058276763407,1.150026372778818,0.4333794548975227,1,-57.18355846405029,-61.7482430934906,-69.85080508546102,-70.94845407572114,8,8
Heather has forgotten about herself shocking Diana.,Heather has forgotten about herself shocked Diana.,syntax/semantics,binding,principle_A_case_2,True,True,False,False,964,1.6537732679097954,1.6451372728623395,0.008635995047455935,1,-65.54898071289062,-64.65458834171295,-80.43294012407878,-79.460823797474,9,9
Kathleen won't imagine herself scanning every documentary.,Kathleen won't imagine herself scanned every documentary.,syntax/semantics,binding,principle_A_case_2,True,True,False,False,965,2.495318839498333,2.4542046605540793,0.041114178944253954,1,-74.48317977786064,-74.59832021594048,-101.93168701234231,-101.59457148203535,11,11
Laura imagines herself leaving Rachelle.,Laura imagines herself left Rachelle.,syntax/semantics,binding,principle_A_case_2,True,True,False,False,966,1.334924234478006,1.7146041550887183,-0.37967992061071243,0,-67.03487408161163,-62.386838555336,-77.71426795743568,-76.10367179604575,8,8
The cashiers think about themselves skated around most museums.,The cashiers think about themselves skated around most museums.,syntax/semantics,binding,principle_A_case_2,True,True,False,False,967,1.9122421721199931,1.9122421721199931,0.0,0,-81.066082239151,-81.066082239151,-104.01298830459092,-104.01298830459092,12,12
Ronald forgets about himself aggravating a senator.,Ronald forgets about himself aggravated a senator.,syntax/semantics,binding,principle_A_case_2,True,True,False,False,968,2.612553423012834,2.091258881883391,0.5212945411294432,1,-76.19545942544937,-74.38295948505402,-104.93354707859055,-95.29554830388793,11,10
Beth won't forget about herself returning to some lake.,Beth won't forget about herself returned to some lake.,syntax/semantics,binding,principle_A_case_2,True,True,False,False,969,1.9401751863995809,1.8185414174929946,0.12163376890658628,1,-68.81030094623566,-68.61493837833405,-92.09240318303063,-90.43743538824998,12,12
Christopher imagines himself exploring a mall.,Christopher imagines himself explores a mall.,syntax/semantics,binding,principle_A_case_2,True,True,False,False,970,2.1301067433359933,2.0904854238225887,0.03962131951340453,1,-60.669458746910095,-62.30588364601135,-77.71031269359804,-79.02976703659206,8,8
All governments forget about themselves listening to Veronica.,All governments forget about themselves listened to Veronica.,syntax/semantics,binding,principle_A_case_2,True,True,False,False,971,1.6544019850391989,1.38884507922477,0.2655569058144289,1,-63.32546520233154,-66.19156002998352,-78.21508306768433,-78.69116574300645,9,9
Joel thought about himself bothering Roger.,Joel thought about himself bothered Roger.,syntax/semantics,binding,principle_A_case_2,True,True,False,False,972,1.863376857291481,1.616827002186266,0.246549855105215,1,-55.29727816581726,-56.73913884162903,-70.20429302414911,-69.67375485911916,8,8
The patients have imagined themselves cleaning all movie theaters.,The patients have imagined themselves cleaned all movie theaters.,syntax/semantics,binding,principle_A_case_2,True,True,False,False,973,1.6139881308485058,1.8035958681538147,-0.1896077373053089,0,-72.39574885368347,-70.90125954151154,-88.53563016216853,-88.93721822304968,10,10
Deborah imagines herself confusing that association.,Deborah imagines herself confused that association.,syntax/semantics,binding,principle_A_case_2,True,True,False,False,974,2.0076011972032544,2.190096779010626,-0.18249558180737147,0,-73.12058281898499,-70.13216066360474,-91.18899359381427,-89.84303167470037,9,9
Diana thinks about herself thinking about those photographs.,Diana thinks about herself thinks about those photographs.,syntax/semantics,binding,principle_A_case_2,True,True,False,False,975,2.66801625353514,2.4247428840756555,0.24327336945948463,1,-58.23450165987015,-61.640393018722534,-84.91466419522155,-85.88782185947909,10,10
Michael thought about himself irritating most drivers.,Michael thought about himself irritated most drivers.,syntax/semantics,binding,principle_A_case_2,True,True,False,False,976,0.3810233149793696,0.40878785273279306,-0.02776453775342347,0,-67.91498899459839,-67.61949014663696,-70.96317551443335,-70.88979296849931,8,8
Barbara is imagining herself thinking about the customers.,Barbara is imagining herself thought about the customers.,syntax/semantics,binding,principle_A_case_2,True,True,False,False,977,2.6766792022243266,2.267651528918762,0.40902767330556467,1,-59.91098153591156,-62.51836919784546,-86.67777355815483,-85.19488448703308,10,10
All customers forgot about themselves concealing that essay.,All customers forgot about themselves concealed that essay.,syntax/semantics,binding,principle_A_case_2,True,True,False,False,978,1.53570895023299,0.6467438582450818,0.8889650919879081,1,-76.14560437202454,-73.29162108898163,-91.50269387435443,-79.11231581318737,10,9
Aaron imagines himself listening to Brian.,Aaron imagines himself listens to Brian.,syntax/semantics,binding,principle_A_case_2,True,True,False,False,979,2.4597673755482248,2.6482810840192528,-0.188513708471028,0,-54.87522929906845,-55.89574909210205,-74.55336830345425,-77.08199776425607,8,8
This university has thought about itself talking about Candice.,This university has thought about itself talked about Candice.,syntax/semantics,binding,principle_A_case_2,True,True,False,False,980,2.0408805724503907,1.96019659761016,0.0806839748402306,1,-68.55658659338951,-70.96743860840797,-91.00627289034381,-92.52960118211973,11,11
Marla wasn't thinking about herself confusing Nicole.,Marla wasn't thinking about herself confused Nicole.,syntax/semantics,binding,principle_A_case_2,True,True,False,False,981,2.5121371293779533,2.421258327765403,0.09087880161255013,1,-62.973903961479664,-62.53673005849123,-88.0952752552592,-86.74931333614526,10,10
Sabrina hasn't thought about herself exploring the river.,Sabrina hasn't thought about herself explores the river.,syntax/semantics,binding,principle_A_case_2,True,True,False,False,982,2.5901313675645175,2.122706056489769,0.4674253110747486,1,-66.06830291403458,-72.52943567885086,-94.55974795724427,-95.87920230023832,11,11
Stacey imagines herself helping boys.,Stacey imagines herself helped boys.,syntax/semantics,binding,principle_A_case_2,True,True,False,False,983,2.4684261443321915,2.486707960632071,-0.01828181629987924,0,-58.58653020858765,-57.94269096851349,-78.33393936324518,-77.83635465357006,8,8
William did imagine himself complaining about Andrea.,William did imagine himself complains about Andrea.,syntax/semantics,binding,principle_A_case_2,True,True,False,False,984,2.116269106085035,1.8635312168071003,0.2527378892779346,1,-56.2158488035202,-59.804699778556824,-73.14600165220048,-74.71294951301363,8,8
Dan imagines himself observing Bruce.,Dan imagines himself observed Bruce.,syntax/semantics,binding,principle_A_case_2,True,True,False,False,985,2.150865930061554,2.045965621905416,0.10490030815613816,1,-57.16642618179321,-55.94188404083252,-72.22248769222409,-70.26364339417043,7,7
Barbara thinks about herself embarrassing Omar.,Barbara thinks about herself embarrassed Omar.,syntax/semantics,binding,principle_A_case_2,True,True,False,False,986,1.9245950313459836,2.0042499075889637,-0.07965487624298007,0,-63.179176926612854,-62.30972933769226,-78.57593717738072,-78.34372859840397,8,8
Phillip thinks about himself healing Amanda.,Phillip thinks about himself heals Amanda.,syntax/semantics,binding,principle_A_case_2,True,True,False,False,987,1.346446521982699,1.7194824473179047,-0.3730359253352056,0,-65.78015208244324,-64.83708500862122,-76.55172425830483,-78.59294458716445,8,8
The Impressionists think about themselves aggravating Anne.,The Impressionists think about themselves aggravate Anne.,syntax/semantics,binding,principle_A_case_2,True,True,False,False,988,3.334798538582328,3.2711209559827137,0.06367758259961454,1,-67.36204260587692,-67.23545789718628,-104.04482653028253,-103.21778841299613,11,11
Many guests imagine themselves questioning the men.,Many guests imagine themselves question the men.,syntax/semantics,binding,principle_A_case_2,True,True,False,False,989,1.7243457813709817,1.004504514379196,0.7198412669917857,1,-55.966331243515015,-58.75058579444885,-69.76109749448287,-66.78662190948242,8,8
Anna had thought about herself working with Angela.,Anna had thought about herself worked with Angela.,syntax/semantics,binding,principle_A_case_2,True,True,False,False,990,2.144044098327435,1.741703108283717,0.40234099004371804,1,-52.50284552574158,-56.414286851882935,-71.79924241068849,-72.08961482643639,9,9
Christine thinks about herself attacking Alicia.,Christine thinks about herself attacked Alicia.,syntax/semantics,binding,principle_A_case_2,True,True,False,False,991,2.2145114207147962,2.0437616512931918,0.17074976942160447,1,-58.03545594215393,-58.32696843147278,-75.7515473078723,-74.67706164181831,8,8
Sabrina thought about herself messing up schools.,Sabrina thought about herself messed up schools.,syntax/semantics,binding,principle_A_case_2,True,True,False,False,992,1.785932261825315,2.1452385586974256,-0.3593062968721106,0,-66.59314930438995,-63.25198696553707,-82.66653966081779,-82.5591339938139,9,9
Some man had thought about himself watching a pedestrian.,Some man had thought about himself watched a pedestrian.,syntax/semantics,binding,principle_A_case_2,True,True,False,False,993,1.8554348730985368,1.593569388290149,0.2618654848083879,1,-59.29690861701965,-62.40703105926514,-77.85125734800502,-78.34272494216663,10,10
Renee hadn't thought about herself watching Scott.,Renee hadn't thought about herself watches Scott.,syntax/semantics,binding,principle_A_case_2,True,True,False,False,994,2.0239567425905562,1.3417643492894313,0.6821923933011249,1,-64.98307078145444,-72.47527330182493,-85.22263820736,-85.89291679471924,10,10
Diana thinks about herself discovering Lissa.,Diana thinks about herself discovers Lissa.,syntax/semantics,binding,principle_A_case_2,True,True,False,False,995,2.216881407632488,2.1383746312264313,0.07850677640605674,1,-62.4415237903595,-63.56581997871399,-82.39345645905189,-82.81119165975187,9,9
Kayla might forget about herself breaking all bicycles.,Kayla might forget about herself breaks all bicycles.,syntax/semantics,binding,principle_A_case_2,True,True,False,False,996,1.023817557369199,0.8839320064465198,0.13988555092267918,1,-79.91106498241425,-82.0201621055603,-90.14924055610624,-90.8594821700255,10,10
Some cashiers think about themselves astounding Veronica.,Some cashiers think about themselves astound Veronica.,syntax/semantics,binding,principle_A_case_2,True,True,False,False,997,1.0869255471073762,1.6020271476986436,-0.5151016005912674,0,-75.68296074867249,-78.40080666542053,-85.46529067263887,-94.42107814240697,9,10
Stacey forgets about herself visiting Julie.,Stacey forgets about herself visits Julie.,syntax/semantics,binding,principle_A_case_2,True,True,False,False,998,2.6868778063649947,2.443960701657785,0.24291710470720984,1,-63.71508455276489,-66.21561336517334,-87.89698481004984,-88.2112596800934,9,9
Many people think about themselves bringing a lot of bananas.,Many people think about themselves brought a lot of bananas.,syntax/semantics,binding,principle_A_case_2,True,True,False,False,999,2.9255662338338015,2.8398654526369,0.0857007811969015,1,-51.954210340976715,-51.1766497194767,-84.13543891314853,-82.4151696984826,11,11
