sentence_good,sentence_bad,field,linguistics_term,UID,simple_LM_method,one_prefix_method,two_prefix_method,lexically_identical,pair_id,good_prob,bad_prob,correct
What senators was Alicia approaching and some teachers scaring?,What was Alicia approaching senators and some teachers scaring?,syntax,island_effects,coordinate_structure_constraint_complex_left_branch,True,False,True,True,0,-83.62936401367188,-79.88076782226562,0
Whose restaurants is Clyde exiting and Amelia talking about?,Whose is Clyde exiting restaurants and Amelia talking about?,syntax,island_effects,coordinate_structure_constraint_complex_left_branch,True,False,True,True,1,-83.38264465332031,-83.29730224609375,0
Which teenagers had Tamara hired and Grace fired?,Which had Tamara hired teenagers and Grace fired?,syntax,island_effects,coordinate_structure_constraint_complex_left_branch,True,False,True,True,2,-80.47317504882812,-77.48089599609375,0
What lights could Spain sell and Andrea discover?,What could Spain sell lights and Andrea discover?,syntax,island_effects,coordinate_structure_constraint_complex_left_branch,True,False,True,True,3,-79.49292755126953,-74.9141616821289,0
What paintings has Melissa looked like and Erin revealed?,What has Melissa looked like paintings and Erin revealed?,syntax,island_effects,coordinate_structure_constraint_complex_left_branch,True,False,True,True,4,-79.84065246582031,-74.41432189941406,0
Which carriages has Melanie found and Diana revealed?,Which has Melanie found carriages and Diana revealed?,syntax,island_effects,coordinate_structure_constraint_complex_left_branch,True,False,True,True,5,-79.60833740234375,-77.29914855957031,0
What offspring has William stunned and Melinda escaped from?,What has William stunned offspring and Melinda escaped from?,syntax,island_effects,coordinate_structure_constraint_complex_left_branch,True,False,True,True,6,-84.04161071777344,-83.40625,0
What alumni might some socks shock and Denise appreciate?,What might some socks shock alumni and Denise appreciate?,syntax,island_effects,coordinate_structure_constraint_complex_left_branch,True,False,True,True,7,-87.82154083251953,-88.32984924316406,1
Which girls is the dress irritating and the Lutherans revealing?,Which is the dress irritating girls and the Lutherans revealing?,syntax,island_effects,coordinate_structure_constraint_complex_left_branch,True,False,True,True,8,-90.77720642089844,-87.76123046875,0
What guys could those girls flee from and a lot of socks bore?,What could those girls flee from guys and a lot of socks bore?,syntax,island_effects,coordinate_structure_constraint_complex_left_branch,True,False,True,True,9,-93.92431640625,-90.33769226074219,0
What schools were many cars embarrassing and Daniel driving to?,What were many cars embarrassing schools and Daniel driving to?,syntax,island_effects,coordinate_structure_constraint_complex_left_branch,True,False,True,True,10,-82.39602661132812,-79.71403503417969,0
What cafes could some teenager skate around and a lot of committees conceal?,What could some teenager skate around cafes and a lot of committees conceal?,syntax,island_effects,coordinate_structure_constraint_complex_left_branch,True,False,True,True,11,-105.91857147216797,-103.65010070800781,0
What lakes had Elaine escaped from and Gary thought about?,What had Elaine escaped from lakes and Gary thought about?,syntax,island_effects,coordinate_structure_constraint_complex_left_branch,True,False,True,True,12,-84.84329223632812,-75.30421447753906,0
What mountains is Aaron lifting and that woman insulting?,What is Aaron lifting mountains and that woman insulting?,syntax,island_effects,coordinate_structure_constraint_complex_left_branch,True,False,True,True,13,-79.39460754394531,-73.28272247314453,0
Which children had Phillip worried and Dawn disturbed?,Which had Phillip worried children and Dawn disturbed?,syntax,island_effects,coordinate_structure_constraint_complex_left_branch,True,False,True,True,14,-72.24974060058594,-72.9128646850586,1
Whose closets can drivers arrive at and Heidi walk through?,Whose can drivers arrive at closets and Heidi walk through?,syntax,island_effects,coordinate_structure_constraint_complex_left_branch,True,False,True,True,15,-99.44795227050781,-93.98819732666016,0
Which students has Steve hired and Monet hated?,Which has Steve hired students and Monet hated?,syntax,island_effects,coordinate_structure_constraint_complex_left_branch,True,False,True,True,16,-78.06898498535156,-76.46417999267578,0
Which analyses can Heidi dislike and Melissa think about?,Which can Heidi dislike analyses and Melissa think about?,syntax,island_effects,coordinate_structure_constraint_complex_left_branch,True,False,True,True,17,-82.00039672851562,-81.54737091064453,0
Which libraries had those waiters lifted and Alicia explored?,Which had those waiters lifted libraries and Alicia explored?,syntax,island_effects,coordinate_structure_constraint_complex_left_branch,True,False,True,True,18,-93.81434631347656,-91.2258529663086,0
Which children has Valerie approached and Sonia hurt?,Which has Valerie approached children and Sonia hurt?,syntax,island_effects,coordinate_structure_constraint_complex_left_branch,True,False,True,True,19,-73.6915283203125,-73.48835754394531,0
Which students does Leslie kiss and Kendra visit?,Which does Leslie kiss students and Kendra visit?,syntax,island_effects,coordinate_structure_constraint_complex_left_branch,True,False,True,True,20,-78.29703521728516,-78.78437805175781,1
Which teachers did Veronica work with and the rivers bore?,Which did Veronica work with teachers and the rivers bore?,syntax,island_effects,coordinate_structure_constraint_complex_left_branch,True,False,True,True,21,-80.68132019042969,-75.87116241455078,0
What adults is Jodi curing and Karen returning to?,What is Jodi curing adults and Karen returning to?,syntax,island_effects,coordinate_structure_constraint_complex_left_branch,True,False,True,True,22,-84.59147644042969,-80.75823974609375,0
Which men might Regina work with and that waiter cure?,Which might Regina work with men and that waiter cure?,syntax,island_effects,coordinate_structure_constraint_complex_left_branch,True,False,True,True,23,-85.81101989746094,-79.20088958740234,0
What slopes had Lori descended and Carlos climbed down?,What had Lori descended slopes and Carlos climbed down?,syntax,island_effects,coordinate_structure_constraint_complex_left_branch,True,False,True,True,24,-80.68512725830078,-77.28263092041016,0
Which women could Emily criticize and Christine notice?,Which could Emily criticize women and Christine notice?,syntax,island_effects,coordinate_structure_constraint_complex_left_branch,True,False,True,True,25,-73.79583740234375,-71.20020294189453,0
Which lakes had most girls biked to and most drivers described?,Which had most girls biked to lakes and most drivers described?,syntax,island_effects,coordinate_structure_constraint_complex_left_branch,True,False,True,True,26,-102.3026123046875,-93.638916015625,0
Whose mice can Julia bring and Brett notice?,Whose can Julia bring mice and Brett notice?,syntax,island_effects,coordinate_structure_constraint_complex_left_branch,True,False,True,True,27,-82.87930297851562,-81.36184692382812,0
Which teeth is Samuel fixing and Grace selling?,Which is Samuel fixing teeth and Grace selling?,syntax,island_effects,coordinate_structure_constraint_complex_left_branch,True,False,True,True,28,-74.3414077758789,-69.50017547607422,0
Which girls was Tara kissing and Alice thinking about?,Which was Tara kissing girls and Alice thinking about?,syntax,island_effects,coordinate_structure_constraint_complex_left_branch,True,False,True,True,29,-73.28302001953125,-68.94468688964844,0
What cashiers is Ellen shocking and the waitresses boring?,What is Ellen shocking cashiers and the waitresses boring?,syntax,island_effects,coordinate_structure_constraint_complex_left_branch,True,False,True,True,30,-100.68914031982422,-96.79719543457031,0
Which doctors is Angela hugging and Paula admiring?,Which is Angela hugging doctors and Paula admiring?,syntax,island_effects,coordinate_structure_constraint_complex_left_branch,True,False,True,True,31,-74.28001403808594,-72.77297973632812,0
Which men does Theresa describe and every coat worry?,Which does Theresa describe men and every coat worry?,syntax,island_effects,coordinate_structure_constraint_complex_left_branch,True,False,True,True,32,-83.29939270019531,-79.05253601074219,0
Which customers was Stacey curing and these pedestrians complaining about?,Which was Stacey curing customers and these pedestrians complaining about?,syntax,island_effects,coordinate_structure_constraint_complex_left_branch,True,False,True,True,33,-96.80978393554688,-92.64854431152344,0
What guests had Donna concealed and some lady appreciated?,What had Donna concealed guests and some lady appreciated?,syntax,island_effects,coordinate_structure_constraint_complex_left_branch,True,False,True,True,34,-80.1505126953125,-76.0355453491211,0
Which people have many universities known and Gregory praised?,Which have many universities known people and Gregory praised?,syntax,island_effects,coordinate_structure_constraint_complex_left_branch,True,False,True,True,35,-65.20578002929688,-67.9100341796875,1
What waitresses is Sheila distracting and Tracy returning to?,What is Sheila distracting waitresses and Tracy returning to?,syntax,island_effects,coordinate_structure_constraint_complex_left_branch,True,False,True,True,36,-89.62277221679688,-87.98280334472656,0
Whose mountains might Rhonda climb up and Becky explore?,Whose might Rhonda climb up mountains and Becky explore?,syntax,island_effects,coordinate_structure_constraint_complex_left_branch,True,False,True,True,37,-95.2559814453125,-96.90853881835938,1
Which men had some museums known and some waitress listened to?,Which had some museums known men and some waitress listened to?,syntax,island_effects,coordinate_structure_constraint_complex_left_branch,True,False,True,True,38,-84.64381408691406,-83.04582214355469,0
What senators did those teenagers astound and Heidi criticize?,What did those teenagers astound senators and Heidi criticize?,syntax,island_effects,coordinate_structure_constraint_complex_left_branch,True,False,True,True,39,-94.62028503417969,-90.76774597167969,0
Which students can Rose impress and Cindy see?,Which can Rose impress students and Cindy see?,syntax,island_effects,coordinate_structure_constraint_complex_left_branch,True,False,True,True,40,-71.43348693847656,-70.86975860595703,0
What waitresses had Gerald worked with and George annoyed?,What had Gerald worked with waitresses and George annoyed?,syntax,island_effects,coordinate_structure_constraint_complex_left_branch,True,False,True,True,41,-85.3175048828125,-82.60575103759766,0
Which books did Marcus hate and Craig praise?,Which did Marcus hate books and Craig praise?,syntax,island_effects,coordinate_structure_constraint_complex_left_branch,True,False,True,True,42,-75.59646606445312,-71.62364196777344,0
Whose hospitals can Gregory tour and Douglas irritate?,Whose can Gregory tour hospitals and Douglas irritate?,syntax,island_effects,coordinate_structure_constraint_complex_left_branch,True,False,True,True,43,-86.06828308105469,-87.637451171875,1
Whose pants will Margaret wear and Donald lift?,Whose will Margaret wear pants and Donald lift?,syntax,island_effects,coordinate_structure_constraint_complex_left_branch,True,False,True,True,44,-81.45391845703125,-78.96125793457031,0
Which men had those cashiers visited and Jeffrey admired?,Which had those cashiers visited men and Jeffrey admired?,syntax,island_effects,coordinate_structure_constraint_complex_left_branch,True,False,True,True,45,-87.69235229492188,-85.56710815429688,0
Whose libraries has Jerry toured and many turtles scared?,Whose has Jerry toured libraries and many turtles scared?,syntax,island_effects,coordinate_structure_constraint_complex_left_branch,True,False,True,True,46,-89.00967407226562,-90.8116455078125,1
What men did all actors shock and Carrie investigate?,What did all actors shock men and Carrie investigate?,syntax,island_effects,coordinate_structure_constraint_complex_left_branch,True,False,True,True,47,-76.88046264648438,-75.02799224853516,0
What slopes was Donald lifting and Jacqueline selling?,What was Donald lifting slopes and Jacqueline selling?,syntax,island_effects,coordinate_structure_constraint_complex_left_branch,True,False,True,True,48,-84.90139770507812,-79.11895751953125,0
Which shoes had these doctors worn and the pedestrians sold?,Which had these doctors worn shoes and the pedestrians sold?,syntax,island_effects,coordinate_structure_constraint_complex_left_branch,True,False,True,True,49,-79.23651123046875,-74.48224639892578,0
Which actresses is Donna boring and Denise alarming?,Which is Donna boring actresses and Denise alarming?,syntax,island_effects,coordinate_structure_constraint_complex_left_branch,True,False,True,True,50,-77.97653198242188,-75.1058349609375,0
What actresses could Monet talk to and some schools impress?,What could Monet talk to actresses and some schools impress?,syntax,island_effects,coordinate_structure_constraint_complex_left_branch,True,False,True,True,51,-93.65228271484375,-84.27790069580078,0
Whose organizations was Rachel worrying and some river disturbing?,Whose was Rachel worrying organizations and some river disturbing?,syntax,island_effects,coordinate_structure_constraint_complex_left_branch,True,False,True,True,52,-92.8067626953125,-91.90437316894531,0
What teachers are prints confusing and Amanda bothering?,What are prints confusing teachers and Amanda bothering?,syntax,island_effects,coordinate_structure_constraint_complex_left_branch,True,False,True,True,53,-71.1239013671875,-69.44169616699219,0
What waitresses were those ladies upsetting and Julie appreciating?,What were those ladies upsetting waitresses and Julie appreciating?,syntax,island_effects,coordinate_structure_constraint_complex_left_branch,True,False,True,True,54,-96.32389068603516,-97.64349365234375,1
Which boys had the chicken shocked and girls described?,Which had the chicken shocked boys and girls described?,syntax,island_effects,coordinate_structure_constraint_complex_left_branch,True,False,True,True,55,-68.91163635253906,-68.78423309326172,0
What men should Regina fire and Rebecca distract?,What should Regina fire men and Rebecca distract?,syntax,island_effects,coordinate_structure_constraint_complex_left_branch,True,False,True,True,56,-71.99093627929688,-70.91277313232422,0
Which malls has Denise cleaned and Dan brought?,Which has Denise cleaned malls and Dan brought?,syntax,island_effects,coordinate_structure_constraint_complex_left_branch,True,False,True,True,57,-77.66755676269531,-76.29273223876953,0
What malls had Adam returned to and a lot of senators disliked?,What had Adam returned to malls and a lot of senators disliked?,syntax,island_effects,coordinate_structure_constraint_complex_left_branch,True,False,True,True,58,-93.56877136230469,-85.948486328125,0
Which glaciers had the adult biked to and Mary dropped by?,Which had the adult biked to glaciers and Mary dropped by?,syntax,island_effects,coordinate_structure_constraint_complex_left_branch,True,False,True,True,59,-93.21900939941406,-87.60881042480469,0
What waitresses was that mirror boring and Barbara discovering?,What was that mirror boring waitresses and Barbara discovering?,syntax,island_effects,coordinate_structure_constraint_complex_left_branch,True,False,True,True,60,-90.27155303955078,-88.72616577148438,0
Which hamsters does Kayla lift and Amanda discover?,Which does Kayla lift hamsters and Amanda discover?,syntax,island_effects,coordinate_structure_constraint_complex_left_branch,True,False,True,True,61,-90.99676513671875,-88.003173828125,0
What schools was Gary dropping by and Tina biking to?,What was Gary dropping by schools and Tina biking to?,syntax,island_effects,coordinate_structure_constraint_complex_left_branch,True,False,True,True,62,-91.093994140625,-83.5812759399414,0
Which art galleries will Vanessa arrive at and Kimberley insult?,Which will Vanessa arrive at art galleries and Kimberley insult?,syntax,island_effects,coordinate_structure_constraint_complex_left_branch,True,False,True,True,63,-98.42794799804688,-93.82197570800781,0
What customers was this waiter observing and Margaret observing?,What was this waiter observing customers and Margaret observing?,syntax,island_effects,coordinate_structure_constraint_complex_left_branch,True,False,True,True,64,-84.79740905761719,-78.78485107421875,0
Which public parks might this girl respect and Rhonda tour?,Which might this girl respect public parks and Rhonda tour?,syntax,island_effects,coordinate_structure_constraint_complex_left_branch,True,False,True,True,65,-96.92404174804688,-93.62028503417969,0
What customers has Gregory forgotten and the teenager kissed?,What has Gregory forgotten customers and the teenager kissed?,syntax,island_effects,coordinate_structure_constraint_complex_left_branch,True,False,True,True,66,-82.21238708496094,-79.33576202392578,0
Which guests do all patients notice and the cats impress?,Which do all patients notice guests and the cats impress?,syntax,island_effects,coordinate_structure_constraint_complex_left_branch,True,False,True,True,67,-80.88848876953125,-80.63188934326172,0
Which stories will a teenager hate and Carl forget?,Which will a teenager hate stories and Carl forget?,syntax,island_effects,coordinate_structure_constraint_complex_left_branch,True,False,True,True,68,-74.48600006103516,-70.98643493652344,0
What companies was music astounding and David disturbing?,What was music astounding companies and David disturbing?,syntax,island_effects,coordinate_structure_constraint_complex_left_branch,True,False,True,True,69,-73.96587371826172,-70.52252960205078,0
What men has Samuel annoyed and Cynthia observed?,What has Samuel annoyed men and Cynthia observed?,syntax,island_effects,coordinate_structure_constraint_complex_left_branch,True,False,True,True,70,-70.61433410644531,-69.64234161376953,0
What children has Dan worked with and Craig insulted?,What has Dan worked with children and Craig insulted?,syntax,island_effects,coordinate_structure_constraint_complex_left_branch,True,False,True,True,71,-74.34780883789062,-67.35516357421875,0
Which boys was Noah praising and a child approaching?,Which was Noah praising boys and a child approaching?,syntax,island_effects,coordinate_structure_constraint_complex_left_branch,True,False,True,True,72,-74.19512939453125,-70.24040985107422,0
What high schools had Brenda gone to and Martha sold?,What had Brenda gone to high schools and Martha sold?,syntax,island_effects,coordinate_structure_constraint_complex_left_branch,True,False,True,True,73,-83.74525451660156,-77.18147277832031,0
What pedestrians would the waitresses dislike and Carrie praise?,What would the waitresses dislike pedestrians and Carrie praise?,syntax,island_effects,coordinate_structure_constraint_complex_left_branch,True,False,True,True,74,-96.98955535888672,-91.87138366699219,0
Whose windows do most doctors break and Melissa lift?,Whose do most doctors break windows and Melissa lift?,syntax,island_effects,coordinate_structure_constraint_complex_left_branch,True,False,True,True,75,-84.61299896240234,-80.75933837890625,0
Which teachers can Claire flee from and Andrew hide?,Which can Claire flee from teachers and Andrew hide?,syntax,island_effects,coordinate_structure_constraint_complex_left_branch,True,False,True,True,76,-79.54557800292969,-76.50153350830078,0
Which schools has Frank exited and a photograph disgusted?,Which has Frank exited schools and a photograph disgusted?,syntax,island_effects,coordinate_structure_constraint_complex_left_branch,True,False,True,True,77,-78.0706787109375,-77.78756713867188,0
What students has Stacey appreciated and Anne discussed?,What has Stacey appreciated students and Anne discussed?,syntax,island_effects,coordinate_structure_constraint_complex_left_branch,True,False,True,True,78,-78.66181945800781,-79.1689224243164,1
What children is a nose disgusting and Nancy escaping from?,What is a nose disgusting children and Nancy escaping from?,syntax,island_effects,coordinate_structure_constraint_complex_left_branch,True,False,True,True,79,-76.12428283691406,-72.61328125,0
Whose octopi had Helen cured and a pedestrian thought about?,Whose had Helen cured octopi and a pedestrian thought about?,syntax,island_effects,coordinate_structure_constraint_complex_left_branch,True,False,True,True,80,-100.95307922363281,-101.48741149902344,1
Which waitresses had Jessica insulted and Rhonda thought about?,Which had Jessica insulted waitresses and Rhonda thought about?,syntax,island_effects,coordinate_structure_constraint_complex_left_branch,True,False,True,True,81,-97.12557220458984,-97.4990234375,1
Which stairs was Adam descending and Amy climbing up?,Which was Adam descending stairs and Amy climbing up?,syntax,island_effects,coordinate_structure_constraint_complex_left_branch,True,False,True,True,82,-73.50495910644531,-68.1977310180664,0
What women is that lady attacking and Marcus referencing?,What is that lady attacking women and Marcus referencing?,syntax,island_effects,coordinate_structure_constraint_complex_left_branch,True,False,True,True,83,-75.77236938476562,-70.09158325195312,0
Whose lakes will Dan clean and Leslie reveal?,Whose will Dan clean lakes and Leslie reveal?,syntax,island_effects,coordinate_structure_constraint_complex_left_branch,True,False,True,True,84,-81.98469543457031,-83.03301239013672,1
Which girls had Ruth concealed and Heidi embarrassed?,Which had Ruth concealed girls and Heidi embarrassed?,syntax,island_effects,coordinate_structure_constraint_complex_left_branch,True,False,True,True,85,-73.01033020019531,-72.35951232910156,0
What students could some senator boast about and Eric cure?,What could some senator boast about students and Eric cure?,syntax,island_effects,coordinate_structure_constraint_complex_left_branch,True,False,True,True,86,-87.231201171875,-81.510009765625,0
Which alumni should Beth listen to and the hospital hate?,Which should Beth listen to alumni and the hospital hate?,syntax,island_effects,coordinate_structure_constraint_complex_left_branch,True,False,True,True,87,-81.83209228515625,-77.16670227050781,0
Whose cafes has Carlos passed and these pedestrians left?,Whose has Carlos passed cafes and these pedestrians left?,syntax,island_effects,coordinate_structure_constraint_complex_left_branch,True,False,True,True,88,-93.73318481445312,-94.05073547363281,1
Which guests had Galileo forgotten and Kevin distracted?,Which had Galileo forgotten guests and Kevin distracted?,syntax,island_effects,coordinate_structure_constraint_complex_left_branch,True,False,True,True,89,-76.37238311767578,-74.13671875,0
What apples has Gerald revealed and Angela bought?,What has Gerald revealed apples and Angela bought?,syntax,island_effects,coordinate_structure_constraint_complex_left_branch,True,False,True,True,90,-73.37410736083984,-71.01226043701172,0
What apples should Nancy bring and Sara clean?,What should Nancy bring apples and Sara clean?,syntax,island_effects,coordinate_structure_constraint_complex_left_branch,True,False,True,True,91,-74.56111145019531,-68.1431884765625,0
Which libraries was Emily driving to and some guy confusing?,Which was Emily driving to libraries and some guy confusing?,syntax,island_effects,coordinate_structure_constraint_complex_left_branch,True,False,True,True,92,-84.68400573730469,-77.56109619140625,0
Whose plays has an adult examined and George sounded like?,Whose has an adult examined plays and George sounded like?,syntax,island_effects,coordinate_structure_constraint_complex_left_branch,True,False,True,True,93,-83.49629211425781,-84.17626953125,1
Whose paintings had most computers resembled and these photographs looked like?,Whose had most computers resembled paintings and these photographs looked like?,syntax,island_effects,coordinate_structure_constraint_complex_left_branch,True,False,True,True,94,-96.97708129882812,-94.61381530761719,0
Which movie theaters has Gregory exited and Joseph left?,Which has Gregory exited movie theaters and Joseph left?,syntax,island_effects,coordinate_structure_constraint_complex_left_branch,True,False,True,True,95,-80.58279418945312,-79.04113006591797,0
Whose skateboards can a guy lift and Natalie think about?,Whose can a guy lift skateboards and Natalie think about?,syntax,island_effects,coordinate_structure_constraint_complex_left_branch,True,False,True,True,96,-97.53812408447266,-96.62727355957031,0
What alumni has the student distracted and Diana appreciated?,What has the student distracted alumni and Diana appreciated?,syntax,island_effects,coordinate_structure_constraint_complex_left_branch,True,False,True,True,97,-78.84222412109375,-77.64279174804688,0
Whose ladders has the lady ascended and Lawrence revealed?,Whose has the lady ascended ladders and Lawrence revealed?,syntax,island_effects,coordinate_structure_constraint_complex_left_branch,True,False,True,True,98,-91.89579010009766,-89.88111114501953,0
Which reports might Katherine see and the legislature criticize?,Which might Katherine see reports and the legislature criticize?,syntax,island_effects,coordinate_structure_constraint_complex_left_branch,True,False,True,True,99,-79.73001098632812,-77.7823257446289,0
Which doctors would a guy discuss and Nicole disgust?,Which would a guy discuss doctors and Nicole disgust?,syntax,island_effects,coordinate_structure_constraint_complex_left_branch,True,False,True,True,100,-76.0103530883789,-75.06757354736328,0
What actors could Barbara attack and Melinda talk to?,What could Barbara attack actors and Melinda talk to?,syntax,island_effects,coordinate_structure_constraint_complex_left_branch,True,False,True,True,101,-83.8775634765625,-79.33320617675781,0
Which boxes is this sketch looking like and Regina taking?,Which is this sketch looking like boxes and Regina taking?,syntax,island_effects,coordinate_structure_constraint_complex_left_branch,True,False,True,True,102,-82.94833374023438,-74.95709991455078,0
Which customers was a pie scaring and the door impressing?,Which was a pie scaring customers and the door impressing?,syntax,island_effects,coordinate_structure_constraint_complex_left_branch,True,False,True,True,103,-83.27289581298828,-80.20899200439453,0
Which guys is that banana alarming and Teresa leaving?,Which is that banana alarming guys and Teresa leaving?,syntax,island_effects,coordinate_structure_constraint_complex_left_branch,True,False,True,True,104,-78.40412139892578,-76.66699981689453,0
Whose steps is Tamara descending and Guy selling?,Whose is Tamara descending steps and Guy selling?,syntax,island_effects,coordinate_structure_constraint_complex_left_branch,True,False,True,True,105,-92.41520690917969,-90.386962890625,0
What people does every vase disturb and every hill scare?,What does every vase disturb people and every hill scare?,syntax,island_effects,coordinate_structure_constraint_complex_left_branch,True,False,True,True,106,-94.82117462158203,-88.96665954589844,0
What stories was Vincent praising and a girl appreciating?,What was Vincent praising stories and a girl appreciating?,syntax,island_effects,coordinate_structure_constraint_complex_left_branch,True,False,True,True,107,-81.43008422851562,-77.01072692871094,0
Which pedestrians was Connie questioning and Leslie distracting?,Which was Connie questioning pedestrians and Leslie distracting?,syntax,island_effects,coordinate_structure_constraint_complex_left_branch,True,False,True,True,108,-81.6877212524414,-78.679443359375,0
Which governments were all public parks stunning and Christina aggravating?,Which were all public parks stunning governments and Christina aggravating?,syntax,island_effects,coordinate_structure_constraint_complex_left_branch,True,False,True,True,109,-91.47125244140625,-91.78341674804688,1
Whose gates is Steven discovering and some painting looking like?,Whose is Steven discovering gates and some painting looking like?,syntax,island_effects,coordinate_structure_constraint_complex_left_branch,True,False,True,True,110,-90.78086853027344,-89.75259399414062,0
Whose shoes did Amy wear and Margaret notice?,Whose did Amy wear shoes and Margaret notice?,syntax,island_effects,coordinate_structure_constraint_complex_left_branch,True,False,True,True,111,-77.39630126953125,-72.80579376220703,0
Which hills had Debra descended and James remembered?,Which had Debra descended hills and James remembered?,syntax,island_effects,coordinate_structure_constraint_complex_left_branch,True,False,True,True,112,-78.54231262207031,-77.08934020996094,0
Whose glaciers has Christopher passed and Anne skated around?,Whose has Christopher passed glaciers and Anne skated around?,syntax,island_effects,coordinate_structure_constraint_complex_left_branch,True,False,True,True,113,-96.33216094970703,-96.50714874267578,1
What waiters are all projectors upsetting and a cashier curing?,What are all projectors upsetting waiters and a cashier curing?,syntax,island_effects,coordinate_structure_constraint_complex_left_branch,True,False,True,True,114,-106.14875793457031,-106.78163146972656,1
Which banks had this driver gone to and Douglas skated around?,Which had this driver gone to banks and Douglas skated around?,syntax,island_effects,coordinate_structure_constraint_complex_left_branch,True,False,True,True,115,-92.54248046875,-86.56543731689453,0
What couches could Dan lift and Margaret have?,What could Dan lift couches and Margaret have?,syntax,island_effects,coordinate_structure_constraint_complex_left_branch,True,False,True,True,116,-81.71833801269531,-76.34173583984375,0
Whose synopses might most dancers sound like and Scott discuss?,Whose might most dancers sound like synopses and Scott discuss?,syntax,island_effects,coordinate_structure_constraint_complex_left_branch,True,False,True,True,117,-117.9040756225586,-113.05034637451172,0
Which actors was Catherine listening to and those tomatoes alarming?,Which was Catherine listening to actors and those tomatoes alarming?,syntax,island_effects,coordinate_structure_constraint_complex_left_branch,True,False,True,True,118,-89.64483642578125,-82.28837585449219,0
Whose carts were the Impressionists hiding and Martin fixing?,Whose were the Impressionists hiding carts and Martin fixing?,syntax,island_effects,coordinate_structure_constraint_complex_left_branch,True,False,True,True,119,-101.6891860961914,-101.96640014648438,1
What companies was Dana noticing and Ella scaring?,What was Dana noticing companies and Ella scaring?,syntax,island_effects,coordinate_structure_constraint_complex_left_branch,True,False,True,True,120,-82.11624145507812,-78.11900329589844,0
Which ladies does Timothy argue about and Paul find?,Which does Timothy argue about ladies and Paul find?,syntax,island_effects,coordinate_structure_constraint_complex_left_branch,True,False,True,True,121,-77.83497619628906,-73.64765930175781,0
Which students should that rug distract and Tammy annoy?,Which should that rug distract students and Tammy annoy?,syntax,island_effects,coordinate_structure_constraint_complex_left_branch,True,False,True,True,122,-86.48367309570312,-83.52678680419922,0
What movies was Steven arguing about and Stacey thinking about?,What was Steven arguing about movies and Stacey thinking about?,syntax,island_effects,coordinate_structure_constraint_complex_left_branch,True,False,True,True,123,-82.71438598632812,-74.97480010986328,0
Which unicycles is Pamela breaking and Barbara concealing?,Which is Pamela breaking unicycles and Barbara concealing?,syntax,island_effects,coordinate_structure_constraint_complex_left_branch,True,False,True,True,124,-99.3184814453125,-95.60084533691406,0
What high schools was John exploring and Erin selling?,What was John exploring high schools and Erin selling?,syntax,island_effects,coordinate_structure_constraint_complex_left_branch,True,False,True,True,125,-83.96092224121094,-76.29936218261719,0
Whose muffins could the actress buy and Maria like?,Whose could the actress buy muffins and Maria like?,syntax,island_effects,coordinate_structure_constraint_complex_left_branch,True,False,True,True,126,-93.28009033203125,-88.66682434082031,0
Which girls can a company impress and that hair astound?,Which can a company impress girls and that hair astound?,syntax,island_effects,coordinate_structure_constraint_complex_left_branch,True,False,True,True,127,-85.11967468261719,-83.98011016845703,0
What schools would some teacher clean and Jessica upset?,What would some teacher clean schools and Jessica upset?,syntax,island_effects,coordinate_structure_constraint_complex_left_branch,True,False,True,True,128,-77.24453735351562,-73.97504425048828,0
Which oxen was Alicia noticing and Roger concealing?,Which was Alicia noticing oxen and Roger concealing?,syntax,island_effects,coordinate_structure_constraint_complex_left_branch,True,False,True,True,129,-86.30105590820312,-82.15689849853516,0
What people have a lot of sweaters scared and Charles observed?,What have a lot of sweaters scared people and Charles observed?,syntax,island_effects,coordinate_structure_constraint_complex_left_branch,True,False,True,True,130,-81.13823699951172,-82.36546325683594,1
Which cashiers are these pants impressing and Winston Churchill investigating?,Which are these pants impressing cashiers and Winston Churchill investigating?,syntax,island_effects,coordinate_structure_constraint_complex_left_branch,True,False,True,True,131,-108.20651245117188,-103.29178619384766,0
Which guys is Jacqueline concealing and Sarah watching?,Which is Jacqueline concealing guys and Sarah watching?,syntax,island_effects,coordinate_structure_constraint_complex_left_branch,True,False,True,True,132,-83.74014282226562,-82.53689575195312,0
Which grocery stores would Laurie tour and Mark describe?,Which would Laurie tour grocery stores and Mark describe?,syntax,island_effects,coordinate_structure_constraint_complex_left_branch,True,False,True,True,133,-87.69512939453125,-83.91244506835938,0
What convertibles had Kathleen broken and a lot of drivers bought?,What had Kathleen broken convertibles and a lot of drivers bought?,syntax,island_effects,coordinate_structure_constraint_complex_left_branch,True,False,True,True,134,-98.73946380615234,-96.29264831542969,0
Which candles does Ella reveal and Theresa hide?,Which does Ella reveal candles and Theresa hide?,syntax,island_effects,coordinate_structure_constraint_complex_left_branch,True,False,True,True,135,-80.89866638183594,-76.7667236328125,0
Whose committees is Paula astounding and Wendy impressing?,Whose is Paula astounding committees and Wendy impressing?,syntax,island_effects,coordinate_structure_constraint_complex_left_branch,True,False,True,True,136,-92.72421264648438,-91.16671752929688,0
What actresses has Victoria watched and every cashier found?,What has Victoria watched actresses and every cashier found?,syntax,island_effects,coordinate_structure_constraint_complex_left_branch,True,False,True,True,137,-88.83550262451172,-83.91561889648438,0
Which senators do some waitresses disturb and Jennifer reveal?,Which do some waitresses disturb senators and Jennifer reveal?,syntax,island_effects,coordinate_structure_constraint_complex_left_branch,True,False,True,True,138,-98.44888305664062,-93.80425262451172,0
What men were a lot of pedestrians referencing and Claire insulting?,What were a lot of pedestrians referencing men and Claire insulting?,syntax,island_effects,coordinate_structure_constraint_complex_left_branch,True,False,True,True,139,-87.12564086914062,-85.65721130371094,0
Whose reports has Craig appreciated and a library loved?,Whose has Craig appreciated reports and a library loved?,syntax,island_effects,coordinate_structure_constraint_complex_left_branch,True,False,True,True,140,-86.96064758300781,-87.122314453125,1
What carts have the women broken and that person thought about?,What have the women broken carts and that person thought about?,syntax,island_effects,coordinate_structure_constraint_complex_left_branch,True,False,True,True,141,-76.35578918457031,-70.93400573730469,0
What actresses have those eyes annoyed and the steps annoyed?,What have those eyes annoyed actresses and the steps annoyed?,syntax,island_effects,coordinate_structure_constraint_complex_left_branch,True,False,True,True,142,-80.47111511230469,-77.40657043457031,0
What malls would Wayne criticize and Nancy talk about?,What would Wayne criticize malls and Nancy talk about?,syntax,island_effects,coordinate_structure_constraint_complex_left_branch,True,False,True,True,143,-82.99183654785156,-80.43333435058594,0
Which alumni have many customers sounded like and many stairs irritated?,Which have many customers sounded like alumni and many stairs irritated?,syntax,island_effects,coordinate_structure_constraint_complex_left_branch,True,False,True,True,144,-95.2999267578125,-91.30154418945312,0
Whose hills had Andrew passed and Carlos thought about?,Whose had Andrew passed hills and Carlos thought about?,syntax,island_effects,coordinate_structure_constraint_complex_left_branch,True,False,True,True,145,-85.08968353271484,-84.80650329589844,0
What octopi has Kayla bought and this painting looked like?,What has Kayla bought octopi and this painting looked like?,syntax,island_effects,coordinate_structure_constraint_complex_left_branch,True,False,True,True,146,-96.92046356201172,-92.92030334472656,0
Which stairs was Amelia ascending and this print looking like?,Which was Amelia ascending stairs and this print looking like?,syntax,island_effects,coordinate_structure_constraint_complex_left_branch,True,False,True,True,147,-85.98006439208984,-80.55955505371094,0
Whose plates was Russell breaking and Joel fixing?,Whose was Russell breaking plates and Joel fixing?,syntax,island_effects,coordinate_structure_constraint_complex_left_branch,True,False,True,True,148,-85.25076293945312,-81.99390411376953,0
What children had Grace cared for and those couches astounded?,What had Grace cared for children and those couches astounded?,syntax,island_effects,coordinate_structure_constraint_complex_left_branch,True,False,True,True,149,-93.36082458496094,-86.54622650146484,0
Which committees had Thomas questioned and Douglas worried?,Which had Thomas questioned committees and Douglas worried?,syntax,island_effects,coordinate_structure_constraint_complex_left_branch,True,False,True,True,150,-72.69354248046875,-71.66668701171875,0
Which senators was Sally helping and those carts annoying?,Which was Sally helping senators and those carts annoying?,syntax,island_effects,coordinate_structure_constraint_complex_left_branch,True,False,True,True,151,-84.87014770507812,-80.61595153808594,0
Which ladders has Dawn descended and Lori brought?,Which has Dawn descended ladders and Lori brought?,syntax,island_effects,coordinate_structure_constraint_complex_left_branch,True,False,True,True,152,-83.53380584716797,-77.580078125,0
Whose malls had Monica toured and Teresa fled from?,Whose had Monica toured malls and Teresa fled from?,syntax,island_effects,coordinate_structure_constraint_complex_left_branch,True,False,True,True,153,-93.86337280273438,-94.73596954345703,1
Which teeth have these photographs looked like and Tracy fixed?,Which have these photographs looked like teeth and Tracy fixed?,syntax,island_effects,coordinate_structure_constraint_complex_left_branch,True,False,True,True,154,-80.18772888183594,-72.7386703491211,0
Which analyses will adults dislike and Marla complain about?,Which will adults dislike analyses and Marla complain about?,syntax,island_effects,coordinate_structure_constraint_complex_left_branch,True,False,True,True,155,-88.09573364257812,-89.3399658203125,1
Whose oases was Lucille skated around and some children discussing?,Whose was Lucille skated around oases and some children discussing?,syntax,island_effects,coordinate_structure_constraint_complex_left_branch,True,False,True,True,156,-109.5675048828125,-109.7589111328125,1
Which rabbits had Florence seen and Erin revealed?,Which had Florence seen rabbits and Erin revealed?,syntax,island_effects,coordinate_structure_constraint_complex_left_branch,True,False,True,True,157,-73.15809631347656,-69.39602661132812,0
What schools was Holly boycotting and Derek touring?,What was Holly boycotting schools and Derek touring?,syntax,island_effects,coordinate_structure_constraint_complex_left_branch,True,False,True,True,158,-82.72859191894531,-79.00167846679688,0
Whose banks has Deborah arrived at and Katherine astounded?,Whose has Deborah arrived at banks and Katherine astounded?,syntax,island_effects,coordinate_structure_constraint_complex_left_branch,True,False,True,True,159,-95.84982299804688,-93.1186752319336,0
Whose steps does Melissa descend and Carrie hide?,Whose does Melissa descend steps and Carrie hide?,syntax,island_effects,coordinate_structure_constraint_complex_left_branch,True,False,True,True,160,-84.32514190673828,-82.73348999023438,0
Which oases had most children arrived at and Spain taken?,Which had most children arrived at oases and Spain taken?,syntax,island_effects,coordinate_structure_constraint_complex_left_branch,True,False,True,True,161,-88.70126342773438,-83.84963989257812,0
What drivers has Bruce watched and Stacey boasted about?,What has Bruce watched drivers and Stacey boasted about?,syntax,island_effects,coordinate_structure_constraint_complex_left_branch,True,False,True,True,162,-84.40267944335938,-82.3524398803711,0
What offspring has Brenda listened to and Lisa hurt?,What has Brenda listened to offspring and Lisa hurt?,syntax,island_effects,coordinate_structure_constraint_complex_left_branch,True,False,True,True,163,-77.10444641113281,-72.56069946289062,0
Whose libraries was Vanessa distracting and this actress exiting?,Whose was Vanessa distracting libraries and this actress exiting?,syntax,island_effects,coordinate_structure_constraint_complex_left_branch,True,False,True,True,164,-96.07888793945312,-96.05262756347656,0
Which geese will that child admire and Tammy buy?,Which will that child admire geese and Tammy buy?,syntax,island_effects,coordinate_structure_constraint_complex_left_branch,True,False,True,True,165,-85.77999877929688,-79.60529327392578,0
Whose drawings does Diane buy and some pedestrians notice?,Whose does Diane buy drawings and some pedestrians notice?,syntax,island_effects,coordinate_structure_constraint_complex_left_branch,True,False,True,True,166,-89.39234924316406,-85.60272216796875,0
Which stories does Lawrence reference and that actress research?,Which does Lawrence reference stories and that actress research?,syntax,island_effects,coordinate_structure_constraint_complex_left_branch,True,False,True,True,167,-80.0269775390625,-76.3994369506836,0
Whose restaurants had Eric biked to and the customers brought?,Whose had Eric biked to restaurants and the customers brought?,syntax,island_effects,coordinate_structure_constraint_complex_left_branch,True,False,True,True,168,-99.50732421875,-94.33245849609375,0
Which bicycles could Galileo break and Barbara hide?,Which could Galileo break bicycles and Barbara hide?,syntax,island_effects,coordinate_structure_constraint_complex_left_branch,True,False,True,True,169,-76.5684814453125,-72.93333435058594,0
Which cashiers has Tina hurt and Rachel irritated?,Which has Tina hurt cashiers and Rachel irritated?,syntax,island_effects,coordinate_structure_constraint_complex_left_branch,True,False,True,True,170,-83.48876190185547,-82.82940673828125,0
What means should Amy research and Caroline research?,What should Amy research means and Caroline research?,syntax,island_effects,coordinate_structure_constraint_complex_left_branch,True,False,True,True,171,-71.1603775024414,-70.51399230957031,0
What high schools had William seen and that pedestrian bought?,What had William seen high schools and that pedestrian bought?,syntax,island_effects,coordinate_structure_constraint_complex_left_branch,True,False,True,True,172,-90.15625762939453,-85.57540130615234,0
What hats was Catherine hiding and Frank thinking about?,What was Catherine hiding hats and Frank thinking about?,syntax,island_effects,coordinate_structure_constraint_complex_left_branch,True,False,True,True,173,-76.22162628173828,-70.28238677978516,0
Which art galleries is some man fleeing from and James boycotting?,Which is some man fleeing from art galleries and James boycotting?,syntax,island_effects,coordinate_structure_constraint_complex_left_branch,True,False,True,True,174,-96.127197265625,-90.35972595214844,0
Which ladies has Rose sounded like and a lot of actors revealed?,Which has Rose sounded like ladies and a lot of actors revealed?,syntax,island_effects,coordinate_structure_constraint_complex_left_branch,True,False,True,True,175,-89.02652740478516,-83.74679565429688,0
Whose plays did Monet praise and that guest hate?,Whose did Monet praise plays and that guest hate?,syntax,island_effects,coordinate_structure_constraint_complex_left_branch,True,False,True,True,176,-93.83961486816406,-94.86840057373047,1
Which girls had William sounded like and Rhonda hired?,Which had William sounded like girls and Rhonda hired?,syntax,island_effects,coordinate_structure_constraint_complex_left_branch,True,False,True,True,177,-85.33222961425781,-80.25990295410156,0
Which women was Debra upsetting and Steven referencing?,Which was Debra upsetting women and Steven referencing?,syntax,island_effects,coordinate_structure_constraint_complex_left_branch,True,False,True,True,178,-83.04151153564453,-79.45368194580078,0
Which hills had Timothy disliked and Allison revealed?,Which had Timothy disliked hills and Allison revealed?,syntax,island_effects,coordinate_structure_constraint_complex_left_branch,True,False,True,True,179,-73.90744018554688,-71.46804809570312,0
What hospitals can Curtis bother and Daniel arrive at?,What can Curtis bother hospitals and Daniel arrive at?,syntax,island_effects,coordinate_structure_constraint_complex_left_branch,True,False,True,True,180,-77.81842803955078,-74.16307067871094,0
What customers has Mark hired and waitresses hurt?,What has Mark hired customers and waitresses hurt?,syntax,island_effects,coordinate_structure_constraint_complex_left_branch,True,False,True,True,181,-83.88505554199219,-77.99993896484375,0
Which ladies was Walter worrying and the patient referencing?,Which was Walter worrying ladies and the patient referencing?,syntax,island_effects,coordinate_structure_constraint_complex_left_branch,True,False,True,True,182,-76.36306762695312,-74.5312728881836,0
What teeth is Benjamin messing up and some teacher discovering?,What is Benjamin messing up teeth and some teacher discovering?,syntax,island_effects,coordinate_structure_constraint_complex_left_branch,True,False,True,True,183,-81.7969970703125,-78.12248992919922,0
Which skirts has Dan worn and Cindy thought about?,Which has Dan worn skirts and Cindy thought about?,syntax,island_effects,coordinate_structure_constraint_complex_left_branch,True,False,True,True,184,-77.03933715820312,-73.52812957763672,0
Which art galleries is Kristen researching and Todd messing up?,Which is Kristen researching art galleries and Todd messing up?,syntax,island_effects,coordinate_structure_constraint_complex_left_branch,True,False,True,True,185,-86.58485412597656,-84.16864013671875,0
Whose sheep was a patient curing and a pedestrian finding?,Whose was a patient curing sheep and a pedestrian finding?,syntax,island_effects,coordinate_structure_constraint_complex_left_branch,True,False,True,True,186,-85.4586181640625,-84.77395629882812,0
What hamsters might Christopher cure and Meredith discover?,What might Christopher cure hamsters and Meredith discover?,syntax,island_effects,coordinate_structure_constraint_complex_left_branch,True,False,True,True,187,-89.88896179199219,-83.95576477050781,0
Whose horses is Benjamin finding and Jacqueline selling?,Whose is Benjamin finding horses and Jacqueline selling?,syntax,island_effects,coordinate_structure_constraint_complex_left_branch,True,False,True,True,188,-87.06390380859375,-83.60223388671875,0
Which students had Irene investigated and some drawings looked like?,Which had Irene investigated students and some drawings looked like?,syntax,island_effects,coordinate_structure_constraint_complex_left_branch,True,False,True,True,189,-81.87564086914062,-82.15850830078125,1
Whose public parks has Patricia exited and George remembered?,Whose has Patricia exited public parks and George remembered?,syntax,island_effects,coordinate_structure_constraint_complex_left_branch,True,False,True,True,190,-91.34510040283203,-91.67378234863281,1
What senators will some newspaper article sound like and Grace praise?,What will some newspaper article sound like senators and Grace praise?,syntax,island_effects,coordinate_structure_constraint_complex_left_branch,True,False,True,True,191,-95.75706481933594,-90.87854766845703,0
What hats might Monica bring and Sonia admire?,What might Monica bring hats and Sonia admire?,syntax,island_effects,coordinate_structure_constraint_complex_left_branch,True,False,True,True,192,-81.32109832763672,-74.53279113769531,0
Which boys is a senator listening to and every student thinking about?,Which is a senator listening to boys and every student thinking about?,syntax,island_effects,coordinate_structure_constraint_complex_left_branch,True,False,True,True,193,-83.87979125976562,-77.19647216796875,0
Which committees will Tara disgust and the mirror disgust?,Which will Tara disgust committees and the mirror disgust?,syntax,island_effects,coordinate_structure_constraint_complex_left_branch,True,False,True,True,194,-77.4744873046875,-78.88565826416016,1
Whose legislatures has Jacqueline embarrassed and many hamsters stunned?,Whose has Jacqueline embarrassed legislatures and many hamsters stunned?,syntax,island_effects,coordinate_structure_constraint_complex_left_branch,True,False,True,True,195,-108.90464782714844,-110.92068481445312,1
Which essays might Thomas sound like and Stacy think about?,Which might Thomas sound like essays and Stacy think about?,syntax,island_effects,coordinate_structure_constraint_complex_left_branch,True,False,True,True,196,-86.55172729492188,-80.53311157226562,0
What cashiers should every driver listen to and Theresa praise?,What should every driver listen to cashiers and Theresa praise?,syntax,island_effects,coordinate_structure_constraint_complex_left_branch,True,False,True,True,197,-97.65335845947266,-90.9223403930664,0
Which glaciers was Tina researching and this guest concealing?,Which was Tina researching glaciers and this guest concealing?,syntax,island_effects,coordinate_structure_constraint_complex_left_branch,True,False,True,True,198,-91.35652160644531,-88.24372863769531,0
Which doctors has this senator known and Karen appreciated?,Which has this senator known doctors and Karen appreciated?,syntax,island_effects,coordinate_structure_constraint_complex_left_branch,True,False,True,True,199,-74.04437255859375,-74.32091522216797,1
Which customers had Steven kissed and that actress healed?,Which had Steven kissed customers and that actress healed?,syntax,island_effects,coordinate_structure_constraint_complex_left_branch,True,False,True,True,200,-80.54438781738281,-77.50916290283203,0
What hats does Craig sell and Valerie reveal?,What does Craig sell hats and Valerie reveal?,syntax,island_effects,coordinate_structure_constraint_complex_left_branch,True,False,True,True,201,-78.44459533691406,-71.97897338867188,0
What lakes can Kevin have and the Lutherans exit?,What can Kevin have lakes and the Lutherans exit?,syntax,island_effects,coordinate_structure_constraint_complex_left_branch,True,False,True,True,202,-90.15403747558594,-82.26799011230469,0
What hills was a teacher insulting and Carol buying?,What was a teacher insulting hills and Carol buying?,syntax,island_effects,coordinate_structure_constraint_complex_left_branch,True,False,True,True,203,-77.07203674316406,-71.62007141113281,0
Which ladies has Meredith listened to and Rachel concealed?,Which has Meredith listened to ladies and Rachel concealed?,syntax,island_effects,coordinate_structure_constraint_complex_left_branch,True,False,True,True,204,-81.64507293701172,-77.77835083007812,0
Which slopes is Laura hiding and Lissa looking like?,Which is Laura hiding slopes and Lissa looking like?,syntax,island_effects,coordinate_structure_constraint_complex_left_branch,True,False,True,True,205,-86.15587615966797,-81.53314208984375,0
Which stimuli has Brian boasted about and Derek seen?,Which has Brian boasted about stimuli and Derek seen?,syntax,island_effects,coordinate_structure_constraint_complex_left_branch,True,False,True,True,206,-83.29953002929688,-78.52710723876953,0
What pictures would Sharon resemble and Dana notice?,What would Sharon resemble pictures and Dana notice?,syntax,island_effects,coordinate_structure_constraint_complex_left_branch,True,False,True,True,207,-78.47003173828125,-72.9903564453125,0
What teeth was Jeffrey revealing and Gregory bringing?,What was Jeffrey revealing teeth and Gregory bringing?,syntax,island_effects,coordinate_structure_constraint_complex_left_branch,True,False,True,True,208,-78.26986694335938,-71.53201293945312,0
What women had many doctors irritated and Ellen appreciated?,What had many doctors irritated women and Ellen appreciated?,syntax,island_effects,coordinate_structure_constraint_complex_left_branch,True,False,True,True,209,-73.60725402832031,-73.01078796386719,0
Which children were most organizations boring and these senators disagreeing with?,Which were most organizations boring children and these senators disagreeing with?,syntax,island_effects,coordinate_structure_constraint_complex_left_branch,True,False,True,True,210,-92.8935546875,-91.46918487548828,0
Which women was Roger helping and the tomato stunning?,Which was Roger helping women and the tomato stunning?,syntax,island_effects,coordinate_structure_constraint_complex_left_branch,True,False,True,True,211,-76.04173278808594,-69.7789535522461,0
What adults does Candice respect and Douglas notice?,What does Candice respect adults and Douglas notice?,syntax,island_effects,coordinate_structure_constraint_complex_left_branch,True,False,True,True,212,-83.181884765625,-81.31852722167969,0
Which patients were many documentaries disagreeing with and Donald escaping from?,Which were many documentaries disagreeing with patients and Donald escaping from?,syntax,island_effects,coordinate_structure_constraint_complex_left_branch,True,False,True,True,213,-95.56385803222656,-93.5908203125,0
Which reports did Andrew forget and most boys conceal?,Which did Andrew forget reports and most boys conceal?,syntax,island_effects,coordinate_structure_constraint_complex_left_branch,True,False,True,True,214,-81.60357666015625,-80.91195678710938,0
Which boys was Vanessa attacking and Monica finding?,Which was Vanessa attacking boys and Monica finding?,syntax,island_effects,coordinate_structure_constraint_complex_left_branch,True,False,True,True,215,-74.93810272216797,-70.81134796142578,0
Which carriages did Christine break and Matt buy?,Which did Christine break carriages and Matt buy?,syntax,island_effects,coordinate_structure_constraint_complex_left_branch,True,False,True,True,216,-76.82119750976562,-74.17493438720703,0
Which analyses will Marcus scan and Stacey discover?,Which will Marcus scan analyses and Stacey discover?,syntax,island_effects,coordinate_structure_constraint_complex_left_branch,True,False,True,True,217,-82.80101013183594,-83.66923522949219,1
Whose trucks had Adam sold and Theresa concealed?,Whose had Adam sold trucks and Theresa concealed?,syntax,island_effects,coordinate_structure_constraint_complex_left_branch,True,False,True,True,218,-85.57720947265625,-84.11497497558594,0
Which hospitals should Martin exit and Ellen research?,Which should Martin exit hospitals and Ellen research?,syntax,island_effects,coordinate_structure_constraint_complex_left_branch,True,False,True,True,219,-76.13524627685547,-76.0748291015625,0
Which photographs should Danielle look like and George find?,Which should Danielle look like photographs and George find?,syntax,island_effects,coordinate_structure_constraint_complex_left_branch,True,False,True,True,220,-76.77271270751953,-70.56062316894531,0
Whose lakes was Eva walking through and these dancers exploring?,Whose was Eva walking through lakes and these dancers exploring?,syntax,island_effects,coordinate_structure_constraint_complex_left_branch,True,False,True,True,221,-96.72285461425781,-92.01970672607422,0
What unicycles was Kristin breaking and that waitress cleaning?,What was Kristin breaking unicycles and that waitress cleaning?,syntax,island_effects,coordinate_structure_constraint_complex_left_branch,True,False,True,True,222,-108.97460174560547,-104.7652816772461,0
What senators has Pamela loved and these dancers observed?,What has Pamela loved senators and these dancers observed?,syntax,island_effects,coordinate_structure_constraint_complex_left_branch,True,False,True,True,223,-81.17816925048828,-77.56594848632812,0
Which children could a play disagree with and a girl cure?,Which could a play disagree with children and a girl cure?,syntax,island_effects,coordinate_structure_constraint_complex_left_branch,True,False,True,True,224,-76.32192993164062,-72.73918914794922,0
What waitresses would Beverly hug and Dan notice?,What would Beverly hug waitresses and Dan notice?,syntax,island_effects,coordinate_structure_constraint_complex_left_branch,True,False,True,True,225,-81.51997375488281,-81.73658752441406,1
Whose stairs was the actress bringing and that student looking like?,Whose was the actress bringing stairs and that student looking like?,syntax,island_effects,coordinate_structure_constraint_complex_left_branch,True,False,True,True,226,-91.65547180175781,-87.50527954101562,0
Which malls might Randolf clean and this museum discuss?,Which might Randolf clean malls and this museum discuss?,syntax,island_effects,coordinate_structure_constraint_complex_left_branch,True,False,True,True,227,-97.99880981445312,-94.6898422241211,0
Which waitresses was Karen praising and Anne boring?,Which was Karen praising waitresses and Anne boring?,syntax,island_effects,coordinate_structure_constraint_complex_left_branch,True,False,True,True,228,-86.18621826171875,-82.15579986572266,0
Whose hamsters had Carol healed and many cashiers concealed?,Whose had Carol healed hamsters and many cashiers concealed?,syntax,island_effects,coordinate_structure_constraint_complex_left_branch,True,False,True,True,229,-107.02289581298828,-106.21656799316406,0
Which cars is every teenager thinking about and Becky bringing?,Which is every teenager thinking about cars and Becky bringing?,syntax,island_effects,coordinate_structure_constraint_complex_left_branch,True,False,True,True,230,-81.93196105957031,-74.64212036132812,0
Which children had the bicycle disgusted and Charles hated?,Which had the bicycle disgusted children and Charles hated?,syntax,island_effects,coordinate_structure_constraint_complex_left_branch,True,False,True,True,231,-73.39872741699219,-73.7469711303711,1
What paintings is Ella buying and Beth revealing?,What is Ella buying paintings and Beth revealing?,syntax,island_effects,coordinate_structure_constraint_complex_left_branch,True,False,True,True,232,-80.83114624023438,-76.5563735961914,0
What pedestrians should a lot of people discuss and Jesus watch?,What should a lot of people discuss pedestrians and Jesus watch?,syntax,island_effects,coordinate_structure_constraint_complex_left_branch,True,False,True,True,233,-76.63314819335938,-74.39321899414062,0
Which women has Adam investigated and Elaine scared?,Which has Adam investigated women and Elaine scared?,syntax,island_effects,coordinate_structure_constraint_complex_left_branch,True,False,True,True,234,-71.94952392578125,-70.40359497070312,0
What prints can Travis see and Sandra buy?,What can Travis see prints and Sandra buy?,syntax,island_effects,coordinate_structure_constraint_complex_left_branch,True,False,True,True,235,-71.71470642089844,-68.11799621582031,0
Which waiters were rabbits astounding and all bicycles aggravating?,Which were rabbits astounding waiters and all bicycles aggravating?,syntax,island_effects,coordinate_structure_constraint_complex_left_branch,True,False,True,True,236,-97.23747253417969,-96.37542724609375,0
Which ladies had Joel astounded and some dogs stunned?,Which had Joel astounded ladies and some dogs stunned?,syntax,island_effects,coordinate_structure_constraint_complex_left_branch,True,False,True,True,237,-83.31720733642578,-83.89913940429688,1
Which convertibles will Alexander break and Timothy buy?,Which will Alexander break convertibles and Timothy buy?,syntax,island_effects,coordinate_structure_constraint_complex_left_branch,True,False,True,True,238,-82.53117370605469,-83.01813507080078,1
What waitresses has Denise boasted about and Tara visited?,What has Denise boasted about waitresses and Tara visited?,syntax,island_effects,coordinate_structure_constraint_complex_left_branch,True,False,True,True,239,-94.6343994140625,-92.55207824707031,0
What boys are some hospitals firing and Homer discussing?,What are some hospitals firing boys and Homer discussing?,syntax,island_effects,coordinate_structure_constraint_complex_left_branch,True,False,True,True,240,-75.38801574707031,-74.48686218261719,0
What women was Regina discussing and some spinach distracting?,What was Regina discussing women and some spinach distracting?,syntax,island_effects,coordinate_structure_constraint_complex_left_branch,True,False,True,True,241,-87.33175659179688,-80.61922454833984,0
What banks do all cakes confuse and Jill arrive at?,What do all cakes confuse banks and Jill arrive at?,syntax,island_effects,coordinate_structure_constraint_complex_left_branch,True,False,True,True,242,-90.3924331665039,-84.29230499267578,0
Which waiters have those snakes irritated and a lot of customers revealed?,Which have those snakes irritated waiters and a lot of customers revealed?,syntax,island_effects,coordinate_structure_constraint_complex_left_branch,True,False,True,True,243,-92.37425994873047,-92.5980224609375,1
Which doctors has Randolf investigated and Rose fired?,Which has Randolf investigated doctors and Rose fired?,syntax,island_effects,coordinate_structure_constraint_complex_left_branch,True,False,True,True,244,-83.10272979736328,-84.1343994140625,1
What windows does this university buy and Susan buy?,What does this university buy windows and Susan buy?,syntax,island_effects,coordinate_structure_constraint_complex_left_branch,True,False,True,True,245,-76.7123794555664,-68.63163757324219,0
Which museums have all people driven to and Monica criticized?,Which have all people driven to museums and Monica criticized?,syntax,island_effects,coordinate_structure_constraint_complex_left_branch,True,False,True,True,246,-80.21276092529297,-76.07414245605469,0
What drivers are the boys disagreeing with and every woman confusing?,What are the boys disagreeing with drivers and every woman confusing?,syntax,island_effects,coordinate_structure_constraint_complex_left_branch,True,False,True,True,247,-85.96707153320312,-80.31655883789062,0
Which dancers was Amanda discovering and the water distracting?,Which was Amanda discovering dancers and the water distracting?,syntax,island_effects,coordinate_structure_constraint_complex_left_branch,True,False,True,True,248,-79.28663635253906,-75.94869995117188,0
Which children has the teenager disliked and Sally bothered?,Which has the teenager disliked children and Sally bothered?,syntax,island_effects,coordinate_structure_constraint_complex_left_branch,True,False,True,True,249,-76.3544692993164,-74.69834899902344,0
Which cucumbers was Vincent concealing and Claire noticing?,Which was Vincent concealing cucumbers and Claire noticing?,syntax,island_effects,coordinate_structure_constraint_complex_left_branch,True,False,True,True,250,-95.63035583496094,-89.50851440429688,0
Whose octopi had Wayne discovered and Mitchell bought?,Whose had Wayne discovered octopi and Mitchell bought?,syntax,island_effects,coordinate_structure_constraint_complex_left_branch,True,False,True,True,251,-92.671630859375,-91.53607177734375,0
Which people does Chad hug and Sherry appreciate?,Which does Chad hug people and Sherry appreciate?,syntax,island_effects,coordinate_structure_constraint_complex_left_branch,True,False,True,True,252,-80.50643920898438,-79.7153091430664,0
Which paintings was Claire finding and Winston Churchill bringing?,Which was Claire finding paintings and Winston Churchill bringing?,syntax,island_effects,coordinate_structure_constraint_complex_left_branch,True,False,True,True,253,-83.99903106689453,-78.87217712402344,0
Whose reports does Tamara praise and a guest conceal?,Whose does Tamara praise reports and a guest conceal?,syntax,island_effects,coordinate_structure_constraint_complex_left_branch,True,False,True,True,254,-94.63229370117188,-93.18809509277344,0
What glasses was some teenager buying and Natalie revealing?,What was some teenager buying glasses and Natalie revealing?,syntax,island_effects,coordinate_structure_constraint_complex_left_branch,True,False,True,True,255,-84.52760314941406,-77.06306457519531,0
Whose teeth has Barbara noticed and some guys discovered?,Whose has Barbara noticed teeth and some guys discovered?,syntax,island_effects,coordinate_structure_constraint_complex_left_branch,True,False,True,True,256,-83.61233520507812,-84.10612487792969,1
Which women was Kristin aggravating and Janet embarrassing?,Which was Kristin aggravating women and Janet embarrassing?,syntax,island_effects,coordinate_structure_constraint_complex_left_branch,True,False,True,True,257,-83.7784423828125,-80.62831115722656,0
What spotlights might Beverly sell and Holly clean?,What might Beverly sell spotlights and Holly clean?,syntax,island_effects,coordinate_structure_constraint_complex_left_branch,True,False,True,True,258,-87.88169860839844,-88.67239379882812,1
Whose books did Noah hate and Tina think about?,Whose did Noah hate books and Tina think about?,syntax,island_effects,coordinate_structure_constraint_complex_left_branch,True,False,True,True,259,-82.09862518310547,-79.31892395019531,0
Which restaurants is that lady finding and Becky exiting?,Which is that lady finding restaurants and Becky exiting?,syntax,island_effects,coordinate_structure_constraint_complex_left_branch,True,False,True,True,260,-79.71661376953125,-74.91104888916016,0
What students could Bradley hurt and the companies hire?,What could Bradley hurt students and the companies hire?,syntax,island_effects,coordinate_structure_constraint_complex_left_branch,True,False,True,True,261,-79.45172119140625,-77.5639877319336,0
Which alumni is Beth questioning and Florence helping?,Which is Beth questioning alumni and Florence helping?,syntax,island_effects,coordinate_structure_constraint_complex_left_branch,True,False,True,True,262,-77.17213439941406,-76.52163696289062,0
What dishes is Stacey selling and Curtis messing up?,What is Stacey selling dishes and Curtis messing up?,syntax,island_effects,coordinate_structure_constraint_complex_left_branch,True,False,True,True,263,-84.92478942871094,-77.4404525756836,0
Whose documentaries were a lot of teachers examining and Travis talking about?,Whose were a lot of teachers examining documentaries and Travis talking about?,syntax,island_effects,coordinate_structure_constraint_complex_left_branch,True,False,True,True,264,-94.29010772705078,-93.23141479492188,0
Which teachers has Anne boasted about and Anne hugged?,Which has Anne boasted about teachers and Anne hugged?,syntax,island_effects,coordinate_structure_constraint_complex_left_branch,True,False,True,True,265,-78.1998519897461,-74.97164916992188,0
Whose lights were the Impressionists cleaning and Travis bringing?,Whose were the Impressionists cleaning lights and Travis bringing?,syntax,island_effects,coordinate_structure_constraint_complex_left_branch,True,False,True,True,266,-99.44801330566406,-100.29788208007812,1
Which children had these drawings looked like and Curtis hidden?,Which had these drawings looked like children and Curtis hidden?,syntax,island_effects,coordinate_structure_constraint_complex_left_branch,True,False,True,True,267,-80.42092895507812,-75.35321044921875,0
What alumni was Bradley shocking and Becca watching?,What was Bradley shocking alumni and Becca watching?,syntax,island_effects,coordinate_structure_constraint_complex_left_branch,True,False,True,True,268,-84.59278869628906,-82.56481170654297,0
What slopes might Heather ascend and Brad hide?,What might Heather ascend slopes and Brad hide?,syntax,island_effects,coordinate_structure_constraint_complex_left_branch,True,False,True,True,269,-81.99285888671875,-80.09127807617188,0
Which schools had Andrew visited and icicles irritated?,Which had Andrew visited schools and icicles irritated?,syntax,island_effects,coordinate_structure_constraint_complex_left_branch,True,False,True,True,270,-83.92964172363281,-81.13246154785156,0
Which people has Samuel shocked and Jesus returned to?,Which has Samuel shocked people and Jesus returned to?,syntax,island_effects,coordinate_structure_constraint_complex_left_branch,True,False,True,True,271,-66.8185806274414,-67.32467651367188,1
Whose college campuses is Peter skated around and Tiffany visiting?,Whose is Peter skated around college campuses and Tiffany visiting?,syntax,island_effects,coordinate_structure_constraint_complex_left_branch,True,False,True,True,272,-107.08712768554688,-104.16349792480469,0
What dishes did Galileo mess up and Katherine break?,What did Galileo mess up dishes and Katherine break?,syntax,island_effects,coordinate_structure_constraint_complex_left_branch,True,False,True,True,273,-80.19429016113281,-74.02238464355469,0
Which children is Martha kissing and this mountain disgusting?,Which is Martha kissing children and this mountain disgusting?,syntax,island_effects,coordinate_structure_constraint_complex_left_branch,True,False,True,True,274,-74.34074401855469,-71.37767028808594,0
What ladies had that legislature talked to and Phillip known?,What had that legislature talked to ladies and Phillip known?,syntax,island_effects,coordinate_structure_constraint_complex_left_branch,True,False,True,True,275,-78.88847351074219,-75.8948974609375,0
What hospitals can Amelia research and many actors take?,What can Amelia research hospitals and many actors take?,syntax,island_effects,coordinate_structure_constraint_complex_left_branch,True,False,True,True,276,-79.4495849609375,-74.47148132324219,0
Which planes will Alicia have and Kirsten reveal?,Which will Alicia have planes and Kirsten reveal?,syntax,island_effects,coordinate_structure_constraint_complex_left_branch,True,False,True,True,277,-76.90869140625,-71.14056396484375,0
What adults does Mitchell escape from and Julia appreciate?,What does Mitchell escape from adults and Julia appreciate?,syntax,island_effects,coordinate_structure_constraint_complex_left_branch,True,False,True,True,278,-82.4415283203125,-74.11795043945312,0
What men might the Clintons disagree with and Veronica insult?,What might the Clintons disagree with men and Veronica insult?,syntax,island_effects,coordinate_structure_constraint_complex_left_branch,True,False,True,True,279,-90.4079360961914,-87.37200927734375,0
Which steps has Steven ascended and some doctor descended?,Which has Steven ascended steps and some doctor descended?,syntax,island_effects,coordinate_structure_constraint_complex_left_branch,True,False,True,True,280,-82.06861114501953,-78.75181579589844,0
What teachers have some children known and Jesus loved?,What have some children known teachers and Jesus loved?,syntax,island_effects,coordinate_structure_constraint_complex_left_branch,True,False,True,True,281,-64.42570495605469,-64.37483215332031,0
Which horses was Karen taking and the customer curing?,Which was Karen taking horses and the customer curing?,syntax,island_effects,coordinate_structure_constraint_complex_left_branch,True,False,True,True,282,-79.39391326904297,-71.59673309326172,0
What adults could Scott insult and Douglas reference?,What could Scott insult adults and Douglas reference?,syntax,island_effects,coordinate_structure_constraint_complex_left_branch,True,False,True,True,283,-78.39456176757812,-74.69485473632812,0
What children have the Impressionists disagreed with and Peter worked with?,What have the Impressionists disagreed with children and Peter worked with?,syntax,island_effects,coordinate_structure_constraint_complex_left_branch,True,False,True,True,284,-94.26586151123047,-88.48075866699219,0
Which cars does Deborah take and Janice think about?,Which does Deborah take cars and Janice think about?,syntax,island_effects,coordinate_structure_constraint_complex_left_branch,True,False,True,True,285,-87.63584899902344,-83.12612915039062,0
Which pedestrians is Bradley working with and Peter irritating?,Which is Bradley working with pedestrians and Peter irritating?,syntax,island_effects,coordinate_structure_constraint_complex_left_branch,True,False,True,True,286,-77.9208984375,-71.038818359375,0
Which theses has that commentary disagreed with and Thomas researched?,Which has that commentary disagreed with theses and Thomas researched?,syntax,island_effects,coordinate_structure_constraint_complex_left_branch,True,False,True,True,287,-94.23480987548828,-87.7967758178711,0
Whose commentaries has Harvard University described and Amy sounded like?,Whose has Harvard University described commentaries and Amy sounded like?,syntax,island_effects,coordinate_structure_constraint_complex_left_branch,True,False,True,True,288,-103.45355987548828,-103.67694091796875,1
What children will Cindy hurt and Jacqueline criticize?,What will Cindy hurt children and Jacqueline criticize?,syntax,island_effects,coordinate_structure_constraint_complex_left_branch,True,False,True,True,289,-79.06953430175781,-78.46043395996094,0
Which schools has Mary questioned and Derek discussed?,Which has Mary questioned schools and Derek discussed?,syntax,island_effects,coordinate_structure_constraint_complex_left_branch,True,False,True,True,290,-70.9179458618164,-70.38545227050781,0
What fish could many actors clean and Judy clean?,What could many actors clean fish and Judy clean?,syntax,island_effects,coordinate_structure_constraint_complex_left_branch,True,False,True,True,291,-79.88233947753906,-72.61540222167969,0
Whose art galleries has Janice toured and a lot of waitresses appreciated?,Whose has Janice toured art galleries and a lot of waitresses appreciated?,syntax,island_effects,coordinate_structure_constraint_complex_left_branch,True,False,True,True,292,-122.83243560791016,-124.70946502685547,1
Which gates had Tina bought and Tanya thought about?,Which had Tina bought gates and Tanya thought about?,syntax,island_effects,coordinate_structure_constraint_complex_left_branch,True,False,True,True,293,-76.59706115722656,-75.50018310546875,0
What men was Angela listening to and Dana arguing about?,What was Angela listening to men and Dana arguing about?,syntax,island_effects,coordinate_structure_constraint_complex_left_branch,True,False,True,True,294,-78.65342712402344,-73.37803649902344,0
What banks could Richard exit and Cheryl distract?,What could Richard exit banks and Cheryl distract?,syntax,island_effects,coordinate_structure_constraint_complex_left_branch,True,False,True,True,295,-80.42411804199219,-76.21498107910156,0
Which essays did those men disagree with and Deanna conceal?,Which did those men disagree with essays and Deanna conceal?,syntax,island_effects,coordinate_structure_constraint_complex_left_branch,True,False,True,True,296,-89.74723815917969,-84.85397338867188,0
Which trucks has Leslie taken and Kirsten revealed?,Which has Leslie taken trucks and Kirsten revealed?,syntax,island_effects,coordinate_structure_constraint_complex_left_branch,True,False,True,True,297,-78.59445190429688,-75.45497131347656,0
What drivers will Ella conceal and that library remember?,What will Ella conceal drivers and that library remember?,syntax,island_effects,coordinate_structure_constraint_complex_left_branch,True,False,True,True,298,-80.43177032470703,-79.7317123413086,0
Which boys had Carrie hugged and Marcus shocked?,Which had Carrie hugged boys and Marcus shocked?,syntax,island_effects,coordinate_structure_constraint_complex_left_branch,True,False,True,True,299,-72.49095153808594,-72.28276062011719,0
What books would some child scan and Travis research?,What would some child scan books and Travis research?,syntax,island_effects,coordinate_structure_constraint_complex_left_branch,True,False,True,True,300,-77.84076690673828,-73.5216064453125,0
What women has Veronica respected and some cashier hidden?,What has Veronica respected women and some cashier hidden?,syntax,island_effects,coordinate_structure_constraint_complex_left_branch,True,False,True,True,301,-85.2166519165039,-83.14863586425781,0
Which cats has Kevin brought and Liam brought?,Which has Kevin brought cats and Liam brought?,syntax,island_effects,coordinate_structure_constraint_complex_left_branch,True,False,True,True,302,-71.74041748046875,-66.86231994628906,0
Whose lakes had this person skated around and Tamara researched?,Whose had this person skated around lakes and Tamara researched?,syntax,island_effects,coordinate_structure_constraint_complex_left_branch,True,False,True,True,303,-108.00090026855469,-104.81123352050781,0
Which cafes have all dancers disliked and Pamela toured?,Which have all dancers disliked cafes and Pamela toured?,syntax,island_effects,coordinate_structure_constraint_complex_left_branch,True,False,True,True,304,-85.57359313964844,-82.8020248413086,0
What cafes has that man explored and Claire cleaned?,What has that man explored cafes and Claire cleaned?,syntax,island_effects,coordinate_structure_constraint_complex_left_branch,True,False,True,True,305,-79.23726654052734,-76.73228454589844,0
Which icicles will Tammy discover and this man notice?,Which will Tammy discover icicles and this man notice?,syntax,island_effects,coordinate_structure_constraint_complex_left_branch,True,False,True,True,306,-86.78488159179688,-81.76657104492188,0
What girls are some dancers disturbing and travel irritating?,What are some dancers disturbing girls and travel irritating?,syntax,island_effects,coordinate_structure_constraint_complex_left_branch,True,False,True,True,307,-73.60826110839844,-70.76301574707031,0
What children are a lot of universities working with and Tara fleeing from?,What are a lot of universities working with children and Tara fleeing from?,syntax,island_effects,coordinate_structure_constraint_complex_left_branch,True,False,True,True,308,-86.73178100585938,-81.14952850341797,0
Which analyses should the legislature discuss and every library hate?,Which should the legislature discuss analyses and every library hate?,syntax,island_effects,coordinate_structure_constraint_complex_left_branch,True,False,True,True,309,-89.6341552734375,-87.30877685546875,0
Which doctors might Patricia attack and Connie insult?,Which might Patricia attack doctors and Connie insult?,syntax,island_effects,coordinate_structure_constraint_complex_left_branch,True,False,True,True,310,-73.39244842529297,-74.75030517578125,1
What drivers have many dancers sounded like and Samantha seen?,What have many dancers sounded like drivers and Samantha seen?,syntax,island_effects,coordinate_structure_constraint_complex_left_branch,True,False,True,True,311,-82.21212768554688,-78.01080322265625,0
Which offspring is Melinda appreciating and Grace bothering?,Which is Melinda appreciating offspring and Grace bothering?,syntax,island_effects,coordinate_structure_constraint_complex_left_branch,True,False,True,True,312,-84.47052001953125,-83.77753448486328,0
Which guys will Maria know and Nicole talk to?,Which will Maria know guys and Nicole talk to?,syntax,island_effects,coordinate_structure_constraint_complex_left_branch,True,False,True,True,313,-68.92140197753906,-68.28736114501953,0
What drivers had Frank concealed and Janet talked about?,What had Frank concealed drivers and Janet talked about?,syntax,island_effects,coordinate_structure_constraint_complex_left_branch,True,False,True,True,314,-73.00389099121094,-70.1898422241211,0
Which screens had Cindy noticed and Gerald thought about?,Which had Cindy noticed screens and Gerald thought about?,syntax,island_effects,coordinate_structure_constraint_complex_left_branch,True,False,True,True,315,-76.93212890625,-74.15382385253906,0
Which alumni is Leslie arguing about and Aaron investigating?,Which is Leslie arguing about alumni and Aaron investigating?,syntax,island_effects,coordinate_structure_constraint_complex_left_branch,True,False,True,True,316,-80.47004699707031,-75.46078491210938,0
What skateboards would Charles break and Paula see?,What would Charles break skateboards and Paula see?,syntax,island_effects,coordinate_structure_constraint_complex_left_branch,True,False,True,True,317,-80.44575500488281,-75.65232849121094,0
Which reports is Martha complaining about and Anna noticing?,Which is Martha complaining about reports and Anna noticing?,syntax,island_effects,coordinate_structure_constraint_complex_left_branch,True,False,True,True,318,-77.63026428222656,-73.03274536132812,0
Which museums has Amelia explored and Bill described?,Which has Amelia explored museums and Bill described?,syntax,island_effects,coordinate_structure_constraint_complex_left_branch,True,False,True,True,319,-75.14982604980469,-74.30448913574219,0
Which ladies have all lights upset and Renee kissed?,Which have all lights upset ladies and Renee kissed?,syntax,island_effects,coordinate_structure_constraint_complex_left_branch,True,False,True,True,320,-80.62716674804688,-80.53184509277344,0
Whose museums should Tiffany exit and Gary flee from?,Whose should Tiffany exit museums and Gary flee from?,syntax,island_effects,coordinate_structure_constraint_complex_left_branch,True,False,True,True,321,-92.27847290039062,-94.45268249511719,1
Which teachers has some student boasted about and Sally approached?,Which has some student boasted about teachers and Sally approached?,syntax,island_effects,coordinate_structure_constraint_complex_left_branch,True,False,True,True,322,-81.63011169433594,-77.48532104492188,0
Which commentaries had Pamela examined and Frank complained about?,Which had Pamela examined commentaries and Frank complained about?,syntax,island_effects,coordinate_structure_constraint_complex_left_branch,True,False,True,True,323,-84.28619384765625,-84.38827514648438,1
Which senators has the college campus alarmed and a lot of drivers disagreed with?,Which has the college campus alarmed senators and a lot of drivers disagreed with?,syntax,island_effects,coordinate_structure_constraint_complex_left_branch,True,False,True,True,324,-102.57374572753906,-102.00440979003906,0
What ladies was Barbara astounding and Wayne hurting?,What was Barbara astounding ladies and Wayne hurting?,syntax,island_effects,coordinate_structure_constraint_complex_left_branch,True,False,True,True,325,-77.80754089355469,-73.55088806152344,0
What actresses is Homer concealing and the cafe impressing?,What is Homer concealing actresses and the cafe impressing?,syntax,island_effects,coordinate_structure_constraint_complex_left_branch,True,False,True,True,326,-96.76025390625,-93.2568588256836,0
Which movie theaters was Kimberley describing and Kathleen lifting?,Which was Kimberley describing movie theaters and Kathleen lifting?,syntax,island_effects,coordinate_structure_constraint_complex_left_branch,True,False,True,True,327,-94.55925750732422,-91.64997863769531,0
Whose hills had Sabrina ascended and Theresa escaped from?,Whose had Sabrina ascended hills and Theresa escaped from?,syntax,island_effects,coordinate_structure_constraint_complex_left_branch,True,False,True,True,328,-98.31944274902344,-98.03125762939453,0
Which paralyses had Christopher argued about and Monica complained about?,Which had Christopher argued about paralyses and Monica complained about?,syntax,island_effects,coordinate_structure_constraint_complex_left_branch,True,False,True,True,329,-100.74244689941406,-93.1005859375,0
Which lakes is Debra arriving at and some man admiring?,Which is Debra arriving at lakes and some man admiring?,syntax,island_effects,coordinate_structure_constraint_complex_left_branch,True,False,True,True,330,-89.80633544921875,-84.88681030273438,0
What couches is Michael breaking and Galileo discovering?,What is Michael breaking couches and Galileo discovering?,syntax,island_effects,coordinate_structure_constraint_complex_left_branch,True,False,True,True,331,-84.39090728759766,-79.78999328613281,0
Which patients has Regina helped and Samantha revealed?,Which has Regina helped patients and Samantha revealed?,syntax,island_effects,coordinate_structure_constraint_complex_left_branch,True,False,True,True,332,-74.90922546386719,-72.23942565917969,0
What hospitals did David distract and Karla leave?,What did David distract hospitals and Karla leave?,syntax,island_effects,coordinate_structure_constraint_complex_left_branch,True,False,True,True,333,-82.98329162597656,-77.31362915039062,0
What associations should those scarves aggravate and a commentary distract?,What should those scarves aggravate associations and a commentary distract?,syntax,island_effects,coordinate_structure_constraint_complex_left_branch,True,False,True,True,334,-103.47085571289062,-101.90704345703125,0
Which skirts could Eva like and Robert notice?,Which could Eva like skirts and Robert notice?,syntax,island_effects,coordinate_structure_constraint_complex_left_branch,True,False,True,True,335,-74.90936279296875,-66.99893188476562,0
What hills had Candice discussed and Christine skated around?,What had Candice discussed hills and Christine skated around?,syntax,island_effects,coordinate_structure_constraint_complex_left_branch,True,False,True,True,336,-98.18639373779297,-93.99198913574219,0
Which men had Kirsten found and Laurie questioned?,Which had Kirsten found men and Laurie questioned?,syntax,island_effects,coordinate_structure_constraint_complex_left_branch,True,False,True,True,337,-70.919921875,-68.95626068115234,0
Which guys has Edward fled from and Edward shocked?,Which has Edward fled from guys and Edward shocked?,syntax,island_effects,coordinate_structure_constraint_complex_left_branch,True,False,True,True,338,-79.10887145996094,-76.05998229980469,0
What waitresses was Edward questioning and Winston Churchill admiring?,What was Edward questioning waitresses and Winston Churchill admiring?,syntax,island_effects,coordinate_structure_constraint_complex_left_branch,True,False,True,True,339,-96.88687133789062,-96.97714233398438,1
What dancers had this commentary disagreed with and some customer admired?,What had this commentary disagreed with dancers and some customer admired?,syntax,island_effects,coordinate_structure_constraint_complex_left_branch,True,False,True,True,340,-97.3833236694336,-90.29135131835938,0
What doctors might Jason aggravate and Donna discuss?,What might Jason aggravate doctors and Donna discuss?,syntax,island_effects,coordinate_structure_constraint_complex_left_branch,True,False,True,True,341,-81.3802719116211,-81.41426849365234,1
Which ellipses might Jodi appreciate and this doctor appreciate?,Which might Jodi appreciate ellipses and this doctor appreciate?,syntax,island_effects,coordinate_structure_constraint_complex_left_branch,True,False,True,True,342,-110.12686920166016,-104.91133117675781,0
Which museums can Wayne drop by and Joel return to?,Which can Wayne drop by museums and Joel return to?,syntax,island_effects,coordinate_structure_constraint_complex_left_branch,True,False,True,True,343,-89.11593627929688,-84.6461181640625,0
Which drivers has Walter sounded like and Sandra talked to?,Which has Walter sounded like drivers and Sandra talked to?,syntax,island_effects,coordinate_structure_constraint_complex_left_branch,True,False,True,True,344,-83.20246124267578,-80.3048324584961,0
What drivers can many patients disagree with and Benjamin worry?,What can many patients disagree with drivers and Benjamin worry?,syntax,island_effects,coordinate_structure_constraint_complex_left_branch,True,False,True,True,345,-86.46917724609375,-80.51277160644531,0
What pamphlets are the plays disagreeing with and this museum concealing?,What are the plays disagreeing with pamphlets and this museum concealing?,syntax,island_effects,coordinate_structure_constraint_complex_left_branch,True,False,True,True,346,-111.04256439208984,-103.14854431152344,0
What teachers will that icicle disturb and Bethany notice?,What will that icicle disturb teachers and Bethany notice?,syntax,island_effects,coordinate_structure_constraint_complex_left_branch,True,False,True,True,347,-98.8411636352539,-95.46492004394531,0
Which men are most fish impressing and Chad escaping from?,Which are most fish impressing men and Chad escaping from?,syntax,island_effects,coordinate_structure_constraint_complex_left_branch,True,False,True,True,348,-85.84947204589844,-86.17179870605469,1
Whose hospitals is a carriage shocking and Homer walking through?,Whose is a carriage shocking hospitals and Homer walking through?,syntax,island_effects,coordinate_structure_constraint_complex_left_branch,True,False,True,True,349,-86.31661987304688,-85.35416412353516,0
Which doctors might these universities confuse and these students irritate?,Which might these universities confuse doctors and these students irritate?,syntax,island_effects,coordinate_structure_constraint_complex_left_branch,True,False,True,True,350,-90.01065063476562,-89.64972686767578,0
Whose pants should Clyde take and a lot of turtles find?,Whose should Clyde take pants and a lot of turtles find?,syntax,island_effects,coordinate_structure_constraint_complex_left_branch,True,False,True,True,351,-91.7940673828125,-86.8663558959961,0
Which men had Russell known and all closets bothered?,Which had Russell known men and all closets bothered?,syntax,island_effects,coordinate_structure_constraint_complex_left_branch,True,False,True,True,352,-81.47703552246094,-80.56294250488281,0
Which boys were some customers working with and some student insulting?,Which were some customers working with boys and some student insulting?,syntax,island_effects,coordinate_structure_constraint_complex_left_branch,True,False,True,True,353,-81.3749771118164,-77.76380920410156,0
Which boys does every driver talk to and Carolyn appreciate?,Which does every driver talk to boys and Carolyn appreciate?,syntax,island_effects,coordinate_structure_constraint_complex_left_branch,True,False,True,True,354,-85.67668151855469,-77.24286651611328,0
Which senators had a committee discussed and Carol watched?,Which had a committee discussed senators and Carol watched?,syntax,island_effects,coordinate_structure_constraint_complex_left_branch,True,False,True,True,355,-75.01658630371094,-73.35047149658203,0
Which carts has Monica broken and some school concealed?,Which has Monica broken carts and some school concealed?,syntax,island_effects,coordinate_structure_constraint_complex_left_branch,True,False,True,True,356,-82.40010833740234,-79.49921417236328,0
Whose reports might Heidi forget and Carmen find?,Whose might Heidi forget reports and Carmen find?,syntax,island_effects,coordinate_structure_constraint_complex_left_branch,True,False,True,True,357,-86.41340637207031,-87.49455261230469,1
Which ladders has Bethany climbed down and all actors sold?,Which has Bethany climbed down ladders and all actors sold?,syntax,island_effects,coordinate_structure_constraint_complex_left_branch,True,False,True,True,358,-102.08312225341797,-94.81930541992188,0
What teenagers had Joel hated and ladies disagreed with?,What had Joel hated teenagers and ladies disagreed with?,syntax,island_effects,coordinate_structure_constraint_complex_left_branch,True,False,True,True,359,-84.7060546875,-80.7186279296875,0
What dancers can Michael love and Adam hire?,What can Michael love dancers and Adam hire?,syntax,island_effects,coordinate_structure_constraint_complex_left_branch,True,False,True,True,360,-70.18778228759766,-67.31702423095703,0
What teachers has every child bored and Alicia disgusted?,What has every child bored teachers and Alicia disgusted?,syntax,island_effects,coordinate_structure_constraint_complex_left_branch,True,False,True,True,361,-80.91574096679688,-79.53762817382812,0
What patients can Irene hate and Galileo conceal?,What can Irene hate patients and Galileo conceal?,syntax,island_effects,coordinate_structure_constraint_complex_left_branch,True,False,True,True,362,-81.74775695800781,-79.08423614501953,0
What boys is Meredith approaching and Harvard University talking to?,What is Meredith approaching boys and Harvard University talking to?,syntax,island_effects,coordinate_structure_constraint_complex_left_branch,True,False,True,True,363,-84.55021667480469,-79.79499053955078,0
What eyes might Maria have and Brett clean?,What might Maria have eyes and Brett clean?,syntax,island_effects,coordinate_structure_constraint_complex_left_branch,True,False,True,True,364,-76.0551528930664,-68.7525405883789,0
What waiters was every mouth irritating and Gary bothering?,What was every mouth irritating waiters and Gary bothering?,syntax,island_effects,coordinate_structure_constraint_complex_left_branch,True,False,True,True,365,-89.12895202636719,-86.5027084350586,0
Which banks do many guests explore and Gregory reveal?,Which do many guests explore banks and Gregory reveal?,syntax,island_effects,coordinate_structure_constraint_complex_left_branch,True,False,True,True,366,-82.861328125,-80.48101806640625,0
What offspring is Stephen describing and some waiter observing?,What is Stephen describing offspring and some waiter observing?,syntax,island_effects,coordinate_structure_constraint_complex_left_branch,True,False,True,True,367,-84.85997009277344,-79.7898941040039,0
What girls will Danielle disturb and Laura conceal?,What will Danielle disturb girls and Laura conceal?,syntax,island_effects,coordinate_structure_constraint_complex_left_branch,True,False,True,True,368,-78.32371520996094,-73.743896484375,0
What offspring has that bird disgusted and George praised?,What has that bird disgusted offspring and George praised?,syntax,island_effects,coordinate_structure_constraint_complex_left_branch,True,False,True,True,369,-79.31474304199219,-76.87709045410156,0
Which women might those boxes bother and the guys see?,Which might those boxes bother women and the guys see?,syntax,island_effects,coordinate_structure_constraint_complex_left_branch,True,False,True,True,370,-73.76058197021484,-71.42727661132812,0
Which malls can Aaron take and that doctor return to?,Which can Aaron take malls and that doctor return to?,syntax,island_effects,coordinate_structure_constraint_complex_left_branch,True,False,True,True,371,-81.35274505615234,-77.24559020996094,0
Whose restaurants is Susan returning to and some university taking?,Whose is Susan returning to restaurants and some university taking?,syntax,island_effects,coordinate_structure_constraint_complex_left_branch,True,False,True,True,372,-88.56546020507812,-84.83548736572266,0
Which dancers did the Impressionists alarm and Larry astound?,Which did the Impressionists alarm dancers and Larry astound?,syntax,island_effects,coordinate_structure_constraint_complex_left_branch,True,False,True,True,373,-98.43567657470703,-97.56354522705078,0
What senators had the hill stunned and Michael cured?,What had the hill stunned senators and Michael cured?,syntax,island_effects,coordinate_structure_constraint_complex_left_branch,True,False,True,True,374,-77.04722595214844,-75.66954803466797,0
Which men does Gerald leave and John work with?,Which does Gerald leave men and John work with?,syntax,island_effects,coordinate_structure_constraint_complex_left_branch,True,False,True,True,375,-72.86106872558594,-69.68350219726562,0
What children did some restaurant impress and Grace question?,What did some restaurant impress children and Grace question?,syntax,island_effects,coordinate_structure_constraint_complex_left_branch,True,False,True,True,376,-74.51644897460938,-72.15425109863281,0
What drivers had Kimberley concealed and Eric kissed?,What had Kimberley concealed drivers and Eric kissed?,syntax,island_effects,coordinate_structure_constraint_complex_left_branch,True,False,True,True,377,-80.73302459716797,-79.17906951904297,0
Which girls were all eyes worrying and most actors visiting?,Which were all eyes worrying girls and most actors visiting?,syntax,island_effects,coordinate_structure_constraint_complex_left_branch,True,False,True,True,378,-78.1474838256836,-78.04920196533203,0
What college campuses has some actress bought and Michael described?,What has some actress bought college campuses and Michael described?,syntax,island_effects,coordinate_structure_constraint_complex_left_branch,True,False,True,True,379,-90.79532623291016,-85.27049255371094,0
What drivers had Jason discussed and Bruce scared?,What had Jason discussed drivers and Bruce scared?,syntax,island_effects,coordinate_structure_constraint_complex_left_branch,True,False,True,True,380,-71.84403991699219,-68.90066528320312,0
What photographs has this glass looked like and Julie found?,What has this glass looked like photographs and Julie found?,syntax,island_effects,coordinate_structure_constraint_complex_left_branch,True,False,True,True,381,-80.45841979980469,-73.43538665771484,0
Which cashiers did the child kiss and this water disgust?,Which did the child kiss cashiers and this water disgust?,syntax,island_effects,coordinate_structure_constraint_complex_left_branch,True,False,True,True,382,-83.843017578125,-83.6991195678711,0
Which men was Andrea kissing and Sally working with?,Which was Andrea kissing men and Sally working with?,syntax,island_effects,coordinate_structure_constraint_complex_left_branch,True,False,True,True,383,-75.94454193115234,-70.43119812011719,0
Whose governments is Michelle scaring and Alexander distracting?,Whose is Michelle scaring governments and Alexander distracting?,syntax,island_effects,coordinate_structure_constraint_complex_left_branch,True,False,True,True,384,-86.20745849609375,-86.8699951171875,1
What icicles is Patricia lifting and Sharon taking?,What is Patricia lifting icicles and Sharon taking?,syntax,island_effects,coordinate_structure_constraint_complex_left_branch,True,False,True,True,385,-83.64722442626953,-79.1600341796875,0
Which women had Randolf investigated and these pedestrians watched?,Which had Randolf investigated women and these pedestrians watched?,syntax,island_effects,coordinate_structure_constraint_complex_left_branch,True,False,True,True,386,-92.37864685058594,-90.7762680053711,0
Which dancers has John loved and some print looked like?,Which has John loved dancers and some print looked like?,syntax,island_effects,coordinate_structure_constraint_complex_left_branch,True,False,True,True,387,-85.05521392822266,-81.427490234375,0
What hospitals does Wayne remember and most children research?,What does Wayne remember hospitals and most children research?,syntax,island_effects,coordinate_structure_constraint_complex_left_branch,True,False,True,True,388,-80.60151672363281,-75.20699310302734,0
What women should Travis dislike and Gregory visit?,What should Travis dislike women and Gregory visit?,syntax,island_effects,coordinate_structure_constraint_complex_left_branch,True,False,True,True,389,-71.86796569824219,-70.00045776367188,0
Which guests had all horses found and some spotlight bothered?,Which had all horses found guests and some spotlight bothered?,syntax,island_effects,coordinate_structure_constraint_complex_left_branch,True,False,True,True,390,-82.18636322021484,-78.75216674804688,0
What girls is this teenager confusing and Richard kissing?,What is this teenager confusing girls and Richard kissing?,syntax,island_effects,coordinate_structure_constraint_complex_left_branch,True,False,True,True,391,-75.9555892944336,-72.1086196899414,0
What pedestrians will Theresa insult and Carol care for?,What will Theresa insult pedestrians and Carol care for?,syntax,island_effects,coordinate_structure_constraint_complex_left_branch,True,False,True,True,392,-80.93641662597656,-79.5073013305664,0
Whose theses is Renee describing and Jill describing?,Whose is Renee describing theses and Jill describing?,syntax,island_effects,coordinate_structure_constraint_complex_left_branch,True,False,True,True,393,-89.64291381835938,-89.1919174194336,0
Which people has every actress discussed and Stephen known?,Which has every actress discussed people and Stephen known?,syntax,island_effects,coordinate_structure_constraint_complex_left_branch,True,False,True,True,394,-77.68024444580078,-76.54895782470703,0
Which dogs have a lot of girls healed and Ruth brought?,Which have a lot of girls healed dogs and Ruth brought?,syntax,island_effects,coordinate_structure_constraint_complex_left_branch,True,False,True,True,395,-71.98789978027344,-71.50609588623047,0
Which hills does Galileo tour and Teresa think about?,Which does Galileo tour hills and Teresa think about?,syntax,island_effects,coordinate_structure_constraint_complex_left_branch,True,False,True,True,396,-82.7619857788086,-80.33711242675781,0
Which women can Homer shock and Rebecca approach?,Which can Homer shock women and Rebecca approach?,syntax,island_effects,coordinate_structure_constraint_complex_left_branch,True,False,True,True,397,-69.91322326660156,-68.65374755859375,0
What closets will Rose describe and Peter dislike?,What will Rose describe closets and Peter dislike?,syntax,island_effects,coordinate_structure_constraint_complex_left_branch,True,False,True,True,398,-83.53910064697266,-79.6435317993164,0
Whose museums did Sonia bike to and Florence boycott?,Whose did Sonia bike to museums and Florence boycott?,syntax,island_effects,coordinate_structure_constraint_complex_left_branch,True,False,True,True,399,-95.26686096191406,-89.91520690917969,0
Whose reports is Adam scanning and Carrie hiding?,Whose is Adam scanning reports and Carrie hiding?,syntax,island_effects,coordinate_structure_constraint_complex_left_branch,True,False,True,True,400,-81.17227935791016,-81.4848861694336,1
Which college campuses would Claire tour and Andrew admire?,Which would Claire tour college campuses and Andrew admire?,syntax,island_effects,coordinate_structure_constraint_complex_left_branch,True,False,True,True,401,-87.00856018066406,-83.40320587158203,0
What girls has Rodney visited and that muffin annoyed?,What has Rodney visited girls and that muffin annoyed?,syntax,island_effects,coordinate_structure_constraint_complex_left_branch,True,False,True,True,402,-86.05978393554688,-82.46304321289062,0
What unicycles had some waiters seen and Stephen admired?,What had some waiters seen unicycles and Stephen admired?,syntax,island_effects,coordinate_structure_constraint_complex_left_branch,True,False,True,True,403,-107.73648071289062,-103.05972290039062,0
Which series might Marcus research and Laura boast about?,Which might Marcus research series and Laura boast about?,syntax,island_effects,coordinate_structure_constraint_complex_left_branch,True,False,True,True,404,-83.68289947509766,-77.6008529663086,0
What guys did Bill insult and Vanessa fire?,What did Bill insult guys and Vanessa fire?,syntax,island_effects,coordinate_structure_constraint_complex_left_branch,True,False,True,True,405,-66.42839050292969,-66.41526794433594,0
What actors does Allison escape from and this actress praise?,What does Allison escape from actors and this actress praise?,syntax,island_effects,coordinate_structure_constraint_complex_left_branch,True,False,True,True,406,-89.97428894042969,-79.56871795654297,0
What cups had Barbara fixed and Candice found?,What had Barbara fixed cups and Candice found?,syntax,island_effects,coordinate_structure_constraint_complex_left_branch,True,False,True,True,407,-79.83312225341797,-73.48554992675781,0
What women was Lucille boasting about and actresses leaving?,What was Lucille boasting about women and actresses leaving?,syntax,island_effects,coordinate_structure_constraint_complex_left_branch,True,False,True,True,408,-88.97230529785156,-80.96273803710938,0
Whose organizations had Mitchell thought about and every dancer scared?,Whose had Mitchell thought about organizations and every dancer scared?,syntax,island_effects,coordinate_structure_constraint_complex_left_branch,True,False,True,True,409,-95.70150756835938,-92.83956909179688,0
What dancers have those plays bored and Charles worked with?,What have those plays bored dancers and Charles worked with?,syntax,island_effects,coordinate_structure_constraint_complex_left_branch,True,False,True,True,410,-84.56050109863281,-82.71728515625,0
Which chairs did Carlos like and every actress break?,Which did Carlos like chairs and every actress break?,syntax,island_effects,coordinate_structure_constraint_complex_left_branch,True,False,True,True,411,-85.68040466308594,-77.55794525146484,0
What photographs had Christine looked like and Marla cleaned?,What had Christine looked like photographs and Marla cleaned?,syntax,island_effects,coordinate_structure_constraint_complex_left_branch,True,False,True,True,412,-83.49752807617188,-76.96841430664062,0
Whose glasses is Samantha lifting and Thomas breaking?,Whose is Samantha lifting glasses and Thomas breaking?,syntax,island_effects,coordinate_structure_constraint_complex_left_branch,True,False,True,True,413,-81.69664001464844,-79.61046600341797,0
What chairs might Timothy break and Karen reveal?,What might Timothy break chairs and Karen reveal?,syntax,island_effects,coordinate_structure_constraint_complex_left_branch,True,False,True,True,414,-78.6004638671875,-73.86426544189453,0
Whose college campuses might Rhonda mess up and many organizations sell?,Whose might Rhonda mess up college campuses and many organizations sell?,syntax,island_effects,coordinate_structure_constraint_complex_left_branch,True,False,True,True,415,-115.05406188964844,-114.33651733398438,0
Which actresses had the Impressionists known and this painting looked like?,Which had the Impressionists known actresses and this painting looked like?,syntax,island_effects,coordinate_structure_constraint_complex_left_branch,True,False,True,True,416,-97.31448364257812,-94.88195037841797,0
Which prints has Rachel looked like and Martha lifted?,Which has Rachel looked like prints and Martha lifted?,syntax,island_effects,coordinate_structure_constraint_complex_left_branch,True,False,True,True,417,-80.71981811523438,-76.48766326904297,0
What teenagers should many photographs scare and these senators approach?,What should many photographs scare teenagers and these senators approach?,syntax,island_effects,coordinate_structure_constraint_complex_left_branch,True,False,True,True,418,-90.05397033691406,-84.88129425048828,0
What libraries can Jodi arrive at and James run around?,What can Jodi arrive at libraries and James run around?,syntax,island_effects,coordinate_structure_constraint_complex_left_branch,True,False,True,True,419,-89.65550994873047,-82.04615783691406,0
What patients had Jason found and Douglas criticized?,What had Jason found patients and Douglas criticized?,syntax,island_effects,coordinate_structure_constraint_complex_left_branch,True,False,True,True,420,-70.79489135742188,-65.72637176513672,0
What reports did Rose hate and James find?,What did Rose hate reports and James find?,syntax,island_effects,coordinate_structure_constraint_complex_left_branch,True,False,True,True,421,-74.17374420166016,-67.34481811523438,0
Which associations is Theodore investigating and the rabbit annoying?,Which is Theodore investigating associations and the rabbit annoying?,syntax,island_effects,coordinate_structure_constraint_complex_left_branch,True,False,True,True,422,-80.25430297851562,-78.36978149414062,0
Whose pamphlets is Susan concealing and Julia noticing?,Whose is Susan concealing pamphlets and Julia noticing?,syntax,island_effects,coordinate_structure_constraint_complex_left_branch,True,False,True,True,423,-98.39680480957031,-97.14640808105469,0
What boys were those senators investigating and a lot of spotlights shocking?,What were those senators investigating boys and a lot of spotlights shocking?,syntax,island_effects,coordinate_structure_constraint_complex_left_branch,True,False,True,True,424,-103.25482177734375,-102.3734359741211,0
What oases is Mark fleeing from and Christina finding?,What is Mark fleeing from oases and Christina finding?,syntax,island_effects,coordinate_structure_constraint_complex_left_branch,True,False,True,True,425,-89.46778869628906,-84.71046447753906,0
Whose media has Lawrence boasted about and the cashier thought about?,Whose has Lawrence boasted about media and the cashier thought about?,syntax,island_effects,coordinate_structure_constraint_complex_left_branch,True,False,True,True,426,-101.83147430419922,-98.6832046508789,0
What hospitals are a lot of cashiers fleeing from and Susan questioning?,What are a lot of cashiers fleeing from hospitals and Susan questioning?,syntax,island_effects,coordinate_structure_constraint_complex_left_branch,True,False,True,True,427,-97.2536392211914,-91.76690673828125,0
What books have most prints looked like and Amelia admired?,What have most prints looked like books and Amelia admired?,syntax,island_effects,coordinate_structure_constraint_complex_left_branch,True,False,True,True,428,-86.41928100585938,-78.65567016601562,0
Whose grocery stores could Joseph drive to and every man return to?,Whose could Joseph drive to grocery stores and every man return to?,syntax,island_effects,coordinate_structure_constraint_complex_left_branch,True,False,True,True,429,-100.85566711425781,-96.44830322265625,0
What men was Heidi talking about and Renee stunning?,What was Heidi talking about men and Renee stunning?,syntax,island_effects,coordinate_structure_constraint_complex_left_branch,True,False,True,True,430,-80.87890625,-75.48681640625,0
Which trucks is every driver breaking and every sketch looking like?,Which is every driver breaking trucks and every sketch looking like?,syntax,island_effects,coordinate_structure_constraint_complex_left_branch,True,False,True,True,431,-88.84088897705078,-83.6801528930664,0
Which restaurants have the Clintons passed and Vanessa walked through?,Which have the Clintons passed restaurants and Vanessa walked through?,syntax,island_effects,coordinate_structure_constraint_complex_left_branch,True,False,True,True,432,-84.29054260253906,-82.83345031738281,0
Whose newspaper articles can these boys disagree with and Raymond conceal?,Whose can these boys disagree with newspaper articles and Raymond conceal?,syntax,island_effects,coordinate_structure_constraint_complex_left_branch,True,False,True,True,433,-102.41175842285156,-98.4065170288086,0
Whose museums were a lot of eggplants upsetting and some broccoli scaring?,Whose were a lot of eggplants upsetting museums and some broccoli scaring?,syntax,island_effects,coordinate_structure_constraint_complex_left_branch,True,False,True,True,434,-115.91731262207031,-117.21415710449219,1
What theses is Melissa scanning and every university referencing?,What is Melissa scanning theses and every university referencing?,syntax,island_effects,coordinate_structure_constraint_complex_left_branch,True,False,True,True,435,-88.53799438476562,-84.44151306152344,0
Whose commentaries are those actors scanning and Regina discovering?,Whose are those actors scanning commentaries and Regina discovering?,syntax,island_effects,coordinate_structure_constraint_complex_left_branch,True,False,True,True,436,-99.39501190185547,-101.025146484375,1
What guests has Gerald irritated and Veronica hated?,What has Gerald irritated guests and Veronica hated?,syntax,island_effects,coordinate_structure_constraint_complex_left_branch,True,False,True,True,437,-78.3033676147461,-76.41767883300781,0
Which students did this sweater aggravate and Deborah sound like?,Which did this sweater aggravate students and Deborah sound like?,syntax,island_effects,coordinate_structure_constraint_complex_left_branch,True,False,True,True,438,-88.30862426757812,-86.91533660888672,0
What stimuli is Emily hiding and Dana discovering?,What is Emily hiding stimuli and Dana discovering?,syntax,island_effects,coordinate_structure_constraint_complex_left_branch,True,False,True,True,439,-78.70721435546875,-72.99042510986328,0
What bicycles will Gerald break and Winston Churchill like?,What will Gerald break bicycles and Winston Churchill like?,syntax,island_effects,coordinate_structure_constraint_complex_left_branch,True,False,True,True,440,-84.91506958007812,-82.03480529785156,0
What doctors has the museum known and a lot of senators concealed?,What has the museum known doctors and a lot of senators concealed?,syntax,island_effects,coordinate_structure_constraint_complex_left_branch,True,False,True,True,441,-83.37126159667969,-82.11964416503906,0
What hills has Rhonda left and Sally appreciated?,What has Rhonda left hills and Sally appreciated?,syntax,island_effects,coordinate_structure_constraint_complex_left_branch,True,False,True,True,442,-82.70254516601562,-79.03434753417969,0
Which series is the guest complaining about and Edward boasting about?,Which is the guest complaining about series and Edward boasting about?,syntax,island_effects,coordinate_structure_constraint_complex_left_branch,True,False,True,True,443,-83.6647720336914,-79.94796752929688,0
What drivers could Erin hire and Theodore return to?,What could Erin hire drivers and Theodore return to?,syntax,island_effects,coordinate_structure_constraint_complex_left_branch,True,False,True,True,444,-79.22073364257812,-74.05243682861328,0
What actresses had Ronald hidden and Tara observed?,What had Ronald hidden actresses and Tara observed?,syntax,island_effects,coordinate_structure_constraint_complex_left_branch,True,False,True,True,445,-76.19084930419922,-71.01451110839844,0
Whose hospitals had that mouth astounded and Matt passed?,Whose had that mouth astounded hospitals and Matt passed?,syntax,island_effects,coordinate_structure_constraint_complex_left_branch,True,False,True,True,446,-89.54581451416016,-89.71072387695312,1
Whose high schools had David escaped from and Gregory revealed?,Whose had David escaped from high schools and Gregory revealed?,syntax,island_effects,coordinate_structure_constraint_complex_left_branch,True,False,True,True,447,-90.37759399414062,-85.89669799804688,0
What museums is Kimberley visiting and patients exiting?,What is Kimberley visiting museums and patients exiting?,syntax,island_effects,coordinate_structure_constraint_complex_left_branch,True,False,True,True,448,-88.385009765625,-82.7163314819336,0
What restaurants has Candice disliked and Sherry walked through?,What has Candice disliked restaurants and Sherry walked through?,syntax,island_effects,coordinate_structure_constraint_complex_left_branch,True,False,True,True,449,-96.93325805664062,-94.55363464355469,0
Whose museums has Eva bothered and all pies embarrassed?,Whose has Eva bothered museums and all pies embarrassed?,syntax,island_effects,coordinate_structure_constraint_complex_left_branch,True,False,True,True,450,-93.12920379638672,-95.20538330078125,1
Which bases had Cynthia discovered and Raymond discovered?,Which had Cynthia discovered bases and Raymond discovered?,syntax,island_effects,coordinate_structure_constraint_complex_left_branch,True,False,True,True,451,-70.00099182128906,-66.7441635131836,0
Which students does Jeffrey remember and every student disgust?,Which does Jeffrey remember students and every student disgust?,syntax,island_effects,coordinate_structure_constraint_complex_left_branch,True,False,True,True,452,-81.73262023925781,-81.10812377929688,0
Which men would Ellen alarm and all teenagers criticize?,Which would Ellen alarm men and all teenagers criticize?,syntax,island_effects,coordinate_structure_constraint_complex_left_branch,True,False,True,True,453,-80.34584045410156,-78.02952575683594,0
What dancers has the man described and the Lutherans upset?,What has the man described dancers and the Lutherans upset?,syntax,island_effects,coordinate_structure_constraint_complex_left_branch,True,False,True,True,454,-85.36603546142578,-84.01600646972656,0
Which students has Becca returned to and men complained about?,Which has Becca returned to students and men complained about?,syntax,island_effects,coordinate_structure_constraint_complex_left_branch,True,False,True,True,455,-85.53358459472656,-80.33731079101562,0
Whose drawings can Jacqueline look like and Candice admire?,Whose can Jacqueline look like drawings and Candice admire?,syntax,island_effects,coordinate_structure_constraint_complex_left_branch,True,False,True,True,456,-99.82474517822266,-97.4439697265625,0
What horses was Paul hiding and Lawrence thinking about?,What was Paul hiding horses and Lawrence thinking about?,syntax,island_effects,coordinate_structure_constraint_complex_left_branch,True,False,True,True,457,-75.26898956298828,-70.6547622680664,0
What essays might April scan and Jacqueline complain about?,What might April scan essays and Jacqueline complain about?,syntax,island_effects,coordinate_structure_constraint_complex_left_branch,True,False,True,True,458,-90.27120971679688,-89.3523941040039,0
What patients had Beth sounded like and Veronica found?,What had Beth sounded like patients and Veronica found?,syntax,island_effects,coordinate_structure_constraint_complex_left_branch,True,False,True,True,459,-76.55075073242188,-71.29336547851562,0
What men does Noah listen to and this story aggravate?,What does Noah listen to men and this story aggravate?,syntax,island_effects,coordinate_structure_constraint_complex_left_branch,True,False,True,True,460,-82.57137298583984,-76.85340118408203,0
What closets has Tonya seen and Natalie exited?,What has Tonya seen closets and Natalie exited?,syntax,island_effects,coordinate_structure_constraint_complex_left_branch,True,False,True,True,461,-91.39049530029297,-88.86466979980469,0
Whose icicles could Bill clean and the teacher notice?,Whose could Bill clean icicles and the teacher notice?,syntax,island_effects,coordinate_structure_constraint_complex_left_branch,True,False,True,True,462,-92.01947021484375,-91.56400299072266,0
What cars has April cleaned and Aaron brought?,What has April cleaned cars and Aaron brought?,syntax,island_effects,coordinate_structure_constraint_complex_left_branch,True,False,True,True,463,-71.13365936279297,-67.47903442382812,0
Which grocery stores is Edward touring and Larry returning to?,Which is Edward touring grocery stores and Larry returning to?,syntax,island_effects,coordinate_structure_constraint_complex_left_branch,True,False,True,True,464,-85.75247192382812,-81.93875885009766,0
Whose art galleries could Phillip run around and Pamela describe?,Whose could Phillip run around art galleries and Pamela describe?,syntax,island_effects,coordinate_structure_constraint_complex_left_branch,True,False,True,True,465,-96.30081176757812,-97.5966796875,1
What patients should Thomas boast about and Travis scare?,What should Thomas boast about patients and Travis scare?,syntax,island_effects,coordinate_structure_constraint_complex_left_branch,True,False,True,True,466,-86.19586181640625,-80.58045959472656,0
Whose hills can Jennifer climb down and Bethany buy?,Whose can Jennifer climb down hills and Bethany buy?,syntax,island_effects,coordinate_structure_constraint_complex_left_branch,True,False,True,True,467,-95.13093566894531,-94.87294006347656,0
What adults had most hats annoyed and a government respected?,What had most hats annoyed adults and a government respected?,syntax,island_effects,coordinate_structure_constraint_complex_left_branch,True,False,True,True,468,-87.6864242553711,-83.58720397949219,0
Which cashiers had Todd concealed and some doctor annoyed?,Which had Todd concealed cashiers and some doctor annoyed?,syntax,island_effects,coordinate_structure_constraint_complex_left_branch,True,False,True,True,469,-88.99740600585938,-86.04254150390625,0
Whose plays is Roger concealing and a lot of reports disagreeing with?,Whose is Roger concealing plays and a lot of reports disagreeing with?,syntax,island_effects,coordinate_structure_constraint_complex_left_branch,True,False,True,True,470,-110.93817138671875,-109.99617004394531,0
Which boys did Stephanie cure and Melissa admire?,Which did Stephanie cure boys and Melissa admire?,syntax,island_effects,coordinate_structure_constraint_complex_left_branch,True,False,True,True,471,-74.52257537841797,-73.83696746826172,0
What pamphlets has Marie researched and Roger lifted?,What has Marie researched pamphlets and Roger lifted?,syntax,island_effects,coordinate_structure_constraint_complex_left_branch,True,False,True,True,472,-86.34465026855469,-82.35960388183594,0
Which students has Ruth questioned and Katherine watched?,Which has Ruth questioned students and Katherine watched?,syntax,island_effects,coordinate_structure_constraint_complex_left_branch,True,False,True,True,473,-70.88370513916016,-69.40926361083984,0
Which waitresses can these men hurt and the adult find?,Which can these men hurt waitresses and the adult find?,syntax,island_effects,coordinate_structure_constraint_complex_left_branch,True,False,True,True,474,-85.36422729492188,-84.93171691894531,0
Which glaciers had Claire discussed and the Borgias gone to?,Which had Claire discussed glaciers and the Borgias gone to?,syntax,island_effects,coordinate_structure_constraint_complex_left_branch,True,False,True,True,475,-91.73776245117188,-88.197998046875,0
What forks was Ella finding and Steven cleaning?,What was Ella finding forks and Steven cleaning?,syntax,island_effects,coordinate_structure_constraint_complex_left_branch,True,False,True,True,476,-79.94400024414062,-72.81794738769531,0
Which senators should jackets irritate and most organizations help?,Which should jackets irritate senators and most organizations help?,syntax,island_effects,coordinate_structure_constraint_complex_left_branch,True,False,True,True,477,-86.8868408203125,-84.73312377929688,0
What actors have some teachers remembered and Valerie loved?,What have some teachers remembered actors and Valerie loved?,syntax,island_effects,coordinate_structure_constraint_complex_left_branch,True,False,True,True,478,-79.25872039794922,-75.3384017944336,0
Which birds did Judy clean and Sally notice?,Which did Judy clean birds and Sally notice?,syntax,island_effects,coordinate_structure_constraint_complex_left_branch,True,False,True,True,479,-73.17317199707031,-70.07467651367188,0
Whose cups could Jacqueline mess up and most banks have?,Whose could Jacqueline mess up cups and most banks have?,syntax,island_effects,coordinate_structure_constraint_complex_left_branch,True,False,True,True,480,-95.91808319091797,-96.90370178222656,1
Which reports might Raymond clean and Stephen lift?,Which might Raymond clean reports and Stephen lift?,syntax,island_effects,coordinate_structure_constraint_complex_left_branch,True,False,True,True,481,-76.36557006835938,-75.16920471191406,0
Which stairs should Judy climb up and Deanna clean?,Which should Judy climb up stairs and Deanna clean?,syntax,island_effects,coordinate_structure_constraint_complex_left_branch,True,False,True,True,482,-79.96671295166016,-74.3327407836914,0
Which movie theaters has Walter skated around and Vincent bought?,Which has Walter skated around movie theaters and Vincent bought?,syntax,island_effects,coordinate_structure_constraint_complex_left_branch,True,False,True,True,483,-94.37229919433594,-94.41773986816406,1
Which brochures was Monet lifting and Curtis complaining about?,Which was Monet lifting brochures and Curtis complaining about?,syntax,island_effects,coordinate_structure_constraint_complex_left_branch,True,False,True,True,484,-93.95909881591797,-90.03108978271484,0
Which grocery stores is Kendra revealing and Sheila lifting?,Which is Kendra revealing grocery stores and Sheila lifting?,syntax,island_effects,coordinate_structure_constraint_complex_left_branch,True,False,True,True,485,-99.57816314697266,-95.81222534179688,0
Which men was this art gallery impressing and Martha hiding?,Which was this art gallery impressing men and Martha hiding?,syntax,island_effects,coordinate_structure_constraint_complex_left_branch,True,False,True,True,486,-91.52326965332031,-87.69081115722656,0
What customers could a fish aggravate and that cashier heal?,What could a fish aggravate customers and that cashier heal?,syntax,island_effects,coordinate_structure_constraint_complex_left_branch,True,False,True,True,487,-95.03895568847656,-91.21286010742188,0
Which men did Samantha cure and Kevin praise?,Which did Samantha cure men and Kevin praise?,syntax,island_effects,coordinate_structure_constraint_complex_left_branch,True,False,True,True,488,-72.63401794433594,-71.8789291381836,0
Which actors was Mary noticing and the child watching?,Which was Mary noticing actors and the child watching?,syntax,island_effects,coordinate_structure_constraint_complex_left_branch,True,False,True,True,489,-71.91378784179688,-67.00125122070312,0
Whose museums had George remembered and Matt irritated?,Whose had George remembered museums and Matt irritated?,syntax,island_effects,coordinate_structure_constraint_complex_left_branch,True,False,True,True,490,-80.08840942382812,-81.159912109375,1
Whose oases will Liam appreciate and Rose discover?,Whose will Liam appreciate oases and Rose discover?,syntax,island_effects,coordinate_structure_constraint_complex_left_branch,True,False,True,True,491,-91.64488983154297,-93.10371398925781,1
Which customers have most jackets confused and Meredith known?,Which have most jackets confused customers and Meredith known?,syntax,island_effects,coordinate_structure_constraint_complex_left_branch,True,False,True,True,492,-82.7422103881836,-81.58425903320312,0
What drivers has Caroline visited and this student disliked?,What has Caroline visited drivers and this student disliked?,syntax,island_effects,coordinate_structure_constraint_complex_left_branch,True,False,True,True,493,-82.66658020019531,-79.79010009765625,0
Which actresses is the glass distracting and Kevin watching?,Which is the glass distracting actresses and Kevin watching?,syntax,island_effects,coordinate_structure_constraint_complex_left_branch,True,False,True,True,494,-73.39965057373047,-70.56394958496094,0
Which men have glaciers embarrassed and Angela embarrassed?,Which have glaciers embarrassed men and Angela embarrassed?,syntax,island_effects,coordinate_structure_constraint_complex_left_branch,True,False,True,True,495,-74.04805755615234,-73.65110778808594,0
Which art galleries was that dancer messing up and Thomas touring?,Which was that dancer messing up art galleries and Thomas touring?,syntax,island_effects,coordinate_structure_constraint_complex_left_branch,True,False,True,True,496,-94.12516784667969,-92.79368591308594,0
What reports is John lifting and Suzanne buying?,What is John lifting reports and Suzanne buying?,syntax,island_effects,coordinate_structure_constraint_complex_left_branch,True,False,True,True,497,-75.62271118164062,-68.9811019897461,0
What alumni was Benjamin hugging and Mary aggravating?,What was Benjamin hugging alumni and Mary aggravating?,syntax,island_effects,coordinate_structure_constraint_complex_left_branch,True,False,True,True,498,-80.34053802490234,-77.50762939453125,0
Which waitresses has Tina left and Tammy revealed?,Which has Tina left waitresses and Tammy revealed?,syntax,island_effects,coordinate_structure_constraint_complex_left_branch,True,False,True,True,499,-84.79273223876953,-83.71427917480469,0
What adults did Kayla heal and Leslie think about?,What did Kayla heal adults and Leslie think about?,syntax,island_effects,coordinate_structure_constraint_complex_left_branch,True,False,True,True,500,-84.75669860839844,-79.39286041259766,0
What pants might Susan like and Donna conceal?,What might Susan like pants and Donna conceal?,syntax,island_effects,coordinate_structure_constraint_complex_left_branch,True,False,True,True,501,-78.73822784423828,-71.15457916259766,0
Which slopes could Leslie descend and Tiffany conceal?,Which could Leslie descend slopes and Tiffany conceal?,syntax,island_effects,coordinate_structure_constraint_complex_left_branch,True,False,True,True,502,-81.43367004394531,-79.36894989013672,0
Whose movie theaters had Andrew walked through and John remembered?,Whose had Andrew walked through movie theaters and John remembered?,syntax,island_effects,coordinate_structure_constraint_complex_left_branch,True,False,True,True,503,-94.4239501953125,-93.90607452392578,0
What hospitals will Roger flee from and Timothy respect?,What will Roger flee from hospitals and Timothy respect?,syntax,island_effects,coordinate_structure_constraint_complex_left_branch,True,False,True,True,504,-81.92080688476562,-76.11814880371094,0
Whose mountains would Susan explore and Renee describe?,Whose would Susan explore mountains and Renee describe?,syntax,island_effects,coordinate_structure_constraint_complex_left_branch,True,False,True,True,505,-92.43395233154297,-92.49063110351562,1
Which drivers had Deanna observed and Paul admired?,Which had Deanna observed drivers and Paul admired?,syntax,island_effects,coordinate_structure_constraint_complex_left_branch,True,False,True,True,506,-82.17803955078125,-81.61253356933594,0
Whose pamphlets was Dennis describing and Ann boasting about?,Whose was Dennis describing pamphlets and Ann boasting about?,syntax,island_effects,coordinate_structure_constraint_complex_left_branch,True,False,True,True,507,-102.33033752441406,-97.44639587402344,0
Whose hills is Kayla biking to and Todd taking?,Whose is Kayla biking to hills and Todd taking?,syntax,island_effects,coordinate_structure_constraint_complex_left_branch,True,False,True,True,508,-96.5800552368164,-91.04840850830078,0
Which men could Charles argue about and that doctor dislike?,Which could Charles argue about men and that doctor dislike?,syntax,island_effects,coordinate_structure_constraint_complex_left_branch,True,False,True,True,509,-79.95225524902344,-75.57614135742188,0
What pedestrians does Samuel flee from and Rebecca question?,What does Samuel flee from pedestrians and Rebecca question?,syntax,island_effects,coordinate_structure_constraint_complex_left_branch,True,False,True,True,510,-84.35210418701172,-76.28067016601562,0
What students had Dawn praised and some senator hated?,What had Dawn praised students and some senator hated?,syntax,island_effects,coordinate_structure_constraint_complex_left_branch,True,False,True,True,511,-83.37596130371094,-81.96705627441406,0
Which cars does Matt break and many teachers sell?,Which does Matt break cars and many teachers sell?,syntax,island_effects,coordinate_structure_constraint_complex_left_branch,True,False,True,True,512,-76.98655700683594,-73.61956787109375,0
Which schools should Stacey go to and Roger stun?,Which should Stacey go to schools and Roger stun?,syntax,island_effects,coordinate_structure_constraint_complex_left_branch,True,False,True,True,513,-81.4729232788086,-77.74072265625,0
What steps is this teacher climbing down and Gerald climbing up?,What is this teacher climbing down steps and Gerald climbing up?,syntax,island_effects,coordinate_structure_constraint_complex_left_branch,True,False,True,True,514,-77.6014404296875,-71.75623321533203,0
What actresses has Debra hurt and that pedestrian aggravated?,What has Debra hurt actresses and that pedestrian aggravated?,syntax,island_effects,coordinate_structure_constraint_complex_left_branch,True,False,True,True,515,-94.41633605957031,-92.11871337890625,0
Which men might Rhonda complain about and Charles hire?,Which might Rhonda complain about men and Charles hire?,syntax,island_effects,coordinate_structure_constraint_complex_left_branch,True,False,True,True,516,-89.57965850830078,-85.6572036743164,0
Which committees could Laura question and Travis impress?,Which could Laura question committees and Travis impress?,syntax,island_effects,coordinate_structure_constraint_complex_left_branch,True,False,True,True,517,-78.55421447753906,-79.0369644165039,1
Which children was Eva approaching and art upsetting?,Which was Eva approaching children and art upsetting?,syntax,island_effects,coordinate_structure_constraint_complex_left_branch,True,False,True,True,518,-70.2508773803711,-67.52853393554688,0
Which commentaries did the bank argue about and that student argue about?,Which did the bank argue about commentaries and that student argue about?,syntax,island_effects,coordinate_structure_constraint_complex_left_branch,True,False,True,True,519,-100.58906555175781,-96.70069885253906,0
Whose schools was Ronald dropping by and Colleen walking through?,Whose was Ronald dropping by schools and Colleen walking through?,syntax,island_effects,coordinate_structure_constraint_complex_left_branch,True,False,True,True,520,-102.54620361328125,-98.84043884277344,0
Which muffins is Sandra finding and Spain taking?,Which is Sandra finding muffins and Spain taking?,syntax,island_effects,coordinate_structure_constraint_complex_left_branch,True,False,True,True,521,-81.86808776855469,-77.63467407226562,0
Whose reports has Sabrina examined and Tanya hidden?,Whose has Sabrina examined reports and Tanya hidden?,syntax,island_effects,coordinate_structure_constraint_complex_left_branch,True,False,True,True,522,-96.78067779541016,-98.0380859375,1
Which guys was every pepper aggravating and Amy annoying?,Which was every pepper aggravating guys and Amy annoying?,syntax,island_effects,coordinate_structure_constraint_complex_left_branch,True,False,True,True,523,-85.69229125976562,-83.17991638183594,0
What books had Theodore praised and the woman boasted about?,What had Theodore praised books and the woman boasted about?,syntax,island_effects,coordinate_structure_constraint_complex_left_branch,True,False,True,True,524,-77.64002990722656,-74.23998260498047,0
Whose theses could Jill reveal and Omar hate?,Whose could Jill reveal theses and Omar hate?,syntax,island_effects,coordinate_structure_constraint_complex_left_branch,True,False,True,True,525,-91.24738311767578,-89.53700256347656,0
Which socks have some customers worn and Theresa bought?,Which have some customers worn socks and Theresa bought?,syntax,island_effects,coordinate_structure_constraint_complex_left_branch,True,False,True,True,526,-76.68309020996094,-71.34738159179688,0
What teenagers had Diana fled from and this mountain distracted?,What had Diana fled from teenagers and this mountain distracted?,syntax,island_effects,coordinate_structure_constraint_complex_left_branch,True,False,True,True,527,-85.89498901367188,-79.69182586669922,0
Which banks was Barbara biking to and a cashier insulting?,Which was Barbara biking to banks and a cashier insulting?,syntax,island_effects,coordinate_structure_constraint_complex_left_branch,True,False,True,True,528,-96.73016357421875,-89.97490692138672,0
What people can Liam watch and Danielle conceal?,What can Liam watch people and Danielle conceal?,syntax,island_effects,coordinate_structure_constraint_complex_left_branch,True,False,True,True,529,-70.37680053710938,-68.6219253540039,0
Which boys is Edward talking to and Cheryl fleeing from?,Which is Edward talking to boys and Cheryl fleeing from?,syntax,island_effects,coordinate_structure_constraint_complex_left_branch,True,False,True,True,530,-82.60662841796875,-75.31805419921875,0
Whose photographs have some actresses looked like and Monica sold?,Whose have some actresses looked like photographs and Monica sold?,syntax,island_effects,coordinate_structure_constraint_complex_left_branch,True,False,True,True,531,-92.56143188476562,-86.0544204711914,0
What ladies have the rugs irritated and Valerie observed?,What have the rugs irritated ladies and Valerie observed?,syntax,island_effects,coordinate_structure_constraint_complex_left_branch,True,False,True,True,532,-81.9572982788086,-80.2742691040039,0
What schools had Carl talked about and Helen thought about?,What had Carl talked about schools and Helen thought about?,syntax,island_effects,coordinate_structure_constraint_complex_left_branch,True,False,True,True,533,-73.4272689819336,-66.72705841064453,0
What guys did Martin flee from and Rodney know?,What did Martin flee from guys and Rodney know?,syntax,island_effects,coordinate_structure_constraint_complex_left_branch,True,False,True,True,534,-77.25334930419922,-73.67031860351562,0
Which slopes has Rodney climbed down and the person bought?,Which has Rodney climbed down slopes and the person bought?,syntax,island_effects,coordinate_structure_constraint_complex_left_branch,True,False,True,True,535,-81.59159851074219,-81.15327453613281,0
What dancers would Sabrina work with and Gregory visit?,What would Sabrina work with dancers and Gregory visit?,syntax,island_effects,coordinate_structure_constraint_complex_left_branch,True,False,True,True,536,-85.50929260253906,-79.87361145019531,0
Which teenagers was literature aggravating and Bradley returning to?,Which was literature aggravating teenagers and Bradley returning to?,syntax,island_effects,coordinate_structure_constraint_complex_left_branch,True,False,True,True,537,-88.71572875976562,-85.04359436035156,0
What planes does Laurie fix and Jodi take?,What does Laurie fix planes and Jodi take?,syntax,island_effects,coordinate_structure_constraint_complex_left_branch,True,False,True,True,538,-82.46385192871094,-76.53463745117188,0
Which men was Andrea discussing and Ella concealing?,Which was Andrea discussing men and Ella concealing?,syntax,island_effects,coordinate_structure_constraint_complex_left_branch,True,False,True,True,539,-82.48646545410156,-78.03012084960938,0
Which patients was the book disagreeing with and Valerie discussing?,Which was the book disagreeing with patients and Valerie discussing?,syntax,island_effects,coordinate_structure_constraint_complex_left_branch,True,False,True,True,540,-86.33309936523438,-81.23866271972656,0
What children has Aaron known and Kendra worked with?,What has Aaron known children and Kendra worked with?,syntax,island_effects,coordinate_structure_constraint_complex_left_branch,True,False,True,True,541,-79.89738464355469,-76.94511413574219,0
Which trucks was Adam admiring and the cashier revealing?,Which was Adam admiring trucks and the cashier revealing?,syntax,island_effects,coordinate_structure_constraint_complex_left_branch,True,False,True,True,542,-89.85319519042969,-84.39281463623047,0
What slopes has Martin ascended and Frank found?,What has Martin ascended slopes and Frank found?,syntax,island_effects,coordinate_structure_constraint_complex_left_branch,True,False,True,True,543,-71.83810424804688,-68.87179565429688,0
What restaurants is Robert exiting and Todd buying?,What is Robert exiting restaurants and Todd buying?,syntax,island_effects,coordinate_structure_constraint_complex_left_branch,True,False,True,True,544,-73.47459411621094,-69.091796875,0
What universities had Candice astounded and every story alarmed?,What had Candice astounded universities and every story alarmed?,syntax,island_effects,coordinate_structure_constraint_complex_left_branch,True,False,True,True,545,-98.50953674316406,-94.98237609863281,0
What dancers was Nina noticing and most teachers confusing?,What was Nina noticing dancers and most teachers confusing?,syntax,island_effects,coordinate_structure_constraint_complex_left_branch,True,False,True,True,546,-86.62489318847656,-82.71784973144531,0
What actresses can Tonya hate and Lisa watch?,What can Tonya hate actresses and Lisa watch?,syntax,island_effects,coordinate_structure_constraint_complex_left_branch,True,False,True,True,547,-79.68751525878906,-75.26142883300781,0
What teachers has that boy investigated and Vincent helped?,What has that boy investigated teachers and Vincent helped?,syntax,island_effects,coordinate_structure_constraint_complex_left_branch,True,False,True,True,548,-75.33599853515625,-73.76075744628906,0
Which boys will Rachel discuss and some sock shock?,Which will Rachel discuss boys and some sock shock?,syntax,island_effects,coordinate_structure_constraint_complex_left_branch,True,False,True,True,549,-80.49896240234375,-78.31293487548828,0
What teenagers would most slopes bore and Galileo talk to?,What would most slopes bore teenagers and Galileo talk to?,syntax,island_effects,coordinate_structure_constraint_complex_left_branch,True,False,True,True,550,-89.98834991455078,-86.35261535644531,0
Whose blouses was Robert wearing and Steven thinking about?,Whose was Robert wearing blouses and Steven thinking about?,syntax,island_effects,coordinate_structure_constraint_complex_left_branch,True,False,True,True,551,-86.56541442871094,-84.06793212890625,0
Whose hamsters did all adults heal and Kristin have?,Whose did all adults heal hamsters and Kristin have?,syntax,island_effects,coordinate_structure_constraint_complex_left_branch,True,False,True,True,552,-100.00920867919922,-97.15675354003906,0
Which customers does Craig help and Adam argue about?,Which does Craig help customers and Adam argue about?,syntax,island_effects,coordinate_structure_constraint_complex_left_branch,True,False,True,True,553,-77.2796630859375,-74.8938217163086,0
What hills had some adult climbed down and Aaron climbed up?,What had some adult climbed down hills and Aaron climbed up?,syntax,island_effects,coordinate_structure_constraint_complex_left_branch,True,False,True,True,554,-80.87286376953125,-76.59385681152344,0
Which students is that window shocking and Gary stunning?,Which is that window shocking students and Gary stunning?,syntax,island_effects,coordinate_structure_constraint_complex_left_branch,True,False,True,True,555,-78.82711791992188,-75.54783630371094,0
What slopes might the dancers admire and Cheryl descend?,What might the dancers admire slopes and Cheryl descend?,syntax,island_effects,coordinate_structure_constraint_complex_left_branch,True,False,True,True,556,-87.5675048828125,-83.5078125,0
Which women should that boy love and Sheila reference?,Which should that boy love women and Sheila reference?,syntax,island_effects,coordinate_structure_constraint_complex_left_branch,True,False,True,True,557,-72.8593978881836,-71.58375549316406,0
Which hats did Teresa lift and Diana conceal?,Which did Teresa lift hats and Diana conceal?,syntax,island_effects,coordinate_structure_constraint_complex_left_branch,True,False,True,True,558,-79.90101623535156,-75.5931396484375,0
What slopes would Catherine ascend and pedestrians reveal?,What would Catherine ascend slopes and pedestrians reveal?,syntax,island_effects,coordinate_structure_constraint_complex_left_branch,True,False,True,True,559,-83.75302124023438,-79.47901916503906,0
What gloves had Connie messed up and Curtis lifted?,What had Connie messed up gloves and Curtis lifted?,syntax,island_effects,coordinate_structure_constraint_complex_left_branch,True,False,True,True,560,-80.16744232177734,-77.47201538085938,0
What men was this window confusing and Mary watching?,What was this window confusing men and Mary watching?,syntax,island_effects,coordinate_structure_constraint_complex_left_branch,True,False,True,True,561,-72.91204071044922,-68.6039810180664,0
What waitresses might the men listen to and Rachelle work with?,What might the men listen to waitresses and Rachelle work with?,syntax,island_effects,coordinate_structure_constraint_complex_left_branch,True,False,True,True,562,-99.59478759765625,-93.08091735839844,0
Whose art galleries would Walter criticize and Becca escape from?,Whose would Walter criticize art galleries and Becca escape from?,syntax,island_effects,coordinate_structure_constraint_complex_left_branch,True,False,True,True,563,-103.90731048583984,-105.94309997558594,1
Which apples has Linda noticed and Christina concealed?,Which has Linda noticed apples and Christina concealed?,syntax,island_effects,coordinate_structure_constraint_complex_left_branch,True,False,True,True,564,-78.96247863769531,-75.41354370117188,0
Which teenagers had many trucks irritated and Jodi visited?,Which had many trucks irritated teenagers and Jodi visited?,syntax,island_effects,coordinate_structure_constraint_complex_left_branch,True,False,True,True,565,-89.269287109375,-87.78396606445312,0
What closets have most women driven to and the student described?,What have most women driven to closets and the student described?,syntax,island_effects,coordinate_structure_constraint_complex_left_branch,True,False,True,True,566,-92.54756164550781,-85.40756225585938,0
Whose commentaries was Rachel examining and Travis arguing about?,Whose was Rachel examining commentaries and Travis arguing about?,syntax,island_effects,coordinate_structure_constraint_complex_left_branch,True,False,True,True,567,-101.45487976074219,-100.5078125,0
What movie theaters are those boys arriving at and Jerry visiting?,What are those boys arriving at movie theaters and Jerry visiting?,syntax,island_effects,coordinate_structure_constraint_complex_left_branch,True,False,True,True,568,-94.4990234375,-88.01399993896484,0
Which synopses did Leslie talk about and Ruth complain about?,Which did Leslie talk about synopses and Ruth complain about?,syntax,island_effects,coordinate_structure_constraint_complex_left_branch,True,False,True,True,569,-97.73905181884766,-97.23051452636719,0
What teachers was every carriage hurting and Victoria listening to?,What was every carriage hurting teachers and Victoria listening to?,syntax,island_effects,coordinate_structure_constraint_complex_left_branch,True,False,True,True,570,-85.91670227050781,-81.59638977050781,0
Whose oases had Laurie visited and April insulted?,Whose had Laurie visited oases and April insulted?,syntax,island_effects,coordinate_structure_constraint_complex_left_branch,True,False,True,True,571,-91.53880310058594,-92.35043334960938,1
What waitresses had Carmen hurt and Teresa worked with?,What had Carmen hurt waitresses and Teresa worked with?,syntax,island_effects,coordinate_structure_constraint_complex_left_branch,True,False,True,True,572,-87.03582000732422,-87.29054260253906,1
Which syntheses had Sharon appreciated and Tanya complained about?,Which had Sharon appreciated syntheses and Tanya complained about?,syntax,island_effects,coordinate_structure_constraint_complex_left_branch,True,False,True,True,573,-92.6744384765625,-89.64535522460938,0
Which women should doctors watch and those adults confuse?,Which should doctors watch women and those adults confuse?,syntax,island_effects,coordinate_structure_constraint_complex_left_branch,True,False,True,True,574,-73.89111328125,-72.71762084960938,0
What guests should this shirt confuse and those girls care for?,What should this shirt confuse guests and those girls care for?,syntax,island_effects,coordinate_structure_constraint_complex_left_branch,True,False,True,True,575,-87.1962661743164,-83.03489685058594,0
Which students will Meredith worry and Danielle talk about?,Which will Meredith worry students and Danielle talk about?,syntax,island_effects,coordinate_structure_constraint_complex_left_branch,True,False,True,True,576,-74.28964233398438,-76.66410064697266,1
Whose oases should the waitresses walk through and Patrick sell?,Whose should the waitresses walk through oases and Patrick sell?,syntax,island_effects,coordinate_structure_constraint_complex_left_branch,True,False,True,True,577,-110.69760131835938,-111.11822509765625,1
What wheelbarrows was Mary breaking and that print looking like?,What was Mary breaking wheelbarrows and that print looking like?,syntax,island_effects,coordinate_structure_constraint_complex_left_branch,True,False,True,True,578,-100.33755493164062,-94.67184448242188,0
Which patients had Heidi aggravated and Marla healed?,Which had Heidi aggravated patients and Marla healed?,syntax,island_effects,coordinate_structure_constraint_complex_left_branch,True,False,True,True,579,-80.55894470214844,-80.83622741699219,1
Whose libraries is that customer upsetting and Tina passing?,Whose is that customer upsetting libraries and Tina passing?,syntax,island_effects,coordinate_structure_constraint_complex_left_branch,True,False,True,True,580,-89.12199401855469,-89.68350982666016,1
What feet might Aaron hide and Douglas reveal?,What might Aaron hide feet and Douglas reveal?,syntax,island_effects,coordinate_structure_constraint_complex_left_branch,True,False,True,True,581,-80.22055053710938,-76.41270446777344,0
What cashiers does some university disturb and Kayla disturb?,What does some university disturb cashiers and Kayla disturb?,syntax,island_effects,coordinate_structure_constraint_complex_left_branch,True,False,True,True,582,-103.74082946777344,-96.3048324584961,0
Which pedestrians has Marie concealed and Laura remembered?,Which has Marie concealed pedestrians and Laura remembered?,syntax,island_effects,coordinate_structure_constraint_complex_left_branch,True,False,True,True,583,-77.58094024658203,-73.4562759399414,0
Which rivers can Leslie walk through and Katherine run around?,Which can Leslie walk through rivers and Katherine run around?,syntax,island_effects,coordinate_structure_constraint_complex_left_branch,True,False,True,True,584,-82.07899475097656,-79.14241027832031,0
What children can many children kiss and Omar conceal?,What can many children kiss children and Omar conceal?,syntax,island_effects,coordinate_structure_constraint_complex_left_branch,True,False,True,True,585,-73.26457214355469,-73.78857421875,1
Which customers have the Clintons cured and Irene noticed?,Which have the Clintons cured customers and Irene noticed?,syntax,island_effects,coordinate_structure_constraint_complex_left_branch,True,False,True,True,586,-79.96890258789062,-79.36148071289062,0
What banks was Benjamin exploring and Liam cleaning?,What was Benjamin exploring banks and Liam cleaning?,syntax,island_effects,coordinate_structure_constraint_complex_left_branch,True,False,True,True,587,-79.21586608886719,-73.34942626953125,0
What public parks does Chad return to and Holly arrive at?,What does Chad return to public parks and Holly arrive at?,syntax,island_effects,coordinate_structure_constraint_complex_left_branch,True,False,True,True,588,-96.89013671875,-86.1507339477539,0
Whose college campuses has Kenneth dropped by and Wayne driven to?,Whose has Kenneth dropped by college campuses and Wayne driven to?,syntax,island_effects,coordinate_structure_constraint_complex_left_branch,True,False,True,True,589,-103.81755065917969,-101.06150817871094,0
Whose nuclei is Marla cleaning and Derek concealing?,Whose is Marla cleaning nuclei and Derek concealing?,syntax,island_effects,coordinate_structure_constraint_complex_left_branch,True,False,True,True,590,-98.00074768066406,-99.5101089477539,1
Which customers has Beth fled from and Guy complained about?,Which has Beth fled from customers and Guy complained about?,syntax,island_effects,coordinate_structure_constraint_complex_left_branch,True,False,True,True,591,-85.25846099853516,-79.70782470703125,0
Which cashiers had Heather praised and Nancy revealed?,Which had Heather praised cashiers and Nancy revealed?,syntax,island_effects,coordinate_structure_constraint_complex_left_branch,True,False,True,True,592,-83.95480346679688,-81.90203857421875,0
What cashiers has Erin cured and Stacey left?,What has Erin cured cashiers and Stacey left?,syntax,island_effects,coordinate_structure_constraint_complex_left_branch,True,False,True,True,593,-85.17691802978516,-83.5537109375,0
What men was Janice leaving and the shawls annoying?,What was Janice leaving men and the shawls annoying?,syntax,island_effects,coordinate_structure_constraint_complex_left_branch,True,False,True,True,594,-93.91914367675781,-90.14920043945312,0
What libraries had Rebecca admired and Kimberley confused?,What had Rebecca admired libraries and Kimberley confused?,syntax,island_effects,coordinate_structure_constraint_complex_left_branch,True,False,True,True,595,-85.97339630126953,-82.27903747558594,0
What forks is James concealing and every dog breaking?,What is James concealing forks and every dog breaking?,syntax,island_effects,coordinate_structure_constraint_complex_left_branch,True,False,True,True,596,-86.68850708007812,-81.89739227294922,0
What carts would Brian sell and Heather reveal?,What would Brian sell carts and Heather reveal?,syntax,island_effects,coordinate_structure_constraint_complex_left_branch,True,False,True,True,597,-78.82180786132812,-75.20897674560547,0
What museums is Bill skated around and James discovering?,What is Bill skated around museums and James discovering?,syntax,island_effects,coordinate_structure_constraint_complex_left_branch,True,False,True,True,598,-83.78857421875,-80.91230773925781,0
What libraries had Jesus visited and Debra fled from?,What had Jesus visited libraries and Debra fled from?,syntax,island_effects,coordinate_structure_constraint_complex_left_branch,True,False,True,True,599,-84.66516876220703,-79.66053009033203,0
What boys can Katherine escape from and Harvard University help?,What can Katherine escape from boys and Harvard University help?,syntax,island_effects,coordinate_structure_constraint_complex_left_branch,True,False,True,True,600,-84.04463195800781,-80.88014221191406,0
Which students has Bruce listened to and Andrea attacked?,Which has Bruce listened to students and Andrea attacked?,syntax,island_effects,coordinate_structure_constraint_complex_left_branch,True,False,True,True,601,-75.27693176269531,-71.98552703857422,0
Whose banks had Ella disgusted and George arrived at?,Whose had Ella disgusted banks and George arrived at?,syntax,island_effects,coordinate_structure_constraint_complex_left_branch,True,False,True,True,602,-84.0921630859375,-84.90290832519531,1
What mountains has every cashier explored and Scott disliked?,What has every cashier explored mountains and Scott disliked?,syntax,island_effects,coordinate_structure_constraint_complex_left_branch,True,False,True,True,603,-90.99153900146484,-87.15910339355469,0
Whose paralyses was Denise complaining about and Andrea researching?,Whose was Denise complaining about paralyses and Andrea researching?,syntax,island_effects,coordinate_structure_constraint_complex_left_branch,True,False,True,True,604,-104.61773681640625,-100.5179214477539,0
Whose analyses was Sara examining and Roger scanning?,Whose was Sara examining analyses and Roger scanning?,syntax,island_effects,coordinate_structure_constraint_complex_left_branch,True,False,True,True,605,-88.63555908203125,-86.32579040527344,0
Which dancers can Tanya love and Spain hire?,Which can Tanya love dancers and Spain hire?,syntax,island_effects,coordinate_structure_constraint_complex_left_branch,True,False,True,True,606,-76.84809875488281,-75.58119201660156,0
What ladders would Debra ascend and Judy discover?,What would Debra ascend ladders and Judy discover?,syntax,island_effects,coordinate_structure_constraint_complex_left_branch,True,False,True,True,607,-90.45889282226562,-86.03736114501953,0
Which universities had plays astounded and the hospitals impressed?,Which had plays astounded universities and the hospitals impressed?,syntax,island_effects,coordinate_structure_constraint_complex_left_branch,True,False,True,True,608,-83.103515625,-82.49687957763672,0
What offspring has some teacher remembered and Frank discovered?,What has some teacher remembered offspring and Frank discovered?,syntax,island_effects,coordinate_structure_constraint_complex_left_branch,True,False,True,True,609,-73.25452423095703,-72.7810287475586,0
Whose legislatures are these couches confusing and Emily boycotting?,Whose are these couches confusing legislatures and Emily boycotting?,syntax,island_effects,coordinate_structure_constraint_complex_left_branch,True,False,True,True,610,-104.71990966796875,-102.70068359375,0
Which ladies had many legislatures criticized and most pedestrians observed?,Which had many legislatures criticized ladies and most pedestrians observed?,syntax,island_effects,coordinate_structure_constraint_complex_left_branch,True,False,True,True,611,-88.81422424316406,-87.92012023925781,0
Which glaciers had Amanda boycotted and Sara sold?,Which had Amanda boycotted glaciers and Sara sold?,syntax,island_effects,coordinate_structure_constraint_complex_left_branch,True,False,True,True,612,-91.4560546875,-88.198974609375,0
What organizations has a dress irritated and Becca noticed?,What has a dress irritated organizations and Becca noticed?,syntax,island_effects,coordinate_structure_constraint_complex_left_branch,True,False,True,True,613,-85.53807830810547,-84.22576904296875,0
What waiters had Leslie helped and a lot of drawings confused?,What had Leslie helped waiters and a lot of drawings confused?,syntax,island_effects,coordinate_structure_constraint_complex_left_branch,True,False,True,True,614,-88.00706481933594,-83.9793701171875,0
Which people was the convertible annoying and Bruce attacking?,Which was the convertible annoying people and Bruce attacking?,syntax,island_effects,coordinate_structure_constraint_complex_left_branch,True,False,True,True,615,-73.10488891601562,-70.10138702392578,0
What children should Dennis care for and Alice astound?,What should Dennis care for children and Alice astound?,syntax,island_effects,coordinate_structure_constraint_complex_left_branch,True,False,True,True,616,-79.60980224609375,-73.64188385009766,0
Whose rabbits will those ladies cure and Lawrence hide?,Whose will those ladies cure rabbits and Lawrence hide?,syntax,island_effects,coordinate_structure_constraint_complex_left_branch,True,False,True,True,617,-87.91719055175781,-89.15052032470703,1
Whose pants did Anne wear and Andrea clean?,Whose did Anne wear pants and Andrea clean?,syntax,island_effects,coordinate_structure_constraint_complex_left_branch,True,False,True,True,618,-79.68109130859375,-75.46194458007812,0
What deer might Jane heal and the man bring?,What might Jane heal deer and the man bring?,syntax,island_effects,coordinate_structure_constraint_complex_left_branch,True,False,True,True,619,-73.15946960449219,-69.86480712890625,0
What wheelbarrows is Claire fixing and David admiring?,What is Claire fixing wheelbarrows and David admiring?,syntax,island_effects,coordinate_structure_constraint_complex_left_branch,True,False,True,True,620,-95.48741149902344,-88.66657257080078,0
Which customers had Deanna respected and some cup disturbed?,Which had Deanna respected customers and some cup disturbed?,syntax,island_effects,coordinate_structure_constraint_complex_left_branch,True,False,True,True,621,-90.03250122070312,-87.93194580078125,0
Whose governments had Kristin thought about and most lights irritated?,Whose had Kristin thought about governments and most lights irritated?,syntax,island_effects,coordinate_structure_constraint_complex_left_branch,True,False,True,True,622,-101.3260498046875,-98.31007385253906,0
Whose hospitals had Irene disturbed and a waitress driven to?,Whose had Irene disturbed hospitals and a waitress driven to?,syntax,island_effects,coordinate_structure_constraint_complex_left_branch,True,False,True,True,623,-94.49250793457031,-95.00291442871094,1
Which dancers has Diane worked with and every scarf bored?,Which has Diane worked with dancers and every scarf bored?,syntax,island_effects,coordinate_structure_constraint_complex_left_branch,True,False,True,True,624,-88.45501708984375,-83.43438720703125,0
Which ladies is a person confusing and Kristin finding?,Which is a person confusing ladies and Kristin finding?,syntax,island_effects,coordinate_structure_constraint_complex_left_branch,True,False,True,True,625,-73.95147705078125,-71.39547729492188,0
Which movie theaters had every teacher passed and Mitchell noticed?,Which had every teacher passed movie theaters and Mitchell noticed?,syntax,island_effects,coordinate_structure_constraint_complex_left_branch,True,False,True,True,626,-88.47362518310547,-85.91764831542969,0
Whose movie theaters can those waitresses drive to and Galileo drive to?,Whose can those waitresses drive to movie theaters and Galileo drive to?,syntax,island_effects,coordinate_structure_constraint_complex_left_branch,True,False,True,True,627,-122.7953872680664,-120.27140808105469,0
Which girls does Timothy escape from and Beth reveal?,Which does Timothy escape from girls and Beth reveal?,syntax,island_effects,coordinate_structure_constraint_complex_left_branch,True,False,True,True,628,-80.76907348632812,-76.990478515625,0
Which carriages does Tina notice and that company like?,Which does Tina notice carriages and that company like?,syntax,island_effects,coordinate_structure_constraint_complex_left_branch,True,False,True,True,629,-83.19276428222656,-81.8575210571289,0
Whose hospitals had Becca appreciated and Helen scared?,Whose had Becca appreciated hospitals and Helen scared?,syntax,island_effects,coordinate_structure_constraint_complex_left_branch,True,False,True,True,630,-92.12056732177734,-93.90765380859375,1
What means did Tammy boast about and Anna boast about?,What did Tammy boast about means and Anna boast about?,syntax,island_effects,coordinate_structure_constraint_complex_left_branch,True,False,True,True,631,-87.78861999511719,-84.84257507324219,0
What children were a lot of cashiers disagreeing with and Lori insulting?,What were a lot of cashiers disagreeing with children and Lori insulting?,syntax,island_effects,coordinate_structure_constraint_complex_left_branch,True,False,True,True,632,-102.93940734863281,-96.4484634399414,0
What actors had Randolf listened to and Alexander astounded?,What had Randolf listened to actors and Alexander astounded?,syntax,island_effects,coordinate_structure_constraint_complex_left_branch,True,False,True,True,633,-96.01506042480469,-89.79391479492188,0
Which boys might Tina annoy and every drawing impress?,Which might Tina annoy boys and every drawing impress?,syntax,island_effects,coordinate_structure_constraint_complex_left_branch,True,False,True,True,634,-84.69257354736328,-81.98848724365234,0
Which public parks is Amanda passing and Timothy thinking about?,Which is Amanda passing public parks and Timothy thinking about?,syntax,island_effects,coordinate_structure_constraint_complex_left_branch,True,False,True,True,635,-85.67034912109375,-82.44985961914062,0
Whose committees had Mary discovered and this beef irritated?,Whose had Mary discovered committees and this beef irritated?,syntax,island_effects,coordinate_structure_constraint_complex_left_branch,True,False,True,True,636,-90.275146484375,-89.23097229003906,0
Which patients does Grace know and Laurie upset?,Which does Grace know patients and Laurie upset?,syntax,island_effects,coordinate_structure_constraint_complex_left_branch,True,False,True,True,637,-70.30062103271484,-69.98883056640625,0
Which guests are the couches upsetting and Nina thinking about?,Which are the couches upsetting guests and Nina thinking about?,syntax,island_effects,coordinate_structure_constraint_complex_left_branch,True,False,True,True,638,-86.885498046875,-85.83460235595703,0
What customers could Gary work with and some child dislike?,What could Gary work with customers and some child dislike?,syntax,island_effects,coordinate_structure_constraint_complex_left_branch,True,False,True,True,639,-81.71449279785156,-73.94603729248047,0
Whose movie theaters would Sara leave and the Borgias visit?,Whose would Sara leave movie theaters and the Borgias visit?,syntax,island_effects,coordinate_structure_constraint_complex_left_branch,True,False,True,True,640,-103.498046875,-104.08413696289062,1
Which lakes had waiters exited and Mitchell remembered?,Which had waiters exited lakes and Mitchell remembered?,syntax,island_effects,coordinate_structure_constraint_complex_left_branch,True,False,True,True,641,-85.84345245361328,-80.4427261352539,0
What gloves is Rebecca cleaning and Diane revealing?,What is Rebecca cleaning gloves and Diane revealing?,syntax,island_effects,coordinate_structure_constraint_complex_left_branch,True,False,True,True,642,-75.02191925048828,-68.40052795410156,0
What offspring was Brian hugging and Anne thinking about?,What was Brian hugging offspring and Anne thinking about?,syntax,island_effects,coordinate_structure_constraint_complex_left_branch,True,False,True,True,643,-75.69941711425781,-72.97187805175781,0
What cafes should Debra bike to and Jane admire?,What should Debra bike to cafes and Jane admire?,syntax,island_effects,coordinate_structure_constraint_complex_left_branch,True,False,True,True,644,-93.14830017089844,-86.42352294921875,0
Which species is Brett lifting and this boy revealing?,Which is Brett lifting species and this boy revealing?,syntax,island_effects,coordinate_structure_constraint_complex_left_branch,True,False,True,True,645,-79.45268249511719,-79.03740692138672,0
What drivers was James attacking and a girl thinking about?,What was James attacking drivers and a girl thinking about?,syntax,island_effects,coordinate_structure_constraint_complex_left_branch,True,False,True,True,646,-74.96025848388672,-70.32608032226562,0
Which drivers has the boy listened to and some cars worried?,Which has the boy listened to drivers and some cars worried?,syntax,island_effects,coordinate_structure_constraint_complex_left_branch,True,False,True,True,647,-80.98199462890625,-78.41574096679688,0
Which teachers will Ruth shock and some dancer look like?,Which will Ruth shock teachers and some dancer look like?,syntax,island_effects,coordinate_structure_constraint_complex_left_branch,True,False,True,True,648,-76.08940887451172,-78.426513671875,1
Whose banks was Margaret biking to and Rebecca messing up?,Whose was Margaret biking to banks and Rebecca messing up?,syntax,island_effects,coordinate_structure_constraint_complex_left_branch,True,False,True,True,649,-92.58436584472656,-89.59534454345703,0
Which hospitals has Renee arrived at and that shoe alarmed?,Which has Renee arrived at hospitals and that shoe alarmed?,syntax,island_effects,coordinate_structure_constraint_complex_left_branch,True,False,True,True,650,-96.93450927734375,-90.87062072753906,0
What men had many essays disagreed with and Helen bored?,What had many essays disagreed with men and Helen bored?,syntax,island_effects,coordinate_structure_constraint_complex_left_branch,True,False,True,True,651,-84.41850280761719,-78.4274673461914,0
What waitresses will this doctor approach and Carl boast about?,What will this doctor approach waitresses and Carl boast about?,syntax,island_effects,coordinate_structure_constraint_complex_left_branch,True,False,True,True,652,-90.53349304199219,-91.66816711425781,1
Which dancers is Edward returning to and Becky praising?,Which is Edward returning to dancers and Becky praising?,syntax,island_effects,coordinate_structure_constraint_complex_left_branch,True,False,True,True,653,-79.4032974243164,-74.12589263916016,0
Whose lamps has Lissa cleaned and a dancer thought about?,Whose has Lissa cleaned lamps and a dancer thought about?,syntax,island_effects,coordinate_structure_constraint_complex_left_branch,True,False,True,True,654,-96.06381225585938,-94.72309875488281,0
Which college campuses had Russell exited and Mary messed up?,Which had Russell exited college campuses and Mary messed up?,syntax,island_effects,coordinate_structure_constraint_complex_left_branch,True,False,True,True,655,-88.60939025878906,-85.18946838378906,0
Which waitresses did Janice attack and that water distract?,Which did Janice attack waitresses and that water distract?,syntax,island_effects,coordinate_structure_constraint_complex_left_branch,True,False,True,True,656,-92.58821868896484,-93.82345581054688,1
What senators can Cindy aggravate and Scott watch?,What can Cindy aggravate senators and Scott watch?,syntax,island_effects,coordinate_structure_constraint_complex_left_branch,True,False,True,True,657,-77.85884094238281,-76.67793273925781,0
What cups might Nina buy and Caroline admire?,What might Nina buy cups and Caroline admire?,syntax,island_effects,coordinate_structure_constraint_complex_left_branch,True,False,True,True,658,-81.17504119873047,-73.18909454345703,0
Whose college campuses would Debra discuss and Peter reveal?,Whose would Debra discuss college campuses and Peter reveal?,syntax,island_effects,coordinate_structure_constraint_complex_left_branch,True,False,True,True,659,-102.86318969726562,-102.08840942382812,0
Which offspring is Edward working with and all gates impressing?,Which is Edward working with offspring and all gates impressing?,syntax,island_effects,coordinate_structure_constraint_complex_left_branch,True,False,True,True,660,-90.66868591308594,-84.08528137207031,0
Whose dishes had Anna cleaned and Donna thought about?,Whose had Anna cleaned dishes and Donna thought about?,syntax,island_effects,coordinate_structure_constraint_complex_left_branch,True,False,True,True,661,-82.75464630126953,-79.932373046875,0
Whose oases has Helen skated around and Kendra found?,Whose has Helen skated around oases and Kendra found?,syntax,island_effects,coordinate_structure_constraint_complex_left_branch,True,False,True,True,662,-105.64186096191406,-107.41699981689453,1
What stimuli had Sheila brought and Karla concealed?,What had Sheila brought stimuli and Karla concealed?,syntax,island_effects,coordinate_structure_constraint_complex_left_branch,True,False,True,True,663,-87.7018814086914,-82.63511657714844,0
Whose plays had Jennifer forgotten and Donald thought about?,Whose had Jennifer forgotten plays and Donald thought about?,syntax,island_effects,coordinate_structure_constraint_complex_left_branch,True,False,True,True,664,-84.40460205078125,-86.45468139648438,1
Which pictures has Craig discovered and some closet looked like?,Which has Craig discovered pictures and some closet looked like?,syntax,island_effects,coordinate_structure_constraint_complex_left_branch,True,False,True,True,665,-84.44581604003906,-79.76625061035156,0
What gates does Kendra reveal and that boy take?,What does Kendra reveal gates and that boy take?,syntax,island_effects,coordinate_structure_constraint_complex_left_branch,True,False,True,True,666,-89.07111358642578,-84.29484558105469,0
Which art galleries did Helen go to and Victoria describe?,Which did Helen go to art galleries and Victoria describe?,syntax,island_effects,coordinate_structure_constraint_complex_left_branch,True,False,True,True,667,-89.42144775390625,-82.91482543945312,0
Which college campuses have some associations disliked and Sandra escaped from?,Which have some associations disliked college campuses and Sandra escaped from?,syntax,island_effects,coordinate_structure_constraint_complex_left_branch,True,False,True,True,668,-96.30802917480469,-92.99205017089844,0
Whose closets has Richard sounded like and Kristin bought?,Whose has Richard sounded like closets and Kristin bought?,syntax,island_effects,coordinate_structure_constraint_complex_left_branch,True,False,True,True,669,-98.24432373046875,-93.42025756835938,0
What prints can Winston Churchill look like and Carlos look like?,What can Winston Churchill look like prints and Carlos look like?,syntax,island_effects,coordinate_structure_constraint_complex_left_branch,True,False,True,True,670,-87.51043701171875,-83.11270141601562,0
What people was Guy finding and Amy helping?,What was Guy finding people and Amy helping?,syntax,island_effects,coordinate_structure_constraint_complex_left_branch,True,False,True,True,671,-67.14404296875,-62.50911331176758,0
Whose carriages would Beth clean and that actress hide?,Whose would Beth clean carriages and that actress hide?,syntax,island_effects,coordinate_structure_constraint_complex_left_branch,True,False,True,True,672,-92.53730010986328,-91.73766326904297,0
Whose hills has Rhonda arrived at and Todd sounded like?,Whose has Rhonda arrived at hills and Todd sounded like?,syntax,island_effects,coordinate_structure_constraint_complex_left_branch,True,False,True,True,673,-101.86691284179688,-96.73638916015625,0
Which geese did Jill bring and Janice conceal?,Which did Jill bring geese and Janice conceal?,syntax,island_effects,coordinate_structure_constraint_complex_left_branch,True,False,True,True,674,-92.73472595214844,-84.91506958007812,0
Whose glaciers was Stephen driving to and Monica describing?,Whose was Stephen driving to glaciers and Monica describing?,syntax,island_effects,coordinate_structure_constraint_complex_left_branch,True,False,True,True,675,-93.15585327148438,-88.4826431274414,0
Which waiters is this hill irritating and Cynthia fleeing from?,Which is this hill irritating waiters and Cynthia fleeing from?,syntax,island_effects,coordinate_structure_constraint_complex_left_branch,True,False,True,True,676,-92.41012573242188,-88.44473266601562,0
What dancers does Judy argue about and many senators kiss?,What does Judy argue about dancers and many senators kiss?,syntax,island_effects,coordinate_structure_constraint_complex_left_branch,True,False,True,True,677,-87.37321472167969,-82.83810424804688,0
Which pedestrians has Tiffany alarmed and Chad listened to?,Which has Tiffany alarmed pedestrians and Chad listened to?,syntax,island_effects,coordinate_structure_constraint_complex_left_branch,True,False,True,True,678,-82.04505920410156,-81.63440704345703,0
Which waiters are these teachers referencing and these scarves astounding?,Which are these teachers referencing waiters and these scarves astounding?,syntax,island_effects,coordinate_structure_constraint_complex_left_branch,True,False,True,True,679,-102.69219970703125,-101.86466979980469,0
Whose essays has Travis sounded like and Lawrence criticized?,Whose has Travis sounded like essays and Lawrence criticized?,syntax,island_effects,coordinate_structure_constraint_complex_left_branch,True,False,True,True,680,-91.3576431274414,-87.75711822509766,0
What movie theaters can Samantha visit and this adult sell?,What can Samantha visit movie theaters and this adult sell?,syntax,island_effects,coordinate_structure_constraint_complex_left_branch,True,False,True,True,681,-90.64827728271484,-87.49346160888672,0
What steps has Maria descended and an actor cleaned?,What has Maria descended steps and an actor cleaned?,syntax,island_effects,coordinate_structure_constraint_complex_left_branch,True,False,True,True,682,-79.62354278564453,-76.54248809814453,0
What pamphlets has the university talked about and Leslie sold?,What has the university talked about pamphlets and Leslie sold?,syntax,island_effects,coordinate_structure_constraint_complex_left_branch,True,False,True,True,683,-85.15779113769531,-78.64598083496094,0
Which doctors did Donald work with and Samuel conceal?,Which did Donald work with doctors and Samuel conceal?,syntax,island_effects,coordinate_structure_constraint_complex_left_branch,True,False,True,True,684,-75.4013900756836,-71.48098754882812,0
Whose snakes was the actor curing and Jane concealing?,Whose was the actor curing snakes and Jane concealing?,syntax,island_effects,coordinate_structure_constraint_complex_left_branch,True,False,True,True,685,-92.41935729980469,-90.13746643066406,0
Whose screens does Paul conceal and Emily like?,Whose does Paul conceal screens and Emily like?,syntax,island_effects,coordinate_structure_constraint_complex_left_branch,True,False,True,True,686,-80.70140075683594,-79.7825927734375,0
Whose turtles was Christina healing and Marie bringing?,Whose was Christina healing turtles and Marie bringing?,syntax,island_effects,coordinate_structure_constraint_complex_left_branch,True,False,True,True,687,-81.74375915527344,-81.10272216796875,0
Which doctors had Charles scared and Omar watched?,Which had Charles scared doctors and Omar watched?,syntax,island_effects,coordinate_structure_constraint_complex_left_branch,True,False,True,True,688,-68.45326232910156,-69.92300415039062,1
What offspring was Carlos disgusting and Daniel approaching?,What was Carlos disgusting offspring and Daniel approaching?,syntax,island_effects,coordinate_structure_constraint_complex_left_branch,True,False,True,True,689,-78.38606262207031,-75.52227783203125,0
Which offspring had these waiters thought about and most hospitals boasted about?,Which had these waiters thought about offspring and most hospitals boasted about?,syntax,island_effects,coordinate_structure_constraint_complex_left_branch,True,False,True,True,690,-107.26432800292969,-103.55458068847656,0
What ladders can Connie climb down and a student admire?,What can Connie climb down ladders and a student admire?,syntax,island_effects,coordinate_structure_constraint_complex_left_branch,True,False,True,True,691,-88.90882873535156,-81.64153289794922,0
Which movie theaters was every guest driving to and Alexander selling?,Which was every guest driving to movie theaters and Alexander selling?,syntax,island_effects,coordinate_structure_constraint_complex_left_branch,True,False,True,True,692,-93.338623046875,-90.70384979248047,0
Whose rivers was every woman passing and Marla hiding?,Whose was every woman passing rivers and Marla hiding?,syntax,island_effects,coordinate_structure_constraint_complex_left_branch,True,False,True,True,693,-88.94720458984375,-86.31861877441406,0
What offspring are the teachers discussing and a restaurant boring?,What are the teachers discussing offspring and a restaurant boring?,syntax,island_effects,coordinate_structure_constraint_complex_left_branch,True,False,True,True,694,-78.75701904296875,-73.37629699707031,0
What species will Michael reveal and Tonya clean?,What will Michael reveal species and Tonya clean?,syntax,island_effects,coordinate_structure_constraint_complex_left_branch,True,False,True,True,695,-80.82917785644531,-78.17571258544922,0
Whose high schools should Jane walk through and Kirsten flee from?,Whose should Jane walk through high schools and Kirsten flee from?,syntax,island_effects,coordinate_structure_constraint_complex_left_branch,True,False,True,True,696,-99.9739990234375,-97.83837890625,0
Which banks was Marcus investigating and Alicia appreciating?,Which was Marcus investigating banks and Alicia appreciating?,syntax,island_effects,coordinate_structure_constraint_complex_left_branch,True,False,True,True,697,-82.96759033203125,-78.05497741699219,0
What stairs does Theodore climb up and this adult sell?,What does Theodore climb up stairs and this adult sell?,syntax,island_effects,coordinate_structure_constraint_complex_left_branch,True,False,True,True,698,-82.71641540527344,-76.27533721923828,0
What women was Paula discussing and some government arguing about?,What was Paula discussing women and some government arguing about?,syntax,island_effects,coordinate_structure_constraint_complex_left_branch,True,False,True,True,699,-81.88676452636719,-75.7616195678711,0
What students should Curtis approach and Alexander approach?,What should Curtis approach students and Alexander approach?,syntax,island_effects,coordinate_structure_constraint_complex_left_branch,True,False,True,True,700,-72.69842529296875,-69.5902328491211,0
What mountains did Jesus run around and the cashier bike to?,What did Jesus run around mountains and the cashier bike to?,syntax,island_effects,coordinate_structure_constraint_complex_left_branch,True,False,True,True,701,-94.4837417602539,-87.18638610839844,0
What wheelbarrows could Allison break and Renee lift?,What could Allison break wheelbarrows and Renee lift?,syntax,island_effects,coordinate_structure_constraint_complex_left_branch,True,False,True,True,702,-100.17517852783203,-94.81163787841797,0
What senators would a mall irritate and James flee from?,What would a mall irritate senators and James flee from?,syntax,island_effects,coordinate_structure_constraint_complex_left_branch,True,False,True,True,703,-88.04308319091797,-87.35093688964844,0
Which theses did Amelia discover and Lisa look like?,Which did Amelia discover theses and Lisa look like?,syntax,island_effects,coordinate_structure_constraint_complex_left_branch,True,False,True,True,704,-83.45397186279297,-78.51274871826172,0
What waiters has Liam kissed and that mall stunned?,What has Liam kissed waiters and that mall stunned?,syntax,island_effects,coordinate_structure_constraint_complex_left_branch,True,False,True,True,705,-91.34857177734375,-88.49775695800781,0
Which waitresses have most actors disagreed with and Matt talked about?,Which have most actors disagreed with waitresses and Matt talked about?,syntax,island_effects,coordinate_structure_constraint_complex_left_branch,True,False,True,True,706,-97.12933349609375,-92.43006896972656,0
Which people will Laura listen to and Meredith embarrass?,Which will Laura listen to people and Meredith embarrass?,syntax,island_effects,coordinate_structure_constraint_complex_left_branch,True,False,True,True,707,-75.95162200927734,-73.06797790527344,0
Whose hills has Clyde visited and Rachelle toured?,Whose has Clyde visited hills and Rachelle toured?,syntax,island_effects,coordinate_structure_constraint_complex_left_branch,True,False,True,True,708,-95.35523986816406,-93.44657897949219,0
What men were a lot of associations embarrassing and Jerry talking to?,What were a lot of associations embarrassing men and Jerry talking to?,syntax,island_effects,coordinate_structure_constraint_complex_left_branch,True,False,True,True,709,-81.05110168457031,-80.214599609375,0
Whose cafes had Sara skated around and Kayla talked about?,Whose had Sara skated around cafes and Kayla talked about?,syntax,island_effects,coordinate_structure_constraint_complex_left_branch,True,False,True,True,710,-104.2987060546875,-104.26747131347656,0
Whose slopes can Homer climb down and ladies conceal?,Whose can Homer climb down slopes and ladies conceal?,syntax,island_effects,coordinate_structure_constraint_complex_left_branch,True,False,True,True,711,-89.55831909179688,-89.11531829833984,0
Whose stairs should these students climb up and Andrew descend?,Whose should these students climb up stairs and Andrew descend?,syntax,island_effects,coordinate_structure_constraint_complex_left_branch,True,False,True,True,712,-91.5528335571289,-88.49264526367188,0
Which men could Gina hug and Guy conceal?,Which could Gina hug men and Guy conceal?,syntax,island_effects,coordinate_structure_constraint_complex_left_branch,True,False,True,True,713,-76.51068878173828,-76.22300720214844,0
Which carriages was every boy hiding and these guys breaking?,Which was every boy hiding carriages and these guys breaking?,syntax,island_effects,coordinate_structure_constraint_complex_left_branch,True,False,True,True,714,-81.98112487792969,-76.12726593017578,0
Which people should Margaret reference and Timothy discuss?,Which should Margaret reference people and Timothy discuss?,syntax,island_effects,coordinate_structure_constraint_complex_left_branch,True,False,True,True,715,-69.55892181396484,-69.80397033691406,1
Which offspring might a doctor forget and Steve argue about?,Which might a doctor forget offspring and Steve argue about?,syntax,island_effects,coordinate_structure_constraint_complex_left_branch,True,False,True,True,716,-78.47209930419922,-78.01406860351562,0
What pedestrians was Gary hiring and Kenneth confusing?,What was Gary hiring pedestrians and Kenneth confusing?,syntax,island_effects,coordinate_structure_constraint_complex_left_branch,True,False,True,True,717,-78.54450988769531,-73.96810913085938,0
What children is Robert listening to and Ruth alarming?,What is Robert listening to children and Ruth alarming?,syntax,island_effects,coordinate_structure_constraint_complex_left_branch,True,False,True,True,718,-71.63949584960938,-66.76991271972656,0
Which people has Teresa astounded and Connie disliked?,Which has Teresa astounded people and Connie disliked?,syntax,island_effects,coordinate_structure_constraint_complex_left_branch,True,False,True,True,719,-79.56564331054688,-80.55622863769531,1
Whose pies has Claire hidden and Jane taken?,Whose has Claire hidden pies and Jane taken?,syntax,island_effects,coordinate_structure_constraint_complex_left_branch,True,False,True,True,720,-82.79673767089844,-82.63565063476562,0
Which children have the associations embarrassed and Natalie referenced?,Which have the associations embarrassed children and Natalie referenced?,syntax,island_effects,coordinate_structure_constraint_complex_left_branch,True,False,True,True,721,-76.13468933105469,-75.65275573730469,0
Which sketches can Christopher look like and Nancy take?,Which can Christopher look like sketches and Nancy take?,syntax,island_effects,coordinate_structure_constraint_complex_left_branch,True,False,True,True,722,-77.09339904785156,-71.4792251586914,0
Whose oases is Daniel running around and Christine passing?,Whose is Daniel running around oases and Christine passing?,syntax,island_effects,coordinate_structure_constraint_complex_left_branch,True,False,True,True,723,-88.37406921386719,-89.46505737304688,1
Which brochures was Ellen appreciating and Helen revealing?,Which was Ellen appreciating brochures and Helen revealing?,syntax,island_effects,coordinate_structure_constraint_complex_left_branch,True,False,True,True,724,-87.62596130371094,-86.33847045898438,0
Which children can Alicia talk to and Matt confuse?,Which can Alicia talk to children and Matt confuse?,syntax,island_effects,coordinate_structure_constraint_complex_left_branch,True,False,True,True,725,-72.55848693847656,-69.833251953125,0
Which men has this dancer kissed and Holly sounded like?,Which has this dancer kissed men and Holly sounded like?,syntax,island_effects,coordinate_structure_constraint_complex_left_branch,True,False,True,True,726,-83.31806945800781,-77.5396728515625,0
Which slopes was Chad climbing up and Erin noticing?,Which was Chad climbing up slopes and Erin noticing?,syntax,island_effects,coordinate_structure_constraint_complex_left_branch,True,False,True,True,727,-78.93087005615234,-76.29032135009766,0
Which guys might Kendra kiss and those actresses alarm?,Which might Kendra kiss guys and those actresses alarm?,syntax,island_effects,coordinate_structure_constraint_complex_left_branch,True,False,True,True,728,-89.95172882080078,-91.09822082519531,1
What syntheses has Marla boasted about and Becca argued about?,What has Marla boasted about syntheses and Becca argued about?,syntax,island_effects,coordinate_structure_constraint_complex_left_branch,True,False,True,True,729,-109.95310974121094,-104.15069580078125,0
Whose coats had associations sold and Melanie thought about?,Whose had associations sold coats and Melanie thought about?,syntax,island_effects,coordinate_structure_constraint_complex_left_branch,True,False,True,True,730,-86.771240234375,-86.12330627441406,0
What offspring can Eric investigate and these ladies appreciate?,What can Eric investigate offspring and these ladies appreciate?,syntax,island_effects,coordinate_structure_constraint_complex_left_branch,True,False,True,True,731,-81.31245422363281,-76.51579284667969,0
Whose oases has Peter found and Tammy sold?,Whose has Peter found oases and Tammy sold?,syntax,island_effects,coordinate_structure_constraint_complex_left_branch,True,False,True,True,732,-87.97577667236328,-88.19673156738281,1
Which hamsters was Stephen hiding and Tiffany discovering?,Which was Stephen hiding hamsters and Tiffany discovering?,syntax,island_effects,coordinate_structure_constraint_complex_left_branch,True,False,True,True,733,-87.61860656738281,-79.53005981445312,0
Which patients will Liam remember and the doctor discuss?,Which will Liam remember patients and the doctor discuss?,syntax,island_effects,coordinate_structure_constraint_complex_left_branch,True,False,True,True,734,-72.65434265136719,-72.45919799804688,0
Which cashiers would Irene care for and Veronica work with?,Which would Irene care for cashiers and Veronica work with?,syntax,island_effects,coordinate_structure_constraint_complex_left_branch,True,False,True,True,735,-95.9163818359375,-92.8520278930664,0
What patients should Judy aggravate and every waitress criticize?,What should Judy aggravate patients and every waitress criticize?,syntax,island_effects,coordinate_structure_constraint_complex_left_branch,True,False,True,True,736,-93.95623779296875,-91.54266357421875,0
What alumni has Scott impressed and Stephen discussed?,What has Scott impressed alumni and Stephen discussed?,syntax,island_effects,coordinate_structure_constraint_complex_left_branch,True,False,True,True,737,-76.62507629394531,-74.71399688720703,0
Which slopes might all ladies climb up and Jodi descend?,Which might all ladies climb up slopes and Jodi descend?,syntax,island_effects,coordinate_structure_constraint_complex_left_branch,True,False,True,True,738,-90.96565246582031,-89.4866943359375,0
Whose chairs is every actress bringing and Dan finding?,Whose is every actress bringing chairs and Dan finding?,syntax,island_effects,coordinate_structure_constraint_complex_left_branch,True,False,True,True,739,-88.9853515625,-84.76406860351562,0
What children has Laura remembered and Marcus aggravated?,What has Laura remembered children and Marcus aggravated?,syntax,island_effects,coordinate_structure_constraint_complex_left_branch,True,False,True,True,740,-75.97897338867188,-74.6205062866211,0
Whose mountains do many customers find and a teacher tour?,Whose do many customers find mountains and a teacher tour?,syntax,island_effects,coordinate_structure_constraint_complex_left_branch,True,False,True,True,741,-84.02532196044922,-79.63668060302734,0
What schools had Sarah criticized and Tammy seen?,What had Sarah criticized schools and Tammy seen?,syntax,island_effects,coordinate_structure_constraint_complex_left_branch,True,False,True,True,742,-75.16886901855469,-70.21665954589844,0
What men have the committees concealed and some guys escaped from?,What have the committees concealed men and some guys escaped from?,syntax,island_effects,coordinate_structure_constraint_complex_left_branch,True,False,True,True,743,-81.8418960571289,-78.66957092285156,0
Whose hospitals should every customer return to and some sock look like?,Whose should every customer return to hospitals and some sock look like?,syntax,island_effects,coordinate_structure_constraint_complex_left_branch,True,False,True,True,744,-99.76420593261719,-97.17102813720703,0
What ladies had Beverly sounded like and many paintings looked like?,What had Beverly sounded like ladies and many paintings looked like?,syntax,island_effects,coordinate_structure_constraint_complex_left_branch,True,False,True,True,745,-84.67948150634766,-77.92138671875,0
Whose organizations had Spain scared and Becca worried?,Whose had Spain scared organizations and Becca worried?,syntax,island_effects,coordinate_structure_constraint_complex_left_branch,True,False,True,True,746,-87.77798461914062,-89.7855224609375,1
Which ladies did Michelle attack and Victoria upset?,Which did Michelle attack ladies and Victoria upset?,syntax,island_effects,coordinate_structure_constraint_complex_left_branch,True,False,True,True,747,-70.74864196777344,-72.62034606933594,1
What associations has every school alarmed and a boy confused?,What has every school alarmed associations and a boy confused?,syntax,island_effects,coordinate_structure_constraint_complex_left_branch,True,False,True,True,748,-82.26568603515625,-80.93011474609375,0
What governments might the dancer astound and a convertible impress?,What might the dancer astound governments and a convertible impress?,syntax,island_effects,coordinate_structure_constraint_complex_left_branch,True,False,True,True,749,-93.68009185791016,-93.04080200195312,0
Which rivers had Monica biked to and the man found?,Which had Monica biked to rivers and the man found?,syntax,island_effects,coordinate_structure_constraint_complex_left_branch,True,False,True,True,750,-86.89998626708984,-79.92594909667969,0
Which closets could Monet pass and every print look like?,Which could Monet pass closets and every print look like?,syntax,island_effects,coordinate_structure_constraint_complex_left_branch,True,False,True,True,751,-92.61555480957031,-90.06768798828125,0
Whose oases does Larry bike to and James appreciate?,Whose does Larry bike to oases and James appreciate?,syntax,island_effects,coordinate_structure_constraint_complex_left_branch,True,False,True,True,752,-94.48625183105469,-93.98158264160156,0
What waiters is Kristen hugging and Tiffany returning to?,What is Kristen hugging waiters and Tiffany returning to?,syntax,island_effects,coordinate_structure_constraint_complex_left_branch,True,False,True,True,753,-85.43478393554688,-80.80262756347656,0
Which pedestrians has Andrew approached and most guys talked about?,Which has Andrew approached pedestrians and most guys talked about?,syntax,island_effects,coordinate_structure_constraint_complex_left_branch,True,False,True,True,754,-84.89533996582031,-83.60151672363281,0
Whose cafes has Kristen toured and Charles brought?,Whose has Kristen toured cafes and Charles brought?,syntax,island_effects,coordinate_structure_constraint_complex_left_branch,True,False,True,True,755,-84.03224182128906,-85.33977508544922,1
What students was Laura hiring and some pictures upsetting?,What was Laura hiring students and some pictures upsetting?,syntax,island_effects,coordinate_structure_constraint_complex_left_branch,True,False,True,True,756,-79.68743133544922,-75.72982788085938,0
Which schools is Tonya noticing and Keith revealing?,Which is Tonya noticing schools and Keith revealing?,syntax,island_effects,coordinate_structure_constraint_complex_left_branch,True,False,True,True,757,-83.7697982788086,-81.3086166381836,0
Which museums is Allison fleeing from and Jason aggravating?,Which is Allison fleeing from museums and Jason aggravating?,syntax,island_effects,coordinate_structure_constraint_complex_left_branch,True,False,True,True,758,-86.58245849609375,-80.19784545898438,0
What waitresses had Amelia worked with and these people worked with?,What had Amelia worked with waitresses and these people worked with?,syntax,island_effects,coordinate_structure_constraint_complex_left_branch,True,False,True,True,759,-89.9381103515625,-84.81749725341797,0
What convertibles was Susan breaking and Michelle finding?,What was Susan breaking convertibles and Michelle finding?,syntax,island_effects,coordinate_structure_constraint_complex_left_branch,True,False,True,True,760,-84.81547546386719,-83.3543930053711,0
Which scarves was Sarah wearing and Julia taking?,Which was Sarah wearing scarves and Julia taking?,syntax,island_effects,coordinate_structure_constraint_complex_left_branch,True,False,True,True,761,-77.42186737060547,-71.37821960449219,0
Whose libraries had Nicole discussed and Martin gone to?,Whose had Nicole discussed libraries and Martin gone to?,syntax,island_effects,coordinate_structure_constraint_complex_left_branch,True,False,True,True,762,-88.66513061523438,-87.71711730957031,0
Which governments have some actors stunned and Cindy stunned?,Which have some actors stunned governments and Cindy stunned?,syntax,island_effects,coordinate_structure_constraint_complex_left_branch,True,False,True,True,763,-78.77076721191406,-80.14684295654297,1
Whose peppers does Daniel reveal and Pamela clean?,Whose does Daniel reveal peppers and Pamela clean?,syntax,island_effects,coordinate_structure_constraint_complex_left_branch,True,False,True,True,764,-84.755126953125,-82.79666137695312,0
Whose museums does Richard skate around and Laurie bike to?,Whose does Richard skate around museums and Laurie bike to?,syntax,island_effects,coordinate_structure_constraint_complex_left_branch,True,False,True,True,765,-97.93284606933594,-97.21800231933594,0
Which guests does Laurie question and Ronald escape from?,Which does Laurie question guests and Ronald escape from?,syntax,island_effects,coordinate_structure_constraint_complex_left_branch,True,False,True,True,766,-82.38947296142578,-81.19794464111328,0
Whose public parks did that customer respect and Lissa return to?,Whose did that customer respect public parks and Lissa return to?,syntax,island_effects,coordinate_structure_constraint_complex_left_branch,True,False,True,True,767,-102.78221130371094,-102.9785385131836,1
What lakes had Dawn fled from and customers passed?,What had Dawn fled from lakes and customers passed?,syntax,island_effects,coordinate_structure_constraint_complex_left_branch,True,False,True,True,768,-82.4190673828125,-72.73146057128906,0
What teenagers is Marie approaching and Andrea astounding?,What is Marie approaching teenagers and Andrea astounding?,syntax,island_effects,coordinate_structure_constraint_complex_left_branch,True,False,True,True,769,-78.43761444091797,-76.65896606445312,0
Whose mouths had Daniel brought and some adults thought about?,Whose had Daniel brought mouths and some adults thought about?,syntax,island_effects,coordinate_structure_constraint_complex_left_branch,True,False,True,True,770,-88.8753662109375,-86.1619644165039,0
Whose screens can many photographs look like and Brian think about?,Whose can many photographs look like screens and Brian think about?,syntax,island_effects,coordinate_structure_constraint_complex_left_branch,True,False,True,True,771,-88.87667846679688,-86.66384887695312,0
What doctors do cafes worry and Keith insult?,What do cafes worry doctors and Keith insult?,syntax,island_effects,coordinate_structure_constraint_complex_left_branch,True,False,True,True,772,-75.97470092773438,-75.80465698242188,0
Which customers had Vanessa approached and a sock impressed?,Which had Vanessa approached customers and a sock impressed?,syntax,island_effects,coordinate_structure_constraint_complex_left_branch,True,False,True,True,773,-80.49818420410156,-79.306884765625,0
What adults will Denise flee from and Lori argue about?,What will Denise flee from adults and Lori argue about?,syntax,island_effects,coordinate_structure_constraint_complex_left_branch,True,False,True,True,774,-88.95712280273438,-83.47750854492188,0
What children had Richard hired and paintings irritated?,What had Richard hired children and paintings irritated?,syntax,island_effects,coordinate_structure_constraint_complex_left_branch,True,False,True,True,775,-71.56277465820312,-68.24455261230469,0
What prints had Chad looked like and Kevin researched?,What had Chad looked like prints and Kevin researched?,syntax,island_effects,coordinate_structure_constraint_complex_left_branch,True,False,True,True,776,-81.30448913574219,-75.59612274169922,0
Whose hills is that guest ascending and Adam walking through?,Whose is that guest ascending hills and Adam walking through?,syntax,island_effects,coordinate_structure_constraint_complex_left_branch,True,False,True,True,777,-90.66966247558594,-87.63125610351562,0
Which ladies is Cynthia visiting and Omar arguing about?,Which is Cynthia visiting ladies and Omar arguing about?,syntax,island_effects,coordinate_structure_constraint_complex_left_branch,True,False,True,True,778,-80.49162292480469,-74.99463653564453,0
Which waitresses are most dresses shocking and Steve leaving?,Which are most dresses shocking waitresses and Steve leaving?,syntax,island_effects,coordinate_structure_constraint_complex_left_branch,True,False,True,True,779,-89.02584838867188,-87.17350769042969,0
What children had Stacey talked about and Naomi criticized?,What had Stacey talked about children and Naomi criticized?,syntax,island_effects,coordinate_structure_constraint_complex_left_branch,True,False,True,True,780,-79.41831970214844,-76.54150390625,0
What mountains is Jane going to and Carrie revealing?,What is Jane going to mountains and Carrie revealing?,syntax,island_effects,coordinate_structure_constraint_complex_left_branch,True,False,True,True,781,-76.0137939453125,-68.09449768066406,0
What ladies was Janet hurting and Randolf approaching?,What was Janet hurting ladies and Randolf approaching?,syntax,island_effects,coordinate_structure_constraint_complex_left_branch,True,False,True,True,782,-89.11813354492188,-85.21188354492188,0
What dresses might Peter have and Cynthia see?,What might Peter have dresses and Cynthia see?,syntax,island_effects,coordinate_structure_constraint_complex_left_branch,True,False,True,True,783,-69.17807006835938,-64.74078369140625,0
What malls does Vincent run around and many actresses buy?,What does Vincent run around malls and many actresses buy?,syntax,island_effects,coordinate_structure_constraint_complex_left_branch,True,False,True,True,784,-91.01256561279297,-85.68516540527344,0
What girls is every waitress helping and Pamela praising?,What is every waitress helping girls and Pamela praising?,syntax,island_effects,coordinate_structure_constraint_complex_left_branch,True,False,True,True,785,-81.3980712890625,-76.70199584960938,0
Whose public parks was Jennifer dropping by and Helen dropping by?,Whose was Jennifer dropping by public parks and Helen dropping by?,syntax,island_effects,coordinate_structure_constraint_complex_left_branch,True,False,True,True,786,-105.61830139160156,-102.41647338867188,0
What doctors had Katherine embarrassed and Holly bored?,What had Katherine embarrassed doctors and Holly bored?,syntax,island_effects,coordinate_structure_constraint_complex_left_branch,True,False,True,True,787,-73.78889465332031,-73.634765625,0
What students has Ruth fled from and Bethany fired?,What has Ruth fled from students and Bethany fired?,syntax,island_effects,coordinate_structure_constraint_complex_left_branch,True,False,True,True,788,-87.03581237792969,-82.36677551269531,0
Which sketches have a lot of eggplants looked like and some unicycle looked like?,Which have a lot of eggplants looked like sketches and some unicycle looked like?,syntax,island_effects,coordinate_structure_constraint_complex_left_branch,True,False,True,True,789,-114.97227478027344,-109.4457015991211,0
What students is Mitchell revealing and Liam hugging?,What is Mitchell revealing students and Liam hugging?,syntax,island_effects,coordinate_structure_constraint_complex_left_branch,True,False,True,True,790,-79.98509979248047,-74.0401382446289,0
Which actors might every customer respect and Bill leave?,Which might every customer respect actors and Bill leave?,syntax,island_effects,coordinate_structure_constraint_complex_left_branch,True,False,True,True,791,-77.61962890625,-75.57545471191406,0
What pictures had Veronica lifted and Leslie cleaned?,What had Veronica lifted pictures and Leslie cleaned?,syntax,island_effects,coordinate_structure_constraint_complex_left_branch,True,False,True,True,792,-73.79737854003906,-69.21682739257812,0
What museums had Martin alarmed and Kenneth gone to?,What had Martin alarmed museums and Kenneth gone to?,syntax,island_effects,coordinate_structure_constraint_complex_left_branch,True,False,True,True,793,-74.8687515258789,-73.62134552001953,0
Which people had Rachelle cared for and Deanna discovered?,Which had Rachelle cared for people and Deanna discovered?,syntax,island_effects,coordinate_structure_constraint_complex_left_branch,True,False,True,True,794,-87.30891418457031,-84.63258361816406,0
Which boys should Stacy conceal and a turtle stun?,Which should Stacy conceal boys and a turtle stun?,syntax,island_effects,coordinate_structure_constraint_complex_left_branch,True,False,True,True,795,-79.19239807128906,-78.1300277709961,0
What girls was Donald investigating and Bradley hiring?,What was Donald investigating girls and Bradley hiring?,syntax,island_effects,coordinate_structure_constraint_complex_left_branch,True,False,True,True,796,-74.72413635253906,-71.39717102050781,0
Whose public parks is Travis arriving at and Ella exiting?,Whose is Travis arriving at public parks and Ella exiting?,syntax,island_effects,coordinate_structure_constraint_complex_left_branch,True,False,True,True,797,-100.489013671875,-94.59556579589844,0
What associations have these women aggravated and Kirsten shocked?,What have these women aggravated associations and Kirsten shocked?,syntax,island_effects,coordinate_structure_constraint_complex_left_branch,True,False,True,True,798,-81.19342803955078,-78.76445007324219,0
What muffins was Jane finding and all girls taking?,What was Jane finding muffins and all girls taking?,syntax,island_effects,coordinate_structure_constraint_complex_left_branch,True,False,True,True,799,-81.65769958496094,-74.33734130859375,0
Which dancers can Christine know and Valerie remember?,Which can Christine know dancers and Valerie remember?,syntax,island_effects,coordinate_structure_constraint_complex_left_branch,True,False,True,True,800,-69.1494369506836,-69.51211547851562,1
What companies is every art gallery distracting and Bethany worrying?,What is every art gallery distracting companies and Bethany worrying?,syntax,island_effects,coordinate_structure_constraint_complex_left_branch,True,False,True,True,801,-102.79817199707031,-98.35551452636719,0
What drivers are all guests working with and Russell scaring?,What are all guests working with drivers and Russell scaring?,syntax,island_effects,coordinate_structure_constraint_complex_left_branch,True,False,True,True,802,-81.85226440429688,-75.90266418457031,0
Which slopes was Martha climbing up and these girls taking?,Which was Martha climbing up slopes and these girls taking?,syntax,island_effects,coordinate_structure_constraint_complex_left_branch,True,False,True,True,803,-77.0020751953125,-74.54011535644531,0
What malls has Valerie remembered and Vincent discovered?,What has Valerie remembered malls and Vincent discovered?,syntax,island_effects,coordinate_structure_constraint_complex_left_branch,True,False,True,True,804,-78.50735473632812,-77.0086441040039,0
Which commentaries might these teachers describe and Derek argue about?,Which might these teachers describe commentaries and Derek argue about?,syntax,island_effects,coordinate_structure_constraint_complex_left_branch,True,False,True,True,805,-98.31808471679688,-95.80569458007812,0
Which glaciers had Victoria gone to and Bruce talked about?,Which had Victoria gone to glaciers and Bruce talked about?,syntax,island_effects,coordinate_structure_constraint_complex_left_branch,True,False,True,True,806,-81.64546203613281,-74.62152099609375,0
What grocery stores has Marcus biked to and Craig run around?,What has Marcus biked to grocery stores and Craig run around?,syntax,island_effects,coordinate_structure_constraint_complex_left_branch,True,False,True,True,807,-105.41956329345703,-99.3279037475586,0
What drivers did Dennis worry and Janice forget?,What did Dennis worry drivers and Janice forget?,syntax,island_effects,coordinate_structure_constraint_complex_left_branch,True,False,True,True,808,-79.55235290527344,-78.3404541015625,0
Which teeth was Renee cleaning and Helen fixing?,Which was Renee cleaning teeth and Helen fixing?,syntax,island_effects,coordinate_structure_constraint_complex_left_branch,True,False,True,True,809,-81.54429626464844,-75.04413604736328,0
What people was Carl hurting and pictures looking like?,What was Carl hurting people and pictures looking like?,syntax,island_effects,coordinate_structure_constraint_complex_left_branch,True,False,True,True,810,-70.27754211425781,-67.12664031982422,0
Which lights had Carl taken and Eric thought about?,Which had Carl taken lights and Eric thought about?,syntax,island_effects,coordinate_structure_constraint_complex_left_branch,True,False,True,True,811,-73.31326293945312,-68.13581848144531,0
What doctors have the Great Lakes distracted and Gregory described?,What have the Great Lakes distracted doctors and Gregory described?,syntax,island_effects,coordinate_structure_constraint_complex_left_branch,True,False,True,True,812,-77.9468765258789,-77.14183044433594,0
What convertibles are these photographs looking like and Kirsten finding?,What are these photographs looking like convertibles and Kirsten finding?,syntax,island_effects,coordinate_structure_constraint_complex_left_branch,True,False,True,True,813,-94.9427261352539,-89.06495666503906,0
Which cashiers does Randolf work with and Mitchell talk to?,Which does Randolf work with cashiers and Mitchell talk to?,syntax,island_effects,coordinate_structure_constraint_complex_left_branch,True,False,True,True,814,-104.4965591430664,-96.12006378173828,0
Whose newspaper articles were these teenagers disagreeing with and every waitress noticing?,Whose were these teenagers disagreeing with newspaper articles and every waitress noticing?,syntax,island_effects,coordinate_structure_constraint_complex_left_branch,True,False,True,True,815,-123.49090576171875,-120.27879333496094,0
What actors had these dancers loved and some guest left?,What had these dancers loved actors and some guest left?,syntax,island_effects,coordinate_structure_constraint_complex_left_branch,True,False,True,True,816,-81.9052963256836,-76.39515686035156,0
Which movie theaters had most senators biked to and every student toured?,Which had most senators biked to movie theaters and every student toured?,syntax,island_effects,coordinate_structure_constraint_complex_left_branch,True,False,True,True,817,-116.08692932128906,-111.23480987548828,0
What women can Michelle hurt and Renee aggravate?,What can Michelle hurt women and Renee aggravate?,syntax,island_effects,coordinate_structure_constraint_complex_left_branch,True,False,True,True,818,-81.9134521484375,-80.54144287109375,0
What associations has Rebecca annoyed and all teachers embarrassed?,What has Rebecca annoyed associations and all teachers embarrassed?,syntax,island_effects,coordinate_structure_constraint_complex_left_branch,True,False,True,True,819,-83.63845825195312,-82.35326385498047,0
What dresses was Heather wearing and Rachel cleaning?,What was Heather wearing dresses and Rachel cleaning?,syntax,island_effects,coordinate_structure_constraint_complex_left_branch,True,False,True,True,820,-70.86198425292969,-65.25081634521484,0
What men had Dennis talked to and Valerie left?,What had Dennis talked to men and Valerie left?,syntax,island_effects,coordinate_structure_constraint_complex_left_branch,True,False,True,True,821,-70.87989807128906,-66.49699401855469,0
What cashiers did Beverly disgust and Carla listen to?,What did Beverly disgust cashiers and Carla listen to?,syntax,island_effects,coordinate_structure_constraint_complex_left_branch,True,False,True,True,822,-89.86911010742188,-89.14574432373047,0
Which documentaries has some customer complained about and Monica referenced?,Which has some customer complained about documentaries and Monica referenced?,syntax,island_effects,coordinate_structure_constraint_complex_left_branch,True,False,True,True,823,-89.77818298339844,-83.78041076660156,0
What teenagers had Angela talked about and Bruce forgotten?,What had Angela talked about teenagers and Bruce forgotten?,syntax,island_effects,coordinate_structure_constraint_complex_left_branch,True,False,True,True,824,-73.95799255371094,-68.81739044189453,0
Which offspring had all doors disturbed and Brett insulted?,Which had all doors disturbed offspring and Brett insulted?,syntax,island_effects,coordinate_structure_constraint_complex_left_branch,True,False,True,True,825,-81.73552703857422,-80.58251190185547,0
Whose tomatoes could Brad hide and Renee hide?,Whose could Brad hide tomatoes and Renee hide?,syntax,island_effects,coordinate_structure_constraint_complex_left_branch,True,False,True,True,826,-89.72250366210938,-90.39326477050781,1
Which mountains is Melanie biking to and Amelia touring?,Which is Melanie biking to mountains and Amelia touring?,syntax,island_effects,coordinate_structure_constraint_complex_left_branch,True,False,True,True,827,-87.34431457519531,-79.74119567871094,0
Which dancers did Julie flee from and Amelia conceal?,Which did Julie flee from dancers and Amelia conceal?,syntax,island_effects,coordinate_structure_constraint_complex_left_branch,True,False,True,True,828,-85.64620208740234,-81.18562316894531,0
What guests would Gerald dislike and many actors investigate?,What would Gerald dislike guests and many actors investigate?,syntax,island_effects,coordinate_structure_constraint_complex_left_branch,True,False,True,True,829,-84.03724670410156,-81.14169311523438,0
What drivers has Wayne returned to and Danielle forgotten?,What has Wayne returned to drivers and Danielle forgotten?,syntax,island_effects,coordinate_structure_constraint_complex_left_branch,True,False,True,True,830,-78.25505828857422,-74.75296020507812,0
What newspaper articles was the essay disagreeing with and Eva referencing?,What was the essay disagreeing with newspaper articles and Eva referencing?,syntax,island_effects,coordinate_structure_constraint_complex_left_branch,True,False,True,True,831,-102.9547119140625,-95.09562683105469,0
What steps is Tara descending and this patient taking?,What is Tara descending steps and this patient taking?,syntax,island_effects,coordinate_structure_constraint_complex_left_branch,True,False,True,True,832,-81.17589569091797,-76.0157470703125,0
What bikes had Judy sold and Teresa broken?,What had Judy sold bikes and Teresa broken?,syntax,island_effects,coordinate_structure_constraint_complex_left_branch,True,False,True,True,833,-77.2517318725586,-73.06027221679688,0
Whose documentaries was this pedestrian examining and Debra discovering?,Whose was this pedestrian examining documentaries and Debra discovering?,syntax,island_effects,coordinate_structure_constraint_complex_left_branch,True,False,True,True,834,-104.29227447509766,-102.01893615722656,0
Which men were some banks helping and Jill irritating?,Which were some banks helping men and Jill irritating?,syntax,island_effects,coordinate_structure_constraint_complex_left_branch,True,False,True,True,835,-75.4291763305664,-73.0796890258789,0
What doctors should Sabrina hate and Edward praise?,What should Sabrina hate doctors and Edward praise?,syntax,island_effects,coordinate_structure_constraint_complex_left_branch,True,False,True,True,836,-84.24969482421875,-81.90043640136719,0
Which steps was Gina climbing down and Walter finding?,Which was Gina climbing down steps and Walter finding?,syntax,island_effects,coordinate_structure_constraint_complex_left_branch,True,False,True,True,837,-78.68724822998047,-75.32205963134766,0
Which newspaper articles had Rodney insulted and Steve concealed?,Which had Rodney insulted newspaper articles and Steve concealed?,syntax,island_effects,coordinate_structure_constraint_complex_left_branch,True,False,True,True,838,-87.40641021728516,-87.06189727783203,0
Which children was Ronald upsetting and Monica listening to?,Which was Ronald upsetting children and Monica listening to?,syntax,island_effects,coordinate_structure_constraint_complex_left_branch,True,False,True,True,839,-74.27794647216797,-73.1809310913086,0
Which mountains is Sarah climbing down and Kendra passing?,Which is Sarah climbing down mountains and Kendra passing?,syntax,island_effects,coordinate_structure_constraint_complex_left_branch,True,False,True,True,840,-82.16795349121094,-79.69243621826172,0
What people did most guests disagree with and Marla hate?,What did most guests disagree with people and Marla hate?,syntax,island_effects,coordinate_structure_constraint_complex_left_branch,True,False,True,True,841,-85.66780853271484,-80.7355728149414,0
What girls had customers described and Brenda helped?,What had customers described girls and Brenda helped?,syntax,island_effects,coordinate_structure_constraint_complex_left_branch,True,False,True,True,842,-67.09011840820312,-64.90914916992188,0
What patients would Victoria approach and Beverly reference?,What would Victoria approach patients and Beverly reference?,syntax,island_effects,coordinate_structure_constraint_complex_left_branch,True,False,True,True,843,-76.16300201416016,-73.32389831542969,0
Which people had Allison cured and that doctor cured?,Which had Allison cured people and that doctor cured?,syntax,island_effects,coordinate_structure_constraint_complex_left_branch,True,False,True,True,844,-71.73066711425781,-72.15607452392578,1
Which actors had Nina shocked and Christina thought about?,Which had Nina shocked actors and Christina thought about?,syntax,island_effects,coordinate_structure_constraint_complex_left_branch,True,False,True,True,845,-79.80458068847656,-78.35639190673828,0
What ladders does Maria like and Jodi discover?,What does Maria like ladders and Jodi discover?,syntax,island_effects,coordinate_structure_constraint_complex_left_branch,True,False,True,True,846,-91.36357116699219,-80.37871551513672,0
Which adults had Tina attacked and Kendra insulted?,Which had Tina attacked adults and Kendra insulted?,syntax,island_effects,coordinate_structure_constraint_complex_left_branch,True,False,True,True,847,-83.66023254394531,-80.02793884277344,0
Which paintings have the cars looked like and Deborah thought about?,Which have the cars looked like paintings and Deborah thought about?,syntax,island_effects,coordinate_structure_constraint_complex_left_branch,True,False,True,True,848,-77.7843017578125,-73.81668853759766,0
What guests will Mary respect and Spain worry?,What will Mary respect guests and Spain worry?,syntax,island_effects,coordinate_structure_constraint_complex_left_branch,True,False,True,True,849,-69.69329071044922,-68.0176010131836,0
What banks did Walter appreciate and Jennifer embarrass?,What did Walter appreciate banks and Jennifer embarrass?,syntax,island_effects,coordinate_structure_constraint_complex_left_branch,True,False,True,True,850,-80.42094421386719,-74.45433044433594,0
What teenagers had Carrie referenced and Bethany concealed?,What had Carrie referenced teenagers and Bethany concealed?,syntax,island_effects,coordinate_structure_constraint_complex_left_branch,True,False,True,True,851,-90.21361541748047,-88.96041870117188,0
Which trucks are all drawings looking like and Jeffrey taking?,Which are all drawings looking like trucks and Jeffrey taking?,syntax,island_effects,coordinate_structure_constraint_complex_left_branch,True,False,True,True,852,-79.44043731689453,-74.47911071777344,0
Which gates did this girl think about and the painting look like?,Which did this girl think about gates and the painting look like?,syntax,island_effects,coordinate_structure_constraint_complex_left_branch,True,False,True,True,853,-76.64665222167969,-72.832275390625,0
What students has Douglas helped and a vase aggravated?,What has Douglas helped students and a vase aggravated?,syntax,island_effects,coordinate_structure_constraint_complex_left_branch,True,False,True,True,854,-85.62838745117188,-81.71858215332031,0
What hospitals was Steve irritating and Alexander confusing?,What was Steve irritating hospitals and Alexander confusing?,syntax,island_effects,coordinate_structure_constraint_complex_left_branch,True,False,True,True,855,-78.30122375488281,-73.4995346069336,0
Whose movies could a company describe and Craig sound like?,Whose could a company describe movies and Craig sound like?,syntax,island_effects,coordinate_structure_constraint_complex_left_branch,True,False,True,True,856,-89.2212905883789,-87.31927490234375,0
What ladders should Catherine ascend and the waitresses clean?,What should Catherine ascend ladders and the waitresses clean?,syntax,island_effects,coordinate_structure_constraint_complex_left_branch,True,False,True,True,857,-99.12764739990234,-93.20736694335938,0
What offspring had Holly listened to and Deanna cared for?,What had Holly listened to offspring and Deanna cared for?,syntax,island_effects,coordinate_structure_constraint_complex_left_branch,True,False,True,True,858,-86.26705932617188,-82.18438720703125,0
What senators had Ellen left and Steven cured?,What had Ellen left senators and Steven cured?,syntax,island_effects,coordinate_structure_constraint_complex_left_branch,True,False,True,True,859,-69.32032012939453,-66.60664367675781,0
What senators does Carla respect and Eva look like?,What does Carla respect senators and Eva look like?,syntax,island_effects,coordinate_structure_constraint_complex_left_branch,True,False,True,True,860,-80.550537109375,-77.69819641113281,0
Which customers has Mark scared and Tiffany listened to?,Which has Mark scared customers and Tiffany listened to?,syntax,island_effects,coordinate_structure_constraint_complex_left_branch,True,False,True,True,861,-74.79631042480469,-74.25187683105469,0
What boys could every guest hurt and Valerie leave?,What could every guest hurt boys and Valerie leave?,syntax,island_effects,coordinate_structure_constraint_complex_left_branch,True,False,True,True,862,-78.5002670288086,-76.87968444824219,0
Which public parks had Wayne messed up and Margaret messed up?,Which had Wayne messed up public parks and Margaret messed up?,syntax,island_effects,coordinate_structure_constraint_complex_left_branch,True,False,True,True,863,-84.91561889648438,-84.26048278808594,0
Whose malls had Deanna described and some senator gone to?,Whose had Deanna described malls and some senator gone to?,syntax,island_effects,coordinate_structure_constraint_complex_left_branch,True,False,True,True,864,-103.37374877929688,-101.89282989501953,0
What committees is every wheelbarrow impressing and Andrea upsetting?,What is every wheelbarrow impressing committees and Andrea upsetting?,syntax,island_effects,coordinate_structure_constraint_complex_left_branch,True,False,True,True,865,-107.51499938964844,-102.27396392822266,0
What oases was Emily driving to and Cindy describing?,What was Emily driving to oases and Cindy describing?,syntax,island_effects,coordinate_structure_constraint_complex_left_branch,True,False,True,True,866,-88.67619323730469,-83.35365295410156,0
Which customers had a lot of mushrooms embarrassed and this fish impressed?,Which had a lot of mushrooms embarrassed customers and this fish impressed?,syntax,island_effects,coordinate_structure_constraint_complex_left_branch,True,False,True,True,867,-85.42924499511719,-84.21394348144531,0
Which synopses had that pedestrian examined and Katherine sounded like?,Which had that pedestrian examined synopses and Katherine sounded like?,syntax,island_effects,coordinate_structure_constraint_complex_left_branch,True,False,True,True,868,-104.18370056152344,-103.05035400390625,0
Which ladders had Kristin climbed up and Melanie thought about?,Which had Kristin climbed up ladders and Melanie thought about?,syntax,island_effects,coordinate_structure_constraint_complex_left_branch,True,False,True,True,869,-87.87154388427734,-83.48857879638672,0
Which associations does Michael distract and many teachers research?,Which does Michael distract associations and many teachers research?,syntax,island_effects,coordinate_structure_constraint_complex_left_branch,True,False,True,True,870,-80.42204284667969,-78.86421203613281,0
What sketches is Michael finding and Judy hiding?,What is Michael finding sketches and Judy hiding?,syntax,island_effects,coordinate_structure_constraint_complex_left_branch,True,False,True,True,871,-72.30552673339844,-65.4466552734375,0
Whose windows might Sharon break and Colleen reveal?,Whose might Sharon break windows and Colleen reveal?,syntax,island_effects,coordinate_structure_constraint_complex_left_branch,True,False,True,True,872,-97.03253936767578,-95.00878143310547,0
Which paintings could Keith take and every gate resemble?,Which could Keith take paintings and every gate resemble?,syntax,island_effects,coordinate_structure_constraint_complex_left_branch,True,False,True,True,873,-83.91812133789062,-79.32159423828125,0
Which guests is Ronald helping and Leslie complaining about?,Which is Ronald helping guests and Leslie complaining about?,syntax,island_effects,coordinate_structure_constraint_complex_left_branch,True,False,True,True,874,-77.40589141845703,-72.2699203491211,0
What steps was Timothy climbing down and a dancer climbing down?,What was Timothy climbing down steps and a dancer climbing down?,syntax,island_effects,coordinate_structure_constraint_complex_left_branch,True,False,True,True,875,-82.39337921142578,-78.89553833007812,0
Which scarves can some photograph look like and Melinda bring?,Which can some photograph look like scarves and Melinda bring?,syntax,island_effects,coordinate_structure_constraint_complex_left_branch,True,False,True,True,876,-98.47399139404297,-90.81790161132812,0
What drivers had the popsicle irritated and the libraries forgotten?,What had the popsicle irritated drivers and the libraries forgotten?,syntax,island_effects,coordinate_structure_constraint_complex_left_branch,True,False,True,True,877,-93.37864685058594,-92.28231048583984,0
What museums had that nose worried and Noah visited?,What had that nose worried museums and Noah visited?,syntax,island_effects,coordinate_structure_constraint_complex_left_branch,True,False,True,True,878,-84.27159118652344,-81.09599304199219,0
Whose restaurants had Thomas cleaned and Tammy seen?,Whose had Thomas cleaned restaurants and Tammy seen?,syntax,island_effects,coordinate_structure_constraint_complex_left_branch,True,False,True,True,879,-86.6807632446289,-85.34060668945312,0
Which ladies is Bruce attacking and Jeffrey concealing?,Which is Bruce attacking ladies and Jeffrey concealing?,syntax,island_effects,coordinate_structure_constraint_complex_left_branch,True,False,True,True,880,-79.81873321533203,-75.87681579589844,0
Which movies had Amy referenced and Scott forgotten?,Which had Amy referenced movies and Scott forgotten?,syntax,island_effects,coordinate_structure_constraint_complex_left_branch,True,False,True,True,881,-71.62971496582031,-70.56477355957031,0
Which banks was James boycotting and Jill appreciating?,Which was James boycotting banks and Jill appreciating?,syntax,island_effects,coordinate_structure_constraint_complex_left_branch,True,False,True,True,882,-82.37263488769531,-79.941650390625,0
Which restaurants will Carolyn find and Charles take?,Which will Carolyn find restaurants and Charles take?,syntax,island_effects,coordinate_structure_constraint_complex_left_branch,True,False,True,True,883,-73.36477661132812,-68.6439208984375,0
What banks had every boy arrived at and Laura bothered?,What had every boy arrived at banks and Laura bothered?,syntax,island_effects,coordinate_structure_constraint_complex_left_branch,True,False,True,True,884,-81.81416320800781,-74.90032196044922,0
Which art galleries is Kimberley thinking about and Regina returning to?,Which is Kimberley thinking about art galleries and Regina returning to?,syntax,island_effects,coordinate_structure_constraint_complex_left_branch,True,False,True,True,885,-99.9898452758789,-94.45289611816406,0
Which candles could Becky buy and Dennis admire?,Which could Becky buy candles and Dennis admire?,syntax,island_effects,coordinate_structure_constraint_complex_left_branch,True,False,True,True,886,-79.47747802734375,-72.27989196777344,0
Whose rugs had Theodore sold and Mark sold?,Whose had Theodore sold rugs and Mark sold?,syntax,island_effects,coordinate_structure_constraint_complex_left_branch,True,False,True,True,887,-83.67288208007812,-82.06199645996094,0
What glaciers would these senators bring and Catherine drive to?,What would these senators bring glaciers and Catherine drive to?,syntax,island_effects,coordinate_structure_constraint_complex_left_branch,True,False,True,True,888,-89.72357177734375,-85.93190002441406,0
Which drivers had those candles irritated and Russell worried?,Which had those candles irritated drivers and Russell worried?,syntax,island_effects,coordinate_structure_constraint_complex_left_branch,True,False,True,True,889,-81.3933334350586,-80.0411376953125,0
Whose museums did eyes annoy and Stacey exit?,Whose did eyes annoy museums and Stacey exit?,syntax,island_effects,coordinate_structure_constraint_complex_left_branch,True,False,True,True,890,-94.519775390625,-90.18122863769531,0
Which restaurants does Stacy criticize and a man escape from?,Which does Stacy criticize restaurants and a man escape from?,syntax,island_effects,coordinate_structure_constraint_complex_left_branch,True,False,True,True,891,-83.25439453125,-81.15144348144531,0
What ladders could Stacy descend and Sharon hide?,What could Stacy descend ladders and Sharon hide?,syntax,island_effects,coordinate_structure_constraint_complex_left_branch,True,False,True,True,892,-83.22982788085938,-77.7750015258789,0
Which ladies has Monet attacked and these doctors sounded like?,Which has Monet attacked ladies and these doctors sounded like?,syntax,island_effects,coordinate_structure_constraint_complex_left_branch,True,False,True,True,893,-86.25712585449219,-83.76393127441406,0
Whose hospitals had Monet toured and Elizabeth impressed?,Whose had Monet toured hospitals and Elizabeth impressed?,syntax,island_effects,coordinate_structure_constraint_complex_left_branch,True,False,True,True,894,-87.19041442871094,-88.77813720703125,1
Which pamphlets had those hospitals concealed and Christina sold?,Which had those hospitals concealed pamphlets and Christina sold?,syntax,island_effects,coordinate_structure_constraint_complex_left_branch,True,False,True,True,895,-91.17349243164062,-88.18497467041016,0
What girls should Nicole work with and Benjamin hide?,What should Nicole work with girls and Benjamin hide?,syntax,island_effects,coordinate_structure_constraint_complex_left_branch,True,False,True,True,896,-74.55683898925781,-68.57405090332031,0
What ladies is Marla stunning and some movie theater impressing?,What is Marla stunning ladies and some movie theater impressing?,syntax,island_effects,coordinate_structure_constraint_complex_left_branch,True,False,True,True,897,-103.737060546875,-99.37577056884766,0
Whose mirrors was Kristin fixing and the Lutherans finding?,Whose was Kristin fixing mirrors and the Lutherans finding?,syntax,island_effects,coordinate_structure_constraint_complex_left_branch,True,False,True,True,898,-107.09565734863281,-105.4452133178711,0
Whose closets has Carmen passed and Gary fled from?,Whose has Carmen passed closets and Gary fled from?,syntax,island_effects,coordinate_structure_constraint_complex_left_branch,True,False,True,True,899,-97.14997100830078,-95.15934753417969,0
Whose college campuses is Walter passing and Renee criticizing?,Whose is Walter passing college campuses and Renee criticizing?,syntax,island_effects,coordinate_structure_constraint_complex_left_branch,True,False,True,True,900,-105.30815124511719,-104.62578582763672,0
What coats will most cashiers find and Bradley admire?,What will most cashiers find coats and Bradley admire?,syntax,island_effects,coordinate_structure_constraint_complex_left_branch,True,False,True,True,901,-95.65359497070312,-89.74406433105469,0
Which movies was Jacqueline examining and Susan scanning?,Which was Jacqueline examining movies and Susan scanning?,syntax,island_effects,coordinate_structure_constraint_complex_left_branch,True,False,True,True,902,-81.77261352539062,-78.28150939941406,0
Which universities is some steak aggravating and Peter researching?,Which is some steak aggravating universities and Peter researching?,syntax,island_effects,coordinate_structure_constraint_complex_left_branch,True,False,True,True,903,-85.16083526611328,-82.4710922241211,0
Which movie theaters is Lori arriving at and the Impressionists exploring?,Which is Lori arriving at movie theaters and the Impressionists exploring?,syntax,island_effects,coordinate_structure_constraint_complex_left_branch,True,False,True,True,904,-111.75191497802734,-106.30489349365234,0
Whose synopses will Mitchell examine and Diane talk about?,Whose will Mitchell examine synopses and Diane talk about?,syntax,island_effects,coordinate_structure_constraint_complex_left_branch,True,False,True,True,905,-106.52047729492188,-106.5568618774414,1
Whose libraries can Paula clean and Diane mess up?,Whose can Paula clean libraries and Diane mess up?,syntax,island_effects,coordinate_structure_constraint_complex_left_branch,True,False,True,True,906,-83.20458221435547,-84.25949096679688,1
Which senators should Bradley dislike and Erin reference?,Which should Bradley dislike senators and Erin reference?,syntax,island_effects,coordinate_structure_constraint_complex_left_branch,True,False,True,True,907,-82.31535339355469,-80.76922607421875,0
What pamphlets had Naomi remembered and Craig discussed?,What had Naomi remembered pamphlets and Craig discussed?,syntax,island_effects,coordinate_structure_constraint_complex_left_branch,True,False,True,True,908,-85.4917984008789,-81.99812316894531,0
What series has Paula argued about and Becky discovered?,What has Paula argued about series and Becky discovered?,syntax,island_effects,coordinate_structure_constraint_complex_left_branch,True,False,True,True,909,-78.93312072753906,-75.64633178710938,0
Which waitresses will Curtis sound like and Barbara bother?,Which will Curtis sound like waitresses and Barbara bother?,syntax,island_effects,coordinate_structure_constraint_complex_left_branch,True,False,True,True,910,-88.80760955810547,-86.13310241699219,0
Whose trucks had Alan broken and Rebecca admired?,Whose had Alan broken trucks and Rebecca admired?,syntax,island_effects,coordinate_structure_constraint_complex_left_branch,True,False,True,True,911,-82.95702362060547,-81.8756103515625,0
What synopses can Laurie scan and most legislatures criticize?,What can Laurie scan synopses and most legislatures criticize?,syntax,island_effects,coordinate_structure_constraint_complex_left_branch,True,False,True,True,912,-107.64451599121094,-106.08708190917969,0
What children does Lucille leave and Kendra approach?,What does Lucille leave children and Kendra approach?,syntax,island_effects,coordinate_structure_constraint_complex_left_branch,True,False,True,True,913,-84.10450744628906,-81.281494140625,0
Which public parks was Kimberley skated around and Eric lifting?,Which was Kimberley skated around public parks and Eric lifting?,syntax,island_effects,coordinate_structure_constraint_complex_left_branch,True,False,True,True,914,-99.23858642578125,-96.744873046875,0
Which libraries had those guests driven to and Amelia scared?,Which had those guests driven to libraries and Amelia scared?,syntax,island_effects,coordinate_structure_constraint_complex_left_branch,True,False,True,True,915,-87.74891662597656,-81.58977508544922,0
What guys is Becca helping and all women disagreeing with?,What is Becca helping guys and all women disagreeing with?,syntax,island_effects,coordinate_structure_constraint_complex_left_branch,True,False,True,True,916,-94.20500946044922,-90.72097778320312,0
Whose mushrooms is Joel buying and Deanna buying?,Whose is Joel buying mushrooms and Deanna buying?,syntax,island_effects,coordinate_structure_constraint_complex_left_branch,True,False,True,True,917,-90.99261474609375,-89.79071044921875,0
What adults is Rodney kissing and Kenneth working with?,What is Rodney kissing adults and Kenneth working with?,syntax,island_effects,coordinate_structure_constraint_complex_left_branch,True,False,True,True,918,-77.17538452148438,-73.16596984863281,0
Which hills has Irene arrived at and Sara dropped by?,Which has Irene arrived at hills and Sara dropped by?,syntax,island_effects,coordinate_structure_constraint_complex_left_branch,True,False,True,True,919,-84.96577453613281,-78.78263854980469,0
What pedestrians should a plane bore and Stephanie talk about?,What should a plane bore pedestrians and Stephanie talk about?,syntax,island_effects,coordinate_structure_constraint_complex_left_branch,True,False,True,True,920,-81.01806640625,-76.13091278076172,0
Whose convertibles would Dennis buy and Alicia notice?,Whose would Dennis buy convertibles and Alicia notice?,syntax,island_effects,coordinate_structure_constraint_complex_left_branch,True,False,True,True,921,-93.25148010253906,-94.78257751464844,1
What steps was a picture looking like and Carlos concealing?,What was a picture looking like steps and Carlos concealing?,syntax,island_effects,coordinate_structure_constraint_complex_left_branch,True,False,True,True,922,-85.67315673828125,-79.27418518066406,0
What jackets was the painting looking like and Sally thinking about?,What was the painting looking like jackets and Sally thinking about?,syntax,island_effects,coordinate_structure_constraint_complex_left_branch,True,False,True,True,923,-82.0509262084961,-74.39091491699219,0
Which malls should Theodore mess up and Alexander have?,Which should Theodore mess up malls and Alexander have?,syntax,island_effects,coordinate_structure_constraint_complex_left_branch,True,False,True,True,924,-77.55313873291016,-77.510498046875,0
What glaciers have students run around and ladies hidden?,What have students run around glaciers and ladies hidden?,syntax,island_effects,coordinate_structure_constraint_complex_left_branch,True,False,True,True,925,-78.51761627197266,-74.66304016113281,0
What drivers is Lucille scaring and Heidi complaining about?,What is Lucille scaring drivers and Heidi complaining about?,syntax,island_effects,coordinate_structure_constraint_complex_left_branch,True,False,True,True,926,-86.98115539550781,-84.41294860839844,0
What libraries would Kathleen pass and Paula reveal?,What would Kathleen pass libraries and Paula reveal?,syntax,island_effects,coordinate_structure_constraint_complex_left_branch,True,False,True,True,927,-76.41751098632812,-74.60787963867188,0
Which closets has Carl returned to and Patricia researched?,Which has Carl returned to closets and Patricia researched?,syntax,island_effects,coordinate_structure_constraint_complex_left_branch,True,False,True,True,928,-85.70027160644531,-78.60244750976562,0
Which art galleries was Frank cleaning and Margaret returning to?,Which was Frank cleaning art galleries and Margaret returning to?,syntax,island_effects,coordinate_structure_constraint_complex_left_branch,True,False,True,True,929,-82.56805419921875,-79.9754409790039,0
What waiters was Vanessa firing and some child healing?,What was Vanessa firing waiters and some child healing?,syntax,island_effects,coordinate_structure_constraint_complex_left_branch,True,False,True,True,930,-84.01668548583984,-82.10944366455078,0
Which bases should Kirsten appreciate and Alexander appreciate?,Which should Kirsten appreciate bases and Alexander appreciate?,syntax,island_effects,coordinate_structure_constraint_complex_left_branch,True,False,True,True,931,-84.35126495361328,-82.13984680175781,0
Which drivers had Veronica found and Margaret attacked?,Which had Veronica found drivers and Margaret attacked?,syntax,island_effects,coordinate_structure_constraint_complex_left_branch,True,False,True,True,932,-70.49031066894531,-66.60832214355469,0
Whose newspaper articles are some committees discussing and Melissa taking?,Whose are some committees discussing newspaper articles and Melissa taking?,syntax,island_effects,coordinate_structure_constraint_complex_left_branch,True,False,True,True,933,-93.39872741699219,-92.3026351928711,0
Which glaciers did Kenneth skate around and Jerry reveal?,Which did Kenneth skate around glaciers and Jerry reveal?,syntax,island_effects,coordinate_structure_constraint_complex_left_branch,True,False,True,True,934,-85.94894409179688,-82.30681610107422,0
What students can Brenda aggravate and Florence shock?,What can Brenda aggravate students and Florence shock?,syntax,island_effects,coordinate_structure_constraint_complex_left_branch,True,False,True,True,935,-79.02799224853516,-76.78844451904297,0
Whose convertibles had Julia thought about and Victoria looked like?,Whose had Julia thought about convertibles and Victoria looked like?,syntax,island_effects,coordinate_structure_constraint_complex_left_branch,True,False,True,True,936,-98.23896026611328,-95.14793395996094,0
Which closets had Nina bought and Brett talked about?,Which had Nina bought closets and Brett talked about?,syntax,island_effects,coordinate_structure_constraint_complex_left_branch,True,False,True,True,937,-81.60954284667969,-77.37039184570312,0
What customers are most trucks confusing and some organizations hiring?,What are most trucks confusing customers and some organizations hiring?,syntax,island_effects,coordinate_structure_constraint_complex_left_branch,True,False,True,True,938,-85.24447631835938,-80.23358154296875,0
Which men had Kendra hugged and Lori distracted?,Which had Kendra hugged men and Lori distracted?,syntax,island_effects,coordinate_structure_constraint_complex_left_branch,True,False,True,True,939,-83.36105346679688,-83.25550842285156,0
What adults would Colleen like and Michael hire?,What would Colleen like adults and Michael hire?,syntax,island_effects,coordinate_structure_constraint_complex_left_branch,True,False,True,True,940,-81.85881042480469,-74.72792053222656,0
What gloves was every pedestrian admiring and these books looking like?,What was every pedestrian admiring gloves and these books looking like?,syntax,island_effects,coordinate_structure_constraint_complex_left_branch,True,False,True,True,941,-90.931884765625,-84.92868041992188,0
What museums has Roger exited and Travis sounded like?,What has Roger exited museums and Travis sounded like?,syntax,island_effects,coordinate_structure_constraint_complex_left_branch,True,False,True,True,942,-80.07058715820312,-78.96642303466797,0
What pamphlets could Roger remember and every story disagree with?,What could Roger remember pamphlets and every story disagree with?,syntax,island_effects,coordinate_structure_constraint_complex_left_branch,True,False,True,True,943,-97.29292297363281,-92.03155517578125,0
Which art galleries had Sherry walked through and Carmen walked through?,Which had Sherry walked through art galleries and Carmen walked through?,syntax,island_effects,coordinate_structure_constraint_complex_left_branch,True,False,True,True,944,-99.33269500732422,-93.90123748779297,0
What lakes has Kathleen toured and Bruce explored?,What has Kathleen toured lakes and Bruce explored?,syntax,island_effects,coordinate_structure_constraint_complex_left_branch,True,False,True,True,945,-77.40455627441406,-73.8172607421875,0
What women will Russell approach and Martha approach?,What will Russell approach women and Martha approach?,syntax,island_effects,coordinate_structure_constraint_complex_left_branch,True,False,True,True,946,-69.7617416381836,-68.39631652832031,0
What photographs had some waitress looked like and Sherry sold?,What had some waitress looked like photographs and Sherry sold?,syntax,island_effects,coordinate_structure_constraint_complex_left_branch,True,False,True,True,947,-89.84050750732422,-82.80570220947266,0
Which analyses was Frank scanning and Florence thinking about?,Which was Frank scanning analyses and Florence thinking about?,syntax,island_effects,coordinate_structure_constraint_complex_left_branch,True,False,True,True,948,-78.82172393798828,-77.24687957763672,0
Which men do these committees stun and Valerie remember?,Which do these committees stun men and Valerie remember?,syntax,island_effects,coordinate_structure_constraint_complex_left_branch,True,False,True,True,949,-78.22627258300781,-76.73462677001953,0
Which slopes had a dancer climbed down and a lot of public parks looked like?,Which had a dancer climbed down slopes and a lot of public parks looked like?,syntax,island_effects,coordinate_structure_constraint_complex_left_branch,True,False,True,True,950,-99.43325805664062,-96.69586944580078,0
What teenagers were those people stunning and most adults curing?,What were those people stunning teenagers and most adults curing?,syntax,island_effects,coordinate_structure_constraint_complex_left_branch,True,False,True,True,951,-85.22843933105469,-83.0180892944336,0
Whose closets has this child discussed and George skated around?,Whose has this child discussed closets and George skated around?,syntax,island_effects,coordinate_structure_constraint_complex_left_branch,True,False,True,True,952,-104.7376937866211,-104.14827728271484,0
Which children has Laurie returned to and many coats worried?,Which has Laurie returned to children and many coats worried?,syntax,island_effects,coordinate_structure_constraint_complex_left_branch,True,False,True,True,953,-81.55009460449219,-77.43144989013672,0
Which women does the museum upset and Liam reveal?,Which does the museum upset women and Liam reveal?,syntax,island_effects,coordinate_structure_constraint_complex_left_branch,True,False,True,True,954,-72.67776489257812,-71.00939178466797,0
Which schools were many boys irritating and this man confusing?,Which were many boys irritating schools and this man confusing?,syntax,island_effects,coordinate_structure_constraint_complex_left_branch,True,False,True,True,955,-77.00578308105469,-76.50080871582031,0
What public parks can Alan explore and a lot of guys escape from?,What can Alan explore public parks and a lot of guys escape from?,syntax,island_effects,coordinate_structure_constraint_complex_left_branch,True,False,True,True,956,-97.87785339355469,-92.17102813720703,0
What banks would these actors drive to and Travis exit?,What would these actors drive to banks and Travis exit?,syntax,island_effects,coordinate_structure_constraint_complex_left_branch,True,False,True,True,957,-89.3476791381836,-84.00149536132812,0
Which women had this cashier astounded and Ann worried?,Which had this cashier astounded women and Ann worried?,syntax,island_effects,coordinate_structure_constraint_complex_left_branch,True,False,True,True,958,-86.0564193725586,-85.29122924804688,0
Which libraries were most vases shocking and Elaine dropping by?,Which were most vases shocking libraries and Elaine dropping by?,syntax,island_effects,coordinate_structure_constraint_complex_left_branch,True,False,True,True,959,-97.48917388916016,-95.99346160888672,0
Which students will Holly stun and Rhonda talk about?,Which will Holly stun students and Rhonda talk about?,syntax,island_effects,coordinate_structure_constraint_complex_left_branch,True,False,True,True,960,-84.24072265625,-83.24116516113281,0
Whose analyses had Dana examined and Marie concealed?,Whose had Dana examined analyses and Marie concealed?,syntax,island_effects,coordinate_structure_constraint_complex_left_branch,True,False,True,True,961,-88.51766967773438,-88.21224975585938,0
What glaciers had Irene fled from and Sandra explored?,What had Irene fled from glaciers and Sandra explored?,syntax,island_effects,coordinate_structure_constraint_complex_left_branch,True,False,True,True,962,-86.54358673095703,-81.77791595458984,0
What governments was Tamara boycotting and Nancy questioning?,What was Tamara boycotting governments and Nancy questioning?,syntax,island_effects,coordinate_structure_constraint_complex_left_branch,True,False,True,True,963,-89.6326904296875,-89.33343505859375,0
What waitresses are those dancers observing and Sandra talking about?,What are those dancers observing waitresses and Sandra talking about?,syntax,island_effects,coordinate_structure_constraint_complex_left_branch,True,False,True,True,964,-86.76146697998047,-85.53166198730469,0
What pictures might Debra resemble and sketches look like?,What might Debra resemble pictures and sketches look like?,syntax,island_effects,coordinate_structure_constraint_complex_left_branch,True,False,True,True,965,-87.84788513183594,-83.23118591308594,0
What girls has Tammy hired and Walter admired?,What has Tammy hired girls and Walter admired?,syntax,island_effects,coordinate_structure_constraint_complex_left_branch,True,False,True,True,966,-76.33274841308594,-74.24752807617188,0
What teenagers would Denise hurt and David flee from?,What would Denise hurt teenagers and David flee from?,syntax,island_effects,coordinate_structure_constraint_complex_left_branch,True,False,True,True,967,-80.17173767089844,-78.84368896484375,0
What actresses could Keith return to and all screens stun?,What could Keith return to actresses and all screens stun?,syntax,island_effects,coordinate_structure_constraint_complex_left_branch,True,False,True,True,968,-91.1944580078125,-81.96330261230469,0
Which museums can the rabbit aggravate and Alice impress?,Which can the rabbit aggravate museums and Alice impress?,syntax,island_effects,coordinate_structure_constraint_complex_left_branch,True,False,True,True,969,-86.1527099609375,-86.14750671386719,0
What customers should Wayne hire and Elaine hug?,What should Wayne hire customers and Elaine hug?,syntax,island_effects,coordinate_structure_constraint_complex_left_branch,True,False,True,True,970,-78.49504089355469,-73.41802215576172,0
Whose deer does that student take and Kristin heal?,Whose does that student take deer and Kristin heal?,syntax,island_effects,coordinate_structure_constraint_complex_left_branch,True,False,True,True,971,-91.5498046875,-90.78141784667969,0
Whose deer had Grace healed and Naomi cured?,Whose had Grace healed deer and Naomi cured?,syntax,island_effects,coordinate_structure_constraint_complex_left_branch,True,False,True,True,972,-83.80791473388672,-85.29566955566406,1
What alumni had Noah hired and Alan thought about?,What had Noah hired alumni and Alan thought about?,syntax,island_effects,coordinate_structure_constraint_complex_left_branch,True,False,True,True,973,-77.88299560546875,-74.55758666992188,0
What stairs did Ella ascend and Roger like?,What did Ella ascend stairs and Roger like?,syntax,island_effects,coordinate_structure_constraint_complex_left_branch,True,False,True,True,974,-73.06973266601562,-67.6415786743164,0
What ladies has Angela cared for and Becky concealed?,What has Angela cared for ladies and Becky concealed?,syntax,island_effects,coordinate_structure_constraint_complex_left_branch,True,False,True,True,975,-78.28781127929688,-73.0755844116211,0
Which mountains had Cheryl climbed down and associations sold?,Which had Cheryl climbed down mountains and associations sold?,syntax,island_effects,coordinate_structure_constraint_complex_left_branch,True,False,True,True,976,-79.56446838378906,-77.08662414550781,0
Which actresses has John hated and the scarves irritated?,Which has John hated actresses and the scarves irritated?,syntax,island_effects,coordinate_structure_constraint_complex_left_branch,True,False,True,True,977,-90.05895233154297,-84.0810546875,0
What cafes should a patient arrive at and Angela explore?,What should a patient arrive at cafes and Angela explore?,syntax,island_effects,coordinate_structure_constraint_complex_left_branch,True,False,True,True,978,-88.00331115722656,-81.03825378417969,0
What pedestrians did Curtis approach and Becky irritate?,What did Curtis approach pedestrians and Becky irritate?,syntax,island_effects,coordinate_structure_constraint_complex_left_branch,True,False,True,True,979,-83.30058288574219,-78.24796295166016,0
What drivers will this woman care for and Samantha admire?,What will this woman care for drivers and Samantha admire?,syntax,island_effects,coordinate_structure_constraint_complex_left_branch,True,False,True,True,980,-79.99455261230469,-75.4975814819336,0
What children should Wayne aggravate and Guy attack?,What should Wayne aggravate children and Guy attack?,syntax,island_effects,coordinate_structure_constraint_complex_left_branch,True,False,True,True,981,-79.17070770263672,-76.40812683105469,0
What books are all patients disagreeing with and these guests examining?,What are all patients disagreeing with books and these guests examining?,syntax,island_effects,coordinate_structure_constraint_complex_left_branch,True,False,True,True,982,-94.43065643310547,-84.86767578125,0
Which movie theaters would Eric go to and Cheryl hide?,Which would Eric go to movie theaters and Cheryl hide?,syntax,island_effects,coordinate_structure_constraint_complex_left_branch,True,False,True,True,983,-85.42236328125,-81.73396301269531,0
Which senators has Karen watched and some essay alarmed?,Which has Karen watched senators and some essay alarmed?,syntax,island_effects,coordinate_structure_constraint_complex_left_branch,True,False,True,True,984,-82.31309509277344,-81.20513153076172,0
Which patients had Marcus watched and Clyde returned to?,Which had Marcus watched patients and Clyde returned to?,syntax,island_effects,coordinate_structure_constraint_complex_left_branch,True,False,True,True,985,-69.82579803466797,-69.27568054199219,0
What people was Chad praising and Gina helping?,What was Chad praising people and Gina helping?,syntax,island_effects,coordinate_structure_constraint_complex_left_branch,True,False,True,True,986,-72.25263977050781,-69.83094024658203,0
What chairs had Marla hidden and Becca concealed?,What had Marla hidden chairs and Becca concealed?,syntax,island_effects,coordinate_structure_constraint_complex_left_branch,True,False,True,True,987,-91.95245361328125,-84.62434387207031,0
What scarves will Lucille discover and Jane find?,What will Lucille discover scarves and Jane find?,syntax,island_effects,coordinate_structure_constraint_complex_left_branch,True,False,True,True,988,-86.86575317382812,-83.40519714355469,0
Which brochures should Anne boast about and Andrew sound like?,Which should Anne boast about brochures and Andrew sound like?,syntax,island_effects,coordinate_structure_constraint_complex_left_branch,True,False,True,True,989,-95.07230377197266,-90.70358276367188,0
Which stories was Lisa complaining about and Winston Churchill insulting?,Which was Lisa complaining about stories and Winston Churchill insulting?,syntax,island_effects,coordinate_structure_constraint_complex_left_branch,True,False,True,True,990,-89.8385238647461,-83.65237426757812,0
Whose plates had Wendy thought about and Brett cleaned?,Whose had Wendy thought about plates and Brett cleaned?,syntax,island_effects,coordinate_structure_constraint_complex_left_branch,True,False,True,True,991,-85.61290740966797,-81.65093231201172,0
Whose paintings had a lot of dishes resembled and this museum taken?,Whose had a lot of dishes resembled paintings and this museum taken?,syntax,island_effects,coordinate_structure_constraint_complex_left_branch,True,False,True,True,992,-95.64957427978516,-92.6860122680664,0
Whose dogs had all paintings looked like and Carrie taken?,Whose had all paintings looked like dogs and Carrie taken?,syntax,island_effects,coordinate_structure_constraint_complex_left_branch,True,False,True,True,993,-87.72869110107422,-84.29438781738281,0
Whose dogs does some association have and all patients think about?,Whose does some association have dogs and all patients think about?,syntax,island_effects,coordinate_structure_constraint_complex_left_branch,True,False,True,True,994,-88.87153625488281,-84.75343322753906,0
What schools has Natalie biked to and Tanya annoyed?,What has Natalie biked to schools and Tanya annoyed?,syntax,island_effects,coordinate_structure_constraint_complex_left_branch,True,False,True,True,995,-94.35769653320312,-88.90239715576172,0
Which men could Gina see and Jacqueline question?,Which could Gina see men and Jacqueline question?,syntax,island_effects,coordinate_structure_constraint_complex_left_branch,True,False,True,True,996,-76.430419921875,-74.5413818359375,0
Whose hospitals had Rachel explored and Tina messed up?,Whose had Rachel explored hospitals and Tina messed up?,syntax,island_effects,coordinate_structure_constraint_complex_left_branch,True,False,True,True,997,-86.81068420410156,-87.21110534667969,1
Whose companies was some painting upsetting and Adam discovering?,Whose was some painting upsetting companies and Adam discovering?,syntax,island_effects,coordinate_structure_constraint_complex_left_branch,True,False,True,True,998,-88.19413757324219,-86.7009048461914,0
Which hills was Homer descending and Noah descending?,Which was Homer descending hills and Noah descending?,syntax,island_effects,coordinate_structure_constraint_complex_left_branch,True,False,True,True,999,-80.39909362792969,-75.50825500488281,0
