sentence_good,sentence_bad,field,linguistics_term,UID,simple_LM_method,one_prefix_method,two_prefix_method,lexically_identical,pair_id,good_prob,bad_prob,correct
Travis is touring.,Travis is revealing.,syntax,argument_structure,drop_argument,True,False,False,False,0,-30.69284439086914,-32.21513748168945,1
Noah approached.,Noah works with.,syntax,argument_structure,drop_argument,True,False,False,False,1,-26.34735870361328,-29.637859344482422,1
The Lutherans couldn't skate around.,The Lutherans couldn't disagree with.,syntax,argument_structure,drop_argument,True,False,False,False,2,-51.10578155517578,-49.244876861572266,0
A lot of teenagers haven't left.,A lot of teenagers haven't arrived at.,syntax,argument_structure,drop_argument,True,False,False,False,3,-41.31172180175781,-48.81288146972656,1
Rhonda's employees hadn't run around.,Rhonda's employees hadn't boasted about.,syntax,argument_structure,drop_argument,True,False,False,False,4,-51.4368896484375,-57.21703338623047,1
Renee could descend.,Renee could flee from.,syntax,argument_structure,drop_argument,True,False,False,False,5,-27.595203399658203,-34.354644775390625,1
This student's supervisors descended.,This student's supervisors admired.,syntax,argument_structure,drop_argument,True,False,False,False,6,-46.14324188232422,-46.34271240234375,1
Karen's dentists buy.,Karen's dentists found.,syntax,argument_structure,drop_argument,True,False,False,False,7,-51.05587387084961,-47.0867919921875,0
A lot of mothers of Steve observe.,A lot of mothers of Steve talk to.,syntax,argument_structure,drop_argument,True,False,False,False,8,-53.57646942138672,-54.31529235839844,1
Bill's wife saw.,Bill's wife returns to.,syntax,argument_structure,drop_argument,True,False,False,False,9,-25.26886749267578,-30.29429054260254,1
Tara's doctors have watched.,Tara's doctors have examined.,syntax,argument_structure,drop_argument,True,False,False,False,10,-41.398006439208984,-42.76101303100586,1
William wasn't helping.,William wasn't boasting about.,syntax,argument_structure,drop_argument,True,False,False,False,11,-22.986892700195312,-32.17781066894531,1
Christopher climbed up.,Christopher walks through.,syntax,argument_structure,drop_argument,True,False,False,False,12,-16.802156448364258,-20.461515426635742,1
That guy remembers.,That guy looked like.,syntax,argument_structure,drop_argument,True,False,False,False,13,-24.758941650390625,-25.83095932006836,1
Nancy sold.,Nancy argued about.,syntax,argument_structure,drop_argument,True,False,False,False,14,-24.01628875732422,-33.17250061035156,1
Jodi has run around.,Jodi has biked to.,syntax,argument_structure,drop_argument,True,False,False,False,15,-32.55522155761719,-45.89134216308594,1
Anne hasn't climbed down.,Anne hasn't found.,syntax,argument_structure,drop_argument,True,False,False,False,16,-26.143470764160156,-20.993896484375,0
Kathleen helped.,Kathleen resembles.,syntax,argument_structure,drop_argument,True,False,False,False,17,-32.5825080871582,-35.92128372192383,1
Marie isn't climbing down.,Marie isn't lifting.,syntax,argument_structure,drop_argument,True,False,False,False,18,-25.385292053222656,-24.265106201171875,0
The brothers of April ascend.,The brothers of April look like.,syntax,argument_structure,drop_argument,True,False,False,False,19,-38.31490707397461,-39.64363098144531,1
Kathleen wouldn't approach.,Kathleen wouldn't drop by.,syntax,argument_structure,drop_argument,True,False,False,False,20,-40.2540397644043,-44.398555755615234,1
Holly's plumbers sold.,Holly's plumbers admired.,syntax,argument_structure,drop_argument,True,False,False,False,21,-45.63950729370117,-46.231807708740234,1
Some boy watches.,Some boy fired.,syntax,argument_structure,drop_argument,True,False,False,False,22,-22.72737693786621,-20.846107482910156,0
Diana hadn't watched.,Diana hadn't talked to.,syntax,argument_structure,drop_argument,True,False,False,False,23,-34.15900421142578,-35.682926177978516,1
The children see.,The children admire.,syntax,argument_structure,drop_argument,True,False,False,False,24,-17.72637176513672,-23.05152130126953,1
Liam should pass.,Liam should go to.,syntax,argument_structure,drop_argument,True,False,False,False,25,-27.123462677001953,-28.36602783203125,1
Kendra isn't attacking.,Kendra isn't revealing.,syntax,argument_structure,drop_argument,True,False,False,False,26,-36.81944274902344,-37.383094787597656,1
Florence's doctors have loved.,Florence's doctors have disliked.,syntax,argument_structure,drop_argument,True,False,False,False,27,-47.89342498779297,-51.02097702026367,1
Heather ascends.,Heather concealed.,syntax,argument_structure,drop_argument,True,False,False,False,28,-32.73038101196289,-25.454803466796875,0
Roger has exited.,Roger has worked with.,syntax,argument_structure,drop_argument,True,False,False,False,29,-24.115325927734375,-22.211271286010742,0
Rose is buying.,Rose is wearing.,syntax,argument_structure,drop_argument,True,False,False,False,30,-17.474895477294922,-16.539457321166992,0
A lot of guys skate around.,A lot of guys escaped from.,syntax,argument_structure,drop_argument,True,False,False,False,31,-41.12297821044922,-40.78142547607422,0
Nicole's grandfathers don't exit.,Nicole's grandfathers don't admire.,syntax,argument_structure,drop_argument,True,False,False,False,32,-54.124046325683594,-54.084205627441406,0
Martin should approach.,Martin should sound like.,syntax,argument_structure,drop_argument,True,False,False,False,33,-19.544265747070312,-21.82982063293457,1
Lucille's contractors had ascended.,Lucille's contractors had boasted about.,syntax,argument_structure,drop_argument,True,False,False,False,34,-49.03675842285156,-54.899574279785156,1
Mark approached.,Mark escaped from.,syntax,argument_structure,drop_argument,True,False,False,False,35,-15.708449363708496,-22.199005126953125,1
Some teachers' senators are touring.,Some teachers' senators are complaining about.,syntax,argument_structure,drop_argument,True,False,False,False,36,-46.2421875,-50.466636657714844,1
David ascends.,David escaped from.,syntax,argument_structure,drop_argument,True,False,False,False,37,-23.981189727783203,-20.938838958740234,0
Jason has explored.,Jason has driven to.,syntax,argument_structure,drop_argument,True,False,False,False,38,-21.2738037109375,-24.412508010864258,1
Every nephew of a lady attacked.,Every nephew of a lady scared.,syntax,argument_structure,drop_argument,True,False,False,False,39,-40.17890167236328,-38.686744689941406,0
Sisters of that guest weren't approaching.,Sisters of that guest weren't examining.,syntax,argument_structure,drop_argument,True,False,False,False,40,-56.339263916015625,-58.634246826171875,1
Walter's best friends weren't climbing down.,Walter's best friends weren't fleeing from.,syntax,argument_structure,drop_argument,True,False,False,False,41,-49.536964416503906,-55.280921936035156,1
Connie's plumbers are visiting.,Connie's plumbers are firing.,syntax,argument_structure,drop_argument,True,False,False,False,42,-47.08856964111328,-46.751861572265625,0
This sister of most adults tours.,This sister of most adults drove to.,syntax,argument_structure,drop_argument,True,False,False,False,43,-47.749671936035156,-53.542625427246094,1
Edward passes.,Edward arrived at.,syntax,argument_structure,drop_argument,True,False,False,False,44,-13.723447799682617,-20.778806686401367,1
Sabrina's boss sells.,Sabrina's boss escapes from.,syntax,argument_structure,drop_argument,True,False,False,False,45,-40.11112976074219,-46.25984191894531,1
Debra's ex-husband would leave.,Debra's ex-husband would listen to.,syntax,argument_structure,drop_argument,True,False,False,False,46,-49.631561279296875,-54.511474609375,1
The committees buy.,The committees dislike.,syntax,argument_structure,drop_argument,True,False,False,False,47,-29.111469268798828,-28.269153594970703,0
The patient's guests wouldn't see.,The patient's guests wouldn't boast about.,syntax,argument_structure,drop_argument,True,False,False,False,48,-40.99348449707031,-51.47639465332031,1
This man buys.,This man drove to.,syntax,argument_structure,drop_argument,True,False,False,False,49,-23.488231658935547,-24.91353416442871,1
Deborah's mothers are leaving.,Deborah's mothers are lifting.,syntax,argument_structure,drop_argument,True,False,False,False,50,-41.420894622802734,-45.12564468383789,1
Stacey's senators wouldn't approach.,Stacey's senators wouldn't find.,syntax,argument_structure,drop_argument,True,False,False,False,51,-51.731773376464844,-48.64113235473633,0
Maria's son can explore.,Maria's son can drop by.,syntax,argument_structure,drop_argument,True,False,False,False,52,-31.823511123657227,-36.09385299682617,1
Jane had explored.,Jane had admired.,syntax,argument_structure,drop_argument,True,False,False,False,53,-19.289833068847656,-17.73300552368164,0
The waitress has approached.,The waitress has resembled.,syntax,argument_structure,drop_argument,True,False,False,False,54,-31.350053787231445,-33.937049865722656,1
Some companies had remembered.,Some companies had respected.,syntax,argument_structure,drop_argument,True,False,False,False,55,-28.441001892089844,-30.94733238220215,1
Ann couldn't love.,Ann couldn't bike to.,syntax,argument_structure,drop_argument,True,False,False,False,56,-18.224023818969727,-29.928016662597656,1
Timothy's piano teachers won't explore.,Timothy's piano teachers won't work with.,syntax,argument_structure,drop_argument,True,False,False,False,57,-55.94662857055664,-56.538299560546875,1
Tiffany's students sell.,Tiffany's students look like.,syntax,argument_structure,drop_argument,True,False,False,False,58,-49.160797119140625,-49.5853271484375,1
Stephanie won't explore.,Stephanie won't admire.,syntax,argument_structure,drop_argument,True,False,False,False,59,-35.117881774902344,-36.65565490722656,1
Bethany would ascend.,Bethany would talk to.,syntax,argument_structure,drop_argument,True,False,False,False,60,-38.0537109375,-36.967777252197266,0
These drivers sold.,These drivers escape from.,syntax,argument_structure,drop_argument,True,False,False,False,61,-25.24797821044922,-33.80866241455078,1
Some son of Carol hadn't sold.,Some son of Carol hadn't sounded like.,syntax,argument_structure,drop_argument,True,False,False,False,62,-48.46184539794922,-53.499412536621094,1
Nicole's partners were ascending.,Nicole's partners were arguing about.,syntax,argument_structure,drop_argument,True,False,False,False,63,-43.245018005371094,-47.94249725341797,1
Carla wasn't buying.,Carla wasn't scaring.,syntax,argument_structure,drop_argument,True,False,False,False,64,-31.82034683227539,-36.375823974609375,1
Leslie observed.,Leslie found.,syntax,argument_structure,drop_argument,True,False,False,False,65,-20.922460556030273,-20.25054931640625,0
That school was buying.,That school was looking like.,syntax,argument_structure,drop_argument,True,False,False,False,66,-25.54166030883789,-28.221723556518555,1
Helen was approaching.,Helen was talking to.,syntax,argument_structure,drop_argument,True,False,False,False,67,-22.156082153320312,-26.06486701965332,1
Andrew does tour.,Andrew does respect.,syntax,argument_structure,drop_argument,True,False,False,False,68,-21.30396270751953,-20.21892738342285,0
Brian is skated around.,Brian is biking to.,syntax,argument_structure,drop_argument,True,False,False,False,69,-29.956811904907227,-28.450706481933594,0
That sister of Julie investigates.,That sister of Julie listens to.,syntax,argument_structure,drop_argument,True,False,False,False,70,-45.014530181884766,-45.87481689453125,1
Brett had forgotten.,Brett had referenced.,syntax,argument_structure,drop_argument,True,False,False,False,71,-24.27283477783203,-31.123563766479492,1
April has climbed up.,April has argued about.,syntax,argument_structure,drop_argument,True,False,False,False,72,-22.547056198120117,-29.35486602783203,1
Steve hadn't sold.,Steve hadn't sounded like.,syntax,argument_structure,drop_argument,True,False,False,False,73,-22.69120216369629,-28.923465728759766,1
Denise's grandmothers attack.,Denise's grandmothers work with.,syntax,argument_structure,drop_argument,True,False,False,False,74,-43.575401306152344,-47.34874725341797,1
Some dancers' piano teachers can't buy.,Some dancers' piano teachers can't bike to.,syntax,argument_structure,drop_argument,True,False,False,False,75,-57.19001770019531,-66.7230224609375,1
A pedestrian is touring.,A pedestrian is going to.,syntax,argument_structure,drop_argument,True,False,False,False,76,-33.4998893737793,-31.46410369873047,0
Daniel's brothers run around.,Daniel's brothers listen to.,syntax,argument_structure,drop_argument,True,False,False,False,77,-31.879953384399414,-33.22118377685547,1
Most ladies haven't sold.,Most ladies haven't found.,syntax,argument_structure,drop_argument,True,False,False,False,78,-30.544689178466797,-29.621524810791016,0
Veronica helps.,Veronica scares.,syntax,argument_structure,drop_argument,True,False,False,False,79,-28.504507064819336,-30.335575103759766,1
Tamara's partner forgot.,Tamara's partner concealed.,syntax,argument_structure,drop_argument,True,False,False,False,80,-38.58113098144531,-40.33637237548828,1
Monica exits.,Monica fired.,syntax,argument_structure,drop_argument,True,False,False,False,81,-22.91356658935547,-23.177997589111328,1
These friends of Timothy are observing.,These friends of Timothy are admiring.,syntax,argument_structure,drop_argument,True,False,False,False,82,-45.857025146484375,-48.0062255859375,1
Lisa's contractors pass.,Lisa's contractors conceal.,syntax,argument_structure,drop_argument,True,False,False,False,83,-30.569377899169922,-36.80446243286133,1
Amy's student was climbing down.,Amy's student was returning to.,syntax,argument_structure,drop_argument,True,False,False,False,84,-35.14200210571289,-37.580711364746094,1
These senators' doctors watch.,These senators' doctors went to.,syntax,argument_structure,drop_argument,True,False,False,False,85,-43.450443267822266,-45.91737365722656,1
Deborah has passed.,Deborah has examined.,syntax,argument_structure,drop_argument,True,False,False,False,86,-28.341045379638672,-31.66631317138672,1
Eva's grandmothers were leaving.,Eva's grandmothers were driving to.,syntax,argument_structure,drop_argument,True,False,False,False,87,-39.50568389892578,-47.014556884765625,1
Sarah might exit.,Sarah might return to.,syntax,argument_structure,drop_argument,True,False,False,False,88,-23.657318115234375,-23.950529098510742,1
Caroline does climb up.,Caroline does go to.,syntax,argument_structure,drop_argument,True,False,False,False,89,-30.8504695892334,-30.4410400390625,0
Many sisters of Sarah haven't attacked.,Many sisters of Sarah haven't examined.,syntax,argument_structure,drop_argument,True,False,False,False,90,-49.20032501220703,-49.23912811279297,1
Tamara loved.,Tamara disagrees with.,syntax,argument_structure,drop_argument,True,False,False,False,91,-23.908775329589844,-29.242107391357422,1
Sally approached.,Sally dropped by.,syntax,argument_structure,drop_argument,True,False,False,False,92,-24.81667709350586,-29.54730224609375,1
Marie cleaned.,Marie fled from.,syntax,argument_structure,drop_argument,True,False,False,False,93,-15.435047149658203,-23.974401473999023,1
Most pedestrians attack.,Most pedestrians disliked.,syntax,argument_structure,drop_argument,True,False,False,False,94,-25.367557525634766,-28.163646697998047,1
Catherine's handymen had loved.,Catherine's handymen had cured.,syntax,argument_structure,drop_argument,True,False,False,False,95,-49.944969177246094,-51.06428527832031,1
Benjamin exited.,Benjamin wore.,syntax,argument_structure,drop_argument,True,False,False,False,96,-28.395925521850586,-25.47109603881836,0
That father of Barbara knows.,That father of Barbara examined.,syntax,argument_structure,drop_argument,True,False,False,False,97,-37.34082794189453,-42.536766052246094,1
Florence will visit.,Florence will escape from.,syntax,argument_structure,drop_argument,True,False,False,False,98,-33.83720779418945,-40.24574279785156,1
Alice investigated.,Alice boasted about.,syntax,argument_structure,drop_argument,True,False,False,False,99,-16.555044174194336,-23.0416202545166,1
Nina descended.,Nina resembled.,syntax,argument_structure,drop_argument,True,False,False,False,100,-23.98766326904297,-26.649044036865234,1
Mary won't investigate.,Mary won't resemble.,syntax,argument_structure,drop_argument,True,False,False,False,101,-20.11709213256836,-23.112838745117188,1
Omar descends.,Omar boasts about.,syntax,argument_structure,drop_argument,True,False,False,False,102,-31.991939544677734,-37.543731689453125,1
Steve's ex-wives observe.,Steve's ex-wives resembled.,syntax,argument_structure,drop_argument,True,False,False,False,103,-44.22650146484375,-45.0298957824707,1
This grandmother of Brenda cleaned.,This grandmother of Brenda dislikes.,syntax,argument_structure,drop_argument,True,False,False,False,104,-42.45850372314453,-50.908966064453125,1
Paul's handymen know.,Paul's handymen flee from.,syntax,argument_structure,drop_argument,True,False,False,False,105,-36.557403564453125,-49.92927169799805,1
Beth tours.,Beth biked to.,syntax,argument_structure,drop_argument,True,False,False,False,106,-23.85263442993164,-36.58680725097656,1
Wendy's father cleans.,Wendy's father cures.,syntax,argument_structure,drop_argument,True,False,False,False,107,-41.13462829589844,-40.978851318359375,0
Randolf approaches.,Randolf scares.,syntax,argument_structure,drop_argument,True,False,False,False,108,-23.571359634399414,-26.448537826538086,1
Monet investigated.,Monet works with.,syntax,argument_structure,drop_argument,True,False,False,False,109,-23.288253784179688,-28.038259506225586,1
Andrew was observing.,Andrew was arriving at.,syntax,argument_structure,drop_argument,True,False,False,False,110,-18.80609893798828,-22.967819213867188,1
Cynthia's daughters helped.,Cynthia's daughters return to.,syntax,argument_structure,drop_argument,True,False,False,False,111,-52.92020797729492,-57.02344512939453,1
Dawn's granddaughter did run around.,Dawn's granddaughter did go to.,syntax,argument_structure,drop_argument,True,False,False,False,112,-51.91733169555664,-50.44908142089844,0
Rebecca will watch.,Rebecca will go to.,syntax,argument_structure,drop_argument,True,False,False,False,113,-24.99205207824707,-26.63648223876953,1
Gregory loved.,Gregory worked with.,syntax,argument_structure,drop_argument,True,False,False,False,114,-25.493053436279297,-28.126300811767578,1
Raymond is buying.,Raymond is referencing.,syntax,argument_structure,drop_argument,True,False,False,False,115,-25.79827880859375,-30.34628677368164,1
Caroline skates around.,Caroline listens to.,syntax,argument_structure,drop_argument,True,False,False,False,116,-35.41332244873047,-28.23672866821289,0
Eric saw.,Eric references.,syntax,argument_structure,drop_argument,True,False,False,False,117,-14.037630081176758,-15.280701637268066,1
Tiffany investigates.,Tiffany concealed.,syntax,argument_structure,drop_argument,True,False,False,False,118,-37.71946716308594,-35.146488189697266,0
Lawrence's dermatologists will leave.,Lawrence's dermatologists will complain about.,syntax,argument_structure,drop_argument,True,False,False,False,119,-53.07691955566406,-59.73830795288086,1
Cynthia's hairdresser can't observe.,Cynthia's hairdresser can't walk through.,syntax,argument_structure,drop_argument,True,False,False,False,120,-72.45896911621094,-72.352783203125,0
Some pedestrians hadn't observed.,Some pedestrians hadn't disagreed with.,syntax,argument_structure,drop_argument,True,False,False,False,121,-37.031707763671875,-44.67388916015625,1
Teresa did explore.,Teresa did conceal.,syntax,argument_structure,drop_argument,True,False,False,False,122,-33.303260803222656,-34.71460723876953,1
Those grandsons of Laura haven't exited.,Those grandsons of Laura haven't cured.,syntax,argument_structure,drop_argument,True,False,False,False,123,-67.67479705810547,-64.4903564453125,0
Beth leaves.,Beth references.,syntax,argument_structure,drop_argument,True,False,False,False,124,-22.512596130371094,-23.776016235351562,1
Victoria has attacked.,Victoria has fired.,syntax,argument_structure,drop_argument,True,False,False,False,125,-19.91010284423828,-18.350345611572266,0
Karen tours.,Karen drove to.,syntax,argument_structure,drop_argument,True,False,False,False,126,-22.755386352539062,-26.46426010131836,1
Diana hasn't run around.,Diana hasn't gone to.,syntax,argument_structure,drop_argument,True,False,False,False,127,-34.19963073730469,-32.92667770385742,0
Sharon's grandmothers had watched.,Sharon's grandmothers had found.,syntax,argument_structure,drop_argument,True,False,False,False,128,-50.068233489990234,-47.231929779052734,0
Ella might ascend.,Ella might return to.,syntax,argument_structure,drop_argument,True,False,False,False,129,-34.96349334716797,-35.770530700683594,1
Catherine hadn't ascended.,Catherine hadn't lifted.,syntax,argument_structure,drop_argument,True,False,False,False,130,-35.994606018066406,-34.088043212890625,0
Travis had observed.,Travis had worked with.,syntax,argument_structure,drop_argument,True,False,False,False,131,-31.139331817626953,-35.566314697265625,1
That cashier isn't running around.,That cashier isn't wearing.,syntax,argument_structure,drop_argument,True,False,False,False,132,-43.96604537963867,-42.123897552490234,0
Diane hasn't approached.,Diane hasn't fired.,syntax,argument_structure,drop_argument,True,False,False,False,133,-35.823402404785156,-34.106197357177734,0
Gerald's brothers remember.,Gerald's brothers went to.,syntax,argument_structure,drop_argument,True,False,False,False,134,-39.046329498291016,-39.106956481933594,1
A lot of waiters tour.,A lot of waiters flee from.,syntax,argument_structure,drop_argument,True,False,False,False,135,-45.679500579833984,-55.84341812133789,1
Stacy observes.,Stacy likes.,syntax,argument_structure,drop_argument,True,False,False,False,136,-28.357494354248047,-27.358972549438477,0
That organization forgot.,That organization referenced.,syntax,argument_structure,drop_argument,True,False,False,False,137,-27.84454917907715,-28.919090270996094,1
Elaine had approached.,Elaine had cured.,syntax,argument_structure,drop_argument,True,False,False,False,138,-29.992156982421875,-29.035781860351562,0
Jason's spouse isn't ascending.,Jason's spouse isn't listening to.,syntax,argument_structure,drop_argument,True,False,False,False,139,-41.41381072998047,-41.063655853271484,0
Some university hasn't forgotten.,Some university hasn't talked to.,syntax,argument_structure,drop_argument,True,False,False,False,140,-32.623291015625,-38.22647476196289,1
Some guest explores.,Some guest talks about.,syntax,argument_structure,drop_argument,True,False,False,False,141,-29.055240631103516,-27.954347610473633,0
A guy's plumbers had cleaned.,A guy's plumbers had argued about.,syntax,argument_structure,drop_argument,True,False,False,False,142,-55.252052307128906,-63.7845344543457,1
Theodore was climbing up.,Theodore was boasting about.,syntax,argument_structure,drop_argument,True,False,False,False,143,-29.111839294433594,-37.296722412109375,1
A son of Homer shouldn't leave.,A son of Homer shouldn't work with.,syntax,argument_structure,drop_argument,True,False,False,False,144,-43.62468338012695,-49.347259521484375,1
Jerry helps.,Jerry went to.,syntax,argument_structure,drop_argument,True,False,False,False,145,-15.117437362670898,-14.48459243774414,0
Connie's contractor hasn't toured.,Connie's contractor hasn't fled from.,syntax,argument_structure,drop_argument,True,False,False,False,146,-53.334991455078125,-57.212345123291016,1
Debra couldn't buy.,Debra couldn't care for.,syntax,argument_structure,drop_argument,True,False,False,False,147,-29.280065536499023,-31.688671112060547,1
Amanda has sold.,Amanda has dropped by.,syntax,argument_structure,drop_argument,True,False,False,False,148,-25.293949127197266,-31.087238311767578,1
Many students' mentees bought.,Many students' mentees dropped by.,syntax,argument_structure,drop_argument,True,False,False,False,149,-51.16819381713867,-58.325286865234375,1
Bradley hadn't passed.,Bradley hadn't argued about.,syntax,argument_structure,drop_argument,True,False,False,False,150,-28.029356002807617,-38.7813720703125,1
Ruth's daughters forget.,Ruth's daughters reveal.,syntax,argument_structure,drop_argument,True,False,False,False,151,-38.91950225830078,-41.583251953125,1
Naomi's ex-boyfriends descend.,Naomi's ex-boyfriends liked.,syntax,argument_structure,drop_argument,True,False,False,False,152,-65.517822265625,-63.42589569091797,0
These boys' guests pass.,These boys' guests fired.,syntax,argument_structure,drop_argument,True,False,False,False,153,-37.63828659057617,-37.68125534057617,1
Rachel's girlfriend ascends.,Rachel's girlfriend dropped by.,syntax,argument_structure,drop_argument,True,False,False,False,154,-38.811607360839844,-35.854766845703125,0
Suzanne had cleaned.,Suzanne had concealed.,syntax,argument_structure,drop_argument,True,False,False,False,155,-32.903934478759766,-32.872161865234375,0
Rose buys.,Rose resembles.,syntax,argument_structure,drop_argument,True,False,False,False,156,-15.393424987792969,-18.15816307067871,1
Alan's doctor can't attack.,Alan's doctor can't wear.,syntax,argument_structure,drop_argument,True,False,False,False,157,-32.3074951171875,-30.817398071289062,0
Benjamin sells.,Benjamin escaped from.,syntax,argument_structure,drop_argument,True,False,False,False,158,-26.558929443359375,-31.139514923095703,1
A lot of boys explored.,A lot of boys lifted.,syntax,argument_structure,drop_argument,True,False,False,False,159,-35.99907302856445,-33.66083526611328,0
Lucille's lawyer sees.,Lucille's lawyer returns to.,syntax,argument_structure,drop_argument,True,False,False,False,160,-38.0593376159668,-40.859256744384766,1
Those hospitals buy.,Those hospitals liked.,syntax,argument_structure,drop_argument,True,False,False,False,161,-29.0194149017334,-27.876638412475586,0
Nancy descended.,Nancy lifts.,syntax,argument_structure,drop_argument,True,False,False,False,162,-25.716033935546875,-24.413509368896484,0
Valerie skates around.,Valerie complains about.,syntax,argument_structure,drop_argument,True,False,False,False,163,-35.452308654785156,-32.151527404785156,0
Ella could attack.,Ella could drop by.,syntax,argument_structure,drop_argument,True,False,False,False,164,-30.493892669677734,-36.657257080078125,1
Martin hasn't left.,Martin hasn't arrived at.,syntax,argument_structure,drop_argument,True,False,False,False,165,-20.610122680664062,-29.162717819213867,1
Kevin investigates.,Kevin boasts about.,syntax,argument_structure,drop_argument,True,False,False,False,166,-16.896583557128906,-24.27143669128418,1
Ronald's employees run around.,Ronald's employees fire.,syntax,argument_structure,drop_argument,True,False,False,False,167,-44.15838623046875,-40.370330810546875,0
Wayne's ex-wife bought.,Wayne's ex-wife disagreed with.,syntax,argument_structure,drop_argument,True,False,False,False,168,-47.35905456542969,-54.39826202392578,1
Jennifer ran around.,Jennifer goes to.,syntax,argument_structure,drop_argument,True,False,False,False,169,-18.664873123168945,-15.346014022827148,0
All dancers watch.,All dancers concealed.,syntax,argument_structure,drop_argument,True,False,False,False,170,-25.45938491821289,-28.379310607910156,1
Many doctors passed.,Many doctors dropped by.,syntax,argument_structure,drop_argument,True,False,False,False,171,-24.078426361083984,-31.52855110168457,1
Dana's guest passes.,Dana's guest revealed.,syntax,argument_structure,drop_argument,True,False,False,False,172,-38.612144470214844,-41.45945739746094,1
Becky could skate around.,Becky could care for.,syntax,argument_structure,drop_argument,True,False,False,False,173,-32.96516036987305,-31.36176300048828,0
Wayne climbed down.,Wayne sounded like.,syntax,argument_structure,drop_argument,True,False,False,False,174,-22.869476318359375,-24.769174575805664,1
This child observes.,This child disagrees with.,syntax,argument_structure,drop_argument,True,False,False,False,175,-26.274267196655273,-31.470447540283203,1
Those organizations buy.,Those organizations fire.,syntax,argument_structure,drop_argument,True,False,False,False,176,-27.854093551635742,-25.124774932861328,0
Linda had climbed up.,Linda had looked like.,syntax,argument_structure,drop_argument,True,False,False,False,177,-27.098114013671875,-29.452543258666992,1
Stacey attacked.,Stacey wears.,syntax,argument_structure,drop_argument,True,False,False,False,178,-25.573001861572266,-26.264389038085938,1
Kristen's piano teachers had climbed up.,Kristen's piano teachers had revealed.,syntax,argument_structure,drop_argument,True,False,False,False,179,-54.27249526977539,-53.46800231933594,0
Margaret exits.,Margaret dislikes.,syntax,argument_structure,drop_argument,True,False,False,False,180,-24.951013565063477,-33.29404830932617,1
David wouldn't sell.,David wouldn't argue about.,syntax,argument_structure,drop_argument,True,False,False,False,181,-19.473737716674805,-25.254291534423828,1
A lot of waiters' best friend watches.,A lot of waiters' best friend references.,syntax,argument_structure,drop_argument,True,False,False,False,182,-64.26924133300781,-65.8362808227539,1
Connie climbs up.,Connie talked to.,syntax,argument_structure,drop_argument,True,False,False,False,183,-23.139009475708008,-25.616119384765625,1
Catherine wasn't watching.,Catherine wasn't admiring.,syntax,argument_structure,drop_argument,True,False,False,False,184,-30.244850158691406,-37.51936340332031,1
Bradley visits.,Bradley examines.,syntax,argument_structure,drop_argument,True,False,False,False,185,-22.213560104370117,-23.924278259277344,1
Sandra cleans.,Sandra liked.,syntax,argument_structure,drop_argument,True,False,False,False,186,-28.2567138671875,-24.68255615234375,0
Ann can't watch.,Ann can't work with.,syntax,argument_structure,drop_argument,True,False,False,False,187,-17.96329116821289,-23.28711700439453,1
Senators remember.,Senators found.,syntax,argument_structure,drop_argument,True,False,False,False,188,-25.944650650024414,-23.688697814941406,0
Travis can't see.,Travis can't bike to.,syntax,argument_structure,drop_argument,True,False,False,False,189,-27.06210708618164,-39.16371154785156,1
Lissa hadn't skated around.,Lissa hadn't complained about.,syntax,argument_structure,drop_argument,True,False,False,False,190,-46.99127960205078,-38.851654052734375,0
Every actor is exiting.,Every actor is lifting.,syntax,argument_structure,drop_argument,True,False,False,False,191,-31.3780517578125,-29.42424774169922,0
Monet climbs up.,Monet fled from.,syntax,argument_structure,drop_argument,True,False,False,False,192,-23.499637603759766,-30.103052139282227,1
Suzanne's mentees were investigating.,Suzanne's mentees were driving to.,syntax,argument_structure,drop_argument,True,False,False,False,193,-57.57707595825195,-62.603759765625,1
A cashier skated around.,A cashier worked with.,syntax,argument_structure,drop_argument,True,False,False,False,194,-46.867061614990234,-38.080772399902344,0
The Impressionists' friends are touring.,The Impressionists' friends are escaping from.,syntax,argument_structure,drop_argument,True,False,False,False,195,-61.936126708984375,-67.87593078613281,1
Sandra sees.,Sandra biked to.,syntax,argument_structure,drop_argument,True,False,False,False,196,-25.243450164794922,-39.83636474609375,1
The granddaughter of these people hasn't sold.,The granddaughter of these people hasn't argued about.,syntax,argument_structure,drop_argument,True,False,False,False,197,-44.662078857421875,-54.21504592895508,1
Tina wasn't running around.,Tina wasn't finding.,syntax,argument_structure,drop_argument,True,False,False,False,198,-33.519752502441406,-31.809661865234375,0
Paula's daughters had passed.,Paula's daughters had examined.,syntax,argument_structure,drop_argument,True,False,False,False,199,-38.482810974121094,-42.417503356933594,1
Those boys run around.,Those boys disagreed with.,syntax,argument_structure,drop_argument,True,False,False,False,200,-25.779151916503906,-30.920833587646484,1
A teacher ascends.,A teacher goes to.,syntax,argument_structure,drop_argument,True,False,False,False,201,-34.10868835449219,-24.451208114624023,0
Keith watches.,Keith sounds like.,syntax,argument_structure,drop_argument,True,False,False,False,202,-14.361078262329102,-16.206790924072266,1
Those granddaughters of Timothy do remember.,Those granddaughters of Timothy do scare.,syntax,argument_structure,drop_argument,True,False,False,False,203,-61.002410888671875,-65.45745849609375,1
Every teenager skates around.,Every teenager looked like.,syntax,argument_structure,drop_argument,True,False,False,False,204,-38.699649810791016,-28.992721557617188,0
Mary would investigate.,Mary would complain about.,syntax,argument_structure,drop_argument,True,False,False,False,205,-19.052772521972656,-23.554744720458984,1
Alice's classmates ascended.,Alice's classmates went to.,syntax,argument_structure,drop_argument,True,False,False,False,206,-33.14887619018555,-31.2373104095459,0
Those schools were helping.,Those schools were referencing.,syntax,argument_structure,drop_argument,True,False,False,False,207,-26.452659606933594,-32.199424743652344,1
Bethany will watch.,Bethany will arrive at.,syntax,argument_structure,drop_argument,True,False,False,False,208,-33.75121307373047,-41.64854049682617,1
Andrew's plumber wasn't watching.,Andrew's plumber wasn't firing.,syntax,argument_structure,drop_argument,True,False,False,False,209,-42.616416931152344,-43.92303466796875,1
Lucille loved.,Lucille dislikes.,syntax,argument_structure,drop_argument,True,False,False,False,210,-23.779415130615234,-33.291786193847656,1
Janet had bought.,Janet had fired.,syntax,argument_structure,drop_argument,True,False,False,False,211,-26.059486389160156,-24.866466522216797,0
Every girl's electrician could explore.,Every girl's electrician could argue about.,syntax,argument_structure,drop_argument,True,False,False,False,212,-52.57566833496094,-57.696510314941406,1
That committee will forget.,That committee will like.,syntax,argument_structure,drop_argument,True,False,False,False,213,-28.347244262695312,-28.790477752685547,1
Valerie cleaned.,Valerie drops by.,syntax,argument_structure,drop_argument,True,False,False,False,214,-25.684612274169922,-31.59349822998047,1
Marie's mentor climbs up.,Marie's mentor talks to.,syntax,argument_structure,drop_argument,True,False,False,False,215,-35.47987365722656,-35.996482849121094,1
Julia's podiatrists forget.,Julia's podiatrists respect.,syntax,argument_structure,drop_argument,True,False,False,False,216,-63.438377380371094,-63.719879150390625,1
Many girls know.,Many girls respected.,syntax,argument_structure,drop_argument,True,False,False,False,217,-19.462318420410156,-24.46257781982422,1
Travis's grandmother sees.,Travis's grandmother drops by.,syntax,argument_structure,drop_argument,True,False,False,False,218,-42.55331039428711,-48.126800537109375,1
An actress might explore.,An actress might work with.,syntax,argument_structure,drop_argument,True,False,False,False,219,-35.10917282104492,-37.80833435058594,1
Some actors help.,Some actors reference.,syntax,argument_structure,drop_argument,True,False,False,False,220,-22.704097747802734,-24.847949981689453,1
Veronica wasn't leaving.,Veronica wasn't concealing.,syntax,argument_structure,drop_argument,True,False,False,False,221,-35.86219787597656,-46.03349685668945,1
The daughter of that teacher approaches.,The daughter of that teacher wore.,syntax,argument_structure,drop_argument,True,False,False,False,222,-40.565582275390625,-39.26023864746094,0
Many companies forget.,Many companies fire.,syntax,argument_structure,drop_argument,True,False,False,False,223,-24.522136688232422,-23.718727111816406,0
That daughter of Melanie might help.,That daughter of Melanie might talk about.,syntax,argument_structure,drop_argument,True,False,False,False,224,-43.6351318359375,-46.5755500793457,1
Laura watched.,Laura scares.,syntax,argument_structure,drop_argument,True,False,False,False,225,-15.677545547485352,-17.00654411315918,1
Sabrina shouldn't help.,Sabrina shouldn't sound like.,syntax,argument_structure,drop_argument,True,False,False,False,226,-28.122108459472656,-34.609703063964844,1
Carmen might run around.,Carmen might dislike.,syntax,argument_structure,drop_argument,True,False,False,False,227,-36.36250686645508,-36.18106460571289,0
Colleen forgets.,Colleen bikes to.,syntax,argument_structure,drop_argument,True,False,False,False,228,-27.97357177734375,-33.42522048950195,1
That mother of Brett skated around.,That mother of Brett disagreed with.,syntax,argument_structure,drop_argument,True,False,False,False,229,-52.503875732421875,-48.285179138183594,0
Allison's ex-wives haven't sold.,Allison's ex-wives haven't cured.,syntax,argument_structure,drop_argument,True,False,False,False,230,-59.46729278564453,-61.29857635498047,1
David hasn't known.,David hasn't found.,syntax,argument_structure,drop_argument,True,False,False,False,231,-22.08838653564453,-21.845073699951172,0
Maria's dentists investigate.,Maria's dentists went to.,syntax,argument_structure,drop_argument,True,False,False,False,232,-41.99688720703125,-42.15507125854492,1
Carrie descended.,Carrie bikes to.,syntax,argument_structure,drop_argument,True,False,False,False,233,-24.975337982177734,-33.63093948364258,1
Donald buys.,Donald went to.,syntax,argument_structure,drop_argument,True,False,False,False,234,-16.341054916381836,-16.495187759399414,1
Julia visits.,Julia concealed.,syntax,argument_structure,drop_argument,True,False,False,False,235,-21.34039306640625,-23.15072250366211,1
Christopher hadn't attacked.,Christopher hadn't revealed.,syntax,argument_structure,drop_argument,True,False,False,False,236,-24.554039001464844,-23.93307113647461,0
Gregory was running around.,Gregory was boasting about.,syntax,argument_structure,drop_argument,True,False,False,False,237,-27.373781204223633,-37.14733123779297,1
Beverly runs around.,Beverly examined.,syntax,argument_structure,drop_argument,True,False,False,False,238,-34.60818099975586,-30.16402816772461,0
Those cousins of Becca watch.,Those cousins of Becca examine.,syntax,argument_structure,drop_argument,True,False,False,False,239,-49.49195861816406,-53.9351921081543,1
Sally tours.,Sally returns to.,syntax,argument_structure,drop_argument,True,False,False,False,240,-22.20238494873047,-25.479862213134766,1
Rebecca skates around.,Rebecca liked.,syntax,argument_structure,drop_argument,True,False,False,False,241,-34.760711669921875,-23.612350463867188,0
Claire investigated.,Claire biked to.,syntax,argument_structure,drop_argument,True,False,False,False,242,-26.24459457397461,-40.212890625,1
Guy's doctors investigate.,Guy's doctors complain about.,syntax,argument_structure,drop_argument,True,False,False,False,243,-29.986988067626953,-34.385108947753906,1
Catherine had explored.,Catherine had examined.,syntax,argument_structure,drop_argument,True,False,False,False,244,-29.31365203857422,-28.260303497314453,0
Dan's friend bought.,Dan's friend talked about.,syntax,argument_structure,drop_argument,True,False,False,False,245,-28.69382095336914,-29.77620506286621,1
That grandmother of Derek is skated around.,That grandmother of Derek is biking to.,syntax,argument_structure,drop_argument,True,False,False,False,246,-59.563899993896484,-57.730865478515625,0
Sherry hadn't helped.,Sherry hadn't admired.,syntax,argument_structure,drop_argument,True,False,False,False,247,-36.685367584228516,-37.621280670166016,1
Paula hadn't attacked.,Paula hadn't disliked.,syntax,argument_structure,drop_argument,True,False,False,False,248,-31.236202239990234,-31.186649322509766,0
The guest sold.,The guest resembles.,syntax,argument_structure,drop_argument,True,False,False,False,249,-23.654254913330078,-26.552194595336914,1
Marla's cousin did love.,Marla's cousin did wear.,syntax,argument_structure,drop_argument,True,False,False,False,250,-40.730918884277344,-42.64353942871094,1
Deborah left.,Deborah lifts.,syntax,argument_structure,drop_argument,True,False,False,False,251,-24.218841552734375,-28.102252960205078,1
Travis hadn't climbed down.,Travis hadn't complained about.,syntax,argument_structure,drop_argument,True,False,False,False,252,-40.50674819946289,-41.897769927978516,1
All actors climb down.,All actors reveal.,syntax,argument_structure,drop_argument,True,False,False,False,253,-28.595623016357422,-28.706256866455078,1
Sarah's lawyers can't descend.,Sarah's lawyers can't bike to.,syntax,argument_structure,drop_argument,True,False,False,False,254,-37.17055892944336,-41.648338317871094,1
Guests saw.,Guests looked like.,syntax,argument_structure,drop_argument,True,False,False,False,255,-25.531009674072266,-29.182018280029297,1
April wasn't watching.,April wasn't biking to.,syntax,argument_structure,drop_argument,True,False,False,False,256,-22.363027572631836,-34.80546188354492,1
Some granddaughters of Elaine ascend.,Some granddaughters of Elaine complained about.,syntax,argument_structure,drop_argument,True,False,False,False,257,-57.065006256103516,-60.146846771240234,1
Paul knows.,Paul walked through.,syntax,argument_structure,drop_argument,True,False,False,False,258,-12.965958595275879,-20.155899047851562,1
That teenager could pass.,That teenager could admire.,syntax,argument_structure,drop_argument,True,False,False,False,259,-30.423023223876953,-34.42670822143555,1
Judy is leaving.,Judy is wearing.,syntax,argument_structure,drop_argument,True,False,False,False,260,-22.010147094726562,-22.32280731201172,1
Tracy's tutor attacks.,Tracy's tutor drove to.,syntax,argument_structure,drop_argument,True,False,False,False,261,-40.623748779296875,-45.873863220214844,1
April helped.,April disliked.,syntax,argument_structure,drop_argument,True,False,False,False,262,-14.946501731872559,-15.812213897705078,1
The waitresses' granddaughters are passing.,The waitresses' granddaughters are going to.,syntax,argument_structure,drop_argument,True,False,False,False,263,-74.00873565673828,-74.37309265136719,1
Bruce runs around.,Bruce cured.,syntax,argument_structure,drop_argument,True,False,False,False,264,-17.288162231445312,-16.44704818725586,0
Todd had cleaned.,Todd had argued about.,syntax,argument_structure,drop_argument,True,False,False,False,265,-18.922943115234375,-28.37873077392578,1
Patrick approaches.,Patrick cures.,syntax,argument_structure,drop_argument,True,False,False,False,266,-14.338592529296875,-15.22148323059082,1
These waitresses exit.,These waitresses resembled.,syntax,argument_structure,drop_argument,True,False,False,False,267,-38.8546142578125,-42.18730926513672,1
Jason's associate ascended.,Jason's associate talks about.,syntax,argument_structure,drop_argument,True,False,False,False,268,-32.48509216308594,-33.03746032714844,1
Dennis's tutors leave.,Dennis's tutors arrive at.,syntax,argument_structure,drop_argument,True,False,False,False,269,-44.296043395996094,-51.359291076660156,1
Those grandmothers of Grace couldn't explore.,Those grandmothers of Grace couldn't find.,syntax,argument_structure,drop_argument,True,False,False,False,270,-55.07803726196289,-51.58893585205078,0
Monet sells.,Monet disagrees with.,syntax,argument_structure,drop_argument,True,False,False,False,271,-24.206893920898438,-29.47317886352539,1
Carol's supervisors have observed.,Carol's supervisors have concealed.,syntax,argument_structure,drop_argument,True,False,False,False,272,-49.022674560546875,-49.40991973876953,1
Edward's associates tour.,Edward's associates escaped from.,syntax,argument_structure,drop_argument,True,False,False,False,273,-31.498207092285156,-37.55219268798828,1
Rachel wasn't observing.,Rachel wasn't arguing about.,syntax,argument_structure,drop_argument,True,False,False,False,274,-25.431865692138672,-27.71119499206543,1
Those guests would descend.,Those guests would scare.,syntax,argument_structure,drop_argument,True,False,False,False,275,-29.652942657470703,-29.57701873779297,0
Joel hadn't climbed down.,Joel hadn't fled from.,syntax,argument_structure,drop_argument,True,False,False,False,276,-34.6775016784668,-38.832191467285156,1
Jennifer isn't investigating.,Jennifer isn't curing.,syntax,argument_structure,drop_argument,True,False,False,False,277,-23.860273361206055,-26.422197341918945,1
Nancy's friends watch.,Nancy's friends disagreed with.,syntax,argument_structure,drop_argument,True,False,False,False,278,-36.18327713012695,-45.51011276245117,1
Robert didn't sell.,Robert didn't flee from.,syntax,argument_structure,drop_argument,True,False,False,False,279,-17.715408325195312,-27.27911376953125,1
George's students forget.,George's students examined.,syntax,argument_structure,drop_argument,True,False,False,False,280,-28.819124221801758,-30.069232940673828,1
Edward's father saw.,Edward's father cared for.,syntax,argument_structure,drop_argument,True,False,False,False,281,-24.973037719726562,-29.56578254699707,1
Charles's hairdresser is investigating.,Charles's hairdresser is biking to.,syntax,argument_structure,drop_argument,True,False,False,False,282,-49.010231018066406,-60.32862854003906,1
Most adults hadn't helped.,Most adults hadn't talked about.,syntax,argument_structure,drop_argument,True,False,False,False,283,-34.51493453979492,-35.46881103515625,1
Those people remember.,Those people complained about.,syntax,argument_structure,drop_argument,True,False,False,False,284,-16.904556274414062,-26.190683364868164,1
Karen wasn't skated around.,Karen wasn't escaping from.,syntax,argument_structure,drop_argument,True,False,False,False,285,-41.94132995605469,-35.2520866394043,0
Emily watches.,Emily respects.,syntax,argument_structure,drop_argument,True,False,False,False,286,-12.878217697143555,-15.527908325195312,1
Tiffany's doctor descended.,Tiffany's doctor fled from.,syntax,argument_structure,drop_argument,True,False,False,False,287,-49.13604736328125,-54.84162139892578,1
Janice can't love.,Janice can't cure.,syntax,argument_structure,drop_argument,True,False,False,False,288,-24.650310516357422,-27.600831985473633,1
All fathers of Erin ran around.,All fathers of Erin drop by.,syntax,argument_structure,drop_argument,True,False,False,False,289,-45.10857391357422,-49.20982360839844,1
The Impressionists love.,The Impressionists care for.,syntax,argument_structure,drop_argument,True,False,False,False,290,-40.686954498291016,-47.70903396606445,1
Brad left.,Brad dislikes.,syntax,argument_structure,drop_argument,True,False,False,False,291,-12.524889945983887,-24.028423309326172,1
Carol visited.,Carol concealed.,syntax,argument_structure,drop_argument,True,False,False,False,292,-25.97570037841797,-24.63005828857422,0
Ruth helps.,Ruth talked to.,syntax,argument_structure,drop_argument,True,False,False,False,293,-23.720680236816406,-25.225566864013672,1
The cashier had seen.,The cashier had examined.,syntax,argument_structure,drop_argument,True,False,False,False,294,-29.501192092895508,-35.226531982421875,1
All patients' granddaughter would run around.,All patients' granddaughter would conceal.,syntax,argument_structure,drop_argument,True,False,False,False,295,-51.980491638183594,-52.170814514160156,1
Wendy did remember.,Wendy did care for.,syntax,argument_structure,drop_argument,True,False,False,False,296,-29.495277404785156,-36.74736022949219,1
Omar's grandsons bought.,Omar's grandsons fled from.,syntax,argument_structure,drop_argument,True,False,False,False,297,-55.72105407714844,-62.088035583496094,1
Tina climbed up.,Tina fired.,syntax,argument_structure,drop_argument,True,False,False,False,298,-23.76572036743164,-22.276172637939453,0
Most cats shouldn't ascend.,Most cats shouldn't resemble.,syntax,argument_structure,drop_argument,True,False,False,False,299,-36.5441780090332,-36.63913345336914,1
Dan's brothers clean.,Dan's brothers boasted about.,syntax,argument_structure,drop_argument,True,False,False,False,300,-26.96338653564453,-37.17622375488281,1
Heather might investigate.,Heather might argue about.,syntax,argument_structure,drop_argument,True,False,False,False,301,-32.38873291015625,-37.76062774658203,1
Rachel won't observe.,Rachel won't arrive at.,syntax,argument_structure,drop_argument,True,False,False,False,302,-21.301294326782227,-25.22587013244629,1
Craig hadn't seen.,Craig hadn't escaped from.,syntax,argument_structure,drop_argument,True,False,False,False,303,-18.04180908203125,-28.687442779541016,1
Stephen isn't climbing down.,Stephen isn't wearing.,syntax,argument_structure,drop_argument,True,False,False,False,304,-25.705909729003906,-22.915691375732422,0
Diana's partners descend.,Diana's partners went to.,syntax,argument_structure,drop_argument,True,False,False,False,305,-42.757835388183594,-41.93018341064453,0
Kathleen hadn't helped.,Kathleen hadn't cured.,syntax,argument_structure,drop_argument,True,False,False,False,306,-41.091529846191406,-42.18378448486328,1
Alexander exits.,Alexander sounds like.,syntax,argument_structure,drop_argument,True,False,False,False,307,-15.041484832763672,-16.800382614135742,1
Rachelle's teacher observes.,Rachelle's teacher looks like.,syntax,argument_structure,drop_argument,True,False,False,False,308,-42.89812469482422,-39.394874572753906,0
Kirsten descended.,Kirsten looked like.,syntax,argument_structure,drop_argument,True,False,False,False,309,-32.78114318847656,-34.013938903808594,1
Walter's senators investigate.,Walter's senators argue about.,syntax,argument_structure,drop_argument,True,False,False,False,310,-41.48064422607422,-47.25297546386719,1
Larry observes.,Larry scared.,syntax,argument_structure,drop_argument,True,False,False,False,311,-15.919851303100586,-14.345534324645996,0
Marie can love.,Marie can walk through.,syntax,argument_structure,drop_argument,True,False,False,False,312,-17.414588928222656,-22.774585723876953,1
Rachel climbs down.,Rachel resembled.,syntax,argument_structure,drop_argument,True,False,False,False,313,-15.84886360168457,-18.214691162109375,1
Some doctor descends.,Some doctor resembled.,syntax,argument_structure,drop_argument,True,False,False,False,314,-31.710752487182617,-26.943763732910156,0
Nicole wasn't descending.,Nicole wasn't returning to.,syntax,argument_structure,drop_argument,True,False,False,False,315,-34.64452362060547,-36.706817626953125,1
Derek's guests had seen.,Derek's guests had lifted.,syntax,argument_structure,drop_argument,True,False,False,False,316,-40.191070556640625,-45.256324768066406,1
All sons of April run around.,All sons of April walk through.,syntax,argument_structure,drop_argument,True,False,False,False,317,-41.46449661254883,-43.758846282958984,1
Every actor's lawyers love.,Every actor's lawyers worked with.,syntax,argument_structure,drop_argument,True,False,False,False,318,-39.348846435546875,-44.80837631225586,1
Most nieces of Kayla clean.,Most nieces of Kayla drop by.,syntax,argument_structure,drop_argument,True,False,False,False,319,-56.806304931640625,-64.80601501464844,1
The Impressionists climb down.,The Impressionists talked about.,syntax,argument_structure,drop_argument,True,False,False,False,320,-45.33695602416992,-44.173675537109375,0
Craig remembers.,Craig found.,syntax,argument_structure,drop_argument,True,False,False,False,321,-15.67072868347168,-14.905960083007812,0
The schools forget.,The schools conceal.,syntax,argument_structure,drop_argument,True,False,False,False,322,-25.104496002197266,-29.08930015563965,1
Those actresses were passing.,Those actresses were arguing about.,syntax,argument_structure,drop_argument,True,False,False,False,323,-30.226947784423828,-38.63279724121094,1
A lot of waitresses climb down.,A lot of waitresses talked about.,syntax,argument_structure,drop_argument,True,False,False,False,324,-50.45775604248047,-50.35780334472656,0
Lisa's girlfriend doesn't ascend.,Lisa's girlfriend doesn't argue about.,syntax,argument_structure,drop_argument,True,False,False,False,325,-37.24411392211914,-39.32661819458008,1
Candice has sold.,Candice has walked through.,syntax,argument_structure,drop_argument,True,False,False,False,326,-25.49972915649414,-32.57942199707031,1
Brad was leaving.,Brad was fleeing from.,syntax,argument_structure,drop_argument,True,False,False,False,327,-15.68034553527832,-25.92254638671875,1
William exits.,William liked.,syntax,argument_structure,drop_argument,True,False,False,False,328,-14.82136344909668,-13.545675277709961,0
Holly wasn't touring.,Holly wasn't curing.,syntax,argument_structure,drop_argument,True,False,False,False,329,-34.84447479248047,-35.821678161621094,1
Brett would see.,Brett would dislike.,syntax,argument_structure,drop_argument,True,False,False,False,330,-24.327579498291016,-29.68565559387207,1
Tara's ex-girlfriends do visit.,Tara's ex-girlfriends do lift.,syntax,argument_structure,drop_argument,True,False,False,False,331,-62.41957092285156,-62.81886291503906,1
An actress could clean.,An actress could drop by.,syntax,argument_structure,drop_argument,True,False,False,False,332,-32.54425048828125,-38.84937286376953,1
Debra's supervisor buys.,Debra's supervisor walks through.,syntax,argument_structure,drop_argument,True,False,False,False,333,-42.301788330078125,-44.95310974121094,1
Tammy's piano teachers forget.,Tammy's piano teachers conceal.,syntax,argument_structure,drop_argument,True,False,False,False,334,-45.690853118896484,-51.86713790893555,1
Marla ascended.,Marla drove to.,syntax,argument_structure,drop_argument,True,False,False,False,335,-24.720027923583984,-28.401113510131836,1
Derek's ex-husband watches.,Derek's ex-husband admired.,syntax,argument_structure,drop_argument,True,False,False,False,336,-48.68111801147461,-51.721439361572266,1
Dawn wasn't buying.,Dawn wasn't going to.,syntax,argument_structure,drop_argument,True,False,False,False,337,-33.890655517578125,-31.518648147583008,0
Rachelle approached.,Rachelle resembles.,syntax,argument_structure,drop_argument,True,False,False,False,338,-25.354400634765625,-28.60529327392578,1
Bill hadn't watched.,Bill hadn't worked with.,syntax,argument_structure,drop_argument,True,False,False,False,339,-21.64278221130371,-26.478816986083984,1
George won't climb up.,George won't argue about.,syntax,argument_structure,drop_argument,True,False,False,False,340,-18.592506408691406,-23.612438201904297,1
Tamara had climbed up.,Tamara had admired.,syntax,argument_structure,drop_argument,True,False,False,False,341,-29.682044982910156,-27.906906127929688,0
Anne forgot.,Anne sounded like.,syntax,argument_structure,drop_argument,True,False,False,False,342,-11.73568344116211,-18.294841766357422,1
These grandfathers of these waiters skated around.,These grandfathers of these waiters arrived at.,syntax,argument_structure,drop_argument,True,False,False,False,343,-73.37531280517578,-65.90129089355469,0
Eric's French teachers had climbed down.,Eric's French teachers had examined.,syntax,argument_structure,drop_argument,True,False,False,False,344,-45.201316833496094,-43.402496337890625,0
Pamela's podiatrists were visiting.,Pamela's podiatrists were examining.,syntax,argument_structure,drop_argument,True,False,False,False,345,-78.60099792480469,-80.54498291015625,1
The nieces of the driver pass.,The nieces of the driver walk through.,syntax,argument_structure,drop_argument,True,False,False,False,346,-49.75056457519531,-56.35113525390625,1
Caroline attacks.,Caroline listened to.,syntax,argument_structure,drop_argument,True,False,False,False,347,-23.605731964111328,-28.81734848022461,1
The waiter's mentor hadn't climbed up.,The waiter's mentor hadn't escaped from.,syntax,argument_structure,drop_argument,True,False,False,False,348,-55.3980827331543,-57.531532287597656,1
Lori climbed up.,Lori works with.,syntax,argument_structure,drop_argument,True,False,False,False,349,-27.000934600830078,-29.385433197021484,1
Bruce passed.,Bruce concealed.,syntax,argument_structure,drop_argument,True,False,False,False,350,-14.924975395202637,-16.54421043395996,1
Some actors leave.,Some actors lifted.,syntax,argument_structure,drop_argument,True,False,False,False,351,-23.030193328857422,-26.097335815429688,1
Todd's sisters have ascended.,Todd's sisters have talked about.,syntax,argument_structure,drop_argument,True,False,False,False,352,-37.704856872558594,-35.84894561767578,0
A woman toured.,A woman resembles.,syntax,argument_structure,drop_argument,True,False,False,False,353,-26.352821350097656,-28.024263381958008,1
Patients buy.,Patients concealed.,syntax,argument_structure,drop_argument,True,False,False,False,354,-29.292848587036133,-28.226787567138672,0
Jessica's dentist observed.,Jessica's dentist disagreed with.,syntax,argument_structure,drop_argument,True,False,False,False,355,-34.19977569580078,-40.67401885986328,1
Brett had bought.,Brett had walked through.,syntax,argument_structure,drop_argument,True,False,False,False,356,-27.47921371459961,-32.61336898803711,1
Catherine skated around.,Catherine listened to.,syntax,argument_structure,drop_argument,True,False,False,False,357,-35.46388626098633,-28.90827178955078,0
Alan forgot.,Alan resembles.,syntax,argument_structure,drop_argument,True,False,False,False,358,-14.566896438598633,-18.149505615234375,1
Melinda is skated around.,Melinda is biking to.,syntax,argument_structure,drop_argument,True,False,False,False,359,-38.47365951538086,-36.25605392456055,0
John skated around.,John talked to.,syntax,argument_structure,drop_argument,True,False,False,False,360,-26.615219116210938,-18.492223739624023,0
Tammy watches.,Tammy respects.,syntax,argument_structure,drop_argument,True,False,False,False,361,-18.654781341552734,-21.406675338745117,1
Veronica's daughter left.,Veronica's daughter scared.,syntax,argument_structure,drop_argument,True,False,False,False,362,-38.038333892822266,-39.139591217041016,1
That mother of every man exited.,That mother of every man wore.,syntax,argument_structure,drop_argument,True,False,False,False,363,-45.17974090576172,-40.26255798339844,0
Becky's best friend ascended.,Becky's best friend listened to.,syntax,argument_structure,drop_argument,True,False,False,False,364,-42.414546966552734,-43.860076904296875,1
The Impressionists were attacking.,The Impressionists were wearing.,syntax,argument_structure,drop_argument,True,False,False,False,365,-44.60777282714844,-45.59241485595703,1
Emily would pass.,Emily would argue about.,syntax,argument_structure,drop_argument,True,False,False,False,366,-16.29088592529297,-24.269145965576172,1
Lisa's ex-wife hadn't seen.,Lisa's ex-wife hadn't driven to.,syntax,argument_structure,drop_argument,True,False,False,False,367,-42.89896774291992,-54.39877700805664,1
Mark ascends.,Mark found.,syntax,argument_structure,drop_argument,True,False,False,False,368,-24.92731475830078,-13.658620834350586,0
Kendra tours.,Kendra reveals.,syntax,argument_structure,drop_argument,True,False,False,False,369,-26.527616500854492,-26.85544776916504,1
Cynthia doesn't climb down.,Cynthia doesn't reference.,syntax,argument_structure,drop_argument,True,False,False,False,370,-45.475067138671875,-45.33502197265625,0
Angela is exploring.,Angela is dropping by.,syntax,argument_structure,drop_argument,True,False,False,False,371,-25.84339141845703,-32.161224365234375,1
Homer ascended.,Homer admires.,syntax,argument_structure,drop_argument,True,False,False,False,372,-26.51255226135254,-33.60425567626953,1
Eva climbs up.,Eva boasted about.,syntax,argument_structure,drop_argument,True,False,False,False,373,-17.24527931213379,-21.99830436706543,1
Rachel's ex-wives sell.,Rachel's ex-wives listened to.,syntax,argument_structure,drop_argument,True,False,False,False,374,-42.995643615722656,-46.761314392089844,1
Debra has ascended.,Debra has arrived at.,syntax,argument_structure,drop_argument,True,False,False,False,375,-29.704593658447266,-32.884029388427734,1
Rodney hasn't skated around.,Rodney hasn't admired.,syntax,argument_structure,drop_argument,True,False,False,False,376,-43.66254425048828,-33.03258514404297,0
Andrew hasn't left.,Andrew hasn't resembled.,syntax,argument_structure,drop_argument,True,False,False,False,377,-20.748533248901367,-27.649742126464844,1
Maria visits.,Maria biked to.,syntax,argument_structure,drop_argument,True,False,False,False,378,-15.749388694763184,-29.599557876586914,1
Tina does know.,Tina does talk about.,syntax,argument_structure,drop_argument,True,False,False,False,379,-25.331470489501953,-29.2867431640625,1
Keith's electrician exited.,Keith's electrician listened to.,syntax,argument_structure,drop_argument,True,False,False,False,380,-41.3565788269043,-44.25292205810547,1
Barbara isn't attacking.,Barbara isn't driving to.,syntax,argument_structure,drop_argument,True,False,False,False,381,-32.607154846191406,-35.97538375854492,1
A lot of granddaughters of Peter clean.,A lot of granddaughters of Peter walked through.,syntax,argument_structure,drop_argument,True,False,False,False,382,-60.81840896606445,-65.06971740722656,1
Some banks buy.,Some banks talked about.,syntax,argument_structure,drop_argument,True,False,False,False,383,-28.134431838989258,-28.897048950195312,1
Tammy's grandsons observe.,Tammy's grandsons concealed.,syntax,argument_structure,drop_argument,True,False,False,False,384,-49.98870086669922,-49.108062744140625,0
This waitress attacked.,This waitress admires.,syntax,argument_structure,drop_argument,True,False,False,False,385,-27.699886322021484,-35.029930114746094,1
Elaine's classmate toured.,Elaine's classmate cured.,syntax,argument_structure,drop_argument,True,False,False,False,386,-46.521446228027344,-44.97309112548828,0
Eva isn't ascending.,Eva isn't concealing.,syntax,argument_structure,drop_argument,True,False,False,False,387,-25.073862075805664,-32.3592529296875,1
A man did attack.,A man did cure.,syntax,argument_structure,drop_argument,True,False,False,False,388,-26.842926025390625,-27.88207244873047,1
Linda exits.,Linda arrives at.,syntax,argument_structure,drop_argument,True,False,False,False,389,-25.094797134399414,-29.247177124023438,1
Barbara bought.,Barbara lifts.,syntax,argument_structure,drop_argument,True,False,False,False,390,-22.980785369873047,-24.5756893157959,1
Nicole's grandmothers were ascending.,Nicole's grandmothers were looking like.,syntax,argument_structure,drop_argument,True,False,False,False,391,-50.15870666503906,-50.26508712768555,1
Those senators know.,Those senators resemble.,syntax,argument_structure,drop_argument,True,False,False,False,392,-24.541900634765625,-30.704833984375,1
This adult tours.,This adult examined.,syntax,argument_structure,drop_argument,True,False,False,False,393,-23.12221336364746,-25.37332534790039,1
Joseph isn't passing.,Joseph isn't finding.,syntax,argument_structure,drop_argument,True,False,False,False,394,-23.36869239807129,-25.060104370117188,1
Spain forgot.,Spain talked to.,syntax,argument_structure,drop_argument,True,False,False,False,395,-13.783945083618164,-18.36865234375,1
Tracy buys.,Tracy lifted.,syntax,argument_structure,drop_argument,True,False,False,False,396,-26.8402099609375,-26.09071922302246,0
Candice is watching.,Candice is finding.,syntax,argument_structure,drop_argument,True,False,False,False,397,-22.914804458618164,-27.006942749023438,1
Peter hadn't toured.,Peter hadn't returned to.,syntax,argument_structure,drop_argument,True,False,False,False,398,-28.195362091064453,-28.038312911987305,0
Jill's ex-girlfriends haven't bought.,Jill's ex-girlfriends haven't scared.,syntax,argument_structure,drop_argument,True,False,False,False,399,-63.917137145996094,-61.85581970214844,0
Russell's hairdresser approached.,Russell's hairdresser biked to.,syntax,argument_structure,drop_argument,True,False,False,False,400,-43.91526794433594,-57.31593322753906,1
Jennifer's teachers have remembered.,Jennifer's teachers have driven to.,syntax,argument_structure,drop_argument,True,False,False,False,401,-32.77747344970703,-38.577938079833984,1
Some women ran around.,Some women looked like.,syntax,argument_structure,drop_argument,True,False,False,False,402,-26.602008819580078,-27.472843170166016,1
Kenneth was exploring.,Kenneth was driving to.,syntax,argument_structure,drop_argument,True,False,False,False,403,-27.63705825805664,-31.111942291259766,1
Elaine cleans.,Elaine resembles.,syntax,argument_structure,drop_argument,True,False,False,False,404,-28.197669982910156,-28.638282775878906,1
Jessica sold.,Jessica cured.,syntax,argument_structure,drop_argument,True,False,False,False,405,-14.920560836791992,-16.605112075805664,1
This teacher was observing.,This teacher was examining.,syntax,argument_structure,drop_argument,True,False,False,False,406,-28.315670013427734,-28.097633361816406,0
The son of a teenager was passing.,The son of a teenager was arriving at.,syntax,argument_structure,drop_argument,True,False,False,False,407,-41.281837463378906,-48.50148391723633,1
Many grandmothers of Peter have visited.,Many grandmothers of Peter have worked with.,syntax,argument_structure,drop_argument,True,False,False,False,408,-51.74494934082031,-53.18134307861328,1
Liam sees.,Liam concealed.,syntax,argument_structure,drop_argument,True,False,False,False,409,-24.69198226928711,-25.620206832885742,1
Derek was passing.,Derek was listening to.,syntax,argument_structure,drop_argument,True,False,False,False,410,-25.934425354003906,-29.46088409423828,1
Most drivers couldn't watch.,Most drivers couldn't resemble.,syntax,argument_structure,drop_argument,True,False,False,False,411,-30.03540802001953,-36.28878402709961,1
Guy's oncologists had attacked.,Guy's oncologists had dropped by.,syntax,argument_structure,drop_argument,True,False,False,False,412,-49.10308837890625,-53.03709411621094,1
A lot of women did observe.,A lot of women did talk about.,syntax,argument_structure,drop_argument,True,False,False,False,413,-40.19512939453125,-37.68878173828125,0
Ruth isn't descending.,Ruth isn't driving to.,syntax,argument_structure,drop_argument,True,False,False,False,414,-34.18841552734375,-36.131629943847656,1
Some customers remember.,Some customers scared.,syntax,argument_structure,drop_argument,True,False,False,False,415,-22.957502365112305,-23.819164276123047,1
Elaine has exited.,Elaine has found.,syntax,argument_structure,drop_argument,True,False,False,False,416,-33.65586853027344,-26.175521850585938,0
Some friends of those guys buy.,Some friends of those guys complained about.,syntax,argument_structure,drop_argument,True,False,False,False,417,-35.79755401611328,-41.32777404785156,1
Alice wasn't observing.,Alice wasn't arriving at.,syntax,argument_structure,drop_argument,True,False,False,False,418,-25.124549865722656,-30.302104949951172,1
Caroline saw.,Caroline arrives at.,syntax,argument_structure,drop_argument,True,False,False,False,419,-24.285457611083984,-29.427839279174805,1
Most cousins of Dana won't visit.,Most cousins of Dana won't talk about.,syntax,argument_structure,drop_argument,True,False,False,False,420,-46.879974365234375,-46.65143585205078,0
All daughters of Catherine know.,All daughters of Catherine drove to.,syntax,argument_structure,drop_argument,True,False,False,False,421,-39.87874221801758,-47.12002182006836,1
Ruth's grandsons climb up.,Ruth's grandsons concealed.,syntax,argument_structure,drop_argument,True,False,False,False,422,-51.229270935058594,-51.783447265625,1
Becky is attacking.,Becky is talking about.,syntax,argument_structure,drop_argument,True,False,False,False,423,-25.4326114654541,-23.377695083618164,0
Every guy's grandmothers buy.,Every guy's grandmothers drove to.,syntax,argument_structure,drop_argument,True,False,False,False,424,-46.59858703613281,-51.116878509521484,1
This actor had helped.,This actor had scared.,syntax,argument_structure,drop_argument,True,False,False,False,425,-29.2871150970459,-28.62628936767578,0
Some guys ascend.,Some guys go to.,syntax,argument_structure,drop_argument,True,False,False,False,426,-26.915447235107422,-21.51947021484375,0
These boys skate around.,These boys argued about.,syntax,argument_structure,drop_argument,True,False,False,False,427,-31.301788330078125,-31.453107833862305,1
Catherine visited.,Catherine liked.,syntax,argument_structure,drop_argument,True,False,False,False,428,-27.513338088989258,-23.605308532714844,0
Brett sees.,Brett sounded like.,syntax,argument_structure,drop_argument,True,False,False,False,429,-25.259910583496094,-29.384458541870117,1
The committee bought.,The committee boasted about.,syntax,argument_structure,drop_argument,True,False,False,False,430,-23.13033676147461,-32.86627960205078,1
Sheila ascended.,Sheila worked with.,syntax,argument_structure,drop_argument,True,False,False,False,431,-25.964523315429688,-28.134252548217773,1
Bethany exits.,Bethany listened to.,syntax,argument_structure,drop_argument,True,False,False,False,432,-31.90437889099121,-35.592220306396484,1
The Lutherans would forget.,The Lutherans would work with.,syntax,argument_structure,drop_argument,True,False,False,False,433,-38.381927490234375,-42.99674987792969,1
Karen's son tours.,Karen's son cures.,syntax,argument_structure,drop_argument,True,False,False,False,434,-35.946990966796875,-37.23183059692383,1
Scott passes.,Scott sounded like.,syntax,argument_structure,drop_argument,True,False,False,False,435,-13.597108840942383,-18.277721405029297,1
Martin is running around.,Martin is revealing.,syntax,argument_structure,drop_argument,True,False,False,False,436,-18.695085525512695,-20.131114959716797,1
Adam had watched.,Adam had lifted.,syntax,argument_structure,drop_argument,True,False,False,False,437,-18.226016998291016,-20.012392044067383,1
Erin observes.,Erin respects.,syntax,argument_structure,drop_argument,True,False,False,False,438,-24.191486358642578,-22.560035705566406,0
A lot of grandsons of Tara have helped.,A lot of grandsons of Tara have resembled.,syntax,argument_structure,drop_argument,True,False,False,False,439,-70.10549926757812,-74.72378540039062,1
Stephen wasn't watching.,Stephen wasn't finding.,syntax,argument_structure,drop_argument,True,False,False,False,440,-21.26988410949707,-23.631065368652344,1
Linda's mentee loves.,Linda's mentee complained about.,syntax,argument_structure,drop_argument,True,False,False,False,441,-47.113304138183594,-53.217247009277344,1
Stacy hasn't bought.,Stacy hasn't looked like.,syntax,argument_structure,drop_argument,True,False,False,False,442,-33.462867736816406,-37.93182373046875,1
Nancy's boss could exit.,Nancy's boss could complain about.,syntax,argument_structure,drop_argument,True,False,False,False,443,-47.813377380371094,-49.27470779418945,1
Amelia's hairdresser cleans.,Amelia's hairdresser reveals.,syntax,argument_structure,drop_argument,True,False,False,False,444,-54.01448059082031,-54.31414031982422,1
Sabrina wouldn't remember.,Sabrina wouldn't look like.,syntax,argument_structure,drop_argument,True,False,False,False,445,-27.522865295410156,-32.61994171142578,1
Bethany can ascend.,Bethany can cure.,syntax,argument_structure,drop_argument,True,False,False,False,446,-40.238956451416016,-36.61664581298828,0
The daughters of Robert are leaving.,The daughters of Robert are lifting.,syntax,argument_structure,drop_argument,True,False,False,False,447,-41.656044006347656,-44.52738571166992,1
This driver's oncologists know.,This driver's oncologists return to.,syntax,argument_structure,drop_argument,True,False,False,False,448,-50.771728515625,-60.06935119628906,1
Holly attacks.,Holly lifts.,syntax,argument_structure,drop_argument,True,False,False,False,449,-23.531028747558594,-25.217113494873047,1
Holly investigated.,Holly went to.,syntax,argument_structure,drop_argument,True,False,False,False,450,-25.770557403564453,-25.57683753967285,0
Dan wasn't leaving.,Dan wasn't boasting about.,syntax,argument_structure,drop_argument,True,False,False,False,451,-22.680681228637695,-33.02296447753906,1
The waiters won't pass.,The waiters won't escape from.,syntax,argument_structure,drop_argument,True,False,False,False,452,-38.63227844238281,-45.821998596191406,1
The Clintons buy.,The Clintons went to.,syntax,argument_structure,drop_argument,True,False,False,False,453,-30.801441192626953,-29.27579689025879,0
Kevin climbs down.,Kevin resembles.,syntax,argument_structure,drop_argument,True,False,False,False,454,-16.24336051940918,-18.02222442626953,1
Many teenagers' sister doesn't skate around.,Many teenagers' sister doesn't cure.,syntax,argument_structure,drop_argument,True,False,False,False,455,-55.43994903564453,-48.724082946777344,0
Naomi approached.,Naomi resembled.,syntax,argument_structure,drop_argument,True,False,False,False,456,-26.02251434326172,-28.368999481201172,1
All dancers had observed.,All dancers had lifted.,syntax,argument_structure,drop_argument,True,False,False,False,457,-29.881135940551758,-31.184478759765625,1
Sandra wasn't watching.,Sandra wasn't complaining about.,syntax,argument_structure,drop_argument,True,False,False,False,458,-30.99696922302246,-35.502105712890625,1
Marie did descend.,Marie did admire.,syntax,argument_structure,drop_argument,True,False,False,False,459,-20.820283889770508,-20.5648193359375,0
Most dancers don't tour.,Most dancers don't drop by.,syntax,argument_structure,drop_argument,True,False,False,False,460,-34.067420959472656,-36.517822265625,1
The Borgias' podiatrist bought.,The Borgias' podiatrist escaped from.,syntax,argument_structure,drop_argument,True,False,False,False,461,-73.78523254394531,-80.537841796875,1
Some friend of Gregory hasn't remembered.,Some friend of Gregory hasn't concealed.,syntax,argument_structure,drop_argument,True,False,False,False,462,-47.568321228027344,-49.04279327392578,1
Some sister of Kathleen has loved.,Some sister of Kathleen has resembled.,syntax,argument_structure,drop_argument,True,False,False,False,463,-43.637962341308594,-48.888221740722656,1
Dana's granddaughter can't sell.,Dana's granddaughter can't bike to.,syntax,argument_structure,drop_argument,True,False,False,False,464,-44.35231399536133,-53.74652099609375,1
These senators aren't buying.,These senators aren't dropping by.,syntax,argument_structure,drop_argument,True,False,False,False,465,-36.826080322265625,-44.32577896118164,1
Aaron's grandmothers exit.,Aaron's grandmothers liked.,syntax,argument_structure,drop_argument,True,False,False,False,466,-36.169281005859375,-37.54087829589844,1
This lady's French teacher sees.,This lady's French teacher fires.,syntax,argument_structure,drop_argument,True,False,False,False,467,-45.28776550292969,-44.49322509765625,0
Jeffrey's lawyers had exited.,Jeffrey's lawyers had worked with.,syntax,argument_structure,drop_argument,True,False,False,False,468,-47.92771911621094,-46.195030212402344,0
Alan toured.,Alan flees from.,syntax,argument_structure,drop_argument,True,False,False,False,469,-15.479755401611328,-28.865253448486328,1
Rose ascends.,Rose arrived at.,syntax,argument_structure,drop_argument,True,False,False,False,470,-24.254600524902344,-21.013286590576172,0
A senator won't explore.,A senator won't argue about.,syntax,argument_structure,drop_argument,True,False,False,False,471,-34.45063018798828,-38.63525390625,1
Many guys weren't selling.,Many guys weren't looking like.,syntax,argument_structure,drop_argument,True,False,False,False,472,-30.830196380615234,-33.94198989868164,1
Most friends of Ann bought.,Most friends of Ann talked about.,syntax,argument_structure,drop_argument,True,False,False,False,473,-36.32554626464844,-38.37902069091797,1
Anne hasn't toured.,Anne hasn't argued about.,syntax,argument_structure,drop_argument,True,False,False,False,474,-25.705036163330078,-31.648677825927734,1
Most brothers of Irene observed.,Most brothers of Irene disliked.,syntax,argument_structure,drop_argument,True,False,False,False,475,-39.923072814941406,-41.95408630371094,1
Every bank did remember.,Every bank did conceal.,syntax,argument_structure,drop_argument,True,False,False,False,476,-27.93208122253418,-34.78206253051758,1
Some actress has observed.,Some actress has concealed.,syntax,argument_structure,drop_argument,True,False,False,False,477,-31.30963706970215,-33.12671661376953,1
Keith loved.,Keith admired.,syntax,argument_structure,drop_argument,True,False,False,False,478,-14.37887191772461,-16.09882354736328,1
Susan sells.,Susan escapes from.,syntax,argument_structure,drop_argument,True,False,False,False,479,-16.149394989013672,-23.886987686157227,1
Raymond couldn't attack.,Raymond couldn't listen to.,syntax,argument_structure,drop_argument,True,False,False,False,480,-30.17203712463379,-30.876386642456055,1
Erin has observed.,Erin has escaped from.,syntax,argument_structure,drop_argument,True,False,False,False,481,-27.91437530517578,-33.480751037597656,1
Amelia wouldn't ascend.,Amelia wouldn't cure.,syntax,argument_structure,drop_argument,True,False,False,False,482,-33.18216323852539,-30.926204681396484,0
Every actress shouldn't know.,Every actress shouldn't lift.,syntax,argument_structure,drop_argument,True,False,False,False,483,-28.187049865722656,-33.952239990234375,1
Monica's brothers clean.,Monica's brothers respected.,syntax,argument_structure,drop_argument,True,False,False,False,484,-36.05644607543945,-39.7483024597168,1
Ellen's spouse remembers.,Ellen's spouse reveals.,syntax,argument_structure,drop_argument,True,False,False,False,485,-40.45631408691406,-40.93600082397461,1
Derek will pass.,Derek will reference.,syntax,argument_structure,drop_argument,True,False,False,False,486,-27.615280151367188,-32.607547760009766,1
Becca's associate is climbing down.,Becca's associate is driving to.,syntax,argument_structure,drop_argument,True,False,False,False,487,-45.00128173828125,-49.824684143066406,1
Alan exited.,Alan resembles.,syntax,argument_structure,drop_argument,True,False,False,False,488,-17.37903594970703,-18.149505615234375,1
Tina's boyfriend was cleaning.,Tina's boyfriend was biking to.,syntax,argument_structure,drop_argument,True,False,False,False,489,-39.39783477783203,-50.47381591796875,1
Rhonda is climbing up.,Rhonda is talking to.,syntax,argument_structure,drop_argument,True,False,False,False,490,-28.578508377075195,-28.647375106811523,1
Tamara exits.,Tamara cures.,syntax,argument_structure,drop_argument,True,False,False,False,491,-24.583831787109375,-25.562232971191406,1
Every teacher investigates.,Every teacher wears.,syntax,argument_structure,drop_argument,True,False,False,False,492,-29.549291610717773,-25.026853561401367,0
Bill buys.,Bill walks through.,syntax,argument_structure,drop_argument,True,False,False,False,493,-15.905324935913086,-19.3546142578125,1
Tracy left.,Tracy resembled.,syntax,argument_structure,drop_argument,True,False,False,False,494,-22.21432113647461,-28.536008834838867,1
This dancer has left.,This dancer has gone to.,syntax,argument_structure,drop_argument,True,False,False,False,495,-28.565343856811523,-32.51695251464844,1
These customers' wife isn't helping.,These customers' wife isn't concealing.,syntax,argument_structure,drop_argument,True,False,False,False,496,-51.53514099121094,-60.56299591064453,1
Carol's fathers exit.,Carol's fathers concealed.,syntax,argument_structure,drop_argument,True,False,False,False,497,-43.299461364746094,-44.18922424316406,1
April was observing.,April was examining.,syntax,argument_structure,drop_argument,True,False,False,False,498,-20.512121200561523,-19.577350616455078,0
Some person's dentist forgets.,Some person's dentist cured.,syntax,argument_structure,drop_argument,True,False,False,False,499,-42.84749221801758,-40.86927032470703,0
Michael sees.,Michael escapes from.,syntax,argument_structure,drop_argument,True,False,False,False,500,-16.067995071411133,-24.107284545898438,1
Karla ran around.,Karla worked with.,syntax,argument_structure,drop_argument,True,False,False,False,501,-24.596050262451172,-26.72660255432129,1
Julie knows.,Julie complained about.,syntax,argument_structure,drop_argument,True,False,False,False,502,-18.252845764160156,-27.07320785522461,1
Jacqueline wasn't visiting.,Jacqueline wasn't biking to.,syntax,argument_structure,drop_argument,True,False,False,False,503,-38.859859466552734,-47.9412956237793,1
Carol isn't climbing down.,Carol isn't concealing.,syntax,argument_structure,drop_argument,True,False,False,False,504,-34.41230010986328,-41.309669494628906,1
Elaine sells.,Elaine cured.,syntax,argument_structure,drop_argument,True,False,False,False,505,-27.135923385620117,-25.130489349365234,0
Some girl remembers.,Some girl wears.,syntax,argument_structure,drop_argument,True,False,False,False,506,-23.439170837402344,-23.816932678222656,1
Julia is cleaning.,Julia is concealing.,syntax,argument_structure,drop_argument,True,False,False,False,507,-22.646419525146484,-33.58979415893555,1
Sara isn't leaving.,Sara isn't finding.,syntax,argument_structure,drop_argument,True,False,False,False,508,-31.556106567382812,-33.29008102416992,1
Natalie's best friends bought.,Natalie's best friends arrived at.,syntax,argument_structure,drop_argument,True,False,False,False,509,-43.71470260620117,-46.64813232421875,1
Sara is helping.,Sara is going to.,syntax,argument_structure,drop_argument,True,False,False,False,510,-23.703468322753906,-24.211519241333008,1
Carl ascends.,Carl found.,syntax,argument_structure,drop_argument,True,False,False,False,511,-24.331151962280273,-13.49282169342041,0
Kathleen has visited.,Kathleen has worn.,syntax,argument_structure,drop_argument,True,False,False,False,512,-38.389183044433594,-36.06315612792969,0
Carla's ex-husband isn't observing.,Carla's ex-husband isn't working with.,syntax,argument_structure,drop_argument,True,False,False,False,513,-57.748016357421875,-55.421485900878906,0
Laurie is watching.,Laurie is revealing.,syntax,argument_structure,drop_argument,True,False,False,False,514,-27.004344940185547,-32.02935028076172,1
Tanya hasn't approached.,Tanya hasn't disliked.,syntax,argument_structure,drop_argument,True,False,False,False,515,-35.112823486328125,-36.07958984375,1
Melissa descends.,Melissa cures.,syntax,argument_structure,drop_argument,True,False,False,False,516,-29.867950439453125,-25.191604614257812,0
Rhonda should skate around.,Rhonda should examine.,syntax,argument_structure,drop_argument,True,False,False,False,517,-38.94605255126953,-32.19806671142578,0
Joel does help.,Joel does scare.,syntax,argument_structure,drop_argument,True,False,False,False,518,-25.787260055541992,-29.535980224609375,1
Elizabeth shouldn't see.,Elizabeth shouldn't boast about.,syntax,argument_structure,drop_argument,True,False,False,False,519,-17.59233856201172,-29.563350677490234,1
Raymond's podiatrist couldn't buy.,Raymond's podiatrist couldn't talk about.,syntax,argument_structure,drop_argument,True,False,False,False,520,-69.59735107421875,-69.99464416503906,1
Amanda hadn't seen.,Amanda hadn't respected.,syntax,argument_structure,drop_argument,True,False,False,False,521,-26.740497589111328,-34.42603302001953,1
Travis has left.,Travis has complained about.,syntax,argument_structure,drop_argument,True,False,False,False,522,-28.741512298583984,-37.83317565917969,1
Natalie has forgotten.,Natalie has found.,syntax,argument_structure,drop_argument,True,False,False,False,523,-26.062053680419922,-26.914512634277344,1
Andrew cleaned.,Andrew disagrees with.,syntax,argument_structure,drop_argument,True,False,False,False,524,-14.737123489379883,-22.95348358154297,1
Florence's daughter could love.,Florence's daughter could lift.,syntax,argument_structure,drop_argument,True,False,False,False,525,-45.422889709472656,-47.862606048583984,1
Stephanie isn't observing.,Stephanie isn't dropping by.,syntax,argument_structure,drop_argument,True,False,False,False,526,-40.041114807128906,-44.4491081237793,1
Heather hadn't remembered.,Heather hadn't listened to.,syntax,argument_structure,drop_argument,True,False,False,False,527,-34.24570083618164,-38.501583099365234,1
Some driver can't clean.,Some driver can't walk through.,syntax,argument_structure,drop_argument,True,False,False,False,528,-28.524005889892578,-31.853090286254883,1
Christopher's mentors exit.,Christopher's mentors worked with.,syntax,argument_structure,drop_argument,True,False,False,False,529,-36.07738494873047,-41.140281677246094,1
Helen's grandmothers hadn't toured.,Helen's grandmothers hadn't fled from.,syntax,argument_structure,drop_argument,True,False,False,False,530,-55.67930603027344,-60.60453414916992,1
Vanessa's cousins leave.,Vanessa's cousins complained about.,syntax,argument_structure,drop_argument,True,False,False,False,531,-37.8505859375,-46.13097381591797,1
Ellen sold.,Ellen wears.,syntax,argument_structure,drop_argument,True,False,False,False,532,-22.938901901245117,-22.827423095703125,0
Kristen's bosses clean.,Kristen's bosses returned to.,syntax,argument_structure,drop_argument,True,False,False,False,533,-36.8598518371582,-42.99901580810547,1
The Borgias hadn't sold.,The Borgias hadn't arrived at.,syntax,argument_structure,drop_argument,True,False,False,False,534,-42.11882400512695,-48.65515899658203,1
Sally climbed up.,Sally drove to.,syntax,argument_structure,drop_argument,True,False,False,False,535,-25.236473083496094,-28.08271026611328,1
Patrick loved.,Patrick revealed.,syntax,argument_structure,drop_argument,True,False,False,False,536,-15.512115478515625,-15.850116729736328,1
Some waitress's classmates remember.,Some waitress's classmates drop by.,syntax,argument_structure,drop_argument,True,False,False,False,537,-43.24966812133789,-50.89598083496094,1
Lori's doctors exit.,Lori's doctors bike to.,syntax,argument_structure,drop_argument,True,False,False,False,538,-42.691864013671875,-47.896339416503906,1
Bruce does approach.,Bruce does reveal.,syntax,argument_structure,drop_argument,True,False,False,False,539,-21.628835678100586,-21.853851318359375,1
Clyde's French teacher isn't investigating.,Clyde's French teacher isn't arriving at.,syntax,argument_structure,drop_argument,True,False,False,False,540,-63.502967834472656,-67.57552337646484,1
Sabrina is investigating.,Sabrina is concealing.,syntax,argument_structure,drop_argument,True,False,False,False,541,-26.39620590209961,-37.22576904296875,1
All museums would know.,All museums would conceal.,syntax,argument_structure,drop_argument,True,False,False,False,542,-29.19793128967285,-34.21857452392578,1
Diane ascends.,Diane wears.,syntax,argument_structure,drop_argument,True,False,False,False,543,-33.67934036254883,-26.877269744873047,0
Fathers of the man ascend.,Fathers of the man examine.,syntax,argument_structure,drop_argument,True,False,False,False,544,-32.44351577758789,-31.910720825195312,0
Rachel runs around.,Rachel respected.,syntax,argument_structure,drop_argument,True,False,False,False,545,-17.133804321289062,-16.849288940429688,0
William hadn't left.,William hadn't looked like.,syntax,argument_structure,drop_argument,True,False,False,False,546,-19.836557388305664,-25.952800750732422,1
Patricia climbed up.,Patricia concealed.,syntax,argument_structure,drop_argument,True,False,False,False,547,-28.557579040527344,-29.14407730102539,1
Sharon cleaned.,Sharon works with.,syntax,argument_structure,drop_argument,True,False,False,False,548,-23.46109390258789,-27.078441619873047,1
Elaine wouldn't tour.,Elaine wouldn't respect.,syntax,argument_structure,drop_argument,True,False,False,False,549,-34.764156341552734,-32.52295684814453,0
Most senators' nephew sees.,Most senators' nephew complained about.,syntax,argument_structure,drop_argument,True,False,False,False,550,-47.65007019042969,-51.737953186035156,1
Many governments don't know.,Many governments don't fire.,syntax,argument_structure,drop_argument,True,False,False,False,551,-21.67733383178711,-28.221023559570312,1
Those banks love.,Those banks listen to.,syntax,argument_structure,drop_argument,True,False,False,False,552,-25.0950927734375,-33.27064514160156,1
Charles visited.,Charles arrived at.,syntax,argument_structure,drop_argument,True,False,False,False,553,-17.546588897705078,-21.567373275756836,1
Tara skates around.,Tara talked about.,syntax,argument_structure,drop_argument,True,False,False,False,554,-34.61724090576172,-24.686826705932617,0
The mothers of Leslie help.,The mothers of Leslie talked about.,syntax,argument_structure,drop_argument,True,False,False,False,555,-38.20281982421875,-40.50612258911133,1
Those nieces of Sally help.,Those nieces of Sally boast about.,syntax,argument_structure,drop_argument,True,False,False,False,556,-51.55564498901367,-60.54465103149414,1
Allison's sister skated around.,Allison's sister likes.,syntax,argument_structure,drop_argument,True,False,False,False,557,-48.420799255371094,-37.26213836669922,0
Anna's contractor was passing.,Anna's contractor was going to.,syntax,argument_structure,drop_argument,True,False,False,False,558,-35.40754699707031,-35.321659088134766,0
Joel passed.,Joel talks about.,syntax,argument_structure,drop_argument,True,False,False,False,559,-21.696557998657227,-24.4986572265625,1
That library does remember.,That library does argue about.,syntax,argument_structure,drop_argument,True,False,False,False,560,-32.516231536865234,-41.44911575317383,1
Danielle sells.,Danielle cares for.,syntax,argument_structure,drop_argument,True,False,False,False,561,-24.91082000732422,-28.601791381835938,1
April's guest wasn't visiting.,April's guest wasn't walking through.,syntax,argument_structure,drop_argument,True,False,False,False,562,-41.37766647338867,-44.15948486328125,1
Andrea's dentists help.,Andrea's dentists escaped from.,syntax,argument_structure,drop_argument,True,False,False,False,563,-50.31612777709961,-58.82973098754883,1
Many senators should explore.,Many senators should examine.,syntax,argument_structure,drop_argument,True,False,False,False,564,-31.244674682617188,-32.02434539794922,1
Melanie had passed.,Melanie had biked to.,syntax,argument_structure,drop_argument,True,False,False,False,565,-24.879417419433594,-45.475196838378906,1
Those fathers of Maria skate around.,Those fathers of Maria cured.,syntax,argument_structure,drop_argument,True,False,False,False,566,-49.680171966552734,-41.49046325683594,0
This grandfather of most drivers hasn't climbed down.,This grandfather of most drivers hasn't concealed.,syntax,argument_structure,drop_argument,True,False,False,False,567,-64.34748840332031,-61.11527633666992,0
Claire cleaned.,Claire worked with.,syntax,argument_structure,drop_argument,True,False,False,False,568,-25.096702575683594,-28.336450576782227,1
All waiters' student isn't passing.,All waiters' student isn't talking about.,syntax,argument_structure,drop_argument,True,False,False,False,569,-57.58626174926758,-56.95051193237305,0
Kirsten hasn't descended.,Kirsten hasn't fled from.,syntax,argument_structure,drop_argument,True,False,False,False,570,-42.86790466308594,-48.056373596191406,1
Tanya had seen.,Tanya had fired.,syntax,argument_structure,drop_argument,True,False,False,False,571,-24.677501678466797,-27.448833465576172,1
Heidi sees.,Heidi complains about.,syntax,argument_structure,drop_argument,True,False,False,False,572,-26.9945068359375,-32.91290283203125,1
Pamela buys.,Pamela concealed.,syntax,argument_structure,drop_argument,True,False,False,False,573,-32.11071014404297,-32.66689682006836,1
Some guy wasn't passing.,Some guy wasn't admiring.,syntax,argument_structure,drop_argument,True,False,False,False,574,-32.46903991699219,-38.4038200378418,1
Most drivers hadn't cleaned.,Most drivers hadn't resembled.,syntax,argument_structure,drop_argument,True,False,False,False,575,-35.03984832763672,-38.431434631347656,1
Randolf investigates.,Randolf disagrees with.,syntax,argument_structure,drop_argument,True,False,False,False,576,-27.597909927368164,-30.63132095336914,1
Robert isn't climbing down.,Robert isn't wearing.,syntax,argument_structure,drop_argument,True,False,False,False,577,-24.587099075317383,-22.325672149658203,0
Jerry sells.,Jerry disagrees with.,syntax,argument_structure,drop_argument,True,False,False,False,578,-16.272993087768555,-23.069082260131836,1
The man hadn't sold.,The man hadn't biked to.,syntax,argument_structure,drop_argument,True,False,False,False,579,-28.673290252685547,-46.27098083496094,1
Mary's teachers knew.,Mary's teachers sound like.,syntax,argument_structure,drop_argument,True,False,False,False,580,-29.681659698486328,-33.5931282043457,1
Lisa approached.,Lisa concealed.,syntax,argument_structure,drop_argument,True,False,False,False,581,-15.915952682495117,-16.397798538208008,1
Heather climbs up.,Heather cured.,syntax,argument_structure,drop_argument,True,False,False,False,582,-27.35440444946289,-25.670909881591797,0
Bethany's grandfathers climb up.,Bethany's grandfathers admired.,syntax,argument_structure,drop_argument,True,False,False,False,583,-53.94222640991211,-55.2711296081543,1
Most fathers of Allison descend.,Most fathers of Allison admire.,syntax,argument_structure,drop_argument,True,False,False,False,584,-42.94418716430664,-43.631141662597656,1
Adam's tutors visit.,Adam's tutors listen to.,syntax,argument_structure,drop_argument,True,False,False,False,585,-36.39519500732422,-40.76520538330078,1
Todd had run around.,Todd had resembled.,syntax,argument_structure,drop_argument,True,False,False,False,586,-21.03064727783203,-22.43171501159668,1
Carolyn's contractors were exploring.,Carolyn's contractors were finding.,syntax,argument_structure,drop_argument,True,False,False,False,587,-48.74109649658203,-48.79066467285156,1
Many customers approach.,Many customers escape from.,syntax,argument_structure,drop_argument,True,False,False,False,588,-24.215442657470703,-32.596126556396484,1
Many men's mentors weren't investigating.,Many men's mentors weren't walking through.,syntax,argument_structure,drop_argument,True,False,False,False,589,-50.83308029174805,-52.82367706298828,1
Frank was passing.,Frank was boasting about.,syntax,argument_structure,drop_argument,True,False,False,False,590,-14.687230110168457,-27.47843360900879,1
Stacey's plumber visited.,Stacey's plumber goes to.,syntax,argument_structure,drop_argument,True,False,False,False,591,-47.02520751953125,-45.70684051513672,0
Those girls haven't climbed down.,Those girls haven't resembled.,syntax,argument_structure,drop_argument,True,False,False,False,592,-35.40428161621094,-34.729408264160156,0
Noah skates around.,Noah worked with.,syntax,argument_structure,drop_argument,True,False,False,False,593,-36.542686462402344,-29.477310180664062,0
The drivers observed.,The drivers walked through.,syntax,argument_structure,drop_argument,True,False,False,False,594,-22.987842559814453,-26.500741958618164,1
Every grandmother of Ruth wasn't visiting.,Every grandmother of Ruth wasn't escaping from.,syntax,argument_structure,drop_argument,True,False,False,False,595,-48.35182189941406,-54.35873794555664,1
Phillip has remembered.,Phillip has cured.,syntax,argument_structure,drop_argument,True,False,False,False,596,-26.974178314208984,-27.301156997680664,1
Irene's French teachers skate around.,Irene's French teachers wore.,syntax,argument_structure,drop_argument,True,False,False,False,597,-59.28069305419922,-51.43602752685547,0
Stacy's oncologist was descending.,Stacy's oncologist was going to.,syntax,argument_structure,drop_argument,True,False,False,False,598,-60.98527908325195,-60.326194763183594,0
Jodi's brothers watch.,Jodi's brothers sounded like.,syntax,argument_structure,drop_argument,True,False,False,False,599,-37.81082534790039,-44.35423278808594,1
A driver ran around.,A driver fired.,syntax,argument_structure,drop_argument,True,False,False,False,600,-26.780038833618164,-23.664966583251953,0
Homer descends.,Homer boasts about.,syntax,argument_structure,drop_argument,True,False,False,False,601,-31.269371032714844,-35.697566986083984,1
Actors approach.,Actors cared for.,syntax,argument_structure,drop_argument,True,False,False,False,602,-27.130878448486328,-31.24307632446289,1
Elaine attacked.,Elaine talked to.,syntax,argument_structure,drop_argument,True,False,False,False,603,-26.14423370361328,-28.879398345947266,1
Rebecca's employees skate around.,Rebecca's employees lift.,syntax,argument_structure,drop_argument,True,False,False,False,604,-47.9410514831543,-40.75410461425781,0
Elizabeth's contractors might buy.,Elizabeth's contractors might admire.,syntax,argument_structure,drop_argument,True,False,False,False,605,-37.23290252685547,-40.78804016113281,1
Those students' sisters have visited.,Those students' sisters have concealed.,syntax,argument_structure,drop_argument,True,False,False,False,606,-47.83898162841797,-47.85914611816406,1
Jacqueline isn't approaching.,Jacqueline isn't admiring.,syntax,argument_structure,drop_argument,True,False,False,False,607,-38.36977005004883,-42.7708740234375,1
Mary had left.,Mary had referenced.,syntax,argument_structure,drop_argument,True,False,False,False,608,-14.81141471862793,-22.548046112060547,1
Cashiers approached.,Cashiers talk to.,syntax,argument_structure,drop_argument,True,False,False,False,609,-25.546009063720703,-27.968791961669922,1
Wayne sees.,Wayne respected.,syntax,argument_structure,drop_argument,True,False,False,False,610,-22.48147201538086,-23.530147552490234,1
These ladies descend.,These ladies fired.,syntax,argument_structure,drop_argument,True,False,False,False,611,-25.978534698486328,-22.200481414794922,0
Mary's colleague attacks.,Mary's colleague finds.,syntax,argument_structure,drop_argument,True,False,False,False,612,-30.698200225830078,-31.62995719909668,1
The teenager wasn't approaching.,The teenager wasn't concealing.,syntax,argument_structure,drop_argument,True,False,False,False,613,-34.82125473022461,-43.55793762207031,1
Most teenagers haven't climbed down.,Most teenagers haven't disliked.,syntax,argument_structure,drop_argument,True,False,False,False,614,-38.10343933105469,-35.900848388671875,0
Judy won't remember.,Judy won't walk through.,syntax,argument_structure,drop_argument,True,False,False,False,615,-21.921981811523438,-28.516267776489258,1
Many schools forget.,Many schools scared.,syntax,argument_structure,drop_argument,True,False,False,False,616,-24.47760009765625,-23.687885284423828,0
Colleen was helping.,Colleen was arriving at.,syntax,argument_structure,drop_argument,True,False,False,False,617,-26.97107696533203,-35.94350051879883,1
Liam exits.,Liam admires.,syntax,argument_structure,drop_argument,True,False,False,False,618,-24.8541259765625,-32.01386260986328,1
Robert might climb down.,Robert might conceal.,syntax,argument_structure,drop_argument,True,False,False,False,619,-20.180091857910156,-22.2100830078125,1
Julia climbed up.,Julia cared for.,syntax,argument_structure,drop_argument,True,False,False,False,620,-22.10474395751953,-25.45047378540039,1
Mark's nieces tour.,Mark's nieces admire.,syntax,argument_structure,drop_argument,True,False,False,False,621,-42.738014221191406,-44.68368148803711,1
Marla's handymen could watch.,Marla's handymen could fire.,syntax,argument_structure,drop_argument,True,False,False,False,622,-50.40050506591797,-52.28071594238281,1
Guys have helped.,Guys have disagreed with.,syntax,argument_structure,drop_argument,True,False,False,False,623,-27.165563583374023,-35.56471252441406,1
That doctor wasn't cleaning.,That doctor wasn't dropping by.,syntax,argument_structure,drop_argument,True,False,False,False,624,-33.017215728759766,-40.163169860839844,1
Liam's classmates observe.,Liam's classmates boast about.,syntax,argument_structure,drop_argument,True,False,False,False,625,-44.531219482421875,-48.955482482910156,1
A lot of daughters of Melinda hadn't observed.,A lot of daughters of Melinda hadn't talked about.,syntax,argument_structure,drop_argument,True,False,False,False,626,-65.59575653076172,-65.79762268066406,1
Scott skates around.,Scott wears.,syntax,argument_structure,drop_argument,True,False,False,False,627,-27.605632781982422,-15.739492416381836,0
A lot of grandsons of Roger watch.,A lot of grandsons of Roger sound like.,syntax,argument_structure,drop_argument,True,False,False,False,628,-61.43804168701172,-69.4069595336914,1
Ann's cousin will exit.,Ann's cousin will talk to.,syntax,argument_structure,drop_argument,True,False,False,False,629,-35.598358154296875,-33.5143928527832,0
A student wasn't leaving.,A student wasn't walking through.,syntax,argument_structure,drop_argument,True,False,False,False,630,-35.22419738769531,-39.51630401611328,1
The patient had helped.,The patient had disliked.,syntax,argument_structure,drop_argument,True,False,False,False,631,-24.457250595092773,-27.327308654785156,1
Sheila didn't see.,Sheila didn't argue about.,syntax,argument_structure,drop_argument,True,False,False,False,632,-25.221683502197266,-34.79922103881836,1
Monet had run around.,Monet had complained about.,syntax,argument_structure,drop_argument,True,False,False,False,633,-27.747833251953125,-34.26651382446289,1
Stephen's teacher visited.,Stephen's teacher boasts about.,syntax,argument_structure,drop_argument,True,False,False,False,634,-32.78185272216797,-40.27305603027344,1
Deanna's ex-boyfriends did exit.,Deanna's ex-boyfriends did conceal.,syntax,argument_structure,drop_argument,True,False,False,False,635,-71.86161804199219,-72.84440612792969,1
This friend of Derek knows.,This friend of Derek went to.,syntax,argument_structure,drop_argument,True,False,False,False,636,-35.43395233154297,-38.553306579589844,1
Kirsten's sisters remember.,Kirsten's sisters bike to.,syntax,argument_structure,drop_argument,True,False,False,False,637,-44.068328857421875,-53.981693267822266,1
The cashiers aren't exiting.,The cashiers aren't revealing.,syntax,argument_structure,drop_argument,True,False,False,False,638,-45.46887969970703,-44.57160949707031,0
Derek has loved.,Derek has listened to.,syntax,argument_structure,drop_argument,True,False,False,False,639,-29.37570571899414,-31.87192153930664,1
Robert visited.,Robert revealed.,syntax,argument_structure,drop_argument,True,False,False,False,640,-18.104961395263672,-15.438984870910645,0
Becca's teacher toured.,Becca's teacher talked to.,syntax,argument_structure,drop_argument,True,False,False,False,641,-40.86981201171875,-40.81135559082031,0
Lucille investigated.,Lucille goes to.,syntax,argument_structure,drop_argument,True,False,False,False,642,-24.894838333129883,-24.410823822021484,0
Those women love.,Those women care for.,syntax,argument_structure,drop_argument,True,False,False,False,643,-20.964466094970703,-26.186309814453125,1
Rachelle should leave.,Rachelle should arrive at.,syntax,argument_structure,drop_argument,True,False,False,False,644,-25.221149444580078,-35.30168914794922,1
Melanie explored.,Melanie scared.,syntax,argument_structure,drop_argument,True,False,False,False,645,-26.36144256591797,-24.005477905273438,0
Amy might help.,Amy might like.,syntax,argument_structure,drop_argument,True,False,False,False,646,-15.81643295288086,-16.194114685058594,1
Noah's contractors didn't watch.,Noah's contractors didn't cure.,syntax,argument_structure,drop_argument,True,False,False,False,647,-48.30939483642578,-52.47843933105469,1
Catherine's friends exit.,Catherine's friends cared for.,syntax,argument_structure,drop_argument,True,False,False,False,648,-36.92588806152344,-38.9621467590332,1
Candice's employee has observed.,Candice's employee has walked through.,syntax,argument_structure,drop_argument,True,False,False,False,649,-44.38629913330078,-49.447052001953125,1
Some cousin of Janice could run around.,Some cousin of Janice could listen to.,syntax,argument_structure,drop_argument,True,False,False,False,650,-52.694183349609375,-54.64430236816406,1
Christopher has climbed down.,Christopher has lifted.,syntax,argument_structure,drop_argument,True,False,False,False,651,-22.384737014770508,-21.23931121826172,0
Becky wasn't attacking.,Becky wasn't looking like.,syntax,argument_structure,drop_argument,True,False,False,False,652,-32.888824462890625,-32.070072174072266,0
Most waiters hadn't seen.,Most waiters hadn't fired.,syntax,argument_structure,drop_argument,True,False,False,False,653,-36.97679901123047,-41.59921646118164,1
Monica's nephews visit.,Monica's nephews complained about.,syntax,argument_structure,drop_argument,True,False,False,False,654,-42.067291259765625,-50.38758087158203,1
Every guy can explore.,Every guy can scare.,syntax,argument_structure,drop_argument,True,False,False,False,655,-27.746387481689453,-26.948104858398438,0
The girls weren't leaving.,The girls weren't referencing.,syntax,argument_structure,drop_argument,True,False,False,False,656,-29.48032569885254,-34.674407958984375,1
Tammy hadn't climbed down.,Tammy hadn't resembled.,syntax,argument_structure,drop_argument,True,False,False,False,657,-33.43988800048828,-33.573936462402344,1
Jodi's mentor hadn't known.,Jodi's mentor hadn't walked through.,syntax,argument_structure,drop_argument,True,False,False,False,658,-51.29082107543945,-57.271907806396484,1
These sisters of Patrick will descend.,These sisters of Patrick will walk through.,syntax,argument_structure,drop_argument,True,False,False,False,659,-47.066383361816406,-49.224098205566406,1
Erin investigates.,Erin complained about.,syntax,argument_structure,drop_argument,True,False,False,False,660,-25.245685577392578,-26.85684585571289,1
Ella exits.,Ella concealed.,syntax,argument_structure,drop_argument,True,False,False,False,661,-25.532825469970703,-28.691604614257812,1
Joseph runs around.,Joseph fires.,syntax,argument_structure,drop_argument,True,False,False,False,662,-17.72861671447754,-14.409610748291016,0
Bruce's nephews run around.,Bruce's nephews escaped from.,syntax,argument_structure,drop_argument,True,False,False,False,663,-35.79050064086914,-39.932334899902344,1
Dan will remember.,Dan will scare.,syntax,argument_structure,drop_argument,True,False,False,False,664,-16.18572998046875,-19.536598205566406,1
Brian isn't touring.,Brian isn't boasting about.,syntax,argument_structure,drop_argument,True,False,False,False,665,-25.660667419433594,-31.741588592529297,1
Sara helped.,Sara biked to.,syntax,argument_structure,drop_argument,True,False,False,False,666,-24.47406578063965,-38.47153854370117,1
Sonia will observe.,Sonia will resemble.,syntax,argument_structure,drop_argument,True,False,False,False,667,-29.579906463623047,-31.661203384399414,1
Tammy passed.,Tammy respected.,syntax,argument_structure,drop_argument,True,False,False,False,668,-20.950298309326172,-21.87057113647461,1
Some nephews of the girl descended.,Some nephews of the girl drove to.,syntax,argument_structure,drop_argument,True,False,False,False,669,-44.22090148925781,-47.011207580566406,1
Becca has toured.,Becca has found.,syntax,argument_structure,drop_argument,True,False,False,False,670,-31.32695770263672,-25.653423309326172,0
Alexander's electrician observes.,Alexander's electrician talks about.,syntax,argument_structure,drop_argument,True,False,False,False,671,-40.258636474609375,-41.585411071777344,1
Some guys weren't ascending.,Some guys weren't curing.,syntax,argument_structure,drop_argument,True,False,False,False,672,-33.641380310058594,-34.205562591552734,1
Becky's podiatrist tours.,Becky's podiatrist flees from.,syntax,argument_structure,drop_argument,True,False,False,False,673,-62.45962905883789,-77.62688446044922,1
Christine passed.,Christine resembled.,syntax,argument_structure,drop_argument,True,False,False,False,674,-22.840286254882812,-26.63959312438965,1
Friends of Alicia observe.,Friends of Alicia conceal.,syntax,argument_structure,drop_argument,True,False,False,False,675,-32.317955017089844,-33.385650634765625,1
Carmen's doctors were leaving.,Carmen's doctors were biking to.,syntax,argument_structure,drop_argument,True,False,False,False,676,-45.64728927612305,-58.43098449707031,1
A boy's dermatologist buys.,A boy's dermatologist returned to.,syntax,argument_structure,drop_argument,True,False,False,False,677,-55.39688491821289,-57.386356353759766,1
Rodney is running around.,Rodney is examining.,syntax,argument_structure,drop_argument,True,False,False,False,678,-25.8779239654541,-26.93124771118164,1
Leslie has run around.,Leslie has resembled.,syntax,argument_structure,drop_argument,True,False,False,False,679,-30.719606399536133,-32.29330825805664,1
The Clintons visit.,The Clintons lifted.,syntax,argument_structure,drop_argument,True,False,False,False,680,-28.262466430664062,-28.986923217773438,1
Travis climbs down.,Travis goes to.,syntax,argument_structure,drop_argument,True,False,False,False,681,-29.788602828979492,-27.557010650634766,0
Eva's French teacher approached.,Eva's French teacher looked like.,syntax,argument_structure,drop_argument,True,False,False,False,682,-38.27146530151367,-39.83026885986328,1
Helen's French teachers help.,Helen's French teachers listened to.,syntax,argument_structure,drop_argument,True,False,False,False,683,-41.45204162597656,-47.312744140625,1
Stacey ascends.,Stacey sounds like.,syntax,argument_structure,drop_argument,True,False,False,False,684,-33.47938919067383,-29.310720443725586,0
Lawrence remembers.,Lawrence concealed.,syntax,argument_structure,drop_argument,True,False,False,False,685,-25.35378646850586,-27.962474822998047,1
Peter ran around.,Peter examined.,syntax,argument_structure,drop_argument,True,False,False,False,686,-19.0194091796875,-16.41758155822754,0
Margaret can love.,Margaret can wear.,syntax,argument_structure,drop_argument,True,False,False,False,687,-24.926895141601562,-25.065330505371094,1
Larry's ex-wives help.,Larry's ex-wives flee from.,syntax,argument_structure,drop_argument,True,False,False,False,688,-40.57221221923828,-51.237937927246094,1
Grandsons of Samuel clean.,Grandsons of Samuel fire.,syntax,argument_structure,drop_argument,True,False,False,False,689,-44.890037536621094,-42.376976013183594,0
Samantha climbed up.,Samantha examines.,syntax,argument_structure,drop_argument,True,False,False,False,690,-30.860504150390625,-30.70718002319336,0
Andrea will climb up.,Andrea will drive to.,syntax,argument_structure,drop_argument,True,False,False,False,691,-30.8404541015625,-35.05656433105469,1
Andrea investigated.,Andrea dropped by.,syntax,argument_structure,drop_argument,True,False,False,False,692,-28.90311050415039,-33.8040885925293,1
Many waiters climb up.,Many waiters return to.,syntax,argument_structure,drop_argument,True,False,False,False,693,-31.70376205444336,-38.09598922729492,1
Omar hasn't helped.,Omar hasn't fired.,syntax,argument_structure,drop_argument,True,False,False,False,694,-36.27335739135742,-35.806724548339844,0
Lisa's grandfathers help.,Lisa's grandfathers lift.,syntax,argument_structure,drop_argument,True,False,False,False,695,-35.30144119262695,-37.252166748046875,1
Winston Churchill's doctor loves.,Winston Churchill's doctor escapes from.,syntax,argument_structure,drop_argument,True,False,False,False,696,-48.04364776611328,-56.482845306396484,1
These guys bought.,These guys concealed.,syntax,argument_structure,drop_argument,True,False,False,False,697,-23.17721939086914,-25.844676971435547,1
Every teenager isn't descending.,Every teenager isn't dropping by.,syntax,argument_structure,drop_argument,True,False,False,False,698,-35.568626403808594,-40.6362419128418,1
Tiffany's mentor hadn't helped.,Tiffany's mentor hadn't looked like.,syntax,argument_structure,drop_argument,True,False,False,False,699,-60.40610122680664,-63.689788818359375,1
Marla's guests weren't ascending.,Marla's guests weren't escaping from.,syntax,argument_structure,drop_argument,True,False,False,False,700,-49.23042297363281,-53.23513412475586,1
Rebecca wasn't leaving.,Rebecca wasn't fleeing from.,syntax,argument_structure,drop_argument,True,False,False,False,701,-32.501644134521484,-41.337093353271484,1
Those brothers of Robert haven't ascended.,Those brothers of Robert haven't complained about.,syntax,argument_structure,drop_argument,True,False,False,False,702,-51.495948791503906,-51.944908142089844,1
Roger knows.,Roger looked like.,syntax,argument_structure,drop_argument,True,False,False,False,703,-12.329181671142578,-16.695552825927734,1
George had skated around.,George had complained about.,syntax,argument_structure,drop_argument,True,False,False,False,704,-32.27013397216797,-26.403501510620117,0
Brenda's electricians see.,Brenda's electricians dislike.,syntax,argument_structure,drop_argument,True,False,False,False,705,-43.1257209777832,-47.109222412109375,1
Dana's mentees remember.,Dana's mentees cure.,syntax,argument_structure,drop_argument,True,False,False,False,706,-49.08262252807617,-52.372684478759766,1
The doctor's niece attacks.,The doctor's niece reveals.,syntax,argument_structure,drop_argument,True,False,False,False,707,-37.478763580322266,-39.40436935424805,1
Monet cleans.,Monet scared.,syntax,argument_structure,drop_argument,True,False,False,False,708,-24.23072052001953,-20.909442901611328,0
A lot of guys' supervisor knew.,A lot of guys' supervisor liked.,syntax,argument_structure,drop_argument,True,False,False,False,709,-54.67681884765625,-54.449684143066406,0
Kendra's podiatrists hadn't visited.,Kendra's podiatrists hadn't listened to.,syntax,argument_structure,drop_argument,True,False,False,False,710,-80.7843246459961,-83.79141235351562,1
Colleen's granddaughters shouldn't investigate.,Colleen's granddaughters shouldn't wear.,syntax,argument_structure,drop_argument,True,False,False,False,711,-63.65775680541992,-61.74323272705078,0
Lori wasn't descending.,Lori wasn't talking about.,syntax,argument_structure,drop_argument,True,False,False,False,712,-35.76177978515625,-33.23633575439453,0
Deborah's supervisors help.,Deborah's supervisors cared for.,syntax,argument_structure,drop_argument,True,False,False,False,713,-43.13093566894531,-50.74681854248047,1
Ellen wasn't investigating.,Ellen wasn't complaining about.,syntax,argument_structure,drop_argument,True,False,False,False,714,-31.5992431640625,-32.79428482055664,1
Some boys see.,Some boys care for.,syntax,argument_structure,drop_argument,True,False,False,False,715,-19.73958396911621,-27.277820587158203,1
Monet climbed down.,Monet reveals.,syntax,argument_structure,drop_argument,True,False,False,False,716,-22.719249725341797,-23.16119384765625,1
Erin's grandson visited.,Erin's grandson talked about.,syntax,argument_structure,drop_argument,True,False,False,False,717,-43.89099884033203,-43.631900787353516,0
Erin visits.,Erin went to.,syntax,argument_structure,drop_argument,True,False,False,False,718,-22.63140296936035,-23.514528274536133,1
Andrea's granddaughter hadn't passed.,Andrea's granddaughter hadn't talked about.,syntax,argument_structure,drop_argument,True,False,False,False,719,-50.712371826171875,-53.12450408935547,1
David can love.,David can boast about.,syntax,argument_structure,drop_argument,True,False,False,False,720,-14.769172668457031,-23.85718536376953,1
Carolyn's guests have skated around.,Carolyn's guests have disagreed with.,syntax,argument_structure,drop_argument,True,False,False,False,721,-60.108970642089844,-53.23446273803711,0
Larry hasn't observed.,Larry hasn't returned to.,syntax,argument_structure,drop_argument,True,False,False,False,722,-24.4071044921875,-28.987117767333984,1
These ladies remembered.,These ladies arrived at.,syntax,argument_structure,drop_argument,True,False,False,False,723,-23.261768341064453,-28.329683303833008,1
Those girls weren't observing.,Those girls weren't scaring.,syntax,argument_structure,drop_argument,True,False,False,False,724,-34.22446823120117,-36.16114044189453,1
Sarah had attacked.,Sarah had examined.,syntax,argument_structure,drop_argument,True,False,False,False,725,-18.968509674072266,-19.344837188720703,1
Debra watched.,Debra revealed.,syntax,argument_structure,drop_argument,True,False,False,False,726,-23.320688247680664,-24.226272583007812,1
Rose wasn't exploring.,Rose wasn't concealing.,syntax,argument_structure,drop_argument,True,False,False,False,727,-23.4111385345459,-31.668943405151367,1
Judy will watch.,Judy will reveal.,syntax,argument_structure,drop_argument,True,False,False,False,728,-22.55533790588379,-27.214107513427734,1
Most men explore.,Most men escaped from.,syntax,argument_structure,drop_argument,True,False,False,False,729,-23.618436813354492,-26.326820373535156,1
Nicole's sons do buy.,Nicole's sons do arrive at.,syntax,argument_structure,drop_argument,True,False,False,False,730,-46.31817626953125,-52.63771438598633,1
Walter sold.,Walter looks like.,syntax,argument_structure,drop_argument,True,False,False,False,731,-21.570602416992188,-21.616592407226562,1
Galileo hadn't watched.,Galileo hadn't driven to.,syntax,argument_structure,drop_argument,True,False,False,False,732,-36.93684005737305,-44.330589294433594,1
Douglas approached.,Douglas boasts about.,syntax,argument_structure,drop_argument,True,False,False,False,733,-24.822795867919922,-34.92212677001953,1
Most women love.,Most women find.,syntax,argument_structure,drop_argument,True,False,False,False,734,-20.251174926757812,-21.19405174255371,1
The organization knows.,The organization admires.,syntax,argument_structure,drop_argument,True,False,False,False,735,-23.544795989990234,-33.84394836425781,1
Karen isn't approaching.,Karen isn't biking to.,syntax,argument_structure,drop_argument,True,False,False,False,736,-31.180347442626953,-40.230804443359375,1
All students' friends ascend.,All students' friends arrive at.,syntax,argument_structure,drop_argument,True,False,False,False,737,-46.29203796386719,-47.02318572998047,1
Paul had sold.,Paul had fired.,syntax,argument_structure,drop_argument,True,False,False,False,738,-18.416709899902344,-17.782352447509766,0
Allison is investigating.,Allison is driving to.,syntax,argument_structure,drop_argument,True,False,False,False,739,-26.785850524902344,-32.2999153137207,1
Melanie's cousin had known.,Melanie's cousin had gone to.,syntax,argument_structure,drop_argument,True,False,False,False,740,-42.70795440673828,-45.713722229003906,1
Grandmothers of Christopher aren't visiting.,Grandmothers of Christopher aren't concealing.,syntax,argument_structure,drop_argument,True,False,False,False,741,-50.861454010009766,-59.554344177246094,1
Bruce's podiatrists weren't descending.,Bruce's podiatrists weren't scaring.,syntax,argument_structure,drop_argument,True,False,False,False,742,-69.49128723144531,-72.31462097167969,1
This adult is approaching.,This adult is driving to.,syntax,argument_structure,drop_argument,True,False,False,False,743,-28.371192932128906,-33.91877365112305,1
Ella was watching.,Ella was walking through.,syntax,argument_structure,drop_argument,True,False,False,False,744,-25.657255172729492,-31.947324752807617,1
Sonia's mother had passed.,Sonia's mother had respected.,syntax,argument_structure,drop_argument,True,False,False,False,745,-37.86056137084961,-42.704071044921875,1
Rhonda wasn't buying.,Rhonda wasn't returning to.,syntax,argument_structure,drop_argument,True,False,False,False,746,-33.24633026123047,-36.61422348022461,1
Todd climbs down.,Todd walked through.,syntax,argument_structure,drop_argument,True,False,False,False,747,-17.572265625,-19.277847290039062,1
Julie's contractors hadn't approached.,Julie's contractors hadn't complained about.,syntax,argument_structure,drop_argument,True,False,False,False,748,-48.14112091064453,-52.463409423828125,1
Rodney's senators remember.,Rodney's senators arrive at.,syntax,argument_structure,drop_argument,True,False,False,False,749,-39.61541748046875,-46.36274719238281,1
William observes.,William concealed.,syntax,argument_structure,drop_argument,True,False,False,False,750,-15.938514709472656,-16.109874725341797,1
Kirsten leaves.,Kirsten concealed.,syntax,argument_structure,drop_argument,True,False,False,False,751,-28.235530853271484,-32.03877258300781,1
Tonya doesn't sell.,Tonya doesn't reference.,syntax,argument_structure,drop_argument,True,False,False,False,752,-26.066585540771484,-29.41887092590332,1
Some women ascend.,Some women drive to.,syntax,argument_structure,drop_argument,True,False,False,False,753,-26.513490676879883,-27.464244842529297,1
Joseph's classmates know.,Joseph's classmates resembled.,syntax,argument_structure,drop_argument,True,False,False,False,754,-29.291685104370117,-37.10398864746094,1
These nephews of Amanda had exited.,These nephews of Amanda had complained about.,syntax,argument_structure,drop_argument,True,False,False,False,755,-51.70547866821289,-52.66910934448242,1
Brad had passed.,Brad had lifted.,syntax,argument_structure,drop_argument,True,False,False,False,756,-16.00383758544922,-18.875381469726562,1
That waiter skated around.,That waiter dropped by.,syntax,argument_structure,drop_argument,True,False,False,False,757,-38.52075958251953,-33.69478988647461,0
Jason toured.,Jason concealed.,syntax,argument_structure,drop_argument,True,False,False,False,758,-15.8460693359375,-16.090627670288086,1
Valerie forgot.,Valerie wears.,syntax,argument_structure,drop_argument,True,False,False,False,759,-25.907161712646484,-26.403377532958984,1
The Borgias have exited.,The Borgias have fired.,syntax,argument_structure,drop_argument,True,False,False,False,760,-45.36804962158203,-38.77333068847656,0
Ellen's granddaughter wasn't attacking.,Ellen's granddaughter wasn't walking through.,syntax,argument_structure,drop_argument,True,False,False,False,761,-47.80928421020508,-49.0643196105957,1
Natalie forgot.,Natalie concealed.,syntax,argument_structure,drop_argument,True,False,False,False,762,-23.923282623291016,-27.078838348388672,1
Carol hasn't exited.,Carol hasn't disliked.,syntax,argument_structure,drop_argument,True,False,False,False,763,-36.074668884277344,-35.53721618652344,0
Steve hadn't investigated.,Steve hadn't talked about.,syntax,argument_structure,drop_argument,True,False,False,False,764,-25.22992706298828,-24.661209106445312,0
Kristin's partners climb down.,Kristin's partners drive to.,syntax,argument_structure,drop_argument,True,False,False,False,765,-39.732730865478516,-42.6654052734375,1
Becky is climbing up.,Becky is dropping by.,syntax,argument_structure,drop_argument,True,False,False,False,766,-25.19683837890625,-31.76061248779297,1
Allison's mentors tour.,Allison's mentors talked about.,syntax,argument_structure,drop_argument,True,False,False,False,767,-42.78071212768555,-47.075843811035156,1
Theodore is climbing up.,Theodore is going to.,syntax,argument_structure,drop_argument,True,False,False,False,768,-30.272075653076172,-28.074586868286133,0
Paula knew.,Paula lifts.,syntax,argument_structure,drop_argument,True,False,False,False,769,-19.36054039001465,-20.605390548706055,1
Karla approaches.,Karla argued about.,syntax,argument_structure,drop_argument,True,False,False,False,770,-22.232929229736328,-31.163755416870117,1
Liam can clean.,Liam can lift.,syntax,argument_structure,drop_argument,True,False,False,False,771,-27.122821807861328,-27.409582138061523,1
This daughter of Bradley has climbed down.,This daughter of Bradley has cared for.,syntax,argument_structure,drop_argument,True,False,False,False,772,-46.761085510253906,-46.73025131225586,0
Sabrina hadn't attacked.,Sabrina hadn't complained about.,syntax,argument_structure,drop_argument,True,False,False,False,773,-36.356719970703125,-40.427574157714844,1
Mary is approaching.,Mary is finding.,syntax,argument_structure,drop_argument,True,False,False,False,774,-16.781330108642578,-19.12352752685547,1
Victoria has left.,Victoria has gone to.,syntax,argument_structure,drop_argument,True,False,False,False,775,-16.40801239013672,-18.340660095214844,1
Carolyn's mentee can investigate.,Carolyn's mentee can argue about.,syntax,argument_structure,drop_argument,True,False,False,False,776,-56.444313049316406,-61.7501106262207,1
Most senators watch.,Most senators walk through.,syntax,argument_structure,drop_argument,True,False,False,False,777,-25.61480140686035,-33.183921813964844,1
Andrew is selling.,Andrew is complaining about.,syntax,argument_structure,drop_argument,True,False,False,False,778,-16.600217819213867,-21.306060791015625,1
Dawn visits.,Dawn looks like.,syntax,argument_structure,drop_argument,True,False,False,False,779,-26.16292953491211,-26.1525936126709,0
Christina exits.,Christina boasts about.,syntax,argument_structure,drop_argument,True,False,False,False,780,-23.1676082611084,-33.573116302490234,1
Those senators tour.,Those senators lift.,syntax,argument_structure,drop_argument,True,False,False,False,781,-26.52954864501953,-29.176448822021484,1
Colleen's classmate helps.,Colleen's classmate talked to.,syntax,argument_structure,drop_argument,True,False,False,False,782,-43.845787048339844,-47.558387756347656,1
Kristin's son cleans.,Kristin's son respected.,syntax,argument_structure,drop_argument,True,False,False,False,783,-37.682315826416016,-36.49937438964844,0
Roger does run around.,Roger does fire.,syntax,argument_structure,drop_argument,True,False,False,False,784,-21.26026725769043,-18.01392936706543,0
Amy shouldn't clean.,Amy shouldn't drop by.,syntax,argument_structure,drop_argument,True,False,False,False,785,-19.879274368286133,-27.052597045898438,1
Steven's podiatrists pass.,Steven's podiatrists disliked.,syntax,argument_structure,drop_argument,True,False,False,False,786,-57.961097717285156,-62.59068298339844,1
Susan's nieces weren't climbing up.,Susan's nieces weren't lifting.,syntax,argument_structure,drop_argument,True,False,False,False,787,-55.713356018066406,-55.208580017089844,0
Some girls ascend.,Some girls scared.,syntax,argument_structure,drop_argument,True,False,False,False,788,-27.155193328857422,-20.239089965820312,0
Lori will remember.,Lori will talk to.,syntax,argument_structure,drop_argument,True,False,False,False,789,-27.581104278564453,-30.218698501586914,1
Irene couldn't buy.,Irene couldn't scare.,syntax,argument_structure,drop_argument,True,False,False,False,790,-34.151390075683594,-35.20567321777344,1
Jesus's colleague did investigate.,Jesus's colleague did go to.,syntax,argument_structure,drop_argument,True,False,False,False,791,-38.64548110961914,-37.53251647949219,0
Linda climbed down.,Linda finds.,syntax,argument_structure,drop_argument,True,False,False,False,792,-23.700355529785156,-22.549816131591797,0
Dawn's dermatologists can explore.,Dawn's dermatologists can lift.,syntax,argument_structure,drop_argument,True,False,False,False,793,-58.91401672363281,-57.12575149536133,0
Kirsten might visit.,Kirsten might find.,syntax,argument_structure,drop_argument,True,False,False,False,794,-35.78016662597656,-34.44770050048828,0
Angela wasn't selling.,Angela wasn't finding.,syntax,argument_structure,drop_argument,True,False,False,False,795,-31.111251831054688,-31.672466278076172,1
Kendra visits.,Kendra boasts about.,syntax,argument_structure,drop_argument,True,False,False,False,796,-27.286094665527344,-39.242530822753906,1
Lucille skates around.,Lucille flees from.,syntax,argument_structure,drop_argument,True,False,False,False,797,-34.590049743652344,-36.46262741088867,1
Deanna had explored.,Deanna had revealed.,syntax,argument_structure,drop_argument,True,False,False,False,798,-29.383485794067383,-28.112844467163086,0
Melinda loved.,Melinda looked like.,syntax,argument_structure,drop_argument,True,False,False,False,799,-22.554317474365234,-25.68637466430664,1
All teachers are exploring.,All teachers are complaining about.,syntax,argument_structure,drop_argument,True,False,False,False,800,-26.817394256591797,-29.951583862304688,1
Those boys observe.,Those boys cured.,syntax,argument_structure,drop_argument,True,False,False,False,801,-26.891132354736328,-24.22201919555664,0
Derek has seen.,Derek has talked to.,syntax,argument_structure,drop_argument,True,False,False,False,802,-24.79209327697754,-31.646759033203125,1
Eric attacked.,Eric finds.,syntax,argument_structure,drop_argument,True,False,False,False,803,-14.827459335327148,-14.829782485961914,1
Maria cleans.,Maria conceals.,syntax,argument_structure,drop_argument,True,False,False,False,804,-17.431884765625,-23.671730041503906,1
Janice visits.,Janice examined.,syntax,argument_structure,drop_argument,True,False,False,False,805,-22.961977005004883,-24.579185485839844,1
Irene should remember.,Irene should talk to.,syntax,argument_structure,drop_argument,True,False,False,False,806,-28.216341018676758,-34.05256271362305,1
Julie's colleagues leave.,Julie's colleagues complained about.,syntax,argument_structure,drop_argument,True,False,False,False,807,-35.40697479248047,-43.306304931640625,1
This driver investigates.,This driver conceals.,syntax,argument_structure,drop_argument,True,False,False,False,808,-28.694053649902344,-31.554744720458984,1
Janice's piano teacher explores.,Janice's piano teacher scared.,syntax,argument_structure,drop_argument,True,False,False,False,809,-52.036293029785156,-45.958213806152344,0
Some woman isn't selling.,Some woman isn't wearing.,syntax,argument_structure,drop_argument,True,False,False,False,810,-32.726993560791016,-31.953393936157227,0
Christine's mentees watched.,Christine's mentees reference.,syntax,argument_structure,drop_argument,True,False,False,False,811,-49.0670051574707,-49.3289794921875,1
A customer hasn't forgotten.,A customer hasn't gone to.,syntax,argument_structure,drop_argument,True,False,False,False,812,-32.12300109863281,-34.86821746826172,1
Debra does observe.,Debra does complain about.,syntax,argument_structure,drop_argument,True,False,False,False,813,-30.937170028686523,-34.77088165283203,1
That patient's supervisors remember.,That patient's supervisors cured.,syntax,argument_structure,drop_argument,True,False,False,False,814,-44.71046447753906,-47.548919677734375,1
Becca's partners clean.,Becca's partners find.,syntax,argument_structure,drop_argument,True,False,False,False,815,-37.048728942871094,-38.253334045410156,1
Michelle's friends sell.,Michelle's friends escaped from.,syntax,argument_structure,drop_argument,True,False,False,False,816,-26.95075225830078,-31.700178146362305,1
Sabrina hadn't exited.,Sabrina hadn't walked through.,syntax,argument_structure,drop_argument,True,False,False,False,817,-37.94341278076172,-38.24967956542969,1
This man does see.,This man does admire.,syntax,argument_structure,drop_argument,True,False,False,False,818,-24.786205291748047,-30.77581787109375,1
Laura's partners sell.,Laura's partners respected.,syntax,argument_structure,drop_argument,True,False,False,False,819,-31.15279769897461,-31.153732299804688,1
Many children's electrician was ascending.,Many children's electrician was talking about.,syntax,argument_structure,drop_argument,True,False,False,False,820,-52.58720397949219,-51.33489990234375,0
Matt won't love.,Matt won't drive to.,syntax,argument_structure,drop_argument,True,False,False,False,821,-15.270207405090332,-21.719715118408203,1
Winston Churchill has descended.,Winston Churchill has returned to.,syntax,argument_structure,drop_argument,True,False,False,False,822,-42.32554244995117,-43.71757125854492,1
James hasn't left.,James hasn't disliked.,syntax,argument_structure,drop_argument,True,False,False,False,823,-20.566425323486328,-25.689271926879883,1
John descended.,John listened to.,syntax,argument_structure,drop_argument,True,False,False,False,824,-15.200691223144531,-19.839065551757812,1
Every mother of Melinda ascends.,Every mother of Melinda likes.,syntax,argument_structure,drop_argument,True,False,False,False,825,-50.92192077636719,-44.656028747558594,0
Wendy explored.,Wendy drove to.,syntax,argument_structure,drop_argument,True,False,False,False,826,-28.582294464111328,-32.94660186767578,1
The cats descend.,The cats found.,syntax,argument_structure,drop_argument,True,False,False,False,827,-26.739032745361328,-21.613788604736328,0
Many waitresses descend.,Many waitresses flee from.,syntax,argument_structure,drop_argument,True,False,False,False,828,-37.99021911621094,-47.93065643310547,1
April couldn't investigate.,April couldn't go to.,syntax,argument_structure,drop_argument,True,False,False,False,829,-23.800020217895508,-21.545303344726562,0
A grandson of Jill loves.,A grandson of Jill works with.,syntax,argument_structure,drop_argument,True,False,False,False,830,-41.78231430053711,-46.92840576171875,1
Candice's students exited.,Candice's students complain about.,syntax,argument_structure,drop_argument,True,False,False,False,831,-42.50154495239258,-44.82770538330078,1
Claire hasn't attacked.,Claire hasn't fled from.,syntax,argument_structure,drop_argument,True,False,False,False,832,-34.81495666503906,-40.241455078125,1
Alicia is running around.,Alicia is finding.,syntax,argument_structure,drop_argument,True,False,False,False,833,-35.67267608642578,-36.92704772949219,1
Samuel wasn't climbing down.,Samuel wasn't curing.,syntax,argument_structure,drop_argument,True,False,False,False,834,-36.932899475097656,-38.15989685058594,1
Nina watched.,Nina escaped from.,syntax,argument_structure,drop_argument,True,False,False,False,835,-22.896198272705078,-28.67824935913086,1
Most people watch.,Most people work with.,syntax,argument_structure,drop_argument,True,False,False,False,836,-17.794748306274414,-22.724227905273438,1
Diane had toured.,Diane had fled from.,syntax,argument_structure,drop_argument,True,False,False,False,837,-33.6143798828125,-37.60377502441406,1
Alice's nephew exits.,Alice's nephew goes to.,syntax,argument_structure,drop_argument,True,False,False,False,838,-30.794864654541016,-31.008541107177734,1
Lawrence's contractor remembers.,Lawrence's contractor drives to.,syntax,argument_structure,drop_argument,True,False,False,False,839,-43.21113967895508,-47.44724655151367,1
Janice couldn't know.,Janice couldn't go to.,syntax,argument_structure,drop_argument,True,False,False,False,840,-22.018918991088867,-27.95561981201172,1
All doctors' mentees descend.,All doctors' mentees worked with.,syntax,argument_structure,drop_argument,True,False,False,False,841,-56.21144104003906,-58.225223541259766,1
Kathleen's brothers didn't ascend.,Kathleen's brothers didn't complain about.,syntax,argument_structure,drop_argument,True,False,False,False,842,-56.0968017578125,-56.02381134033203,0
Russell approaches.,Russell revealed.,syntax,argument_structure,drop_argument,True,False,False,False,843,-15.023913383483887,-15.646744728088379,1
Jodi did exit.,Jodi did talk to.,syntax,argument_structure,drop_argument,True,False,False,False,844,-33.461891174316406,-32.203678131103516,0
Every pedestrian buys.,Every pedestrian likes.,syntax,argument_structure,drop_argument,True,False,False,False,845,-28.295433044433594,-27.922536849975586,0
Waitresses' ex-husbands skate around.,Waitresses' ex-husbands arrive at.,syntax,argument_structure,drop_argument,True,False,False,False,846,-80.33940887451172,-77.86520385742188,0
Janet hadn't explored.,Janet hadn't disliked.,syntax,argument_structure,drop_argument,True,False,False,False,847,-34.820404052734375,-35.10835647583008,1
Teresa watches.,Teresa worked with.,syntax,argument_structure,drop_argument,True,False,False,False,848,-25.47650146484375,-30.339645385742188,1
That patient exited.,That patient lifted.,syntax,argument_structure,drop_argument,True,False,False,False,849,-30.979331970214844,-28.43881607055664,0
Bradley approaches.,Bradley fired.,syntax,argument_structure,drop_argument,True,False,False,False,850,-21.10222625732422,-18.841346740722656,0
Valerie did forget.,Valerie did talk about.,syntax,argument_structure,drop_argument,True,False,False,False,851,-29.486907958984375,-31.741518020629883,1
Aaron hadn't approached.,Aaron hadn't admired.,syntax,argument_structure,drop_argument,True,False,False,False,852,-24.571121215820312,-24.842777252197266,1
Alexander would help.,Alexander would admire.,syntax,argument_structure,drop_argument,True,False,False,False,853,-13.34880256652832,-18.898696899414062,1
Debra couldn't know.,Debra couldn't cure.,syntax,argument_structure,drop_argument,True,False,False,False,854,-23.39615249633789,-30.993228912353516,1
Brenda observed.,Brenda flees from.,syntax,argument_structure,drop_argument,True,False,False,False,855,-18.89191246032715,-30.12087059020996,1
Claire might sell.,Claire might drop by.,syntax,argument_structure,drop_argument,True,False,False,False,856,-29.537322998046875,-36.13433074951172,1
Keith sold.,Keith dislikes.,syntax,argument_structure,drop_argument,True,False,False,False,857,-13.980939865112305,-25.002574920654297,1
Sheila's teacher climbed up.,Sheila's teacher returned to.,syntax,argument_structure,drop_argument,True,False,False,False,858,-40.612709045410156,-42.5746955871582,1
Michael's dermatologists left.,Michael's dermatologists admired.,syntax,argument_structure,drop_argument,True,False,False,False,859,-41.298553466796875,-45.341087341308594,1
Most cashiers exit.,Most cashiers drive to.,syntax,argument_structure,drop_argument,True,False,False,False,860,-34.021484375,-39.80384826660156,1
A lot of drivers remembered.,A lot of drivers go to.,syntax,argument_structure,drop_argument,True,False,False,False,861,-36.76744079589844,-37.56779861450195,1
Tamara explores.,Tamara bikes to.,syntax,argument_structure,drop_argument,True,False,False,False,862,-25.846508026123047,-33.02943801879883,1
Laurie approached.,Laurie talks about.,syntax,argument_structure,drop_argument,True,False,False,False,863,-27.88768768310547,-30.734155654907227,1
Susan's partners were skated around.,Susan's partners were working with.,syntax,argument_structure,drop_argument,True,False,False,False,864,-46.86988067626953,-35.50408935546875,0
Gary is approaching.,Gary is concealing.,syntax,argument_structure,drop_argument,True,False,False,False,865,-17.129592895507812,-28.142765045166016,1
Allison has observed.,Allison has scared.,syntax,argument_structure,drop_argument,True,False,False,False,866,-29.20636749267578,-28.313323974609375,0
Rachelle sees.,Rachelle wears.,syntax,argument_structure,drop_argument,True,False,False,False,867,-25.747920989990234,-25.655166625976562,0
These schools help.,These schools looked like.,syntax,argument_structure,drop_argument,True,False,False,False,868,-23.660400390625,-28.642356872558594,1
A lot of mothers of Carol skate around.,A lot of mothers of Carol bike to.,syntax,argument_structure,drop_argument,True,False,False,False,869,-60.127925872802734,-59.71111297607422,0
Renee ascended.,Renee fled from.,syntax,argument_structure,drop_argument,True,False,False,False,870,-23.73936653137207,-28.55457305908203,1
Most nieces of many people observe.,Most nieces of many people walk through.,syntax,argument_structure,drop_argument,True,False,False,False,871,-53.26795196533203,-55.302066802978516,1
Martin's granddaughter can attack.,Martin's granddaughter can resemble.,syntax,argument_structure,drop_argument,True,False,False,False,872,-34.69965744018555,-39.60443878173828,1
Some committees buy.,Some committees boasted about.,syntax,argument_structure,drop_argument,True,False,False,False,873,-29.426084518432617,-37.17076110839844,1
Ronald was attacking.,Ronald was listening to.,syntax,argument_structure,drop_argument,True,False,False,False,874,-26.578453063964844,-28.992332458496094,1
Beverly can't watch.,Beverly can't fire.,syntax,argument_structure,drop_argument,True,False,False,False,875,-36.816925048828125,-37.91548538208008,1
Some boy wouldn't know.,Some boy wouldn't dislike.,syntax,argument_structure,drop_argument,True,False,False,False,876,-22.466449737548828,-29.870201110839844,1
Rodney should skate around.,Rodney should reveal.,syntax,argument_structure,drop_argument,True,False,False,False,877,-36.32572937011719,-28.64366340637207,0
Sharon climbs up.,Sharon listened to.,syntax,argument_structure,drop_argument,True,False,False,False,878,-25.020381927490234,-28.16663360595703,1
Some woman has seen.,Some woman has talked about.,syntax,argument_structure,drop_argument,True,False,False,False,879,-21.470481872558594,-28.91769027709961,1
Eva forgets.,Eva found.,syntax,argument_structure,drop_argument,True,False,False,False,880,-20.79229164123535,-14.025208473205566,0
Stephanie's colleague climbs down.,Stephanie's colleague disagrees with.,syntax,argument_structure,drop_argument,True,False,False,False,881,-47.7999153137207,-52.653900146484375,1
Boys' mentee exited.,Boys' mentee talks about.,syntax,argument_structure,drop_argument,True,False,False,False,882,-51.44340133666992,-51.33058166503906,0
Mitchell was skated around.,Mitchell was escaping from.,syntax,argument_structure,drop_argument,True,False,False,False,883,-42.319602966308594,-37.087745666503906,0
Emily does help.,Emily does look like.,syntax,argument_structure,drop_argument,True,False,False,False,884,-16.398086547851562,-19.336349487304688,1
This teenager's supervisors run around.,This teenager's supervisors wore.,syntax,argument_structure,drop_argument,True,False,False,False,885,-47.86798095703125,-47.36144256591797,0
Rhonda investigated.,Rhonda boasts about.,syntax,argument_structure,drop_argument,True,False,False,False,886,-27.47541046142578,-34.649147033691406,1
A guest is cleaning.,A guest is concealing.,syntax,argument_structure,drop_argument,True,False,False,False,887,-28.042695999145508,-39.7133903503418,1
Jacqueline might explore.,Jacqueline might work with.,syntax,argument_structure,drop_argument,True,False,False,False,888,-35.881561279296875,-40.737640380859375,1
Connie's nephews have ascended.,Connie's nephews have escaped from.,syntax,argument_structure,drop_argument,True,False,False,False,889,-48.60760498046875,-50.3648681640625,1
The mothers of Kristin exit.,The mothers of Kristin care for.,syntax,argument_structure,drop_argument,True,False,False,False,890,-46.54884338378906,-50.0085563659668,1
Some nephew of Christine does leave.,Some nephew of Christine does reference.,syntax,argument_structure,drop_argument,True,False,False,False,891,-45.19086456298828,-49.38807678222656,1
Rachel had ascended.,Rachel had argued about.,syntax,argument_structure,drop_argument,True,False,False,False,892,-20.184810638427734,-28.73023796081543,1
Sonia's father approaches.,Sonia's father cures.,syntax,argument_structure,drop_argument,True,False,False,False,893,-36.790771484375,-39.017452239990234,1
Tamara tours.,Tamara returned to.,syntax,argument_structure,drop_argument,True,False,False,False,894,-23.622745513916016,-27.73388671875,1
Danielle's dermatologist isn't leaving.,Danielle's dermatologist isn't driving to.,syntax,argument_structure,drop_argument,True,False,False,False,895,-58.120765686035156,-63.799068450927734,1
Every lady has known.,Every lady has complained about.,syntax,argument_structure,drop_argument,True,False,False,False,896,-24.511295318603516,-32.43584442138672,1
Most daughters of Todd attack.,Most daughters of Todd wore.,syntax,argument_structure,drop_argument,True,False,False,False,897,-38.04503631591797,-40.64927673339844,1
The person can tour.,The person can complain about.,syntax,argument_structure,drop_argument,True,False,False,False,898,-26.620037078857422,-29.025789260864258,1
Denise skates around.,Denise finds.,syntax,argument_structure,drop_argument,True,False,False,False,899,-33.262481689453125,-22.0115909576416,0
Kathleen has exited.,Kathleen has argued about.,syntax,argument_structure,drop_argument,True,False,False,False,900,-41.374717712402344,-46.157066345214844,1
The doctors could remember.,The doctors could care for.,syntax,argument_structure,drop_argument,True,False,False,False,901,-22.969165802001953,-29.543087005615234,1
The waitress remembers.,The waitress admired.,syntax,argument_structure,drop_argument,True,False,False,False,902,-26.648099899291992,-26.192211151123047,0
Stephanie didn't approach.,Stephanie didn't lift.,syntax,argument_structure,drop_argument,True,False,False,False,903,-35.95441818237305,-33.90947341918945,0
Many pedestrians explore.,Many pedestrians talked to.,syntax,argument_structure,drop_argument,True,False,False,False,904,-29.02165412902832,-31.089115142822266,1
Allison's cousin hadn't attacked.,Allison's cousin hadn't respected.,syntax,argument_structure,drop_argument,True,False,False,False,905,-49.750946044921875,-50.1562614440918,1
Melissa isn't exploring.,Melissa isn't firing.,syntax,argument_structure,drop_argument,True,False,False,False,906,-32.32320785522461,-30.811676025390625,0
Some daughter of Ronald won't sell.,Some daughter of Ronald won't admire.,syntax,argument_structure,drop_argument,True,False,False,False,907,-46.337684631347656,-51.40022277832031,1
Tanya had climbed up.,Tanya had disliked.,syntax,argument_structure,drop_argument,True,False,False,False,908,-31.891204833984375,-31.791349411010742,0
This grandfather of this cashier forgets.,This grandfather of this cashier biked to.,syntax,argument_structure,drop_argument,True,False,False,False,909,-55.9639892578125,-68.3537826538086,1
Rachel exits.,Rachel boasts about.,syntax,argument_structure,drop_argument,True,False,False,False,910,-14.6348876953125,-24.93011474609375,1
Amelia attacks.,Amelia talks about.,syntax,argument_structure,drop_argument,True,False,False,False,911,-24.629199981689453,-26.384544372558594,1
A lot of doctors visit.,A lot of doctors cared for.,syntax,argument_structure,drop_argument,True,False,False,False,912,-33.991310119628906,-38.641807556152344,1
Bethany explores.,Bethany conceals.,syntax,argument_structure,drop_argument,True,False,False,False,913,-33.988521575927734,-38.08815002441406,1
Dan had passed.,Dan had resembled.,syntax,argument_structure,drop_argument,True,False,False,False,914,-15.682537078857422,-22.35394287109375,1
Mary ran around.,Mary complained about.,syntax,argument_structure,drop_argument,True,False,False,False,915,-18.230884552001953,-21.174617767333984,1
Randolf exits.,Randolf returns to.,syntax,argument_structure,drop_argument,True,False,False,False,916,-24.188846588134766,-28.481300354003906,1
Benjamin had explored.,Benjamin had concealed.,syntax,argument_structure,drop_argument,True,False,False,False,917,-29.074382781982422,-28.416975021362305,0
Kendra watches.,Kendra drops by.,syntax,argument_structure,drop_argument,True,False,False,False,918,-26.506938934326172,-35.89117431640625,1
Michael's ex-girlfriends watch.,Michael's ex-girlfriends look like.,syntax,argument_structure,drop_argument,True,False,False,False,919,-45.66250991821289,-49.62153625488281,1
Maria ascends.,Maria conceals.,syntax,argument_structure,drop_argument,True,False,False,False,920,-25.00292205810547,-23.671730041503906,0
Monica investigated.,Monica referenced.,syntax,argument_structure,drop_argument,True,False,False,False,921,-24.952014923095703,-26.659164428710938,1
Most women ascend.,Most women returned to.,syntax,argument_structure,drop_argument,True,False,False,False,922,-26.51422882080078,-27.315507888793945,1
Deanna can't pass.,Deanna can't look like.,syntax,argument_structure,drop_argument,True,False,False,False,923,-25.089202880859375,-27.102876663208008,1
Richard bought.,Richard returned to.,syntax,argument_structure,drop_argument,True,False,False,False,924,-14.991226196289062,-18.391586303710938,1
Steve wouldn't leave.,Steve wouldn't drop by.,syntax,argument_structure,drop_argument,True,False,False,False,925,-17.51462173461914,-25.890830993652344,1
Helen can climb up.,Helen can look like.,syntax,argument_structure,drop_argument,True,False,False,False,926,-24.01262664794922,-24.927730560302734,1
Some cashiers clean.,Some cashiers concealed.,syntax,argument_structure,drop_argument,True,False,False,False,927,-33.16278076171875,-34.60968780517578,1
A lot of daughters of Erin descend.,A lot of daughters of Erin arrived at.,syntax,argument_structure,drop_argument,True,False,False,False,928,-51.672733306884766,-55.23052978515625,1
Elaine isn't approaching.,Elaine isn't biking to.,syntax,argument_structure,drop_argument,True,False,False,False,929,-33.8731689453125,-42.54256057739258,1
Wendy doesn't climb down.,Wendy doesn't argue about.,syntax,argument_structure,drop_argument,True,False,False,False,930,-35.5704345703125,-37.532379150390625,1
Caroline has forgotten.,Caroline has looked like.,syntax,argument_structure,drop_argument,True,False,False,False,931,-25.163633346557617,-31.842121124267578,1
The cashier had approached.,The cashier had revealed.,syntax,argument_structure,drop_argument,True,False,False,False,932,-34.77864074707031,-35.430458068847656,1
Martha's wife approaches.,Martha's wife wears.,syntax,argument_structure,drop_argument,True,False,False,False,933,-35.868064880371094,-36.73780059814453,1
Galileo's colleague loved.,Galileo's colleague concealed.,syntax,argument_structure,drop_argument,True,False,False,False,934,-46.532508850097656,-48.22767639160156,1
Margaret is visiting.,Margaret is talking to.,syntax,argument_structure,drop_argument,True,False,False,False,935,-26.73609733581543,-26.896568298339844,1
That granddaughter of Linda had run around.,That granddaughter of Linda had concealed.,syntax,argument_structure,drop_argument,True,False,False,False,936,-49.26625442504883,-48.911956787109375,0
George has helped.,George has fired.,syntax,argument_structure,drop_argument,True,False,False,False,937,-18.94529914855957,-18.199466705322266,0
Donna wouldn't exit.,Donna wouldn't cure.,syntax,argument_structure,drop_argument,True,False,False,False,938,-31.030467987060547,-28.836353302001953,0
Those customers attacked.,Those customers respected.,syntax,argument_structure,drop_argument,True,False,False,False,939,-26.401206970214844,-27.50518798828125,1
Valerie helps.,Valerie returned to.,syntax,argument_structure,drop_argument,True,False,False,False,940,-26.20178985595703,-28.98190689086914,1
Every boy observes.,Every boy worked with.,syntax,argument_structure,drop_argument,True,False,False,False,941,-24.09239959716797,-24.880550384521484,1
Ella's French teachers bought.,Ella's French teachers go to.,syntax,argument_structure,drop_argument,True,False,False,False,942,-49.13935852050781,-49.87891387939453,1
Marcus wouldn't ascend.,Marcus wouldn't cure.,syntax,argument_structure,drop_argument,True,False,False,False,943,-24.822345733642578,-21.871448516845703,0
Cats hadn't climbed up.,Cats hadn't found.,syntax,argument_structure,drop_argument,True,False,False,False,944,-34.88631820678711,-29.633939743041992,0
Valerie climbed down.,Valerie sounds like.,syntax,argument_structure,drop_argument,True,False,False,False,945,-27.200191497802734,-26.858421325683594,0
Veronica explores.,Veronica bikes to.,syntax,argument_structure,drop_argument,True,False,False,False,946,-30.730770111083984,-36.8591194152832,1
Marcus had left.,Marcus had boasted about.,syntax,argument_structure,drop_argument,True,False,False,False,947,-15.821391105651855,-28.197473526000977,1
Grace's piano teachers run around.,Grace's piano teachers respect.,syntax,argument_structure,drop_argument,True,False,False,False,948,-51.14176940917969,-50.71839141845703,0
The Clintons should forget.,The Clintons should bike to.,syntax,argument_structure,drop_argument,True,False,False,False,949,-32.07263946533203,-44.6173095703125,1
John isn't leaving.,John isn't lifting.,syntax,argument_structure,drop_argument,True,False,False,False,950,-21.270448684692383,-23.370590209960938,1
Donna knows.,Donna boasted about.,syntax,argument_structure,drop_argument,True,False,False,False,951,-20.078166961669922,-29.99342155456543,1
Bruce's senator didn't climb up.,Bruce's senator didn't reference.,syntax,argument_structure,drop_argument,True,False,False,False,952,-36.86426544189453,-39.926029205322266,1
All customers' dermatologists should observe.,All customers' dermatologists should go to.,syntax,argument_structure,drop_argument,True,False,False,False,953,-63.088748931884766,-62.933589935302734,0
All waiters clean.,All waiters listened to.,syntax,argument_structure,drop_argument,True,False,False,False,954,-31.266117095947266,-38.9951171875,1
Those men's senators leave.,Those men's senators drop by.,syntax,argument_structure,drop_argument,True,False,False,False,955,-38.84511184692383,-48.66284942626953,1
Kristen wasn't ascending.,Kristen wasn't dropping by.,syntax,argument_structure,drop_argument,True,False,False,False,956,-32.61441421508789,-37.72713088989258,1
Roger's piano teacher loves.,Roger's piano teacher wears.,syntax,argument_structure,drop_argument,True,False,False,False,957,-38.32992172241211,-38.916900634765625,1
Jane ran around.,Jane dropped by.,syntax,argument_structure,drop_argument,True,False,False,False,958,-18.327247619628906,-19.99637794494629,1
Tonya buys.,Tonya talked about.,syntax,argument_structure,drop_argument,True,False,False,False,959,-22.227046966552734,-24.07742691040039,1
Meredith had ascended.,Meredith had examined.,syntax,argument_structure,drop_argument,True,False,False,False,960,-34.7230224609375,-32.98521423339844,0
Many nieces of Rebecca weren't buying.,Many nieces of Rebecca weren't biking to.,syntax,argument_structure,drop_argument,True,False,False,False,961,-64.87596893310547,-72.72024536132812,1
The Impressionists investigate.,The Impressionists wear.,syntax,argument_structure,drop_argument,True,False,False,False,962,-43.7825927734375,-42.916473388671875,0
Gregory hasn't seen.,Gregory hasn't concealed.,syntax,argument_structure,drop_argument,True,False,False,False,963,-28.166629791259766,-35.19209289550781,1
Anna's ex-husband won't exit.,Anna's ex-husband won't boast about.,syntax,argument_structure,drop_argument,True,False,False,False,964,-47.849754333496094,-51.191497802734375,1
Tanya runs around.,Tanya lifted.,syntax,argument_structure,drop_argument,True,False,False,False,965,-27.332164764404297,-27.249252319335938,0
Paula isn't observing.,Paula isn't scaring.,syntax,argument_structure,drop_argument,True,False,False,False,966,-31.362674713134766,-33.25387191772461,1
Marie had run around.,Marie had listened to.,syntax,argument_structure,drop_argument,True,False,False,False,967,-22.15825843811035,-23.566177368164062,1
James's hairdresser investigates.,James's hairdresser cares for.,syntax,argument_structure,drop_argument,True,False,False,False,968,-46.59600067138672,-48.33788299560547,1
Gary's mother saw.,Gary's mother scares.,syntax,argument_structure,drop_argument,True,False,False,False,969,-26.177574157714844,-30.057357788085938,1
Hamsters climb up.,Hamsters look like.,syntax,argument_structure,drop_argument,True,False,False,False,970,-25.98239517211914,-26.258346557617188,1
Larry can't skate around.,Larry can't bike to.,syntax,argument_structure,drop_argument,True,False,False,False,971,-27.86122703552246,-27.303264617919922,0
The actors leave.,The actors lifted.,syntax,argument_structure,drop_argument,True,False,False,False,972,-24.23569107055664,-25.720417022705078,1
Aaron was climbing up.,Aaron was referencing.,syntax,argument_structure,drop_argument,True,False,False,False,973,-18.804201126098633,-22.37578773498535,1
Sheila's dentists watch.,Sheila's dentists look like.,syntax,argument_structure,drop_argument,True,False,False,False,974,-49.958797454833984,-53.74898147583008,1
This customer's electrician won't visit.,This customer's electrician won't go to.,syntax,argument_structure,drop_argument,True,False,False,False,975,-55.236900329589844,-55.47565460205078,1
Kevin cleans.,Kevin escaped from.,syntax,argument_structure,drop_argument,True,False,False,False,976,-15.979251861572266,-20.554689407348633,1
A lot of actresses could forget.,A lot of actresses could boast about.,syntax,argument_structure,drop_argument,True,False,False,False,977,-43.14901351928711,-50.009830474853516,1
Sara's colleagues love.,Sara's colleagues resemble.,syntax,argument_structure,drop_argument,True,False,False,False,978,-38.399383544921875,-43.99418640136719,1
Grace should sell.,Grace should complain about.,syntax,argument_structure,drop_argument,True,False,False,False,979,-26.269994735717773,-32.18815612792969,1
Cindy hasn't passed.,Cindy hasn't listened to.,syntax,argument_structure,drop_argument,True,False,False,False,980,-33.2816047668457,-38.79755783081055,1
Dancers clean.,Dancers liked.,syntax,argument_structure,drop_argument,True,False,False,False,981,-27.224388122558594,-27.03140640258789,0
Erin remembers.,Erin likes.,syntax,argument_structure,drop_argument,True,False,False,False,982,-22.709091186523438,-22.715999603271484,1
Kristin should know.,Kristin should look like.,syntax,argument_structure,drop_argument,True,False,False,False,983,-20.659915924072266,-26.24212646484375,1
A lot of teachers have visited.,A lot of teachers have talked about.,syntax,argument_structure,drop_argument,True,False,False,False,984,-38.41783142089844,-37.647705078125,0
A student skates around.,A student likes.,syntax,argument_structure,drop_argument,True,False,False,False,985,-39.89769744873047,-28.756824493408203,0
Michelle has remembered.,Michelle has fired.,syntax,argument_structure,drop_argument,True,False,False,False,986,-18.97446060180664,-18.38187599182129,0
A lady hadn't climbed down.,A lady hadn't walked through.,syntax,argument_structure,drop_argument,True,False,False,False,987,-35.771854400634766,-34.84060287475586,0
Many doctors skate around.,Many doctors go to.,syntax,argument_structure,drop_argument,True,False,False,False,988,-33.116233825683594,-25.199569702148438,0
Some girl passed.,Some girl cures.,syntax,argument_structure,drop_argument,True,False,False,False,989,-22.026960372924805,-25.534027099609375,1
Ronald's piano teacher hadn't known.,Ronald's piano teacher hadn't driven to.,syntax,argument_structure,drop_argument,True,False,False,False,990,-56.545188903808594,-64.98963928222656,1
Laura explored.,Laura biked to.,syntax,argument_structure,drop_argument,True,False,False,False,991,-16.90778160095215,-29.082468032836914,1
The customer climbed down.,The customer went to.,syntax,argument_structure,drop_argument,True,False,False,False,992,-26.67516326904297,-25.23186683654785,0
Kevin hadn't exited.,Kevin hadn't respected.,syntax,argument_structure,drop_argument,True,False,False,False,993,-26.824970245361328,-25.442649841308594,0
Jill's French teacher had observed.,Jill's French teacher had looked like.,syntax,argument_structure,drop_argument,True,False,False,False,994,-48.72380065917969,-51.38521957397461,1
Ruth has explored.,Ruth has gone to.,syntax,argument_structure,drop_argument,True,False,False,False,995,-28.2872371673584,-26.85366439819336,0
All waiters had toured.,All waiters had resembled.,syntax,argument_structure,drop_argument,True,False,False,False,996,-42.35399627685547,-42.61052703857422,1
Omar sells.,Omar conceals.,syntax,argument_structure,drop_argument,True,False,False,False,997,-29.058197021484375,-32.76130294799805,1
Homer would explore.,Homer would sound like.,syntax,argument_structure,drop_argument,True,False,False,False,998,-31.181293487548828,-32.877994537353516,1
Theodore was running around.,Theodore was firing.,syntax,argument_structure,drop_argument,True,False,False,False,999,-28.3983211517334,-25.99978256225586,0
