sentence_good,sentence_bad,field,linguistics_term,UID,simple_LM_method,one_prefix_method,two_prefix_method,lexically_identical,pair_id,good_prob,bad_prob,correct
Rebecca was criticizing those good documentaries.,Rebecca was criticizing those good documentary.,morphology,determiner_noun_agreement,determiner_noun_agreement_with_adjective_1,True,True,False,True,0,-59.4554328918457,-56.491004943847656,0
Some college campus embarrassed those bad legislatures.,Some college campus embarrassed those bad legislature.,morphology,determiner_noun_agreement,determiner_noun_agreement_with_adjective_1,True,True,False,True,1,-65.4337387084961,-64.16759490966797,0
All men weren't questioning these unemployed cashiers.,All men weren't questioning these unemployed cashier.,morphology,determiner_noun_agreement,determiner_noun_agreement_with_adjective_1,True,True,False,True,2,-72.30537414550781,-70.32305908203125,0
Sara hasn't bored this displeased senator.,Sara hasn't bored this displeased senators.,morphology,determiner_noun_agreement,determiner_noun_agreement_with_adjective_1,True,True,False,True,3,-69.097900390625,-70.09420013427734,1
A lot of pedestrians kiss this displeased teenager.,A lot of pedestrians kiss this displeased teenagers.,morphology,determiner_noun_agreement,determiner_noun_agreement_with_adjective_1,True,True,False,True,4,-76.3017578125,-74.79535675048828,0
James is healing this uncertain actress.,James is healing this uncertain actresses.,morphology,determiner_noun_agreement,determiner_noun_agreement_with_adjective_1,True,True,False,True,5,-44.60514831542969,-45.46354675292969,1
Diane should complain about these unconvinced drivers.,Diane should complain about these unconvinced driver.,morphology,determiner_noun_agreement,determiner_noun_agreement_with_adjective_1,True,True,False,True,6,-74.43943786621094,-74.09345245361328,0
Phillip liked that smooth horse.,Phillip liked that smooth horses.,morphology,determiner_noun_agreement,determiner_noun_agreement_with_adjective_1,True,True,False,True,7,-46.51646041870117,-45.942665100097656,0
Tracy praises those lucky guys.,Tracy praises those lucky guy.,morphology,determiner_noun_agreement,determiner_noun_agreement_with_adjective_1,True,True,False,True,8,-54.91456985473633,-56.007869720458984,1
A doctor had returned to these fast girls.,A doctor had returned to these fast girl.,morphology,determiner_noun_agreement,determiner_noun_agreement_with_adjective_1,True,True,False,True,9,-55.994232177734375,-56.43157196044922,1
A lot of drawings had irritated those clean hospitals.,A lot of drawings had irritated those clean hospital.,morphology,determiner_noun_agreement,determiner_noun_agreement_with_adjective_1,True,True,False,True,10,-73.0723876953125,-71.69243621826172,0
Many customers do clean those yellow plates.,Many customers do clean those yellow plate.,morphology,determiner_noun_agreement,determiner_noun_agreement_with_adjective_1,True,True,False,True,11,-51.45358657836914,-52.268733978271484,1
Scott hadn't fired that uncertain actor.,Scott hadn't fired that uncertain actors.,morphology,determiner_noun_agreement,determiner_noun_agreement_with_adjective_1,True,True,False,True,12,-55.884708404541016,-55.4244499206543,0
Many men have these messy cups.,Many men have these messy cup.,morphology,determiner_noun_agreement,determiner_noun_agreement_with_adjective_1,True,True,False,True,13,-45.443267822265625,-45.37178421020508,0
Martha shouldn't upset these excited doctors.,Martha shouldn't upset these excited doctor.,morphology,determiner_noun_agreement,determiner_noun_agreement_with_adjective_1,True,True,False,True,14,-63.26538848876953,-63.71910858154297,1
Many teachers should appreciate that bad play.,Many teachers should appreciate that bad plays.,morphology,determiner_noun_agreement,determiner_noun_agreement_with_adjective_1,True,True,False,True,15,-46.481468200683594,-46.96019744873047,1
All bikes embarrass those uncertain teenagers.,All bikes embarrass those uncertain teenager.,morphology,determiner_noun_agreement,determiner_noun_agreement_with_adjective_1,True,True,False,True,16,-58.23164749145508,-61.11761474609375,1
Bruce criticizes that happy lady.,Bruce criticizes that happy ladies.,morphology,determiner_noun_agreement,determiner_noun_agreement_with_adjective_1,True,True,False,True,17,-50.3361701965332,-50.898765563964844,1
Some man hugs these good actresses.,Some man hugs these good actress.,morphology,determiner_noun_agreement,determiner_noun_agreement_with_adjective_1,True,True,False,True,18,-51.31321716308594,-49.571449279785156,0
Turtles aggravated these important associations.,Turtles aggravated these important association.,morphology,determiner_noun_agreement,determiner_noun_agreement_with_adjective_1,True,True,False,True,19,-56.4633903503418,-56.64406204223633,1
Tara fired that uncertain cashier.,Tara fired that uncertain cashiers.,morphology,determiner_noun_agreement,determiner_noun_agreement_with_adjective_1,True,True,False,True,20,-55.47357940673828,-58.74061584472656,1
Becca isn't dropping by this brown art gallery.,Becca isn't dropping by this brown art galleries.,morphology,determiner_noun_agreement,determiner_noun_agreement_with_adjective_1,True,True,False,True,21,-70.55622863769531,-72.0529556274414,1
James was approaching these bad doctors.,James was approaching these bad doctor.,morphology,determiner_noun_agreement,determiner_noun_agreement_with_adjective_1,True,True,False,True,22,-42.706932067871094,-41.715370178222656,0
Those associations will have these old libraries.,Those associations will have these old library.,morphology,determiner_noun_agreement,determiner_noun_agreement_with_adjective_1,True,True,False,True,23,-48.37712860107422,-46.641258239746094,0
A lot of guests notice that troubled waiter.,A lot of guests notice that troubled waiters.,morphology,determiner_noun_agreement,determiner_noun_agreement_with_adjective_1,True,True,False,True,24,-61.42516326904297,-66.60749816894531,1
Tamara attacked these bad boys.,Tamara attacked these bad boy.,morphology,determiner_noun_agreement,determiner_noun_agreement_with_adjective_1,True,True,False,True,25,-43.67427062988281,-44.07520294189453,1
Jesus wears these big shawls.,Jesus wears these big shawl.,morphology,determiner_noun_agreement,determiner_noun_agreement_with_adjective_1,True,True,False,True,26,-48.18415069580078,-46.47472381591797,0
Tara appreciates these displeased teenagers.,Tara appreciates these displeased teenager.,morphology,determiner_noun_agreement,determiner_noun_agreement_with_adjective_1,True,True,False,True,27,-62.35745620727539,-64.23284912109375,1
Many adults question this bad association.,Many adults question this bad associations.,morphology,determiner_noun_agreement,determiner_noun_agreement_with_adjective_1,True,True,False,True,28,-46.134857177734375,-46.18896484375,1
Men help these uncertain teachers.,Men help these uncertain teacher.,morphology,determiner_noun_agreement,determiner_noun_agreement_with_adjective_1,True,True,False,True,29,-37.70075988769531,-39.11427307128906,1
Jessica investigated these standing dancers.,Jessica investigated these standing dancer.,morphology,determiner_noun_agreement,determiner_noun_agreement_with_adjective_1,True,True,False,True,30,-41.18910598754883,-42.88677215576172,1
Catherine went to this rough art gallery.,Catherine went to this rough art galleries.,morphology,determiner_noun_agreement,determiner_noun_agreement_with_adjective_1,True,True,False,True,31,-57.62464904785156,-58.74998474121094,1
Every drawing annoys that popular pedestrian.,Every drawing annoys that popular pedestrians.,morphology,determiner_noun_agreement,determiner_noun_agreement_with_adjective_1,True,True,False,True,32,-58.67569351196289,-59.10666275024414,1
Rhonda forgot these sick teenagers.,Rhonda forgot these sick teenager.,morphology,determiner_noun_agreement,determiner_noun_agreement_with_adjective_1,True,True,False,True,33,-51.945213317871094,-52.47367858886719,1
Jodi hated these smart guests.,Jodi hated these smart guest.,morphology,determiner_noun_agreement,determiner_noun_agreement_with_adjective_1,True,True,False,True,34,-49.779544830322266,-51.57426452636719,1
Some adults distracts that popular school.,Some adults distracts that popular schools.,morphology,determiner_noun_agreement,determiner_noun_agreement_with_adjective_1,True,True,False,True,35,-54.51303482055664,-52.310062408447266,0
Diana couldn't reveal this important actress.,Diana couldn't reveal this important actresses.,morphology,determiner_noun_agreement,determiner_noun_agreement_with_adjective_1,True,True,False,True,36,-55.20878601074219,-57.143531799316406,1
Tonya helps these out in the open doctors.,Tonya helps these out in the open doctor.,morphology,determiner_noun_agreement,determiner_noun_agreement_with_adjective_1,True,True,False,True,37,-58.064823150634766,-56.089576721191406,0
Joel was complaining about those small adults.,Joel was complaining about those small adult.,morphology,determiner_noun_agreement,determiner_noun_agreement_with_adjective_1,True,True,False,True,38,-47.56540298461914,-48.35592269897461,1
All doctors arrive at these good movie theaters.,All doctors arrive at these good movie theater.,morphology,determiner_noun_agreement,determiner_noun_agreement_with_adjective_1,True,True,False,True,39,-60.884342193603516,-61.08270263671875,1
These women reveal those good libraries.,These women reveal those good library.,morphology,determiner_noun_agreement,determiner_noun_agreement_with_adjective_1,True,True,False,True,40,-45.174049377441406,-45.22585678100586,1
Jessica biked to these red cafes.,Jessica biked to these red cafe.,morphology,determiner_noun_agreement,determiner_noun_agreement_with_adjective_1,True,True,False,True,41,-51.289703369140625,-50.223724365234375,0
Stephanie wasn't distracting those green schools.,Stephanie wasn't distracting those green school.,morphology,determiner_noun_agreement,determiner_noun_agreement_with_adjective_1,True,True,False,True,42,-68.26423645019531,-67.64897155761719,0
That teenager hasn't investigated these fast children.,That teenager hasn't investigated these fast child.,morphology,determiner_noun_agreement,determiner_noun_agreement_with_adjective_1,True,True,False,True,43,-64.51956176757812,-66.35005187988281,1
Kevin described those lost patients.,Kevin described those lost patient.,morphology,determiner_noun_agreement,determiner_noun_agreement_with_adjective_1,True,True,False,True,44,-33.1392707824707,-34.1488037109375,1
A lot of libraries argue about this good brochure.,A lot of libraries argue about this good brochures.,morphology,determiner_noun_agreement,determiner_noun_agreement_with_adjective_1,True,True,False,True,45,-61.672279357910156,-62.33367156982422,1
All museums hadn't known these upset senators.,All museums hadn't known these upset senator.,morphology,determiner_noun_agreement,determiner_noun_agreement_with_adjective_1,True,True,False,True,46,-68.79241943359375,-68.23371124267578,0
Steve will reveal those uncertain boys.,Steve will reveal those uncertain boy.,morphology,determiner_noun_agreement,determiner_noun_agreement_with_adjective_1,True,True,False,True,47,-43.445960998535156,-44.31354522705078,1
Dawn scans this good commentary.,Dawn scans this good commentaries.,morphology,determiner_noun_agreement,determiner_noun_agreement_with_adjective_1,True,True,False,True,48,-49.4026985168457,-58.598541259765625,1
The cat resembled that red sketch.,The cat resembled that red sketches.,morphology,determiner_noun_agreement,determiner_noun_agreement_with_adjective_1,True,True,False,True,49,-52.05707550048828,-53.73979187011719,1
That child sees these rough hospitals.,That child sees these rough hospital.,morphology,determiner_noun_agreement,determiner_noun_agreement_with_adjective_1,True,True,False,True,50,-50.38288116455078,-48.58147430419922,0
Cindy was noticing that concealed rug.,Cindy was noticing that concealed rugs.,morphology,determiner_noun_agreement,determiner_noun_agreement_with_adjective_1,True,True,False,True,51,-60.93008041381836,-61.85063171386719,1
Most customers liked those red pictures.,Most customers liked those red picture.,morphology,determiner_noun_agreement,determiner_noun_agreement_with_adjective_1,True,True,False,True,52,-50.58869552612305,-49.231788635253906,0
Brenda hadn't fixed these broken glasses.,Brenda hadn't fixed these broken glass.,morphology,determiner_noun_agreement,determiner_noun_agreement_with_adjective_1,True,True,False,True,53,-58.923316955566406,-59.163902282714844,1
Laura isn't firing this scared waitress.,Laura isn't firing this scared waitresses.,morphology,determiner_noun_agreement,determiner_noun_agreement_with_adjective_1,True,True,False,True,54,-55.41710662841797,-65.03363037109375,1
Elizabeth shouldn't clean this green bank.,Elizabeth shouldn't clean this green banks.,morphology,determiner_noun_agreement,determiner_noun_agreement_with_adjective_1,True,True,False,True,55,-49.410640716552734,-50.49842834472656,1
Winston Churchill approaches those displeased dancers.,Winston Churchill approaches those displeased dancer.,morphology,determiner_noun_agreement,determiner_noun_agreement_with_adjective_1,True,True,False,True,56,-76.09819030761719,-77.0684814453125,1
Edward criticized those young dancers.,Edward criticized those young dancer.,morphology,determiner_noun_agreement,determiner_noun_agreement_with_adjective_1,True,True,False,True,57,-38.511695861816406,-39.12968826293945,1
Dawn does annoy those brown banks.,Dawn does annoy those brown bank.,morphology,determiner_noun_agreement,determiner_noun_agreement_with_adjective_1,True,True,False,True,58,-61.5966796875,-60.71282196044922,0
All lakes disgust that hidden guest.,All lakes disgust that hidden guests.,morphology,determiner_noun_agreement,determiner_noun_agreement_with_adjective_1,True,True,False,True,59,-58.71300506591797,-56.05640411376953,0
Students had remembered that fast boy.,Students had remembered that fast boys.,morphology,determiner_noun_agreement,determiner_noun_agreement_with_adjective_1,True,True,False,True,60,-42.5130615234375,-42.2824821472168,0
Dan had forgotten that good newspaper article.,Dan had forgotten that good newspaper articles.,morphology,determiner_noun_agreement,determiner_noun_agreement_with_adjective_1,True,True,False,True,61,-46.95509719848633,-48.393524169921875,1
The mirrors shocked that bad university.,The mirrors shocked that bad universities.,morphology,determiner_noun_agreement,determiner_noun_agreement_with_adjective_1,True,True,False,True,62,-53.72675323486328,-53.94108581542969,1
This university was praising those standing guys.,This university was praising those standing guy.,morphology,determiner_noun_agreement,determiner_noun_agreement_with_adjective_1,True,True,False,True,63,-60.188690185546875,-60.44388198852539,1
Carla might remember these delighted doctors.,Carla might remember these delighted doctor.,morphology,determiner_noun_agreement,determiner_noun_agreement_with_adjective_1,True,True,False,True,64,-55.43621826171875,-56.51158142089844,1
Samuel escaped from those young girls.,Samuel escaped from those young girl.,morphology,determiner_noun_agreement,determiner_noun_agreement_with_adjective_1,True,True,False,True,65,-49.57024383544922,-49.35096740722656,0
A lot of museums forget that good girl.,A lot of museums forget that good girls.,morphology,determiner_noun_agreement,determiner_noun_agreement_with_adjective_1,True,True,False,True,66,-55.356178283691406,-56.131038665771484,1
Christopher can drop by that gray movie theater.,Christopher can drop by that gray movie theaters.,morphology,determiner_noun_agreement,determiner_noun_agreement_with_adjective_1,True,True,False,True,67,-59.259056091308594,-58.52607727050781,0
Rhonda wore that popular hat.,Rhonda wore that popular hats.,morphology,determiner_noun_agreement,determiner_noun_agreement_with_adjective_1,True,True,False,True,68,-49.561790466308594,-47.78844451904297,0
Paul was escaping from these upset waitresses.,Paul was escaping from these upset waitress.,morphology,determiner_noun_agreement,determiner_noun_agreement_with_adjective_1,True,True,False,True,69,-59.96751403808594,-51.30134201049805,0
These teachers mess up that purple hospital.,These teachers mess up that purple hospitals.,morphology,determiner_noun_agreement,determiner_noun_agreement_with_adjective_1,True,True,False,True,70,-56.46558380126953,-56.63715744018555,1
Gerald forgets those rough pamphlets.,Gerald forgets those rough pamphlet.,morphology,determiner_noun_agreement,determiner_noun_agreement_with_adjective_1,True,True,False,True,71,-68.33323669433594,-63.29908752441406,0
All actors wear that hard glove.,All actors wear that hard gloves.,morphology,determiner_noun_agreement,determiner_noun_agreement_with_adjective_1,True,True,False,True,72,-51.30980682373047,-49.75806427001953,0
Wendy drops by that hidden art gallery.,Wendy drops by that hidden art galleries.,morphology,determiner_noun_agreement,determiner_noun_agreement_with_adjective_1,True,True,False,True,73,-67.69708251953125,-67.79505157470703,1
These gloves have scared those troubled actresses.,These gloves have scared those troubled actress.,morphology,determiner_noun_agreement,determiner_noun_agreement_with_adjective_1,True,True,False,True,74,-60.670928955078125,-60.70270919799805,1
Rodney took those hard glasses.,Rodney took those hard glass.,morphology,determiner_noun_agreement,determiner_noun_agreement_with_adjective_1,True,True,False,True,75,-45.11180114746094,-46.678443908691406,1
Some adults sell those purple forks.,Some adults sell those purple fork.,morphology,determiner_noun_agreement,determiner_noun_agreement_with_adjective_1,True,True,False,True,76,-51.99510955810547,-51.53428649902344,0
All girls break these small dishes.,All girls break these small dish.,morphology,determiner_noun_agreement,determiner_noun_agreement_with_adjective_1,True,True,False,True,77,-45.14835739135742,-47.001922607421875,1
These women forget those lost senators.,These women forget those lost senator.,morphology,determiner_noun_agreement,determiner_noun_agreement_with_adjective_1,True,True,False,True,78,-48.723777770996094,-47.79984664916992,0
George wasn't aggravating this concealed customer.,George wasn't aggravating this concealed customers.,morphology,determiner_noun_agreement,determiner_noun_agreement_with_adjective_1,True,True,False,True,79,-57.96509552001953,-55.808509826660156,0
This unicycle impresses this good teenager.,This unicycle impresses this good teenagers.,morphology,determiner_noun_agreement,determiner_noun_agreement_with_adjective_1,True,True,False,True,80,-68.09245300292969,-66.52214813232422,0
Russell hasn't irritated this bad legislature.,Russell hasn't irritated this bad legislatures.,morphology,determiner_noun_agreement,determiner_noun_agreement_with_adjective_1,True,True,False,True,81,-51.72355651855469,-52.85783386230469,1
A skateboard worries this troubled teenager.,A skateboard worries this troubled teenagers.,morphology,determiner_noun_agreement,determiner_noun_agreement_with_adjective_1,True,True,False,True,82,-65.50564575195312,-64.51500701904297,0
That report had hurt those unconvinced dancers.,That report had hurt those unconvinced dancer.,morphology,determiner_noun_agreement,determiner_noun_agreement_with_adjective_1,True,True,False,True,83,-72.15880584716797,-71.18292236328125,0
Wendy did attack that out in the open senator.,Wendy did attack that out in the open senators.,morphology,determiner_noun_agreement,determiner_noun_agreement_with_adjective_1,True,True,False,True,84,-71.46882629394531,-73.93994140625,1
Every guest hasn't lifted those lost dishes.,Every guest hasn't lifted those lost dish.,morphology,determiner_noun_agreement,determiner_noun_agreement_with_adjective_1,True,True,False,True,85,-62.02690505981445,-62.6545295715332,1
Matt shouldn't complain about these employed girls.,Matt shouldn't complain about these employed girl.,morphology,determiner_noun_agreement,determiner_noun_agreement_with_adjective_1,True,True,False,True,86,-51.93231201171875,-52.6121711730957,1
Some prints looked like those gray jackets.,Some prints looked like those gray jacket.,morphology,determiner_noun_agreement,determiner_noun_agreement_with_adjective_1,True,True,False,True,87,-56.803409576416016,-55.28044128417969,0
Most men observe those out in the open pedestrians.,Most men observe those out in the open pedestrian.,morphology,determiner_noun_agreement,determiner_noun_agreement_with_adjective_1,True,True,False,True,88,-60.363380432128906,-58.859458923339844,0
Kevin annoyed these important companies.,Kevin annoyed these important company.,morphology,determiner_noun_agreement,determiner_noun_agreement_with_adjective_1,True,True,False,True,89,-36.01526641845703,-36.95574951171875,1
Some cart scared that upset girl.,Some cart scared that upset girls.,morphology,determiner_noun_agreement,determiner_noun_agreement_with_adjective_1,True,True,False,True,90,-55.33587646484375,-56.046714782714844,1
Many waiters heal that gray horse.,Many waiters heal that gray horses.,morphology,determiner_noun_agreement,determiner_noun_agreement_with_adjective_1,True,True,False,True,91,-62.40125274658203,-62.832584381103516,1
Carolyn should examine this important newspaper article.,Carolyn should examine this important newspaper articles.,morphology,determiner_noun_agreement,determiner_noun_agreement_with_adjective_1,True,True,False,True,92,-62.968482971191406,-64.05364990234375,1
Jennifer toured those hidden schools.,Jennifer toured those hidden school.,morphology,determiner_noun_agreement,determiner_noun_agreement_with_adjective_1,True,True,False,True,93,-40.601070404052734,-41.88763427734375,1
Every actor cleans that concealed sock.,Every actor cleans that concealed socks.,morphology,determiner_noun_agreement,determiner_noun_agreement_with_adjective_1,True,True,False,True,94,-55.80371856689453,-55.382259368896484,0
Joseph hides those old cafes.,Joseph hides those old cafe.,morphology,determiner_noun_agreement,determiner_noun_agreement_with_adjective_1,True,True,False,True,95,-41.351318359375,-41.538021087646484,1
Monica notices that red cafe.,Monica notices that red cafes.,morphology,determiner_noun_agreement,determiner_noun_agreement_with_adjective_1,True,True,False,True,96,-48.939659118652344,-49.85758590698242,1
Susan can't approach that sick guest.,Susan can't approach that sick guests.,morphology,determiner_noun_agreement,determiner_noun_agreement_with_adjective_1,True,True,False,True,97,-53.15757751464844,-50.15591049194336,0
Galileo buys those concealed scarves.,Galileo buys those concealed scarf.,morphology,determiner_noun_agreement,determiner_noun_agreement_with_adjective_1,True,True,False,True,98,-64.13626098632812,-57.70887756347656,0
Heidi had seen those concealed rabbits.,Heidi had seen those concealed rabbit.,morphology,determiner_noun_agreement,determiner_noun_agreement_with_adjective_1,True,True,False,True,99,-51.19603729248047,-53.71151351928711,1
A lot of pedestrians could dislike those good plays.,A lot of pedestrians could dislike those good play.,morphology,determiner_noun_agreement,determiner_noun_agreement_with_adjective_1,True,True,False,True,100,-68.24168395996094,-65.98124694824219,0
Frank has questioned this lucky waiter.,Frank has questioned this lucky waiters.,morphology,determiner_noun_agreement,determiner_noun_agreement_with_adjective_1,True,True,False,True,101,-44.856319427490234,-48.62200927734375,1
All patients examine these gray pamphlets.,All patients examine these gray pamphlet.,morphology,determiner_noun_agreement,determiner_noun_agreement_with_adjective_1,True,True,False,True,102,-56.290504455566406,-50.664222717285156,0
Windows hurt these smart dancers.,Windows hurt these smart dancer.,morphology,determiner_noun_agreement,determiner_noun_agreement_with_adjective_1,True,True,False,True,103,-39.215003967285156,-40.72008514404297,1
Most commentaries have worried those smooth banks.,Most commentaries have worried those smooth bank.,morphology,determiner_noun_agreement,determiner_noun_agreement_with_adjective_1,True,True,False,True,104,-69.57159423828125,-71.0992202758789,1
This woman is hugging these young pedestrians.,This woman is hugging these young pedestrian.,morphology,determiner_noun_agreement,determiner_noun_agreement_with_adjective_1,True,True,False,True,105,-55.303855895996094,-55.893943786621094,1
Diane visits that bad doctor.,Diane visits that bad doctors.,morphology,determiner_noun_agreement,determiner_noun_agreement_with_adjective_1,True,True,False,True,106,-47.897705078125,-47.63461685180664,0
Many museums have talked about those unconvinced actors.,Many museums have talked about those unconvinced actor.,morphology,determiner_noun_agreement,determiner_noun_agreement_with_adjective_1,True,True,False,True,107,-70.37678527832031,-70.55900573730469,1
Dana cleans these concealed rabbits.,Dana cleans these concealed rabbit.,morphology,determiner_noun_agreement,determiner_noun_agreement_with_adjective_1,True,True,False,True,108,-52.91652297973633,-53.53621292114258,1
The teacher isn't criticizing those black hospitals.,The teacher isn't criticizing those black hospital.,morphology,determiner_noun_agreement,determiner_noun_agreement_with_adjective_1,True,True,False,True,109,-60.20149612426758,-59.42401123046875,0
Walter was astounding these good governments.,Walter was astounding these good government.,morphology,determiner_noun_agreement,determiner_noun_agreement_with_adjective_1,True,True,False,True,110,-57.360206604003906,-55.32488250732422,0
The adults conceal these big art galleries.,The adults conceal these big art gallery.,morphology,determiner_noun_agreement,determiner_noun_agreement_with_adjective_1,True,True,False,True,111,-59.482627868652344,-58.6748046875,0
Frank explored these dirty museums.,Frank explored these dirty museum.,morphology,determiner_noun_agreement,determiner_noun_agreement_with_adjective_1,True,True,False,True,112,-44.78516387939453,-44.463985443115234,0
Natalie looked like these gray paintings.,Natalie looked like these gray painting.,morphology,determiner_noun_agreement,determiner_noun_agreement_with_adjective_1,True,True,False,True,113,-52.59065246582031,-52.09414291381836,0
These students healed these big senators.,These students healed these big senator.,morphology,determiner_noun_agreement,determiner_noun_agreement_with_adjective_1,True,True,False,True,114,-50.81461715698242,-50.494380950927734,0
Julie won't hug that delighted doctor.,Julie won't hug that delighted doctors.,morphology,determiner_noun_agreement,determiner_noun_agreement_with_adjective_1,True,True,False,True,115,-58.51329040527344,-56.79906463623047,0
Some fork hurts those important cashiers.,Some fork hurts those important cashier.,morphology,determiner_noun_agreement,determiner_noun_agreement_with_adjective_1,True,True,False,True,116,-63.320579528808594,-60.51280212402344,0
Benjamin lifted those standing hamsters.,Benjamin lifted those standing hamster.,morphology,determiner_noun_agreement,determiner_noun_agreement_with_adjective_1,True,True,False,True,117,-64.89173889160156,-62.68849563598633,0
Heather hates these long commentaries.,Heather hates these long commentary.,morphology,determiner_noun_agreement,determiner_noun_agreement_with_adjective_1,True,True,False,True,118,-58.981605529785156,-49.41303634643555,0
A lot of patients insult that determined customer.,A lot of patients insult that determined customers.,morphology,determiner_noun_agreement,determiner_noun_agreement_with_adjective_1,True,True,False,True,119,-60.695709228515625,-59.34263229370117,0
Ella helps those important guests.,Ella helps those important guest.,morphology,determiner_noun_agreement,determiner_noun_agreement_with_adjective_1,True,True,False,True,120,-48.473304748535156,-51.396690368652344,1
Janet sold this brown chair.,Janet sold this brown chairs.,morphology,determiner_noun_agreement,determiner_noun_agreement_with_adjective_1,True,True,False,True,121,-45.666709899902344,-45.68810272216797,1
Carl has that small book.,Carl has that small books.,morphology,determiner_noun_agreement,determiner_noun_agreement_with_adjective_1,True,True,False,True,122,-33.131431579589844,-32.25526428222656,0
Becky cared for those delighted dancers.,Becky cared for those delighted dancer.,morphology,determiner_noun_agreement,determiner_noun_agreement_with_adjective_1,True,True,False,True,123,-49.968894958496094,-50.70062255859375,1
Karla knows that lost guest.,Karla knows that lost guests.,morphology,determiner_noun_agreement,determiner_noun_agreement_with_adjective_1,True,True,False,True,124,-43.9268798828125,-42.050960540771484,0
April watched this sick pedestrian.,April watched this sick pedestrians.,morphology,determiner_noun_agreement,determiner_noun_agreement_with_adjective_1,True,True,False,True,125,-45.566890716552734,-45.878204345703125,1
Karen isn't breaking those new chairs.,Karen isn't breaking those new chair.,morphology,determiner_noun_agreement,determiner_noun_agreement_with_adjective_1,True,True,False,True,126,-57.22798156738281,-55.45450210571289,0
Dana hasn't described those exposed guests.,Dana hasn't described those exposed guest.,morphology,determiner_noun_agreement,determiner_noun_agreement_with_adjective_1,True,True,False,True,127,-58.41803741455078,-62.13514709472656,1
Every girl investigates those hidden patients.,Every girl investigates those hidden patient.,morphology,determiner_noun_agreement,determiner_noun_agreement_with_adjective_1,True,True,False,True,128,-48.8760986328125,-49.961055755615234,1
Banks conceal this popular movie.,Banks conceal this popular movies.,morphology,determiner_noun_agreement,determiner_noun_agreement_with_adjective_1,True,True,False,True,129,-48.68000030517578,-47.99196243286133,0
Melissa brought this exposed painting.,Melissa brought this exposed paintings.,morphology,determiner_noun_agreement,determiner_noun_agreement_with_adjective_1,True,True,False,True,130,-48.005836486816406,-48.832427978515625,1
Ruth hasn't hated that happy actor.,Ruth hasn't hated that happy actors.,morphology,determiner_noun_agreement,determiner_noun_agreement_with_adjective_1,True,True,False,True,131,-60.853843688964844,-60.20856857299805,0
Many muffins have confused that fast doctor.,Many muffins have confused that fast doctors.,morphology,determiner_noun_agreement,determiner_noun_agreement_with_adjective_1,True,True,False,True,132,-59.361358642578125,-60.12638854980469,1
Cheryl can't hug those smart customers.,Cheryl can't hug those smart customer.,morphology,determiner_noun_agreement,determiner_noun_agreement_with_adjective_1,True,True,False,True,133,-68.557373046875,-69.84794616699219,1
Some adult hasn't brought this red cafe.,Some adult hasn't brought this red cafes.,morphology,determiner_noun_agreement,determiner_noun_agreement_with_adjective_1,True,True,False,True,134,-57.627174377441406,-59.61216735839844,1
Some dishes impress those big doctors.,Some dishes impress those big doctor.,morphology,determiner_noun_agreement,determiner_noun_agreement_with_adjective_1,True,True,False,True,135,-50.04225158691406,-49.801429748535156,0
Veronica can drive to these good restaurants.,Veronica can drive to these good restaurant.,morphology,determiner_noun_agreement,determiner_noun_agreement_with_adjective_1,True,True,False,True,136,-55.18696594238281,-54.7659797668457,0
All banks distract these out in the open adults.,All banks distract these out in the open adult.,morphology,determiner_noun_agreement,determiner_noun_agreement_with_adjective_1,True,True,False,True,137,-64.68315124511719,-62.951805114746094,0
James drives to these big museums.,James drives to these big museum.,morphology,determiner_noun_agreement,determiner_noun_agreement_with_adjective_1,True,True,False,True,138,-42.51182556152344,-43.55662155151367,1
Melissa worked with this old dancer.,Melissa worked with this old dancers.,morphology,determiner_noun_agreement,determiner_noun_agreement_with_adjective_1,True,True,False,True,139,-47.02895736694336,-46.62000274658203,0
Many customers have this new sweater.,Many customers have this new sweaters.,morphology,determiner_noun_agreement,determiner_noun_agreement_with_adjective_1,True,True,False,True,140,-38.35606002807617,-45.87343978881836,1
The person wasn't questioning that unconvinced cashier.,The person wasn't questioning that unconvinced cashiers.,morphology,determiner_noun_agreement,determiner_noun_agreement_with_adjective_1,True,True,False,True,141,-81.85061645507812,-84.72605895996094,1
Every museum dislikes that hard report.,Every museum dislikes that hard reports.,morphology,determiner_noun_agreement,determiner_noun_agreement_with_adjective_1,True,True,False,True,142,-61.59326934814453,-60.05585861206055,0
Alexander wasn't working with those standing actresses.,Alexander wasn't working with those standing actress.,morphology,determiner_noun_agreement,determiner_noun_agreement_with_adjective_1,True,True,False,True,143,-51.9930419921875,-51.593631744384766,0
Timothy is touring those green movie theaters.,Timothy is touring those green movie theater.,morphology,determiner_noun_agreement,determiner_noun_agreement_with_adjective_1,True,True,False,True,144,-68.04902648925781,-68.42778015136719,1
Maria drives to those green restaurants.,Maria drives to those green restaurant.,morphology,determiner_noun_agreement,determiner_noun_agreement_with_adjective_1,True,True,False,True,145,-41.96338653564453,-42.186458587646484,1
A glove isn't shocking these new museums.,A glove isn't shocking these new museum.,morphology,determiner_noun_agreement,determiner_noun_agreement_with_adjective_1,True,True,False,True,146,-61.79512023925781,-62.07111358642578,1
Cynthia kissed this upset guy.,Cynthia kissed this upset guys.,morphology,determiner_noun_agreement,determiner_noun_agreement_with_adjective_1,True,True,False,True,147,-64.4735107421875,-64.43753051757812,0
Monet embarrassed those good companies.,Monet embarrassed those good company.,morphology,determiner_noun_agreement,determiner_noun_agreement_with_adjective_1,True,True,False,True,148,-48.236572265625,-47.6392822265625,0
Some actor hasn't arrived at this hidden library.,Some actor hasn't arrived at this hidden libraries.,morphology,determiner_noun_agreement,determiner_noun_agreement_with_adjective_1,True,True,False,True,149,-60.455318450927734,-61.592529296875,1
These guests observe that confident driver.,These guests observe that confident drivers.,morphology,determiner_noun_agreement,determiner_noun_agreement_with_adjective_1,True,True,False,True,150,-50.85602951049805,-47.910362243652344,0
Stephen will walk through this old museum.,Stephen will walk through this old museums.,morphology,determiner_noun_agreement,determiner_noun_agreement_with_adjective_1,True,True,False,True,151,-39.109535217285156,-41.13518524169922,1
Andrea has concealed that unsure girl.,Andrea has concealed that unsure girls.,morphology,determiner_noun_agreement,determiner_noun_agreement_with_adjective_1,True,True,False,True,152,-59.801124572753906,-59.305389404296875,0
A lot of people sound like this black brochure.,A lot of people sound like this black brochures.,morphology,determiner_noun_agreement,determiner_noun_agreement_with_adjective_1,True,True,False,True,153,-56.40263366699219,-57.107025146484375,1
Elaine hasn't explored that cheap hospital.,Elaine hasn't explored that cheap hospitals.,morphology,determiner_noun_agreement,determiner_noun_agreement_with_adjective_1,True,True,False,True,154,-58.83402633666992,-58.11080551147461,0
The Impressionists weren't fleeing from those uncertain cashiers.,The Impressionists weren't fleeing from those uncertain cashier.,morphology,determiner_noun_agreement,determiner_noun_agreement_with_adjective_1,True,True,False,True,155,-92.13741302490234,-90.28846740722656,0
Bill would go to these bad libraries.,Bill would go to these bad library.,morphology,determiner_noun_agreement,determiner_noun_agreement_with_adjective_1,True,True,False,True,156,-42.34491729736328,-41.81556701660156,0
Theodore wasn't walking through these important museums.,Theodore wasn't walking through these important museum.,morphology,determiner_noun_agreement,determiner_noun_agreement_with_adjective_1,True,True,False,True,157,-70.63809967041016,-69.48602294921875,0
An actress will talk to this lost patient.,An actress will talk to this lost patients.,morphology,determiner_noun_agreement,determiner_noun_agreement_with_adjective_1,True,True,False,True,158,-54.76521301269531,-53.8568000793457,0
Andrea works with that displeased student.,Andrea works with that displeased students.,morphology,determiner_noun_agreement,determiner_noun_agreement_with_adjective_1,True,True,False,True,159,-59.48393630981445,-57.47650909423828,0
Karla cured that orange cat.,Karla cured that orange cats.,morphology,determiner_noun_agreement,determiner_noun_agreement_with_adjective_1,True,True,False,True,160,-48.65714645385742,-49.641239166259766,1
Kristin was arriving at these purple art galleries.,Kristin was arriving at these purple art gallery.,morphology,determiner_noun_agreement,determiner_noun_agreement_with_adjective_1,True,True,False,True,161,-63.35489273071289,-62.019866943359375,0
Those dancers helped those troubled teenagers.,Those dancers helped those troubled teenager.,morphology,determiner_noun_agreement,determiner_noun_agreement_with_adjective_1,True,True,False,True,162,-51.801483154296875,-52.5313720703125,1
Kristin hasn't dropped by this hard art gallery.,Kristin hasn't dropped by this hard art galleries.,morphology,determiner_noun_agreement,determiner_noun_agreement_with_adjective_1,True,True,False,True,163,-64.71765899658203,-66.10155487060547,1
Many cups confuse that unlucky guy.,Many cups confuse that unlucky guys.,morphology,determiner_noun_agreement,determiner_noun_agreement_with_adjective_1,True,True,False,True,164,-55.636322021484375,-56.1346435546875,1
Derek didn't reference this bad play.,Derek didn't reference this bad plays.,morphology,determiner_noun_agreement,determiner_noun_agreement_with_adjective_1,True,True,False,True,165,-60.64700698852539,-63.102394104003906,1
That waitress isn't hurting this unemployed waitress.,That waitress isn't hurting this unemployed waitresses.,morphology,determiner_noun_agreement,determiner_noun_agreement_with_adjective_1,True,True,False,True,166,-65.05877685546875,-74.63164520263672,1
Those students argue about this serious adult.,Those students argue about this serious adults.,morphology,determiner_noun_agreement,determiner_noun_agreement_with_adjective_1,True,True,False,True,167,-46.15241241455078,-45.849388122558594,0
Carrie respects that exposed doctor.,Carrie respects that exposed doctors.,morphology,determiner_noun_agreement,determiner_noun_agreement_with_adjective_1,True,True,False,True,168,-51.74028015136719,-49.478797912597656,0
Stephen hasn't questioned that ill guy.,Stephen hasn't questioned that ill guys.,morphology,determiner_noun_agreement,determiner_noun_agreement_with_adjective_1,True,True,False,True,169,-48.396385192871094,-48.3251838684082,0
That patient hadn't dropped by these popular museums.,That patient hadn't dropped by these popular museum.,morphology,determiner_noun_agreement,determiner_noun_agreement_with_adjective_1,True,True,False,True,170,-66.44229125976562,-66.8983383178711,1
Sara wasn't arguing about that happy adult.,Sara wasn't arguing about that happy adults.,morphology,determiner_noun_agreement,determiner_noun_agreement_with_adjective_1,True,True,False,True,171,-59.74414825439453,-58.34229278564453,0
Helen was bringing that blue cat.,Helen was bringing that blue cats.,morphology,determiner_noun_agreement,determiner_noun_agreement_with_adjective_1,True,True,False,True,172,-48.318153381347656,-50.25459671020508,1
The Lutherans cleaned those big libraries.,The Lutherans cleaned those big library.,morphology,determiner_noun_agreement,determiner_noun_agreement_with_adjective_1,True,True,False,True,173,-60.39023971557617,-59.661293029785156,0
A lot of dancers notice this busy boy.,A lot of dancers notice this busy boys.,morphology,determiner_noun_agreement,determiner_noun_agreement_with_adjective_1,True,True,False,True,174,-59.27257537841797,-59.112979888916016,0
Diane is driving to this orange movie theater.,Diane is driving to this orange movie theaters.,morphology,determiner_noun_agreement,determiner_noun_agreement_with_adjective_1,True,True,False,True,175,-66.12513732910156,-65.91744232177734,0
A couch stuns that important girl.,A couch stuns that important girls.,morphology,determiner_noun_agreement,determiner_noun_agreement_with_adjective_1,True,True,False,True,176,-59.23925018310547,-59.70806121826172,1
Tammy hadn't taken that bad sweater.,Tammy hadn't taken that bad sweaters.,morphology,determiner_noun_agreement,determiner_noun_agreement_with_adjective_1,True,True,False,True,177,-55.87540054321289,-61.95940399169922,1
All patients disagreed with that green pamphlet.,All patients disagreed with that green pamphlets.,morphology,determiner_noun_agreement,determiner_noun_agreement_with_adjective_1,True,True,False,True,178,-56.49266815185547,-60.563018798828125,1
Russell had researched that big newspaper article.,Russell had researched that big newspaper articles.,morphology,determiner_noun_agreement,determiner_noun_agreement_with_adjective_1,True,True,False,True,179,-49.202552795410156,-50.23758316040039,1
Some ladies sell this red hospital.,Some ladies sell this red hospitals.,morphology,determiner_noun_agreement,determiner_noun_agreement_with_adjective_1,True,True,False,True,180,-50.142478942871094,-51.435279846191406,1
Victoria hasn't hugged these out in the open guests.,Victoria hasn't hugged these out in the open guest.,morphology,determiner_noun_agreement,determiner_noun_agreement_with_adjective_1,True,True,False,True,181,-62.631980895996094,-62.57101058959961,0
That legislature shocks these good universities.,That legislature shocks these good university.,morphology,determiner_noun_agreement,determiner_noun_agreement_with_adjective_1,True,True,False,True,182,-54.05258560180664,-54.70070266723633,1
George brought that hard blouse.,George brought that hard blouses.,morphology,determiner_noun_agreement,determiner_noun_agreement_with_adjective_1,True,True,False,True,183,-41.191078186035156,-42.97187042236328,1
Every person passes those hidden malls.,Every person passes those hidden mall.,morphology,determiner_noun_agreement,determiner_noun_agreement_with_adjective_1,True,True,False,True,184,-48.75477600097656,-49.03828430175781,1
Carol does break that dirty cup.,Carol does break that dirty cups.,morphology,determiner_noun_agreement,determiner_noun_agreement_with_adjective_1,True,True,False,True,185,-56.03822326660156,-55.57695770263672,0
Gina hadn't talked about those out in the open waiters.,Gina hadn't talked about those out in the open waiter.,morphology,determiner_noun_agreement,determiner_noun_agreement_with_adjective_1,True,True,False,True,186,-79.38899230957031,-75.56105041503906,0
Alexander reveals these good paintings.,Alexander reveals these good painting.,morphology,determiner_noun_agreement,determiner_noun_agreement_with_adjective_1,True,True,False,True,187,-36.95111846923828,-36.44696807861328,0
Those hamsters aren't aggravating these good associations.,Those hamsters aren't aggravating these good association.,morphology,determiner_noun_agreement,determiner_noun_agreement_with_adjective_1,True,True,False,True,188,-73.32349395751953,-73.44378662109375,1
The drawing looks like these lost sketches.,The drawing looks like these lost sketch.,morphology,determiner_noun_agreement,determiner_noun_agreement_with_adjective_1,True,True,False,True,189,-52.46247863769531,-51.20442199707031,0
Cashiers have questioned those troubled guys.,Cashiers have questioned those troubled guy.,morphology,determiner_noun_agreement,determiner_noun_agreement_with_adjective_1,True,True,False,True,190,-54.50452423095703,-54.3997688293457,0
Michael is lifting these purple forks.,Michael is lifting these purple fork.,morphology,determiner_noun_agreement,determiner_noun_agreement_with_adjective_1,True,True,False,True,191,-48.148345947265625,-46.67444610595703,0
These universities did talk about that popular bank.,These universities did talk about that popular banks.,morphology,determiner_noun_agreement,determiner_noun_agreement_with_adjective_1,True,True,False,True,192,-56.832008361816406,-54.80351638793945,0
Dana wasn't noticing these gray prints.,Dana wasn't noticing these gray print.,morphology,determiner_noun_agreement,determiner_noun_agreement_with_adjective_1,True,True,False,True,193,-59.91841125488281,-60.58616638183594,1
All trucks resemble this brown painting.,All trucks resemble this brown paintings.,morphology,determiner_noun_agreement,determiner_noun_agreement_with_adjective_1,True,True,False,True,194,-49.64698791503906,-50.13935089111328,1
The people talk about this good mall.,The people talk about this good malls.,morphology,determiner_noun_agreement,determiner_noun_agreement_with_adjective_1,True,True,False,True,195,-42.293128967285156,-42.1279296875,0
Those patients escape from these cheap movie theaters.,Those patients escape from these cheap movie theater.,morphology,determiner_noun_agreement,determiner_noun_agreement_with_adjective_1,True,True,False,True,196,-62.60896301269531,-62.81448745727539,1
All men have embarrassed this bad organization.,All men have embarrassed this bad organizations.,morphology,determiner_noun_agreement,determiner_noun_agreement_with_adjective_1,True,True,False,True,197,-50.47514343261719,-51.662200927734375,1
Paul is hiring those old cashiers.,Paul is hiring those old cashier.,morphology,determiner_noun_agreement,determiner_noun_agreement_with_adjective_1,True,True,False,True,198,-53.285621643066406,-49.792972564697266,0
Anna hasn't scanned those small books.,Anna hasn't scanned those small book.,morphology,determiner_noun_agreement,determiner_noun_agreement_with_adjective_1,True,True,False,True,199,-49.77030563354492,-50.68810272216797,1
Mark disturbed these ill students.,Mark disturbed these ill student.,morphology,determiner_noun_agreement,determiner_noun_agreement_with_adjective_1,True,True,False,True,200,-43.409629821777344,-44.59690856933594,1
Many actresses aren't escaping from this small mall.,Many actresses aren't escaping from this small malls.,morphology,determiner_noun_agreement,determiner_noun_agreement_with_adjective_1,True,True,False,True,201,-63.171268463134766,-63.522640228271484,1
Cheryl sells those soft scarves.,Cheryl sells those soft scarf.,morphology,determiner_noun_agreement,determiner_noun_agreement_with_adjective_1,True,True,False,True,202,-64.05546569824219,-56.922584533691406,0
Carrie had investigated that good organization.,Carrie had investigated that good organizations.,morphology,determiner_noun_agreement,determiner_noun_agreement_with_adjective_1,True,True,False,True,203,-51.67218780517578,-52.022613525390625,1
Margaret worked with that lucky waitress.,Margaret worked with that lucky waitresses.,morphology,determiner_noun_agreement,determiner_noun_agreement_with_adjective_1,True,True,False,True,204,-53.9482307434082,-61.843505859375,1
Most pictures look like these small art galleries.,Most pictures look like these small art gallery.,morphology,determiner_noun_agreement,determiner_noun_agreement_with_adjective_1,True,True,False,True,205,-55.826026916503906,-54.030887603759766,0
Cheryl does take this good snake.,Cheryl does take this good snakes.,morphology,determiner_noun_agreement,determiner_noun_agreement_with_adjective_1,True,True,False,True,206,-59.18318176269531,-59.38975524902344,1
Joseph wasn't researching these rough pictures.,Joseph wasn't researching these rough picture.,morphology,determiner_noun_agreement,determiner_noun_agreement_with_adjective_1,True,True,False,True,207,-50.82464599609375,-50.66438293457031,0
Dennis wasn't arguing about this big brochure.,Dennis wasn't arguing about this big brochures.,morphology,determiner_noun_agreement,determiner_noun_agreement_with_adjective_1,True,True,False,True,208,-61.896705627441406,-61.92919158935547,1
Rodney hadn't listened to this concealed pedestrian.,Rodney hadn't listened to this concealed pedestrians.,morphology,determiner_noun_agreement,determiner_noun_agreement_with_adjective_1,True,True,False,True,209,-65.08488464355469,-63.63026428222656,0
Christine hadn't known those unconvinced cashiers.,Christine hadn't known those unconvinced cashier.,morphology,determiner_noun_agreement,determiner_noun_agreement_with_adjective_1,True,True,False,True,210,-87.44375610351562,-84.7855224609375,0
Helen hadn't upset that big waitress.,Helen hadn't upset that big waitresses.,morphology,determiner_noun_agreement,determiner_noun_agreement_with_adjective_1,True,True,False,True,211,-53.79253005981445,-62.861297607421875,1
The girls buy those rough photographs.,The girls buy those rough photograph.,morphology,determiner_noun_agreement,determiner_noun_agreement_with_adjective_1,True,True,False,True,212,-49.48914337158203,-50.88487243652344,1
Carolyn talked about that content guest.,Carolyn talked about that content guests.,morphology,determiner_noun_agreement,determiner_noun_agreement_with_adjective_1,True,True,False,True,213,-58.89003372192383,-55.85466766357422,0
Many doors worry those popular associations.,Many doors worry those popular association.,morphology,determiner_noun_agreement,determiner_noun_agreement_with_adjective_1,True,True,False,True,214,-54.11075210571289,-54.20054244995117,1
Robert hasn't disliked this orange art gallery.,Robert hasn't disliked this orange art galleries.,morphology,determiner_noun_agreement,determiner_noun_agreement_with_adjective_1,True,True,False,True,215,-59.85496520996094,-61.40924072265625,1
Adam has broken that clean couch.,Adam has broken that clean couchs.,morphology,determiner_noun_agreement,determiner_noun_agreement_with_adjective_1,True,True,False,True,216,-41.01337432861328,-47.766944885253906,1
Most girls passed those smooth high schools.,Most girls passed those smooth high school.,morphology,determiner_noun_agreement,determiner_noun_agreement_with_adjective_1,True,True,False,True,217,-54.248985290527344,-51.980995178222656,0
Most pedestrians work with those uncertain guests.,Most pedestrians work with those uncertain guest.,morphology,determiner_noun_agreement,determiner_noun_agreement_with_adjective_1,True,True,False,True,218,-51.91261291503906,-55.68132400512695,1
Some boys would appreciate these popular banks.,Some boys would appreciate these popular bank.,morphology,determiner_noun_agreement,determiner_noun_agreement_with_adjective_1,True,True,False,True,219,-48.75373840332031,-49.42983627319336,1
This documentary hadn't disagreed with these good plays.,This documentary hadn't disagreed with these good play.,morphology,determiner_noun_agreement,determiner_noun_agreement_with_adjective_1,True,True,False,True,220,-67.61603546142578,-64.42720794677734,0
Monet had fixed those yellow couches.,Monet had fixed those yellow couch.,morphology,determiner_noun_agreement,determiner_noun_agreement_with_adjective_1,True,True,False,True,221,-55.6419677734375,-54.219974517822266,0
Phillip looked like this black sketch.,Phillip looked like this black sketches.,morphology,determiner_noun_agreement,determiner_noun_agreement_with_adjective_1,True,True,False,True,222,-46.086387634277344,-46.61345672607422,1
Some story couldn't disagree with this important essay.,Some story couldn't disagree with this important essays.,morphology,determiner_noun_agreement,determiner_noun_agreement_with_adjective_1,True,True,False,True,223,-53.970184326171875,-56.14192199707031,1
Nina should remember those upset cashiers.,Nina should remember those upset cashier.,morphology,determiner_noun_agreement,determiner_noun_agreement_with_adjective_1,True,True,False,True,224,-67.35750579833984,-65.04220581054688,0
Those pies bother these nice guests.,Those pies bother these nice guest.,morphology,determiner_noun_agreement,determiner_noun_agreement_with_adjective_1,True,True,False,True,225,-53.88310241699219,-54.74714279174805,1
Veronica saw that hard scarf.,Veronica saw that hard scarves.,morphology,determiner_noun_agreement,determiner_noun_agreement_with_adjective_1,True,True,False,True,226,-50.03425598144531,-56.294673919677734,1
Keith had impressed this delighted guest.,Keith had impressed this delighted guests.,morphology,determiner_noun_agreement,determiner_noun_agreement_with_adjective_1,True,True,False,True,227,-48.822574615478516,-46.83928298950195,0
Patricia had bothered that good committee.,Patricia had bothered that good committees.,morphology,determiner_noun_agreement,determiner_noun_agreement_with_adjective_1,True,True,False,True,228,-55.253379821777344,-57.01848602294922,1
Some women wear those smooth hats.,Some women wear those smooth hat.,morphology,determiner_noun_agreement,determiner_noun_agreement_with_adjective_1,True,True,False,True,229,-46.79197692871094,-48.912010192871094,1
Many actors explore this good grocery store.,Many actors explore this good grocery stores.,morphology,determiner_noun_agreement,determiner_noun_agreement_with_adjective_1,True,True,False,True,230,-50.10090637207031,-52.29376220703125,1
The art galleries are boring those out in the open dancers.,The art galleries are boring those out in the open dancer.,morphology,determiner_noun_agreement,determiner_noun_agreement_with_adjective_1,True,True,False,True,231,-75.59953308105469,-78.0184326171875,1
Benjamin referenced that busy senator.,Benjamin referenced that busy senators.,morphology,determiner_noun_agreement,determiner_noun_agreement_with_adjective_1,True,True,False,True,232,-52.87171936035156,-54.125423431396484,1
Todd isn't finding these bad sketches.,Todd isn't finding these bad sketch.,morphology,determiner_noun_agreement,determiner_noun_agreement_with_adjective_1,True,True,False,True,233,-49.266395568847656,-48.1964111328125,0
Mitchell knew those hidden students.,Mitchell knew those hidden student.,morphology,determiner_noun_agreement,determiner_noun_agreement_with_adjective_1,True,True,False,True,234,-47.3280143737793,-48.527584075927734,1
Kathleen did conceal those confident cashiers.,Kathleen did conceal those confident cashier.,morphology,determiner_noun_agreement,determiner_noun_agreement_with_adjective_1,True,True,False,True,235,-80.52238464355469,-77.83065795898438,0
Many scarves annoy these popular governments.,Many scarves annoy these popular government.,morphology,determiner_noun_agreement,determiner_noun_agreement_with_adjective_1,True,True,False,True,236,-60.15571975708008,-58.724021911621094,0
Carl discovers this orange rug.,Carl discovers this orange rugs.,morphology,determiner_noun_agreement,determiner_noun_agreement_with_adjective_1,True,True,False,True,237,-38.14768981933594,-39.78681945800781,1
Lucille wasn't helping this scared actor.,Lucille wasn't helping this scared actors.,morphology,determiner_noun_agreement,determiner_noun_agreement_with_adjective_1,True,True,False,True,238,-60.14004898071289,-59.08380889892578,0
All girls haven't disagreed with those important essays.,All girls haven't disagreed with those important essay.,morphology,determiner_noun_agreement,determiner_noun_agreement_with_adjective_1,True,True,False,True,239,-63.760311126708984,-62.520870208740234,0
Stories stun this old patient.,Stories stun this old patients.,morphology,determiner_noun_agreement,determiner_noun_agreement_with_adjective_1,True,True,False,True,240,-50.69129943847656,-50.624916076660156,0
Some ladies describe these bad senators.,Some ladies describe these bad senator.,morphology,determiner_noun_agreement,determiner_noun_agreement_with_adjective_1,True,True,False,True,241,-50.9650764465332,-49.53064727783203,0
This book isn't disturbing that out in the open waitress.,This book isn't disturbing that out in the open waitresses.,morphology,determiner_noun_agreement,determiner_noun_agreement_with_adjective_1,True,True,False,True,242,-65.84513854980469,-75.27567291259766,1
A university knew these happy boys.,A university knew these happy boy.,morphology,determiner_noun_agreement,determiner_noun_agreement_with_adjective_1,True,True,False,True,243,-52.187828063964844,-52.052040100097656,0
Some boy attacked this uncertain adult.,Some boy attacked this uncertain adults.,morphology,determiner_noun_agreement,determiner_noun_agreement_with_adjective_1,True,True,False,True,244,-50.926753997802734,-50.65371322631836,0
That person hasn't cured that purple bird.,That person hasn't cured that purple birds.,morphology,determiner_noun_agreement,determiner_noun_agreement_with_adjective_1,True,True,False,True,245,-61.851356506347656,-61.3904914855957,0
John escapes from this busy waitress.,John escapes from this busy waitresses.,morphology,determiner_noun_agreement,determiner_noun_agreement_with_adjective_1,True,True,False,True,246,-42.54747009277344,-51.583641052246094,1
Bradley was cleaning those rough rugs.,Bradley was cleaning those rough rug.,morphology,determiner_noun_agreement,determiner_noun_agreement_with_adjective_1,True,True,False,True,247,-58.071434020996094,-55.92549514770508,0
Most reports hadn't disagreed with these small senators.,Most reports hadn't disagreed with these small senator.,morphology,determiner_noun_agreement,determiner_noun_agreement_with_adjective_1,True,True,False,True,248,-68.61783599853516,-67.21385955810547,0
Sheila wouldn't bother these important children.,Sheila wouldn't bother these important child.,morphology,determiner_noun_agreement,determiner_noun_agreement_with_adjective_1,True,True,False,True,249,-52.79460906982422,-53.17847442626953,1
Bill cured that orange snake.,Bill cured that orange snakes.,morphology,determiner_noun_agreement,determiner_noun_agreement_with_adjective_1,True,True,False,True,250,-43.94977951049805,-43.92942810058594,0
All adults help that employed teacher.,All adults help that employed teachers.,morphology,determiner_noun_agreement,determiner_noun_agreement_with_adjective_1,True,True,False,True,251,-46.4732666015625,-44.65876388549805,0
Heather had skated around this hard art gallery.,Heather had skated around this hard art galleries.,morphology,determiner_noun_agreement,determiner_noun_agreement_with_adjective_1,True,True,False,True,252,-74.18644714355469,-75.5631332397461,1
Meredith drives to that red public park.,Meredith drives to that red public parks.,morphology,determiner_noun_agreement,determiner_noun_agreement_with_adjective_1,True,True,False,True,253,-65.08245849609375,-65.6522445678711,1
Carla isn't exploring this orange grocery store.,Carla isn't exploring this orange grocery stores.,morphology,determiner_noun_agreement,determiner_noun_agreement_with_adjective_1,True,True,False,True,254,-56.854225158691406,-60.09199523925781,1
Most banks will help this content senator.,Most banks will help this content senators.,morphology,determiner_noun_agreement,determiner_noun_agreement_with_adjective_1,True,True,False,True,255,-46.261962890625,-46.69386291503906,1
The Lutherans mess up that orange movie theater.,The Lutherans mess up that orange movie theaters.,morphology,determiner_noun_agreement,determiner_noun_agreement_with_adjective_1,True,True,False,True,256,-76.80805206298828,-76.39921569824219,0
Laurie hasn't concealed this displeased patient.,Laurie hasn't concealed this displeased patients.,morphology,determiner_noun_agreement,determiner_noun_agreement_with_adjective_1,True,True,False,True,257,-76.88914489746094,-76.24649047851562,0
Sara breaks these concealed couches.,Sara breaks these concealed couch.,morphology,determiner_noun_agreement,determiner_noun_agreement_with_adjective_1,True,True,False,True,258,-52.047943115234375,-52.74167251586914,1
Most people haven't disagreed with those displeased boys.,Most people haven't disagreed with those displeased boy.,morphology,determiner_noun_agreement,determiner_noun_agreement_with_adjective_1,True,True,False,True,259,-67.75494384765625,-67.78036499023438,1
The doctor was annoying those old waitresses.,The doctor was annoying those old waitress.,morphology,determiner_noun_agreement,determiner_noun_agreement_with_adjective_1,True,True,False,True,260,-66.52415466308594,-57.50248336791992,0
Sharon investigated these small dancers.,Sharon investigated these small dancer.,morphology,determiner_noun_agreement,determiner_noun_agreement_with_adjective_1,True,True,False,True,261,-49.10176086425781,-51.52043914794922,1
The Borgias respect this unemployed guy.,The Borgias respect this unemployed guys.,morphology,determiner_noun_agreement,determiner_noun_agreement_with_adjective_1,True,True,False,True,262,-61.80836486816406,-61.31037902832031,0
The Borgias disgusts that nice actor.,The Borgias disgusts that nice actors.,morphology,determiner_noun_agreement,determiner_noun_agreement_with_adjective_1,True,True,False,True,263,-71.91554260253906,-71.70258331298828,0
Judy was embarrassing those ill boys.,Judy was embarrassing those ill boy.,morphology,determiner_noun_agreement,determiner_noun_agreement_with_adjective_1,True,True,False,True,264,-56.327903747558594,-54.707489013671875,0
Kayla lifts these popular prints.,Kayla lifts these popular print.,morphology,determiner_noun_agreement,determiner_noun_agreement_with_adjective_1,True,True,False,True,265,-45.492454528808594,-45.607913970947266,1
Stephanie appreciates these important movie theaters.,Stephanie appreciates these important movie theater.,morphology,determiner_noun_agreement,determiner_noun_agreement_with_adjective_1,True,True,False,True,266,-71.86106872558594,-71.51716613769531,0
Some cashier remembers that small guest.,Some cashier remembers that small guests.,morphology,determiner_noun_agreement,determiner_noun_agreement_with_adjective_1,True,True,False,True,267,-58.9659423828125,-54.92021942138672,0
Some dancers go to this messy museum.,Some dancers go to this messy museums.,morphology,determiner_noun_agreement,determiner_noun_agreement_with_adjective_1,True,True,False,True,268,-53.174774169921875,-54.21550750732422,1
The rug had embarrassed these nice pedestrians.,The rug had embarrassed these nice pedestrian.,morphology,determiner_noun_agreement,determiner_noun_agreement_with_adjective_1,True,True,False,True,269,-64.90031433105469,-63.223148345947266,0
Sara did scan this white pamphlet.,Sara did scan this white pamphlets.,morphology,determiner_noun_agreement,determiner_noun_agreement_with_adjective_1,True,True,False,True,270,-56.84080505371094,-62.52105712890625,1
Sabrina hasn't biked to these bad libraries.,Sabrina hasn't biked to these bad library.,morphology,determiner_noun_agreement,determiner_noun_agreement_with_adjective_1,True,True,False,True,271,-70.99041748046875,-70.3662109375,0
Sarah is walking through these important restaurants.,Sarah is walking through these important restaurant.,morphology,determiner_noun_agreement,determiner_noun_agreement_with_adjective_1,True,True,False,True,272,-44.363162994384766,-44.62996292114258,1
Marla didn't worry this important doctor.,Marla didn't worry this important doctors.,morphology,determiner_noun_agreement,determiner_noun_agreement_with_adjective_1,True,True,False,True,273,-51.045711517333984,-50.810516357421875,0
These men went to those important malls.,These men went to those important mall.,morphology,determiner_noun_agreement,determiner_noun_agreement_with_adjective_1,True,True,False,True,274,-44.148311614990234,-45.73773956298828,1
Robert hides those black cafes.,Robert hides those black cafe.,morphology,determiner_noun_agreement,determiner_noun_agreement_with_adjective_1,True,True,False,True,275,-41.65271759033203,-42.04729461669922,1
The dogs distract these employed actors.,The dogs distract these employed actor.,morphology,determiner_noun_agreement,determiner_noun_agreement_with_adjective_1,True,True,False,True,276,-55.30428695678711,-57.00461959838867,1
That library wasn't hiring those smart students.,That library wasn't hiring those smart student.,morphology,determiner_noun_agreement,determiner_noun_agreement_with_adjective_1,True,True,False,True,277,-61.689247131347656,-62.18402862548828,1
Kristen could forget those bad essays.,Kristen could forget those bad essay.,morphology,determiner_noun_agreement,determiner_noun_agreement_with_adjective_1,True,True,False,True,278,-50.63874053955078,-49.662757873535156,0
Sketches won't look like those good cafes.,Sketches won't look like those good cafe.,morphology,determiner_noun_agreement,determiner_noun_agreement_with_adjective_1,True,True,False,True,279,-67.27210235595703,-67.01113891601562,0
Those windows hurt these hidden students.,Those windows hurt these hidden student.,morphology,determiner_noun_agreement,determiner_noun_agreement_with_adjective_1,True,True,False,True,280,-52.87428283691406,-53.90744400024414,1
Florence upset these out in the open girls.,Florence upset these out in the open girl.,morphology,determiner_noun_agreement,determiner_noun_agreement_with_adjective_1,True,True,False,True,281,-70.18048095703125,-70.35333251953125,1
Every girl disturbed this excited guy.,Every girl disturbed this excited guys.,morphology,determiner_noun_agreement,determiner_noun_agreement_with_adjective_1,True,True,False,True,282,-52.635108947753906,-52.66167449951172,1
Judy doesn't insult this big doctor.,Judy doesn't insult this big doctors.,morphology,determiner_noun_agreement,determiner_noun_agreement_with_adjective_1,True,True,False,True,283,-48.408836364746094,-49.54369354248047,1
A lot of waiters research this bad cafe.,A lot of waiters research this bad cafes.,morphology,determiner_noun_agreement,determiner_noun_agreement_with_adjective_1,True,True,False,True,284,-70.36837005615234,-70.17153930664062,0
A lot of men were hiding these big drawings.,A lot of men were hiding these big drawing.,morphology,determiner_noun_agreement,determiner_noun_agreement_with_adjective_1,True,True,False,True,285,-60.97128677368164,-62.16095733642578,1
Karen is biking to that clean college campus.,Karen is biking to that clean college campuses.,morphology,determiner_noun_agreement,determiner_noun_agreement_with_adjective_1,True,True,False,True,286,-69.53428649902344,-71.501220703125,1
Sharon broke these orange forks.,Sharon broke these orange fork.,morphology,determiner_noun_agreement,determiner_noun_agreement_with_adjective_1,True,True,False,True,287,-53.06936264038086,-51.217830657958984,0
Some paintings disgust this important adult.,Some paintings disgust this important adults.,morphology,determiner_noun_agreement,determiner_noun_agreement_with_adjective_1,True,True,False,True,288,-53.00801086425781,-52.758506774902344,0
Raymond questions those important companies.,Raymond questions those important company.,morphology,determiner_noun_agreement,determiner_noun_agreement_with_adjective_1,True,True,False,True,289,-48.34394073486328,-50.33576965332031,1
Melinda was arriving at this blue library.,Melinda was arriving at this blue libraries.,morphology,determiner_noun_agreement,determiner_noun_agreement_with_adjective_1,True,True,False,True,290,-52.71666717529297,-55.06967544555664,1
Anne could attack this unemployed senator.,Anne could attack this unemployed senators.,morphology,determiner_noun_agreement,determiner_noun_agreement_with_adjective_1,True,True,False,True,291,-46.0746955871582,-48.21331787109375,1
All companies conceal those unemployed actresses.,All companies conceal those unemployed actress.,morphology,determiner_noun_agreement,determiner_noun_agreement_with_adjective_1,True,True,False,True,292,-57.45930480957031,-56.386810302734375,0
Stacy hugs this unlucky actress.,Stacy hugs this unlucky actresses.,morphology,determiner_noun_agreement,determiner_noun_agreement_with_adjective_1,True,True,False,True,293,-55.59642791748047,-56.727325439453125,1
William isn't examining these gray reports.,William isn't examining these gray report.,morphology,determiner_noun_agreement,determiner_noun_agreement_with_adjective_1,True,True,False,True,294,-51.296836853027344,-52.00270462036133,1
These students have gone to those dirty restaurants.,These students have gone to those dirty restaurant.,morphology,determiner_noun_agreement,determiner_noun_agreement_with_adjective_1,True,True,False,True,295,-49.875640869140625,-50.205509185791016,1
That bank works with these employed children.,That bank works with these employed child.,morphology,determiner_noun_agreement,determiner_noun_agreement_with_adjective_1,True,True,False,True,296,-49.335750579833984,-51.337772369384766,1
A lot of actors notice that messy cafe.,A lot of actors notice that messy cafes.,morphology,determiner_noun_agreement,determiner_noun_agreement_with_adjective_1,True,True,False,True,297,-62.99163818359375,-62.7401237487793,0
Most patients think about that big girl.,Most patients think about that big girls.,morphology,determiner_noun_agreement,determiner_noun_agreement_with_adjective_1,True,True,False,True,298,-43.15742111206055,-43.479034423828125,1
Marie criticizes these uncertain adults.,Marie criticizes these uncertain adult.,morphology,determiner_noun_agreement,determiner_noun_agreement_with_adjective_1,True,True,False,True,299,-49.217010498046875,-50.574913024902344,1
Dan wasn't researching those popular cafes.,Dan wasn't researching those popular cafe.,morphology,determiner_noun_agreement,determiner_noun_agreement_with_adjective_1,True,True,False,True,300,-50.63068389892578,-51.47197723388672,1
All students skate around that messy cafe.,All students skate around that messy cafes.,morphology,determiner_noun_agreement,determiner_noun_agreement_with_adjective_1,True,True,False,True,301,-61.94070053100586,-62.08699035644531,1
Rachel had helped these displeased doctors.,Rachel had helped these displeased doctor.,morphology,determiner_noun_agreement,determiner_noun_agreement_with_adjective_1,True,True,False,True,302,-53.18600845336914,-52.5137939453125,0
Many teenagers fix that good glass.,Many teenagers fix that good glasses.,morphology,determiner_noun_agreement,determiner_noun_agreement_with_adjective_1,True,True,False,True,303,-48.469017028808594,-47.02248764038086,0
Janet disagrees with that nice cashier.,Janet disagrees with that nice cashiers.,morphology,determiner_noun_agreement,determiner_noun_agreement_with_adjective_1,True,True,False,True,304,-61.88355255126953,-64.4349365234375,1
Charles is escaping from these confident patients.,Charles is escaping from these confident patient.,morphology,determiner_noun_agreement,determiner_noun_agreement_with_adjective_1,True,True,False,True,305,-44.81359100341797,-46.88764190673828,1
Laura hadn't praised those scared drivers.,Laura hadn't praised those scared driver.,morphology,determiner_noun_agreement,determiner_noun_agreement_with_adjective_1,True,True,False,True,306,-55.89293670654297,-55.935462951660156,1
People arrive at this old high school.,People arrive at this old high schools.,morphology,determiner_noun_agreement,determiner_noun_agreement_with_adjective_1,True,True,False,True,307,-38.197044372558594,-42.09671401977539,1
Patrick couldn't break this out in the open cup.,Patrick couldn't break this out in the open cups.,morphology,determiner_noun_agreement,determiner_noun_agreement_with_adjective_1,True,True,False,True,308,-56.626705169677734,-57.44404983520508,1
Daniel won't sell those white restaurants.,Daniel won't sell those white restaurant.,morphology,determiner_noun_agreement,determiner_noun_agreement_with_adjective_1,True,True,False,True,309,-45.817230224609375,-44.70964813232422,0
Ellen isn't observing those uncertain teenagers.,Ellen isn't observing those uncertain teenager.,morphology,determiner_noun_agreement,determiner_noun_agreement_with_adjective_1,True,True,False,True,310,-57.667144775390625,-60.0035400390625,1
Most windows astound these unemployed doctors.,Most windows astound these unemployed doctor.,morphology,determiner_noun_agreement,determiner_noun_agreement_with_adjective_1,True,True,False,True,311,-63.69716262817383,-64.25084686279297,1
Christine sounded like that serious guest.,Christine sounded like that serious guests.,morphology,determiner_noun_agreement,determiner_noun_agreement_with_adjective_1,True,True,False,True,312,-53.14813232421875,-52.017066955566406,0
Mitchell wouldn't remember those black pamphlets.,Mitchell wouldn't remember those black pamphlet.,morphology,determiner_noun_agreement,determiner_noun_agreement_with_adjective_1,True,True,False,True,313,-65.60153198242188,-59.54499435424805,0
The company respects these old restaurants.,The company respects these old restaurant.,morphology,determiner_noun_agreement,determiner_noun_agreement_with_adjective_1,True,True,False,True,314,-45.86714172363281,-44.67578887939453,0
Steve conceals these young pedestrians.,Steve conceals these young pedestrian.,morphology,determiner_noun_agreement,determiner_noun_agreement_with_adjective_1,True,True,False,True,315,-50.532100677490234,-53.009830474853516,1
Sally does reference this hidden lady.,Sally does reference this hidden ladies.,morphology,determiner_noun_agreement,determiner_noun_agreement_with_adjective_1,True,True,False,True,316,-58.936309814453125,-59.064823150634766,1
Laurie isn't distracting that popular committee.,Laurie isn't distracting that popular committees.,morphology,determiner_noun_agreement,determiner_noun_agreement_with_adjective_1,True,True,False,True,317,-63.06865692138672,-63.076019287109375,1
Gerald loves that excited pedestrian.,Gerald loves that excited pedestrians.,morphology,determiner_noun_agreement,determiner_noun_agreement_with_adjective_1,True,True,False,True,318,-53.6739616394043,-54.321041107177734,1
Wayne thinks about that bad university.,Wayne thinks about that bad universities.,morphology,determiner_noun_agreement,determiner_noun_agreement_with_adjective_1,True,True,False,True,319,-49.91770935058594,-50.45698547363281,1
The teenager distracted this busy teenager.,The teenager distracted this busy teenagers.,morphology,determiner_noun_agreement,determiner_noun_agreement_with_adjective_1,True,True,False,True,320,-51.673606872558594,-51.1889762878418,0
Gerald can examine that good play.,Gerald can examine that good plays.,morphology,determiner_noun_agreement,determiner_noun_agreement_with_adjective_1,True,True,False,True,321,-49.7740478515625,-51.78981018066406,1
All rabbits disgust this popular doctor.,All rabbits disgust this popular doctors.,morphology,determiner_noun_agreement,determiner_noun_agreement_with_adjective_1,True,True,False,True,322,-57.108131408691406,-57.36268615722656,1
April is returning to these big cashiers.,April is returning to these big cashier.,morphology,determiner_noun_agreement,determiner_noun_agreement_with_adjective_1,True,True,False,True,323,-52.67770767211914,-50.08544921875,0
These pedestrians are biking to this new mall.,These pedestrians are biking to this new malls.,morphology,determiner_noun_agreement,determiner_noun_agreement_with_adjective_1,True,True,False,True,324,-53.29700469970703,-52.79029083251953,0
George talked to those hopeful drivers.,George talked to those hopeful driver.,morphology,determiner_noun_agreement,determiner_noun_agreement_with_adjective_1,True,True,False,True,325,-41.49099349975586,-42.59068298339844,1
Marie is exploring this big museum.,Marie is exploring this big museums.,morphology,determiner_noun_agreement,determiner_noun_agreement_with_adjective_1,True,True,False,True,326,-35.809120178222656,-36.36998748779297,1
Brian doesn't help that unemployed actor.,Brian doesn't help that unemployed actors.,morphology,determiner_noun_agreement,determiner_noun_agreement_with_adjective_1,True,True,False,True,327,-44.537662506103516,-43.990386962890625,0
Alan has cured these small actors.,Alan has cured these small actor.,morphology,determiner_noun_agreement,determiner_noun_agreement_with_adjective_1,True,True,False,True,328,-43.59065246582031,-44.49882125854492,1
Nina drives to that concealed college campus.,Nina drives to that concealed college campuses.,morphology,determiner_noun_agreement,determiner_noun_agreement_with_adjective_1,True,True,False,True,329,-65.0298843383789,-66.26614379882812,1
Cheryl runs around this blue library.,Cheryl runs around this blue libraries.,morphology,determiner_noun_agreement,determiner_noun_agreement_with_adjective_1,True,True,False,True,330,-60.930110931396484,-62.98815155029297,1
Jason hadn't broken those gray couches.,Jason hadn't broken those gray couch.,morphology,determiner_noun_agreement,determiner_noun_agreement_with_adjective_1,True,True,False,True,331,-60.06982421875,-56.362701416015625,0
Beverly isn't biking to this white school.,Beverly isn't biking to this white schools.,morphology,determiner_noun_agreement,determiner_noun_agreement_with_adjective_1,True,True,False,True,332,-68.70077514648438,-70.1830825805664,1
Julie toured that clean movie theater.,Julie toured that clean movie theaters.,morphology,determiner_noun_agreement,determiner_noun_agreement_with_adjective_1,True,True,False,True,333,-57.2339973449707,-57.043853759765625,0
The hamster bores that lucky guy.,The hamster bores that lucky guys.,morphology,determiner_noun_agreement,determiner_noun_agreement_with_adjective_1,True,True,False,True,334,-67.34734344482422,-66.37128448486328,0
Valerie was attacking this fast adult.,Valerie was attacking this fast adults.,morphology,determiner_noun_agreement,determiner_noun_agreement_with_adjective_1,True,True,False,True,335,-55.0539665222168,-54.87205505371094,0
Nicole has cleaned those smooth hospitals.,Nicole has cleaned those smooth hospital.,morphology,determiner_noun_agreement,determiner_noun_agreement_with_adjective_1,True,True,False,True,336,-56.50431823730469,-55.52304458618164,0
These guys distract that content patient.,These guys distract that content patients.,morphology,determiner_noun_agreement,determiner_noun_agreement_with_adjective_1,True,True,False,True,337,-49.89572525024414,-49.94969940185547,1
Heidi isn't curing these hidden cashiers.,Heidi isn't curing these hidden cashier.,morphology,determiner_noun_agreement,determiner_noun_agreement_with_adjective_1,True,True,False,True,338,-71.23483276367188,-67.97816467285156,0
The Impressionists think about these bad coats.,The Impressionists think about these bad coat.,morphology,determiner_noun_agreement,determiner_noun_agreement_with_adjective_1,True,True,False,True,339,-66.52716064453125,-67.34471130371094,1
Craig questioned this serious teacher.,Craig questioned this serious teachers.,morphology,determiner_noun_agreement,determiner_noun_agreement_with_adjective_1,True,True,False,True,340,-37.64238739013672,-36.97938537597656,0
Colleen wasn't breaking that blue plate.,Colleen wasn't breaking that blue plates.,morphology,determiner_noun_agreement,determiner_noun_agreement_with_adjective_1,True,True,False,True,341,-58.05408477783203,-57.96614074707031,0
Alice boycotts these good universities.,Alice boycotts these good university.,morphology,determiner_noun_agreement,determiner_noun_agreement_with_adjective_1,True,True,False,True,342,-50.45294952392578,-50.01469039916992,0
This driver hasn't passed this blue library.,This driver hasn't passed this blue libraries.,morphology,determiner_noun_agreement,determiner_noun_agreement_with_adjective_1,True,True,False,True,343,-57.55339050292969,-60.299278259277344,1
Grace cured those exposed actresses.,Grace cured those exposed actress.,morphology,determiner_noun_agreement,determiner_noun_agreement_with_adjective_1,True,True,False,True,344,-56.11880111694336,-56.344852447509766,1
Mitchell drops by that clean restaurant.,Mitchell drops by that clean restaurants.,morphology,determiner_noun_agreement,determiner_noun_agreement_with_adjective_1,True,True,False,True,345,-55.90031814575195,-56.097434997558594,1
Daniel runs around this brown restaurant.,Daniel runs around this brown restaurants.,morphology,determiner_noun_agreement,determiner_noun_agreement_with_adjective_1,True,True,False,True,346,-41.62163543701172,-42.694923400878906,1
Some person was watching that small driver.,Some person was watching that small drivers.,morphology,determiner_noun_agreement,determiner_noun_agreement_with_adjective_1,True,True,False,True,347,-48.15434646606445,-47.1235237121582,0
Melissa fixes those hard cups.,Melissa fixes those hard cup.,morphology,determiner_noun_agreement,determiner_noun_agreement_with_adjective_1,True,True,False,True,348,-53.28224182128906,-54.85143280029297,1
Aaron remembers this busy actress.,Aaron remembers this busy actresses.,morphology,determiner_noun_agreement,determiner_noun_agreement_with_adjective_1,True,True,False,True,349,-39.57706069946289,-41.391719818115234,1
The dancers reveal that rough fork.,The dancers reveal that rough forks.,morphology,determiner_noun_agreement,determiner_noun_agreement_with_adjective_1,True,True,False,True,350,-49.792633056640625,-52.239593505859375,1
Those senators break that black plate.,Those senators break that black plates.,morphology,determiner_noun_agreement,determiner_noun_agreement_with_adjective_1,True,True,False,True,351,-52.09360885620117,-51.233821868896484,0
Those women heal this displeased lady.,Those women heal this displeased ladies.,morphology,determiner_noun_agreement,determiner_noun_agreement_with_adjective_1,True,True,False,True,352,-57.48656463623047,-57.64753341674805,1
A mirror alarmed this determined dancer.,A mirror alarmed this determined dancers.,morphology,determiner_noun_agreement,determiner_noun_agreement_with_adjective_1,True,True,False,True,353,-61.107906341552734,-60.1733283996582,0
This truck has alarmed that small bank.,This truck has alarmed that small banks.,morphology,determiner_noun_agreement,determiner_noun_agreement_with_adjective_1,True,True,False,True,354,-53.60224151611328,-52.32817459106445,0
These universities do alarm those good universities.,These universities do alarm those good university.,morphology,determiner_noun_agreement,determiner_noun_agreement_with_adjective_1,True,True,False,True,355,-59.27179718017578,-59.93628692626953,1
Candice has noticed these important committees.,Candice has noticed these important committee.,morphology,determiner_noun_agreement,determiner_noun_agreement_with_adjective_1,True,True,False,True,356,-49.765262603759766,-48.365478515625,0
The boys dislike this unemployed pedestrian.,The boys dislike this unemployed pedestrians.,morphology,determiner_noun_agreement,determiner_noun_agreement_with_adjective_1,True,True,False,True,357,-55.01799011230469,-54.30525207519531,0
Sarah shouldn't look like that yellow picture.,Sarah shouldn't look like that yellow pictures.,morphology,determiner_noun_agreement,determiner_noun_agreement_with_adjective_1,True,True,False,True,358,-48.42145538330078,-48.36949920654297,0
Christina cured this standing adult.,Christina cured this standing adults.,morphology,determiner_noun_agreement,determiner_noun_agreement_with_adjective_1,True,True,False,True,359,-51.018009185791016,-52.34590148925781,1
Marcus has complained about these unsure dancers.,Marcus has complained about these unsure dancer.,morphology,determiner_noun_agreement,determiner_noun_agreement_with_adjective_1,True,True,False,True,360,-50.9532470703125,-51.39207458496094,1
Cindy couldn't reveal that hard cup.,Cindy couldn't reveal that hard cups.,morphology,determiner_noun_agreement,determiner_noun_agreement_with_adjective_1,True,True,False,True,361,-59.139259338378906,-58.63340377807617,0
The Clintons conceal this blue blouse.,The Clintons conceal this blue blouses.,morphology,determiner_noun_agreement,determiner_noun_agreement_with_adjective_1,True,True,False,True,362,-59.86403274536133,-61.39662170410156,1
All screens shock that uncertain cashier.,All screens shock that uncertain cashiers.,morphology,determiner_noun_agreement,determiner_noun_agreement_with_adjective_1,True,True,False,True,363,-61.59068298339844,-63.66068649291992,1
Christina has revealed that rough newspaper article.,Christina has revealed that rough newspaper articles.,morphology,determiner_noun_agreement,determiner_noun_agreement_with_adjective_1,True,True,False,True,364,-55.43698501586914,-56.246253967285156,1
Paul visited this delighted driver.,Paul visited this delighted drivers.,morphology,determiner_noun_agreement,determiner_noun_agreement_with_adjective_1,True,True,False,True,365,-42.054168701171875,-41.364139556884766,0
Many patients sell those purple shoes.,Many patients sell those purple shoe.,morphology,determiner_noun_agreement,determiner_noun_agreement_with_adjective_1,True,True,False,True,366,-45.51858139038086,-48.84416961669922,1
Some girls question that excited student.,Some girls question that excited students.,morphology,determiner_noun_agreement,determiner_noun_agreement_with_adjective_1,True,True,False,True,367,-48.561153411865234,-48.412227630615234,0
Spain had listened to that exposed adult.,Spain had listened to that exposed adults.,morphology,determiner_noun_agreement,determiner_noun_agreement_with_adjective_1,True,True,False,True,368,-46.015689849853516,-44.32984161376953,0
The movie theater confuses this popular government.,The movie theater confuses this popular governments.,morphology,determiner_noun_agreement,determiner_noun_agreement_with_adjective_1,True,True,False,True,369,-62.95920181274414,-64.31028747558594,1
Catherine fixes this dirty cup.,Catherine fixes this dirty cups.,morphology,determiner_noun_agreement,determiner_noun_agreement_with_adjective_1,True,True,False,True,370,-51.84223175048828,-51.658241271972656,0
The Clintons boycott those important organizations.,The Clintons boycott those important organization.,morphology,determiner_noun_agreement,determiner_noun_agreement_with_adjective_1,True,True,False,True,371,-52.81367492675781,-52.81451416015625,1
Dancers clean these yellow public parks.,Dancers clean these yellow public park.,morphology,determiner_noun_agreement,determiner_noun_agreement_with_adjective_1,True,True,False,True,372,-59.83922576904297,-59.440547943115234,0
Harvard University likes those popular cafes.,Harvard University likes those popular cafe.,morphology,determiner_noun_agreement,determiner_noun_agreement_with_adjective_1,True,True,False,True,373,-60.03026580810547,-62.121734619140625,1
These waiters had escaped from these unconvinced pedestrians.,These waiters had escaped from these unconvinced pedestrian.,morphology,determiner_noun_agreement,determiner_noun_agreement_with_adjective_1,True,True,False,True,374,-89.00605773925781,-89.46466064453125,1
Nicole hadn't attacked these hopeful teachers.,Nicole hadn't attacked these hopeful teacher.,morphology,determiner_noun_agreement,determiner_noun_agreement_with_adjective_1,True,True,False,True,375,-61.30376434326172,-62.65250015258789,1
Many libraries boast about those popular documentaries.,Many libraries boast about those popular documentary.,morphology,determiner_noun_agreement,determiner_noun_agreement_with_adjective_1,True,True,False,True,376,-55.43752670288086,-53.63084411621094,0
Kayla has gone to those rough cafes.,Kayla has gone to those rough cafe.,morphology,determiner_noun_agreement,determiner_noun_agreement_with_adjective_1,True,True,False,True,377,-52.88949966430664,-52.357032775878906,0
Ruth argued about this exposed student.,Ruth argued about this exposed students.,morphology,determiner_noun_agreement,determiner_noun_agreement_with_adjective_1,True,True,False,True,378,-52.998985290527344,-51.358421325683594,0
Theodore is observing those important drivers.,Theodore is observing those important driver.,morphology,determiner_noun_agreement,determiner_noun_agreement_with_adjective_1,True,True,False,True,379,-51.75682067871094,-53.07135009765625,1
George talked about these sick senators.,George talked about these sick senator.,morphology,determiner_noun_agreement,determiner_noun_agreement_with_adjective_1,True,True,False,True,380,-40.95835876464844,-41.036399841308594,1
Catherine dropped by that new movie theater.,Catherine dropped by that new movie theaters.,morphology,determiner_noun_agreement,determiner_noun_agreement_with_adjective_1,True,True,False,True,381,-62.38579559326172,-61.99758529663086,0
Travis was examining those exposed reports.,Travis was examining those exposed report.,morphology,determiner_noun_agreement,determiner_noun_agreement_with_adjective_1,True,True,False,True,382,-52.962364196777344,-53.65127944946289,1
Those carriages irritated that unlucky student.,Those carriages irritated that unlucky students.,morphology,determiner_noun_agreement,determiner_noun_agreement_with_adjective_1,True,True,False,True,383,-68.75173950195312,-66.74647521972656,0
Jerry wouldn't heal that good waitress.,Jerry wouldn't heal that good waitresses.,morphology,determiner_noun_agreement,determiner_noun_agreement_with_adjective_1,True,True,False,True,384,-50.061710357666016,-58.84598922729492,1
Denise does hide these popular birds.,Denise does hide these popular bird.,morphology,determiner_noun_agreement,determiner_noun_agreement_with_adjective_1,True,True,False,True,385,-52.395633697509766,-54.62145233154297,1
These actresses break this orange couch.,These actresses break this orange couchs.,morphology,determiner_noun_agreement,determiner_noun_agreement_with_adjective_1,True,True,False,True,386,-49.605308532714844,-56.11483383178711,1
Heidi passed these smooth high schools.,Heidi passed these smooth high school.,morphology,determiner_noun_agreement,determiner_noun_agreement_with_adjective_1,True,True,False,True,387,-55.56931686401367,-52.732696533203125,0
That actor hadn't fixed these blue cups.,That actor hadn't fixed these blue cup.,morphology,determiner_noun_agreement,determiner_noun_agreement_with_adjective_1,True,True,False,True,388,-66.34166717529297,-65.76994323730469,0
Barbara talked about this uncertain actor.,Barbara talked about this uncertain actors.,morphology,determiner_noun_agreement,determiner_noun_agreement_with_adjective_1,True,True,False,True,389,-49.117462158203125,-48.49531173706055,0
Tina cures this unemployed teenager.,Tina cures this unemployed teenagers.,morphology,determiner_noun_agreement,determiner_noun_agreement_with_adjective_1,True,True,False,True,390,-57.00796890258789,-55.3408317565918,0
Tonya loves those hard newspaper articles.,Tonya loves those hard newspaper article.,morphology,determiner_noun_agreement,determiner_noun_agreement_with_adjective_1,True,True,False,True,391,-55.28430938720703,-54.221153259277344,0
Martin can't disgust those clever actresses.,Martin can't disgust those clever actress.,morphology,determiner_noun_agreement,determiner_noun_agreement_with_adjective_1,True,True,False,True,392,-60.854652404785156,-59.822879791259766,0
Bradley won't respect that bad public park.,Bradley won't respect that bad public parks.,morphology,determiner_noun_agreement,determiner_noun_agreement_with_adjective_1,True,True,False,True,393,-59.62373733520508,-59.768402099609375,1
Those teenagers exit that rough college campus.,Those teenagers exit that rough college campuses.,morphology,determiner_noun_agreement,determiner_noun_agreement_with_adjective_1,True,True,False,True,394,-62.98284912109375,-64.6137466430664,1
That spotlight irritated these busy senators.,That spotlight irritated these busy senator.,morphology,determiner_noun_agreement,determiner_noun_agreement_with_adjective_1,True,True,False,True,395,-57.800018310546875,-56.328369140625,0
Many actors haven't praised that lost girl.,Many actors haven't praised that lost girls.,morphology,determiner_noun_agreement,determiner_noun_agreement_with_adjective_1,True,True,False,True,396,-60.71835708618164,-60.058250427246094,0
Lissa explored this important restaurant.,Lissa explored this important restaurants.,morphology,determiner_noun_agreement,determiner_noun_agreement_with_adjective_1,True,True,False,True,397,-48.16896057128906,-48.0501708984375,0
Brad shouldn't buy these black banks.,Brad shouldn't buy these black bank.,morphology,determiner_noun_agreement,determiner_noun_agreement_with_adjective_1,True,True,False,True,398,-47.191429138183594,-45.99980926513672,0
A doctor hasn't cleaned these bad malls.,A doctor hasn't cleaned these bad mall.,morphology,determiner_noun_agreement,determiner_noun_agreement_with_adjective_1,True,True,False,True,399,-60.526519775390625,-60.46511459350586,0
Tanya hasn't hated those smart adults.,Tanya hasn't hated those smart adult.,morphology,determiner_noun_agreement,determiner_noun_agreement_with_adjective_1,True,True,False,True,400,-57.560001373291016,-58.40176773071289,1
Some coat could disgust those popular drivers.,Some coat could disgust those popular driver.,morphology,determiner_noun_agreement,determiner_noun_agreement_with_adjective_1,True,True,False,True,401,-65.46277618408203,-66.38871002197266,1
Nina should love those gray newspaper articles.,Nina should love those gray newspaper article.,morphology,determiner_noun_agreement,determiner_noun_agreement_with_adjective_1,True,True,False,True,402,-67.14169311523438,-66.33906555175781,0
Jerry disliked those sick girls.,Jerry disliked those sick girl.,morphology,determiner_noun_agreement,determiner_noun_agreement_with_adjective_1,True,True,False,True,403,-42.27092742919922,-41.71710968017578,0
A lot of libraries disliked this orange public park.,A lot of libraries disliked this orange public parks.,morphology,determiner_noun_agreement,determiner_noun_agreement_with_adjective_1,True,True,False,True,404,-71.87529754638672,-71.8967056274414,1
Julia was noticing these white movie theaters.,Julia was noticing these white movie theater.,morphology,determiner_noun_agreement,determiner_noun_agreement_with_adjective_1,True,True,False,True,405,-60.91025924682617,-60.91596984863281,1
Steve looked like that out in the open photograph.,Steve looked like that out in the open photographs.,morphology,determiner_noun_agreement,determiner_noun_agreement_with_adjective_1,True,True,False,True,406,-48.41468811035156,-48.55394744873047,1
Rachel shouldn't care for this sick guy.,Rachel shouldn't care for this sick guys.,morphology,determiner_noun_agreement,determiner_noun_agreement_with_adjective_1,True,True,False,True,407,-49.31586837768555,-49.466556549072266,1
Kayla can't observe those hidden drivers.,Kayla can't observe those hidden driver.,morphology,determiner_noun_agreement,determiner_noun_agreement_with_adjective_1,True,True,False,True,408,-52.179466247558594,-53.66511535644531,1
Danielle was working with those exposed customers.,Danielle was working with those exposed customer.,morphology,determiner_noun_agreement,determiner_noun_agreement_with_adjective_1,True,True,False,True,409,-49.129478454589844,-51.457576751708984,1
The teachers criticize this orange pamphlet.,The teachers criticize this orange pamphlets.,morphology,determiner_noun_agreement,determiner_noun_agreement_with_adjective_1,True,True,False,True,410,-57.35574722290039,-62.93092346191406,1
Carla wouldn't hide this new plate.,Carla wouldn't hide this new plates.,morphology,determiner_noun_agreement,determiner_noun_agreement_with_adjective_1,True,True,False,True,411,-49.59834289550781,-49.17793273925781,0
Brad had examined these red pamphlets.,Brad had examined these red pamphlet.,morphology,determiner_noun_agreement,determiner_noun_agreement_with_adjective_1,True,True,False,True,412,-56.236392974853516,-49.9384765625,0
Sara doesn't think about that black hat.,Sara doesn't think about that black hats.,morphology,determiner_noun_agreement,determiner_noun_agreement_with_adjective_1,True,True,False,True,413,-51.10277557373047,-50.75579833984375,0
The Impressionists discover these orange sketches.,The Impressionists discover these orange sketch.,morphology,determiner_noun_agreement,determiner_noun_agreement_with_adjective_1,True,True,False,True,414,-66.94338989257812,-66.32756042480469,0
Katherine disturbed that displeased driver.,Katherine disturbed that displeased drivers.,morphology,determiner_noun_agreement,determiner_noun_agreement_with_adjective_1,True,True,False,True,415,-60.34885787963867,-60.9005241394043,1
Senators clean that big shawl.,Senators clean that big shawls.,morphology,determiner_noun_agreement,determiner_noun_agreement_with_adjective_1,True,True,False,True,416,-60.390350341796875,-62.61609649658203,1
Anne couldn't question that popular organization.,Anne couldn't question that popular organizations.,morphology,determiner_noun_agreement,determiner_noun_agreement_with_adjective_1,True,True,False,True,417,-45.79696273803711,-46.16448974609375,1
Lawrence hadn't talked to this good pedestrian.,Lawrence hadn't talked to this good pedestrians.,morphology,determiner_noun_agreement,determiner_noun_agreement_with_adjective_1,True,True,False,True,418,-65.0400161743164,-65.21805572509766,1
Actors reference that displeased doctor.,Actors reference that displeased doctors.,morphology,determiner_noun_agreement,determiner_noun_agreement_with_adjective_1,True,True,False,True,419,-60.98896026611328,-61.809471130371094,1
Karen is kissing this troubled cashier.,Karen is kissing this troubled cashiers.,morphology,determiner_noun_agreement,determiner_noun_agreement_with_adjective_1,True,True,False,True,420,-64.06918334960938,-66.34864044189453,1
Ellen could approach these out in the open cashiers.,Ellen could approach these out in the open cashier.,morphology,determiner_noun_agreement,determiner_noun_agreement_with_adjective_1,True,True,False,True,421,-75.12181091308594,-72.61592102050781,0
Deborah was healing those important snakes.,Deborah was healing those important snake.,morphology,determiner_noun_agreement,determiner_noun_agreement_with_adjective_1,True,True,False,True,422,-58.63269805908203,-59.29201889038086,1
All drawings looked like that concealed waiter.,All drawings looked like that concealed waiters.,morphology,determiner_noun_agreement,determiner_noun_agreement_with_adjective_1,True,True,False,True,423,-60.21427917480469,-62.56409454345703,1
Some scarf disturbs this good government.,Some scarf disturbs this good governments.,morphology,determiner_noun_agreement,determiner_noun_agreement_with_adjective_1,True,True,False,True,424,-62.95704650878906,-63.388954162597656,1
These drivers wear those exposed coats.,These drivers wear those exposed coat.,morphology,determiner_noun_agreement,determiner_noun_agreement_with_adjective_1,True,True,False,True,425,-49.77710723876953,-48.63788604736328,0
Customers didn't kiss this uncertain teacher.,Customers didn't kiss this uncertain teachers.,morphology,determiner_noun_agreement,determiner_noun_agreement_with_adjective_1,True,True,False,True,426,-59.126190185546875,-58.436214447021484,0
A lot of people tour these white schools.,A lot of people tour these white school.,morphology,determiner_noun_agreement,determiner_noun_agreement_with_adjective_1,True,True,False,True,427,-55.48929977416992,-54.642555236816406,0
Men lift this green school.,Men lift this green schools.,morphology,determiner_noun_agreement,determiner_noun_agreement_with_adjective_1,True,True,False,True,428,-38.32866668701172,-39.46079635620117,1
Those children criticize those big pamphlets.,Those children criticize those big pamphlet.,morphology,determiner_noun_agreement,determiner_noun_agreement_with_adjective_1,True,True,False,True,429,-58.89878463745117,-52.82445526123047,0
Melinda arrives at this orange public park.,Melinda arrives at this orange public parks.,morphology,determiner_noun_agreement,determiner_noun_agreement_with_adjective_1,True,True,False,True,430,-57.03337860107422,-57.97203063964844,1
Patients had this out in the open pamphlet.,Patients had this out in the open pamphlets.,morphology,determiner_noun_agreement,determiner_noun_agreement_with_adjective_1,True,True,False,True,431,-59.765357971191406,-65.25923156738281,1
Many adults could clean that gray movie theater.,Many adults could clean that gray movie theaters.,morphology,determiner_noun_agreement,determiner_noun_agreement_with_adjective_1,True,True,False,True,432,-66.50140380859375,-66.30206298828125,0
Russell concealed these important coats.,Russell concealed these important coat.,morphology,determiner_noun_agreement,determiner_noun_agreement_with_adjective_1,True,True,False,True,433,-41.788185119628906,-41.578216552734375,0
Dan hasn't appreciated this yellow cafe.,Dan hasn't appreciated this yellow cafes.,morphology,determiner_noun_agreement,determiner_noun_agreement_with_adjective_1,True,True,False,True,434,-49.55516815185547,-50.857765197753906,1
This lake can't alarm those popular governments.,This lake can't alarm those popular government.,morphology,determiner_noun_agreement,determiner_noun_agreement_with_adjective_1,True,True,False,True,435,-65.9300537109375,-64.36846923828125,0
Carolyn forgets this unsure cashier.,Carolyn forgets this unsure cashiers.,morphology,determiner_noun_agreement,determiner_noun_agreement_with_adjective_1,True,True,False,True,436,-70.4324722290039,-71.54989624023438,1
Jerry is bringing those black newspaper articles.,Jerry is bringing those black newspaper article.,morphology,determiner_noun_agreement,determiner_noun_agreement_with_adjective_1,True,True,False,True,437,-50.32937240600586,-49.92075729370117,0
Some adults care for this serious guy.,Some adults care for this serious guys.,morphology,determiner_noun_agreement,determiner_noun_agreement_with_adjective_1,True,True,False,True,438,-45.626739501953125,-45.61280059814453,0
All cashiers flee from this popular movie theater.,All cashiers flee from this popular movie theaters.,morphology,determiner_noun_agreement,determiner_noun_agreement_with_adjective_1,True,True,False,True,439,-72.73300170898438,-72.41806030273438,0
The newspaper articles embarrass this lost doctor.,The newspaper articles embarrass this lost doctors.,morphology,determiner_noun_agreement,determiner_noun_agreement_with_adjective_1,True,True,False,True,440,-63.0401611328125,-63.103179931640625,1
The paintings look like that ill bird.,The paintings look like that ill birds.,morphology,determiner_noun_agreement,determiner_noun_agreement_with_adjective_1,True,True,False,True,441,-53.88261795043945,-53.85797119140625,0
This cashier hadn't sounded like these nice children.,This cashier hadn't sounded like these nice child.,morphology,determiner_noun_agreement,determiner_noun_agreement_with_adjective_1,True,True,False,True,442,-72.6737060546875,-72.77344512939453,1
Leslie could conceal this confident adult.,Leslie could conceal this confident adults.,morphology,determiner_noun_agreement,determiner_noun_agreement_with_adjective_1,True,True,False,True,443,-58.19453430175781,-55.90724182128906,0
Karla does shock this small lady.,Karla does shock this small ladies.,morphology,determiner_noun_agreement,determiner_noun_agreement_with_adjective_1,True,True,False,True,444,-53.04288101196289,-52.23661804199219,0
Ruth was referencing this good newspaper article.,Ruth was referencing this good newspaper articles.,morphology,determiner_noun_agreement,determiner_noun_agreement_with_adjective_1,True,True,False,True,445,-59.058143615722656,-60.66691207885742,1
Those people attack this lucky girl.,Those people attack this lucky girls.,morphology,determiner_noun_agreement,determiner_noun_agreement_with_adjective_1,True,True,False,True,446,-43.75048828125,-44.851890563964844,1
Kendra drops by these important restaurants.,Kendra drops by these important restaurant.,morphology,determiner_noun_agreement,determiner_noun_agreement_with_adjective_1,True,True,False,True,447,-55.97220230102539,-56.421932220458984,1
George had complained about this standing teenager.,George had complained about this standing teenagers.,morphology,determiner_noun_agreement,determiner_noun_agreement_with_adjective_1,True,True,False,True,448,-47.9346923828125,-46.63396453857422,0
Katherine isn't discovering that long essay.,Katherine isn't discovering that long essays.,morphology,determiner_noun_agreement,determiner_noun_agreement_with_adjective_1,True,True,False,True,449,-55.008644104003906,-56.0772705078125,1
Robert walked through this rough bank.,Robert walked through this rough banks.,morphology,determiner_noun_agreement,determiner_noun_agreement_with_adjective_1,True,True,False,True,450,-40.77179718017578,-42.187347412109375,1
Brenda doesn't clean this blue mall.,Brenda doesn't clean this blue malls.,morphology,determiner_noun_agreement,determiner_noun_agreement_with_adjective_1,True,True,False,True,451,-50.623779296875,-52.51097869873047,1
Tiffany couldn't arrive at those big art galleries.,Tiffany couldn't arrive at those big art gallery.,morphology,determiner_noun_agreement,determiner_noun_agreement_with_adjective_1,True,True,False,True,452,-72.2031478881836,-71.75153350830078,0
Curtis isn't irritating these clever drivers.,Curtis isn't irritating these clever driver.,morphology,determiner_noun_agreement,determiner_noun_agreement_with_adjective_1,True,True,False,True,453,-67.86834716796875,-68.8666000366211,1
This patient concealed these blue grocery stores.,This patient concealed these blue grocery store.,morphology,determiner_noun_agreement,determiner_noun_agreement_with_adjective_1,True,True,False,True,454,-61.343048095703125,-58.27485656738281,0
Girls fix those good cups.,Girls fix those good cup.,morphology,determiner_noun_agreement,determiner_noun_agreement_with_adjective_1,True,True,False,True,455,-41.819114685058594,-42.38685607910156,1
Benjamin discovers this gray art gallery.,Benjamin discovers this gray art galleries.,morphology,determiner_noun_agreement,determiner_noun_agreement_with_adjective_1,True,True,False,True,456,-60.466163635253906,-61.804100036621094,1
Those doctors walk through these rough movie theaters.,Those doctors walk through these rough movie theater.,morphology,determiner_noun_agreement,determiner_noun_agreement_with_adjective_1,True,True,False,True,457,-62.135040283203125,-62.136844635009766,1
Some drawing had aggravated those important committees.,Some drawing had aggravated those important committee.,morphology,determiner_noun_agreement,determiner_noun_agreement_with_adjective_1,True,True,False,True,458,-60.92121887207031,-59.7344970703125,0
The Impressionists conceal those concealed waitresses.,The Impressionists conceal those concealed waitress.,morphology,determiner_noun_agreement,determiner_noun_agreement_with_adjective_1,True,True,False,True,459,-83.89289093017578,-77.5385971069336,0
Peter questions these hopeful teenagers.,Peter questions these hopeful teenager.,morphology,determiner_noun_agreement,determiner_noun_agreement_with_adjective_1,True,True,False,True,460,-42.096839904785156,-44.12757110595703,1
Clyde does scare these serious pedestrians.,Clyde does scare these serious pedestrian.,morphology,determiner_noun_agreement,determiner_noun_agreement_with_adjective_1,True,True,False,True,461,-69.82112121582031,-69.33321380615234,0
These photographs aren't looking like those big cars.,These photographs aren't looking like those big car.,morphology,determiner_noun_agreement,determiner_noun_agreement_with_adjective_1,True,True,False,True,462,-56.761695861816406,-56.64354705810547,0
Some men know this delighted guy.,Some men know this delighted guys.,morphology,determiner_noun_agreement,determiner_noun_agreement_with_adjective_1,True,True,False,True,463,-45.91645431518555,-44.758934020996094,0
Susan helped these young guests.,Susan helped these young guest.,morphology,determiner_noun_agreement,determiner_noun_agreement_with_adjective_1,True,True,False,True,464,-34.377716064453125,-36.55169677734375,1
The Clintons scan those good movies.,The Clintons scan those good movie.,morphology,determiner_noun_agreement,determiner_noun_agreement_with_adjective_1,True,True,False,True,465,-55.03070831298828,-55.576698303222656,1
The museums worry that young actor.,The museums worry that young actors.,morphology,determiner_noun_agreement,determiner_noun_agreement_with_adjective_1,True,True,False,True,466,-48.11772918701172,-47.65494155883789,0
Every pie hurts these happy waitresses.,Every pie hurts these happy waitress.,morphology,determiner_noun_agreement,determiner_noun_agreement_with_adjective_1,True,True,False,True,467,-65.17512512207031,-57.057498931884766,0
Valerie does leave that bad waitress.,Valerie does leave that bad waitresses.,morphology,determiner_noun_agreement,determiner_noun_agreement_with_adjective_1,True,True,False,True,468,-56.55259704589844,-64.10275268554688,1
Jesus might investigate these out in the open adults.,Jesus might investigate these out in the open adult.,morphology,determiner_noun_agreement,determiner_noun_agreement_with_adjective_1,True,True,False,True,469,-58.334129333496094,-56.85206604003906,0
Paula does leave that happy senator.,Paula does leave that happy senators.,morphology,determiner_noun_agreement,determiner_noun_agreement_with_adjective_1,True,True,False,True,470,-53.226524353027344,-54.05718994140625,1
Theodore revealed these messy hospitals.,Theodore revealed these messy hospital.,morphology,determiner_noun_agreement,determiner_noun_agreement_with_adjective_1,True,True,False,True,471,-57.32505416870117,-56.700889587402344,0
Sharon has broken these yellow cups.,Sharon has broken these yellow cup.,morphology,determiner_noun_agreement,determiner_noun_agreement_with_adjective_1,True,True,False,True,472,-54.09465789794922,-53.52980041503906,0
Every doctor sold those bad art galleries.,Every doctor sold those bad art gallery.,morphology,determiner_noun_agreement,determiner_noun_agreement_with_adjective_1,True,True,False,True,473,-57.34221649169922,-55.758201599121094,0
These committees work with those busy guests.,These committees work with those busy guest.,morphology,determiner_noun_agreement,determiner_noun_agreement_with_adjective_1,True,True,False,True,474,-47.675437927246094,-51.49775314331055,1
The doctor isn't curing that clever student.,The doctor isn't curing that clever students.,morphology,determiner_noun_agreement,determiner_noun_agreement_with_adjective_1,True,True,False,True,475,-60.1861572265625,-59.88874053955078,0
Melissa discussed these popular doctors.,Melissa discussed these popular doctor.,morphology,determiner_noun_agreement,determiner_noun_agreement_with_adjective_1,True,True,False,True,476,-47.818809509277344,-47.97671127319336,1
Many pedestrians like that popular hospital.,Many pedestrians like that popular hospitals.,morphology,determiner_noun_agreement,determiner_noun_agreement_with_adjective_1,True,True,False,True,477,-45.761810302734375,-44.16914749145508,0
Raymond is cleaning those small malls.,Raymond is cleaning those small mall.,morphology,determiner_noun_agreement,determiner_noun_agreement_with_adjective_1,True,True,False,True,478,-55.33501434326172,-55.249271392822266,0
Margaret isn't messing up those bad chairs.,Margaret isn't messing up those bad chair.,morphology,determiner_noun_agreement,determiner_noun_agreement_with_adjective_1,True,True,False,True,479,-64.60601806640625,-63.09299087524414,0
Andrea couldn't think about these red restaurants.,Andrea couldn't think about these red restaurant.,morphology,determiner_noun_agreement,determiner_noun_agreement_with_adjective_1,True,True,False,True,480,-57.29183578491211,-56.42237091064453,0
A lot of lights annoy those displeased waitresses.,A lot of lights annoy those displeased waitress.,morphology,determiner_noun_agreement,determiner_noun_agreement_with_adjective_1,True,True,False,True,481,-87.16102600097656,-77.9747085571289,0
A lot of students walk through those clean malls.,A lot of students walk through those clean mall.,morphology,determiner_noun_agreement,determiner_noun_agreement_with_adjective_1,True,True,False,True,482,-64.5363998413086,-64.02961730957031,0
Danielle shouldn't talk to those clever senators.,Danielle shouldn't talk to those clever senator.,morphology,determiner_noun_agreement,determiner_noun_agreement_with_adjective_1,True,True,False,True,483,-60.552772521972656,-60.665077209472656,1
William respects that popular guest.,William respects that popular guests.,morphology,determiner_noun_agreement,determiner_noun_agreement_with_adjective_1,True,True,False,True,484,-38.837554931640625,-37.29108428955078,0
Denise wasn't scanning those long plays.,Denise wasn't scanning those long play.,morphology,determiner_noun_agreement,determiner_noun_agreement_with_adjective_1,True,True,False,True,485,-59.32352828979492,-57.83371353149414,0
Suzanne thinks about this rough cafe.,Suzanne thinks about this rough cafes.,morphology,determiner_noun_agreement,determiner_noun_agreement_with_adjective_1,True,True,False,True,486,-56.14764404296875,-56.840179443359375,1
Drivers haven't attacked this upset guest.,Drivers haven't attacked this upset guests.,morphology,determiner_noun_agreement,determiner_noun_agreement_with_adjective_1,True,True,False,True,487,-60.51277160644531,-58.7133674621582,0
Steven hid these white blouses.,Steven hid these white blouse.,morphology,determiner_noun_agreement,determiner_noun_agreement_with_adjective_1,True,True,False,True,488,-45.74686050415039,-43.924049377441406,0
Michael returned to these upset drivers.,Michael returned to these upset driver.,morphology,determiner_noun_agreement,determiner_noun_agreement_with_adjective_1,True,True,False,True,489,-42.08319854736328,-43.37303924560547,1
Adam hasn't insulted this exposed bank.,Adam hasn't insulted this exposed banks.,morphology,determiner_noun_agreement,determiner_noun_agreement_with_adjective_1,True,True,False,True,490,-52.25193405151367,-53.526546478271484,1
Andrew had resembled this concealed picture.,Andrew had resembled this concealed pictures.,morphology,determiner_noun_agreement,determiner_noun_agreement_with_adjective_1,True,True,False,True,491,-50.64537048339844,-50.15727233886719,0
Katherine hugs this big teacher.,Katherine hugs this big teachers.,morphology,determiner_noun_agreement,determiner_noun_agreement_with_adjective_1,True,True,False,True,492,-47.93183517456055,-48.32606506347656,1
A lot of boys flee from this unlucky guy.,A lot of boys flee from this unlucky guys.,morphology,determiner_noun_agreement,determiner_noun_agreement_with_adjective_1,True,True,False,True,493,-64.46250915527344,-65.26895904541016,1
The drivers conceal those busy guests.,The drivers conceal those busy guest.,morphology,determiner_noun_agreement,determiner_noun_agreement_with_adjective_1,True,True,False,True,494,-51.238338470458984,-54.646541595458984,1
This cashier wouldn't fire this displeased girl.,This cashier wouldn't fire this displeased girls.,morphology,determiner_noun_agreement,determiner_noun_agreement_with_adjective_1,True,True,False,True,495,-78.71894836425781,-80.94970703125,1
April respected those clever children.,April respected those clever child.,morphology,determiner_noun_agreement,determiner_noun_agreement_with_adjective_1,True,True,False,True,496,-43.08815383911133,-43.83951187133789,1
Many museums dislike those important high schools.,Many museums dislike those important high school.,morphology,determiner_noun_agreement,determiner_noun_agreement_with_adjective_1,True,True,False,True,497,-53.385616302490234,-52.29247283935547,0
Sarah escapes from these concealed malls.,Sarah escapes from these concealed mall.,morphology,determiner_noun_agreement,determiner_noun_agreement_with_adjective_1,True,True,False,True,498,-47.60143280029297,-48.13380432128906,1
This person hadn't healed these lucky dancers.,This person hadn't healed these lucky dancer.,morphology,determiner_noun_agreement,determiner_noun_agreement_with_adjective_1,True,True,False,True,499,-63.29822540283203,-64.94015502929688,1
Most girls aren't researching this popular committee.,Most girls aren't researching this popular committees.,morphology,determiner_noun_agreement,determiner_noun_agreement_with_adjective_1,True,True,False,True,500,-55.40327835083008,-55.642250061035156,1
All men remember these small museums.,All men remember these small museum.,morphology,determiner_noun_agreement,determiner_noun_agreement_with_adjective_1,True,True,False,True,501,-45.572914123535156,-45.48469924926758,0
The girls exit those smooth cafes.,The girls exit those smooth cafe.,morphology,determiner_noun_agreement,determiner_noun_agreement_with_adjective_1,True,True,False,True,502,-54.9846305847168,-55.0163688659668,1
Dawn couldn't break these messy chairs.,Dawn couldn't break these messy chair.,morphology,determiner_noun_agreement,determiner_noun_agreement_with_adjective_1,True,True,False,True,503,-61.05506896972656,-59.67664337158203,0
Some guys fire these old cashiers.,Some guys fire these old cashier.,morphology,determiner_noun_agreement,determiner_noun_agreement_with_adjective_1,True,True,False,True,504,-61.65554428100586,-58.10322570800781,0
That boy talks about those smooth restaurants.,That boy talks about those smooth restaurant.,morphology,determiner_noun_agreement,determiner_noun_agreement_with_adjective_1,True,True,False,True,505,-51.32269287109375,-51.352115631103516,1
Timothy can't flee from those clever boys.,Timothy can't flee from those clever boy.,morphology,determiner_noun_agreement,determiner_noun_agreement_with_adjective_1,True,True,False,True,506,-63.46051788330078,-62.840782165527344,0
Helen is astounding those unconvinced teachers.,Helen is astounding those unconvinced teacher.,morphology,determiner_noun_agreement,determiner_noun_agreement_with_adjective_1,True,True,False,True,507,-69.89447021484375,-69.85739135742188,0
Reports haven't bored these lost adults.,Reports haven't bored these lost adult.,morphology,determiner_noun_agreement,determiner_noun_agreement_with_adjective_1,True,True,False,True,508,-51.781532287597656,-52.54937744140625,1
Rose hadn't arrived at this red library.,Rose hadn't arrived at this red libraries.,morphology,determiner_noun_agreement,determiner_noun_agreement_with_adjective_1,True,True,False,True,509,-53.103309631347656,-55.29380416870117,1
Colleen researched this white painting.,Colleen researched this white paintings.,morphology,determiner_noun_agreement,determiner_noun_agreement_with_adjective_1,True,True,False,True,510,-46.97320556640625,-47.43968963623047,1
Students hate that unconvinced guy.,Students hate that unconvinced guys.,morphology,determiner_noun_agreement,determiner_noun_agreement_with_adjective_1,True,True,False,True,511,-58.797821044921875,-58.56965637207031,0
A spotlight upsets those important legislatures.,A spotlight upsets those important legislature.,morphology,determiner_noun_agreement,determiner_noun_agreement_with_adjective_1,True,True,False,True,512,-61.232975006103516,-60.76487731933594,0
A lot of students hadn't respected that concealed restaurant.,A lot of students hadn't respected that concealed restaurants.,morphology,determiner_noun_agreement,determiner_noun_agreement_with_adjective_1,True,True,False,True,513,-77.41049194335938,-77.02735900878906,0
These men dislike this content senator.,These men dislike this content senators.,morphology,determiner_noun_agreement,determiner_noun_agreement_with_adjective_1,True,True,False,True,514,-49.41699981689453,-49.972938537597656,1
These waiters haven't cared for those unemployed guys.,These waiters haven't cared for those unemployed guy.,morphology,determiner_noun_agreement,determiner_noun_agreement_with_adjective_1,True,True,False,True,515,-67.43354034423828,-68.14710998535156,1
Sheila will find that whole chair.,Sheila will find that whole chairs.,morphology,determiner_noun_agreement,determiner_noun_agreement_with_adjective_1,True,True,False,True,516,-46.025367736816406,-48.847129821777344,1
Christina does hurt these upset actors.,Christina does hurt these upset actor.,morphology,determiner_noun_agreement,determiner_noun_agreement_with_adjective_1,True,True,False,True,517,-55.381412506103516,-56.036014556884766,1
Many prints impress these lost doctors.,Many prints impress these lost doctor.,morphology,determiner_noun_agreement,determiner_noun_agreement_with_adjective_1,True,True,False,True,518,-53.016841888427734,-53.09428024291992,1
Amy wouldn't reveal that green nose.,Amy wouldn't reveal that green noses.,morphology,determiner_noun_agreement,determiner_noun_agreement_with_adjective_1,True,True,False,True,519,-43.457672119140625,-45.5452766418457,1
The Impressionists can't remember those upset customers.,The Impressionists can't remember those upset customer.,morphology,determiner_noun_agreement,determiner_noun_agreement_with_adjective_1,True,True,False,True,520,-74.21382141113281,-76.0758285522461,1
The box stunned that important school.,The box stunned that important schools.,morphology,determiner_noun_agreement,determiner_noun_agreement_with_adjective_1,True,True,False,True,521,-50.89678955078125,-50.106788635253906,0
Kirsten disliked these popular essays.,Kirsten disliked these popular essay.,morphology,determiner_noun_agreement,determiner_noun_agreement_with_adjective_1,True,True,False,True,522,-56.62251281738281,-54.43561553955078,0
The school discusses these orange books.,The school discusses these orange book.,morphology,determiner_noun_agreement,determiner_noun_agreement_with_adjective_1,True,True,False,True,523,-49.377227783203125,-48.78338623046875,0
This child kissed this serious waitress.,This child kissed this serious waitresses.,morphology,determiner_noun_agreement,determiner_noun_agreement_with_adjective_1,True,True,False,True,524,-52.88011932373047,-62.85722732543945,1
Liam was kissing those important actresses.,Liam was kissing those important actress.,morphology,determiner_noun_agreement,determiner_noun_agreement_with_adjective_1,True,True,False,True,525,-57.372135162353516,-56.78473663330078,0
Eric alarmed those good governments.,Eric alarmed those good government.,morphology,determiner_noun_agreement,determiner_noun_agreement_with_adjective_1,True,True,False,True,526,-43.953651428222656,-42.810523986816406,0
Some driver didn't sell that ill horse.,Some driver didn't sell that ill horses.,morphology,determiner_noun_agreement,determiner_noun_agreement_with_adjective_1,True,True,False,True,527,-60.65530776977539,-59.008445739746094,0
Cilantro bores this uncertain senator.,Cilantro bores this uncertain senators.,morphology,determiner_noun_agreement,determiner_noun_agreement_with_adjective_1,True,True,False,True,528,-62.949363708496094,-64.10047912597656,1
Monica investigates this excited teacher.,Monica investigates this excited teachers.,morphology,determiner_noun_agreement,determiner_noun_agreement_with_adjective_1,True,True,False,True,529,-49.805335998535156,-49.35944366455078,0
Janice hasn't cared for these excited teenagers.,Janice hasn't cared for these excited teenager.,morphology,determiner_noun_agreement,determiner_noun_agreement_with_adjective_1,True,True,False,True,530,-63.89458465576172,-64.96519470214844,1
Kendra will wear these green hats.,Kendra will wear these green hat.,morphology,determiner_noun_agreement,determiner_noun_agreement_with_adjective_1,True,True,False,True,531,-54.42879104614258,-54.644901275634766,1
A lot of chairs aggravate this important university.,A lot of chairs aggravate this important universities.,morphology,determiner_noun_agreement,determiner_noun_agreement_with_adjective_1,True,True,False,True,532,-65.83143615722656,-65.72412109375,0
Tracy doesn't disgust those upset customers.,Tracy doesn't disgust those upset customer.,morphology,determiner_noun_agreement,determiner_noun_agreement_with_adjective_1,True,True,False,True,533,-64.89058685302734,-66.4685287475586,1
Bruce sold those white skirts.,Bruce sold those white skirt.,morphology,determiner_noun_agreement,determiner_noun_agreement_with_adjective_1,True,True,False,True,534,-40.017906188964844,-39.442928314208984,0
Erin is breaking that cheap dish.,Erin is breaking that cheap dishs.,morphology,determiner_noun_agreement,determiner_noun_agreement_with_adjective_1,True,True,False,True,535,-47.03330993652344,-56.00660705566406,1
Alicia dropped by these bad restaurants.,Alicia dropped by these bad restaurant.,morphology,determiner_noun_agreement,determiner_noun_agreement_with_adjective_1,True,True,False,True,536,-58.71510314941406,-59.052406311035156,1
Jacqueline is discovering this green nose.,Jacqueline is discovering this green noses.,morphology,determiner_noun_agreement,determiner_noun_agreement_with_adjective_1,True,True,False,True,537,-56.81266784667969,-59.44110870361328,1
Julia won't care for these important actors.,Julia won't care for these important actor.,morphology,determiner_noun_agreement,determiner_noun_agreement_with_adjective_1,True,True,False,True,538,-51.769561767578125,-54.13441467285156,1
Some public park hasn't impressed this important museum.,Some public park hasn't impressed this important museums.,morphology,determiner_noun_agreement,determiner_noun_agreement_with_adjective_1,True,True,False,True,539,-65.41765594482422,-66.49592590332031,1
Mary isn't healing those delighted teachers.,Mary isn't healing those delighted teacher.,morphology,determiner_noun_agreement,determiner_noun_agreement_with_adjective_1,True,True,False,True,540,-54.90719223022461,-55.84923553466797,1
Valerie reveals these big dishes.,Valerie reveals these big dish.,morphology,determiner_noun_agreement,determiner_noun_agreement_with_adjective_1,True,True,False,True,541,-47.400909423828125,-47.74992752075195,1
Many pedestrians help those fast actresses.,Many pedestrians help those fast actress.,morphology,determiner_noun_agreement,determiner_noun_agreement_with_adjective_1,True,True,False,True,542,-49.88384246826172,-49.5750846862793,0
All actors kiss those popular children.,All actors kiss those popular child.,morphology,determiner_noun_agreement,determiner_noun_agreement_with_adjective_1,True,True,False,True,543,-49.29706573486328,-51.66165542602539,1
Bradley stunned this small waiter.,Bradley stunned this small waiters.,morphology,determiner_noun_agreement,determiner_noun_agreement_with_adjective_1,True,True,False,True,544,-48.25562286376953,-55.032379150390625,1
Wendy was lifting these important restaurants.,Wendy was lifting these important restaurant.,morphology,determiner_noun_agreement,determiner_noun_agreement_with_adjective_1,True,True,False,True,545,-63.17372131347656,-63.51176452636719,1
Amanda boycotted those smooth malls.,Amanda boycotted those smooth mall.,morphology,determiner_noun_agreement,determiner_noun_agreement_with_adjective_1,True,True,False,True,546,-76.28388977050781,-75.17984771728516,0
Angela can like that orange library.,Angela can like that orange libraries.,morphology,determiner_noun_agreement,determiner_noun_agreement_with_adjective_1,True,True,False,True,547,-52.56130599975586,-53.797515869140625,1
This patient had investigated these old banks.,This patient had investigated these old bank.,morphology,determiner_noun_agreement,determiner_noun_agreement_with_adjective_1,True,True,False,True,548,-52.44023895263672,-52.189910888671875,0
Tina hasn't kissed those happy actors.,Tina hasn't kissed those happy actor.,morphology,determiner_noun_agreement,determiner_noun_agreement_with_adjective_1,True,True,False,True,549,-62.37847900390625,-63.160892486572266,1
A teenager wasn't finding these lucky waiters.,A teenager wasn't finding these lucky waiter.,morphology,determiner_noun_agreement,determiner_noun_agreement_with_adjective_1,True,True,False,True,550,-67.36978912353516,-63.76555633544922,0
Those waiters are observing that nice waitress.,Those waiters are observing that nice waitresses.,morphology,determiner_noun_agreement,determiner_noun_agreement_with_adjective_1,True,True,False,True,551,-61.89630889892578,-71.04132080078125,1
Jane has respected those lucky guests.,Jane has respected those lucky guest.,morphology,determiner_noun_agreement,determiner_noun_agreement_with_adjective_1,True,True,False,True,552,-44.62427520751953,-46.270469665527344,1
Stacy wasn't arriving at those clean museums.,Stacy wasn't arriving at those clean museum.,morphology,determiner_noun_agreement,determiner_noun_agreement_with_adjective_1,True,True,False,True,553,-66.72506713867188,-67.15090942382812,1
Cheryl scanned that important commentary.,Cheryl scanned that important commentaries.,morphology,determiner_noun_agreement,determiner_noun_agreement_with_adjective_1,True,True,False,True,554,-56.00107955932617,-65.53883361816406,1
A lot of teachers won't break those out in the open dishes.,A lot of teachers won't break those out in the open dish.,morphology,determiner_noun_agreement,determiner_noun_agreement_with_adjective_1,True,True,False,True,555,-75.21269989013672,-74.83159637451172,0
A lot of women care for these good doctors.,A lot of women care for these good doctor.,morphology,determiner_noun_agreement,determiner_noun_agreement_with_adjective_1,True,True,False,True,556,-53.183494567871094,-53.12484359741211,0
Debra has aggravated these exposed teachers.,Debra has aggravated these exposed teacher.,morphology,determiner_noun_agreement,determiner_noun_agreement_with_adjective_1,True,True,False,True,557,-53.73741149902344,-55.47544479370117,1
A dancer discovered these good museums.,A dancer discovered these good museum.,morphology,determiner_noun_agreement,determiner_noun_agreement_with_adjective_1,True,True,False,True,558,-51.124874114990234,-50.769779205322266,0
Tina hasn't hidden these gray banks.,Tina hasn't hidden these gray bank.,morphology,determiner_noun_agreement,determiner_noun_agreement_with_adjective_1,True,True,False,True,559,-63.87327575683594,-63.42635726928711,0
Stephen isn't passing these orange restaurants.,Stephen isn't passing these orange restaurant.,morphology,determiner_noun_agreement,determiner_noun_agreement_with_adjective_1,True,True,False,True,560,-49.70026779174805,-49.038002014160156,0
Aaron embarrassed this young actress.,Aaron embarrassed this young actresses.,morphology,determiner_noun_agreement,determiner_noun_agreement_with_adjective_1,True,True,False,True,561,-40.0137939453125,-42.93034362792969,1
Sherry investigated that bad government.,Sherry investigated that bad governments.,morphology,determiner_noun_agreement,determiner_noun_agreement_with_adjective_1,True,True,False,True,562,-47.76103210449219,-48.36131286621094,1
Andrea helped this nice senator.,Andrea helped this nice senators.,morphology,determiner_noun_agreement,determiner_noun_agreement_with_adjective_1,True,True,False,True,563,-49.298641204833984,-51.32390213012695,1
Roger had driven to those smooth banks.,Roger had driven to those smooth bank.,morphology,determiner_noun_agreement,determiner_noun_agreement_with_adjective_1,True,True,False,True,564,-48.84925079345703,-49.52826690673828,1
Christopher breaks this important plate.,Christopher breaks this important plates.,morphology,determiner_noun_agreement,determiner_noun_agreement_with_adjective_1,True,True,False,True,565,-36.860267639160156,-35.954017639160156,0
These women mess up this popular bank.,These women mess up this popular banks.,morphology,determiner_noun_agreement,determiner_noun_agreement_with_adjective_1,True,True,False,True,566,-51.87434768676758,-51.50457000732422,0
Marcus boycotts this small movie theater.,Marcus boycotts this small movie theaters.,morphology,determiner_noun_agreement,determiner_noun_agreement_with_adjective_1,True,True,False,True,567,-57.69783020019531,-57.46522521972656,0
Cynthia discovers this concealed rabbit.,Cynthia discovers this concealed rabbits.,morphology,determiner_noun_agreement,determiner_noun_agreement_with_adjective_1,True,True,False,True,568,-65.15460205078125,-64.31735229492188,0
Mary hadn't cured these out in the open girls.,Mary hadn't cured these out in the open girl.,morphology,determiner_noun_agreement,determiner_noun_agreement_with_adjective_1,True,True,False,True,569,-68.14808654785156,-68.00227355957031,0
Stacy could visit that gray restaurant.,Stacy could visit that gray restaurants.,morphology,determiner_noun_agreement,determiner_noun_agreement_with_adjective_1,True,True,False,True,570,-56.234867095947266,-56.052024841308594,0
The Impressionists distracts these popular associations.,The Impressionists distracts these popular association.,morphology,determiner_noun_agreement,determiner_noun_agreement_with_adjective_1,True,True,False,True,571,-73.54844665527344,-73.35507202148438,0
Bill was lifting those orange couches.,Bill was lifting those orange couch.,morphology,determiner_noun_agreement,determiner_noun_agreement_with_adjective_1,True,True,False,True,572,-52.58895492553711,-50.17646026611328,0
The Impressionists stun those popular governments.,The Impressionists stun those popular government.,morphology,determiner_noun_agreement,determiner_noun_agreement_with_adjective_1,True,True,False,True,573,-71.66376495361328,-70.40958404541016,0
Stephanie has respected these unsure students.,Stephanie has respected these unsure student.,morphology,determiner_noun_agreement,determiner_noun_agreement_with_adjective_1,True,True,False,True,574,-65.27031707763672,-66.29118347167969,1
Omar might insult this ill patient.,Omar might insult this ill patients.,morphology,determiner_noun_agreement,determiner_noun_agreement_with_adjective_1,True,True,False,True,575,-59.42766189575195,-58.82910919189453,0
Some water alarms this smart actor.,Some water alarms this smart actors.,morphology,determiner_noun_agreement,determiner_noun_agreement_with_adjective_1,True,True,False,True,576,-49.5936164855957,-49.266571044921875,0
Kayla disagrees with that good brochure.,Kayla disagrees with that good brochures.,morphology,determiner_noun_agreement,determiner_noun_agreement_with_adjective_1,True,True,False,True,577,-50.611595153808594,-50.86856460571289,1
Most patients observe those unsure boys.,Most patients observe those unsure boy.,morphology,determiner_noun_agreement,determiner_noun_agreement_with_adjective_1,True,True,False,True,578,-49.64676284790039,-50.315818786621094,1
All committees couldn't reference these happy actresses.,All committees couldn't reference these happy actress.,morphology,determiner_noun_agreement,determiner_noun_agreement_with_adjective_1,True,True,False,True,579,-74.61268615722656,-74.33547973632812,0
Guy toured that smooth hospital.,Guy toured that smooth hospitals.,morphology,determiner_noun_agreement,determiner_noun_agreement_with_adjective_1,True,True,False,True,580,-43.72532653808594,-44.346778869628906,1
These people upset these bad companies.,These people upset these bad company.,morphology,determiner_noun_agreement,determiner_noun_agreement_with_adjective_1,True,True,False,True,581,-41.44021987915039,-42.31102752685547,1
Walter broke that hidden fork.,Walter broke that hidden forks.,morphology,determiner_noun_agreement,determiner_noun_agreement_with_adjective_1,True,True,False,True,582,-46.02373504638672,-46.96322250366211,1
Ella does bike to that big college campus.,Ella does bike to that big college campuses.,morphology,determiner_noun_agreement,determiner_noun_agreement_with_adjective_1,True,True,False,True,583,-70.27525329589844,-72.55957794189453,1
Some eyes astound these troubled senators.,Some eyes astound these troubled senator.,morphology,determiner_noun_agreement,determiner_noun_agreement_with_adjective_1,True,True,False,True,584,-64.56562805175781,-63.519866943359375,0
Kristen sounded like that serious patient.,Kristen sounded like that serious patients.,morphology,determiner_noun_agreement,determiner_noun_agreement_with_adjective_1,True,True,False,True,585,-45.050533294677734,-45.48760986328125,1
Maria hadn't passed this messy grocery store.,Maria hadn't passed this messy grocery stores.,morphology,determiner_noun_agreement,determiner_noun_agreement_with_adjective_1,True,True,False,True,586,-59.24220275878906,-61.98448944091797,1
Keith hasn't broken that brown glass.,Keith hasn't broken that brown glasses.,morphology,determiner_noun_agreement,determiner_noun_agreement_with_adjective_1,True,True,False,True,587,-50.944549560546875,-51.30464553833008,1
Helen might conceal that exposed glass.,Helen might conceal that exposed glasses.,morphology,determiner_noun_agreement,determiner_noun_agreement_with_adjective_1,True,True,False,True,588,-50.98933410644531,-51.83819580078125,1
Science astounds that uncertain waitress.,Science astounds that uncertain waitresses.,morphology,determiner_noun_agreement,determiner_noun_agreement_with_adjective_1,True,True,False,True,589,-54.353538513183594,-60.530433654785156,1
A dish hurts these important girls.,A dish hurts these important girl.,morphology,determiner_noun_agreement,determiner_noun_agreement_with_adjective_1,True,True,False,True,590,-51.435211181640625,-51.514739990234375,1
Drivers go to that concealed restaurant.,Drivers go to that concealed restaurants.,morphology,determiner_noun_agreement,determiner_noun_agreement_with_adjective_1,True,True,False,True,591,-52.554542541503906,-51.478843688964844,0
Alexander had biked to this bad museum.,Alexander had biked to this bad museums.,morphology,determiner_noun_agreement,determiner_noun_agreement_with_adjective_1,True,True,False,True,592,-55.22409439086914,-55.800933837890625,1
James scanned that long commentary.,James scanned that long commentaries.,morphology,determiner_noun_agreement,determiner_noun_agreement_with_adjective_1,True,True,False,True,593,-38.62947082519531,-48.29857635498047,1
That child isn't breaking these dirty cups.,That child isn't breaking these dirty cup.,morphology,determiner_noun_agreement,determiner_noun_agreement_with_adjective_1,True,True,False,True,594,-61.347694396972656,-61.00534439086914,0
Diane fired this exposed girl.,Diane fired this exposed girls.,morphology,determiner_noun_agreement,determiner_noun_agreement_with_adjective_1,True,True,False,True,595,-54.27876281738281,-53.12224578857422,0
Lissa resembled that hidden picture.,Lissa resembled that hidden pictures.,morphology,determiner_noun_agreement,determiner_noun_agreement_with_adjective_1,True,True,False,True,596,-54.19093322753906,-52.45881652832031,0
Mushrooms didn't worry that unlucky actress.,Mushrooms didn't worry that unlucky actresses.,morphology,determiner_noun_agreement,determiner_noun_agreement_with_adjective_1,True,True,False,True,597,-70.60111236572266,-70.44654083251953,0
Tiffany should attack that ill adult.,Tiffany should attack that ill adults.,morphology,determiner_noun_agreement,determiner_noun_agreement_with_adjective_1,True,True,False,True,598,-64.27237701416016,-62.876007080078125,0
The Borgias pass that exposed mall.,The Borgias pass that exposed malls.,morphology,determiner_noun_agreement,determiner_noun_agreement_with_adjective_1,True,True,False,True,599,-63.817787170410156,-63.50896072387695,0
Margaret couldn't aggravate that young senator.,Margaret couldn't aggravate that young senators.,morphology,determiner_noun_agreement,determiner_noun_agreement_with_adjective_1,True,True,False,True,600,-61.65717315673828,-62.75935745239258,1
David found this unemployed lady.,David found this unemployed ladies.,morphology,determiner_noun_agreement,determiner_noun_agreement_with_adjective_1,True,True,False,True,601,-39.70823287963867,-40.03030014038086,1
Omar does see those scared dancers.,Omar does see those scared dancer.,morphology,determiner_noun_agreement,determiner_noun_agreement_with_adjective_1,True,True,False,True,602,-57.28065872192383,-57.96380615234375,1
Every bank was disturbing that hidden school.,Every bank was disturbing that hidden schools.,morphology,determiner_noun_agreement,determiner_noun_agreement_with_adjective_1,True,True,False,True,603,-53.4748649597168,-52.411285400390625,0
The pedestrians wouldn't work with these unsure students.,The pedestrians wouldn't work with these unsure student.,morphology,determiner_noun_agreement,determiner_noun_agreement_with_adjective_1,True,True,False,True,604,-63.38637161254883,-64.92556762695312,1
Donald fires those concealed doctors.,Donald fires those concealed doctor.,morphology,determiner_noun_agreement,determiner_noun_agreement_with_adjective_1,True,True,False,True,605,-46.043701171875,-48.383575439453125,1
Tracy hasn't found those dirty banks.,Tracy hasn't found those dirty bank.,morphology,determiner_noun_agreement,determiner_noun_agreement_with_adjective_1,True,True,False,True,606,-60.55255126953125,-59.83740234375,0
That adult talked about those lost girls.,That adult talked about those lost girl.,morphology,determiner_noun_agreement,determiner_noun_agreement_with_adjective_1,True,True,False,True,607,-49.39690399169922,-49.970787048339844,1
The Borgias sell these good restaurants.,The Borgias sell these good restaurant.,morphology,determiner_noun_agreement,determiner_noun_agreement_with_adjective_1,True,True,False,True,608,-57.8475341796875,-58.24793243408203,1
Dan observed this employed boy.,Dan observed this employed boys.,morphology,determiner_noun_agreement,determiner_noun_agreement_with_adjective_1,True,True,False,True,609,-46.21706771850586,-45.26390838623047,0
A waitress dislikes that scared doctor.,A waitress dislikes that scared doctors.,morphology,determiner_noun_agreement,determiner_noun_agreement_with_adjective_1,True,True,False,True,610,-65.53046417236328,-64.12228393554688,0
Tanya goes to that black grocery store.,Tanya goes to that black grocery stores.,morphology,determiner_noun_agreement,determiner_noun_agreement_with_adjective_1,True,True,False,True,611,-51.70769500732422,-53.80359649658203,1
A dancer saw those new gloves.,A dancer saw those new glove.,morphology,determiner_noun_agreement,determiner_noun_agreement_with_adjective_1,True,True,False,True,612,-49.88290023803711,-49.407318115234375,0
Russell didn't see that small plate.,Russell didn't see that small plates.,morphology,determiner_noun_agreement,determiner_noun_agreement_with_adjective_1,True,True,False,True,613,-38.99140167236328,-37.524932861328125,0
Omar wouldn't scan that hard newspaper article.,Omar wouldn't scan that hard newspaper articles.,morphology,determiner_noun_agreement,determiner_noun_agreement_with_adjective_1,True,True,False,True,614,-67.79112243652344,-68.599365234375,1
Christopher hadn't hated these serious actors.,Christopher hadn't hated these serious actor.,morphology,determiner_noun_agreement,determiner_noun_agreement_with_adjective_1,True,True,False,True,615,-50.28152084350586,-51.15556335449219,1
Phillip listened to that happy student.,Phillip listened to that happy students.,morphology,determiner_noun_agreement,determiner_noun_agreement_with_adjective_1,True,True,False,True,616,-49.827781677246094,-48.32933044433594,0
Emily had cared for those fast teenagers.,Emily had cared for those fast teenager.,morphology,determiner_noun_agreement,determiner_noun_agreement_with_adjective_1,True,True,False,True,617,-46.277565002441406,-47.527198791503906,1
All dishes annoyed these content actresses.,All dishes annoyed these content actress.,morphology,determiner_noun_agreement,determiner_noun_agreement_with_adjective_1,True,True,False,True,618,-58.45706558227539,-58.79848098754883,1
Ruth hasn't fired those young senators.,Ruth hasn't fired those young senator.,morphology,determiner_noun_agreement,determiner_noun_agreement_with_adjective_1,True,True,False,True,619,-60.544410705566406,-59.121376037597656,0
Rachelle has looked like those yellow sketches.,Rachelle has looked like those yellow sketch.,morphology,determiner_noun_agreement,determiner_noun_agreement_with_adjective_1,True,True,False,True,620,-57.55058670043945,-56.46316909790039,0
Chad wasn't describing those uncertain patients.,Chad wasn't describing those uncertain patient.,morphology,determiner_noun_agreement,determiner_noun_agreement_with_adjective_1,True,True,False,True,621,-54.79316711425781,-57.199981689453125,1
All customers question that troubled doctor.,All customers question that troubled doctors.,morphology,determiner_noun_agreement,determiner_noun_agreement_with_adjective_1,True,True,False,True,622,-49.38984298706055,-48.90120315551758,0
Donald isn't arriving at that cheap mall.,Donald isn't arriving at that cheap malls.,morphology,determiner_noun_agreement,determiner_noun_agreement_with_adjective_1,True,True,False,True,623,-51.90829849243164,-51.470672607421875,0
That cashier did disgust these unconvinced actresses.,That cashier did disgust these unconvinced actress.,morphology,determiner_noun_agreement,determiner_noun_agreement_with_adjective_1,True,True,False,True,624,-93.38780975341797,-92.95219421386719,0
Some actress won't praise those lost adults.,Some actress won't praise those lost adult.,morphology,determiner_noun_agreement,determiner_noun_agreement_with_adjective_1,True,True,False,True,625,-57.786888122558594,-58.917320251464844,1
Carmen forgot this smart cashier.,Carmen forgot this smart cashiers.,morphology,determiner_noun_agreement,determiner_noun_agreement_with_adjective_1,True,True,False,True,626,-61.26283645629883,-62.98705291748047,1
That committee scares those popular museums.,That committee scares those popular museum.,morphology,determiner_noun_agreement,determiner_noun_agreement_with_adjective_1,True,True,False,True,627,-54.14008712768555,-54.945274353027344,1
The Clintons irritate this unemployed guest.,The Clintons irritate this unemployed guests.,morphology,determiner_noun_agreement,determiner_noun_agreement_with_adjective_1,True,True,False,True,628,-66.6153564453125,-62.39434051513672,0
Vanessa drove to that gray public park.,Vanessa drove to that gray public parks.,morphology,determiner_noun_agreement,determiner_noun_agreement_with_adjective_1,True,True,False,True,629,-60.303951263427734,-60.66850662231445,1
Michelle had skated around this messy hospital.,Michelle had skated around this messy hospitals.,morphology,determiner_noun_agreement,determiner_noun_agreement_with_adjective_1,True,True,False,True,630,-61.85234069824219,-63.49675750732422,1
Those drivers hate those busy children.,Those drivers hate those busy child.,morphology,determiner_noun_agreement,determiner_noun_agreement_with_adjective_1,True,True,False,True,631,-46.317115783691406,-47.722267150878906,1
Snakes haven't stunned this small actress.,Snakes haven't stunned this small actresses.,morphology,determiner_noun_agreement,determiner_noun_agreement_with_adjective_1,True,True,False,True,632,-58.92233657836914,-60.610260009765625,1
Debra can argue about this unconvinced adult.,Debra can argue about this unconvinced adults.,morphology,determiner_noun_agreement,determiner_noun_agreement_with_adjective_1,True,True,False,True,633,-71.70697021484375,-72.37800598144531,1
Peter cleaned these out in the open shirts.,Peter cleaned these out in the open shirt.,morphology,determiner_noun_agreement,determiner_noun_agreement_with_adjective_1,True,True,False,True,634,-52.74458312988281,-51.527923583984375,0
Drivers disgust that popular government.,Drivers disgust that popular governments.,morphology,determiner_noun_agreement,determiner_noun_agreement_with_adjective_1,True,True,False,True,635,-46.075279235839844,-48.14167785644531,1
A lot of documentaries are disagreeing with these good plays.,A lot of documentaries are disagreeing with these good play.,morphology,determiner_noun_agreement,determiner_noun_agreement_with_adjective_1,True,True,False,True,636,-79.3338623046875,-77.17893981933594,0
Many waitresses have discussed those big grocery stores.,Many waitresses have discussed those big grocery store.,morphology,determiner_noun_agreement,determiner_noun_agreement_with_adjective_1,True,True,False,True,637,-68.364013671875,-65.62950134277344,0
Diana wasn't passing those red grocery stores.,Diana wasn't passing those red grocery store.,morphology,determiner_noun_agreement,determiner_noun_agreement_with_adjective_1,True,True,False,True,638,-65.82472229003906,-63.34064483642578,0
Jill should listen to these young patients.,Jill should listen to these young patient.,morphology,determiner_noun_agreement,determiner_noun_agreement_with_adjective_1,True,True,False,True,639,-49.254066467285156,-50.911521911621094,1
Julia isn't hiding this dirty grocery store.,Julia isn't hiding this dirty grocery stores.,morphology,determiner_noun_agreement,determiner_noun_agreement_with_adjective_1,True,True,False,True,640,-58.68952941894531,-62.018959045410156,1
Chad was thinking about those orange books.,Chad was thinking about those orange book.,morphology,determiner_noun_agreement,determiner_noun_agreement_with_adjective_1,True,True,False,True,641,-49.50214385986328,-49.50865173339844,1
Heather criticizes this upset teacher.,Heather criticizes this upset teachers.,morphology,determiner_noun_agreement,determiner_noun_agreement_with_adjective_1,True,True,False,True,642,-60.21027374267578,-59.28669738769531,0
Michelle doesn't remember these gray brochures.,Michelle doesn't remember these gray brochure.,morphology,determiner_noun_agreement,determiner_noun_agreement_with_adjective_1,True,True,False,True,643,-50.372718811035156,-50.79079818725586,1
Homer hadn't taken this green grocery store.,Homer hadn't taken this green grocery stores.,morphology,determiner_noun_agreement,determiner_noun_agreement_with_adjective_1,True,True,False,True,644,-63.748104095458984,-66.86429595947266,1
Caroline isn't shocking those good legislatures.,Caroline isn't shocking those good legislature.,morphology,determiner_noun_agreement,determiner_noun_agreement_with_adjective_1,True,True,False,True,645,-64.09892272949219,-63.899391174316406,0
Paul shouldn't examine this big brochure.,Paul shouldn't examine this big brochures.,morphology,determiner_noun_agreement,determiner_noun_agreement_with_adjective_1,True,True,False,True,646,-48.53529357910156,-49.083251953125,1
Many children fix that popular fork.,Many children fix that popular forks.,morphology,determiner_noun_agreement,determiner_noun_agreement_with_adjective_1,True,True,False,True,647,-48.608856201171875,-48.119075775146484,0
Winston Churchill breaks these whole plates.,Winston Churchill breaks these whole plate.,morphology,determiner_noun_agreement,determiner_noun_agreement_with_adjective_1,True,True,False,True,648,-65.11135864257812,-64.22184753417969,0
Laura wasn't looking like that small photograph.,Laura wasn't looking like that small photographs.,morphology,determiner_noun_agreement,determiner_noun_agreement_with_adjective_1,True,True,False,True,649,-50.11020278930664,-48.90842056274414,0
A lot of drivers care for this unlucky patient.,A lot of drivers care for this unlucky patients.,morphology,determiner_noun_agreement,determiner_noun_agreement_with_adjective_1,True,True,False,True,650,-62.769622802734375,-61.243896484375,0
Winston Churchill had dropped by those good restaurants.,Winston Churchill had dropped by those good restaurant.,morphology,determiner_noun_agreement,determiner_noun_agreement_with_adjective_1,True,True,False,True,651,-68.03338623046875,-67.2922134399414,0
The Lutherans notice these smooth books.,The Lutherans notice these smooth book.,morphology,determiner_noun_agreement,determiner_noun_agreement_with_adjective_1,True,True,False,True,652,-62.61883544921875,-62.616371154785156,0
Some rug hadn't disturbed this unsure guest.,Some rug hadn't disturbed this unsure guests.,morphology,determiner_noun_agreement,determiner_noun_agreement_with_adjective_1,True,True,False,True,653,-72.98629760742188,-71.4708023071289,0
Teachers discuss that popular story.,Teachers discuss that popular stories.,morphology,determiner_noun_agreement,determiner_noun_agreement_with_adjective_1,True,True,False,True,654,-47.26219177246094,-47.18682098388672,0
These students arrive at this hard high school.,These students arrive at this hard high schools.,morphology,determiner_noun_agreement,determiner_noun_agreement_with_adjective_1,True,True,False,True,655,-45.887752532958984,-48.856266021728516,1
Deanna can't scan that small brochure.,Deanna can't scan that small brochures.,morphology,determiner_noun_agreement,determiner_noun_agreement_with_adjective_1,True,True,False,True,656,-58.1513671875,-58.69563674926758,1
Carol respects those upset children.,Carol respects those upset child.,morphology,determiner_noun_agreement,determiner_noun_agreement_with_adjective_1,True,True,False,True,657,-50.23308563232422,-51.18324661254883,1
Cindy disliked this exposed pedestrian.,Cindy disliked this exposed pedestrians.,morphology,determiner_noun_agreement,determiner_noun_agreement_with_adjective_1,True,True,False,True,658,-57.190948486328125,-58.482017517089844,1
Steve helped these popular cashiers.,Steve helped these popular cashier.,morphology,determiner_noun_agreement,determiner_noun_agreement_with_adjective_1,True,True,False,True,659,-49.814937591552734,-47.146217346191406,0
Vincent was cleaning that small glass.,Vincent was cleaning that small glasses.,morphology,determiner_noun_agreement,determiner_noun_agreement_with_adjective_1,True,True,False,True,660,-54.50967025756836,-55.40654754638672,1
Tracy had left this smart teacher.,Tracy had left this smart teachers.,morphology,determiner_noun_agreement,determiner_noun_agreement_with_adjective_1,True,True,False,True,661,-51.47848892211914,-52.034568786621094,1
Dawn found this new coat.,Dawn found this new coats.,morphology,determiner_noun_agreement,determiner_noun_agreement_with_adjective_1,True,True,False,True,662,-41.47060012817383,-42.286338806152344,1
Timothy hasn't scanned that popular story.,Timothy hasn't scanned that popular stories.,morphology,determiner_noun_agreement,determiner_noun_agreement_with_adjective_1,True,True,False,True,663,-59.39947509765625,-59.46685028076172,1
Amelia wasn't cleaning these hidden libraries.,Amelia wasn't cleaning these hidden library.,morphology,determiner_noun_agreement,determiner_noun_agreement_with_adjective_1,True,True,False,True,664,-62.340206146240234,-61.80576705932617,0
Students had examined this hard book.,Students had examined this hard books.,morphology,determiner_noun_agreement,determiner_noun_agreement_with_adjective_1,True,True,False,True,665,-41.285743713378906,-41.77623748779297,1
A guest observed this employed boy.,A guest observed this employed boys.,morphology,determiner_noun_agreement,determiner_noun_agreement_with_adjective_1,True,True,False,True,666,-57.02813720703125,-55.561073303222656,0
A lot of cashiers discover that bad commentary.,A lot of cashiers discover that bad commentaries.,morphology,determiner_noun_agreement,determiner_noun_agreement_with_adjective_1,True,True,False,True,667,-67.93012237548828,-76.90873718261719,1
Most prints stun that nice dancer.,Most prints stun that nice dancers.,morphology,determiner_noun_agreement,determiner_noun_agreement_with_adjective_1,True,True,False,True,668,-56.69898223876953,-55.11444091796875,0
Most cashiers hate that clever driver.,Most cashiers hate that clever drivers.,morphology,determiner_noun_agreement,determiner_noun_agreement_with_adjective_1,True,True,False,True,669,-62.62145233154297,-61.046634674072266,0
Grace doesn't conceal these green rabbits.,Grace doesn't conceal these green rabbit.,morphology,determiner_noun_agreement,determiner_noun_agreement_with_adjective_1,True,True,False,True,670,-54.1661491394043,-54.99086380004883,1
The Impressionists hadn't seen those old students.,The Impressionists hadn't seen those old student.,morphology,determiner_noun_agreement,determiner_noun_agreement_with_adjective_1,True,True,False,True,671,-72.82817077636719,-73.73442077636719,1
Some guys think about that orange rabbit.,Some guys think about that orange rabbits.,morphology,determiner_noun_agreement,determiner_noun_agreement_with_adjective_1,True,True,False,True,672,-48.44032287597656,-48.261146545410156,0
Some birds scare this smart teacher.,Some birds scare this smart teachers.,morphology,determiner_noun_agreement,determiner_noun_agreement_with_adjective_1,True,True,False,True,673,-50.75898361206055,-50.801231384277344,1
Some rabbit has annoyed those hidden hospitals.,Some rabbit has annoyed those hidden hospital.,morphology,determiner_noun_agreement,determiner_noun_agreement_with_adjective_1,True,True,False,True,674,-55.97952651977539,-55.865028381347656,0
Mary is buying those exposed chairs.,Mary is buying those exposed chair.,morphology,determiner_noun_agreement,determiner_noun_agreement_with_adjective_1,True,True,False,True,675,-45.31428909301758,-43.75146484375,0
Amelia hasn't visited this exposed waiter.,Amelia hasn't visited this exposed waiters.,morphology,determiner_noun_agreement,determiner_noun_agreement_with_adjective_1,True,True,False,True,676,-62.24564743041992,-67.83304595947266,1
Kimberley remembered this hidden driver.,Kimberley remembered this hidden drivers.,morphology,determiner_noun_agreement,determiner_noun_agreement_with_adjective_1,True,True,False,True,677,-53.78144454956055,-52.445640563964844,0
Some essay isn't astounding those popular associations.,Some essay isn't astounding those popular association.,morphology,determiner_noun_agreement,determiner_noun_agreement_with_adjective_1,True,True,False,True,678,-64.15364837646484,-63.6380615234375,0
Anne has discussed that red newspaper article.,Anne has discussed that red newspaper articles.,morphology,determiner_noun_agreement,determiner_noun_agreement_with_adjective_1,True,True,False,True,679,-48.446815490722656,-49.21835708618164,1
Most cafes distract those orange hospitals.,Most cafes distract those orange hospital.,morphology,determiner_noun_agreement,determiner_noun_agreement_with_adjective_1,True,True,False,True,680,-58.62677764892578,-58.64286804199219,1
The Clintons insult those old museums.,The Clintons insult those old museum.,morphology,determiner_noun_agreement,determiner_noun_agreement_with_adjective_1,True,True,False,True,681,-57.70861053466797,-57.46727752685547,0
Gregory doesn't complain about this hopeful teacher.,Gregory doesn't complain about this hopeful teachers.,morphology,determiner_noun_agreement,determiner_noun_agreement_with_adjective_1,True,True,False,True,682,-56.06998062133789,-54.97134780883789,0
Many men attack these employed waitresses.,Many men attack these employed waitress.,morphology,determiner_noun_agreement,determiner_noun_agreement_with_adjective_1,True,True,False,True,683,-59.760772705078125,-52.676849365234375,0
The doctors drive to this yellow movie theater.,The doctors drive to this yellow movie theaters.,morphology,determiner_noun_agreement,determiner_noun_agreement_with_adjective_1,True,True,False,True,684,-60.65443420410156,-60.24176025390625,0
Winston Churchill drives to those black malls.,Winston Churchill drives to those black mall.,morphology,determiner_noun_agreement,determiner_noun_agreement_with_adjective_1,True,True,False,True,685,-69.04290771484375,-67.28358459472656,0
The drawing confused those important banks.,The drawing confused those important bank.,morphology,determiner_noun_agreement,determiner_noun_agreement_with_adjective_1,True,True,False,True,686,-49.176246643066406,-49.708473205566406,1
Monet wasn't hugging this happy student.,Monet wasn't hugging this happy students.,morphology,determiner_noun_agreement,determiner_noun_agreement_with_adjective_1,True,True,False,True,687,-56.900386810302734,-56.02250671386719,0
This dancer isn't revealing this clean plate.,This dancer isn't revealing this clean plates.,morphology,determiner_noun_agreement,determiner_noun_agreement_with_adjective_1,True,True,False,True,688,-59.749725341796875,-59.06529998779297,0
The doctors notice these blue books.,The doctors notice these blue book.,morphology,determiner_noun_agreement,determiner_noun_agreement_with_adjective_1,True,True,False,True,689,-51.5408935546875,-51.43943786621094,0
Every painting hadn't bored this unconvinced adult.,Every painting hadn't bored this unconvinced adults.,morphology,determiner_noun_agreement,determiner_noun_agreement_with_adjective_1,True,True,False,True,690,-85.29325866699219,-85.16071319580078,0
Donald arrives at these hidden cafes.,Donald arrives at these hidden cafe.,morphology,determiner_noun_agreement,determiner_noun_agreement_with_adjective_1,True,True,False,True,691,-43.95060348510742,-45.21794891357422,1
Theresa discussed those upset teenagers.,Theresa discussed those upset teenager.,morphology,determiner_noun_agreement,determiner_noun_agreement_with_adjective_1,True,True,False,True,692,-55.31707000732422,-56.6331787109375,1
The pepper doesn't embarrass those important pedestrians.,The pepper doesn't embarrass those important pedestrian.,morphology,determiner_noun_agreement,determiner_noun_agreement_with_adjective_1,True,True,False,True,693,-65.42620849609375,-66.28286743164062,1
Joel passes these bad schools.,Joel passes these bad school.,morphology,determiner_noun_agreement,determiner_noun_agreement_with_adjective_1,True,True,False,True,694,-46.28877258300781,-45.897064208984375,0
Candice did observe this sick doctor.,Candice did observe this sick doctors.,morphology,determiner_noun_agreement,determiner_noun_agreement_with_adjective_1,True,True,False,True,695,-56.203277587890625,-55.23039245605469,0
Raymond respected this exposed movie theater.,Raymond respected this exposed movie theaters.,morphology,determiner_noun_agreement,determiner_noun_agreement_with_adjective_1,True,True,False,True,696,-65.00318145751953,-64.85722351074219,0
These teachers think about those uncertain waiters.,These teachers think about those uncertain waiter.,morphology,determiner_noun_agreement,determiner_noun_agreement_with_adjective_1,True,True,False,True,697,-55.953338623046875,-51.51262664794922,0
All dancers question those good companies.,All dancers question those good company.,morphology,determiner_noun_agreement,determiner_noun_agreement_with_adjective_1,True,True,False,True,698,-53.02938461303711,-52.78531265258789,0
Spain distracts that popular senator.,Spain distracts that popular senators.,morphology,determiner_noun_agreement,determiner_noun_agreement_with_adjective_1,True,True,False,True,699,-47.96398162841797,-49.118255615234375,1
Derek hasn't healed these unsure girls.,Derek hasn't healed these unsure girl.,morphology,determiner_noun_agreement,determiner_noun_agreement_with_adjective_1,True,True,False,True,700,-69.74928283691406,-69.52500915527344,0
A lot of art galleries stun those excited patients.,A lot of art galleries stun those excited patient.,morphology,determiner_noun_agreement,determiner_noun_agreement_with_adjective_1,True,True,False,True,701,-74.96549224853516,-75.8771743774414,1
Samantha loved this exposed customer.,Samantha loved this exposed customers.,morphology,determiner_noun_agreement,determiner_noun_agreement_with_adjective_1,True,True,False,True,702,-56.91699981689453,-55.7108154296875,0
Diane praises those unsure boys.,Diane praises those unsure boy.,morphology,determiner_noun_agreement,determiner_noun_agreement_with_adjective_1,True,True,False,True,703,-61.77436065673828,-62.400123596191406,1
Some public park isn't stunning this popular guest.,Some public park isn't stunning this popular guests.,morphology,determiner_noun_agreement,determiner_noun_agreement_with_adjective_1,True,True,False,True,704,-64.31739807128906,-62.97563552856445,0
Tonya might examine these good stories.,Tonya might examine these good story.,morphology,determiner_noun_agreement,determiner_noun_agreement_with_adjective_1,True,True,False,True,705,-47.443031311035156,-48.150550842285156,1
Margaret talked to those sick teenagers.,Margaret talked to those sick teenager.,morphology,determiner_noun_agreement,determiner_noun_agreement_with_adjective_1,True,True,False,True,706,-51.45055389404297,-53.20277786254883,1
These customers respect that good customer.,These customers respect that good customers.,morphology,determiner_noun_agreement,determiner_noun_agreement_with_adjective_1,True,True,False,True,707,-40.137939453125,-39.0626220703125,0
Marla hadn't boasted about those big newspaper articles.,Marla hadn't boasted about those big newspaper article.,morphology,determiner_noun_agreement,determiner_noun_agreement_with_adjective_1,True,True,False,True,708,-71.31283569335938,-70.31502532958984,0
Rodney isn't wearing those big gloves.,Rodney isn't wearing those big glove.,morphology,determiner_noun_agreement,determiner_noun_agreement_with_adjective_1,True,True,False,True,709,-53.061004638671875,-52.76991271972656,0
Maria cleans these broken chairs.,Maria cleans these broken chair.,morphology,determiner_noun_agreement,determiner_noun_agreement_with_adjective_1,True,True,False,True,710,-42.652286529541016,-41.34178924560547,0
That glass disgusted those unconvinced teachers.,That glass disgusted those unconvinced teacher.,morphology,determiner_noun_agreement,determiner_noun_agreement_with_adjective_1,True,True,False,True,711,-74.59271240234375,-74.88423919677734,1
Helen is watching this unlucky senator.,Helen is watching this unlucky senators.,morphology,determiner_noun_agreement,determiner_noun_agreement_with_adjective_1,True,True,False,True,712,-48.555294036865234,-49.856571197509766,1
George hasn't referenced that red book.,George hasn't referenced that red books.,morphology,determiner_noun_agreement,determiner_noun_agreement_with_adjective_1,True,True,False,True,713,-48.817630767822266,-50.012840270996094,1
Bill wasn't observing these delighted teenagers.,Bill wasn't observing these delighted teenager.,morphology,determiner_noun_agreement,determiner_noun_agreement_with_adjective_1,True,True,False,True,714,-57.5943717956543,-58.463462829589844,1
Many guests break these green couches.,Many guests break these green couch.,morphology,determiner_noun_agreement,determiner_noun_agreement_with_adjective_1,True,True,False,True,715,-49.769535064697266,-46.170387268066406,0
Tracy has returned to those good art galleries.,Tracy has returned to those good art gallery.,morphology,determiner_noun_agreement,determiner_noun_agreement_with_adjective_1,True,True,False,True,716,-57.20962142944336,-57.195091247558594,0
Guys escaped from that good museum.,Guys escaped from that good museums.,morphology,determiner_noun_agreement,determiner_noun_agreement_with_adjective_1,True,True,False,True,717,-50.41078186035156,-50.641944885253906,1
Most public parks distract those clever ladies.,Most public parks distract those clever lady.,morphology,determiner_noun_agreement,determiner_noun_agreement_with_adjective_1,True,True,False,True,718,-62.948448181152344,-63.11537170410156,1
Denise hadn't shocked this bad guy.,Denise hadn't shocked this bad guys.,morphology,determiner_noun_agreement,determiner_noun_agreement_with_adjective_1,True,True,False,True,719,-54.982913970947266,-55.449642181396484,1
The Clintons remembered those employed doctors.,The Clintons remembered those employed doctor.,morphology,determiner_noun_agreement,determiner_noun_agreement_with_adjective_1,True,True,False,True,720,-54.331565856933594,-56.03775405883789,1
Judy can't conceal that popular story.,Judy can't conceal that popular stories.,morphology,determiner_noun_agreement,determiner_noun_agreement_with_adjective_1,True,True,False,True,721,-53.16221618652344,-53.47404098510742,1
Eric is lifting these gray malls.,Eric is lifting these gray mall.,morphology,determiner_noun_agreement,determiner_noun_agreement_with_adjective_1,True,True,False,True,722,-51.183319091796875,-49.28481674194336,0
Wendy wasn't distracting these serious guys.,Wendy wasn't distracting these serious guy.,morphology,determiner_noun_agreement,determiner_noun_agreement_with_adjective_1,True,True,False,True,723,-64.83425903320312,-65.0787582397461,1
Laura was visiting those scared drivers.,Laura was visiting those scared driver.,morphology,determiner_noun_agreement,determiner_noun_agreement_with_adjective_1,True,True,False,True,724,-45.3895378112793,-45.144317626953125,0
Those companies can't fire those sick ladies.,Those companies can't fire those sick lady.,morphology,determiner_noun_agreement,determiner_noun_agreement_with_adjective_1,True,True,False,True,725,-59.039310455322266,-59.966148376464844,1
Lisa hadn't criticized this blue brochure.,Lisa hadn't criticized this blue brochures.,morphology,determiner_noun_agreement,determiner_noun_agreement_with_adjective_1,True,True,False,True,726,-57.223655700683594,-57.2691650390625,1
Steve was bringing that small face.,Steve was bringing that small faces.,morphology,determiner_noun_agreement,determiner_noun_agreement_with_adjective_1,True,True,False,True,727,-37.34942626953125,-38.16134262084961,1
Mary escapes from this nice guy.,Mary escapes from this nice guys.,morphology,determiner_noun_agreement,determiner_noun_agreement_with_adjective_1,True,True,False,True,728,-41.155540466308594,-42.29621887207031,1
That screen didn't distract that rough hospital.,That screen didn't distract that rough hospitals.,morphology,determiner_noun_agreement,determiner_noun_agreement_with_adjective_1,True,True,False,True,729,-60.75161361694336,-63.044700622558594,1
Some hospital hadn't shocked those small actors.,Some hospital hadn't shocked those small actor.,morphology,determiner_noun_agreement,determiner_noun_agreement_with_adjective_1,True,True,False,True,730,-61.937957763671875,-61.839107513427734,0
Helen might reference those unemployed guys.,Helen might reference those unemployed guy.,morphology,determiner_noun_agreement,determiner_noun_agreement_with_adjective_1,True,True,False,True,731,-56.78840637207031,-57.965576171875,1
The Impressionists aren't disturbing that small school.,The Impressionists aren't disturbing that small schools.,morphology,determiner_noun_agreement,determiner_noun_agreement_with_adjective_1,True,True,False,True,732,-71.64324188232422,-70.39448547363281,0
This customer did research those concealed sketches.,This customer did research those concealed sketch.,morphology,determiner_noun_agreement,determiner_noun_agreement_with_adjective_1,True,True,False,True,733,-63.177268981933594,-63.36934280395508,1
Naomi saw that excited teacher.,Naomi saw that excited teachers.,morphology,determiner_noun_agreement,determiner_noun_agreement_with_adjective_1,True,True,False,True,734,-51.01810073852539,-51.44365310668945,1
Lori helps that employed actor.,Lori helps that employed actors.,morphology,determiner_noun_agreement,determiner_noun_agreement_with_adjective_1,True,True,False,True,735,-48.26324462890625,-46.4099235534668,0
Many teachers break that small dish.,Many teachers break that small dishs.,morphology,determiner_noun_agreement,determiner_noun_agreement_with_adjective_1,True,True,False,True,736,-46.00888442993164,-53.499446868896484,1
Colleen didn't attack that good actor.,Colleen didn't attack that good actors.,morphology,determiner_noun_agreement,determiner_noun_agreement_with_adjective_1,True,True,False,True,737,-52.996002197265625,-52.595245361328125,0
Tara isn't cleaning this popular sock.,Tara isn't cleaning this popular socks.,morphology,determiner_noun_agreement,determiner_noun_agreement_with_adjective_1,True,True,False,True,738,-59.54536819458008,-56.46644592285156,0
Helen hadn't fired that unconvinced girl.,Helen hadn't fired that unconvinced girls.,morphology,determiner_noun_agreement,determiner_noun_agreement_with_adjective_1,True,True,False,True,739,-73.26144409179688,-75.0769271850586,1
That cilantro astounds that new museum.,That cilantro astounds that new museums.,morphology,determiner_noun_agreement,determiner_noun_agreement_with_adjective_1,True,True,False,True,740,-64.61260986328125,-62.27110290527344,0
Ellen is working with these unemployed customers.,Ellen is working with these unemployed customer.,morphology,determiner_noun_agreement,determiner_noun_agreement_with_adjective_1,True,True,False,True,741,-43.13732147216797,-46.571258544921875,1
Teresa wouldn't care for this excited pedestrian.,Teresa wouldn't care for this excited pedestrians.,morphology,determiner_noun_agreement,determiner_noun_agreement_with_adjective_1,True,True,False,True,742,-66.12290954589844,-66.59266662597656,1
April doesn't listen to this sick adult.,April doesn't listen to this sick adults.,morphology,determiner_noun_agreement,determiner_noun_agreement_with_adjective_1,True,True,False,True,743,-49.59088134765625,-48.07888412475586,0
Jessica wasn't breaking those red plates.,Jessica wasn't breaking those red plate.,morphology,determiner_noun_agreement,determiner_noun_agreement_with_adjective_1,True,True,False,True,744,-47.28429412841797,-47.95563888549805,1
Many customers investigated those purple libraries.,Many customers investigated those purple library.,morphology,determiner_noun_agreement,determiner_noun_agreement_with_adjective_1,True,True,False,True,745,-53.18783187866211,-53.097110748291016,0
A lot of associations worry this good teenager.,A lot of associations worry this good teenagers.,morphology,determiner_noun_agreement,determiner_noun_agreement_with_adjective_1,True,True,False,True,746,-64.56322479248047,-63.267940521240234,0
Sarah was buying this yellow turtle.,Sarah was buying this yellow turtles.,morphology,determiner_noun_agreement,determiner_noun_agreement_with_adjective_1,True,True,False,True,747,-42.90045928955078,-43.83164978027344,1
All women wouldn't flee from that small guest.,All women wouldn't flee from that small guests.,morphology,determiner_noun_agreement,determiner_noun_agreement_with_adjective_1,True,True,False,True,748,-60.99019241333008,-57.78691101074219,0
Those tomatoes hadn't bored this old waiter.,Those tomatoes hadn't bored this old waiters.,morphology,determiner_noun_agreement,determiner_noun_agreement_with_adjective_1,True,True,False,True,749,-62.88547897338867,-68.031005859375,1
A teacher cares for this confident student.,A teacher cares for this confident students.,morphology,determiner_noun_agreement,determiner_noun_agreement_with_adjective_1,True,True,False,True,750,-48.56004333496094,-46.909759521484375,0
Many senators help this upset girl.,Many senators help this upset girls.,morphology,determiner_noun_agreement,determiner_noun_agreement_with_adjective_1,True,True,False,True,751,-49.274044036865234,-50.243648529052734,1
Natalie astounded this popular university.,Natalie astounded this popular universities.,morphology,determiner_noun_agreement,determiner_noun_agreement_with_adjective_1,True,True,False,True,752,-56.80009841918945,-55.769615173339844,0
The steak confuses that bad waiter.,The steak confuses that bad waiters.,morphology,determiner_noun_agreement,determiner_noun_agreement_with_adjective_1,True,True,False,True,753,-59.91447067260742,-63.906097412109375,1
The companies wouldn't aggravate those bad guests.,The companies wouldn't aggravate those bad guest.,morphology,determiner_noun_agreement,determiner_noun_agreement_with_adjective_1,True,True,False,True,754,-64.19246673583984,-67.83206176757812,1
Girls didn't bring this rough plate.,Girls didn't bring this rough plates.,morphology,determiner_noun_agreement,determiner_noun_agreement_with_adjective_1,True,True,False,True,755,-42.526878356933594,-42.641334533691406,1
Caroline did talk to those unemployed students.,Caroline did talk to those unemployed student.,morphology,determiner_noun_agreement,determiner_noun_agreement_with_adjective_1,True,True,False,True,756,-58.432342529296875,-59.57680892944336,1
Paula might explore this clean art gallery.,Paula might explore this clean art galleries.,morphology,determiner_noun_agreement,determiner_noun_agreement_with_adjective_1,True,True,False,True,757,-55.01258850097656,-56.75725555419922,1
Most pedestrians observe this concealed customer.,Most pedestrians observe this concealed customers.,morphology,determiner_noun_agreement,determiner_noun_agreement_with_adjective_1,True,True,False,True,758,-53.403656005859375,-50.57356262207031,0
Some actress hasn't disgusted those out in the open libraries.,Some actress hasn't disgusted those out in the open library.,morphology,determiner_noun_agreement,determiner_noun_agreement_with_adjective_1,True,True,False,True,759,-75.94651794433594,-74.72543334960938,0
Adults bike to that green art gallery.,Adults bike to that green art galleries.,morphology,determiner_noun_agreement,determiner_noun_agreement_with_adjective_1,True,True,False,True,760,-64.38980102539062,-64.94583129882812,1
Carolyn would listen to those employed girls.,Carolyn would listen to those employed girl.,morphology,determiner_noun_agreement,determiner_noun_agreement_with_adjective_1,True,True,False,True,761,-61.18415832519531,-62.304290771484375,1
Frank brought those purple banks.,Frank brought those purple bank.,morphology,determiner_noun_agreement,determiner_noun_agreement_with_adjective_1,True,True,False,True,762,-43.28252029418945,-42.71163558959961,0
Sharon scared those hopeful cashiers.,Sharon scared those hopeful cashier.,morphology,determiner_noun_agreement,determiner_noun_agreement_with_adjective_1,True,True,False,True,763,-66.41349029541016,-63.17874526977539,0
The rug had irritated those small banks.,The rug had irritated those small bank.,morphology,determiner_noun_agreement,determiner_noun_agreement_with_adjective_1,True,True,False,True,764,-57.540489196777344,-58.12895965576172,1
The adults appreciated this bad documentary.,The adults appreciated this bad documentaries.,morphology,determiner_noun_agreement,determiner_noun_agreement_with_adjective_1,True,True,False,True,765,-48.660858154296875,-50.233558654785156,1
Brian returns to that new grocery store.,Brian returns to that new grocery stores.,morphology,determiner_noun_agreement,determiner_noun_agreement_with_adjective_1,True,True,False,True,766,-41.580135345458984,-43.369781494140625,1
Caroline wore that blue hat.,Caroline wore that blue hats.,morphology,determiner_noun_agreement,determiner_noun_agreement_with_adjective_1,True,True,False,True,767,-52.838966369628906,-51.955108642578125,0
Elaine wasn't concealing those good reports.,Elaine wasn't concealing those good report.,morphology,determiner_noun_agreement,determiner_noun_agreement_with_adjective_1,True,True,False,True,768,-64.68025970458984,-65.83268737792969,1
All boys are investigating that lucky teenager.,All boys are investigating that lucky teenagers.,morphology,determiner_noun_agreement,determiner_noun_agreement_with_adjective_1,True,True,False,True,769,-52.51862716674805,-50.93882751464844,0
Tonya dropped by those black malls.,Tonya dropped by those black mall.,morphology,determiner_noun_agreement,determiner_noun_agreement_with_adjective_1,True,True,False,True,770,-53.68209457397461,-50.73310852050781,0
Many ladders are stunning this old doctor.,Many ladders are stunning this old doctors.,morphology,determiner_noun_agreement,determiner_noun_agreement_with_adjective_1,True,True,False,True,771,-57.908607482910156,-59.98455810546875,1
Most organizations appreciate these good cafes.,Most organizations appreciate these good cafe.,morphology,determiner_noun_agreement,determiner_noun_agreement_with_adjective_1,True,True,False,True,772,-49.129852294921875,-49.30634689331055,1
Many boys hire this unemployed adult.,Many boys hire this unemployed adults.,morphology,determiner_noun_agreement,determiner_noun_agreement_with_adjective_1,True,True,False,True,773,-53.51656723022461,-52.43245315551758,0
Brad can love this purple book.,Brad can love this purple books.,morphology,determiner_noun_agreement,determiner_noun_agreement_with_adjective_1,True,True,False,True,774,-39.34394836425781,-39.80823516845703,1
Many cats scare that lost pedestrian.,Many cats scare that lost pedestrians.,morphology,determiner_noun_agreement,determiner_noun_agreement_with_adjective_1,True,True,False,True,775,-51.99625778198242,-50.796844482421875,0
The snake was disturbing that big actress.,The snake was disturbing that big actresses.,morphology,determiner_noun_agreement,determiner_noun_agreement_with_adjective_1,True,True,False,True,776,-51.34174728393555,-53.34087371826172,1
Timothy hadn't bought that hard cafe.,Timothy hadn't bought that hard cafes.,morphology,determiner_noun_agreement,determiner_noun_agreement_with_adjective_1,True,True,False,True,777,-58.79374694824219,-59.48474884033203,1
Art galleries annoyed that bad actor.,Art galleries annoyed that bad actors.,morphology,determiner_noun_agreement,determiner_noun_agreement_with_adjective_1,True,True,False,True,778,-54.39244842529297,-53.59192657470703,0
This window hasn't astounded that lost dancer.,This window hasn't astounded that lost dancers.,morphology,determiner_noun_agreement,determiner_noun_agreement_with_adjective_1,True,True,False,True,779,-72.43224334716797,-71.00077819824219,0
Timothy should heal that important patient.,Timothy should heal that important patients.,morphology,determiner_noun_agreement,determiner_noun_agreement_with_adjective_1,True,True,False,True,780,-53.061058044433594,-53.068397521972656,1
Most teenagers scared that bad company.,Most teenagers scared that bad companies.,morphology,determiner_noun_agreement,determiner_noun_agreement_with_adjective_1,True,True,False,True,781,-48.952667236328125,-48.863182067871094,0
A man had walked through these clean cafes.,A man had walked through these clean cafe.,morphology,determiner_noun_agreement,determiner_noun_agreement_with_adjective_1,True,True,False,True,782,-58.82912063598633,-57.50197982788086,0
Eric hires that ill actor.,Eric hires that ill actors.,morphology,determiner_noun_agreement,determiner_noun_agreement_with_adjective_1,True,True,False,True,783,-41.4525146484375,-42.1124267578125,1
The women walk through this concealed college campus.,The women walk through this concealed college campuses.,morphology,determiner_noun_agreement,determiner_noun_agreement_with_adjective_1,True,True,False,True,784,-61.503997802734375,-63.36883544921875,1
Laurie isn't impressing this concealed guy.,Laurie isn't impressing this concealed guys.,morphology,determiner_noun_agreement,determiner_noun_agreement_with_adjective_1,True,True,False,True,785,-70.44590759277344,-69.06627655029297,0
Tonya buys these purple brochures.,Tonya buys these purple brochure.,morphology,determiner_noun_agreement,determiner_noun_agreement_with_adjective_1,True,True,False,True,786,-53.59405517578125,-52.59857940673828,0
Angela complains about that hard pamphlet.,Angela complains about that hard pamphlets.,morphology,determiner_noun_agreement,determiner_noun_agreement_with_adjective_1,True,True,False,True,787,-55.657169342041016,-60.65140914916992,1
This newspaper article had hurt this clever waiter.,This newspaper article had hurt this clever waiters.,morphology,determiner_noun_agreement,determiner_noun_agreement_with_adjective_1,True,True,False,True,788,-64.4464111328125,-69.37906646728516,1
Donna shouldn't hug those small doctors.,Donna shouldn't hug those small doctor.,morphology,determiner_noun_agreement,determiner_noun_agreement_with_adjective_1,True,True,False,True,789,-58.54970932006836,-58.3010368347168,0
Bruce was fleeing from those serious patients.,Bruce was fleeing from those serious patient.,morphology,determiner_noun_agreement,determiner_noun_agreement_with_adjective_1,True,True,False,True,790,-42.7545280456543,-43.960140228271484,1
Jesus breaks these hidden couches.,Jesus breaks these hidden couch.,morphology,determiner_noun_agreement,determiner_noun_agreement_with_adjective_1,True,True,False,True,791,-43.773067474365234,-41.794960021972656,0
Brian had scared these troubled pedestrians.,Brian had scared these troubled pedestrian.,morphology,determiner_noun_agreement,determiner_noun_agreement_with_adjective_1,True,True,False,True,792,-49.87595748901367,-50.85780334472656,1
Naomi questioned these gray hospitals.,Naomi questioned these gray hospital.,morphology,determiner_noun_agreement,determiner_noun_agreement_with_adjective_1,True,True,False,True,793,-55.60865020751953,-54.347774505615234,0
Sally is arguing about that popular story.,Sally is arguing about that popular stories.,morphology,determiner_noun_agreement,determiner_noun_agreement_with_adjective_1,True,True,False,True,794,-51.24546432495117,-51.717220306396484,1
Bradley dropped by this cheap restaurant.,Bradley dropped by this cheap restaurants.,morphology,determiner_noun_agreement,determiner_noun_agreement_with_adjective_1,True,True,False,True,795,-48.755577087402344,-49.026405334472656,1
Samuel is confusing this unlucky actress.,Samuel is confusing this unlucky actresses.,morphology,determiner_noun_agreement,determiner_noun_agreement_with_adjective_1,True,True,False,True,796,-57.84310531616211,-58.53009796142578,1
Karen listened to that big customer.,Karen listened to that big customers.,morphology,determiner_noun_agreement,determiner_noun_agreement_with_adjective_1,True,True,False,True,797,-47.27035140991211,-46.000946044921875,0
Benjamin conceals those big actresses.,Benjamin conceals those big actress.,morphology,determiner_noun_agreement,determiner_noun_agreement_with_adjective_1,True,True,False,True,798,-62.914161682128906,-61.78956985473633,0
This senator should return to those hidden banks.,This senator should return to those hidden bank.,morphology,determiner_noun_agreement,determiner_noun_agreement_with_adjective_1,True,True,False,True,799,-55.33311462402344,-56.263519287109375,1
Girls were kissing that hopeful doctor.,Girls were kissing that hopeful doctors.,morphology,determiner_noun_agreement,determiner_noun_agreement_with_adjective_1,True,True,False,True,800,-48.40632629394531,-47.002716064453125,0
Theresa has biked to those white malls.,Theresa has biked to those white mall.,morphology,determiner_noun_agreement,determiner_noun_agreement_with_adjective_1,True,True,False,True,801,-68.9129638671875,-67.26567077636719,0
Sheila didn't hire this nice teacher.,Sheila didn't hire this nice teachers.,morphology,determiner_noun_agreement,determiner_noun_agreement_with_adjective_1,True,True,False,True,802,-53.93218231201172,-54.86930847167969,1
Thomas hadn't visited those concealed customers.,Thomas hadn't visited those concealed customer.,morphology,determiner_noun_agreement,determiner_noun_agreement_with_adjective_1,True,True,False,True,803,-55.81205368041992,-58.66446304321289,1
That cup hasn't disgusted these old waiters.,That cup hasn't disgusted these old waiter.,morphology,determiner_noun_agreement,determiner_noun_agreement_with_adjective_1,True,True,False,True,804,-70.48207092285156,-64.77857208251953,0
Donald doesn't know that popular student.,Donald doesn't know that popular students.,morphology,determiner_noun_agreement,determiner_noun_agreement_with_adjective_1,True,True,False,True,805,-37.89643096923828,-37.1844596862793,0
This teacher hadn't talked about this smart patient.,This teacher hadn't talked about this smart patients.,morphology,determiner_noun_agreement,determiner_noun_agreement_with_adjective_1,True,True,False,True,806,-58.95996856689453,-58.348323822021484,0
An adult had worn those cheap gloves.,An adult had worn those cheap glove.,morphology,determiner_noun_agreement,determiner_noun_agreement_with_adjective_1,True,True,False,True,807,-57.23822784423828,-57.47945785522461,1
Valerie isn't exploring these small restaurants.,Valerie isn't exploring these small restaurant.,morphology,determiner_noun_agreement,determiner_noun_agreement_with_adjective_1,True,True,False,True,808,-54.92433547973633,-54.23387145996094,0
A print looked like those red couches.,A print looked like those red couch.,morphology,determiner_noun_agreement,determiner_noun_agreement_with_adjective_1,True,True,False,True,809,-55.23683166503906,-52.058677673339844,0
That story disgusts those new banks.,That story disgusts those new bank.,morphology,determiner_noun_agreement,determiner_noun_agreement_with_adjective_1,True,True,False,True,810,-59.544525146484375,-60.38322448730469,1
A glove confused these bad universities.,A glove confused these bad university.,morphology,determiner_noun_agreement,determiner_noun_agreement_with_adjective_1,True,True,False,True,811,-55.195472717285156,-54.622581481933594,0
Kenneth watches that clever driver.,Kenneth watches that clever drivers.,morphology,determiner_noun_agreement,determiner_noun_agreement_with_adjective_1,True,True,False,True,812,-46.10474395751953,-44.65591812133789,0
Some guys cared for these young cashiers.,Some guys cared for these young cashier.,morphology,determiner_noun_agreement,determiner_noun_agreement_with_adjective_1,True,True,False,True,813,-59.588165283203125,-57.584964752197266,0
Marla has hurt those small guests.,Marla has hurt those small guest.,morphology,determiner_noun_agreement,determiner_noun_agreement_with_adjective_1,True,True,False,True,814,-46.5958251953125,-50.01150894165039,1
Thomas wasn't boring these bad doctors.,Thomas wasn't boring these bad doctor.,morphology,determiner_noun_agreement,determiner_noun_agreement_with_adjective_1,True,True,False,True,815,-50.15653991699219,-49.88544464111328,0
The chicken bothered this red hospital.,The chicken bothered this red hospitals.,morphology,determiner_noun_agreement,determiner_noun_agreement_with_adjective_1,True,True,False,True,816,-51.123085021972656,-52.95368957519531,1
Steven has disliked these important guests.,Steven has disliked these important guest.,morphology,determiner_noun_agreement,determiner_noun_agreement_with_adjective_1,True,True,False,True,817,-43.00519561767578,-44.27952575683594,1
Mitchell took these white public parks.,Mitchell took these white public park.,morphology,determiner_noun_agreement,determiner_noun_agreement_with_adjective_1,True,True,False,True,818,-56.60784149169922,-56.145751953125,0
Aaron has messed up these out in the open forks.,Aaron has messed up these out in the open fork.,morphology,determiner_noun_agreement,determiner_noun_agreement_with_adjective_1,True,True,False,True,819,-62.189353942871094,-59.738224029541016,0
Todd hadn't hated this excited senator.,Todd hadn't hated this excited senators.,morphology,determiner_noun_agreement,determiner_noun_agreement_with_adjective_1,True,True,False,True,820,-55.848388671875,-55.5256233215332,0
Martin wasn't annoying that hopeful waitress.,Martin wasn't annoying that hopeful waitresses.,morphology,determiner_noun_agreement,determiner_noun_agreement_with_adjective_1,True,True,False,True,821,-57.156227111816406,-66.03282165527344,1
Companies have those smooth reports.,Companies have those smooth report.,morphology,determiner_noun_agreement,determiner_noun_agreement_with_adjective_1,True,True,False,True,822,-36.761268615722656,-37.676055908203125,1
Sally hasn't appreciated that big report.,Sally hasn't appreciated that big reports.,morphology,determiner_noun_agreement,determiner_noun_agreement_with_adjective_1,True,True,False,True,823,-55.69282531738281,-54.17112350463867,0
Bradley hugged those smart girls.,Bradley hugged those smart girl.,morphology,determiner_noun_agreement,determiner_noun_agreement_with_adjective_1,True,True,False,True,824,-51.97893524169922,-51.90143966674805,0
Tiffany isn't firing this confident guy.,Tiffany isn't firing this confident guys.,morphology,determiner_noun_agreement,determiner_noun_agreement_with_adjective_1,True,True,False,True,825,-69.96420288085938,-69.04637908935547,0
Sonia tours that exposed movie theater.,Sonia tours that exposed movie theaters.,morphology,determiner_noun_agreement,determiner_noun_agreement_with_adjective_1,True,True,False,True,826,-61.98175811767578,-61.97880554199219,0
A lot of banks remember these exposed art galleries.,A lot of banks remember these exposed art gallery.,morphology,determiner_noun_agreement,determiner_noun_agreement_with_adjective_1,True,True,False,True,827,-69.00209045410156,-67.95335388183594,0
Some door looked like this good sketch.,Some door looked like this good sketches.,morphology,determiner_noun_agreement,determiner_noun_agreement_with_adjective_1,True,True,False,True,828,-49.934226989746094,-51.414398193359375,1
Noah investigated that fast driver.,Noah investigated that fast drivers.,morphology,determiner_noun_agreement,determiner_noun_agreement_with_adjective_1,True,True,False,True,829,-47.61642837524414,-46.11555480957031,0
The university was upsetting this confident dancer.,The university was upsetting this confident dancers.,morphology,determiner_noun_agreement,determiner_noun_agreement_with_adjective_1,True,True,False,True,830,-54.86948013305664,-54.58952331542969,0
The patients discussed those concealed reports.,The patients discussed those concealed report.,morphology,determiner_noun_agreement,determiner_noun_agreement_with_adjective_1,True,True,False,True,831,-48.385643005371094,-48.983123779296875,1
The students lifted those small drawings.,The students lifted those small drawing.,morphology,determiner_noun_agreement,determiner_noun_agreement_with_adjective_1,True,True,False,True,832,-48.80936050415039,-51.27345275878906,1
A blouse upset that lost lady.,A blouse upset that lost ladies.,morphology,determiner_noun_agreement,determiner_noun_agreement_with_adjective_1,True,True,False,True,833,-56.37959289550781,-55.744239807128906,0
Marcus hasn't examined that concealed newspaper article.,Marcus hasn't examined that concealed newspaper articles.,morphology,determiner_noun_agreement,determiner_noun_agreement_with_adjective_1,True,True,False,True,834,-62.13340759277344,-62.88069152832031,1
Donald complains about that important play.,Donald complains about that important plays.,morphology,determiner_noun_agreement,determiner_noun_agreement_with_adjective_1,True,True,False,True,835,-38.65669250488281,-39.37507629394531,1
Patricia isn't talking about these determined dancers.,Patricia isn't talking about these determined dancer.,morphology,determiner_noun_agreement,determiner_noun_agreement_with_adjective_1,True,True,False,True,836,-65.29031372070312,-66.33758544921875,1
These students will confuse those rough libraries.,These students will confuse those rough library.,morphology,determiner_noun_agreement,determiner_noun_agreement_with_adjective_1,True,True,False,True,837,-51.210426330566406,-51.09398651123047,0
Florence had researched that important museum.,Florence had researched that important museums.,morphology,determiner_noun_agreement,determiner_noun_agreement_with_adjective_1,True,True,False,True,838,-63.97400665283203,-65.0365982055664,1
Amanda praised that hopeful student.,Amanda praised that hopeful students.,morphology,determiner_noun_agreement,determiner_noun_agreement_with_adjective_1,True,True,False,True,839,-48.36307144165039,-47.2386589050293,0
The Lutherans hadn't praised those ill patients.,The Lutherans hadn't praised those ill patient.,morphology,determiner_noun_agreement,determiner_noun_agreement_with_adjective_1,True,True,False,True,840,-72.98912811279297,-74.06231689453125,1
Lisa doesn't notice those blue restaurants.,Lisa doesn't notice those blue restaurant.,morphology,determiner_noun_agreement,determiner_noun_agreement_with_adjective_1,True,True,False,True,841,-47.655452728271484,-46.40517807006836,0
The bank is talking about this good driver.,The bank is talking about this good drivers.,morphology,determiner_noun_agreement,determiner_noun_agreement_with_adjective_1,True,True,False,True,842,-46.38525390625,-46.09465026855469,0
Jeffrey went to those cheap schools.,Jeffrey went to those cheap school.,morphology,determiner_noun_agreement,determiner_noun_agreement_with_adjective_1,True,True,False,True,843,-47.427127838134766,-46.84568786621094,0
The bread astounds this yellow bank.,The bread astounds this yellow banks.,morphology,determiner_noun_agreement,determiner_noun_agreement_with_adjective_1,True,True,False,True,844,-61.948638916015625,-61.620689392089844,0
Those teenagers aren't leaving that hidden cashier.,Those teenagers aren't leaving that hidden cashiers.,morphology,determiner_noun_agreement,determiner_noun_agreement_with_adjective_1,True,True,False,True,845,-65.90115356445312,-69.32987976074219,1
The Borgias like this blue couch.,The Borgias like this blue couchs.,morphology,determiner_noun_agreement,determiner_noun_agreement_with_adjective_1,True,True,False,True,846,-53.69114685058594,-61.79372787475586,1
Most women sound like that blue brochure.,Most women sound like that blue brochures.,morphology,determiner_noun_agreement,determiner_noun_agreement_with_adjective_1,True,True,False,True,847,-56.91139221191406,-56.13433074951172,0
Scott attacks those uncertain boys.,Scott attacks those uncertain boy.,morphology,determiner_noun_agreement,determiner_noun_agreement_with_adjective_1,True,True,False,True,848,-40.8586540222168,-41.639549255371094,1
This company wasn't talking about this lost pedestrian.,This company wasn't talking about this lost pedestrians.,morphology,determiner_noun_agreement,determiner_noun_agreement_with_adjective_1,True,True,False,True,849,-58.36838150024414,-58.13902282714844,0
Every lamp aggravated these busy cashiers.,Every lamp aggravated these busy cashier.,morphology,determiner_noun_agreement,determiner_noun_agreement_with_adjective_1,True,True,False,True,850,-69.5341796875,-66.86611938476562,0
The bananas alarmed those fast dancers.,The bananas alarmed those fast dancer.,morphology,determiner_noun_agreement,determiner_noun_agreement_with_adjective_1,True,True,False,True,851,-60.49156951904297,-62.49934387207031,1
The Clintons hire these lucky senators.,The Clintons hire these lucky senator.,morphology,determiner_noun_agreement,determiner_noun_agreement_with_adjective_1,True,True,False,True,852,-60.18708038330078,-60.009193420410156,0
The boys weren't discussing that good pedestrian.,The boys weren't discussing that good pedestrians.,morphology,determiner_noun_agreement,determiner_noun_agreement_with_adjective_1,True,True,False,True,853,-58.8939323425293,-58.49409103393555,0
Marie broke those new glasses.,Marie broke those new glass.,morphology,determiner_noun_agreement,determiner_noun_agreement_with_adjective_1,True,True,False,True,854,-37.704200744628906,-37.75637435913086,1
That boy is alarming these popular governments.,That boy is alarming these popular government.,morphology,determiner_noun_agreement,determiner_noun_agreement_with_adjective_1,True,True,False,True,855,-54.757442474365234,-53.149131774902344,0
This newspaper article wasn't astounding those hidden girls.,This newspaper article wasn't astounding those hidden girl.,morphology,determiner_noun_agreement,determiner_noun_agreement_with_adjective_1,True,True,False,True,856,-75.19129180908203,-74.59693908691406,0
The Lutherans know these important drivers.,The Lutherans know these important driver.,morphology,determiner_noun_agreement,determiner_noun_agreement_with_adjective_1,True,True,False,True,857,-55.762657165527344,-57.67343521118164,1
Larry has confused that busy senator.,Larry has confused that busy senators.,morphology,determiner_noun_agreement,determiner_noun_agreement_with_adjective_1,True,True,False,True,858,-43.255863189697266,-44.40358352661133,1
This committee isn't describing this good pamphlet.,This committee isn't describing this good pamphlets.,morphology,determiner_noun_agreement,determiner_noun_agreement_with_adjective_1,True,True,False,True,859,-59.78184127807617,-66.62004089355469,1
Benjamin is revealing this serious teacher.,Benjamin is revealing this serious teachers.,morphology,determiner_noun_agreement,determiner_noun_agreement_with_adjective_1,True,True,False,True,860,-49.34764862060547,-49.80084228515625,1
All patients investigate that standing girl.,All patients investigate that standing girls.,morphology,determiner_noun_agreement,determiner_noun_agreement_with_adjective_1,True,True,False,True,861,-48.15589904785156,-47.33428955078125,0
Most waitresses talk about these gray grocery stores.,Most waitresses talk about these gray grocery store.,morphology,determiner_noun_agreement,determiner_noun_agreement_with_adjective_1,True,True,False,True,862,-70.20132446289062,-67.14361572265625,0
Robert went to those gray movie theaters.,Robert went to those gray movie theater.,morphology,determiner_noun_agreement,determiner_noun_agreement_with_adjective_1,True,True,False,True,863,-52.95271301269531,-53.62260055541992,1
The people left these cheap banks.,The people left these cheap bank.,morphology,determiner_noun_agreement,determiner_noun_agreement_with_adjective_1,True,True,False,True,864,-45.226295471191406,-43.92234802246094,0
Christine isn't talking to this concealed pedestrian.,Christine isn't talking to this concealed pedestrians.,morphology,determiner_noun_agreement,determiner_noun_agreement_with_adjective_1,True,True,False,True,865,-63.02178192138672,-61.701988220214844,0
Some children fire that nice guy.,Some children fire that nice guys.,morphology,determiner_noun_agreement,determiner_noun_agreement_with_adjective_1,True,True,False,True,866,-46.42030334472656,-46.40513610839844,0
Benjamin messes up these black hospitals.,Benjamin messes up these black hospital.,morphology,determiner_noun_agreement,determiner_noun_agreement_with_adjective_1,True,True,False,True,867,-67.48605346679688,-67.79344177246094,1
Fish find this popular rug.,Fish find this popular rugs.,morphology,determiner_noun_agreement,determiner_noun_agreement_with_adjective_1,True,True,False,True,868,-36.86174774169922,-38.64610290527344,1
Daniel scanned those bad essays.,Daniel scanned those bad essay.,morphology,determiner_noun_agreement,determiner_noun_agreement_with_adjective_1,True,True,False,True,869,-40.11647033691406,-39.099666595458984,0
Curtis dislikes these orange cafes.,Curtis dislikes these orange cafe.,morphology,determiner_noun_agreement,determiner_noun_agreement_with_adjective_1,True,True,False,True,870,-66.94390106201172,-67.64216613769531,1
David investigated that troubled actor.,David investigated that troubled actors.,morphology,determiner_noun_agreement,determiner_noun_agreement_with_adjective_1,True,True,False,True,871,-39.50367736816406,-39.426937103271484,0
Maria isn't breaking those whole dishes.,Maria isn't breaking those whole dish.,morphology,determiner_noun_agreement,determiner_noun_agreement_with_adjective_1,True,True,False,True,872,-50.660221099853516,-51.061397552490234,1
Stacy concealed this important newspaper article.,Stacy concealed this important newspaper articles.,morphology,determiner_noun_agreement,determiner_noun_agreement_with_adjective_1,True,True,False,True,873,-56.52157211303711,-57.525856018066406,1
Dan had known that unlucky girl.,Dan had known that unlucky girls.,morphology,determiner_noun_agreement,determiner_noun_agreement_with_adjective_1,True,True,False,True,874,-41.62503433227539,-42.38478469848633,1
That girl hadn't irritated this white school.,That girl hadn't irritated this white schools.,morphology,determiner_noun_agreement,determiner_noun_agreement_with_adjective_1,True,True,False,True,875,-60.09593963623047,-62.32763671875,1
Katherine is scanning that concealed book.,Katherine is scanning that concealed books.,morphology,determiner_noun_agreement,determiner_noun_agreement_with_adjective_1,True,True,False,True,876,-54.78950500488281,-54.25709533691406,0
Marie hadn't broken these brown dishes.,Marie hadn't broken these brown dish.,morphology,determiner_noun_agreement,determiner_noun_agreement_with_adjective_1,True,True,False,True,877,-52.9631462097168,-52.958499908447266,0
Leslie isn't fixing that gray couch.,Leslie isn't fixing that gray couchs.,morphology,determiner_noun_agreement,determiner_noun_agreement_with_adjective_1,True,True,False,True,878,-60.19672393798828,-66.73906707763672,1
A teacher could bring this clean hospital.,A teacher could bring this clean hospitals.,morphology,determiner_noun_agreement,determiner_noun_agreement_with_adjective_1,True,True,False,True,879,-49.63523864746094,-50.485130310058594,1
Many cashiers dropped by those dirty hospitals.,Many cashiers dropped by those dirty hospital.,morphology,determiner_noun_agreement,determiner_noun_agreement_with_adjective_1,True,True,False,True,880,-64.87019348144531,-65.59823608398438,1
Karla admired these out in the open forks.,Karla admired these out in the open fork.,morphology,determiner_noun_agreement,determiner_noun_agreement_with_adjective_1,True,True,False,True,881,-60.39234161376953,-57.08306121826172,0
Those people hugged that hidden cashier.,Those people hugged that hidden cashiers.,morphology,determiner_noun_agreement,determiner_noun_agreement_with_adjective_1,True,True,False,True,882,-54.52151107788086,-58.10450744628906,1
A cashier was passing this black movie theater.,A cashier was passing this black movie theaters.,morphology,determiner_noun_agreement,determiner_noun_agreement_with_adjective_1,True,True,False,True,883,-70.55523681640625,-70.20967102050781,0
Many girls insult that concealed waiter.,Many girls insult that concealed waiters.,morphology,determiner_noun_agreement,determiner_noun_agreement_with_adjective_1,True,True,False,True,884,-56.270912170410156,-57.63936233520508,1
A lot of reports alarm these out in the open banks.,A lot of reports alarm these out in the open bank.,morphology,determiner_noun_agreement,determiner_noun_agreement_with_adjective_1,True,True,False,True,885,-73.48382568359375,-72.38534545898438,0
April was touring that concealed public park.,April was touring that concealed public parks.,morphology,determiner_noun_agreement,determiner_noun_agreement_with_adjective_1,True,True,False,True,886,-56.742591857910156,-57.01027297973633,1
Randolf appreciated this hopeful student.,Randolf appreciated this hopeful students.,morphology,determiner_noun_agreement,determiner_noun_agreement_with_adjective_1,True,True,False,True,887,-51.140174865722656,-50.26822280883789,0
These women shouldn't hate this good story.,These women shouldn't hate this good stories.,morphology,determiner_noun_agreement,determiner_noun_agreement_with_adjective_1,True,True,False,True,888,-48.433589935302734,-48.17797088623047,0
Charles was taking that bad turtle.,Charles was taking that bad turtles.,morphology,determiner_noun_agreement,determiner_noun_agreement_with_adjective_1,True,True,False,True,889,-39.99653625488281,-41.964691162109375,1
Jeffrey has talked to these troubled students.,Jeffrey has talked to these troubled student.,morphology,determiner_noun_agreement,determiner_noun_agreement_with_adjective_1,True,True,False,True,890,-53.02595138549805,-54.01566696166992,1
The Impressionists annoyed these serious guys.,The Impressionists annoyed these serious guy.,morphology,determiner_noun_agreement,determiner_noun_agreement_with_adjective_1,True,True,False,True,891,-68.18231201171875,-68.86558532714844,1
A lot of pedestrians arrive at these hard libraries.,A lot of pedestrians arrive at these hard library.,morphology,determiner_noun_agreement,determiner_noun_agreement_with_adjective_1,True,True,False,True,892,-62.98484420776367,-63.14686584472656,1
Those doctors hugged these happy actresses.,Those doctors hugged these happy actress.,morphology,determiner_noun_agreement,determiner_noun_agreement_with_adjective_1,True,True,False,True,893,-55.39501190185547,-54.1358642578125,0
That painting is looking like this delighted boy.,That painting is looking like this delighted boys.,morphology,determiner_noun_agreement,determiner_noun_agreement_with_adjective_1,True,True,False,True,894,-56.02123260498047,-56.161537170410156,1
Alexander was running around these popular museums.,Alexander was running around these popular museum.,morphology,determiner_noun_agreement,determiner_noun_agreement_with_adjective_1,True,True,False,True,895,-45.2381591796875,-46.23588562011719,1
Theodore hadn't scared this unsure waiter.,Theodore hadn't scared this unsure waiters.,morphology,determiner_noun_agreement,determiner_noun_agreement_with_adjective_1,True,True,False,True,896,-72.77870178222656,-76.26113891601562,1
Caroline was healing those good teachers.,Caroline was healing those good teacher.,morphology,determiner_noun_agreement,determiner_noun_agreement_with_adjective_1,True,True,False,True,897,-57.71713638305664,-57.7542610168457,1
Beth had fixed these orange couches.,Beth had fixed these orange couch.,morphology,determiner_noun_agreement,determiner_noun_agreement_with_adjective_1,True,True,False,True,898,-58.37089920043945,-55.94415283203125,0
Many guests argue about that uncertain girl.,Many guests argue about that uncertain girls.,morphology,determiner_noun_agreement,determiner_noun_agreement_with_adjective_1,True,True,False,True,899,-55.42603302001953,-54.824562072753906,0
Some lady should dislike these excited waiters.,Some lady should dislike these excited waiter.,morphology,determiner_noun_agreement,determiner_noun_agreement_with_adjective_1,True,True,False,True,900,-68.18006896972656,-63.05696487426758,0
These boys ran around this rough public park.,These boys ran around this rough public parks.,morphology,determiner_noun_agreement,determiner_noun_agreement_with_adjective_1,True,True,False,True,901,-59.586700439453125,-60.2501106262207,1
Many waiters have worn that black coat.,Many waiters have worn that black coats.,morphology,determiner_noun_agreement,determiner_noun_agreement_with_adjective_1,True,True,False,True,902,-58.091697692871094,-58.235137939453125,1
Richard thinks about that good dish.,Richard thinks about that good dishs.,morphology,determiner_noun_agreement,determiner_noun_agreement_with_adjective_1,True,True,False,True,903,-39.92156219482422,-48.19468307495117,1
Deanna wasn't lifting that new couch.,Deanna wasn't lifting that new couchs.,morphology,determiner_noun_agreement,determiner_noun_agreement_with_adjective_1,True,True,False,True,904,-57.27815246582031,-63.202354431152344,1
That waiter isn't arriving at these rough restaurants.,That waiter isn't arriving at these rough restaurant.,morphology,determiner_noun_agreement,determiner_noun_agreement_with_adjective_1,True,True,False,True,905,-65.35630798339844,-64.27339172363281,0
These snakes have hurt these young waitresses.,These snakes have hurt these young waitress.,morphology,determiner_noun_agreement,determiner_noun_agreement_with_adjective_1,True,True,False,True,906,-66.0201416015625,-56.5955810546875,0
Keith does hide that popular dog.,Keith does hide that popular dogs.,morphology,determiner_noun_agreement,determiner_noun_agreement_with_adjective_1,True,True,False,True,907,-42.900550842285156,-41.95204162597656,0
Kenneth shouldn't drive to these hard grocery stores.,Kenneth shouldn't drive to these hard grocery store.,morphology,determiner_noun_agreement,determiner_noun_agreement_with_adjective_1,True,True,False,True,908,-63.604400634765625,-61.23544692993164,0
Russell visits these confident dancers.,Russell visits these confident dancer.,morphology,determiner_noun_agreement,determiner_noun_agreement_with_adjective_1,True,True,False,True,909,-43.46643829345703,-44.0831413269043,1
David walks through this blue hospital.,David walks through this blue hospitals.,morphology,determiner_noun_agreement,determiner_noun_agreement_with_adjective_1,True,True,False,True,910,-44.20510482788086,-45.61045455932617,1
Alan couldn't criticize these fast girls.,Alan couldn't criticize these fast girl.,morphology,determiner_noun_agreement,determiner_noun_agreement_with_adjective_1,True,True,False,True,911,-50.585418701171875,-51.02388000488281,1
Julia skated around that popular cafe.,Julia skated around that popular cafes.,morphology,determiner_noun_agreement,determiner_noun_agreement_with_adjective_1,True,True,False,True,912,-62.405216217041016,-60.767215728759766,0
A lot of boys conceal those rough couches.,A lot of boys conceal those rough couch.,morphology,determiner_noun_agreement,determiner_noun_agreement_with_adjective_1,True,True,False,True,913,-67.45510864257812,-64.02681732177734,0
Rachelle does escape from that small college campus.,Rachelle does escape from that small college campuses.,morphology,determiner_noun_agreement,determiner_noun_agreement_with_adjective_1,True,True,False,True,914,-62.01377487182617,-64.01211547851562,1
These patients were criticizing those unlucky pedestrians.,These patients were criticizing those unlucky pedestrian.,morphology,determiner_noun_agreement,determiner_noun_agreement_with_adjective_1,True,True,False,True,915,-55.63473129272461,-56.98706817626953,1
Katherine can clean that small dress.,Katherine can clean that small dresses.,morphology,determiner_noun_agreement,determiner_noun_agreement_with_adjective_1,True,True,False,True,916,-54.494285583496094,-53.74294662475586,0
This actor was breaking those out in the open cups.,This actor was breaking those out in the open cup.,morphology,determiner_noun_agreement,determiner_noun_agreement_with_adjective_1,True,True,False,True,917,-66.22394561767578,-64.84622192382812,0
Mary returned to those important customers.,Mary returned to those important customer.,morphology,determiner_noun_agreement,determiner_noun_agreement_with_adjective_1,True,True,False,True,918,-37.297142028808594,-38.79961395263672,1
These people think about that popular story.,These people think about that popular stories.,morphology,determiner_noun_agreement,determiner_noun_agreement_with_adjective_1,True,True,False,True,919,-37.62500762939453,-37.28986740112305,0
Jason hasn't hired those happy children.,Jason hasn't hired those happy child.,morphology,determiner_noun_agreement,determiner_noun_agreement_with_adjective_1,True,True,False,True,920,-48.3614616394043,-49.716758728027344,1
The museums weren't criticizing this lost waitress.,The museums weren't criticizing this lost waitresses.,morphology,determiner_noun_agreement,determiner_noun_agreement_with_adjective_1,True,True,False,True,921,-67.51947021484375,-76.03591918945312,1
The Lutherans weren't worrying that young teenager.,The Lutherans weren't worrying that young teenagers.,morphology,determiner_noun_agreement,determiner_noun_agreement_with_adjective_1,True,True,False,True,922,-68.40574645996094,-65.17784118652344,0
Tammy walked through that messy restaurant.,Tammy walked through that messy restaurants.,morphology,determiner_noun_agreement,determiner_noun_agreement_with_adjective_1,True,True,False,True,923,-53.705810546875,-55.46638107299805,1
All people were cleaning those green cafes.,All people were cleaning those green cafe.,morphology,determiner_noun_agreement,determiner_noun_agreement_with_adjective_1,True,True,False,True,924,-54.080963134765625,-54.035675048828125,0
Gina had listened to these displeased drivers.,Gina had listened to these displeased driver.,morphology,determiner_noun_agreement,determiner_noun_agreement_with_adjective_1,True,True,False,True,925,-66.8167724609375,-66.27425384521484,0
Jodi argued about this black pamphlet.,Jodi argued about this black pamphlets.,morphology,determiner_noun_agreement,determiner_noun_agreement_with_adjective_1,True,True,False,True,926,-53.40159606933594,-59.916419982910156,1
Every sketch looks like that red nose.,Every sketch looks like that red noses.,morphology,determiner_noun_agreement,determiner_noun_agreement_with_adjective_1,True,True,False,True,927,-47.93649673461914,-50.7825927734375,1
Michael isn't finding these smooth prints.,Michael isn't finding these smooth print.,morphology,determiner_noun_agreement,determiner_noun_agreement_with_adjective_1,True,True,False,True,928,-49.133506774902344,-48.61552047729492,0
Colleen didn't embarrass this good cashier.,Colleen didn't embarrass this good cashiers.,morphology,determiner_noun_agreement,determiner_noun_agreement_with_adjective_1,True,True,False,True,929,-64.11790466308594,-67.11036682128906,1
Karla tours this new movie theater.,Karla tours this new movie theaters.,morphology,determiner_noun_agreement,determiner_noun_agreement_with_adjective_1,True,True,False,True,930,-51.489501953125,-51.50239562988281,1
Ella hadn't walked through that important mall.,Ella hadn't walked through that important malls.,morphology,determiner_noun_agreement,determiner_noun_agreement_with_adjective_1,True,True,False,True,931,-64.4764633178711,-63.83931350708008,0
A lot of actors discover that gray shoe.,A lot of actors discover that gray shoes.,morphology,determiner_noun_agreement,determiner_noun_agreement_with_adjective_1,True,True,False,True,932,-59.83595275878906,-57.35142517089844,0
Those customers disagreed with these troubled students.,Those customers disagreed with these troubled student.,morphology,determiner_noun_agreement,determiner_noun_agreement_with_adjective_1,True,True,False,True,933,-51.42230224609375,-53.25933837890625,1
Some banks describe these hopeful boys.,Some banks describe these hopeful boy.,morphology,determiner_noun_agreement,determiner_noun_agreement_with_adjective_1,True,True,False,True,934,-49.21388626098633,-49.293434143066406,1
Dennis looks like this exposed painting.,Dennis looks like this exposed paintings.,morphology,determiner_noun_agreement,determiner_noun_agreement_with_adjective_1,True,True,False,True,935,-51.506614685058594,-51.876041412353516,1
This girl couldn't insult that smart girl.,This girl couldn't insult that smart girls.,morphology,determiner_noun_agreement,determiner_noun_agreement_with_adjective_1,True,True,False,True,936,-57.430870056152344,-58.41301345825195,1
Kevin does drop by those cheap malls.,Kevin does drop by those cheap mall.,morphology,determiner_noun_agreement,determiner_noun_agreement_with_adjective_1,True,True,False,True,937,-50.63069534301758,-51.06428527832031,1
Alicia had that orange horse.,Alicia had that orange horses.,morphology,determiner_noun_agreement,determiner_noun_agreement_with_adjective_1,True,True,False,True,938,-52.611244201660156,-53.295654296875,1
Every cashier dislikes those employed dancers.,Every cashier dislikes those employed dancer.,morphology,determiner_noun_agreement,determiner_noun_agreement_with_adjective_1,True,True,False,True,939,-73.35611724853516,-75.26010131835938,1
Jeffrey hasn't known that nice boy.,Jeffrey hasn't known that nice boys.,morphology,determiner_noun_agreement,determiner_noun_agreement_with_adjective_1,True,True,False,True,940,-51.870567321777344,-53.40966033935547,1
All girls dropped by that red hospital.,All girls dropped by that red hospitals.,morphology,determiner_noun_agreement,determiner_noun_agreement_with_adjective_1,True,True,False,True,941,-54.940914154052734,-55.17500305175781,1
Ann had taken this black turtle.,Ann had taken this black turtles.,morphology,determiner_noun_agreement,determiner_noun_agreement_with_adjective_1,True,True,False,True,942,-39.194725036621094,-41.175907135009766,1
The Borgias have examined these bad newspaper articles.,The Borgias have examined these bad newspaper article.,morphology,determiner_noun_agreement,determiner_noun_agreement_with_adjective_1,True,True,False,True,943,-71.15755462646484,-70.47858428955078,0
Some woman isn't talking to this sick waiter.,Some woman isn't talking to this sick waiters.,morphology,determiner_noun_agreement,determiner_noun_agreement_with_adjective_1,True,True,False,True,944,-62.63984680175781,-67.34854125976562,1
Every actor hadn't observed those determined customers.,Every actor hadn't observed those determined customer.,morphology,determiner_noun_agreement,determiner_noun_agreement_with_adjective_1,True,True,False,True,945,-66.24694061279297,-67.35025024414062,1
Patrick can escape from those new schools.,Patrick can escape from those new school.,morphology,determiner_noun_agreement,determiner_noun_agreement_with_adjective_1,True,True,False,True,946,-40.12370300292969,-40.79563522338867,1
Renee isn't embarrassing those lost teachers.,Renee isn't embarrassing those lost teacher.,morphology,determiner_noun_agreement,determiner_noun_agreement_with_adjective_1,True,True,False,True,947,-57.554378509521484,-57.51557540893555,0
That customer wasn't attacking those exposed actresses.,That customer wasn't attacking those exposed actress.,morphology,determiner_noun_agreement,determiner_noun_agreement_with_adjective_1,True,True,False,True,948,-65.53314208984375,-65.51941680908203,0
That light astounded that important organization.,That light astounded that important organizations.,morphology,determiner_noun_agreement,determiner_noun_agreement_with_adjective_1,True,True,False,True,949,-54.02109146118164,-53.346412658691406,0
A patient isn't leaving these big customers.,A patient isn't leaving these big customer.,morphology,determiner_noun_agreement,determiner_noun_agreement_with_adjective_1,True,True,False,True,950,-55.097869873046875,-55.08954620361328,0
This turtle does disturb those rough schools.,This turtle does disturb those rough school.,morphology,determiner_noun_agreement,determiner_noun_agreement_with_adjective_1,True,True,False,True,951,-62.579139709472656,-61.93829345703125,0
Mark references those young guys.,Mark references those young guy.,morphology,determiner_noun_agreement,determiner_noun_agreement_with_adjective_1,True,True,False,True,952,-39.0207633972168,-40.544212341308594,1
Many boys approach this popular teenager.,Many boys approach this popular teenagers.,morphology,determiner_noun_agreement,determiner_noun_agreement_with_adjective_1,True,True,False,True,953,-49.784950256347656,-47.96637725830078,0
Nancy talked about this popular boy.,Nancy talked about this popular boys.,morphology,determiner_noun_agreement,determiner_noun_agreement_with_adjective_1,True,True,False,True,954,-48.161590576171875,-47.273468017578125,0
Colleen won't see these sick boys.,Colleen won't see these sick boy.,morphology,determiner_noun_agreement,determiner_noun_agreement_with_adjective_1,True,True,False,True,955,-50.86528778076172,-50.64402770996094,0
All adults sell these hard grocery stores.,All adults sell these hard grocery store.,morphology,determiner_noun_agreement,determiner_noun_agreement_with_adjective_1,True,True,False,True,956,-54.28809356689453,-51.33916473388672,0
Sharon did flee from this hard grocery store.,Sharon did flee from this hard grocery stores.,morphology,determiner_noun_agreement,determiner_noun_agreement_with_adjective_1,True,True,False,True,957,-60.77172088623047,-63.678077697753906,1
Some hospital embarrasses those orange hospitals.,Some hospital embarrasses those orange hospital.,morphology,determiner_noun_agreement,determiner_noun_agreement_with_adjective_1,True,True,False,True,958,-65.9618911743164,-65.01628112792969,0
Those mouths worried these small waiters.,Those mouths worried these small waiter.,morphology,determiner_noun_agreement,determiner_noun_agreement_with_adjective_1,True,True,False,True,959,-62.34931182861328,-56.83748245239258,0
Erin observes those hidden actresses.,Erin observes those hidden actress.,morphology,determiner_noun_agreement,determiner_noun_agreement_with_adjective_1,True,True,False,True,960,-48.718441009521484,-48.88854217529297,1
This customer worked with these displeased waiters.,This customer worked with these displeased waiter.,morphology,determiner_noun_agreement,determiner_noun_agreement_with_adjective_1,True,True,False,True,961,-66.88067626953125,-61.42715072631836,0
Joel has fixed those dirty dishes.,Joel has fixed those dirty dish.,morphology,determiner_noun_agreement,determiner_noun_agreement_with_adjective_1,True,True,False,True,962,-50.1900634765625,-51.12248229980469,1
Patrick should notice these black rugs.,Patrick should notice these black rug.,morphology,determiner_noun_agreement,determiner_noun_agreement_with_adjective_1,True,True,False,True,963,-47.87944030761719,-46.361663818359375,0
Omar hasn't left this lost boy.,Omar hasn't left this lost boys.,morphology,determiner_noun_agreement,determiner_noun_agreement_with_adjective_1,True,True,False,True,964,-58.05693817138672,-57.61717987060547,0
Heidi healed that exposed teenager.,Heidi healed that exposed teenagers.,morphology,determiner_noun_agreement,determiner_noun_agreement_with_adjective_1,True,True,False,True,965,-52.19327926635742,-49.579750061035156,0
Linda finds those gray hospitals.,Linda finds those gray hospital.,morphology,determiner_noun_agreement,determiner_noun_agreement_with_adjective_1,True,True,False,True,966,-52.715606689453125,-52.0094108581543,0
Carla is firing those young waiters.,Carla is firing those young waiter.,morphology,determiner_noun_agreement,determiner_noun_agreement_with_adjective_1,True,True,False,True,967,-59.47203063964844,-53.00771713256836,0
Paul isn't talking about those scared pedestrians.,Paul isn't talking about those scared pedestrian.,morphology,determiner_noun_agreement,determiner_noun_agreement_with_adjective_1,True,True,False,True,968,-52.49104309082031,-53.052364349365234,1
The school won't praise those standing waitresses.,The school won't praise those standing waitress.,morphology,determiner_noun_agreement,determiner_noun_agreement_with_adjective_1,True,True,False,True,969,-72.03206634521484,-62.69022750854492,0
Suzanne wouldn't tour this old mall.,Suzanne wouldn't tour this old malls.,morphology,determiner_noun_agreement,determiner_noun_agreement_with_adjective_1,True,True,False,True,970,-62.83769989013672,-64.29386901855469,1
Scott had discussed this hidden brochure.,Scott had discussed this hidden brochures.,morphology,determiner_noun_agreement,determiner_noun_agreement_with_adjective_1,True,True,False,True,971,-45.79095458984375,-46.448699951171875,1
Monica worked with these unlucky waiters.,Monica worked with these unlucky waiter.,morphology,determiner_noun_agreement,determiner_noun_agreement_with_adjective_1,True,True,False,True,972,-61.00702667236328,-56.93703842163086,0
Christina dropped by that yellow college campus.,Christina dropped by that yellow college campuses.,morphology,determiner_noun_agreement,determiner_noun_agreement_with_adjective_1,True,True,False,True,973,-62.51700210571289,-64.53411865234375,1
Danielle has disturbed this fast doctor.,Danielle has disturbed this fast doctors.,morphology,determiner_noun_agreement,determiner_noun_agreement_with_adjective_1,True,True,False,True,974,-52.12970733642578,-53.05290222167969,1
Christine has hugged these troubled teachers.,Christine has hugged these troubled teacher.,morphology,determiner_noun_agreement,determiner_noun_agreement_with_adjective_1,True,True,False,True,975,-54.177520751953125,-55.67216491699219,1
Michael isn't biking to those black hospitals.,Michael isn't biking to those black hospital.,morphology,determiner_noun_agreement,determiner_noun_agreement_with_adjective_1,True,True,False,True,976,-56.35816955566406,-56.1042594909668,0
Amelia examines this popular report.,Amelia examines this popular reports.,morphology,determiner_noun_agreement,determiner_noun_agreement_with_adjective_1,True,True,False,True,977,-42.70020294189453,-42.901397705078125,1
A bike shouldn't bother those important schools.,A bike shouldn't bother those important school.,morphology,determiner_noun_agreement,determiner_noun_agreement_with_adjective_1,True,True,False,True,978,-57.800941467285156,-57.829566955566406,1
Lissa visited this lost boy.,Lissa visited this lost boys.,morphology,determiner_noun_agreement,determiner_noun_agreement_with_adjective_1,True,True,False,True,979,-50.71772003173828,-49.49992370605469,0
Becky distracted this important hospital.,Becky distracted this important hospitals.,morphology,determiner_noun_agreement,determiner_noun_agreement_with_adjective_1,True,True,False,True,980,-43.109764099121094,-42.75270080566406,0
John disturbed these good committees.,John disturbed these good committee.,morphology,determiner_noun_agreement,determiner_noun_agreement_with_adjective_1,True,True,False,True,981,-41.76941680908203,-40.808189392089844,0
Lucille goes to those old movie theaters.,Lucille goes to those old movie theater.,morphology,determiner_noun_agreement,determiner_noun_agreement_with_adjective_1,True,True,False,True,982,-56.621864318847656,-57.04222869873047,1
Carlos cleaned those concealed birds.,Carlos cleaned those concealed bird.,morphology,determiner_noun_agreement,determiner_noun_agreement_with_adjective_1,True,True,False,True,983,-50.62785339355469,-51.99256896972656,1
Jerry walked through those purple grocery stores.,Jerry walked through those purple grocery store.,morphology,determiner_noun_agreement,determiner_noun_agreement_with_adjective_1,True,True,False,True,984,-53.19628143310547,-50.28846740722656,0
Rebecca leaves that standing waiter.,Rebecca leaves that standing waiters.,morphology,determiner_noun_agreement,determiner_noun_agreement_with_adjective_1,True,True,False,True,985,-52.45112228393555,-56.92980194091797,1
The Borgias observe that busy actress.,The Borgias observe that busy actresses.,morphology,determiner_noun_agreement,determiner_noun_agreement_with_adjective_1,True,True,False,True,986,-60.736175537109375,-61.34627151489258,1
The actor didn't forget these long movies.,The actor didn't forget these long movie.,morphology,determiner_noun_agreement,determiner_noun_agreement_with_adjective_1,True,True,False,True,987,-51.08586502075195,-50.388336181640625,0
Christine exited this important public park.,Christine exited this important public parks.,morphology,determiner_noun_agreement,determiner_noun_agreement_with_adjective_1,True,True,False,True,988,-50.46110153198242,-50.76580047607422,1
Some teenagers exit that purple hospital.,Some teenagers exit that purple hospitals.,morphology,determiner_noun_agreement,determiner_noun_agreement_with_adjective_1,True,True,False,True,989,-54.12836456298828,-54.31837463378906,1
Suzanne brought that new glove.,Suzanne brought that new gloves.,morphology,determiner_noun_agreement,determiner_noun_agreement_with_adjective_1,True,True,False,True,990,-49.12539291381836,-49.854915618896484,1
Cheryl has complained about those busy children.,Cheryl has complained about those busy child.,morphology,determiner_noun_agreement,determiner_noun_agreement_with_adjective_1,True,True,False,True,991,-60.95954895019531,-62.855934143066406,1
Julia researches that popular high school.,Julia researches that popular high schools.,morphology,determiner_noun_agreement,determiner_noun_agreement_with_adjective_1,True,True,False,True,992,-53.27971649169922,-55.53269577026367,1
These actresses discuss those good schools.,These actresses discuss those good school.,morphology,determiner_noun_agreement,determiner_noun_agreement_with_adjective_1,True,True,False,True,993,-48.56742858886719,-47.776092529296875,0
Those teachers lift those small hospitals.,Those teachers lift those small hospital.,morphology,determiner_noun_agreement,determiner_noun_agreement_with_adjective_1,True,True,False,True,994,-46.21212387084961,-47.06708908081055,1
Kristin praised this good documentary.,Kristin praised this good documentaries.,morphology,determiner_noun_agreement,determiner_noun_agreement_with_adjective_1,True,True,False,True,995,-44.408592224121094,-46.858882904052734,1
Christine wasn't bringing these out in the open chairs.,Christine wasn't bringing these out in the open chair.,morphology,determiner_noun_agreement,determiner_noun_agreement_with_adjective_1,True,True,False,True,996,-68.78768920898438,-66.56706237792969,0
A dancer has upset these nice senators.,A dancer has upset these nice senator.,morphology,determiner_noun_agreement,determiner_noun_agreement_with_adjective_1,True,True,False,True,997,-61.897789001464844,-60.13318634033203,0
Galileo would fire those exposed guys.,Galileo would fire those exposed guy.,morphology,determiner_noun_agreement,determiner_noun_agreement_with_adjective_1,True,True,False,True,998,-63.748138427734375,-65.07442474365234,1
All actresses are embarrassing that exposed hospital.,All actresses are embarrassing that exposed hospitals.,morphology,determiner_noun_agreement,determiner_noun_agreement_with_adjective_1,True,True,False,True,999,-56.790802001953125,-56.97259521484375,1
