sentence_good,sentence_bad,field,linguistics_term,UID,simple_LM_method,one_prefix_method,two_prefix_method,lexically_identical,pair_id,good_prob,bad_prob,correct
Lucille's sisters are confused by Amy.,Lucille's sisters are communicated by Amy.,syntax,argument_structure,passive_1,True,False,False,False,0,-54.586082458496094,-56.62093734741211,1
A lot of hospitals were astounded by some actress.,A lot of hospitals were cooperated by some actress.,syntax,argument_structure,passive_1,True,False,False,False,1,-63.82257080078125,-58.95536804199219,0
Larry's oncologists aren't helped by Spain.,Larry's oncologists aren't struggled by Spain.,syntax,argument_structure,passive_1,True,False,False,False,2,-63.1842041015625,-63.73103332519531,1
Jeffrey's sons are insulted by Tina's supervisor.,Jeffrey's sons are smiled by Tina's supervisor.,syntax,argument_structure,passive_1,True,False,False,False,3,-70.6005859375,-74.58502197265625,1
Tracy isn't fired by Jodi's daughter.,Tracy isn't muttered by Jodi's daughter.,syntax,argument_structure,passive_1,True,False,False,False,4,-63.44732666015625,-70.46446228027344,1
Eva's bosses weren't cared for by drivers.,Eva's bosses weren't interacted by drivers.,syntax,argument_structure,passive_1,True,False,False,False,5,-61.558223724365234,-58.943397521972656,0
Some guys are disgusted by Angela.,Some guys are corresponded by Angela.,syntax,argument_structure,passive_1,True,False,False,False,6,-39.76223373413086,-45.592899322509766,1
That guest's supervisor wasn't disliked by Wayne's partners.,That guest's supervisor wasn't screamed by Wayne's partners.,syntax,argument_structure,passive_1,True,False,False,False,7,-78.8557357788086,-81.4195785522461,1
Curtis was distracted by these high schools.,Curtis was argued by these high schools.,syntax,argument_structure,passive_1,True,False,False,False,8,-51.545013427734375,-52.962135314941406,1
David wasn't disgusted by these hospitals.,David wasn't shouted by these hospitals.,syntax,argument_structure,passive_1,True,False,False,False,9,-45.65167236328125,-47.801544189453125,1
The students weren't approached by Amy.,The students weren't shouted by Amy.,syntax,argument_structure,passive_1,True,False,False,False,10,-46.77863311767578,-51.329429626464844,1
The teenagers are irritated by that coat.,The teenagers are flirted by that coat.,syntax,argument_structure,passive_1,True,False,False,False,11,-49.10087203979492,-58.36132049560547,1
Girls' students were alarmed by Brenda.,Girls' students were chatted by Brenda.,syntax,argument_structure,passive_1,True,False,False,False,12,-47.67656326293945,-53.37845993041992,1
Thomas's oncologist isn't talked about by a student.,Thomas's oncologist isn't laughed by a student.,syntax,argument_structure,passive_1,True,False,False,False,13,-66.19789123535156,-65.03691864013672,0
Karen isn't remembered by Homer.,Karen isn't joked around by Homer.,syntax,argument_structure,passive_1,True,False,False,False,14,-50.169921875,-62.32579040527344,1
The Impressionists aren't concealed by all banks.,The Impressionists aren't competed by all banks.,syntax,argument_structure,passive_1,True,False,False,False,15,-70.35722351074219,-69.4640121459961,0
Nicole's daughters were scanned by Vincent's mother.,Nicole's daughters were communicated by Vincent's mother.,syntax,argument_structure,passive_1,True,False,False,False,16,-63.91117858886719,-63.95809555053711,1
Deanna isn't respected by Ellen's doctors.,Deanna isn't boasted by Ellen's doctors.,syntax,argument_structure,passive_1,True,False,False,False,17,-60.71185302734375,-64.10194396972656,1
Those customers' teachers are fired by Danielle.,Those customers' teachers are suffered by Danielle.,syntax,argument_structure,passive_1,True,False,False,False,18,-56.59958267211914,-57.36505126953125,1
That girl's wife isn't visited by some waiters.,That girl's wife isn't left by some waiters.,syntax,argument_structure,passive_1,True,False,False,False,19,-70.6330337524414,-70.54501342773438,0
These customers aren't referenced by Emily's colleagues.,These customers aren't chatted by Emily's colleagues.,syntax,argument_structure,passive_1,True,False,False,False,20,-60.170074462890625,-65.64690399169922,1
Kenneth wasn't discussed by Grace.,Kenneth wasn't answered by Grace.,syntax,argument_structure,passive_1,True,False,False,False,21,-46.95400619506836,-47.90277099609375,1
Richard is investigated by the cashiers.,Richard is laughed by the cashiers.,syntax,argument_structure,passive_1,True,False,False,False,22,-41.09030532836914,-46.2021369934082,1
Most students weren't appreciated by Jesus.,Most students weren't negotiated by Jesus.,syntax,argument_structure,passive_1,True,False,False,False,23,-43.98448181152344,-47.17888641357422,1
Janice is approached by Samantha.,Janice is left by Samantha.,syntax,argument_structure,passive_1,True,False,False,False,24,-39.54439926147461,-40.54368591308594,1
Homer's partners weren't seen by Jesus.,Homer's partners weren't corresponded by Jesus.,syntax,argument_structure,passive_1,True,False,False,False,25,-55.52088928222656,-66.18994140625,1
All pedestrians' ex-husbands weren't respected by Patricia's father.,All pedestrians' ex-husbands weren't competed by Patricia's father.,syntax,argument_structure,passive_1,True,False,False,False,26,-105.33480072021484,-106.32585144042969,1
Ruth's daughter is cared for by Cheryl.,Ruth's daughter is blinked by Cheryl.,syntax,argument_structure,passive_1,True,False,False,False,27,-63.52513885498047,-63.53638458251953,1
These patients aren't visited by David.,These patients aren't profited by David.,syntax,argument_structure,passive_1,True,False,False,False,28,-44.876834869384766,-53.7237663269043,1
These cashiers aren't disgusted by Melissa's grandsons.,These cashiers aren't coped by Melissa's grandsons.,syntax,argument_structure,passive_1,True,False,False,False,29,-91.24598693847656,-95.25309753417969,1
Becky is hugged by Claire.,Becky is grinned by Claire.,syntax,argument_structure,passive_1,True,False,False,False,30,-35.36153793334961,-39.34941101074219,1
Jeffrey's ex-husbands were stunned by a doctor.,Jeffrey's ex-husbands were trained by a doctor.,syntax,argument_structure,passive_1,True,False,False,False,31,-78.92498779296875,-78.528564453125,0
Tammy is talked about by Dennis.,Tammy is wept by Dennis.,syntax,argument_structure,passive_1,True,False,False,False,32,-48.06488037109375,-54.779388427734375,1
These fathers of Linda aren't escaped from by Laurie.,These fathers of Linda aren't conferred by Laurie.,syntax,argument_structure,passive_1,True,False,False,False,33,-71.96330261230469,-64.71676635742188,0
An eggplant isn't seen by those men.,An eggplant isn't rotted by those men.,syntax,argument_structure,passive_1,True,False,False,False,34,-56.07849884033203,-70.11502075195312,1
Wayne isn't criticized by Aaron.,Wayne isn't talked by Aaron.,syntax,argument_structure,passive_1,True,False,False,False,35,-49.969478607177734,-48.42856979370117,0
Keith isn't embarrassed by Paula.,Keith isn't shouted by Paula.,syntax,argument_structure,passive_1,True,False,False,False,36,-38.810203552246094,-41.78790283203125,1
The patients aren't loved by Theodore.,The patients aren't complained by Theodore.,syntax,argument_structure,passive_1,True,False,False,False,37,-52.26994705200195,-57.09999084472656,1
Jennifer's colleagues aren't approached by John.,Jennifer's colleagues aren't profited by John.,syntax,argument_structure,passive_1,True,False,False,False,38,-50.07633972167969,-58.585941314697266,1
Ronald's grandson isn't annoyed by Beverly's teachers.,Ronald's grandson isn't gotten fired by Beverly's teachers.,syntax,argument_structure,passive_1,True,False,False,False,39,-78.42845916748047,-86.72602844238281,1
Naomi's senators were astounded by every icicle.,Naomi's senators were competed by every icicle.,syntax,argument_structure,passive_1,True,False,False,False,40,-86.70586395263672,-80.21923065185547,0
Janet wasn't disgusted by Katherine's tutors.,Janet wasn't laughed by Katherine's tutors.,syntax,argument_structure,passive_1,True,False,False,False,41,-63.1988639831543,-63.537193298339844,1
Alice isn't hired by William's podiatrist.,Alice isn't chuckled by William's podiatrist.,syntax,argument_structure,passive_1,True,False,False,False,42,-67.89251708984375,-72.78173065185547,1
Bruce isn't shocked by some pedestrians.,Bruce isn't compromised by some pedestrians.,syntax,argument_structure,passive_1,True,False,False,False,43,-46.79013442993164,-46.048927307128906,0
Hospitals were upset by girls.,Hospitals were replied by girls.,syntax,argument_structure,passive_1,True,False,False,False,44,-46.46844482421875,-49.14728546142578,1
All actresses aren't concealed by many boys.,All actresses aren't chatted by many boys.,syntax,argument_structure,passive_1,True,False,False,False,45,-55.995849609375,-60.187992095947266,1
William isn't fired by this girl.,William isn't lied by this girl.,syntax,argument_structure,passive_1,True,False,False,False,46,-40.50028610229492,-42.91041564941406,1
Derek wasn't impressed by Kimberley.,Derek wasn't gone fishing by Kimberley.,syntax,argument_structure,passive_1,True,False,False,False,47,-53.502437591552734,-66.7080078125,1
The museum is described by Cindy.,The museum is negotiated by Cindy.,syntax,argument_structure,passive_1,True,False,False,False,48,-37.759159088134766,-40.98865509033203,1
Karla was alarmed by a child.,Karla was screamed by a child.,syntax,argument_structure,passive_1,True,False,False,False,49,-37.24578857421875,-38.80028533935547,1
Kevin's daughters aren't approached by Donna.,Kevin's daughters aren't struggled by Donna.,syntax,argument_structure,passive_1,True,False,False,False,50,-55.09486770629883,-56.2183952331543,1
Peter's sisters were examined by this mother of Claire.,Peter's sisters were clashed by this mother of Claire.,syntax,argument_structure,passive_1,True,False,False,False,51,-62.024539947509766,-66.8426513671875,1
April was forgotten by Harvard University.,April was smiled by Harvard University.,syntax,argument_structure,passive_1,True,False,False,False,52,-33.23538589477539,-37.075965881347656,1
Walter's sister wasn't hugged by a lot of granddaughters of Clyde.,Walter's sister wasn't boasted by a lot of granddaughters of Clyde.,syntax,argument_structure,passive_1,True,False,False,False,53,-97.1930923461914,-100.29043579101562,1
The cilantro wasn't sold by Ann.,The cilantro wasn't rotted by Ann.,syntax,argument_structure,passive_1,True,False,False,False,54,-57.14789581298828,-67.34455108642578,1
Kevin was loved by Guy.,Kevin was trained by Guy.,syntax,argument_structure,passive_1,True,False,False,False,55,-29.817821502685547,-29.551712036132812,0
Nina was distracted by all cars.,Nina was left by all cars.,syntax,argument_structure,passive_1,True,False,False,False,56,-40.992279052734375,-39.180023193359375,0
Most nephews of Galileo are praised by Sandra.,Most nephews of Galileo are screamed by Sandra.,syntax,argument_structure,passive_1,True,False,False,False,57,-67.43975830078125,-73.58830261230469,1
Michael isn't seen by Carl.,Michael isn't suffered by Carl.,syntax,argument_structure,passive_1,True,False,False,False,58,-37.70751190185547,-41.85481262207031,1
The fathers of Anne were forgotten by Todd.,The fathers of Anne were conspired by Todd.,syntax,argument_structure,passive_1,True,False,False,False,59,-55.8814697265625,-71.33016967773438,1
Many commentaries about the Borgias aren't discussed by Marcus's classmate.,Many commentaries about the Borgias aren't disagreed by Marcus's classmate.,syntax,argument_structure,passive_1,True,False,False,False,60,-105.31517028808594,-109.53396606445312,1
Marla is discussed by Eva's granddaughter.,Marla is cried by Eva's granddaughter.,syntax,argument_structure,passive_1,True,False,False,False,61,-50.10581588745117,-55.306480407714844,1
That grandson of Renee is stunned by some patient.,That grandson of Renee is gotten fired by some patient.,syntax,argument_structure,passive_1,True,False,False,False,62,-65.33470153808594,-76.45051574707031,1
All boys were escaped from by Diana.,All boys were conspired by Diana.,syntax,argument_structure,passive_1,True,False,False,False,63,-48.057884216308594,-54.58040237426758,1
Those friends of that man aren't cared for by Andrew's father.,Those friends of that man aren't struggled by Andrew's father.,syntax,argument_structure,passive_1,True,False,False,False,64,-75.42424774169922,-70.92892456054688,0
A lot of senators were disagreed with by that movie.,A lot of senators were joked around by that movie.,syntax,argument_structure,passive_1,True,False,False,False,65,-68.15528869628906,-69.32264709472656,1
Kristen's sons are escaped from by Carlos's electricians.,Kristen's sons are competed by Carlos's electricians.,syntax,argument_structure,passive_1,True,False,False,False,66,-77.81779479980469,-73.73170471191406,0
Actors weren't visited by Sandra.,Actors weren't muttered by Sandra.,syntax,argument_structure,passive_1,True,False,False,False,67,-54.94601821899414,-62.899417877197266,1
Some customers' colleague isn't discussed by Theresa.,Some customers' colleague isn't talked by Theresa.,syntax,argument_structure,passive_1,True,False,False,False,68,-66.54953002929688,-65.9693832397461,0
An association was aggravated by some documentaries about literature.,An association was conferred by some documentaries about literature.,syntax,argument_structure,passive_1,True,False,False,False,69,-61.0649528503418,-61.73297119140625,1
All hospitals were stunned by most commentaries about Winston Churchill.,All hospitals were cooperated by most commentaries about Winston Churchill.,syntax,argument_structure,passive_1,True,False,False,False,70,-87.6034164428711,-91.72639465332031,1
These patients were referenced by Margaret.,These patients were retaliated by Margaret.,syntax,argument_structure,passive_1,True,False,False,False,71,-39.0495719909668,-45.563377380371094,1
All companies were investigated by drivers.,All companies were competed by drivers.,syntax,argument_structure,passive_1,True,False,False,False,72,-34.879234313964844,-39.20133972167969,1
Donna isn't described by those libraries.,Donna isn't spoken up by those libraries.,syntax,argument_structure,passive_1,True,False,False,False,73,-51.99610137939453,-54.6080436706543,1
That doctor's doctor isn't disgusted by Andrew.,That doctor's doctor isn't spoken up by Andrew.,syntax,argument_structure,passive_1,True,False,False,False,74,-63.329246520996094,-64.50677490234375,1
This legislature isn't investigated by Travis.,This legislature isn't competed by Travis.,syntax,argument_structure,passive_1,True,False,False,False,75,-53.84566116333008,-54.31086730957031,1
A teacher wasn't insulted by Julie.,A teacher wasn't died by Julie.,syntax,argument_structure,passive_1,True,False,False,False,76,-50.567779541015625,-49.80467224121094,0
Peter's supervisors are cared for by Julia.,Peter's supervisors are profited by Julia.,syntax,argument_structure,passive_1,True,False,False,False,77,-55.85926055908203,-55.20933532714844,0
Those friends of Dan are admired by Valerie.,Those friends of Dan are sighed by Valerie.,syntax,argument_structure,passive_1,True,False,False,False,78,-58.85857391357422,-62.29098129272461,1
A lot of doctors were helped by some actress.,A lot of doctors were retaliated by some actress.,syntax,argument_structure,passive_1,True,False,False,False,79,-52.35905456542969,-61.696372985839844,1
George wasn't appreciated by Keith.,George wasn't blinked by Keith.,syntax,argument_structure,passive_1,True,False,False,False,80,-40.46402359008789,-47.86431121826172,1
Sara was bored by Dennis.,Sara was compromised by Dennis.,syntax,argument_structure,passive_1,True,False,False,False,81,-41.841373443603516,-40.531673431396484,0
Janet was shocked by John.,Janet was shrugged by John.,syntax,argument_structure,passive_1,True,False,False,False,82,-33.835025787353516,-38.689910888671875,1
These guests' lawyer isn't scanned by that woman.,These guests' lawyer isn't joked around by that woman.,syntax,argument_structure,passive_1,True,False,False,False,83,-68.82665252685547,-78.23031616210938,1
A dancer's piano teachers were confused by Alicia.,A dancer's piano teachers were screamed by Alicia.,syntax,argument_structure,passive_1,True,False,False,False,84,-67.62075805664062,-73.4039077758789,1
Omar isn't embarrassed by many customers.,Omar isn't boasted by many customers.,syntax,argument_structure,passive_1,True,False,False,False,85,-50.114322662353516,-55.924407958984375,1
These dancers aren't shocked by the museum.,These dancers aren't clashed by the museum.,syntax,argument_structure,passive_1,True,False,False,False,86,-46.960243225097656,-51.16256332397461,1
This doctor's grandmothers were distracted by the Lutherans.,This doctor's grandmothers were chatted by the Lutherans.,syntax,argument_structure,passive_1,True,False,False,False,87,-68.89180755615234,-77.66722869873047,1
Dennis's girlfriend isn't escaped from by Natalie's classmate.,Dennis's girlfriend isn't left by Natalie's classmate.,syntax,argument_structure,passive_1,True,False,False,False,88,-82.48328399658203,-72.11444091796875,0
Some daughters of Jason are discussed by Julia.,Some daughters of Jason are conferred by Julia.,syntax,argument_structure,passive_1,True,False,False,False,89,-57.03164291381836,-58.50905990600586,1
Most people are embarrassed by Liam.,Most people are replied by Liam.,syntax,argument_structure,passive_1,True,False,False,False,90,-36.51506042480469,-40.465614318847656,1
Tammy wasn't visited by Natalie.,Tammy wasn't boasted by Natalie.,syntax,argument_structure,passive_1,True,False,False,False,91,-46.8113899230957,-52.65544891357422,1
Girls' French teachers are appreciated by a guest.,Girls' French teachers are communicated by a guest.,syntax,argument_structure,passive_1,True,False,False,False,92,-52.657691955566406,-53.352420806884766,1
Many committees were aggravated by Wendy.,Many committees were conspired by Wendy.,syntax,argument_structure,passive_1,True,False,False,False,93,-43.42869567871094,-57.05945587158203,1
Carmen was concealed by Stacey.,Carmen was shouted by Stacey.,syntax,argument_structure,passive_1,True,False,False,False,94,-54.16199493408203,-54.85322570800781,1
That guest's sons were observed by some teacher.,That guest's sons were worked hard by some teacher.,syntax,argument_structure,passive_1,True,False,False,False,95,-59.53406524658203,-69.3741455078125,1
Martha's supervisors are escaped from by Deanna's dermatologists.,Martha's supervisors are nodded by Deanna's dermatologists.,syntax,argument_structure,passive_1,True,False,False,False,96,-89.28599548339844,-85.47908782958984,0
Becky's mentors are shocked by Laura.,Becky's mentors are conspired by Laura.,syntax,argument_structure,passive_1,True,False,False,False,97,-52.89257049560547,-69.2044677734375,1
Some libraries weren't left by Benjamin's plumbers.,Some libraries weren't conspired by Benjamin's plumbers.,syntax,argument_structure,passive_1,True,False,False,False,98,-69.982421875,-82.65877532958984,1
Samantha's oncologists are bothered by Lawrence's best friend.,Samantha's oncologists are struggled by Lawrence's best friend.,syntax,argument_structure,passive_1,True,False,False,False,99,-95.28907012939453,-98.01690673828125,1
Diana is disgusted by Nancy.,Diana is blinked by Nancy.,syntax,argument_structure,passive_1,True,False,False,False,100,-43.277130126953125,-48.745750427246094,1
Patricia is embarrassed by many legislatures.,Patricia is chuckled by many legislatures.,syntax,argument_structure,passive_1,True,False,False,False,101,-47.861907958984375,-53.052642822265625,1
Vincent's daughter wasn't known by Jerry.,Vincent's daughter wasn't come here by Jerry.,syntax,argument_structure,passive_1,True,False,False,False,102,-56.80716323852539,-62.779876708984375,1
Angela isn't stunned by Bruce's employee.,Angela isn't wept by Bruce's employee.,syntax,argument_structure,passive_1,True,False,False,False,103,-61.58989715576172,-72.0330810546875,1
Danielle wasn't watched by many drivers.,Danielle wasn't blinked by many drivers.,syntax,argument_structure,passive_1,True,False,False,False,104,-51.567378997802734,-57.56104278564453,1
Florence is seen by Monet.,Florence is joked around by Monet.,syntax,argument_structure,passive_1,True,False,False,False,105,-51.395206451416016,-66.19538879394531,1
A senator isn't bored by many mountains.,A senator isn't littered by many mountains.,syntax,argument_structure,passive_1,True,False,False,False,106,-55.23400115966797,-56.8343620300293,1
Martin's classmates aren't embarrassed by every child.,Martin's classmates aren't corresponded by every child.,syntax,argument_structure,passive_1,True,False,False,False,107,-55.557373046875,-62.627559661865234,1
Wayne isn't confused by Adam.,Wayne isn't boasted by Adam.,syntax,argument_structure,passive_1,True,False,False,False,108,-46.40951919555664,-51.974998474121094,1
Every senator's plumbers are remembered by Linda.,Every senator's plumbers are clashed by Linda.,syntax,argument_structure,passive_1,True,False,False,False,109,-62.82160186767578,-69.48063659667969,1
Jill isn't seen by Paul.,Jill isn't left by Paul.,syntax,argument_structure,passive_1,True,False,False,False,110,-43.62668991088867,-45.00248336791992,1
Sara isn't irritated by commentaries about science.,Sara isn't cried by commentaries about science.,syntax,argument_structure,passive_1,True,False,False,False,111,-75.23870849609375,-74.85966491699219,0
A lot of associations were shocked by Craig.,A lot of associations were reacted by Craig.,syntax,argument_structure,passive_1,True,False,False,False,112,-52.04890823364258,-53.93034744262695,1
Mark wasn't criticized by Gary.,Mark wasn't screamed by Gary.,syntax,argument_structure,passive_1,True,False,False,False,113,-41.58212661743164,-44.573387145996094,1
Grandmothers of Paula aren't kissed by Stacy.,Grandmothers of Paula aren't talked by Stacy.,syntax,argument_structure,passive_1,True,False,False,False,114,-72.13128662109375,-69.64505004882812,0
Homer's dermatologists are aggravated by Andrea.,Homer's dermatologists are communicated by Andrea.,syntax,argument_structure,passive_1,True,False,False,False,115,-63.5732536315918,-63.72728729248047,1
This person wasn't irritated by Alice's grandsons.,This person wasn't screamed by Alice's grandsons.,syntax,argument_structure,passive_1,True,False,False,False,116,-77.68090057373047,-80.14321899414062,1
Mark is attacked by that pedestrian.,Mark is compromised by that pedestrian.,syntax,argument_structure,passive_1,True,False,False,False,117,-39.60476303100586,-40.32252502441406,1
Amy's employees were disgusted by those mirrors.,Amy's employees were flirted by those mirrors.,syntax,argument_structure,passive_1,True,False,False,False,118,-52.00517272949219,-62.17066955566406,1
Brenda's mentors are attacked by Diane.,Brenda's mentors are laughed by Diane.,syntax,argument_structure,passive_1,True,False,False,False,119,-54.33294677734375,-59.36955642700195,1
An adult is helped by Michelle's student.,An adult is argued by Michelle's student.,syntax,argument_structure,passive_1,True,False,False,False,120,-50.300315856933594,-53.46984100341797,1
George was respected by Tammy.,George was grinned by Tammy.,syntax,argument_structure,passive_1,True,False,False,False,121,-33.98625564575195,-40.670677185058594,1
Ann isn't annoyed by Carolyn.,Ann isn't grinned by Carolyn.,syntax,argument_structure,passive_1,True,False,False,False,122,-44.182708740234375,-48.225738525390625,1
Jesus's best friends were approached by Brad's classmates.,Jesus's best friends were talked by Brad's classmates.,syntax,argument_structure,passive_1,True,False,False,False,123,-59.90742492675781,-64.35411071777344,1
Marcus isn't shocked by Becky's grandfathers.,Marcus isn't nodded by Becky's grandfathers.,syntax,argument_structure,passive_1,True,False,False,False,124,-57.514793395996094,-59.952884674072266,1
Todd was remembered by every grandmother of Amelia.,Todd was fallen asleep by every grandmother of Amelia.,syntax,argument_structure,passive_1,True,False,False,False,125,-50.900779724121094,-62.922889709472656,1
Victoria's plumbers are astounded by Christopher.,Victoria's plumbers are clashed by Christopher.,syntax,argument_structure,passive_1,True,False,False,False,126,-63.21232986450195,-59.74359130859375,0
Lisa's ex-wives are admired by Patricia's associate.,Lisa's ex-wives are cooperated by Patricia's associate.,syntax,argument_structure,passive_1,True,False,False,False,127,-72.71170043945312,-74.05442810058594,1
The bank wasn't described by Frank's nieces.,The bank wasn't struggled by Frank's nieces.,syntax,argument_structure,passive_1,True,False,False,False,128,-75.12356567382812,-74.97605895996094,0
The patient is seen by customers.,The patient is talked by customers.,syntax,argument_structure,passive_1,True,False,False,False,129,-35.626991271972656,-40.05469512939453,1
Vanessa isn't appreciated by this museum.,Vanessa isn't chuckled by this museum.,syntax,argument_structure,passive_1,True,False,False,False,130,-46.28118133544922,-52.23048400878906,1
A lot of shows about Spain were forgotten by Andrew's ex-boyfriends.,A lot of shows about Spain were disagreed by Andrew's ex-boyfriends.,syntax,argument_structure,passive_1,True,False,False,False,131,-101.723876953125,-107.20289611816406,1
The doctors were hugged by those grandsons of Gina.,The doctors were clashed by those grandsons of Gina.,syntax,argument_structure,passive_1,True,False,False,False,132,-79.02464294433594,-82.9665756225586,1
Sara is alarmed by that glass.,Sara is boasted by that glass.,syntax,argument_structure,passive_1,True,False,False,False,133,-49.296592712402344,-53.53661346435547,1
The senator isn't disturbed by Ruth.,The senator isn't answered by Ruth.,syntax,argument_structure,passive_1,True,False,False,False,134,-50.58857345581055,-49.49212646484375,0
Cheryl's handymen aren't praised by actresses.,Cheryl's handymen aren't cooperated by actresses.,syntax,argument_structure,passive_1,True,False,False,False,135,-81.11380767822266,-85.06080627441406,1
Michael's colleagues were left by Jacqueline.,Michael's colleagues were littered by Jacqueline.,syntax,argument_structure,passive_1,True,False,False,False,136,-51.468421936035156,-52.29673767089844,1
Daniel's colleagues were helped by most grandfathers of Alexander.,Daniel's colleagues were gotten fired by most grandfathers of Alexander.,syntax,argument_structure,passive_1,True,False,False,False,137,-74.31826782226562,-85.21546936035156,1
This mushroom is seen by Leslie.,This mushroom is rotted by Leslie.,syntax,argument_structure,passive_1,True,False,False,False,138,-41.51715087890625,-53.3967170715332,1
Matt's bosses are seen by Sandra.,Matt's bosses are cooperated by Sandra.,syntax,argument_structure,passive_1,True,False,False,False,139,-49.341575622558594,-54.350555419921875,1
Cindy's ex-girlfriends are investigated by Omar.,Cindy's ex-girlfriends are talked by Omar.,syntax,argument_structure,passive_1,True,False,False,False,140,-83.42989349365234,-85.2737808227539,1
Lissa wasn't admired by the association.,Lissa wasn't wept by the association.,syntax,argument_structure,passive_1,True,False,False,False,141,-52.034156799316406,-61.62871551513672,1
Ronald is disagreed with by a lot of dancers.,Ronald is gone fishing by a lot of dancers.,syntax,argument_structure,passive_1,True,False,False,False,142,-60.50516891479492,-61.07061767578125,1
Some organization was scared by a mall.,Some organization was interacted by a mall.,syntax,argument_structure,passive_1,True,False,False,False,143,-42.29689025878906,-44.44617462158203,1
Theresa wasn't hugged by Pamela.,Theresa wasn't answered by Pamela.,syntax,argument_structure,passive_1,True,False,False,False,144,-55.95556640625,-54.64371871948242,0
Drivers were concealed by Kristin's hairdressers.,Drivers were answered by Kristin's hairdressers.,syntax,argument_structure,passive_1,True,False,False,False,145,-74.64549255371094,-71.30206298828125,0
Nicole is cared for by many boys.,Nicole is left by many boys.,syntax,argument_structure,passive_1,True,False,False,False,146,-47.52812576293945,-40.002593994140625,0
Rodney's ex-husband isn't cared for by Leslie.,Rodney's ex-husband isn't nodded by Leslie.,syntax,argument_structure,passive_1,True,False,False,False,147,-74.73677062988281,-73.00467681884766,0
The cashiers weren't remembered by the museum.,The cashiers weren't collaborated by the museum.,syntax,argument_structure,passive_1,True,False,False,False,148,-58.6047477722168,-60.36113357543945,1
Eric's son was disturbed by committees.,Eric's son was suffered by committees.,syntax,argument_structure,passive_1,True,False,False,False,149,-44.592498779296875,-44.901397705078125,1
These guys weren't loved by many adults.,These guys weren't conspired by many adults.,syntax,argument_structure,passive_1,True,False,False,False,150,-42.6009521484375,-57.731849670410156,1
Jacqueline's bosses were visited by this son of Randolf.,Jacqueline's bosses were lied by this son of Randolf.,syntax,argument_structure,passive_1,True,False,False,False,151,-90.77508544921875,-96.01466369628906,1
Brett's dermatologists are visited by some friend of Mary.,Brett's dermatologists are clashed by some friend of Mary.,syntax,argument_structure,passive_1,True,False,False,False,152,-78.33172607421875,-86.0428466796875,1
Florence's classmates were hired by Ella.,Florence's classmates were coped by Ella.,syntax,argument_structure,passive_1,True,False,False,False,153,-66.88584899902344,-74.45879364013672,1
Brothers of a teenager are known by Spain.,Brothers of a teenager are coped by Spain.,syntax,argument_structure,passive_1,True,False,False,False,154,-45.23723602294922,-52.535274505615234,1
That person wasn't investigated by a grandmother of Andrew.,That person wasn't lied by a grandmother of Andrew.,syntax,argument_structure,passive_1,True,False,False,False,155,-63.99204635620117,-65.38018035888672,1
That bank is exited by Claire.,That bank is responded by Claire.,syntax,argument_structure,passive_1,True,False,False,False,156,-44.644081115722656,-43.81949234008789,0
Alexander's nieces aren't impressed by hair.,Alexander's nieces aren't coped by hair.,syntax,argument_structure,passive_1,True,False,False,False,157,-62.65534973144531,-70.86652374267578,1
Sonia's oncologists aren't visited by Danielle's fathers.,Sonia's oncologists aren't cooperated by Danielle's fathers.,syntax,argument_structure,passive_1,True,False,False,False,158,-88.84951782226562,-94.7440185546875,1
That school was admired by Janet.,That school was cooperated by Janet.,syntax,argument_structure,passive_1,True,False,False,False,159,-43.156654357910156,-47.59751892089844,1
That sister of Patricia is criticized by Diana.,That sister of Patricia is muttered by Diana.,syntax,argument_structure,passive_1,True,False,False,False,160,-56.76108169555664,-62.7542839050293,1
A man was visited by Jennifer.,A man was fallen asleep by Jennifer.,syntax,argument_structure,passive_1,True,False,False,False,161,-38.856998443603516,-50.52091598510742,1
Beverly's cousins weren't insulted by that grandfather of Sherry.,Beverly's cousins weren't cooperated by that grandfather of Sherry.,syntax,argument_structure,passive_1,True,False,False,False,162,-96.12605285644531,-98.03141784667969,1
Caroline's grandfathers were worried by Mitchell.,Caroline's grandfathers were cooperated by Mitchell.,syntax,argument_structure,passive_1,True,False,False,False,163,-64.80970764160156,-66.9723892211914,1
Omar wasn't respected by Kirsten.,Omar wasn't suffered by Kirsten.,syntax,argument_structure,passive_1,True,False,False,False,164,-53.2220344543457,-51.922386169433594,0
Vanessa is attacked by Vanessa's boss.,Vanessa is boasted by Vanessa's boss.,syntax,argument_structure,passive_1,True,False,False,False,165,-53.954803466796875,-59.3961296081543,1
All universities are stunned by the dresses.,All universities are joked around by the dresses.,syntax,argument_structure,passive_1,True,False,False,False,166,-40.661766052246094,-52.6865234375,1
This library isn't boycotted by Becky.,This library isn't struggled by Becky.,syntax,argument_structure,passive_1,True,False,False,False,167,-68.10356140136719,-47.123077392578125,0
Heather is insulted by Ann.,Heather is murmured by Ann.,syntax,argument_structure,passive_1,True,False,False,False,168,-45.855167388916016,-54.660682678222656,1
Natalie is hurt by some eggplant.,Natalie is boasted by some eggplant.,syntax,argument_structure,passive_1,True,False,False,False,169,-59.306640625,-63.719669342041016,1
Sara's lawyers were irritated by Samuel.,Sara's lawyers were clashed by Samuel.,syntax,argument_structure,passive_1,True,False,False,False,170,-59.46394729614258,-63.11149215698242,1
These ladies aren't discussed by every legislature.,These ladies aren't competed by every legislature.,syntax,argument_structure,passive_1,True,False,False,False,171,-54.29022216796875,-57.3112907409668,1
A lot of guests were impressed by those rivers.,A lot of guests were coped by those rivers.,syntax,argument_structure,passive_1,True,False,False,False,172,-52.644264221191406,-61.75257873535156,1
The waitresses aren't worried by some banana.,The waitresses aren't coped by some banana.,syntax,argument_structure,passive_1,True,False,False,False,173,-66.97239685058594,-72.37812805175781,1
Samuel isn't astounded by those prints of ladies.,Samuel isn't waved by those prints of ladies.,syntax,argument_structure,passive_1,True,False,False,False,174,-77.64570617675781,-71.56580352783203,0
Galileo's lawyers are insulted by Allison.,Galileo's lawyers are joked around by Allison.,syntax,argument_structure,passive_1,True,False,False,False,175,-63.036216735839844,-74.32564544677734,1
Andrew is remembered by a pedestrian.,Andrew is sighed by a pedestrian.,syntax,argument_structure,passive_1,True,False,False,False,176,-30.837160110473633,-35.262725830078125,1
Edward's granddaughters weren't known by some mother of the Lutherans.,Edward's granddaughters weren't replied by some mother of the Lutherans.,syntax,argument_structure,passive_1,True,False,False,False,177,-96.92817687988281,-99.963134765625,1
Todd's ex-wives weren't hated by these companies.,Todd's ex-wives weren't smiled by these companies.,syntax,argument_structure,passive_1,True,False,False,False,178,-67.57457733154297,-70.10006713867188,1
The grandfathers of Christine were shocked by Alexander.,The grandfathers of Christine were conspired by Alexander.,syntax,argument_structure,passive_1,True,False,False,False,179,-61.90556335449219,-78.33876037597656,1
Rodney's friends weren't distracted by those carriages.,Rodney's friends weren't negotiated by those carriages.,syntax,argument_structure,passive_1,True,False,False,False,180,-68.67072296142578,-72.24285125732422,1
Patricia's oncologist isn't examined by many dancers.,Patricia's oncologist isn't nodded by many dancers.,syntax,argument_structure,passive_1,True,False,False,False,181,-80.38673400878906,-81.45127868652344,1
That guy isn't seen by Andrew.,That guy isn't left by Andrew.,syntax,argument_structure,passive_1,True,False,False,False,182,-43.201297760009766,-44.12247848510742,1
Sarah's French teacher isn't attacked by Joel.,Sarah's French teacher isn't littered by Joel.,syntax,argument_structure,passive_1,True,False,False,False,183,-59.365535736083984,-62.62037658691406,1
Monet isn't investigated by Regina.,Monet isn't blinked by Regina.,syntax,argument_structure,passive_1,True,False,False,False,184,-47.037147521972656,-51.34895706176758,1
The pedestrian's electricians aren't hurt by Mary.,The pedestrian's electricians aren't laughed by Mary.,syntax,argument_structure,passive_1,True,False,False,False,185,-75.45259094238281,-77.9279556274414,1
Some actor's French teachers were concealed by this nephew of Mary.,Some actor's French teachers were retaliated by this nephew of Mary.,syntax,argument_structure,passive_1,True,False,False,False,186,-86.08246612548828,-91.40788269042969,1
Gary isn't kissed by Carmen's ex-girlfriend.,Gary isn't complained by Carmen's ex-girlfriend.,syntax,argument_structure,passive_1,True,False,False,False,187,-72.72357177734375,-73.13408660888672,1
Amy isn't aggravated by that report about the Borgias.,Amy isn't trained by that report about the Borgias.,syntax,argument_structure,passive_1,True,False,False,False,188,-74.59056854248047,-73.61250305175781,0
Naomi's piano teachers weren't left by Karen.,Naomi's piano teachers weren't reacted by Karen.,syntax,argument_structure,passive_1,True,False,False,False,189,-70.94656372070312,-75.07537078857422,1
April's students were scanned by many grandsons of Teresa.,April's students were blinked by many grandsons of Teresa.,syntax,argument_structure,passive_1,True,False,False,False,190,-82.27335357666016,-88.48326110839844,1
Some niece of Frank isn't disliked by Jodi.,Some niece of Frank isn't laughed by Jodi.,syntax,argument_structure,passive_1,True,False,False,False,191,-72.6059341430664,-71.61418151855469,0
This committee wasn't distracted by that lamp.,This committee wasn't collaborated by that lamp.,syntax,argument_structure,passive_1,True,False,False,False,192,-57.27121353149414,-59.88792419433594,1
Sarah wasn't kissed by those senators.,Sarah wasn't come here by those senators.,syntax,argument_structure,passive_1,True,False,False,False,193,-46.20146942138672,-48.851295471191406,1
Deanna's nephews were visited by Gregory.,Deanna's nephews were reacted by Gregory.,syntax,argument_structure,passive_1,True,False,False,False,194,-56.983089447021484,-59.277530670166016,1
Elaine was respected by this person's nieces.,Elaine was littered by this person's nieces.,syntax,argument_structure,passive_1,True,False,False,False,195,-69.05689239501953,-69.50210571289062,1
A lot of senators' piano teacher isn't concealed by Vincent.,A lot of senators' piano teacher isn't talked by Vincent.,syntax,argument_structure,passive_1,True,False,False,False,196,-88.20277404785156,-85.89216613769531,0
Those guests' bosses were forgotten by Kirsten.,Those guests' bosses were conferred by Kirsten.,syntax,argument_structure,passive_1,True,False,False,False,197,-61.03938674926758,-62.5904655456543,1
These daughters of Kirsten were shocked by Douglas.,These daughters of Kirsten were cooperated by Douglas.,syntax,argument_structure,passive_1,True,False,False,False,198,-60.27729034423828,-65.31634521484375,1
Some cashiers weren't disagreed with by Teresa's niece.,Some cashiers weren't collaborated by Teresa's niece.,syntax,argument_structure,passive_1,True,False,False,False,199,-84.31438446044922,-78.29425811767578,0
Most schools weren't discussed by Connie.,Most schools weren't negotiated by Connie.,syntax,argument_structure,passive_1,True,False,False,False,200,-50.199989318847656,-53.104244232177734,1
That actor isn't astounded by Regina.,That actor isn't waved by Regina.,syntax,argument_structure,passive_1,True,False,False,False,201,-58.71485900878906,-52.083412170410156,0
Florence wasn't hurt by Matt.,Florence wasn't died by Matt.,syntax,argument_structure,passive_1,True,False,False,False,202,-56.62178039550781,-59.22122573852539,1
Rodney isn't alarmed by a movie.,Rodney isn't laughed by a movie.,syntax,argument_structure,passive_1,True,False,False,False,203,-46.74333190917969,-44.83800506591797,0
The woman isn't discussed by many hospitals.,The woman isn't shouted by many hospitals.,syntax,argument_structure,passive_1,True,False,False,False,204,-49.48899841308594,-53.804443359375,1
Eric wasn't bothered by Jodi.,Eric wasn't laughed by Jodi.,syntax,argument_structure,passive_1,True,False,False,False,205,-45.239662170410156,-46.39039993286133,1
Gerald's plumbers are embarrassed by Jason's grandsons.,Gerald's plumbers are coped by Jason's grandsons.,syntax,argument_structure,passive_1,True,False,False,False,206,-90.38960266113281,-95.25253295898438,1
Deanna is hired by Galileo.,Deanna is smiled by Galileo.,syntax,argument_structure,passive_1,True,False,False,False,207,-38.47904968261719,-45.28559875488281,1
Sherry's partners aren't escaped from by Elizabeth.,Sherry's partners aren't chatted by Elizabeth.,syntax,argument_structure,passive_1,True,False,False,False,208,-73.71794128417969,-71.17160034179688,0
Those girls were upset by Janet's tutor.,Those girls were chatted by Janet's tutor.,syntax,argument_structure,passive_1,True,False,False,False,209,-57.02107238769531,-64.21627807617188,1
This father of Allison wasn't escaped from by Deborah's spouse.,This father of Allison wasn't smiled by Deborah's spouse.,syntax,argument_structure,passive_1,True,False,False,False,210,-85.25435638427734,-81.76783752441406,0
A teacher's daughter was appreciated by Paul's teacher.,A teacher's daughter was disagreed by Paul's teacher.,syntax,argument_structure,passive_1,True,False,False,False,211,-58.10012435913086,-61.896034240722656,1
All fathers of Joseph aren't scanned by Helen.,All fathers of Joseph aren't suffered by Helen.,syntax,argument_structure,passive_1,True,False,False,False,212,-62.81102752685547,-62.58544158935547,0
Laurie's sisters weren't disagreed with by Diana's mother.,Laurie's sisters weren't grinned by Diana's mother.,syntax,argument_structure,passive_1,True,False,False,False,213,-83.28147888183594,-78.3037109375,0
Omar isn't disturbed by plates.,Omar isn't screamed by plates.,syntax,argument_structure,passive_1,True,False,False,False,214,-50.84813690185547,-53.96417236328125,1
Katherine's brothers are disliked by Ellen.,Katherine's brothers are negotiated by Ellen.,syntax,argument_structure,passive_1,True,False,False,False,215,-58.625465393066406,-56.081459045410156,0
Anne's brothers are disgusted by Judy's wife.,Anne's brothers are concurred by Judy's wife.,syntax,argument_structure,passive_1,True,False,False,False,216,-54.43680191040039,-66.85549926757812,1
That university isn't alarmed by dancers.,That university isn't cooperated by dancers.,syntax,argument_structure,passive_1,True,False,False,False,217,-51.79623794555664,-50.824066162109375,0
That woman's dermatologists are kissed by Steve.,That woman's dermatologists are collaborated by Steve.,syntax,argument_structure,passive_1,True,False,False,False,218,-67.9075927734375,-67.94994354248047,1
Every sister of Irene wasn't discussed by Kayla's lawyers.,Every sister of Irene wasn't died by Kayla's lawyers.,syntax,argument_structure,passive_1,True,False,False,False,219,-80.50688171386719,-81.49783325195312,1
All people weren't left by Mark.,All people weren't flirted by Mark.,syntax,argument_structure,passive_1,True,False,False,False,220,-42.41962432861328,-55.569862365722656,1
Eva isn't attacked by Ann.,Eva isn't spoken up by Ann.,syntax,argument_structure,passive_1,True,False,False,False,221,-40.409278869628906,-43.797489166259766,1
Those cashiers' colleagues are astounded by Jennifer.,Those cashiers' colleagues are conferred by Jennifer.,syntax,argument_structure,passive_1,True,False,False,False,222,-78.8759536743164,-71.68533325195312,0
Steve isn't hurt by Timothy.,Steve isn't spoken up by Timothy.,syntax,argument_structure,passive_1,True,False,False,False,223,-41.66466522216797,-45.83406448364258,1
Omar is talked about by many universities.,Omar is waved by many universities.,syntax,argument_structure,passive_1,True,False,False,False,224,-49.687530517578125,-47.61882019042969,0
This guest's best friends are criticized by Dan's grandfather.,This guest's best friends are replied by Dan's grandfather.,syntax,argument_structure,passive_1,True,False,False,False,225,-67.30824279785156,-70.73574829101562,1
Anne's father was seen by Cynthia.,Anne's father was screamed by Cynthia.,syntax,argument_structure,passive_1,True,False,False,False,226,-44.43599319458008,-48.963016510009766,1
Many adults' doctor was annoyed by the casserole.,Many adults' doctor was spoken up by the casserole.,syntax,argument_structure,passive_1,True,False,False,False,227,-66.78504180908203,-71.05287170410156,1
These senators weren't aggravated by Gerald.,These senators weren't negotiated by Gerald.,syntax,argument_structure,passive_1,True,False,False,False,228,-55.58540344238281,-55.538326263427734,0
Timothy's oncologists weren't seen by Michelle.,Timothy's oncologists weren't murmured by Michelle.,syntax,argument_structure,passive_1,True,False,False,False,229,-73.06201934814453,-86.82122802734375,1
Emily isn't watched by this person.,Emily isn't trained by this person.,syntax,argument_structure,passive_1,True,False,False,False,230,-37.45268249511719,-37.176605224609375,0
A hospital isn't exited by that guy.,A hospital isn't retaliated by that guy.,syntax,argument_structure,passive_1,True,False,False,False,231,-56.13510513305664,-65.21183013916016,1
Deborah isn't disturbed by this hospital.,Deborah isn't laughed by this hospital.,syntax,argument_structure,passive_1,True,False,False,False,232,-52.842567443847656,-52.82905197143555,0
George wasn't upset by those eggplants.,George wasn't concurred by those eggplants.,syntax,argument_structure,passive_1,True,False,False,False,233,-60.61566162109375,-69.67488098144531,1
Brad wasn't attacked by Teresa.,Brad wasn't chuckled by Teresa.,syntax,argument_structure,passive_1,True,False,False,False,234,-39.417842864990234,-43.60008239746094,1
Many senators were admired by Lucille.,Many senators were collaborated by Lucille.,syntax,argument_structure,passive_1,True,False,False,False,235,-50.519317626953125,-52.80549240112305,1
Patricia's mother isn't aggravated by Marla's sisters.,Patricia's mother isn't trained by Marla's sisters.,syntax,argument_structure,passive_1,True,False,False,False,236,-74.00151062011719,-72.58663940429688,0
Joel's handymen are hugged by that patient.,Joel's handymen are shouted by that patient.,syntax,argument_structure,passive_1,True,False,False,False,237,-67.58113098144531,-71.13961791992188,1
Every company wasn't irritated by Karen's grandsons.,Every company wasn't profited by Karen's grandsons.,syntax,argument_structure,passive_1,True,False,False,False,238,-79.55414581298828,-82.65641784667969,1
Many girls aren't scared by Timothy.,Many girls aren't interacted by Timothy.,syntax,argument_structure,passive_1,True,False,False,False,239,-51.50586700439453,-53.325138092041016,1
All children's friends weren't investigated by Russell.,All children's friends weren't talked by Russell.,syntax,argument_structure,passive_1,True,False,False,False,240,-58.30547332763672,-55.623207092285156,0
Some senator wasn't bothered by Kirsten.,Some senator wasn't wept by Kirsten.,syntax,argument_structure,passive_1,True,False,False,False,241,-52.67040252685547,-64.2075424194336,1
Most ladies were confused by some teacher.,Most ladies were murmured by some teacher.,syntax,argument_structure,passive_1,True,False,False,False,242,-43.6645622253418,-57.67050552368164,1
All men were irritated by some shawls.,All men were murmured by some shawls.,syntax,argument_structure,passive_1,True,False,False,False,243,-59.411102294921875,-68.04655456542969,1
Steve's teachers are cared for by senators.,Steve's teachers are profited by senators.,syntax,argument_structure,passive_1,True,False,False,False,244,-50.07627487182617,-49.81390380859375,0
Marcus's friend isn't praised by those mothers of Beth.,Marcus's friend isn't boasted by those mothers of Beth.,syntax,argument_structure,passive_1,True,False,False,False,245,-73.01249694824219,-77.1231918334961,1
Katherine is annoyed by Dana.,Katherine is left by Dana.,syntax,argument_structure,passive_1,True,False,False,False,246,-43.068946838378906,-41.501739501953125,0
The government was stunned by Carla.,The government was retaliated by Carla.,syntax,argument_structure,passive_1,True,False,False,False,247,-42.47434997558594,-50.96947479248047,1
Matt isn't hired by Tracy.,Matt isn't argued by Tracy.,syntax,argument_structure,passive_1,True,False,False,False,248,-39.850093841552734,-43.97533416748047,1
The broccoli wasn't lifted by Leslie.,The broccoli wasn't rotted by Leslie.,syntax,argument_structure,passive_1,True,False,False,False,249,-56.79423522949219,-64.9892578125,1
Alicia is upset by some cars.,Alicia is complained by some cars.,syntax,argument_structure,passive_1,True,False,False,False,250,-48.88426208496094,-52.49607467651367,1
Keith's bosses were upset by John.,Keith's bosses were reacted by John.,syntax,argument_structure,passive_1,True,False,False,False,251,-47.8184814453125,-47.686256408691406,0
Linda's oncologist isn't discussed by William.,Linda's oncologist isn't blinked by William.,syntax,argument_structure,passive_1,True,False,False,False,252,-72.3900146484375,-78.41239929199219,1
Jacqueline isn't bored by every newspaper article.,Jacqueline isn't talked by every newspaper article.,syntax,argument_structure,passive_1,True,False,False,False,253,-68.90373992919922,-65.8095932006836,0
Stephen's spouse was loved by Jeffrey's sister.,Stephen's spouse was blinked by Jeffrey's sister.,syntax,argument_structure,passive_1,True,False,False,False,254,-55.3590087890625,-63.907920837402344,1
Richard's mentors were praised by those students.,Richard's mentors were clashed by those students.,syntax,argument_structure,passive_1,True,False,False,False,255,-48.890838623046875,-55.648345947265625,1
Meredith's French teachers aren't forgotten by Wendy.,Meredith's French teachers aren't reacted by Wendy.,syntax,argument_structure,passive_1,True,False,False,False,256,-70.99903869628906,-75.39724731445312,1
Gregory's French teachers were described by Rachel.,Gregory's French teachers were wept by Rachel.,syntax,argument_structure,passive_1,True,False,False,False,257,-59.86858367919922,-75.29620361328125,1
Ruth is helped by Russell.,Ruth is waved by Russell.,syntax,argument_structure,passive_1,True,False,False,False,258,-40.414127349853516,-44.60285949707031,1
Liam was escaped from by many nephews of Lucille.,Liam was lied by many nephews of Lucille.,syntax,argument_structure,passive_1,True,False,False,False,259,-77.76844787597656,-73.43777465820312,0
Ronald's tutors weren't worried by some sister of Michelle.,Ronald's tutors weren't suffered by some sister of Michelle.,syntax,argument_structure,passive_1,True,False,False,False,260,-92.16397857666016,-89.61137390136719,0
Keith is discussed by Dennis's friends.,Keith is shouted by Dennis's friends.,syntax,argument_structure,passive_1,True,False,False,False,261,-42.52435302734375,-47.21771240234375,1
That university was irritated by Karen's granddaughter.,That university was coped by Karen's granddaughter.,syntax,argument_structure,passive_1,True,False,False,False,262,-56.88747024536133,-61.122222900390625,1
Janice's dermatologists are insulted by Keith.,Janice's dermatologists are negotiated by Keith.,syntax,argument_structure,passive_1,True,False,False,False,263,-65.00703430175781,-64.49562072753906,0
That friend of Carmen is respected by some people.,That friend of Carmen is waved by some people.,syntax,argument_structure,passive_1,True,False,False,False,264,-54.987831115722656,-60.128116607666016,1
A granddaughter of Marcus isn't appreciated by Sally.,A granddaughter of Marcus isn't boasted by Sally.,syntax,argument_structure,passive_1,True,False,False,False,265,-60.767486572265625,-69.12374877929688,1
Galileo's plumbers weren't confused by a show about Monet.,Galileo's plumbers weren't cooperated by a show about Monet.,syntax,argument_structure,passive_1,True,False,False,False,266,-94.44882202148438,-99.50011444091797,1
Every actress's supervisors aren't appreciated by Margaret's mentor.,Every actress's supervisors aren't trained by Margaret's mentor.,syntax,argument_structure,passive_1,True,False,False,False,267,-72.23381042480469,-73.67864990234375,1
Those grandmothers of Suzanne were left by some nephews of Derek.,Those grandmothers of Suzanne were responded by some nephews of Derek.,syntax,argument_structure,passive_1,True,False,False,False,268,-90.82913208007812,-93.38043212890625,1
Sonia's best friend is helped by Lissa.,Sonia's best friend is muttered by Lissa.,syntax,argument_structure,passive_1,True,False,False,False,269,-67.22332763671875,-72.64081573486328,1
Elaine's employees aren't bored by Karen.,Elaine's employees aren't trained by Karen.,syntax,argument_structure,passive_1,True,False,False,False,270,-62.84870529174805,-59.54322052001953,0
These mothers of David are helped by teachers.,These mothers of David are flirted by teachers.,syntax,argument_structure,passive_1,True,False,False,False,271,-51.701297760009766,-62.105674743652344,1
Stacey wasn't approached by most cousins of Pamela.,Stacey wasn't littered by most cousins of Pamela.,syntax,argument_structure,passive_1,True,False,False,False,272,-71.50068664550781,-75.28361511230469,1
Helen's handymen were appreciated by Ellen.,Helen's handymen were testified by Ellen.,syntax,argument_structure,passive_1,True,False,False,False,273,-64.90349578857422,-68.8880615234375,1
Most waiters aren't stunned by Gerald.,Most waiters aren't retaliated by Gerald.,syntax,argument_structure,passive_1,True,False,False,False,274,-59.996273040771484,-68.47868347167969,1
Angela is worried by Laurie.,Angela is shouted by Laurie.,syntax,argument_structure,passive_1,True,False,False,False,275,-42.90280532836914,-45.09404754638672,1
Some associations weren't shocked by Aaron.,Some associations weren't responded by Aaron.,syntax,argument_structure,passive_1,True,False,False,False,276,-52.05415344238281,-51.339046478271484,0
All nieces of Nicole are hired by Helen's tutor.,All nieces of Nicole are flirted by Helen's tutor.,syntax,argument_structure,passive_1,True,False,False,False,277,-83.7981185913086,-96.51942443847656,1
A woman wasn't scared by Tonya.,A woman wasn't murmured by Tonya.,syntax,argument_structure,passive_1,True,False,False,False,278,-55.333251953125,-62.13337707519531,1
Valerie was impressed by George.,Valerie was died by George.,syntax,argument_structure,passive_1,True,False,False,False,279,-40.26476287841797,-43.04908752441406,1
Rhonda's grandfathers aren't left by Todd.,Rhonda's grandfathers aren't grinned by Todd.,syntax,argument_structure,passive_1,True,False,False,False,280,-68.81318664550781,-74.0080795288086,1
All waiters' piano teachers were watched by that daughter of Vanessa.,All waiters' piano teachers were worked hard by that daughter of Vanessa.,syntax,argument_structure,passive_1,True,False,False,False,281,-100.58836364746094,-108.9085693359375,1
Rachelle was loved by Thomas.,Rachelle was smiled by Thomas.,syntax,argument_structure,passive_1,True,False,False,False,282,-33.84483337402344,-38.82830047607422,1
Richard's tutors weren't worried by current events.,Richard's tutors weren't smiled by current events.,syntax,argument_structure,passive_1,True,False,False,False,283,-62.59608840942383,-64.25548553466797,1
Chad is irritated by the plates.,Chad is gotten fired by the plates.,syntax,argument_structure,passive_1,True,False,False,False,284,-38.949951171875,-47.96736145019531,1
Teenagers are disagreed with by Deborah's students.,Teenagers are replied by Deborah's students.,syntax,argument_structure,passive_1,True,False,False,False,285,-62.855377197265625,-55.57083511352539,0
Some customers are attacked by Rachel.,Some customers are coped by Rachel.,syntax,argument_structure,passive_1,True,False,False,False,286,-37.18553924560547,-44.713993072509766,1
All daughters of Jill are concealed by Erin.,All daughters of Jill are cooperated by Erin.,syntax,argument_structure,passive_1,True,False,False,False,287,-61.41386795043945,-62.9305305480957,1
Some dancer's classmates are admired by Naomi.,Some dancer's classmates are interacted by Naomi.,syntax,argument_structure,passive_1,True,False,False,False,288,-61.640682220458984,-66.16568756103516,1
Carl was distracted by most drivers' colleagues.,Carl was come here by most drivers' colleagues.,syntax,argument_structure,passive_1,True,False,False,False,289,-54.996341705322266,-63.805145263671875,1
Susan's dermatologist is attacked by Deborah.,Susan's dermatologist is laughed by Deborah.,syntax,argument_structure,passive_1,True,False,False,False,290,-53.234657287597656,-58.251739501953125,1
Those actresses weren't upset by Cheryl.,Those actresses weren't reacted by Cheryl.,syntax,argument_structure,passive_1,True,False,False,False,291,-51.75559997558594,-54.20402526855469,1
The customer isn't hugged by Winston Churchill.,The customer isn't wept by Winston Churchill.,syntax,argument_structure,passive_1,True,False,False,False,292,-58.3957405090332,-69.05186462402344,1
All brothers of Danielle aren't praised by Christopher.,All brothers of Danielle aren't conferred by Christopher.,syntax,argument_structure,passive_1,True,False,False,False,293,-65.17578125,-67.23511505126953,1
Emily's handymen were admired by Dennis.,Emily's handymen were left by Dennis.,syntax,argument_structure,passive_1,True,False,False,False,294,-59.18632507324219,-57.48200607299805,0
Those guys' nephews are impressed by Andrew's daughter.,Those guys' nephews are cried by Andrew's daughter.,syntax,argument_structure,passive_1,True,False,False,False,295,-67.69170379638672,-73.36456298828125,1
April's ex-boyfriend wasn't insulted by Catherine.,April's ex-boyfriend wasn't screamed by Catherine.,syntax,argument_structure,passive_1,True,False,False,False,296,-77.74716186523438,-79.98001861572266,1
That woman was irritated by Irene's mentee.,That woman was waved by Irene's mentee.,syntax,argument_structure,passive_1,True,False,False,False,297,-66.41940307617188,-66.31292724609375,0
Harvard University was remembered by Brett.,Harvard University was retaliated by Brett.,syntax,argument_structure,passive_1,True,False,False,False,298,-49.98225784301758,-58.175689697265625,1
Martin was approached by Tammy.,Martin was boasted by Tammy.,syntax,argument_structure,passive_1,True,False,False,False,299,-31.489398956298828,-38.366905212402344,1
Those guests aren't respected by Cindy.,Those guests aren't interacted by Cindy.,syntax,argument_structure,passive_1,True,False,False,False,300,-51.20579147338867,-53.10303497314453,1
Melanie's cousins were disgusted by many rugs.,Melanie's cousins were cooperated by many rugs.,syntax,argument_structure,passive_1,True,False,False,False,301,-62.496158599853516,-65.57139587402344,1
Sandra wasn't investigated by Noah.,Sandra wasn't waved by Noah.,syntax,argument_structure,passive_1,True,False,False,False,302,-53.201416015625,-54.35574722290039,1
Erin isn't irritated by that library.,Erin isn't muttered by that library.,syntax,argument_structure,passive_1,True,False,False,False,303,-53.211997985839844,-57.53789520263672,1
Teresa's electricians weren't approached by Mary.,Teresa's electricians weren't responded by Mary.,syntax,argument_structure,passive_1,True,False,False,False,304,-76.55619812011719,-76.91091918945312,1
Veronica's hairdressers were investigated by some waitress.,Veronica's hairdressers were retaliated by some waitress.,syntax,argument_structure,passive_1,True,False,False,False,305,-80.73823547363281,-89.06278228759766,1
A lot of grandmothers of Alan were insulted by these waiters.,A lot of grandmothers of Alan were conferred by these waiters.,syntax,argument_structure,passive_1,True,False,False,False,306,-88.00617980957031,-89.09192657470703,1
Jennifer's ex-wives weren't described by a girl.,Jennifer's ex-wives weren't collaborated by a girl.,syntax,argument_structure,passive_1,True,False,False,False,307,-63.199859619140625,-64.96646118164062,1
Lucille's best friends aren't concealed by Derek.,Lucille's best friends aren't communicated by Derek.,syntax,argument_structure,passive_1,True,False,False,False,308,-70.51261138916016,-69.45506286621094,0
All people are alarmed by this hat.,All people are shouted by this hat.,syntax,argument_structure,passive_1,True,False,False,False,309,-40.5067253112793,-42.31692886352539,1
Barbara's dentist wasn't investigated by Grace.,Barbara's dentist wasn't come here by Grace.,syntax,argument_structure,passive_1,True,False,False,False,310,-63.33321762084961,-65.90995788574219,1
The hospital is insulted by that cousin of Ronald.,The hospital is clashed by that cousin of Ronald.,syntax,argument_structure,passive_1,True,False,False,False,311,-66.03302764892578,-70.36945343017578,1
Diane's electricians aren't respected by daughters of Ann.,Diane's electricians aren't negotiated by daughters of Ann.,syntax,argument_structure,passive_1,True,False,False,False,312,-90.70240020751953,-92.30668640136719,1
This government wasn't aggravated by many people.,This government wasn't joked around by many people.,syntax,argument_structure,passive_1,True,False,False,False,313,-48.48454666137695,-57.075008392333984,1
Some senator's oncologist isn't praised by granddaughters of Alicia.,Some senator's oncologist isn't sighed by granddaughters of Alicia.,syntax,argument_structure,passive_1,True,False,False,False,314,-110.2127685546875,-111.93020629882812,1
Christopher is escaped from by Samuel.,Christopher is left by Samuel.,syntax,argument_structure,passive_1,True,False,False,False,315,-41.123809814453125,-33.080169677734375,0
Some museums weren't scared by the dancers.,Some museums weren't interacted by the dancers.,syntax,argument_structure,passive_1,True,False,False,False,316,-54.22360610961914,-54.87954330444336,1
The Lutherans were attacked by the grandmothers of Nicole.,The Lutherans were responded by the grandmothers of Nicole.,syntax,argument_structure,passive_1,True,False,False,False,317,-71.8782730102539,-74.6977767944336,1
Rhonda is disliked by the schools.,Rhonda is complained by the schools.,syntax,argument_structure,passive_1,True,False,False,False,318,-44.75141143798828,-44.192413330078125,0
Meredith was seen by Valerie.,Meredith was concurred by Valerie.,syntax,argument_structure,passive_1,True,False,False,False,319,-43.398353576660156,-58.099090576171875,1
Drivers are hired by Sheila.,Drivers are struggled by Sheila.,syntax,argument_structure,passive_1,True,False,False,False,320,-39.422157287597656,-43.87742614746094,1
All dancers aren't aggravated by some eggplant.,All dancers aren't worked hard by some eggplant.,syntax,argument_structure,passive_1,True,False,False,False,321,-66.06321716308594,-71.75749969482422,1
Linda's friends aren't disagreed with by Patrick's best friends.,Linda's friends aren't collaborated by Patrick's best friends.,syntax,argument_structure,passive_1,True,False,False,False,322,-75.5777587890625,-70.10477447509766,0
A lot of drivers' senators are irritated by many universities.,A lot of drivers' senators are died by many universities.,syntax,argument_structure,passive_1,True,False,False,False,323,-72.47625732421875,-73.83345031738281,1
Douglas's senator was left by Susan.,Douglas's senator was left by Susan.,syntax,argument_structure,passive_1,True,False,False,False,324,-52.24289321899414,-52.24289321899414,0
Dawn is forgotten by Erin's friends.,Dawn is nodded by Erin's friends.,syntax,argument_structure,passive_1,True,False,False,False,325,-52.892822265625,-56.80889129638672,1
Elaine is visited by Jane's grandmother.,Elaine is fallen asleep by Jane's grandmother.,syntax,argument_structure,passive_1,True,False,False,False,326,-49.70928192138672,-60.14002227783203,1
All cousins of John were distracted by these shawls.,All cousins of John were spoken up by these shawls.,syntax,argument_structure,passive_1,True,False,False,False,327,-74.20851135253906,-80.74947357177734,1
Claire's ex-boyfriend wasn't referenced by Brian.,Claire's ex-boyfriend wasn't disagreed by Brian.,syntax,argument_structure,passive_1,True,False,False,False,328,-85.10701751708984,-85.72514343261719,1
That lady's brother isn't investigated by Mark.,That lady's brother isn't answered by Mark.,syntax,argument_structure,passive_1,True,False,False,False,329,-62.74024963378906,-60.08738327026367,0
Jill was approached by a teenager's nephews.,Jill was nodded by a teenager's nephews.,syntax,argument_structure,passive_1,True,False,False,False,330,-54.40983963012695,-58.92856216430664,1
Some student isn't kissed by Kayla's sister.,Some student isn't died by Kayla's sister.,syntax,argument_structure,passive_1,True,False,False,False,331,-62.77056121826172,-61.33916473388672,0
Jodi was praised by every legislature.,Jodi was lied by every legislature.,syntax,argument_structure,passive_1,True,False,False,False,332,-46.31508255004883,-51.08031463623047,1
Clyde's ex-husbands were approached by those pedestrians' oncologists.,Clyde's ex-husbands were negotiated by those pedestrians' oncologists.,syntax,argument_structure,passive_1,True,False,False,False,333,-125.97734069824219,-128.3710174560547,1
Matt isn't known by Carrie.,Matt isn't sighed by Carrie.,syntax,argument_structure,passive_1,True,False,False,False,334,-41.176368713378906,-45.596134185791016,1
This organization wasn't shocked by Jodi.,This organization wasn't testified by Jodi.,syntax,argument_structure,passive_1,True,False,False,False,335,-53.130409240722656,-55.47215270996094,1
Robert wasn't escaped from by Samantha.,Robert wasn't shouted by Samantha.,syntax,argument_structure,passive_1,True,False,False,False,336,-51.028682708740234,-45.5250129699707,0
This teacher isn't investigated by Julie.,This teacher isn't smiled by Julie.,syntax,argument_structure,passive_1,True,False,False,False,337,-47.95323181152344,-48.87449645996094,1
This teenager is disturbed by these girls.,This teenager is sighed by these girls.,syntax,argument_structure,passive_1,True,False,False,False,338,-43.57011795043945,-46.47980499267578,1
The daughters of Karla are cared for by Judy.,The daughters of Karla are profited by Judy.,syntax,argument_structure,passive_1,True,False,False,False,339,-69.55989074707031,-68.12420654296875,0
The grandfathers of Kendra aren't disagreed with by Bethany's ex-boyfriend.,The grandfathers of Kendra aren't communicated by Bethany's ex-boyfriend.,syntax,argument_structure,passive_1,True,False,False,False,340,-125.28938293457031,-117.83763122558594,0
Cynthia isn't hurt by that movie.,Cynthia isn't chuckled by that movie.,syntax,argument_structure,passive_1,True,False,False,False,341,-60.33553695678711,-66.42105102539062,1
Holly's tutors aren't left by Anne.,Holly's tutors aren't clashed by Anne.,syntax,argument_structure,passive_1,True,False,False,False,342,-64.85169982910156,-70.73332977294922,1
Meredith's guests are examined by a daughter of Steven.,Meredith's guests are conspired by a daughter of Steven.,syntax,argument_structure,passive_1,True,False,False,False,343,-67.0883560180664,-81.48284912109375,1
Randolf's mentors were aggravated by Carmen.,Randolf's mentors were flirted by Carmen.,syntax,argument_structure,passive_1,True,False,False,False,344,-63.472389221191406,-73.09369659423828,1
Phillip's mentees aren't watched by Jesus.,Phillip's mentees aren't chatted by Jesus.,syntax,argument_structure,passive_1,True,False,False,False,345,-64.85030364990234,-72.87106323242188,1
All brothers of Julie were escaped from by Sharon.,All brothers of Julie were coped by Sharon.,syntax,argument_structure,passive_1,True,False,False,False,346,-63.39398956298828,-61.060096740722656,0
Douglas isn't kissed by Travis.,Douglas isn't shrugged by Travis.,syntax,argument_structure,passive_1,True,False,False,False,347,-48.786041259765625,-50.25006866455078,1
Becca isn't disagreed with by Gina's handymen.,Becca isn't answered by Gina's handymen.,syntax,argument_structure,passive_1,True,False,False,False,348,-77.32858276367188,-67.87045288085938,0
That father of Eva isn't bored by Florence's dentist.,That father of Eva isn't wept by Florence's dentist.,syntax,argument_structure,passive_1,True,False,False,False,349,-77.11009979248047,-83.8023681640625,1
Those customers weren't discussed by Rebecca's boyfriend.,Those customers weren't interacted by Rebecca's boyfriend.,syntax,argument_structure,passive_1,True,False,False,False,350,-61.915870666503906,-65.23422241210938,1
The waitresses aren't disliked by this girl's grandfather.,The waitresses aren't conspired by this girl's grandfather.,syntax,argument_structure,passive_1,True,False,False,False,351,-77.12744140625,-87.37945556640625,1
The banks are remembered by Rebecca.,The banks are corresponded by Rebecca.,syntax,argument_structure,passive_1,True,False,False,False,352,-39.0855712890625,-46.91008377075195,1
Caroline's senators aren't discussed by Patrick.,Caroline's senators aren't interacted by Patrick.,syntax,argument_structure,passive_1,True,False,False,False,353,-67.55996704101562,-70.06678009033203,1
Tina's employees were known by Todd.,Tina's employees were responded by Todd.,syntax,argument_structure,passive_1,True,False,False,False,354,-53.81614685058594,-55.498497009277344,1
The fathers of Wendy were attacked by Tara's contractor.,The fathers of Wendy were responded by Tara's contractor.,syntax,argument_structure,passive_1,True,False,False,False,355,-69.92848205566406,-71.97724151611328,1
Jessica's French teachers are astounded by most guests.,Jessica's French teachers are retaliated by most guests.,syntax,argument_structure,passive_1,True,False,False,False,356,-64.39999389648438,-63.73834228515625,0
The boys were described by Grace.,The boys were left by Grace.,syntax,argument_structure,passive_1,True,False,False,False,357,-36.55982971191406,-36.90542221069336,1
The Lutherans were helped by Todd.,The Lutherans were talked by Todd.,syntax,argument_structure,passive_1,True,False,False,False,358,-52.36683654785156,-53.64850997924805,1
A lot of adults aren't described by Natalie.,A lot of adults aren't corresponded by Natalie.,syntax,argument_structure,passive_1,True,False,False,False,359,-57.58252716064453,-64.16248321533203,1
Most teenagers weren't escaped from by the adult's bosses.,Most teenagers weren't screamed by the adult's bosses.,syntax,argument_structure,passive_1,True,False,False,False,360,-74.81423950195312,-69.75113677978516,0
Every girl was concealed by Nancy.,Every girl was murmured by Nancy.,syntax,argument_structure,passive_1,True,False,False,False,361,-43.544776916503906,-51.41509246826172,1
Amy's sons were visited by David.,Amy's sons were responded by David.,syntax,argument_structure,passive_1,True,False,False,False,362,-44.033973693847656,-45.4014778137207,1
Scott's ex-boyfriend was astounded by Susan.,Scott's ex-boyfriend was come here by Susan.,syntax,argument_structure,passive_1,True,False,False,False,363,-77.8993911743164,-78.35523986816406,1
Randolf's doctor was confused by Candice.,Randolf's doctor was littered by Candice.,syntax,argument_structure,passive_1,True,False,False,False,364,-62.95234680175781,-65.70331573486328,1
A boy's girlfriend was attacked by the teacher.,A boy's girlfriend was answered by the teacher.,syntax,argument_structure,passive_1,True,False,False,False,365,-52.47905731201172,-54.24188232421875,1
That organization was scared by a cashier.,That organization was testified by a cashier.,syntax,argument_structure,passive_1,True,False,False,False,366,-50.58551025390625,-52.845298767089844,1
The Lutherans aren't kissed by Naomi.,The Lutherans aren't reacted by Naomi.,syntax,argument_structure,passive_1,True,False,False,False,367,-64.9465103149414,-64.94647216796875,0
Rachel's mentees aren't loved by Vincent.,Rachel's mentees aren't flirted by Vincent.,syntax,argument_structure,passive_1,True,False,False,False,368,-60.159934997558594,-70.7911376953125,1
Laurie wasn't upset by some driver.,Laurie wasn't suffered by some driver.,syntax,argument_structure,passive_1,True,False,False,False,369,-57.017765045166016,-57.80662536621094,1
Andrea's spouse isn't hired by some waitress.,Andrea's spouse isn't waved by some waitress.,syntax,argument_structure,passive_1,True,False,False,False,370,-66.06848907470703,-70.73027038574219,1
Colleen wasn't forgotten by Craig.,Colleen wasn't fallen asleep by Craig.,syntax,argument_structure,passive_1,True,False,False,False,371,-49.52955627441406,-59.45942687988281,1
Steven's mothers were worried by these malls.,Steven's mothers were waved by these malls.,syntax,argument_structure,passive_1,True,False,False,False,372,-52.27619171142578,-55.783931732177734,1
All doctors weren't helped by an actor.,All doctors weren't chatted by an actor.,syntax,argument_structure,passive_1,True,False,False,False,373,-48.85615539550781,-57.93959426879883,1
The Impressionists aren't left by Helen.,The Impressionists aren't collaborated by Helen.,syntax,argument_structure,passive_1,True,False,False,False,374,-64.43231201171875,-67.7282485961914,1
Some company wasn't stunned by Chad's classmates.,Some company wasn't competed by Chad's classmates.,syntax,argument_structure,passive_1,True,False,False,False,375,-65.76626586914062,-65.4697265625,0
Ruth was disturbed by a lot of restaurants.,Ruth was wept by a lot of restaurants.,syntax,argument_structure,passive_1,True,False,False,False,376,-46.36511993408203,-60.53828811645508,1
Robert's ex-boyfriends aren't distracted by Heather.,Robert's ex-boyfriends aren't flirted by Heather.,syntax,argument_structure,passive_1,True,False,False,False,377,-75.53749084472656,-84.77316284179688,1
All drivers were impressed by Naomi's nieces.,All drivers were concurred by Naomi's nieces.,syntax,argument_structure,passive_1,True,False,False,False,378,-69.90914916992188,-83.18302154541016,1
Donald is watched by Diana.,Donald is died by Diana.,syntax,argument_structure,passive_1,True,False,False,False,379,-32.067413330078125,-33.767032623291016,1
Dan's hairdressers are embarrassed by every bicycle.,Dan's hairdressers are communicated by every bicycle.,syntax,argument_structure,passive_1,True,False,False,False,380,-69.66282653808594,-70.3419189453125,1
Curtis's lawyers aren't talked about by Daniel.,Curtis's lawyers aren't negotiated by Daniel.,syntax,argument_structure,passive_1,True,False,False,False,381,-69.28050231933594,-68.74711608886719,0
Danielle wasn't approached by Winston Churchill.,Danielle wasn't murmured by Winston Churchill.,syntax,argument_structure,passive_1,True,False,False,False,382,-59.11449432373047,-69.20890808105469,1
This man's best friend is hugged by Karen.,This man's best friend is muttered by Karen.,syntax,argument_structure,passive_1,True,False,False,False,383,-56.912376403808594,-62.404945373535156,1
The brothers of Alan weren't disgusted by all cousins of those patients.,The brothers of Alan weren't profited by all cousins of those patients.,syntax,argument_structure,passive_1,True,False,False,False,384,-84.6679458618164,-88.34965515136719,1
John's mentor is appreciated by Lawrence.,John's mentor is suffered by Lawrence.,syntax,argument_structure,passive_1,True,False,False,False,385,-47.86321258544922,-49.41563034057617,1
Sabrina is described by Ellen.,Sabrina is chuckled by Ellen.,syntax,argument_structure,passive_1,True,False,False,False,386,-40.09803009033203,-48.705223083496094,1
Every tomato isn't lifted by Caroline.,Every tomato isn't rotted by Caroline.,syntax,argument_structure,passive_1,True,False,False,False,387,-53.141048431396484,-60.04240417480469,1
Kenneth's partner wasn't aggravated by every play.,Kenneth's partner wasn't concurred by every play.,syntax,argument_structure,passive_1,True,False,False,False,388,-66.02515411376953,-75.90939331054688,1
Those granddaughters of Erin aren't fired by Martha.,Those granddaughters of Erin aren't littered by Martha.,syntax,argument_structure,passive_1,True,False,False,False,389,-86.96467590332031,-89.47395324707031,1
Samuel isn't fired by a lot of women's hairdresser.,Samuel isn't littered by a lot of women's hairdresser.,syntax,argument_structure,passive_1,True,False,False,False,390,-80.89120483398438,-82.20165252685547,1
John's electricians are loved by Stephen's cousin.,John's electricians are compromised by Stephen's cousin.,syntax,argument_structure,passive_1,True,False,False,False,391,-72.4472427368164,-71.82831573486328,0
The drivers are insulted by many teachers.,The drivers are conferred by many teachers.,syntax,argument_structure,passive_1,True,False,False,False,392,-42.219642639160156,-42.29902648925781,1
Spain wasn't visited by Alice.,Spain wasn't chatted by Alice.,syntax,argument_structure,passive_1,True,False,False,False,393,-40.63996887207031,-47.867576599121094,1
Every organization isn't aggravated by Roger.,Every organization isn't profited by Roger.,syntax,argument_structure,passive_1,True,False,False,False,394,-47.521881103515625,-50.87327575683594,1
Tonya is annoyed by Mitchell's friends.,Tonya is grinned by Mitchell's friends.,syntax,argument_structure,passive_1,True,False,False,False,395,-49.17603302001953,-53.80512237548828,1
The guests were helped by Judy.,The guests were coped by Judy.,syntax,argument_structure,passive_1,True,False,False,False,396,-41.34344482421875,-48.4022216796875,1
Kimberley isn't disagreed with by essays.,Kimberley isn't concurred by essays.,syntax,argument_structure,passive_1,True,False,False,False,397,-57.410118103027344,-60.835205078125,1
A lot of nephews of Claire were criticized by many grandsons of Tonya.,A lot of nephews of Claire were communicated by many grandsons of Tonya.,syntax,argument_structure,passive_1,True,False,False,False,398,-110.26840209960938,-110.85165405273438,1
Monica's niece isn't hired by Lawrence.,Monica's niece isn't argued by Lawrence.,syntax,argument_structure,passive_1,True,False,False,False,399,-56.82063293457031,-60.142642974853516,1
Grace was worried by some painting.,Grace was littered by some painting.,syntax,argument_structure,passive_1,True,False,False,False,400,-45.08536911010742,-45.91980743408203,1
Some granddaughters of Monica are criticized by Melanie.,Some granddaughters of Monica are boasted by Melanie.,syntax,argument_structure,passive_1,True,False,False,False,401,-80.08903503417969,-85.28878021240234,1
Anne's best friend was worried by Robert's guests.,Anne's best friend was laughed by Robert's guests.,syntax,argument_structure,passive_1,True,False,False,False,402,-59.30349349975586,-61.03224563598633,1
All guys were talked about by a lot of libraries.,All guys were talked by a lot of libraries.,syntax,argument_structure,passive_1,True,False,False,False,403,-48.821014404296875,-45.47312927246094,0
That girl's ex-boyfriends aren't observed by Eric.,That girl's ex-boyfriends aren't chuckled by Eric.,syntax,argument_structure,passive_1,True,False,False,False,404,-87.396240234375,-90.39571380615234,1
A lot of doctors' teachers were bored by Kayla's classmates.,A lot of doctors' teachers were smiled by Kayla's classmates.,syntax,argument_structure,passive_1,True,False,False,False,405,-84.78828430175781,-85.30712890625,1
Some teacher wasn't cared for by Sonia.,Some teacher wasn't gotten fired by Sonia.,syntax,argument_structure,passive_1,True,False,False,False,406,-57.300819396972656,-59.86845397949219,1
Many brothers of Larry weren't disagreed with by these cashiers.,Many brothers of Larry weren't smiled by these cashiers.,syntax,argument_structure,passive_1,True,False,False,False,407,-83.95832061767578,-80.98357391357422,0
Diana's ex-boyfriends are upset by Patricia.,Diana's ex-boyfriends are reacted by Patricia.,syntax,argument_structure,passive_1,True,False,False,False,408,-82.24542999267578,-84.18841552734375,1
Kayla is disliked by that girl.,Kayla is chuckled by that girl.,syntax,argument_structure,passive_1,True,False,False,False,409,-51.070281982421875,-51.7763557434082,1
This patient is admired by Candice.,This patient is shouted by Candice.,syntax,argument_structure,passive_1,True,False,False,False,410,-48.124969482421875,-50.90446472167969,1
Homer's daughters aren't hired by Alan's daughter.,Homer's daughters aren't answered by Alan's daughter.,syntax,argument_structure,passive_1,True,False,False,False,411,-71.29005432128906,-72.64910888671875,1
Dan's classmates aren't seen by the teacher's mothers.,Dan's classmates aren't struggled by the teacher's mothers.,syntax,argument_structure,passive_1,True,False,False,False,412,-60.71109390258789,-65.1402359008789,1
Alicia's ex-wives are worried by those convertibles.,Alicia's ex-wives are spoken up by those convertibles.,syntax,argument_structure,passive_1,True,False,False,False,413,-90.17185974121094,-95.52395629882812,1
Teenagers are aggravated by Bethany.,Teenagers are retaliated by Bethany.,syntax,argument_structure,passive_1,True,False,False,False,414,-46.41669845581055,-54.611812591552734,1
Rhonda's associate is hated by Denise's nephews.,Rhonda's associate is disagreed by Denise's nephews.,syntax,argument_structure,passive_1,True,False,False,False,415,-73.03659057617188,-75.28162384033203,1
Many mothers of John were described by many students.,Many mothers of John were cooperated by many students.,syntax,argument_structure,passive_1,True,False,False,False,416,-51.357177734375,-56.82661437988281,1
Connie's dermatologists aren't admired by Tracy.,Connie's dermatologists aren't testified by Tracy.,syntax,argument_structure,passive_1,True,False,False,False,417,-69.01763916015625,-71.95610046386719,1
Alicia wasn't distracted by that senator.,Alicia wasn't complained by that senator.,syntax,argument_structure,passive_1,True,False,False,False,418,-64.4869384765625,-67.30184173583984,1
Gina was known by Peter.,Gina was concurred by Peter.,syntax,argument_structure,passive_1,True,False,False,False,419,-34.07539367675781,-49.35108947753906,1
Theodore isn't left by Bethany's best friend.,Theodore isn't littered by Bethany's best friend.,syntax,argument_structure,passive_1,True,False,False,False,420,-73.96739959716797,-77.515625,1
Eric isn't embarrassed by most pedestrians.,Eric isn't answered by most pedestrians.,syntax,argument_structure,passive_1,True,False,False,False,421,-46.43446350097656,-46.33292770385742,0
Guy wasn't impressed by all committees.,Guy wasn't left by all committees.,syntax,argument_structure,passive_1,True,False,False,False,422,-43.8481330871582,-44.68362808227539,1
Julie's niece is visited by most waitresses.,Julie's niece is waved by most waitresses.,syntax,argument_structure,passive_1,True,False,False,False,423,-72.12754821777344,-77.3392333984375,1
Some senators weren't forgotten by Chad.,Some senators weren't conspired by Chad.,syntax,argument_structure,passive_1,True,False,False,False,424,-51.782901763916016,-64.43431091308594,1
Amelia's oncologists are hurt by every cashier.,Amelia's oncologists are responded by every cashier.,syntax,argument_structure,passive_1,True,False,False,False,425,-86.49435424804688,-85.70630645751953,0
Every banana wasn't brought by these cashiers' nieces.,Every banana wasn't rotted by these cashiers' nieces.,syntax,argument_structure,passive_1,True,False,False,False,426,-91.45038604736328,-101.07275390625,1
All fathers of Catherine aren't escaped from by Theodore's nephews.,All fathers of Catherine aren't muttered by Theodore's nephews.,syntax,argument_structure,passive_1,True,False,False,False,427,-90.05110168457031,-88.28315734863281,0
Janice wasn't helped by Wayne.,Janice wasn't concurred by Wayne.,syntax,argument_structure,passive_1,True,False,False,False,428,-47.305973052978516,-58.74201583862305,1
Benjamin's grandmothers weren't discussed by Becca.,Benjamin's grandmothers weren't conspired by Becca.,syntax,argument_structure,passive_1,True,False,False,False,429,-71.639892578125,-83.89852905273438,1
Debra's mentor was disturbed by Deborah.,Debra's mentor was muttered by Deborah.,syntax,argument_structure,passive_1,True,False,False,False,430,-57.5806770324707,-64.82130432128906,1
Most boys were remembered by some adults.,Most boys were boasted by some adults.,syntax,argument_structure,passive_1,True,False,False,False,431,-41.55015563964844,-47.87527847290039,1
Some waiters were disagreed with by Michelle's sons.,Some waiters were struggled by Michelle's sons.,syntax,argument_structure,passive_1,True,False,False,False,432,-67.4289321899414,-60.269073486328125,0
Maria wasn't attacked by Carla's teachers.,Maria wasn't gotten fired by Carla's teachers.,syntax,argument_structure,passive_1,True,False,False,False,433,-59.11886978149414,-67.95207977294922,1
Amanda's lawyers were known by Winston Churchill.,Amanda's lawyers were reacted by Winston Churchill.,syntax,argument_structure,passive_1,True,False,False,False,434,-62.775306701660156,-65.55628204345703,1
Most dancers weren't upset by all books.,Most dancers weren't joked around by all books.,syntax,argument_structure,passive_1,True,False,False,False,435,-54.482872009277344,-65.28118896484375,1
Sandra was discussed by Colleen.,Sandra was suffered by Colleen.,syntax,argument_structure,passive_1,True,False,False,False,436,-46.379798889160156,-49.366031646728516,1
That waiter's dermatologists are watched by Sharon's mentee.,That waiter's dermatologists are chuckled by Sharon's mentee.,syntax,argument_structure,passive_1,True,False,False,False,437,-91.30086517333984,-95.08648681640625,1
Catherine's grandmothers are criticized by Melinda.,Catherine's grandmothers are testified by Melinda.,syntax,argument_structure,passive_1,True,False,False,False,438,-64.58956146240234,-68.28169250488281,1
Holly is attacked by Marla.,Holly is come here by Marla.,syntax,argument_structure,passive_1,True,False,False,False,439,-44.86836242675781,-54.02727508544922,1
Joel's doctor was helped by Christine's podiatrist.,Joel's doctor was chuckled by Christine's podiatrist.,syntax,argument_structure,passive_1,True,False,False,False,440,-85.37275695800781,-90.6456069946289,1
Nancy is kissed by Susan.,Nancy is spoken up by Susan.,syntax,argument_structure,passive_1,True,False,False,False,441,-42.376625061035156,-45.96410369873047,1
Some associations were bothered by that documentary about the Impressionists.,Some associations were worked hard by that documentary about the Impressionists.,syntax,argument_structure,passive_1,True,False,False,False,442,-79.71832275390625,-87.61898803710938,1
Waitresses aren't hired by Andrew.,Waitresses aren't chatted by Andrew.,syntax,argument_structure,passive_1,True,False,False,False,443,-50.97057342529297,-58.136756896972656,1
Theodore's daughters weren't scared by Homer's senators.,Theodore's daughters weren't conferred by Homer's senators.,syntax,argument_structure,passive_1,True,False,False,False,444,-82.83781433105469,-82.62189483642578,0
Bradley's ex-wives were embarrassed by Veronica.,Bradley's ex-wives were communicated by Veronica.,syntax,argument_structure,passive_1,True,False,False,False,445,-70.47857666015625,-71.06233215332031,1
Sarah was respected by Julie.,Sarah was shrugged by Julie.,syntax,argument_structure,passive_1,True,False,False,False,446,-30.83328628540039,-34.32106018066406,1
Many grandsons of an actress aren't shocked by every actress.,Many grandsons of an actress aren't collaborated by every actress.,syntax,argument_structure,passive_1,True,False,False,False,447,-90.07882690429688,-92.83702850341797,1
Christopher isn't worried by this casserole.,Christopher isn't murmured by this casserole.,syntax,argument_structure,passive_1,True,False,False,False,448,-50.52997589111328,-62.26168441772461,1
Curtis wasn't admired by a library.,Curtis wasn't muttered by a library.,syntax,argument_structure,passive_1,True,False,False,False,449,-54.52069091796875,-61.51875305175781,1
Bradley's guests aren't astounded by this report about Monet.,Bradley's guests aren't waved by this report about Monet.,syntax,argument_structure,passive_1,True,False,False,False,450,-90.91612243652344,-84.65847778320312,0
Some legislatures aren't upset by a coat.,Some legislatures aren't clashed by a coat.,syntax,argument_structure,passive_1,True,False,False,False,451,-51.75432586669922,-56.232017517089844,1
Jesus's mentor is impressed by the lights.,Jesus's mentor is nodded by the lights.,syntax,argument_structure,passive_1,True,False,False,False,452,-45.40489196777344,-51.53048324584961,1
Irene's dermatologists weren't hired by Ann.,Irene's dermatologists weren't collaborated by Ann.,syntax,argument_structure,passive_1,True,False,False,False,453,-72.31013488769531,-76.34974670410156,1
Dennis's fathers were remembered by Meredith's employee.,Dennis's fathers were blinked by Meredith's employee.,syntax,argument_structure,passive_1,True,False,False,False,454,-69.37205505371094,-77.53414154052734,1
Barbara's doctors are watched by Jeffrey's bosses.,Barbara's doctors are conferred by Jeffrey's bosses.,syntax,argument_structure,passive_1,True,False,False,False,455,-71.83027648925781,-72.76229095458984,1
Aaron's ex-husbands aren't alarmed by the essays about the Great Lakes.,Aaron's ex-husbands aren't lied by the essays about the Great Lakes.,syntax,argument_structure,passive_1,True,False,False,False,456,-103.28954315185547,-103.82820129394531,1
Nicole wasn't visited by these students.,Nicole wasn't nodded by these students.,syntax,argument_structure,passive_1,True,False,False,False,457,-50.55751037597656,-55.83031463623047,1
Heather is shocked by the school.,Heather is boasted by the school.,syntax,argument_structure,passive_1,True,False,False,False,458,-39.45957565307617,-45.514442443847656,1
Dana's plumber is visited by Margaret.,Dana's plumber is argued by Margaret.,syntax,argument_structure,passive_1,True,False,False,False,459,-59.24446105957031,-62.34800338745117,1
That actress's mothers are referenced by some boys.,That actress's mothers are collaborated by some boys.,syntax,argument_structure,passive_1,True,False,False,False,460,-59.28000259399414,-61.00039291381836,1
Leslie isn't concealed by Andrea's mentee.,Leslie isn't trained by Andrea's mentee.,syntax,argument_structure,passive_1,True,False,False,False,461,-71.11286163330078,-68.31372833251953,0
Emily's mentees weren't forgotten by Adam.,Emily's mentees weren't retaliated by Adam.,syntax,argument_structure,passive_1,True,False,False,False,462,-59.63666915893555,-69.8874282836914,1
Carrie isn't kissed by Christine.,Carrie isn't compromised by Christine.,syntax,argument_structure,passive_1,True,False,False,False,463,-54.15489196777344,-51.057830810546875,0
Beth's podiatrist wasn't hated by Joel.,Beth's podiatrist wasn't waved by Joel.,syntax,argument_structure,passive_1,True,False,False,False,464,-87.28982543945312,-89.3912582397461,1
Theresa was forgotten by every son of Joseph.,Theresa was concurred by every son of Joseph.,syntax,argument_structure,passive_1,True,False,False,False,465,-57.95256805419922,-72.1031494140625,1
Melissa isn't disturbed by Samuel.,Melissa isn't wept by Samuel.,syntax,argument_structure,passive_1,True,False,False,False,466,-51.39981460571289,-61.066246032714844,1
Sara's grandmothers are examined by this sister of those waitresses.,Sara's grandmothers are flirted by this sister of those waitresses.,syntax,argument_structure,passive_1,True,False,False,False,467,-92.05814361572266,-103.13388061523438,1
The waiters' dermatologists aren't hugged by Jerry.,The waiters' dermatologists aren't communicated by Jerry.,syntax,argument_structure,passive_1,True,False,False,False,468,-80.77894592285156,-81.786376953125,1
Leslie was embarrassed by a sister of Grace.,Leslie was spoken up by a sister of Grace.,syntax,argument_structure,passive_1,True,False,False,False,469,-53.11410903930664,-58.1046142578125,1
All actresses' nephew was bothered by Carlos.,All actresses' nephew was littered by Carlos.,syntax,argument_structure,passive_1,True,False,False,False,470,-60.08277130126953,-61.216697692871094,1
Some women are disagreed with by documentaries.,Some women are trained by documentaries.,syntax,argument_structure,passive_1,True,False,False,False,471,-47.343849182128906,-34.69916534423828,0
Noah's dermatologists aren't respected by Cindy.,Noah's dermatologists aren't responded by Cindy.,syntax,argument_structure,passive_1,True,False,False,False,472,-69.76493835449219,-69.23265838623047,0
Charles's teacher isn't shocked by Rachelle.,Charles's teacher isn't murmured by Rachelle.,syntax,argument_structure,passive_1,True,False,False,False,473,-57.54957580566406,-68.56857299804688,1
Marcus's teacher isn't alarmed by Jesus.,Marcus's teacher isn't waved by Jesus.,syntax,argument_structure,passive_1,True,False,False,False,474,-50.547203063964844,-49.98249816894531,0
Vanessa's mothers were shocked by these students.,Vanessa's mothers were corresponded by these students.,syntax,argument_structure,passive_1,True,False,False,False,475,-56.08256912231445,-64.12684631347656,1
Most patients' son is examined by Wayne.,Most patients' son is littered by Wayne.,syntax,argument_structure,passive_1,True,False,False,False,476,-52.71006774902344,-54.51871871948242,1
Martha wasn't confused by Nina.,Martha wasn't compromised by Nina.,syntax,argument_structure,passive_1,True,False,False,False,477,-48.430908203125,-49.03147506713867,1
Many girls are irritated by Angela.,Many girls are cooperated by Angela.,syntax,argument_structure,passive_1,True,False,False,False,478,-41.8082389831543,-44.772056579589844,1
Heidi isn't distracted by Curtis.,Heidi isn't spoken up by Curtis.,syntax,argument_structure,passive_1,True,False,False,False,479,-49.72146987915039,-53.9373779296875,1
Winston Churchill was confused by Cindy's tutor.,Winston Churchill was wept by Cindy's tutor.,syntax,argument_structure,passive_1,True,False,False,False,480,-68.1662368774414,-85.1421890258789,1
Jesus's colleagues are appreciated by Catherine.,Jesus's colleagues are worked hard by Catherine.,syntax,argument_structure,passive_1,True,False,False,False,481,-46.093482971191406,-57.57644271850586,1
Winston Churchill isn't seen by Guy's oncologists.,Winston Churchill isn't muttered by Guy's oncologists.,syntax,argument_structure,passive_1,True,False,False,False,482,-83.18940734863281,-93.24139404296875,1
Colleen wasn't helped by doctors.,Colleen wasn't nodded by doctors.,syntax,argument_structure,passive_1,True,False,False,False,483,-48.46174621582031,-53.08960723876953,1
The actresses are appreciated by Steve.,The actresses are responded by Steve.,syntax,argument_structure,passive_1,True,False,False,False,484,-41.59911346435547,-43.59741973876953,1
A lot of adults are admired by Douglas.,A lot of adults are talked by Douglas.,syntax,argument_structure,passive_1,True,False,False,False,485,-47.348609924316406,-48.382232666015625,1
Alan's nephews are hugged by every child.,Alan's nephews are conferred by every child.,syntax,argument_structure,passive_1,True,False,False,False,486,-51.447364807128906,-51.401512145996094,0
Ruth's French teacher wasn't remembered by Adam.,Ruth's French teacher wasn't complained by Adam.,syntax,argument_structure,passive_1,True,False,False,False,487,-68.64712524414062,-72.16483306884766,1
Alan's French teacher isn't observed by these men.,Alan's French teacher isn't argued by these men.,syntax,argument_structure,passive_1,True,False,False,False,488,-59.91839599609375,-61.529998779296875,1
Tanya's granddaughters were remembered by Raymond.,Tanya's granddaughters were coped by Raymond.,syntax,argument_structure,passive_1,True,False,False,False,489,-72.2755355834961,-78.66854858398438,1
These governments weren't boycotted by Rachel.,These governments weren't interacted by Rachel.,syntax,argument_structure,passive_1,True,False,False,False,490,-71.16383361816406,-53.93646240234375,0
Some guests aren't embarrassed by the windows.,Some guests aren't negotiated by the windows.,syntax,argument_structure,passive_1,True,False,False,False,491,-47.02558898925781,-48.94219970703125,1
A lot of girls are disliked by the boy.,A lot of girls are flirted by the boy.,syntax,argument_structure,passive_1,True,False,False,False,492,-51.083038330078125,-56.72395324707031,1
Kirsten isn't described by the mother of Rodney.,Kirsten isn't argued by the mother of Rodney.,syntax,argument_structure,passive_1,True,False,False,False,493,-68.8572769165039,-71.83892822265625,1
Wayne was embarrassed by Pamela's doctor.,Wayne was screamed by Pamela's doctor.,syntax,argument_structure,passive_1,True,False,False,False,494,-55.118629455566406,-59.717041015625,1
A lot of grandsons of those teenagers aren't aggravated by every sketch of Joseph.,A lot of grandsons of those teenagers aren't shrugged by every sketch of Joseph.,syntax,argument_structure,passive_1,True,False,False,False,495,-118.86639404296875,-121.68624877929688,1
This patient wasn't impressed by this show about art.,This patient wasn't lied by this show about art.,syntax,argument_structure,passive_1,True,False,False,False,496,-62.160911560058594,-67.45453643798828,1
George was fired by Russell.,George was talked by Russell.,syntax,argument_structure,passive_1,True,False,False,False,497,-29.293498992919922,-31.117563247680664,1
Carol was helped by Jane.,Carol was argued by Jane.,syntax,argument_structure,passive_1,True,False,False,False,498,-39.93754577636719,-42.53992462158203,1
Kristen is seen by Carrie's ex-wives.,Kristen is littered by Carrie's ex-wives.,syntax,argument_structure,passive_1,True,False,False,False,499,-58.81256103515625,-63.20664978027344,1
Craig is known by Carl.,Craig is left by Carl.,syntax,argument_structure,passive_1,True,False,False,False,500,-30.34952163696289,-33.50015640258789,1
Kathleen's spouse was loved by Donna.,Kathleen's spouse was laughed by Donna.,syntax,argument_structure,passive_1,True,False,False,False,501,-69.00816345214844,-72.5056381225586,1
Gary is fired by Carmen's partners.,Gary is littered by Carmen's partners.,syntax,argument_structure,passive_1,True,False,False,False,502,-46.623634338378906,-48.01169967651367,1
Scott is respected by Rhonda's daughter.,Scott is waved by Rhonda's daughter.,syntax,argument_structure,passive_1,True,False,False,False,503,-54.65581130981445,-58.628562927246094,1
The Lutherans are distracted by Carlos.,The Lutherans are reacted by Carlos.,syntax,argument_structure,passive_1,True,False,False,False,504,-51.865013122558594,-52.719093322753906,1
Some governments aren't annoyed by some show about the Clintons.,Some governments aren't interacted by some show about the Clintons.,syntax,argument_structure,passive_1,True,False,False,False,505,-69.02572631835938,-70.78321838378906,1
Kenneth is appreciated by Chad.,Kenneth is laughed by Chad.,syntax,argument_structure,passive_1,True,False,False,False,506,-40.163307189941406,-45.13035583496094,1
The hospital was cleaned by Carrie's sister.,The hospital was collaborated by Carrie's sister.,syntax,argument_structure,passive_1,True,False,False,False,507,-52.08982849121094,-53.492454528808594,1
The museum is escaped from by Beverly.,The museum is communicated by Beverly.,syntax,argument_structure,passive_1,True,False,False,False,508,-49.655494689941406,-41.45564651489258,0
Melinda's friends weren't seen by David's guest.,Melinda's friends weren't replied by David's guest.,syntax,argument_structure,passive_1,True,False,False,False,509,-61.061012268066406,-65.14987182617188,1
Renee's mentee wasn't described by a bank.,Renee's mentee wasn't disagreed by a bank.,syntax,argument_structure,passive_1,True,False,False,False,510,-67.2684326171875,-69.44727325439453,1
Robert isn't seen by every senator's ex-husband.,Robert isn't nodded by every senator's ex-husband.,syntax,argument_structure,passive_1,True,False,False,False,511,-64.41983032226562,-70.69661712646484,1
Amelia's ex-wives were left by Cynthia.,Amelia's ex-wives were worked hard by Cynthia.,syntax,argument_structure,passive_1,True,False,False,False,512,-70.01710510253906,-81.76797485351562,1
That hospital isn't disturbed by this commentary about music.,That hospital isn't clashed by this commentary about music.,syntax,argument_structure,passive_1,True,False,False,False,513,-66.00325775146484,-69.73150634765625,1
The Impressionists were alarmed by current events.,The Impressionists were wept by current events.,syntax,argument_structure,passive_1,True,False,False,False,514,-61.13636779785156,-74.86441040039062,1
Todd's associates are confused by Winston Churchill.,Todd's associates are muttered by Winston Churchill.,syntax,argument_structure,passive_1,True,False,False,False,515,-55.68040466308594,-62.661285400390625,1
Most girls weren't concealed by Jeffrey.,Most girls weren't communicated by Jeffrey.,syntax,argument_structure,passive_1,True,False,False,False,516,-55.87982940673828,-55.11614227294922,0
Laurie wasn't investigated by Larry's guests.,Laurie wasn't fallen asleep by Larry's guests.,syntax,argument_structure,passive_1,True,False,False,False,517,-67.04269409179688,-72.36013793945312,1
Most guests aren't approached by Tara.,Most guests aren't collaborated by Tara.,syntax,argument_structure,passive_1,True,False,False,False,518,-51.189186096191406,-54.11956787109375,1
A lot of hospitals aren't left by the Borgias.,A lot of hospitals aren't retaliated by the Borgias.,syntax,argument_structure,passive_1,True,False,False,False,519,-70.93418884277344,-80.70484924316406,1
Claire was irritated by the mall.,Claire was fallen asleep by the mall.,syntax,argument_structure,passive_1,True,False,False,False,520,-41.60095977783203,-49.5576171875,1
Christopher is hurt by actors.,Christopher is blinked by actors.,syntax,argument_structure,passive_1,True,False,False,False,521,-33.462528228759766,-37.39995574951172,1
The government isn't alarmed by most libraries.,The government isn't conferred by most libraries.,syntax,argument_structure,passive_1,True,False,False,False,522,-54.65533447265625,-52.98030471801758,0
The Borgias aren't described by Claire.,The Borgias aren't cooperated by Claire.,syntax,argument_structure,passive_1,True,False,False,False,523,-61.71482849121094,-65.2203598022461,1
Lori wasn't hired by Alice.,Lori wasn't chuckled by Alice.,syntax,argument_structure,passive_1,True,False,False,False,524,-46.4750862121582,-51.83220291137695,1
Galileo was astounded by Amy's bosses.,Galileo was blinked by Amy's bosses.,syntax,argument_structure,passive_1,True,False,False,False,525,-72.3008041381836,-69.32678985595703,0
Those cousins of the Lutherans weren't bored by Michael's best friends.,Those cousins of the Lutherans weren't replied by Michael's best friends.,syntax,argument_structure,passive_1,True,False,False,False,526,-89.06005096435547,-89.41106414794922,1
Some guests were concealed by Mary's ex-husbands.,Some guests were competed by Mary's ex-husbands.,syntax,argument_structure,passive_1,True,False,False,False,527,-78.56764221191406,-78.55963134765625,0
That apple is lifted by Sonia.,That apple is rotted by Sonia.,syntax,argument_structure,passive_1,True,False,False,False,528,-47.965354919433594,-56.43439483642578,1
Many sons of Matt aren't hurt by a grandfather of Barbara.,Many sons of Matt aren't cooperated by a grandfather of Barbara.,syntax,argument_structure,passive_1,True,False,False,False,529,-73.7342758178711,-79.15988159179688,1
Some hospital wasn't respected by Mark.,Some hospital wasn't communicated by Mark.,syntax,argument_structure,passive_1,True,False,False,False,530,-53.14997863769531,-52.84247589111328,0
The cousin of Laurie is scanned by these boys.,The cousin of Laurie is complained by these boys.,syntax,argument_structure,passive_1,True,False,False,False,531,-61.68083953857422,-66.5489273071289,1
Omar wasn't disturbed by Debra.,Omar wasn't fallen asleep by Debra.,syntax,argument_structure,passive_1,True,False,False,False,532,-54.02149200439453,-62.319297790527344,1
Kristen's lawyers weren't astounded by that shirt.,Kristen's lawyers weren't retaliated by that shirt.,syntax,argument_structure,passive_1,True,False,False,False,533,-76.99082946777344,-74.47835540771484,0
Sheila isn't remembered by Becca.,Sheila isn't muttered by Becca.,syntax,argument_structure,passive_1,True,False,False,False,534,-53.605262756347656,-60.1041145324707,1
Rodney's electrician is distracted by some university.,Rodney's electrician is joked around by some university.,syntax,argument_structure,passive_1,True,False,False,False,535,-65.08638000488281,-78.64337158203125,1
Every teenager's grandsons weren't examined by all patients.,Every teenager's grandsons weren't spoken up by all patients.,syntax,argument_structure,passive_1,True,False,False,False,536,-83.85182189941406,-86.03250885009766,1
Most guys are annoyed by the lady.,Most guys are gone fishing by the lady.,syntax,argument_structure,passive_1,True,False,False,False,537,-38.60851287841797,-50.09817886352539,1
All grandmothers of Stephen weren't watched by Kenneth's electricians.,All grandmothers of Stephen weren't interacted by Kenneth's electricians.,syntax,argument_structure,passive_1,True,False,False,False,538,-92.41232299804688,-95.97164916992188,1
All mothers of this guest weren't appreciated by Laurie's wife.,All mothers of this guest weren't disagreed by Laurie's wife.,syntax,argument_structure,passive_1,True,False,False,False,539,-76.41869354248047,-80.59152221679688,1
A teenager is hated by Vincent.,A teenager is smiled by Vincent.,syntax,argument_structure,passive_1,True,False,False,False,540,-45.25950622558594,-47.69507598876953,1
Susan's ex-wives weren't forgotten by Derek's ex-boyfriends.,Susan's ex-wives weren't interacted by Derek's ex-boyfriends.,syntax,argument_structure,passive_1,True,False,False,False,541,-95.83184051513672,-100.65275573730469,1
Edward isn't distracted by Sonia.,Edward isn't fallen asleep by Sonia.,syntax,argument_structure,passive_1,True,False,False,False,542,-40.35552215576172,-50.18077087402344,1
Angela's ex-boyfriends weren't concealed by Laura.,Angela's ex-boyfriends weren't left by Laura.,syntax,argument_structure,passive_1,True,False,False,False,543,-89.54850769042969,-85.01089477539062,0
A lot of ladies are cared for by Steven.,A lot of ladies are conferred by Steven.,syntax,argument_structure,passive_1,True,False,False,False,544,-56.39654541015625,-51.07563781738281,0
Amanda's dermatologist is visited by Peter.,Amanda's dermatologist is gone fishing by Peter.,syntax,argument_structure,passive_1,True,False,False,False,545,-58.060264587402344,-71.91226959228516,1
Jerry's contractors weren't appreciated by this bank.,Jerry's contractors weren't wept by this bank.,syntax,argument_structure,passive_1,True,False,False,False,546,-56.86155319213867,-69.06008911132812,1
Every hospital isn't remembered by Samuel.,Every hospital isn't clashed by Samuel.,syntax,argument_structure,passive_1,True,False,False,False,547,-50.382484436035156,-55.18901062011719,1
Natalie is embarrassed by all waitresses.,Natalie is screamed by all waitresses.,syntax,argument_structure,passive_1,True,False,False,False,548,-59.930946350097656,-64.16493225097656,1
Beth's ex-husbands aren't embarrassed by some ladder.,Beth's ex-husbands aren't shrugged by some ladder.,syntax,argument_structure,passive_1,True,False,False,False,549,-91.0261459350586,-95.31901550292969,1
Steven is shocked by some river.,Steven is wept by some river.,syntax,argument_structure,passive_1,True,False,False,False,550,-36.58932113647461,-49.53057098388672,1
Janet's daughters aren't stunned by these jackets.,Janet's daughters aren't communicated by these jackets.,syntax,argument_structure,passive_1,True,False,False,False,551,-65.30948638916016,-65.00978088378906,0
The daughters of Tanya are stunned by Frank's grandsons.,The daughters of Tanya are retaliated by Frank's grandsons.,syntax,argument_structure,passive_1,True,False,False,False,552,-88.29106140136719,-98.88510131835938,1
Patrick's piano teachers are fired by Michael.,Patrick's piano teachers are flirted by Michael.,syntax,argument_structure,passive_1,True,False,False,False,553,-54.88252258300781,-65.70342254638672,1
Janice wasn't talked about by Roger's daughters.,Janice wasn't suffered by Roger's daughters.,syntax,argument_structure,passive_1,True,False,False,False,554,-63.1823844909668,-59.72629165649414,0
Those friends of Scott weren't aggravated by the blouse.,Those friends of Scott weren't sighed by the blouse.,syntax,argument_structure,passive_1,True,False,False,False,555,-67.09170532226562,-67.34635162353516,1
Karen isn't hurt by the newspaper articles about Spain.,Karen isn't gone fishing by the newspaper articles about Spain.,syntax,argument_structure,passive_1,True,False,False,False,556,-69.02461242675781,-81.4631118774414,1
Melinda was irritated by Richard.,Melinda was complained by Richard.,syntax,argument_structure,passive_1,True,False,False,False,557,-42.61126708984375,-43.87300109863281,1
All guys aren't talked about by Samantha's brothers.,All guys aren't retaliated by Samantha's brothers.,syntax,argument_structure,passive_1,True,False,False,False,558,-61.704925537109375,-69.03349304199219,1
Jennifer wasn't observed by the waitress's bosses.,Jennifer wasn't smiled by the waitress's bosses.,syntax,argument_structure,passive_1,True,False,False,False,559,-57.024383544921875,-58.772186279296875,1
Susan isn't distracted by Vanessa.,Susan isn't sighed by Vanessa.,syntax,argument_structure,passive_1,True,False,False,False,560,-43.306095123291016,-45.46851348876953,1
Spain is explored by Ellen.,Spain is communicated by Ellen.,syntax,argument_structure,passive_1,True,False,False,False,561,-32.17732238769531,-32.55612564086914,1
Grandfathers of Nina aren't helped by Joseph.,Grandfathers of Nina aren't testified by Joseph.,syntax,argument_structure,passive_1,True,False,False,False,562,-67.60159301757812,-71.75959777832031,1
Craig was remembered by Monica.,Craig was talked by Monica.,syntax,argument_structure,passive_1,True,False,False,False,563,-31.14780044555664,-32.83146667480469,1
Peter's classmate was referenced by that pedestrian.,Peter's classmate was shrugged by that pedestrian.,syntax,argument_structure,passive_1,True,False,False,False,564,-61.18785095214844,-63.34038543701172,1
The man was stunned by Dawn.,The man was left by Dawn.,syntax,argument_structure,passive_1,True,False,False,False,565,-36.348052978515625,-35.38200378417969,0
The Clintons' nephews weren't left by Angela.,The Clintons' nephews weren't testified by Angela.,syntax,argument_structure,passive_1,True,False,False,False,566,-72.3582992553711,-77.29319763183594,1
Most teachers weren't described by Tammy.,Most teachers weren't worked hard by Tammy.,syntax,argument_structure,passive_1,True,False,False,False,567,-52.36891174316406,-59.93183135986328,1
This woman's guests aren't hugged by Kristen.,This woman's guests aren't collaborated by Kristen.,syntax,argument_structure,passive_1,True,False,False,False,568,-61.95673751831055,-63.83662796020508,1
Martin was kissed by some drivers.,Martin was chuckled by some drivers.,syntax,argument_structure,passive_1,True,False,False,False,569,-37.21405792236328,-39.018707275390625,1
These senators were bored by Randolf.,These senators were testified by Randolf.,syntax,argument_structure,passive_1,True,False,False,False,570,-56.44060516357422,-57.73463439941406,1
Julia isn't praised by Kevin's senators.,Julia isn't gone fishing by Kevin's senators.,syntax,argument_structure,passive_1,True,False,False,False,571,-57.22747039794922,-67.6455078125,1
Stephen's handymen were examined by some adult.,Stephen's handymen were talked by some adult.,syntax,argument_structure,passive_1,True,False,False,False,572,-59.19875717163086,-60.4937629699707,1
The bank wasn't shocked by these horses.,The bank wasn't conspired by these horses.,syntax,argument_structure,passive_1,True,False,False,False,573,-53.40254592895508,-65.32941436767578,1
Karla is disgusted by these stories.,Karla is died by these stories.,syntax,argument_structure,passive_1,True,False,False,False,574,-41.390602111816406,-42.88271713256836,1
Laura's contractor wasn't examined by David.,Laura's contractor wasn't boasted by David.,syntax,argument_structure,passive_1,True,False,False,False,575,-54.807411193847656,-57.91120910644531,1
A museum wasn't exited by Carla's associates.,A museum wasn't struggled by Carla's associates.,syntax,argument_structure,passive_1,True,False,False,False,576,-71.67723083496094,-70.51911926269531,0
These senators aren't talked about by Dawn.,These senators aren't grinned by Dawn.,syntax,argument_structure,passive_1,True,False,False,False,577,-54.65016174316406,-55.32981872558594,1
Some dancers aren't visited by Joel.,Some dancers aren't muttered by Joel.,syntax,argument_structure,passive_1,True,False,False,False,578,-50.402252197265625,-58.84154510498047,1
Laura was fired by Roger's colleague.,Laura was talked by Roger's colleague.,syntax,argument_structure,passive_1,True,False,False,False,579,-43.193302154541016,-45.131919860839844,1
Stacy wasn't talked about by Lisa.,Stacy wasn't spoken up by Lisa.,syntax,argument_structure,passive_1,True,False,False,False,580,-55.8798942565918,-56.9784049987793,1
Timothy was forgotten by Cynthia.,Timothy was gone fishing by Cynthia.,syntax,argument_structure,passive_1,True,False,False,False,581,-45.013275146484375,-58.474891662597656,1
Andrea's ex-wife was seen by the cousins of Linda.,Andrea's ex-wife was talked by the cousins of Linda.,syntax,argument_structure,passive_1,True,False,False,False,582,-79.66294860839844,-82.95857238769531,1
Some waiter's daughters aren't admired by Winston Churchill's mentee.,Some waiter's daughters aren't profited by Winston Churchill's mentee.,syntax,argument_structure,passive_1,True,False,False,False,583,-98.82524108886719,-105.04484558105469,1
All waiters aren't insulted by Beth.,All waiters aren't replied by Beth.,syntax,argument_structure,passive_1,True,False,False,False,584,-59.410823822021484,-58.50971984863281,0
Harvard University wasn't escaped from by a teacher.,Harvard University wasn't replied by a teacher.,syntax,argument_structure,passive_1,True,False,False,False,585,-64.71591186523438,-56.94157791137695,0
Some granddaughters of Claire aren't appreciated by Raymond's piano teachers.,Some granddaughters of Claire aren't smiled by Raymond's piano teachers.,syntax,argument_structure,passive_1,True,False,False,False,586,-102.32543182373047,-107.94190216064453,1
Steve's guests are referenced by Nina.,Steve's guests are cooperated by Nina.,syntax,argument_structure,passive_1,True,False,False,False,587,-45.94123840332031,-48.103981018066406,1
Ann was shocked by a picture of a rabbit.,Ann was laughed by a picture of a rabbit.,syntax,argument_structure,passive_1,True,False,False,False,588,-46.515777587890625,-50.123050689697266,1
Elaine's ex-wives weren't helped by Aaron's plumber.,Elaine's ex-wives weren't replied by Aaron's plumber.,syntax,argument_structure,passive_1,True,False,False,False,589,-86.1244125366211,-87.33195495605469,1
Denise's senator isn't disagreed with by the children.,Denise's senator isn't died by the children.,syntax,argument_structure,passive_1,True,False,False,False,590,-71.64730834960938,-63.6497688293457,0
Brian was known by Vincent.,Brian was smiled by Vincent.,syntax,argument_structure,passive_1,True,False,False,False,591,-29.816234588623047,-35.89199447631836,1
These drivers weren't remembered by Kathleen.,These drivers weren't joked around by Kathleen.,syntax,argument_structure,passive_1,True,False,False,False,592,-51.08928680419922,-63.16227340698242,1
Tamara's grandfathers weren't scared by Melanie.,Tamara's grandfathers weren't replied by Melanie.,syntax,argument_structure,passive_1,True,False,False,False,593,-71.02256774902344,-70.06440734863281,0
Those adults aren't described by Andrew's students.,Those adults aren't compromised by Andrew's students.,syntax,argument_structure,passive_1,True,False,False,False,594,-57.98458480834961,-57.38639831542969,0
The nieces of Theodore aren't disagreed with by Bill's best friends.,The nieces of Theodore aren't struggled by Bill's best friends.,syntax,argument_structure,passive_1,True,False,False,False,595,-103.49000549316406,-95.30435943603516,0
The Clintons were seen by Stephanie's plumbers.,The Clintons were conferred by Stephanie's plumbers.,syntax,argument_structure,passive_1,True,False,False,False,596,-62.20771789550781,-65.5155029296875,1
Rodney isn't criticized by those associations.,Rodney isn't gone fishing by those associations.,syntax,argument_structure,passive_1,True,False,False,False,597,-51.75281524658203,-60.8376579284668,1
Steven's contractor wasn't left by Alexander.,Steven's contractor wasn't joked around by Alexander.,syntax,argument_structure,passive_1,True,False,False,False,598,-52.345794677734375,-64.78323364257812,1
Some bank isn't bought by Stephanie.,Some bank isn't cooperated by Stephanie.,syntax,argument_structure,passive_1,True,False,False,False,599,-48.363670349121094,-52.660858154296875,1
Amanda's mentee wasn't stunned by Andrew's girlfriend.,Amanda's mentee wasn't left by Andrew's girlfriend.,syntax,argument_structure,passive_1,True,False,False,False,600,-77.68486022949219,-75.04401397705078,0
Paula's oncologists are known by Daniel.,Paula's oncologists are laughed by Daniel.,syntax,argument_structure,passive_1,True,False,False,False,601,-61.37036895751953,-67.81489562988281,1
Elaine's supervisor was fired by the brothers of men.,Elaine's supervisor was laughed by the brothers of men.,syntax,argument_structure,passive_1,True,False,False,False,602,-65.4897689819336,-69.4137191772461,1
The committee isn't confused by Curtis's podiatrists.,The committee isn't boasted by Curtis's podiatrists.,syntax,argument_structure,passive_1,True,False,False,False,603,-82.93257141113281,-88.40599060058594,1
George's tutors weren't helped by Teresa.,George's tutors weren't collaborated by Teresa.,syntax,argument_structure,passive_1,True,False,False,False,604,-55.91641616821289,-58.64141082763672,1
Carla's plumbers aren't fired by William.,Carla's plumbers aren't conspired by William.,syntax,argument_structure,passive_1,True,False,False,False,605,-70.50547790527344,-82.18022155761719,1
Debra's nephews are watched by Sally.,Debra's nephews are worked hard by Sally.,syntax,argument_structure,passive_1,True,False,False,False,606,-56.75931167602539,-66.08573913574219,1
That waitress was approached by Joseph.,That waitress was answered by Joseph.,syntax,argument_structure,passive_1,True,False,False,False,607,-39.91302490234375,-41.22602462768555,1
Steve's friends are annoyed by Heidi.,Steve's friends are lied by Heidi.,syntax,argument_structure,passive_1,True,False,False,False,608,-45.807044982910156,-49.7117919921875,1
Joel is left by Valerie.,Joel is joked around by Valerie.,syntax,argument_structure,passive_1,True,False,False,False,609,-37.39830017089844,-51.20726013183594,1
Sharon was watched by some lady.,Sharon was concurred by some lady.,syntax,argument_structure,passive_1,True,False,False,False,610,-42.77605056762695,-57.26911544799805,1
Tammy wasn't visited by Cynthia's daughters.,Tammy wasn't come here by Cynthia's daughters.,syntax,argument_structure,passive_1,True,False,False,False,611,-57.82151794433594,-62.199188232421875,1
Jodi wasn't praised by Regina.,Jodi wasn't died by Regina.,syntax,argument_structure,passive_1,True,False,False,False,612,-50.928436279296875,-51.52943801879883,1
The granddaughters of Irene were disliked by Dan.,The granddaughters of Irene were responded by Dan.,syntax,argument_structure,passive_1,True,False,False,False,613,-80.41094207763672,-77.77529907226562,0
A lot of legislatures were embarrassed by Diane.,A lot of legislatures were conspired by Diane.,syntax,argument_structure,passive_1,True,False,False,False,614,-58.11447525024414,-71.701171875,1
Alice's associates aren't praised by Brett.,Alice's associates aren't testified by Brett.,syntax,argument_structure,passive_1,True,False,False,False,615,-60.71759033203125,-63.10667419433594,1
All sisters of many guys are disliked by these grandmothers of Susan.,All sisters of many guys are worked hard by these grandmothers of Susan.,syntax,argument_structure,passive_1,True,False,False,False,616,-84.95623779296875,-89.987060546875,1
Jodi isn't escaped from by every teacher.,Jodi isn't chuckled by every teacher.,syntax,argument_structure,passive_1,True,False,False,False,617,-61.516571044921875,-56.50551986694336,0
Benjamin wasn't criticized by all grandmothers of every child.,Benjamin wasn't come here by all grandmothers of every child.,syntax,argument_structure,passive_1,True,False,False,False,618,-74.89083862304688,-79.10755920410156,1
Those doctors weren't talked about by Ronald.,Those doctors weren't coped by Ronald.,syntax,argument_structure,passive_1,True,False,False,False,619,-56.87353515625,-59.41313934326172,1
Jill's mentees weren't scared by the essay.,Jill's mentees weren't struggled by the essay.,syntax,argument_structure,passive_1,True,False,False,False,620,-73.04304504394531,-71.74360656738281,0
Clyde was remembered by this customer.,Clyde was compromised by this customer.,syntax,argument_structure,passive_1,True,False,False,False,621,-54.652191162109375,-54.78355407714844,1
These girls were remembered by a granddaughter of Peter.,These girls were testified by a granddaughter of Peter.,syntax,argument_structure,passive_1,True,False,False,False,622,-53.432594299316406,-57.896549224853516,1
Men are hired by Janice's cousins.,Men are left by Janice's cousins.,syntax,argument_structure,passive_1,True,False,False,False,623,-48.47392272949219,-49.08789825439453,1
Nancy wasn't disagreed with by every cousin of Rodney.,Nancy wasn't concurred by every cousin of Rodney.,syntax,argument_structure,passive_1,True,False,False,False,624,-83.1654052734375,-86.41404724121094,1
Kristen isn't known by Jerry.,Kristen isn't cried by Jerry.,syntax,argument_structure,passive_1,True,False,False,False,625,-44.63288879394531,-48.657188415527344,1
These drivers aren't escaped from by Sally.,These drivers aren't coped by Sally.,syntax,argument_structure,passive_1,True,False,False,False,626,-58.2978630065918,-55.102081298828125,0
Tamara's senators were discussed by Eric.,Tamara's senators were profited by Eric.,syntax,argument_structure,passive_1,True,False,False,False,627,-58.43586730957031,-64.95221710205078,1
Andrew is approached by Theresa.,Andrew is chuckled by Theresa.,syntax,argument_structure,passive_1,True,False,False,False,628,-34.121585845947266,-41.582679748535156,1
Most legislatures are confused by that glass.,Most legislatures are conferred by that glass.,syntax,argument_structure,passive_1,True,False,False,False,629,-48.899593353271484,-51.278480529785156,1
Irene isn't criticized by Beverly.,Irene isn't complained by Beverly.,syntax,argument_structure,passive_1,True,False,False,False,630,-55.6982307434082,-56.26837921142578,1
Jason's grandmothers weren't cared for by Joseph.,Jason's grandmothers weren't clashed by Joseph.,syntax,argument_structure,passive_1,True,False,False,False,631,-61.92555618286133,-61.290016174316406,0
A sister of Florence is escaped from by Diana.,A sister of Florence is disagreed by Diana.,syntax,argument_structure,passive_1,True,False,False,False,632,-63.96940612792969,-60.42667007446289,0
April's grandmothers were discussed by Liam.,April's grandmothers were flirted by Liam.,syntax,argument_structure,passive_1,True,False,False,False,633,-53.54737854003906,-64.39508056640625,1
A lot of senators were distracted by some doors.,A lot of senators were gone fishing by some doors.,syntax,argument_structure,passive_1,True,False,False,False,634,-55.92264175415039,-67.83251953125,1
Christina was insulted by Kirsten.,Christina was chuckled by Kirsten.,syntax,argument_structure,passive_1,True,False,False,False,635,-40.95726776123047,-43.95616912841797,1
Many waitresses aren't annoyed by most carriages.,Many waitresses aren't answered by most carriages.,syntax,argument_structure,passive_1,True,False,False,False,636,-72.07614135742188,-72.26808166503906,1
Some waiters weren't insulted by Homer.,Some waiters weren't complained by Homer.,syntax,argument_structure,passive_1,True,False,False,False,637,-62.47657012939453,-61.38469314575195,0
Kendra's dentist isn't discussed by these children.,Kendra's dentist isn't fallen asleep by these children.,syntax,argument_structure,passive_1,True,False,False,False,638,-61.55784606933594,-71.72502136230469,1
That university was impressed by that water.,That university was replied by that water.,syntax,argument_structure,passive_1,True,False,False,False,639,-43.95912170410156,-48.07775115966797,1
Bethany isn't kissed by some men.,Bethany isn't come here by some men.,syntax,argument_structure,passive_1,True,False,False,False,640,-60.00956344604492,-61.597564697265625,1
Daughters of Carolyn are helped by Valerie.,Daughters of Carolyn are fallen asleep by Valerie.,syntax,argument_structure,passive_1,True,False,False,False,641,-64.93359375,-75.89433288574219,1
Bradley's guests were alarmed by Paul.,Bradley's guests were coped by Paul.,syntax,argument_structure,passive_1,True,False,False,False,642,-50.37195587158203,-57.18854522705078,1
Julia wasn't visited by the Impressionists.,Julia wasn't sighed by the Impressionists.,syntax,argument_structure,passive_1,True,False,False,False,643,-59.59252166748047,-63.40707778930664,1
Samuel's teachers weren't discussed by Kendra.,Samuel's teachers weren't testified by Kendra.,syntax,argument_structure,passive_1,True,False,False,False,644,-64.14788055419922,-66.63488006591797,1
A waiter is escaped from by an actress.,A waiter is talked by an actress.,syntax,argument_structure,passive_1,True,False,False,False,645,-53.530128479003906,-47.14594268798828,0
Waiters were investigated by that teacher's ex-wife.,Waiters were responded by that teacher's ex-wife.,syntax,argument_structure,passive_1,True,False,False,False,646,-64.22410583496094,-66.0550537109375,1
Some government is astounded by Holly.,Some government is negotiated by Holly.,syntax,argument_structure,passive_1,True,False,False,False,647,-50.48670959472656,-40.890960693359375,0
Gary wasn't disliked by Bethany.,Gary wasn't suffered by Bethany.,syntax,argument_structure,passive_1,True,False,False,False,648,-47.959678649902344,-45.775489807128906,0
Linda's lawyer isn't annoyed by most candles.,Linda's lawyer isn't joked around by most candles.,syntax,argument_structure,passive_1,True,False,False,False,649,-66.60250854492188,-77.92281341552734,1
Gina's ex-boyfriends are stunned by Brad's associate.,Gina's ex-boyfriends are interacted by Brad's associate.,syntax,argument_structure,passive_1,True,False,False,False,650,-92.57210540771484,-98.14530944824219,1
A child's partners weren't hurt by those lakes.,A child's partners weren't responded by those lakes.,syntax,argument_structure,passive_1,True,False,False,False,651,-66.57437133789062,-67.43165588378906,1
Many nephews of Maria are fired by this senator's granddaughters.,Many nephews of Maria are testified by this senator's granddaughters.,syntax,argument_structure,passive_1,True,False,False,False,652,-99.8106689453125,-104.01879119873047,1
Danielle was disturbed by some apple.,Danielle was chuckled by some apple.,syntax,argument_structure,passive_1,True,False,False,False,653,-45.36565399169922,-49.78180694580078,1
Christina isn't attacked by some child.,Christina isn't complained by some child.,syntax,argument_structure,passive_1,True,False,False,False,654,-47.32680892944336,-49.02493667602539,1
Most legislatures were bothered by Homer.,Most legislatures were cooperated by Homer.,syntax,argument_structure,passive_1,True,False,False,False,655,-47.94610595703125,-49.87357711791992,1
The patient's tutor is watched by Stephen's electricians.,The patient's tutor is fallen asleep by Stephen's electricians.,syntax,argument_structure,passive_1,True,False,False,False,656,-78.85430908203125,-89.07018280029297,1
Leslie's guests weren't watched by the women's teacher.,Leslie's guests weren't reacted by the women's teacher.,syntax,argument_structure,passive_1,True,False,False,False,657,-66.5629653930664,-69.82008361816406,1
Donna's fathers aren't hired by cashiers.,Donna's fathers aren't replied by cashiers.,syntax,argument_structure,passive_1,True,False,False,False,658,-70.14612579345703,-72.50079345703125,1
Elizabeth's dentists weren't disgusted by Holly.,Elizabeth's dentists weren't interacted by Holly.,syntax,argument_structure,passive_1,True,False,False,False,659,-62.66761016845703,-64.24073791503906,1
Christopher was remembered by Rachelle.,Christopher was trained by Rachelle.,syntax,argument_structure,passive_1,True,False,False,False,660,-36.375816345214844,-35.690040588378906,0
Carrie isn't upset by most mothers of this doctor.,Carrie isn't compromised by most mothers of this doctor.,syntax,argument_structure,passive_1,True,False,False,False,661,-72.02156066894531,-71.56570434570312,0
The university isn't aggravated by most waiters' French teacher.,The university isn't reacted by most waiters' French teacher.,syntax,argument_structure,passive_1,True,False,False,False,662,-89.08079528808594,-89.35765075683594,1
Theodore's associates aren't bothered by women.,Theodore's associates aren't shouted by women.,syntax,argument_structure,passive_1,True,False,False,False,663,-66.5072021484375,-70.53174591064453,1
A lot of hospitals are toured by Gary.,A lot of hospitals are responded by Gary.,syntax,argument_structure,passive_1,True,False,False,False,664,-49.58452606201172,-50.56396484375,1
Melinda wasn't impressed by these hills.,Melinda wasn't complained by these hills.,syntax,argument_structure,passive_1,True,False,False,False,665,-49.70328903198242,-53.09925079345703,1
Some granddaughter of Martin isn't scared by all teachers.,Some granddaughter of Martin isn't fallen asleep by all teachers.,syntax,argument_structure,passive_1,True,False,False,False,666,-64.87699890136719,-74.30371856689453,1
Those doctors are respected by Teresa.,Those doctors are spoken up by Teresa.,syntax,argument_structure,passive_1,True,False,False,False,667,-39.17184829711914,-45.376888275146484,1
James wasn't insulted by Kevin.,James wasn't compromised by Kevin.,syntax,argument_structure,passive_1,True,False,False,False,668,-39.94258117675781,-38.73991394042969,0
Harvard University was disturbed by the libraries.,Harvard University was struggled by the libraries.,syntax,argument_structure,passive_1,True,False,False,False,669,-49.379093170166016,-50.946807861328125,1
Patrick isn't respected by Sherry.,Patrick isn't spoken up by Sherry.,syntax,argument_structure,passive_1,True,False,False,False,670,-40.910011291503906,-44.694374084472656,1
Jesus's sons weren't hurt by Sandra.,Jesus's sons weren't answered by Sandra.,syntax,argument_structure,passive_1,True,False,False,False,671,-54.989280700683594,-56.38148498535156,1
Those women's teachers aren't stunned by this commentary about music.,Those women's teachers aren't struggled by this commentary about music.,syntax,argument_structure,passive_1,True,False,False,False,672,-75.63691711425781,-75.91963195800781,1
Anna wasn't forgotten by Deborah.,Anna wasn't blinked by Deborah.,syntax,argument_structure,passive_1,True,False,False,False,673,-40.922698974609375,-47.73712158203125,1
Cindy was disagreed with by Elaine's dermatologists.,Cindy was complained by Elaine's dermatologists.,syntax,argument_structure,passive_1,True,False,False,False,674,-77.38265991210938,-70.57035827636719,0
Some nieces of Melissa weren't appreciated by Patricia's colleagues.,Some nieces of Melissa weren't worked hard by Patricia's colleagues.,syntax,argument_structure,passive_1,True,False,False,False,675,-90.28646850585938,-99.6953125,1
Martin wasn't impressed by Raymond.,Martin wasn't wept by Raymond.,syntax,argument_structure,passive_1,True,False,False,False,676,-39.20270538330078,-52.085365295410156,1
Some boy's grandmothers weren't talked about by Joel.,Some boy's grandmothers weren't complained by Joel.,syntax,argument_structure,passive_1,True,False,False,False,677,-71.48222351074219,-70.3933334350586,0
Richard's handymen were disliked by that student's cousin.,Richard's handymen were retaliated by that student's cousin.,syntax,argument_structure,passive_1,True,False,False,False,678,-81.31721496582031,-85.28657531738281,1
Lissa's French teachers are examined by Beth.,Lissa's French teachers are conferred by Beth.,syntax,argument_structure,passive_1,True,False,False,False,679,-66.09212493896484,-65.87767791748047,0
All schools aren't disliked by Amanda.,All schools aren't chatted by Amanda.,syntax,argument_structure,passive_1,True,False,False,False,680,-50.933441162109375,-55.06083679199219,1
Eva's granddaughters weren't scared by that turtle.,Eva's granddaughters weren't conspired by that turtle.,syntax,argument_structure,passive_1,True,False,False,False,681,-81.37016296386719,-93.4906997680664,1
Spain is bothered by Linda.,Spain is interacted by Linda.,syntax,argument_structure,passive_1,True,False,False,False,682,-32.488670349121094,-35.518795013427734,1
Kenneth's lawyers aren't hated by those daughters of Martin.,Kenneth's lawyers aren't smiled by those daughters of Martin.,syntax,argument_structure,passive_1,True,False,False,False,683,-81.14839935302734,-82.16238403320312,1
Wayne wasn't kissed by Catherine.,Wayne wasn't lied by Catherine.,syntax,argument_structure,passive_1,True,False,False,False,684,-51.74717330932617,-53.066322326660156,1
This driver is stunned by Homer.,This driver is joked around by Homer.,syntax,argument_structure,passive_1,True,False,False,False,685,-41.0004768371582,-53.13172912597656,1
Some women are confused by the actresses' employees.,Some women are competed by the actresses' employees.,syntax,argument_structure,passive_1,True,False,False,False,686,-51.713340759277344,-55.08575439453125,1
Many children are visited by this friend of Donald.,Many children are responded by this friend of Donald.,syntax,argument_structure,passive_1,True,False,False,False,687,-51.844635009765625,-54.553348541259766,1
Sarah's plumbers were left by Matt.,Sarah's plumbers were struggled by Matt.,syntax,argument_structure,passive_1,True,False,False,False,688,-53.50407409667969,-56.88670349121094,1
Claire wasn't referenced by that cousin of those dancers.,Claire wasn't talked by that cousin of those dancers.,syntax,argument_structure,passive_1,True,False,False,False,689,-76.54468536376953,-73.84632873535156,0
Gerald isn't watched by Sandra.,Gerald isn't laughed by Sandra.,syntax,argument_structure,passive_1,True,False,False,False,690,-51.18448257446289,-53.140785217285156,1
Elizabeth is respected by Margaret's podiatrists.,Elizabeth is murmured by Margaret's podiatrists.,syntax,argument_structure,passive_1,True,False,False,False,691,-65.96453857421875,-76.93359375,1
A girl isn't praised by Diane.,A girl isn't complained by Diane.,syntax,argument_structure,passive_1,True,False,False,False,692,-51.928016662597656,-53.28415298461914,1
Jill wasn't aggravated by some sketches.,Jill wasn't blinked by some sketches.,syntax,argument_structure,passive_1,True,False,False,False,693,-58.9371337890625,-61.88521957397461,1
Most cashiers weren't disgusted by every association.,Most cashiers weren't talked by every association.,syntax,argument_structure,passive_1,True,False,False,False,694,-69.89871215820312,-67.10270690917969,0
Grace's cousins are bored by Kenneth.,Grace's cousins are reacted by Kenneth.,syntax,argument_structure,passive_1,True,False,False,False,695,-59.5322265625,-58.39126968383789,0
Natalie's handymen weren't disliked by Gary.,Natalie's handymen weren't answered by Gary.,syntax,argument_structure,passive_1,True,False,False,False,696,-76.11311340332031,-74.1000747680664,0
Larry's lawyers weren't embarrassed by Amy's fathers.,Larry's lawyers weren't retaliated by Amy's fathers.,syntax,argument_structure,passive_1,True,False,False,False,697,-66.75699615478516,-74.7615966796875,1
Catherine is criticized by William.,Catherine is wept by William.,syntax,argument_structure,passive_1,True,False,False,False,698,-41.28390884399414,-57.34237289428711,1
Stacy was hugged by a waitress.,Stacy was wept by a waitress.,syntax,argument_structure,passive_1,True,False,False,False,699,-44.96401596069336,-59.20989227294922,1
Sabrina wasn't disliked by Andrea.,Sabrina wasn't complained by Andrea.,syntax,argument_structure,passive_1,True,False,False,False,700,-54.474021911621094,-54.85127258300781,1
Andrea's electricians weren't hired by Ellen.,Andrea's electricians weren't laughed by Ellen.,syntax,argument_structure,passive_1,True,False,False,False,701,-74.26210021972656,-76.03108215332031,1
Walter's senators are bothered by most coats.,Walter's senators are flirted by most coats.,syntax,argument_structure,passive_1,True,False,False,False,702,-62.41011047363281,-71.56303405761719,1
Granddaughters of Dawn aren't annoyed by some plays.,Granddaughters of Dawn aren't laughed by some plays.,syntax,argument_structure,passive_1,True,False,False,False,703,-76.54501342773438,-78.93109893798828,1
A lot of dancers' supervisors aren't concealed by Heather.,A lot of dancers' supervisors aren't responded by Heather.,syntax,argument_structure,passive_1,True,False,False,False,704,-78.88020324707031,-76.96619415283203,0
Guys are kissed by these daughters of Lawrence.,Guys are replied by these daughters of Lawrence.,syntax,argument_structure,passive_1,True,False,False,False,705,-61.42030334472656,-61.235313415527344,0
These adults' French teacher isn't talked about by Caroline.,These adults' French teacher isn't argued by Caroline.,syntax,argument_structure,passive_1,True,False,False,False,706,-75.28797149658203,-74.9634780883789,0
Christine wasn't scared by some adults.,Christine wasn't sighed by some adults.,syntax,argument_structure,passive_1,True,False,False,False,707,-51.59082794189453,-53.613258361816406,1
All associations are impressed by Julia.,All associations are negotiated by Julia.,syntax,argument_structure,passive_1,True,False,False,False,708,-40.68711853027344,-42.449005126953125,1
Ann wasn't attacked by Jessica's sons.,Ann wasn't joked around by Jessica's sons.,syntax,argument_structure,passive_1,True,False,False,False,709,-50.46378707885742,-61.64857864379883,1
This school wasn't visited by Todd.,This school wasn't competed by Todd.,syntax,argument_structure,passive_1,True,False,False,False,710,-46.94584655761719,-50.96467208862305,1
Nancy was observed by Bethany's friends.,Nancy was concurred by Bethany's friends.,syntax,argument_structure,passive_1,True,False,False,False,711,-57.00579833984375,-71.38330841064453,1
The daughter of Emily is escaped from by Vincent's doctor.,The daughter of Emily is murmured by Vincent's doctor.,syntax,argument_structure,passive_1,True,False,False,False,712,-75.563720703125,-75.54383087158203,0
Kevin wasn't hurt by some photograph of that actress.,Kevin wasn't waved by some photograph of that actress.,syntax,argument_structure,passive_1,True,False,False,False,713,-61.61351776123047,-65.48075866699219,1
Gerald's piano teachers were embarrassed by some pasta.,Gerald's piano teachers were flirted by some pasta.,syntax,argument_structure,passive_1,True,False,False,False,714,-71.7316665649414,-82.64313507080078,1
Every child was respected by Julie's guests.,Every child was compromised by Julie's guests.,syntax,argument_structure,passive_1,True,False,False,False,715,-52.16136169433594,-51.716251373291016,0
Andrew is irritated by Irene.,Andrew is screamed by Irene.,syntax,argument_structure,passive_1,True,False,False,False,716,-35.50806427001953,-37.34358215332031,1
Todd wasn't upset by a lot of men's electrician.,Todd wasn't compromised by a lot of men's electrician.,syntax,argument_structure,passive_1,True,False,False,False,717,-63.1997184753418,-62.71937942504883,0
Jesus is criticized by these women.,Jesus is trained by these women.,syntax,argument_structure,passive_1,True,False,False,False,718,-29.936725616455078,-28.40717887878418,0
Some peppers are admired by patients' hairdressers.,Some peppers are rotted by patients' hairdressers.,syntax,argument_structure,passive_1,True,False,False,False,719,-71.1416015625,-82.25083923339844,1
All students were praised by Anna.,All students were complained by Anna.,syntax,argument_structure,passive_1,True,False,False,False,720,-35.91938400268555,-41.338531494140625,1
All waiters weren't admired by Timothy.,All waiters weren't chuckled by Timothy.,syntax,argument_structure,passive_1,True,False,False,False,721,-61.98801803588867,-65.56523132324219,1
Clyde was disturbed by that drawing of a lot of restaurants.,Clyde was suffered by that drawing of a lot of restaurants.,syntax,argument_structure,passive_1,True,False,False,False,722,-76.545166015625,-77.763427734375,1
Some museums are annoyed by Carl.,Some museums are collaborated by Carl.,syntax,argument_structure,passive_1,True,False,False,False,723,-44.48506164550781,-46.72909164428711,1
Marcus's ex-husbands aren't shocked by Joel.,Marcus's ex-husbands aren't cooperated by Joel.,syntax,argument_structure,passive_1,True,False,False,False,724,-77.73770904541016,-81.95755004882812,1
Some adults' hairdressers were kissed by Bradley.,Some adults' hairdressers were struggled by Bradley.,syntax,argument_structure,passive_1,True,False,False,False,725,-77.4616928100586,-76.0284652709961,0
Brian is praised by those sons of Catherine.,Brian is trained by those sons of Catherine.,syntax,argument_structure,passive_1,True,False,False,False,726,-47.25636291503906,-47.51274871826172,1
Those banks aren't shocked by Helen.,Those banks aren't communicated by Helen.,syntax,argument_structure,passive_1,True,False,False,False,727,-51.28789520263672,-52.20322799682617,1
Those students weren't watched by Lissa.,Those students weren't collaborated by Lissa.,syntax,argument_structure,passive_1,True,False,False,False,728,-53.96612548828125,-56.23493576049805,1
Jacqueline isn't observed by Rhonda's piano teacher.,Jacqueline isn't nodded by Rhonda's piano teacher.,syntax,argument_structure,passive_1,True,False,False,False,729,-85.68598937988281,-88.39808654785156,1
Russell was stunned by Craig.,Russell was answered by Craig.,syntax,argument_structure,passive_1,True,False,False,False,730,-31.324909210205078,-31.590518951416016,1
Every grandmother of Suzanne wasn't escaped from by Joel.,Every grandmother of Suzanne wasn't gone fishing by Joel.,syntax,argument_structure,passive_1,True,False,False,False,731,-71.53324890136719,-74.70614624023438,1
Some dancers' colleagues weren't concealed by Brenda.,Some dancers' colleagues weren't joked around by Brenda.,syntax,argument_structure,passive_1,True,False,False,False,732,-69.64726257324219,-77.47866821289062,1
Laurie's teachers weren't observed by Jill's plumber.,Laurie's teachers weren't responded by Jill's plumber.,syntax,argument_structure,passive_1,True,False,False,False,733,-86.21746826171875,-85.04768371582031,0
Barbara was irritated by all fish.,Barbara was left by all fish.,syntax,argument_structure,passive_1,True,False,False,False,734,-48.94319534301758,-43.98506546020508,0
Julia's oncologists aren't bothered by Walter's grandfather.,Julia's oncologists aren't muttered by Walter's grandfather.,syntax,argument_structure,passive_1,True,False,False,False,735,-81.75083923339844,-89.58984375,1
Eva's mentees aren't visited by Christine.,Eva's mentees aren't responded by Christine.,syntax,argument_structure,passive_1,True,False,False,False,736,-62.179561614990234,-63.258384704589844,1
The universities were bothered by a lot of actors.,The universities were replied by a lot of actors.,syntax,argument_structure,passive_1,True,False,False,False,737,-47.66046142578125,-49.17790222167969,1
Diane's oncologists were referenced by Lawrence.,Diane's oncologists were communicated by Lawrence.,syntax,argument_structure,passive_1,True,False,False,False,738,-73.61723327636719,-73.04022216796875,0
Many teachers were disgusted by some art gallery.,Many teachers were fallen asleep by some art gallery.,syntax,argument_structure,passive_1,True,False,False,False,739,-51.935707092285156,-63.465728759765625,1
Todd is investigated by Guy.,Todd is grinned by Guy.,syntax,argument_structure,passive_1,True,False,False,False,740,-30.177757263183594,-36.86293411254883,1
Danielle's mentees weren't seen by these mothers of Janet.,Danielle's mentees weren't left by these mothers of Janet.,syntax,argument_structure,passive_1,True,False,False,False,741,-89.50851440429688,-92.58586120605469,1
Anne isn't known by the guy.,Anne isn't screamed by the guy.,syntax,argument_structure,passive_1,True,False,False,False,742,-36.62579345703125,-41.962772369384766,1
This niece of Naomi wasn't appreciated by the ladies.,This niece of Naomi wasn't grinned by the ladies.,syntax,argument_structure,passive_1,True,False,False,False,743,-64.04444885253906,-70.30873107910156,1
Spain is talked about by many grandfathers of Rachel.,Spain is coped by many grandfathers of Rachel.,syntax,argument_structure,passive_1,True,False,False,False,744,-66.61827087402344,-65.60918426513672,0
Margaret was watched by Carol.,Margaret was died by Carol.,syntax,argument_structure,passive_1,True,False,False,False,745,-41.94782257080078,-43.76292419433594,1
Those nephews of Diane were seen by Jessica's hairdresser.,Those nephews of Diane were reacted by Jessica's hairdresser.,syntax,argument_structure,passive_1,True,False,False,False,746,-94.4510498046875,-97.37360382080078,1
Andrew was disagreed with by Guy's daughters.,Andrew was concurred by Guy's daughters.,syntax,argument_structure,passive_1,True,False,False,False,747,-52.075252532958984,-54.64073181152344,1
A lot of customers were aggravated by a lot of ladders.,A lot of customers were screamed by a lot of ladders.,syntax,argument_structure,passive_1,True,False,False,False,748,-61.34900665283203,-65.2672348022461,1
Jesus is loved by the sons of Travis.,Jesus is shrugged by the sons of Travis.,syntax,argument_structure,passive_1,True,False,False,False,749,-45.11458969116211,-48.479496002197266,1
Lucille was disturbed by an art gallery.,Lucille was gotten fired by an art gallery.,syntax,argument_structure,passive_1,True,False,False,False,750,-49.10563278198242,-59.061744689941406,1
Grace's dermatologists aren't examined by Irene.,Grace's dermatologists aren't disagreed by Irene.,syntax,argument_structure,passive_1,True,False,False,False,751,-72.936279296875,-74.16683197021484,1
Charles's hairdressers weren't confused by Kenneth.,Charles's hairdressers weren't coped by Kenneth.,syntax,argument_structure,passive_1,True,False,False,False,752,-75.71306610107422,-80.74116516113281,1
Julie's girlfriend wasn't insulted by Helen.,Julie's girlfriend wasn't gone fishing by Helen.,syntax,argument_structure,passive_1,True,False,False,False,753,-56.95283508300781,-66.93324279785156,1
The grandsons of Erin are worried by a school.,The grandsons of Erin are left by a school.,syntax,argument_structure,passive_1,True,False,False,False,754,-76.84500122070312,-74.3614501953125,0
Judy was distracted by many glaciers.,Judy was trained by many glaciers.,syntax,argument_structure,passive_1,True,False,False,False,755,-41.57863235473633,-40.77728271484375,0
Andrew's sister was upset by a lot of hills.,Andrew's sister was nodded by a lot of hills.,syntax,argument_structure,passive_1,True,False,False,False,756,-51.05339050292969,-55.08516311645508,1
Every university is worried by this sweater.,Every university is profited by this sweater.,syntax,argument_structure,passive_1,True,False,False,False,757,-46.445743560791016,-51.94804763793945,1
All men are watched by the pedestrian's boyfriend.,All men are worked hard by the pedestrian's boyfriend.,syntax,argument_structure,passive_1,True,False,False,False,758,-55.90447998046875,-66.51104736328125,1
The cucumbers are lifted by Helen.,The cucumbers are rotted by Helen.,syntax,argument_structure,passive_1,True,False,False,False,759,-52.50030517578125,-60.8672981262207,1
Tara was annoyed by this horse.,Tara was compromised by this horse.,syntax,argument_structure,passive_1,True,False,False,False,760,-43.41970443725586,-43.477752685546875,1
Some committees weren't scared by most eyes.,Some committees weren't communicated by most eyes.,syntax,argument_structure,passive_1,True,False,False,False,761,-59.168060302734375,-58.63294982910156,0
A lot of cousins of Rose weren't alarmed by Alicia.,A lot of cousins of Rose weren't replied by Alicia.,syntax,argument_structure,passive_1,True,False,False,False,762,-79.54214477539062,-77.68516540527344,0
Brad is hurt by all drawings.,Brad is laughed by all drawings.,syntax,argument_structure,passive_1,True,False,False,False,763,-37.640098571777344,-40.270538330078125,1
Every company is boycotted by Amy's supervisor.,Every company is responded by Amy's supervisor.,syntax,argument_structure,passive_1,True,False,False,False,764,-77.05335998535156,-54.73473358154297,0
Those actors aren't bothered by Dan's associates.,Those actors aren't conspired by Dan's associates.,syntax,argument_structure,passive_1,True,False,False,False,765,-60.410057067871094,-73.9655990600586,1
Michelle's senators are visited by the Clintons.,Michelle's senators are responded by the Clintons.,syntax,argument_structure,passive_1,True,False,False,False,766,-47.657073974609375,-49.29808807373047,1
Teenagers aren't shocked by Mark.,Teenagers aren't conspired by Mark.,syntax,argument_structure,passive_1,True,False,False,False,767,-49.21223449707031,-62.58677673339844,1
Some bank was bought by Raymond.,Some bank was responded by Raymond.,syntax,argument_structure,passive_1,True,False,False,False,768,-42.06321334838867,-43.496700286865234,1
Kendra isn't referenced by Walter.,Kendra isn't left by Walter.,syntax,argument_structure,passive_1,True,False,False,False,769,-51.14195251464844,-48.14341735839844,0
Andrea's grandfathers weren't visited by Brenda.,Andrea's grandfathers weren't profited by Brenda.,syntax,argument_structure,passive_1,True,False,False,False,770,-66.662353515625,-75.77772521972656,1
Victoria is watched by Kevin.,Victoria is answered by Kevin.,syntax,argument_structure,passive_1,True,False,False,False,771,-30.000808715820312,-30.07065773010254,1
Charles wasn't hurt by most hats.,Charles wasn't concurred by most hats.,syntax,argument_structure,passive_1,True,False,False,False,772,-43.4178466796875,-57.20156478881836,1
Carlos wasn't cared for by many friends of Connie.,Carlos wasn't joked around by many friends of Connie.,syntax,argument_structure,passive_1,True,False,False,False,773,-71.4184799194336,-76.11160278320312,1
Richard wasn't talked about by Raymond.,Richard wasn't sighed by Raymond.,syntax,argument_structure,passive_1,True,False,False,False,774,-43.31636428833008,-42.259490966796875,0
Elaine isn't investigated by Homer's senator.,Elaine isn't laughed by Homer's senator.,syntax,argument_structure,passive_1,True,False,False,False,775,-63.01675796508789,-63.64405822753906,1
Jerry wasn't talked about by Sarah.,Jerry wasn't cried by Sarah.,syntax,argument_structure,passive_1,True,False,False,False,776,-44.35149383544922,-41.71160888671875,0
Barbara is bothered by customers' dermatologists.,Barbara is littered by customers' dermatologists.,syntax,argument_structure,passive_1,True,False,False,False,777,-66.80038452148438,-66.96990966796875,1
Emily's mothers were cared for by Danielle.,Emily's mothers were sighed by Danielle.,syntax,argument_structure,passive_1,True,False,False,False,778,-56.529850006103516,-52.75447082519531,0
Harvard University was confused by Douglas.,Harvard University was communicated by Douglas.,syntax,argument_structure,passive_1,True,False,False,False,779,-45.45073318481445,-46.50722885131836,1
Kenneth was investigated by Carlos.,Kenneth was lied by Carlos.,syntax,argument_structure,passive_1,True,False,False,False,780,-39.40557098388672,-44.14440155029297,1
Jessica's dentists were insulted by Tamara.,Jessica's dentists were murmured by Tamara.,syntax,argument_structure,passive_1,True,False,False,False,781,-56.93083953857422,-64.58329772949219,1
This granddaughter of Rose wasn't worried by every government.,This granddaughter of Rose wasn't left by every government.,syntax,argument_structure,passive_1,True,False,False,False,782,-66.58761596679688,-63.44429016113281,0
These boys aren't investigated by Deanna.,These boys aren't smiled by Deanna.,syntax,argument_structure,passive_1,True,False,False,False,783,-54.98072814941406,-56.646541595458984,1
Candice's niece wasn't disturbed by Benjamin's dermatologist.,Candice's niece wasn't nodded by Benjamin's dermatologist.,syntax,argument_structure,passive_1,True,False,False,False,784,-79.78315734863281,-81.75067138671875,1
This actor wasn't attacked by Deanna's handymen.,This actor wasn't cried by Deanna's handymen.,syntax,argument_structure,passive_1,True,False,False,False,785,-76.57711791992188,-79.10542297363281,1
Danielle's contractors aren't disgusted by many tomatoes.,Danielle's contractors aren't conferred by many tomatoes.,syntax,argument_structure,passive_1,True,False,False,False,786,-68.57391357421875,-69.15596771240234,1
Suzanne's daughter was embarrassed by that lake.,Suzanne's daughter was gone fishing by that lake.,syntax,argument_structure,passive_1,True,False,False,False,787,-64.45539855957031,-75.14118957519531,1
The Clintons' doctor was talked about by Martin's son.,The Clintons' doctor was concurred by Martin's son.,syntax,argument_structure,passive_1,True,False,False,False,788,-77.11731719970703,-83.82710266113281,1
Some cashier wasn't hired by Danielle.,Some cashier wasn't murmured by Danielle.,syntax,argument_structure,passive_1,True,False,False,False,789,-59.828487396240234,-72.02249908447266,1
This customer is respected by Gina.,This customer is talked by Gina.,syntax,argument_structure,passive_1,True,False,False,False,790,-42.91106414794922,-44.05494689941406,1
Melinda isn't discussed by Danielle.,Melinda isn't lied by Danielle.,syntax,argument_structure,passive_1,True,False,False,False,791,-47.14259338378906,-50.159202575683594,1
A university is impressed by a lot of snakes.,A university is replied by a lot of snakes.,syntax,argument_structure,passive_1,True,False,False,False,792,-48.10459518432617,-52.751922607421875,1
This driver is escaped from by some grandfather of Deborah.,This driver is wept by some grandfather of Deborah.,syntax,argument_structure,passive_1,True,False,False,False,793,-69.22539520263672,-74.2894287109375,1
Rodney was visited by Andrea.,Rodney was answered by Andrea.,syntax,argument_structure,passive_1,True,False,False,False,794,-40.06755065917969,-41.01543045043945,1
Janice isn't visited by the guest's granddaughters.,Janice isn't gone fishing by the guest's granddaughters.,syntax,argument_structure,passive_1,True,False,False,False,795,-74.3847427368164,-86.16492462158203,1
William wasn't bored by Bruce.,William wasn't littered by Bruce.,syntax,argument_structure,passive_1,True,False,False,False,796,-42.515201568603516,-43.69999313354492,1
Janet was loved by Lissa.,Janet was died by Lissa.,syntax,argument_structure,passive_1,True,False,False,False,797,-42.868526458740234,-45.23051452636719,1
Some cilantro wasn't lifted by Stacey.,Some cilantro wasn't rotted by Stacey.,syntax,argument_structure,passive_1,True,False,False,False,798,-64.80796813964844,-73.09625244140625,1
A father of Mitchell was embarrassed by Tina.,A father of Mitchell was come here by Tina.,syntax,argument_structure,passive_1,True,False,False,False,799,-55.5941276550293,-64.16127014160156,1
Adam wasn't respected by Angela.,Adam wasn't fallen asleep by Angela.,syntax,argument_structure,passive_1,True,False,False,False,800,-41.3774528503418,-49.23772048950195,1
Patricia was approached by Tamara.,Patricia was gone fishing by Tamara.,syntax,argument_structure,passive_1,True,False,False,False,801,-44.909202575683594,-59.356101989746094,1
Brenda wasn't criticized by Paul.,Brenda wasn't shrugged by Paul.,syntax,argument_structure,passive_1,True,False,False,False,802,-45.339805603027344,-47.45398712158203,1
A lot of peppers were admired by the brother of Kendra.,A lot of peppers were rotted by the brother of Kendra.,syntax,argument_structure,passive_1,True,False,False,False,803,-69.06636047363281,-79.38363647460938,1
Caroline's ex-husband is helped by Jennifer.,Caroline's ex-husband is trained by Jennifer.,syntax,argument_structure,passive_1,True,False,False,False,804,-70.88434600830078,-69.537841796875,0
Carrie's French teachers were hurt by Phillip.,Carrie's French teachers were corresponded by Phillip.,syntax,argument_structure,passive_1,True,False,False,False,805,-70.99360656738281,-75.32305908203125,1
Anna's daughters aren't disagreed with by Nicole's grandmother.,Anna's daughters aren't shrugged by Nicole's grandmother.,syntax,argument_structure,passive_1,True,False,False,False,806,-74.1382827758789,-69.00731658935547,0
Cindy's dermatologists aren't left by Sandra's handymen.,Cindy's dermatologists aren't collaborated by Sandra's handymen.,syntax,argument_structure,passive_1,True,False,False,False,807,-94.0087890625,-98.28984069824219,1
The associations were distracted by Kenneth's plumber.,The associations were replied by Kenneth's plumber.,syntax,argument_structure,passive_1,True,False,False,False,808,-61.48466110229492,-63.888370513916016,1
A lot of hospitals aren't alarmed by that spotlight.,A lot of hospitals aren't collaborated by that spotlight.,syntax,argument_structure,passive_1,True,False,False,False,809,-69.8941879272461,-69.40126037597656,0
Some grandmother of the cashier was left by James.,Some grandmother of the cashier was left by James.,syntax,argument_structure,passive_1,True,False,False,False,810,-65.0946044921875,-65.0946044921875,0
Dan's mentor wasn't investigated by most actresses.,Dan's mentor wasn't suffered by most actresses.,syntax,argument_structure,passive_1,True,False,False,False,811,-66.33810424804688,-64.71757507324219,0
Those legislatures are disgusted by the water.,Those legislatures are conferred by the water.,syntax,argument_structure,passive_1,True,False,False,False,812,-42.79743194580078,-42.682960510253906,0
A man is disturbed by literature.,A man is compromised by literature.,syntax,argument_structure,passive_1,True,False,False,False,813,-36.7431755065918,-36.14220428466797,0
Debra's senators weren't annoyed by Patricia.,Debra's senators weren't nodded by Patricia.,syntax,argument_structure,passive_1,True,False,False,False,814,-63.8211669921875,-66.14863586425781,1
Becky is watched by Dawn's students.,Becky is joked around by Dawn's students.,syntax,argument_structure,passive_1,True,False,False,False,815,-48.8093147277832,-60.188289642333984,1
These waiters weren't attacked by Bethany's doctors.,These waiters weren't reacted by Bethany's doctors.,syntax,argument_structure,passive_1,True,False,False,False,816,-77.22447204589844,-78.885498046875,1
Some cashier isn't hurt by some cafe.,Some cashier isn't fallen asleep by some cafe.,syntax,argument_structure,passive_1,True,False,False,False,817,-59.97840881347656,-71.4307861328125,1
Some university wasn't boycotted by Marie.,Some university wasn't competed by Marie.,syntax,argument_structure,passive_1,True,False,False,False,818,-72.48175048828125,-53.64222717285156,0
Lucille was described by Carl's father.,Lucille was sighed by Carl's father.,syntax,argument_structure,passive_1,True,False,False,False,819,-50.15287780761719,-55.86598587036133,1
Gerald isn't stunned by the tomato.,Gerald isn't murmured by the tomato.,syntax,argument_structure,passive_1,True,False,False,False,820,-54.02324295043945,-62.60050964355469,1
Jerry's mentees are stunned by every niece of Marla.,Jerry's mentees are testified by every niece of Marla.,syntax,argument_structure,passive_1,True,False,False,False,821,-79.81320190429688,-84.04706573486328,1
Alicia isn't cared for by some sister of Andrea.,Alicia isn't grinned by some sister of Andrea.,syntax,argument_structure,passive_1,True,False,False,False,822,-83.40251159667969,-79.96952056884766,0
Spain was embarrassed by a lot of pedestrians' associates.,Spain was negotiated by a lot of pedestrians' associates.,syntax,argument_structure,passive_1,True,False,False,False,823,-54.99761199951172,-55.5006103515625,1
Elaine's French teachers aren't praised by Rebecca's lawyer.,Elaine's French teachers aren't reacted by Rebecca's lawyer.,syntax,argument_structure,passive_1,True,False,False,False,824,-78.65039825439453,-80.90381622314453,1
Lisa wasn't bothered by those doors.,Lisa wasn't sighed by those doors.,syntax,argument_structure,passive_1,True,False,False,False,825,-44.03340530395508,-46.968379974365234,1
These waitresses were seen by that woman.,These waitresses were interacted by that woman.,syntax,argument_structure,passive_1,True,False,False,False,826,-56.054237365722656,-61.759281158447266,1
Jane was disturbed by these universities.,Jane was littered by these universities.,syntax,argument_structure,passive_1,True,False,False,False,827,-32.955623626708984,-35.087913513183594,1
A woman is cared for by Heidi.,A woman is come here by Heidi.,syntax,argument_structure,passive_1,True,False,False,False,828,-49.64451217651367,-51.09425354003906,1
These organizations were upset by the pants.,These organizations were competed by the pants.,syntax,argument_structure,passive_1,True,False,False,False,829,-44.646453857421875,-46.43672180175781,1
Carla isn't attacked by Teresa.,Carla isn't fallen asleep by Teresa.,syntax,argument_structure,passive_1,True,False,False,False,830,-47.15226745605469,-57.03208923339844,1
Rebecca wasn't impressed by Larry.,Rebecca wasn't left by Larry.,syntax,argument_structure,passive_1,True,False,False,False,831,-47.336708068847656,-47.1798095703125,0
Brad's dermatologists are cared for by Kenneth.,Brad's dermatologists are conspired by Kenneth.,syntax,argument_structure,passive_1,True,False,False,False,832,-64.37474060058594,-72.34613037109375,1
Most cousins of Victoria weren't disturbed by Victoria's teacher.,Most cousins of Victoria weren't chatted by Victoria's teacher.,syntax,argument_structure,passive_1,True,False,False,False,833,-74.81970977783203,-79.48440551757812,1
A lot of men's partners aren't watched by Nancy.,A lot of men's partners aren't conspired by Nancy.,syntax,argument_structure,passive_1,True,False,False,False,834,-70.27069091796875,-83.9534912109375,1
Some museum is worried by Janice.,Some museum is communicated by Janice.,syntax,argument_structure,passive_1,True,False,False,False,835,-48.24079132080078,-47.071571350097656,0
Jason wasn't watched by Ella.,Jason wasn't fallen asleep by Ella.,syntax,argument_structure,passive_1,True,False,False,False,836,-39.64788818359375,-51.613319396972656,1
Many guests aren't approached by Monica.,Many guests aren't corresponded by Monica.,syntax,argument_structure,passive_1,True,False,False,False,837,-49.016483306884766,-55.90538787841797,1
Natalie was described by Eric.,Natalie was joked around by Eric.,syntax,argument_structure,passive_1,True,False,False,False,838,-39.78702163696289,-54.14167022705078,1
The waitresses aren't respected by Stacy's guest.,The waitresses aren't negotiated by Stacy's guest.,syntax,argument_structure,passive_1,True,False,False,False,839,-75.77589416503906,-77.09420776367188,1
All nephews of Becca aren't bothered by Gregory.,All nephews of Becca aren't flirted by Gregory.,syntax,argument_structure,passive_1,True,False,False,False,840,-77.12809753417969,-86.43724060058594,1
Bradley's ex-boyfriends are praised by Carolyn.,Bradley's ex-boyfriends are responded by Carolyn.,syntax,argument_structure,passive_1,True,False,False,False,841,-81.26939392089844,-83.86416625976562,1
Jesus's colleagues were left by some waitresses.,Jesus's colleagues were shouted by some waitresses.,syntax,argument_structure,passive_1,True,False,False,False,842,-62.82300567626953,-67.68524169921875,1
Patrick isn't seen by Craig.,Patrick isn't lied by Craig.,syntax,argument_structure,passive_1,True,False,False,False,843,-34.705177307128906,-41.05888366699219,1
Harvard University wasn't passed by Mary.,Harvard University wasn't struggled by Mary.,syntax,argument_structure,passive_1,True,False,False,False,844,-55.71095275878906,-56.34192657470703,1
All nephews of students are visited by Tara.,All nephews of students are responded by Tara.,syntax,argument_structure,passive_1,True,False,False,False,845,-58.86742401123047,-61.235965728759766,1
Leslie wasn't insulted by Amy's boyfriend.,Leslie wasn't boasted by Amy's boyfriend.,syntax,argument_structure,passive_1,True,False,False,False,846,-63.4764404296875,-67.07565307617188,1
Debra isn't bored by Carlos.,Debra isn't smiled by Carlos.,syntax,argument_structure,passive_1,True,False,False,False,847,-47.25657272338867,-48.0491943359375,1
Joel's associate is aggravated by some sisters of Eric.,Joel's associate is wept by some sisters of Eric.,syntax,argument_structure,passive_1,True,False,False,False,848,-72.72755432128906,-84.98748779296875,1
All actors were disliked by Spain.,All actors were flirted by Spain.,syntax,argument_structure,passive_1,True,False,False,False,849,-41.991092681884766,-48.964534759521484,1
Aaron is appreciated by the nephew of that waitress.,Aaron is grinned by the nephew of that waitress.,syntax,argument_structure,passive_1,True,False,False,False,850,-55.94695281982422,-62.435943603515625,1
Katherine's contractors were kissed by the woman.,Katherine's contractors were suffered by the woman.,syntax,argument_structure,passive_1,True,False,False,False,851,-59.834617614746094,-57.77656555175781,0
Every woman's employees aren't described by Deborah's ex-boyfriend.,Every woman's employees aren't disagreed by Deborah's ex-boyfriend.,syntax,argument_structure,passive_1,True,False,False,False,852,-96.1046142578125,-98.82383728027344,1
Suzanne's mentor wasn't referenced by April.,Suzanne's mentor wasn't sighed by April.,syntax,argument_structure,passive_1,True,False,False,False,853,-64.34295654296875,-66.17832946777344,1
Margaret is remembered by Stephen's associates.,Margaret is shrugged by Stephen's associates.,syntax,argument_structure,passive_1,True,False,False,False,854,-53.398780822753906,-57.92681121826172,1
Samuel's tutors were discussed by this guest.,Samuel's tutors were concurred by this guest.,syntax,argument_structure,passive_1,True,False,False,False,855,-62.12759017944336,-76.23372650146484,1
Some essays about Jesus weren't concealed by Kathleen.,Some essays about Jesus weren't disagreed by Kathleen.,syntax,argument_structure,passive_1,True,False,False,False,856,-69.12773132324219,-67.62921142578125,0
Some waiters weren't known by Roger.,Some waiters weren't retaliated by Roger.,syntax,argument_structure,passive_1,True,False,False,False,857,-56.54360580444336,-67.33253479003906,1
Naomi's French teachers are loved by drivers' cousin.,Naomi's French teachers are chatted by drivers' cousin.,syntax,argument_structure,passive_1,True,False,False,False,858,-80.24214172363281,-87.37229919433594,1
Jill isn't stunned by Randolf.,Jill isn't compromised by Randolf.,syntax,argument_structure,passive_1,True,False,False,False,859,-61.07213592529297,-59.50035858154297,0
Maria isn't disgusted by Roger.,Maria isn't chuckled by Roger.,syntax,argument_structure,passive_1,True,False,False,False,860,-39.326866149902344,-41.765716552734375,1
Gina isn't criticized by Marcus.,Gina isn't come here by Marcus.,syntax,argument_structure,passive_1,True,False,False,False,861,-51.97087860107422,-52.379356384277344,1
Connie's mentees were respected by these boys.,Connie's mentees were chatted by these boys.,syntax,argument_structure,passive_1,True,False,False,False,862,-62.22541046142578,-71.36434173583984,1
A lot of legislatures aren't worried by most blouses.,A lot of legislatures aren't clashed by most blouses.,syntax,argument_structure,passive_1,True,False,False,False,863,-75.39851379394531,-79.38502502441406,1
Rhonda isn't upset by Jodi's spouse.,Rhonda isn't wept by Jodi's spouse.,syntax,argument_structure,passive_1,True,False,False,False,864,-65.00470733642578,-74.99720764160156,1
Larry isn't talked about by these universities.,Larry isn't lied by these universities.,syntax,argument_structure,passive_1,True,False,False,False,865,-46.74919128417969,-44.311805725097656,0
The Clintons aren't discussed by some waiter's podiatrist.,The Clintons aren't flirted by some waiter's podiatrist.,syntax,argument_structure,passive_1,True,False,False,False,866,-92.70186614990234,-102.45589447021484,1
Alan wasn't hated by Brian.,Alan wasn't left by Brian.,syntax,argument_structure,passive_1,True,False,False,False,867,-41.11831283569336,-39.01539611816406,0
Kathleen's partner wasn't kissed by Carlos.,Kathleen's partner wasn't grinned by Carlos.,syntax,argument_structure,passive_1,True,False,False,False,868,-75.78994750976562,-77.76939392089844,1
Those guys' bosses weren't loved by Marcus.,Those guys' bosses weren't conferred by Marcus.,syntax,argument_structure,passive_1,True,False,False,False,869,-63.8868408203125,-67.93067932128906,1
Dana isn't bothered by Christina's grandson.,Dana isn't murmured by Christina's grandson.,syntax,argument_structure,passive_1,True,False,False,False,870,-63.260475158691406,-72.7831039428711,1
This lady was described by Colleen.,This lady was waved by Colleen.,syntax,argument_structure,passive_1,True,False,False,False,871,-44.71466064453125,-49.9228630065918,1
The grandmother of teachers was concealed by Brad's podiatrists.,The grandmother of teachers was compromised by Brad's podiatrists.,syntax,argument_structure,passive_1,True,False,False,False,872,-98.46568298339844,-95.43260955810547,0
Some organization is annoyed by a lot of bicycles.,Some organization is worked hard by a lot of bicycles.,syntax,argument_structure,passive_1,True,False,False,False,873,-46.006256103515625,-55.272071838378906,1
The Borgias weren't criticized by all senators' grandfathers.,The Borgias weren't corresponded by all senators' grandfathers.,syntax,argument_structure,passive_1,True,False,False,False,874,-89.76580810546875,-96.79844665527344,1
These organizations weren't bothered by this coat.,These organizations weren't collaborated by this coat.,syntax,argument_structure,passive_1,True,False,False,False,875,-54.46082305908203,-56.48654556274414,1
Jill isn't concealed by Veronica.,Jill isn't lied by Veronica.,syntax,argument_structure,passive_1,True,False,False,False,876,-56.9073600769043,-57.77333068847656,1
Ronald's grandmothers were aggravated by this painting of Samuel.,Ronald's grandmothers were coped by this painting of Samuel.,syntax,argument_structure,passive_1,True,False,False,False,877,-84.43711853027344,-88.84140014648438,1
All apples aren't admired by Kayla's bosses.,All apples aren't rotted by Kayla's bosses.,syntax,argument_structure,passive_1,True,False,False,False,878,-70.09414672851562,-79.87662506103516,1
Daniel isn't referenced by Vanessa.,Daniel isn't wept by Vanessa.,syntax,argument_structure,passive_1,True,False,False,False,879,-44.29718017578125,-52.892120361328125,1
Some guests are known by most nephews of Deanna.,Some guests are laughed by most nephews of Deanna.,syntax,argument_structure,passive_1,True,False,False,False,880,-63.50832748413086,-70.155029296875,1
These fathers of Martha were criticized by Sonia.,These fathers of Martha were answered by Sonia.,syntax,argument_structure,passive_1,True,False,False,False,881,-58.01447296142578,-57.87991714477539,0
Anne wasn't loved by the daughter of Beverly.,Anne wasn't gotten fired by the daughter of Beverly.,syntax,argument_structure,passive_1,True,False,False,False,882,-50.90205383300781,-62.51737976074219,1
Ruth's nieces are cared for by Eva's bosses.,Ruth's nieces are cooperated by Eva's bosses.,syntax,argument_structure,passive_1,True,False,False,False,883,-92.33655548095703,-88.99227905273438,0
Donald isn't disagreed with by some stories.,Donald isn't wept by some stories.,syntax,argument_structure,passive_1,True,False,False,False,884,-48.50572967529297,-49.26457977294922,1
Clyde isn't discussed by this customer's grandson.,Clyde isn't shrugged by this customer's grandson.,syntax,argument_structure,passive_1,True,False,False,False,885,-72.79441833496094,-78.40390014648438,1
These waiters are seen by Claire.,These waiters are boasted by Claire.,syntax,argument_structure,passive_1,True,False,False,False,886,-45.14669418334961,-52.582611083984375,1
Keith's teachers weren't watched by Theresa.,Keith's teachers weren't conspired by Theresa.,syntax,argument_structure,passive_1,True,False,False,False,887,-58.2564697265625,-71.87586975097656,1
Benjamin's grandsons are alarmed by most plays.,Benjamin's grandsons are replied by most plays.,syntax,argument_structure,passive_1,True,False,False,False,888,-79.6466293334961,-81.57056427001953,1
Those fathers of people aren't confused by a lot of mirrors.,Those fathers of people aren't littered by a lot of mirrors.,syntax,argument_structure,passive_1,True,False,False,False,889,-61.78264617919922,-65.95912170410156,1
The mothers of Helen weren't discussed by Naomi.,The mothers of Helen weren't flirted by Naomi.,syntax,argument_structure,passive_1,True,False,False,False,890,-66.17466735839844,-74.3449478149414,1
Richard is attacked by those pedestrians' mentor.,Richard is shouted by those pedestrians' mentor.,syntax,argument_structure,passive_1,True,False,False,False,891,-53.49519729614258,-58.35913848876953,1
Gerald is escaped from by Anne.,Gerald is answered by Anne.,syntax,argument_structure,passive_1,True,False,False,False,892,-52.583702087402344,-44.152408599853516,0
Matt isn't cared for by that girl.,Matt isn't shrugged by that girl.,syntax,argument_structure,passive_1,True,False,False,False,893,-50.24884796142578,-47.20004653930664,0
All fathers of this child were annoyed by some actresses.,All fathers of this child were conferred by some actresses.,syntax,argument_structure,passive_1,True,False,False,False,894,-64.68851470947266,-65.88896942138672,1
These children's doctors weren't concealed by Ronald.,These children's doctors weren't cooperated by Ronald.,syntax,argument_structure,passive_1,True,False,False,False,895,-67.14482879638672,-68.54278564453125,1
Those actors aren't helped by Bruce.,Those actors aren't littered by Bruce.,syntax,argument_structure,passive_1,True,False,False,False,896,-48.3543701171875,-51.07902526855469,1
The organization wasn't embarrassed by Suzanne.,The organization wasn't cooperated by Suzanne.,syntax,argument_structure,passive_1,True,False,False,False,897,-50.804508209228516,-54.444183349609375,1
David wasn't described by the woman.,David wasn't smiled by the woman.,syntax,argument_structure,passive_1,True,False,False,False,898,-37.09537124633789,-40.06779098510742,1
The Borgias aren't scared by that newspaper article about the Balkans.,The Borgias aren't coped by that newspaper article about the Balkans.,syntax,argument_structure,passive_1,True,False,False,False,899,-93.25889587402344,-96.94630432128906,1
Joel isn't investigated by Diana.,Joel isn't shouted by Diana.,syntax,argument_structure,passive_1,True,False,False,False,900,-46.53276062011719,-48.30024719238281,1
Melinda's handymen aren't observed by Adam.,Melinda's handymen aren't retaliated by Adam.,syntax,argument_structure,passive_1,True,False,False,False,901,-70.4089126586914,-77.38699340820312,1
Diane wasn't hurt by Martin's mentor.,Diane wasn't compromised by Martin's mentor.,syntax,argument_structure,passive_1,True,False,False,False,902,-63.43366622924805,-65.11812591552734,1
Sabrina wasn't embarrassed by that mouth.,Sabrina wasn't joked around by that mouth.,syntax,argument_structure,passive_1,True,False,False,False,903,-58.05828857421875,-67.93971252441406,1
Elaine's podiatrists aren't upset by Debra's contractor.,Elaine's podiatrists aren't conspired by Debra's contractor.,syntax,argument_structure,passive_1,True,False,False,False,904,-98.93331146240234,-112.64292907714844,1
All sisters of Carl were escaped from by some father of Derek.,All sisters of Carl were died by some father of Derek.,syntax,argument_structure,passive_1,True,False,False,False,905,-85.34455871582031,-79.55426025390625,0
Brenda's hairdressers weren't appreciated by some granddaughter of John.,Brenda's hairdressers weren't responded by some granddaughter of John.,syntax,argument_structure,passive_1,True,False,False,False,906,-92.34721374511719,-93.68287658691406,1
Kristin's employee is aggravated by Melissa.,Kristin's employee is muttered by Melissa.,syntax,argument_structure,passive_1,True,False,False,False,907,-53.393157958984375,-59.80323791503906,1
Omar was admired by Rachel.,Omar was nodded by Rachel.,syntax,argument_structure,passive_1,True,False,False,False,908,-41.650447845458984,-45.54527282714844,1
Bethany isn't irritated by all sons of Amelia.,Bethany isn't complained by all sons of Amelia.,syntax,argument_structure,passive_1,True,False,False,False,909,-76.74880981445312,-76.3219223022461,0
Carlos is alarmed by Becky's girlfriend.,Carlos is gone fishing by Becky's girlfriend.,syntax,argument_structure,passive_1,True,False,False,False,910,-53.20237731933594,-63.526519775390625,1
Brian was respected by Adam's father.,Brian was compromised by Adam's father.,syntax,argument_structure,passive_1,True,False,False,False,911,-41.66511535644531,-42.16490173339844,1
Linda's best friends weren't hated by this doctor's ex-girlfriend.,Linda's best friends weren't chatted by this doctor's ex-girlfriend.,syntax,argument_structure,passive_1,True,False,False,False,912,-96.3434066772461,-103.05268859863281,1
A lot of senators weren't scared by a dancer's partners.,A lot of senators weren't responded by a dancer's partners.,syntax,argument_structure,passive_1,True,False,False,False,913,-74.10649108886719,-72.52507019042969,0
The guests were investigated by some friend of Jesus.,The guests were responded by some friend of Jesus.,syntax,argument_structure,passive_1,True,False,False,False,914,-53.17755889892578,-54.09797668457031,1
The cilantro isn't sold by Cynthia.,The cilantro isn't rotted by Cynthia.,syntax,argument_structure,passive_1,True,False,False,False,915,-55.46136474609375,-65.94298553466797,1
Lissa is approached by Omar.,Lissa is complained by Omar.,syntax,argument_structure,passive_1,True,False,False,False,916,-41.98610305786133,-49.2271728515625,1
Movies are discussed by Phillip.,Movies are disagreed by Phillip.,syntax,argument_structure,passive_1,True,False,False,False,917,-44.112571716308594,-50.59001922607422,1
Paula was impressed by Stacy.,Paula was chuckled by Stacy.,syntax,argument_structure,passive_1,True,False,False,False,918,-37.16411590576172,-43.951011657714844,1
Claire wasn't criticized by most mothers of Veronica.,Claire wasn't shouted by most mothers of Veronica.,syntax,argument_structure,passive_1,True,False,False,False,919,-79.93443298339844,-80.82615661621094,1
Elaine's supervisors weren't respected by Steven.,Elaine's supervisors weren't laughed by Steven.,syntax,argument_structure,passive_1,True,False,False,False,920,-63.510841369628906,-63.7125244140625,1
This pepper was seen by Tracy's ex-girlfriend.,This pepper was rotted by Tracy's ex-girlfriend.,syntax,argument_structure,passive_1,True,False,False,False,921,-72.93605041503906,-84.21180725097656,1
Melinda's piano teachers are annoyed by the prints of Donna.,Melinda's piano teachers are concurred by the prints of Donna.,syntax,argument_structure,passive_1,True,False,False,False,922,-79.24020385742188,-91.7807846069336,1
Galileo's lawyer is kissed by Mitchell.,Galileo's lawyer is spoken up by Mitchell.,syntax,argument_structure,passive_1,True,False,False,False,923,-66.93339538574219,-69.61033630371094,1
Mark isn't remembered by Alexander.,Mark isn't chuckled by Alexander.,syntax,argument_structure,passive_1,True,False,False,False,924,-37.38302993774414,-41.6966438293457,1
These grandmothers of Bradley aren't disliked by Charles.,These grandmothers of Bradley aren't negotiated by Charles.,syntax,argument_structure,passive_1,True,False,False,False,925,-72.19476318359375,-72.01354217529297,0
These teachers weren't forgotten by the girl.,These teachers weren't spoken up by the girl.,syntax,argument_structure,passive_1,True,False,False,False,926,-46.46995162963867,-51.966796875,1
Many museums are remembered by Rhonda.,Many museums are coped by Rhonda.,syntax,argument_structure,passive_1,True,False,False,False,927,-51.13079071044922,-57.40864562988281,1
These senators are seen by Gary's student.,These senators are collaborated by Gary's student.,syntax,argument_structure,passive_1,True,False,False,False,928,-49.74571228027344,-54.35185241699219,1
Renee's wife isn't upset by many newspaper articles.,Renee's wife isn't muttered by many newspaper articles.,syntax,argument_structure,passive_1,True,False,False,False,929,-69.59452819824219,-75.29622650146484,1
Tonya isn't concealed by Angela.,Tonya isn't shrugged by Angela.,syntax,argument_structure,passive_1,True,False,False,False,930,-46.47465133666992,-47.604736328125,1
Rodney is left by Beth.,Rodney is littered by Beth.,syntax,argument_structure,passive_1,True,False,False,False,931,-38.37297821044922,-41.590728759765625,1
Carrie isn't appreciated by Karla.,Carrie isn't lied by Karla.,syntax,argument_structure,passive_1,True,False,False,False,932,-52.453575134277344,-57.54877471923828,1
Cashiers weren't described by Diane's mother.,Cashiers weren't collaborated by Diane's mother.,syntax,argument_structure,passive_1,True,False,False,False,933,-62.88370895385742,-64.4814453125,1
Allison was disagreed with by Carol's employees.,Allison was grinned by Carol's employees.,syntax,argument_structure,passive_1,True,False,False,False,934,-64.2040786743164,-60.36079025268555,0
Doctors' dentists are watched by Edward.,Doctors' dentists are corresponded by Edward.,syntax,argument_structure,passive_1,True,False,False,False,935,-53.44123077392578,-59.29521179199219,1
The drivers aren't known by Sheila.,The drivers aren't chatted by Sheila.,syntax,argument_structure,passive_1,True,False,False,False,936,-49.74079895019531,-57.21322250366211,1
Martha isn't respected by a niece of Laura.,Martha isn't blinked by a niece of Laura.,syntax,argument_structure,passive_1,True,False,False,False,937,-67.2579345703125,-71.30524444580078,1
David's oncologists aren't attacked by every sister of Marla.,David's oncologists aren't sighed by every sister of Marla.,syntax,argument_structure,passive_1,True,False,False,False,938,-89.3907699584961,-93.19157409667969,1
Dan isn't left by Anna.,Dan isn't wept by Anna.,syntax,argument_structure,passive_1,True,False,False,False,939,-38.809539794921875,-50.347145080566406,1
Most senators' cousins aren't shocked by Lucille.,Most senators' cousins aren't corresponded by Lucille.,syntax,argument_structure,passive_1,True,False,False,False,940,-73.89158630371094,-80.1555404663086,1
Ann's daughters were hugged by Frank.,Ann's daughters were conspired by Frank.,syntax,argument_structure,passive_1,True,False,False,False,941,-50.87330627441406,-64.52887725830078,1
Sarah wasn't insulted by Stephen.,Sarah wasn't suffered by Stephen.,syntax,argument_structure,passive_1,True,False,False,False,942,-41.11430358886719,-39.04528045654297,0
A lot of teachers aren't scared by this face.,A lot of teachers aren't come here by this face.,syntax,argument_structure,passive_1,True,False,False,False,943,-61.09760665893555,-63.260074615478516,1
Those grandmothers of Sabrina aren't bothered by all unicycles.,Those grandmothers of Sabrina aren't talked by all unicycles.,syntax,argument_structure,passive_1,True,False,False,False,944,-99.69853210449219,-100.9593505859375,1
April's employee is observed by a teacher.,April's employee is gone fishing by a teacher.,syntax,argument_structure,passive_1,True,False,False,False,945,-43.54294204711914,-56.989471435546875,1
Grace's students were fired by Florence's tutors.,Grace's students were competed by Florence's tutors.,syntax,argument_structure,passive_1,True,False,False,False,946,-67.71271514892578,-70.19401550292969,1
A teacher was helped by Tamara.,A teacher was joked around by Tamara.,syntax,argument_structure,passive_1,True,False,False,False,947,-44.449398040771484,-57.030113220214844,1
Adam's girlfriend wasn't attacked by Kenneth's best friend.,Adam's girlfriend wasn't shouted by Kenneth's best friend.,syntax,argument_structure,passive_1,True,False,False,False,948,-66.02558898925781,-68.75764465332031,1
Thomas's nephews aren't forgotten by Ruth's sisters.,Thomas's nephews aren't shouted by Ruth's sisters.,syntax,argument_structure,passive_1,True,False,False,False,949,-67.21548461914062,-71.79576110839844,1
Melinda wasn't admired by a school.,Melinda wasn't screamed by a school.,syntax,argument_structure,passive_1,True,False,False,False,950,-47.03379440307617,-50.171234130859375,1
Diana was approached by Ruth.,Diana was littered by Ruth.,syntax,argument_structure,passive_1,True,False,False,False,951,-38.95252227783203,-42.210025787353516,1
All students are embarrassed by some trucks.,All students are communicated by some trucks.,syntax,argument_structure,passive_1,True,False,False,False,952,-40.10955810546875,-40.22802734375,1
Sonia's grandson was insulted by a niece of Beth.,Sonia's grandson was answered by a niece of Beth.,syntax,argument_structure,passive_1,True,False,False,False,953,-78.45442199707031,-77.70574951171875,0
Veronica's sisters are disturbed by a skirt.,Veronica's sisters are shouted by a skirt.,syntax,argument_structure,passive_1,True,False,False,False,954,-59.908023834228516,-63.623512268066406,1
Pamela's electricians aren't remembered by Ellen's ex-girlfriend.,Pamela's electricians aren't interacted by Ellen's ex-girlfriend.,syntax,argument_structure,passive_1,True,False,False,False,955,-109.67668914794922,-113.41659545898438,1
Liam wasn't scared by these photographs.,Liam wasn't died by these photographs.,syntax,argument_structure,passive_1,True,False,False,False,956,-52.3274040222168,-52.971946716308594,1
All cashiers are attacked by Deborah's sons.,All cashiers are suffered by Deborah's sons.,syntax,argument_structure,passive_1,True,False,False,False,957,-64.05328369140625,-65.51763916015625,1
Vincent is discussed by most boys' son.,Vincent is complained by most boys' son.,syntax,argument_structure,passive_1,True,False,False,False,958,-60.437740325927734,-66.23926544189453,1
Victoria's ex-boyfriends weren't concealed by Debra's grandfather.,Victoria's ex-boyfriends weren't collaborated by Debra's grandfather.,syntax,argument_structure,passive_1,True,False,False,False,959,-92.11216735839844,-91.92092895507812,0
Andrew isn't referenced by Brian.,Andrew isn't died by Brian.,syntax,argument_structure,passive_1,True,False,False,False,960,-40.324127197265625,-40.12847900390625,0
Kirsten's supervisors aren't annoyed by Rhonda.,Kirsten's supervisors aren't conspired by Rhonda.,syntax,argument_structure,passive_1,True,False,False,False,961,-80.5261459350586,-94.03706359863281,1
Monet's nephew was annoyed by guests' students.,Monet's nephew was grinned by guests' students.,syntax,argument_structure,passive_1,True,False,False,False,962,-66.03729248046875,-71.63197326660156,1
Cynthia isn't disliked by Margaret.,Cynthia isn't compromised by Margaret.,syntax,argument_structure,passive_1,True,False,False,False,963,-59.327239990234375,-56.77958679199219,0
Gina wasn't kissed by Stephanie.,Gina wasn't grinned by Stephanie.,syntax,argument_structure,passive_1,True,False,False,False,964,-49.75691223144531,-51.67173767089844,1
Lori's handymen aren't astounded by Ann.,Lori's handymen aren't competed by Ann.,syntax,argument_structure,passive_1,True,False,False,False,965,-82.49742889404297,-75.06491088867188,0
Melinda was described by Peter.,Melinda was laughed by Peter.,syntax,argument_structure,passive_1,True,False,False,False,966,-34.05266571044922,-39.5311279296875,1
Many granddaughters of Florence are annoyed by Galileo.,Many granddaughters of Florence are grinned by Galileo.,syntax,argument_structure,passive_1,True,False,False,False,967,-78.50250244140625,-84.35006713867188,1
A senator's employees aren't remembered by Noah.,A senator's employees aren't responded by Noah.,syntax,argument_structure,passive_1,True,False,False,False,968,-62.71493148803711,-62.79006576538086,1
Many adults are known by Rose.,Many adults are reacted by Rose.,syntax,argument_structure,passive_1,True,False,False,False,969,-34.049041748046875,-40.20262908935547,1
Many people are talked about by Brenda.,Many people are struggled by Brenda.,syntax,argument_structure,passive_1,True,False,False,False,970,-37.89532470703125,-35.64609909057617,0
Jill is bored by Randolf's contractor.,Jill is argued by Randolf's contractor.,syntax,argument_structure,passive_1,True,False,False,False,971,-70.47798156738281,-68.49856567382812,0
These patients' senator was disgusted by Wendy.,These patients' senator was littered by Wendy.,syntax,argument_structure,passive_1,True,False,False,False,972,-59.05147171020508,-60.02546691894531,1
Suzanne's bosses weren't criticized by Martha.,Suzanne's bosses weren't struggled by Martha.,syntax,argument_structure,passive_1,True,False,False,False,973,-71.12857055664062,-69.91572570800781,0
Marcus's nieces were referenced by an adult.,Marcus's nieces were conspired by an adult.,syntax,argument_structure,passive_1,True,False,False,False,974,-61.225433349609375,-75.16848754882812,1
Anna is impressed by current events.,Anna is suffered by current events.,syntax,argument_structure,passive_1,True,False,False,False,975,-32.90447235107422,-35.140316009521484,1
Steve was loved by Beverly.,Steve was cried by Beverly.,syntax,argument_structure,passive_1,True,False,False,False,976,-33.00566864013672,-37.04753875732422,1
Bruce isn't distracted by Kirsten.,Bruce isn't gone fishing by Kirsten.,syntax,argument_structure,passive_1,True,False,False,False,977,-41.788108825683594,-53.10505676269531,1
Susan's granddaughter wasn't stunned by every art gallery.,Susan's granddaughter wasn't shouted by every art gallery.,syntax,argument_structure,passive_1,True,False,False,False,978,-67.02719116210938,-69.2532958984375,1
Alexander was upset by Renee.,Alexander was nodded by Renee.,syntax,argument_structure,passive_1,True,False,False,False,979,-35.680564880371094,-38.157405853271484,1
John's contractor wasn't aggravated by Alicia.,John's contractor wasn't suffered by Alicia.,syntax,argument_structure,passive_1,True,False,False,False,980,-60.35740661621094,-57.89418029785156,0
All ladies weren't worried by Tammy.,All ladies weren't chatted by Tammy.,syntax,argument_structure,passive_1,True,False,False,False,981,-53.6943359375,-58.54021072387695,1
Florence was upset by this child.,Florence was grinned by this child.,syntax,argument_structure,passive_1,True,False,False,False,982,-53.406394958496094,-58.668888092041016,1
Customers' students are approached by Daniel.,Customers' students are shouted by Daniel.,syntax,argument_structure,passive_1,True,False,False,False,983,-48.012638092041016,-54.254756927490234,1
Edward's tutor was stunned by Todd.,Edward's tutor was answered by Todd.,syntax,argument_structure,passive_1,True,False,False,False,984,-49.287689208984375,-49.397727966308594,1
Linda's lawyers are watched by the Lutherans.,Linda's lawyers are clashed by the Lutherans.,syntax,argument_structure,passive_1,True,False,False,False,985,-63.19514846801758,-68.12977600097656,1
Monet was respected by Lawrence.,Monet was littered by Lawrence.,syntax,argument_structure,passive_1,True,False,False,False,986,-37.217689514160156,-38.00121307373047,1
Larry isn't admired by every senator.,Larry isn't murmured by every senator.,syntax,argument_structure,passive_1,True,False,False,False,987,-44.97029113769531,-56.57053756713867,1
Some essays about Monet weren't scanned by Michelle's best friend.,Some essays about Monet weren't disagreed by Michelle's best friend.,syntax,argument_structure,passive_1,True,False,False,False,988,-87.19796752929688,-89.06688690185547,1
Teachers aren't fired by Derek.,Teachers aren't suffered by Derek.,syntax,argument_structure,passive_1,True,False,False,False,989,-55.838951110839844,-54.74934387207031,0
Andrea's guest was hated by all universities.,Andrea's guest was shrugged by all universities.,syntax,argument_structure,passive_1,True,False,False,False,990,-62.911827087402344,-65.00814819335938,1
Maria's best friend is aggravated by a lot of gloves.,Maria's best friend is boasted by a lot of gloves.,syntax,argument_structure,passive_1,True,False,False,False,991,-58.460243225097656,-63.11136245727539,1
Brenda wasn't disturbed by every play about travel.,Brenda wasn't spoken up by every play about travel.,syntax,argument_structure,passive_1,True,False,False,False,992,-66.22869873046875,-68.592529296875,1
Brenda wasn't hurt by Martin's husband.,Brenda wasn't nodded by Martin's husband.,syntax,argument_structure,passive_1,True,False,False,False,993,-52.47528839111328,-55.61814880371094,1
Nancy's senators aren't impressed by Jennifer.,Nancy's senators aren't clashed by Jennifer.,syntax,argument_structure,passive_1,True,False,False,False,994,-63.05987548828125,-69.24024963378906,1
Adam's plumber isn't bored by Kayla's guest.,Adam's plumber isn't answered by Kayla's guest.,syntax,argument_structure,passive_1,True,False,False,False,995,-74.04104614257812,-71.72593688964844,0
Gerald's ex-boyfriends weren't visited by Ellen's daughter.,Gerald's ex-boyfriends weren't cried by Ellen's daughter.,syntax,argument_structure,passive_1,True,False,False,False,996,-92.3412857055664,-96.21525573730469,1
Every teacher is hired by Larry.,Every teacher is laughed by Larry.,syntax,argument_structure,passive_1,True,False,False,False,997,-38.028289794921875,-43.91993713378906,1
The friends of Judy weren't praised by Rachelle.,The friends of Judy weren't coped by Rachelle.,syntax,argument_structure,passive_1,True,False,False,False,998,-68.89616394042969,-73.0458755493164,1
These waiters aren't observed by Amelia.,These waiters aren't struggled by Amelia.,syntax,argument_structure,passive_1,True,False,False,False,999,-57.19287109375,-56.80705261230469,0
