sentence_good,sentence_bad,field,linguistics_term,UID,simple_LM_method,one_prefix_method,two_prefix_method,lexically_identical,pair_id,good_prob,bad_prob,correct
Laurie hasn't lifted those cacti.,Laurie hasn't lifted those cactus.,morphology,determiner_noun_agreement,determiner_noun_agreement_irregular_1,True,True,False,True,0,-68.0894775390625,-61.58754348754883,0
Adam hadn't discussed these analyses.,Adam hadn't discussed these analysis.,morphology,determiner_noun_agreement,determiner_noun_agreement_irregular_1,True,True,False,True,1,-43.84271240234375,-42.25408935546875,0
Some customers know these men.,Some customers know these man.,morphology,determiner_noun_agreement,determiner_noun_agreement_irregular_1,True,True,False,True,2,-31.65974998474121,-34.64928436279297,1
Phillip was lifting this mouse.,Phillip was lifting this mice.,morphology,determiner_noun_agreement,determiner_noun_agreement_irregular_1,True,True,False,True,3,-44.43029022216797,-44.475650787353516,1
The driver reveals these mice.,The driver reveals these mouse.,morphology,determiner_noun_agreement,determiner_noun_agreement_irregular_1,True,True,False,True,4,-37.138084411621094,-39.46162414550781,1
Anna will buy that louse.,Anna will buy that lice.,morphology,determiner_noun_agreement,determiner_noun_agreement_irregular_1,True,True,False,True,5,-39.1187858581543,-37.87352752685547,0
Rhonda had insulted these men.,Rhonda had insulted these man.,morphology,determiner_noun_agreement,determiner_noun_agreement_irregular_1,True,True,False,True,6,-44.67957305908203,-46.34527587890625,1
All plays shock this alumnus.,All plays shock this alumni.,morphology,determiner_noun_agreement,determiner_noun_agreement_irregular_1,True,True,False,True,7,-54.33156204223633,-42.90803527832031,0
Grace noticed that axis.,Grace noticed that axes.,morphology,determiner_noun_agreement,determiner_noun_agreement_irregular_1,True,True,False,True,8,-39.70234298706055,-40.531654357910156,1
Patricia cleans these teeth.,Patricia cleans these tooth.,morphology,determiner_noun_agreement,determiner_noun_agreement_irregular_1,True,True,False,True,9,-42.821128845214844,-47.635318756103516,1
Alan examined those analyses.,Alan examined those analysis.,morphology,determiner_noun_agreement,determiner_noun_agreement_irregular_1,True,True,False,True,10,-30.639795303344727,-29.2593994140625,0
Travis fired these children.,Travis fired these child.,morphology,determiner_noun_agreement,determiner_noun_agreement_irregular_1,True,True,False,True,11,-42.182823181152344,-44.40177536010742,1
The picture can't look like these nuclei.,The picture can't look like these nucleus.,morphology,determiner_noun_agreement,determiner_noun_agreement_irregular_1,True,True,False,True,12,-55.39139938354492,-50.590614318847656,0
The waitresses haven't cleaned this thesis.,The waitresses haven't cleaned this theses.,morphology,determiner_noun_agreement,determiner_noun_agreement_irregular_1,True,True,False,True,13,-60.60786056518555,-66.4645004272461,1
Pamela might boast about those bases.,Pamela might boast about those basis.,morphology,determiner_noun_agreement,determiner_noun_agreement_irregular_1,True,True,False,True,14,-58.00184631347656,-57.17683410644531,0
Tammy was observing that man.,Tammy was observing that men.,morphology,determiner_noun_agreement,determiner_noun_agreement_irregular_1,True,True,False,True,15,-37.227622985839844,-37.40788269042969,1
Paul wasn't insulting this analysis.,Paul wasn't insulting this analyses.,morphology,determiner_noun_agreement,determiner_noun_agreement_irregular_1,True,True,False,True,16,-47.608924865722656,-50.92946243286133,1
Russell hadn't appreciated that synthesis.,Russell hadn't appreciated that syntheses.,morphology,determiner_noun_agreement,determiner_noun_agreement_irregular_1,True,True,False,True,17,-47.59355163574219,-52.581451416015625,1
These waiters are appreciating that thesis.,These waiters are appreciating that theses.,morphology,determiner_noun_agreement,determiner_noun_agreement_irregular_1,True,True,False,True,18,-55.88434600830078,-54.822509765625,0
The women didn't boast about this phenomenon.,The women didn't boast about this phenomena.,morphology,determiner_noun_agreement,determiner_noun_agreement_irregular_1,True,True,False,True,19,-50.445579528808594,-54.05651092529297,1
Raymond concealed those nuclei.,Raymond concealed those nucleus.,morphology,determiner_noun_agreement,determiner_noun_agreement_irregular_1,True,True,False,True,20,-49.80082702636719,-45.87358856201172,0
Sara has insulted these analyses.,Sara has insulted these analysis.,morphology,determiner_noun_agreement,determiner_noun_agreement_irregular_1,True,True,False,True,21,-43.55112838745117,-41.867462158203125,0
Every guest cares for those men.,Every guest cares for those man.,morphology,determiner_noun_agreement,determiner_noun_agreement_irregular_1,True,True,False,True,22,-36.324981689453125,-38.640682220458984,1
Heidi can research this ellipsis.,Heidi can research this ellipses.,morphology,determiner_noun_agreement,determiner_noun_agreement_irregular_1,True,True,False,True,23,-65.8831787109375,-62.09296417236328,0
Paula won't buy these theses.,Paula won't buy these thesis.,morphology,determiner_noun_agreement,determiner_noun_agreement_irregular_1,True,True,False,True,24,-51.78744888305664,-45.20695495605469,0
Sheila wasn't bringing that fungus.,Sheila wasn't bringing that fungi.,morphology,determiner_noun_agreement,determiner_noun_agreement_irregular_1,True,True,False,True,25,-53.18920135498047,-52.805015563964844,0
Diane talked about this man.,Diane talked about this men.,morphology,determiner_noun_agreement,determiner_noun_agreement_irregular_1,True,True,False,True,26,-38.118961334228516,-40.84872055053711,1
Linda discussed this oasis.,Linda discussed this oases.,morphology,determiner_noun_agreement,determiner_noun_agreement_irregular_1,True,True,False,True,27,-41.79966354370117,-46.62869644165039,1
Richard healed that goose.,Richard healed that geese.,morphology,determiner_noun_agreement,determiner_noun_agreement_irregular_1,True,True,False,True,28,-33.44483184814453,-37.52580261230469,1
Patients think about these cacti.,Patients think about these cactus.,morphology,determiner_noun_agreement,determiner_noun_agreement_irregular_1,True,True,False,True,29,-53.22340774536133,-44.680381774902344,0
The cashier isn't lifting these mice.,The cashier isn't lifting these mouse.,morphology,determiner_noun_agreement,determiner_noun_agreement_irregular_1,True,True,False,True,30,-60.10699462890625,-62.66522216796875,1
Irene had discovered that crisis.,Irene had discovered that crises.,morphology,determiner_noun_agreement,determiner_noun_agreement_irregular_1,True,True,False,True,31,-43.944664001464844,-45.36433029174805,1
Andrea hasn't talked about that synopsis.,Andrea hasn't talked about that synopses.,morphology,determiner_noun_agreement,determiner_noun_agreement_irregular_1,True,True,False,True,32,-51.81732940673828,-64.0393295288086,1
Joel wasn't discovering that thesis.,Joel wasn't discovering that theses.,morphology,determiner_noun_agreement,determiner_noun_agreement_irregular_1,True,True,False,True,33,-53.84134292602539,-53.94901657104492,1
Chad hasn't praised these theses.,Chad hasn't praised these thesis.,morphology,determiner_noun_agreement,determiner_noun_agreement_irregular_1,True,True,False,True,34,-58.862632751464844,-51.17815017700195,0
Keith isn't discovering this hypothesis.,Keith isn't discovering this hypotheses.,morphology,determiner_noun_agreement,determiner_noun_agreement_irregular_1,True,True,False,True,35,-38.02295684814453,-41.19684600830078,1
Those people argue about that ellipsis.,Those people argue about that ellipses.,morphology,determiner_noun_agreement,determiner_noun_agreement_irregular_1,True,True,False,True,36,-53.718936920166016,-51.40345001220703,0
Those adults hadn't cleaned this mouse.,Those adults hadn't cleaned this mice.,morphology,determiner_noun_agreement,determiner_noun_agreement_irregular_1,True,True,False,True,37,-49.86783218383789,-50.83863830566406,1
Donald will buy these teeth.,Donald will buy these tooth.,morphology,determiner_noun_agreement,determiner_noun_agreement_irregular_1,True,True,False,True,38,-29.405261993408203,-31.74143409729004,1
Paintings look like this ox.,Paintings look like this oxen.,morphology,determiner_noun_agreement,determiner_noun_agreement_irregular_1,True,True,False,True,39,-49.20085144042969,-55.074462890625,1
Victoria has appreciated these media.,Victoria has appreciated these medium.,morphology,determiner_noun_agreement,determiner_noun_agreement_irregular_1,True,True,False,True,40,-32.99422836303711,-34.333763122558594,1
These pedestrians escape from these men.,These pedestrians escape from these man.,morphology,determiner_noun_agreement,determiner_noun_agreement_irregular_1,True,True,False,True,41,-40.66502380371094,-43.77088928222656,1
Girls couldn't boast about those syntheses.,Girls couldn't boast about those synthesis.,morphology,determiner_noun_agreement,determiner_noun_agreement_irregular_1,True,True,False,True,42,-55.20716857910156,-48.21642303466797,0
Dana can argue about this basis.,Dana can argue about this bases.,morphology,determiner_noun_agreement,determiner_noun_agreement_irregular_1,True,True,False,True,43,-42.0485954284668,-44.71856689453125,1
Brad questions that child.,Brad questions that children.,morphology,determiner_noun_agreement,determiner_noun_agreement_irregular_1,True,True,False,True,44,-24.93075180053711,-23.13695526123047,0
Sonia was thinking about this hypothesis.,Sonia was thinking about this hypotheses.,morphology,determiner_noun_agreement,determiner_noun_agreement_irregular_1,True,True,False,True,45,-42.71806716918945,-46.69599533081055,1
Most customers reveal that woman.,Most customers reveal that women.,morphology,determiner_noun_agreement,determiner_noun_agreement_irregular_1,True,True,False,True,46,-37.75182342529297,-33.359153747558594,0
Some boys discover that ox.,Some boys discover that oxen.,morphology,determiner_noun_agreement,determiner_noun_agreement_irregular_1,True,True,False,True,47,-42.84991455078125,-49.120033264160156,1
Randolf loved that synopsis.,Randolf loved that synopses.,morphology,determiner_noun_agreement,determiner_noun_agreement_irregular_1,True,True,False,True,48,-44.80707550048828,-56.436668395996094,1
Leslie was finding these stimuli.,Leslie was finding these stimulus.,morphology,determiner_noun_agreement,determiner_noun_agreement_irregular_1,True,True,False,True,49,-42.32867431640625,-44.31709289550781,1
The Borgias reveal those men.,The Borgias reveal those man.,morphology,determiner_noun_agreement,determiner_noun_agreement_irregular_1,True,True,False,True,50,-46.056739807128906,-48.956851959228516,1
All pedestrians criticize that thesis.,All pedestrians criticize that theses.,morphology,determiner_noun_agreement,determiner_noun_agreement_irregular_1,True,True,False,True,51,-46.97308349609375,-45.74422073364258,0
Drivers haven't hidden this louse.,Drivers haven't hidden this lice.,morphology,determiner_noun_agreement,determiner_noun_agreement_irregular_1,True,True,False,True,52,-60.281681060791016,-59.944942474365234,0
Every adult notices these oxen.,Every adult notices these ox.,morphology,determiner_noun_agreement,determiner_noun_agreement_irregular_1,True,True,False,True,53,-50.983131408691406,-43.61479187011719,0
Those teenagers astounded these men.,Those teenagers astounded these man.,morphology,determiner_noun_agreement,determiner_noun_agreement_irregular_1,True,True,False,True,54,-49.56401443481445,-52.19547653198242,1
Every cashier complains about that child.,Every cashier complains about that children.,morphology,determiner_noun_agreement,determiner_noun_agreement_irregular_1,True,True,False,True,55,-52.222015380859375,-50.379051208496094,0
Every waiter thinks about those media.,Every waiter thinks about those medium.,morphology,determiner_noun_agreement,determiner_noun_agreement_irregular_1,True,True,False,True,56,-43.019779205322266,-45.48375701904297,1
Rebecca was concealing those analyses.,Rebecca was concealing those analysis.,morphology,determiner_noun_agreement,determiner_noun_agreement_irregular_1,True,True,False,True,57,-58.80863571166992,-57.40241241455078,0
Guys haven't discovered that woman.,Guys haven't discovered that women.,morphology,determiner_noun_agreement,determiner_noun_agreement_irregular_1,True,True,False,True,58,-47.466888427734375,-46.40212631225586,0
A girl will argue about this child.,A girl will argue about this children.,morphology,determiner_noun_agreement,determiner_noun_agreement_irregular_1,True,True,False,True,59,-40.57613754272461,-41.520118713378906,1
Alan has complained about those crises.,Alan has complained about those crisis.,morphology,determiner_noun_agreement,determiner_noun_agreement_irregular_1,True,True,False,True,60,-36.35405731201172,-34.73810958862305,0
Rose isn't selling that axis.,Rose isn't selling that axes.,morphology,determiner_noun_agreement,determiner_noun_agreement_irregular_1,True,True,False,True,61,-42.78548812866211,-43.68024444580078,1
Dan discovers these hypotheses.,Dan discovers these hypothesis.,morphology,determiner_noun_agreement,determiner_noun_agreement_irregular_1,True,True,False,True,62,-31.287799835205078,-29.937789916992188,0
Connie can't notice these theses.,Connie can't notice these thesis.,morphology,determiner_noun_agreement,determiner_noun_agreement_irregular_1,True,True,False,True,63,-55.43614959716797,-48.1048698425293,0
These documentaries had disagreed with these analyses.,These documentaries had disagreed with these analysis.,morphology,determiner_noun_agreement,determiner_noun_agreement_irregular_1,True,True,False,True,64,-51.16621398925781,-49.573768615722656,0
Deanna breaks those feet.,Deanna breaks those foot.,morphology,determiner_noun_agreement,determiner_noun_agreement_irregular_1,True,True,False,True,65,-39.071258544921875,-41.90840148925781,1
Linda hadn't admired those octopi.,Linda hadn't admired those octopus.,morphology,determiner_noun_agreement,determiner_noun_agreement_irregular_1,True,True,False,True,66,-69.02200317382812,-62.687442779541016,0
Some universities listen to those alumni.,Some universities listen to those alumnus.,morphology,determiner_noun_agreement,determiner_noun_agreement_irregular_1,True,True,False,True,67,-42.9487190246582,-55.275108337402344,1
Grace had bought those nuclei.,Grace had bought those nucleus.,morphology,determiner_noun_agreement,determiner_noun_agreement_irregular_1,True,True,False,True,68,-51.85898208618164,-44.54548263549805,0
These ladies dislike this thesis.,These ladies dislike this theses.,morphology,determiner_noun_agreement,determiner_noun_agreement_irregular_1,True,True,False,True,69,-37.7373046875,-44.54927062988281,1
Julie noticed that goose.,Julie noticed that geese.,morphology,determiner_noun_agreement,determiner_noun_agreement_irregular_1,True,True,False,True,70,-35.51116180419922,-40.11555862426758,1
Bill couldn't flee from this alumnus.,Bill couldn't flee from this alumni.,morphology,determiner_noun_agreement,determiner_noun_agreement_irregular_1,True,True,False,True,71,-54.895545959472656,-45.5927848815918,0
Meredith would clean those mice.,Meredith would clean those mouse.,morphology,determiner_noun_agreement,determiner_noun_agreement_irregular_1,True,True,False,True,72,-46.48787307739258,-48.50690460205078,1
Dana wasn't thinking about those crises.,Dana wasn't thinking about those crisis.,morphology,determiner_noun_agreement,determiner_noun_agreement_irregular_1,True,True,False,True,73,-49.863670349121094,-48.689292907714844,0
Guy wouldn't argue about that hypothesis.,Guy wouldn't argue about that hypotheses.,morphology,determiner_noun_agreement,determiner_noun_agreement_irregular_1,True,True,False,True,74,-43.31010437011719,-45.52006530761719,1
Grace won't insult that thesis.,Grace won't insult that theses.,morphology,determiner_noun_agreement,determiner_noun_agreement_irregular_1,True,True,False,True,75,-50.17668151855469,-49.67642593383789,0
Sheila is buying those teeth.,Sheila is buying those tooth.,morphology,determiner_noun_agreement,determiner_noun_agreement_irregular_1,True,True,False,True,76,-40.106056213378906,-46.16051483154297,1
Most pedestrians conceal this thesis.,Most pedestrians conceal this theses.,morphology,determiner_noun_agreement,determiner_noun_agreement_irregular_1,True,True,False,True,77,-42.30923080444336,-48.9603271484375,1
Many mouths distract these people.,Many mouths distract these person.,morphology,determiner_noun_agreement,determiner_noun_agreement_irregular_1,True,True,False,True,78,-42.786712646484375,-44.901824951171875,1
Stacy disturbs this man.,Stacy disturbs this men.,morphology,determiner_noun_agreement,determiner_noun_agreement_irregular_1,True,True,False,True,79,-46.690650939941406,-48.43028259277344,1
Jessica likes that woman.,Jessica likes that women.,morphology,determiner_noun_agreement,determiner_noun_agreement_irregular_1,True,True,False,True,80,-28.62792205810547,-26.060935974121094,0
Emily concealed these octopi.,Emily concealed these octopus.,morphology,determiner_noun_agreement,determiner_noun_agreement_irregular_1,True,True,False,True,81,-45.74819564819336,-39.91032409667969,0
Brenda won't buy those lice.,Brenda won't buy those louse.,morphology,determiner_noun_agreement,determiner_noun_agreement_irregular_1,True,True,False,True,82,-49.67192840576172,-50.57051086425781,1
Rose is describing those people.,Rose is describing those person.,morphology,determiner_noun_agreement,determiner_noun_agreement_irregular_1,True,True,False,True,83,-27.396865844726562,-31.009178161621094,1
Phillip hadn't concealed that woman.,Phillip hadn't concealed that women.,morphology,determiner_noun_agreement,determiner_noun_agreement_irregular_1,True,True,False,True,84,-52.91221618652344,-51.631797790527344,0
This lady referenced those synopses.,This lady referenced those synopsis.,morphology,determiner_noun_agreement,determiner_noun_agreement_irregular_1,True,True,False,True,85,-58.16132736206055,-44.36468505859375,0
The senators notice this octopus.,The senators notice this octopi.,morphology,determiner_noun_agreement,determiner_noun_agreement_irregular_1,True,True,False,True,86,-48.18221664428711,-54.81863784790039,1
Pamela wasn't revealing those nuclei.,Pamela wasn't revealing those nucleus.,morphology,determiner_noun_agreement,determiner_noun_agreement_irregular_1,True,True,False,True,87,-64.52301025390625,-59.77761459350586,0
Kristin thought about that paralysis.,Kristin thought about that paralyses.,morphology,determiner_noun_agreement,determiner_noun_agreement_irregular_1,True,True,False,True,88,-40.848655700683594,-48.95399856567383,1
Danielle discovers that synopsis.,Danielle discovers that synopses.,morphology,determiner_noun_agreement,determiner_noun_agreement_irregular_1,True,True,False,True,89,-38.99073028564453,-50.673744201660156,1
Noah wasn't annoying that child.,Noah wasn't annoying that children.,morphology,determiner_noun_agreement,determiner_noun_agreement_irregular_1,True,True,False,True,90,-50.265724182128906,-49.30744171142578,0
Andrea does notice those octopi.,Andrea does notice those octopus.,morphology,determiner_noun_agreement,determiner_noun_agreement_irregular_1,True,True,False,True,91,-61.77815628051758,-54.905113220214844,0
Deborah will hate these men.,Deborah will hate these man.,morphology,determiner_noun_agreement,determiner_noun_agreement_irregular_1,True,True,False,True,92,-42.3892936706543,-45.24326705932617,1
Erin visited these alumni.,Erin visited these alumnus.,morphology,determiner_noun_agreement,determiner_noun_agreement_irregular_1,True,True,False,True,93,-34.44422149658203,-45.40708923339844,1
Some students hadn't taken those teeth.,Some students hadn't taken those tooth.,morphology,determiner_noun_agreement,determiner_noun_agreement_irregular_1,True,True,False,True,94,-49.06544494628906,-54.23845672607422,1
Pamela discusses these women.,Pamela discusses these woman.,morphology,determiner_noun_agreement,determiner_noun_agreement_irregular_1,True,True,False,True,95,-40.62268829345703,-44.01215362548828,1
Melissa was researching those bases.,Melissa was researching those basis.,morphology,determiner_noun_agreement,determiner_noun_agreement_irregular_1,True,True,False,True,96,-41.840999603271484,-41.67806625366211,0
Michelle can't hate this synopsis.,Michelle can't hate this synopses.,morphology,determiner_noun_agreement,determiner_noun_agreement_irregular_1,True,True,False,True,97,-36.60368728637695,-51.671913146972656,1
Homer did bring those stimuli.,Homer did bring those stimulus.,morphology,determiner_noun_agreement,determiner_noun_agreement_irregular_1,True,True,False,True,98,-46.97041320800781,-48.422271728515625,1
The doctors should clean those mice.,The doctors should clean those mouse.,morphology,determiner_noun_agreement,determiner_noun_agreement_irregular_1,True,True,False,True,99,-43.201576232910156,-45.85441589355469,1
Valerie could take these octopi.,Valerie could take these octopus.,morphology,determiner_noun_agreement,determiner_noun_agreement_irregular_1,True,True,False,True,100,-56.23673629760742,-48.125770568847656,0
All ladies notice this mouse.,All ladies notice this mice.,morphology,determiner_noun_agreement,determiner_noun_agreement_irregular_1,True,True,False,True,101,-38.5398063659668,-39.344730377197266,1
Many actresses hadn't run around these oases.,Many actresses hadn't run around these oasis.,morphology,determiner_noun_agreement,determiner_noun_agreement_irregular_1,True,True,False,True,102,-70.98570251464844,-65.56363677978516,0
Tiffany lifted these stimuli.,Tiffany lifted these stimulus.,morphology,determiner_noun_agreement,determiner_noun_agreement_irregular_1,True,True,False,True,103,-48.85681915283203,-51.200775146484375,1
Florence wasn't cleaning those oases.,Florence wasn't cleaning those oasis.,morphology,determiner_noun_agreement,determiner_noun_agreement_irregular_1,True,True,False,True,104,-70.18400573730469,-65.356201171875,0
Kathleen was referencing this man.,Kathleen was referencing this men.,morphology,determiner_noun_agreement,determiner_noun_agreement_irregular_1,True,True,False,True,105,-51.54078674316406,-54.205467224121094,1
Stacy scares that child.,Stacy scares that children.,morphology,determiner_noun_agreement,determiner_noun_agreement_irregular_1,True,True,False,True,106,-38.37738800048828,-36.575199127197266,0
Some banks describe that man.,Some banks describe that men.,morphology,determiner_noun_agreement,determiner_noun_agreement_irregular_1,True,True,False,True,107,-35.86878967285156,-33.808815002441406,0
Kathleen couldn't find this tooth.,Kathleen couldn't find this teeth.,morphology,determiner_noun_agreement,determiner_noun_agreement_irregular_1,True,True,False,True,108,-52.94649124145508,-51.183509826660156,0
Monet doesn't conceal that child.,Monet doesn't conceal that children.,morphology,determiner_noun_agreement,determiner_noun_agreement_irregular_1,True,True,False,True,109,-47.05302429199219,-45.56853485107422,0
The Clintons boast about these hypotheses.,The Clintons boast about these hypothesis.,morphology,determiner_noun_agreement,determiner_noun_agreement_irregular_1,True,True,False,True,110,-47.98305892944336,-48.22944259643555,1
Julie would appreciate that paralysis.,Julie would appreciate that paralyses.,morphology,determiner_noun_agreement,determiner_noun_agreement_irregular_1,True,True,False,True,111,-41.8242301940918,-50.333492279052734,1
Every guy hasn't revealed that nucleus.,Every guy hasn't revealed that nuclei.,morphology,determiner_noun_agreement,determiner_noun_agreement_irregular_1,True,True,False,True,112,-47.02104949951172,-51.83341979980469,1
Becca healed these lice.,Becca healed these louse.,morphology,determiner_noun_agreement,determiner_noun_agreement_irregular_1,True,True,False,True,113,-50.56947708129883,-51.36904525756836,1
Bruce had thought about these mice.,Bruce had thought about these mouse.,morphology,determiner_noun_agreement,determiner_noun_agreement_irregular_1,True,True,False,True,114,-34.13584518432617,-36.234336853027344,1
Suzanne isn't buying those lice.,Suzanne isn't buying those louse.,morphology,determiner_noun_agreement,determiner_noun_agreement_irregular_1,True,True,False,True,115,-59.44934844970703,-60.45515441894531,1
Deanna wasn't thinking about these syntheses.,Deanna wasn't thinking about these synthesis.,morphology,determiner_noun_agreement,determiner_noun_agreement_irregular_1,True,True,False,True,116,-59.9781494140625,-52.91053009033203,0
Carl notices that oasis.,Carl notices that oases.,morphology,determiner_noun_agreement,determiner_noun_agreement_irregular_1,True,True,False,True,117,-34.288604736328125,-38.4251823425293,1
Many customers think about this nucleus.,Many customers think about this nuclei.,morphology,determiner_noun_agreement,determiner_noun_agreement_irregular_1,True,True,False,True,118,-38.63323211669922,-43.584266662597656,1
Clyde hasn't discovered that alumnus.,Clyde hasn't discovered that alumni.,morphology,determiner_noun_agreement,determiner_noun_agreement_irregular_1,True,True,False,True,119,-65.82405090332031,-59.85911560058594,0
Claire finds these geese.,Claire finds these goose.,morphology,determiner_noun_agreement,determiner_noun_agreement_irregular_1,True,True,False,True,120,-45.556941986083984,-40.92967224121094,0
Some patients find those fungi.,Some patients find those fungus.,morphology,determiner_noun_agreement,determiner_noun_agreement_irregular_1,True,True,False,True,121,-35.143455505371094,-35.70838165283203,1
Leslie appreciates these synopses.,Leslie appreciates these synopsis.,morphology,determiner_noun_agreement,determiner_noun_agreement_irregular_1,True,True,False,True,122,-60.169349670410156,-45.58747863769531,0
Every photograph isn't looking like this child.,Every photograph isn't looking like this children.,morphology,determiner_noun_agreement,determiner_noun_agreement_irregular_1,True,True,False,True,123,-51.253265380859375,-51.710693359375,1
Curtis bored these men.,Curtis bored these man.,morphology,determiner_noun_agreement,determiner_noun_agreement_irregular_1,True,True,False,True,124,-44.899532318115234,-47.49067306518555,1
Rodney was complaining about that synopsis.,Rodney was complaining about that synopses.,morphology,determiner_noun_agreement,determiner_noun_agreement_irregular_1,True,True,False,True,125,-49.52935028076172,-62.027374267578125,1
Marla appreciates those hypotheses.,Marla appreciates those hypothesis.,morphology,determiner_noun_agreement,determiner_noun_agreement_irregular_1,True,True,False,True,126,-44.5328254699707,-44.381134033203125,0
Most actresses don't argue about that hypothesis.,Most actresses don't argue about that hypotheses.,morphology,determiner_noun_agreement,determiner_noun_agreement_irregular_1,True,True,False,True,127,-55.271297454833984,-57.105552673339844,1
Nina was referencing these synopses.,Nina was referencing these synopsis.,morphology,determiner_noun_agreement,determiner_noun_agreement_irregular_1,True,True,False,True,128,-61.266422271728516,-47.31275939941406,0
These teenagers haven't cleaned those lice.,These teenagers haven't cleaned those louse.,morphology,determiner_noun_agreement,determiner_noun_agreement_irregular_1,True,True,False,True,129,-59.888187408447266,-60.96681594848633,1
Dan admired these oases.,Dan admired these oasis.,morphology,determiner_noun_agreement,determiner_noun_agreement_irregular_1,True,True,False,True,130,-40.95564651489258,-36.412994384765625,0
The Lutherans are cleaning this fungus.,The Lutherans are cleaning this fungi.,morphology,determiner_noun_agreement,determiner_noun_agreement_irregular_1,True,True,False,True,131,-56.60993194580078,-57.43535232543945,1
Craig thought about these diagnoses.,Craig thought about these diagnosis.,morphology,determiner_noun_agreement,determiner_noun_agreement_irregular_1,True,True,False,True,132,-31.975967407226562,-29.609344482421875,0
Most drivers argue about this synopsis.,Most drivers argue about this synopses.,morphology,determiner_noun_agreement,determiner_noun_agreement_irregular_1,True,True,False,True,133,-42.271522521972656,-57.10070037841797,1
Sheila should have these axes.,Sheila should have these axis.,morphology,determiner_noun_agreement,determiner_noun_agreement_irregular_1,True,True,False,True,134,-40.79038619995117,-40.62762451171875,0
This child wasn't complaining about this diagnosis.,This child wasn't complaining about this diagnoses.,morphology,determiner_noun_agreement,determiner_noun_agreement_irregular_1,True,True,False,True,135,-51.89625930786133,-53.6817741394043,1
Marcus argued about these ellipses.,Marcus argued about these ellipsis.,morphology,determiner_noun_agreement,determiner_noun_agreement_irregular_1,True,True,False,True,136,-50.31964111328125,-53.141807556152344,1
Dennis is thinking about those phenomena.,Dennis is thinking about those phenomenon.,morphology,determiner_noun_agreement,determiner_noun_agreement_irregular_1,True,True,False,True,137,-43.11821746826172,-43.42304611206055,1
The car embarrasses those men.,The car embarrasses those man.,morphology,determiner_noun_agreement,determiner_noun_agreement_irregular_1,True,True,False,True,138,-45.9431266784668,-49.214385986328125,1
That waiter had these mice.,That waiter had these mouse.,morphology,determiner_noun_agreement,determiner_noun_agreement_irregular_1,True,True,False,True,139,-36.79863739013672,-39.81578826904297,1
A girl hasn't discovered these teeth.,A girl hasn't discovered these tooth.,morphology,determiner_noun_agreement,determiner_noun_agreement_irregular_1,True,True,False,True,140,-46.9278564453125,-50.77126693725586,1
Elaine has boasted about these paralyses.,Elaine has boasted about these paralysis.,morphology,determiner_noun_agreement,determiner_noun_agreement_irregular_1,True,True,False,True,141,-64.66573333740234,-54.248653411865234,0
A lot of waiters complain about this ellipsis.,A lot of waiters complain about this ellipses.,morphology,determiner_noun_agreement,determiner_noun_agreement_irregular_1,True,True,False,True,142,-75.33946228027344,-72.87326049804688,0
All pictures looked like those oxen.,All pictures looked like those ox.,morphology,determiner_noun_agreement,determiner_noun_agreement_irregular_1,True,True,False,True,143,-54.116920471191406,-46.837615966796875,0
Jason wasn't admiring this louse.,Jason wasn't admiring this lice.,morphology,determiner_noun_agreement,determiner_noun_agreement_irregular_1,True,True,False,True,144,-57.23467254638672,-56.66663360595703,0
Margaret wasn't researching those hypotheses.,Margaret wasn't researching those hypothesis.,morphology,determiner_noun_agreement,determiner_noun_agreement_irregular_1,True,True,False,True,145,-56.45010757446289,-56.09832763671875,0
Many adults appreciate those phenomena.,Many adults appreciate those phenomenon.,morphology,determiner_noun_agreement,determiner_noun_agreement_irregular_1,True,True,False,True,146,-36.30314636230469,-36.58694076538086,1
Diane thinks about those octopi.,Diane thinks about those octopus.,morphology,determiner_noun_agreement,determiner_noun_agreement_irregular_1,True,True,False,True,147,-59.05000305175781,-52.93329620361328,0
Patricia should lift these stimuli.,Patricia should lift these stimulus.,morphology,determiner_noun_agreement,determiner_noun_agreement_irregular_1,True,True,False,True,148,-47.74209213256836,-50.93236541748047,1
Some girls have brought those oases.,Some girls have brought those oasis.,morphology,determiner_noun_agreement,determiner_noun_agreement_irregular_1,True,True,False,True,149,-51.14073181152344,-46.939544677734375,0
Bethany could have these octopi.,Bethany could have these octopus.,morphology,determiner_noun_agreement,determiner_noun_agreement_irregular_1,True,True,False,True,150,-63.184181213378906,-57.61138153076172,0
Nina had hidden that mouse.,Nina had hidden that mice.,morphology,determiner_noun_agreement,determiner_noun_agreement_irregular_1,True,True,False,True,151,-44.68762969970703,-42.47789764404297,0
Some person discusses that man.,Some person discusses that men.,morphology,determiner_noun_agreement,determiner_noun_agreement_irregular_1,True,True,False,True,152,-33.39833068847656,-32.091976165771484,0
Adults discover those women.,Adults discover those woman.,morphology,determiner_noun_agreement,determiner_noun_agreement_irregular_1,True,True,False,True,153,-37.68142318725586,-41.63490676879883,1
All ladies have those octopi.,All ladies have those octopus.,morphology,determiner_noun_agreement,determiner_noun_agreement_irregular_1,True,True,False,True,154,-51.04630661010742,-46.10779571533203,0
Stacy will find this thesis.,Stacy will find this theses.,morphology,determiner_noun_agreement,determiner_noun_agreement_irregular_1,True,True,False,True,155,-35.925880432128906,-43.37991714477539,1
Homer likes that woman.,Homer likes that women.,morphology,determiner_noun_agreement,determiner_noun_agreement_irregular_1,True,True,False,True,156,-39.51696014404297,-37.026737213134766,0
A hill doesn't impress these people.,A hill doesn't impress these person.,morphology,determiner_noun_agreement,determiner_noun_agreement_irregular_1,True,True,False,True,157,-43.959510803222656,-47.065460205078125,1
Many actresses see this ox.,Many actresses see this oxen.,morphology,determiner_noun_agreement,determiner_noun_agreement_irregular_1,True,True,False,True,158,-41.106300354003906,-48.93717956542969,1
Christine discovers this diagnosis.,Christine discovers this diagnoses.,morphology,determiner_noun_agreement,determiner_noun_agreement_irregular_1,True,True,False,True,159,-36.381683349609375,-38.94334030151367,1
All drivers sound like this person.,All drivers sound like this people.,morphology,determiner_noun_agreement,determiner_noun_agreement_irregular_1,True,True,False,True,160,-35.57373046875,-38.58876037597656,1
Rose had taken those theses.,Rose had taken those thesis.,morphology,determiner_noun_agreement,determiner_noun_agreement_irregular_1,True,True,False,True,161,-37.756378173828125,-33.120819091796875,0
David thinks about this synthesis.,David thinks about this syntheses.,morphology,determiner_noun_agreement,determiner_noun_agreement_irregular_1,True,True,False,True,162,-33.31083297729492,-38.71234893798828,1
Sabrina discovers these nuclei.,Sabrina discovers these nucleus.,morphology,determiner_noun_agreement,determiner_noun_agreement_irregular_1,True,True,False,True,163,-45.90484619140625,-40.26740264892578,0
Russell had hidden that octopus.,Russell had hidden that octopi.,morphology,determiner_noun_agreement,determiner_noun_agreement_irregular_1,True,True,False,True,164,-43.6721076965332,-50.50811004638672,1
Rebecca is discovering this phenomenon.,Rebecca is discovering this phenomena.,morphology,determiner_noun_agreement,determiner_noun_agreement_irregular_1,True,True,False,True,165,-37.79688262939453,-40.5902099609375,1
Nina wouldn't boast about that ellipsis.,Nina wouldn't boast about that ellipses.,morphology,determiner_noun_agreement,determiner_noun_agreement_irregular_1,True,True,False,True,166,-68.88738250732422,-66.02386474609375,0
The cats scare this woman.,The cats scare this women.,morphology,determiner_noun_agreement,determiner_noun_agreement_irregular_1,True,True,False,True,167,-40.04237747192383,-41.40438461303711,1
Janice finds these nuclei.,Janice finds these nucleus.,morphology,determiner_noun_agreement,determiner_noun_agreement_irregular_1,True,True,False,True,168,-48.106834411621094,-40.89397430419922,0
Cheryl shouldn't complain about that diagnosis.,Cheryl shouldn't complain about that diagnoses.,morphology,determiner_noun_agreement,determiner_noun_agreement_irregular_1,True,True,False,True,169,-59.22122573852539,-61.05192947387695,1
Mitchell won't stun this man.,Mitchell won't stun this men.,morphology,determiner_noun_agreement,determiner_noun_agreement_irregular_1,True,True,False,True,170,-51.80768585205078,-55.6285400390625,1
The Impressionists haven't boasted about this ellipsis.,The Impressionists haven't boasted about this ellipses.,morphology,determiner_noun_agreement,determiner_noun_agreement_irregular_1,True,True,False,True,171,-93.58836364746094,-89.80296325683594,0
All photographs look like those axes.,All photographs look like those axis.,morphology,determiner_noun_agreement,determiner_noun_agreement_irregular_1,True,True,False,True,172,-42.42216491699219,-42.36225509643555,0
That drawing wasn't confusing these people.,That drawing wasn't confusing these person.,morphology,determiner_noun_agreement,determiner_noun_agreement_irregular_1,True,True,False,True,173,-49.607364654541016,-52.59681701660156,1
The teenagers had taken those oxen.,The teenagers had taken those ox.,morphology,determiner_noun_agreement,determiner_noun_agreement_irregular_1,True,True,False,True,174,-56.22173309326172,-50.048316955566406,0
Maria lifted those fungi.,Maria lifted those fungus.,morphology,determiner_noun_agreement,determiner_noun_agreement_irregular_1,True,True,False,True,175,-34.03083419799805,-33.954620361328125,0
Wendy admires that cactus.,Wendy admires that cacti.,morphology,determiner_noun_agreement,determiner_noun_agreement_irregular_1,True,True,False,True,176,-53.85811233520508,-61.63508987426758,1
Jeffrey is admiring that goose.,Jeffrey is admiring that geese.,morphology,determiner_noun_agreement,determiner_noun_agreement_irregular_1,True,True,False,True,177,-51.29110336303711,-54.70343017578125,1
Kevin does discover this mouse.,Kevin does discover this mice.,morphology,determiner_noun_agreement,determiner_noun_agreement_irregular_1,True,True,False,True,178,-32.64833450317383,-33.595924377441406,1
Kimberley should praise that man.,Kimberley should praise that men.,morphology,determiner_noun_agreement,determiner_noun_agreement_irregular_1,True,True,False,True,179,-51.56589126586914,-51.021949768066406,0
Most dresses shouldn't alarm this woman.,Most dresses shouldn't alarm this women.,morphology,determiner_noun_agreement,determiner_noun_agreement_irregular_1,True,True,False,True,180,-51.938987731933594,-53.6534538269043,1
A cafe has aggravated these men.,A cafe has aggravated these man.,morphology,determiner_noun_agreement,determiner_noun_agreement_irregular_1,True,True,False,True,181,-45.3417854309082,-47.68345260620117,1
Helen hasn't sold this axis.,Helen hasn't sold this axes.,morphology,determiner_noun_agreement,determiner_noun_agreement_irregular_1,True,True,False,True,182,-45.1905403137207,-47.63943099975586,1
A lot of students break this foot.,A lot of students break this feet.,morphology,determiner_noun_agreement,determiner_noun_agreement_irregular_1,True,True,False,True,183,-44.05223083496094,-44.25613784790039,1
Deanna embarrassed those alumni.,Deanna embarrassed those alumnus.,morphology,determiner_noun_agreement,determiner_noun_agreement_irregular_1,True,True,False,True,184,-41.03534698486328,-52.6091423034668,1
Gerald has concealed these synopses.,Gerald has concealed these synopsis.,morphology,determiner_noun_agreement,determiner_noun_agreement_irregular_1,True,True,False,True,185,-65.71098327636719,-51.80900955200195,0
Alicia hid that fungus.,Alicia hid that fungi.,morphology,determiner_noun_agreement,determiner_noun_agreement_irregular_1,True,True,False,True,186,-50.17889404296875,-49.66970443725586,0
Susan talks about this analysis.,Susan talks about this analyses.,morphology,determiner_noun_agreement,determiner_noun_agreement_irregular_1,True,True,False,True,187,-25.48697280883789,-29.209672927856445,1
A lot of men couldn't praise these synopses.,A lot of men couldn't praise these synopsis.,morphology,determiner_noun_agreement,determiner_noun_agreement_irregular_1,True,True,False,True,188,-74.37984466552734,-60.107872009277344,0
Some waiters hide these mice.,Some waiters hide these mouse.,morphology,determiner_noun_agreement,determiner_noun_agreement_irregular_1,True,True,False,True,189,-45.492130279541016,-48.47370147705078,1
A lot of cashiers cleaned those lice.,A lot of cashiers cleaned those louse.,morphology,determiner_noun_agreement,determiner_noun_agreement_irregular_1,True,True,False,True,190,-68.091796875,-70.20662689208984,1
Kayla can research those crises.,Kayla can research those crisis.,morphology,determiner_noun_agreement,determiner_noun_agreement_irregular_1,True,True,False,True,191,-43.54993438720703,-43.350425720214844,0
The Lutherans think about that ellipsis.,The Lutherans think about that ellipses.,morphology,determiner_noun_agreement,determiner_noun_agreement_irregular_1,True,True,False,True,192,-69.79689025878906,-67.34281921386719,0
The men break these feet.,The men break these foot.,morphology,determiner_noun_agreement,determiner_noun_agreement_irregular_1,True,True,False,True,193,-37.37260818481445,-39.71698760986328,1
A company doesn't upset this woman.,A company doesn't upset this women.,morphology,determiner_noun_agreement,determiner_noun_agreement_irregular_1,True,True,False,True,194,-43.472835540771484,-44.88829040527344,1
April complained about this thesis.,April complained about this theses.,morphology,determiner_noun_agreement,determiner_noun_agreement_irregular_1,True,True,False,True,195,-29.775146484375,-36.68075180053711,1
Emily insults that oasis.,Emily insults that oases.,morphology,determiner_noun_agreement,determiner_noun_agreement_irregular_1,True,True,False,True,196,-36.26133728027344,-40.61131286621094,1
That guy has thought about those syntheses.,That guy has thought about those synthesis.,morphology,determiner_noun_agreement,determiner_noun_agreement_irregular_1,True,True,False,True,197,-50.80718994140625,-43.63911819458008,0
Sarah should argue about that child.,Sarah should argue about that children.,morphology,determiner_noun_agreement,determiner_noun_agreement_irregular_1,True,True,False,True,198,-36.812660217285156,-35.33735656738281,0
The adults appreciate these alumni.,The adults appreciate these alumnus.,morphology,determiner_noun_agreement,determiner_noun_agreement_irregular_1,True,True,False,True,199,-37.88060760498047,-49.34113311767578,1
Amy shouldn't bring those fungi.,Amy shouldn't bring those fungus.,morphology,determiner_noun_agreement,determiner_noun_agreement_irregular_1,True,True,False,True,200,-41.0423469543457,-41.224281311035156,1
April can talk about these synopses.,April can talk about these synopsis.,morphology,determiner_noun_agreement,determiner_noun_agreement_irregular_1,True,True,False,True,201,-50.77678680419922,-34.95518493652344,0
Many waitresses appreciate that ellipsis.,Many waitresses appreciate that ellipses.,morphology,determiner_noun_agreement,determiner_noun_agreement_irregular_1,True,True,False,True,202,-68.02827453613281,-65.79103088378906,0
Benjamin couldn't sell that stimulus.,Benjamin couldn't sell that stimuli.,morphology,determiner_noun_agreement,determiner_noun_agreement_irregular_1,True,True,False,True,203,-51.028995513916016,-50.93903350830078,0
Many customers weren't alarming this man.,Many customers weren't alarming this men.,morphology,determiner_noun_agreement,determiner_noun_agreement_irregular_1,True,True,False,True,204,-51.455955505371094,-53.85469055175781,1
That senator did hide this fungus.,That senator did hide this fungi.,morphology,determiner_noun_agreement,determiner_noun_agreement_irregular_1,True,True,False,True,205,-47.82191467285156,-48.528568267822266,1
Every waitress wasn't arguing about these bases.,Every waitress wasn't arguing about these basis.,morphology,determiner_noun_agreement,determiner_noun_agreement_irregular_1,True,True,False,True,206,-55.34778594970703,-55.406883239746094,1
Amanda was boasting about that paralysis.,Amanda was boasting about that paralyses.,morphology,determiner_noun_agreement,determiner_noun_agreement_irregular_1,True,True,False,True,207,-55.03474807739258,-63.97805404663086,1
Liam isn't hiding these octopi.,Liam isn't hiding these octopus.,morphology,determiner_noun_agreement,determiner_noun_agreement_irregular_1,True,True,False,True,208,-66.14217376708984,-60.53994369506836,0
Clyde complained about this synthesis.,Clyde complained about this syntheses.,morphology,determiner_noun_agreement,determiner_noun_agreement_irregular_1,True,True,False,True,209,-54.29004669189453,-60.45615005493164,1
Sally cured those octopi.,Sally cured those octopus.,morphology,determiner_noun_agreement,determiner_noun_agreement_irregular_1,True,True,False,True,210,-53.05786895751953,-49.26496505737305,0
Charles discovers these diagnoses.,Charles discovers these diagnosis.,morphology,determiner_noun_agreement,determiner_noun_agreement_irregular_1,True,True,False,True,211,-31.987213134765625,-29.894319534301758,0
Guys have that cactus.,Guys have that cacti.,morphology,determiner_noun_agreement,determiner_noun_agreement_irregular_1,True,True,False,True,212,-39.67636489868164,-47.629005432128906,1
Carmen attacks these children.,Carmen attacks these child.,morphology,determiner_noun_agreement,determiner_noun_agreement_irregular_1,True,True,False,True,213,-46.966617584228516,-49.45374298095703,1
Cynthia took these oases.,Cynthia took these oasis.,morphology,determiner_noun_agreement,determiner_noun_agreement_irregular_1,True,True,False,True,214,-59.85254669189453,-54.877235412597656,0
Edward wasn't taking that foot.,Edward wasn't taking that feet.,morphology,determiner_noun_agreement,determiner_noun_agreement_irregular_1,True,True,False,True,215,-41.60371398925781,-41.98987579345703,1
Grace didn't complain about these theses.,Grace didn't complain about these thesis.,morphology,determiner_noun_agreement,determiner_noun_agreement_irregular_1,True,True,False,True,216,-56.03802490234375,-47.16674041748047,0
Vincent saw those axes.,Vincent saw those axis.,morphology,determiner_noun_agreement,determiner_noun_agreement_irregular_1,True,True,False,True,217,-42.47346878051758,-42.02094650268555,0
Laura isn't healing those people.,Laura isn't healing those person.,morphology,determiner_noun_agreement,determiner_noun_agreement_irregular_1,True,True,False,True,218,-35.23660659790039,-39.2166633605957,1
Carla wouldn't remember that child.,Carla wouldn't remember that children.,morphology,determiner_noun_agreement,determiner_noun_agreement_irregular_1,True,True,False,True,219,-43.618106842041016,-42.47045135498047,0
Alicia has boasted about these phenomena.,Alicia has boasted about these phenomenon.,morphology,determiner_noun_agreement,determiner_noun_agreement_irregular_1,True,True,False,True,220,-55.20433807373047,-55.877296447753906,1
Sherry cures this ox.,Sherry cures this oxen.,morphology,determiner_noun_agreement,determiner_noun_agreement_irregular_1,True,True,False,True,221,-44.96058654785156,-53.11140441894531,1
Renee is discovering these ellipses.,Renee is discovering these ellipsis.,morphology,determiner_noun_agreement,determiner_noun_agreement_irregular_1,True,True,False,True,222,-54.770286560058594,-57.30604553222656,1
Russell concealed those feet.,Russell concealed those foot.,morphology,determiner_noun_agreement,determiner_noun_agreement_irregular_1,True,True,False,True,223,-29.872079849243164,-32.94426727294922,1
This rug annoyed this person.,This rug annoyed this people.,morphology,determiner_noun_agreement,determiner_noun_agreement_irregular_1,True,True,False,True,224,-38.752994537353516,-40.2752685546875,1
Jill admires these mice.,Jill admires these mouse.,morphology,determiner_noun_agreement,determiner_noun_agreement_irregular_1,True,True,False,True,225,-44.963924407958984,-47.9768180847168,1
Daniel hadn't loved that analysis.,Daniel hadn't loved that analyses.,morphology,determiner_noun_agreement,determiner_noun_agreement_irregular_1,True,True,False,True,226,-44.803646087646484,-47.11140823364258,1
Teenagers find these teeth.,Teenagers find these tooth.,morphology,determiner_noun_agreement,determiner_noun_agreement_irregular_1,True,True,False,True,227,-35.21440124511719,-39.69947052001953,1
Sally hasn't complained about this woman.,Sally hasn't complained about this women.,morphology,determiner_noun_agreement,determiner_noun_agreement_irregular_1,True,True,False,True,228,-49.3917236328125,-51.71031188964844,1
Jane hasn't noticed those octopi.,Jane hasn't noticed those octopus.,morphology,determiner_noun_agreement,determiner_noun_agreement_irregular_1,True,True,False,True,229,-54.79046630859375,-48.01780700683594,0
Michelle had admired that louse.,Michelle had admired that lice.,morphology,determiner_noun_agreement,determiner_noun_agreement_irregular_1,True,True,False,True,230,-41.75335693359375,-42.10419464111328,1
Beth boasted about that medium.,Beth boasted about that media.,morphology,determiner_noun_agreement,determiner_noun_agreement_irregular_1,True,True,False,True,231,-45.555294036865234,-44.227989196777344,0
Nicole wasn't hiding these oxen.,Nicole wasn't hiding these ox.,morphology,determiner_noun_agreement,determiner_noun_agreement_irregular_1,True,True,False,True,232,-62.44886016845703,-57.040985107421875,0
Ann thinks about this phenomenon.,Ann thinks about this phenomena.,morphology,determiner_noun_agreement,determiner_noun_agreement_irregular_1,True,True,False,True,233,-28.680103302001953,-31.729267120361328,1
Most associations boast about those media.,Most associations boast about those medium.,morphology,determiner_noun_agreement,determiner_noun_agreement_irregular_1,True,True,False,True,234,-43.1971435546875,-46.92095947265625,1
Grace admires these mice.,Grace admires these mouse.,morphology,determiner_noun_agreement,determiner_noun_agreement_irregular_1,True,True,False,True,235,-46.40771484375,-49.180763244628906,1
Grace hasn't concealed those feet.,Grace hasn't concealed those foot.,morphology,determiner_noun_agreement,determiner_noun_agreement_irregular_1,True,True,False,True,236,-48.27287292480469,-50.287174224853516,1
These ladies left these children.,These ladies left these child.,morphology,determiner_noun_agreement,determiner_noun_agreement_irregular_1,True,True,False,True,237,-34.488040924072266,-37.415977478027344,1
Wendy hasn't researched that diagnosis.,Wendy hasn't researched that diagnoses.,morphology,determiner_noun_agreement,determiner_noun_agreement_irregular_1,True,True,False,True,238,-57.882102966308594,-59.292884826660156,1
Gary researches that ellipsis.,Gary researches that ellipses.,morphology,determiner_noun_agreement,determiner_noun_agreement_irregular_1,True,True,False,True,239,-53.05561828613281,-49.63095474243164,0
Keith wasn't arguing about that analysis.,Keith wasn't arguing about that analyses.,morphology,determiner_noun_agreement,determiner_noun_agreement_irregular_1,True,True,False,True,240,-48.58308410644531,-50.66449737548828,1
Aaron did have that oasis.,Aaron did have that oases.,morphology,determiner_noun_agreement,determiner_noun_agreement_irregular_1,True,True,False,True,241,-35.91151428222656,-40.3035774230957,1
A lot of cucumbers scare these men.,A lot of cucumbers scare these man.,morphology,determiner_noun_agreement,determiner_noun_agreement_irregular_1,True,True,False,True,242,-59.00407409667969,-61.20231246948242,1
Meredith hasn't argued about this medium.,Meredith hasn't argued about this media.,morphology,determiner_noun_agreement,determiner_noun_agreement_irregular_1,True,True,False,True,243,-56.00807189941406,-54.62285614013672,0
The students break those teeth.,The students break those tooth.,morphology,determiner_noun_agreement,determiner_noun_agreement_irregular_1,True,True,False,True,244,-36.526161193847656,-40.76933288574219,1
Every girl thinks about these fungi.,Every girl thinks about these fungus.,morphology,determiner_noun_agreement,determiner_noun_agreement_irregular_1,True,True,False,True,245,-40.101341247558594,-40.392234802246094,1
Grace revealed that mouse.,Grace revealed that mice.,morphology,determiner_noun_agreement,determiner_noun_agreement_irregular_1,True,True,False,True,246,-35.062591552734375,-33.26996994018555,0
Kevin concealed these people.,Kevin concealed these person.,morphology,determiner_noun_agreement,determiner_noun_agreement_irregular_1,True,True,False,True,247,-26.95264434814453,-30.644968032836914,1
Judy does lift that fungus.,Judy does lift that fungi.,morphology,determiner_noun_agreement,determiner_noun_agreement_irregular_1,True,True,False,True,248,-45.58494567871094,-45.5571174621582,0
Windows annoy those men.,Windows annoy those man.,morphology,determiner_noun_agreement,determiner_noun_agreement_irregular_1,True,True,False,True,249,-30.08934211730957,-32.837432861328125,1
Karen hated these synopses.,Karen hated these synopsis.,morphology,determiner_noun_agreement,determiner_noun_agreement_irregular_1,True,True,False,True,250,-56.2977294921875,-41.05752944946289,0
Catherine finds this goose.,Catherine finds this geese.,morphology,determiner_noun_agreement,determiner_noun_agreement_irregular_1,True,True,False,True,251,-44.76112365722656,-48.78929138183594,1
Many banks had hated those men.,Many banks had hated those man.,morphology,determiner_noun_agreement,determiner_noun_agreement_irregular_1,True,True,False,True,252,-42.14751052856445,-44.77925109863281,1
Some actors did admire that child.,Some actors did admire that children.,morphology,determiner_noun_agreement,determiner_noun_agreement_irregular_1,True,True,False,True,253,-44.28291320800781,-42.649330139160156,0
Stephen discovered that medium.,Stephen discovered that media.,morphology,determiner_noun_agreement,determiner_noun_agreement_irregular_1,True,True,False,True,254,-29.774389266967773,-28.957542419433594,0
All ladies confuse that man.,All ladies confuse that men.,morphology,determiner_noun_agreement,determiner_noun_agreement_irregular_1,True,True,False,True,255,-41.31578063964844,-39.42474365234375,0
Most senators see those alumni.,Most senators see those alumnus.,morphology,determiner_noun_agreement,determiner_noun_agreement_irregular_1,True,True,False,True,256,-40.425838470458984,-52.35188293457031,1
Emily is appreciating this phenomenon.,Emily is appreciating this phenomena.,morphology,determiner_noun_agreement,determiner_noun_agreement_irregular_1,True,True,False,True,257,-33.69081115722656,-36.578468322753906,1
George couldn't discuss this synopsis.,George couldn't discuss this synopses.,morphology,determiner_noun_agreement,determiner_noun_agreement_irregular_1,True,True,False,True,258,-37.4423942565918,-53.29194259643555,1
Victoria did hurt these men.,Victoria did hurt these man.,morphology,determiner_noun_agreement,determiner_noun_agreement_irregular_1,True,True,False,True,259,-33.05885314941406,-35.32490921020508,1
Karla appreciates these syntheses.,Karla appreciates these synthesis.,morphology,determiner_noun_agreement,determiner_noun_agreement_irregular_1,True,True,False,True,260,-48.98579406738281,-42.22724914550781,0
Michael would hide that tooth.,Michael would hide that teeth.,morphology,determiner_noun_agreement,determiner_noun_agreement_irregular_1,True,True,False,True,261,-36.01603317260742,-33.55052185058594,0
Vincent wasn't appreciating these crises.,Vincent wasn't appreciating these crisis.,morphology,determiner_noun_agreement,determiner_noun_agreement_irregular_1,True,True,False,True,262,-60.0801887512207,-59.52412414550781,0
Carol was concealing that mouse.,Carol was concealing that mice.,morphology,determiner_noun_agreement,determiner_noun_agreement_irregular_1,True,True,False,True,263,-54.6049690246582,-50.92640686035156,0
Brenda revealed that nucleus.,Brenda revealed that nuclei.,morphology,determiner_noun_agreement,determiner_noun_agreement_irregular_1,True,True,False,True,264,-34.08373260498047,-36.53081130981445,1
Kathleen is researching this stimulus.,Kathleen is researching this stimuli.,morphology,determiner_noun_agreement,determiner_noun_agreement_irregular_1,True,True,False,True,265,-49.74077224731445,-51.08746337890625,1
Matt forgot those children.,Matt forgot those child.,morphology,determiner_noun_agreement,determiner_noun_agreement_irregular_1,True,True,False,True,266,-24.016643524169922,-27.878032684326172,1
Nicole had remembered those analyses.,Nicole had remembered those analysis.,morphology,determiner_noun_agreement,determiner_noun_agreement_irregular_1,True,True,False,True,267,-45.50198745727539,-43.73310089111328,0
Amy argued about that oasis.,Amy argued about that oases.,morphology,determiner_noun_agreement,determiner_noun_agreement_irregular_1,True,True,False,True,268,-40.868553161621094,-44.90025329589844,1
Elizabeth has seen those children.,Elizabeth has seen those child.,morphology,determiner_noun_agreement,determiner_noun_agreement_irregular_1,True,True,False,True,269,-25.621322631835938,-29.39183807373047,1
Monica wouldn't forget those children.,Monica wouldn't forget those child.,morphology,determiner_noun_agreement,determiner_noun_agreement_irregular_1,True,True,False,True,270,-41.979759216308594,-45.366119384765625,1
Naomi wouldn't bring that stimulus.,Naomi wouldn't bring that stimuli.,morphology,determiner_noun_agreement,determiner_noun_agreement_irregular_1,True,True,False,True,271,-53.55905532836914,-53.03816223144531,0
That actress can discover that synthesis.,That actress can discover that syntheses.,morphology,determiner_noun_agreement,determiner_noun_agreement_irregular_1,True,True,False,True,272,-46.24976348876953,-50.86741638183594,1
Tonya can boast about these hypotheses.,Tonya can boast about these hypothesis.,morphology,determiner_noun_agreement,determiner_noun_agreement_irregular_1,True,True,False,True,273,-45.90766906738281,-46.36241912841797,1
Many hospitals boast about that ellipsis.,Many hospitals boast about that ellipses.,morphology,determiner_noun_agreement,determiner_noun_agreement_irregular_1,True,True,False,True,274,-65.06159973144531,-62.515586853027344,0
Tamara was buying this fungus.,Tamara was buying this fungi.,morphology,determiner_noun_agreement,determiner_noun_agreement_irregular_1,True,True,False,True,275,-41.10387420654297,-41.814334869384766,1
Most drivers discover these people.,Most drivers discover these person.,morphology,determiner_noun_agreement,determiner_noun_agreement_irregular_1,True,True,False,True,276,-32.45952606201172,-34.7581787109375,1
Jason isn't arguing about that hypothesis.,Jason isn't arguing about that hypotheses.,morphology,determiner_noun_agreement,determiner_noun_agreement_irregular_1,True,True,False,True,277,-44.68940734863281,-47.38996887207031,1
Some cashiers conceal these synopses.,Some cashiers conceal these synopsis.,morphology,determiner_noun_agreement,determiner_noun_agreement_irregular_1,True,True,False,True,278,-70.31703186035156,-55.40275955200195,0
The women hire this woman.,The women hire this women.,morphology,determiner_noun_agreement,determiner_noun_agreement_irregular_1,True,True,False,True,279,-36.19016647338867,-35.901763916015625,0
Every government had bought that stimulus.,Every government had bought that stimuli.,morphology,determiner_noun_agreement,determiner_noun_agreement_irregular_1,True,True,False,True,280,-44.69538879394531,-44.6553955078125,0
A university didn't sell those mice.,A university didn't sell those mouse.,morphology,determiner_noun_agreement,determiner_noun_agreement_irregular_1,True,True,False,True,281,-47.135536193847656,-48.88817596435547,1
Vanessa is boasting about these paralyses.,Vanessa is boasting about these paralysis.,morphology,determiner_noun_agreement,determiner_noun_agreement_irregular_1,True,True,False,True,282,-62.01422882080078,-51.81221008300781,0
Angela did hide these feet.,Angela did hide these foot.,morphology,determiner_noun_agreement,determiner_noun_agreement_irregular_1,True,True,False,True,283,-43.368797302246094,-44.800411224365234,1
Danielle hadn't seen that nucleus.,Danielle hadn't seen that nuclei.,morphology,determiner_noun_agreement,determiner_noun_agreement_irregular_1,True,True,False,True,284,-49.73488235473633,-53.877357482910156,1
The Impressionists liked these feet.,The Impressionists liked these foot.,morphology,determiner_noun_agreement,determiner_noun_agreement_irregular_1,True,True,False,True,285,-56.31415939331055,-57.26949691772461,1
Tonya wasn't discovering those diagnoses.,Tonya wasn't discovering those diagnosis.,morphology,determiner_noun_agreement,determiner_noun_agreement_irregular_1,True,True,False,True,286,-51.10585403442383,-50.48293685913086,0
Anna discovered this phenomenon.,Anna discovered this phenomena.,morphology,determiner_noun_agreement,determiner_noun_agreement_irregular_1,True,True,False,True,287,-26.461593627929688,-29.56262969970703,1
Suzanne doesn't bring those lice.,Suzanne doesn't bring those louse.,morphology,determiner_noun_agreement,determiner_noun_agreement_irregular_1,True,True,False,True,288,-55.1372184753418,-55.96675109863281,1
Most teachers appreciate those crises.,Most teachers appreciate those crisis.,morphology,determiner_noun_agreement,determiner_noun_agreement_irregular_1,True,True,False,True,289,-36.266197204589844,-36.278079986572266,1
The man boasted about that hypothesis.,The man boasted about that hypotheses.,morphology,determiner_noun_agreement,determiner_noun_agreement_irregular_1,True,True,False,True,290,-45.02738952636719,-47.288902282714844,1
Kayla hates this woman.,Kayla hates this women.,morphology,determiner_noun_agreement,determiner_noun_agreement_irregular_1,True,True,False,True,291,-33.06920623779297,-35.13779067993164,1
Women insult that oasis.,Women insult that oases.,morphology,determiner_noun_agreement,determiner_noun_agreement_irregular_1,True,True,False,True,292,-35.66362380981445,-39.84075927734375,1
Stacey hadn't thought about this ox.,Stacey hadn't thought about this oxen.,morphology,determiner_noun_agreement,determiner_noun_agreement_irregular_1,True,True,False,True,293,-57.12907409667969,-63.45520782470703,1
Joseph wasn't talking to this child.,Joseph wasn't talking to this children.,morphology,determiner_noun_agreement,determiner_noun_agreement_irregular_1,True,True,False,True,294,-39.469757080078125,-40.253936767578125,1
Keith was admiring that mouse.,Keith was admiring that mice.,morphology,determiner_noun_agreement,determiner_noun_agreement_irregular_1,True,True,False,True,295,-42.9256706237793,-41.40315246582031,0
Kathleen did notice this fungus.,Kathleen did notice this fungi.,morphology,determiner_noun_agreement,determiner_noun_agreement_irregular_1,True,True,False,True,296,-52.61814880371094,-52.81129455566406,1
A drawing bothers this woman.,A drawing bothers this women.,morphology,determiner_noun_agreement,determiner_noun_agreement_irregular_1,True,True,False,True,297,-41.927818298339844,-43.50357437133789,1
Nancy hasn't complained about these ellipses.,Nancy hasn't complained about these ellipsis.,morphology,determiner_noun_agreement,determiner_noun_agreement_irregular_1,True,True,False,True,298,-69.76768493652344,-72.71439361572266,1
Stacey brought this axis.,Stacey brought this axes.,morphology,determiner_noun_agreement,determiner_noun_agreement_irregular_1,True,True,False,True,299,-40.19001007080078,-41.35624694824219,1
That actor wasn't complaining about this ellipsis.,That actor wasn't complaining about this ellipses.,morphology,determiner_noun_agreement,determiner_noun_agreement_irregular_1,True,True,False,True,300,-70.07135009765625,-67.37966918945312,0
Elizabeth didn't discover this medium.,Elizabeth didn't discover this media.,morphology,determiner_noun_agreement,determiner_noun_agreement_irregular_1,True,True,False,True,301,-37.552547454833984,-36.769439697265625,0
Senators think about these nuclei.,Senators think about these nucleus.,morphology,determiner_noun_agreement,determiner_noun_agreement_irregular_1,True,True,False,True,302,-48.56804656982422,-43.402801513671875,0
Judy was thinking about those crises.,Judy was thinking about those crisis.,morphology,determiner_noun_agreement,determiner_noun_agreement_irregular_1,True,True,False,True,303,-39.43680191040039,-38.92353057861328,0
Alicia thought about these women.,Alicia thought about these woman.,morphology,determiner_noun_agreement,determiner_noun_agreement_irregular_1,True,True,False,True,304,-44.010894775390625,-47.06572723388672,1
Donald thinks about that phenomenon.,Donald thinks about that phenomena.,morphology,determiner_noun_agreement,determiner_noun_agreement_irregular_1,True,True,False,True,305,-32.90039825439453,-34.118011474609375,1
Some driver hasn't hidden this fungus.,Some driver hasn't hidden this fungi.,morphology,determiner_noun_agreement,determiner_noun_agreement_irregular_1,True,True,False,True,306,-54.45036315917969,-55.118309020996094,1
Some dancer brought that nucleus.,Some dancer brought that nuclei.,morphology,determiner_noun_agreement,determiner_noun_agreement_irregular_1,True,True,False,True,307,-42.77196502685547,-47.750518798828125,1
Alan isn't complaining about those syntheses.,Alan isn't complaining about those synthesis.,morphology,determiner_noun_agreement,determiner_noun_agreement_irregular_1,True,True,False,True,308,-50.061763763427734,-42.6456298828125,0
Steve isn't thinking about this goose.,Steve isn't thinking about this geese.,morphology,determiner_noun_agreement,determiner_noun_agreement_irregular_1,True,True,False,True,309,-41.22984313964844,-45.54039001464844,1
Candice didn't think about that synthesis.,Candice didn't think about that syntheses.,morphology,determiner_noun_agreement,determiner_noun_agreement_irregular_1,True,True,False,True,310,-46.64125061035156,-52.51171875,1
A lot of cafes haven't worried these children.,A lot of cafes haven't worried these child.,morphology,determiner_noun_agreement,determiner_noun_agreement_irregular_1,True,True,False,True,311,-61.78214645385742,-64.66278076171875,1
All women boast about this synthesis.,All women boast about this syntheses.,morphology,determiner_noun_agreement,determiner_noun_agreement_irregular_1,True,True,False,True,312,-44.548583984375,-50.3826904296875,1
Susan isn't researching that synthesis.,Susan isn't researching that syntheses.,morphology,determiner_noun_agreement,determiner_noun_agreement_irregular_1,True,True,False,True,313,-44.16749572753906,-48.838619232177734,1
Claire wouldn't hide this louse.,Claire wouldn't hide this lice.,morphology,determiner_noun_agreement,determiner_noun_agreement_irregular_1,True,True,False,True,314,-54.19806671142578,-53.86541748046875,0
Kathleen had researched these paralyses.,Kathleen had researched these paralysis.,morphology,determiner_noun_agreement,determiner_noun_agreement_irregular_1,True,True,False,True,315,-66.33809661865234,-55.581809997558594,0
Victoria had boasted about that hypothesis.,Victoria had boasted about that hypotheses.,morphology,determiner_noun_agreement,determiner_noun_agreement_irregular_1,True,True,False,True,316,-44.62319564819336,-47.1154670715332,1
Marla cleaned this tooth.,Marla cleaned this teeth.,morphology,determiner_noun_agreement,determiner_noun_agreement_irregular_1,True,True,False,True,317,-39.72835922241211,-37.9375,0
These tomatoes aggravate those people.,These tomatoes aggravate those person.,morphology,determiner_noun_agreement,determiner_noun_agreement_irregular_1,True,True,False,True,318,-41.92901611328125,-45.50322341918945,1
Benjamin discovered that phenomenon.,Benjamin discovered that phenomena.,morphology,determiner_noun_agreement,determiner_noun_agreement_irregular_1,True,True,False,True,319,-40.95458984375,-42.12458038330078,1
These libraries haven't discussed this child.,These libraries haven't discussed this children.,morphology,determiner_noun_agreement,determiner_noun_agreement_irregular_1,True,True,False,True,320,-52.37531280517578,-51.927249908447266,0
Melanie isn't appreciating that synopsis.,Melanie isn't appreciating that synopses.,morphology,determiner_noun_agreement,determiner_noun_agreement_irregular_1,True,True,False,True,321,-57.76090621948242,-69.41574096679688,1
Andrea did annoy those people.,Andrea did annoy those person.,morphology,determiner_noun_agreement,determiner_noun_agreement_irregular_1,True,True,False,True,322,-42.15115737915039,-45.54830551147461,1
These waitresses bothers these people.,These waitresses bothers these person.,morphology,determiner_noun_agreement,determiner_noun_agreement_irregular_1,True,True,False,True,323,-48.150733947753906,-50.85980987548828,1
Karen boasts about those men.,Karen boasts about those man.,morphology,determiner_noun_agreement,determiner_noun_agreement_irregular_1,True,True,False,True,324,-40.26053237915039,-43.27532958984375,1
Matt will appreciate that paralysis.,Matt will appreciate that paralyses.,morphology,determiner_noun_agreement,determiner_noun_agreement_irregular_1,True,True,False,True,325,-34.802833557128906,-43.701717376708984,1
These pedestrians were messing up these feet.,These pedestrians were messing up these foot.,morphology,determiner_noun_agreement,determiner_noun_agreement_irregular_1,True,True,False,True,326,-49.09680938720703,-51.27361297607422,1
Rhonda has complained about those children.,Rhonda has complained about those child.,morphology,determiner_noun_agreement,determiner_noun_agreement_irregular_1,True,True,False,True,327,-43.28838348388672,-46.66731643676758,1
All customers had complained about this medium.,All customers had complained about this media.,morphology,determiner_noun_agreement,determiner_noun_agreement_irregular_1,True,True,False,True,328,-46.21067810058594,-44.36968231201172,0
Every sweater can't astound those men.,Every sweater can't astound those man.,morphology,determiner_noun_agreement,determiner_noun_agreement_irregular_1,True,True,False,True,329,-60.98244857788086,-64.40696716308594,1
Florence hasn't revealed that oasis.,Florence hasn't revealed that oases.,morphology,determiner_noun_agreement,determiner_noun_agreement_irregular_1,True,True,False,True,330,-57.46466064453125,-62.729759216308594,1
Schools argued about that hypothesis.,Schools argued about that hypotheses.,morphology,determiner_noun_agreement,determiner_noun_agreement_irregular_1,True,True,False,True,331,-42.201377868652344,-44.426544189453125,1
Phillip saw those fungi.,Phillip saw those fungus.,morphology,determiner_noun_agreement,determiner_noun_agreement_irregular_1,True,True,False,True,332,-39.21299362182617,-39.72336959838867,1
Melissa is appreciating those bases.,Melissa is appreciating those basis.,morphology,determiner_noun_agreement,determiner_noun_agreement_irregular_1,True,True,False,True,333,-46.90380096435547,-45.27492141723633,0
Some college campus disgusts this alumnus.,Some college campus disgusts this alumni.,morphology,determiner_noun_agreement,determiner_noun_agreement_irregular_1,True,True,False,True,334,-72.22638702392578,-59.50674057006836,0
These museums admire that man.,These museums admire that men.,morphology,determiner_noun_agreement,determiner_noun_agreement_irregular_1,True,True,False,True,335,-40.75216293334961,-39.153465270996094,0
Stacey thinks about these stimuli.,Stacey thinks about these stimulus.,morphology,determiner_noun_agreement,determiner_noun_agreement_irregular_1,True,True,False,True,336,-42.51173400878906,-44.58968734741211,1
Many actors weren't boasting about those media.,Many actors weren't boasting about those medium.,morphology,determiner_noun_agreement,determiner_noun_agreement_irregular_1,True,True,False,True,337,-56.58488464355469,-59.82630157470703,1
Kayla hadn't observed those men.,Kayla hadn't observed those man.,morphology,determiner_noun_agreement,determiner_noun_agreement_irregular_1,True,True,False,True,338,-49.62025451660156,-51.51142501831055,1
Ann embarrassed those men.,Ann embarrassed those man.,morphology,determiner_noun_agreement,determiner_noun_agreement_irregular_1,True,True,False,True,339,-30.399486541748047,-33.041019439697266,1
Pamela hadn't boasted about these phenomena.,Pamela hadn't boasted about these phenomenon.,morphology,determiner_noun_agreement,determiner_noun_agreement_irregular_1,True,True,False,True,340,-64.06089782714844,-65.05120849609375,1
Kendra thinks about those bases.,Kendra thinks about those basis.,morphology,determiner_noun_agreement,determiner_noun_agreement_irregular_1,True,True,False,True,341,-42.059181213378906,-41.477272033691406,0
Susan remembered this person.,Susan remembered this people.,morphology,determiner_noun_agreement,determiner_noun_agreement_irregular_1,True,True,False,True,342,-23.57927703857422,-26.146846771240234,1
Some adult doesn't notice these cacti.,Some adult doesn't notice these cactus.,morphology,determiner_noun_agreement,determiner_noun_agreement_irregular_1,True,True,False,True,343,-59.50602722167969,-50.58897399902344,0
Many customers like these theses.,Many customers like these thesis.,morphology,determiner_noun_agreement,determiner_noun_agreement_irregular_1,True,True,False,True,344,-40.700340270996094,-32.95572280883789,0
Some skateboards hadn't embarrassed this person.,Some skateboards hadn't embarrassed this people.,morphology,determiner_noun_agreement,determiner_noun_agreement_irregular_1,True,True,False,True,345,-60.0132942199707,-63.10663604736328,1
Guy is alarming this person.,Guy is alarming this people.,morphology,determiner_noun_agreement,determiner_noun_agreement_irregular_1,True,True,False,True,346,-31.650543212890625,-34.36737823486328,1
Paul hadn't brought those mice.,Paul hadn't brought those mouse.,morphology,determiner_noun_agreement,determiner_noun_agreement_irregular_1,True,True,False,True,347,-45.82339859008789,-47.59488296508789,1
Suzanne can't hide this nucleus.,Suzanne can't hide this nuclei.,morphology,determiner_noun_agreement,determiner_noun_agreement_irregular_1,True,True,False,True,348,-51.502655029296875,-56.111785888671875,1
The painting looks like this fungus.,The painting looks like this fungi.,morphology,determiner_noun_agreement,determiner_noun_agreement_irregular_1,True,True,False,True,349,-37.18659210205078,-38.31443786621094,1
Literature bores that person.,Literature bores that people.,morphology,determiner_noun_agreement,determiner_noun_agreement_irregular_1,True,True,False,True,350,-42.579368591308594,-41.30271911621094,0
Douglas complained about that alumnus.,Douglas complained about that alumni.,morphology,determiner_noun_agreement,determiner_noun_agreement_irregular_1,True,True,False,True,351,-53.514198303222656,-45.749324798583984,0
Beverly remembered those children.,Beverly remembered those child.,morphology,determiner_noun_agreement,determiner_noun_agreement_irregular_1,True,True,False,True,352,-39.98679733276367,-43.4255485534668,1
The ladies respect that oasis.,The ladies respect that oases.,morphology,determiner_noun_agreement,determiner_noun_agreement_irregular_1,True,True,False,True,353,-45.71923828125,-48.94908905029297,1
Sheila reveals those children.,Sheila reveals those child.,morphology,determiner_noun_agreement,determiner_noun_agreement_irregular_1,True,True,False,True,354,-34.399940490722656,-38.28300476074219,1
Kathleen discovered those cacti.,Kathleen discovered those cactus.,morphology,determiner_noun_agreement,determiner_noun_agreement_irregular_1,True,True,False,True,355,-60.64841079711914,-52.091983795166016,0
Nina had sounded like these analyses.,Nina had sounded like these analysis.,morphology,determiner_noun_agreement,determiner_noun_agreement_irregular_1,True,True,False,True,356,-49.80145263671875,-48.013973236083984,0
Jeffrey didn't approach these alumni.,Jeffrey didn't approach these alumnus.,morphology,determiner_noun_agreement,determiner_noun_agreement_irregular_1,True,True,False,True,357,-49.13174819946289,-58.68403625488281,1
Michael appreciated that medium.,Michael appreciated that media.,morphology,determiner_noun_agreement,determiner_noun_agreement_irregular_1,True,True,False,True,358,-29.217655181884766,-28.633338928222656,0
Jill admires that fungus.,Jill admires that fungi.,morphology,determiner_noun_agreement,determiner_noun_agreement_irregular_1,True,True,False,True,359,-46.35832214355469,-46.39478302001953,1
That movie theater has irritated those alumni.,That movie theater has irritated those alumnus.,morphology,determiner_noun_agreement,determiner_noun_agreement_irregular_1,True,True,False,True,360,-55.431488037109375,-67.95059967041016,1
A lot of drivers hide those oxen.,A lot of drivers hide those ox.,morphology,determiner_noun_agreement,determiner_noun_agreement_irregular_1,True,True,False,True,361,-64.58161926269531,-56.882972717285156,0
Many boys buy that nucleus.,Many boys buy that nuclei.,morphology,determiner_noun_agreement,determiner_noun_agreement_irregular_1,True,True,False,True,362,-42.979530334472656,-47.03917694091797,1
Melinda had thought about that axis.,Melinda had thought about that axes.,morphology,determiner_noun_agreement,determiner_noun_agreement_irregular_1,True,True,False,True,363,-46.82295608520508,-47.4229621887207,1
Girls didn't love that man.,Girls didn't love that men.,morphology,determiner_noun_agreement,determiner_noun_agreement_irregular_1,True,True,False,True,364,-33.96751022338867,-34.99872589111328,1
Charles irritated this man.,Charles irritated this men.,morphology,determiner_noun_agreement,determiner_noun_agreement_irregular_1,True,True,False,True,365,-26.93238067626953,-29.551616668701172,1
Kristen insulted this man.,Kristen insulted this men.,morphology,determiner_noun_agreement,determiner_noun_agreement_irregular_1,True,True,False,True,366,-33.51726531982422,-36.23286819458008,1
That teenager researched this medium.,That teenager researched this media.,morphology,determiner_noun_agreement,determiner_noun_agreement_irregular_1,True,True,False,True,367,-41.14936065673828,-39.86285400390625,0
Joseph attacks these people.,Joseph attacks these person.,morphology,determiner_noun_agreement,determiner_noun_agreement_irregular_1,True,True,False,True,368,-24.231975555419922,-26.739524841308594,1
Melissa had thought about these syntheses.,Melissa had thought about these synthesis.,morphology,determiner_noun_agreement,determiner_noun_agreement_irregular_1,True,True,False,True,369,-51.78959655761719,-44.89971160888672,0
Omar admired those lice.,Omar admired those louse.,morphology,determiner_noun_agreement,determiner_noun_agreement_irregular_1,True,True,False,True,370,-51.056365966796875,-51.99568557739258,1
Sherry boasts about those synopses.,Sherry boasts about those synopsis.,morphology,determiner_noun_agreement,determiner_noun_agreement_irregular_1,True,True,False,True,371,-63.27057647705078,-49.50481414794922,0
Amy complains about those diagnoses.,Amy complains about those diagnosis.,morphology,determiner_noun_agreement,determiner_noun_agreement_irregular_1,True,True,False,True,372,-34.691627502441406,-33.453636169433594,0
Nicole hasn't admired those stimuli.,Nicole hasn't admired those stimulus.,morphology,determiner_noun_agreement,determiner_noun_agreement_irregular_1,True,True,False,True,373,-50.67886734008789,-52.30974197387695,1
Tanya researches those crises.,Tanya researches those crisis.,morphology,determiner_noun_agreement,determiner_noun_agreement_irregular_1,True,True,False,True,374,-47.817138671875,-47.858795166015625,1
A lot of committees buy this fungus.,A lot of committees buy this fungi.,morphology,determiner_noun_agreement,determiner_noun_agreement_irregular_1,True,True,False,True,375,-53.779693603515625,-54.288570404052734,1
Craig can bring that goose.,Craig can bring that geese.,morphology,determiner_noun_agreement,determiner_noun_agreement_irregular_1,True,True,False,True,376,-36.392005920410156,-39.26476287841797,1
Randolf visits that person.,Randolf visits that people.,morphology,determiner_noun_agreement,determiner_noun_agreement_irregular_1,True,True,False,True,377,-37.040374755859375,-34.992759704589844,0
Thomas discovers those phenomena.,Thomas discovers those phenomenon.,morphology,determiner_noun_agreement,determiner_noun_agreement_irregular_1,True,True,False,True,378,-30.953712463378906,-31.03176498413086,1
Vanessa hasn't described those synopses.,Vanessa hasn't described those synopsis.,morphology,determiner_noun_agreement,determiner_noun_agreement_irregular_1,True,True,False,True,379,-67.38374328613281,-53.45531463623047,0
Kevin couldn't lift this octopus.,Kevin couldn't lift this octopi.,morphology,determiner_noun_agreement,determiner_noun_agreement_irregular_1,True,True,False,True,380,-45.341827392578125,-53.153587341308594,1
Connie had loved that analysis.,Connie had loved that analyses.,morphology,determiner_noun_agreement,determiner_noun_agreement_irregular_1,True,True,False,True,381,-43.37220764160156,-45.474853515625,1
Derek sounds like that analysis.,Derek sounds like that analyses.,morphology,determiner_noun_agreement,determiner_noun_agreement_irregular_1,True,True,False,True,382,-45.216285705566406,-46.7999267578125,1
Jessica conceals those teeth.,Jessica conceals those tooth.,morphology,determiner_noun_agreement,determiner_noun_agreement_irregular_1,True,True,False,True,383,-38.36954116821289,-43.51710891723633,1
Deborah researches those bases.,Deborah researches those basis.,morphology,determiner_noun_agreement,determiner_noun_agreement_irregular_1,True,True,False,True,384,-50.232261657714844,-48.995811462402344,0
The Impressionists hide those octopi.,The Impressionists hide those octopus.,morphology,determiner_noun_agreement,determiner_noun_agreement_irregular_1,True,True,False,True,385,-73.98876190185547,-68.27371215820312,0
Marla did listen to those children.,Marla did listen to those child.,morphology,determiner_noun_agreement,determiner_noun_agreement_irregular_1,True,True,False,True,386,-39.756187438964844,-43.28301239013672,1
Brian might astound that child.,Brian might astound that children.,morphology,determiner_noun_agreement,determiner_noun_agreement_irregular_1,True,True,False,True,387,-46.38268280029297,-45.057559967041016,0
Claire has those geese.,Claire has those goose.,morphology,determiner_noun_agreement,determiner_noun_agreement_irregular_1,True,True,False,True,388,-42.65576171875,-37.628196716308594,0
The lady admired these axes.,The lady admired these axis.,morphology,determiner_noun_agreement,determiner_noun_agreement_irregular_1,True,True,False,True,389,-45.004913330078125,-45.24966049194336,1
Daniel hasn't cleaned those lice.,Daniel hasn't cleaned those louse.,morphology,determiner_noun_agreement,determiner_noun_agreement_irregular_1,True,True,False,True,390,-48.44623947143555,-50.679054260253906,1
Some bread wasn't shocking these children.,Some bread wasn't shocking these child.,morphology,determiner_noun_agreement,determiner_noun_agreement_irregular_1,True,True,False,True,391,-53.30896759033203,-56.06299591064453,1
Marla thought about this goose.,Marla thought about this geese.,morphology,determiner_noun_agreement,determiner_noun_agreement_irregular_1,True,True,False,True,392,-42.230064392089844,-47.46461486816406,1
Jason sounds like these children.,Jason sounds like these child.,morphology,determiner_noun_agreement,determiner_noun_agreement_irregular_1,True,True,False,True,393,-29.71140480041504,-31.884841918945312,1
That girl wasn't selling that goose.,That girl wasn't selling that geese.,morphology,determiner_noun_agreement,determiner_noun_agreement_irregular_1,True,True,False,True,394,-51.055938720703125,-56.555580139160156,1
The picture hasn't looked like that louse.,The picture hasn't looked like that lice.,morphology,determiner_noun_agreement,determiner_noun_agreement_irregular_1,True,True,False,True,395,-57.30009460449219,-56.202369689941406,0
Claire wasn't hiring these people.,Claire wasn't hiring these person.,morphology,determiner_noun_agreement,determiner_noun_agreement_irregular_1,True,True,False,True,396,-47.8863525390625,-50.631622314453125,1
Adam couldn't boast about this paralysis.,Adam couldn't boast about this paralyses.,morphology,determiner_noun_agreement,determiner_noun_agreement_irregular_1,True,True,False,True,397,-46.26799774169922,-54.40901184082031,1
Heidi couldn't research these stimuli.,Heidi couldn't research these stimulus.,morphology,determiner_noun_agreement,determiner_noun_agreement_irregular_1,True,True,False,True,398,-52.692626953125,-54.728397369384766,1
Plates aggravate that child.,Plates aggravate that children.,morphology,determiner_noun_agreement,determiner_noun_agreement_irregular_1,True,True,False,True,399,-40.11117172241211,-38.84577178955078,0
Karla hasn't discussed that synopsis.,Karla hasn't discussed that synopses.,morphology,determiner_noun_agreement,determiner_noun_agreement_irregular_1,True,True,False,True,400,-48.3818473815918,-60.196434020996094,1
Eva took those nuclei.,Eva took those nucleus.,morphology,determiner_noun_agreement,determiner_noun_agreement_irregular_1,True,True,False,True,401,-36.63775634765625,-32.33821105957031,0
Candice sells that axis.,Candice sells that axes.,morphology,determiner_noun_agreement,determiner_noun_agreement_irregular_1,True,True,False,True,402,-39.349822998046875,-39.831268310546875,1
Lucille discovered that mouse.,Lucille discovered that mice.,morphology,determiner_noun_agreement,determiner_noun_agreement_irregular_1,True,True,False,True,403,-39.610511779785156,-37.21080780029297,0
Scott thought about those lice.,Scott thought about those louse.,morphology,determiner_noun_agreement,determiner_noun_agreement_irregular_1,True,True,False,True,404,-37.65840530395508,-38.07316970825195,1
Elaine isn't boasting about these ellipses.,Elaine isn't boasting about these ellipsis.,morphology,determiner_noun_agreement,determiner_noun_agreement_irregular_1,True,True,False,True,405,-73.21922302246094,-75.92982482910156,1
A lot of guests thought about that man.,A lot of guests thought about that men.,morphology,determiner_noun_agreement,determiner_noun_agreement_irregular_1,True,True,False,True,406,-47.68867492675781,-46.541831970214844,0
The dancer did clean these octopi.,The dancer did clean these octopus.,morphology,determiner_noun_agreement,determiner_noun_agreement_irregular_1,True,True,False,True,407,-62.10535430908203,-56.09136199951172,0
George wasn't boasting about this synopsis.,George wasn't boasting about this synopses.,morphology,determiner_noun_agreement,determiner_noun_agreement_irregular_1,True,True,False,True,408,-49.90227508544922,-67.09517669677734,1
Some boys listen to that child.,Some boys listen to that children.,morphology,determiner_noun_agreement,determiner_noun_agreement_irregular_1,True,True,False,True,409,-40.16981887817383,-37.93678665161133,0
The boy hasn't discovered these crises.,The boy hasn't discovered these crisis.,morphology,determiner_noun_agreement,determiner_noun_agreement_irregular_1,True,True,False,True,410,-50.478233337402344,-49.31924819946289,0
Kayla appreciates these paralyses.,Kayla appreciates these paralysis.,morphology,determiner_noun_agreement,determiner_noun_agreement_irregular_1,True,True,False,True,411,-51.627437591552734,-42.47987365722656,0
Marie researches that diagnosis.,Marie researches that diagnoses.,morphology,determiner_noun_agreement,determiner_noun_agreement_irregular_1,True,True,False,True,412,-35.124000549316406,-38.00763702392578,1
Sabrina will bring those oxen.,Sabrina will bring those ox.,morphology,determiner_noun_agreement,determiner_noun_agreement_irregular_1,True,True,False,True,413,-51.448524475097656,-45.92243576049805,0
The customers hide these mice.,The customers hide these mouse.,morphology,determiner_noun_agreement,determiner_noun_agreement_irregular_1,True,True,False,True,414,-40.719017028808594,-42.24932098388672,1
Kristin won't like that fungus.,Kristin won't like that fungi.,morphology,determiner_noun_agreement,determiner_noun_agreement_irregular_1,True,True,False,True,415,-42.73088836669922,-42.58218002319336,0
Every dog was embarrassing these men.,Every dog was embarrassing these man.,morphology,determiner_noun_agreement,determiner_noun_agreement_irregular_1,True,True,False,True,416,-43.37921142578125,-45.37800598144531,1
Ella is thinking about that diagnosis.,Ella is thinking about that diagnoses.,morphology,determiner_noun_agreement,determiner_noun_agreement_irregular_1,True,True,False,True,417,-45.965492248535156,-48.03762435913086,1
Karen wasn't talking about that analysis.,Karen wasn't talking about that analyses.,morphology,determiner_noun_agreement,determiner_noun_agreement_irregular_1,True,True,False,True,418,-49.572288513183594,-52.04802703857422,1
Marie was observing that child.,Marie was observing that children.,morphology,determiner_noun_agreement,determiner_noun_agreement_irregular_1,True,True,False,True,419,-33.035892486572266,-31.84808349609375,0
Valerie finds these mice.,Valerie finds these mouse.,morphology,determiner_noun_agreement,determiner_noun_agreement_irregular_1,True,True,False,True,420,-36.70932388305664,-40.534751892089844,1
Raymond should astound that person.,Raymond should astound that people.,morphology,determiner_noun_agreement,determiner_noun_agreement_irregular_1,True,True,False,True,421,-56.79864501953125,-55.89443588256836,0
Samantha references these theses.,Samantha references these thesis.,morphology,determiner_noun_agreement,determiner_noun_agreement_irregular_1,True,True,False,True,422,-54.61481857299805,-48.21123504638672,0
These associations have bought those fungi.,These associations have bought those fungus.,morphology,determiner_noun_agreement,determiner_noun_agreement_irregular_1,True,True,False,True,423,-44.20030212402344,-44.36870574951172,1
Stacey discovers these mice.,Stacey discovers these mouse.,morphology,determiner_noun_agreement,determiner_noun_agreement_irregular_1,True,True,False,True,424,-39.62732696533203,-42.69169235229492,1
Vanessa doesn't complain about that diagnosis.,Vanessa doesn't complain about that diagnoses.,morphology,determiner_noun_agreement,determiner_noun_agreement_irregular_1,True,True,False,True,425,-48.67744064331055,-50.153228759765625,1
Janet is boasting about those ellipses.,Janet is boasting about those ellipsis.,morphology,determiner_noun_agreement,determiner_noun_agreement_irregular_1,True,True,False,True,426,-66.09185791015625,-68.78590393066406,1
Ruth isn't arguing about this ellipsis.,Ruth isn't arguing about this ellipses.,morphology,determiner_noun_agreement,determiner_noun_agreement_irregular_1,True,True,False,True,427,-70.89754486083984,-68.04550170898438,0
Omar will see that mouse.,Omar will see that mice.,morphology,determiner_noun_agreement,determiner_noun_agreement_irregular_1,True,True,False,True,428,-41.496246337890625,-40.78858184814453,0
Many customers conceal this fungus.,Many customers conceal this fungi.,morphology,determiner_noun_agreement,determiner_noun_agreement_irregular_1,True,True,False,True,429,-42.14823913574219,-42.9376220703125,1
Maria cures this child.,Maria cures this children.,morphology,determiner_noun_agreement,determiner_noun_agreement_irregular_1,True,True,False,True,430,-28.256423950195312,-28.931947708129883,1
Some children could disagree with that synopsis.,Some children could disagree with that synopses.,morphology,determiner_noun_agreement,determiner_noun_agreement_irregular_1,True,True,False,True,431,-48.47698974609375,-60.072959899902344,1
Bradley praised these children.,Bradley praised these child.,morphology,determiner_noun_agreement,determiner_noun_agreement_irregular_1,True,True,False,True,432,-36.685367584228516,-38.511985778808594,1
Gregory hugged these people.,Gregory hugged these person.,morphology,determiner_noun_agreement,determiner_noun_agreement_irregular_1,True,True,False,True,433,-36.73235321044922,-39.71044158935547,1
Melinda hadn't embarrassed this woman.,Melinda hadn't embarrassed this women.,morphology,determiner_noun_agreement,determiner_noun_agreement_irregular_1,True,True,False,True,434,-48.38726043701172,-50.94728088378906,1
Clyde hadn't messed up these teeth.,Clyde hadn't messed up these tooth.,morphology,determiner_noun_agreement,determiner_noun_agreement_irregular_1,True,True,False,True,435,-64.26800537109375,-66.81085205078125,1
Most banks argue about those analyses.,Most banks argue about those analysis.,morphology,determiner_noun_agreement,determiner_noun_agreement_irregular_1,True,True,False,True,436,-41.189537048339844,-40.24407196044922,0
Linda has thought about this hypothesis.,Linda has thought about this hypotheses.,morphology,determiner_noun_agreement,determiner_noun_agreement_irregular_1,True,True,False,True,437,-39.32932662963867,-42.819095611572266,1
Catherine was researching these crises.,Catherine was researching these crisis.,morphology,determiner_noun_agreement,determiner_noun_agreement_irregular_1,True,True,False,True,438,-45.47169494628906,-44.33511734008789,0
Some drivers lift these stimuli.,Some drivers lift these stimulus.,morphology,determiner_noun_agreement,determiner_noun_agreement_irregular_1,True,True,False,True,439,-39.89030075073242,-42.75923156738281,1
Julia wasn't discussing those oases.,Julia wasn't discussing those oasis.,morphology,determiner_noun_agreement,determiner_noun_agreement_irregular_1,True,True,False,True,440,-60.517974853515625,-55.58205032348633,0
Those schools boast about this woman.,Those schools boast about this women.,morphology,determiner_noun_agreement,determiner_noun_agreement_irregular_1,True,True,False,True,441,-41.063377380371094,-42.38578796386719,1
James wasn't boasting about those synopses.,James wasn't boasting about those synopsis.,morphology,determiner_noun_agreement,determiner_noun_agreement_irregular_1,True,True,False,True,442,-71.69713592529297,-54.51176452636719,0
Sabrina is noticing this nucleus.,Sabrina is noticing this nuclei.,morphology,determiner_noun_agreement,determiner_noun_agreement_irregular_1,True,True,False,True,443,-41.759124755859375,-46.75922393798828,1
Denise would insult those alumni.,Denise would insult those alumnus.,morphology,determiner_noun_agreement,determiner_noun_agreement_irregular_1,True,True,False,True,444,-49.82705307006836,-61.36250686645508,1
Melissa has noticed that fungus.,Melissa has noticed that fungi.,morphology,determiner_noun_agreement,determiner_noun_agreement_irregular_1,True,True,False,True,445,-41.38261795043945,-41.13923645019531,0
That girl hides these oxen.,That girl hides these ox.,morphology,determiner_noun_agreement,determiner_noun_agreement_irregular_1,True,True,False,True,446,-49.99334716796875,-42.715309143066406,0
Melissa shouldn't stun those men.,Melissa shouldn't stun those man.,morphology,determiner_noun_agreement,determiner_noun_agreement_irregular_1,True,True,False,True,447,-50.58023452758789,-52.59461212158203,1
Gerald likes these women.,Gerald likes these woman.,morphology,determiner_noun_agreement,determiner_noun_agreement_irregular_1,True,True,False,True,448,-39.038787841796875,-42.45766067504883,1
Many adults research that basis.,Many adults research that bases.,morphology,determiner_noun_agreement,determiner_noun_agreement_irregular_1,True,True,False,True,449,-35.6788215637207,-36.5861701965332,1
Steve hadn't praised this child.,Steve hadn't praised this children.,morphology,determiner_noun_agreement,determiner_noun_agreement_irregular_1,True,True,False,True,450,-42.84772491455078,-42.488304138183594,0
Jerry can take these nuclei.,Jerry can take these nucleus.,morphology,determiner_noun_agreement,determiner_noun_agreement_irregular_1,True,True,False,True,451,-37.28804016113281,-29.563400268554688,0
Michael doesn't discover these hypotheses.,Michael doesn't discover these hypothesis.,morphology,determiner_noun_agreement,determiner_noun_agreement_irregular_1,True,True,False,True,452,-36.544471740722656,-36.54555892944336,1
The men complain about that ellipsis.,The men complain about that ellipses.,morphology,determiner_noun_agreement,determiner_noun_agreement_irregular_1,True,True,False,True,453,-60.835147857666016,-58.089691162109375,0
Wendy stunned that child.,Wendy stunned that children.,morphology,determiner_noun_agreement,determiner_noun_agreement_irregular_1,True,True,False,True,454,-43.6059455871582,-43.02571487426758,0
Samantha has boasted about these hypotheses.,Samantha has boasted about these hypothesis.,morphology,determiner_noun_agreement,determiner_noun_agreement_irregular_1,True,True,False,True,455,-58.35198211669922,-57.97940444946289,0
Most actors were researching those media.,Most actors were researching those medium.,morphology,determiner_noun_agreement,determiner_noun_agreement_irregular_1,True,True,False,True,456,-41.507041931152344,-43.97351837158203,1
Stacy hadn't complained about this crisis.,Stacy hadn't complained about this crises.,morphology,determiner_noun_agreement,determiner_noun_agreement_irregular_1,True,True,False,True,457,-56.82745361328125,-60.67271041870117,1
Ellen researched that medium.,Ellen researched that media.,morphology,determiner_noun_agreement,determiner_noun_agreement_irregular_1,True,True,False,True,458,-38.17599105834961,-38.28633117675781,1
Blouses aren't worrying that woman.,Blouses aren't worrying that women.,morphology,determiner_noun_agreement,determiner_noun_agreement_irregular_1,True,True,False,True,459,-49.352725982666016,-48.20179748535156,0
Documentaries had stunned these alumni.,Documentaries had stunned these alumnus.,morphology,determiner_noun_agreement,determiner_noun_agreement_irregular_1,True,True,False,True,460,-47.63611602783203,-56.688819885253906,1
Tamara had discussed that thesis.,Tamara had discussed that theses.,morphology,determiner_noun_agreement,determiner_noun_agreement_irregular_1,True,True,False,True,461,-42.816219329833984,-42.14990997314453,0
These patients thought about those paralyses.,These patients thought about those paralysis.,morphology,determiner_noun_agreement,determiner_noun_agreement_irregular_1,True,True,False,True,462,-50.26207733154297,-41.33766174316406,0
Matt praised that woman.,Matt praised that women.,morphology,determiner_noun_agreement,determiner_noun_agreement_irregular_1,True,True,False,True,463,-27.469036102294922,-25.125263214111328,0
Alicia thought about that person.,Alicia thought about that people.,morphology,determiner_noun_agreement,determiner_noun_agreement_irregular_1,True,True,False,True,464,-44.015419006347656,-43.05664825439453,0
Some committees respect that man.,Some committees respect that men.,morphology,determiner_noun_agreement,determiner_noun_agreement_irregular_1,True,True,False,True,465,-39.774932861328125,-37.73558044433594,0
Bruce liked those nuclei.,Bruce liked those nucleus.,morphology,determiner_noun_agreement,determiner_noun_agreement_irregular_1,True,True,False,True,466,-40.13576889038086,-34.093292236328125,0
A lot of hospitals talk about that thesis.,A lot of hospitals talk about that theses.,morphology,determiner_noun_agreement,determiner_noun_agreement_irregular_1,True,True,False,True,467,-55.43498611450195,-55.29444122314453,0
Marcus watched that woman.,Marcus watched that women.,morphology,determiner_noun_agreement,determiner_noun_agreement_irregular_1,True,True,False,True,468,-28.378150939941406,-26.883901596069336,0
Paul was discovering those hypotheses.,Paul was discovering those hypothesis.,morphology,determiner_noun_agreement,determiner_noun_agreement_irregular_1,True,True,False,True,469,-37.62221145629883,-36.956207275390625,0
Kristin argued about this crisis.,Kristin argued about this crises.,morphology,determiner_noun_agreement,determiner_noun_agreement_irregular_1,True,True,False,True,470,-38.638084411621094,-42.63429260253906,1
That hamster had stunned this woman.,That hamster had stunned this women.,morphology,determiner_noun_agreement,determiner_noun_agreement_irregular_1,True,True,False,True,471,-51.55091094970703,-54.19214630126953,1
These pedestrians can't boast about these phenomena.,These pedestrians can't boast about these phenomenon.,morphology,determiner_noun_agreement,determiner_noun_agreement_irregular_1,True,True,False,True,472,-53.68104934692383,-54.467899322509766,1
Some women arrived at those oases.,Some women arrived at those oasis.,morphology,determiner_noun_agreement,determiner_noun_agreement_irregular_1,True,True,False,True,473,-48.069862365722656,-42.990745544433594,0
Children wouldn't think about those geese.,Children wouldn't think about those goose.,morphology,determiner_noun_agreement,determiner_noun_agreement_irregular_1,True,True,False,True,474,-47.182491302490234,-40.895179748535156,0
Those doctors think about those syntheses.,Those doctors think about those synthesis.,morphology,determiner_noun_agreement,determiner_noun_agreement_irregular_1,True,True,False,True,475,-48.40184020996094,-41.01518249511719,0
Benjamin is bringing these stimuli.,Benjamin is bringing these stimulus.,morphology,determiner_noun_agreement,determiner_noun_agreement_irregular_1,True,True,False,True,476,-42.3099479675293,-44.184898376464844,1
Carla boasts about that ellipsis.,Carla boasts about that ellipses.,morphology,determiner_noun_agreement,determiner_noun_agreement_irregular_1,True,True,False,True,477,-58.98247528076172,-56.8414421081543,0
Wayne was thinking about this paralysis.,Wayne was thinking about this paralyses.,morphology,determiner_noun_agreement,determiner_noun_agreement_irregular_1,True,True,False,True,478,-42.96483612060547,-51.06557846069336,1
Alexander had disgusted these men.,Alexander had disgusted these man.,morphology,determiner_noun_agreement,determiner_noun_agreement_irregular_1,True,True,False,True,479,-37.376861572265625,-38.88887023925781,1
Monet thought about this axis.,Monet thought about this axes.,morphology,determiner_noun_agreement,determiner_noun_agreement_irregular_1,True,True,False,True,480,-39.585506439208984,-41.01322555541992,1
Pamela praises these theses.,Pamela praises these thesis.,morphology,determiner_noun_agreement,determiner_noun_agreement_irregular_1,True,True,False,True,481,-57.477699279785156,-51.055816650390625,0
Larry hadn't found those men.,Larry hadn't found those man.,morphology,determiner_noun_agreement,determiner_noun_agreement_irregular_1,True,True,False,True,482,-38.88286590576172,-41.59619903564453,1
Todd thought about that foot.,Todd thought about that feet.,morphology,determiner_noun_agreement,determiner_noun_agreement_irregular_1,True,True,False,True,483,-32.88325119018555,-32.83274459838867,0
Alice can flee from that woman.,Alice can flee from that women.,morphology,determiner_noun_agreement,determiner_noun_agreement_irregular_1,True,True,False,True,484,-38.89683532714844,-36.43609619140625,0
Claire has discovered this diagnosis.,Claire has discovered this diagnoses.,morphology,determiner_noun_agreement,determiner_noun_agreement_irregular_1,True,True,False,True,485,-39.61973571777344,-42.16677474975586,1
Walter had appreciated those oases.,Walter had appreciated those oasis.,morphology,determiner_noun_agreement,determiner_noun_agreement_irregular_1,True,True,False,True,486,-52.177242279052734,-47.362709045410156,0
Cashiers complain about that crisis.,Cashiers complain about that crises.,morphology,determiner_noun_agreement,determiner_noun_agreement_irregular_1,True,True,False,True,487,-44.69512939453125,-45.38976287841797,1
Tara discovered those mice.,Tara discovered those mouse.,morphology,determiner_noun_agreement,determiner_noun_agreement_irregular_1,True,True,False,True,488,-37.69715881347656,-40.46126937866211,1
Ruth sees that child.,Ruth sees that children.,morphology,determiner_noun_agreement,determiner_noun_agreement_irregular_1,True,True,False,True,489,-35.870330810546875,-34.22108840942383,0
This actor buys those lice.,This actor buys those louse.,morphology,determiner_noun_agreement,determiner_noun_agreement_irregular_1,True,True,False,True,490,-48.0338020324707,-49.740928649902344,1
A lot of prints looked like these nuclei.,A lot of prints looked like these nucleus.,morphology,determiner_noun_agreement,determiner_noun_agreement_irregular_1,True,True,False,True,491,-59.177181243896484,-54.721046447753906,0
The association boasted about these theses.,The association boasted about these thesis.,morphology,determiner_noun_agreement,determiner_noun_agreement_irregular_1,True,True,False,True,492,-53.029415130615234,-45.469905853271484,0
Tiffany will sound like those synopses.,Tiffany will sound like those synopsis.,morphology,determiner_noun_agreement,determiner_noun_agreement_irregular_1,True,True,False,True,493,-72.53329467773438,-57.67197036743164,0
Adam couldn't insult this woman.,Adam couldn't insult this women.,morphology,determiner_noun_agreement,determiner_noun_agreement_irregular_1,True,True,False,True,494,-37.18463897705078,-39.40991973876953,1
Sheila thought about this medium.,Sheila thought about this media.,morphology,determiner_noun_agreement,determiner_noun_agreement_irregular_1,True,True,False,True,495,-37.034000396728516,-34.91859436035156,0
Barbara isn't lifting those geese.,Barbara isn't lifting those goose.,morphology,determiner_noun_agreement,determiner_noun_agreement_irregular_1,True,True,False,True,496,-62.6955451965332,-55.63921356201172,0
Some university isn't arguing about those diagnoses.,Some university isn't arguing about those diagnosis.,morphology,determiner_noun_agreement,determiner_noun_agreement_irregular_1,True,True,False,True,497,-54.4329948425293,-53.76006317138672,0
Becca hid these axes.,Becca hid these axis.,morphology,determiner_noun_agreement,determiner_noun_agreement_irregular_1,True,True,False,True,498,-44.13606262207031,-44.45188903808594,1
Helen can't complain about those stimuli.,Helen can't complain about those stimulus.,morphology,determiner_noun_agreement,determiner_noun_agreement_irregular_1,True,True,False,True,499,-47.33750534057617,-49.302101135253906,1
Doctors visit these people.,Doctors visit these person.,morphology,determiner_noun_agreement,determiner_noun_agreement_irregular_1,True,True,False,True,500,-24.68971824645996,-27.700157165527344,1
This student hid these stimuli.,This student hid these stimulus.,morphology,determiner_noun_agreement,determiner_noun_agreement_irregular_1,True,True,False,True,501,-41.932373046875,-43.211116790771484,1
Sally could bring this cactus.,Sally could bring this cacti.,morphology,determiner_noun_agreement,determiner_noun_agreement_irregular_1,True,True,False,True,502,-46.237796783447266,-54.17852020263672,1
Kendra boasts about this phenomenon.,Kendra boasts about this phenomena.,morphology,determiner_noun_agreement,determiner_noun_agreement_irregular_1,True,True,False,True,503,-41.18402099609375,-44.13093566894531,1
Christina would buy that mouse.,Christina would buy that mice.,morphology,determiner_noun_agreement,determiner_noun_agreement_irregular_1,True,True,False,True,504,-40.920570373535156,-39.590423583984375,0
Those girls complain about this child.,Those girls complain about this children.,morphology,determiner_noun_agreement,determiner_noun_agreement_irregular_1,True,True,False,True,505,-37.566287994384766,-37.38230895996094,0
Allison hadn't argued about these ellipses.,Allison hadn't argued about these ellipsis.,morphology,determiner_noun_agreement,determiner_noun_agreement_irregular_1,True,True,False,True,506,-74.50037384033203,-77.06710815429688,1
Some university had scared those alumni.,Some university had scared those alumnus.,morphology,determiner_noun_agreement,determiner_noun_agreement_irregular_1,True,True,False,True,507,-47.01579666137695,-59.95390319824219,1
Tammy didn't complain about this diagnosis.,Tammy didn't complain about this diagnoses.,morphology,determiner_noun_agreement,determiner_noun_agreement_irregular_1,True,True,False,True,508,-44.733341217041016,-46.36472702026367,1
All ladies complain about those analyses.,All ladies complain about those analysis.,morphology,determiner_noun_agreement,determiner_noun_agreement_irregular_1,True,True,False,True,509,-43.856266021728516,-42.2303352355957,0
Those banks remembered that analysis.,Those banks remembered that analyses.,morphology,determiner_noun_agreement,determiner_noun_agreement_irregular_1,True,True,False,True,510,-38.50501251220703,-40.68151092529297,1
Some committee worries this child.,Some committee worries this children.,morphology,determiner_noun_agreement,determiner_noun_agreement_irregular_1,True,True,False,True,511,-39.41952133178711,-39.47075653076172,1
Kristin wasn't finding these mice.,Kristin wasn't finding these mouse.,morphology,determiner_noun_agreement,determiner_noun_agreement_irregular_1,True,True,False,True,512,-46.76128387451172,-48.949642181396484,1
Tamara cleans those lice.,Tamara cleans those louse.,morphology,determiner_noun_agreement,determiner_noun_agreement_irregular_1,True,True,False,True,513,-46.24849319458008,-47.69921875,1
Pedestrians embarrass those men.,Pedestrians embarrass those man.,morphology,determiner_noun_agreement,determiner_noun_agreement_irregular_1,True,True,False,True,514,-47.09685134887695,-49.80284118652344,1
Vanessa likes these geese.,Vanessa likes these goose.,morphology,determiner_noun_agreement,determiner_noun_agreement_irregular_1,True,True,False,True,515,-46.37504959106445,-43.026790618896484,0
Lissa has boasted about that ellipsis.,Lissa has boasted about that ellipses.,morphology,determiner_noun_agreement,determiner_noun_agreement_irregular_1,True,True,False,True,516,-70.6295166015625,-67.8539047241211,0
Some customers conceal these oxen.,Some customers conceal these ox.,morphology,determiner_noun_agreement,determiner_noun_agreement_irregular_1,True,True,False,True,517,-51.284217834472656,-43.30607604980469,0
Every pedestrian complains about this crisis.,Every pedestrian complains about this crises.,morphology,determiner_noun_agreement,determiner_noun_agreement_irregular_1,True,True,False,True,518,-43.72634506225586,-46.75313186645508,1
Carolyn hated this child.,Carolyn hated this children.,morphology,determiner_noun_agreement,determiner_noun_agreement_irregular_1,True,True,False,True,519,-41.49081802368164,-41.95069885253906,1
Theresa thinks about these bases.,Theresa thinks about these basis.,morphology,determiner_noun_agreement,determiner_noun_agreement_irregular_1,True,True,False,True,520,-42.60551071166992,-42.447452545166016,0
Beverly discovered this ox.,Beverly discovered this oxen.,morphology,determiner_noun_agreement,determiner_noun_agreement_irregular_1,True,True,False,True,521,-47.57743453979492,-54.38793182373047,1
Kirsten discovered that ellipsis.,Kirsten discovered that ellipses.,morphology,determiner_noun_agreement,determiner_noun_agreement_irregular_1,True,True,False,True,522,-63.049415588378906,-61.09980010986328,0
Elizabeth has seen this ox.,Elizabeth has seen this oxen.,morphology,determiner_noun_agreement,determiner_noun_agreement_irregular_1,True,True,False,True,523,-31.681673049926758,-38.510528564453125,1
Dennis didn't dislike these men.,Dennis didn't dislike these man.,morphology,determiner_noun_agreement,determiner_noun_agreement_irregular_1,True,True,False,True,524,-47.36314392089844,-49.60857391357422,1
Some hospitals boast about those hypotheses.,Some hospitals boast about those hypothesis.,morphology,determiner_noun_agreement,determiner_noun_agreement_irregular_1,True,True,False,True,525,-46.223873138427734,-47.372283935546875,1
Paula likes that axis.,Paula likes that axes.,morphology,determiner_noun_agreement,determiner_noun_agreement_irregular_1,True,True,False,True,526,-36.30543518066406,-36.42903137207031,1
Judy researched these hypotheses.,Judy researched these hypothesis.,morphology,determiner_noun_agreement,determiner_noun_agreement_irregular_1,True,True,False,True,527,-37.61860656738281,-36.94538879394531,0
Erin took these axes.,Erin took these axis.,morphology,determiner_noun_agreement,determiner_noun_agreement_irregular_1,True,True,False,True,528,-34.014251708984375,-33.03307342529297,0
Amelia has found those octopi.,Amelia has found those octopus.,morphology,determiner_noun_agreement,determiner_noun_agreement_irregular_1,True,True,False,True,529,-55.00181579589844,-48.903175354003906,0
Lawrence does hide that octopus.,Lawrence does hide that octopi.,morphology,determiner_noun_agreement,determiner_noun_agreement_irregular_1,True,True,False,True,530,-58.35935974121094,-64.23966217041016,1
Many dancers argue about these syntheses.,Many dancers argue about these synthesis.,morphology,determiner_noun_agreement,determiner_noun_agreement_irregular_1,True,True,False,True,531,-52.641212463378906,-46.04229736328125,0
These dancers wouldn't see these octopi.,These dancers wouldn't see these octopus.,morphology,determiner_noun_agreement,determiner_noun_agreement_irregular_1,True,True,False,True,532,-59.50139617919922,-53.458980560302734,0
These guys argue about that diagnosis.,These guys argue about that diagnoses.,morphology,determiner_noun_agreement,determiner_noun_agreement_irregular_1,True,True,False,True,533,-43.25330352783203,-45.4598388671875,1
Sheila was finding these fungi.,Sheila was finding these fungus.,morphology,determiner_noun_agreement,determiner_noun_agreement_irregular_1,True,True,False,True,534,-40.76956558227539,-41.6634407043457,1
Marie bought this fungus.,Marie bought this fungi.,morphology,determiner_noun_agreement,determiner_noun_agreement_irregular_1,True,True,False,True,535,-29.419721603393555,-30.255474090576172,1
Liam wouldn't complain about this ellipsis.,Liam wouldn't complain about this ellipses.,morphology,determiner_noun_agreement,determiner_noun_agreement_irregular_1,True,True,False,True,536,-67.08656311035156,-63.97291564941406,0
Holly did arrive at those oases.,Holly did arrive at those oasis.,morphology,determiner_noun_agreement,determiner_noun_agreement_irregular_1,True,True,False,True,537,-58.737457275390625,-53.451393127441406,0
Tiffany brought that fungus.,Tiffany brought that fungi.,morphology,determiner_noun_agreement,determiner_noun_agreement_irregular_1,True,True,False,True,538,-50.725547790527344,-50.41884994506836,0
Omar argued about these hypotheses.,Omar argued about these hypothesis.,morphology,determiner_noun_agreement,determiner_noun_agreement_irregular_1,True,True,False,True,539,-46.94208526611328,-46.961204528808594,1
The Clintons complain about that medium.,The Clintons complain about that media.,morphology,determiner_noun_agreement,determiner_noun_agreement_irregular_1,True,True,False,True,540,-48.9835319519043,-47.05643844604492,0
Florence argued about that synthesis.,Florence argued about that syntheses.,morphology,determiner_noun_agreement,determiner_noun_agreement_irregular_1,True,True,False,True,541,-57.7201042175293,-63.438392639160156,1
Every cashier notices those alumni.,Every cashier notices those alumnus.,morphology,determiner_noun_agreement,determiner_noun_agreement_irregular_1,True,True,False,True,542,-51.90166473388672,-64.27330017089844,1
April wasn't attacking this man.,April wasn't attacking this men.,morphology,determiner_noun_agreement,determiner_noun_agreement_irregular_1,True,True,False,True,543,-42.7926025390625,-46.24007034301758,1
Becca won't discuss that child.,Becca won't discuss that children.,morphology,determiner_noun_agreement,determiner_noun_agreement_irregular_1,True,True,False,True,544,-49.17057800292969,-47.71757507324219,0
Gerald researches this basis.,Gerald researches this bases.,morphology,determiner_noun_agreement,determiner_noun_agreement_irregular_1,True,True,False,True,545,-47.57881546020508,-49.626399993896484,1
Susan won't notice these fungi.,Susan won't notice these fungus.,morphology,determiner_noun_agreement,determiner_noun_agreement_irregular_1,True,True,False,True,546,-38.92497634887695,-39.703514099121094,1
George is concealing these axes.,George is concealing these axis.,morphology,determiner_noun_agreement,determiner_noun_agreement_irregular_1,True,True,False,True,547,-43.789581298828125,-43.79009246826172,1
Walter boasts about those bases.,Walter boasts about those basis.,morphology,determiner_noun_agreement,determiner_noun_agreement_irregular_1,True,True,False,True,548,-43.18239974975586,-42.5775146484375,0
Anne hadn't revealed this ox.,Anne hadn't revealed this oxen.,morphology,determiner_noun_agreement,determiner_noun_agreement_irregular_1,True,True,False,True,549,-47.211341857910156,-53.29924774169922,1
Some man likes that louse.,Some man likes that lice.,morphology,determiner_noun_agreement,determiner_noun_agreement_irregular_1,True,True,False,True,550,-40.928592681884766,-39.949581146240234,0
These banks have those octopi.,These banks have those octopus.,morphology,determiner_noun_agreement,determiner_noun_agreement_irregular_1,True,True,False,True,551,-47.35432434082031,-42.809539794921875,0
Gerald researches this stimulus.,Gerald researches this stimuli.,morphology,determiner_noun_agreement,determiner_noun_agreement_irregular_1,True,True,False,True,552,-51.04137420654297,-50.99449157714844,0
Phillip boasts about these stimuli.,Phillip boasts about these stimulus.,morphology,determiner_noun_agreement,determiner_noun_agreement_irregular_1,True,True,False,True,553,-43.25563049316406,-45.556758880615234,1
The dancers did disagree with those analyses.,The dancers did disagree with those analysis.,morphology,determiner_noun_agreement,determiner_noun_agreement_irregular_1,True,True,False,True,554,-50.00469970703125,-48.65233612060547,0
Those guests discuss those people.,Those guests discuss those person.,morphology,determiner_noun_agreement,determiner_noun_agreement_irregular_1,True,True,False,True,555,-33.26774597167969,-37.22962188720703,1
Those cashiers see that woman.,Those cashiers see that women.,morphology,determiner_noun_agreement,determiner_noun_agreement_irregular_1,True,True,False,True,556,-48.073238372802734,-44.83416748046875,0
Most teachers lift these lice.,Most teachers lift these louse.,morphology,determiner_noun_agreement,determiner_noun_agreement_irregular_1,True,True,False,True,557,-47.068363189697266,-49.21560287475586,1
Theresa complained about those diagnoses.,Theresa complained about those diagnosis.,morphology,determiner_noun_agreement,determiner_noun_agreement_irregular_1,True,True,False,True,558,-46.89678955078125,-45.54608154296875,0
The bank would appreciate those hypotheses.,The bank would appreciate those hypothesis.,morphology,determiner_noun_agreement,determiner_noun_agreement_irregular_1,True,True,False,True,559,-41.701045989990234,-42.58632278442383,1
The Lutherans see these oases.,The Lutherans see these oasis.,morphology,determiner_noun_agreement,determiner_noun_agreement_irregular_1,True,True,False,True,560,-55.97821044921875,-52.80356216430664,0
Scott found that cactus.,Scott found that cacti.,morphology,determiner_noun_agreement,determiner_noun_agreement_irregular_1,True,True,False,True,561,-29.80851936340332,-36.78738784790039,1
Nicole hasn't lifted these feet.,Nicole hasn't lifted these foot.,morphology,determiner_noun_agreement,determiner_noun_agreement_irregular_1,True,True,False,True,562,-48.06760787963867,-49.256805419921875,1
The actress hadn't boasted about these theses.,The actress hadn't boasted about these thesis.,morphology,determiner_noun_agreement,determiner_noun_agreement_irregular_1,True,True,False,True,563,-71.56192016601562,-62.207496643066406,0
Adam argued about that ellipsis.,Adam argued about that ellipses.,morphology,determiner_noun_agreement,determiner_noun_agreement_irregular_1,True,True,False,True,564,-53.397300720214844,-50.35219955444336,0
Carl is taking this tooth.,Carl is taking this teeth.,morphology,determiner_noun_agreement,determiner_noun_agreement_irregular_1,True,True,False,True,565,-29.790019989013672,-27.80567169189453,0
Wendy admires these fungi.,Wendy admires these fungus.,morphology,determiner_noun_agreement,determiner_noun_agreement_irregular_1,True,True,False,True,566,-55.63115692138672,-56.615318298339844,1
Some doctor can't argue about those bases.,Some doctor can't argue about those basis.,morphology,determiner_noun_agreement,determiner_noun_agreement_irregular_1,True,True,False,True,567,-50.45873260498047,-49.680599212646484,0
Most libraries have these geese.,Most libraries have these goose.,morphology,determiner_noun_agreement,determiner_noun_agreement_irregular_1,True,True,False,True,568,-42.95347595214844,-39.451454162597656,0
April thought about these bases.,April thought about these basis.,morphology,determiner_noun_agreement,determiner_noun_agreement_irregular_1,True,True,False,True,569,-31.047443389892578,-30.25844955444336,0
Amy couldn't sell this stimulus.,Amy couldn't sell this stimuli.,morphology,determiner_noun_agreement,determiner_noun_agreement_irregular_1,True,True,False,True,570,-39.01515197753906,-39.8267707824707,1
Sheila attacks that man.,Sheila attacks that men.,morphology,determiner_noun_agreement,determiner_noun_agreement_irregular_1,True,True,False,True,571,-34.73168182373047,-33.31305694580078,0
Teenagers wouldn't flee from this oasis.,Teenagers wouldn't flee from this oases.,morphology,determiner_noun_agreement,determiner_noun_agreement_irregular_1,True,True,False,True,572,-55.76880645751953,-61.374855041503906,1
John has appreciated that hypothesis.,John has appreciated that hypotheses.,morphology,determiner_noun_agreement,determiner_noun_agreement_irregular_1,True,True,False,True,573,-33.33096694946289,-35.8420295715332,1
Theodore did complain about these analyses.,Theodore did complain about these analysis.,morphology,determiner_noun_agreement,determiner_noun_agreement_irregular_1,True,True,False,True,574,-53.861000061035156,-52.31519317626953,0
Robert wasn't cleaning those octopi.,Robert wasn't cleaning those octopus.,morphology,determiner_noun_agreement,determiner_noun_agreement_irregular_1,True,True,False,True,575,-62.75542449951172,-56.52775573730469,0
Many libraries appreciate these crises.,Many libraries appreciate these crisis.,morphology,determiner_noun_agreement,determiner_noun_agreement_irregular_1,True,True,False,True,576,-40.61871337890625,-40.71308135986328,1
Lisa can't observe those men.,Lisa can't observe those man.,morphology,determiner_noun_agreement,determiner_noun_agreement_irregular_1,True,True,False,True,577,-32.601646423339844,-36.42023849487305,1
Kirsten appreciates that child.,Kirsten appreciates that children.,morphology,determiner_noun_agreement,determiner_noun_agreement_irregular_1,True,True,False,True,578,-49.087310791015625,-47.715633392333984,0
Brett isn't praising this analysis.,Brett isn't praising this analyses.,morphology,determiner_noun_agreement,determiner_noun_agreement_irregular_1,True,True,False,True,579,-49.57788848876953,-52.38489532470703,1
Beth wasn't discussing that synopsis.,Beth wasn't discussing that synopses.,morphology,determiner_noun_agreement,determiner_noun_agreement_irregular_1,True,True,False,True,580,-53.968902587890625,-66.28434753417969,1
Most companies appreciate this diagnosis.,Most companies appreciate this diagnoses.,morphology,determiner_noun_agreement,determiner_noun_agreement_irregular_1,True,True,False,True,581,-33.216896057128906,-35.9068717956543,1
These ladies discover this analysis.,These ladies discover this analyses.,morphology,determiner_noun_agreement,determiner_noun_agreement_irregular_1,True,True,False,True,582,-35.3389892578125,-38.528648376464844,1
Libraries admire that fungus.,Libraries admire that fungi.,morphology,determiner_noun_agreement,determiner_noun_agreement_irregular_1,True,True,False,True,583,-46.48347473144531,-46.105567932128906,0
Sara has worked with this child.,Sara has worked with this children.,morphology,determiner_noun_agreement,determiner_noun_agreement_irregular_1,True,True,False,True,584,-36.88831329345703,-36.92821502685547,1
Clyde hasn't appreciated these paralyses.,Clyde hasn't appreciated these paralysis.,morphology,determiner_noun_agreement,determiner_noun_agreement_irregular_1,True,True,False,True,585,-71.59422302246094,-61.80488586425781,0
Brett should think about those analyses.,Brett should think about those analysis.,morphology,determiner_noun_agreement,determiner_noun_agreement_irregular_1,True,True,False,True,586,-45.557857513427734,-44.878108978271484,0
These ladies think about these ellipses.,These ladies think about these ellipsis.,morphology,determiner_noun_agreement,determiner_noun_agreement_irregular_1,True,True,False,True,587,-55.47093200683594,-57.494808197021484,1
Lucille thought about these mice.,Lucille thought about these mouse.,morphology,determiner_noun_agreement,determiner_noun_agreement_irregular_1,True,True,False,True,588,-39.00833511352539,-41.495697021484375,1
Many ladies haven't seen that ox.,Many ladies haven't seen that oxen.,morphology,determiner_noun_agreement,determiner_noun_agreement_irregular_1,True,True,False,True,589,-51.27119445800781,-56.48469543457031,1
These teachers concealed those children.,These teachers concealed those child.,morphology,determiner_noun_agreement,determiner_noun_agreement_irregular_1,True,True,False,True,590,-37.19244384765625,-41.318519592285156,1
Jennifer isn't boasting about that analysis.,Jennifer isn't boasting about that analyses.,morphology,determiner_noun_agreement,determiner_noun_agreement_irregular_1,True,True,False,True,591,-47.49327087402344,-49.455501556396484,1
The waiters buy these fungi.,The waiters buy these fungus.,morphology,determiner_noun_agreement,determiner_noun_agreement_irregular_1,True,True,False,True,592,-46.6171989440918,-47.75629425048828,1
Andrew might appreciate that synthesis.,Andrew might appreciate that syntheses.,morphology,determiner_noun_agreement,determiner_noun_agreement_irregular_1,True,True,False,True,593,-36.83623504638672,-41.62544631958008,1
Rebecca was returning to this oasis.,Rebecca was returning to this oases.,morphology,determiner_noun_agreement,determiner_noun_agreement_irregular_1,True,True,False,True,594,-48.74156951904297,-54.43429183959961,1
Cheryl will research this ellipsis.,Cheryl will research this ellipses.,morphology,determiner_noun_agreement,determiner_noun_agreement_irregular_1,True,True,False,True,595,-74.64462280273438,-71.2292251586914,0
Every child is returning to that man.,Every child is returning to that men.,morphology,determiner_noun_agreement,determiner_noun_agreement_irregular_1,True,True,False,True,596,-41.861148834228516,-40.15080642700195,0
Donna hasn't discovered that louse.,Donna hasn't discovered that lice.,morphology,determiner_noun_agreement,determiner_noun_agreement_irregular_1,True,True,False,True,597,-51.40565490722656,-51.2277946472168,0
David cleaned this thesis.,David cleaned this theses.,morphology,determiner_noun_agreement,determiner_noun_agreement_irregular_1,True,True,False,True,598,-30.000682830810547,-37.35425567626953,1
Stacey noticed those fungi.,Stacey noticed those fungus.,morphology,determiner_noun_agreement,determiner_noun_agreement_irregular_1,True,True,False,True,599,-44.734901428222656,-45.11833190917969,1
Jesus appreciated those ellipses.,Jesus appreciated those ellipsis.,morphology,determiner_noun_agreement,determiner_noun_agreement_irregular_1,True,True,False,True,600,-47.17901611328125,-49.48280334472656,1
Many waitresses think about this louse.,Many waitresses think about this lice.,morphology,determiner_noun_agreement,determiner_noun_agreement_irregular_1,True,True,False,True,601,-59.34183883666992,-58.695411682128906,0
That student shouldn't complain about that diagnosis.,That student shouldn't complain about that diagnoses.,morphology,determiner_noun_agreement,determiner_noun_agreement_irregular_1,True,True,False,True,602,-50.92396926879883,-52.41059494018555,1
The Clintons can take these stimuli.,The Clintons can take these stimulus.,morphology,determiner_noun_agreement,determiner_noun_agreement_irregular_1,True,True,False,True,603,-40.96327590942383,-43.16603469848633,1
Diane has these mice.,Diane has these mouse.,morphology,determiner_noun_agreement,determiner_noun_agreement_irregular_1,True,True,False,True,604,-37.11463928222656,-39.96857833862305,1
Douglas can't appreciate that synthesis.,Douglas can't appreciate that syntheses.,morphology,determiner_noun_agreement,determiner_noun_agreement_irregular_1,True,True,False,True,605,-51.494483947753906,-56.26094055175781,1
Patrick hasn't boasted about these bases.,Patrick hasn't boasted about these basis.,morphology,determiner_noun_agreement,determiner_noun_agreement_irregular_1,True,True,False,True,606,-48.57853698730469,-47.01087188720703,0
Tonya hasn't lifted these lice.,Tonya hasn't lifted these louse.,morphology,determiner_noun_agreement,determiner_noun_agreement_irregular_1,True,True,False,True,607,-55.812599182128906,-56.32854461669922,1
Every customer shouldn't clean this mouse.,Every customer shouldn't clean this mice.,morphology,determiner_noun_agreement,determiner_noun_agreement_irregular_1,True,True,False,True,608,-45.882442474365234,-47.5673828125,1
Guy is questioning this man.,Guy is questioning this men.,morphology,determiner_noun_agreement,determiner_noun_agreement_irregular_1,True,True,False,True,609,-28.293733596801758,-30.71123504638672,1
Carl can examine these synopses.,Carl can examine these synopsis.,morphology,determiner_noun_agreement,determiner_noun_agreement_irregular_1,True,True,False,True,610,-49.57222366333008,-34.05733108520508,0
Diane wasn't thinking about that medium.,Diane wasn't thinking about that media.,morphology,determiner_noun_agreement,determiner_noun_agreement_irregular_1,True,True,False,True,611,-55.41392517089844,-54.07221221923828,0
People boast about these paralyses.,People boast about these paralysis.,morphology,determiner_noun_agreement,determiner_noun_agreement_irregular_1,True,True,False,True,612,-47.013763427734375,-36.569068908691406,0
Adam boasted about these phenomena.,Adam boasted about these phenomenon.,morphology,determiner_noun_agreement,determiner_noun_agreement_irregular_1,True,True,False,True,613,-34.164424896240234,-35.01593017578125,1
Frank lifts this mouse.,Frank lifts this mice.,morphology,determiner_noun_agreement,determiner_noun_agreement_irregular_1,True,True,False,True,614,-30.0626220703125,-29.930644989013672,0
That pedestrian found this nucleus.,That pedestrian found this nuclei.,morphology,determiner_noun_agreement,determiner_noun_agreement_irregular_1,True,True,False,True,615,-42.372318267822266,-48.31261444091797,1
Richard hasn't healed this man.,Richard hasn't healed this men.,morphology,determiner_noun_agreement,determiner_noun_agreement_irregular_1,True,True,False,True,616,-39.63774871826172,-42.669315338134766,1
Gerald hadn't bought that oasis.,Gerald hadn't bought that oases.,morphology,determiner_noun_agreement,determiner_noun_agreement_irregular_1,True,True,False,True,617,-57.354148864746094,-62.85310363769531,1
Guys conceal this thesis.,Guys conceal this theses.,morphology,determiner_noun_agreement,determiner_noun_agreement_irregular_1,True,True,False,True,618,-35.0819091796875,-42.90840148925781,1
Some guests research that ellipsis.,Some guests research that ellipses.,morphology,determiner_noun_agreement,determiner_noun_agreement_irregular_1,True,True,False,True,619,-54.55120086669922,-51.05274200439453,0
Edward explored that oasis.,Edward explored that oases.,morphology,determiner_noun_agreement,determiner_noun_agreement_irregular_1,True,True,False,True,620,-35.60661315917969,-40.08149719238281,1
Most boys might reveal that child.,Most boys might reveal that children.,morphology,determiner_noun_agreement,determiner_noun_agreement_irregular_1,True,True,False,True,621,-41.84311294555664,-39.90852737426758,0
Most sketches look like this louse.,Most sketches look like this lice.,morphology,determiner_noun_agreement,determiner_noun_agreement_irregular_1,True,True,False,True,622,-47.132972717285156,-45.653717041015625,0
The glasses weren't disturbing these alumni.,The glasses weren't disturbing these alumnus.,morphology,determiner_noun_agreement,determiner_noun_agreement_irregular_1,True,True,False,True,623,-56.86829376220703,-65.37593841552734,1
Kristin hadn't taken this octopus.,Kristin hadn't taken this octopi.,morphology,determiner_noun_agreement,determiner_noun_agreement_irregular_1,True,True,False,True,624,-53.230873107910156,-60.049903869628906,1
Holly was noticing that octopus.,Holly was noticing that octopi.,morphology,determiner_noun_agreement,determiner_noun_agreement_irregular_1,True,True,False,True,625,-50.67511749267578,-57.82585906982422,1
Carl heals these oxen.,Carl heals these ox.,morphology,determiner_noun_agreement,determiner_noun_agreement_irregular_1,True,True,False,True,626,-41.86555099487305,-35.3447265625,0
Brian did argue about these media.,Brian did argue about these medium.,morphology,determiner_noun_agreement,determiner_noun_agreement_irregular_1,True,True,False,True,627,-36.767677307128906,-40.083251953125,1
Donna argued about these synopses.,Donna argued about these synopsis.,morphology,determiner_noun_agreement,determiner_noun_agreement_irregular_1,True,True,False,True,628,-61.09199523925781,-46.255645751953125,0
Drivers were discovering that crisis.,Drivers were discovering that crises.,morphology,determiner_noun_agreement,determiner_noun_agreement_irregular_1,True,True,False,True,629,-43.76955795288086,-44.5599365234375,1
Kirsten cleaned those teeth.,Kirsten cleaned those tooth.,morphology,determiner_noun_agreement,determiner_noun_agreement_irregular_1,True,True,False,True,630,-45.26137161254883,-50.09088897705078,1
That customer hadn't revealed those octopi.,That customer hadn't revealed those octopus.,morphology,determiner_noun_agreement,determiner_noun_agreement_irregular_1,True,True,False,True,631,-71.23149871826172,-65.55464935302734,0
All boys discover this person.,All boys discover this people.,morphology,determiner_noun_agreement,determiner_noun_agreement_irregular_1,True,True,False,True,632,-33.62519073486328,-36.13395309448242,1
A lot of boys had disagreed with this analysis.,A lot of boys had disagreed with this analyses.,morphology,determiner_noun_agreement,determiner_noun_agreement_irregular_1,True,True,False,True,633,-56.49604034423828,-59.94586181640625,1
Jacqueline isn't taking those mice.,Jacqueline isn't taking those mouse.,morphology,determiner_noun_agreement,determiner_noun_agreement_irregular_1,True,True,False,True,634,-53.01567840576172,-54.68686294555664,1
Companies discuss that person.,Companies discuss that people.,morphology,determiner_noun_agreement,determiner_noun_agreement_irregular_1,True,True,False,True,635,-27.70355987548828,-25.156551361083984,0
Denise noticed those lice.,Denise noticed those louse.,morphology,determiner_noun_agreement,determiner_noun_agreement_irregular_1,True,True,False,True,636,-47.77920150756836,-48.429141998291016,1
Walter hates these analyses.,Walter hates these analysis.,morphology,determiner_noun_agreement,determiner_noun_agreement_irregular_1,True,True,False,True,637,-37.35752487182617,-35.047706604003906,0
The government boasts about that paralysis.,The government boasts about that paralyses.,morphology,determiner_noun_agreement,determiner_noun_agreement_irregular_1,True,True,False,True,638,-45.09037780761719,-54.17162322998047,1
Most ladies confuses that person.,Most ladies confuses that people.,morphology,determiner_noun_agreement,determiner_noun_agreement_irregular_1,True,True,False,True,639,-43.80158233642578,-42.426780700683594,0
Martha brought this foot.,Martha brought this feet.,morphology,determiner_noun_agreement,determiner_noun_agreement_irregular_1,True,True,False,True,640,-36.555458068847656,-37.424617767333984,1
Danielle didn't heal these people.,Danielle didn't heal these person.,morphology,determiner_noun_agreement,determiner_noun_agreement_irregular_1,True,True,False,True,641,-42.029815673828125,-45.39161682128906,1
Jill should take that nucleus.,Jill should take that nuclei.,morphology,determiner_noun_agreement,determiner_noun_agreement_irregular_1,True,True,False,True,642,-41.300453186035156,-45.63186264038086,1
Claire complained about that medium.,Claire complained about that media.,morphology,determiner_noun_agreement,determiner_noun_agreement_irregular_1,True,True,False,True,643,-41.65336608886719,-40.89717102050781,0
Jodi hadn't appreciated those crises.,Jodi hadn't appreciated those crisis.,morphology,determiner_noun_agreement,determiner_noun_agreement_irregular_1,True,True,False,True,644,-52.71983337402344,-51.95384979248047,0
Deanna thought about that nucleus.,Deanna thought about that nuclei.,morphology,determiner_noun_agreement,determiner_noun_agreement_irregular_1,True,True,False,True,645,-42.82400894165039,-46.34552764892578,1
The Clintons could take those oases.,The Clintons could take those oasis.,morphology,determiner_noun_agreement,determiner_noun_agreement_irregular_1,True,True,False,True,646,-53.92387390136719,-49.81507873535156,0
Connie has noticed that nucleus.,Connie has noticed that nuclei.,morphology,determiner_noun_agreement,determiner_noun_agreement_irregular_1,True,True,False,True,647,-41.55736541748047,-45.45635223388672,1
Actors think about these oxen.,Actors think about these ox.,morphology,determiner_noun_agreement,determiner_noun_agreement_irregular_1,True,True,False,True,648,-54.554317474365234,-47.73167419433594,0
All doctors argue about that woman.,All doctors argue about that women.,morphology,determiner_noun_agreement,determiner_noun_agreement_irregular_1,True,True,False,True,649,-41.90121841430664,-39.02437210083008,0
Those waiters discover those phenomena.,Those waiters discover those phenomenon.,morphology,determiner_noun_agreement,determiner_noun_agreement_irregular_1,True,True,False,True,650,-45.389556884765625,-45.758949279785156,1
Tina wasn't thinking about those hypotheses.,Tina wasn't thinking about those hypothesis.,morphology,determiner_noun_agreement,determiner_noun_agreement_irregular_1,True,True,False,True,651,-50.72041320800781,-50.426048278808594,0
These waiters think about these paralyses.,These waiters think about these paralysis.,morphology,determiner_noun_agreement,determiner_noun_agreement_irregular_1,True,True,False,True,652,-58.6787223815918,-49.38471984863281,0
Beth thought about those synopses.,Beth thought about those synopsis.,morphology,determiner_noun_agreement,determiner_noun_agreement_irregular_1,True,True,False,True,653,-57.611236572265625,-43.87875747680664,0
Every person lifts that louse.,Every person lifts that lice.,morphology,determiner_noun_agreement,determiner_noun_agreement_irregular_1,True,True,False,True,654,-45.3961296081543,-43.90446090698242,0
Spain admired that nucleus.,Spain admired that nuclei.,morphology,determiner_noun_agreement,determiner_noun_agreement_irregular_1,True,True,False,True,655,-33.98834991455078,-37.92101287841797,1
Ella was discovering this basis.,Ella was discovering this bases.,morphology,determiner_noun_agreement,determiner_noun_agreement_irregular_1,True,True,False,True,656,-42.97858810424805,-44.08039093017578,1
Some mouths aggravate these people.,Some mouths aggravate these person.,morphology,determiner_noun_agreement,determiner_noun_agreement_irregular_1,True,True,False,True,657,-43.92719268798828,-46.97064208984375,1
Some cashier cleans these fungi.,Some cashier cleans these fungus.,morphology,determiner_noun_agreement,determiner_noun_agreement_irregular_1,True,True,False,True,658,-50.187896728515625,-50.77718734741211,1
George complained about those paralyses.,George complained about those paralysis.,morphology,determiner_noun_agreement,determiner_noun_agreement_irregular_1,True,True,False,True,659,-44.35856246948242,-35.20380401611328,0
Most hamsters found those axes.,Most hamsters found those axis.,morphology,determiner_noun_agreement,determiner_noun_agreement_irregular_1,True,True,False,True,660,-47.47979736328125,-48.02313232421875,1
An association hadn't boasted about that phenomenon.,An association hadn't boasted about that phenomena.,morphology,determiner_noun_agreement,determiner_noun_agreement_irregular_1,True,True,False,True,661,-63.656410217285156,-64.44898986816406,1
Diane won't cure those people.,Diane won't cure those person.,morphology,determiner_noun_agreement,determiner_noun_agreement_irregular_1,True,True,False,True,662,-48.009918212890625,-52.089447021484375,1
That actor has argued about that medium.,That actor has argued about that media.,morphology,determiner_noun_agreement,determiner_noun_agreement_irregular_1,True,True,False,True,663,-47.97733688354492,-46.29423141479492,0
Martin can conceal that man.,Martin can conceal that men.,morphology,determiner_noun_agreement,determiner_noun_agreement_irregular_1,True,True,False,True,664,-34.35889434814453,-33.11931610107422,0
Tiffany cures these lice.,Tiffany cures these louse.,morphology,determiner_noun_agreement,determiner_noun_agreement_irregular_1,True,True,False,True,665,-57.72887420654297,-59.04145431518555,1
Bradley was admiring this goose.,Bradley was admiring this geese.,morphology,determiner_noun_agreement,determiner_noun_agreement_irregular_1,True,True,False,True,666,-53.56784439086914,-57.85388946533203,1
Patrick did discover that paralysis.,Patrick did discover that paralyses.,morphology,determiner_noun_agreement,determiner_noun_agreement_irregular_1,True,True,False,True,667,-37.641319274902344,-46.23424530029297,1
Harvard University could like that louse.,Harvard University could like that lice.,morphology,determiner_noun_agreement,determiner_noun_agreement_irregular_1,True,True,False,True,668,-63.52268600463867,-63.05186080932617,0
Ann appreciated those paralyses.,Ann appreciated those paralysis.,morphology,determiner_noun_agreement,determiner_noun_agreement_irregular_1,True,True,False,True,669,-43.35284423828125,-34.20720291137695,0
Becca is describing that synopsis.,Becca is describing that synopses.,morphology,determiner_noun_agreement,determiner_noun_agreement_irregular_1,True,True,False,True,670,-46.00956726074219,-57.7774543762207,1
Frank wasn't researching this synopsis.,Frank wasn't researching this synopses.,morphology,determiner_noun_agreement,determiner_noun_agreement_irregular_1,True,True,False,True,671,-44.13206481933594,-59.93605041503906,1
Meredith did observe those men.,Meredith did observe those man.,morphology,determiner_noun_agreement,determiner_noun_agreement_irregular_1,True,True,False,True,672,-45.098121643066406,-48.731929779052734,1
Karen shouldn't boast about those bases.,Karen shouldn't boast about those basis.,morphology,determiner_noun_agreement,determiner_noun_agreement_irregular_1,True,True,False,True,673,-54.29505157470703,-53.114830017089844,0
Jesus has questioned those men.,Jesus has questioned those man.,morphology,determiner_noun_agreement,determiner_noun_agreement_irregular_1,True,True,False,True,674,-27.820446014404297,-30.61398696899414,1
Those pedestrians kiss this man.,Those pedestrians kiss this men.,morphology,determiner_noun_agreement,determiner_noun_agreement_irregular_1,True,True,False,True,675,-40.60564422607422,-42.86902618408203,1
That doctor was healing these geese.,That doctor was healing these goose.,morphology,determiner_noun_agreement,determiner_noun_agreement_irregular_1,True,True,False,True,676,-53.98017883300781,-51.07789611816406,0
All photographs looked like these axes.,All photographs looked like these axis.,morphology,determiner_noun_agreement,determiner_noun_agreement_irregular_1,True,True,False,True,677,-42.751564025878906,-43.207542419433594,1
Frank should cure this goose.,Frank should cure this geese.,morphology,determiner_noun_agreement,determiner_noun_agreement_irregular_1,True,True,False,True,678,-41.56388473510742,-45.82628631591797,1
Many universities had appreciated that paralysis.,Many universities had appreciated that paralyses.,morphology,determiner_noun_agreement,determiner_noun_agreement_irregular_1,True,True,False,True,679,-49.291725158691406,-57.89686584472656,1
Connie hadn't taken these stimuli.,Connie hadn't taken these stimulus.,morphology,determiner_noun_agreement,determiner_noun_agreement_irregular_1,True,True,False,True,680,-49.804168701171875,-52.339813232421875,1
Eva isn't finding these octopi.,Eva isn't finding these octopus.,morphology,determiner_noun_agreement,determiner_noun_agreement_irregular_1,True,True,False,True,681,-53.36450958251953,-46.71477508544922,0
Many women argue about those hypotheses.,Many women argue about those hypothesis.,morphology,determiner_noun_agreement,determiner_noun_agreement_irregular_1,True,True,False,True,682,-38.12483215332031,-38.93754577636719,1
Samuel questioned these men.,Samuel questioned these man.,morphology,determiner_noun_agreement,determiner_noun_agreement_irregular_1,True,True,False,True,683,-38.944156646728516,-40.567291259765625,1
Brett could boast about these media.,Brett could boast about these medium.,morphology,determiner_noun_agreement,determiner_noun_agreement_irregular_1,True,True,False,True,684,-49.47126007080078,-52.1812744140625,1
Dan researched those hypotheses.,Dan researched those hypothesis.,morphology,determiner_noun_agreement,determiner_noun_agreement_irregular_1,True,True,False,True,685,-32.739810943603516,-32.951602935791016,1
Edward hides this ox.,Edward hides this oxen.,morphology,determiner_noun_agreement,determiner_noun_agreement_irregular_1,True,True,False,True,686,-35.23027801513672,-41.29969787597656,1
Tiffany thought about that medium.,Tiffany thought about that media.,morphology,determiner_noun_agreement,determiner_noun_agreement_irregular_1,True,True,False,True,687,-49.231590270996094,-49.68778991699219,1
This casserole astounds those alumni.,This casserole astounds those alumnus.,morphology,determiner_noun_agreement,determiner_noun_agreement_irregular_1,True,True,False,True,688,-67.43589782714844,-77.66809844970703,1
Martha has discussed these analyses.,Martha has discussed these analysis.,morphology,determiner_noun_agreement,determiner_noun_agreement_irregular_1,True,True,False,True,689,-40.146446228027344,-38.6447868347168,0
A lot of senators reveal this tooth.,A lot of senators reveal this teeth.,morphology,determiner_noun_agreement,determiner_noun_agreement_irregular_1,True,True,False,True,690,-54.328922271728516,-51.97941207885742,0
These waiters hide those men.,These waiters hide those man.,morphology,determiner_noun_agreement,determiner_noun_agreement_irregular_1,True,True,False,True,691,-45.912147521972656,-49.21211624145508,1
The child noticed those lice.,The child noticed those louse.,morphology,determiner_noun_agreement,determiner_noun_agreement_irregular_1,True,True,False,True,692,-48.497276306152344,-49.264732360839844,1
Joel hasn't discovered these feet.,Joel hasn't discovered these foot.,morphology,determiner_noun_agreement,determiner_noun_agreement_irregular_1,True,True,False,True,693,-46.75364685058594,-48.33492660522461,1
Those adults hide these feet.,Those adults hide these foot.,morphology,determiner_noun_agreement,determiner_noun_agreement_irregular_1,True,True,False,True,694,-35.83339309692383,-38.509925842285156,1
Those girls think about those mice.,Those girls think about those mouse.,morphology,determiner_noun_agreement,determiner_noun_agreement_irregular_1,True,True,False,True,695,-38.31916809082031,-40.4282341003418,1
Susan conceals those children.,Susan conceals those child.,morphology,determiner_noun_agreement,determiner_noun_agreement_irregular_1,True,True,False,True,696,-35.96636962890625,-39.32886505126953,1
Danielle can lift these mice.,Danielle can lift these mouse.,morphology,determiner_noun_agreement,determiner_noun_agreement_irregular_1,True,True,False,True,697,-40.194358825683594,-43.40156555175781,1
Craig appreciates this alumnus.,Craig appreciates this alumni.,morphology,determiner_noun_agreement,determiner_noun_agreement_irregular_1,True,True,False,True,698,-45.426292419433594,-33.319332122802734,0
Laurie was noticing those teeth.,Laurie was noticing those tooth.,morphology,determiner_noun_agreement,determiner_noun_agreement_irregular_1,True,True,False,True,699,-47.47869873046875,-52.636600494384766,1
Florence was noticing this louse.,Florence was noticing this lice.,morphology,determiner_noun_agreement,determiner_noun_agreement_irregular_1,True,True,False,True,700,-58.402244567871094,-58.64556121826172,1
Christine buys those stimuli.,Christine buys those stimulus.,morphology,determiner_noun_agreement,determiner_noun_agreement_irregular_1,True,True,False,True,701,-39.02235412597656,-40.534385681152344,1
Renee revealed these feet.,Renee revealed these foot.,morphology,determiner_noun_agreement,determiner_noun_agreement_irregular_1,True,True,False,True,702,-35.68838882446289,-36.604888916015625,1
Jason scares that woman.,Jason scares that women.,morphology,determiner_noun_agreement,determiner_noun_agreement_irregular_1,True,True,False,True,703,-29.408367156982422,-26.828289031982422,0
Brenda isn't boasting about those hypotheses.,Brenda isn't boasting about those hypothesis.,morphology,determiner_noun_agreement,determiner_noun_agreement_irregular_1,True,True,False,True,704,-56.402503967285156,-55.97357940673828,0
Every cashier has revealed those nuclei.,Every cashier has revealed those nucleus.,morphology,determiner_noun_agreement,determiner_noun_agreement_irregular_1,True,True,False,True,705,-57.35178756713867,-53.632843017578125,0
Timothy would think about those oxen.,Timothy would think about those ox.,morphology,determiner_noun_agreement,determiner_noun_agreement_irregular_1,True,True,False,True,706,-58.50784683227539,-52.91957092285156,0
Donald doesn't boast about those hypotheses.,Donald doesn't boast about those hypothesis.,morphology,determiner_noun_agreement,determiner_noun_agreement_irregular_1,True,True,False,True,707,-44.745277404785156,-44.32868194580078,0
Renee would notice this tooth.,Renee would notice this teeth.,morphology,determiner_noun_agreement,determiner_noun_agreement_irregular_1,True,True,False,True,708,-40.661190032958984,-39.39353561401367,0
George was discovering this goose.,George was discovering this geese.,morphology,determiner_noun_agreement,determiner_noun_agreement_irregular_1,True,True,False,True,709,-36.853294372558594,-40.854820251464844,1
Lissa won't sell this oasis.,Lissa won't sell this oases.,morphology,determiner_noun_agreement,determiner_noun_agreement_irregular_1,True,True,False,True,710,-51.35759735107422,-57.19197463989258,1
Marla did appreciate this thesis.,Marla did appreciate this theses.,morphology,determiner_noun_agreement,determiner_noun_agreement_irregular_1,True,True,False,True,711,-39.93390655517578,-46.45254135131836,1
Lisa was researching these syntheses.,Lisa was researching these synthesis.,morphology,determiner_noun_agreement,determiner_noun_agreement_irregular_1,True,True,False,True,712,-41.93470001220703,-36.26681137084961,0
Sally isn't boasting about that analysis.,Sally isn't boasting about that analyses.,morphology,determiner_noun_agreement,determiner_noun_agreement_irregular_1,True,True,False,True,713,-58.166744232177734,-60.47830581665039,1
Senators buy this cactus.,Senators buy this cacti.,morphology,determiner_noun_agreement,determiner_noun_agreement_irregular_1,True,True,False,True,714,-41.311580657958984,-49.33998107910156,1
The Lutherans complain about this synthesis.,The Lutherans complain about this syntheses.,morphology,determiner_noun_agreement,determiner_noun_agreement_irregular_1,True,True,False,True,715,-56.03596496582031,-62.93824768066406,1
Guy could like those teeth.,Guy could like those tooth.,morphology,determiner_noun_agreement,determiner_noun_agreement_irregular_1,True,True,False,True,716,-30.919870376586914,-34.71661376953125,1
Some actresses like this cactus.,Some actresses like this cacti.,morphology,determiner_noun_agreement,determiner_noun_agreement_irregular_1,True,True,False,True,717,-40.759944915771484,-48.037391662597656,1
Nancy can take these teeth.,Nancy can take these tooth.,morphology,determiner_noun_agreement,determiner_noun_agreement_irregular_1,True,True,False,True,718,-35.155601501464844,-39.75490951538086,1
All organizations boast about these paralyses.,All organizations boast about these paralysis.,morphology,determiner_noun_agreement,determiner_noun_agreement_irregular_1,True,True,False,True,719,-55.32905960083008,-45.19921875,0
Gina had bothered this person.,Gina had bothered this people.,morphology,determiner_noun_agreement,determiner_noun_agreement_irregular_1,True,True,False,True,720,-38.38520812988281,-41.27801513671875,1
The Borgias research this crisis.,The Borgias research this crises.,morphology,determiner_noun_agreement,determiner_noun_agreement_irregular_1,True,True,False,True,721,-48.020294189453125,-50.912601470947266,1
The ladies sound like those women.,The ladies sound like those woman.,morphology,determiner_noun_agreement,determiner_noun_agreement_irregular_1,True,True,False,True,722,-39.53683090209961,-41.47797393798828,1
Martin notices that nucleus.,Martin notices that nuclei.,morphology,determiner_noun_agreement,determiner_noun_agreement_irregular_1,True,True,False,True,723,-32.256317138671875,-34.851959228515625,1
Some actor lifts those octopi.,Some actor lifts those octopus.,morphology,determiner_noun_agreement,determiner_noun_agreement_irregular_1,True,True,False,True,724,-57.631256103515625,-52.90230178833008,0
This dancer isn't thinking about that medium.,This dancer isn't thinking about that media.,morphology,determiner_noun_agreement,determiner_noun_agreement_irregular_1,True,True,False,True,725,-50.14849853515625,-48.31963348388672,0
Many boys appreciate these diagnoses.,Many boys appreciate these diagnosis.,morphology,determiner_noun_agreement,determiner_noun_agreement_irregular_1,True,True,False,True,726,-39.32780838012695,-37.123985290527344,0
Robert hadn't upset that child.,Robert hadn't upset that children.,morphology,determiner_noun_agreement,determiner_noun_agreement_irregular_1,True,True,False,True,727,-41.40833282470703,-39.815956115722656,0
These malls disturb this woman.,These malls disturb this women.,morphology,determiner_noun_agreement,determiner_noun_agreement_irregular_1,True,True,False,True,728,-43.7889518737793,-44.359039306640625,1
Some waiter approaches that man.,Some waiter approaches that men.,morphology,determiner_noun_agreement,determiner_noun_agreement_irregular_1,True,True,False,True,729,-40.107486724853516,-38.355201721191406,0
Nina shouldn't research this diagnosis.,Nina shouldn't research this diagnoses.,morphology,determiner_noun_agreement,determiner_noun_agreement_irregular_1,True,True,False,True,730,-49.332252502441406,-51.37377166748047,1
Todd thinks about these paralyses.,Todd thinks about these paralysis.,morphology,determiner_noun_agreement,determiner_noun_agreement_irregular_1,True,True,False,True,731,-42.17444610595703,-32.86870574951172,0
All senators admire that tooth.,All senators admire that teeth.,morphology,determiner_noun_agreement,determiner_noun_agreement_irregular_1,True,True,False,True,732,-46.841400146484375,-44.18734359741211,0
Carol couldn't boast about that paralysis.,Carol couldn't boast about that paralyses.,morphology,determiner_noun_agreement,determiner_noun_agreement_irregular_1,True,True,False,True,733,-55.90118408203125,-64.62338256835938,1
Derek hasn't cured those oxen.,Derek hasn't cured those ox.,morphology,determiner_noun_agreement,determiner_noun_agreement_irregular_1,True,True,False,True,734,-69.15956115722656,-61.46315383911133,0
Clyde was cleaning this nucleus.,Clyde was cleaning this nuclei.,morphology,determiner_noun_agreement,determiner_noun_agreement_irregular_1,True,True,False,True,735,-59.11489486694336,-63.47325134277344,1
Edward finds those nuclei.,Edward finds those nucleus.,morphology,determiner_noun_agreement,determiner_noun_agreement_irregular_1,True,True,False,True,736,-38.477142333984375,-33.8895263671875,0
The guests hate that thesis.,The guests hate that theses.,morphology,determiner_noun_agreement,determiner_noun_agreement_irregular_1,True,True,False,True,737,-44.4504280090332,-42.427955627441406,0
Dawn wasn't visiting that woman.,Dawn wasn't visiting that women.,morphology,determiner_noun_agreement,determiner_noun_agreement_irregular_1,True,True,False,True,738,-52.08498001098633,-50.818153381347656,0
Ronald wasn't revealing that child.,Ronald wasn't revealing that children.,morphology,determiner_noun_agreement,determiner_noun_agreement_irregular_1,True,True,False,True,739,-52.05401611328125,-51.48654556274414,0
Candice had shocked this person.,Candice had shocked this people.,morphology,determiner_noun_agreement,determiner_noun_agreement_irregular_1,True,True,False,True,740,-37.97833251953125,-41.875213623046875,1
Gina researched that paralysis.,Gina researched that paralyses.,morphology,determiner_noun_agreement,determiner_noun_agreement_irregular_1,True,True,False,True,741,-41.410911560058594,-50.2536735534668,1
Pedestrians disagree with these analyses.,Pedestrians disagree with these analysis.,morphology,determiner_noun_agreement,determiner_noun_agreement_irregular_1,True,True,False,True,742,-49.66685104370117,-48.334197998046875,0
Amanda is taking these feet.,Amanda is taking these foot.,morphology,determiner_noun_agreement,determiner_noun_agreement_irregular_1,True,True,False,True,743,-34.72559356689453,-36.71250534057617,1
Kathleen might lift this fungus.,Kathleen might lift this fungi.,morphology,determiner_noun_agreement,determiner_noun_agreement_irregular_1,True,True,False,True,744,-54.43406677246094,-54.80359649658203,1
The pictures looked like these mice.,The pictures looked like these mouse.,morphology,determiner_noun_agreement,determiner_noun_agreement_irregular_1,True,True,False,True,745,-42.063873291015625,-43.8087158203125,1
Suzanne doesn't think about those syntheses.,Suzanne doesn't think about those synthesis.,morphology,determiner_noun_agreement,determiner_noun_agreement_irregular_1,True,True,False,True,746,-58.12012481689453,-50.18235397338867,0
Alexander appreciated that crisis.,Alexander appreciated that crises.,morphology,determiner_noun_agreement,determiner_noun_agreement_irregular_1,True,True,False,True,747,-30.95884132385254,-31.7950382232666,1
Ladies have taken that nucleus.,Ladies have taken that nuclei.,morphology,determiner_noun_agreement,determiner_noun_agreement_irregular_1,True,True,False,True,748,-45.3072509765625,-49.00398254394531,1
Some drivers kiss these men.,Some drivers kiss these man.,morphology,determiner_noun_agreement,determiner_noun_agreement_irregular_1,True,True,False,True,749,-40.281394958496094,-42.71548080444336,1
Sherry found these mice.,Sherry found these mouse.,morphology,determiner_noun_agreement,determiner_noun_agreement_irregular_1,True,True,False,True,750,-38.20555114746094,-41.40477752685547,1
Marla liked these geese.,Marla liked these goose.,morphology,determiner_noun_agreement,determiner_noun_agreement_irregular_1,True,True,False,True,751,-46.21067810058594,-41.136112213134766,0
Veronica wasn't researching this crisis.,Veronica wasn't researching this crises.,morphology,determiner_noun_agreement,determiner_noun_agreement_irregular_1,True,True,False,True,752,-53.025299072265625,-56.981475830078125,1
Carla discovered that tooth.,Carla discovered that teeth.,morphology,determiner_noun_agreement,determiner_noun_agreement_irregular_1,True,True,False,True,753,-39.21538543701172,-35.59693908691406,0
Kimberley hasn't sold these octopi.,Kimberley hasn't sold these octopus.,morphology,determiner_noun_agreement,determiner_noun_agreement_irregular_1,True,True,False,True,754,-68.56890869140625,-62.67416763305664,0
Kendra boasts about those diagnoses.,Kendra boasts about those diagnosis.,morphology,determiner_noun_agreement,determiner_noun_agreement_irregular_1,True,True,False,True,755,-48.10369110107422,-46.4376220703125,0
That guy is concealing those fungi.,That guy is concealing those fungus.,morphology,determiner_noun_agreement,determiner_noun_agreement_irregular_1,True,True,False,True,756,-53.836082458496094,-54.038726806640625,1
This doctor hadn't discovered these crises.,This doctor hadn't discovered these crisis.,morphology,determiner_noun_agreement,determiner_noun_agreement_irregular_1,True,True,False,True,757,-53.09467315673828,-52.265892028808594,0
Some teenager isn't revealing those men.,Some teenager isn't revealing those man.,morphology,determiner_noun_agreement,determiner_noun_agreement_irregular_1,True,True,False,True,758,-47.936851501464844,-49.336673736572266,1
Teenagers appreciate that crisis.,Teenagers appreciate that crises.,morphology,determiner_noun_agreement,determiner_noun_agreement_irregular_1,True,True,False,True,759,-41.79582977294922,-41.520057678222656,0
Kristin boasted about those syntheses.,Kristin boasted about those synthesis.,morphology,determiner_noun_agreement,determiner_noun_agreement_irregular_1,True,True,False,True,760,-53.173404693603516,-45.06214904785156,0
Every screen shocked that man.,Every screen shocked that men.,morphology,determiner_noun_agreement,determiner_noun_agreement_irregular_1,True,True,False,True,761,-37.558738708496094,-37.3187370300293,0
All waiters liked that nucleus.,All waiters liked that nuclei.,morphology,determiner_noun_agreement,determiner_noun_agreement_irregular_1,True,True,False,True,762,-49.48682403564453,-54.939308166503906,1
Richard doesn't research that stimulus.,Richard doesn't research that stimuli.,morphology,determiner_noun_agreement,determiner_noun_agreement_irregular_1,True,True,False,True,763,-41.96693420410156,-41.220218658447266,0
The lady hadn't researched those paralyses.,The lady hadn't researched those paralysis.,morphology,determiner_noun_agreement,determiner_noun_agreement_irregular_1,True,True,False,True,764,-69.43058776855469,-60.22837829589844,0
Carl can't have this goose.,Carl can't have this geese.,morphology,determiner_noun_agreement,determiner_noun_agreement_irregular_1,True,True,False,True,765,-38.534950256347656,-43.17854309082031,1
Cashiers aren't researching this phenomenon.,Cashiers aren't researching this phenomena.,morphology,determiner_noun_agreement,determiner_noun_agreement_irregular_1,True,True,False,True,766,-47.17021560668945,-50.26628494262695,1
Omar complains about that crisis.,Omar complains about that crises.,morphology,determiner_noun_agreement,determiner_noun_agreement_irregular_1,True,True,False,True,767,-46.050453186035156,-46.258270263671875,1
Angela notices these mice.,Angela notices these mouse.,morphology,determiner_noun_agreement,determiner_noun_agreement_irregular_1,True,True,False,True,768,-39.834022521972656,-43.40570068359375,1
Ann appreciates these ellipses.,Ann appreciates these ellipsis.,morphology,determiner_noun_agreement,determiner_noun_agreement_irregular_1,True,True,False,True,769,-50.695098876953125,-53.42767333984375,1
Angela finds those axes.,Angela finds those axis.,morphology,determiner_noun_agreement,determiner_noun_agreement_irregular_1,True,True,False,True,770,-40.930206298828125,-40.46472930908203,0
All girls buy this stimulus.,All girls buy this stimuli.,morphology,determiner_noun_agreement,determiner_noun_agreement_irregular_1,True,True,False,True,771,-40.442291259765625,-40.86540222167969,1
Wendy thinks about those syntheses.,Wendy thinks about those synthesis.,morphology,determiner_noun_agreement,determiner_noun_agreement_irregular_1,True,True,False,True,772,-56.448150634765625,-48.92784881591797,0
The men research this basis.,The men research this bases.,morphology,determiner_noun_agreement,determiner_noun_agreement_irregular_1,True,True,False,True,773,-38.81957244873047,-41.211402893066406,1
Peter cleans that louse.,Peter cleans that lice.,morphology,determiner_noun_agreement,determiner_noun_agreement_irregular_1,True,True,False,True,774,-38.96424102783203,-37.34105682373047,0
Galileo had sounded like that child.,Galileo had sounded like that children.,morphology,determiner_noun_agreement,determiner_noun_agreement_irregular_1,True,True,False,True,775,-54.901947021484375,-54.330108642578125,0
Sharon argued about this oasis.,Sharon argued about this oases.,morphology,determiner_noun_agreement,determiner_noun_agreement_irregular_1,True,True,False,True,776,-48.51502990722656,-54.010520935058594,1
Elaine could appreciate these media.,Elaine could appreciate these medium.,morphology,determiner_noun_agreement,determiner_noun_agreement_irregular_1,True,True,False,True,777,-44.675086975097656,-46.43122863769531,1
Mitchell exited that oasis.,Mitchell exited that oases.,morphology,determiner_noun_agreement,determiner_noun_agreement_irregular_1,True,True,False,True,778,-46.73525619506836,-51.39239501953125,1
Diane did discover these octopi.,Diane did discover these octopus.,morphology,determiner_noun_agreement,determiner_noun_agreement_irregular_1,True,True,False,True,779,-63.070186614990234,-55.87890625,0
This man admired these men.,This man admired these man.,morphology,determiner_noun_agreement,determiner_noun_agreement_irregular_1,True,True,False,True,780,-37.070892333984375,-38.907073974609375,1
Holly researches those paralyses.,Holly researches those paralysis.,morphology,determiner_noun_agreement,determiner_noun_agreement_irregular_1,True,True,False,True,781,-60.0800666809082,-51.00494384765625,0
Wendy hasn't researched that crisis.,Wendy hasn't researched that crises.,morphology,determiner_noun_agreement,determiner_noun_agreement_irregular_1,True,True,False,True,782,-57.16377258300781,-58.607688903808594,1
Spain loves this synopsis.,Spain loves this synopses.,morphology,determiner_noun_agreement,determiner_noun_agreement_irregular_1,True,True,False,True,783,-28.23617935180664,-43.00440979003906,1
Catherine lifts this axis.,Catherine lifts this axes.,morphology,determiner_noun_agreement,determiner_noun_agreement_irregular_1,True,True,False,True,784,-44.56729507446289,-45.254112243652344,1
These waiters have discovered those axes.,These waiters have discovered those axis.,morphology,determiner_noun_agreement,determiner_noun_agreement_irregular_1,True,True,False,True,785,-50.83717346191406,-50.349632263183594,0
Those doctors complain about these bases.,Those doctors complain about these basis.,morphology,determiner_noun_agreement,determiner_noun_agreement_irregular_1,True,True,False,True,786,-40.44950866699219,-39.472084045410156,0
Every child can upset that child.,Every child can upset that children.,morphology,determiner_noun_agreement,determiner_noun_agreement_irregular_1,True,True,False,True,787,-40.65972137451172,-39.38666534423828,0
Travis concealed those oxen.,Travis concealed those ox.,morphology,determiner_noun_agreement,determiner_noun_agreement_irregular_1,True,True,False,True,788,-56.906368255615234,-48.70024108886719,0
Pamela lifts these oxen.,Pamela lifts these ox.,morphology,determiner_noun_agreement,determiner_noun_agreement_irregular_1,True,True,False,True,789,-58.890682220458984,-52.843345642089844,0
Some customers heal those geese.,Some customers heal those goose.,morphology,determiner_noun_agreement,determiner_noun_agreement_irregular_1,True,True,False,True,790,-48.093971252441406,-44.443241119384766,0
This doctor complained about these hypotheses.,This doctor complained about these hypothesis.,morphology,determiner_noun_agreement,determiner_noun_agreement_irregular_1,True,True,False,True,791,-41.11671447753906,-41.673728942871094,1
Some doctor researches those media.,Some doctor researches those medium.,morphology,determiner_noun_agreement,determiner_noun_agreement_irregular_1,True,True,False,True,792,-48.25446319580078,-50.98823165893555,1
Liam notices that man.,Liam notices that men.,morphology,determiner_noun_agreement,determiner_noun_agreement_irregular_1,True,True,False,True,793,-37.82337188720703,-35.94755935668945,0
David wouldn't discover that axis.,David wouldn't discover that axes.,morphology,determiner_noun_agreement,determiner_noun_agreement_irregular_1,True,True,False,True,794,-42.404415130615234,-43.13536834716797,1
Some ladies watch those alumni.,Some ladies watch those alumnus.,morphology,determiner_noun_agreement,determiner_noun_agreement_irregular_1,True,True,False,True,795,-38.62648010253906,-50.90901184082031,1
Homer won't research that diagnosis.,Homer won't research that diagnoses.,morphology,determiner_noun_agreement,determiner_noun_agreement_irregular_1,True,True,False,True,796,-51.73017501831055,-53.273380279541016,1
Most waitresses sound like this man.,Most waitresses sound like this men.,morphology,determiner_noun_agreement,determiner_noun_agreement_irregular_1,True,True,False,True,797,-48.019004821777344,-49.92658996582031,1
Steven healed those octopi.,Steven healed those octopus.,morphology,determiner_noun_agreement,determiner_noun_agreement_irregular_1,True,True,False,True,798,-48.72240447998047,-43.47786331176758,0
An actor reveals this child.,An actor reveals this children.,morphology,determiner_noun_agreement,determiner_noun_agreement_irregular_1,True,True,False,True,799,-36.365074157714844,-37.2428092956543,1
A lot of customers hide these octopi.,A lot of customers hide these octopus.,morphology,determiner_noun_agreement,determiner_noun_agreement_irregular_1,True,True,False,True,800,-65.11090087890625,-58.243255615234375,0
Wendy observed those women.,Wendy observed those woman.,morphology,determiner_noun_agreement,determiner_noun_agreement_irregular_1,True,True,False,True,801,-43.393089294433594,-46.74607849121094,1
Theodore hasn't discovered that ellipsis.,Theodore hasn't discovered that ellipses.,morphology,determiner_noun_agreement,determiner_noun_agreement_irregular_1,True,True,False,True,802,-69.63217163085938,-66.33248138427734,0
Phillip boasts about this medium.,Phillip boasts about this media.,morphology,determiner_noun_agreement,determiner_noun_agreement_irregular_1,True,True,False,True,803,-40.53547286987305,-40.077476501464844,0
Janice is lifting those theses.,Janice is lifting those thesis.,morphology,determiner_noun_agreement,determiner_noun_agreement_irregular_1,True,True,False,True,804,-50.74951934814453,-47.36534118652344,0
The senators can complain about those crises.,The senators can complain about those crisis.,morphology,determiner_noun_agreement,determiner_noun_agreement_irregular_1,True,True,False,True,805,-47.70850372314453,-47.61071014404297,0
Allison wasn't insulting that oasis.,Allison wasn't insulting that oases.,morphology,determiner_noun_agreement,determiner_noun_agreement_irregular_1,True,True,False,True,806,-61.402835845947266,-66.82414245605469,1
Cheryl biked to that oasis.,Cheryl biked to that oases.,morphology,determiner_noun_agreement,determiner_noun_agreement_irregular_1,True,True,False,True,807,-64.57601928710938,-69.42904663085938,1
Rachel thinks about those fungi.,Rachel thinks about those fungus.,morphology,determiner_noun_agreement,determiner_noun_agreement_irregular_1,True,True,False,True,808,-33.19551086425781,-33.424869537353516,1
The actors could question that person.,The actors could question that people.,morphology,determiner_noun_agreement,determiner_noun_agreement_irregular_1,True,True,False,True,809,-38.71284866333008,-37.37834930419922,0
Mary wasn't arguing about these crises.,Mary wasn't arguing about these crisis.,morphology,determiner_noun_agreement,determiner_noun_agreement_irregular_1,True,True,False,True,810,-48.695091247558594,-47.71459197998047,0
Colleen doesn't respect that oasis.,Colleen doesn't respect that oases.,morphology,determiner_noun_agreement,determiner_noun_agreement_irregular_1,True,True,False,True,811,-51.708106994628906,-57.25386047363281,1
Beth had researched this crisis.,Beth had researched this crises.,morphology,determiner_noun_agreement,determiner_noun_agreement_irregular_1,True,True,False,True,812,-42.78887939453125,-46.11982727050781,1
Carriages weren't hurting that man.,Carriages weren't hurting that men.,morphology,determiner_noun_agreement,determiner_noun_agreement_irregular_1,True,True,False,True,813,-52.15760803222656,-52.757511138916016,1
Travis won't reveal this fungus.,Travis won't reveal this fungi.,morphology,determiner_noun_agreement,determiner_noun_agreement_irregular_1,True,True,False,True,814,-52.409400939941406,-52.395240783691406,0
Carl likes this goose.,Carl likes this geese.,morphology,determiner_noun_agreement,determiner_noun_agreement_irregular_1,True,True,False,True,815,-32.30613327026367,-37.508480072021484,1
These waitresses think about those syntheses.,These waitresses think about those synthesis.,morphology,determiner_noun_agreement,determiner_noun_agreement_irregular_1,True,True,False,True,816,-62.48260498046875,-54.78193664550781,0
Emily argued about these synopses.,Emily argued about these synopsis.,morphology,determiner_noun_agreement,determiner_noun_agreement_irregular_1,True,True,False,True,817,-50.88039016723633,-35.472801208496094,0
Melinda should hide that octopus.,Melinda should hide that octopi.,morphology,determiner_noun_agreement,determiner_noun_agreement_irregular_1,True,True,False,True,818,-52.731178283691406,-58.115028381347656,1
Benjamin hasn't boasted about this diagnosis.,Benjamin hasn't boasted about this diagnoses.,morphology,determiner_noun_agreement,determiner_noun_agreement_irregular_1,True,True,False,True,819,-57.09434127807617,-58.89894104003906,1
Anna would clean these geese.,Anna would clean these goose.,morphology,determiner_noun_agreement,determiner_noun_agreement_irregular_1,True,True,False,True,820,-43.14558410644531,-37.630558013916016,0
Allison had brought those stimuli.,Allison had brought those stimulus.,morphology,determiner_noun_agreement,determiner_noun_agreement_irregular_1,True,True,False,True,821,-46.594215393066406,-47.75416946411133,1
Connie fled from that man.,Connie fled from that men.,morphology,determiner_noun_agreement,determiner_noun_agreement_irregular_1,True,True,False,True,822,-41.35036087036133,-41.37107849121094,1
A student should conceal that axis.,A student should conceal that axes.,morphology,determiner_noun_agreement,determiner_noun_agreement_irregular_1,True,True,False,True,823,-48.712120056152344,-49.26300811767578,1
David was appreciating those bases.,David was appreciating those basis.,morphology,determiner_noun_agreement,determiner_noun_agreement_irregular_1,True,True,False,True,824,-41.21470260620117,-39.78681182861328,0
Alan wasn't admiring that ox.,Alan wasn't admiring that oxen.,morphology,determiner_noun_agreement,determiner_noun_agreement_irregular_1,True,True,False,True,825,-52.02107238769531,-58.27714538574219,1
Ruth isn't thinking about that man.,Ruth isn't thinking about that men.,morphology,determiner_noun_agreement,determiner_noun_agreement_irregular_1,True,True,False,True,826,-47.033260345458984,-47.2216911315918,1
Raymond has concealed those lice.,Raymond has concealed those louse.,morphology,determiner_noun_agreement,determiner_noun_agreement_irregular_1,True,True,False,True,827,-55.66969299316406,-57.397071838378906,1
Rebecca could reveal those cacti.,Rebecca could reveal those cactus.,morphology,determiner_noun_agreement,determiner_noun_agreement_irregular_1,True,True,False,True,828,-59.81504821777344,-51.32952117919922,0
Bill appreciated those hypotheses.,Bill appreciated those hypothesis.,morphology,determiner_noun_agreement,determiner_noun_agreement_irregular_1,True,True,False,True,829,-31.985309600830078,-32.182647705078125,1
Wayne isn't noticing this nucleus.,Wayne isn't noticing this nuclei.,morphology,determiner_noun_agreement,determiner_noun_agreement_irregular_1,True,True,False,True,830,-49.76813888549805,-53.988494873046875,1
Elizabeth isn't complaining about this basis.,Elizabeth isn't complaining about this bases.,morphology,determiner_noun_agreement,determiner_noun_agreement_irregular_1,True,True,False,True,831,-41.285850524902344,-43.250999450683594,1
Karla hasn't appreciated those hypotheses.,Karla hasn't appreciated those hypothesis.,morphology,determiner_noun_agreement,determiner_noun_agreement_irregular_1,True,True,False,True,832,-47.01335906982422,-46.837764739990234,0
Naomi boasts about this ellipsis.,Naomi boasts about this ellipses.,morphology,determiner_noun_agreement,determiner_noun_agreement_irregular_1,True,True,False,True,833,-64.14436340332031,-61.73579025268555,0
Sheila might sell those stimuli.,Sheila might sell those stimulus.,morphology,determiner_noun_agreement,determiner_noun_agreement_irregular_1,True,True,False,True,834,-45.01587677001953,-46.318458557128906,1
Many children complain about those syntheses.,Many children complain about those synthesis.,morphology,determiner_noun_agreement,determiner_noun_agreement_irregular_1,True,True,False,True,835,-47.42843246459961,-41.593589782714844,0
These men research that hypothesis.,These men research that hypotheses.,morphology,determiner_noun_agreement,determiner_noun_agreement_irregular_1,True,True,False,True,836,-37.549041748046875,-39.17338562011719,1
These men had complained about those crises.,These men had complained about those crisis.,morphology,determiner_noun_agreement,determiner_noun_agreement_irregular_1,True,True,False,True,837,-45.619590759277344,-45.02342987060547,0
Those people find this louse.,Those people find this lice.,morphology,determiner_noun_agreement,determiner_noun_agreement_irregular_1,True,True,False,True,838,-34.944610595703125,-34.059364318847656,0
Homer isn't exiting these oases.,Homer isn't exiting these oasis.,morphology,determiner_noun_agreement,determiner_noun_agreement_irregular_1,True,True,False,True,839,-61.19404602050781,-56.37929916381836,0
Elizabeth notices that octopus.,Elizabeth notices that octopi.,morphology,determiner_noun_agreement,determiner_noun_agreement_irregular_1,True,True,False,True,840,-37.39600372314453,-44.046669006347656,1
A lot of doctors clean that thesis.,A lot of doctors clean that theses.,morphology,determiner_noun_agreement,determiner_noun_agreement_irregular_1,True,True,False,True,841,-53.46662139892578,-53.65005111694336,1
Walter wasn't observing those children.,Walter wasn't observing those child.,morphology,determiner_noun_agreement,determiner_noun_agreement_irregular_1,True,True,False,True,842,-46.57843017578125,-49.75485610961914,1
That committee had boasted about this medium.,That committee had boasted about this media.,morphology,determiner_noun_agreement,determiner_noun_agreement_irregular_1,True,True,False,True,843,-52.829978942871094,-50.291221618652344,0
The Borgias know this person.,The Borgias know this people.,morphology,determiner_noun_agreement,determiner_noun_agreement_irregular_1,True,True,False,True,844,-41.577720642089844,-43.868865966796875,1
Omar bought these fungi.,Omar bought these fungus.,morphology,determiner_noun_agreement,determiner_noun_agreement_irregular_1,True,True,False,True,845,-42.504730224609375,-42.9613151550293,1
Meredith can't admire that fungus.,Meredith can't admire that fungi.,morphology,determiner_noun_agreement,determiner_noun_agreement_irregular_1,True,True,False,True,846,-53.494747161865234,-53.5896110534668,1
Derek admired those people.,Derek admired those person.,morphology,determiner_noun_agreement,determiner_noun_agreement_irregular_1,True,True,False,True,847,-40.355430603027344,-44.5635871887207,1
Cucumbers bore those alumni.,Cucumbers bore those alumnus.,morphology,determiner_noun_agreement,determiner_noun_agreement_irregular_1,True,True,False,True,848,-53.99610137939453,-63.060035705566406,1
Bill can have these oxen.,Bill can have these ox.,morphology,determiner_noun_agreement,determiner_noun_agreement_irregular_1,True,True,False,True,849,-39.93657302856445,-34.69672775268555,0
Sonia hasn't praised those women.,Sonia hasn't praised those woman.,morphology,determiner_noun_agreement,determiner_noun_agreement_irregular_1,True,True,False,True,850,-51.692710876464844,-54.4182014465332,1
Sherry escapes from those alumni.,Sherry escapes from those alumnus.,morphology,determiner_noun_agreement,determiner_noun_agreement_irregular_1,True,True,False,True,851,-46.51115798950195,-57.02556610107422,1
Amy complains about that stimulus.,Amy complains about that stimuli.,morphology,determiner_noun_agreement,determiner_noun_agreement_irregular_1,True,True,False,True,852,-36.96680450439453,-36.23292541503906,0
Craig complained about those syntheses.,Craig complained about those synthesis.,morphology,determiner_noun_agreement,determiner_noun_agreement_irregular_1,True,True,False,True,853,-41.57086944580078,-35.07172393798828,0
Patrick could hide those octopi.,Patrick could hide those octopus.,morphology,determiner_noun_agreement,determiner_noun_agreement_irregular_1,True,True,False,True,854,-50.12696838378906,-44.5909423828125,0
Veronica cleaned this goose.,Veronica cleaned this geese.,morphology,determiner_noun_agreement,determiner_noun_agreement_irregular_1,True,True,False,True,855,-46.848968505859375,-51.70160675048828,1
Jodi has this axis.,Jodi has this axes.,morphology,determiner_noun_agreement,determiner_noun_agreement_irregular_1,True,True,False,True,856,-36.859615325927734,-37.681617736816406,1
Rachel had seen these octopi.,Rachel had seen these octopus.,morphology,determiner_noun_agreement,determiner_noun_agreement_irregular_1,True,True,False,True,857,-44.97576141357422,-39.09071731567383,0
Sonia brought this axis.,Sonia brought this axes.,morphology,determiner_noun_agreement,determiner_noun_agreement_irregular_1,True,True,False,True,858,-41.171085357666016,-42.36936950683594,1
Steve attacks those women.,Steve attacks those woman.,morphology,determiner_noun_agreement,determiner_noun_agreement_irregular_1,True,True,False,True,859,-25.332048416137695,-29.6382999420166,1
Most guys haven't hidden those octopi.,Most guys haven't hidden those octopus.,morphology,determiner_noun_agreement,determiner_noun_agreement_irregular_1,True,True,False,True,860,-66.94320678710938,-61.10057830810547,0
Karla reveals those octopi.,Karla reveals those octopus.,morphology,determiner_noun_agreement,determiner_noun_agreement_irregular_1,True,True,False,True,861,-51.995540618896484,-46.84339904785156,0
Tara should complain about these media.,Tara should complain about these medium.,morphology,determiner_noun_agreement,determiner_noun_agreement_irregular_1,True,True,False,True,862,-41.98179626464844,-44.78961181640625,1
Kirsten worried these people.,Kirsten worried these person.,morphology,determiner_noun_agreement,determiner_noun_agreement_irregular_1,True,True,False,True,863,-41.51051712036133,-45.033050537109375,1
Most people hide those feet.,Most people hide those foot.,morphology,determiner_noun_agreement,determiner_noun_agreement_irregular_1,True,True,False,True,864,-32.51095199584961,-35.3585319519043,1
Some senators think about that hypothesis.,Some senators think about that hypotheses.,morphology,determiner_noun_agreement,determiner_noun_agreement_irregular_1,True,True,False,True,865,-43.805084228515625,-46.013587951660156,1
Amy might buy those feet.,Amy might buy those foot.,morphology,determiner_noun_agreement,determiner_noun_agreement_irregular_1,True,True,False,True,866,-32.13775634765625,-34.39716339111328,1
The boys bought those stimuli.,The boys bought those stimulus.,morphology,determiner_noun_agreement,determiner_noun_agreement_irregular_1,True,True,False,True,867,-41.98082733154297,-42.22683334350586,1
Frank wasn't revealing those fungi.,Frank wasn't revealing those fungus.,morphology,determiner_noun_agreement,determiner_noun_agreement_irregular_1,True,True,False,True,868,-47.21956253051758,-47.55442810058594,1
Regina isn't complaining about these bases.,Regina isn't complaining about these basis.,morphology,determiner_noun_agreement,determiner_noun_agreement_irregular_1,True,True,False,True,869,-50.67681121826172,-50.35259246826172,0
Travis wasn't concealing those nuclei.,Travis wasn't concealing those nucleus.,morphology,determiner_noun_agreement,determiner_noun_agreement_irregular_1,True,True,False,True,870,-73.51524353027344,-69.68890380859375,0
All waitresses clean these oases.,All waitresses clean these oasis.,morphology,determiner_noun_agreement,determiner_noun_agreement_irregular_1,True,True,False,True,871,-58.48983383178711,-54.86737060546875,0
Homer wouldn't notice this person.,Homer wouldn't notice this people.,morphology,determiner_noun_agreement,determiner_noun_agreement_irregular_1,True,True,False,True,872,-42.47193908691406,-46.08164596557617,1
The students found those lice.,The students found those louse.,morphology,determiner_noun_agreement,determiner_noun_agreement_irregular_1,True,True,False,True,873,-43.14503860473633,-44.11741638183594,1
Many legislatures can't talk about that analysis.,Many legislatures can't talk about that analyses.,morphology,determiner_noun_agreement,determiner_noun_agreement_irregular_1,True,True,False,True,874,-47.583152770996094,-50.12994384765625,1
These guests saw this foot.,These guests saw this feet.,morphology,determiner_noun_agreement,determiner_noun_agreement_irregular_1,True,True,False,True,875,-33.6483268737793,-33.442989349365234,0
Anne wasn't researching these paralyses.,Anne wasn't researching these paralysis.,morphology,determiner_noun_agreement,determiner_noun_agreement_irregular_1,True,True,False,True,876,-55.413116455078125,-45.74256134033203,0
Catherine bored these children.,Catherine bored these child.,morphology,determiner_noun_agreement,determiner_noun_agreement_irregular_1,True,True,False,True,877,-42.82279968261719,-45.18474578857422,1
Kendra is complaining about this thesis.,Kendra is complaining about this theses.,morphology,determiner_noun_agreement,determiner_noun_agreement_irregular_1,True,True,False,True,878,-43.22248077392578,-50.90524673461914,1
Christine shouldn't appreciate this oasis.,Christine shouldn't appreciate this oases.,morphology,determiner_noun_agreement,determiner_noun_agreement_irregular_1,True,True,False,True,879,-47.47582244873047,-52.691810607910156,1
Cindy has cleaned this foot.,Cindy has cleaned this feet.,morphology,determiner_noun_agreement,determiner_noun_agreement_irregular_1,True,True,False,True,880,-44.84321975708008,-45.63777160644531,1
Meredith thought about this medium.,Meredith thought about this media.,morphology,determiner_noun_agreement,determiner_noun_agreement_irregular_1,True,True,False,True,881,-42.90137481689453,-42.196109771728516,0
All customers conceal this louse.,All customers conceal this lice.,morphology,determiner_noun_agreement,determiner_noun_agreement_irregular_1,True,True,False,True,882,-48.141334533691406,-46.848628997802734,0
Marie doesn't take these axes.,Marie doesn't take these axis.,morphology,determiner_noun_agreement,determiner_noun_agreement_irregular_1,True,True,False,True,883,-35.62199401855469,-34.883750915527344,0
Most guys cure that child.,Most guys cure that children.,morphology,determiner_noun_agreement,determiner_noun_agreement_irregular_1,True,True,False,True,884,-40.13966369628906,-38.135398864746094,0
Some report had disagreed with this thesis.,Some report had disagreed with this theses.,morphology,determiner_noun_agreement,determiner_noun_agreement_irregular_1,True,True,False,True,885,-43.82999038696289,-52.20909881591797,1
These mountains hadn't irritated this child.,These mountains hadn't irritated this children.,morphology,determiner_noun_agreement,determiner_noun_agreement_irregular_1,True,True,False,True,886,-54.1439323425293,-54.442134857177734,1
Gary talked about this person.,Gary talked about this people.,morphology,determiner_noun_agreement,determiner_noun_agreement_irregular_1,True,True,False,True,887,-22.69493865966797,-25.781147003173828,1
Peter hasn't explored that oasis.,Peter hasn't explored that oases.,morphology,determiner_noun_agreement,determiner_noun_agreement_irregular_1,True,True,False,True,888,-44.81675720214844,-49.918365478515625,1
Brenda researches those bases.,Brenda researches those basis.,morphology,determiner_noun_agreement,determiner_noun_agreement_irregular_1,True,True,False,True,889,-43.78643035888672,-42.27005386352539,0
Sabrina discovered that nucleus.,Sabrina discovered that nuclei.,morphology,determiner_noun_agreement,determiner_noun_agreement_irregular_1,True,True,False,True,890,-39.054054260253906,-43.254058837890625,1
Aaron could think about these media.,Aaron could think about these medium.,morphology,determiner_noun_agreement,determiner_noun_agreement_irregular_1,True,True,False,True,891,-31.405296325683594,-34.673187255859375,1
Claire found that octopus.,Claire found that octopi.,morphology,determiner_noun_agreement,determiner_noun_agreement_irregular_1,True,True,False,True,892,-41.367122650146484,-48.33311080932617,1
Those men saw this louse.,Those men saw this lice.,morphology,determiner_noun_agreement,determiner_noun_agreement_irregular_1,True,True,False,True,893,-40.88338851928711,-40.430484771728516,0
David could notice these fungi.,David could notice these fungus.,morphology,determiner_noun_agreement,determiner_noun_agreement_irregular_1,True,True,False,True,894,-36.03785705566406,-36.3646125793457,1
Martha was noticing this man.,Martha was noticing this men.,morphology,determiner_noun_agreement,determiner_noun_agreement_irregular_1,True,True,False,True,895,-39.86061096191406,-43.00334548950195,1
Karen scanned these synopses.,Karen scanned these synopsis.,morphology,determiner_noun_agreement,determiner_noun_agreement_irregular_1,True,True,False,True,896,-56.99736022949219,-41.49473571777344,0
Douglas researches those crises.,Douglas researches those crisis.,morphology,determiner_noun_agreement,determiner_noun_agreement_irregular_1,True,True,False,True,897,-49.54362487792969,-49.65950393676758,1
The Lutherans hadn't praised those synopses.,The Lutherans hadn't praised those synopsis.,morphology,determiner_noun_agreement,determiner_noun_agreement_irregular_1,True,True,False,True,898,-82.40308380126953,-68.15472412109375,0
Most pictures aren't looking like those axes.,Most pictures aren't looking like those axis.,morphology,determiner_noun_agreement,determiner_noun_agreement_irregular_1,True,True,False,True,899,-58.93761444091797,-58.26567077636719,0
Beth complains about this basis.,Beth complains about this bases.,morphology,determiner_noun_agreement,determiner_noun_agreement_irregular_1,True,True,False,True,900,-39.34189987182617,-41.54907989501953,1
Those waiters hadn't noticed those geese.,Those waiters hadn't noticed those goose.,morphology,determiner_noun_agreement,determiner_noun_agreement_irregular_1,True,True,False,True,901,-66.56369018554688,-60.01704788208008,0
Many legislatures admire this foot.,Many legislatures admire this feet.,morphology,determiner_noun_agreement,determiner_noun_agreement_irregular_1,True,True,False,True,902,-42.48882293701172,-43.029754638671875,1
Rebecca discovered these media.,Rebecca discovered these medium.,morphology,determiner_noun_agreement,determiner_noun_agreement_irregular_1,True,True,False,True,903,-41.98334503173828,-43.31218338012695,1
Dan doesn't break this foot.,Dan doesn't break this feet.,morphology,determiner_noun_agreement,determiner_noun_agreement_irregular_1,True,True,False,True,904,-33.400474548339844,-34.04368591308594,1
These movie theaters hadn't embarrassed that child.,These movie theaters hadn't embarrassed that children.,morphology,determiner_noun_agreement,determiner_noun_agreement_irregular_1,True,True,False,True,905,-63.968406677246094,-63.06731414794922,0
This child has bought those nuclei.,This child has bought those nucleus.,morphology,determiner_noun_agreement,determiner_noun_agreement_irregular_1,True,True,False,True,906,-50.74095916748047,-45.53726577758789,0
This painting looked like this nucleus.,This painting looked like this nuclei.,morphology,determiner_noun_agreement,determiner_noun_agreement_irregular_1,True,True,False,True,907,-43.10840606689453,-47.85076904296875,1
Chad has sold those mice.,Chad has sold those mouse.,morphology,determiner_noun_agreement,determiner_noun_agreement_irregular_1,True,True,False,True,908,-39.30316925048828,-41.11922073364258,1
Veronica isn't appreciating that medium.,Veronica isn't appreciating that media.,morphology,determiner_noun_agreement,determiner_noun_agreement_irregular_1,True,True,False,True,909,-56.590755462646484,-56.591365814208984,1
Monica hadn't appreciated those crises.,Monica hadn't appreciated those crisis.,morphology,determiner_noun_agreement,determiner_noun_agreement_irregular_1,True,True,False,True,910,-52.85861587524414,-52.19781494140625,0
Christina discovers that crisis.,Christina discovers that crises.,morphology,determiner_noun_agreement,determiner_noun_agreement_irregular_1,True,True,False,True,911,-33.97922897338867,-34.35972595214844,1
The cashier discovered this crisis.,The cashier discovered this crises.,morphology,determiner_noun_agreement,determiner_noun_agreement_irregular_1,True,True,False,True,912,-46.97525405883789,-51.00730895996094,1
Douglas brought those cacti.,Douglas brought those cactus.,morphology,determiner_noun_agreement,determiner_noun_agreement_irregular_1,True,True,False,True,913,-53.858184814453125,-46.23094940185547,0
Jason isn't exiting that oasis.,Jason isn't exiting that oases.,morphology,determiner_noun_agreement,determiner_noun_agreement_irregular_1,True,True,False,True,914,-47.802268981933594,-53.13591766357422,1
This teenager examines these synopses.,This teenager examines these synopsis.,morphology,determiner_noun_agreement,determiner_noun_agreement_irregular_1,True,True,False,True,915,-56.51402282714844,-40.681243896484375,0
The essays upset those children.,The essays upset those child.,morphology,determiner_noun_agreement,determiner_noun_agreement_irregular_1,True,True,False,True,916,-39.752845764160156,-42.94036102294922,1
Jacqueline had fled from that child.,Jacqueline had fled from that children.,morphology,determiner_noun_agreement,determiner_noun_agreement_irregular_1,True,True,False,True,917,-54.15784454345703,-53.77947235107422,0
Ella boasted about these stimuli.,Ella boasted about these stimulus.,morphology,determiner_noun_agreement,determiner_noun_agreement_irregular_1,True,True,False,True,918,-47.16764831542969,-50.08204650878906,1
Those guests were arguing about that ellipsis.,Those guests were arguing about that ellipses.,morphology,determiner_noun_agreement,determiner_noun_agreement_irregular_1,True,True,False,True,919,-66.41424560546875,-63.934471130371094,0
Todd is curing this person.,Todd is curing this people.,morphology,determiner_noun_agreement,determiner_noun_agreement_irregular_1,True,True,False,True,920,-30.735519409179688,-33.375213623046875,1
A boy hadn't fled from those alumni.,A boy hadn't fled from those alumnus.,morphology,determiner_noun_agreement,determiner_noun_agreement_irregular_1,True,True,False,True,921,-58.141082763671875,-67.95729064941406,1
Anne isn't approaching these men.,Anne isn't approaching these man.,morphology,determiner_noun_agreement,determiner_noun_agreement_irregular_1,True,True,False,True,922,-36.88508605957031,-38.98297882080078,1
Christine isn't complaining about that hypothesis.,Christine isn't complaining about that hypotheses.,morphology,determiner_noun_agreement,determiner_noun_agreement_irregular_1,True,True,False,True,923,-49.16209030151367,-51.7662353515625,1
Melinda hasn't discovered that oasis.,Melinda hasn't discovered that oases.,morphology,determiner_noun_agreement,determiner_noun_agreement_irregular_1,True,True,False,True,924,-48.275665283203125,-53.405460357666016,1
Most girls could think about that louse.,Most girls could think about that lice.,morphology,determiner_noun_agreement,determiner_noun_agreement_irregular_1,True,True,False,True,925,-50.20071792602539,-49.61540603637695,0
Those drivers clean those lice.,Those drivers clean those louse.,morphology,determiner_noun_agreement,determiner_noun_agreement_irregular_1,True,True,False,True,926,-45.88386917114258,-47.99226379394531,1
The cashiers clean that tooth.,The cashiers clean that teeth.,morphology,determiner_noun_agreement,determiner_noun_agreement_irregular_1,True,True,False,True,927,-55.72834777832031,-52.59077453613281,0
The casseroles bore these men.,The casseroles bore these man.,morphology,determiner_noun_agreement,determiner_noun_agreement_irregular_1,True,True,False,True,928,-58.467681884765625,-60.1048469543457,1
Catherine had forgotten those analyses.,Catherine had forgotten those analysis.,morphology,determiner_noun_agreement,determiner_noun_agreement_irregular_1,True,True,False,True,929,-49.11235046386719,-46.930503845214844,0
Linda doesn't boast about this phenomenon.,Linda doesn't boast about this phenomena.,morphology,determiner_noun_agreement,determiner_noun_agreement_irregular_1,True,True,False,True,930,-46.76018524169922,-49.820228576660156,1
Peter would appreciate these oases.,Peter would appreciate these oasis.,morphology,determiner_noun_agreement,determiner_noun_agreement_irregular_1,True,True,False,True,931,-41.76690673828125,-37.05995178222656,0
Ruth heals those men.,Ruth heals those man.,morphology,determiner_noun_agreement,determiner_noun_agreement_irregular_1,True,True,False,True,932,-38.95907974243164,-41.9504280090332,1
Waitresses admire that louse.,Waitresses admire that lice.,morphology,determiner_noun_agreement,determiner_noun_agreement_irregular_1,True,True,False,True,933,-47.5273323059082,-46.59634017944336,0
Timothy distracted those men.,Timothy distracted those man.,morphology,determiner_noun_agreement,determiner_noun_agreement_irregular_1,True,True,False,True,934,-38.441368103027344,-41.12983322143555,1
A lot of actors clean this nucleus.,A lot of actors clean this nuclei.,morphology,determiner_noun_agreement,determiner_noun_agreement_irregular_1,True,True,False,True,935,-51.265167236328125,-57.26726531982422,1
Rebecca should talk about that thesis.,Rebecca should talk about that theses.,morphology,determiner_noun_agreement,determiner_noun_agreement_irregular_1,True,True,False,True,936,-48.1782341003418,-48.015052795410156,0
Gina could dislike that person.,Gina could dislike that people.,morphology,determiner_noun_agreement,determiner_noun_agreement_irregular_1,True,True,False,True,937,-40.72442626953125,-39.63237762451172,0
All senators cured this louse.,All senators cured this lice.,morphology,determiner_noun_agreement,determiner_noun_agreement_irregular_1,True,True,False,True,938,-53.103023529052734,-52.12488555908203,0
A lot of women could see these geese.,A lot of women could see these goose.,morphology,determiner_noun_agreement,determiner_noun_agreement_irregular_1,True,True,False,True,939,-54.58210754394531,-49.900428771972656,0
Cynthia was discovering these crises.,Cynthia was discovering these crisis.,morphology,determiner_noun_agreement,determiner_noun_agreement_irregular_1,True,True,False,True,940,-58.916507720947266,-58.38517761230469,0
Carl admired those children.,Carl admired those child.,morphology,determiner_noun_agreement,determiner_noun_agreement_irregular_1,True,True,False,True,941,-28.118112564086914,-31.26465606689453,1
Vincent was appreciating that crisis.,Vincent was appreciating that crises.,morphology,determiner_noun_agreement,determiner_noun_agreement_irregular_1,True,True,False,True,942,-51.598167419433594,-52.52180480957031,1
Elizabeth has healed this child.,Elizabeth has healed this children.,morphology,determiner_noun_agreement,determiner_noun_agreement_irregular_1,True,True,False,True,943,-32.98259353637695,-33.8543586730957,1
Lawrence complains about this phenomenon.,Lawrence complains about this phenomena.,morphology,determiner_noun_agreement,determiner_noun_agreement_irregular_1,True,True,False,True,944,-41.13530349731445,-44.344329833984375,1
Many customers conceal that cactus.,Many customers conceal that cacti.,morphology,determiner_noun_agreement,determiner_noun_agreement_irregular_1,True,True,False,True,945,-46.286468505859375,-54.545799255371094,1
Many men appreciate that synthesis.,Many men appreciate that syntheses.,morphology,determiner_noun_agreement,determiner_noun_agreement_irregular_1,True,True,False,True,946,-40.0279426574707,-44.56231689453125,1
Carrie had aggravated those alumni.,Carrie had aggravated those alumnus.,morphology,determiner_noun_agreement,determiner_noun_agreement_irregular_1,True,True,False,True,947,-48.91984558105469,-59.47454833984375,1
Most dancers boast about these bases.,Most dancers boast about these basis.,morphology,determiner_noun_agreement,determiner_noun_agreement_irregular_1,True,True,False,True,948,-46.765586853027344,-46.001678466796875,0
Vanessa does discover that paralysis.,Vanessa does discover that paralyses.,morphology,determiner_noun_agreement,determiner_noun_agreement_irregular_1,True,True,False,True,949,-48.392154693603516,-57.155174255371094,1
Bill researched that basis.,Bill researched that bases.,morphology,determiner_noun_agreement,determiner_noun_agreement_irregular_1,True,True,False,True,950,-32.11787414550781,-32.101932525634766,0
That driver breaks those feet.,That driver breaks those foot.,morphology,determiner_noun_agreement,determiner_noun_agreement_irregular_1,True,True,False,True,951,-37.1932373046875,-40.26018524169922,1
Brenda wasn't finding this goose.,Brenda wasn't finding this geese.,morphology,determiner_noun_agreement,determiner_noun_agreement_irregular_1,True,True,False,True,952,-49.87015914916992,-55.23683166503906,1
Tonya did admire that mouse.,Tonya did admire that mice.,morphology,determiner_noun_agreement,determiner_noun_agreement_irregular_1,True,True,False,True,953,-44.407981872558594,-43.521705627441406,0
A lot of universities reference those people.,A lot of universities reference those person.,morphology,determiner_noun_agreement,determiner_noun_agreement_irregular_1,True,True,False,True,954,-49.249420166015625,-53.56060791015625,1
Kayla wasn't discovering this crisis.,Kayla wasn't discovering this crises.,morphology,determiner_noun_agreement,determiner_noun_agreement_irregular_1,True,True,False,True,955,-46.83098602294922,-50.28562927246094,1
Edward flees from this woman.,Edward flees from this women.,morphology,determiner_noun_agreement,determiner_noun_agreement_irregular_1,True,True,False,True,956,-35.668357849121094,-37.01136779785156,1
The women find that fungus.,The women find that fungi.,morphology,determiner_noun_agreement,determiner_noun_agreement_irregular_1,True,True,False,True,957,-37.736473083496094,-37.080528259277344,0
People disagreed with that woman.,People disagreed with that women.,morphology,determiner_noun_agreement,determiner_noun_agreement_irregular_1,True,True,False,True,958,-33.237403869628906,-30.544479370117188,0
Every waiter respects those oases.,Every waiter respects those oasis.,morphology,determiner_noun_agreement,determiner_noun_agreement_irregular_1,True,True,False,True,959,-54.31263732910156,-50.27105712890625,0
Samantha hadn't hidden that person.,Samantha hadn't hidden that people.,morphology,determiner_noun_agreement,determiner_noun_agreement_irregular_1,True,True,False,True,960,-58.78984832763672,-57.969791412353516,0
Rebecca is buying this ox.,Rebecca is buying this oxen.,morphology,determiner_noun_agreement,determiner_noun_agreement_irregular_1,True,True,False,True,961,-44.62382125854492,-52.1468505859375,1
Those guys complain about those phenomena.,Those guys complain about those phenomenon.,morphology,determiner_noun_agreement,determiner_noun_agreement_irregular_1,True,True,False,True,962,-40.38151168823242,-40.41969299316406,1
Meredith approaches these children.,Meredith approaches these child.,morphology,determiner_noun_agreement,determiner_noun_agreement_irregular_1,True,True,False,True,963,-42.83035659790039,-46.236515045166016,1
Margaret finds these alumni.,Margaret finds these alumnus.,morphology,determiner_noun_agreement,determiner_noun_agreement_irregular_1,True,True,False,True,964,-40.057498931884766,-49.66279602050781,1
Melissa does like this stimulus.,Melissa does like this stimuli.,morphology,determiner_noun_agreement,determiner_noun_agreement_irregular_1,True,True,False,True,965,-40.755210876464844,-41.43749237060547,1
Tamara isn't noticing that tooth.,Tamara isn't noticing that teeth.,morphology,determiner_noun_agreement,determiner_noun_agreement_irregular_1,True,True,False,True,966,-46.717193603515625,-44.475563049316406,0
Nancy boasts about this phenomenon.,Nancy boasts about this phenomena.,morphology,determiner_noun_agreement,determiner_noun_agreement_irregular_1,True,True,False,True,967,-42.446266174316406,-45.270469665527344,1
A plate disgusted that woman.,A plate disgusted that women.,morphology,determiner_noun_agreement,determiner_noun_agreement_irregular_1,True,True,False,True,968,-46.949493408203125,-44.24798583984375,0
Tina wasn't arguing about these syntheses.,Tina wasn't arguing about these synthesis.,morphology,determiner_noun_agreement,determiner_noun_agreement_irregular_1,True,True,False,True,969,-62.70966339111328,-56.28441619873047,0
Ann is lifting those fungi.,Ann is lifting those fungus.,morphology,determiner_noun_agreement,determiner_noun_agreement_irregular_1,True,True,False,True,970,-40.482460021972656,-40.51478576660156,1
Keith was buying those octopi.,Keith was buying those octopus.,morphology,determiner_noun_agreement,determiner_noun_agreement_irregular_1,True,True,False,True,971,-50.96221160888672,-45.767921447753906,0
Claire thinks about this axis.,Claire thinks about this axes.,morphology,determiner_noun_agreement,determiner_noun_agreement_irregular_1,True,True,False,True,972,-40.98386001586914,-42.115169525146484,1
Nancy won't buy that thesis.,Nancy won't buy that theses.,morphology,determiner_noun_agreement,determiner_noun_agreement_irregular_1,True,True,False,True,973,-54.025177001953125,-52.538368225097656,0
Theresa did boast about this synthesis.,Theresa did boast about this syntheses.,morphology,determiner_noun_agreement,determiner_noun_agreement_irregular_1,True,True,False,True,974,-55.43083572387695,-62.98422622680664,1
Every customer had seen that thesis.,Every customer had seen that theses.,morphology,determiner_noun_agreement,determiner_noun_agreement_irregular_1,True,True,False,True,975,-43.83855438232422,-43.010498046875,0
Those drivers appreciate that diagnosis.,Those drivers appreciate that diagnoses.,morphology,determiner_noun_agreement,determiner_noun_agreement_irregular_1,True,True,False,True,976,-39.910247802734375,-42.401710510253906,1
Wayne saw those oxen.,Wayne saw those ox.,morphology,determiner_noun_agreement,determiner_noun_agreement_irregular_1,True,True,False,True,977,-47.30474853515625,-40.226593017578125,0
Deborah hasn't lifted this nucleus.,Deborah hasn't lifted this nuclei.,morphology,determiner_noun_agreement,determiner_noun_agreement_irregular_1,True,True,False,True,978,-51.874725341796875,-57.46890640258789,1
Elizabeth has appreciated this paralysis.,Elizabeth has appreciated this paralyses.,morphology,determiner_noun_agreement,determiner_noun_agreement_irregular_1,True,True,False,True,979,-35.30137252807617,-43.438777923583984,1
Kenneth hasn't argued about those phenomena.,Kenneth hasn't argued about those phenomenon.,morphology,determiner_noun_agreement,determiner_noun_agreement_irregular_1,True,True,False,True,980,-52.645713806152344,-52.67732238769531,1
The Clintons think about those phenomena.,The Clintons think about those phenomenon.,morphology,determiner_noun_agreement,determiner_noun_agreement_irregular_1,True,True,False,True,981,-45.35022735595703,-44.97966766357422,0
Many doctors can't hire this person.,Many doctors can't hire this people.,morphology,determiner_noun_agreement,determiner_noun_agreement_irregular_1,True,True,False,True,982,-38.586280822753906,-40.74033737182617,1
Some senator sells these nuclei.,Some senator sells these nucleus.,morphology,determiner_noun_agreement,determiner_noun_agreement_irregular_1,True,True,False,True,983,-50.858402252197266,-44.54566955566406,0
Theodore could find these oxen.,Theodore could find these ox.,morphology,determiner_noun_agreement,determiner_noun_agreement_irregular_1,True,True,False,True,984,-55.78959655761719,-50.321590423583984,0
Diane can bring that foot.,Diane can bring that feet.,morphology,determiner_noun_agreement,determiner_noun_agreement_irregular_1,True,True,False,True,985,-45.32160186767578,-45.18926239013672,0
Some teenager thought about that man.,Some teenager thought about that men.,morphology,determiner_noun_agreement,determiner_noun_agreement_irregular_1,True,True,False,True,986,-38.40190887451172,-38.84275817871094,1
All doctors hadn't researched these ellipses.,All doctors hadn't researched these ellipsis.,morphology,determiner_noun_agreement,determiner_noun_agreement_irregular_1,True,True,False,True,987,-71.36404418945312,-74.8828125,1
Bill wasn't complaining about these hypotheses.,Bill wasn't complaining about these hypothesis.,morphology,determiner_noun_agreement,determiner_noun_agreement_irregular_1,True,True,False,True,988,-48.97612762451172,-48.32347106933594,0
Ann couldn't heal that octopus.,Ann couldn't heal that octopi.,morphology,determiner_noun_agreement,determiner_noun_agreement_irregular_1,True,True,False,True,989,-48.05186462402344,-54.13929748535156,1
Some students conceal that mouse.,Some students conceal that mice.,morphology,determiner_noun_agreement,determiner_noun_agreement_irregular_1,True,True,False,True,990,-42.919883728027344,-40.36056900024414,0
Winston Churchill hadn't healed this ox.,Winston Churchill hadn't healed this oxen.,morphology,determiner_noun_agreement,determiner_noun_agreement_irregular_1,True,True,False,True,991,-64.94231414794922,-70.20840454101562,1
These plays sound like this analysis.,These plays sound like this analyses.,morphology,determiner_noun_agreement,determiner_noun_agreement_irregular_1,True,True,False,True,992,-38.105411529541016,-40.85372543334961,1
That print looked like those women.,That print looked like those woman.,morphology,determiner_noun_agreement,determiner_noun_agreement_irregular_1,True,True,False,True,993,-40.50363540649414,-42.53366470336914,1
Russell thinks about those hypotheses.,Russell thinks about those hypothesis.,morphology,determiner_noun_agreement,determiner_noun_agreement_irregular_1,True,True,False,True,994,-32.10435485839844,-32.11213302612305,1
Becky sounds like this synopsis.,Becky sounds like this synopses.,morphology,determiner_noun_agreement,determiner_noun_agreement_irregular_1,True,True,False,True,995,-34.01237106323242,-49.318389892578125,1
The cashiers think about that cactus.,The cashiers think about that cacti.,morphology,determiner_noun_agreement,determiner_noun_agreement_irregular_1,True,True,False,True,996,-58.91276550292969,-66.04942321777344,1
Victoria noticed those nuclei.,Victoria noticed those nucleus.,morphology,determiner_noun_agreement,determiner_noun_agreement_irregular_1,True,True,False,True,997,-40.88472366333008,-35.73550796508789,0
The Clintons research that phenomenon.,The Clintons research that phenomena.,morphology,determiner_noun_agreement,determiner_noun_agreement_irregular_1,True,True,False,True,998,-39.91351318359375,-40.847347259521484,1
Amelia has found those axes.,Amelia has found those axis.,morphology,determiner_noun_agreement,determiner_noun_agreement_irregular_1,True,True,False,True,999,-42.41169738769531,-42.5644416809082,1
