sentence_good,sentence_bad,field,linguistics_term,UID,simple_LM_method,one_prefix_method,two_prefix_method,lexically_identical,pair_id,good_prob,bad_prob,correct
No girl attacked fewer than two waiters.,No girl attacked at most two waiters.,semantics,quantifiers,superlative_quantifiers_1,True,False,False,False,0,-62.485408782958984,-65.15560913085938,1
No person would bring fewer than three gates.,No person would bring at most three gates.,semantics,quantifiers,superlative_quantifiers_1,True,False,False,False,1,-50.414825439453125,-52.39289855957031,1
No actor had driven to fewer than four malls.,No actor had driven to at most four malls.,semantics,quantifiers,superlative_quantifiers_1,True,False,False,False,2,-63.23904037475586,-67.05928802490234,1
No pedestrian is observing more than seven waiters.,No pedestrian is observing at least seven waiters.,semantics,quantifiers,superlative_quantifiers_1,True,False,False,False,3,-63.585609436035156,-68.10272216796875,1
No boy could reference fewer than nine drivers.,No boy could reference at most nine drivers.,semantics,quantifiers,superlative_quantifiers_1,True,False,False,False,4,-59.10331344604492,-60.58428955078125,1
No actor has sounded like more than nine mountains.,No actor has sounded like at least nine mountains.,semantics,quantifiers,superlative_quantifiers_1,True,False,False,False,5,-55.29230880737305,-55.52198028564453,1
No sock annoyed more than seven companies.,No sock annoyed at least seven companies.,semantics,quantifiers,superlative_quantifiers_1,True,False,False,False,6,-49.3882942199707,-50.64081954956055,1
No man has revealed more than five forks.,No man has revealed at least five forks.,semantics,quantifiers,superlative_quantifiers_1,True,False,False,False,7,-46.89971923828125,-47.698631286621094,1
No customer would resemble more than eight pictures.,No customer would resemble at least eight pictures.,semantics,quantifiers,superlative_quantifiers_1,True,False,False,False,8,-48.79620361328125,-52.43116760253906,1
No waiter had referenced more than ten teenagers.,No waiter had referenced at least ten teenagers.,semantics,quantifiers,superlative_quantifiers_1,True,False,False,False,9,-57.37724304199219,-59.362884521484375,1
No adult skated around more than seven lakes.,No adult skated around at least seven lakes.,semantics,quantifiers,superlative_quantifiers_1,True,False,False,False,10,-57.5919189453125,-59.768489837646484,1
No woman exited fewer than five public parks.,No woman exited at most five public parks.,semantics,quantifiers,superlative_quantifiers_1,True,False,False,False,11,-59.119625091552734,-60.38370895385742,1
No hamster had climbed down more than five hills.,No hamster had climbed down at least five hills.,semantics,quantifiers,superlative_quantifiers_1,True,False,False,False,12,-65.78565979003906,-64.90028381347656,0
No university might confuse fewer than four men.,No university might confuse at most four men.,semantics,quantifiers,superlative_quantifiers_1,True,False,False,False,13,-54.64862060546875,-60.082916259765625,1
No lady brought more than two high schools.,No lady brought at least two high schools.,semantics,quantifiers,superlative_quantifiers_1,True,False,False,False,14,-47.641300201416016,-49.314186096191406,1
No apple distracted fewer than five hospitals.,No apple distracted at most five hospitals.,semantics,quantifiers,superlative_quantifiers_1,True,False,False,False,15,-56.56304168701172,-57.537662506103516,1
No actor complained about more than two actresses.,No actor complained about at least two actresses.,semantics,quantifiers,superlative_quantifiers_1,True,False,False,False,16,-52.86704635620117,-54.376609802246094,1
No college campus astounded more than five libraries.,No college campus astounded at least five libraries.,semantics,quantifiers,superlative_quantifiers_1,True,False,False,False,17,-65.13780212402344,-65.38482666015625,1
No cafe is disgusting more than seven associations.,No cafe is disgusting at least seven associations.,semantics,quantifiers,superlative_quantifiers_1,True,False,False,False,18,-58.4443359375,-57.86479949951172,0
No guest was touring fewer than nine schools.,No guest was touring at most nine schools.,semantics,quantifiers,superlative_quantifiers_1,True,False,False,False,19,-59.20624542236328,-58.01776885986328,0
No actor remembers fewer than seven documentaries.,No actor remembers at most seven documentaries.,semantics,quantifiers,superlative_quantifiers_1,True,False,False,False,20,-53.455848693847656,-56.28396224975586,1
No wheelbarrow does hurt more than nine dancers.,No wheelbarrow does hurt at least nine dancers.,semantics,quantifiers,superlative_quantifiers_1,True,False,False,False,21,-72.42727661132812,-73.92335510253906,1
No driver was researching more than three associations.,No driver was researching at least three associations.,semantics,quantifiers,superlative_quantifiers_1,True,False,False,False,22,-46.61660385131836,-49.99699020385742,1
No adult is passing fewer than five schools.,No adult is passing at most five schools.,semantics,quantifiers,superlative_quantifiers_1,True,False,False,False,23,-51.31708526611328,-52.66569137573242,1
No actor could approach fewer than ten waiters.,No actor could approach at most ten waiters.,semantics,quantifiers,superlative_quantifiers_1,True,False,False,False,24,-67.48138427734375,-68.9145736694336,1
No actress was skated around fewer than seven rivers.,No actress was skated around at most seven rivers.,semantics,quantifiers,superlative_quantifiers_1,True,False,False,False,25,-69.73432159423828,-73.46546936035156,1
No guest visits more than nine cashiers.,No guest visits at least nine cashiers.,semantics,quantifiers,superlative_quantifiers_1,True,False,False,False,26,-56.94697570800781,-56.6488037109375,0
No eggplant has worried fewer than seven boys.,No eggplant has worried at most seven boys.,semantics,quantifiers,superlative_quantifiers_1,True,False,False,False,27,-65.95453643798828,-70.16014862060547,1
No man had discussed fewer than nine high schools.,No man had discussed at most nine high schools.,semantics,quantifiers,superlative_quantifiers_1,True,False,False,False,28,-63.147281646728516,-63.190025329589844,1
No cart has aggravated fewer than two actresses.,No cart has aggravated at most two actresses.,semantics,quantifiers,superlative_quantifiers_1,True,False,False,False,29,-61.21091079711914,-66.05516052246094,1
No library had forgotten fewer than nine commentaries.,No library had forgotten at most nine commentaries.,semantics,quantifiers,superlative_quantifiers_1,True,False,False,False,30,-74.4864273071289,-76.47135925292969,1
No guest is hiding more than eight bikes.,No guest is hiding at least eight bikes.,semantics,quantifiers,superlative_quantifiers_1,True,False,False,False,31,-51.93540954589844,-52.97120666503906,1
No teenager cleaned more than two college campuses.,No teenager cleaned at least two college campuses.,semantics,quantifiers,superlative_quantifiers_1,True,False,False,False,32,-55.20289611816406,-54.48430633544922,0
No guest had discussed more than three essays.,No guest had discussed at least three essays.,semantics,quantifiers,superlative_quantifiers_1,True,False,False,False,33,-52.73377990722656,-53.86363220214844,1
No patient had talked to more than four teachers.,No patient had talked to at least four teachers.,semantics,quantifiers,superlative_quantifiers_1,True,False,False,False,34,-53.18132019042969,-55.00111389160156,1
No waitress descends fewer than four ladders.,No waitress descends at most four ladders.,semantics,quantifiers,superlative_quantifiers_1,True,False,False,False,35,-70.58821868896484,-72.84591674804688,1
No guest discovers more than nine blouses.,No guest discovers at least nine blouses.,semantics,quantifiers,superlative_quantifiers_1,True,False,False,False,36,-58.12641143798828,-61.0975341796875,1
No slope disturbs more than three men.,No slope disturbs at least three men.,semantics,quantifiers,superlative_quantifiers_1,True,False,False,False,37,-57.1801872253418,-57.30379104614258,1
No guy has helped fewer than seven actresses.,No guy has helped at most seven actresses.,semantics,quantifiers,superlative_quantifiers_1,True,False,False,False,38,-55.162532806396484,-59.761741638183594,1
No guest could wear fewer than three scarves.,No guest could wear at most three scarves.,semantics,quantifiers,superlative_quantifiers_1,True,False,False,False,39,-64.24447631835938,-66.4100570678711,1
No driver climbs up more than five hills.,No driver climbs up at least five hills.,semantics,quantifiers,superlative_quantifiers_1,True,False,False,False,40,-51.58246612548828,-50.75218200683594,0
No commentary had sounded like fewer than nine glaciers.,No commentary had sounded like at most nine glaciers.,semantics,quantifiers,superlative_quantifiers_1,True,False,False,False,41,-70.17401885986328,-72.27839660644531,1
No actress upset fewer than ten waiters.,No actress upset at most ten waiters.,semantics,quantifiers,superlative_quantifiers_1,True,False,False,False,42,-64.92720794677734,-67.04583740234375,1
No girl passes fewer than two college campuses.,No girl passes at most two college campuses.,semantics,quantifiers,superlative_quantifiers_1,True,False,False,False,43,-60.75385284423828,-63.375579833984375,1
No pepper resembles more than two sketches.,No pepper resembles at least two sketches.,semantics,quantifiers,superlative_quantifiers_1,True,False,False,False,44,-47.309993743896484,-49.71090316772461,1
No teacher had arrived at fewer than eight banks.,No teacher had arrived at at most eight banks.,semantics,quantifiers,superlative_quantifiers_1,True,False,False,False,45,-58.358158111572266,-59.44234085083008,1
No child has complained about fewer than nine documentaries.,No child has complained about at most nine documentaries.,semantics,quantifiers,superlative_quantifiers_1,True,False,False,False,46,-64.20354461669922,-67.16567993164062,1
No adult lifts more than two cakes.,No adult lifts at least two cakes.,semantics,quantifiers,superlative_quantifiers_1,True,False,False,False,47,-46.75154113769531,-46.85298538208008,1
No museum might fire more than ten teachers.,No museum might fire at least ten teachers.,semantics,quantifiers,superlative_quantifiers_1,True,False,False,False,48,-57.7547721862793,-59.42829895019531,1
No doctor distracted more than four museums.,No doctor distracted at least four museums.,semantics,quantifiers,superlative_quantifiers_1,True,False,False,False,49,-48.94867706298828,-50.05667495727539,1
No waiter broke fewer than seven forks.,No waiter broke at most seven forks.,semantics,quantifiers,superlative_quantifiers_1,True,False,False,False,50,-56.93036651611328,-57.698944091796875,1
No government listened to fewer than four waitresses.,No government listened to at most four waitresses.,semantics,quantifiers,superlative_quantifiers_1,True,False,False,False,51,-70.74588775634766,-74.38674926757812,1
No boy knew fewer than six guys.,No boy knew at most six guys.,semantics,quantifiers,superlative_quantifiers_1,True,False,False,False,52,-47.30546188354492,-48.572628021240234,1
No painting could embarrass more than five women.,No painting could embarrass at least five women.,semantics,quantifiers,superlative_quantifiers_1,True,False,False,False,53,-53.48746871948242,-56.54669952392578,1
No teacher helped more than eight waiters.,No teacher helped at least eight waiters.,semantics,quantifiers,superlative_quantifiers_1,True,False,False,False,54,-57.425296783447266,-60.39085388183594,1
No lady walked through fewer than ten banks.,No lady walked through at most ten banks.,semantics,quantifiers,superlative_quantifiers_1,True,False,False,False,55,-58.39140319824219,-60.34607696533203,1
No cashier has observed fewer than two waiters.,No cashier has observed at most two waiters.,semantics,quantifiers,superlative_quantifiers_1,True,False,False,False,56,-74.65643310546875,-77.16020965576172,1
No print will look like more than two fish.,No print will look like at least two fish.,semantics,quantifiers,superlative_quantifiers_1,True,False,False,False,57,-47.86833953857422,-48.227962493896484,1
No patient hugged more than five people.,No patient hugged at least five people.,semantics,quantifiers,superlative_quantifiers_1,True,False,False,False,58,-42.71607971191406,-44.58937072753906,1
No fish was looking like more than five drawings.,No fish was looking like at least five drawings.,semantics,quantifiers,superlative_quantifiers_1,True,False,False,False,59,-53.465362548828125,-54.68010711669922,1
No lady might break more than six bikes.,No lady might break at least six bikes.,semantics,quantifiers,superlative_quantifiers_1,True,False,False,False,60,-49.85963439941406,-51.510066986083984,1
No hospital had loved fewer than eight patients.,No hospital had loved at most eight patients.,semantics,quantifiers,superlative_quantifiers_1,True,False,False,False,61,-57.05757141113281,-57.781394958496094,1
No boy notices more than seven schools.,No boy notices at least seven schools.,semantics,quantifiers,superlative_quantifiers_1,True,False,False,False,62,-47.14247512817383,-47.312889099121094,1
No customer ran around more than three restaurants.,No customer ran around at least three restaurants.,semantics,quantifiers,superlative_quantifiers_1,True,False,False,False,63,-45.279937744140625,-47.21365737915039,1
No doctor arrived at fewer than nine high schools.,No doctor arrived at at most nine high schools.,semantics,quantifiers,superlative_quantifiers_1,True,False,False,False,64,-60.832427978515625,-62.937889099121094,1
No actress has run around fewer than ten rivers.,No actress has run around at most ten rivers.,semantics,quantifiers,superlative_quantifiers_1,True,False,False,False,65,-62.187347412109375,-64.6298599243164,1
No guy took more than five snakes.,No guy took at least five snakes.,semantics,quantifiers,superlative_quantifiers_1,True,False,False,False,66,-43.71613311767578,-46.00525665283203,1
No person will respect fewer than eight students.,No person will respect at most eight students.,semantics,quantifiers,superlative_quantifiers_1,True,False,False,False,67,-53.923492431640625,-54.10968780517578,1
No committee had boasted about more than six people.,No committee had boasted about at least six people.,semantics,quantifiers,superlative_quantifiers_1,True,False,False,False,68,-53.76929473876953,-57.04014205932617,1
No boy can investigate more than six women.,No boy can investigate at least six women.,semantics,quantifiers,superlative_quantifiers_1,True,False,False,False,69,-46.036075592041016,-49.42920684814453,1
No cashier can love fewer than ten stories.,No cashier can love at most ten stories.,semantics,quantifiers,superlative_quantifiers_1,True,False,False,False,70,-64.28680419921875,-66.67945098876953,1
No teacher is finding fewer than two sketches.,No teacher is finding at most two sketches.,semantics,quantifiers,superlative_quantifiers_1,True,False,False,False,71,-52.21505355834961,-56.91994857788086,1
No carriage does confuse more than seven adults.,No carriage does confuse at least seven adults.,semantics,quantifiers,superlative_quantifiers_1,True,False,False,False,72,-55.53582000732422,-60.00018310546875,1
No committee has fewer than ten blouses.,No committee has at most ten blouses.,semantics,quantifiers,superlative_quantifiers_1,True,False,False,False,73,-53.26470947265625,-58.27349853515625,1
No person is running around fewer than two closets.,No person is running around at most two closets.,semantics,quantifiers,superlative_quantifiers_1,True,False,False,False,74,-56.919281005859375,-59.7344970703125,1
No actor admires more than five candles.,No actor admires at least five candles.,semantics,quantifiers,superlative_quantifiers_1,True,False,False,False,75,-57.330726623535156,-56.03937530517578,0
No patient thought about more than six books.,No patient thought about at least six books.,semantics,quantifiers,superlative_quantifiers_1,True,False,False,False,76,-44.23078918457031,-48.23839569091797,1
No mall disturbed fewer than six men.,No mall disturbed at most six men.,semantics,quantifiers,superlative_quantifiers_1,True,False,False,False,77,-54.82775115966797,-57.120941162109375,1
No teacher has cared for fewer than eight boys.,No teacher has cared for at most eight boys.,semantics,quantifiers,superlative_quantifiers_1,True,False,False,False,78,-56.720542907714844,-59.11113739013672,1
No lady notices fewer than two turtles.,No lady notices at most two turtles.,semantics,quantifiers,superlative_quantifiers_1,True,False,False,False,79,-58.15016174316406,-58.177528381347656,1
No child has worked with more than five waitresses.,No child has worked with at least five waitresses.,semantics,quantifiers,superlative_quantifiers_1,True,False,False,False,80,-59.6910400390625,-61.79355239868164,1
No actress had praised fewer than seven patients.,No actress had praised at most seven patients.,semantics,quantifiers,superlative_quantifiers_1,True,False,False,False,81,-58.35511016845703,-61.74385452270508,1
No cashier examined more than nine plays.,No cashier examined at least nine plays.,semantics,quantifiers,superlative_quantifiers_1,True,False,False,False,82,-60.65642547607422,-61.516761779785156,1
No waiter is observing more than six teenagers.,No waiter is observing at least six teenagers.,semantics,quantifiers,superlative_quantifiers_1,True,False,False,False,83,-52.59624481201172,-56.052101135253906,1
No woman was talking to more than eight customers.,No woman was talking to at least eight customers.,semantics,quantifiers,superlative_quantifiers_1,True,False,False,False,84,-50.05535888671875,-52.14096450805664,1
No patient was firing fewer than seven cashiers.,No patient was firing at most seven cashiers.,semantics,quantifiers,superlative_quantifiers_1,True,False,False,False,85,-68.02558135986328,-69.73091125488281,1
No customer had praised fewer than nine newspaper articles.,No customer had praised at most nine newspaper articles.,semantics,quantifiers,superlative_quantifiers_1,True,False,False,False,86,-71.32044219970703,-72.84732055664062,1
No senator conceals fewer than eight guests.,No senator conceals at most eight guests.,semantics,quantifiers,superlative_quantifiers_1,True,False,False,False,87,-63.14392852783203,-61.22897720336914,0
No student is admiring fewer than ten waitresses.,No student is admiring at most ten waitresses.,semantics,quantifiers,superlative_quantifiers_1,True,False,False,False,88,-78.84989929199219,-79.290283203125,1
No painting does hurt more than seven doctors.,No painting does hurt at least seven doctors.,semantics,quantifiers,superlative_quantifiers_1,True,False,False,False,89,-55.37213134765625,-57.24553680419922,1
No student should escape from fewer than six public parks.,No student should escape from at most six public parks.,semantics,quantifiers,superlative_quantifiers_1,True,False,False,False,90,-66.21719360351562,-69.81903076171875,1
No lady healed fewer than three ladies.,No lady healed at most three ladies.,semantics,quantifiers,superlative_quantifiers_1,True,False,False,False,91,-54.571495056152344,-54.85935592651367,1
No skateboard had alarmed more than nine boys.,No skateboard had alarmed at least nine boys.,semantics,quantifiers,superlative_quantifiers_1,True,False,False,False,92,-64.3574447631836,-61.986244201660156,0
No teacher cleans fewer than two restaurants.,No teacher cleans at most two restaurants.,semantics,quantifiers,superlative_quantifiers_1,True,False,False,False,93,-51.30677795410156,-55.31222915649414,1
No actor breaks fewer than six forks.,No actor breaks at most six forks.,semantics,quantifiers,superlative_quantifiers_1,True,False,False,False,94,-50.73882293701172,-53.835113525390625,1
No actress was thinking about fewer than six senators.,No actress was thinking about at most six senators.,semantics,quantifiers,superlative_quantifiers_1,True,False,False,False,95,-61.0199089050293,-64.86643981933594,1
No report does alarm fewer than nine banks.,No report does alarm at most nine banks.,semantics,quantifiers,superlative_quantifiers_1,True,False,False,False,96,-61.08374786376953,-63.55181121826172,1
No university had listened to more than ten drivers.,No university had listened to at least ten drivers.,semantics,quantifiers,superlative_quantifiers_1,True,False,False,False,97,-52.64441680908203,-55.4754524230957,1
No teacher is biking to fewer than seven banks.,No teacher is biking to at most seven banks.,semantics,quantifiers,superlative_quantifiers_1,True,False,False,False,98,-62.396026611328125,-65.74551391601562,1
No adult knows more than two girls.,No adult knows at least two girls.,semantics,quantifiers,superlative_quantifiers_1,True,False,False,False,99,-40.89516067504883,-43.61634063720703,1
No plate has impressed more than two cashiers.,No plate has impressed at least two cashiers.,semantics,quantifiers,superlative_quantifiers_1,True,False,False,False,100,-63.90074157714844,-62.30874252319336,0
No waiter attacks more than six waiters.,No waiter attacks at least six waiters.,semantics,quantifiers,superlative_quantifiers_1,True,False,False,False,101,-61.05918502807617,-61.9996223449707,1
No student had left fewer than two banks.,No student had left at most two banks.,semantics,quantifiers,superlative_quantifiers_1,True,False,False,False,102,-52.49684524536133,-52.71434020996094,1
No patient hired fewer than nine men.,No patient hired at most nine men.,semantics,quantifiers,superlative_quantifiers_1,True,False,False,False,103,-50.55799865722656,-52.50398635864258,1
No bird descends fewer than three hills.,No bird descends at most three hills.,semantics,quantifiers,superlative_quantifiers_1,True,False,False,False,104,-57.405338287353516,-59.3475227355957,1
No woman was criticizing more than seven teenagers.,No woman was criticizing at least seven teenagers.,semantics,quantifiers,superlative_quantifiers_1,True,False,False,False,105,-49.69278335571289,-52.49788284301758,1
No waitress visited fewer than three teenagers.,No waitress visited at most three teenagers.,semantics,quantifiers,superlative_quantifiers_1,True,False,False,False,106,-54.702518463134766,-54.890296936035156,1
No boy researches fewer than six museums.,No boy researches at most six museums.,semantics,quantifiers,superlative_quantifiers_1,True,False,False,False,107,-60.69294738769531,-59.23821258544922,0
No museum was describing more than five ladies.,No museum was describing at least five ladies.,semantics,quantifiers,superlative_quantifiers_1,True,False,False,False,108,-51.130882263183594,-55.28281784057617,1
No dancer likes fewer than eight forks.,No dancer likes at most eight forks.,semantics,quantifiers,superlative_quantifiers_1,True,False,False,False,109,-58.633445739746094,-58.21653366088867,0
No cashier will flee from fewer than four cafes.,No cashier will flee from at most four cafes.,semantics,quantifiers,superlative_quantifiers_1,True,False,False,False,110,-73.37226867675781,-76.75323486328125,1
No dancer had run around fewer than seven art galleries.,No dancer had run around at most seven art galleries.,semantics,quantifiers,superlative_quantifiers_1,True,False,False,False,111,-73.33522033691406,-75.03663635253906,1
No patient was fixing more than four windows.,No patient was fixing at least four windows.,semantics,quantifiers,superlative_quantifiers_1,True,False,False,False,112,-50.31117248535156,-52.31207275390625,1
No waitress breaks more than six unicycles.,No waitress breaks at least six unicycles.,semantics,quantifiers,superlative_quantifiers_1,True,False,False,False,113,-67.15165710449219,-68.91712951660156,1
No hospital praised fewer than six people.,No hospital praised at most six people.,semantics,quantifiers,superlative_quantifiers_1,True,False,False,False,114,-49.01630783081055,-52.068878173828125,1
No museum can praise fewer than two guys.,No museum can praise at most two guys.,semantics,quantifiers,superlative_quantifiers_1,True,False,False,False,115,-60.926429748535156,-62.866756439208984,1
No lady will argue about more than six people.,No lady will argue about at least six people.,semantics,quantifiers,superlative_quantifiers_1,True,False,False,False,116,-49.81079864501953,-51.817054748535156,1
No child knew more than nine guys.,No child knew at least nine guys.,semantics,quantifiers,superlative_quantifiers_1,True,False,False,False,117,-46.459693908691406,-47.577735900878906,1
No pedestrian has skated around more than three lakes.,No pedestrian has skated around at least three lakes.,semantics,quantifiers,superlative_quantifiers_1,True,False,False,False,118,-64.03265380859375,-65.7294921875,1
No organization has criticized more than five rivers.,No organization has criticized at least five rivers.,semantics,quantifiers,superlative_quantifiers_1,True,False,False,False,119,-48.56298065185547,-51.36980056762695,1
No child will disgust fewer than four children.,No child will disgust at most four children.,semantics,quantifiers,superlative_quantifiers_1,True,False,False,False,120,-54.663330078125,-55.731441497802734,1
No museum has impressed fewer than nine senators.,No museum has impressed at most nine senators.,semantics,quantifiers,superlative_quantifiers_1,True,False,False,False,121,-63.70502853393555,-65.19866943359375,1
No teenager will escape from fewer than two college campuses.,No teenager will escape from at most two college campuses.,semantics,quantifiers,superlative_quantifiers_1,True,False,False,False,122,-70.44947814941406,-73.61959838867188,1
No lady can boycott fewer than six governments.,No lady can boycott at most six governments.,semantics,quantifiers,superlative_quantifiers_1,True,False,False,False,123,-59.6124267578125,-60.480403900146484,1
No sketch would irritate more than three actresses.,No sketch would irritate at least three actresses.,semantics,quantifiers,superlative_quantifiers_1,True,False,False,False,124,-62.00074768066406,-61.54060363769531,0
No patient has sounded like more than seven senators.,No patient has sounded like at least seven senators.,semantics,quantifiers,superlative_quantifiers_1,True,False,False,False,125,-57.047462463378906,-58.448272705078125,1
No customer has appreciated more than two dancers.,No customer has appreciated at least two dancers.,semantics,quantifiers,superlative_quantifiers_1,True,False,False,False,126,-47.80902862548828,-47.972232818603516,1
No legislature forgot fewer than four patients.,No legislature forgot at most four patients.,semantics,quantifiers,superlative_quantifiers_1,True,False,False,False,127,-52.407508850097656,-56.18914794921875,1
No actor cured more than five dancers.,No actor cured at least five dancers.,semantics,quantifiers,superlative_quantifiers_1,True,False,False,False,128,-48.5169677734375,-49.95763397216797,1
No lady drives to more than five closets.,No lady drives to at least five closets.,semantics,quantifiers,superlative_quantifiers_1,True,False,False,False,129,-56.1759147644043,-58.43556594848633,1
No person is discussing fewer than ten patients.,No person is discussing at most ten patients.,semantics,quantifiers,superlative_quantifiers_1,True,False,False,False,130,-49.98573303222656,-53.83469772338867,1
No waitress worked with more than seven patients.,No waitress worked with at least seven patients.,semantics,quantifiers,superlative_quantifiers_1,True,False,False,False,131,-48.22144317626953,-54.353302001953125,1
No person healed more than five ladies.,No person healed at least five ladies.,semantics,quantifiers,superlative_quantifiers_1,True,False,False,False,132,-46.51904296875,-47.106689453125,1
No guest bored more than eight senators.,No guest bored at least eight senators.,semantics,quantifiers,superlative_quantifiers_1,True,False,False,False,133,-53.441864013671875,-55.18555450439453,1
No cashier had lifted more than nine windows.,No cashier had lifted at least nine windows.,semantics,quantifiers,superlative_quantifiers_1,True,False,False,False,134,-66.42726135253906,-66.0054931640625,0
No lamp might upset fewer than three actors.,No lamp might upset at most three actors.,semantics,quantifiers,superlative_quantifiers_1,True,False,False,False,135,-58.566017150878906,-60.85631561279297,1
No woman drove to more than three glaciers.,No woman drove to at least three glaciers.,semantics,quantifiers,superlative_quantifiers_1,True,False,False,False,136,-51.45561981201172,-53.99409103393555,1
No organization respects fewer than seven actors.,No organization respects at most seven actors.,semantics,quantifiers,superlative_quantifiers_1,True,False,False,False,137,-51.66092300415039,-53.885154724121094,1
No university is firing more than five senators.,No university is firing at least five senators.,semantics,quantifiers,superlative_quantifiers_1,True,False,False,False,138,-52.378475189208984,-52.955482482910156,1
No adult bikes to fewer than five libraries.,No adult bikes to at most five libraries.,semantics,quantifiers,superlative_quantifiers_1,True,False,False,False,139,-54.98332595825195,-58.82347106933594,1
No actress did cure fewer than eight teachers.,No actress did cure at most eight teachers.,semantics,quantifiers,superlative_quantifiers_1,True,False,False,False,140,-64.13249969482422,-66.28279876708984,1
No guest is firing more than eight women.,No guest is firing at least eight women.,semantics,quantifiers,superlative_quantifiers_1,True,False,False,False,141,-51.2213020324707,-52.05629348754883,1
No doctor skates around more than seven malls.,No doctor skates around at least seven malls.,semantics,quantifiers,superlative_quantifiers_1,True,False,False,False,142,-62.390071868896484,-63.94404220581055,1
No guest would work with fewer than seven patients.,No guest would work with at most seven patients.,semantics,quantifiers,superlative_quantifiers_1,True,False,False,False,143,-56.77131652832031,-61.355716705322266,1
No man took fewer than seven malls.,No man took at most seven malls.,semantics,quantifiers,superlative_quantifiers_1,True,False,False,False,144,-50.77851867675781,-53.11461639404297,1
No girl does run around more than six libraries.,No girl does run around at least six libraries.,semantics,quantifiers,superlative_quantifiers_1,True,False,False,False,145,-58.6124153137207,-59.371498107910156,1
No girl references fewer than six teachers.,No girl references at most six teachers.,semantics,quantifiers,superlative_quantifiers_1,True,False,False,False,146,-56.54362869262695,-55.668243408203125,0
No waitress had hidden fewer than nine slopes.,No waitress had hidden at most nine slopes.,semantics,quantifiers,superlative_quantifiers_1,True,False,False,False,147,-63.53526306152344,-65.69993591308594,1
No teacher was messing up more than three plates.,No teacher was messing up at least three plates.,semantics,quantifiers,superlative_quantifiers_1,True,False,False,False,148,-54.77878189086914,-53.8299560546875,0
No adult passes more than three lakes.,No adult passes at least three lakes.,semantics,quantifiers,superlative_quantifiers_1,True,False,False,False,149,-42.93505096435547,-45.01040267944336,1
No lady did talk about fewer than five doctors.,No lady did talk about at most five doctors.,semantics,quantifiers,superlative_quantifiers_1,True,False,False,False,150,-60.267425537109375,-62.74707794189453,1
No actor sees fewer than three trucks.,No actor sees at most three trucks.,semantics,quantifiers,superlative_quantifiers_1,True,False,False,False,151,-47.31410217285156,-50.028038024902344,1
No doctor does forget fewer than four guys.,No doctor does forget at most four guys.,semantics,quantifiers,superlative_quantifiers_1,True,False,False,False,152,-57.77790451049805,-60.50420379638672,1
No print looked like more than eight shawls.,No print looked like at least eight shawls.,semantics,quantifiers,superlative_quantifiers_1,True,False,False,False,153,-66.41334533691406,-68.27360534667969,1
No guy had listened to fewer than eight waitresses.,No guy had listened to at most eight waitresses.,semantics,quantifiers,superlative_quantifiers_1,True,False,False,False,154,-75.0806884765625,-76.4737548828125,1
No patient hugs more than six girls.,No patient hugs at least six girls.,semantics,quantifiers,superlative_quantifiers_1,True,False,False,False,155,-44.56098175048828,-46.612571716308594,1
No senator had talked to more than nine customers.,No senator had talked to at least nine customers.,semantics,quantifiers,superlative_quantifiers_1,True,False,False,False,156,-56.73030090332031,-57.24125671386719,1
No person examines more than two reports.,No person examines at least two reports.,semantics,quantifiers,superlative_quantifiers_1,True,False,False,False,157,-40.61515808105469,-41.937904357910156,1
No scarf should look like fewer than ten drawings.,No scarf should look like at most ten drawings.,semantics,quantifiers,superlative_quantifiers_1,True,False,False,False,158,-62.99348831176758,-65.72545623779297,1
No boy would visit fewer than six children.,No boy would visit at most six children.,semantics,quantifiers,superlative_quantifiers_1,True,False,False,False,159,-51.00973892211914,-50.71830749511719,0
No doctor fires fewer than four patients.,No doctor fires at most four patients.,semantics,quantifiers,superlative_quantifiers_1,True,False,False,False,160,-52.458675384521484,-52.80903625488281,1
No print did look like more than seven pies.,No print did look like at least seven pies.,semantics,quantifiers,superlative_quantifiers_1,True,False,False,False,161,-58.61480712890625,-60.674072265625,1
No waitress should conceal fewer than ten essays.,No waitress should conceal at most ten essays.,semantics,quantifiers,superlative_quantifiers_1,True,False,False,False,162,-63.593223571777344,-67.87258911132812,1
No driver discovered fewer than nine teenagers.,No driver discovered at most nine teenagers.,semantics,quantifiers,superlative_quantifiers_1,True,False,False,False,163,-52.926265716552734,-53.81036376953125,1
No actress sells more than two screens.,No actress sells at least two screens.,semantics,quantifiers,superlative_quantifiers_1,True,False,False,False,164,-45.648948669433594,-49.48653030395508,1
No rabbit finds fewer than eight banks.,No rabbit finds at most eight banks.,semantics,quantifiers,superlative_quantifiers_1,True,False,False,False,165,-53.20152282714844,-55.1524772644043,1
No senator kisses more than eight guys.,No senator kisses at least eight guys.,semantics,quantifiers,superlative_quantifiers_1,True,False,False,False,166,-53.05589294433594,-52.765419006347656,0
No play is scaring fewer than seven waitresses.,No play is scaring at most seven waitresses.,semantics,quantifiers,superlative_quantifiers_1,True,False,False,False,167,-78.01364135742188,-78.40834045410156,1
No patient had descended more than three hills.,No patient had descended at least three hills.,semantics,quantifiers,superlative_quantifiers_1,True,False,False,False,168,-53.38620376586914,-52.459747314453125,0
No doctor described more than four books.,No doctor described at least four books.,semantics,quantifiers,superlative_quantifiers_1,True,False,False,False,169,-43.12672424316406,-45.125030517578125,1
No waitress was climbing up fewer than ten steps.,No waitress was climbing up at most ten steps.,semantics,quantifiers,superlative_quantifiers_1,True,False,False,False,170,-62.78443908691406,-62.266902923583984,0
No boy is hiding fewer than two adults.,No boy is hiding at most two adults.,semantics,quantifiers,superlative_quantifiers_1,True,False,False,False,171,-51.1072998046875,-53.277854919433594,1
No waiter describes fewer than six teachers.,No waiter describes at most six teachers.,semantics,quantifiers,superlative_quantifiers_1,True,False,False,False,172,-55.23051452636719,-58.97865295410156,1
No child brought fewer than nine bananas.,No child brought at most nine bananas.,semantics,quantifiers,superlative_quantifiers_1,True,False,False,False,173,-55.24920654296875,-56.20905303955078,1
No adult will go to more than six museums.,No adult will go to at least six museums.,semantics,quantifiers,superlative_quantifiers_1,True,False,False,False,174,-48.111854553222656,-50.800716400146484,1
No actor loved more than seven children.,No actor loved at least seven children.,semantics,quantifiers,superlative_quantifiers_1,True,False,False,False,175,-40.480140686035156,-42.79893493652344,1
No dancer passes fewer than six grocery stores.,No dancer passes at most six grocery stores.,semantics,quantifiers,superlative_quantifiers_1,True,False,False,False,176,-59.430110931396484,-61.141075134277344,1
No adult knew more than four doctors.,No adult knew at least four doctors.,semantics,quantifiers,superlative_quantifiers_1,True,False,False,False,177,-43.979732513427734,-46.08372497558594,1
No guest dropped by fewer than nine closets.,No guest dropped by at most nine closets.,semantics,quantifiers,superlative_quantifiers_1,True,False,False,False,178,-66.6396255493164,-71.52144622802734,1
No lady will appreciate fewer than eight books.,No lady will appreciate at most eight books.,semantics,quantifiers,superlative_quantifiers_1,True,False,False,False,179,-53.89707946777344,-56.185733795166016,1
No painting astounded fewer than nine libraries.,No painting astounded at most nine libraries.,semantics,quantifiers,superlative_quantifiers_1,True,False,False,False,180,-69.03562927246094,-69.37384033203125,1
No boy will walk through fewer than seven art galleries.,No boy will walk through at most seven art galleries.,semantics,quantifiers,superlative_quantifiers_1,True,False,False,False,181,-68.11898803710938,-69.84666442871094,1
No association had sold more than nine glasses.,No association had sold at least nine glasses.,semantics,quantifiers,superlative_quantifiers_1,True,False,False,False,182,-53.01519775390625,-52.03669738769531,0
No company has discussed more than six people.,No company has discussed at least six people.,semantics,quantifiers,superlative_quantifiers_1,True,False,False,False,183,-39.82093811035156,-41.363258361816406,1
No snake has descended fewer than eight stairs.,No snake has descended at most eight stairs.,semantics,quantifiers,superlative_quantifiers_1,True,False,False,False,184,-62.836082458496094,-63.14722442626953,1
No person is cleaning more than three movie theaters.,No person is cleaning at least three movie theaters.,semantics,quantifiers,superlative_quantifiers_1,True,False,False,False,185,-58.441650390625,-57.41595458984375,0
No guy walks through fewer than two restaurants.,No guy walks through at most two restaurants.,semantics,quantifiers,superlative_quantifiers_1,True,False,False,False,186,-54.20672607421875,-57.02091598510742,1
No girl might work with fewer than five ladies.,No girl might work with at most five ladies.,semantics,quantifiers,superlative_quantifiers_1,True,False,False,False,187,-55.59821319580078,-59.684696197509766,1
No driver has messed up more than two restaurants.,No driver has messed up at least two restaurants.,semantics,quantifiers,superlative_quantifiers_1,True,False,False,False,188,-48.013526916503906,-45.59196472167969,0
No driver was healing more than three doctors.,No driver was healing at least three doctors.,semantics,quantifiers,superlative_quantifiers_1,True,False,False,False,189,-48.4696044921875,-48.624229431152344,1
No actor did lift fewer than nine boxes.,No actor did lift at most nine boxes.,semantics,quantifiers,superlative_quantifiers_1,True,False,False,False,190,-59.61842727661133,-61.18772506713867,1
No guy is annoying fewer than two universities.,No guy is annoying at most two universities.,semantics,quantifiers,superlative_quantifiers_1,True,False,False,False,191,-52.46006774902344,-54.18830108642578,1
No waiter could buy more than four snakes.,No waiter could buy at least four snakes.,semantics,quantifiers,superlative_quantifiers_1,True,False,False,False,192,-51.062660217285156,-55.03606414794922,1
No hospital talked about fewer than nine dancers.,No hospital talked about at most nine dancers.,semantics,quantifiers,superlative_quantifiers_1,True,False,False,False,193,-60.56455993652344,-63.32680892944336,1
No bank had disliked more than eight waiters.,No bank had disliked at least eight waiters.,semantics,quantifiers,superlative_quantifiers_1,True,False,False,False,194,-65.52647399902344,-66.28107452392578,1
No driver had investigated more than eight children.,No driver had investigated at least eight children.,semantics,quantifiers,superlative_quantifiers_1,True,False,False,False,195,-48.24284362792969,-48.35475540161133,1
No dancer hugged fewer than ten waiters.,No dancer hugged at most ten waiters.,semantics,quantifiers,superlative_quantifiers_1,True,False,False,False,196,-68.07044982910156,-71.37218475341797,1
No student had biked to fewer than five schools.,No student had biked to at most five schools.,semantics,quantifiers,superlative_quantifiers_1,True,False,False,False,197,-66.48565673828125,-69.66922760009766,1
No print had worried more than six students.,No print had worried at least six students.,semantics,quantifiers,superlative_quantifiers_1,True,False,False,False,198,-50.972801208496094,-53.313594818115234,1
No student does look like more than eight sketches.,No student does look like at least eight sketches.,semantics,quantifiers,superlative_quantifiers_1,True,False,False,False,199,-56.866783142089844,-58.55006408691406,1
No waitress can climb up more than two steps.,No waitress can climb up at least two steps.,semantics,quantifiers,superlative_quantifiers_1,True,False,False,False,200,-52.208526611328125,-50.201255798339844,0
No pedestrian did see fewer than ten girls.,No pedestrian did see at most ten girls.,semantics,quantifiers,superlative_quantifiers_1,True,False,False,False,201,-58.59300994873047,-62.06883239746094,1
No dancer had fixed fewer than three screens.,No dancer had fixed at most three screens.,semantics,quantifiers,superlative_quantifiers_1,True,False,False,False,202,-59.730201721191406,-61.0054931640625,1
No guest is fixing more than ten planes.,No guest is fixing at least ten planes.,semantics,quantifiers,superlative_quantifiers_1,True,False,False,False,203,-51.371673583984375,-53.47585678100586,1
No child was listening to fewer than three patients.,No child was listening to at most three patients.,semantics,quantifiers,superlative_quantifiers_1,True,False,False,False,204,-52.47296142578125,-55.2018928527832,1
No dancer cures fewer than two dogs.,No dancer cures at most two dogs.,semantics,quantifiers,superlative_quantifiers_1,True,False,False,False,205,-52.601619720458984,-54.552101135253906,1
No senator does fix more than nine unicycles.,No senator does fix at least nine unicycles.,semantics,quantifiers,superlative_quantifiers_1,True,False,False,False,206,-74.5111083984375,-75.99678039550781,1
No mouth disturbed more than nine guests.,No mouth disturbed at least nine guests.,semantics,quantifiers,superlative_quantifiers_1,True,False,False,False,207,-51.12665557861328,-52.49336242675781,1
No plane did impress more than nine schools.,No plane did impress at least nine schools.,semantics,quantifiers,superlative_quantifiers_1,True,False,False,False,208,-54.08964920043945,-56.81816482543945,1
No person was researching more than nine banks.,No person was researching at least nine banks.,semantics,quantifiers,superlative_quantifiers_1,True,False,False,False,209,-48.60762023925781,-50.87583923339844,1
No boy remembered fewer than four high schools.,No boy remembered at most four high schools.,semantics,quantifiers,superlative_quantifiers_1,True,False,False,False,210,-56.649658203125,-58.32746505737305,1
No man cares for more than ten women.,No man cares for at least ten women.,semantics,quantifiers,superlative_quantifiers_1,True,False,False,False,211,-44.459251403808594,-49.64506149291992,1
No college campus can distract fewer than seven girls.,No college campus can distract at most seven girls.,semantics,quantifiers,superlative_quantifiers_1,True,False,False,False,212,-63.239410400390625,-69.11625671386719,1
No customer descends more than three hills.,No customer descends at least three hills.,semantics,quantifiers,superlative_quantifiers_1,True,False,False,False,213,-53.465797424316406,-53.587215423583984,1
No adult questions fewer than nine committees.,No adult questions at most nine committees.,semantics,quantifiers,superlative_quantifiers_1,True,False,False,False,214,-51.80922317504883,-51.63836669921875,0
No waiter was helping fewer than eight children.,No waiter was helping at most eight children.,semantics,quantifiers,superlative_quantifiers_1,True,False,False,False,215,-56.47716522216797,-59.198020935058594,1
No patient cleans fewer than six public parks.,No patient cleans at most six public parks.,semantics,quantifiers,superlative_quantifiers_1,True,False,False,False,216,-59.08726119995117,-63.56439208984375,1
No patient has annoyed more than eight schools.,No patient has annoyed at least eight schools.,semantics,quantifiers,superlative_quantifiers_1,True,False,False,False,217,-48.99549102783203,-48.431556701660156,0
No book upset fewer than two adults.,No book upset at most two adults.,semantics,quantifiers,superlative_quantifiers_1,True,False,False,False,218,-48.06208038330078,-49.88786697387695,1
No newspaper article looks like more than six pictures.,No newspaper article looks like at least six pictures.,semantics,quantifiers,superlative_quantifiers_1,True,False,False,False,219,-52.21746063232422,-53.8452033996582,1
No hospital did have fewer than eight boxes.,No hospital did have at most eight boxes.,semantics,quantifiers,superlative_quantifiers_1,True,False,False,False,220,-55.94129180908203,-58.906925201416016,1
No girl approached more than two women.,No girl approached at least two women.,semantics,quantifiers,superlative_quantifiers_1,True,False,False,False,221,-41.95610046386719,-44.65581130981445,1
No fish was boring more than two dancers.,No fish was boring at least two dancers.,semantics,quantifiers,superlative_quantifiers_1,True,False,False,False,222,-51.64439010620117,-51.52307891845703,0
No bicycle was stunning more than four waiters.,No bicycle was stunning at least four waiters.,semantics,quantifiers,superlative_quantifiers_1,True,False,False,False,223,-65.26895141601562,-65.46923828125,1
No actor explored fewer than eight high schools.,No actor explored at most eight high schools.,semantics,quantifiers,superlative_quantifiers_1,True,False,False,False,224,-58.271942138671875,-59.86213302612305,1
No museum remembered fewer than three boys.,No museum remembered at most three boys.,semantics,quantifiers,superlative_quantifiers_1,True,False,False,False,225,-53.37977981567383,-55.3115119934082,1
No guest might go to fewer than nine banks.,No guest might go to at most nine banks.,semantics,quantifiers,superlative_quantifiers_1,True,False,False,False,226,-60.530792236328125,-62.469337463378906,1
No convertible is confusing more than two waitresses.,No convertible is confusing at least two waitresses.,semantics,quantifiers,superlative_quantifiers_1,True,False,False,False,227,-66.36911010742188,-64.83544921875,0
No dancer had cleaned fewer than four cups.,No dancer had cleaned at most four cups.,semantics,quantifiers,superlative_quantifiers_1,True,False,False,False,228,-58.240943908691406,-59.89800262451172,1
No boy might descend fewer than five slopes.,No boy might descend at most five slopes.,semantics,quantifiers,superlative_quantifiers_1,True,False,False,False,229,-61.74371337890625,-64.25054931640625,1
No senator argued about fewer than three newspaper articles.,No senator argued about at most three newspaper articles.,semantics,quantifiers,superlative_quantifiers_1,True,False,False,False,230,-69.21564483642578,-71.98291015625,1
No committee had hired fewer than four doctors.,No committee had hired at most four doctors.,semantics,quantifiers,superlative_quantifiers_1,True,False,False,False,231,-55.739784240722656,-56.49701690673828,1
No adult had brought more than six hills.,No adult had brought at least six hills.,semantics,quantifiers,superlative_quantifiers_1,True,False,False,False,232,-49.456275939941406,-51.22496032714844,1
No bank will hurt fewer than five actresses.,No bank will hurt at most five actresses.,semantics,quantifiers,superlative_quantifiers_1,True,False,False,False,233,-60.08631896972656,-61.57749557495117,1
No newspaper article is embarrassing fewer than two actresses.,No newspaper article is embarrassing at most two actresses.,semantics,quantifiers,superlative_quantifiers_1,True,False,False,False,234,-66.95458221435547,-68.8340835571289,1
No woman can escape from more than six college campuses.,No woman can escape from at least six college campuses.,semantics,quantifiers,superlative_quantifiers_1,True,False,False,False,235,-62.462249755859375,-65.3643798828125,1
No school is embarrassing more than five guys.,No school is embarrassing at least five guys.,semantics,quantifiers,superlative_quantifiers_1,True,False,False,False,236,-48.183616638183594,-46.777809143066406,0
No doctor was complaining about fewer than five books.,No doctor was complaining about at most five books.,semantics,quantifiers,superlative_quantifiers_1,True,False,False,False,237,-57.44765090942383,-60.10004425048828,1
No senator was hiding fewer than five gloves.,No senator was hiding at most five gloves.,semantics,quantifiers,superlative_quantifiers_1,True,False,False,False,238,-58.653106689453125,-59.85655975341797,1
No cashier sells fewer than six cafes.,No cashier sells at most six cafes.,semantics,quantifiers,superlative_quantifiers_1,True,False,False,False,239,-62.65711212158203,-66.32650756835938,1
No man was biking to more than four cafes.,No man was biking to at least four cafes.,semantics,quantifiers,superlative_quantifiers_1,True,False,False,False,240,-53.83551025390625,-56.35474395751953,1
No lady describes more than five reports.,No lady describes at least five reports.,semantics,quantifiers,superlative_quantifiers_1,True,False,False,False,241,-43.70903015136719,-47.128849029541016,1
No man hugs more than three drivers.,No man hugs at least three drivers.,semantics,quantifiers,superlative_quantifiers_1,True,False,False,False,242,-44.736732482910156,-45.94375228881836,1
No story alarmed more than four waiters.,No story alarmed at least four waiters.,semantics,quantifiers,superlative_quantifiers_1,True,False,False,False,243,-59.289466857910156,-61.51991271972656,1
No teacher had lifted fewer than ten malls.,No teacher had lifted at most ten malls.,semantics,quantifiers,superlative_quantifiers_1,True,False,False,False,244,-60.22755432128906,-62.21370315551758,1
No adult had kissed fewer than six children.,No adult had kissed at most six children.,semantics,quantifiers,superlative_quantifiers_1,True,False,False,False,245,-53.83465576171875,-57.24525833129883,1
No carriage should alarm fewer than four actresses.,No carriage should alarm at most four actresses.,semantics,quantifiers,superlative_quantifiers_1,True,False,False,False,246,-67.0341796875,-69.83358764648438,1
No teacher is noticing fewer than nine hats.,No teacher is noticing at most nine hats.,semantics,quantifiers,superlative_quantifiers_1,True,False,False,False,247,-58.174949645996094,-61.542823791503906,1
No man does attack more than eight guests.,No man does attack at least eight guests.,semantics,quantifiers,superlative_quantifiers_1,True,False,False,False,248,-51.29743957519531,-51.00201416015625,0
No guy brought fewer than four snakes.,No guy brought at most four snakes.,semantics,quantifiers,superlative_quantifiers_1,True,False,False,False,249,-51.5794677734375,-53.74687957763672,1
No guy investigates fewer than three guys.,No guy investigates at most three guys.,semantics,quantifiers,superlative_quantifiers_1,True,False,False,False,250,-51.26233673095703,-54.45697784423828,1
No guy was taking more than three sketches.,No guy was taking at least three sketches.,semantics,quantifiers,superlative_quantifiers_1,True,False,False,False,251,-43.58172607421875,-46.34214782714844,1
No bird scares more than nine associations.,No bird scares at least nine associations.,semantics,quantifiers,superlative_quantifiers_1,True,False,False,False,252,-51.946815490722656,-53.01890563964844,1
No person had boycotted fewer than ten mountains.,No person had boycotted at most ten mountains.,semantics,quantifiers,superlative_quantifiers_1,True,False,False,False,253,-77.71820068359375,-79.91020202636719,1
No waiter messed up more than five schools.,No waiter messed up at least five schools.,semantics,quantifiers,superlative_quantifiers_1,True,False,False,False,254,-50.805091857910156,-49.75757598876953,0
No patient had scanned fewer than eight essays.,No patient had scanned at most eight essays.,semantics,quantifiers,superlative_quantifiers_1,True,False,False,False,255,-62.43560791015625,-63.96315383911133,1
No man was visiting more than five people.,No man was visiting at least five people.,semantics,quantifiers,superlative_quantifiers_1,True,False,False,False,256,-41.06086349487305,-42.1649169921875,1
No senator drops by more than four grocery stores.,No senator drops by at least four grocery stores.,semantics,quantifiers,superlative_quantifiers_1,True,False,False,False,257,-57.31669235229492,-61.53541946411133,1
No actor heals fewer than nine waitresses.,No actor heals at most nine waitresses.,semantics,quantifiers,superlative_quantifiers_1,True,False,False,False,258,-71.38056945800781,-73.47356414794922,1
No guest scanned more than seven documentaries.,No guest scanned at least seven documentaries.,semantics,quantifiers,superlative_quantifiers_1,True,False,False,False,259,-51.690311431884766,-54.79119873046875,1
No guy had appreciated fewer than ten restaurants.,No guy had appreciated at most ten restaurants.,semantics,quantifiers,superlative_quantifiers_1,True,False,False,False,260,-57.03692626953125,-57.86307907104492,1
No student had discovered more than seven documentaries.,No student had discovered at least seven documentaries.,semantics,quantifiers,superlative_quantifiers_1,True,False,False,False,261,-50.534393310546875,-51.563690185546875,1
No child describes fewer than eight guys.,No child describes at most eight guys.,semantics,quantifiers,superlative_quantifiers_1,True,False,False,False,262,-53.2442626953125,-56.07213592529297,1
No actor sounded like more than nine essays.,No actor sounded like at least nine essays.,semantics,quantifiers,superlative_quantifiers_1,True,False,False,False,263,-53.18768310546875,-55.38043212890625,1
No actor should clean more than five couches.,No actor should clean at least five couches.,semantics,quantifiers,superlative_quantifiers_1,True,False,False,False,264,-54.158424377441406,-55.4254264831543,1
No doctor had cured fewer than eight drivers.,No doctor had cured at most eight drivers.,semantics,quantifiers,superlative_quantifiers_1,True,False,False,False,265,-59.27020263671875,-61.18524169921875,1
No school discussed fewer than nine rivers.,No school discussed at most nine rivers.,semantics,quantifiers,superlative_quantifiers_1,True,False,False,False,266,-51.589073181152344,-53.0010871887207,1
No woman has revealed fewer than nine rugs.,No woman has revealed at most nine rugs.,semantics,quantifiers,superlative_quantifiers_1,True,False,False,False,267,-57.549224853515625,-59.04704284667969,1
No teacher can drive to more than seven museums.,No teacher can drive to at least seven museums.,semantics,quantifiers,superlative_quantifiers_1,True,False,False,False,268,-52.06424331665039,-54.61167526245117,1
No customer hated fewer than eight customers.,No customer hated at most eight customers.,semantics,quantifiers,superlative_quantifiers_1,True,False,False,False,269,-53.9554557800293,-54.500244140625,1
No waitress saw more than two waitresses.,No waitress saw at least two waitresses.,semantics,quantifiers,superlative_quantifiers_1,True,False,False,False,270,-60.382102966308594,-61.74700164794922,1
No hamster was stunning more than five dancers.,No hamster was stunning at least five dancers.,semantics,quantifiers,superlative_quantifiers_1,True,False,False,False,271,-60.5477409362793,-58.48393249511719,0
No driver boycotts fewer than seven cafes.,No driver boycotts at most seven cafes.,semantics,quantifiers,superlative_quantifiers_1,True,False,False,False,272,-62.59911346435547,-62.59862518310547,0
No company is admiring more than nine planes.,No company is admiring at least nine planes.,semantics,quantifiers,superlative_quantifiers_1,True,False,False,False,273,-57.14203643798828,-56.29890441894531,0
No driver was fixing fewer than five wheelbarrows.,No driver was fixing at most five wheelbarrows.,semantics,quantifiers,superlative_quantifiers_1,True,False,False,False,274,-74.7355728149414,-76.04548645019531,1
No actor runs around more than ten public parks.,No actor runs around at least ten public parks.,semantics,quantifiers,superlative_quantifiers_1,True,False,False,False,275,-54.450374603271484,-56.657554626464844,1
No senator had concealed fewer than two women.,No senator had concealed at most two women.,semantics,quantifiers,superlative_quantifiers_1,True,False,False,False,276,-54.512454986572266,-59.2180290222168,1
No doctor hated fewer than five commentaries.,No doctor hated at most five commentaries.,semantics,quantifiers,superlative_quantifiers_1,True,False,False,False,277,-68.60166931152344,-70.4036865234375,1
No lady can love fewer than six students.,No lady can love at most six students.,semantics,quantifiers,superlative_quantifiers_1,True,False,False,False,278,-51.378883361816406,-51.837711334228516,1
No bird had resembled fewer than ten pictures.,No bird had resembled at most ten pictures.,semantics,quantifiers,superlative_quantifiers_1,True,False,False,False,279,-61.215179443359375,-62.848384857177734,1
No actress was returning to more than four waitresses.,No actress was returning to at least four waitresses.,semantics,quantifiers,superlative_quantifiers_1,True,False,False,False,280,-66.32723236083984,-67.72749328613281,1
No teenager conceals fewer than six waiters.,No teenager conceals at most six waiters.,semantics,quantifiers,superlative_quantifiers_1,True,False,False,False,281,-72.94155883789062,-72.15122985839844,0
No committee can reference more than four teenagers.,No committee can reference at least four teenagers.,semantics,quantifiers,superlative_quantifiers_1,True,False,False,False,282,-52.04102325439453,-52.29878234863281,1
No association knew fewer than three boys.,No association knew at most three boys.,semantics,quantifiers,superlative_quantifiers_1,True,False,False,False,283,-50.51278305053711,-51.48351287841797,1
No lady can bike to more than three public parks.,No lady can bike to at least three public parks.,semantics,quantifiers,superlative_quantifiers_1,True,False,False,False,284,-61.58766555786133,-63.58552551269531,1
No government had respected fewer than seven hospitals.,No government had respected at most seven hospitals.,semantics,quantifiers,superlative_quantifiers_1,True,False,False,False,285,-58.01378631591797,-58.930694580078125,1
No university buys fewer than five glaciers.,No university buys at most five glaciers.,semantics,quantifiers,superlative_quantifiers_1,True,False,False,False,286,-57.23572540283203,-59.38478088378906,1
No waitress had talked about more than six actresses.,No waitress had talked about at least six actresses.,semantics,quantifiers,superlative_quantifiers_1,True,False,False,False,287,-62.379615783691406,-64.33888244628906,1
No hospital was firing more than two doctors.,No hospital was firing at least two doctors.,semantics,quantifiers,superlative_quantifiers_1,True,False,False,False,288,-50.37493133544922,-50.77846908569336,1
No person went to more than two glaciers.,No person went to at least two glaciers.,semantics,quantifiers,superlative_quantifiers_1,True,False,False,False,289,-47.17721176147461,-48.9051628112793,1
No customer had helped more than ten guys.,No customer had helped at least ten guys.,semantics,quantifiers,superlative_quantifiers_1,True,False,False,False,290,-49.414764404296875,-51.641441345214844,1
No boy boycotts more than nine movie theaters.,No boy boycotts at least nine movie theaters.,semantics,quantifiers,superlative_quantifiers_1,True,False,False,False,291,-70.656005859375,-68.69364929199219,0
No print worried more than eight museums.,No print worried at least eight museums.,semantics,quantifiers,superlative_quantifiers_1,True,False,False,False,292,-49.22896194458008,-51.52352523803711,1
No driver skated around fewer than nine malls.,No driver skated around at most nine malls.,semantics,quantifiers,superlative_quantifiers_1,True,False,False,False,293,-69.29033660888672,-70.91891479492188,1
No newspaper article sounded like fewer than ten glaciers.,No newspaper article sounded like at most ten glaciers.,semantics,quantifiers,superlative_quantifiers_1,True,False,False,False,294,-68.50582885742188,-71.43539428710938,1
No cashier ascended fewer than four steps.,No cashier ascended at most four steps.,semantics,quantifiers,superlative_quantifiers_1,True,False,False,False,295,-63.38489532470703,-64.76095581054688,1
No child should mess up more than four couches.,No child should mess up at least four couches.,semantics,quantifiers,superlative_quantifiers_1,True,False,False,False,296,-60.571388244628906,-59.8891487121582,0
No pedestrian is visiting fewer than six guys.,No pedestrian is visiting at most six guys.,semantics,quantifiers,superlative_quantifiers_1,True,False,False,False,297,-56.61412048339844,-57.447505950927734,1
No student fixed fewer than six planes.,No student fixed at most six planes.,semantics,quantifiers,superlative_quantifiers_1,True,False,False,False,298,-49.67083740234375,-52.16767883300781,1
No library helps more than eight adults.,No library helps at least eight adults.,semantics,quantifiers,superlative_quantifiers_1,True,False,False,False,299,-44.247901916503906,-46.96092987060547,1
No actor has researched more than three rivers.,No actor has researched at least three rivers.,semantics,quantifiers,superlative_quantifiers_1,True,False,False,False,300,-44.981529235839844,-48.07984924316406,1
No fork did hurt fewer than ten women.,No fork did hurt at most ten women.,semantics,quantifiers,superlative_quantifiers_1,True,False,False,False,301,-60.276554107666016,-62.52378845214844,1
No school criticizes more than two movie theaters.,No school criticizes at least two movie theaters.,semantics,quantifiers,superlative_quantifiers_1,True,False,False,False,302,-61.83168411254883,-62.971920013427734,1
No waiter has researched fewer than nine movies.,No waiter has researched at most nine movies.,semantics,quantifiers,superlative_quantifiers_1,True,False,False,False,303,-59.45594787597656,-62.73657989501953,1
No student did see more than three teenagers.,No student did see at least three teenagers.,semantics,quantifiers,superlative_quantifiers_1,True,False,False,False,304,-44.92833709716797,-48.97722244262695,1
No senator is bringing fewer than eight college campuses.,No senator is bringing at most eight college campuses.,semantics,quantifiers,superlative_quantifiers_1,True,False,False,False,305,-65.44613647460938,-67.83383178710938,1
No student was concealing more than three people.,No student was concealing at least three people.,semantics,quantifiers,superlative_quantifiers_1,True,False,False,False,306,-53.32521057128906,-55.10389709472656,1
No waitress has helped more than five adults.,No waitress has helped at least five adults.,semantics,quantifiers,superlative_quantifiers_1,True,False,False,False,307,-49.289310455322266,-51.957210540771484,1
No university had hired more than four teachers.,No university had hired at least four teachers.,semantics,quantifiers,superlative_quantifiers_1,True,False,False,False,308,-47.87052536010742,-49.56584167480469,1
No customer will heal fewer than six guys.,No customer will heal at most six guys.,semantics,quantifiers,superlative_quantifiers_1,True,False,False,False,309,-52.87416458129883,-55.559295654296875,1
No committee was upsetting fewer than two museums.,No committee was upsetting at most two museums.,semantics,quantifiers,superlative_quantifiers_1,True,False,False,False,310,-56.8412971496582,-59.34322738647461,1
No child complains about more than seven men.,No child complains about at least seven men.,semantics,quantifiers,superlative_quantifiers_1,True,False,False,False,311,-49.389793395996094,-53.107173919677734,1
No photograph did annoy more than five people.,No photograph did annoy at least five people.,semantics,quantifiers,superlative_quantifiers_1,True,False,False,False,312,-54.95319366455078,-56.74115753173828,1
No person did impress fewer than three museums.,No person did impress at most three museums.,semantics,quantifiers,superlative_quantifiers_1,True,False,False,False,313,-58.11821746826172,-60.49890899658203,1
No waitress sounded like more than six guests.,No waitress sounded like at least six guests.,semantics,quantifiers,superlative_quantifiers_1,True,False,False,False,314,-51.49332809448242,-53.564666748046875,1
No guest does break fewer than three forks.,No guest does break at most three forks.,semantics,quantifiers,superlative_quantifiers_1,True,False,False,False,315,-60.01682662963867,-62.57573699951172,1
No waitress hides more than ten sketches.,No waitress hides at least ten sketches.,semantics,quantifiers,superlative_quantifiers_1,True,False,False,False,316,-52.556400299072266,-54.10435485839844,1
No eye has annoyed fewer than five patients.,No eye has annoyed at most five patients.,semantics,quantifiers,superlative_quantifiers_1,True,False,False,False,317,-56.99298858642578,-58.61991882324219,1
No lady climbed down more than seven stairs.,No lady climbed down at least seven stairs.,semantics,quantifiers,superlative_quantifiers_1,True,False,False,False,318,-53.093841552734375,-54.341060638427734,1
No boy healed fewer than seven ladies.,No boy healed at most seven ladies.,semantics,quantifiers,superlative_quantifiers_1,True,False,False,False,319,-54.403656005859375,-55.367027282714844,1
No guest admired more than four drawings.,No guest admired at least four drawings.,semantics,quantifiers,superlative_quantifiers_1,True,False,False,False,320,-49.499061584472656,-53.18125915527344,1
No student is describing fewer than six schools.,No student is describing at most six schools.,semantics,quantifiers,superlative_quantifiers_1,True,False,False,False,321,-50.59935760498047,-54.272422790527344,1
No company remembered fewer than nine cafes.,No company remembered at most nine cafes.,semantics,quantifiers,superlative_quantifiers_1,True,False,False,False,322,-55.306053161621094,-56.68578338623047,1
No driver was scanning fewer than seven movies.,No driver was scanning at most seven movies.,semantics,quantifiers,superlative_quantifiers_1,True,False,False,False,323,-53.21038055419922,-55.056114196777344,1
No door was stunning fewer than three waitresses.,No door was stunning at most three waitresses.,semantics,quantifiers,superlative_quantifiers_1,True,False,False,False,324,-70.96748352050781,-70.22116088867188,0
No hospital embarrassed more than six associations.,No hospital embarrassed at least six associations.,semantics,quantifiers,superlative_quantifiers_1,True,False,False,False,325,-51.96064758300781,-52.509464263916016,1
No man should approach fewer than three boys.,No man should approach at most three boys.,semantics,quantifiers,superlative_quantifiers_1,True,False,False,False,326,-54.135074615478516,-54.79358673095703,1
No mall aggravated fewer than eight dancers.,No mall aggravated at most eight dancers.,semantics,quantifiers,superlative_quantifiers_1,True,False,False,False,327,-60.97826385498047,-62.96910095214844,1
No guest has discovered fewer than three movies.,No guest has discovered at most three movies.,semantics,quantifiers,superlative_quantifiers_1,True,False,False,False,328,-52.31930923461914,-54.57839584350586,1
No teenager was biking to more than seven malls.,No teenager was biking to at least seven malls.,semantics,quantifiers,superlative_quantifiers_1,True,False,False,False,329,-60.86252975463867,-63.494537353515625,1
No pedestrian does heal fewer than five teenagers.,No pedestrian does heal at most five teenagers.,semantics,quantifiers,superlative_quantifiers_1,True,False,False,False,330,-62.0118293762207,-65.41405487060547,1
No senator has passed fewer than five hills.,No senator has passed at most five hills.,semantics,quantifiers,superlative_quantifiers_1,True,False,False,False,331,-54.018516540527344,-56.722267150878906,1
No waitress sold fewer than two turtles.,No waitress sold at most two turtles.,semantics,quantifiers,superlative_quantifiers_1,True,False,False,False,332,-54.29998779296875,-56.67975616455078,1
No woman had admired fewer than three coats.,No woman had admired at most three coats.,semantics,quantifiers,superlative_quantifiers_1,True,False,False,False,333,-54.709922790527344,-56.77200698852539,1
No guest might fix fewer than six bikes.,No guest might fix at most six bikes.,semantics,quantifiers,superlative_quantifiers_1,True,False,False,False,334,-58.61091995239258,-61.33668518066406,1
No government did conceal more than two books.,No government did conceal at least two books.,semantics,quantifiers,superlative_quantifiers_1,True,False,False,False,335,-48.10666275024414,-50.974369049072266,1
No hamster has annoyed fewer than seven museums.,No hamster has annoyed at most seven museums.,semantics,quantifiers,superlative_quantifiers_1,True,False,False,False,336,-66.71756744384766,-67.17890930175781,1
No woman left fewer than seven cafes.,No woman left at most seven cafes.,semantics,quantifiers,superlative_quantifiers_1,True,False,False,False,337,-50.559295654296875,-51.37535858154297,1
No company appreciates more than eight books.,No company appreciates at least eight books.,semantics,quantifiers,superlative_quantifiers_1,True,False,False,False,338,-47.21696472167969,-46.91392517089844,0
No window has alarmed fewer than eight organizations.,No window has alarmed at most eight organizations.,semantics,quantifiers,superlative_quantifiers_1,True,False,False,False,339,-59.09443664550781,-61.09071731567383,1
No student is firing fewer than three drivers.,No student is firing at most three drivers.,semantics,quantifiers,superlative_quantifiers_1,True,False,False,False,340,-52.47101593017578,-52.99132537841797,1
No library insults fewer than eight women.,No library insults at most eight women.,semantics,quantifiers,superlative_quantifiers_1,True,False,False,False,341,-54.437767028808594,-53.580902099609375,0
No teenager noticed fewer than two people.,No teenager noticed at most two people.,semantics,quantifiers,superlative_quantifiers_1,True,False,False,False,342,-45.90515899658203,-49.09051513671875,1
No pedestrian had dropped by fewer than two art galleries.,No pedestrian had dropped by at most two art galleries.,semantics,quantifiers,superlative_quantifiers_1,True,False,False,False,343,-71.4410400390625,-76.02227783203125,1
No mall has looked like fewer than seven prints.,No mall has looked like at most seven prints.,semantics,quantifiers,superlative_quantifiers_1,True,False,False,False,344,-63.62535095214844,-65.49663543701172,1
No actress did run around fewer than ten mountains.,No actress did run around at most ten mountains.,semantics,quantifiers,superlative_quantifiers_1,True,False,False,False,345,-63.547035217285156,-65.48494720458984,1
No adult had confused fewer than five teenagers.,No adult had confused at most five teenagers.,semantics,quantifiers,superlative_quantifiers_1,True,False,False,False,346,-57.81843185424805,-60.44974899291992,1
No pedestrian had approached fewer than five drivers.,No pedestrian had approached at most five drivers.,semantics,quantifiers,superlative_quantifiers_1,True,False,False,False,347,-57.948951721191406,-60.131080627441406,1
No guy is exploring more than three cafes.,No guy is exploring at least three cafes.,semantics,quantifiers,superlative_quantifiers_1,True,False,False,False,348,-47.44496154785156,-48.08924865722656,1
No company had sold fewer than ten dresses.,No company had sold at most ten dresses.,semantics,quantifiers,superlative_quantifiers_1,True,False,False,False,349,-56.27141189575195,-56.860076904296875,1
No senator observed fewer than ten guests.,No senator observed at most ten guests.,semantics,quantifiers,superlative_quantifiers_1,True,False,False,False,350,-53.6894645690918,-54.27991485595703,1
No teacher loves fewer than six senators.,No teacher loves at most six senators.,semantics,quantifiers,superlative_quantifiers_1,True,False,False,False,351,-53.60198211669922,-54.635108947753906,1
No cashier sold more than seven rabbits.,No cashier sold at least seven rabbits.,semantics,quantifiers,superlative_quantifiers_1,True,False,False,False,352,-57.48096466064453,-59.61585998535156,1
No company took fewer than six stairs.,No company took at most six stairs.,semantics,quantifiers,superlative_quantifiers_1,True,False,False,False,353,-47.466983795166016,-50.500953674316406,1
No teenager would see more than seven schools.,No teenager would see at least seven schools.,semantics,quantifiers,superlative_quantifiers_1,True,False,False,False,354,-43.50177001953125,-47.7198486328125,1
No waiter hires more than five guys.,No waiter hires at least five guys.,semantics,quantifiers,superlative_quantifiers_1,True,False,False,False,355,-50.520347595214844,-50.74298858642578,1
No convertible has confused fewer than four girls.,No convertible has confused at most four girls.,semantics,quantifiers,superlative_quantifiers_1,True,False,False,False,356,-59.2721061706543,-63.2012939453125,1
No fish broke more than eight bikes.,No fish broke at least eight bikes.,semantics,quantifiers,superlative_quantifiers_1,True,False,False,False,357,-46.53752517700195,-47.660118103027344,1
No pedestrian does clean fewer than six movie theaters.,No pedestrian does clean at most six movie theaters.,semantics,quantifiers,superlative_quantifiers_1,True,False,False,False,358,-72.49380493164062,-74.62074279785156,1
No woman broke more than nine cars.,No woman broke at least nine cars.,semantics,quantifiers,superlative_quantifiers_1,True,False,False,False,359,-43.847198486328125,-45.597591400146484,1
No adult skates around more than nine college campuses.,No adult skates around at least nine college campuses.,semantics,quantifiers,superlative_quantifiers_1,True,False,False,False,360,-68.40774536132812,-69.00873565673828,1
No person had returned to fewer than five children.,No person had returned to at most five children.,semantics,quantifiers,superlative_quantifiers_1,True,False,False,False,361,-52.56282424926758,-54.83563232421875,1
No adult does forget fewer than four newspaper articles.,No adult does forget at most four newspaper articles.,semantics,quantifiers,superlative_quantifiers_1,True,False,False,False,362,-70.63313293457031,-73.20285034179688,1
No lady should kiss fewer than five waitresses.,No lady should kiss at most five waitresses.,semantics,quantifiers,superlative_quantifiers_1,True,False,False,False,363,-76.89070129394531,-77.88345336914062,1
No lady is hugging fewer than seven adults.,No lady is hugging at most seven adults.,semantics,quantifiers,superlative_quantifiers_1,True,False,False,False,364,-58.17223358154297,-59.77849578857422,1
No customer was appreciating fewer than six children.,No customer was appreciating at most six children.,semantics,quantifiers,superlative_quantifiers_1,True,False,False,False,365,-53.38159942626953,-55.50927734375,1
No hamster has disturbed more than four cashiers.,No hamster has disturbed at least four cashiers.,semantics,quantifiers,superlative_quantifiers_1,True,False,False,False,366,-68.8955078125,-68.37825012207031,0
No doctor embarrassed more than five museums.,No doctor embarrassed at least five museums.,semantics,quantifiers,superlative_quantifiers_1,True,False,False,False,367,-50.82678985595703,-50.305397033691406,0
No cat was ascending more than four ladders.,No cat was ascending at least four ladders.,semantics,quantifiers,superlative_quantifiers_1,True,False,False,False,368,-62.04606628417969,-61.8416748046875,0
No teenager had fixed more than two mirrors.,No teenager had fixed at least two mirrors.,semantics,quantifiers,superlative_quantifiers_1,True,False,False,False,369,-54.36170196533203,-52.40686798095703,0
No lady took fewer than eight photographs.,No lady took at most eight photographs.,semantics,quantifiers,superlative_quantifiers_1,True,False,False,False,370,-50.71890640258789,-52.07483673095703,1
No person fixes more than three planes.,No person fixes at least three planes.,semantics,quantifiers,superlative_quantifiers_1,True,False,False,False,371,-44.84838104248047,-44.96575164794922,1
No driver listens to more than five waitresses.,No driver listens to at least five waitresses.,semantics,quantifiers,superlative_quantifiers_1,True,False,False,False,372,-63.289306640625,-65.40341186523438,1
No library was discussing more than eight dancers.,No library was discussing at least eight dancers.,semantics,quantifiers,superlative_quantifiers_1,True,False,False,False,373,-52.023616790771484,-54.4229850769043,1
No senator has sounded like more than seven boys.,No senator has sounded like at least seven boys.,semantics,quantifiers,superlative_quantifiers_1,True,False,False,False,374,-53.666114807128906,-54.97809982299805,1
No person has praised more than four dancers.,No person has praised at least four dancers.,semantics,quantifiers,superlative_quantifiers_1,True,False,False,False,375,-48.068912506103516,-50.702484130859375,1
No pedestrian has loved fewer than three guests.,No pedestrian has loved at most three guests.,semantics,quantifiers,superlative_quantifiers_1,True,False,False,False,376,-53.232948303222656,-54.521156311035156,1
No driver cleans fewer than six lamps.,No driver cleans at most six lamps.,semantics,quantifiers,superlative_quantifiers_1,True,False,False,False,377,-49.77623748779297,-53.974205017089844,1
No senator skated around fewer than two high schools.,No senator skated around at most two high schools.,semantics,quantifiers,superlative_quantifiers_1,True,False,False,False,378,-70.70199584960938,-74.72547912597656,1
No vase does look like fewer than nine prints.,No vase does look like at most nine prints.,semantics,quantifiers,superlative_quantifiers_1,True,False,False,False,379,-68.95436096191406,-71.6282958984375,1
No actress investigates fewer than three ladies.,No actress investigates at most three ladies.,semantics,quantifiers,superlative_quantifiers_1,True,False,False,False,380,-53.8764762878418,-57.188323974609375,1
No picture is impressing more than four banks.,No picture is impressing at least four banks.,semantics,quantifiers,superlative_quantifiers_1,True,False,False,False,381,-51.76770782470703,-51.48959732055664,0
No waiter has admired fewer than nine couches.,No waiter has admired at most nine couches.,semantics,quantifiers,superlative_quantifiers_1,True,False,False,False,382,-67.91851806640625,-70.51762390136719,1
No student would clean fewer than three rugs.,No student would clean at most three rugs.,semantics,quantifiers,superlative_quantifiers_1,True,False,False,False,383,-58.56864547729492,-58.9998893737793,1
No girl was scanning more than five documentaries.,No girl was scanning at least five documentaries.,semantics,quantifiers,superlative_quantifiers_1,True,False,False,False,384,-52.60368347167969,-52.73927307128906,1
No woman has run around fewer than eight restaurants.,No woman has run around at most eight restaurants.,semantics,quantifiers,superlative_quantifiers_1,True,False,False,False,385,-58.47568893432617,-59.39614486694336,1
No glove can look like more than ten photographs.,No glove can look like at least ten photographs.,semantics,quantifiers,superlative_quantifiers_1,True,False,False,False,386,-51.843719482421875,-53.483062744140625,1
No guy does talk to fewer than two drivers.,No guy does talk to at most two drivers.,semantics,quantifiers,superlative_quantifiers_1,True,False,False,False,387,-55.607276916503906,-59.37958526611328,1
No sketch has bothered fewer than four doctors.,No sketch has bothered at most four doctors.,semantics,quantifiers,superlative_quantifiers_1,True,False,False,False,388,-56.10199737548828,-60.584381103515625,1
No waitress breaks fewer than eight computers.,No waitress breaks at most eight computers.,semantics,quantifiers,superlative_quantifiers_1,True,False,False,False,389,-56.74562072753906,-58.58433151245117,1
No doctor is disturbing more than two customers.,No doctor is disturbing at least two customers.,semantics,quantifiers,superlative_quantifiers_1,True,False,False,False,390,-47.00721740722656,-46.787078857421875,0
No student forgot fewer than seven children.,No student forgot at most seven children.,semantics,quantifiers,superlative_quantifiers_1,True,False,False,False,391,-48.382240295410156,-51.80849838256836,1
No guy was admiring more than two forks.,No guy was admiring at least two forks.,semantics,quantifiers,superlative_quantifiers_1,True,False,False,False,392,-55.3106575012207,-54.358943939208984,0
No woman exited more than seven college campuses.,No woman exited at least seven college campuses.,semantics,quantifiers,superlative_quantifiers_1,True,False,False,False,393,-56.642921447753906,-58.65577697753906,1
No patient was working with fewer than ten children.,No patient was working with at most ten children.,semantics,quantifiers,superlative_quantifiers_1,True,False,False,False,394,-50.20589065551758,-54.86100387573242,1
No guy concealed more than two ladies.,No guy concealed at least two ladies.,semantics,quantifiers,superlative_quantifiers_1,True,False,False,False,395,-45.377357482910156,-46.43528747558594,1
No drawing looks like more than eight drivers.,No drawing looks like at least eight drivers.,semantics,quantifiers,superlative_quantifiers_1,True,False,False,False,396,-48.14569854736328,-50.04316711425781,1
No girl climbed up more than five stairs.,No girl climbed up at least five stairs.,semantics,quantifiers,superlative_quantifiers_1,True,False,False,False,397,-51.86683654785156,-51.433231353759766,0
No senator fled from fewer than seven people.,No senator fled from at most seven people.,semantics,quantifiers,superlative_quantifiers_1,True,False,False,False,398,-54.493656158447266,-58.95456314086914,1
No senator was breaking more than three windows.,No senator was breaking at least three windows.,semantics,quantifiers,superlative_quantifiers_1,True,False,False,False,399,-49.385833740234375,-50.80842590332031,1
No government had concealed fewer than eight adults.,No government had concealed at most eight adults.,semantics,quantifiers,superlative_quantifiers_1,True,False,False,False,400,-56.766441345214844,-59.19466018676758,1
No teacher escapes from more than ten closets.,No teacher escapes from at least ten closets.,semantics,quantifiers,superlative_quantifiers_1,True,False,False,False,401,-59.679283142089844,-63.484981536865234,1
No guy was investigating more than eight legislatures.,No guy was investigating at least eight legislatures.,semantics,quantifiers,superlative_quantifiers_1,True,False,False,False,402,-53.684715270996094,-54.5649299621582,1
No shirt had looked like more than two drawings.,No shirt had looked like at least two drawings.,semantics,quantifiers,superlative_quantifiers_1,True,False,False,False,403,-56.977317810058594,-57.45726013183594,1
No teenager should think about fewer than eight bananas.,No teenager should think about at most eight bananas.,semantics,quantifiers,superlative_quantifiers_1,True,False,False,False,404,-62.87452697753906,-66.18128204345703,1
No actress is breaking more than nine skateboards.,No actress is breaking at least nine skateboards.,semantics,quantifiers,superlative_quantifiers_1,True,False,False,False,405,-61.708797454833984,-62.73774719238281,1
No library did know more than three dancers.,No library did know at least three dancers.,semantics,quantifiers,superlative_quantifiers_1,True,False,False,False,406,-49.11892318725586,-52.258941650390625,1
No doctor can help fewer than three actors.,No doctor can help at most three actors.,semantics,quantifiers,superlative_quantifiers_1,True,False,False,False,407,-47.294681549072266,-50.192657470703125,1
No man visits fewer than six people.,No man visits at most six people.,semantics,quantifiers,superlative_quantifiers_1,True,False,False,False,408,-47.08586502075195,-47.36387634277344,1
No lady has biked to more than ten cafes.,No lady has biked to at least ten cafes.,semantics,quantifiers,superlative_quantifiers_1,True,False,False,False,409,-65.12171173095703,-68.32630157470703,1
No patient had broken fewer than nine trucks.,No patient had broken at most nine trucks.,semantics,quantifiers,superlative_quantifiers_1,True,False,False,False,410,-57.52513122558594,-59.223270416259766,1
No driver tours more than five schools.,No driver tours at least five schools.,semantics,quantifiers,superlative_quantifiers_1,True,False,False,False,411,-41.12581253051758,-39.91737365722656,0
No boy had watched more than ten doctors.,No boy had watched at least ten doctors.,semantics,quantifiers,superlative_quantifiers_1,True,False,False,False,412,-49.267486572265625,-49.93095397949219,1
No mall could distract fewer than six people.,No mall could distract at most six people.,semantics,quantifiers,superlative_quantifiers_1,True,False,False,False,413,-57.56904983520508,-61.709686279296875,1
No girl was dropping by fewer than five college campuses.,No girl was dropping by at most five college campuses.,semantics,quantifiers,superlative_quantifiers_1,True,False,False,False,414,-70.302490234375,-73.31855773925781,1
No woman climbed down more than six stairs.,No woman climbed down at least six stairs.,semantics,quantifiers,superlative_quantifiers_1,True,False,False,False,415,-50.86888122558594,-52.611351013183594,1
No cashier bikes to more than eight libraries.,No cashier bikes to at least eight libraries.,semantics,quantifiers,superlative_quantifiers_1,True,False,False,False,416,-61.98188018798828,-64.69218444824219,1
No student was noticing more than four socks.,No student was noticing at least four socks.,semantics,quantifiers,superlative_quantifiers_1,True,False,False,False,417,-49.908077239990234,-52.67652130126953,1
No waiter has bought more than six dresses.,No waiter has bought at least six dresses.,semantics,quantifiers,superlative_quantifiers_1,True,False,False,False,418,-50.48101806640625,-53.521080017089844,1
No university talks to more than three children.,No university talks to at least three children.,semantics,quantifiers,superlative_quantifiers_1,True,False,False,False,419,-41.61610412597656,-44.832706451416016,1
No dancer cleans fewer than five shoes.,No dancer cleans at most five shoes.,semantics,quantifiers,superlative_quantifiers_1,True,False,False,False,420,-56.78020477294922,-60.8936767578125,1
No doctor respects more than seven girls.,No doctor respects at least seven girls.,semantics,quantifiers,superlative_quantifiers_1,True,False,False,False,421,-45.13245391845703,-46.356449127197266,1
No doctor worked with more than eight guys.,No doctor worked with at least eight guys.,semantics,quantifiers,superlative_quantifiers_1,True,False,False,False,422,-47.505577087402344,-52.444366455078125,1
No window has bothered more than six committees.,No window has bothered at least six committees.,semantics,quantifiers,superlative_quantifiers_1,True,False,False,False,423,-51.984169006347656,-53.65548324584961,1
No customer was fixing fewer than four bicycles.,No customer was fixing at most four bicycles.,semantics,quantifiers,superlative_quantifiers_1,True,False,False,False,424,-59.13130569458008,-60.823551177978516,1
No university might boast about fewer than five actors.,No university might boast about at most five actors.,semantics,quantifiers,superlative_quantifiers_1,True,False,False,False,425,-63.43742752075195,-67.61907958984375,1
No patient hid fewer than nine banks.,No patient hid at most nine banks.,semantics,quantifiers,superlative_quantifiers_1,True,False,False,False,426,-53.16191101074219,-57.836647033691406,1
No person can scan more than two stories.,No person can scan at least two stories.,semantics,quantifiers,superlative_quantifiers_1,True,False,False,False,427,-43.11961364746094,-43.970760345458984,1
No photograph was looking like fewer than two boys.,No photograph was looking like at most two boys.,semantics,quantifiers,superlative_quantifiers_1,True,False,False,False,428,-58.16870880126953,-61.64464569091797,1
No teacher explored more than three museums.,No teacher explored at least three museums.,semantics,quantifiers,superlative_quantifiers_1,True,False,False,False,429,-43.647377014160156,-45.75123596191406,1
No print has looked like more than five prints.,No print has looked like at least five prints.,semantics,quantifiers,superlative_quantifiers_1,True,False,False,False,430,-54.390933990478516,-54.55967712402344,1
No child examines fewer than nine plays.,No child examines at most nine plays.,semantics,quantifiers,superlative_quantifiers_1,True,False,False,False,431,-54.598182678222656,-57.7067756652832,1
No person could boycott fewer than four rivers.,No person could boycott at most four rivers.,semantics,quantifiers,superlative_quantifiers_1,True,False,False,False,432,-56.57080078125,-59.1468505859375,1
No teacher drives to fewer than nine hospitals.,No teacher drives to at most nine hospitals.,semantics,quantifiers,superlative_quantifiers_1,True,False,False,False,433,-59.93138885498047,-62.3426513671875,1
No actor has cleaned more than nine cars.,No actor has cleaned at least nine cars.,semantics,quantifiers,superlative_quantifiers_1,True,False,False,False,434,-47.7384033203125,-47.45604705810547,0
No man toured more than eight schools.,No man toured at least eight schools.,semantics,quantifiers,superlative_quantifiers_1,True,False,False,False,435,-44.85594940185547,-46.19703674316406,1
No guy might drive to more than eight hills.,No guy might drive to at least eight hills.,semantics,quantifiers,superlative_quantifiers_1,True,False,False,False,436,-57.32586669921875,-58.36058044433594,1
No adult did scan more than nine newspaper articles.,No adult did scan at least nine newspaper articles.,semantics,quantifiers,superlative_quantifiers_1,True,False,False,False,437,-67.94843292236328,-68.55728149414062,1
No actor is watching fewer than four pedestrians.,No actor is watching at most four pedestrians.,semantics,quantifiers,superlative_quantifiers_1,True,False,False,False,438,-54.675201416015625,-57.21101379394531,1
No man might think about fewer than seven committees.,No man might think about at most seven committees.,semantics,quantifiers,superlative_quantifiers_1,True,False,False,False,439,-56.72999572753906,-60.20231628417969,1
No woman is exploring fewer than ten museums.,No woman is exploring at most ten museums.,semantics,quantifiers,superlative_quantifiers_1,True,False,False,False,440,-55.246315002441406,-57.23398971557617,1
No person had fixed fewer than six glasses.,No person had fixed at most six glasses.,semantics,quantifiers,superlative_quantifiers_1,True,False,False,False,441,-55.382022857666016,-57.323944091796875,1
No boy has thought about more than five pies.,No boy has thought about at least five pies.,semantics,quantifiers,superlative_quantifiers_1,True,False,False,False,442,-53.50836944580078,-54.487545013427734,1
No guest observes more than four children.,No guest observes at least four children.,semantics,quantifiers,superlative_quantifiers_1,True,False,False,False,443,-46.557891845703125,-48.488922119140625,1
No teacher boasts about more than ten movies.,No teacher boasts about at least ten movies.,semantics,quantifiers,superlative_quantifiers_1,True,False,False,False,444,-52.42119216918945,-57.33042907714844,1
No actress fixes fewer than six forks.,No actress fixes at most six forks.,semantics,quantifiers,superlative_quantifiers_1,True,False,False,False,445,-57.80759811401367,-58.04814147949219,1
No boy is disgusting more than nine students.,No boy is disgusting at least nine students.,semantics,quantifiers,superlative_quantifiers_1,True,False,False,False,446,-51.467002868652344,-50.11777877807617,0
No actor had noticed fewer than nine lakes.,No actor had noticed at most nine lakes.,semantics,quantifiers,superlative_quantifiers_1,True,False,False,False,447,-56.72148132324219,-58.41442108154297,1
No museum was taking more than four planes.,No museum was taking at least four planes.,semantics,quantifiers,superlative_quantifiers_1,True,False,False,False,448,-45.745845794677734,-50.486358642578125,1
No man returned to fewer than three ladies.,No man returned to at most three ladies.,semantics,quantifiers,superlative_quantifiers_1,True,False,False,False,449,-51.35346984863281,-53.98589324951172,1
No waiter was messing up fewer than two restaurants.,No waiter was messing up at most two restaurants.,semantics,quantifiers,superlative_quantifiers_1,True,False,False,False,450,-64.44776153564453,-63.715660095214844,0
No grocery store upset fewer than six girls.,No grocery store upset at most six girls.,semantics,quantifiers,superlative_quantifiers_1,True,False,False,False,451,-58.53009033203125,-58.85137939453125,1
No company works with fewer than two women.,No company works with at most two women.,semantics,quantifiers,superlative_quantifiers_1,True,False,False,False,452,-46.17280197143555,-51.66567611694336,1
No teenager descends more than seven slopes.,No teenager descends at least seven slopes.,semantics,quantifiers,superlative_quantifiers_1,True,False,False,False,453,-55.6658935546875,-56.12113571166992,1
No organization buys fewer than eight chairs.,No organization buys at most eight chairs.,semantics,quantifiers,superlative_quantifiers_1,True,False,False,False,454,-53.249229431152344,-55.262760162353516,1
No guy was concealing fewer than five pedestrians.,No guy was concealing at most five pedestrians.,semantics,quantifiers,superlative_quantifiers_1,True,False,False,False,455,-67.50103759765625,-69.43003845214844,1
No horse does ascend more than four hills.,No horse does ascend at least four hills.,semantics,quantifiers,superlative_quantifiers_1,True,False,False,False,456,-59.725032806396484,-59.86640548706055,1
No pedestrian brought fewer than nine doors.,No pedestrian brought at most nine doors.,semantics,quantifiers,superlative_quantifiers_1,True,False,False,False,457,-55.29757308959961,-56.51990509033203,1
No customer would kiss fewer than three actors.,No customer would kiss at most three actors.,semantics,quantifiers,superlative_quantifiers_1,True,False,False,False,458,-57.35165786743164,-58.170013427734375,1
No guest might care for more than nine guests.,No guest might care for at least nine guests.,semantics,quantifiers,superlative_quantifiers_1,True,False,False,False,459,-54.75151824951172,-58.43301773071289,1
No pedestrian had taken more than ten dishes.,No pedestrian had taken at least ten dishes.,semantics,quantifiers,superlative_quantifiers_1,True,False,False,False,460,-50.09881591796875,-53.262062072753906,1
No man will drive to more than two closets.,No man will drive to at least two closets.,semantics,quantifiers,superlative_quantifiers_1,True,False,False,False,461,-53.10051345825195,-54.03569793701172,1
No driver questioned more than ten waitresses.,No driver questioned at least ten waitresses.,semantics,quantifiers,superlative_quantifiers_1,True,False,False,False,462,-60.17544937133789,-62.64143753051758,1
No public park has looked like more than five drawings.,No public park has looked like at least five drawings.,semantics,quantifiers,superlative_quantifiers_1,True,False,False,False,463,-61.337093353271484,-63.22525405883789,1
No senator can know more than two dancers.,No senator can know at least two dancers.,semantics,quantifiers,superlative_quantifiers_1,True,False,False,False,464,-47.4018669128418,-50.12916564941406,1
No doctor can exit fewer than two art galleries.,No doctor can exit at most two art galleries.,semantics,quantifiers,superlative_quantifiers_1,True,False,False,False,465,-63.06288528442383,-64.96929931640625,1
No lady had listened to fewer than five actresses.,No lady had listened to at most five actresses.,semantics,quantifiers,superlative_quantifiers_1,True,False,False,False,466,-65.29904174804688,-67.39559173583984,1
No cat descended more than eight ladders.,No cat descended at least eight ladders.,semantics,quantifiers,superlative_quantifiers_1,True,False,False,False,467,-57.81548309326172,-58.12474060058594,1
No teacher was lifting more than five public parks.,No teacher was lifting at least five public parks.,semantics,quantifiers,superlative_quantifiers_1,True,False,False,False,468,-58.637290954589844,-58.636619567871094,0
No patient was exiting more than six public parks.,No patient was exiting at least six public parks.,semantics,quantifiers,superlative_quantifiers_1,True,False,False,False,469,-58.10870361328125,-61.644996643066406,1
No cashier should talk about fewer than ten schools.,No cashier should talk about at most ten schools.,semantics,quantifiers,superlative_quantifiers_1,True,False,False,False,470,-66.38633728027344,-70.2325210571289,1
No patient is boasting about fewer than five men.,No patient is boasting about at most five men.,semantics,quantifiers,superlative_quantifiers_1,True,False,False,False,471,-58.989933013916016,-63.71893310546875,1
No lady watched more than six doctors.,No lady watched at least six doctors.,semantics,quantifiers,superlative_quantifiers_1,True,False,False,False,472,-45.46643829345703,-47.575016021728516,1
No actor was scanning more than four movies.,No actor was scanning at least four movies.,semantics,quantifiers,superlative_quantifiers_1,True,False,False,False,473,-47.324684143066406,-47.638710021972656,1
No waitress had cleaned more than ten forks.,No waitress had cleaned at least ten forks.,semantics,quantifiers,superlative_quantifiers_1,True,False,False,False,474,-57.37410354614258,-58.06982421875,1
No teacher should fire fewer than four waitresses.,No teacher should fire at most four waitresses.,semantics,quantifiers,superlative_quantifiers_1,True,False,False,False,475,-75.41063690185547,-76.92707061767578,1
No boy was talking about more than three drivers.,No boy was talking about at least three drivers.,semantics,quantifiers,superlative_quantifiers_1,True,False,False,False,476,-44.34941101074219,-46.29042053222656,1
No patient hires fewer than four waiters.,No patient hires at most four waiters.,semantics,quantifiers,superlative_quantifiers_1,True,False,False,False,477,-63.672664642333984,-64.75534057617188,1
No school is taking fewer than seven doors.,No school is taking at most seven doors.,semantics,quantifiers,superlative_quantifiers_1,True,False,False,False,478,-49.52648162841797,-53.271148681640625,1
No legislature does respect fewer than two hills.,No legislature does respect at most two hills.,semantics,quantifiers,superlative_quantifiers_1,True,False,False,False,479,-62.53477478027344,-64.87667846679688,1
No driver had fixed more than ten mirrors.,No driver had fixed at least ten mirrors.,semantics,quantifiers,superlative_quantifiers_1,True,False,False,False,480,-53.34998321533203,-53.2393798828125,0
No senator will hug fewer than eight men.,No senator will hug at most eight men.,semantics,quantifiers,superlative_quantifiers_1,True,False,False,False,481,-57.9141960144043,-58.32667541503906,1
No girl would respect more than four ladies.,No girl would respect at least four ladies.,semantics,quantifiers,superlative_quantifiers_1,True,False,False,False,482,-50.05790328979492,-51.63966369628906,1
No waiter attacked fewer than nine men.,No waiter attacked at most nine men.,semantics,quantifiers,superlative_quantifiers_1,True,False,False,False,483,-55.25363540649414,-56.28501892089844,1
No senator was admiring fewer than nine snakes.,No senator was admiring at most nine snakes.,semantics,quantifiers,superlative_quantifiers_1,True,False,False,False,484,-70.47542572021484,-71.22001647949219,1
No cashier has cleaned fewer than eight couches.,No cashier has cleaned at most eight couches.,semantics,quantifiers,superlative_quantifiers_1,True,False,False,False,485,-72.05645751953125,-72.65628814697266,1
No girl had cleaned more than two apples.,No girl had cleaned at least two apples.,semantics,quantifiers,superlative_quantifiers_1,True,False,False,False,486,-51.55449676513672,-50.874542236328125,0
No pedestrian is biking to more than five schools.,No pedestrian is biking to at least five schools.,semantics,quantifiers,superlative_quantifiers_1,True,False,False,False,487,-53.78759765625,-55.937767028808594,1
No senator researched more than nine mountains.,No senator researched at least nine mountains.,semantics,quantifiers,superlative_quantifiers_1,True,False,False,False,488,-51.90509796142578,-54.62421798706055,1
No glacier is confusing more than four adults.,No glacier is confusing at least four adults.,semantics,quantifiers,superlative_quantifiers_1,True,False,False,False,489,-49.82725143432617,-49.93333435058594,1
No eggplant stunned fewer than two ladies.,No eggplant stunned at most two ladies.,semantics,quantifiers,superlative_quantifiers_1,True,False,False,False,490,-65.279296875,-66.08648681640625,1
No teacher is describing fewer than six rivers.,No teacher is describing at most six rivers.,semantics,quantifiers,superlative_quantifiers_1,True,False,False,False,491,-55.964744567871094,-60.12812805175781,1
No horse is ascending more than two slopes.,No horse is ascending at least two slopes.,semantics,quantifiers,superlative_quantifiers_1,True,False,False,False,492,-54.830535888671875,-53.058563232421875,0
No teenager has irritated more than four guests.,No teenager has irritated at least four guests.,semantics,quantifiers,superlative_quantifiers_1,True,False,False,False,493,-50.36124038696289,-51.1863899230957,1
No driver had revealed more than five planes.,No driver had revealed at least five planes.,semantics,quantifiers,superlative_quantifiers_1,True,False,False,False,494,-46.65838623046875,-47.15180206298828,1
No girl has more than eight casseroles.,No girl has at least eight casseroles.,semantics,quantifiers,superlative_quantifiers_1,True,False,False,False,495,-56.83024215698242,-59.86906433105469,1
No lady is returning to more than four girls.,No lady is returning to at least four girls.,semantics,quantifiers,superlative_quantifiers_1,True,False,False,False,496,-48.39992904663086,-49.494834899902344,1
No man fixes fewer than two plates.,No man fixes at most two plates.,semantics,quantifiers,superlative_quantifiers_1,True,False,False,False,497,-51.93492126464844,-52.910850524902344,1
No waiter examines more than five plays.,No waiter examines at least five plays.,semantics,quantifiers,superlative_quantifiers_1,True,False,False,False,498,-49.054725646972656,-51.95756530761719,1
No student has argued about more than ten newspaper articles.,No student has argued about at least ten newspaper articles.,semantics,quantifiers,superlative_quantifiers_1,True,False,False,False,499,-64.51405334472656,-66.99421691894531,1
No company might dislike more than ten books.,No company might dislike at least ten books.,semantics,quantifiers,superlative_quantifiers_1,True,False,False,False,500,-50.68900680541992,-54.35050964355469,1
No boy should heal fewer than eight turtles.,No boy should heal at most eight turtles.,semantics,quantifiers,superlative_quantifiers_1,True,False,False,False,501,-59.99783706665039,-63.07540512084961,1
No museum had praised more than six men.,No museum had praised at least six men.,semantics,quantifiers,superlative_quantifiers_1,True,False,False,False,502,-51.20783996582031,-54.3969841003418,1
No boy flees from fewer than ten boys.,No boy flees from at most ten boys.,semantics,quantifiers,superlative_quantifiers_1,True,False,False,False,503,-63.85939025878906,-66.56941223144531,1
No guest fixes fewer than nine trucks.,No guest fixes at most nine trucks.,semantics,quantifiers,superlative_quantifiers_1,True,False,False,False,504,-56.381710052490234,-55.6711311340332,0
No legislature had loved fewer than six stories.,No legislature had loved at most six stories.,semantics,quantifiers,superlative_quantifiers_1,True,False,False,False,505,-54.64009475708008,-56.33488845825195,1
No lady wears more than six shirts.,No lady wears at least six shirts.,semantics,quantifiers,superlative_quantifiers_1,True,False,False,False,506,-46.642982482910156,-49.221275329589844,1
No bird is climbing up more than ten slopes.,No bird is climbing up at least ten slopes.,semantics,quantifiers,superlative_quantifiers_1,True,False,False,False,507,-59.07046890258789,-57.61149597167969,0
No customer passed fewer than seven college campuses.,No customer passed at most seven college campuses.,semantics,quantifiers,superlative_quantifiers_1,True,False,False,False,508,-58.56500244140625,-60.33209228515625,1
No student has disliked fewer than four closets.,No student has disliked at most four closets.,semantics,quantifiers,superlative_quantifiers_1,True,False,False,False,509,-60.46923828125,-64.48633575439453,1
No man forgets fewer than eight essays.,No man forgets at most eight essays.,semantics,quantifiers,superlative_quantifiers_1,True,False,False,False,510,-62.60050964355469,-63.26417541503906,1
No girl is examining fewer than four stories.,No girl is examining at most four stories.,semantics,quantifiers,superlative_quantifiers_1,True,False,False,False,511,-54.464603424072266,-57.53453063964844,1
No cashier sold more than three cars.,No cashier sold at least three cars.,semantics,quantifiers,superlative_quantifiers_1,True,False,False,False,512,-51.17420196533203,-52.264892578125,1
No cashier boycotts fewer than five universities.,No cashier boycotts at most five universities.,semantics,quantifiers,superlative_quantifiers_1,True,False,False,False,513,-71.21835327148438,-70.2606430053711,0
No organization can talk to fewer than nine pedestrians.,No organization can talk to at most nine pedestrians.,semantics,quantifiers,superlative_quantifiers_1,True,False,False,False,514,-60.79970169067383,-63.4490852355957,1
No boy is curing more than four adults.,No boy is curing at least four adults.,semantics,quantifiers,superlative_quantifiers_1,True,False,False,False,515,-50.39883804321289,-50.726890563964844,1
No skirt might embarrass fewer than five actors.,No skirt might embarrass at most five actors.,semantics,quantifiers,superlative_quantifiers_1,True,False,False,False,516,-61.34174346923828,-64.71928405761719,1
No bike has bothered more than seven adults.,No bike has bothered at least seven adults.,semantics,quantifiers,superlative_quantifiers_1,True,False,False,False,517,-49.69535827636719,-52.42164611816406,1
No senator might escape from more than eight senators.,No senator might escape from at least eight senators.,semantics,quantifiers,superlative_quantifiers_1,True,False,False,False,518,-62.34003829956055,-64.88383483886719,1
No dancer had hidden more than five actresses.,No dancer had hidden at least five actresses.,semantics,quantifiers,superlative_quantifiers_1,True,False,False,False,519,-58.36537170410156,-59.07357406616211,1
No person did watch fewer than six children.,No person did watch at most six children.,semantics,quantifiers,superlative_quantifiers_1,True,False,False,False,520,-51.97611999511719,-52.458168029785156,1
No woman did cure fewer than seven horses.,No woman did cure at most seven horses.,semantics,quantifiers,superlative_quantifiers_1,True,False,False,False,521,-55.800315856933594,-59.539825439453125,1
No girl watches fewer than ten adults.,No girl watches at most ten adults.,semantics,quantifiers,superlative_quantifiers_1,True,False,False,False,522,-52.54746627807617,-52.688087463378906,1
No hamster ascends fewer than four slopes.,No hamster ascends at most four slopes.,semantics,quantifiers,superlative_quantifiers_1,True,False,False,False,523,-67.11265563964844,-69.9521484375,1
No plate was scaring more than six girls.,No plate was scaring at least six girls.,semantics,quantifiers,superlative_quantifiers_1,True,False,False,False,524,-58.202842712402344,-58.29120635986328,1
No student was ascending fewer than five hills.,No student was ascending at most five hills.,semantics,quantifiers,superlative_quantifiers_1,True,False,False,False,525,-59.32642364501953,-61.514251708984375,1
No person passes fewer than three museums.,No person passes at most three museums.,semantics,quantifiers,superlative_quantifiers_1,True,False,False,False,526,-48.75994110107422,-50.8510627746582,1
No lady questions fewer than six men.,No lady questions at most six men.,semantics,quantifiers,superlative_quantifiers_1,True,False,False,False,527,-50.036102294921875,-49.6641960144043,0
No man hugs fewer than seven senators.,No man hugs at most seven senators.,semantics,quantifiers,superlative_quantifiers_1,True,False,False,False,528,-56.49296951293945,-57.6636848449707,1
No woman has skated around fewer than five glaciers.,No woman has skated around at most five glaciers.,semantics,quantifiers,superlative_quantifiers_1,True,False,False,False,529,-69.76162719726562,-73.32208251953125,1
No patient lifted fewer than nine eyes.,No patient lifted at most nine eyes.,semantics,quantifiers,superlative_quantifiers_1,True,False,False,False,530,-54.268733978271484,-57.80315399169922,1
No waitress was listening to more than four students.,No waitress was listening to at least four students.,semantics,quantifiers,superlative_quantifiers_1,True,False,False,False,531,-51.34053039550781,-53.63581848144531,1
No child has admired fewer than four socks.,No child has admired at most four socks.,semantics,quantifiers,superlative_quantifiers_1,True,False,False,False,532,-56.107276916503906,-59.14414596557617,1
No customer fired more than six children.,No customer fired at least six children.,semantics,quantifiers,superlative_quantifiers_1,True,False,False,False,533,-39.73215103149414,-41.46433639526367,1
No doctor is talking to more than five actresses.,No doctor is talking to at least five actresses.,semantics,quantifiers,superlative_quantifiers_1,True,False,False,False,534,-55.0814208984375,-56.41071319580078,1
No driver could clean fewer than seven restaurants.,No driver could clean at most seven restaurants.,semantics,quantifiers,superlative_quantifiers_1,True,False,False,False,535,-53.19234848022461,-54.5260009765625,1
No man boasts about fewer than eight adults.,No man boasts about at most eight adults.,semantics,quantifiers,superlative_quantifiers_1,True,False,False,False,536,-58.379478454589844,-61.967002868652344,1
No pedestrian can know more than eight men.,No pedestrian can know at least eight men.,semantics,quantifiers,superlative_quantifiers_1,True,False,False,False,537,-46.913780212402344,-50.44651794433594,1
No student has sold more than six restaurants.,No student has sold at least six restaurants.,semantics,quantifiers,superlative_quantifiers_1,True,False,False,False,538,-43.927406311035156,-45.39555358886719,1
No man cleans more than four casseroles.,No man cleans at least four casseroles.,semantics,quantifiers,superlative_quantifiers_1,True,False,False,False,539,-60.912086486816406,-63.10630798339844,1
No pedestrian had healed fewer than three guys.,No pedestrian had healed at most three guys.,semantics,quantifiers,superlative_quantifiers_1,True,False,False,False,540,-61.198360443115234,-60.81513214111328,0
No shawl will bore fewer than five men.,No shawl will bore at most five men.,semantics,quantifiers,superlative_quantifiers_1,True,False,False,False,541,-69.10508728027344,-72.88539123535156,1
No child would hug fewer than two guys.,No child would hug at most two guys.,semantics,quantifiers,superlative_quantifiers_1,True,False,False,False,542,-56.517574310302734,-56.856353759765625,1
No organization had sold fewer than four slopes.,No organization had sold at most four slopes.,semantics,quantifiers,superlative_quantifiers_1,True,False,False,False,543,-56.38667678833008,-57.87134552001953,1
No girl might criticize more than four closets.,No girl might criticize at least four closets.,semantics,quantifiers,superlative_quantifiers_1,True,False,False,False,544,-59.98910903930664,-63.14122772216797,1
No library did help fewer than eight drivers.,No library did help at most eight drivers.,semantics,quantifiers,superlative_quantifiers_1,True,False,False,False,545,-56.13016891479492,-57.63408660888672,1
No adult arrived at fewer than three malls.,No adult arrived at at most three malls.,semantics,quantifiers,superlative_quantifiers_1,True,False,False,False,546,-55.07236099243164,-58.22291946411133,1
No boy hated fewer than four essays.,No boy hated at most four essays.,semantics,quantifiers,superlative_quantifiers_1,True,False,False,False,547,-54.382423400878906,-56.436279296875,1
No teacher does climb down fewer than two hills.,No teacher does climb down at most two hills.,semantics,quantifiers,superlative_quantifiers_1,True,False,False,False,548,-64.74828338623047,-65.62583923339844,1
No man talked about more than four pedestrians.,No man talked about at least four pedestrians.,semantics,quantifiers,superlative_quantifiers_1,True,False,False,False,549,-49.753448486328125,-52.93556213378906,1
No waiter has concealed fewer than two mushrooms.,No waiter has concealed at most two mushrooms.,semantics,quantifiers,superlative_quantifiers_1,True,False,False,False,550,-58.50453186035156,-63.28166961669922,1
No teenager should complain about more than five actors.,No teenager should complain about at least five actors.,semantics,quantifiers,superlative_quantifiers_1,True,False,False,False,551,-53.280174255371094,-55.09862518310547,1
No teacher buys more than eight shoes.,No teacher buys at least eight shoes.,semantics,quantifiers,superlative_quantifiers_1,True,False,False,False,552,-49.01692199707031,-51.027076721191406,1
No man had found more than two men.,No man had found at least two men.,semantics,quantifiers,superlative_quantifiers_1,True,False,False,False,553,-40.43896484375,-40.91358947753906,1
No adult is discovering more than two slopes.,No adult is discovering at least two slopes.,semantics,quantifiers,superlative_quantifiers_1,True,False,False,False,554,-50.16168975830078,-53.58721923828125,1
No customer should care for fewer than three teenagers.,No customer should care for at most three teenagers.,semantics,quantifiers,superlative_quantifiers_1,True,False,False,False,555,-56.98229217529297,-60.68872833251953,1
No cup might hurt fewer than seven girls.,No cup might hurt at most seven girls.,semantics,quantifiers,superlative_quantifiers_1,True,False,False,False,556,-57.41759490966797,-59.170310974121094,1
No child admires more than three candles.,No child admires at least three candles.,semantics,quantifiers,superlative_quantifiers_1,True,False,False,False,557,-57.562870025634766,-55.604820251464844,0
No girl was hugging more than six men.,No girl was hugging at least six men.,semantics,quantifiers,superlative_quantifiers_1,True,False,False,False,558,-47.639862060546875,-49.084495544433594,1
No adult did think about more than five skirts.,No adult did think about at least five skirts.,semantics,quantifiers,superlative_quantifiers_1,True,False,False,False,559,-54.07350158691406,-56.07810974121094,1
No actress is irritating fewer than four committees.,No actress is irritating at most four committees.,semantics,quantifiers,superlative_quantifiers_1,True,False,False,False,560,-58.78845977783203,-61.70915603637695,1
No picture looks like more than eight lakes.,No picture looks like at least eight lakes.,semantics,quantifiers,superlative_quantifiers_1,True,False,False,False,561,-46.60450744628906,-48.403587341308594,1
No adult has revealed fewer than seven spotlights.,No adult has revealed at most seven spotlights.,semantics,quantifiers,superlative_quantifiers_1,True,False,False,False,562,-63.174652099609375,-65.94256591796875,1
No lady had sold more than ten scarves.,No lady had sold at least ten scarves.,semantics,quantifiers,superlative_quantifiers_1,True,False,False,False,563,-60.48822021484375,-61.58256530761719,1
No girl could think about more than seven libraries.,No girl could think about at least seven libraries.,semantics,quantifiers,superlative_quantifiers_1,True,False,False,False,564,-51.45732879638672,-54.879425048828125,1
No closet bothered more than eight customers.,No closet bothered at least eight customers.,semantics,quantifiers,superlative_quantifiers_1,True,False,False,False,565,-50.42206573486328,-51.460731506347656,1
No eye might disgust fewer than seven waitresses.,No eye might disgust at most seven waitresses.,semantics,quantifiers,superlative_quantifiers_1,True,False,False,False,566,-78.95013427734375,-81.30118560791016,1
No dancer sounded like more than three hospitals.,No dancer sounded like at least three hospitals.,semantics,quantifiers,superlative_quantifiers_1,True,False,False,False,567,-53.63905334472656,-55.79692077636719,1
No nose has annoyed more than three actresses.,No nose has annoyed at least three actresses.,semantics,quantifiers,superlative_quantifiers_1,True,False,False,False,568,-57.79909133911133,-56.75944519042969,0
No cashier climbed down more than eight stairs.,No cashier climbed down at least eight stairs.,semantics,quantifiers,superlative_quantifiers_1,True,False,False,False,569,-62.70783996582031,-63.89735794067383,1
No teacher should fix fewer than eight cups.,No teacher should fix at most eight cups.,semantics,quantifiers,superlative_quantifiers_1,True,False,False,False,570,-56.72446060180664,-59.691253662109375,1
No child should break fewer than three screens.,No child should break at most three screens.,semantics,quantifiers,superlative_quantifiers_1,True,False,False,False,571,-53.7917366027832,-55.60601043701172,1
No teenager should cure fewer than three adults.,No teenager should cure at most three adults.,semantics,quantifiers,superlative_quantifiers_1,True,False,False,False,572,-55.4674072265625,-58.84595489501953,1
No dancer has concealed more than seven guests.,No dancer has concealed at least seven guests.,semantics,quantifiers,superlative_quantifiers_1,True,False,False,False,573,-50.74855041503906,-53.35267639160156,1
No screen could stun more than eight customers.,No screen could stun at least eight customers.,semantics,quantifiers,superlative_quantifiers_1,True,False,False,False,574,-54.26758575439453,-56.29425811767578,1
No pedestrian might attack more than four women.,No pedestrian might attack at least four women.,semantics,quantifiers,superlative_quantifiers_1,True,False,False,False,575,-52.59892272949219,-53.51002502441406,1
No cashier was buying more than four high schools.,No cashier was buying at least four high schools.,semantics,quantifiers,superlative_quantifiers_1,True,False,False,False,576,-63.69893264770508,-65.47638702392578,1
No teacher had broken fewer than five chairs.,No teacher had broken at most five chairs.,semantics,quantifiers,superlative_quantifiers_1,True,False,False,False,577,-56.31101989746094,-57.00404357910156,1
No lady skated around more than seven museums.,No lady skated around at least seven museums.,semantics,quantifiers,superlative_quantifiers_1,True,False,False,False,578,-59.309776306152344,-60.99137878417969,1
No cashier fled from fewer than five people.,No cashier fled from at most five people.,semantics,quantifiers,superlative_quantifiers_1,True,False,False,False,579,-63.47537612915039,-67.35972595214844,1
No guy was criticizing more than five hills.,No guy was criticizing at least five hills.,semantics,quantifiers,superlative_quantifiers_1,True,False,False,False,580,-51.35578155517578,-52.30760192871094,1
No pedestrian has seen fewer than seven cats.,No pedestrian has seen at most seven cats.,semantics,quantifiers,superlative_quantifiers_1,True,False,False,False,581,-52.481475830078125,-56.633941650390625,1
No child has passed more than four mountains.,No child has passed at least four mountains.,semantics,quantifiers,superlative_quantifiers_1,True,False,False,False,582,-43.32842254638672,-45.44903564453125,1
No government concealed more than eight waitresses.,No government concealed at least eight waitresses.,semantics,quantifiers,superlative_quantifiers_1,True,False,False,False,583,-63.95387268066406,-66.76261138916016,1
No cashier did remember fewer than seven schools.,No cashier did remember at most seven schools.,semantics,quantifiers,superlative_quantifiers_1,True,False,False,False,584,-66.88105773925781,-69.12811279296875,1
No lady had visited more than six movie theaters.,No lady had visited at least six movie theaters.,semantics,quantifiers,superlative_quantifiers_1,True,False,False,False,585,-62.177207946777344,-62.79530334472656,1
No senator drives to more than three closets.,No senator drives to at least three closets.,semantics,quantifiers,superlative_quantifiers_1,True,False,False,False,586,-56.72638702392578,-59.43745422363281,1
No teenager has thought about more than six waiters.,No teenager has thought about at least six waiters.,semantics,quantifiers,superlative_quantifiers_1,True,False,False,False,587,-62.505882263183594,-64.52558898925781,1
No driver could fix more than four couches.,No driver could fix at least four couches.,semantics,quantifiers,superlative_quantifiers_1,True,False,False,False,588,-49.97703552246094,-52.089996337890625,1
No actor had hired fewer than eight women.,No actor had hired at most eight women.,semantics,quantifiers,superlative_quantifiers_1,True,False,False,False,589,-54.83958435058594,-55.44184112548828,1
No waiter investigated more than six pedestrians.,No waiter investigated at least six pedestrians.,semantics,quantifiers,superlative_quantifiers_1,True,False,False,False,590,-52.89984893798828,-54.89124298095703,1
No actor had worn more than seven coats.,No actor had worn at least seven coats.,semantics,quantifiers,superlative_quantifiers_1,True,False,False,False,591,-49.538795471191406,-49.18895721435547,0
No senator exits more than three lakes.,No senator exits at least three lakes.,semantics,quantifiers,superlative_quantifiers_1,True,False,False,False,592,-48.995872497558594,-49.21665954589844,1
No school would fire more than ten doctors.,No school would fire at least ten doctors.,semantics,quantifiers,superlative_quantifiers_1,True,False,False,False,593,-50.31629943847656,-51.24430847167969,1
No guest did examine fewer than seven books.,No guest did examine at most seven books.,semantics,quantifiers,superlative_quantifiers_1,True,False,False,False,594,-59.607181549072266,-62.27931594848633,1
No actress had noticed more than six books.,No actress had noticed at least six books.,semantics,quantifiers,superlative_quantifiers_1,True,False,False,False,595,-46.55440902709961,-48.746578216552734,1
No girl broke more than five windows.,No girl broke at least five windows.,semantics,quantifiers,superlative_quantifiers_1,True,False,False,False,596,-45.599857330322266,-46.83102798461914,1
No person could examine fewer than two documentaries.,No person could examine at most two documentaries.,semantics,quantifiers,superlative_quantifiers_1,True,False,False,False,597,-53.949859619140625,-57.55511474609375,1
No photograph had bored fewer than nine children.,No photograph had bored at most nine children.,semantics,quantifiers,superlative_quantifiers_1,True,False,False,False,598,-61.48322296142578,-60.54296112060547,0
No doctor has walked through fewer than ten lakes.,No doctor has walked through at most ten lakes.,semantics,quantifiers,superlative_quantifiers_1,True,False,False,False,599,-61.74401092529297,-64.69375610351562,1
No pedestrian reveals fewer than seven malls.,No pedestrian reveals at most seven malls.,semantics,quantifiers,superlative_quantifiers_1,True,False,False,False,600,-56.40314865112305,-60.3175048828125,1
No waiter did respect fewer than five waitresses.,No waiter did respect at most five waitresses.,semantics,quantifiers,superlative_quantifiers_1,True,False,False,False,601,-78.8338623046875,-79.85153198242188,1
No senator might resemble more than three drawings.,No senator might resemble at least three drawings.,semantics,quantifiers,superlative_quantifiers_1,True,False,False,False,602,-54.85148620605469,-58.681671142578125,1
No waitress will conceal more than six doctors.,No waitress will conceal at least six doctors.,semantics,quantifiers,superlative_quantifiers_1,True,False,False,False,603,-55.63132095336914,-59.00935363769531,1
No pedestrian examined more than five documentaries.,No pedestrian examined at least five documentaries.,semantics,quantifiers,superlative_quantifiers_1,True,False,False,False,604,-50.40961837768555,-51.51178741455078,1
No association has fewer than three carriages.,No association has at most three carriages.,semantics,quantifiers,superlative_quantifiers_1,True,False,False,False,605,-52.61326599121094,-56.66468048095703,1
No actor was healing fewer than eight drivers.,No actor was healing at most eight drivers.,semantics,quantifiers,superlative_quantifiers_1,True,False,False,False,606,-56.75628662109375,-57.20325469970703,1
No person will cure fewer than seven teenagers.,No person will cure at most seven teenagers.,semantics,quantifiers,superlative_quantifiers_1,True,False,False,False,607,-52.518775939941406,-56.69621658325195,1
No casserole looks like fewer than six pictures.,No casserole looks like at most six pictures.,semantics,quantifiers,superlative_quantifiers_1,True,False,False,False,608,-63.00910186767578,-66.83163452148438,1
No patient is exiting more than seven college campuses.,No patient is exiting at least seven college campuses.,semantics,quantifiers,superlative_quantifiers_1,True,False,False,False,609,-59.30588912963867,-62.12874984741211,1
No company was bothering more than nine actresses.,No company was bothering at least nine actresses.,semantics,quantifiers,superlative_quantifiers_1,True,False,False,False,610,-55.462425231933594,-55.034034729003906,0
No lady sees more than four waitresses.,No lady sees at least four waitresses.,semantics,quantifiers,superlative_quantifiers_1,True,False,False,False,611,-58.27240753173828,-61.15324020385742,1
No person helps more than three customers.,No person helps at least three customers.,semantics,quantifiers,superlative_quantifiers_1,True,False,False,False,612,-39.46710205078125,-40.432762145996094,1
No doctor has walked through more than nine restaurants.,No doctor has walked through at least nine restaurants.,semantics,quantifiers,superlative_quantifiers_1,True,False,False,False,613,-54.917396545410156,-57.05042266845703,1
No cake would annoy more than seven actresses.,No cake would annoy at least seven actresses.,semantics,quantifiers,superlative_quantifiers_1,True,False,False,False,614,-61.845947265625,-64.04312133789062,1
No print can look like fewer than nine adults.,No print can look like at most nine adults.,semantics,quantifiers,superlative_quantifiers_1,True,False,False,False,615,-58.656776428222656,-60.27099609375,1
No patient knew fewer than two drivers.,No patient knew at most two drivers.,semantics,quantifiers,superlative_quantifiers_1,True,False,False,False,616,-47.95862579345703,-50.7573127746582,1
No snake does break more than seven couches.,No snake does break at least seven couches.,semantics,quantifiers,superlative_quantifiers_1,True,False,False,False,617,-61.21392059326172,-63.493736267089844,1
No dancer descended more than nine steps.,No dancer descended at least nine steps.,semantics,quantifiers,superlative_quantifiers_1,True,False,False,False,618,-49.674442291259766,-50.30945587158203,1
No teacher goes to fewer than four movie theaters.,No teacher goes to at most four movie theaters.,semantics,quantifiers,superlative_quantifiers_1,True,False,False,False,619,-64.24115753173828,-67.0007095336914,1
No guy does insult fewer than nine banks.,No guy does insult at most nine banks.,semantics,quantifiers,superlative_quantifiers_1,True,False,False,False,620,-62.432899475097656,-64.50997161865234,1
No waitress has described more than three banks.,No waitress has described at least three banks.,semantics,quantifiers,superlative_quantifiers_1,True,False,False,False,621,-50.14044189453125,-51.855934143066406,1
No woman will return to more than ten movie theaters.,No woman will return to at least ten movie theaters.,semantics,quantifiers,superlative_quantifiers_1,True,False,False,False,622,-61.34596252441406,-63.8746337890625,1
No person was dropping by more than nine high schools.,No person was dropping by at least nine high schools.,semantics,quantifiers,superlative_quantifiers_1,True,False,False,False,623,-60.217350006103516,-62.092811584472656,1
No patient was going to more than six cafes.,No patient was going to at least six cafes.,semantics,quantifiers,superlative_quantifiers_1,True,False,False,False,624,-49.723243713378906,-51.77690887451172,1
No association remembers more than ten actors.,No association remembers at least ten actors.,semantics,quantifiers,superlative_quantifiers_1,True,False,False,False,625,-46.58189392089844,-49.16110610961914,1
No child had bought more than seven muffins.,No child had bought at least seven muffins.,semantics,quantifiers,superlative_quantifiers_1,True,False,False,False,626,-54.79179382324219,-57.22486114501953,1
No patient describes more than seven commentaries.,No patient describes at least seven commentaries.,semantics,quantifiers,superlative_quantifiers_1,True,False,False,False,627,-58.12248992919922,-61.428184509277344,1
No driver flees from more than four museums.,No driver flees from at least four museums.,semantics,quantifiers,superlative_quantifiers_1,True,False,False,False,628,-54.70724105834961,-58.51327896118164,1
No man is observing fewer than six students.,No man is observing at most six students.,semantics,quantifiers,superlative_quantifiers_1,True,False,False,False,629,-51.38665008544922,-53.88079071044922,1
No guy sounds like more than four high schools.,No guy sounds like at least four high schools.,semantics,quantifiers,superlative_quantifiers_1,True,False,False,False,630,-52.194175720214844,-54.47569274902344,1
No lady had biked to more than nine lakes.,No lady had biked to at least nine lakes.,semantics,quantifiers,superlative_quantifiers_1,True,False,False,False,631,-66.01610565185547,-67.9723892211914,1
No senator escapes from fewer than ten dancers.,No senator escapes from at most ten dancers.,semantics,quantifiers,superlative_quantifiers_1,True,False,False,False,632,-63.801483154296875,-68.64047241210938,1
No waiter was fleeing from fewer than two doctors.,No waiter was fleeing from at most two doctors.,semantics,quantifiers,superlative_quantifiers_1,True,False,False,False,633,-66.46867370605469,-70.17241668701172,1
No doctor had fled from more than seven hospitals.,No doctor had fled from at least seven hospitals.,semantics,quantifiers,superlative_quantifiers_1,True,False,False,False,634,-57.807716369628906,-60.92360305786133,1
No senator discovered more than three couches.,No senator discovered at least three couches.,semantics,quantifiers,superlative_quantifiers_1,True,False,False,False,635,-51.77306365966797,-52.895999908447266,1
No child was healing fewer than three cashiers.,No child was healing at most three cashiers.,semantics,quantifiers,superlative_quantifiers_1,True,False,False,False,636,-67.40377807617188,-67.93760681152344,1
No child fled from more than three cafes.,No child fled from at least three cafes.,semantics,quantifiers,superlative_quantifiers_1,True,False,False,False,637,-50.40621566772461,-53.48068618774414,1
No man is annoying more than two people.,No man is annoying at least two people.,semantics,quantifiers,superlative_quantifiers_1,True,False,False,False,638,-40.999420166015625,-40.58407211303711,0
No actor is questioning fewer than nine pedestrians.,No actor is questioning at most nine pedestrians.,semantics,quantifiers,superlative_quantifiers_1,True,False,False,False,639,-60.65575408935547,-63.67219924926758,1
No cat climbs down more than two steps.,No cat climbs down at least two steps.,semantics,quantifiers,superlative_quantifiers_1,True,False,False,False,640,-48.66179275512695,-49.20794677734375,1
No woman has passed fewer than two malls.,No woman has passed at most two malls.,semantics,quantifiers,superlative_quantifiers_1,True,False,False,False,641,-52.704689025878906,-56.54839324951172,1
No senator concealed more than five children.,No senator concealed at least five children.,semantics,quantifiers,superlative_quantifiers_1,True,False,False,False,642,-45.33019256591797,-47.22821044921875,1
No unicycle was scaring fewer than two dancers.,No unicycle was scaring at most two dancers.,semantics,quantifiers,superlative_quantifiers_1,True,False,False,False,643,-75.65238952636719,-78.14085388183594,1
No company respected more than two mountains.,No company respected at least two mountains.,semantics,quantifiers,superlative_quantifiers_1,True,False,False,False,644,-45.2860107421875,-46.37131881713867,1
No cashier talked about more than nine grocery stores.,No cashier talked about at least nine grocery stores.,semantics,quantifiers,superlative_quantifiers_1,True,False,False,False,645,-64.626953125,-67.22059631347656,1
No teenager has fled from more than five museums.,No teenager has fled from at least five museums.,semantics,quantifiers,superlative_quantifiers_1,True,False,False,False,646,-55.581302642822266,-57.66754150390625,1
No waitress sounds like more than nine books.,No waitress sounds like at least nine books.,semantics,quantifiers,superlative_quantifiers_1,True,False,False,False,647,-53.16492462158203,-55.2752685546875,1
No man has sold more than ten eyes.,No man has sold at least ten eyes.,semantics,quantifiers,superlative_quantifiers_1,True,False,False,False,648,-45.891357421875,-46.48679733276367,1
No book does confuse more than four doctors.,No book does confuse at least four doctors.,semantics,quantifiers,superlative_quantifiers_1,True,False,False,False,649,-49.90960693359375,-53.15608596801758,1
No committee referenced fewer than two teachers.,No committee referenced at most two teachers.,semantics,quantifiers,superlative_quantifiers_1,True,False,False,False,650,-52.87509536743164,-55.71775817871094,1
No report was looking like more than ten sketches.,No report was looking like at least ten sketches.,semantics,quantifiers,superlative_quantifiers_1,True,False,False,False,651,-53.79846954345703,-56.00382995605469,1
No teacher was wearing more than nine gloves.,No teacher was wearing at least nine gloves.,semantics,quantifiers,superlative_quantifiers_1,True,False,False,False,652,-53.219451904296875,-55.24858093261719,1
No teenager goes to fewer than four grocery stores.,No teenager goes to at most four grocery stores.,semantics,quantifiers,superlative_quantifiers_1,True,False,False,False,653,-58.318050384521484,-61.206180572509766,1
No boy did escape from more than four patients.,No boy did escape from at least four patients.,semantics,quantifiers,superlative_quantifiers_1,True,False,False,False,654,-54.0233154296875,-56.544921875,1
No window resembles more than nine sketches.,No window resembles at least nine sketches.,semantics,quantifiers,superlative_quantifiers_1,True,False,False,False,655,-49.15434646606445,-51.18992614746094,1
No school was admiring fewer than three bicycles.,No school was admiring at most three bicycles.,semantics,quantifiers,superlative_quantifiers_1,True,False,False,False,656,-62.680179595947266,-62.59701156616211,0
No organization can stun fewer than four girls.,No organization can stun at most four girls.,semantics,quantifiers,superlative_quantifiers_1,True,False,False,False,657,-54.53272247314453,-58.99475860595703,1
No doctor climbs down fewer than four ladders.,No doctor climbs down at most four ladders.,semantics,quantifiers,superlative_quantifiers_1,True,False,False,False,658,-67.91629028320312,-69.88603210449219,1
No pie was confusing more than two boys.,No pie was confusing at least two boys.,semantics,quantifiers,superlative_quantifiers_1,True,False,False,False,659,-50.37187576293945,-49.99903106689453,0
No museum might buy fewer than three mushrooms.,No museum might buy at most three mushrooms.,semantics,quantifiers,superlative_quantifiers_1,True,False,False,False,660,-58.35541915893555,-62.307579040527344,1
No child had scared fewer than six students.,No child had scared at most six students.,semantics,quantifiers,superlative_quantifiers_1,True,False,False,False,661,-54.23889923095703,-54.26313018798828,1
No pie scares fewer than three pedestrians.,No pie scares at most three pedestrians.,semantics,quantifiers,superlative_quantifiers_1,True,False,False,False,662,-58.02656936645508,-58.414703369140625,1
No dancer does investigate fewer than nine cashiers.,No dancer does investigate at most nine cashiers.,semantics,quantifiers,superlative_quantifiers_1,True,False,False,False,663,-74.16023254394531,-78.12286376953125,1
No legislature listened to fewer than five doctors.,No legislature listened to at most five doctors.,semantics,quantifiers,superlative_quantifiers_1,True,False,False,False,664,-56.119972229003906,-59.772586822509766,1
No actress remembered more than four actors.,No actress remembered at least four actors.,semantics,quantifiers,superlative_quantifiers_1,True,False,False,False,665,-47.50926208496094,-49.68611526489258,1
No teenager had helped more than ten actresses.,No teenager had helped at least ten actresses.,semantics,quantifiers,superlative_quantifiers_1,True,False,False,False,666,-53.567420959472656,-55.26618576049805,1
No bank referenced fewer than nine movies.,No bank referenced at most nine movies.,semantics,quantifiers,superlative_quantifiers_1,True,False,False,False,667,-55.04881286621094,-56.461585998535156,1
No customer is exploring more than eight museums.,No customer is exploring at least eight museums.,semantics,quantifiers,superlative_quantifiers_1,True,False,False,False,668,-48.06490707397461,-49.5894889831543,1
No child is hiding more than ten forks.,No child is hiding at least ten forks.,semantics,quantifiers,superlative_quantifiers_1,True,False,False,False,669,-49.09285354614258,-49.6949462890625,1
No man discussed more than seven waitresses.,No man discussed at least seven waitresses.,semantics,quantifiers,superlative_quantifiers_1,True,False,False,False,670,-60.104637145996094,-61.75384521484375,1
No adult has talked about more than three customers.,No adult has talked about at least three customers.,semantics,quantifiers,superlative_quantifiers_1,True,False,False,False,671,-48.784446716308594,-50.61867904663086,1
No committee praised more than six cashiers.,No committee praised at least six cashiers.,semantics,quantifiers,superlative_quantifiers_1,True,False,False,False,672,-56.29119110107422,-58.820838928222656,1
No customer does drop by fewer than seven movie theaters.,No customer does drop by at most seven movie theaters.,semantics,quantifiers,superlative_quantifiers_1,True,False,False,False,673,-73.96146392822266,-77.54927062988281,1
No cashier should work with more than two senators.,No cashier should work with at least two senators.,semantics,quantifiers,superlative_quantifiers_1,True,False,False,False,674,-59.69291687011719,-62.86925506591797,1
No senator drives to more than eight libraries.,No senator drives to at least eight libraries.,semantics,quantifiers,superlative_quantifiers_1,True,False,False,False,675,-53.95079803466797,-56.883731842041016,1
No woman healed fewer than four actors.,No woman healed at most four actors.,semantics,quantifiers,superlative_quantifiers_1,True,False,False,False,676,-53.88072967529297,-56.334564208984375,1
No dancer has biked to more than five high schools.,No dancer has biked to at least five high schools.,semantics,quantifiers,superlative_quantifiers_1,True,False,False,False,677,-69.25941467285156,-70.89501953125,1
No cashier is breaking more than three convertibles.,No cashier is breaking at least three convertibles.,semantics,quantifiers,superlative_quantifiers_1,True,False,False,False,678,-70.275146484375,-71.11143493652344,1
No legislature is helping fewer than eight waiters.,No legislature is helping at most eight waiters.,semantics,quantifiers,superlative_quantifiers_1,True,False,False,False,679,-67.48950958251953,-71.37008666992188,1
No woman was arguing about more than seven students.,No woman was arguing about at least seven students.,semantics,quantifiers,superlative_quantifiers_1,True,False,False,False,680,-50.660011291503906,-53.224273681640625,1
No boy visits fewer than seven grocery stores.,No boy visits at most seven grocery stores.,semantics,quantifiers,superlative_quantifiers_1,True,False,False,False,681,-58.48868179321289,-58.281917572021484,0
No teacher went to more than ten high schools.,No teacher went to at least ten high schools.,semantics,quantifiers,superlative_quantifiers_1,True,False,False,False,682,-50.261940002441406,-53.74974060058594,1
No school should criticize more than ten hospitals.,No school should criticize at least ten hospitals.,semantics,quantifiers,superlative_quantifiers_1,True,False,False,False,683,-51.37344741821289,-56.05564880371094,1
No library could like more than nine drivers.,No library could like at least nine drivers.,semantics,quantifiers,superlative_quantifiers_1,True,False,False,False,684,-50.33888244628906,-53.053077697753906,1
No driver did climb up fewer than four stairs.,No driver did climb up at most four stairs.,semantics,quantifiers,superlative_quantifiers_1,True,False,False,False,685,-62.05645751953125,-61.3444709777832,0
No customer would break more than seven chairs.,No customer would break at least seven chairs.,semantics,quantifiers,superlative_quantifiers_1,True,False,False,False,686,-48.8336067199707,-50.88536834716797,1
No patient has returned to more than seven high schools.,No patient has returned to at least seven high schools.,semantics,quantifiers,superlative_quantifiers_1,True,False,False,False,687,-53.977516174316406,-56.18291091918945,1
No actress had disliked fewer than three pedestrians.,No actress had disliked at most three pedestrians.,semantics,quantifiers,superlative_quantifiers_1,True,False,False,False,688,-61.95845413208008,-63.25151062011719,1
No cashier had passed more than ten banks.,No cashier had passed at least ten banks.,semantics,quantifiers,superlative_quantifiers_1,True,False,False,False,689,-60.75012969970703,-63.011085510253906,1
No skateboard resembled more than five drawings.,No skateboard resembled at least five drawings.,semantics,quantifiers,superlative_quantifiers_1,True,False,False,False,690,-54.99156188964844,-56.57938766479492,1
No lady would think about more than six closets.,No lady would think about at least six closets.,semantics,quantifiers,superlative_quantifiers_1,True,False,False,False,691,-55.52469253540039,-57.60624694824219,1
No pedestrian runs around more than six high schools.,No pedestrian runs around at least six high schools.,semantics,quantifiers,superlative_quantifiers_1,True,False,False,False,692,-53.78413009643555,-57.24413299560547,1
No driver does break more than nine skateboards.,No driver does break at least nine skateboards.,semantics,quantifiers,superlative_quantifiers_1,True,False,False,False,693,-59.49095916748047,-60.816368103027344,1
No bank had distracted more than seven governments.,No bank had distracted at least seven governments.,semantics,quantifiers,superlative_quantifiers_1,True,False,False,False,694,-52.98121643066406,-54.167667388916016,1
No person had observed fewer than six students.,No person had observed at most six students.,semantics,quantifiers,superlative_quantifiers_1,True,False,False,False,695,-51.63331604003906,-51.865081787109375,1
No actor is boycotting fewer than four hills.,No actor is boycotting at most four hills.,semantics,quantifiers,superlative_quantifiers_1,True,False,False,False,696,-64.9644546508789,-68.67216491699219,1
No association respects fewer than two rivers.,No association respects at most two rivers.,semantics,quantifiers,superlative_quantifiers_1,True,False,False,False,697,-52.140708923339844,-53.76874542236328,1
No sweater can annoy fewer than ten guys.,No sweater can annoy at most ten guys.,semantics,quantifiers,superlative_quantifiers_1,True,False,False,False,698,-60.44919967651367,-64.37924194335938,1
No waiter respects more than two patients.,No waiter respects at least two patients.,semantics,quantifiers,superlative_quantifiers_1,True,False,False,False,699,-47.098487854003906,-47.22624206542969,1
No actor had thought about more than two chairs.,No actor had thought about at least two chairs.,semantics,quantifiers,superlative_quantifiers_1,True,False,False,False,700,-51.88556671142578,-52.73270034790039,1
No guest hides more than five windows.,No guest hides at least five windows.,semantics,quantifiers,superlative_quantifiers_1,True,False,False,False,701,-47.61847686767578,-49.614471435546875,1
No mushroom astounded more than ten committees.,No mushroom astounded at least ten committees.,semantics,quantifiers,superlative_quantifiers_1,True,False,False,False,702,-61.31239700317383,-62.44831848144531,1
No snake climbs down fewer than eight mountains.,No snake climbs down at most eight mountains.,semantics,quantifiers,superlative_quantifiers_1,True,False,False,False,703,-60.31531524658203,-61.339935302734375,1
No teenager liked more than two apples.,No teenager liked at least two apples.,semantics,quantifiers,superlative_quantifiers_1,True,False,False,False,704,-47.791595458984375,-48.627071380615234,1
No child cleaned more than nine grocery stores.,No child cleaned at least nine grocery stores.,semantics,quantifiers,superlative_quantifiers_1,True,False,False,False,705,-53.618675231933594,-52.17848205566406,0
No pedestrian has appreciated more than ten stories.,No pedestrian has appreciated at least ten stories.,semantics,quantifiers,superlative_quantifiers_1,True,False,False,False,706,-49.526424407958984,-51.944801330566406,1
No committee had disgusted fewer than four actors.,No committee had disgusted at most four actors.,semantics,quantifiers,superlative_quantifiers_1,True,False,False,False,707,-59.43671417236328,-61.260398864746094,1
No patient hates fewer than seven girls.,No patient hates at most seven girls.,semantics,quantifiers,superlative_quantifiers_1,True,False,False,False,708,-49.36734390258789,-53.55769729614258,1
No library was buying fewer than two blouses.,No library was buying at most two blouses.,semantics,quantifiers,superlative_quantifiers_1,True,False,False,False,709,-62.22736358642578,-64.27299499511719,1
No senator researches fewer than three legislatures.,No senator researches at most three legislatures.,semantics,quantifiers,superlative_quantifiers_1,True,False,False,False,710,-65.64134216308594,-64.38433074951172,0
No popsicle was looking like fewer than nine paintings.,No popsicle was looking like at most nine paintings.,semantics,quantifiers,superlative_quantifiers_1,True,False,False,False,711,-74.89903259277344,-77.39035034179688,1
No waiter is arguing about more than nine stories.,No waiter is arguing about at least nine stories.,semantics,quantifiers,superlative_quantifiers_1,True,False,False,False,712,-59.08627700805664,-60.43269348144531,1
No senator examined more than five commentaries.,No senator examined at least five commentaries.,semantics,quantifiers,superlative_quantifiers_1,True,False,False,False,713,-62.07752990722656,-61.376014709472656,0
No customer disturbs more than six libraries.,No customer disturbs at least six libraries.,semantics,quantifiers,superlative_quantifiers_1,True,False,False,False,714,-57.48979187011719,-58.62665557861328,1
No girl cured fewer than five snakes.,No girl cured at most five snakes.,semantics,quantifiers,superlative_quantifiers_1,True,False,False,False,715,-57.483306884765625,-60.25857162475586,1
No girl has walked through more than two closets.,No girl has walked through at least two closets.,semantics,quantifiers,superlative_quantifiers_1,True,False,False,False,716,-56.956417083740234,-58.76848220825195,1
No teenager criticizes more than seven pedestrians.,No teenager criticizes at least seven pedestrians.,semantics,quantifiers,superlative_quantifiers_1,True,False,False,False,717,-59.2938232421875,-62.60944366455078,1
No cashier has watched more than nine patients.,No cashier has watched at least nine patients.,semantics,quantifiers,superlative_quantifiers_1,True,False,False,False,718,-58.91954040527344,-60.34016799926758,1
No painting looks like fewer than seven customers.,No painting looks like at most seven customers.,semantics,quantifiers,superlative_quantifiers_1,True,False,False,False,719,-54.26924514770508,-56.87726593017578,1
No pedestrian is thinking about fewer than five sweaters.,No pedestrian is thinking about at most five sweaters.,semantics,quantifiers,superlative_quantifiers_1,True,False,False,False,720,-64.17749786376953,-68.67536163330078,1
No senator investigates fewer than seven students.,No senator investigates at most seven students.,semantics,quantifiers,superlative_quantifiers_1,True,False,False,False,721,-51.84770584106445,-54.96121597290039,1
No woman has lifted more than two restaurants.,No woman has lifted at least two restaurants.,semantics,quantifiers,superlative_quantifiers_1,True,False,False,False,722,-44.628204345703125,-46.26903533935547,1
No painting had looked like more than three customers.,No painting had looked like at least three customers.,semantics,quantifiers,superlative_quantifiers_1,True,False,False,False,723,-55.70669174194336,-56.46944808959961,1
No actress was revealing more than nine mountains.,No actress was revealing at least nine mountains.,semantics,quantifiers,superlative_quantifiers_1,True,False,False,False,724,-51.66315460205078,-53.533748626708984,1
No teenager dropped by fewer than three art galleries.,No teenager dropped by at most three art galleries.,semantics,quantifiers,superlative_quantifiers_1,True,False,False,False,725,-65.14187622070312,-68.72518920898438,1
No waitress was breaking fewer than ten dishes.,No waitress was breaking at most ten dishes.,semantics,quantifiers,superlative_quantifiers_1,True,False,False,False,726,-57.8245964050293,-60.74848556518555,1
No adult disliked more than ten mountains.,No adult disliked at least ten mountains.,semantics,quantifiers,superlative_quantifiers_1,True,False,False,False,727,-48.212554931640625,-51.42801284790039,1
No photograph is looking like more than five shirts.,No photograph is looking like at least five shirts.,semantics,quantifiers,superlative_quantifiers_1,True,False,False,False,728,-56.05323028564453,-56.390708923339844,1
No guest had scanned fewer than four documentaries.,No guest had scanned at most four documentaries.,semantics,quantifiers,superlative_quantifiers_1,True,False,False,False,729,-63.95030975341797,-65.53453826904297,1
No waitress respects more than four senators.,No waitress respects at least four senators.,semantics,quantifiers,superlative_quantifiers_1,True,False,False,False,730,-53.4039421081543,-54.02104949951172,1
No school should criticize more than six movies.,No school should criticize at least six movies.,semantics,quantifiers,superlative_quantifiers_1,True,False,False,False,731,-49.08769226074219,-53.0290641784668,1
No doctor skates around more than two glaciers.,No doctor skates around at least two glaciers.,semantics,quantifiers,superlative_quantifiers_1,True,False,False,False,732,-60.576744079589844,-60.64690399169922,1
No senator has upset fewer than four governments.,No senator has upset at most four governments.,semantics,quantifiers,superlative_quantifiers_1,True,False,False,False,733,-56.25189208984375,-58.32569122314453,1
No eggplant looked like fewer than seven pictures.,No eggplant looked like at most seven pictures.,semantics,quantifiers,superlative_quantifiers_1,True,False,False,False,734,-66.96270751953125,-69.57323455810547,1
No child is boycotting more than four college campuses.,No child is boycotting at least four college campuses.,semantics,quantifiers,superlative_quantifiers_1,True,False,False,False,735,-67.07728576660156,-67.12543487548828,1
No person was boring fewer than two customers.,No person was boring at most two customers.,semantics,quantifiers,superlative_quantifiers_1,True,False,False,False,736,-53.02122497558594,-54.31277847290039,1
No legislature helped fewer than five guests.,No legislature helped at most five guests.,semantics,quantifiers,superlative_quantifiers_1,True,False,False,False,737,-49.36662673950195,-52.60639190673828,1
No adult describes fewer than four high schools.,No adult describes at most four high schools.,semantics,quantifiers,superlative_quantifiers_1,True,False,False,False,738,-55.38850402832031,-59.90426254272461,1
No pedestrian cured fewer than eight adults.,No pedestrian cured at most eight adults.,semantics,quantifiers,superlative_quantifiers_1,True,False,False,False,739,-56.686370849609375,-58.463958740234375,1
No actress will attack more than seven waiters.,No actress will attack at least seven waiters.,semantics,quantifiers,superlative_quantifiers_1,True,False,False,False,740,-62.76829528808594,-62.93858337402344,1
No guy observed more than three people.,No guy observed at least three people.,semantics,quantifiers,superlative_quantifiers_1,True,False,False,False,741,-39.56013488769531,-39.79282760620117,1
No waiter questions more than seven committees.,No waiter questions at least seven committees.,semantics,quantifiers,superlative_quantifiers_1,True,False,False,False,742,-51.38711166381836,-52.112972259521484,1
No man heals fewer than ten girls.,No man heals at most ten girls.,semantics,quantifiers,superlative_quantifiers_1,True,False,False,False,743,-52.580291748046875,-53.74817657470703,1
No story sounds like fewer than four public parks.,No story sounds like at most four public parks.,semantics,quantifiers,superlative_quantifiers_1,True,False,False,False,744,-57.89142608642578,-61.26838684082031,1
No girl has complained about more than four doctors.,No girl has complained about at least four doctors.,semantics,quantifiers,superlative_quantifiers_1,True,False,False,False,745,-53.22235107421875,-55.47037124633789,1
No student was complaining about more than four documentaries.,No student was complaining about at least four documentaries.,semantics,quantifiers,superlative_quantifiers_1,True,False,False,False,746,-53.28703308105469,-56.39684295654297,1
No girl is fleeing from fewer than two drivers.,No girl is fleeing from at most two drivers.,semantics,quantifiers,superlative_quantifiers_1,True,False,False,False,747,-59.12339401245117,-64.21163940429688,1
No truck is aggravating fewer than three associations.,No truck is aggravating at most three associations.,semantics,quantifiers,superlative_quantifiers_1,True,False,False,False,748,-61.883262634277344,-64.95604705810547,1
No lady was walking through more than ten libraries.,No lady was walking through at least ten libraries.,semantics,quantifiers,superlative_quantifiers_1,True,False,False,False,749,-55.32072448730469,-58.733158111572266,1
No girl was arriving at more than two libraries.,No girl was arriving at at least two libraries.,semantics,quantifiers,superlative_quantifiers_1,True,False,False,False,750,-49.80723571777344,-51.747589111328125,1
No guy returned to fewer than three cafes.,No guy returned to at most three cafes.,semantics,quantifiers,superlative_quantifiers_1,True,False,False,False,751,-53.501312255859375,-55.449302673339844,1
No waiter had researched fewer than five photographs.,No waiter had researched at most five photographs.,semantics,quantifiers,superlative_quantifiers_1,True,False,False,False,752,-62.39432907104492,-65.0660171508789,1
No actress was attacking fewer than seven guests.,No actress was attacking at most seven guests.,semantics,quantifiers,superlative_quantifiers_1,True,False,False,False,753,-56.818946838378906,-58.75001525878906,1
No man was concealing fewer than seven stairs.,No man was concealing at most seven stairs.,semantics,quantifiers,superlative_quantifiers_1,True,False,False,False,754,-65.28974151611328,-67.94789123535156,1
No customer was disgusting fewer than three senators.,No customer was disgusting at most three senators.,semantics,quantifiers,superlative_quantifiers_1,True,False,False,False,755,-60.22938537597656,-60.87394714355469,1
No customer has biked to fewer than four restaurants.,No customer has biked to at most four restaurants.,semantics,quantifiers,superlative_quantifiers_1,True,False,False,False,756,-66.23698425292969,-70.15679168701172,1
No pedestrian observed fewer than three doctors.,No pedestrian observed at most three doctors.,semantics,quantifiers,superlative_quantifiers_1,True,False,False,False,757,-52.428680419921875,-54.69522476196289,1
No actress can respect fewer than seven malls.,No actress can respect at most seven malls.,semantics,quantifiers,superlative_quantifiers_1,True,False,False,False,758,-64.63212585449219,-66.48892974853516,1
No teenager has worn more than six pants.,No teenager has worn at least six pants.,semantics,quantifiers,superlative_quantifiers_1,True,False,False,False,759,-50.92810821533203,-50.718406677246094,0
No student skated around fewer than ten lakes.,No student skated around at most ten lakes.,semantics,quantifiers,superlative_quantifiers_1,True,False,False,False,760,-63.92236328125,-67.63201904296875,1
No actor is noticing fewer than three drivers.,No actor is noticing at most three drivers.,semantics,quantifiers,superlative_quantifiers_1,True,False,False,False,761,-49.31842041015625,-53.01304626464844,1
No actor loved more than three adults.,No actor loved at least three adults.,semantics,quantifiers,superlative_quantifiers_1,True,False,False,False,762,-40.87489318847656,-43.03196716308594,1
No waiter hires more than nine doctors.,No waiter hires at least nine doctors.,semantics,quantifiers,superlative_quantifiers_1,True,False,False,False,763,-53.332862854003906,-54.13329315185547,1
No cashier scans fewer than seven commentaries.,No cashier scans at most seven commentaries.,semantics,quantifiers,superlative_quantifiers_1,True,False,False,False,764,-77.4161376953125,-77.73526000976562,1
No dancer had sold fewer than seven lamps.,No dancer had sold at most seven lamps.,semantics,quantifiers,superlative_quantifiers_1,True,False,False,False,765,-60.52509307861328,-61.926246643066406,1
No dancer flees from more than four senators.,No dancer flees from at least four senators.,semantics,quantifiers,superlative_quantifiers_1,True,False,False,False,766,-60.91035461425781,-64.90904235839844,1
No library was embarrassing more than four teenagers.,No library was embarrassing at least four teenagers.,semantics,quantifiers,superlative_quantifiers_1,True,False,False,False,767,-51.71223068237305,-51.64437484741211,0
No organization has fewer than three vases.,No organization has at most three vases.,semantics,quantifiers,superlative_quantifiers_1,True,False,False,False,768,-49.312156677246094,-54.12867736816406,1
No lady did lift more than eight dresses.,No lady did lift at least eight dresses.,semantics,quantifiers,superlative_quantifiers_1,True,False,False,False,769,-55.702606201171875,-56.803070068359375,1
No pedestrian passes more than two high schools.,No pedestrian passes at least two high schools.,semantics,quantifiers,superlative_quantifiers_1,True,False,False,False,770,-49.84626770019531,-51.82184600830078,1
No dancer had escaped from fewer than four grocery stores.,No dancer had escaped from at most four grocery stores.,semantics,quantifiers,superlative_quantifiers_1,True,False,False,False,771,-71.75048065185547,-74.59135437011719,1
No skirt embarrassed fewer than two children.,No skirt embarrassed at most two children.,semantics,quantifiers,superlative_quantifiers_1,True,False,False,False,772,-51.752220153808594,-52.45818328857422,1
No child shocked more than seven universities.,No child shocked at least seven universities.,semantics,quantifiers,superlative_quantifiers_1,True,False,False,False,773,-47.70280838012695,-48.77244186401367,1
No girl is passing fewer than eight schools.,No girl is passing at most eight schools.,semantics,quantifiers,superlative_quantifiers_1,True,False,False,False,774,-53.48979949951172,-53.721778869628906,1
No patient has climbed down fewer than ten hills.,No patient has climbed down at most ten hills.,semantics,quantifiers,superlative_quantifiers_1,True,False,False,False,775,-60.41007995605469,-62.08232116699219,1
No actress loved more than six ladies.,No actress loved at least six ladies.,semantics,quantifiers,superlative_quantifiers_1,True,False,False,False,776,-45.13556671142578,-47.816917419433594,1
No school hates fewer than two pedestrians.,No school hates at most two pedestrians.,semantics,quantifiers,superlative_quantifiers_1,True,False,False,False,777,-51.114810943603516,-54.54370880126953,1
No child bought fewer than nine public parks.,No child bought at most nine public parks.,semantics,quantifiers,superlative_quantifiers_1,True,False,False,False,778,-60.229881286621094,-60.90425491333008,1
No woman has dropped by more than ten rivers.,No woman has dropped by at least ten rivers.,semantics,quantifiers,superlative_quantifiers_1,True,False,False,False,779,-52.62504959106445,-55.95771026611328,1
No fish had bored fewer than seven men.,No fish had bored at most seven men.,semantics,quantifiers,superlative_quantifiers_1,True,False,False,False,780,-56.2955207824707,-56.461246490478516,1
No teenager would skate around fewer than four lakes.,No teenager would skate around at most four lakes.,semantics,quantifiers,superlative_quantifiers_1,True,False,False,False,781,-65.20213317871094,-66.88141632080078,1
No organization was helping more than three boys.,No organization was helping at least three boys.,semantics,quantifiers,superlative_quantifiers_1,True,False,False,False,782,-44.90102767944336,-47.64459991455078,1
No girl can see more than three cucumbers.,No girl can see at least three cucumbers.,semantics,quantifiers,superlative_quantifiers_1,True,False,False,False,783,-49.249542236328125,-52.79407501220703,1
No actress talks to fewer than four cashiers.,No actress talks to at most four cashiers.,semantics,quantifiers,superlative_quantifiers_1,True,False,False,False,784,-66.6849365234375,-70.5106201171875,1
No guy has messed up more than seven college campuses.,No guy has messed up at least seven college campuses.,semantics,quantifiers,superlative_quantifiers_1,True,False,False,False,785,-61.93238830566406,-60.57374572753906,0
No child is talking to fewer than nine people.,No child is talking to at most nine people.,semantics,quantifiers,superlative_quantifiers_1,True,False,False,False,786,-53.059967041015625,-56.192806243896484,1
No cashier is researching fewer than two high schools.,No cashier is researching at most two high schools.,semantics,quantifiers,superlative_quantifiers_1,True,False,False,False,787,-69.67979431152344,-72.84266662597656,1
No customer hired more than five adults.,No customer hired at least five adults.,semantics,quantifiers,superlative_quantifiers_1,True,False,False,False,788,-42.22373962402344,-44.404029846191406,1
No driver cured fewer than two guys.,No driver cured at most two guys.,semantics,quantifiers,superlative_quantifiers_1,True,False,False,False,789,-50.24599838256836,-52.93022537231445,1
No wheelbarrow bored fewer than three waitresses.,No wheelbarrow bored at most three waitresses.,semantics,quantifiers,superlative_quantifiers_1,True,False,False,False,790,-85.3758316040039,-84.25770568847656,0
No customer exits more than three schools.,No customer exits at least three schools.,semantics,quantifiers,superlative_quantifiers_1,True,False,False,False,791,-40.59859085083008,-40.3741455078125,0
No guy is dropping by more than five banks.,No guy is dropping by at least five banks.,semantics,quantifiers,superlative_quantifiers_1,True,False,False,False,792,-51.538177490234375,-53.35819625854492,1
No student lifted fewer than eight stairs.,No student lifted at most eight stairs.,semantics,quantifiers,superlative_quantifiers_1,True,False,False,False,793,-54.13494873046875,-55.98237228393555,1
No teenager might see fewer than two eggplants.,No teenager might see at most two eggplants.,semantics,quantifiers,superlative_quantifiers_1,True,False,False,False,794,-69.5612564086914,-74.53089904785156,1
No driver found more than eight patients.,No driver found at least eight patients.,semantics,quantifiers,superlative_quantifiers_1,True,False,False,False,795,-39.863189697265625,-41.46322250366211,1
No lady did think about more than ten photographs.,No lady did think about at least ten photographs.,semantics,quantifiers,superlative_quantifiers_1,True,False,False,False,796,-53.05536651611328,-55.610023498535156,1
No teenager had bored fewer than seven senators.,No teenager had bored at most seven senators.,semantics,quantifiers,superlative_quantifiers_1,True,False,False,False,797,-61.86381912231445,-61.78586959838867,0
No screen scares fewer than five men.,No screen scares at most five men.,semantics,quantifiers,superlative_quantifiers_1,True,False,False,False,798,-50.88069534301758,-51.73720932006836,1
No box has impressed more than two people.,No box has impressed at least two people.,semantics,quantifiers,superlative_quantifiers_1,True,False,False,False,799,-46.213653564453125,-45.677894592285156,0
No lady has disliked fewer than four people.,No lady has disliked at most four people.,semantics,quantifiers,superlative_quantifiers_1,True,False,False,False,800,-51.73341369628906,-54.546966552734375,1
No guy wore fewer than ten coats.,No guy wore at most ten coats.,semantics,quantifiers,superlative_quantifiers_1,True,False,False,False,801,-49.47187042236328,-50.916664123535156,1
No essay worried fewer than ten committees.,No essay worried at most ten committees.,semantics,quantifiers,superlative_quantifiers_1,True,False,False,False,802,-54.082130432128906,-56.93239974975586,1
No student had known fewer than five teenagers.,No student had known at most five teenagers.,semantics,quantifiers,superlative_quantifiers_1,True,False,False,False,803,-56.774261474609375,-56.55655288696289,0
No guest should go to fewer than five lakes.,No guest should go to at most five lakes.,semantics,quantifiers,superlative_quantifiers_1,True,False,False,False,804,-57.779823303222656,-60.22069549560547,1
No boy did question more than three guests.,No boy did question at least three guests.,semantics,quantifiers,superlative_quantifiers_1,True,False,False,False,805,-48.63691329956055,-49.30497741699219,1
No cashier would find fewer than ten turtles.,No cashier would find at most ten turtles.,semantics,quantifiers,superlative_quantifiers_1,True,False,False,False,806,-64.14105224609375,-67.58135986328125,1
No person was questioning more than nine organizations.,No person was questioning at least nine organizations.,semantics,quantifiers,superlative_quantifiers_1,True,False,False,False,807,-50.42742919921875,-51.302425384521484,1
No hospital disturbed more than eight children.,No hospital disturbed at least eight children.,semantics,quantifiers,superlative_quantifiers_1,True,False,False,False,808,-47.668251037597656,-49.490745544433594,1
No hospital had argued about fewer than nine students.,No hospital had argued about at most nine students.,semantics,quantifiers,superlative_quantifiers_1,True,False,False,False,809,-66.15837860107422,-68.25066375732422,1
No nose looked like fewer than nine photographs.,No nose looked like at most nine photographs.,semantics,quantifiers,superlative_quantifiers_1,True,False,False,False,810,-59.33452224731445,-61.60398483276367,1
No driver has admired more than three restaurants.,No driver has admired at least three restaurants.,semantics,quantifiers,superlative_quantifiers_1,True,False,False,False,811,-44.4705810546875,-47.54356384277344,1
No waitress does hire more than two actors.,No waitress does hire at least two actors.,semantics,quantifiers,superlative_quantifiers_1,True,False,False,False,812,-55.03962326049805,-57.161285400390625,1
No popsicle astounded fewer than five men.,No popsicle astounded at most five men.,semantics,quantifiers,superlative_quantifiers_1,True,False,False,False,813,-72.0373764038086,-73.1355972290039,1
No hill disturbed fewer than ten adults.,No hill disturbed at most ten adults.,semantics,quantifiers,superlative_quantifiers_1,True,False,False,False,814,-58.345458984375,-59.716522216796875,1
No waitress is talking to more than three teenagers.,No waitress is talking to at least three teenagers.,semantics,quantifiers,superlative_quantifiers_1,True,False,False,False,815,-53.378334045410156,-54.92078399658203,1
No actress has questioned fewer than nine organizations.,No actress has questioned at most nine organizations.,semantics,quantifiers,superlative_quantifiers_1,True,False,False,False,816,-58.778167724609375,-61.255714416503906,1
No patient is exiting more than four art galleries.,No patient is exiting at least four art galleries.,semantics,quantifiers,superlative_quantifiers_1,True,False,False,False,817,-58.65061569213867,-61.369285583496094,1
No person descends fewer than ten ladders.,No person descends at most ten ladders.,semantics,quantifiers,superlative_quantifiers_1,True,False,False,False,818,-65.82023620605469,-68.46631622314453,1
No patient was noticing more than four malls.,No patient was noticing at least four malls.,semantics,quantifiers,superlative_quantifiers_1,True,False,False,False,819,-51.5494384765625,-54.43187713623047,1
No adult hid more than six doctors.,No adult hid at least six doctors.,semantics,quantifiers,superlative_quantifiers_1,True,False,False,False,820,-46.15007781982422,-48.941001892089844,1
No driver concealed fewer than five teachers.,No driver concealed at most five teachers.,semantics,quantifiers,superlative_quantifiers_1,True,False,False,False,821,-49.24797058105469,-53.006072998046875,1
No doctor discusses more than two movies.,No doctor discusses at least two movies.,semantics,quantifiers,superlative_quantifiers_1,True,False,False,False,822,-42.96281814575195,-44.96101379394531,1
No museum did take more than two prints.,No museum did take at least two prints.,semantics,quantifiers,superlative_quantifiers_1,True,False,False,False,823,-50.85286331176758,-54.24043273925781,1
No hospital does remember more than five libraries.,No hospital does remember at least five libraries.,semantics,quantifiers,superlative_quantifiers_1,True,False,False,False,824,-53.34751892089844,-55.327667236328125,1
No bird should climb down fewer than four slopes.,No bird should climb down at most four slopes.,semantics,quantifiers,superlative_quantifiers_1,True,False,False,False,825,-64.54573822021484,-65.34243774414062,1
No guest broke fewer than eight couches.,No guest broke at most eight couches.,semantics,quantifiers,superlative_quantifiers_1,True,False,False,False,826,-59.99177169799805,-60.26866149902344,1
No student is watching more than eight waiters.,No student is watching at least eight waiters.,semantics,quantifiers,superlative_quantifiers_1,True,False,False,False,827,-59.961097717285156,-60.81498718261719,1
No doctor could research fewer than five lakes.,No doctor could research at most five lakes.,semantics,quantifiers,superlative_quantifiers_1,True,False,False,False,828,-58.67950439453125,-59.71054458618164,1
No picture looked like more than seven eggplants.,No picture looked like at least seven eggplants.,semantics,quantifiers,superlative_quantifiers_1,True,False,False,False,829,-64.98194122314453,-68.58226013183594,1
No customer should discover more than nine waitresses.,No customer should discover at least nine waitresses.,semantics,quantifiers,superlative_quantifiers_1,True,False,False,False,830,-65.36603546142578,-68.39260864257812,1
No pedestrian had loved more than five customers.,No pedestrian had loved at least five customers.,semantics,quantifiers,superlative_quantifiers_1,True,False,False,False,831,-52.56230163574219,-53.26735305786133,1
No school had appreciated more than three banks.,No school had appreciated at least three banks.,semantics,quantifiers,superlative_quantifiers_1,True,False,False,False,832,-46.36151885986328,-47.265541076660156,1
No person might reference fewer than four teenagers.,No person might reference at most four teenagers.,semantics,quantifiers,superlative_quantifiers_1,True,False,False,False,833,-56.200958251953125,-57.89394760131836,1
No child returns to fewer than six cashiers.,No child returns to at most six cashiers.,semantics,quantifiers,superlative_quantifiers_1,True,False,False,False,834,-62.005043029785156,-65.35118103027344,1
No waitress observes fewer than ten doctors.,No waitress observes at most ten doctors.,semantics,quantifiers,superlative_quantifiers_1,True,False,False,False,835,-61.49299621582031,-63.11875915527344,1
No dancer sounded like more than five art galleries.,No dancer sounded like at least five art galleries.,semantics,quantifiers,superlative_quantifiers_1,True,False,False,False,836,-62.01048278808594,-64.36886596679688,1
No woman messed up more than three gloves.,No woman messed up at least three gloves.,semantics,quantifiers,superlative_quantifiers_1,True,False,False,False,837,-50.845767974853516,-50.17744445800781,0
No waitress had worn more than seven jackets.,No waitress had worn at least seven jackets.,semantics,quantifiers,superlative_quantifiers_1,True,False,False,False,838,-58.242332458496094,-57.758827209472656,0
No cake had worried more than ten boys.,No cake had worried at least ten boys.,semantics,quantifiers,superlative_quantifiers_1,True,False,False,False,839,-52.32347869873047,-54.68968963623047,1
No boy worked with more than ten waitresses.,No boy worked with at least ten waitresses.,semantics,quantifiers,superlative_quantifiers_1,True,False,False,False,840,-60.944068908691406,-65.58665466308594,1
No government discusses more than five actresses.,No government discusses at least five actresses.,semantics,quantifiers,superlative_quantifiers_1,True,False,False,False,841,-48.01014709472656,-51.147377014160156,1
No student is questioning more than four teenagers.,No student is questioning at least four teenagers.,semantics,quantifiers,superlative_quantifiers_1,True,False,False,False,842,-48.021690368652344,-49.23345947265625,1
No teenager should lift fewer than seven newspaper articles.,No teenager should lift at most seven newspaper articles.,semantics,quantifiers,superlative_quantifiers_1,True,False,False,False,843,-70.10214233398438,-72.34323120117188,1
No cafe will bore more than seven men.,No cafe will bore at least seven men.,semantics,quantifiers,superlative_quantifiers_1,True,False,False,False,844,-53.360870361328125,-56.445228576660156,1
No adult escaped from fewer than three people.,No adult escaped from at most three people.,semantics,quantifiers,superlative_quantifiers_1,True,False,False,False,845,-51.65028381347656,-56.48089599609375,1
No waitress would break fewer than eight trucks.,No waitress would break at most eight trucks.,semantics,quantifiers,superlative_quantifiers_1,True,False,False,False,846,-59.56230163574219,-59.96391296386719,1
No teacher does heal more than two cashiers.,No teacher does heal at least two cashiers.,semantics,quantifiers,superlative_quantifiers_1,True,False,False,False,847,-62.75862121582031,-64.57552337646484,1
No lady complains about more than ten senators.,No lady complains about at least ten senators.,semantics,quantifiers,superlative_quantifiers_1,True,False,False,False,848,-56.537811279296875,-59.67705154418945,1
No guy has fled from more than two grocery stores.,No guy has fled from at least two grocery stores.,semantics,quantifiers,superlative_quantifiers_1,True,False,False,False,849,-57.282806396484375,-58.863075256347656,1
No pedestrian helps more than five ladies.,No pedestrian helps at least five ladies.,semantics,quantifiers,superlative_quantifiers_1,True,False,False,False,850,-45.55011749267578,-47.18400192260742,1
No actor exited more than nine art galleries.,No actor exited at least nine art galleries.,semantics,quantifiers,superlative_quantifiers_1,True,False,False,False,851,-58.820777893066406,-59.802040100097656,1
No boy went to more than three museums.,No boy went to at least three museums.,semantics,quantifiers,superlative_quantifiers_1,True,False,False,False,852,-44.87046813964844,-47.07023620605469,1
No boy was arriving at fewer than seven closets.,No boy was arriving at at most seven closets.,semantics,quantifiers,superlative_quantifiers_1,True,False,False,False,853,-61.54896545410156,-64.32206726074219,1
No guest messed up fewer than two forks.,No guest messed up at most two forks.,semantics,quantifiers,superlative_quantifiers_1,True,False,False,False,854,-58.1168327331543,-58.54086685180664,1
No man admires fewer than four closets.,No man admires at most four closets.,semantics,quantifiers,superlative_quantifiers_1,True,False,False,False,855,-69.16166687011719,-69.33546447753906,1
No shawl was stunning more than six governments.,No shawl was stunning at least six governments.,semantics,quantifiers,superlative_quantifiers_1,True,False,False,False,856,-68.30607604980469,-68.635498046875,1
No pedestrian has admired fewer than six cups.,No pedestrian has admired at most six cups.,semantics,quantifiers,superlative_quantifiers_1,True,False,False,False,857,-57.08476257324219,-60.31294250488281,1
No guy researches fewer than nine mountains.,No guy researches at most nine mountains.,semantics,quantifiers,superlative_quantifiers_1,True,False,False,False,858,-61.7206916809082,-60.864013671875,0
No student is fixing more than two carts.,No student is fixing at least two carts.,semantics,quantifiers,superlative_quantifiers_1,True,False,False,False,859,-50.05280303955078,-50.0003662109375,0
No boy might sound like more than five movie theaters.,No boy might sound like at least five movie theaters.,semantics,quantifiers,superlative_quantifiers_1,True,False,False,False,860,-64.01908874511719,-64.20741271972656,1
No hospital might help more than nine adults.,No hospital might help at least nine adults.,semantics,quantifiers,superlative_quantifiers_1,True,False,False,False,861,-51.019134521484375,-53.62559127807617,1
No driver conceals more than nine commentaries.,No driver conceals at least nine commentaries.,semantics,quantifiers,superlative_quantifiers_1,True,False,False,False,862,-68.61874389648438,-67.05955505371094,0
No vase was shocking fewer than five teenagers.,No vase was shocking at most five teenagers.,semantics,quantifiers,superlative_quantifiers_1,True,False,False,False,863,-62.4344482421875,-64.0035171508789,1
No guest was ascending more than seven hills.,No guest was ascending at least seven hills.,semantics,quantifiers,superlative_quantifiers_1,True,False,False,False,864,-58.4383544921875,-58.7022819519043,1
No patient should question fewer than six committees.,No patient should question at most six committees.,semantics,quantifiers,superlative_quantifiers_1,True,False,False,False,865,-58.737831115722656,-59.745601654052734,1
No senator was wearing fewer than five scarves.,No senator was wearing at most five scarves.,semantics,quantifiers,superlative_quantifiers_1,True,False,False,False,866,-65.2259750366211,-68.21695709228516,1
No actress does boycott more than five glaciers.,No actress does boycott at least five glaciers.,semantics,quantifiers,superlative_quantifiers_1,True,False,False,False,867,-63.133262634277344,-62.80579376220703,0
No student was working with fewer than three students.,No student was working with at most three students.,semantics,quantifiers,superlative_quantifiers_1,True,False,False,False,868,-47.13194274902344,-50.75939178466797,1
No teacher does dislike fewer than six boys.,No teacher does dislike at most six boys.,semantics,quantifiers,superlative_quantifiers_1,True,False,False,False,869,-58.21917724609375,-61.08180236816406,1
No pedestrian was biking to more than nine high schools.,No pedestrian was biking to at least nine high schools.,semantics,quantifiers,superlative_quantifiers_1,True,False,False,False,870,-64.68563842773438,-67.34259796142578,1
No customer should drive to more than eight libraries.,No customer should drive to at least eight libraries.,semantics,quantifiers,superlative_quantifiers_1,True,False,False,False,871,-53.15491485595703,-54.378501892089844,1
No boy has returned to more than five ladies.,No boy has returned to at least five ladies.,semantics,quantifiers,superlative_quantifiers_1,True,False,False,False,872,-50.415245056152344,-50.54166030883789,1
No customer had concealed fewer than four grocery stores.,No customer had concealed at most four grocery stores.,semantics,quantifiers,superlative_quantifiers_1,True,False,False,False,873,-61.63165283203125,-65.48737335205078,1
No girl hid more than ten windows.,No girl hid at least ten windows.,semantics,quantifiers,superlative_quantifiers_1,True,False,False,False,874,-48.102073669433594,-50.58476638793945,1
No dress embarrassed fewer than eight pedestrians.,No dress embarrassed at most eight pedestrians.,semantics,quantifiers,superlative_quantifiers_1,True,False,False,False,875,-60.348602294921875,-59.27767562866211,0
No fish resembles more than seven pictures.,No fish resembles at least seven pictures.,semantics,quantifiers,superlative_quantifiers_1,True,False,False,False,876,-43.428977966308594,-46.97338104248047,1
No guy discovers more than seven skirts.,No guy discovers at least seven skirts.,semantics,quantifiers,superlative_quantifiers_1,True,False,False,False,877,-46.31049346923828,-49.506256103515625,1
No senator can conceal more than eight actresses.,No senator can conceal at least eight actresses.,semantics,quantifiers,superlative_quantifiers_1,True,False,False,False,878,-58.40959167480469,-61.54505157470703,1
No guy had investigated fewer than five universities.,No guy had investigated at most five universities.,semantics,quantifiers,superlative_quantifiers_1,True,False,False,False,879,-56.968162536621094,-57.92583465576172,1
No rug was hurting fewer than seven women.,No rug was hurting at most seven women.,semantics,quantifiers,superlative_quantifiers_1,True,False,False,False,880,-55.57492446899414,-59.08268737792969,1
No senator might see fewer than seven planes.,No senator might see at most seven planes.,semantics,quantifiers,superlative_quantifiers_1,True,False,False,False,881,-55.15262222290039,-59.413509368896484,1
No patient describes more than ten banks.,No patient describes at least ten banks.,semantics,quantifiers,superlative_quantifiers_1,True,False,False,False,882,-43.489585876464844,-47.9123420715332,1
No guest will drop by more than two college campuses.,No guest will drop by at least two college campuses.,semantics,quantifiers,superlative_quantifiers_1,True,False,False,False,883,-61.42317199707031,-63.593414306640625,1
No legislature likes fewer than six pants.,No legislature likes at most six pants.,semantics,quantifiers,superlative_quantifiers_1,True,False,False,False,884,-54.96811294555664,-55.56050109863281,1
No man was cleaning fewer than seven chairs.,No man was cleaning at most seven chairs.,semantics,quantifiers,superlative_quantifiers_1,True,False,False,False,885,-56.62539291381836,-57.863792419433594,1
No photograph had upset more than seven hospitals.,No photograph had upset at least seven hospitals.,semantics,quantifiers,superlative_quantifiers_1,True,False,False,False,886,-56.59131622314453,-57.34874725341797,1
No waitress would cure more than ten dancers.,No waitress would cure at least ten dancers.,semantics,quantifiers,superlative_quantifiers_1,True,False,False,False,887,-56.233131408691406,-59.38633346557617,1
No child scans more than ten documentaries.,No child scans at least ten documentaries.,semantics,quantifiers,superlative_quantifiers_1,True,False,False,False,888,-50.7174072265625,-50.1526985168457,0
No driver might hug more than five cashiers.,No driver might hug at least five cashiers.,semantics,quantifiers,superlative_quantifiers_1,True,False,False,False,889,-61.31342697143555,-61.805362701416016,1
No guest had discussed more than two documentaries.,No guest had discussed at least two documentaries.,semantics,quantifiers,superlative_quantifiers_1,True,False,False,False,890,-53.49232482910156,-54.06636428833008,1
No senator has driven to fewer than ten schools.,No senator has driven to at most ten schools.,semantics,quantifiers,superlative_quantifiers_1,True,False,False,False,891,-57.56654357910156,-60.5550537109375,1
No cashier had gone to more than seven mountains.,No cashier had gone to at least seven mountains.,semantics,quantifiers,superlative_quantifiers_1,True,False,False,False,892,-66.51240539550781,-69.1166763305664,1
No senator did explore fewer than five movie theaters.,No senator did explore at most five movie theaters.,semantics,quantifiers,superlative_quantifiers_1,True,False,False,False,893,-70.87892150878906,-71.82315063476562,1
No man can flee from more than nine mountains.,No man can flee from at least nine mountains.,semantics,quantifiers,superlative_quantifiers_1,True,False,False,False,894,-56.640647888183594,-58.577110290527344,1
No driver has skated around fewer than nine banks.,No driver has skated around at most nine banks.,semantics,quantifiers,superlative_quantifiers_1,True,False,False,False,895,-68.04043579101562,-70.4803466796875,1
No museum disturbed more than two hospitals.,No museum disturbed at least two hospitals.,semantics,quantifiers,superlative_quantifiers_1,True,False,False,False,896,-49.996055603027344,-52.13886642456055,1
No cashier will kiss fewer than three girls.,No cashier will kiss at most three girls.,semantics,quantifiers,superlative_quantifiers_1,True,False,False,False,897,-67.12541198730469,-68.90924072265625,1
No pedestrian breaks more than ten plates.,No pedestrian breaks at least ten plates.,semantics,quantifiers,superlative_quantifiers_1,True,False,False,False,898,-44.615570068359375,-47.14590072631836,1
No waiter is dropping by more than two grocery stores.,No waiter is dropping by at least two grocery stores.,semantics,quantifiers,superlative_quantifiers_1,True,False,False,False,899,-60.357452392578125,-61.72123718261719,1
No book had sounded like fewer than three banks.,No book had sounded like at most three banks.,semantics,quantifiers,superlative_quantifiers_1,True,False,False,False,900,-59.63268280029297,-62.1866569519043,1
No guest walks through more than four cafes.,No guest walks through at least four cafes.,semantics,quantifiers,superlative_quantifiers_1,True,False,False,False,901,-49.2067985534668,-53.886573791503906,1
No girl did buy more than ten rugs.,No girl did buy at least ten rugs.,semantics,quantifiers,superlative_quantifiers_1,True,False,False,False,902,-50.890289306640625,-56.09857940673828,1
No girl researches fewer than six movie theaters.,No girl researches at most six movie theaters.,semantics,quantifiers,superlative_quantifiers_1,True,False,False,False,903,-72.10350799560547,-71.0599365234375,0
No coat is distracting more than two adults.,No coat is distracting at least two adults.,semantics,quantifiers,superlative_quantifiers_1,True,False,False,False,904,-49.075233459472656,-48.72724914550781,0
No lady can conceal more than two reports.,No lady can conceal at least two reports.,semantics,quantifiers,superlative_quantifiers_1,True,False,False,False,905,-47.936729431152344,-49.596641540527344,1
No book sounded like more than six cashiers.,No book sounded like at least six cashiers.,semantics,quantifiers,superlative_quantifiers_1,True,False,False,False,906,-60.03566360473633,-62.165740966796875,1
No dancer discusses fewer than seven art galleries.,No dancer discusses at most seven art galleries.,semantics,quantifiers,superlative_quantifiers_1,True,False,False,False,907,-62.878334045410156,-67.35907745361328,1
No teacher had gone to fewer than seven public parks.,No teacher had gone to at most seven public parks.,semantics,quantifiers,superlative_quantifiers_1,True,False,False,False,908,-64.25407409667969,-66.70431518554688,1
No company is describing fewer than nine reports.,No company is describing at most nine reports.,semantics,quantifiers,superlative_quantifiers_1,True,False,False,False,909,-53.642982482910156,-57.58485412597656,1
No carriage was confusing fewer than four adults.,No carriage was confusing at most four adults.,semantics,quantifiers,superlative_quantifiers_1,True,False,False,False,910,-56.79542541503906,-59.82698440551758,1
No boy messed up more than seven glasses.,No boy messed up at least seven glasses.,semantics,quantifiers,superlative_quantifiers_1,True,False,False,False,911,-51.263877868652344,-51.40522384643555,1
No teenager climbed up fewer than three mountains.,No teenager climbed up at most three mountains.,semantics,quantifiers,superlative_quantifiers_1,True,False,False,False,912,-55.81145477294922,-55.215946197509766,0
No actress had examined fewer than four movies.,No actress had examined at most four movies.,semantics,quantifiers,superlative_quantifiers_1,True,False,False,False,913,-58.56669998168945,-59.97958755493164,1
No teenager could love fewer than eight reports.,No teenager could love at most eight reports.,semantics,quantifiers,superlative_quantifiers_1,True,False,False,False,914,-56.59812927246094,-57.037353515625,1
No car aggravated more than five teachers.,No car aggravated at least five teachers.,semantics,quantifiers,superlative_quantifiers_1,True,False,False,False,915,-48.112857818603516,-49.13520431518555,1
No fish has ascended more than nine slopes.,No fish has ascended at least nine slopes.,semantics,quantifiers,superlative_quantifiers_1,True,False,False,False,916,-55.24205780029297,-54.814937591552734,0
No driver questions fewer than five senators.,No driver questions at most five senators.,semantics,quantifiers,superlative_quantifiers_1,True,False,False,False,917,-51.913211822509766,-50.786834716796875,0
No teacher discovers more than three plays.,No teacher discovers at least three plays.,semantics,quantifiers,superlative_quantifiers_1,True,False,False,False,918,-45.85374450683594,-48.48882293701172,1
No woman disgusted more than six committees.,No woman disgusted at least six committees.,semantics,quantifiers,superlative_quantifiers_1,True,False,False,False,919,-50.689823150634766,-53.47901153564453,1
No lady toured more than five grocery stores.,No lady toured at least five grocery stores.,semantics,quantifiers,superlative_quantifiers_1,True,False,False,False,920,-51.87818908691406,-52.97999572753906,1
No carriage had shocked fewer than three adults.,No carriage had shocked at most three adults.,semantics,quantifiers,superlative_quantifiers_1,True,False,False,False,921,-59.853511810302734,-59.42301559448242,0
No woman explores fewer than two malls.,No woman explores at most two malls.,semantics,quantifiers,superlative_quantifiers_1,True,False,False,False,922,-53.92455291748047,-57.44651794433594,1
No man skates around more than nine public parks.,No man skates around at least nine public parks.,semantics,quantifiers,superlative_quantifiers_1,True,False,False,False,923,-65.60124206542969,-66.36416625976562,1
No hospital fires more than five drivers.,No hospital fires at least five drivers.,semantics,quantifiers,superlative_quantifiers_1,True,False,False,False,924,-44.94865036010742,-44.765037536621094,0
No waitress broke more than nine trucks.,No waitress broke at least nine trucks.,semantics,quantifiers,superlative_quantifiers_1,True,False,False,False,925,-49.303123474121094,-50.18700408935547,1
No person boasts about more than six commentaries.,No person boasts about at least six commentaries.,semantics,quantifiers,superlative_quantifiers_1,True,False,False,False,926,-65.3122329711914,-67.96455383300781,1
No person saw more than two dresses.,No person saw at least two dresses.,semantics,quantifiers,superlative_quantifiers_1,True,False,False,False,927,-41.45165252685547,-43.13146209716797,1
No actress has ascended fewer than six slopes.,No actress has ascended at most six slopes.,semantics,quantifiers,superlative_quantifiers_1,True,False,False,False,928,-60.20998764038086,-61.71552658081055,1
No school was firing more than four people.,No school was firing at least four people.,semantics,quantifiers,superlative_quantifiers_1,True,False,False,False,929,-42.9285888671875,-44.342430114746094,1
No guy does hate more than eight teenagers.,No guy does hate at least eight teenagers.,semantics,quantifiers,superlative_quantifiers_1,True,False,False,False,930,-52.19205093383789,-54.87366485595703,1
No actress has seen more than two people.,No actress has seen at least two people.,semantics,quantifiers,superlative_quantifiers_1,True,False,False,False,931,-39.53852844238281,-41.73518753051758,1
No guest should work with fewer than two doctors.,No guest should work with at most two doctors.,semantics,quantifiers,superlative_quantifiers_1,True,False,False,False,932,-56.642295837402344,-61.77676010131836,1
No committee had talked about fewer than nine students.,No committee had talked about at most nine students.,semantics,quantifiers,superlative_quantifiers_1,True,False,False,False,933,-58.740699768066406,-61.376556396484375,1
No hospital took more than three restaurants.,No hospital took at least three restaurants.,semantics,quantifiers,superlative_quantifiers_1,True,False,False,False,934,-40.56704330444336,-44.20811462402344,1
No university would shock fewer than seven teachers.,No university would shock at most seven teachers.,semantics,quantifiers,superlative_quantifiers_1,True,False,False,False,935,-60.426795959472656,-61.033714294433594,1
No senator runs around more than seven grocery stores.,No senator runs around at least seven grocery stores.,semantics,quantifiers,superlative_quantifiers_1,True,False,False,False,936,-55.907310485839844,-58.961891174316406,1
No adult had talked to fewer than ten pedestrians.,No adult had talked to at most ten pedestrians.,semantics,quantifiers,superlative_quantifiers_1,True,False,False,False,937,-62.90523147583008,-66.45025634765625,1
No organization likes fewer than seven lamps.,No organization likes at most seven lamps.,semantics,quantifiers,superlative_quantifiers_1,True,False,False,False,938,-53.63419723510742,-54.440086364746094,1
No boy passes fewer than five college campuses.,No boy passes at most five college campuses.,semantics,quantifiers,superlative_quantifiers_1,True,False,False,False,939,-61.0128288269043,-62.171730041503906,1
No patient did research more than nine reports.,No patient did research at least nine reports.,semantics,quantifiers,superlative_quantifiers_1,True,False,False,False,940,-53.72277069091797,-54.68458938598633,1
No driver did question fewer than ten museums.,No driver did question at most ten museums.,semantics,quantifiers,superlative_quantifiers_1,True,False,False,False,941,-59.880271911621094,-60.0496826171875,1
No teacher scares fewer than nine customers.,No teacher scares at most nine customers.,semantics,quantifiers,superlative_quantifiers_1,True,False,False,False,942,-57.032989501953125,-56.23174285888672,0
No student watches fewer than ten men.,No student watches at most ten men.,semantics,quantifiers,superlative_quantifiers_1,True,False,False,False,943,-49.59558868408203,-49.99275207519531,1
No coat was disturbing more than eight banks.,No coat was disturbing at least eight banks.,semantics,quantifiers,superlative_quantifiers_1,True,False,False,False,944,-54.44715881347656,-55.560211181640625,1
No guest was hugging fewer than eight doctors.,No guest was hugging at most eight doctors.,semantics,quantifiers,superlative_quantifiers_1,True,False,False,False,945,-62.9389533996582,-62.687652587890625,0
No guy boycotted fewer than ten public parks.,No guy boycotted at most ten public parks.,semantics,quantifiers,superlative_quantifiers_1,True,False,False,False,946,-78.05892944335938,-78.2113037109375,1
No woman is breaking more than six couches.,No woman is breaking at least six couches.,semantics,quantifiers,superlative_quantifiers_1,True,False,False,False,947,-52.760841369628906,-54.55263900756836,1
No waiter had ascended fewer than eight hills.,No waiter had ascended at most eight hills.,semantics,quantifiers,superlative_quantifiers_1,True,False,False,False,948,-66.59672546386719,-65.4205322265625,0
No actress has scanned fewer than seven newspaper articles.,No actress has scanned at most seven newspaper articles.,semantics,quantifiers,superlative_quantifiers_1,True,False,False,False,949,-68.94146728515625,-71.67115020751953,1
No customer would see more than nine eggplants.,No customer would see at least nine eggplants.,semantics,quantifiers,superlative_quantifiers_1,True,False,False,False,950,-62.95313262939453,-66.91162109375,1
No company should hate fewer than two waiters.,No company should hate at most two waiters.,semantics,quantifiers,superlative_quantifiers_1,True,False,False,False,951,-66.76414489746094,-70.43804931640625,1
No man had toured more than five libraries.,No man had toured at least five libraries.,semantics,quantifiers,superlative_quantifiers_1,True,False,False,False,952,-52.45375061035156,-52.6564826965332,1
No patient is cleaning fewer than ten college campuses.,No patient is cleaning at most ten college campuses.,semantics,quantifiers,superlative_quantifiers_1,True,False,False,False,953,-66.46119689941406,-67.24835968017578,1
No actor was annoying more than nine guests.,No actor was annoying at least nine guests.,semantics,quantifiers,superlative_quantifiers_1,True,False,False,False,954,-50.243896484375,-50.177520751953125,0
No student discovers more than three museums.,No student discovers at least three museums.,semantics,quantifiers,superlative_quantifiers_1,True,False,False,False,955,-44.460060119628906,-47.387535095214844,1
No adult hired more than two dancers.,No adult hired at least two dancers.,semantics,quantifiers,superlative_quantifiers_1,True,False,False,False,956,-44.17938232421875,-46.64418029785156,1
No woman healed more than three waitresses.,No woman healed at least three waitresses.,semantics,quantifiers,superlative_quantifiers_1,True,False,False,False,957,-62.178993225097656,-63.50300598144531,1
No lady arrives at more than six art galleries.,No lady arrives at at least six art galleries.,semantics,quantifiers,superlative_quantifiers_1,True,False,False,False,958,-57.890777587890625,-61.019569396972656,1
No teacher is visiting more than four women.,No teacher is visiting at least four women.,semantics,quantifiers,superlative_quantifiers_1,True,False,False,False,959,-44.34617614746094,-46.380821228027344,1
No student is disgusting more than ten people.,No student is disgusting at least ten people.,semantics,quantifiers,superlative_quantifiers_1,True,False,False,False,960,-47.590171813964844,-47.563682556152344,0
No person was praising more than eight reports.,No person was praising at least eight reports.,semantics,quantifiers,superlative_quantifiers_1,True,False,False,False,961,-50.40068817138672,-52.10419464111328,1
No teenager drives to more than ten college campuses.,No teenager drives to at least ten college campuses.,semantics,quantifiers,superlative_quantifiers_1,True,False,False,False,962,-63.081390380859375,-66.32461547851562,1
No student is selling fewer than nine rabbits.,No student is selling at most nine rabbits.,semantics,quantifiers,superlative_quantifiers_1,True,False,False,False,963,-55.66343688964844,-57.00395202636719,1
No lady hires more than four waitresses.,No lady hires at least four waitresses.,semantics,quantifiers,superlative_quantifiers_1,True,False,False,False,964,-62.84001922607422,-63.75592803955078,1
No child was examining fewer than six stories.,No child was examining at most six stories.,semantics,quantifiers,superlative_quantifiers_1,True,False,False,False,965,-55.34588623046875,-56.05710220336914,1
No guy might bring fewer than six mushrooms.,No guy might bring at most six mushrooms.,semantics,quantifiers,superlative_quantifiers_1,True,False,False,False,966,-55.42903137207031,-58.13880157470703,1
No actress was distracting more than six doctors.,No actress was distracting at least six doctors.,semantics,quantifiers,superlative_quantifiers_1,True,False,False,False,967,-51.32685852050781,-52.735572814941406,1
No teacher could boycott more than ten mountains.,No teacher could boycott at least ten mountains.,semantics,quantifiers,superlative_quantifiers_1,True,False,False,False,968,-55.424713134765625,-56.53162384033203,1
No waiter had explored fewer than four cafes.,No waiter had explored at most four cafes.,semantics,quantifiers,superlative_quantifiers_1,True,False,False,False,969,-62.02826690673828,-63.42283630371094,1
No woman is escaping from more than eight actresses.,No woman is escaping from at least eight actresses.,semantics,quantifiers,superlative_quantifiers_1,True,False,False,False,970,-61.51224136352539,-63.834449768066406,1
No story is irritating more than ten organizations.,No story is irritating at least ten organizations.,semantics,quantifiers,superlative_quantifiers_1,True,False,False,False,971,-49.26201248168945,-49.940284729003906,1
No boy bought more than six mushrooms.,No boy bought at least six mushrooms.,semantics,quantifiers,superlative_quantifiers_1,True,False,False,False,972,-44.9703369140625,-48.03974914550781,1
No actress had remembered fewer than seven guests.,No actress had remembered at most seven guests.,semantics,quantifiers,superlative_quantifiers_1,True,False,False,False,973,-57.60821533203125,-58.6669921875,1
No customer reveals fewer than five teachers.,No customer reveals at most five teachers.,semantics,quantifiers,superlative_quantifiers_1,True,False,False,False,974,-49.683387756347656,-53.279212951660156,1
No guest did watch more than six women.,No guest did watch at least six women.,semantics,quantifiers,superlative_quantifiers_1,True,False,False,False,975,-50.59967803955078,-53.46221923828125,1
No commentary was bothering more than three cashiers.,No commentary was bothering at least three cashiers.,semantics,quantifiers,superlative_quantifiers_1,True,False,False,False,976,-62.077789306640625,-61.71549606323242,0
No driver helps fewer than four doctors.,No driver helps at most four doctors.,semantics,quantifiers,superlative_quantifiers_1,True,False,False,False,977,-47.21996307373047,-51.09992980957031,1
No teenager was complaining about more than ten cashiers.,No teenager was complaining about at least ten cashiers.,semantics,quantifiers,superlative_quantifiers_1,True,False,False,False,978,-65.26400756835938,-67.27781677246094,1
No actress is walking through fewer than seven closets.,No actress is walking through at most seven closets.,semantics,quantifiers,superlative_quantifiers_1,True,False,False,False,979,-67.0879898071289,-71.19152069091797,1
No adult skates around more than nine glaciers.,No adult skates around at least nine glaciers.,semantics,quantifiers,superlative_quantifiers_1,True,False,False,False,980,-61.75968933105469,-62.270050048828125,1
No guy had found more than four trucks.,No guy had found at least four trucks.,semantics,quantifiers,superlative_quantifiers_1,True,False,False,False,981,-45.0559196472168,-46.224422454833984,1
No photograph looks like fewer than eight photographs.,No photograph looks like at most eight photographs.,semantics,quantifiers,superlative_quantifiers_1,True,False,False,False,982,-55.367610931396484,-58.47574996948242,1
No boy arrives at fewer than seven mountains.,No boy arrives at at most seven mountains.,semantics,quantifiers,superlative_quantifiers_1,True,False,False,False,983,-54.150142669677734,-57.860877990722656,1
No legislature helped fewer than eight dancers.,No legislature helped at most eight dancers.,semantics,quantifiers,superlative_quantifiers_1,True,False,False,False,984,-53.711753845214844,-56.493980407714844,1
No child could sound like fewer than two commentaries.,No child could sound like at most two commentaries.,semantics,quantifiers,superlative_quantifiers_1,True,False,False,False,985,-71.38584899902344,-74.82514953613281,1
No lady was bringing more than two sweaters.,No lady was bringing at least two sweaters.,semantics,quantifiers,superlative_quantifiers_1,True,False,False,False,986,-51.48545455932617,-53.58671569824219,1
No patient should take fewer than five coats.,No patient should take at most five coats.,semantics,quantifiers,superlative_quantifiers_1,True,False,False,False,987,-48.90176773071289,-53.11418151855469,1
No child climbed down more than four steps.,No child climbed down at least four steps.,semantics,quantifiers,superlative_quantifiers_1,True,False,False,False,988,-46.64300537109375,-47.483802795410156,1
No art gallery disturbed fewer than eight libraries.,No art gallery disturbed at most eight libraries.,semantics,quantifiers,superlative_quantifiers_1,True,False,False,False,989,-67.8187255859375,-68.46045684814453,1
No dog descends more than seven slopes.,No dog descends at least seven slopes.,semantics,quantifiers,superlative_quantifiers_1,True,False,False,False,990,-54.58406448364258,-54.98421096801758,1
No mountain alarmed more than ten waiters.,No mountain alarmed at least ten waiters.,semantics,quantifiers,superlative_quantifiers_1,True,False,False,False,991,-60.923274993896484,-62.09471130371094,1
No girl has fewer than two mouths.,No girl has at most two mouths.,semantics,quantifiers,superlative_quantifiers_1,True,False,False,False,992,-45.01183319091797,-51.1076774597168,1
No driver exited more than six hospitals.,No driver exited at least six hospitals.,semantics,quantifiers,superlative_quantifiers_1,True,False,False,False,993,-46.581565856933594,-47.945274353027344,1
No waitress has described fewer than four public parks.,No waitress has described at most four public parks.,semantics,quantifiers,superlative_quantifiers_1,True,False,False,False,994,-64.41645812988281,-66.90693664550781,1
No customer has exited more than five grocery stores.,No customer has exited at least five grocery stores.,semantics,quantifiers,superlative_quantifiers_1,True,False,False,False,995,-54.76433563232422,-55.564571380615234,1
No play has upset fewer than nine organizations.,No play has upset at most nine organizations.,semantics,quantifiers,superlative_quantifiers_1,True,False,False,False,996,-58.18539047241211,-59.099205017089844,1
No dancer was biking to fewer than two schools.,No dancer was biking to at most two schools.,semantics,quantifiers,superlative_quantifiers_1,True,False,False,False,997,-61.18385314941406,-64.15511322021484,1
No lake disturbs fewer than seven children.,No lake disturbs at most seven children.,semantics,quantifiers,superlative_quantifiers_1,True,False,False,False,998,-61.49249267578125,-64.23141479492188,1
No drawing looked like fewer than nine senators.,No drawing looked like at most nine senators.,semantics,quantifiers,superlative_quantifiers_1,True,False,False,False,999,-61.299739837646484,-64.27012634277344,1
